Branch PC,Accuracy,Mispredictions,Correct Predictions,Total,dir_t_pred_t,dir_t_pred_nt,dir_nt_pred_t,dir_nt_pred_nt
aggregate,97.4004%,824462,30890498,31714960,15203695,402488,421974,15686803
0xb3009e,83.6261%,8744,44658,53402,41397,1912,6832,3261
0x40d4a5,92.7124%,8384,106660,115044,34492,4594,3790,72168
0x40d59c,95.9056%,7700,180363,188063,155014,3522,4178,25349
0x40d1a7,90.3358%,4858,45410,50268,36163,2361,2497,9247
0x40f719,94.8174%,3913,71589,75502,64967,1482,2431,6622
0x40d412,96.7685%,3868,115828,119696,110241,1464,2404,5587
0xb300a7,64.2624%,3607,6486,10093,4969,1472,2135,1517
0x8e8980,98.7716%,3430,275795,279225,268869,974,2456,6926
0x40d406,97.5939%,3429,139081,142510,20879,1935,1494,118202
0x8fe29e,87.9564%,3407,24882,28289,5910,1832,1575,18972
0x8d0bc0,98.629%,3290,236684,239974,230223,653,2637,6461
0x6435e8,86.5039%,3040,19485,22525,9635,1299,1741,9850
0xb2fcc5,92.1828%,2364,27877,30241,6112,1610,754,21765
0x610da8,76.7112%,2334,7688,10022,4434,964,1370,3254
0x406cfd,95.4768%,2236,47198,49434,149,1942,294,47049
0x8fe2bf,92.5063%,2214,27331,29545,9184,1157,1057,18147
0xb3aaae,98.0823%,2182,111600,113782,103555,826,1356,8045
0x812510,95.9568%,2159,51239,53398,46596,657,1502,4643
0x40ce06,93.182%,2099,28687,30786,10100,1253,846,18587
0x40d59e,92.9488%,2082,27445,29527,7992,1073,1009,19453
0x5343d5,85.9594%,2062,12624,14686,4998,742,1320,7626
0xb2e7b1,74.323%,2048,5928,7976,2908,1051,997,3020
0xb2fd1a,88.4465%,2014,15418,17432,13585,834,1180,1833
0xb2e605,93.2237%,1982,27267,29249,6919,1076,906,20348
0xb2ff8d,82.5354%,1897,8965,10862,7430,683,1214,1535
0x40d589,99.1314%,1893,216051,217944,28883,998,895,187168
0x40d5a9,94.8072%,1887,34452,36339,14745,1165,722,19707
0x596c97,66.1334%,1884,3679,5563,2503,818,1066,1176
0x643691,81.8553%,1864,8409,10273,1396,1104,760,7013
0x81a6d4,86.0025%,1825,11213,13038,5607,912,913,5606
0x40d97b,84.6401%,1814,9996,11810,4416,955,859,5580
0xb2fab5,93.736%,1784,26696,28480,6648,1001,783,20048
0x814246,86.8027%,1779,11701,13480,5888,1021,758,5813
0x49b303,79.2279%,1754,6690,8444,2475,933,821,4215
0x8141a1,95.8477%,1695,39126,40821,35803,566,1129,3323
0x81a650,95.9174%,1686,39611,41297,35468,615,1071,4143
0x8b9b8a,88.13%,1665,12362,14027,3558,1076,589,8804
0x8eacb0,99.0341%,1658,169992,171650,165243,559,1099,4749
0x820983,71.2286%,1644,4070,5714,2844,700,944,1226
0xb2e68f,92.4061%,1614,19640,21254,5654,882,732,13986
0xb2fad5,92.2615%,1612,19219,20831,11687,759,853,7532
0x406cf4,97.6571%,1608,67026,68634,18238,962,646,48788
0xb0b57d,84.0902%,1601,8462,10063,3223,860,741,5239
0x49b223,81.2648%,1582,6862,8444,2503,905,677,4359
0xb2dfee,87.8312%,1566,11303,12869,1977,742,824,9326
0x8ed200,99.0958%,1552,170098,171650,165310,492,1060,4788
0x534473,89.4679%,1540,13082,14622,4966,689,851,8116
0x40dcab,82.298%,1496,6955,8451,1667,926,570,5288
0x5114ed,87.4748%,1489,10399,11888,2602,796,693,7797
0x596c66,79.4829%,1484,5749,7233,625,1045,439,5124
0x53da78,78.2686%,1471,5298,6769,2714,726,745,2584
0x643219,97.7866%,1458,64414,65872,63997,323,1135,417
0xb2dfa0,88.7326%,1450,11419,12869,10800,530,920,619
0xb2fe64,75.3937%,1422,4357,5779,811,944,478,3546
0x6434d1,82.391%,1414,6616,8030,5800,347,1067,816
0x8157d8,88.3154%,1381,10438,11819,8268,412,969,2170
0xb2fcfc,90.0282%,1380,12459,13839,7925,570,810,4534
0xb0ba8f,84.3469%,1377,7420,8797,3076,773,604,4344
0x53da2f,85.999%,1363,8372,9735,2130,836,527,6242
0x8ff799,94.8438%,1345,24740,26085,16207,628,717,8533
0x40d365,98.1331%,1338,70330,71668,68675,476,862,1655
0xb3aa85,88.5079%,1334,10274,11608,1590,617,717,8684
0x8124f9,90.3612%,1329,12459,13788,7235,408,921,5224
0x596ec6,65.0119%,1318,2449,3767,1502,637,681,947
0xb2dee8,83.806%,1302,6738,8040,1095,794,508,5643
0xb3aaba,96.8521%,1300,39997,41297,33401,437,863,6596
0x40f7b7,96.8024%,1259,38114,39373,7750,678,581,30364
0x404d98,88.4566%,1255,9617,10872,6384,504,751,3233
0x8189f1,96.9998%,1239,40058,41297,35590,493,746,4468
0xb2df79,90.5043%,1222,11647,12869,1079,810,412,10568
0x40d03f,90.3688%,1217,11419,12636,3642,604,613,7777
0xb30284,81.2607%,1207,5234,6441,3846,574,633,1388
0x80caf3,84.3275%,1206,6489,7695,5660,400,806,829
0xb2fb4a,93.4075%,1203,17045,18248,10384,578,625,6661
0x90057f,94.0405%,1191,18794,19985,13429,480,711,5365
0x40f894,96.9776%,1190,38183,39373,8056,451,739,30127
0x64b6d8,95.4104%,1186,24655,25841,16322,588,598,8333
0x40d185,93.7431%,1185,17754,18939,7226,586,599,10528
0x8ff789,96.2447%,1178,30191,31369,4686,598,580,25505
0x909b04,92.1185%,1163,13593,14756,8276,621,542,5317
0x5523df,67.0364%,1159,2357,3516,1270,598,561,1087
0x405162,90.9796%,1151,11609,12760,3720,758,393,7889
0xa333d0,97.2116%,1149,40057,41206,38035,400,749,2022
0x596ec0,79.3816%,1147,4416,5563,1011,785,362,3405
0x8e88fb,93.3719%,1145,16130,17275,6668,634,511,9462
0x8124d1,92.2425%,1135,13496,14631,12108,324,811,1388
0x40d19f,98.1489%,1133,60073,61206,10369,569,564,49704
0x812650,96.9839%,1130,36336,37466,32996,358,772,3340
0xa334c0,99.0464%,1124,116742,117866,111415,298,826,5327
0x404d6c,93.8921%,1123,17263,18386,5278,692,431,11985
0x821626,94.6661%,1123,19931,21054,2512,627,496,17419
0x41016a,89.5604%,1121,9617,10738,3904,514,607,5713
0x8fe538,79.808%,1115,4407,5522,2086,507,608,2321
0x40d5af,94.5421%,1115,19314,20429,15409,468,647,3905
0x814184,90.0251%,1114,10054,11168,6283,433,681,3771
0x8fe459,89.2697%,1099,9143,10242,7753,432,667,1390
0x50fe0e,95.4056%,1084,22510,23594,21032,459,625,1478
0xa33220,95.3368%,1084,22162,23246,20888,290,794,1274
0x40d350,98.4889%,1083,70585,71668,42565,492,591,28020
0x5114f8,87.3263%,1076,7414,8490,3614,522,554,3800
0x8227d8,89.9981%,1061,9547,10608,4059,621,440,5488
0x40d414,86.7851%,1056,6935,7991,2029,581,475,4906
0x8ed2d0,97.0633%,1028,33977,35005,33833,131,897,144
0x40dbf3,87.8476%,1027,7424,8451,1536,642,385,5888
0x81a634,90.8545%,1020,10133,11153,5554,385,635,4579
0x40d95e,91.3802%,1018,10792,11810,3723,574,444,7069
0xb2e75a,87.3671%,1010,6985,7995,6413,343,667,572
0x8eada0,97.1347%,1003,34002,35005,33830,134,869,172
0x640254,90.2974%,995,9260,10255,4078,606,389,5182
0x53e303,87.9633%,984,7191,8175,4022,435,549,3169
0x8ed3d9,74.8586%,978,2912,3890,2302,363,615,610
0xb2fe57,88.5815%,970,7525,8495,2058,658,312,5467
0x814367,86.0182%,966,5943,6909,2246,516,450,3697
0x5387d3,86.5726%,952,6138,7090,2283,446,506,3855
0x53e43b,88.3792%,950,7225,8175,1280,622,328,5945
0x596c48,88.5268%,947,7307,8254,4234,554,393,3073
0x51b5ae,87.68%,941,6697,7638,1793,570,371,4904
0x8fdeb8,97.4838%,934,36185,37119,2082,575,359,34103
0x552173,82.2055%,923,4264,5187,1684,413,510,2580
0x402919,97.324%,923,33569,34492,24546,390,533,9023
0x8157a3,95.2568%,919,18456,19375,7966,387,532,10490
0x537b45,80.7871%,908,3818,4726,792,603,305,3026
0x40dbbb,90.8692%,895,8907,9802,7995,456,439,912
0x537f8e,73.1912%,893,2438,3331,568,546,347,1870
0xb2fd2b,70.4281%,891,2122,3013,873,485,406,1249
0x54fed8,68.8312%,888,1961,2849,959,444,444,1002
0x8d0b76,91.5365%,883,9550,10433,4942,490,393,4608
0xb3aa0c,98.6293%,880,63319,64199,11156,452,428,52163
0x53de0b,92.0474%,872,10093,10965,5950,452,420,4143
0x81a5fc,92.6262%,869,10916,11785,9940,220,649,976
0xb2e818,89.1299%,867,7109,7976,4542,310,557,2567
0x5345e3,87.9432%,857,6251,7108,2383,401,456,3868
0xb2fb30,95.78%,848,19247,20095,1361,486,362,17886
0x40db8b,89.9197%,841,7502,8343,671,625,216,6831
0xb2fe8d,79.672%,818,3206,4024,2197,443,375,1009
0x8d9cd0,97.2116%,818,28518,29336,28036,167,651,482
0x51c7cb,88.84%,811,6456,7267,1803,449,362,4653
0x54fe93,73.0872%,809,2197,3006,1124,433,376,1073
0x8189d3,92.8719%,795,10358,11153,5677,262,533,4681
0x4885c5,74.7218%,795,2350,3145,1386,389,406,964
0x488dc7,86.3294%,781,4932,5713,1508,493,288,3424
0x8ff3a6,87.1376%,772,5230,6002,2472,347,425,2758
0xab28ac,91.2317%,771,8022,8793,938,505,266,7084
0x50380e,82.3989%,766,3586,4352,2733,258,508,853
0x8eba00,98.9949%,753,74165,74918,71821,256,497,2344
0x40d429,90.1401%,753,6884,7637,4857,320,433,2027
0x40d2b3,98.9643%,751,71759,72510,70209,336,415,1550
0xb3aa12,98.5739%,750,51841,52591,40921,376,374,10920
0x48a6f5,77.2283%,746,2530,3276,737,417,329,1793
0x404d91,93.9493%,744,11552,12296,828,596,148,10724
0x8e89a2,94.6707%,742,13181,13923,10050,341,401,3131
0x8fe4d3,92.7706%,740,9496,10236,7705,322,418,1791
0x81de08,89.4278%,739,6251,6990,3900,310,429,2351
0x40d5ef,91.3737%,736,7796,8532,2526,350,386,5270
0x40d5b8,91.9029%,734,8331,9065,6899,309,425,1432
0xa35580,97.199%,726,25193,25919,24877,139,587,316
0x6387ec,80.7219%,721,3019,3740,1468,401,320,1551
0x40f7a0,97.8298%,719,32411,33130,1843,421,298,30568
0x53fe50,85.5242%,718,4242,4960,2084,417,301,2158
0x596f18,85.3284%,717,4170,4887,3707,259,458,463
0x596d23,78.5005%,714,2607,3321,1402,344,370,1205
0x8d0baa,93.1689%,709,9670,10379,5912,353,356,3758
0x48d6dc,84.1575%,708,3761,4469,1498,409,299,2263
0x49e754,85.5884%,703,4175,4878,1684,272,431,2491
0x48a255,88.5227%,700,5399,6099,1666,418,282,3733
0x8dedd9,79.2857%,696,2664,3360,950,364,332,1714
0x48a07b,93.155%,696,9472,10168,5760,412,284,3712
0xb2e7e3,82.6985%,695,3322,4017,2552,313,382,770
0x502c71,81.1151%,691,2968,3659,771,392,299,2197
0x8b95f8,98.3734%,685,41427,42112,34477,231,454,6950
0x81c6f0,94.9183%,684,12776,13460,6220,319,365,6556
0x48d830,84.6964%,683,3780,4463,2293,309,374,1487
0x534534,90.6164%,682,6586,7268,2512,384,298,4074
0x596ca0,69.8037%,677,1565,2242,521,379,298,1044
0x8e895b,95.1631%,676,13300,13976,7051,304,372,6249
0x51b40a,85.1779%,675,3879,4554,1018,408,267,2861
0x8ba34c,93.943%,665,10314,10979,847,495,170,9467
0x81414b,94.2511%,664,10886,11550,9976,194,470,910
0x8eac42,93.6379%,660,9714,10374,4537,299,361,5177
0x81899c,94.4166%,658,11127,11785,10013,147,511,1114
0xa027f0,85.0933%,655,3739,4394,2577,290,365,1162
0x53db17,86.2683%,655,4115,4770,2118,292,363,1997
0x8d9b10,98.5845%,655,45618,46273,43171,208,447,2447
0x808d27,93.1622%,650,8856,9506,715,513,137,8141
0x489cf2,93.5832%,649,9465,10114,5726,373,276,3739
0xb2fd0d,96.4909%,649,17846,18495,643,420,229,17203
0xb466f8,95.9098%,646,15148,15794,4400,327,319,10748
0xb0d512,78.626%,644,2369,3013,1263,201,443,1106
0xa02270,85.3437%,644,3750,4394,2580,287,357,1170
0x402acb,91.1599%,644,6641,7285,2614,364,280,4027
0x54f5c5,79.0796%,641,2423,3064,2082,205,436,341
0x8fc419,94.0991%,637,10158,10795,6439,264,373,3719
0x814257,90.3515%,634,5937,6571,4757,247,387,1180
0x55053b,94.1892%,631,10228,10859,6960,330,301,3268
0x5389e7,80.5187%,631,2608,3239,1447,316,315,1161
0x537be6,84.2461%,630,3369,3999,513,417,213,2856
0x900631,97.3863%,627,23362,23989,11913,356,271,11449
0x58fd95,92.8783%,625,8151,8776,1073,342,283,7078
0x51c7f1,87.5573%,624,4391,5015,1387,325,299,3004
0x488db4,93.4507%,621,8861,9482,3446,323,298,5415
0x812618,94.1741%,619,10006,10625,8853,164,455,1153
0x538615,90.0517%,616,5576,6192,1162,378,238,4414
0x81e360,97.7523%,612,26616,27228,25882,184,428,734
0xb0d478,73.495%,612,1697,2309,757,362,250,940
0x812638,93.8998%,611,9405,10016,5707,197,414,3698
0x40dcba,92.7819%,610,7841,8451,6489,270,340,1352
0x596edf,89.0527%,609,4954,5563,1648,363,246,3306
0x604755,97.2834%,606,21701,22307,21667,211,395,34
0x81454d,81.1174%,605,2599,3204,1431,328,277,1168
0x643615,94.7484%,596,10753,11349,3679,321,275,7074
0x820966,87.5498%,594,4177,4771,848,379,215,3329
0x643547,74.5902%,589,1729,2318,1368,186,403,361
0xb3aac4,90.0822%,579,5259,5838,4248,230,349,1011
0x604269,95.5625%,579,12469,13048,12454,130,449,15
0xb0c01e,88.0092%,574,4213,4787,934,300,274,3279
0x8ed1a5,94.4669%,574,9800,10374,4524,312,262,5276
0x8209ce,89.1717%,570,4694,5264,1334,386,184,3360
0x40f52d,98.9505%,570,53744,54314,12411,299,271,41333
0x604227,97.4288%,569,21561,22130,21466,200,369,95
0x8b9ab2,92.5371%,568,7043,7611,4948,285,283,2095
0x40d601,98.0797%,567,28960,29527,12889,348,219,16071
0x58fde5,92.2611%,562,6700,7262,4341,211,351,2359
0xa3a355,74.0157%,561,1598,2159,688,254,307,910
0x8fe8b5,90.5587%,561,5381,5942,1724,298,263,3657
0x8bc76b,97.708%,561,23915,24476,21982,230,331,1933
0x53e4e9,94.2411%,560,9164,9724,7832,286,274,1332
0x489d50,90.943%,559,5613,6172,1866,310,249,3747
0x404dd6,90.6868%,556,5414,5970,1855,295,261,3559
0x8a531e,83.7664%,556,2869,3425,1951,268,288,918
0xb3aabf,92.5459%,556,6903,7459,1294,327,229,5609
0xa0377e,94.9523%,555,10440,10995,4837,274,281,5603
0x40e016,96.2697%,555,14323,14878,9689,323,232,4634
0xb30316,88.9579%,551,4439,4990,3472,296,255,967
0x8e893c,93.7211%,544,8120,8664,5030,282,262,3090
0x609f38,91.8664%,543,6133,6676,444,353,190,5689
0x48a5cc,85.1355%,543,3110,3653,1858,344,199,1252
0x405288,91.1303%,543,5579,6122,1181,391,152,4398
0xb0d4c8,62.052%,540,883,1423,176,351,189,707
0x596f78,89.9196%,539,4808,5347,4477,151,388,331
0x54f6c4,89.4727%,537,4564,5101,2674,373,164,1890
0x8fe556,87.1887%,535,3641,4176,1079,300,235,2562
0x51b764,89.8957%,533,4742,5275,851,270,263,3891
0x41023b,92.5035%,533,6577,7110,728,229,304,5849
0x537b6c,84.0288%,532,2799,3331,821,293,239,1978
0x8ed1da,94.0061%,531,8328,8859,4322,224,307,4006
0xb0b3fe,89.5882%,531,4569,5100,1151,275,256,3418
0x643590,97.6426%,531,21994,22525,8819,225,306,13175
0x8bc889,97.6045%,529,21554,22083,16821,223,306,4733
0x90ef31,71.6209%,527,1330,1857,428,303,224,902
0x5114ad,97.7072%,527,22458,22985,4036,295,232,18422
0x8fc3f2,96.4457%,525,14246,14771,3002,290,235,11244
0xaab148,79.7135%,524,2059,2583,417,277,247,1642
0x40f7c3,98.3249%,524,30758,31282,30444,191,333,314
0x8e9b8c,88.4958%,517,3977,4494,563,360,157,3414
0x537f7e,89.0605%,517,4209,4726,1054,341,176,3155
0x8e9ef3,75.4762%,515,1585,2100,1166,228,287,419
0x40f53d,98.769%,511,40999,41510,1521,201,310,39478
0x81c64c,92.7309%,510,6506,7016,4910,200,310,1596
0xa4c449,91.9095%,508,5771,6279,593,341,167,5178
0x50f9b1,76.0716%,508,1615,2123,1237,206,302,378
0x40d2a7,99.38%,508,81424,81932,9201,221,287,72223
0x596f49,90.9042%,506,5057,5563,459,372,134,4598
0x8b9616,98.8008%,505,41607,42112,21459,219,286,20148
0x8f58a9,95.0738%,504,9727,10231,3448,297,207,6279
0x53503d,89.4561%,504,4276,4780,3104,278,226,1172
0x9098cc,72.9133%,503,1354,1857,613,279,224,741
0x8bcdd6,97.665%,503,21039,21542,12017,240,263,9022
0xa39340,76.6434%,501,1644,2145,1363,174,327,281
0xb30309,89.9599%,501,4489,4990,806,270,231,3683
0x807803,88.2339%,501,3757,4258,1971,238,263,1786
0x6436bd,96.2707%,501,12933,13434,4890,196,305,8043
0x90ed54,73.0749%,500,1357,1857,303,347,153,1054
0x5bd9e5,86.4924%,496,3176,3672,2317,163,333,859
0xa30a81,96.1968%,494,12495,12989,11629,149,345,866
0x5523f4,70.1456%,492,1156,1648,342,293,199,814
0x552a66,82.3529%,492,2296,2788,1106,272,220,1190
0x8fe2b6,98.4233%,487,30401,30888,1048,295,192,29353
0x596e40,72.1077%,487,1259,1746,130,327,160,1129
0x8196b8,93.3158%,484,6757,7241,5843,147,337,914
0x5114b2,97.4107%,483,18171,18654,11614,274,209,6557
0x812664,95.1877%,482,9534,10016,3823,340,142,5711
0x8ff3c3,89.0433%,481,3909,4390,1279,255,226,2630
0xa39798,78.3942%,479,1738,2217,1208,240,239,530
0x596ee4,86.5709%,477,3075,3552,605,357,120,2470
0x5fd969,91.7001%,476,5259,5735,3803,193,283,1456
0x942728,95.2899%,472,9549,10021,1435,255,217,8114
0x8da710,98.8621%,471,40922,41393,38632,147,324,2290
0x40f59e,96.7575%,471,14055,14526,10727,194,277,3328
0x9a9a8f,73.6813%,469,1313,1782,248,293,176,1065
0x90b9c1,90.4129%,469,4423,4892,3904,133,336,519
0x541321,94.0443%,468,7390,7858,562,246,222,6828
0x805960,98.5239%,467,31170,31637,30258,157,310,912
0x40294a,98.477%,466,30132,30598,20785,208,258,9347
0xb32253,98.4273%,465,29102,29567,635,304,161,28467
0x54f6fc,77.4099%,464,1590,2054,1183,159,305,407
0x8124f3,89.9109%,464,4135,4599,3089,154,310,1046
0xb30120,73.2215%,463,1266,1729,635,232,231,631
0x8eb7bb,83.854%,460,2389,2849,1593,219,241,796
0x8fe55f,91.5028%,458,4932,5390,355,292,166,4577
0x51b37a,83.192%,456,2257,2713,546,280,176,1711
0x537fec,90.3451%,456,4267,4723,3796,199,257,471
0xb2fbd2,75.3113%,456,1391,1847,856,206,250,535
0xa3343b,96.4863%,454,12467,12921,6403,265,189,6064
0x502ef9,93.9737%,453,7064,7517,1501,266,187,5563
0x53fe5f,74.0379%,452,1289,1741,322,270,182,967
0xa3335b,91.5387%,452,4890,5342,3653,193,259,1237
0xa565e0,93.7465%,452,6776,7228,6593,108,344,183
0x58f7d4,93.4304%,451,6414,6865,911,218,233,5503
0x8eac8b,94.9091%,451,8408,8859,4349,197,254,4059
0x80728c,97.282%,450,16106,16556,1632,232,218,14474
0xb2e02b,94.4154%,449,7591,8040,7086,150,299,505
0x48cf5b,77.4372%,449,1541,1990,879,242,207,662
0x49e198,77.2704%,448,1523,1971,528,260,188,995
0x40cf54,97.2942%,446,16037,16483,6125,257,189,9912
0x81c6d3,97.6073%,446,18194,18640,4858,252,194,13336
0xa331bb,86.4479%,446,2845,3291,1959,201,245,886
0x820949,91.5464%,445,4819,5264,4627,144,301,192
0x53fe59,82.0252%,442,2017,2459,452,266,176,1565
0x49e184,86.7129%,441,2878,3319,1143,205,236,1735
0x819621,95.8207%,440,10088,10528,10028,54,386,60
0x8d9c75,84.3382%,439,2364,2803,482,270,169,1882
0x8eadf5,74.6154%,429,1261,1690,309,269,160,952
0x596f03,78.7171%,428,1583,2011,1159,176,252,424
0x58f7e4,92.5384%,428,5308,5736,3388,167,261,1920
0x77ff6e,73.5149%,428,1188,1616,189,300,128,999
0x5576c5,90.9725%,427,4303,4730,4043,171,256,260
0x8ea966,74.7337%,427,1263,1690,1081,122,305,182
0x51c2b4,85.9862%,427,2620,3047,1033,168,259,1587
0x552196,71.9737%,426,1094,1520,274,248,178,820
0x900540,98.2364%,426,23729,24155,3154,255,171,20575
0x54f85f,79.5521%,420,1634,2054,311,279,141,1323
0x8a540b,72.7214%,419,1117,1536,1089,57,362,28
0x40dd25,94.9778%,419,7924,8343,4662,186,233,3262
0x502be2,88.5488%,419,3240,3659,892,271,148,2348
0x54f798,79.6495%,418,1636,2054,586,192,226,1050
0x8f53d3,90.8873%,418,4169,4587,3514,167,251,655
0x8ebb00,97.3128%,416,15065,15481,14977,69,347,88
0xb327a4,93.5579%,415,6027,6442,3187,242,173,2840
0x537ba8,95.7018%,414,9218,9632,7191,224,190,2027
0x66d3c2,84.3442%,413,2225,2638,494,234,179,1731
0x8196a3,94.9261%,412,7708,8120,717,294,118,6991
0x596b84,82.2184%,412,1905,2317,129,257,155,1776
0x596cad,69.3741%,411,931,1342,212,277,134,719
0x4a1c54,84.3152%,410,2204,2614,865,208,202,1339
0x596f4e,91.3567%,409,4323,4732,914,319,90,3409
0xb0cc63,95.5936%,409,8873,9282,1622,262,147,7251
0x8bc970,96.7254%,409,12081,12490,3722,220,189,8359
0x54872f,82.6179%,409,1944,2353,641,249,160,1303
0x552413,76.4195%,407,1319,1726,495,218,189,824
0x96c120,86.0625%,406,2507,2913,509,271,135,1998
0x488959,84.369%,405,2186,2591,1309,238,167,877
0x8d9c1f,80.9859%,405,1725,2130,412,247,158,1313
0x50231b,80.0099%,403,1613,2016,1427,145,258,186
0x53db4a,83.278%,403,2007,2410,1050,211,192,957
0x8feaaa,83.4636%,402,2029,2431,967,206,196,1062
0x8f29a0,93.9229%,402,6213,6615,5955,107,295,258
0x6436a3,94.8169%,402,7354,7756,5858,156,246,1496
0x50742e,75.0625%,399,1201,1600,987,142,257,214
0x40d90e,96.6384%,397,11413,11810,9195,225,172,2218
0x8bd6a8,87.3677%,394,2725,3119,742,220,174,1983
0xb46644,99.158%,394,46400,46794,24491,214,180,21909
0x8e9689,72.238%,392,1020,1412,185,267,125,835
0x9001a6,95.0108%,391,7446,7837,1988,215,176,5458
0x510033,98.3428%,391,23203,23594,10290,147,244,12913
0x488635,80.3122%,391,1595,1986,1265,153,238,330
0x808c77,82.1232%,389,1787,2176,746,202,187,1041
0x50ffc7,85.8965%,387,2357,2744,1033,231,156,1324
0x6437e8,73.1385%,386,1051,1437,71,271,115,980
0x8d9d0b,74.0313%,382,1089,1471,329,221,161,760
0xa334e4,95.4366%,382,7989,8371,3604,217,165,4385
0x5100fa,85.3415%,382,2224,2606,668,204,178,1556
0x50bf13,74.9836%,381,1142,1523,979,141,240,163
0x8fe446,96.2898%,380,9862,10242,8397,150,230,1465
0x8bd21b,98.8354%,379,32165,32544,6133,215,164,26032
0xb2ffa6,85.55%,377,2232,2609,1342,175,202,890
0xa3a03d,75.6018%,375,1162,1537,846,153,222,316
0x51b7df,90.9442%,375,3766,4141,198,273,102,3568
0x6070d8,95.595%,372,8073,8445,1797,190,182,6276
0x40d12a,96.9317%,372,11752,12124,840,157,215,10912
0x8157e4,96.6754%,370,10759,11129,8528,140,230,2231
0xa5fa91,75.4654%,369,1135,1504,854,173,196,281
0x48dca1,96.7762%,369,11077,11446,4287,176,193,6790
0x537b2b,93.2893%,366,5088,5454,542,186,180,4546
0x503cd3,83.0712%,366,1796,2162,1556,108,258,240
0x596fa4,93.4208%,366,5197,5563,3601,166,200,1596
0x488a79,76.7324%,366,1207,1573,311,215,151,896
0x8fe9c6,93.11%,364,4919,5283,1733,196,168,3186
0xb46722,96.7471%,360,10707,11067,8120,188,172,2587
0x54f7db,82.4732%,360,1694,2054,379,211,149,1315
0x5097c3,93.4528%,358,5110,5468,1158,200,158,3952
0x502360,82.2421%,358,1658,2016,1559,123,235,99
0xa30830,95.8945%,358,8362,8720,7862,114,244,500
0x81c644,95.4278%,358,7472,7830,636,178,180,6836
0xa30480,94.6356%,357,6298,6655,6017,84,273,281
0x90cf21,87.7999%,356,2562,2918,2388,81,275,174
0x48af74,75.3814%,355,1087,1442,230,200,155,857
0x4a1bc4,86.4193%,355,2259,2614,883,190,165,1376
0x8e9eec,87.3752%,354,2450,2804,486,218,136,1964
0x51b6fc,95.3586%,354,7273,7627,6225,141,213,1048
0x909910,81.0985%,351,1506,1857,470,180,171,1036
0x908e17,91.7876%,351,3923,4274,3276,105,246,647
0x90998d,81.0985%,351,1506,1857,568,163,188,938
0x51c7bb,95.8624%,350,8109,8459,998,194,156,7111
0x53c760,97.4194%,349,13175,13524,12928,71,278,247
0x81b390,97.0702%,349,11563,11912,11319,91,258,244
0x64ad24,98.375%,349,21128,21477,212,230,119,20916
0x8bcf16,91.1772%,347,3586,3933,91,241,106,3495
0x5521b5,77.2757%,347,1180,1527,929,110,237,251
0x5bbcad,89.8653%,346,3068,3414,843,249,97,2225
0x5bdb7a,94.404%,346,5837,6183,3114,200,146,2723
0x8eae17,79.5266%,346,1344,1690,1056,121,225,288
0x8ea9a9,79.5266%,346,1344,1690,257,208,138,1087
0x4101a9,96.0992%,346,8524,8870,1556,175,171,6968
0x604b67,91.3784%,344,3646,3990,1770,225,119,1876
0x81a7a9,94.2666%,342,5623,5965,5452,66,276,171
0x40d0be,97.1791%,342,11782,12124,4921,154,188,6861
0x6387f5,81.7745%,341,1530,1871,1113,152,189,417
0x8216f8,98.1073%,339,17572,17911,8689,130,209,8883
0x819707,96.78%,339,10189,10528,10148,51,288,41
0x81e2eb,82.1164%,338,1552,1890,832,137,201,720
0x51c80e,97.7335%,337,14532,14869,2895,161,176,11637
0x596d34,78.6032%,337,1238,1575,908,181,156,330
0x51034f,93.6438%,333,4906,5239,4339,127,206,567
0xb2fd8b,75.5523%,332,1026,1358,129,190,142,897
0x9f27e6,76.5205%,332,1082,1414,642,178,154,440
0xb2dfd3,78.5575%,330,1209,1539,1130,120,210,79
0xb2fbb3,82.1332%,330,1517,1847,782,180,150,735
0x8d9aa9,92.9371%,328,4316,4644,3133,130,198,1183
0x8bd4b0,99.4945%,328,64563,64891,21124,178,150,43439
0x604207,98.5296%,328,21979,22307,0,177,151,21979
0x537fd4,96.6051%,327,9305,9632,7243,172,155,2062
0x8dda33,79.5497%,327,1272,1599,719,139,188,553
0x4b5a82,89.7717%,327,2870,3197,1803,139,188,1067
0x9ab7a7,73.934%,324,919,1243,663,129,195,256
0xa35852,86.6001%,322,2081,2403,1093,140,182,988
0x596fce,80.7784%,321,1349,1670,468,223,98,881
0x40d4f0,98.8313%,321,27145,27466,22695,119,202,4450
0x6279d9,77.9533%,321,1135,1456,235,195,126,900
0x502eb6,86.5482%,318,2046,2364,1461,115,203,585
0x908808,96.2906%,316,8203,8519,3957,198,118,4246
0x5fd9d6,97.2826%,315,11277,11592,7659,138,177,3618
0x545681,70.057%,315,737,1052,395,166,149,342
0x908f19,91.2632%,314,3280,3594,1657,148,166,1623
0x81bdd6,77.1429%,312,1053,1365,175,230,82,878
0xb4665a,99.3354%,311,46483,46794,23938,151,160,22545
0x812633,91.3288%,308,3244,3552,2430,123,185,814
0x49b307,93.884%,308,4728,5036,3994,129,179,734
0xa037a6,97.2078%,307,10688,10995,5206,122,185,5482
0x8fd397,92.2377%,307,3648,3955,370,194,113,3278
0x81ef30,74.8562%,306,911,1217,776,66,240,135
0x627f3f,79.0522%,305,1151,1456,243,187,118,908
0x8f5a6b,93.3783%,304,4287,4591,925,181,123,3362
0x8a946d,99.5872%,303,73093,73396,48317,141,162,24776
0x820a19,82.3837%,303,1417,1720,1110,117,186,307
0x8ed246,75.2653%,303,922,1225,168,187,116,754
0x555597,80%,303,1212,1515,66,231,72,1146
0x596e51,82.7033%,302,1444,1746,131,190,112,1313
0xa2fbb0,95.7745%,302,6845,7147,6486,77,225,359
0xa41acc,90.1884%,302,2776,3078,1330,148,154,1446
0x9008b6,88.9905%,301,2433,2734,1023,156,145,1410
0x8e8934,98.6793%,299,22341,22640,13813,163,136,8528
0x9ab3a3,79.6436%,297,1162,1459,574,170,127,588
0x8ead32,87.1261%,297,2010,2307,317,183,114,1693
0x49fd14,85.1648%,297,1705,2002,656,154,143,1049
0x51034a,95.0277%,296,5657,5953,540,174,122,5117
0x8ff85a,98.9853%,295,28779,29074,14396,146,149,14383
0x547fa4,96.3661%,295,7823,8118,6738,140,155,1085
0x405720,98.2499%,295,16561,16856,1771,183,112,14790
0x5df23e,80.9923%,295,1257,1552,693,164,131,564
0x402adb,93.1739%,294,4013,4307,3269,134,160,744
0x402921,96.9234%,294,9262,9556,8030,146,148,1232
0x604c02,85.2632%,294,1701,1995,1598,142,152,103
0x8fdec6,99.0787%,294,31616,31910,767,195,99,30849
0x541847,83.1899%,293,1450,1743,400,170,123,1050
0xa3963c,86.3039%,292,1840,2132,409,194,98,1431
0x51b462,93.5754%,292,4253,4545,3634,143,149,619
0x596d45,81.5238%,291,1284,1575,655,168,123,629
0x8d9d1a,77.529%,291,1004,1295,373,174,117,631
0xaade48,98.2132%,291,15995,16286,13916,102,189,2079
0x8ed275,87.4296%,290,2017,2307,330,170,120,1687
0x970f27,93.4934%,290,4167,4457,1643,140,150,2524
0x96c129,87.1613%,289,1962,2251,1796,90,199,166
0x81effe,89.441%,289,2448,2737,1748,98,191,700
0x404fee,98.3162%,289,16875,17164,16755,101,188,120
0x596cbe,78.5395%,288,1054,1342,210,194,94,844
0x8e0fd9,88.1405%,287,2133,2420,1525,89,198,608
0x4a78c1,82.8845%,286,1385,1671,511,155,131,874
0x49ee2f,91.5309%,286,3091,3377,2747,96,190,344
0x59698a,69.958%,286,666,952,455,144,142,211
0x5bbb84,92.5695%,286,3563,3849,3359,55,231,204
0x54f7f8,86.0759%,286,1768,2054,632,141,145,1136
0x8a8e6a,89.7491%,286,2504,2790,712,204,82,1792
0xb2fcf7,98.73%,286,22233,22519,8556,124,162,13677
0x9abb1e,74.0437%,285,813,1098,256,151,134,557
0x8350a1,95.2626%,285,5731,6016,1213,158,127,4518
0x54573a,79.0902%,285,1078,1363,139,200,85,939
0x9ab07e,77.0716%,285,958,1243,350,151,134,608
0x8f6905,72.3032%,285,744,1029,571,94,191,173
0x8eb978,93.8674%,284,4347,4631,2118,132,152,2229
0xa335e9,86.4073%,283,1799,2082,496,158,125,1303
0x5f528d,92.6524%,282,3556,3838,582,204,78,2974
0x8e895f,97.9746%,282,13641,13923,4394,147,135,9247
0x8350c7,93.929%,282,4363,4645,4032,123,159,331
0x9a9a1b,89.9139%,281,2505,2786,2100,140,141,405
0x49b227,94.44%,280,4756,5036,4011,112,168,745
0x48d6ef,89.071%,280,2282,2562,596,161,119,1686
0x555e72,72.5759%,280,741,1021,491,118,162,250
0xa3a447,76.8212%,280,928,1208,235,164,116,693
0xb0b160,56.9444%,279,369,648,212,131,148,157
0x5017da,93.1918%,279,3819,4098,1119,148,131,2700
0x8ec947,94.3965%,279,4700,4979,570,158,121,4130
0x402342,94.5998%,278,4870,5148,4461,100,178,409
0x534390,97.5949%,277,11240,11517,5609,130,147,5631
0xb3aa28,97.5474%,277,11017,11294,6271,124,153,4746
0x819698,97.2891%,276,9905,10181,1890,171,105,8015
0x5bcacf,69.7036%,276,635,911,494,112,164,141
0x62797b,77.1024%,275,926,1201,129,180,95,797
0x90f260,85.0925%,274,1564,1838,1450,80,194,114
0x405733,98.1613%,274,14628,14902,7674,156,118,6954
0x808db5,87.4081%,274,1902,2176,1087,141,133,815
0x81ef10,80.4146%,274,1125,1399,895,129,145,230
0x5118a2,95.3548%,273,5604,5877,360,171,102,5244
0x7cc117,85.7068%,273,1637,1910,451,176,97,1186
0xa39c7d,82.2381%,273,1264,1537,311,138,135,953
0xaab176,95.7563%,271,6115,6386,3246,116,155,2869
0x8a5333,79.7156%,271,1065,1336,940,128,143,125
0x8da5dc,83.8613%,270,1403,1673,743,116,154,660
0x90f23f,91.018%,270,2736,3006,2571,127,143,165
0x40d5e9,97.3324%,269,9815,10084,1398,154,115,8417
0x54f725,73.6016%,269,750,1019,304,135,134,446
0x554e08,82.15%,269,1238,1507,89,200,69,1149
0x5385ee,94.6707%,267,4743,5010,160,198,69,4583
0xaae224,92.9215%,267,3505,3772,1874,117,150,1631
0x41034d,96.9517%,267,8492,8759,3039,138,129,5453
0x8fe00b,93.3895%,267,3772,4039,968,132,135,2804
0x58fd86,97.3551%,267,9828,10095,1183,136,131,8645
0x48a677,84.5486%,267,1461,1728,869,165,102,592
0x542477,88.3792%,266,2023,2289,1271,114,152,752
0x501710,93.0711%,266,3573,3839,3466,78,188,107
0x80f63f,96.4324%,264,7136,7400,4242,120,144,2894
0x8ed1cb,94.8036%,262,4780,5042,3687,130,132,1093
0x951878,96.0267%,262,6332,6594,6155,98,164,177
0x81d1de,97.3167%,262,9502,9764,9259,63,199,243
0x8a5dd0,68.4337%,262,568,830,423,93,169,145
0x51030d,76.4865%,261,849,1110,550,114,147,299
0x537bc6,92.1645%,261,3070,3331,65,197,64,3005
0x9f199d,70.1714%,261,614,875,419,124,137,195
0x53e2a2,96.1442%,261,6508,6769,315,181,80,6193
0x596dbb,71%,261,639,900,218,160,101,421
0x55606d,74.5348%,260,761,1021,724,57,203,37
0xa5ec70,62.7507%,260,438,698,256,120,140,182
0xb2fd46,86.8794%,259,1715,1974,1587,82,177,128
0x8059ef,81.0256%,259,1106,1365,91,188,71,1015
0x8350fb,80.4989%,258,1065,1323,710,123,135,355
0xa45c73,78.6777%,258,952,1210,189,155,103,763
0x40d436,90.1149%,258,2352,2610,1987,104,154,365
0x4a1e07,82.3489%,257,1199,1456,276,154,103,923
0x80fcad,96.2947%,257,6679,6936,3328,128,129,3351
0xb0bfe7,94.806%,257,4691,4948,4690,24,233,1
0x8be3aa,81.0192%,257,1097,1354,257,156,101,840
0x40d469,89.4326%,257,2175,2432,333,176,81,1842
0xb0d49b,78.4874%,256,934,1190,617,97,159,317
0x8d9d39,80.2317%,256,1039,1295,226,148,108,813
0x8d23bc,94.6755%,256,4552,4808,469,146,110,4083
0x5bbadb,93.961%,254,3952,4206,3787,62,192,165
0x8da6a5,93.9423%,254,3939,4193,2807,110,144,1132
0x8eb9db,93.4587%,254,3629,3883,1868,121,133,1761
0x8bc92d,98.0132%,252,12432,12684,7058,144,108,5374
0x8a554c,97.7198%,251,10757,11008,10749,33,218,8
0xb2fdad,75.8422%,251,788,1039,310,111,140,478
0x8fe262,99.1761%,251,30214,30465,183,154,97,30031
0x811718,94.2746%,251,4133,4384,437,181,70,3696
0xb313b3,61.2654%,251,397,648,276,112,139,121
0x502e83,98.3745%,251,15190,15441,7464,108,143,7726
0x98b33f,66.755%,251,504,755,415,71,180,89
0x5e37a4,83.4327%,250,1259,1509,738,117,133,521
0x5385ab,98.3617%,250,15010,15260,11799,158,92,3211
0x8bd6b4,88.5489%,247,1910,2157,1818,64,183,92
0x8224ad,88.125%,247,1833,2080,1201,121,126,632
0x8fd3bf,92.4632%,246,3018,3264,606,151,95,2412
0xb46607,99.4831%,246,47342,47588,7496,157,89,39846
0x8daabf,82.161%,246,1133,1379,252,166,80,881
0x8da615,85.2959%,246,1427,1673,156,168,78,1271
0x507703,79.6189%,246,961,1207,810,86,160,151
0x40e645,89.3293%,245,2051,2296,1674,123,122,377
0x8e1210,93.9055%,245,3775,4020,2780,90,155,995
0x8094b6,80.0489%,245,983,1228,815,83,162,168
0x808bba,84.3389%,244,1314,1558,1152,76,168,162
0x81f118,87.3444%,244,1684,1928,976,91,153,708
0x6432b9,83.3105%,244,1218,1462,1176,73,171,42
0xa333b8,94.6593%,243,4307,4550,1662,117,126,2645
0x8d283b,91.7065%,243,2687,2930,1667,92,151,1020
0x558f8b,80.9112%,243,1030,1273,399,110,133,631
0x8b9558,98.8112%,243,20197,20440,19494,94,149,703
0x81e446,79.8165%,242,957,1199,265,126,116,692
0x8bd4a6,99.6422%,242,67397,67639,2589,159,83,64808
0x8bd1eb,97.6434%,242,10027,10269,3792,122,120,6235
0x639bdd,69.75%,242,558,800,77,167,75,481
0xb09e0a,92.691%,242,3069,3311,308,80,162,2761
0x512ce9,97.6228%,242,9938,10180,5351,160,82,4587
0xb0adb9,55.6169%,241,302,543,229,85,156,73
0x9441d6,99.0712%,240,25601,25841,24784,107,133,817
0xb2df2a,91.1732%,240,2479,2719,2283,87,153,196
0x40d033,98.2941%,240,13829,14069,1338,95,145,12491
0x537fb4,97.4384%,240,9129,9369,7121,123,117,2008
0x8076bc,93.7695%,240,3612,3852,3513,46,194,99
0x8124e5,95.6082%,239,5203,5442,724,119,120,4479
0x63c766,75.2341%,238,723,961,292,134,104,431
0x8dedb4,93.6853%,238,3531,3769,261,148,90,3270
0x5389cb,95.9598%,237,5629,5866,4611,111,126,1018
0x58f73a,83.1915%,237,1173,1410,317,153,84,856
0x8e0e15,99.5577%,236,53122,53358,25343,131,105,27779
0x90b99f,78.9661%,236,886,1122,119,148,88,767
0x48aaac,97.2216%,235,8223,8458,2910,129,106,5313
0x53db1c,90.0424%,235,2125,2360,271,144,91,1854
0x40ffc6,95.8282%,235,5398,5633,4318,140,95,1080
0x8212e8,97.8534%,234,10667,10901,6749,68,166,3918
0x5c6b31,93.4582%,234,3343,3577,1890,101,133,1453
0x543abd,82.6795%,234,1117,1351,1081,52,182,36
0x60dd2b,77.0138%,234,784,1018,183,137,97,601
0xb2df4d,98.1894%,233,12636,12869,12089,83,150,547
0x814871,81.0767%,232,994,1226,834,62,170,160
0xa022e7,93.851%,232,3541,3773,1019,126,106,2522
0x811827,86.361%,232,1469,1701,1068,72,160,401
0xa0378a,97.899%,231,10764,10995,8308,122,109,2456
0x8ead01,81.1429%,231,994,1225,207,148,83,787
0x611734,81.4309%,231,1013,1244,398,115,116,615
0x510fb1,90.5599%,231,2216,2447,602,121,110,1614
0x81490c,81.2398%,230,996,1226,820,76,154,176
0x9694f6,90.3685%,230,2158,2388,195,128,102,1963
0x90f293,92.3819%,229,2777,3006,925,122,107,1852
0x643afa,98.3871%,228,13908,14136,13650,30,198,258
0xb3014a,73.7931%,228,642,870,247,111,117,395
0x510460,96.17%,228,5725,5953,1209,116,112,4516
0x543f7c,85.6964%,228,1366,1594,35,183,45,1331
0x541870,86.9765%,227,1516,1743,452,118,109,1064
0x558fe5,70.4427%,227,541,768,282,107,120,259
0x809f67,86.7137%,226,1475,1701,1084,56,170,391
0x90ba07,86.6667%,226,1469,1695,1015,107,119,454
0x59063b,93.7844%,226,3410,3636,257,151,75,3153
0x49eb47,84.4935%,225,1226,1451,1197,93,132,29
0x8f3f63,90.1704%,225,2064,2289,462,138,87,1602
0x8058db,89.5688%,225,1932,2157,1003,107,118,929
0x901472,95.7414%,224,5036,5260,1400,123,101,3636
0x6278fb,90.5165%,224,2138,2362,260,153,71,1878
0x5097d3,94.5499%,224,3886,4110,2214,105,119,1672
0x595daa,82.8856%,223,1080,1303,226,120,103,854
0x4bc4d5,87.1379%,222,1504,1726,392,130,92,1112
0x80a517,86.9489%,222,1479,1701,1087,53,169,392
0x48aa84,98.4002%,222,13655,13877,5328,91,131,8327
0x554642,81.7734%,222,996,1218,102,156,66,894
0x81a716,96.5946%,222,6297,6519,403,151,71,5894
0x643b54,72.5926%,222,588,810,522,95,127,66
0x817c26,88.2854%,220,1658,1878,1472,68,152,186
0x54833b,98.4453%,220,13931,14151,1132,105,115,12799
0x8ec95b,94.8247%,220,4031,4251,1267,141,79,2764
0x58f6a9,84.3972%,220,1190,1410,328,142,78,862
0xa02371,97.0702%,220,7289,7509,4778,103,117,2511
0xb2fd61,69.8347%,219,507,726,437,88,131,70
0x48aef4,67.7941%,219,461,680,372,93,126,89
0x817ed9,88.3919%,218,1660,1878,1027,61,157,633
0x643228,99.6691%,218,65654,65872,65542,64,154,112
0x805ec8,80.0183%,218,873,1091,514,96,122,359
0x8fe3aa,98.6068%,217,15359,15576,8338,110,107,7021
0x5906ae,91.6603%,217,2385,2602,1316,127,90,1069
0x81a695,98.3822%,217,13196,13413,215,160,57,12981
0x54ff47,53.9278%,217,254,471,104,124,93,150
0x555eb7,79.926%,217,864,1081,782,58,159,82
0x9aad68,83.8926%,216,1125,1341,461,87,129,664
0x610d2c,73.2673%,216,592,808,437,97,119,155
0x80b28e,81.0526%,216,924,1140,833,73,143,91
0x596dcc,76%,216,684,900,163,124,92,521
0x63f47a,84.3365%,216,1163,1379,1149,30,186,14
0x81417f,92.4449%,216,2643,2859,1753,108,108,890
0x8080fe,81.2281%,214,926,1140,842,64,150,84
0x53ab80,80.724%,213,892,1105,843,68,145,49
0x8ec3a3,74.2443%,213,614,827,431,72,141,183
0x8bc7bd,99.1298%,213,24263,24476,22746,103,110,1517
0x8a5b13,86.471%,212,1355,1567,51,167,45,1304
0xb2ff56,97.2546%,212,7510,7722,1636,93,119,5874
0x40d480,97.347%,212,7779,7991,4533,119,93,3246
0x40d5ca,94.216%,211,3437,3648,552,133,78,2885
0x63f39a,84.6991%,211,1168,1379,1142,37,174,26
0x40d2b5,89.2621%,211,1754,1965,1145,121,90,609
0x91108b,71.7158%,211,535,746,416,82,129,119
0xa309fc,88.7945%,211,1672,1883,1269,125,86,403
0x8a949d,99.6028%,210,52660,52870,49795,77,133,2865
0x5346cf,98.1766%,210,11307,11517,11146,56,154,161
0x8eb6bc,99.1864%,210,25601,25811,22844,118,92,2757
0x63eb67,79.5322%,210,816,1026,761,65,145,55
0x90b936,89.9664%,209,1874,2083,1011,111,98,863
0x53c610,87.2794%,209,1434,1643,552,104,105,882
0x5412c2,97.3403%,209,7649,7858,5120,78,131,2529
0x4ca10f,84.5643%,209,1145,1354,1072,70,139,73
0xa39eaa,85.616%,209,1244,1453,174,95,114,1070
0x512de6,95.0742%,209,4034,4243,3858,78,131,176
0xa45ca6,75.8661%,209,657,866,610,52,157,47
0x5097eb,91.0306%,208,2111,2319,563,132,76,1548
0x406c4e,89.479%,208,1769,1977,1581,74,134,188
0xa3a462,74.5365%,206,603,809,337,107,99,266
0x81c659,89.192%,206,1700,1906,633,106,100,1067
0x8dae36,83.1699%,206,1018,1224,188,148,58,830
0x8ffaf9,70.0146%,206,481,687,247,90,116,234
0x5116d1,81.4581%,206,905,1111,553,116,90,352
0x8e9ba0,94.2313%,206,3365,3571,3281,56,150,84
0x821479,94.094%,206,3282,3488,1415,87,119,1867
0x977a78,76.7574%,205,677,882,487,79,126,190
0x53870a,78.7785%,205,761,966,203,123,82,558
0x40f420,96.8049%,205,6211,6416,1894,90,115,4317
0x8e9f58,91.4333%,205,2188,2393,581,116,89,1607
0x5103dc,96.3928%,205,5478,5683,3660,116,89,1818
0x503984,88.2149%,204,1527,1731,241,129,75,1286
0x8f5a98,81.5552%,204,902,1106,272,118,86,630
0x9abe30,95.7173%,203,4537,4740,4508,52,151,29
0xa303fb,74.401%,203,590,793,398,99,104,192
0x509aaf,82.1303%,203,933,1136,510,106,97,423
0x502213,85.3324%,203,1181,1384,105,118,85,1076
0x8dedff,90.0733%,203,1842,2045,1675,82,121,167
0x53a1f0,81.629%,203,902,1105,836,75,128,66
0x90f282,93.2468%,203,2803,3006,2287,115,88,516
0x8b94ae,99.0071%,203,20242,20445,482,131,72,19760
0x5122f7,93.912%,202,3116,3318,1119,124,78,1997
0xa54c54,87.8166%,202,1456,1658,494,96,106,962
0x8eac7c,96.0135%,201,4841,5042,3726,91,110,1115
0x402942,99.3986%,201,33223,33424,2698,128,73,30525
0x542de3,91.4577%,201,2152,2353,353,121,80,1799
0xad7dfa,94.1911%,200,3243,3443,2770,93,107,473
0x8ec2d9,87.253%,200,1369,1569,347,123,77,1022
0x5102c5,82.238%,200,926,1126,737,97,103,189
0x50ffed,86.4865%,200,1280,1480,432,82,118,848
0x538775,83.2074%,200,991,1191,212,104,96,779
0x49caf1,67.2697%,199,409,608,301,91,108,108
0x8ec3c7,78.9362%,198,742,940,377,93,105,365
0x8a6f35,87.1928%,198,1348,1546,1079,61,137,269
0x951d42,99.0126%,198,19855,20053,19322,94,104,533
0x8bd5da,94.7312%,198,3560,3758,1509,105,93,2051
0x55617f,77.1196%,197,664,861,562,59,138,102
0x805f8e,82.0348%,196,895,1091,86,134,62,809
0x50d6ad,83.8683%,196,1019,1215,958,79,117,61
0x48cf64,77.5604%,195,674,869,76,125,70,598
0x511632,95.551%,195,4188,4383,229,106,89,3959
0x53dba6,97.1192%,195,6574,6769,6336,66,129,238
0xa358a3,95.657%,195,4295,4490,1072,143,52,3223
0xa3a3c7,82.2404%,195,903,1098,274,106,89,629
0x8e01c7,93.5194%,195,2814,3009,1403,97,98,1411
0xb0d4e9,78.2366%,195,701,896,581,53,142,120
0x510471,95.8081%,194,4434,4628,3353,86,108,1081
0x8ba35c,97.9869%,194,9443,9637,179,127,67,9264
0x4885f3,93.0241%,194,2587,2781,1896,90,104,691
0x4fdc27,63.4652%,194,337,531,57,107,87,280
0xa2fb30,78.6108%,194,713,907,444,97,97,269
0xb2e791,84.3422%,194,1045,1239,877,81,113,168
0x819d43,85.6296%,194,1156,1350,459,84,110,697
0x53af10,82.4434%,194,911,1105,845,66,128,66
0xb2e7ec,83.2465%,193,959,1152,118,121,72,841
0x8227e2,96.7443%,193,5735,5928,5411,83,110,324
0x9f78c5,76.3255%,192,619,811,22,149,43,597
0x640731,83.4625%,192,969,1161,904,57,135,65
0x9ab7ff,76.0897%,192,611,803,494,79,113,117
0x81ee27,86.4215%,192,1222,1414,789,102,90,433
0x816840,97.2962%,192,6909,7101,6844,31,161,65
0xb7dbd5,93.282%,192,2666,2858,1761,92,100,905
0x8ed85d,79.724%,191,751,942,400,88,103,351
0x402020,83.9496%,191,999,1190,213,115,76,786
0x8d9caa,90.119%,191,1742,1933,1272,81,110,470
0x8f42f4,88.7845%,191,1512,1703,113,138,53,1399
0x81f33a,90.0934%,191,1737,1928,463,98,93,1274
0x8a87ef,77.0433%,191,641,832,212,119,72,429
0xa454b8,72.2787%,191,498,689,173,84,107,325
0x8ed060,90.961%,190,1912,2102,1886,44,146,26
0x539da0,82.8054%,190,915,1105,851,60,130,64
0x53efa0,95.2417%,189,3783,3972,3758,36,153,25
0x643819,82.7397%,189,906,1095,885,51,138,21
0x40e289,89.382%,189,1591,1780,586,104,85,1005
0x8bd700,93.9013%,189,2910,3099,2558,50,139,352
0x60a726,89.0507%,188,1529,1717,321,118,70,1208
0x809357,77.8302%,188,660,848,243,87,101,417
0x8f3119,94.4852%,188,3221,3409,2436,84,104,785
0x9ef0fd,81.0537%,187,800,987,115,127,60,685
0x596f63,77.497%,187,644,831,554,61,126,90
0x502e9d,97.6105%,187,7639,7826,310,103,84,7329
0x8e91bb,86.7564%,187,1225,1412,323,129,58,902
0x598f9c,96.9667%,187,5978,6165,175,115,72,5803
0x8f3f92,73.4375%,187,517,704,230,88,99,287
0x8eac8f,97.9561%,187,8962,9149,3209,92,95,5753
0x8ebded,84.9515%,186,1050,1236,127,133,53,923
0xa911e7,73.5043%,186,516,702,157,100,86,359
0xa33040,94.0613%,186,2946,3132,2835,55,131,111
0xb46738,97.5154%,186,7300,7486,6753,100,86,547
0x507cc6,78.8813%,185,691,876,635,69,116,56
0x81a61e,94.3425%,185,3085,3270,537,95,90,2548
0x8b9a03,98.7314%,184,14320,14504,13287,95,89,1033
0x8e8d7e,85.1133%,184,1052,1236,920,49,135,132
0x8fedc6,93.7415%,184,2756,2940,2213,87,97,543
0x8e9a4d,85.1942%,183,1053,1236,923,46,137,130
0x81f703,88.6406%,183,1428,1611,537,96,87,891
0x8a719d,88.7454%,183,1443,1626,141,139,44,1302
0x8fc427,95.5279%,183,3909,4092,679,103,80,3230
0x40deb6,98.3633%,183,10998,11181,436,87,96,10562
0xa3a233,72.6316%,182,483,665,345,104,78,138
0x53f5b3,78.6635%,182,671,853,384,106,76,287
0xa919dc,74.0741%,182,520,702,137,120,62,383
0x627969,87.5%,182,1274,1456,161,94,88,1113
0x540c9e,89.6355%,182,1574,1756,417,117,65,1157
0x8fdec1,99.4719%,182,34280,34462,2470,82,100,31810
0x537faf,98.1105%,182,9450,9632,143,120,62,9307
0xa307ab,85.0413%,181,1029,1210,753,79,102,276
0x81efb7,87.1994%,181,1233,1414,795,96,85,438
0x49f978,85.9034%,181,1103,1284,1015,59,122,88
0x9ed654,80.8263%,181,763,944,117,102,79,646
0x5389f3,86.3086%,181,1141,1322,396,101,80,745
0x8e2350,97.0338%,181,5921,6102,2433,89,92,3488
0x901613,96.1424%,181,4511,4692,3757,68,113,754
0x5481cf,98.322%,180,10547,10727,3778,80,100,6769
0x40d2c9,87.5519%,180,1266,1446,445,89,91,821
0x534e2a,97.6783%,180,7573,7753,4740,29,151,2833
0x5fd904,81.2695%,180,781,961,278,104,76,503
0x40d379,92.8486%,180,2337,2517,1946,90,90,391
0x811c36,75.4098%,180,552,732,385,87,93,167
0x81ed4e,88.8055%,179,1420,1599,1342,52,127,78
0x503829,89.6592%,179,1552,1731,1476,49,130,76
0xa397ac,76.8531%,178,591,769,198,95,83,393
0x53c73f,88.2895%,178,1342,1520,924,71,107,418
0xa3a12f,79.7957%,178,703,881,54,103,75,649
0x8ba0bb,99.3417%,178,26863,27041,14039,38,140,12824
0xb3012a,79.3503%,178,684,862,262,88,90,422
0x8ff3ba,96.2264%,178,4539,4717,226,101,77,4313
0x8189cf,93.2904%,177,2461,2638,1538,107,70,923
0x8f56ff,98.3693%,177,10677,10854,4386,88,89,6291
0x510497,93.9206%,176,2719,2895,912,103,73,1807
0x5413f3,98.9585%,176,16722,16898,1880,105,71,14842
0x8da63d,91.7293%,176,1952,2128,1684,76,100,268
0x81d19a,84.9057%,176,990,1166,527,81,95,463
0x47f272,83.5821%,176,896,1072,242,57,119,654
0xa3320e,93.3333%,176,2464,2640,473,99,77,1991
0x80b9c7,79.3632%,175,673,848,240,90,85,433
0x908284,94.6071%,175,3070,3245,991,106,69,2079
0x81ee6d,90.52%,175,1671,1846,878,77,98,793
0x9ab380,84.9785%,175,990,1165,440,103,72,550
0x501621,94.9054%,175,3260,3435,1183,94,81,2077
0x9f03d7,86.089%,175,1083,1258,268,115,60,815
0x813667,79.3632%,175,673,848,227,103,72,446
0x8da35c,88.1713%,174,1297,1471,361,112,62,936
0x4899e3,82.2268%,174,805,979,347,63,111,458
0xa0288f,73.0233%,174,471,645,219,90,84,252
0xa32ed8,86.758%,174,1140,1314,1012,92,82,128
0x510514,92.1374%,174,2039,2213,871,94,80,1168
0x4894e6,89.0772%,174,1419,1593,628,91,83,791
0x8fd3cf,93.0594%,174,2333,2507,1527,89,85,806
0x909131,90.63%,174,1683,1857,605,45,129,1078
0x809142,79.3594%,174,669,843,433,80,94,236
0x8f4501,88.9809%,173,1397,1570,914,75,98,483
0x9a7c63,80.9051%,173,733,906,248,107,66,485
0x805047,79.5991%,173,675,848,248,82,91,427
0x808ea0,94.8095%,173,3160,3333,3102,35,138,58
0x8100f5,97.5572%,173,6909,7082,3527,105,68,3382
0x8130d7,87.4547%,173,1206,1379,260,99,74,946
0x8e88aa,94.8389%,173,3179,3352,2100,85,88,1079
0xa45a30,75.3561%,173,529,702,394,72,101,135
0xa393a4,88.7881%,173,1370,1543,516,120,53,854
0x808b9b,79.5967%,172,671,843,423,90,82,248
0x545570,86.1514%,172,1070,1242,923,38,134,147
0x8ead64,93.9373%,172,2665,2837,1413,70,102,1252
0x511612,92.9825%,172,2279,2451,563,58,114,1716
0xa0260b,88.4718%,172,1320,1492,1244,71,101,76
0x53e322,95.4008%,171,3547,3718,438,118,53,3109
0x49c75f,76.4463%,171,555,726,361,80,91,194
0x9ab2ec,81.3319%,171,745,916,415,81,90,330
0x4c9f39,80.8081%,171,720,891,655,44,127,65
0x9faf7f,70.4152%,171,407,578,92,95,76,315
0xad7e4c,70.5172%,171,409,580,200,92,79,209
0xb2fdf4,77.8068%,170,596,766,150,91,79,446
0x8f5d51,83.2842%,170,847,1017,160,109,61,687
0x58fdf5,95.8798%,170,3956,4126,3550,69,101,406
0x60a916,78.481%,170,620,790,124,88,82,496
0x4b5af1,94.727%,170,3054,3224,1653,73,97,1401
0x8125ae,79.8339%,170,673,843,184,98,72,489
0x545786,93.649%,169,2492,2661,2015,51,118,477
0xa54e11,94.8561%,168,3098,3266,3092,31,137,6
0x609f7b,95.1959%,168,3329,3497,421,116,52,2908
0x8da5b1,85.289%,168,974,1142,93,119,49,881
0x804f87,80.1887%,168,680,848,249,81,87,431
0x8d0bae,98.2401%,168,9378,9546,328,120,48,9050
0x90d43b,81.3541%,168,733,901,522,77,91,211
0xa5839c,60.7981%,167,259,426,108,92,75,151
0x808e87,94.9895%,167,3166,3333,899,79,88,2267
0x8edda7,72.578%,167,442,609,349,71,96,93
0x8a938a,90.9973%,167,1688,1855,858,101,66,830
0x405197,97.9836%,167,8115,8282,1066,64,103,7049
0x805a4e,82.6042%,167,793,960,178,92,75,615
0x8a93c2,94.5779%,167,2913,3080,1509,101,66,1404
0x80780a,91.8985%,166,1883,2049,116,93,73,1767
0x53c777,89.0789%,166,1354,1520,608,75,91,746
0x4c436f,93.5509%,166,2408,2574,1545,79,87,863
0x58b718,92.0612%,166,1925,2091,676,74,92,1249
0x818a71,98.5116%,166,10987,11153,160,135,31,10827
0xa553f1,94.9017%,166,3090,3256,3080,33,133,10
0x5101ec,87.2111%,166,1132,1298,627,101,65,505
0x8ed1e0,98.1965%,165,8984,9149,3224,77,88,5760
0x8c8ff8,81.7881%,165,741,906,331,87,78,410
0x54f748,71.5517%,165,415,580,128,101,64,287
0x502c93,92.9817%,165,2186,2351,72,118,47,2114
0x81dda7,95.0498%,164,3149,3313,2691,89,75,458
0x402bdf,91.1733%,164,1694,1858,941,58,106,753
0x403abe,95.674%,164,3627,3791,2217,71,93,1410
0x807865,87.2671%,164,1124,1288,964,72,92,160
0xa56100,92.4424%,164,2006,2170,1993,36,128,13
0x803b08,93.8485%,164,2502,2666,186,97,67,2316
0xb0cc23,97.4893%,164,6368,6532,2891,113,51,3477
0x40ff93,96.9068%,164,5138,5302,1740,63,101,3398
0x8ba0c6,98.735%,164,12800,12964,3222,70,94,9578
0x8a8e7a,91.2487%,164,1710,1874,34,106,58,1676
0x552378,79.3451%,164,630,794,249,98,66,381
0x8a5b1e,87.917%,163,1186,1349,306,108,55,880
0x51b3db,93.9919%,163,2550,2713,2210,79,84,340
0x81e8cf,83.0561%,163,799,962,144,86,77,655
0x8b97c6,99.7143%,163,56882,57045,40642,84,79,16240
0x49e930,96.6585%,163,4715,4878,1905,51,112,2810
0x8e9f3c,93.4433%,163,2323,2486,2129,70,93,194
0x5118c7,96.951%,163,5183,5346,2072,88,75,3111
0x510029,94.0598%,163,2581,2744,567,76,87,2014
0x81a67a,93.4012%,162,2293,2455,72,123,39,2221
0x8157df,94.8391%,162,2977,3139,603,87,75,2374
0x9f4953,72.7273%,162,432,594,145,102,60,287
0x60424f,76.2811%,162,521,683,130,89,73,391
0x5f8560,92.4264%,162,1977,2139,1842,61,101,135
0xa2fd8d,82.4295%,162,760,922,638,60,102,122
0x609fb6,94.527%,162,2798,2960,458,88,74,2340
0x50c6d6,95.8451%,162,3737,3899,1383,96,66,2354
0x8dda9b,80.5085%,161,665,826,333,81,80,332
0xa51332,78.7879%,161,598,759,255,89,72,343
0xa8ee1a,90.1227%,161,1469,1630,1127,58,103,342
0xaa4570,97.7098%,161,6869,7030,1037,109,52,5832
0x8e0f78,94.3902%,161,2709,2870,366,84,77,2343
0x48b400,96.8163%,161,4896,5057,4805,39,122,91
0x8a6209,82.2882%,161,748,909,319,110,51,429
0x8a87cc,88.4588%,161,1234,1395,348,110,51,886
0x511a8e,95.9256%,160,3767,3927,2383,67,93,1384
0x811652,69.4656%,160,364,524,229,65,95,135
0x8a7607,81.8182%,160,720,880,691,43,117,29
0xa33474,98.2973%,160,9237,9397,4673,75,85,4564
0x5bd46b,98.5143%,160,10609,10769,7807,66,94,2802
0x8da527,90.4363%,160,1513,1673,446,85,75,1067
0x40df9a,98.9205%,160,14661,14821,14610,76,84,51
0x8143b4,96.1418%,160,3987,4147,3704,35,125,283
0x91977b,86.3049%,159,1002,1161,86,114,45,916
0x815007,81.25%,159,689,848,246,84,75,443
0x8d9aef,96.2798%,159,4115,4274,1294,86,73,2821
0x40d371,93.683%,159,2358,2517,1401,62,97,957
0x5026fa,79.9496%,159,634,793,371,71,88,263
0x546a8d,79.6915%,158,620,778,586,50,108,34
0xa3a3e2,77.9944%,158,560,718,215,99,59,345
0x8a71a2,88.2615%,158,1188,1346,166,107,51,1022
0x8c9405,72.5694%,158,418,576,123,94,64,295
0x4894d5,93.3361%,158,2213,2371,678,100,58,1535
0x8db656,86.6891%,158,1029,1187,885,50,108,144
0xa17ffc,73.6667%,158,442,600,176,85,73,266
0x8f58b3,97.564%,158,6328,6486,2513,99,59,3815
0xa5f747,86.8552%,158,1044,1202,257,95,63,787
0x60a7ea,90.5952%,158,1522,1680,1179,79,79,343
0x54f7a6,92.3564%,157,1897,2054,1121,46,111,776
0x81a892,79.3693%,157,604,761,123,115,42,481
0x8d0bd6,98.3553%,157,9389,9546,4292,59,98,5097
0x81e33b,89.0287%,157,1274,1431,652,73,84,622
0x58f7c1,97.0758%,157,5212,5369,650,61,96,4562
0x80cb01,90.3976%,157,1478,1635,11,130,27,1467
0x60a8db,84.3157%,157,844,1001,99,112,45,745
0x805157,81.6038%,156,692,848,250,80,76,442
0x54f5d8,78.9757%,156,586,742,528,49,107,58
0x4c9e3c,88.4786%,156,1198,1354,310,103,53,888
0x90cea1,89.1742%,156,1285,1441,547,52,104,738
0x8e277d,98.6078%,156,11049,11205,5755,68,88,5294
0x51020e,88.1498%,155,1153,1308,290,94,61,863
0x81a62e,94.1243%,155,2483,2638,1560,85,70,923
0x4894ab,92.7604%,155,1986,2141,1422,75,80,564
0x81c562,69.6673%,155,356,511,243,65,90,113
0x48dd8e,97.8413%,154,6980,7134,6868,68,86,112
0x63ab75,81.2424%,154,667,821,343,100,54,324
0x8dcda0,93.3014%,154,2145,2299,1626,50,104,519
0xa34b30,96.2022%,154,3901,4055,3881,23,131,20
0x8d2898,94.7743%,154,2793,2947,1515,56,98,1278
0x8fe26b,99.4888%,154,29974,30128,28206,83,71,1768
0x8fe295,89.0401%,153,1243,1396,402,77,76,841
0x8da6eb,91.3851%,153,1623,1776,787,83,70,836
0x8e3794,93.3449%,153,2146,2299,1437,84,69,709
0x50c6e8,93.719%,152,2268,2420,1305,94,58,963
0x8189be,95.3517%,152,3118,3270,553,79,73,2565
0x81b30b,80.7595%,152,638,790,325,74,78,313
0x8e37aa,93.3884%,152,2147,2299,532,91,61,1615
0x8d2342,84.8%,152,848,1000,216,96,56,632
0x81c682,86.9751%,152,1015,1167,890,51,101,125
0x641092,88.9775%,152,1227,1379,900,61,91,327
0x40e3a4,85.7008%,152,911,1063,556,62,90,355
0x638ee5,72.2121%,152,395,547,138,71,81,257
0xa44d84,75.2053%,151,458,609,79,97,54,379
0xa2719c,95.5848%,151,3269,3420,301,77,74,2968
0xa5658b,84.3685%,151,815,966,621,74,77,194
0xa35ca8,85.2395%,151,872,1023,89,98,53,783
0x548cf1,97.6929%,151,6394,6545,5956,62,89,438
0xb30298,97.6556%,151,6290,6441,4941,49,102,1349
0x63c85b,84.2872%,151,810,961,517,61,90,293
0xa4bbeb,75.2053%,151,458,609,91,85,66,367
0xa515d9,70.5882%,150,360,510,271,77,73,89
0xa4bbff,65.358%,150,283,433,189,62,88,94
0x596ff2,78.2923%,150,541,691,132,90,60,409
0x58f826,97.7252%,150,6444,6594,5709,57,93,735
0x604765,65.035%,150,279,429,90,98,52,189
0x558a63,75.6888%,150,467,617,193,55,95,274
0x9e26e0,77.0992%,150,505,655,303,58,92,202
0x8eebd8,75.3695%,150,459,609,167,63,87,292
0xb3028e,92.6274%,149,1872,2021,1818,54,95,54
0x81c197,90.2551%,149,1380,1529,284,79,70,1096
0x81f755,84.1321%,149,790,939,117,97,52,673
0x8feea4,76.5354%,149,486,635,153,74,75,333
0x9f3267,70.4365%,149,355,504,52,103,46,303
0x8dadad,84.5994%,148,813,961,234,91,57,579
0xb327c4,95.088%,148,2865,3013,1288,67,81,1577
0x5545ac,92.7237%,148,1886,2034,190,97,51,1696
0x9ea400,88.1315%,148,1099,1247,1016,50,98,83
0x48ea91,74.8718%,147,438,585,274,64,83,164
0x54ff98,67.6211%,147,307,454,129,82,65,178
0x48e9e1,82.2678%,147,682,829,417,48,99,265
0x40f8ca,99.5563%,147,32983,33130,478,82,65,32505
0x808cca,88.0293%,147,1081,1228,201,97,50,880
0xb1815f,77.8452%,146,513,659,399,58,88,114
0x8d9c9b,91.4219%,146,1556,1702,145,86,60,1411
0x40d4fe,96.8616%,146,4506,4652,3658,65,81,848
0x596fdb,85.0868%,146,833,979,289,85,61,544
0x9f09d8,85.4582%,146,858,1004,830,34,112,28
0xb0c053,95.8908%,146,3407,3553,3334,27,119,73
0x64b4aa,99.1442%,146,16914,17060,15700,71,75,1214
0x4c4334,93.6189%,146,2142,2288,120,91,55,2022
0x4b580e,71.9231%,146,374,520,157,70,76,217
0x9007e3,96.0942%,146,3592,3738,488,91,55,3104
0xb3aacb,97.5163%,145,5693,5838,2178,67,78,3515
0x9ab3b8,80.4582%,145,597,742,390,77,68,207
0x60e330,83.1002%,145,713,858,255,77,68,458
0x9f0b15,84.9272%,145,817,962,83,101,44,734
0x558080,84.9116%,145,816,961,236,67,78,580
0xa395bf,87.4023%,145,1006,1151,334,93,52,672
0x546323,81.715%,145,648,793,274,76,69,374
0x8e4bf5,95.8441%,145,3344,3489,1656,78,67,1688
0x81e4ae,82.1782%,144,664,808,215,72,72,449
0x53515b,98.081%,144,7360,7504,96,92,52,7264
0xa45bbd,76.1983%,144,461,605,75,97,47,386
0x9ab7d9,89.3412%,144,1207,1351,475,73,71,732
0xb4661c,99.6944%,143,46651,46794,35556,86,57,11095
0x5427cf,98.3893%,143,8735,8878,8265,34,109,470
0x63d72b,85.1197%,143,818,961,774,46,97,44
0x8fbf05,93.2769%,143,1984,2127,238,86,57,1746
0x814345,90.8743%,143,1424,1567,200,98,45,1224
0x51b8bb,97.4169%,143,5393,5536,187,79,64,5206
0x590487,82.125%,143,657,800,291,79,64,366
0x81e33f,91.5224%,142,1533,1675,436,77,65,1097
0x81a309,82.8295%,142,685,827,45,109,33,640
0xb2fdf6,72.9524%,142,383,525,295,76,66,88
0x81d5f0,98.2794%,142,8111,8253,7897,38,104,214
0x90a06a,84.5147%,142,775,917,734,34,108,41
0x8fe286,91.6274%,142,1554,1696,985,75,67,569
0x619190,91.5072%,142,1530,1672,446,78,64,1084
0x50c0a4,92.7514%,142,1817,1959,1293,50,92,524
0x51193e,98.7362%,142,11094,11236,11003,21,121,91
0xa4503d,76.5289%,142,463,605,84,88,54,379
0xa39646,90.7129%,142,1387,1529,1171,65,77,216
0x8a2975,75.0883%,141,425,566,354,68,73,71
0x5bb61a,89.9429%,141,1261,1402,1256,27,114,5
0xad8590,98.7973%,141,11583,11724,5598,70,71,5985
0x48af20,81.3245%,141,614,755,139,76,65,475
0x5122c1,93.1851%,141,1928,2069,30,87,54,1898
0xa31102,65.6098%,141,269,410,227,56,85,42
0x5fd603,92.3204%,140,1683,1823,199,89,51,1484
0xa52870,93.4241%,140,1989,2129,1848,42,98,141
0x639ba3,86.3548%,140,886,1026,774,52,88,112
0x812625,96.6354%,140,4021,4161,528,81,59,3493
0x8fd641,93.8353%,140,2131,2271,1085,69,71,1046
0x4a2604,82.0051%,140,638,778,235,71,69,403
0xa25d04,94.8924%,140,2601,2741,941,72,68,1660
0x54f8a8,93.184%,140,1914,2054,1883,55,85,31
0xa3535a,92.6393%,140,1762,1902,915,68,72,847
0x8f297f,80.226%,140,568,708,69,86,54,499
0x8142ba,91.0657%,140,1427,1567,1184,55,85,243
0x40e4a5,92.191%,139,1641,1780,246,69,70,1395
0x8171dd,68.046%,139,296,435,229,46,93,67
0x548cc9,93.4092%,139,1970,2109,960,82,57,1010
0xa91ac9,71.6327%,139,351,490,38,89,50,313
0x809e11,75.2228%,139,422,561,372,38,101,50
0xa01874,81.901%,139,629,768,152,100,39,477
0x55239b,69.1275%,138,309,447,131,80,58,178
0xb0afd0,78.7037%,138,510,648,441,30,108,69
0x511927,98.7718%,138,11098,11236,768,80,58,10330
0x65a35e,96.7621%,138,4124,4262,2254,83,55,1870
0x50c3f6,77.5974%,138,478,616,284,71,67,194
0xa35857,88.2051%,138,1032,1170,343,73,65,689
0x810100,96%,138,3312,3450,2640,54,84,672
0x50980b,87.8521%,138,998,1136,120,75,63,878
0x666f7a,90.1146%,138,1258,1396,1240,37,101,18
0xa2d9df,77.1901%,138,467,605,92,80,58,375
0x501948,80.2857%,138,562,700,208,66,72,354
0x9f0ae3,83.9348%,138,721,859,111,91,47,610
0xa903c3,77.5974%,138,478,616,309,58,80,169
0x98cd52,96.3405%,138,3633,3771,1792,70,68,1841
0x90cf04,76.9616%,138,461,599,45,105,33,416
0xa17fc7,85.9487%,137,838,975,309,66,71,529
0xa63c40,74.6296%,137,403,540,349,54,83,54
0x53dc3b,99.2058%,137,17112,17249,263,104,33,16849
0xa027c1,89.3963%,137,1155,1292,1142,41,96,13
0xb0cc86,98.1481%,137,7261,7398,7188,38,99,73
0x97841e,82.4359%,137,643,780,420,58,79,223
0x640318,95.1384%,137,2681,2818,2310,75,62,371
0x8bcf38,96.5167%,137,3796,3933,224,93,44,3572
0x402ae9,96.4967%,136,3746,3882,3701,48,88,45
0x610db2,97.0588%,136,4488,4624,70,86,50,4418
0xa39cdc,86.6273%,136,881,1017,112,70,66,769
0x539d7f,81.6958%,136,607,743,495,54,82,112
0x547f65,82.3834%,136,636,772,588,42,94,48
0x722850,89.5625%,136,1167,1303,266,79,57,901
0x8a5dab,89.9185%,136,1213,1349,326,88,48,887
0x5116b0,96.3568%,136,3597,3733,2207,44,92,1390
0xaa4569,98.4212%,135,8416,8551,1445,76,59,6971
0x40debf,98.7333%,135,10523,10658,241,53,82,10282
0xa5654f,73.8372%,135,381,516,193,62,73,188
0x50221e,88.3721%,135,1026,1161,296,72,63,730
0xa35f0b,84.6066%,135,742,877,272,75,60,470
0x5f8524,84.0237%,135,710,845,402,80,55,308
0x66f533,64.191%,135,242,377,89,82,53,153
0x8ed6d9,87.5691%,135,951,1086,49,95,40,902
0x8044b9,67.3123%,135,278,413,67,82,53,211
0xa52640,95.4545%,135,2835,2970,2815,33,102,20
0x64b465,96.7084%,134,3937,4071,3712,56,78,225
0x53ab5f,81.965%,134,609,743,486,63,71,123
0x60b13f,98.273%,134,7625,7759,378,101,33,7247
0xa90ffd,80.9659%,134,570,704,105,90,44,465
0x49c750,88.5957%,134,1041,1175,368,81,53,673
0x4a1c82,91.2269%,133,1383,1516,26,94,39,1357
0x53f5c8,93.8625%,133,2034,2167,160,61,72,1874
0xb2fbc4,84.9718%,133,752,885,78,91,42,674
0xb313a0,86.2745%,133,836,969,252,69,64,584
0x90ef19,95.2803%,133,2685,2818,874,87,46,1811
0x805f2e,83.1218%,133,655,788,503,59,74,152
0x8a8b27,88.9351%,133,1069,1202,900,37,96,169
0x40d1fe,98.7841%,133,10805,10938,10785,53,80,20
0x53f64a,93.8625%,133,2034,2167,1739,65,68,295
0x813d9e,85.9873%,132,810,942,778,44,88,32
0x554e17,89.1626%,132,1086,1218,1023,53,79,63
0xa4506c,69.515%,132,301,433,187,70,62,114
0x8e96e2,87.8453%,132,954,1086,18,108,24,936
0xa56605,81.2766%,132,573,705,277,78,54,296
0x48ee0f,60.1208%,132,199,331,110,66,66,89
0x54f7fe,89.6956%,132,1149,1281,1059,40,92,90
0x8a54be,89.329%,132,1105,1237,1074,49,83,31
0xb0b9e1,97.7926%,132,5848,5980,5848,10,122,0
0x811b93,88.4615%,132,1012,1144,301,74,58,711
0x6433fb,97.027%,132,4308,4440,3867,60,72,441
0x8fd3dc,91.8317%,132,1484,1616,909,67,65,575
0x8e50eb,96.8504%,132,4059,4191,2116,98,34,1943
0x50181f,95.9347%,132,3115,3247,2193,59,73,922
0x627afa,88.6874%,131,1027,1158,1003,36,95,24
0x8d2648,96.2984%,131,3408,3539,1731,60,71,1677
0x5f7642,78.4185%,131,476,607,444,38,93,32
0x8eedd1,85.2974%,131,760,891,718,42,89,42
0x40d46e,93.1877%,131,1792,1923,274,67,64,1518
0x81e637,83.7871%,131,677,808,191,96,35,486
0xa555ac,81.7039%,131,585,716,487,48,83,98
0x5f850b,72.6514%,131,348,479,275,58,73,73
0x507448,76.225%,131,420,551,355,68,63,65
0x80aa58,73.8%,131,369,500,254,54,77,115
0x8e1326,96.8743%,131,4060,4191,2147,67,64,1913
0xa465dc,72.1277%,131,339,470,282,46,85,57
0x81959a,84.9013%,130,731,861,268,95,35,463
0x8c736f,86.2579%,130,816,946,29,97,33,787
0x50498c,79.2%,130,495,625,403,67,63,92
0x5cb05a,95.9476%,130,3078,3208,2265,51,79,813
0x40d197,99.788%,130,61190,61320,90,24,106,61100
0x80d87a,71.9828%,130,334,464,298,52,78,36
0xb46633,99.7222%,130,46664,46794,44542,68,62,2122
0xb14966,96.9704%,129,4129,4258,3698,47,82,431
0x596c13,94.4325%,129,2188,2317,927,60,69,1261
0xa2cbc3,85.5381%,129,763,892,419,76,53,344
0x98ccb0,93.072%,129,1733,1862,175,57,72,1558
0x81bea9,88.7238%,129,1015,1144,296,79,50,719
0x917923,81.0294%,129,551,680,492,46,83,59
0x8da201,97.8165%,129,5779,5908,5477,36,93,302
0x8dadf7,95.2258%,129,2573,2702,1987,79,50,586
0x80b402,76.9643%,129,431,560,272,55,74,159
0x81343f,92.3759%,129,1563,1692,465,85,44,1098
0xa9214b,89.2617%,128,1064,1192,579,84,44,485
0x818bdf,94.3363%,128,2132,2260,2023,43,85,109
0x4a1d73,89.1617%,128,1053,1181,985,41,87,68
0x49e97c,95.5556%,128,2752,2880,2650,69,59,102
0xa3320a,87.5607%,128,901,1029,490,59,69,411
0xa3349f,98.4709%,128,8243,8371,2147,71,57,6096
0x8a6241,63.0058%,128,218,346,74,69,59,144
0x8e0f32,99.7601%,128,53230,53358,51089,55,73,2141
0x40f703,99.887%,128,113125,113253,37681,70,58,75444
0xa5edb7,77.2647%,128,435,563,91,67,61,344
0x53aeef,82.7725%,128,615,743,505,44,84,110
0x9bc70f,67.5192%,127,264,391,58,69,58,206
0xa938a0,64.1243%,127,227,354,144,60,67,83
0x80fb2f,98.9877%,127,12419,12546,6388,50,77,6031
0x627b40,94.6232%,127,2235,2362,2023,84,43,212
0x9ed664,82.4828%,127,598,725,34,86,41,564
0x600288,91.1683%,127,1311,1438,689,60,67,622
0x5bba08,90.9415%,127,1275,1402,1253,30,97,22
0x805982,93.4816%,126,1807,1933,465,77,49,1342
0x8087ca,85.2632%,126,729,855,576,48,78,153
0x40d152,99.3347%,126,18813,18939,11078,49,77,7735
0x54ecea,96.4164%,126,3390,3516,3344,30,96,46
0x9f1d23,67.1018%,126,257,383,169,52,74,88
0xb314fa,70.0713%,126,295,421,139,57,69,156
0x5104a7,93.2979%,126,1754,1880,837,53,73,917
0x489a12,77.8559%,126,443,569,94,79,47,349
0x51173e,91.498%,126,1356,1482,372,45,81,984
0x5104af,87.3737%,125,865,990,732,44,81,133
0x83506a,80.3768%,125,512,637,292,54,71,220
0xaab161,98.2778%,125,7133,7258,814,58,67,6319
0x40d42e,94.9187%,125,2335,2460,2197,59,66,138
0x542cd4,97.1058%,125,4194,4319,3023,56,69,1171
0xb0ccb1,97.5859%,125,5053,5178,5007,24,101,46
0x8eba78,86.6167%,125,809,934,127,63,62,682
0x8fe577,97.6809%,125,5265,5390,4914,59,66,351
0x81c19c,89.2796%,125,1041,1166,996,40,85,45
0x8d9aea,93.4072%,125,1771,1896,828,57,68,943
0xb4660c,99.7329%,125,46669,46794,45289,70,55,1380
0x8eca79,97.1004%,125,4186,4311,2124,55,70,2062
0x5fe2e5,87.793%,125,899,1024,311,65,60,588
0x780218,99.1252%,124,14050,14174,13982,36,88,68
0x627f23,89.5004%,124,1057,1181,73,82,42,984
0x5fd71d,91.9218%,124,1411,1535,379,92,32,1032
0x80739d,93.3476%,124,1740,1864,1736,16,108,4
0x638d1d,89.701%,124,1080,1204,982,43,81,98
0x4a6f02,85.7968%,123,743,866,273,82,41,470
0xa54d43,58.8629%,123,176,299,139,44,79,37
0x48b2d5,79.1171%,123,466,589,156,69,54,310
0x813110,91.4286%,123,1312,1435,537,52,71,775
0x8da6f1,96.7826%,123,3700,3823,1151,58,65,2549
0x4c4af3,97.5854%,123,4971,5094,2556,50,73,2415
0x5411a5,98.9684%,123,11800,11923,9795,55,68,2005
0x8ed29b,90.9897%,122,1232,1354,51,78,44,1181
0x53de24,97.3263%,122,4441,4563,3986,51,71,455
0xa26042,87.9566%,122,891,1013,411,65,57,480
0x8fbf19,93.2335%,122,1681,1803,349,66,56,1332
0x540d0c,93.0445%,122,1632,1754,1421,42,80,211
0x40e722,92.9845%,122,1617,1739,1467,67,55,150
0x81178a,80.2589%,122,496,618,332,56,66,164
0x90d2db,83.1259%,122,601,723,541,58,64,60
0x405299,97.8152%,122,5462,5584,4639,69,53,823
0x547ee2,80.8847%,121,512,633,25,81,40,487
0x8a76f7,76.5957%,121,396,517,166,64,57,230
0x5df214,92.2036%,121,1431,1552,1404,37,84,27
0x8117c4,89.4046%,121,1021,1142,562,56,65,459
0x5be1b4,92.6755%,121,1531,1652,782,55,66,749
0xa26458,95.4985%,121,2567,2688,959,54,67,1608
0x4bc3f6,93.6609%,120,1773,1893,892,47,73,881
0x90e24b,84.2726%,120,643,763,561,42,78,82
0x41027a,98.0443%,120,6016,6136,5922,49,71,94
0xa30a5f,92.891%,120,1568,1688,416,61,59,1152
0x4bc0ae,90.7264%,120,1174,1294,960,50,70,214
0x511d6f,95.7657%,120,2714,2834,692,58,62,2022
0xa39cb9,88.9706%,120,968,1088,65,72,48,903
0x53872b,95.549%,120,2576,2696,1991,65,55,585
0x7cc2df,90.4686%,120,1139,1259,82,62,58,1057
0x596a38,66.0057%,120,233,353,93,49,71,140
0x8bccdd,98.5556%,119,8120,8239,5787,47,72,2333
0x8f2e34,78.7879%,119,442,561,163,61,58,279
0x807726,96.6564%,119,3440,3559,3196,22,97,244
0x4ca479,87.3539%,119,822,941,813,15,104,9
0xa529f0,94.4105%,119,2010,2129,1861,29,90,149
0x8a935b,96.1364%,119,2961,3080,2674,43,76,287
0x8a5d63,91.2528%,118,1231,1349,328,86,32,903
0x5904f7,91.7598%,118,1314,1432,10,73,45,1304
0x9e1899,87.5396%,118,829,947,745,65,53,84
0x5502e0,91.4369%,118,1260,1378,1223,36,82,37
0x8ffc4a,96.0189%,118,2846,2964,1410,62,56,1436
0x82131c,97.0194%,118,3841,3959,298,77,41,3543
0x40f579,93.1475%,118,1604,1722,43,84,34,1561
0xaade6c,99.2692%,117,15892,16009,8884,60,57,7008
0x901fda,97.5064%,117,4575,4692,3575,34,83,1000
0x4894a3,94.5353%,117,2024,2141,299,74,43,1725
0xa3b22c,66.7614%,117,235,352,56,68,49,179
0xa51051,76.6932%,117,385,502,67,59,58,318
0x8a5dec,67.7686%,117,246,363,134,51,66,112
0x5f830b,81.5166%,117,516,633,29,77,40,487
0x9a7bcb,86.1865%,117,730,847,211,77,40,519
0x6435f2,98.9906%,117,11474,11591,11278,71,46,196
0x40ded5,99.2193%,117,14869,14986,14848,30,87,21
0x4041b9,84.5745%,116,636,752,177,58,58,459
0xa0189b,71.8447%,116,296,412,75,77,39,221
0xa310f1,80.7947%,116,488,604,118,76,40,370
0x8fc406,98.942%,116,10848,10964,135,34,82,10713
0x783dde,93.6123%,116,1700,1816,727,56,60,973
0x8eb9bd,94.6911%,116,2069,2185,1655,43,73,414
0x833f56,86.0409%,116,715,831,276,60,56,439
0x63c7a4,84.8168%,116,648,764,163,66,50,485
0xa35948,88.4116%,116,885,1001,772,44,72,113
0x4051da,98.4221%,115,7173,7288,7116,40,75,57
0x8ffbd7,96.3916%,115,3072,3187,27,81,34,3045
0xa45bee,73.4411%,115,318,433,292,39,76,26
0xa3cbf1,67.3295%,115,237,352,176,46,69,61
0x8a64f5,89.0162%,115,932,1047,869,43,72,63
0x8141ca,95.3328%,115,2349,2464,74,78,37,2275
0x53450f,98.0097%,115,5663,5778,2823,59,56,2840
0x90d01b,84.9081%,115,647,762,557,42,73,90
0x49c085,76.8612%,115,382,497,371,31,84,11
0x9a7050,83.9609%,115,602,717,579,46,69,23
0x4bc5b1,91.9034%,114,1294,1408,618,80,34,676
0x81416e,96.4826%,114,3127,3241,317,65,49,2810
0x81f1f6,94.0871%,114,1814,1928,598,63,51,1216
0x9f9717,66.9565%,114,231,345,169,48,66,62
0x40d2ce,87.6096%,113,799,912,685,62,51,114
0xa5560f,78.8785%,113,422,535,73,55,58,349
0x446512,97.4136%,113,4256,4369,2297,75,38,1959
0x4bc0a5,92.4212%,113,1378,1491,128,69,44,1250
0x819d68,91.6296%,113,1237,1350,967,56,57,270
0x5babdc,85.112%,113,646,759,197,70,43,449
0xa45fc0,52.7426%,112,125,237,29,63,49,96
0x9a70c4,86.4897%,112,717,829,36,67,45,681
0xa39e17,88.8557%,112,893,1005,195,69,43,698
0x53fe73,93.5669%,112,1629,1741,75,80,32,1554
0x40d5d0,96.22%,112,2851,2963,1723,68,44,1128
0x59704c,91.8664%,112,1265,1377,400,68,44,865
0x81d305,79.1434%,112,425,537,110,55,57,315
0x40f54b,99.7166%,112,39404,39516,1707,58,54,37697
0xa4d2df,74.8879%,112,334,446,236,47,65,98
0x48b1c0,92.5779%,112,1397,1509,1381,29,83,16
0x9a74c0,84.5188%,111,606,717,598,27,84,8
0x404261,76.6316%,111,364,475,137,61,50,227
0x503168,98.5817%,111,7715,7826,3861,79,32,3854
0x8b9a56,76.4831%,111,361,472,112,62,49,249
0x8d23a7,97.8286%,111,5001,5112,247,57,54,4754
0x80bd30,97.1763%,111,3820,3931,3606,43,68,214
0x9eeea7,81.7434%,111,497,608,341,55,56,156
0xa95de0,80.662%,111,463,574,392,48,63,71
0x5fda33,98.8346%,111,9414,9525,6021,64,47,3393
0x595e36,84.6897%,111,614,725,92,78,33,522
0x4b52b2,70.0809%,111,260,371,60,64,47,200
0x5c6af3,97.1443%,110,3742,3852,222,42,68,3520
0x804708,77.4127%,110,377,487,210,54,56,167
0x643049,93.6047%,110,1610,1720,1353,23,87,257
0x816090,84.4852%,110,599,709,548,29,81,51
0x9ee58e,72.7047%,110,293,403,184,67,43,109
0x814146,99.2151%,110,13904,14014,2411,53,57,11493
0x8a24f6,68.5714%,110,240,350,18,62,48,222
0xa565ce,84.3972%,110,595,705,125,53,57,470
0x8bd5b5,96.9419%,110,3487,3597,1786,61,49,1701
0x9a70d1,84.8485%,110,616,726,577,45,65,39
0x8fd434,96.4979%,110,3031,3141,598,58,52,2433
0xa353e0,88.0694%,110,812,922,596,44,66,216
0xa159e3,87.074%,110,741,851,284,37,73,457
0x808828,80.5704%,109,452,561,274,53,56,178
0x40f5e3,99.0019%,109,10812,10921,6813,58,51,3999
0xa397fa,77.1008%,109,367,476,112,67,42,255
0x5fd72b,89.7556%,109,955,1064,897,31,78,58
0xa395e9,84.9448%,109,615,724,57,64,45,558
0x5b9d67,97.7028%,109,4636,4745,4579,45,64,57
0x9aa6f6,77.9798%,109,386,495,112,52,57,274
0x80593b,93.0925%,109,1469,1578,696,59,50,773
0x5341be,98.0406%,109,5454,5563,5387,41,68,67
0x8d0b9b,97.1095%,109,3662,3771,2842,42,67,820
0x5c6b8e,96.9235%,109,3434,3543,2099,49,60,1335
0x4c4a6b,97.8602%,109,4985,5094,1781,58,51,3204
0x807af3,76.2009%,109,349,458,169,54,55,180
0x811c13,85.8257%,109,660,769,632,32,77,28
0xa43d3f,87.1311%,109,738,847,245,48,61,493
0xa01a30,72.449%,108,284,392,262,33,75,22
0x7ce459,60.7273%,108,167,275,50,54,54,117
0x951019,48.8152%,108,103,211,59,47,61,44
0x53c6db,93.1559%,108,1470,1578,1187,45,63,283
0x9f2570,94.8301%,108,1981,2089,1980,14,94,1
0x58ffd7,98.5201%,108,7190,7298,22,77,31,7168
0xb0b19c,68.5131%,108,235,343,101,59,49,134
0x911029,75.2294%,108,328,436,124,64,44,204
0xa39adb,82.5806%,108,512,620,290,57,51,222
0x8d9c93,97.0289%,108,3527,3635,1890,43,65,1637
0x80f0b0,86.4213%,107,681,788,198,62,45,483
0x503991,97.5414%,107,4245,4352,4178,38,69,67
0x51c82f,99.0942%,107,11706,11813,11547,19,88,159
0x510e78,97.9846%,107,5202,5309,4852,36,71,350
0x5bba75,92.368%,107,1295,1402,937,30,77,358
0x8e0bf5,99.754%,106,42978,43084,20649,57,49,22329
0x942664,92.5352%,106,1314,1420,874,63,43,440
0x813e17,88.7473%,106,836,942,656,34,72,180
0x8d2357,84.593%,106,582,688,343,41,65,239
0x60a7d3,93.9498%,106,1646,1752,1517,50,56,129
0xa936dc,71.5818%,106,267,373,66,51,55,201
0xada7a3,98.4774%,106,6856,6962,5950,43,63,906
0x53fe87,93.9115%,106,1635,1741,1600,29,77,35
0x5075ed,96%,106,2544,2650,276,74,32,2268
0x805850,99.1316%,106,12100,12206,11283,38,68,817
0x7d0ee9,88.4908%,106,815,921,451,65,41,364
0x81849b,87.9133%,106,771,877,761,30,76,10
0x606fe9,98.7815%,106,8593,8699,8385,60,46,208
0x53a1cf,85.7335%,106,637,743,513,36,70,124
0x8a33f4,81.4488%,105,461,566,18,56,49,443
0x8bc97c,98.7716%,105,8443,8548,1169,43,62,7274
0x5fe23f,88.2287%,105,787,892,94,62,43,693
0x6670e6,89.1417%,105,862,967,809,39,66,53
0x805a80,85.5372%,105,621,726,462,37,68,159
0x8d2424,84.0183%,105,552,657,487,46,59,65
0x51029e,71.4674%,105,263,368,190,42,63,73
0x609edf,98.7212%,105,8106,8211,2463,46,59,5643
0x5389ef,92.8862%,105,1371,1476,102,52,53,1269
0x8a265c,62.6335%,105,176,281,16,60,45,160
0x8e2aa6,99.0629%,105,11100,11205,5751,72,33,5349
0x5bc220,92.3302%,105,1264,1369,46,73,32,1218
0x8eddcd,82.7586%,105,504,609,97,61,44,407
0x40f542,99.7361%,105,39683,39788,225,47,58,39458
0x8c7354,92.2737%,105,1254,1359,342,71,34,912
0x8da40a,89.9809%,105,943,1048,323,50,55,620
0x6041c5,99.5338%,104,22203,22307,10,51,53,22193
0xa39e20,85.9649%,104,637,741,53,60,44,584
0x40d44a,88.3669%,104,790,894,154,63,41,636
0x4886e1,90.2713%,104,965,1069,338,58,46,627
0x5bb3d6,92.582%,104,1298,1402,33,86,18,1265
0x555d1e,90.3793%,104,977,1081,960,18,86,17
0x5555b0,91.4614%,104,1114,1218,1098,17,87,16
0x81a8a1,80.1147%,104,419,523,385,33,71,34
0x40e02a,99.0697%,104,11075,11179,10927,38,66,148
0x640621,91.0422%,104,1057,1161,924,37,67,133
0x404ee6,90.7965%,104,1026,1130,356,76,28,670
0x8ead6c,92.3191%,104,1250,1354,58,71,33,1192
0x9d6991,72.3404%,104,272,376,234,30,74,38
0x81b0c6,80.2303%,103,418,521,148,56,47,270
0x8a5dbb,88.984%,103,832,935,30,75,28,802
0x639bf2,93.3847%,103,1454,1557,846,59,44,608
0x81041f,75.5924%,103,319,422,56,60,43,263
0x5fe634,84.1049%,103,545,648,128,68,35,417
0x819e5b,66.881%,103,208,311,193,27,76,15
0x539b2b,84.2988%,103,553,656,344,51,52,209
0xa50cc3,53.8462%,102,119,221,87,44,58,32
0xa2f7e1,55.2632%,102,126,228,12,71,31,114
0x4b9de7,92.093%,102,1188,1290,312,58,44,876
0x8ed2aa,93.122%,102,1381,1483,855,46,56,526
0xa333aa,92.0312%,102,1178,1280,541,35,67,637
0x49fef4,99.2686%,102,13844,13946,5143,57,45,8701
0x50d2b0,97.7538%,102,4439,4541,2717,33,69,1722
0x4bbcb8,94.5279%,102,1762,1864,72,57,45,1690
0xa4ba8f,83.1126%,102,502,604,366,44,58,136
0x81b3f5,85.5932%,102,606,708,483,37,65,123
0x81bdcb,93.5809%,102,1487,1589,171,53,49,1316
0x8fe9dc,96.9589%,102,3252,3354,1892,69,33,1360
0x9a7c7f,81.7531%,102,457,559,88,62,40,369
0x90f1e0,96.8185%,102,3104,3206,2991,15,87,113
0x80942f,87.9717%,102,746,848,712,29,73,34
0xb327da,93.9083%,101,1557,1658,628,44,57,929
0x65b99d,97.7928%,101,4475,4576,4100,54,47,375
0x81ea88,91.5763%,101,1098,1199,933,51,50,165
0x503ceb,79.7189%,101,397,498,240,48,53,157
0x510316,77.3543%,101,345,446,60,62,39,285
0x5390b7,83.0252%,101,494,595,142,61,40,352
0x8a9ebe,84.3895%,101,546,647,108,73,28,438
0x9c3dec,70.8092%,101,245,346,48,52,49,197
0x91126d,93.8825%,101,1550,1651,1157,51,50,393
0x8a2512,71.1429%,101,249,350,12,57,44,237
0x5097f5,93.7808%,101,1523,1624,439,49,52,1084
0x639be6,94.0762%,101,1604,1705,83,65,36,1521
0x547fd2,87.6225%,101,715,816,505,47,54,210
0x58f868,98.2484%,101,5665,5766,2444,38,63,3221
0x91110b,69.1131%,101,226,327,126,34,67,100
0x53a2c4,96.0506%,100,2432,2532,2426,48,52,6
0x8c941a,72.1448%,100,259,359,200,40,60,59
0x90144d,98.0989%,100,5160,5260,324,54,46,4836
0x5fe180,93.2341%,100,1378,1478,1359,26,74,19
0x537f48,97.884%,100,4626,4726,4595,39,61,31
0x8b9760,99.5108%,100,20340,20440,4066,55,45,16274
0x9a60b0,79.3814%,100,385,485,368,41,59,17
0x9fc7d1,82.699%,100,478,578,319,53,47,159
0x5483c4,99.2256%,100,12814,12914,948,43,57,11866
0xa30d2e,93.2478%,100,1381,1481,1285,39,61,96
0x5545bd,94.2759%,100,1647,1747,463,66,34,1184
0x4a1364,78.5867%,100,367,467,311,38,62,56
0x5ff5d0,79.2531%,100,382,482,371,36,64,11
0x80fec3,97.525%,99,3901,4000,3026,32,67,875
0x63ac65,80.8511%,99,418,517,81,58,41,337
0x8191fd,68.1672%,99,212,311,183,37,62,29
0x8f4997,98.0751%,99,5044,5143,2589,49,50,2455
0x542e40,95.6136%,99,2158,2257,2071,33,66,87
0x5928fd,91.7431%,99,1100,1199,645,49,50,455
0x40e140,94.0683%,99,1570,1669,156,48,51,1414
0x554e57,91.6173%,99,1082,1181,1043,33,66,39
0x5c6c57,95.3868%,99,2047,2146,1619,49,50,428
0x81c044,68.6709%,99,217,316,193,38,61,24
0x5bda0a,97.4687%,99,3812,3911,1948,46,53,1864
0x40bb23,77.9018%,99,349,448,96,54,45,253
0x48ebb7,81.1069%,99,425,524,141,65,34,284
0xb30096,99.7714%,99,43210,43309,0,0,99,43210
0xa39987,88.7628%,99,782,881,571,37,62,211
0x8d11d4,98.7688%,99,7942,8041,2258,43,56,5684
0x547f97,98.838%,99,8421,8520,346,56,43,8075
0x911094,77.5229%,98,338,436,220,49,49,118
0xb0ba10,98.306%,98,5687,5785,208,68,30,5479
0x944224,88.6047%,98,762,860,430,46,52,332
0x5e436a,93.5056%,98,1411,1509,1343,45,53,68
0x8ee0c3,83.908%,98,511,609,366,43,55,145
0x8e134f,95.0229%,98,1871,1969,283,62,36,1588
0x9f16e3,88.6574%,98,766,864,733,36,62,33
0xa32aea,95.1365%,98,1917,2015,32,61,37,1885
0x81b36b,84.4937%,98,534,632,270,53,45,264
0x99d9a7,74.9361%,98,293,391,48,64,34,245
0x54276b,98.9196%,98,8973,9071,8863,15,83,110
0x5023a6,95.1389%,98,1918,2016,1861,29,69,57
0xa3080f,90.5769%,98,942,1040,243,53,45,699
0x8fc463,97.0393%,98,3212,3310,500,53,45,2712
0x48ee29,70.3927%,98,233,331,88,57,41,145
0x60dd66,85.9599%,98,600,698,121,51,47,479
0x8da6dc,90.9599%,97,976,1073,666,37,60,310
0x63accc,84.48%,97,528,625,185,56,41,343
0x809f85,78.5872%,97,356,453,76,50,47,280
0x8be8e7,92.836%,97,1257,1354,1106,36,61,151
0x5913f2,82.037%,97,443,540,222,52,45,221
0x558a29,74.2021%,97,279,376,70,58,39,209
0x54f657,95.2775%,97,1957,2054,991,48,49,966
0x8a968c,96.8506%,97,2983,3080,1549,61,36,1434
0x627849,95.8933%,97,2265,2362,204,51,46,2061
0x5574e5,60.0823%,97,146,243,92,37,60,54
0x61178d,86.9096%,97,644,741,619,46,51,25
0xa331e3,94.8101%,97,1772,1869,966,63,34,806
0x8fe54d,97.7716%,96,4212,4308,70,62,34,4142
0x541810,94.4923%,96,1647,1743,1185,39,57,462
0xa5532f,63.7736%,96,169,265,111,40,56,58
0x58f9e9,79.661%,96,376,472,101,62,34,275
0x511b50,96.6126%,96,2738,2834,2403,47,49,335
0x81f1ff,92.423%,96,1171,1267,1101,28,68,70
0x5411ed,97.4783%,96,3711,3807,125,62,34,3586
0x50d6eb,83.5334%,96,487,583,263,45,51,224
0x9aaf4e,67.6768%,96,201,297,41,51,45,160
0x8e91c8,90%,96,864,960,830,25,71,34
0x48af89,90.5138%,96,916,1012,865,37,59,51
0x80a527,82.8877%,96,465,561,398,37,59,67
0xb0b171,68.5246%,96,209,305,24,63,33,185
0x8a87dd,89.7545%,96,841,937,34,71,25,807
0x81877c,88.8502%,96,765,861,759,16,80,6
0xa0278c,93.8224%,96,1458,1554,64,66,30,1394
0x5971cd,83.0688%,96,471,567,287,46,50,184
0x53c62a,90.2736%,96,891,987,266,51,45,625
0xa921c7,81.9048%,95,430,525,209,48,47,221
0x4bb335,97.7141%,95,4061,4156,3700,25,70,361
0x4872e4,91.6958%,95,1049,1144,408,50,45,641
0x404fff,69.1558%,95,213,308,64,46,49,149
0x8125b3,83.066%,95,466,561,168,66,29,298
0x8f5d64,87.2995%,95,653,748,58,61,34,595
0x81a549,88.5127%,95,732,827,140,55,40,592
0x590052,98.6983%,95,7203,7298,3648,31,64,3555
0x404430,93.4211%,95,1349,1444,40,60,35,1309
0x40f5ac,97.1489%,95,3237,3332,237,62,33,3000
0x8a775a,78.8419%,95,354,449,275,40,55,79
0x8d9cb0,92.8679%,95,1237,1332,141,58,37,1096
0x9e245c,88.4005%,95,724,819,557,45,50,167
0x53ecec,89.7603%,94,824,918,77,65,29,747
0x81889c,88.6336%,94,733,827,611,44,50,122
0x50ff60,91.7254%,94,1042,1136,66,54,40,976
0x8bc892,98.1346%,94,4945,5039,180,54,40,4765
0x5f862a,95.6622%,94,2073,2167,1765,39,55,308
0x8103cb,97.2754%,94,3356,3450,3011,29,65,345
0x5425a7,70.8075%,94,228,322,143,50,44,85
0x81315d,94.4444%,94,1598,1692,801,45,49,797
0x9aad3b,86.3965%,94,597,691,93,50,44,504
0x8eeb7d,84.5649%,94,515,609,106,52,42,409
0x80c13b,89.0443%,94,764,858,308,39,55,456
0x8eebaa,84.5649%,94,515,609,144,56,38,371
0x9f27f4,84.3434%,93,501,594,70,50,43,431
0xa2dfca,77.3171%,93,317,410,46,47,46,271
0xa17f37,90.8913%,93,928,1021,508,38,55,420
0x78401c,89.5388%,93,796,889,225,43,50,571
0x558cee,89.1986%,93,768,861,744,20,73,24
0x8e263e,98.237%,93,5182,5275,2498,39,54,2684
0x557dea,61.8852%,93,151,244,86,41,52,65
0xb0b3a7,98.3924%,93,5692,5785,5692,11,82,0
0x8fe043,98.4216%,93,5799,5892,2825,42,51,2974
0x53dc4c,99.4491%,93,16789,16882,16733,22,71,56
0x9f0aea,85.8447%,93,564,657,89,55,38,475
0x80a947,88.968%,93,750,843,707,24,69,43
0x5f7572,85.8877%,93,566,659,500,30,63,66
0x8bd3a7,97.4145%,93,3504,3597,1818,29,64,1686
0x592921,92.3269%,92,1107,1199,144,51,41,963
0x596aab,95.7933%,92,2095,2187,23,71,21,2072
0x8fd445,96.2978%,92,2393,2485,1244,48,44,1149
0xa91e65,81.2245%,92,398,490,283,35,57,115
0x4ba29b,93.4659%,92,1316,1408,856,47,45,460
0x511760,93.7922%,92,1390,1482,93,62,30,1297
0x8046ca,76.6497%,92,302,394,80,50,42,222
0x81bb14,82.3417%,92,429,521,150,54,38,279
0xa911ec,79.3258%,92,353,445,325,33,59,28
0x810928,63.6364%,92,161,253,59,50,42,102
0x8a93a9,95.0404%,92,1763,1855,852,59,33,911
0xa91b41,74.6556%,92,271,363,165,61,31,106
0x557c22,68.9189%,92,204,296,151,28,64,53
0x8b997e,99.6598%,92,26949,27041,26346,42,50,603
0xa34960,99.3699%,91,14352,14443,13009,33,58,1343
0x722d4b,78.2816%,91,328,419,39,70,21,289
0x512e4c,97.8588%,91,4159,4250,760,56,35,3399
0x5906d9,88.3333%,91,689,780,454,42,49,235
0x5fe23a,91.8165%,91,1021,1112,158,62,29,863
0x81c27b,83.4545%,91,459,550,449,21,70,10
0x81e86c,98.2422%,91,5086,5177,4544,28,63,542
0xaa0720,95.5761%,91,1966,2057,1932,28,63,34
0x512a16,94.609%,91,1597,1688,1077,41,50,520
0x40e0c4,99.1861%,91,11090,11181,893,51,40,10197
0x8da3a9,90.3397%,91,851,942,411,48,43,440
0x90feb5,97.6134%,91,3722,3813,312,53,38,3410
0xa9095d,62.8571%,91,154,245,50,46,45,104
0x59137d,83.5165%,90,456,546,276,47,43,180
0x40f532,99.7837%,90,41514,41604,60,34,56,41454
0x5103d7,98.4882%,90,5863,5953,206,64,26,5657
0x40d50a,90.3122%,90,839,929,620,57,33,219
0x812521,89.3238%,90,753,843,606,40,50,147
0x40e01b,98.1504%,90,4776,4866,4466,50,40,310
0x9e0162,91.6201%,90,984,1074,864,30,60,120
0xa39e56,93.8059%,90,1363,1453,1353,42,48,10
0x538756,90.6832%,90,876,966,37,54,36,839
0x8ddcf8,89.1041%,90,736,826,30,55,35,706
0xb0c519,87.1795%,90,612,702,527,28,62,85
0x58eb87,98.2778%,90,5136,5226,338,34,56,4798
0x55052f,99.2133%,90,11350,11440,551,30,60,10799
0x8223e7,96.1929%,90,2274,2364,48,50,40,2226
0x814097,90.4459%,90,852,942,136,64,26,716
0x53f5ff,95.8392%,89,2050,2139,364,45,44,1686
0x8a60d0,83.6697%,89,456,545,189,27,62,267
0xb2ffbf,91.8423%,89,1002,1091,303,47,42,699
0x402bed,89.6391%,89,770,859,124,34,55,646
0x49ff22,98.9824%,89,8657,8746,4135,38,51,4522
0x60022b,93.7102%,89,1326,1415,915,31,58,411
0x807740,97.4993%,89,3470,3559,126,43,46,3344
0x4a76aa,77.9156%,89,314,403,294,31,58,20
0x9f43b3,69.5205%,89,203,292,168,23,66,35
0x81017e,94.645%,89,1573,1662,757,45,44,816
0x81bcd6,82.9175%,89,432,521,151,53,36,281
0x8a2573,68.3274%,89,192,281,22,54,35,170
0x8eb9df,97.8523%,89,4055,4144,1261,42,47,2794
0xa50ebe,63.0705%,89,152,241,132,33,56,20
0x91177b,59.1743%,89,129,218,80,40,49,49
0x677516,70.6271%,89,214,303,73,42,47,141
0x80bc2c,77.4112%,89,305,394,86,44,45,219
0x8fd533,67.4074%,88,182,270,121,43,45,61
0x8da514,94.0177%,88,1383,1471,54,68,20,1329
0x821680,99.4994%,88,17491,17579,2289,35,53,15202
0x8a534e,67.1642%,88,180,268,82,48,40,98
0x8bc89d,98.1686%,88,4717,4805,1594,43,45,3123
0x94527a,83.3648%,88,441,529,201,38,50,240
0x8167cb,64.3725%,88,159,247,15,52,36,144
0xa280d3,73.7313%,88,247,335,85,41,47,162
0x8a5d58,94.3842%,88,1479,1567,153,65,23,1326
0xa91d2a,64.6586%,88,161,249,50,51,37,111
0x805d4e,90.8333%,88,872,960,20,69,19,852
0x9f0237,58.0952%,88,122,210,67,49,39,55
0x4c432c,96.5812%,88,2486,2574,244,42,46,2242
0xa4d540,68.9046%,88,195,283,69,52,36,126
0x48eae2,92.0218%,88,1015,1103,287,51,37,728
0xa01a0f,62.2318%,88,145,233,112,24,64,33
0xa900d0,78.5366%,88,322,410,86,50,38,236
0x50233a,82.8125%,88,424,512,22,46,42,402
0xa3a389,92.7691%,88,1129,1217,353,56,32,776
0x9f4741,85.1852%,88,506,594,145,32,56,361
0x552a4c,93.6139%,88,1290,1378,602,60,28,688
0x4bb1dd,90.9185%,88,881,969,241,40,48,640
0x81b101,72.381%,87,228,315,209,24,63,19
0x8ead7b,94.1335%,87,1396,1483,864,37,50,532
0x81a46a,78.7805%,87,323,410,168,43,44,155
0x509964,97.9968%,87,4256,4343,2228,62,25,2028
0x50c948,93.6865%,87,1291,1378,813,38,49,478
0x80fcb8,97.5%,87,3393,3480,496,48,39,2897
0x8f291b,94.7273%,87,1563,1650,603,51,36,960
0x8feeba,84.153%,87,462,549,113,49,38,349
0x53e3ba,97.2363%,87,3061,3148,712,42,45,2349
0x809f78,84.492%,87,474,561,44,64,23,430
0x501813,97.3803%,87,3234,3321,3201,46,41,33
0x900536,99.6424%,87,24240,24327,128,44,43,24112
0x5faa2f,79.2857%,87,333,420,267,38,49,66
0x8ed293,96.9334%,87,2750,2837,1429,54,33,1321
0x9ed3c7,85.3041%,87,505,592,348,31,56,157
0xb0b428,97.632%,87,3587,3674,3584,18,69,3
0x5069fd,81.4103%,87,381,468,337,41,46,44
0x488ed4,77.5773%,87,301,388,112,44,43,189
0x5b166a,83.1373%,86,424,510,247,48,38,177
0x9a8ff9,61.6071%,86,138,224,78,34,52,60
0x8fe34b,99.4473%,86,15475,15561,1522,65,21,13953
0x80fcc5,97.0708%,86,2850,2936,1700,46,40,1150
0x54252c,93.223%,86,1183,1269,319,46,40,864
0x5075f7,96.2609%,86,2214,2300,1192,52,34,1022
0x90ec45,91.6179%,86,940,1026,797,29,57,143
0x5345c0,98.5015%,86,5653,5739,2905,50,36,2748
0x535195,98.8539%,86,7418,7504,7375,29,57,43
0x90c1c1,97.0907%,86,2870,2956,2054,60,26,816
0x5592d6,82.9703%,86,419,505,21,63,23,398
0x80a957,89.7983%,86,757,843,632,18,68,125
0x41036b,88.2192%,86,644,730,489,32,54,155
0x50d2b9,95.1982%,86,1705,1791,1284,47,39,421
0x8a7723,84.1621%,86,457,543,92,67,19,365
0xa505f0,89.0026%,86,696,782,689,27,59,7
0x8ebf93,93.0421%,86,1150,1236,1146,22,64,4
0x8da4e8,98.222%,86,4751,4837,3811,28,58,940
0x9edfe0,71.1409%,86,212,298,90,33,53,122
0x9e24b9,83.6502%,86,440,526,89,44,42,351
0x8da44f,87.2593%,86,589,675,88,49,37,501
0x547fad,93.0645%,86,1154,1240,378,46,40,776
0x53c4cc,88.0721%,86,635,721,72,54,32,563
0x8e23ca,99.2325%,86,11119,11205,5411,43,43,5708
0x6434f4,95.4859%,85,1798,1883,260,54,31,1538
0x8fe28c,86.6352%,85,551,636,266,34,51,285
0x63b654,93.4916%,85,1221,1306,251,56,29,970
0x8a5d9c,94.5756%,85,1482,1567,155,63,22,1327
0xb30155,83.3984%,85,427,512,250,38,47,177
0xaaaf75,92.3007%,85,1019,1104,235,43,42,784
0x50d6be,93.0041%,85,1130,1215,594,38,47,536
0x6435a1,99.3695%,85,13396,13481,13396,46,39,0
0x8e4a58,97.9718%,85,4106,4191,313,33,52,3793
0x8d9ad3,97.1938%,85,2944,3029,1875,21,64,1069
0x610c5b,75.5102%,84,259,343,97,48,36,162
0x40f7c5,87.017%,84,563,647,253,35,49,310
0x90c224,96.0265%,84,2030,2114,1866,26,58,164
0x8d2443,80.3279%,84,343,427,97,57,27,246
0x545b0e,98.4862%,84,5465,5549,2513,40,44,2952
0x5f0c3f,86.4734%,84,537,621,237,46,38,300
0xa55302,68.3019%,84,181,265,21,46,38,160
0x5502bf,78.626%,84,309,393,246,28,56,63
0x4b5925,82.0513%,84,384,468,130,45,39,254
0x9f0a45,71.8121%,84,214,298,129,29,55,85
0x81e32c,89.7934%,84,739,823,567,41,43,172
0x81512f,74.5455%,84,246,330,227,24,60,19
0x819b80,95.6432%,84,1844,1928,1843,15,69,1
0x9a9a60,89.781%,84,738,822,229,47,37,509
0x8187f1,95.6768%,84,1859,1943,1843,15,69,16
0x8d3b03,77.3585%,84,287,371,76,48,36,211
0x5fd612,94.5277%,84,1451,1535,412,59,25,1039
0x908e88,79.4118%,84,324,408,47,54,30,277
0x40d2d9,93.3649%,84,1182,1266,1153,51,33,29
0x511f37,76%,84,266,350,162,50,34,104
0x91170b,78.3505%,84,304,388,228,36,48,76
0x818510,95.6432%,84,1844,1928,1844,14,70,0
0x541198,99.4067%,84,14075,14159,1202,43,41,12873
0x815809,80.2381%,83,337,420,31,57,26,306
0x410174,98.6867%,83,6237,6320,632,52,31,5605
0xa54d8c,69.4853%,83,189,272,106,24,59,83
0x90b29b,65.272%,83,156,239,97,35,48,59
0x40e61c,95.7392%,83,1865,1948,33,37,46,1832
0x9e2a37,55.8511%,83,105,188,79,27,56,26
0xa451d3,78.1579%,83,297,380,290,26,57,7
0x8c83ad,91.2262%,83,863,946,711,26,57,152
0x48db30,98.1403%,83,4380,4463,2556,54,29,1824
0x9a6fc0,89.0646%,83,676,759,672,27,56,4
0xa45a6e,82.1888%,83,383,466,343,37,46,40
0xa35c9f,93.251%,82,1133,1215,144,48,34,989
0x81a5f7,99.4242%,82,14158,14240,2408,47,35,11750
0x668103,96.4098%,82,2202,2284,1711,33,49,491
0x53baf3,92.8259%,82,1061,1143,124,31,51,937
0x8d266e,99.0167%,82,8257,8339,1856,32,50,6401
0x4b781e,86.2185%,82,513,595,96,52,30,417
0x53ef1d,75.6677%,82,255,337,158,25,57,97
0x819afb,90.6499%,82,795,877,770,21,61,25
0x8a970b,98.8068%,82,6790,6872,5423,17,65,1367
0x511650,98.9945%,82,8073,8155,781,21,61,7292
0xa3b211,83.4677%,82,414,496,93,51,31,321
0x9fb592,73.8019%,82,231,313,46,45,37,185
0x4a126c,92.5182%,82,1014,1096,744,45,37,270
0xb0cc48,97.6757%,82,3446,3528,3374,36,46,72
0x63eb09,92.0078%,82,944,1026,12,53,29,932
0xa43cc7,89.4466%,82,695,777,174,49,33,521
0x90150b,98.0212%,82,4062,4144,646,53,29,3416
0xa36124,72.7575%,82,219,301,23,49,33,196
0x8f5676,98.362%,82,4924,5006,2354,12,70,2570
0x9f450d,76.5043%,82,267,349,227,42,40,40
0x48bbb4,91.5026%,82,883,965,790,32,50,93
0x8adc5f,76.7705%,82,271,353,25,64,18,246
0x8daaab,94.8068%,82,1497,1579,142,58,24,1355
0x510f65,97.1519%,81,2763,2844,331,51,30,2432
0x90f2b7,97.3054%,81,2925,3006,2199,35,46,726
0x8a6229,80.8962%,81,343,424,24,54,27,319
0x81c300,95.5174%,81,1726,1807,1725,13,68,1
0x814aee,82.0399%,81,370,451,152,42,39,218
0x5fe105,77.3109%,81,276,357,88,38,43,188
0x40dbb6,99.1794%,81,9790,9871,11,58,23,9779
0x803ea9,69.3182%,81,183,264,84,42,39,99
0x80593f,95.8096%,81,1852,1933,664,47,34,1188
0x53b1d7,96.7326%,81,2398,2479,2387,35,46,11
0x9c429b,77.5%,81,279,360,53,47,34,226
0x807f75,83.2645%,81,403,484,23,42,39,380
0x8eac74,99.4173%,81,13820,13901,8827,32,49,4993
0x53c562,82.4675%,81,381,462,18,61,20,363
0x48e78f,97.7753%,81,3560,3641,3508,30,51,52
0x965fe7,74.7664%,81,240,321,24,59,22,216
0x63bba1,93.7836%,81,1222,1303,929,29,52,293
0xa583a9,64.7826%,81,149,230,66,41,40,83
0x50138b,94.9752%,81,1531,1612,1160,43,38,371
0x8a78c6,77.9891%,81,287,368,71,40,41,216
0xa4ff83,75.1553%,80,242,322,33,48,32,209
0x40cf7e,98.7465%,80,6302,6382,6302,37,43,0
0xa023a7,95.6687%,80,1767,1847,1107,38,42,660
0x4ba214,93.0616%,80,1073,1153,668,31,49,405
0x81a87a,88.935%,80,643,723,620,13,67,23
0xa5603e,80.9069%,80,339,419,310,29,51,29
0xa9048c,78.4946%,80,292,372,195,31,49,97
0x8e2ab3,98.5136%,80,5302,5382,1626,53,27,3676
0xa2d63f,83.0867%,80,393,473,224,55,25,169
0x48d9e6,83.1224%,80,394,474,43,54,26,351
0x5fd70c,95.6116%,80,1743,1823,236,52,28,1507
0xa2f2ac,80.4878%,80,330,410,229,40,40,101
0x5422c2,85.4809%,80,471,551,180,39,41,291
0x40d323,95.9288%,80,1885,1965,790,52,28,1095
0xa32fbb,77.9006%,80,282,362,184,40,40,98
0x90dc15,99.8429%,80,50853,50933,138,38,42,50715
0x5fd644,98.0139%,80,3948,4028,482,50,30,3466
0x548545,97.037%,80,2620,2700,87,52,28,2533
0x81b894,84.6449%,80,441,521,152,52,28,289
0x55707a,67.6113%,80,167,247,88,45,35,79
0x604c1d,64.7577%,80,147,227,28,54,26,119
0x90028f,80.344%,80,327,407,37,50,30,290
0xa30238,58.9744%,80,115,195,33,52,28,82
0x8a5f12,72.8814%,80,215,295,121,43,37,94
0x542b44,96.1353%,80,1990,2070,782,48,32,1208
0x8c7f1b,95.8442%,80,1845,1925,949,33,47,896
0x511137,95.221%,80,1594,1674,927,47,33,667
0x597047,95.2695%,79,1591,1670,243,50,29,1348
0xa024e4,97.2834%,79,2829,2908,1098,47,32,1731
0x80c184,90.9714%,79,796,875,272,59,20,524
0x5016a5,96.6354%,79,2269,2348,17,38,41,2252
0xa39bb0,87.0066%,79,529,608,30,40,39,499
0x8fef17,77.7465%,79,276,355,107,34,45,169
0x50b754,93.0274%,79,1054,1133,526,50,29,528
0x5b9c3c,57.2973%,79,106,185,22,51,28,84
0xa90b71,78.6486%,79,291,370,274,28,51,17
0x9b8fc7,75.3894%,79,242,321,22,61,18,220
0x815150,64.4144%,79,143,222,112,31,48,31
0x488bf1,84.3874%,79,427,506,139,57,22,288
0x8059d7,95.0283%,79,1510,1589,170,54,25,1340
0x8194c4,78.7062%,79,292,371,241,23,56,51
0x535101,98.9202%,79,7237,7316,7200,16,63,37
0x40ebe0,94.5404%,79,1368,1447,927,34,45,441
0xa2d6a0,72.0848%,79,204,283,38,47,32,166
0x8eba4b,83.7782%,79,408,487,41,47,32,367
0x595db4,91.745%,79,878,957,739,44,35,139
0xa4ff88,67.2199%,79,162,241,129,36,43,33
0x639afd,92.3002%,79,947,1026,929,32,47,18
0x552a26,94.3972%,79,1331,1410,648,46,33,683
0x8e0d96,99.8166%,79,43005,43084,41199,26,53,1806
0x9f0af2,84.6004%,79,434,513,32,49,30,402
0xb0afbb,88.8889%,78,624,702,9,45,33,615
0x406c37,86.7797%,78,512,590,228,40,38,284
0x4bb27f,83.0803%,78,383,461,316,31,47,67
0x81f6bb,97.6682%,78,3267,3345,1686,45,33,1581
0x4ba20f,94.2982%,78,1290,1368,174,41,37,1116
0x8d41bf,66.9492%,78,158,236,61,33,45,97
0x8dee22,96.1858%,78,1967,2045,1113,38,40,854
0x49af29,75.0799%,78,235,313,122,42,36,113
0x9a7f20,90.8019%,78,770,848,727,21,57,43
0x507020,83.3333%,78,390,468,120,46,32,270
0x81d15b,89.2414%,78,647,725,643,22,56,4
0x90b167,58.7302%,78,111,189,78,41,37,33
0xaa1528,68.6747%,78,171,249,52,49,29,119
0x81eda0,68.5484%,78,170,248,125,44,34,45
0x48bd27,90.2655%,77,714,791,627,21,56,87
0x5095b7,84.9315%,77,434,511,321,30,47,113
0x8feaaf,93.8792%,77,1181,1258,624,33,44,557
0x5f825c,91.6122%,77,841,918,91,51,26,750
0x502555,93.316%,77,1075,1152,312,47,30,763
0x8d9adb,93.2039%,77,1056,1133,737,26,51,319
0x501807,97.7636%,77,3366,3443,85,37,40,3281
0x502414,86.3233%,77,486,563,190,33,44,296
0x53afc4,96.8939%,77,2402,2479,2388,34,43,14
0xa28508,69.5652%,77,176,253,53,40,37,123
0x534b9e,58.8235%,77,110,187,90,31,46,20
0x510096,92.5097%,77,951,1028,543,57,20,408
0x9a7c2d,91.5011%,77,829,906,70,42,35,759
0x53ba4c,89.3204%,77,644,721,79,47,30,565
0xa585d2,77.6812%,77,268,345,81,38,39,187
0xb2e6ee,99.0369%,77,7918,7995,7649,32,45,269
0x534210,98.5903%,77,5385,5462,5275,30,47,110
0x5fa061,94.3465%,77,1285,1362,170,45,32,1115
0x4b4912,79.2453%,77,294,371,59,52,25,235
0x81b231,85.2207%,77,444,521,159,45,32,285
0xa5662c,85.0775%,77,439,516,406,29,48,33
0x8f44c5,95.4786%,77,1626,1703,1533,37,40,93
0xa33383,96.6753%,77,2239,2316,1240,40,37,999
0x5fa3e0,65.6109%,76,145,221,62,42,34,83
0x406d9b,99.7385%,76,28989,29065,28989,76,0,0
0x8103fe,93.437%,76,1082,1158,638,32,44,444
0x4bb9d3,75.873%,76,239,315,166,38,38,73
0x8ff7ad,99.1784%,76,9174,9250,5453,42,34,3721
0x41015f,99.3373%,76,11392,11468,687,43,33,10705
0x49cae4,89.0014%,76,615,691,36,47,29,579
0x404513,92.2999%,76,911,987,104,40,36,807
0x81236e,93.3566%,76,1068,1144,916,24,52,152
0x534e0b,99.0197%,76,7677,7753,1734,51,25,5943
0x410245,98.7648%,76,6077,6153,216,34,42,5861
0x8f57d3,99.1582%,76,8952,9028,4058,38,38,4894
0xa90090,79.2916%,76,291,367,37,48,28,254
0x53db73,81.6867%,76,339,415,53,33,43,286
0x5fac66,90.8982%,76,759,835,119,43,33,640
0x509b6e,95.9488%,76,1800,1876,438,50,26,1362
0x4b58d1,83.7607%,76,392,468,168,30,46,224
0x54823a,98.8871%,76,6753,6829,6016,21,55,737
0x4101b4,98.9405%,76,7097,7173,7096,14,62,1
0x805abc,84.7695%,76,423,499,393,22,54,30
0x8dae16,92.0916%,76,885,961,17,56,20,868
0x8eebe5,80.2111%,75,304,379,205,34,41,99
0x80dca8,95.8882%,75,1749,1824,520,50,25,1229
0x8ea1e2,96.9685%,75,2399,2474,2298,32,43,101
0x81c4f0,81.4356%,75,329,404,322,20,55,7
0x48bff6,88.8227%,75,596,671,497,30,45,99
0x54f771,82.9157%,75,364,439,37,41,34,327
0x40df72,99.4959%,75,14803,14878,14779,42,33,24
0x9a8080,91.8212%,75,842,917,823,29,46,19
0x5fa1f6,91.535%,75,811,886,570,40,35,241
0x4a6e6f,78.8732%,75,280,355,233,28,47,47
0x5c6ad8,98.1477%,75,3974,4049,3831,20,55,143
0x5bc229,94%,75,1175,1250,938,29,46,237
0x9f32f5,80.5699%,75,311,386,120,35,40,191
0x4fdb91,76.489%,75,244,319,213,40,35,31
0x556068,93.062%,75,1006,1081,2,58,17,1004
0x4021ab,98.6276%,74,5318,5392,3371,45,29,1947
0x807fca,51.9481%,74,80,154,41,38,36,39
0x8171d0,86.8093%,74,487,561,94,32,42,393
0x81a7f9,83.4452%,74,373,447,89,40,34,284
0x5f1139,84.322%,74,398,472,118,45,29,280
0x80c194,82.5882%,74,351,425,120,40,34,231
0xa26341,92.8983%,74,968,1042,388,35,39,580
0x8a5179,89.4886%,74,630,704,359,23,51,271
0x608c96,86.6426%,74,480,554,326,28,46,154
0xb2e849,99.0744%,74,7921,7995,7884,41,33,37
0x5faa11,91.1377%,74,761,835,393,22,52,368
0x50252d,94.6103%,74,1299,1373,174,47,27,1125
0x5bae82,63%,74,126,200,15,46,28,111
0x81f214,96.1618%,74,1854,1928,147,29,45,1707
0x8d245f,72.8938%,74,199,273,51,43,31,148
0xa56ecb,80.6283%,74,308,382,74,50,24,234
0x8ec38b,93.2666%,74,1025,1099,153,48,26,872
0x545768,97.2191%,74,2587,2661,131,37,37,2456
0x80fd0c,99.6113%,74,18966,19040,9904,48,26,9062
0x8ae9c4,79.6143%,74,289,363,121,25,49,168
0x5459b2,99.3831%,74,11921,11995,159,42,32,11762
0x511986,98.1796%,74,3991,4065,272,53,21,3719
0x9ed669,87.7686%,74,531,605,527,19,55,4
0x81b36f,89.548%,74,634,708,164,42,32,470
0x8ddabd,82.2816%,73,339,412,116,48,25,223
0x81eab4,86.7273%,73,477,550,177,38,35,300
0x40f514,99.8656%,73,54241,54314,54241,73,0,0
0xa39380,91.9692%,73,836,909,226,47,26,610
0xb3aaf9,97.4095%,73,2745,2818,2019,25,48,726
0x81b28e,76.8254%,73,242,315,216,17,56,26
0x5f82cc,88.1877%,73,545,618,47,36,37,498
0x9f98a0,95.8617%,73,1691,1764,1688,17,56,3
0x544872,78.4024%,73,265,338,132,28,45,133
0x9e29a7,71.3725%,73,182,255,31,41,32,151
0x9a8f11,86.9875%,73,488,561,475,25,48,13
0x58b78d,92.6854%,73,925,998,775,30,43,150
0x8fd489,96.2564%,73,1877,1950,1415,28,45,462
0x8aebd4,78.9017%,73,273,346,104,35,38,169
0x8e0a85,97.1966%,73,2531,2604,770,40,33,1761
0x485b05,80.3235%,73,298,371,124,22,51,174
0xa50eb6,77.3292%,73,249,322,38,43,30,211
0x9f03a0,87.9339%,73,532,605,181,41,32,351
0x60974a,54.9383%,73,89,162,46,33,40,43
0x80a578,77.6758%,73,254,327,63,40,33,191
0x8ea2a7,94.0408%,73,1152,1225,1151,28,45,1
0x95241a,81.4249%,73,320,393,289,30,43,31
0xa8a7b5,71.7054%,73,185,258,41,42,31,144
0x8e26e6,94.8951%,73,1357,1430,43,46,27,1314
0x596bc1,96.8494%,73,2244,2317,1213,35,38,1031
0x90ec2d,92.9825%,72,954,1026,20,45,27,934
0xa44a00,88.4058%,72,549,621,52,41,31,497
0xa30a34,90.5512%,72,690,762,424,19,53,266
0xa50b0c,70.1245%,72,169,241,137,28,44,32
0x53417f,98.9592%,72,6846,6918,6805,12,60,41
0x40e662,95.9933%,72,1725,1797,1709,30,42,16
0xaa05e0,93.9496%,72,1118,1190,1106,17,55,12
0x8bc791,99.6919%,72,23294,23366,22994,54,18,300
0x81184f,91.4591%,72,771,843,234,48,24,537
0x539d1b,90.828%,72,713,785,704,27,45,9
0x9aaeb8,75.7576%,72,225,297,137,36,36,88
0x4bbcdd,95.8501%,72,1663,1735,868,42,30,795
0x8e48cc,93.2267%,72,991,1063,774,29,43,217
0x8ec3df,86.1004%,72,446,518,56,43,29,390
0x54808b,98.4966%,72,4717,4789,956,29,43,3761
0x48eba3,90.0826%,72,654,726,147,55,17,507
0x8bd239,99.7788%,72,32472,32544,25966,26,46,6506
0x9a91ff,70.9677%,72,176,248,154,29,43,22
0x8a3497,85.3659%,72,420,492,219,32,40,201
0xa35f19,86.4151%,72,458,530,62,48,24,396
0xa18097,91.6182%,72,787,859,125,45,27,662
0x9ea37a,80.8511%,72,304,376,284,20,52,20
0xa50b03,77.6398%,72,250,322,41,40,32,209
0x54eb94,96.6355%,72,2068,2140,2068,29,43,0
0x50222a,90.9206%,72,721,793,691,40,32,30
0x63b4a7,96.5974%,72,2044,2116,1278,28,44,766
0x805a7b,97.4147%,72,2713,2785,2025,34,38,688
0x816c8e,94.17%,72,1163,1235,181,42,30,982
0x49c7d9,74.0072%,72,205,277,186,35,37,19
0x9f0b2f,89.1239%,72,590,662,110,39,33,480
0x406cd7,99.8951%,72,68562,68634,68562,72,0,0
0x40ddc6,99.149%,71,8272,8343,3584,39,32,4688
0x4b500b,73.8007%,71,200,271,101,39,32,99
0x5411e6,99.4983%,71,14080,14151,10307,37,34,3773
0x48d652,98.4113%,71,4398,4469,4374,26,45,24
0x539b76,93.8634%,71,1086,1157,120,35,36,966
0x8fe272,96.1392%,71,1768,1839,581,41,30,1187
0x6104a7,86.9245%,71,472,543,219,44,27,253
0x51b067,89.3393%,71,595,666,276,27,44,319
0x8da56c,93.7828%,71,1071,1142,137,34,37,934
0x8e1b15,99.7639%,71,30002,30073,2244,36,35,27758
0x59bc07,94.4961%,71,1219,1290,148,34,37,1071
0x8feed1,81.6537%,71,316,387,30,40,31,286
0x909b17,99.202%,71,8826,8897,3297,32,39,5529
0x8149d7,78.4848%,71,259,330,246,21,50,13
0x7d09b6,92.291%,71,850,921,170,44,27,680
0x9ebb02,81.4136%,71,311,382,69,55,16,242
0x48ebbc,77.673%,71,247,318,117,32,39,130
0x4b497b,93.1927%,71,972,1043,866,39,32,106
0x8a517e,77.9503%,71,251,322,169,23,48,82
0x510f8d,97.5035%,71,2773,2844,343,39,32,2430
0x54562f,91.5173%,71,766,837,212,30,41,554
0x9e62cc,70.4167%,71,169,240,18,54,17,151
0x9be5ab,81.4136%,71,311,382,70,54,17,241
0x5469e0,96.2073%,71,1801,1872,184,50,21,1617
0x9aafce,86.9245%,71,472,543,53,39,32,419
0xa34d88,93.0417%,70,936,1006,707,34,36,229
0x817c57,79.351%,70,269,339,99,42,28,170
0xa32a38,94.5184%,70,1207,1277,1198,20,50,9
0x8223f9,96.9109%,70,2196,2266,375,46,24,1821
0x4b4960,73.0769%,70,190,260,59,36,34,131
0x99c843,94.8033%,70,1277,1347,454,41,29,823
0x8fde2c,94.5525%,70,1215,1285,702,42,28,513
0x78099e,93.5839%,70,1021,1091,965,28,42,56
0x405747,99.0102%,70,7002,7072,2636,44,26,4366
0x5481c3,99.357%,70,10816,10886,122,37,33,10694
0x8a9468,99.91%,70,77706,77776,4343,37,33,73363
0xa94a6d,66.3462%,70,138,208,101,31,39,37
0x50fd65,99.468%,70,13087,13157,12651,32,38,436
0x4fd93f,95.8968%,70,1636,1706,1628,21,49,8
0x50ce01,78.5047%,69,252,321,156,40,29,96
0x90bc0b,99.8645%,69,50864,50933,50730,27,42,134
0x81a7d1,84.5638%,69,378,447,31,45,24,347
0x409aa4,86.3636%,69,437,506,164,32,37,273
0x8e2d3b,98.1366%,69,3634,3703,3368,24,45,266
0xa3349b,98.5468%,69,4679,4748,3010,35,34,1669
0x8fe995,97.9434%,69,3286,3355,134,36,33,3152
0x64b11c,97.4632%,69,2651,2720,1657,36,33,994
0x53b23f,97.1698%,69,2369,2438,2341,34,35,28
0x48d860,96.2923%,69,1792,1861,33,46,23,1759
0x80a56b,84.1379%,69,366,435,66,42,27,300
0x559153,92.3673%,69,835,904,459,29,40,376
0x81beed,93.9685%,69,1075,1144,909,31,38,166
0x9a7660,87.4088%,69,479,548,473,26,43,6
0x817bec,93.5393%,69,999,1068,244,34,35,755
0xa17ee4,92.5081%,69,852,921,331,44,25,521
0xb3224a,99.7666%,69,29498,29567,0,0,69,29498
0x54f7bb,92.7215%,69,879,948,20,41,28,859
0x807f87,85.7438%,69,415,484,389,26,43,26
0xb2e5d9,99.7641%,69,29180,29249,0,0,69,29180
0x8108ec,82.4873%,69,325,394,92,38,31,233
0x8bd4c0,99.8417%,69,43520,43589,9010,30,39,34510
0x8b9700,99.6623%,69,20365,20434,17677,29,40,2688
0x5346dc,78.0952%,69,246,315,201,13,56,45
0x4becdc,92.5806%,69,861,930,692,35,34,169
0x8ed1c3,99.5036%,69,13832,13901,8834,25,44,4998
0xa25b4b,93.2873%,68,945,1013,108,33,35,837
0xa9b81b,77.4834%,68,234,302,31,42,26,203
0x4b5658,76.3066%,68,219,287,64,32,36,155
0x80c000,94.1023%,68,1085,1153,1023,16,52,62
0x53505f,98.5774%,68,4712,4780,4697,19,49,15
0x64384d,66.6667%,68,136,204,125,34,34,11
0x627aea,97.1211%,68,2294,2362,1138,43,25,1156
0x8ef0bd,94.4171%,68,1150,1218,287,29,39,863
0x8a5f46,71.7842%,68,173,241,113,43,25,60
0x835056,92.827%,68,880,948,240,51,17,640
0x9e4054,84.4037%,68,368,436,259,30,38,109
0x8d2469,62.0112%,68,111,179,57,38,30,54
0x48dcef,99.0262%,68,6915,6983,43,40,28,6872
0x8a8946,85.1528%,68,390,458,303,32,36,87
0x803e9b,82.7411%,68,326,394,93,37,31,233
0x80546e,94.4984%,68,1168,1236,1112,35,33,56
0x807813,96.3043%,68,1772,1840,1753,13,55,19
0x40d312,91.425%,68,725,793,149,21,47,576
0x489499,96.8239%,68,2073,2141,206,54,14,1867
0x8bc78b,99.7222%,68,24408,24476,1063,47,21,23345
0x512acf,93.9177%,68,1050,1118,691,43,25,359
0xa30434,86.1224%,68,422,490,239,31,37,183
0x48c5c7,90.0149%,67,604,671,509,18,49,95
0xa022fd,97.4505%,67,2561,2628,87,35,32,2474
0x534966,98.3546%,67,4005,4072,3968,38,29,37
0x8ec397,92.539%,67,831,898,23,48,19,808
0x50c0b2,89.1234%,67,549,616,461,35,32,88
0x9f9381,74.717%,67,198,265,151,28,39,47
0xa527fb,88.8704%,67,535,602,390,20,47,145
0x8bad20,98.9611%,67,6382,6449,5980,23,44,402
0x9e25d0,88.586%,67,520,587,225,28,39,295
0xa30b4b,96.0308%,67,1621,1688,1456,25,42,165
0x53a17b,91.465%,67,718,785,710,21,46,8
0xaa3388,91.1609%,67,691,758,292,43,24,399
0x8ec3eb,84.0095%,67,352,419,159,44,23,193
0xb2ae27,97.8984%,67,3121,3188,2118,32,35,1003
0x80a463,85.2097%,67,386,453,304,23,44,82
0xa510a6,73.5178%,67,186,253,157,30,37,29
0xb2fa8a,99.7647%,67,28413,28480,0,0,67,28413
0x54ff67,85.2423%,67,387,454,380,17,50,7
0x80df30,98.0966%,67,3453,3520,1066,34,33,2387
0x53aafb,91.4541%,67,717,784,709,22,45,8
0x9f285b,91.8293%,67,753,820,167,46,21,586
0x81d4a8,63.1868%,67,115,182,102,20,47,13
0x818d3b,98.6497%,67,4895,4962,150,35,32,4745
0xa275eb,96.7444%,67,1991,2058,1943,23,44,48
0x538a01,93.1563%,67,912,979,211,45,22,701
0x643467,90.9337%,67,672,739,52,38,29,620
0xa41b35,93.457%,67,957,1024,232,35,32,725
0x9f3306,70.9957%,67,164,231,29,42,25,135
0x50f8f4,93.7963%,67,1013,1080,338,32,35,675
0x8da1df,88.8519%,67,534,601,174,32,35,360
0xa49f98,89.4984%,67,571,638,467,26,41,104
0x8f5786,99.2689%,66,8962,9028,7959,8,58,1003
0x48f000,75%,66,198,264,100,35,31,98
0x81d312,82.2581%,66,306,372,150,32,34,156
0xa26317,93.666%,66,976,1042,248,22,44,728
0xa941e4,68.1159%,66,141,207,43,35,31,98
0x9e0031,93.8547%,66,1008,1074,296,21,45,712
0x80a552,76.5957%,66,216,282,124,32,34,92
0xa90944,83.8631%,66,343,409,134,30,36,209
0x8fea64,98.0168%,66,3262,3328,2102,21,45,1160
0x60a673,94.2308%,66,1078,1144,12,38,28,1066
0x49e145,95.6378%,66,1447,1513,123,42,24,1324
0x547e7a,91.4948%,66,710,776,194,37,29,516
0x488a3b,95.6721%,66,1459,1525,320,38,28,1139
0x80471a,70.4036%,66,157,223,71,36,30,86
0xa66127,62.2857%,66,109,175,25,37,29,84
0x4bac5a,92.5255%,66,817,883,266,38,28,551
0x552acf,95.3191%,66,1344,1410,1344,34,32,0
0x4bb0f9,87.5%,66,462,528,148,40,26,314
0x555d68,93.8945%,66,1015,1081,6,50,16,1009
0x49b2d7,93.2573%,65,899,964,0,51,14,899
0xb32263,99.7729%,65,28563,28628,0,0,65,28563
0x8eecb8,89.9846%,65,584,649,78,53,12,506
0x80e81e,87.1542%,65,441,506,181,37,28,260
0xa41e11,96.5517%,65,1820,1885,1240,20,45,580
0x511516,98.9238%,65,5975,6040,900,46,19,5075
0x9ea6f7,65.7895%,65,125,190,62,31,34,63
0x40e625,96.5389%,65,1813,1878,266,22,43,1547
0x4ace74,73.029%,65,176,241,25,35,30,151
0x8a6219,86.4583%,65,415,480,11,45,20,404
0x5030de,99.1488%,65,7571,7636,1232,34,31,6339
0xa50488,74.3083%,65,188,253,9,42,23,179
0xa8ab97,74.8062%,65,193,258,44,39,26,149
0x541bbf,92.1498%,65,763,828,54,32,33,709
0x8145d6,97.9713%,65,3139,3204,2642,28,37,497
0x90a057,93.6647%,65,961,1026,67,42,23,894
0xa9075f,70.852%,65,158,223,34,42,23,124
0x552975,95.3901%,65,1345,1410,1223,45,20,122
0xaa149b,81.8942%,65,294,359,123,41,24,171
0x8da6d4,97.7185%,65,2784,2849,1757,19,46,1027
0x8da180,90.4971%,65,619,684,480,28,37,139
0x80e95d,93.9479%,65,1009,1074,817,21,44,192
0x804095,74.3083%,65,188,253,65,44,21,123
0x47f253,94.2478%,65,1065,1130,11,47,18,1054
0x82167c,99.6371%,65,17846,17911,305,27,38,17541
0x48eaf6,91.5033%,65,700,765,319,23,42,381
0x9f19eb,83.0287%,65,318,383,11,40,25,307
0xa45caf,68.1373%,65,139,204,46,30,35,93
0x5580c7,91.2162%,65,675,740,332,38,27,343
0xb2fe33,79.6238%,65,254,319,24,27,38,230
0x596a45,81.5864%,65,288,353,117,28,37,171
0x5395ca,81.1047%,65,279,344,198,37,28,81
0xa9009b,76.9504%,65,217,282,39,37,28,178
0x51b47a,82.7493%,64,307,371,70,41,23,237
0xa02a51,79.288%,64,245,309,77,33,31,168
0x807f55,88.4892%,64,492,556,20,32,32,472
0x90018b,99.234%,64,8291,8355,229,39,25,8062
0x5448b7,93.9451%,64,993,1057,858,21,43,135
0x5f7987,78.3051%,64,231,295,37,26,38,194
0xa8a712,63.4286%,64,111,175,83,25,39,28
0x489f8c,98.4325%,64,4019,4083,3969,27,37,50
0x405036,99.6271%,64,17100,17164,17095,27,37,5
0x503e58,79.4212%,64,247,311,231,26,38,16
0x5f05d6,91.8575%,64,722,786,286,39,25,436
0xa36089,91.2807%,64,670,734,281,35,29,389
0xa2e24a,77.3852%,64,219,283,28,36,28,191
0x9eef80,62.3529%,64,106,170,65,30,34,41
0x59c98d,60.4938%,64,98,162,46,36,28,52
0xb0b0fe,63.8418%,64,113,177,87,34,30,26
0x9e3cad,95.0693%,64,1234,1298,975,20,44,259
0x403d67,95.0655%,64,1233,1297,113,29,35,1120
0x5343f7,99.2846%,64,8882,8946,25,16,48,8857
0x8d2567,85.0117%,64,363,427,155,32,32,208
0x9f52d1,81.6619%,64,285,349,197,25,39,88
0x8efa24,89.491%,64,545,609,395,22,42,150
0xa90733,83.2021%,64,317,381,120,33,31,197
0x8f29c0,89.8251%,64,565,629,318,18,46,247
0x7d0cfd,92.176%,64,754,818,218,45,19,536
0xa94466,71.875%,63,161,224,111,27,36,50
0x51c13e,98.4203%,63,3925,3988,968,16,47,2957
0x9eaa60,95.8306%,63,1448,1511,1447,10,53,1
0x507584,88.5662%,63,488,551,37,43,20,451
0x805177,80.9091%,63,267,330,34,29,34,233
0x54ecfb,98.2082%,63,3453,3516,3408,39,24,45
0x811df5,98.0799%,63,3218,3281,115,40,23,3103
0x8e0a8e,96.4883%,63,1731,1794,213,31,32,1518
0x48e7c6,98.5507%,63,4284,4347,4265,26,37,19
0x8a668d,58.5526%,63,89,152,21,33,30,68
0x404e26,99.4876%,63,12233,12296,10850,22,41,1383
0x8e2164,97.0574%,63,2078,2141,902,30,33,1176
0x5389a4,96.4265%,63,1700,1763,590,29,34,1110
0x8f4952,98.7005%,63,4785,4848,3102,27,36,1683
0x5413ff,99.5775%,63,14850,14913,14776,26,37,74
0x911127,87.6953%,63,449,512,411,25,38,38
0xa2a8f5,63.7931%,63,111,174,24,37,26,87
0x50bf9d,42.7273%,63,47,110,15,29,34,32
0x9f5977,67.5258%,63,131,194,25,34,29,106
0x8f35a5,92.2699%,63,752,815,122,38,25,630
0x494874,71.4932%,63,158,221,51,33,30,107
0x8f181d,84.131%,63,334,397,171,19,44,163
0x80f698,57.4324%,63,85,148,52,28,35,33
0x556a75,94.9761%,63,1191,1254,971,24,39,220
0x80591c,93.0078%,63,838,901,660,17,46,178
0x98b32d,81.0241%,63,269,332,24,39,24,245
0x5521ea,96.9957%,63,2034,2097,17,43,20,2017
0x5bd4ac,99.1998%,63,7810,7873,5924,17,46,1886
0x610d9d,99.3754%,63,10024,10087,31,34,29,9993
0x591212,78.2007%,63,226,289,163,28,35,63
0xa3a184,91.2983%,63,661,724,26,33,30,635
0xa36a49,88.3117%,63,476,539,463,22,41,13
0xa33849,89.4649%,63,535,598,331,29,34,204
0x9f3f17,80.5556%,63,261,324,85,33,30,176
0x488641,88.5036%,63,485,548,410,32,31,75
0x489d18,98.4309%,63,3952,4015,62,25,38,3890
0xa030dc,60.625%,63,97,160,69,23,40,28
0xa028c2,81.5476%,62,274,336,158,28,34,116
0x8d4192,83.2884%,62,309,371,76,48,14,233
0x54248c,95.1143%,62,1207,1269,1099,36,26,108
0x8bc941,99.5036%,62,12428,12490,12388,50,12,40
0xa4bd5d,75.4941%,62,191,253,185,28,34,6
0xaae25d,98.3189%,62,3626,3688,1867,40,22,1759
0xb2fce6,99.7247%,62,22457,22519,0,0,62,22457
0x811e18,98.0103%,62,3054,3116,2037,29,33,1017
0xa029c2,81.5476%,62,274,336,93,44,18,181
0x8aed9b,68.6869%,62,136,198,115,24,38,21
0x811ac7,92.6453%,62,781,843,731,29,33,50
0x48e88b,97.9818%,62,3010,3072,2998,33,29,12
0x81426e,96.0434%,62,1505,1567,1461,25,37,44
0xb2e79a,77.9359%,62,219,281,11,42,20,208
0x80e50b,92.6453%,62,781,843,730,30,32,51
0xb2deb8,92.2886%,62,742,804,742,62,0,0
0x5cf3eb,96.7386%,62,1839,1901,1537,29,33,302
0x8bcb0e,80.5643%,62,257,319,49,39,23,208
0x9a9220,81.9242%,62,281,343,253,25,37,28
0x5fd66c,98.2265%,62,3434,3496,1278,38,24,2156
0x815195,81.2121%,62,268,330,242,25,37,26
0xa5536c,77.037%,62,208,270,110,20,42,98
0x4fdaf8,90.5054%,62,591,653,305,33,29,286
0x485dc3,86.4629%,62,396,458,228,37,25,168
0x64b597,99.7149%,62,21681,21743,4891,30,32,16790
0xa35ce4,94.8971%,62,1153,1215,91,15,47,1062
0x9f5895,84.264%,62,332,394,116,43,19,216
0xb301ab,87.8906%,62,450,512,46,22,40,404
0x80dcd2,94.523%,62,1070,1132,304,36,26,766
0x911714,69.1542%,62,139,201,87,16,46,52
0x403e87,98.8521%,62,5339,5401,2252,29,33,3087
0x81891c,92.503%,62,765,827,159,36,26,606
0x508d57,62.4242%,62,103,165,69,41,21,34
0x60dc14,82.3864%,62,290,352,39,39,23,251
0x4b4a78,79.538%,62,241,303,19,33,29,222
0x5427f0,95.4108%,62,1289,1351,743,29,33,546
0x64b6cc,99.7601%,62,25779,25841,24862,29,33,917
0xa2fb64,90.4762%,62,589,651,324,34,28,265
0x8ef0cd,93.1264%,62,840,902,435,16,46,405
0x40f386,99.0337%,62,6354,6416,3080,30,32,3274
0x8187de,92.503%,62,765,827,723,19,43,42
0x8fdea9,99.833%,62,37057,37119,37057,62,0,0
0xa3672d,79.2517%,61,233,294,203,21,40,30
0x81bf7b,83.0084%,61,298,359,291,16,45,7
0x8e2ac2,98.3527%,61,3642,3703,2314,26,35,1328
0x8fdd9d,97.2841%,61,2185,2246,704,48,13,1481
0x5020dd,58.7838%,61,87,148,56,22,39,31
0x402bcd,96.5595%,61,1712,1773,36,37,24,1676
0x503e27,96.3341%,61,1603,1664,1586,26,35,17
0x80eb4e,94.3203%,61,1013,1074,612,30,31,401
0x61919b,94.6864%,61,1087,1148,770,20,41,317
0x53c685,94.8826%,61,1131,1192,416,35,26,715
0x8a61fc,94.2615%,61,1002,1063,109,45,16,893
0x49eabb,96.9469%,61,1937,1998,1934,22,39,3
0x8a5ddf,88.1783%,61,455,516,119,34,27,336
0x5faccb,94.3882%,61,1026,1087,860,18,43,166
0x534ece,99.2132%,61,7692,7753,4746,23,38,2946
0xaab3da,97.3547%,61,2245,2306,727,21,40,1518
0x48d640,98.6477%,61,4450,4511,8,34,27,4442
0xa2fb8f,91.0162%,61,618,679,66,29,32,552
0x8119d6,92.7639%,61,782,843,613,33,28,169
0x8a3449,87.6016%,61,431,492,413,19,42,18
0x9f0d8b,67.8947%,61,129,190,68,27,34,61
0xa39e10,95.2968%,61,1236,1297,270,22,39,966
0xb347bf,85.23%,61,352,413,255,30,31,97
0x9f4abb,82.5215%,61,288,349,80,42,19,208
0x7d185d,93.3768%,61,860,921,347,36,25,513
0x410749,68.3938%,61,132,193,119,20,41,13
0x512a22,89.2982%,61,509,570,387,33,28,122
0x504666,91.7568%,61,679,740,501,33,28,178
0xa52200,90.1929%,61,561,622,519,10,51,42
0xa023bd,91.3105%,61,641,702,199,33,28,442
0x627926,97.1928%,61,2112,2173,1122,25,36,990
0x80f645,98.025%,60,2978,3038,347,43,17,2631
0x40f658,99.0109%,60,6006,6066,5978,30,30,28
0x808e57,92.8826%,60,783,843,616,30,30,167
0x94422c,84.375%,60,324,384,155,31,29,169
0x4a7203,84.6154%,60,330,390,191,35,25,139
0x9ea4c7,75%,60,180,240,29,43,17,151
0x80765e,89.0909%,60,490,550,482,9,51,8
0x5fb1dc,72.093%,60,155,215,113,25,35,42
0x8a7460,69.3878%,60,136,196,5,47,13,131
0x807889,95.3416%,60,1228,1288,1082,29,31,146
0x81cf7d,75.2066%,60,182,242,26,34,26,156
0x8e0208,93.5414%,60,869,929,484,40,20,385
0x8159e6,89.3428%,60,503,563,414,20,40,89
0x403d2a,99.0249%,60,6093,6153,4929,35,25,1164
0x819c8c,95.6585%,60,1322,1382,1306,22,38,16
0x48adf6,98.8928%,60,5359,5419,4496,32,28,863
0xa23717,65.1163%,60,112,172,82,28,32,30
0x5fa306,93.228%,60,826,886,131,40,20,695
0x59bb9c,97.2171%,60,2096,2156,2096,60,0,0
0xa91b04,83.4711%,60,303,363,16,42,18,287
0x835022,97.5728%,60,2412,2472,972,38,22,1440
0x4ba436,81.7073%,60,268,328,56,29,31,212
0x8130ad,95.8188%,60,1375,1435,14,42,18,1361
0x6041fb,99.731%,60,22247,22307,0,0,60,22247
0x54800b,99.1273%,60,6815,6875,214,41,19,6601
0x821304,98.5309%,60,4024,4084,103,22,38,3921
0x9f9864,68.0851%,60,128,188,70,27,33,58
0x541dc9,94.3768%,60,1007,1067,352,12,48,655
0x503098,97.3178%,60,2177,2237,31,31,29,2146
0x53db2f,96.9152%,60,1885,1945,59,35,25,1826
0x6041ee,57.1429%,60,80,140,61,18,42,19
0x81f34d,95.6108%,60,1307,1367,25,35,25,1282
0x53c4df,89.916%,60,535,595,169,34,26,366
0x9f0b22,93.0556%,60,804,864,153,49,11,651
0xad7ee4,96.7427%,60,1782,1842,1629,40,20,153
0x8f6167,82.7586%,60,288,348,144,33,27,144
0x40e398,86.4253%,60,382,442,353,35,25,29
0x503a5b,90.1961%,60,552,612,521,30,30,31
0x5f796c,82.9545%,60,292,352,23,34,26,269
0x8eb9b4,99.0277%,59,6009,6068,3854,29,30,2155
0x50cb8f,86.3426%,59,373,432,349,18,41,24
0x80ffc7,97.9599%,59,2833,2892,2199,21,38,634
0x58f882,97.6229%,59,2423,2482,2175,32,27,248
0xa238d7,65.6977%,59,113,172,20,42,17,93
0x8ebab4,94.3269%,59,981,1040,504,27,32,477
0x8050a2,82.1212%,59,271,330,26,37,22,245
0x807f67,89.3885%,59,497,556,481,13,46,16
0x8f63d4,82.4405%,59,277,336,133,21,38,144
0x5390ab,91.8169%,59,662,721,93,33,26,569
0x596eaf,98.0894%,59,3029,3088,912,34,25,2117
0xa5d097,86.5297%,59,379,438,242,31,28,137
0x545776,97.6334%,59,2434,2493,1019,33,26,1415
0x8aa919,98.2754%,59,3362,3421,0,0,59,3362
0x53ecf9,92.3969%,59,717,776,191,40,19,526
0x51b09b,80.5281%,59,244,303,7,45,14,237
0x906b41,83.5196%,59,299,358,198,21,38,101
0xaa135c,65.4971%,59,112,171,38,26,33,74
0x8e0a9c,96.1935%,59,1491,1550,938,26,33,553
0x50f917,91.6901%,59,651,710,643,24,35,8
0xa3ba98,83.2386%,59,293,352,92,32,27,201
0x8196bf,95.0833%,59,1141,1200,82,39,20,1059
0x81f3b3,98.2367%,59,3287,3346,1639,33,26,1648
0x834243,78.6765%,58,214,272,94,16,42,120
0x51190e,97.3148%,58,2102,2160,1260,21,37,842
0x4b68d5,62.5806%,58,97,155,89,17,41,8
0x8e9233,93.7161%,58,865,923,229,40,18,636
0x54eafd,54.3307%,58,69,127,35,23,35,34
0x4fd923,96.8306%,58,1772,1830,1766,14,44,6
0xa5942b,80.2048%,58,235,293,47,34,24,188
0x53bb33,94.9256%,58,1085,1143,870,26,32,215
0x81d56b,88.0658%,58,428,486,167,43,15,261
0x9faff9,85.1662%,58,333,391,46,32,26,287
0x50454f,92.1622%,58,682,740,579,25,33,103
0x507591,96.375%,58,1542,1600,1533,17,41,9
0x8d3916,84.2818%,58,311,369,281,19,39,30
0x807fa0,66.2791%,58,114,172,62,35,23,52
0xaa45e0,99.5306%,58,12297,12355,12224,32,26,73
0x4b5664,69.6335%,58,133,191,54,35,23,79
0xa5548f,78.1132%,58,207,265,109,26,32,98
0x722da8,82.6866%,58,277,335,38,44,14,239
0x4b5330,84.3666%,58,313,371,89,35,23,224
0xb31be7,99.7317%,58,21557,21615,0,0,58,21557
0x9e299b,91.9332%,58,661,719,433,31,27,228
0xa36244,86.6359%,58,376,434,102,35,23,274
0x4873f4,74.6725%,58,171,229,58,33,25,113
0xa42949,97.0942%,58,1938,1996,857,34,24,1081
0xb2eb1e,99.2745%,58,7937,7995,295,19,39,7642
0x661619,98.4517%,58,3688,3746,2452,29,29,1236
0x9f0b5a,88.694%,58,455,513,392,26,32,63
0x4fd96e,93.4016%,58,821,879,748,24,34,73
0x9f9835,65.6805%,58,111,169,31,27,31,80
0x48a1b3,98.5795%,58,4025,4083,3993,22,36,32
0xb31bfb,99.7317%,58,21557,21615,21557,58,0,0
0x81e805,99.4523%,58,10532,10590,10385,28,30,147
0x80e7cc,92.6209%,58,728,786,617,21,37,111
0x53b010,97.621%,58,2380,2438,2360,15,43,20
0x49e4b7,63.9752%,58,103,161,6,37,21,97
0x4c1bb0,88.9105%,57,457,514,281,33,24,176
0x9e55b7,66.2722%,57,112,169,55,33,24,57
0x591bfc,65.2439%,57,107,164,93,20,37,14
0xa5297b,90.5316%,57,545,602,391,19,38,154
0x8e4d71,96.7128%,57,1677,1734,1318,24,33,359
0x8ead7f,94.732%,57,1025,1082,10,31,26,1015
0x8ee1fd,76.3485%,57,184,241,17,41,16,167
0xa39cee,93.1737%,57,778,835,57,26,31,721
0xa2d24e,92.1703%,57,671,728,670,25,32,1
0x48a700,97.3139%,57,2065,2122,0,40,17,2065
0x80bcab,88.7795%,57,451,508,307,25,32,144
0x5522b7,97.2018%,57,1980,2037,12,37,20,1968
0x9f9371,83.4783%,57,288,345,53,27,30,235
0x638d50,94.439%,57,968,1025,921,24,33,47
0x810623,89.5221%,57,487,544,350,30,27,137
0x40bc7a,92.6546%,57,719,776,211,30,27,508
0x5104e7,97.9686%,57,2749,2806,1189,37,20,1560
0xa3080b,84.0782%,57,301,358,122,28,29,179
0x488d0b,98.5075%,57,3762,3819,3748,14,43,14
0x9ee317,76.0504%,57,181,238,140,35,22,41
0x50771b,81.672%,57,254,311,137,20,37,117
0x40f5a3,98.4189%,57,3548,3605,237,36,21,3311
0x597069,96.2696%,57,1471,1528,1389,31,26,82
0x40ee59,97.4359%,57,2166,2223,1222,18,39,944
0x81c187,90.3226%,57,532,589,61,35,22,471
0x610c49,83.3819%,57,286,343,164,25,32,122
0x48e9f1,84.3407%,57,307,364,252,23,34,55
0x49ee45,89.3258%,57,477,534,40,38,19,437
0x53bad6,85.4592%,57,335,392,241,16,41,94
0x485acd,84.9057%,56,315,371,253,17,39,62
0x8160b7,71.134%,56,138,194,60,30,26,78
0x58ffdc,99.2221%,56,7143,7199,626,37,19,6517
0x5342d9,98.9747%,56,5406,5462,5343,18,38,63
0x503838,72.8155%,56,150,206,47,26,30,103
0x7ce465,67.2515%,56,115,171,27,26,30,88
0x810445,95.1641%,56,1102,1158,570,34,22,532
0x40ffa0,98.3107%,56,3259,3315,62,16,40,3197
0x8be3e5,94.0489%,56,885,941,294,25,31,591
0x4bac96,94.1788%,56,906,962,352,21,35,554
0x541cbf,95.9828%,56,1338,1394,47,25,31,1291
0x53aea2,92.8571%,56,728,784,720,11,45,8
0x816c78,95.4656%,56,1179,1235,571,23,33,608
0x51b06f,84.573%,56,307,363,28,29,27,279
0x835e7f,96.9349%,56,1771,1827,1764,25,31,7
0x80bc1b,88.0597%,56,413,469,36,39,17,377
0x48ce16,98.4824%,56,3634,3690,13,42,14,3621
0x8d30a9,84.9057%,56,315,371,91,33,23,224
0x51b845,96.0867%,56,1375,1431,449,22,34,926
0xa2fe83,79.7834%,56,221,277,92,25,31,129
0x9777c5,93.5558%,56,813,869,789,23,33,24
0x5914b7,89.2925%,56,467,523,356,27,29,111
0xa3045f,91.0112%,56,567,623,32,37,19,535
0x9bb67f,67.4419%,56,116,172,84,26,30,32
0xad7fa4,93.9655%,56,872,928,0,0,56,872
0x5f7954,91.5023%,56,603,659,278,29,27,325
0xa58548,66.2651%,56,110,166,74,33,23,36
0xb0b00d,68.3616%,56,121,177,48,24,32,73
0x9f24eb,69.0608%,56,125,181,58,34,22,67
0x9e24ad,90.6977%,56,546,602,56,20,36,490
0x64adf3,99.7709%,56,24383,24439,21673,43,13,2710
0x9aa664,94.9413%,56,1051,1107,902,14,42,149
0x8a8e82,96.7705%,56,1678,1734,28,42,14,1650
0x5579a1,89.1473%,56,460,516,123,34,22,337
0x542262,99.095%,56,6132,6188,177,42,14,5955
0x48c132,61.8056%,55,89,144,17,29,26,72
0x542d30,97.343%,55,2015,2070,156,35,20,1859
0x9ea6a3,81.0345%,55,235,290,148,19,36,87
0x64b460,99.7397%,55,21076,21131,17037,23,32,4039
0x5af082,96.3455%,55,1450,1505,664,32,23,786
0x54f586,98.1949%,55,2992,3047,13,36,19,2979
0x40dd31,98.4263%,55,3440,3495,2823,17,38,617
0x534450,99.0356%,55,5648,5703,18,30,25,5630
0x813687,83.3333%,55,275,330,245,24,31,30
0x96c111,98.1854%,55,2976,3031,74,44,11,2902
0x908277,98.4441%,55,3480,3535,260,30,25,3220
0x49e1b1,95.3508%,55,1128,1183,1118,23,32,10
0xa41db1,97.0822%,55,1830,1885,169,36,19,1661
0x81eed2,96.0798%,55,1348,1403,1348,11,44,0
0xa92d3f,75.6637%,55,171,226,119,29,26,52
0x5928dd,96.7203%,55,1622,1677,648,25,30,974
0xaa8076,89.603%,55,474,529,244,22,33,230
0xa51c30,94.2408%,55,900,955,890,9,46,10
0x6094e4,93.0991%,55,742,797,63,36,19,679
0x5c4f7b,93.9627%,55,856,911,723,22,33,133
0x80fd88,99.7111%,55,18985,19040,17837,13,42,1148
0x48c722,61.8056%,55,89,144,64,22,33,25
0x81beba,92.8479%,55,714,769,609,21,34,105
0x502993,43.299%,55,42,97,7,27,28,35
0xa3b263,75.8772%,55,173,228,22,32,23,151
0xa56f87,67.2619%,55,113,168,27,33,22,86
0x5fb6fa,76.4957%,55,179,234,153,26,29,26
0x404fa7,99.7009%,55,18331,18386,18318,26,29,13
0x8eb8b7,99.7869%,55,25756,25811,25303,21,34,453
0x8fd4fe,79.8535%,55,218,273,159,29,26,59
0xa26209,94.5706%,55,958,1013,585,24,31,373
0x7d409f,93.9092%,55,848,903,338,31,24,510
0x816803,82.5397%,55,260,315,176,35,20,84
0x54ebfc,97.3772%,55,2042,2097,4,39,16,2038
0xa3347c,98.8169%,55,4594,4649,63,36,19,4531
0x8f138d,91.133%,54,555,609,135,23,31,420
0xa01e11,77.3109%,54,184,238,180,17,37,4
0xa93dab,64%,54,96,150,51,25,29,45
0x8e59b2,91.5757%,54,587,641,407,26,28,180
0xaa4881,63.7584%,54,95,149,61,25,29,34
0x8077e5,97.953%,54,2584,2638,109,37,17,2475
0x48ae7c,99.0035%,54,5365,5419,4509,19,35,856
0x804fc1,83.6364%,54,276,330,249,18,36,27
0x8e267e,98.9763%,54,5221,5275,2643,38,16,2578
0x55926e,92.9688%,54,714,768,5,38,16,709
0xb3015e,75.8929%,54,170,224,18,28,26,152
0x9aba23,76.6234%,54,177,231,90,27,27,87
0xa39675,96.3783%,54,1437,1491,581,22,32,856
0x5f8ecd,79.4677%,54,209,263,49,35,19,160
0x9ea3df,82.2368%,54,250,304,102,21,33,148
0x6436c2,99.3531%,54,8294,8348,8142,29,25,152
0x8ecfdb,73%,54,146,200,122,24,30,24
0x805cec,98.061%,54,2731,2785,2085,10,44,646
0x8d3cfc,94.4157%,54,913,967,317,36,18,596
0x80887d,83.4862%,54,273,327,70,26,28,203
0x595ded,92.9779%,54,715,769,527,32,22,188
0x5fd99d,99.0584%,54,5681,5735,199,29,25,5482
0x81caaf,70.3297%,54,128,182,105,17,37,23
0x53ba5c,90.9244%,54,541,595,175,28,26,366
0x8044ea,78.6561%,54,199,253,180,18,36,19
0x409952,79.3103%,54,207,261,52,32,22,155
0x81e96a,98.011%,54,2661,2715,2169,24,30,492
0x502cc8,96.044%,54,1311,1365,425,27,27,886
0x8aed78,85.3659%,54,315,369,105,41,13,210
0x4c4b0a,97.9021%,54,2520,2574,2131,41,13,389
0x5936d8,95.7547%,54,1218,1272,228,33,21,990
0x64b4cc,99.7518%,54,21704,21758,19381,24,30,2323
0xa6611c,79.0698%,54,204,258,52,31,23,152
0x501654,96.0699%,54,1320,1374,344,23,31,976
0x54f878,97.371%,54,2000,2054,1987,24,30,13
0x81d5cb,87.8378%,54,390,444,209,19,35,181
0x405a61,93.1034%,54,729,783,304,24,30,425
0x60b2e1,94.0594%,54,855,909,822,25,29,33
0x8191b4,93.0412%,54,722,776,263,17,37,459
0x7c1607,97.5421%,54,2143,2197,1894,16,38,249
0x40e6a7,96.9523%,53,1686,1739,1631,25,28,55
0x910f38,97.6549%,53,2207,2260,1131,37,16,1076
0x48d7d2,92.8087%,53,684,737,613,17,36,71
0xb31c47,99.7548%,53,21562,21615,0,0,53,21562
0x502251,76.7544%,53,175,228,76,21,32,99
0x501ee8,72.2513%,53,138,191,70,19,34,68
0xa4957f,89.5257%,53,453,506,74,28,25,379
0x8fdfc9,97.0441%,53,1740,1793,538,36,17,1202
0xb327f0,94.6247%,53,933,986,373,26,27,560
0xa2647a,96.8358%,53,1622,1675,1035,23,30,587
0x40d309,96.1426%,53,1321,1374,559,22,31,762
0xa948dc,88.1696%,53,395,448,187,37,16,208
0x9ab2ad,96.3674%,53,1406,1459,99,13,40,1307
0xb2e5f5,99.8188%,53,29196,29249,0,0,53,29196
0x8da5b5,94.3011%,53,877,930,40,34,19,837
0xa34acb,80.0752%,53,213,266,72,23,30,141
0x96928c,69.7143%,53,122,175,60,29,24,62
0x808832,90.5526%,53,508,561,90,36,17,418
0x90a7ef,65.3595%,53,100,153,78,18,35,22
0x8efa8c,91.2972%,53,556,609,149,21,32,407
0xa2df7f,87.0732%,53,357,410,348,24,29,9
0x80a4da,91.4239%,53,565,618,22,35,18,543
0x8b9de5,99.9228%,53,68556,68609,115,5,48,68441
0x5bcee4,94.5021%,53,911,964,608,34,19,303
0x40d640,94.2391%,53,867,920,70,30,23,797
0x596e2a,97.8586%,53,2422,2475,1450,17,36,972
0xa45f00,55.8333%,53,67,120,37,23,30,30
0x8d0b93,99.6254%,53,14097,14150,10338,41,12,3759
0x9742df,90.4332%,53,501,554,283,25,28,218
0x512b4b,99.691%,53,17098,17151,6,22,31,17092
0x5b9c88,71.3514%,53,132,185,117,25,28,15
0x8f17f5,91.2972%,53,556,609,142,28,25,414
0x508cd9,61.0294%,53,83,136,47,31,22,36
0x9783ec,96.9488%,53,1684,1737,928,29,24,756
0x812232,90.2574%,53,491,544,131,35,18,360
0x55025b,87.7315%,53,379,432,364,21,32,15
0x5fd6b5,82.0946%,53,243,296,61,14,39,182
0x51b97f,98.9943%,53,5217,5270,5145,18,35,72
0x9ed24a,79.5367%,53,206,259,15,31,22,191
0x8eb81a,97.7561%,53,2309,2362,2064,21,32,245
0x98cfd5,97.1536%,53,1809,1862,1640,14,39,169
0x8f1873,91.4614%,52,557,609,393,24,28,164
0x485d3f,83.0065%,52,254,306,74,30,22,180
0x533d72,75.1196%,52,157,209,135,14,38,22
0xa8fb04,79.6078%,52,203,255,51,34,18,152
0x64b419,99.7643%,52,22009,22061,895,35,17,21114
0x952462,80.7407%,52,218,270,191,24,28,27
0x8a6c4a,94.2794%,52,857,909,269,29,23,588
0x8f1854,62.5899%,52,87,139,24,28,24,63
0x543a96,96.151%,52,1299,1351,1290,16,36,9
0x81e908,93.5644%,52,756,808,255,31,21,501
0x8ef167,91.4614%,52,557,609,211,28,24,346
0xa5607b,80.303%,52,212,264,149,23,29,63
0xb3ab09,98.1547%,52,2766,2818,478,30,22,2288
0xa02485,90.3525%,52,487,539,172,25,27,315
0x543f84,96.2209%,52,1324,1376,1314,17,35,10
0xb2fcd9,99.7691%,52,22467,22519,0,0,52,22467
0x55796a,89.9225%,52,464,516,199,21,31,265
0x811d33,90.4412%,52,492,544,128,38,14,364
0x9e2808,90.3525%,52,487,539,287,20,32,200
0x4a78cf,94.8259%,52,953,1005,948,20,32,5
0x4098da,83.1169%,52,256,308,233,12,40,23
0xa5f799,91.7329%,52,577,629,61,32,20,516
0x8fee3a,91.811%,52,583,635,446,34,18,137
0x50238a,85.9079%,52,317,369,3,32,20,314
0x54f8b9,97.4684%,52,2002,2054,1997,14,38,5
0x487244,77.2926%,52,177,229,59,32,20,118
0x9523e9,86.802%,52,342,394,98,32,20,244
0x8d41d0,63.3803%,52,90,142,69,19,33,21
0xa2713b,98.3627%,52,3124,3176,348,23,29,2776
0x60dcbf,95.2555%,52,1044,1096,898,24,28,146
0x5f826c,93.299%,52,724,776,209,22,30,515
0x805d26,95.2118%,52,1034,1086,89,37,15,945
0x9ead69,71.2707%,52,129,181,58,14,38,71
0x53a30f,97.9116%,52,2438,2490,2407,20,32,31
0x60a99b,91.0035%,52,526,578,46,32,20,480
0x59172d,98.8781%,52,4583,4635,4480,17,35,103
0x8091fa,73.8693%,52,147,199,53,23,29,94
0xb466c7,99.3205%,52,7601,7653,146,21,31,7455
0x8ed2b0,95.2865%,51,1031,1082,9,32,19,1022
0xb2fb8d,99.7914%,51,24400,24451,0,0,51,24400
0x59298c,92.422%,51,622,673,607,31,20,15
0xb3152f,72.7273%,51,136,187,74,31,20,62
0x9e74c6,96.2389%,51,1305,1356,371,29,22,934
0xa2dfd9,83.9117%,51,266,317,215,16,35,51
0xa039d9,73.8462%,51,144,195,48,28,23,96
0xa34841,95.1567%,51,1002,1053,500,26,25,502
0x60a6eb,97.1186%,51,1719,1770,27,26,25,1692
0x40f791,99.8461%,51,33079,33130,0,0,51,33079
0x8daac8,94.693%,51,910,961,899,18,33,11
0x4b5954,97.4677%,51,1963,2014,237,29,22,1726
0x81a80c,88.5906%,51,396,447,72,32,19,324
0x9e26e9,82.6531%,51,243,294,56,28,23,187
0x66f582,75.2427%,51,155,206,47,26,25,108
0x40d080,99.3921%,51,8339,8390,0,0,51,8339
0x81e89d,93.6959%,51,758,809,42,35,16,716
0x8d32ea,78.3898%,51,185,236,168,17,34,17
0x512ca5,99.541%,51,11060,11111,925,34,17,10135
0x40e5a2,96.9443%,51,1618,1669,254,23,28,1364
0x816bcf,98.9204%,51,4673,4724,3474,15,36,1199
0x8bcab8,97.6168%,51,2089,2140,1917,22,29,172
0x81c93d,71.978%,51,131,182,99,23,28,32
0x8c806b,97.813%,51,2281,2332,283,25,26,1998
0x81e4b8,90.2111%,51,470,521,448,27,24,22
0x49e0bc,90.0585%,51,462,513,147,24,27,315
0x9a9304,95.2068%,51,1013,1064,816,14,37,197
0xb2dea9,93.6567%,51,753,804,0,0,51,753
0xa56159,72.2826%,51,133,184,27,31,20,106
0xa2f4c4,80.4598%,51,210,261,104,7,44,106
0xb31c0c,99.7641%,51,21564,21615,0,0,51,21564
0x900559,99.7542%,51,20695,20746,169,33,18,20526
0x81682a,75.8294%,51,160,211,23,29,22,137
0x809e5a,75.8294%,51,160,211,65,37,14,95
0x9a30a0,91.0369%,51,518,569,241,30,21,277
0x806001,89.5706%,51,438,489,12,29,22,426
0x80c1a8,80.7547%,51,214,265,199,18,33,15
0x5baf2e,82.5342%,51,241,292,73,29,22,168
0x49063e,81.3187%,51,222,273,110,28,23,112
0x8a556f,99.5367%,51,10957,11008,10951,17,34,6
0x8e43e6,98.807%,50,4141,4191,2180,34,16,1961
0x546550,98.4587%,50,3194,3244,2665,21,29,529
0x8a616a,76.8519%,50,166,216,34,28,22,132
0x80df92,97.719%,50,2142,2192,309,31,19,1833
0x8a64b0,80.315%,50,204,254,77,25,25,127
0x8040a3,65.2778%,50,94,144,31,25,25,63
0x7cf2fd,97.3656%,50,1848,1898,1000,25,25,848
0x40ecaf,95.9677%,50,1190,1240,945,19,31,245
0xb3151a,77.7778%,50,175,225,15,23,27,160
0x810007,97.7477%,50,2170,2220,1690,26,24,480
0x8bcb9b,99.2109%,50,6286,6336,988,36,14,5298
0x539d54,50.9804%,50,52,102,27,27,23,25
0x5fbe04,73.262%,50,137,187,53,22,28,84
0x48d154,98.3612%,50,3001,3051,2992,18,32,9
0x533bae,96.2936%,50,1299,1349,724,11,39,575
0xa26570,97.0149%,50,1625,1675,328,21,29,1297
0xa5f889,84.375%,50,270,320,150,34,16,120
0x9f5d65,72.3757%,50,131,181,22,26,24,109
0x403afb,97.8147%,50,2238,2288,1714,25,25,524
0xa328ee,62.6866%,50,84,134,30,32,18,54
0x591479,90.4398%,50,473,523,153,27,23,320
0xa511d6,70.5882%,50,120,170,96,18,32,24
0xb2dfdc,82.699%,50,239,289,13,35,15,226
0xa9ce0a,76.0766%,50,159,209,119,25,25,40
0x950143,97.6948%,50,2119,2169,25,26,24,2094
0x5906a9,98.1153%,50,2603,2653,23,28,22,2580
0x816073,74.2268%,50,144,194,36,26,24,108
0xb2e5ed,99.8291%,50,29199,29249,0,0,50,29199
0x511990,98.6631%,50,3690,3740,116,36,14,3574
0x90156b,98.7934%,50,4094,4144,2109,15,35,1985
0xa358b8,98.4733%,50,3225,3275,931,38,12,2294
0xa42a6c,98.2681%,50,2837,2887,1885,21,29,952
0x48a563,99.0777%,50,5371,5421,1714,31,19,3657
0xa328a6,59.6774%,50,74,124,38,31,19,36
0x811c5a,89.4068%,50,422,472,18,37,13,404
0x49c8cb,69.5122%,50,114,164,92,21,29,22
0x9016f3,95.8333%,50,1150,1200,982,31,19,168
0xa39d67,96.2035%,50,1267,1317,523,22,28,744
0x8a611e,84.8024%,50,279,329,34,25,25,245
0x67760f,86.4499%,50,319,369,289,11,39,30
0x64af3c,99.8041%,50,25469,25519,19784,27,23,5685
0x9f0e20,91.7785%,49,547,596,287,21,28,260
0xa54fa0,93.7817%,49,739,788,737,13,36,2
0x890e1e,86.4266%,49,312,361,171,20,29,141
0x8d487a,86.7209%,49,320,369,281,19,30,39
0x8a7434,83.8816%,49,255,304,14,33,16,241
0x722dc6,80.6324%,49,204,253,58,22,27,146
0x485a2b,79.0598%,49,185,234,171,21,28,14
0x509d1e,94.9898%,49,929,978,531,20,29,398
0x8e2042,96.7003%,49,1436,1485,1175,20,29,261
0x9f09a5,75.5%,49,151,200,140,21,28,11
0x81d365,90.631%,49,474,523,142,23,26,332
0x409894,90.3162%,49,457,506,165,31,18,292
0x95296b,90.0407%,49,443,492,24,12,37,419
0x5f102c,92.1095%,49,572,621,300,15,34,272
0x504872,93.3784%,49,691,740,549,39,10,142
0xb3226c,99.8288%,49,28579,28628,28579,49,0,0
0x5fc4c4,59.1667%,49,71,120,65,21,28,6
0x4b6291,68.3871%,49,106,155,88,18,31,18
0xa45e40,58.4746%,49,69,118,49,21,28,20
0xa9da73,78.0269%,49,174,223,84,19,30,90
0xa03885,99.5543%,49,10946,10995,3604,31,18,7342
0xa4578b,87.6884%,49,349,398,79,30,19,270
0x4859ed,97.0571%,49,1616,1665,1606,17,32,10
0x558054,95.7055%,49,1092,1141,71,26,23,1021
0x53d823,97.1108%,49,1647,1696,1637,20,29,10
0x591192,80.1619%,49,198,247,161,32,17,37
0x64387e,96.5901%,49,1388,1437,1384,14,35,4
0xa2df62,74.7423%,49,145,194,28,25,24,117
0x4bed20,94.7312%,49,881,930,515,27,22,366
0x667857,98.4469%,49,3106,3155,585,34,15,2521
0x9f79a2,81.0078%,49,209,258,77,29,20,132
0x8f1847,75.3769%,49,150,199,33,27,22,117
0x8ef42f,91.954%,49,560,609,155,15,34,405
0x8dad40,93.2877%,49,681,730,628,9,40,53
0x489f87,98.8196%,49,4102,4151,39,29,20,4063
0x4bb2b4,88.9391%,49,394,443,354,17,32,40
0x5469bb,97.4794%,49,1895,1944,141,27,22,1754
0x67753c,73.9362%,49,139,188,69,22,27,70
0x4bbf38,97.4115%,49,1844,1893,1476,16,33,368
0x80dea6,85.3293%,49,285,334,88,26,23,197
0x6432c2,96.6484%,49,1413,1462,1410,18,31,3
0x809db2,92.0712%,49,569,618,27,30,19,542
0xa91c2c,64.2336%,49,88,137,8,28,21,80
0x8e5291,98.4904%,49,3197,3246,1695,28,21,1502
0x4ba553,86.8633%,49,324,373,188,21,28,136
0x59709b,90.5405%,49,469,518,17,18,31,452
0x4a7979,92.5758%,49,611,660,608,15,34,3
0x5b16aa,90.5769%,49,471,520,386,20,29,85
0x489cd1,99.519%,49,10138,10187,50,23,26,10088
0xa35e8d,92.3197%,49,589,638,225,15,34,364
0x4894ca,97.9334%,49,2322,2371,250,10,39,2072
0x900187,99.4233%,49,8448,8497,119,23,26,8329
0x8f4880,97.1495%,49,1670,1719,300,36,13,1370
0x5fe1ca,94.6844%,48,855,903,99,34,14,756
0x8ef571,83.6177%,48,245,293,130,28,20,115
0x94d9cc,91.3043%,48,504,552,391,20,28,113
0x8e212d,95.8621%,48,1112,1160,715,20,28,397
0x8c92fa,94.7826%,48,872,920,311,33,15,561
0x80446c,87.8173%,48,346,394,296,23,25,50
0x9a9ade,77.2512%,48,163,211,66,24,24,97
0x8f570c,99.2476%,48,6332,6380,5594,19,29,738
0xa52d74,86.7769%,48,315,363,263,14,34,52
0xa36828,89.1156%,48,393,441,25,28,20,368
0x5ffb7c,72.4138%,48,126,174,112,16,32,14
0x8d3cf3,95.7746%,48,1088,1136,134,35,13,954
0x8ee2be,73.7705%,48,135,183,23,30,18,112
0x9f2020,77.9817%,48,170,218,35,32,16,135
0x64b4af,96.2762%,48,1241,1289,1206,21,27,35
0x50ff68,95.2756%,48,968,1016,24,26,22,944
0x9aa211,96.6713%,48,1394,1442,1393,12,36,1
0x9e506c,79.8319%,48,190,238,45,24,24,145
0x809e44,81.1024%,48,206,254,14,29,19,192
0xa9427f,70.3704%,48,114,162,103,21,27,11
0x81e6e3,74.1935%,48,138,186,19,28,20,119
0xa0306f,70%,48,112,160,70,27,21,42
0x510c55,85.7988%,48,290,338,52,35,13,238
0x80e99a,95.5307%,48,1026,1074,524,24,24,502
0x9f43d7,80.8%,48,202,250,131,28,20,71
0x488a4e,86.5922%,48,310,358,248,27,21,62
0x8fee70,92.4409%,48,587,635,207,24,24,380
0xa3bad3,78.9474%,48,180,228,18,36,12,162
0x9731a8,92.1311%,48,562,610,504,28,20,58
0x6670bf,75.1295%,48,145,193,15,29,19,130
0x833f6d,90.303%,48,447,495,397,18,30,50
0x8d9d45,96.7369%,48,1423,1471,1376,12,36,47
0x40e212,89.1156%,48,393,441,371,23,25,22
0x64af85,99.8119%,48,25471,25519,25471,48,0,0
0xb0d281,92.7928%,48,618,666,563,18,30,55
0x90e312,92.0398%,48,555,603,509,27,21,46
0x4101a4,99.4621%,48,8876,8924,24,30,18,8852
0x80a443,94.306%,48,795,843,206,28,20,589
0x40f643,99.4725%,48,9051,9099,2999,34,14,6052
0x818b4e,97.8761%,48,2212,2260,59,21,27,2153
0x502a05,50.5155%,48,49,97,38,25,23,11
0x5fe347,78.1818%,48,172,220,89,23,25,83
0x6775eb,84.1584%,48,255,303,19,33,15,236
0x49f991,77.1429%,48,162,210,13,32,16,149
0x559022,87.6607%,48,341,389,9,35,13,332
0xa5c557,74.0541%,48,137,185,56,18,30,81
0x504258,93.1232%,48,650,698,126,10,38,524
0x508a61,90.9944%,48,485,533,412,27,21,73
0x59705d,83.6177%,48,245,293,125,26,22,120
0x4b58e8,82.5926%,47,223,270,135,21,26,88
0x48e77f,98.9469%,47,4416,4463,4397,22,25,19
0x81c2b4,65.6934%,47,90,137,58,22,25,32
0x8c7e27,88.8889%,47,376,423,103,21,26,273
0x5970eb,89.7826%,47,413,460,16,32,15,397
0x8dd05d,93.4903%,47,675,722,88,11,36,587
0xa968b2,79.2035%,47,179,226,32,26,21,147
0x8c726f,77.8302%,47,165,212,63,30,17,102
0x8108dd,89.9573%,47,421,468,44,30,17,377
0x4bba39,85.1266%,47,269,316,184,20,27,85
0x833933,78.5388%,47,172,219,66,20,27,106
0x8fc3fd,99.5906%,47,11432,11479,491,24,23,10941
0x48ef58,85.8006%,47,284,331,244,20,27,40
0x8d2727,88.0711%,47,347,394,99,31,16,248
0x647375,92.6101%,47,589,636,18,18,29,571
0x9067b2,62.0968%,47,77,124,21,24,23,56
0x6431f1,87.664%,47,334,381,82,33,14,252
0x818e12,93.9433%,47,729,776,3,31,16,726
0x50c037,95.8036%,47,1073,1120,1065,20,27,8
0xb28b06,98.8886%,47,4182,4229,1391,20,27,2791
0x80c2d9,80.1688%,47,190,237,5,28,19,185
0x638d3c,73.743%,47,132,179,80,19,28,52
0x81949f,87.0523%,47,316,363,235,21,26,81
0x534230,96.434%,47,1271,1318,1147,14,33,124
0x48f043,63.5659%,47,82,129,60,28,19,22
0x9f2867,92.257%,47,560,607,6,29,18,554
0x8eee29,92.2824%,47,562,609,130,28,19,432
0x9e744a,89.4855%,47,400,447,31,34,13,369
0x8bb1a5,98.6301%,47,3384,3431,3014,24,23,370
0x8a7730,87.7604%,47,337,384,57,25,22,280
0x4bc44b,95.2716%,47,947,994,665,10,37,282
0x49ec46,70.8075%,47,114,161,17,26,21,97
0x54103b,99.6681%,47,14112,14159,14091,39,8,21
0x8a2982,91.6961%,47,519,566,34,23,24,485
0x610487,91.3444%,47,496,543,134,20,27,362
0x4106d3,87.2973%,47,323,370,144,15,32,179
0x8ec3af,85.4938%,47,277,324,113,26,21,164
0x9eb70b,80.4167%,47,193,240,42,30,17,151
0x805183,82.397%,47,220,267,209,16,31,11
0x5b2339,80.4167%,47,193,240,179,20,27,14
0x805914,98.1041%,47,2432,2479,1562,16,31,870
0x9e25f7,96.255%,47,1208,1255,287,16,31,921
0x539c2a,95.9863%,47,1124,1171,898,12,35,226
0x66810e,91.2963%,47,493,540,263,37,10,230
0x4bbd21,95.0734%,47,907,954,878,20,27,29
0x64b5ed,99.7206%,47,16775,16822,755,29,18,16020
0x50d735,85.7576%,47,283,330,255,17,30,28
0x541a8a,95.2187%,47,936,983,127,22,25,809
0x402d06,91.4701%,47,504,551,221,25,22,283
0x543840,93.1983%,47,644,691,637,18,29,7
0x494924,77.9904%,46,163,209,58,28,18,105
0x511d3a,98.8286%,46,3881,3927,2422,28,18,1459
0x404e49,99.61%,46,11750,11796,4427,31,15,7323
0xa30935,72.9412%,46,124,170,62,23,23,62
0x53d9dc,99.058%,46,4837,4883,3223,18,28,1614
0x78ab4b,95.0907%,46,891,937,782,22,24,109
0x9fb032,75.4011%,46,141,187,100,24,22,41
0x9ed423,82.3755%,46,215,261,91,20,26,124
0x8a2743,83.6299%,46,235,281,6,20,26,229
0x8da495,93.1852%,46,629,675,186,31,15,443
0x595d60,92.9231%,46,604,650,442,22,24,162
0x64ace1,99.8199%,46,25494,25540,105,17,29,25389
0xa2fb8b,87.1508%,46,312,358,201,19,27,111
0x512a7d,95.8855%,46,1072,1118,122,24,22,950
0x81faf5,92.8349%,46,596,642,297,22,24,299
0x8e4bfe,97.3789%,46,1709,1755,1130,20,26,579
0x49e724,97.6977%,46,1952,1998,9,33,13,1943
0x596cf1,96.5723%,46,1296,1342,373,31,15,923
0xa39a26,92.5806%,46,574,620,14,29,17,560
0x6105a7,83.9161%,46,240,286,72,21,25,168
0x58ebb2,99.104%,46,5088,5134,3546,25,21,1542
0x609ef1,99.4398%,46,8165,8211,128,11,35,8037
0x8184ef,94.5433%,46,797,843,757,16,30,40
0x82241d,89.0736%,46,375,421,166,20,26,209
0x643769,76.4103%,46,149,195,137,19,27,12
0x81c325,91.0853%,46,470,516,262,20,26,208
0xa97530,67.8322%,46,97,143,42,23,23,55
0x49ae82,85.3035%,46,267,313,258,16,30,9
0x8f5806,93.0303%,46,614,660,543,22,24,71
0x5f530c,98.7863%,46,3744,3790,760,26,20,2984
0x8d2436,92.9985%,46,611,657,202,28,18,409
0xa18022,88.4712%,46,353,399,30,30,16,323
0x8e3308,98.9024%,46,4145,4191,3825,20,26,320
0x9a7c4c,94.9227%,46,860,906,594,18,28,266
0xb31c55,99.7872%,46,21569,21615,0,0,46,21569
0x9a80d4,85.8462%,46,279,325,67,23,23,212
0x8c7bb0,73.8636%,46,130,176,100,22,24,30
0x503cf4,78.0952%,46,164,210,135,23,23,29
0x835d7a,71.4286%,46,115,161,26,27,19,89
0x8c7db9,96.9435%,46,1459,1505,775,22,24,684
0x8fe211,99.2077%,46,5760,5806,2920,33,13,2840
0x8f2954,97.6337%,46,1898,1944,959,23,23,939
0x8bd5a1,99.8102%,46,24189,24235,21366,22,24,2823
0x910dc0,98.8241%,46,3866,3912,117,6,40,3749
0x901fc1,99.0409%,45,4647,4692,4581,27,18,66
0x835d87,72.0497%,45,116,161,50,20,25,66
0x5088fd,91.5572%,45,488,533,67,22,23,421
0xa30a5b,89.842%,45,398,443,126,23,22,272
0x94d9c3,92.7302%,45,574,619,48,19,26,526
0x64857a,98.4838%,45,2923,2968,2058,14,31,865
0x40d77c,96.0561%,45,1096,1141,287,34,11,809
0x609ccb,93.2432%,45,621,666,29,24,21,592
0x40ff98,98.7139%,45,3454,3499,167,17,28,3287
0xa41f7e,88.0319%,45,331,376,62,25,20,269
0x8b985c,99.5714%,45,10454,10499,767,33,12,9687
0x511599,98.5759%,45,3115,3160,696,13,32,2419
0xaadcb7,86.1538%,45,280,325,258,13,32,22
0x81d372,87.4302%,45,313,358,159,23,22,154
0x5fa98a,95.8829%,45,1048,1093,309,30,15,739
0x50da17,95.332%,45,919,964,342,35,10,577
0xb2e5e3,99.8461%,45,29204,29249,0,0,45,29204
0x49ffb7,99.1346%,45,5155,5200,4325,19,26,830
0x5012c0,98.8659%,45,3923,3968,1886,32,13,2037
0x8e25de,99.1288%,45,5120,5165,3239,11,34,1881
0x596e85,97.4227%,45,1701,1746,306,15,30,1395
0xb313c1,82.6923%,45,215,260,5,30,15,210
0xa45795,84.4291%,45,244,289,4,28,17,240
0x555700,81.8548%,45,203,248,15,30,15,188
0x5351ab,57.5472%,45,61,106,61,13,32,0
0x8ee2da,65.3846%,45,85,130,65,20,25,20
0x40bb57,84.7973%,45,251,296,232,22,23,19
0xa358c6,98.0486%,45,2261,2306,1295,10,35,966
0x5f86a4,73.0539%,45,122,167,71,20,25,51
0x99d9b5,83.871%,45,234,279,224,18,27,10
0x5104ff,89.4366%,45,381,426,337,25,20,44
0xa028ee,80.3493%,45,184,229,66,30,15,118
0x40dcc3,97.4003%,45,1686,1731,1590,15,30,96
0x541bd9,94.6043%,45,789,834,757,23,22,32
0x99f24e,78.8732%,45,168,213,108,23,22,60
0x805a26,95.8564%,45,1041,1086,103,23,22,938
0x4b5087,75.8065%,45,141,186,105,23,22,36
0x8fd430,98.5827%,45,3130,3175,13,21,24,3117
0x8d421c,87.8049%,45,324,369,287,13,32,37
0x511e10,97.3529%,45,1655,1700,1122,18,27,533
0x40ce4b,99.7684%,45,19388,19433,63,12,33,19325
0xa04f97,69.7987%,45,104,149,26,31,14,78
0xad857c,99.2569%,45,6011,6056,0,0,45,6011
0x5118aa,99.1582%,45,5301,5346,5110,24,21,191
0x819b5f,94.6619%,45,798,843,756,17,28,42
0x5fc0c0,62.5%,45,75,120,66,20,25,9
0xa5f91c,90.7216%,45,440,485,2,30,15,438
0xa52428,72.2222%,45,117,162,34,27,18,83
0x8eefd1,96.3054%,45,1173,1218,1114,20,25,59
0x8e2ad3,96.7718%,44,1319,1363,197,26,18,1122
0x8ddd01,98.0861%,44,2255,2299,1487,34,10,768
0x81933d,94.3299%,44,732,776,729,13,31,3
0x49ff38,99.0378%,44,4529,4573,415,23,21,4114
0x40451c,94.5545%,44,764,808,53,26,18,711
0x984068,72.1519%,44,114,158,25,22,22,89
0x8da37b,99.0903%,44,4793,4837,989,30,14,3804
0x4fd937,97.5281%,44,1736,1780,44,30,14,1692
0x507cde,74.4186%,44,128,172,42,21,23,86
0x90e0e1,93.049%,44,589,633,583,20,24,6
0x54253b,98.0778%,44,2245,2289,2070,26,18,175
0x5f859c,97.6879%,44,1859,1903,1642,18,26,217
0x952eef,67.1642%,44,90,134,71,21,23,19
0x490374,71.2418%,44,109,153,51,23,21,58
0x506a5d,90.5983%,44,424,468,391,24,20,33
0x65a1a6,97.7722%,44,1931,1975,567,27,17,1364
0x780d9a,95.383%,44,909,953,130,22,22,779
0x8bc806,99.8008%,44,22041,22085,22020,31,13,21
0xa2d276,93.956%,44,684,728,371,23,21,313
0x546a66,94.3734%,44,738,782,733,11,33,5
0x538586,99.1226%,44,4971,5015,1687,25,19,3284
0x8ff7fb,99.8481%,44,28930,28974,3774,23,21,25156
0x80f64e,99.3723%,44,6966,7010,2480,20,24,4486
0x54832f,99.6891%,44,14107,14151,14087,31,13,20
0x8fc430,98.6707%,44,3266,3310,3219,25,19,47
0x54f3c7,95.5912%,44,954,998,954,22,22,0
0x40e1b9,92.9936%,44,584,628,528,26,18,56
0xb31bd3,99.7964%,44,21571,21615,0,0,44,21571
0x7d2bef,95.1274%,44,859,903,188,19,25,671
0x8fd3a6,98.7024%,44,3347,3391,3237,27,17,110
0x8187b3,69.863%,44,102,146,65,21,23,37
0x8ad594,80.9524%,44,187,231,73,20,24,114
0x814542,99.1134%,44,4919,4963,1721,38,6,3198
0x4a775f,96.8481%,44,1352,1396,0,33,11,1352
0x90c241,97.4972%,44,1714,1758,1517,19,25,197
0x5fbd31,63.3333%,44,76,120,65,21,23,11
0xa935e8,73.9645%,44,125,169,60,28,16,65
0x48eb41,82.1862%,44,203,247,70,28,16,133
0x4a0234,82.6772%,44,210,254,97,19,25,113
0x803814,88.8325%,44,350,394,296,23,21,54
0x488924,98.3187%,44,2573,2617,2,24,20,2571
0x8da39a,95.8015%,44,1004,1048,77,29,15,927
0x9abdcb,87.6404%,44,312,356,63,23,21,249
0x81d518,75.8242%,44,138,182,108,14,30,30
0x5111b5,95.4825%,44,930,974,221,19,25,709
0x40dc22,97.9798%,44,2134,2178,1942,16,28,192
0x5521a7,97.1576%,44,1504,1548,0,21,23,1504
0xa3a4ad,93.7143%,44,656,700,348,32,12,308
0xb31412,91.9708%,44,504,548,328,20,24,176
0x90e82d,97.2327%,44,1546,1590,1545,15,29,1
0x8e3f98,93.9058%,44,678,722,220,30,14,458
0x81c572,78.3251%,44,159,203,152,17,27,7
0x805ece,90.8524%,44,437,481,359,25,19,78
0x5076c6,98.3396%,44,2606,2650,2584,16,28,22
0xa523f2,67.1642%,44,90,134,75,17,27,15
0xa584f5,85.3333%,44,256,300,94,25,19,162
0x8e26d6,97.8744%,43,1980,2023,575,18,25,1405
0x545c11,89.5377%,43,368,411,185,25,18,183
0xa94342,68.6131%,43,94,137,58,20,23,36
0x8f56b4,98.828%,43,3626,3669,3494,11,32,132
0x9778e0,91.2955%,43,451,494,368,19,24,83
0x404785,92.9967%,43,571,614,184,33,10,387
0x511da9,97.0985%,43,1439,1482,1269,22,21,170
0xacfad0,81.3043%,43,187,230,74,21,22,113
0xaa4739,82.449%,43,202,245,41,22,21,161
0xb31c50,99.8011%,43,21572,21615,0,0,43,21572
0xa30e23,77.6042%,43,149,192,54,26,17,95
0x4b7830,90.3803%,43,404,447,1,1,42,403
0x559133,92.1245%,43,503,546,394,8,35,109
0x900561,99.7907%,43,20501,20544,179,18,25,20322
0xb2dfe6,99.6659%,43,12826,12869,0,0,43,12826
0x5fa8fd,93.4049%,43,609,652,139,26,17,470
0xa504e8,83.004%,43,210,253,12,27,16,198
0xaa11dc,82.7309%,43,206,249,174,21,22,32
0x81985b,95.0058%,43,818,861,0,34,9,818
0x8a982e,99.6705%,43,13009,13052,6428,20,23,6581
0xa36100,98.6806%,43,3216,3259,2929,13,30,287
0x5059de,75.4286%,43,132,175,60,22,21,72
0x8fdc2d,96.2148%,43,1093,1136,350,30,13,743
0x5352ed,98.2008%,43,2347,2390,2343,15,28,4
0x5386ab,98.7921%,43,3517,3560,2114,32,11,1403
0xa8fc36,80.8036%,43,181,224,35,19,24,146
0xb0ad23,92.2523%,43,512,555,4,31,12,508
0x5107a3,95.9434%,43,1017,1060,301,26,17,716
0xa57bf1,97.8911%,43,1996,2039,1978,11,32,18
0x9f9747,80.7175%,43,180,223,124,18,25,56
0x811ea5,98.2143%,43,2365,2408,1649,30,13,716
0x40e838,86.4353%,43,274,317,93,23,20,181
0xa1ad87,66.1417%,43,84,127,29,24,19,55
0x5e599e,97.1504%,43,1466,1509,687,14,29,779
0x599186,99.1388%,43,4950,4993,4618,21,22,332
0xb30265,99.3324%,43,6398,6441,0,0,43,6398
0x9014d5,98.829%,43,3629,3672,1556,23,20,2073
0x48a600,97.0365%,43,1408,1451,1386,20,23,22
0xa43c00,88.8889%,43,344,387,63,15,28,281
0x9a6fab,74.0964%,43,123,166,84,22,21,39
0x49f660,67.9104%,43,91,134,65,19,24,26
0x54f5d2,94.4659%,43,734,777,12,23,20,722
0x5908ab,98.0009%,43,2108,2151,2043,18,25,65
0x8c7b2f,97.7662%,43,1882,1925,965,17,26,917
0x804994,89.0863%,43,351,394,302,17,26,49
0x552180,98.6084%,43,3047,3090,1532,16,27,1515
0xa55e14,66.6667%,43,86,129,21,19,24,65
0xa9ea20,80.9735%,43,183,226,35,23,20,148
0x81c000,96.0478%,43,1045,1088,1045,11,32,0
0x9a608f,59.434%,43,63,106,10,20,23,53
0x9f0c70,77.8947%,42,148,190,57,23,19,91
0x50d64c,96.3824%,42,1119,1161,1053,29,13,66
0x54f33c,95.8621%,42,973,1015,972,26,16,1
0x9ea4db,75%,42,126,168,39,21,21,87
0x8c7d81,97.8182%,42,1883,1925,391,29,13,1492
0x807aff,82.1277%,42,193,235,74,17,25,119
0xa396c4,93.0348%,42,561,603,301,12,30,260
0x80c2d3,84.5588%,42,230,272,3,32,10,227
0xb2e6af,99.8024%,42,21212,21254,21212,42,0,0
0x5119e3,95.7099%,42,937,979,315,10,32,622
0x7f0430,75%,42,126,168,90,13,29,36
0x8e1337,97.8756%,42,1935,1977,4,4,38,1931
0x8b969a,99.7945%,42,20392,20434,723,21,21,19669
0x60dc0d,88.0682%,42,310,352,53,25,17,257
0x8da256,93.0116%,42,559,601,220,23,19,339
0x8f4527,96.5203%,42,1165,1207,592,22,20,573
0x9f97db,70.4225%,42,100,142,41,16,26,59
0x8c954f,92.7083%,42,534,576,460,18,24,74
0x40a8d5,71.8121%,42,107,149,28,30,12,79
0x50986c,99.0329%,42,4301,4343,593,25,17,3708
0xb0b096,76.2712%,42,135,177,117,17,25,18
0x60b546,89.1192%,42,344,386,184,21,21,160
0x81d1c3,93.0921%,42,566,608,147,19,23,419
0xa50a5b,88.2682%,42,316,358,306,16,26,10
0x541b72,94.964%,42,792,834,369,20,22,423
0x81bb9f,86.7508%,42,275,317,84,20,22,191
0x81e324,98.1366%,42,2212,2254,1408,23,19,804
0xa31eb1,84.3284%,42,226,268,178,16,26,48
0x820d52,97.0043%,42,1360,1402,1357,12,30,3
0x543cef,77.5401%,42,145,187,55,20,22,90
0xa3115b,86.0465%,42,259,301,25,27,15,234
0xa307e4,93.2476%,42,580,622,341,17,25,239
0xb34635,81.3333%,42,183,225,49,33,9,134
0x80e7e5,92.0152%,42,484,526,31,23,19,453
0x787d20,94.8592%,42,775,817,532,25,17,243
0x4b4a8e,88.6179%,42,327,369,279,21,21,48
0xa94207,74.3902%,42,122,164,118,18,24,4
0x8ebbbd,97.5148%,42,1648,1690,459,6,36,1189
0x40ddaa,99.4966%,42,8301,8343,8301,42,0,0
0x552940,97.0213%,42,1368,1410,7,12,30,1361
0x60b144,99.4231%,42,7238,7280,515,31,11,6723
0x9095c0,97.7358%,42,1813,1855,1718,20,22,95
0xaa1441,88.3008%,42,317,359,184,11,31,133
0x8d2928,99.7806%,42,19098,19140,18995,13,29,103
0x8e4a1d,98.1731%,42,2257,2299,593,30,12,1664
0x48ebcb,75.1479%,42,127,169,59,20,22,68
0x6616a0,96.6798%,42,1223,1265,887,20,22,336
0x403d7a,96.7618%,42,1255,1297,169,23,19,1086
0x5f85ee,98.0365%,42,2097,2139,392,17,25,1705
0x5f05e4,90.8894%,42,419,461,65,25,17,354
0x64341a,91.716%,42,465,507,377,21,21,88
0x8a3402,91.4634%,42,450,492,444,16,26,6
0x510235,97.2557%,41,1453,1494,1233,25,16,220
0x9e3f7a,86.4686%,41,262,303,31,21,20,231
0xa525bb,81.9383%,41,186,227,80,21,20,106
0x54652f,95.4846%,41,867,908,325,25,16,542
0x5ffe30,79.602%,41,160,201,58,14,27,102
0x409ab4,86.7742%,41,269,310,129,28,13,140
0x50d6cb,92.9674%,41,542,583,60,24,17,482
0x81f3bb,97.5508%,41,1633,1674,470,18,23,1163
0x609563,88.3853%,41,312,353,79,22,19,233
0x9a8ef4,63.3929%,41,71,112,25,26,15,46
0x53452e,99.4359%,41,7227,7268,7,27,14,7220
0x5d7f22,96.7068%,41,1204,1245,576,25,16,628
0x81c2df,92.0543%,41,475,516,434,13,28,41
0x591add,98.9422%,41,3835,3876,3687,18,23,148
0x90c877,98.1296%,41,2151,2192,2094,20,21,57
0xa08ecf,62.7273%,41,69,110,24,21,20,45
0x8feefc,87.0662%,41,276,317,171,23,18,105
0x8b9792,99.7488%,41,16278,16319,4910,32,9,11368
0x5b02ae,91.9608%,41,469,510,339,15,26,130
0xa437fa,90.3302%,41,383,424,41,19,22,342
0x805eff,89.8515%,41,363,404,344,13,28,19
0xa2a8e7,82.9167%,41,199,240,37,29,12,162
0x557c74,83.1967%,41,203,244,125,16,25,78
0x4ba3a2,96.9539%,41,1305,1346,498,22,19,807
0x593865,96.6962%,41,1200,1241,584,24,17,616
0x596e02,95.4444%,41,859,900,264,23,18,595
0x502e88,99.479%,41,7828,7869,23,20,21,7805
0x819ba5,95.1364%,41,802,843,541,20,21,261
0x5b9dcf,99.1359%,41,4704,4745,4661,11,30,43
0x512307,98.0241%,41,2034,2075,1349,17,24,685
0xaad99e,93.6434%,41,604,645,428,12,29,176
0xaa28b5,96.2072%,41,1040,1081,401,22,19,639
0x40f56a,99.7177%,41,14485,14526,85,9,32,14400
0x5343a1,99.2904%,41,5737,5778,15,23,18,5722
0x9a6f88,76.5714%,41,134,175,130,20,21,4
0x781eb5,99.7846%,41,18997,19038,2771,23,18,16226
0x8121fd,84.4106%,41,222,263,114,23,18,108
0x8de15a,98.298%,41,2368,2409,1143,23,18,1225
0x590640,98.7299%,41,3187,3228,412,17,24,2775
0x40439a,98.2816%,41,2345,2386,77,15,26,2268
0x48da0c,89.1247%,41,336,377,320,11,30,16
0xb30217,76.3314%,40,129,169,124,21,19,5
0x9f62e0,95.8333%,40,920,960,409,17,23,511
0xa9d1b5,65.5172%,40,76,116,13,21,19,63
0x6104a2,91.8864%,40,453,493,78,26,14,375
0xa3cc2b,85.9155%,40,244,284,119,21,19,125
0x8fe3e7,87.9154%,40,291,331,195,18,22,96
0x7c72fe,74.026%,40,114,154,72,16,24,42
0x4050bb,98.9273%,40,3689,3729,3689,19,21,0
0x51b41b,98.7212%,40,3088,3128,658,23,17,2430
0x60a869,90.5213%,40,382,422,6,21,19,376
0x8fef9b,90.9297%,40,401,441,68,20,20,333
0x8ef207,93.4319%,40,569,609,396,13,27,173
0x81e856,99.6223%,40,10550,10590,5385,28,12,5165
0x4906b8,85.348%,40,233,273,176,18,22,57
0xb3ab2d,98.5806%,40,2778,2818,2708,21,19,70
0x80f8a4,96.6216%,40,1144,1184,1100,10,30,44
0xb3729b,98.4393%,40,2523,2563,22,21,19,2501
0x5d8b86,83.0508%,40,196,236,70,29,11,126
0x8b9af3,98.9824%,40,3891,3931,924,21,19,2967
0xa90dd5,70.8029%,40,97,137,40,19,21,57
0x810908,84.8485%,40,224,264,217,19,21,7
0x50c994,92.4099%,40,487,527,70,17,23,417
0xa330e3,85.9155%,40,244,284,94,28,12,150
0x8bca75,95.671%,40,884,924,746,20,20,138
0x543720,93.0314%,40,534,574,530,18,22,4
0x4bb3d0,90.7193%,40,391,431,6,14,26,385
0x4a75da,74.359%,40,116,156,69,15,25,47
0x5bbc9b,90.8046%,40,395,435,343,25,15,52
0x8193fa,95.0617%,40,770,810,3,31,9,767
0xa02792,97.191%,40,1384,1424,8,27,13,1376
0x8ec3d7,94.152%,40,644,684,147,19,21,497
0x8e5ae1,93.7598%,40,601,641,164,26,14,437
0x591c2a,73.5099%,40,111,151,78,15,25,33
0xa921e4,85.0746%,40,228,268,199,19,21,29
0xa366f9,73.6842%,40,112,152,15,21,19,97
0xa5285e,90.3382%,40,374,414,152,23,17,222
0x9f59f0,74.8428%,40,119,159,65,19,21,54
0xa35f69,85.7651%,40,241,281,38,22,18,203
0x906d86,79.5918%,40,156,196,37,20,20,119
0xa8f94c,72.6027%,40,106,146,47,14,26,59
0x4931d5,76.0479%,40,127,167,113,15,25,14
0x508919,90.991%,40,404,444,332,18,22,72
0xa469f3,82.6087%,40,190,230,110,24,16,80
0x53b260,91.1504%,40,412,452,379,10,30,33
0x4b6d49,72.973%,40,108,148,25,22,18,83
0x9fe25a,77.1429%,40,135,175,63,22,18,72
0x534a88,78.6096%,40,147,187,28,22,18,119
0x5469d7,97.9424%,40,1904,1944,45,27,13,1859
0x559184,95.4955%,40,848,888,317,15,25,531
0x9118e4,96.1353%,40,995,1035,345,25,15,650
0x4bad5d,95.842%,40,922,962,354,29,11,568
0xa26374,96.0513%,40,973,1013,582,27,13,391
0xb326fc,99.3791%,40,6402,6442,0,0,40,6402
0x8e51a9,95.7672%,40,905,945,475,16,24,430
0x814d52,85.7651%,40,241,281,10,31,9,231
0x49b22b,99.0743%,40,4281,4321,889,24,16,3392
0x9a1f20,80.2956%,40,163,203,44,25,15,119
0x63ec0d,95.8377%,40,921,961,209,21,19,712
0x833a46,81.6514%,40,178,218,62,24,16,116
0x58f8ef,50%,40,40,80,22,17,23,18
0x5feea7,48.0519%,40,37,77,29,19,21,8
0x4b536d,89.2183%,40,331,371,282,18,22,49
0xa3045b,85.1852%,40,230,270,123,21,19,107
0xa9b480,89.3617%,40,336,376,243,13,27,93
0x501a8e,94.9622%,40,754,794,665,18,22,89
0x66f58a,69.9248%,40,93,133,82,22,18,11
0xa59418,88.2698%,40,301,341,30,18,22,271
0x8d30bb,83.8057%,40,207,247,202,15,25,5
0x8bc7fc,99.8249%,40,22809,22849,744,20,20,22065
0x9ab0e8,94.6092%,40,702,742,4,23,17,698
0x510a33,91.1162%,39,400,439,28,20,19,372
0x9ec0cc,85.3933%,39,228,267,227,13,26,1
0x4b525a,89.7906%,39,343,382,299,12,27,44
0x4bb200,86.121%,39,242,281,171,21,18,71
0x493051,83.5443%,39,198,237,46,24,15,152
0x5bb3de,96.9602%,39,1244,1283,3,30,9,1241
0x90be26,99.9234%,39,50894,50933,49963,9,30,931
0x540350,98.5709%,39,2690,2729,2680,17,22,10
0xa32ff4,84.5238%,39,213,252,127,15,24,86
0x901fdf,96.3989%,39,1044,1083,595,27,12,449
0xa555da,78.453%,39,142,181,123,20,19,19
0x54173f,97.7625%,39,1704,1743,594,18,21,1110
0x90e144,93.5323%,39,564,603,554,17,22,10
0x81f748,96.0123%,39,939,978,18,21,18,921
0x48bbd6,72.7273%,39,104,143,44,14,25,60
0x8a9e6a,88.6957%,39,306,345,127,26,13,179
0x48b1e6,90.4177%,39,368,407,20,23,16,348
0x9e2606,95.9034%,39,913,952,327,21,18,586
0x900231,94.1704%,39,630,669,27,20,19,603
0xa27676,98.0798%,39,1992,2031,744,16,23,1248
0x5bbafc,89.0756%,39,318,357,277,11,28,41
0x51b4d7,89.4309%,39,330,369,286,14,25,44
0x557a4e,82.2727%,39,181,220,165,18,21,16
0xa339fe,96.5456%,39,1090,1129,545,23,16,545
0x77ffae,98.3204%,39,2283,2322,1764,21,18,519
0xa54e4f,75%,39,117,156,72,23,16,45
0x59915e,99.2189%,39,4954,4993,482,24,15,4472
0x49157a,75.3165%,39,119,158,57,19,20,62
0x80f46d,84.4%,39,211,250,49,25,14,162
0x643b6a,95.1432%,39,764,803,761,14,25,3
0xaa57a5,99.3939%,39,6396,6435,85,5,34,6311
0xa3a237,81.9444%,39,177,216,153,27,12,24
0x54ef58,68.5484%,39,85,124,74,7,32,11
0x8f359b,95.9502%,39,924,963,125,23,16,799
0x501fff,57.1429%,39,52,91,39,20,19,13
0x8a216c,86.2191%,39,244,283,5,21,18,239
0x8bb3bf,98.8626%,39,3390,3429,3029,9,30,361
0x643697,99.4983%,39,7734,7773,3,14,25,7731
0x9ed9c3,69.0476%,39,87,126,66,19,20,21
0xa4ff15,89.1061%,39,319,358,307,15,24,12
0x8fd392,99.0147%,39,3919,3958,2,1,38,3917
0x810356,97.6534%,39,1623,1662,878,28,11,745
0x80e82e,86.4583%,39,249,288,166,20,19,83
0x7d09c4,94.4837%,39,668,707,50,29,10,618
0x80ed56,96.3687%,39,1035,1074,522,26,13,513
0x904006,80.102%,39,157,196,131,22,17,26
0x8a9e65,96.0685%,39,953,992,634,13,26,319
0x4ba425,90.1515%,39,357,396,49,19,20,308
0xa57223,79.4737%,39,151,190,9,28,11,142
0xa95cca,95.2612%,39,784,823,722,16,23,62
0xa02d64,78.453%,39,142,181,47,25,14,95
0x507eba,94.7297%,39,701,740,0,0,39,701
0x49dfc4,83.4746%,39,197,236,15,25,14,182
0x4a2618,91.7373%,39,433,472,128,25,14,305
0x5069dc,94.7297%,39,701,740,253,19,20,448
0x9007cf,98.9567%,39,3699,3738,3687,33,6,12
0x8d3cc9,91.7548%,39,434,473,321,15,24,113
0x974603,74.3421%,39,113,152,45,25,14,68
0x4bbc4b,97.8896%,39,1809,1848,1554,10,29,255
0x8a669e,60.2041%,39,59,98,46,18,21,13
0xa25ef4,79.2553%,39,149,188,18,29,10,131
0x8e0bd2,99.0425%,39,4034,4073,2205,9,30,1829
0x90e161,61.7647%,39,63,102,54,16,23,9
0x590e29,88.3582%,39,296,335,151,15,24,145
0x537b0c,98.0901%,39,2003,2042,1293,18,21,710
0x900811,98.9516%,39,3681,3720,94,17,22,3587
0xa560df,78.8043%,39,145,184,27,16,23,118
0x8e2607,97.9634%,39,1876,1915,883,34,5,993
0xa301bf,87.3754%,38,263,301,88,18,20,175
0x5ba9ff,98.3816%,38,2310,2348,1904,13,25,406
0x9ee188,76.3975%,38,123,161,85,14,24,38
0xa95d32,93.9297%,38,588,626,27,25,13,561
0x501a73,97.6843%,38,1603,1641,791,32,6,812
0xa3a3a5,94.5714%,38,662,700,302,18,20,360
0x4bc65f,83.5498%,38,193,231,113,22,16,80
0x492aa6,76.9697%,38,127,165,102,13,25,25
0x8e489b,98.3471%,38,2261,2299,1120,31,7,1141
0x64b0f8,99.9105%,38,42430,42468,21433,21,17,20997
0x5fba15,90.1554%,38,348,386,299,14,24,49
0x8dee7f,98.1272%,38,1991,2029,1881,17,21,110
0x901264,78.8889%,38,142,180,128,12,26,14
0x8f35ee,93.8412%,38,579,617,212,27,11,367
0x8e2b07,98.4047%,38,2344,2382,214,25,13,2130
0x9a7680,80%,38,152,190,129,12,26,23
0x974335,92.1811%,38,448,486,174,26,12,274
0x8a9901,98.7662%,38,3042,3080,1586,24,14,1456
0x545ae9,99.3402%,38,5721,5759,173,28,10,5548
0x4bb346,91.1833%,38,393,431,122,20,18,271
0x49198c,77.381%,38,130,168,89,14,24,41
0x814e07,86.4769%,38,243,281,205,20,18,38
0x815a07,72.6619%,38,101,139,38,17,21,63
0x8ed770,95.966%,38,904,942,876,22,16,28
0x803f57,81.4634%,38,167,205,47,20,18,120
0x811778,99.1332%,38,4346,4384,3741,25,13,605
0xa34045,87.3333%,38,262,300,91,20,18,171
0x40ce13,99.8045%,38,19395,19433,19395,38,0,0
0x4bc21f,97.0289%,38,1241,1279,191,12,26,1050
0x48a652,97.8223%,38,1707,1745,0,17,21,1707
0x809236,80.9045%,38,161,199,87,17,21,74
0x5590c3,93.0403%,38,508,546,414,14,24,94
0xa35f22,90.9524%,38,382,420,73,16,22,309
0x944dc4,92.8166%,38,491,529,9,13,25,482
0x8e487d,98.3471%,38,2261,2299,597,26,12,1664
0xab3660,99.708%,38,12977,13015,12969,28,10,8
0x49b30b,99.1206%,38,4283,4321,884,29,9,3399
0x503792,93.7908%,38,574,612,291,19,19,283
0x81b344,96.1577%,38,951,989,612,20,18,339
0xa331ec,95.4762%,38,802,840,160,29,9,642
0x9eb744,69.6%,38,87,125,64,18,20,23
0x41089b,78.5311%,38,139,177,79,18,20,60
0xa3a4d4,95.8606%,38,880,918,309,11,27,571
0x80fb95,77.381%,38,130,168,77,21,17,53
0x9018e1,92.7619%,38,487,525,87,27,11,400
0x9112da,96.3285%,38,997,1035,347,23,15,650
0x8e37c3,95.1157%,38,740,778,551,24,14,189
0x81b8a8,88.0126%,38,279,317,276,12,26,3
0xb31c3b,99.8242%,38,21577,21615,0,0,38,21577
0x5fb6e2,85.8209%,38,230,268,14,20,18,216
0x504904,94.8649%,38,702,740,562,14,24,140
0xa5c597,65.1376%,38,71,109,17,24,14,54
0x5f05ec,89.7574%,38,333,371,228,16,22,105
0x48d702,97.8947%,38,1767,1805,1758,26,12,9
0xa54f1b,48.6486%,38,36,74,18,13,25,18
0x40e3bb,91.3832%,38,403,441,27,16,22,376
0xa2630b,96.2488%,38,975,1013,375,19,19,600
0x80f611,99.4634%,38,7044,7082,49,23,15,6995
0x643297,96.649%,38,1096,1134,1062,38,0,34
0xa35f29,88.5196%,38,293,331,265,16,22,28
0x534a9c,72.2628%,38,99,137,58,23,15,41
0xa4d2e7,76.6871%,38,125,163,18,20,18,107
0x8ef909,93.7603%,38,571,609,138,20,18,433
0x53b030,91.5929%,38,414,452,373,16,22,41
0xa97596,74.4966%,38,111,149,97,17,21,14
0x510e95,99.2226%,38,4850,4888,2827,17,21,2023
0xa35cf8,96.5735%,38,1071,1109,460,17,21,611
0x8fc115,97.429%,38,1440,1478,716,23,15,724
0xa50c11,57.7778%,38,52,90,17,19,19,35
0x8fe2ea,99.8145%,38,20452,20490,8,7,31,20444
0x8db893,84.9206%,38,214,252,167,19,19,47
0xa33856,84.0336%,38,200,238,104,18,20,96
0x48ee15,75.4839%,38,117,155,84,17,21,33
0x4b4a33,96.4525%,37,1006,1043,856,22,15,150
0x485de3,88.1029%,37,274,311,272,32,5,2
0x502134,52.5641%,37,41,78,13,19,18,28
0x8184d4,74.6575%,37,109,146,75,11,26,34
0x8b9926,99.8632%,37,27004,27041,27001,29,8,3
0x60de79,85.7692%,37,223,260,64,23,14,159
0x9eb735,77.9762%,37,131,168,17,26,11,114
0x509cf6,97.6947%,37,1568,1605,468,23,14,1100
0x97397a,71.7557%,37,94,131,75,20,17,19
0x40ed4f,97.0161%,37,1203,1240,64,23,14,1139
0xb313f2,83.5556%,37,188,225,126,13,24,62
0x546423,95.3342%,37,756,793,326,24,13,430
0x8d3c9e,92.9119%,37,485,522,122,19,18,363
0x9f5d2d,60.6383%,37,57,94,48,18,19,9
0x49ee49,91.886%,37,419,456,284,18,19,135
0x81eb14,93.2727%,37,513,550,202,13,24,311
0x8efb30,91.5718%,37,402,439,377,20,17,25
0x50b879,90.9535%,37,372,409,356,13,24,16
0x5971f7,85.8779%,37,225,262,20,31,6,205
0x488b36,97.6478%,37,1536,1573,1529,22,15,7
0x627c19,98.4335%,37,2325,2362,2311,5,32,14
0x8d25d7,98.9545%,37,3502,3539,37,19,18,3465
0x8a464f,94.1732%,37,598,635,0,0,37,598
0xa942fe,65.0943%,37,69,106,67,18,19,2
0xa3a392,95.4208%,37,771,808,81,27,10,690
0x8fe4b1,99.6385%,37,10199,10236,10195,24,13,4
0x53a330,91.8142%,37,415,452,378,11,26,37
0xa45909,94.6299%,37,652,689,275,24,13,377
0x50d7cb,87.0175%,37,248,285,24,8,29,224
0x90efcf,96.1658%,37,928,965,742,23,14,186
0xa90f6b,86.7857%,37,243,280,182,13,24,61
0x8a2aba,89.4286%,37,313,350,311,23,14,2
0xa5c668,78.2353%,37,133,170,53,15,22,80
0xb2ff99,98.6541%,37,2712,2749,129,11,26,2583
0x4994e4,85.7692%,37,223,260,165,35,2,58
0x54f0e8,70.1613%,37,87,124,72,9,28,15
0x8bc7c1,97.7259%,37,1590,1627,1481,20,17,109
0x596851,98.3475%,37,2202,2239,2183,29,8,19
0xa94905,91.7411%,37,411,448,373,23,14,38
0x976dd6,97.483%,37,1433,1470,1428,8,29,5
0x8dce2a,93.186%,37,506,543,210,18,19,296
0x49faef,86.2963%,37,233,270,100,19,18,133
0x6277db,93.5315%,37,535,572,510,16,21,25
0x91169d,81.592%,37,164,201,52,25,12,112
0x8c7b8c,95.8889%,37,863,900,699,25,12,164
0x533d18,82.2967%,37,172,209,167,13,24,5
0x90056d,99.8182%,37,20310,20347,342,20,17,19968
0xa55420,76.2821%,37,119,156,83,22,15,36
0x502bd7,98.9924%,37,3635,3672,0,13,24,3635
0x65a29b,99.0096%,37,3699,3736,3535,11,26,164
0x4a6f88,89.5775%,37,318,355,210,16,21,108
0xa35395,96.9345%,37,1170,1207,899,23,14,271
0x40d9e1,99.6867%,37,11773,11810,11773,37,0,0
0x4bc406,96.1216%,37,917,954,917,37,0,0
0x50ca1d,97.0424%,37,1214,1251,406,26,11,808
0xa451ce,90.7035%,37,361,398,1,17,20,360
0x8d419e,85.0202%,37,210,247,204,13,24,6
0x542ad9,98.5883%,37,2584,2621,350,14,23,2234
0x8209b7,99.2971%,37,5227,5264,5227,26,11,0
0x5091ce,94.3425%,37,617,654,436,12,25,181
0xa45076,78.9773%,37,139,176,12,23,14,127
0x8a9669,99.9393%,37,60966,61003,59838,14,23,1128
0x402228,97.9272%,37,1748,1785,58,17,20,1690
0x5bd574,99.2528%,36,4782,4818,4112,22,14,670
0xa90185,80.9524%,36,153,189,109,17,19,44
0x40437b,98.6637%,36,2658,2694,2369,17,19,289
0xa54970,92.0354%,36,416,452,95,17,19,321
0x534495,99.5985%,36,8931,8967,27,14,22,8904
0x90fe07,98.8813%,36,3182,3218,412,23,13,2770
0x559282,95.0345%,36,689,725,231,10,26,458
0x6774dc,90.2965%,36,335,371,84,27,9,251
0xa90cd7,73.7226%,36,101,137,44,19,17,57
0x4101e7,98.7088%,36,2752,2788,907,20,16,1845
0x8fc565,96.5682%,36,1013,1049,257,15,21,756
0x8ff7f7,99.8762%,36,29038,29074,81,19,17,28957
0xb1485e,99.1545%,36,4222,4258,3411,23,13,811
0x40d8e9,99.6952%,36,11774,11810,11774,36,0,0
0x5bd909,99.6657%,36,10733,10769,9799,12,24,934
0x9ee59a,76.3158%,36,116,152,65,20,16,51
0x533b0a,98.2684%,36,2043,2079,1433,32,4,610
0x9c4162,90%,36,324,360,17,17,19,307
0x8a96f3,99.4761%,36,6836,6872,1115,31,5,5721
0xa50bf8,75.6757%,36,112,148,40,18,18,72
0x54f999,47.0588%,36,32,68,16,9,27,16
0xa46c4e,84.3478%,36,194,230,113,21,15,81
0x90ab0f,81.5385%,36,159,195,150,18,18,9
0x510df0,99.5095%,36,7303,7339,7,13,23,7296
0x604467,78.1818%,36,129,165,104,16,20,25
0x90147c,99.0367%,36,3701,3737,3652,20,16,49
0x8d281f,97.5494%,36,1433,1469,73,20,16,1360
0xa50522,85.7708%,36,217,253,196,19,17,21
0x507724,76.6234%,36,118,154,99,11,25,19
0x403cac,99.4149%,36,6117,6153,6032,16,20,85
0xa5c2d4,66.9725%,36,73,109,63,14,22,10
0x944c50,95.0207%,36,687,723,530,14,22,157
0xa52dcb,89.8305%,36,318,354,318,13,23,0
0x8e2645,98.6852%,36,2702,2738,2602,12,24,100
0x49ec03,92.5466%,36,447,483,133,28,8,314
0x8fe240,99.8818%,36,30429,30465,30429,36,0,0
0x80c22a,86.4151%,36,229,265,159,18,18,70
0x507867,95.9821%,36,860,896,855,13,23,5
0x488aa5,97.7114%,36,1537,1573,1031,16,20,506
0x8076ea,87.7133%,36,257,293,67,20,16,190
0x977c1c,97.8235%,36,1618,1654,1488,23,13,130
0x548037,99.4562%,36,6584,6620,6443,8,28,141
0xa55ee9,68.6957%,36,79,115,27,24,12,52
0x9a12e4,76.3158%,36,116,152,43,12,24,73
0x976e30,85.3659%,36,210,246,4,20,16,206
0xa308e3,96.5385%,36,1004,1040,281,23,13,723
0x821c46,87.4126%,36,250,286,191,24,12,59
0x502ee7,99.5275%,36,7583,7619,85,17,19,7498
0x8e135c,97.7833%,36,1588,1624,218,23,13,1370
0x8ed03f,81.4433%,36,158,194,3,19,17,155
0x8e09e0,98.7705%,36,2892,2928,2587,17,19,305
0x8fbf94,95.1286%,36,703,739,703,36,0,0
0x9f4be1,84.141%,36,191,227,32,20,16,159
0x40292d,97.3913%,36,1344,1380,297,15,21,1047
0x9a1d11,82.439%,36,169,205,119,15,21,50
0xa3482e,97.2265%,36,1262,1298,224,21,15,1038
0x5504d4,99.6853%,36,11404,11440,11404,36,0,0
0x9e049d,68.4211%,36,78,114,36,20,16,42
0xa55e67,77.7778%,36,126,162,30,25,11,96
0x8fdce2,95.288%,36,728,764,359,25,11,369
0x5bac38,92.5%,36,444,480,76,26,10,368
0xad7b17,95.5071%,35,744,779,744,35,0,0
0x80c392,87.037%,35,235,270,16,18,17,219
0x48a246,99.4329%,35,6137,6172,53,20,15,6084
0x9a7ab3,71.3115%,35,87,122,13,22,13,74
0x404517,95.8482%,35,808,843,15,20,15,793
0x8ff258,87.8472%,35,253,288,99,19,16,154
0x9e082a,96.358%,35,926,961,657,16,19,269
0x808d0c,99.6739%,35,10699,10734,1212,16,19,9487
0x66d3f8,98.156%,35,1863,1898,65,20,15,1798
0x610be6,82.7586%,35,168,203,30,15,20,138
0x4a1c70,97.7287%,35,1506,1541,4,21,14,1502
0x5ff2fa,73.4848%,35,97,132,76,18,17,21
0x5968a6,98.4368%,35,2204,2239,2186,26,9,18
0x51158d,99.3129%,35,5059,5094,1902,32,3,3157
0xa5491a,91.9169%,35,398,433,388,10,25,10
0x5df28d,97.7448%,35,1517,1552,1470,19,16,47
0x8ef4c3,88.4106%,35,267,302,129,15,20,138
0x5fe278,95.2446%,35,701,736,90,26,9,611
0xb0b0bb,73.8806%,35,99,134,94,18,17,5
0x65a3c0,98.5024%,35,2302,2337,1619,12,23,683
0x8fdf00,99.8955%,35,33465,33500,33465,35,0,0
0x502cbb,98.3744%,35,2118,2153,769,19,16,1349
0xa9010e,87.2263%,35,239,274,98,25,10,141
0x534447,99.3901%,35,5704,5739,13,23,12,5691
0x50a0b1,83.4906%,35,177,212,121,15,20,56
0x8e2697,99.6876%,35,11170,11205,5907,23,12,5263
0x49fba0,91.25%,35,365,400,206,16,19,159
0x5547f0,96.9671%,35,1119,1154,1040,14,21,79
0x5bc217,97.5036%,35,1367,1402,12,21,14,1355
0x540423,98.0293%,35,1741,1776,1731,13,22,10
0x65a138,97.6077%,35,1428,1463,1409,7,28,19
0x9ef296,79.8851%,35,139,174,126,15,20,13
0x9a7d17,91.4425%,35,374,409,15,24,11,359
0x9e879f,55.6962%,35,44,79,22,16,19,22
0xa1806d,97.6255%,35,1439,1474,7,22,13,1432
0x4bc0bd,87.6761%,35,249,284,148,15,20,101
0xa34317,73.2824%,35,96,131,60,18,17,36
0x60456c,90.113%,35,319,354,150,27,8,169
0xb2fcb8,99.7992%,35,17397,17432,0,0,35,17397
0x640102,98.1152%,35,1822,1857,1177,30,5,645
0x9f0a34,88.255%,35,263,298,15,9,26,248
0x4051bd,99.5774%,35,8247,8282,66,4,31,8181
0x541ba9,95.8034%,35,799,834,74,18,17,725
0xa4a9b9,66.3462%,35,69,104,47,15,20,22
0x51c247,97.166%,35,1200,1235,1189,12,23,11
0x554cff,87.6325%,35,248,283,146,10,25,102
0x807c48,84.3049%,35,188,223,99,15,20,89
0x54fa2a,98.8212%,35,2934,2969,2934,35,0,0
0x8ee0df,92.0273%,35,404,439,238,13,22,166
0xa570ab,81.5789%,35,155,190,133,16,19,22
0xa51668,78.3951%,35,127,162,105,15,20,22
0x9eb78b,78.7879%,35,130,165,71,15,20,59
0x8044c9,86.7424%,35,229,264,221,15,20,8
0xa529de,91.5459%,35,379,414,154,21,14,225
0x5116ba,97.6383%,35,1447,1482,357,14,21,1090
0xad7ef8,97.9029%,35,1634,1669,126,17,18,1508
0x95194b,85.2321%,35,202,237,63,17,18,139
0x8a9f33,91.7647%,35,390,425,8,21,14,382
0x907590,94.0577%,35,554,589,554,12,23,0
0x8e9fff,98.5853%,35,2439,2474,2056,19,16,383
0x50e495,63.9175%,35,62,97,45,16,19,17
0x5baca5,86.8914%,35,232,267,99,15,20,133
0xa948ca,92.1875%,35,413,448,82,26,9,331
0x5aef2b,94.9713%,35,661,696,8,14,21,653
0x55030c,91.0941%,35,358,393,23,16,19,335
0x8a8fd9,97.8916%,35,1625,1660,754,24,11,871
0x499c94,74.8201%,35,104,139,38,15,20,66
0x48b14b,80.7692%,35,147,182,121,14,21,26
0x8e1e09,91.0941%,35,358,393,135,21,14,223
0x8d25db,98.9951%,35,3448,3483,357,14,21,3091
0xa50599,69.0265%,35,78,113,54,18,17,24
0x9c4069,92.4893%,35,431,466,6,17,18,425
0x5c6cbe,97.9017%,35,1633,1668,1068,17,18,565
0x8ee17d,91.8794%,35,396,431,172,18,17,224
0x597130,92.9607%,34,449,483,8,21,13,441
0x9a904e,84.8214%,34,190,224,179,14,20,11
0x5122cd,98.2582%,34,1918,1952,1808,16,18,110
0x9bd123,52.7778%,34,38,72,18,20,14,20
0x404e57,99.5367%,34,7304,7338,6190,18,16,1114
0x900193,99.5796%,34,8053,8087,244,6,28,7809
0x8ed995,94.4171%,34,575,609,135,23,11,440
0x5456a2,96.7681%,34,1018,1052,20,18,16,998
0x814b35,86.4542%,34,217,251,31,23,11,186
0xa50e9e,90.5028%,34,324,358,313,9,25,11
0x48a27c,99.4491%,34,6138,6172,2068,21,13,4070
0x53a2f4,68.5185%,34,74,108,34,24,10,40
0xa5c2c4,81.2155%,34,147,181,53,19,15,94
0x4b5a78,98.9454%,34,3190,3224,13,14,20,3177
0x4936e3,72.8%,34,91,125,70,12,22,21
0xa594fd,83.1683%,34,168,202,7,14,20,161
0xa980e4,77.1812%,34,115,149,53,14,20,62
0x9e6bd5,97.879%,34,1569,1603,1538,12,22,31
0xa313d7,60%,34,51,85,43,15,19,8
0x53df37,99.2549%,34,4529,4563,489,21,13,4040
0x81bcec,89.2744%,34,283,317,282,6,28,1
0x556577,91.5212%,34,367,401,324,22,12,43
0x53532b,63.4409%,34,59,93,46,15,19,13
0xa34032,88.6667%,34,266,300,155,15,19,111
0x539390,91.687%,34,375,409,370,13,21,5
0x80bd0f,92.1478%,34,399,433,131,20,14,268
0x4bbe4b,96.2138%,34,864,898,681,19,15,183
0x974614,58.5366%,34,48,82,12,24,10,36
0x545459,95.5497%,34,730,764,186,21,13,544
0x48c0f0,76.3889%,34,110,144,42,16,18,68
0x9eb69d,49.2537%,34,33,67,20,15,19,13
0x976dfb,87.8571%,34,246,280,9,25,9,237
0x8a8b97,69.3694%,34,77,111,49,21,13,28
0x5579d8,93.4109%,34,482,516,205,15,19,277
0x5437f4,87.8136%,34,245,279,121,20,14,124
0x5059af,80.5714%,34,141,175,110,21,13,31
0x9e6fe9,63.4409%,34,59,93,29,17,17,30
0x911a26,98.1592%,34,1813,1847,1813,34,0,0
0x66d3fd,98.1247%,34,1779,1813,1508,4,30,271
0x8bc76f,98.4982%,34,2230,2264,1096,14,20,1134
0x5cf42e,98.2115%,34,1867,1901,1843,13,21,24
0x409b06,68.2243%,34,73,107,64,14,20,9
0x509d96,96.5235%,34,944,978,481,6,28,463
0x9e0ba7,86.7704%,34,223,257,8,20,14,215
0x8e24d6,99.3555%,34,5241,5275,5156,9,25,85
0x554871,97.0537%,34,1120,1154,233,14,20,887
0xb3ab1c,98.7935%,34,2784,2818,2460,12,22,324
0x40f5bd,99.7042%,34,11459,11493,10895,26,8,564
0x9a7eff,78.6164%,34,125,159,44,15,19,81
0x48b19f,75.5396%,34,105,139,25,15,19,80
0xa58607,90.1449%,34,311,345,111,24,10,200
0x8eb7ee,98.8066%,34,2815,2849,459,28,6,2356
0x541750,96.9938%,34,1097,1131,112,24,10,985
0x8a543e,91.7874%,34,380,414,5,19,15,375
0x978558,92.5926%,34,425,459,154,18,16,271
0x8196c6,96.8489%,34,1045,1079,111,16,18,934
0x40a235,77.1812%,34,115,149,37,21,13,78
0x8ef40d,94.4171%,34,575,609,140,18,16,435
0x80d519,71.6667%,34,86,120,72,16,18,14
0x4b7835,92.3596%,34,411,445,24,18,16,387
0x65a1c3,97.6104%,33,1348,1381,1116,11,22,232
0xa5563a,91.8919%,33,374,407,320,10,23,54
0x591bb8,78.1457%,33,118,151,86,14,19,32
0x8e4487,98.2866%,33,1893,1926,593,22,11,1300
0x5437bb,83.1633%,33,163,196,39,11,22,124
0x80ffa1,98.9209%,33,3025,3058,2500,20,13,525
0xa56750,87.1595%,33,224,257,210,5,28,14
0x541d12,97.1229%,33,1114,1147,69,11,22,1045
0x4a71e2,94.6429%,33,583,616,207,19,14,376
0x8bca93,96.4286%,33,891,924,758,18,15,133
0x5c6b67,99.0774%,33,3544,3577,21,13,20,3523
0x5fe1eb,96.3455%,33,870,903,767,10,23,103
0x8fdeda,99.9015%,33,33467,33500,33467,33,0,0
0x50582b,81.1429%,33,142,175,80,14,19,62
0x547ea5,93.945%,33,512,545,512,15,18,0
0x81a874,95.6636%,33,728,761,13,25,8,715
0x40e137,98.0228%,33,1636,1669,0,0,33,1636
0xa0222a,97.8764%,33,1521,1554,75,22,11,1446
0xa9c56d,87.1094%,33,223,256,41,16,17,182
0x545c2c,98.9707%,33,3173,3206,2988,8,25,185
0x4a1c33,96.9891%,33,1063,1096,5,18,15,1058
0x53e37a,98.9517%,33,3115,3148,0,0,33,3115
0x8fdf52,98.758%,33,2624,2657,0,0,33,2624
0x58f8b7,66.6667%,33,66,99,26,15,18,40
0xa45ab3,87.1595%,33,224,257,14,18,15,210
0x8a2a83,90.5714%,33,317,350,317,33,0,0
0x901295,81.6667%,33,147,180,139,14,19,8
0x53aff4,68.8679%,33,73,106,40,17,16,33
0xa60aa5,91.2234%,33,343,376,286,18,15,57
0xa326fe,67.3267%,33,68,101,58,14,19,10
0x5349be,93.2099%,33,453,486,416,13,20,37
0x8d3ca8,91.3386%,33,348,381,229,15,18,119
0x9f25b8,66.6667%,33,66,99,47,13,20,19
0x9f5d77,75.188%,33,100,133,93,18,15,7
0x9441ef,96.5263%,33,917,950,78,12,21,839
0x8aedc1,76.259%,33,106,139,67,14,19,39
0x9a7d36,91.9315%,33,376,409,314,18,15,62
0x9ebede,73.1707%,33,90,123,50,12,21,40
0xb301a1,93.5547%,33,479,512,322,12,21,157
0xb32785,99.4877%,33,6409,6442,6,3,30,6403
0x403e79,99.4637%,33,6120,6153,735,17,16,5385
0xa465e4,76.7606%,33,109,142,15,15,18,94
0x819b34,77.3973%,33,113,146,74,12,21,39
0x7c71fa,82.6316%,33,157,190,42,19,14,115
0x90e627,94.5274%,33,570,603,76,19,14,494
0xa01dfe,51.4706%,33,35,68,9,18,15,26
0x984073,70.2703%,33,78,111,6,19,14,72
0xb0b03a,54.1667%,33,39,72,9,20,13,30
0x81318c,96.0993%,33,813,846,16,24,9,797
0x900594,99.4569%,33,6043,6076,5907,30,3,136
0x507e07,95.3125%,33,671,704,665,17,16,6
0x8d271c,92.9487%,33,435,468,54,20,13,381
0x543d0a,79.375%,33,127,160,80,18,15,47
0x504991,78.7097%,33,122,155,25,14,19,97
0x9e86be,58.2278%,33,46,79,31,16,17,15
0x596d7b,97.9048%,33,1542,1575,806,17,16,736
0x5971c6,94.686%,33,588,621,26,28,5,562
0x80c3b0,86.0169%,33,203,236,194,10,23,9
0x8e87b0,96.9613%,33,1053,1086,1044,8,25,9
0x67c234,98.8117%,33,2744,2777,2733,12,21,11
0x90094d,94.2808%,33,544,577,242,16,17,302
0x97bbdc,81.25%,33,143,176,106,8,25,37
0x80f671,77.7027%,33,115,148,100,18,15,15
0x54f21c,73.3871%,33,91,124,75,6,27,16
0x667044,90.7821%,33,325,358,321,14,19,4
0x40e2c3,95.3586%,33,678,711,247,10,23,431
0x9846c9,77.3973%,33,113,146,69,14,19,44
0x813047,98.0496%,33,1659,1692,826,20,13,833
0x53c714,94.72%,33,592,625,392,12,21,200
0x81cadf,81.8681%,33,149,182,104,18,15,45
0x9c398f,74.4186%,33,96,129,39,19,14,57
0x9745e6,87.6404%,33,234,267,98,17,16,136
0x8de165,97.3451%,33,1210,1243,28,20,13,1182
0x50168b,99.0087%,33,3296,3329,967,14,19,2329
0x8a9710,97.7551%,33,1437,1470,1368,10,23,69
0x8e1784,99.7055%,33,11172,11205,11018,15,18,154
0xa50139,77.7027%,33,115,148,36,21,12,79
0x64ada6,99.843%,33,20981,21014,18336,19,14,2645
0xa027e3,99.2762%,32,4389,4421,10,17,15,4379
0xaada0a,88.8889%,32,256,288,15,18,14,241
0x5fd61b,96.9925%,32,1032,1064,980,8,24,52
0x55909d,91.5567%,32,347,379,211,24,8,136
0x5fb881,86.3248%,32,202,234,166,13,19,36
0x502f79,98.7276%,32,2483,2515,2339,6,26,144
0x8fc582,90.9091%,32,320,352,202,14,18,118
0x5335ae,60.9756%,32,50,82,20,25,7,30
0x404599,94.5854%,32,559,591,350,17,15,209
0x8196bd,97.442%,32,1219,1251,27,24,8,1192
0x977a8d,89.8734%,32,284,316,269,8,24,15
0x53456e,99.2603%,32,4294,4326,0,0,32,4294
0x556e4b,92.381%,32,388,420,87,21,11,301
0x8ff80f,99.8729%,32,25145,25177,25145,32,0,0
0x821264,97.4318%,32,1214,1246,0,0,32,1214
0x58e008,84.689%,32,177,209,126,9,23,51
0x5411a0,99.7522%,32,12882,12914,976,15,17,11906
0x8bd5d2,99.2297%,32,4122,4154,386,10,22,3736
0x90e6e0,96.4874%,32,879,911,400,3,29,479
0x8da381,99.1619%,32,3786,3818,3780,9,23,6
0xa5133d,92.2892%,32,383,415,234,15,17,149
0x9fb25e,74.1935%,32,92,124,65,18,14,27
0x667016,90.7781%,32,315,347,308,12,20,7
0x9fe2cd,81.7143%,32,143,175,10,21,11,133
0x5bb638,73.1092%,32,87,119,85,11,21,2
0xa57997,80.9524%,32,136,168,93,10,22,43
0xb0cef1,98.9379%,32,2981,3013,1572,23,9,1409
0x8a77ac,55.5556%,32,40,72,13,15,17,27
0x543914,88.5305%,32,247,279,126,15,17,121
0x5911e5,88.9273%,32,257,289,257,32,0,0
0x9a1da2,86.4979%,32,205,237,90,21,11,115
0xa31107,74.8031%,32,95,127,79,10,22,16
0x65c22e,99.3451%,32,4854,4886,4749,25,7,105
0x5fd6d0,85.5204%,32,189,221,169,12,20,20
0x81d1b3,95.8816%,32,745,777,487,11,21,258
0x50ee42,63.6364%,32,56,88,26,18,14,30
0x81fc06,90.0929%,32,291,323,101,11,21,190
0x9b8fd9,86.5546%,32,206,238,206,13,19,0
0x8a936f,98.961%,32,3048,3080,2124,12,20,924
0xa35f7e,94.5111%,32,551,583,457,20,12,94
0x81eef3,48.3871%,32,30,62,27,13,19,3
0x8d3e8e,93.8697%,32,490,522,271,5,27,219
0x807b3a,86.383%,32,203,235,100,12,20,103
0x4bc5a7,84.3137%,32,172,204,100,8,24,72
0x50e0fc,67.0103%,32,65,97,45,10,22,20
0x49fab3,97.7127%,32,1367,1399,120,13,19,1247
0x81f9e7,96.0149%,32,771,803,728,18,14,43
0x40f8ad,99.9034%,32,33098,33130,33098,32,0,0
0x65b98c,99.3068%,32,4584,4616,24,16,16,4560
0x538d40,92.176%,32,377,409,372,11,21,5
0xa52238,79.2208%,32,122,154,34,20,12,88
0x9eef8a,73.3333%,32,88,120,10,21,11,78
0x48a0a0,99.1992%,32,3964,3996,46,22,10,3918
0x489e30,99.4887%,32,6227,6259,6173,18,14,54
0x8ff24f,90.9348%,32,321,353,46,19,13,275
0xa3497f,98.1054%,32,1657,1689,1145,17,15,512
0x5f083c,89.5425%,32,274,306,259,13,19,15
0xa5f807,93.4426%,32,456,488,341,11,21,115
0x90a465,98.6278%,32,2300,2332,288,20,12,2012
0x9784f0,96.6102%,32,912,944,442,17,15,470
0x98cc66,95.4738%,32,675,707,587,18,14,88
0x81f77c,94.9447%,32,601,633,522,17,15,79
0x8d3c75,93.8697%,32,490,522,348,21,11,142
0x9099d0,98.2768%,32,1825,1857,708,23,9,1117
0x8ef213,84%,32,168,200,100,13,19,68
0x40e50b,98.0827%,32,1637,1669,1633,20,12,4
0x49e502,87.6923%,32,228,260,104,14,18,124
0x50ffa1,88.9655%,32,258,290,105,10,22,153
0x9bc71d,87.8788%,32,232,264,230,12,20,2
0x5436cb,81.0651%,32,137,169,21,6,26,116
0x4baa6b,89.1156%,32,262,294,56,18,14,206
0x5104cc,99.0695%,32,3407,3439,2198,15,17,1209
0x5030da,99.6039%,31,7795,7826,175,15,16,7620
0x604c12,87.5502%,31,218,249,4,18,13,214
0x80c0c5,97.8897%,31,1438,1469,42,16,15,1396
0x8f48d8,99.3606%,31,4817,4848,175,15,16,4642
0xa348db,98.1646%,31,1658,1689,1116,17,14,542
0x50400b,96.0908%,31,762,793,726,17,14,36
0x58eb9f,99.4068%,31,5195,5226,5195,31,0,0
0xa45bf7,69.6078%,31,71,102,18,17,14,53
0x81f3c8,97.3862%,31,1155,1186,778,22,9,377
0x5b02b8,80.1282%,31,125,156,58,8,23,67
0xaab66a,97.9948%,31,1515,1546,781,17,14,734
0x94c59b,94.4643%,31,529,560,436,20,11,93
0x8a348d,93.6992%,31,461,492,451,14,17,10
0x8e424a,98.6516%,31,2268,2299,605,18,13,1663
0x9a9e95,82.5843%,31,147,178,81,16,15,66
0x50280d,86.0987%,31,192,223,101,25,6,91
0x5ff94e,87.3984%,31,215,246,60,15,16,155
0xa3ba0b,89.0845%,31,253,284,121,19,12,132
0x40ee03,97.5%,31,1209,1240,788,15,16,421
0x63adde,88.1226%,31,230,261,6,14,17,224
0x5b9a5c,57.5342%,31,42,73,34,17,14,8
0xa4a762,85.5814%,31,184,215,181,11,20,3
0xa9371a,87.8906%,31,225,256,11,18,13,214
0x58ffe1,99.5257%,31,6505,6536,3515,5,26,2990
0xa46488,83.9378%,31,162,193,6,23,8,156
0x40dbc4,97.7054%,31,1320,1351,1210,9,22,110
0x54eb40,55.0725%,31,38,69,8,18,13,30
0x9c4236,90.6627%,31,301,332,120,19,12,181
0x502c81,98.758%,31,2465,2496,126,19,12,2339
0x978070,90.0641%,31,281,312,131,8,23,150
0xa2d9e5,92.8406%,31,402,433,401,12,19,1
0x4044b4,98.4646%,31,1988,2019,682,17,14,1306
0x9ed5af,70.7547%,31,75,106,12,17,14,63
0xa40ea3,99.7054%,31,10490,10521,10490,31,0,0
0x917898,79.3333%,31,119,150,13,8,23,106
0x642e1d,82.2857%,31,144,175,136,4,27,8
0x8a9463,99.9602%,31,77777,77808,23,9,22,77754
0x817cbb,90.8555%,31,308,339,56,13,18,252
0x9e6192,87.6%,31,219,250,176,16,15,43
0x8d3c2b,93.9689%,31,483,514,252,18,13,231
0x969277,84.4221%,31,168,199,7,17,14,161
0x821049,63.9535%,31,55,86,11,20,11,44
0x9ef2c5,78.0142%,31,110,141,66,15,16,44
0xa911f6,64.3678%,31,56,87,52,13,18,4
0x5591ae,96.5708%,31,873,904,661,8,23,212
0x64b3fc,99.8596%,31,22051,22082,17,4,27,22034
0x8e2b34,97.2807%,31,1109,1140,1080,8,23,29
0x901796,87.3469%,31,214,245,198,19,12,16
0x48a5a2,99.1567%,31,3645,3676,2,21,10,3643
0x512bce,99.4616%,31,5727,5758,837,24,7,4890
0x8213e6,89.9676%,31,278,309,88,12,19,190
0x911a9a,98.3216%,31,1816,1847,575,24,7,1241
0x65a392,98.3896%,31,1894,1925,1169,11,20,725
0x40e64d,93.7876%,31,468,499,464,18,13,4
0x40e2c8,93.1718%,31,423,454,218,15,16,205
0x8e9223,97.8045%,31,1381,1412,469,20,11,912
0x48cf6f,95.3593%,31,637,668,632,16,15,5
0x5b2f57,85.446%,31,182,213,165,16,15,17
0x4bc373,97.9223%,31,1461,1492,1138,25,6,323
0x8bb85a,78.6207%,31,114,145,65,18,13,49
0x40503a,26.1905%,31,11,42,1,20,11,10
0xa54dc4,86.6379%,31,201,232,109,7,24,92
0x670472,76.6917%,31,102,133,52,18,13,50
0x65ba7f,99.3226%,31,4545,4576,4494,14,17,51
0xa2e73f,85.8447%,31,188,219,68,17,14,120
0x8feed6,90.2208%,31,286,317,166,16,15,120
0xa33cd9,97.6866%,31,1309,1340,1098,7,24,211
0x8dad1f,80%,31,124,155,46,16,15,78
0xa23c61,81.9767%,31,141,172,95,15,16,46
0x4bed36,92.0103%,31,357,388,205,19,12,152
0x591142,87.4494%,31,216,247,88,8,23,128
0xb32357,96.8008%,31,938,969,938,31,0,0
0x60dc1d,88.6861%,31,243,274,202,12,19,41
0x504033,59.7403%,31,46,77,36,14,17,10
0x506f01,95.8108%,31,709,740,626,17,14,83
0x8ec2e2,97.1793%,31,1068,1099,1041,13,18,27
0x54571d,97.0532%,31,1021,1052,5,23,8,1016
0x970ed7,98.2614%,31,1752,1783,279,18,13,1473
0x9ee06c,80.7453%,31,130,161,100,14,17,30
0x80d8fb,76.8657%,31,103,134,11,17,14,92
0xb2e6e2,99.6123%,31,7964,7995,0,0,31,7964
0x403f46,98.6409%,31,2250,2281,1626,10,21,624
0xa2568a,96.8008%,31,938,969,0,0,31,938
0x8bd41f,99.8721%,31,24204,24235,166,19,12,24038
0x8e3f6e,98.6516%,31,2268,2299,1650,26,5,618
0x4a9728,78.169%,31,111,142,66,16,15,45
0x80fadb,90.0641%,31,281,312,216,10,21,65
0x81bd10,67.7419%,30,63,93,57,7,23,6
0x8e4d7e,98.0545%,30,1512,1542,1016,17,13,496
0x534b68,78.1022%,30,107,137,26,18,12,81
0x8f5626,99.4007%,30,4976,5006,4423,6,24,553
0x542f03,83.9572%,30,157,187,25,9,21,132
0x8a2aa3,91.4286%,30,320,350,50,19,11,270
0x50d971,94.614%,30,527,557,137,24,6,390
0x534556,99.3138%,30,4342,4372,33,13,17,4309
0x9a474d,95.6395%,30,658,688,566,19,11,92
0x9c3e4c,65.1163%,30,56,86,15,17,13,41
0xa9c616,84.0426%,30,158,188,126,16,14,32
0x410ba7,95.2305%,30,599,629,28,26,4,571
0x8187da,65.1163%,30,56,86,14,20,10,42
0xa565b3,94.2529%,30,492,522,240,21,9,252
0x8ef4d0,81.0127%,30,128,158,101,15,15,27
0x643405,94.152%,30,483,513,480,27,3,3
0x677c9b,89.7959%,30,264,294,144,24,6,120
0x404d81,99.6827%,30,9426,9456,106,14,16,9320
0x8a50a3,85.9155%,30,183,213,174,14,16,9
0x80bfdf,82.2485%,30,139,169,40,15,15,99
0x80df7f,98.7603%,30,2390,2420,2185,7,23,205
0xa5706a,82.0359%,30,137,167,24,15,15,113
0x58ba38,87.5%,30,210,240,75,20,10,135
0x40a91d,66.2921%,30,59,89,29,18,12,30
0x544412,86.6071%,30,194,224,80,12,18,114
0x54fabb,87.6033%,30,212,242,80,11,19,132
0xa50f59,88.1423%,30,223,253,203,12,18,20
0x4b6b73,75%,30,90,120,34,10,20,56
0x51111f,99.2051%,30,3744,3774,2084,16,14,1660
0x8f17fe,93.1663%,30,409,439,25,17,13,384
0x90a95d,63.8554%,30,53,83,23,19,11,30
0x908548,99.6006%,30,7481,7511,316,17,13,7165
0x4bb471,85.6459%,30,179,209,146,11,19,33
0x8bb3e1,93.3921%,30,424,454,405,19,11,19
0xa23912,72.7273%,30,80,110,10,17,13,70
0x6482fd,96.9388%,30,950,980,22,18,12,928
0x590dcb,91.018%,30,304,334,173,14,16,131
0x81b11d,74.1379%,30,86,116,30,20,10,56
0x491561,81.0127%,30,128,158,122,15,15,6
0xaa7fdf,94.3289%,30,499,529,308,17,13,191
0x8ebadb,94.3503%,30,501,531,252,22,8,249
0x5a944d,91.5014%,30,323,353,264,22,8,59
0x607000,92.6471%,30,378,408,91,24,6,287
0x9f44d8,80.6452%,30,125,155,15,13,17,110
0x40e2b0,97.2401%,30,1057,1087,1056,13,17,1
0x4bf07e,96.7742%,30,900,930,148,23,7,752
0xa34af3,86.4865%,30,192,222,133,7,23,59
0x9eedfe,95.0658%,30,578,608,568,14,16,10
0x409a6b,80.8917%,30,127,157,60,10,20,67
0x4bb76a,85.4369%,30,176,206,105,15,15,71
0x49fb8e,92.9078%,30,393,423,376,24,6,17
0x488992,97.1264%,30,1014,1044,2,17,13,1012
0x507461,76.5625%,30,98,128,91,16,14,7
0x60e10f,80.6452%,30,125,155,59,17,13,66
0x8046d3,88.6364%,30,234,264,200,10,20,34
0x81d5a4,95.6897%,30,666,696,432,12,18,234
0xa9e139,87.3418%,30,207,237,20,14,16,187
0x541de2,95.7326%,30,673,703,469,15,15,204
0x81c6e5,99.7783%,30,13500,13530,56,14,16,13444
0x66f62f,49.1525%,30,29,59,14,19,11,15
0x8c755c,98.4416%,30,1895,1925,979,3,27,916
0x81954d,81.25%,30,130,160,68,12,18,62
0x49f92f,98.2301%,30,1665,1695,279,17,13,1386
0x8b98c7,99.7686%,30,12934,12964,0,0,30,12934
0x4464ca,98.8295%,30,2533,2563,1952,24,6,581
0x5fe63f,93.3628%,30,422,452,327,20,10,95
0x5b9b3a,65.5172%,30,57,87,40,12,18,17
0x40f3b4,99.2149%,30,3791,3821,3096,14,16,695
0x90dbb3,99.9411%,30,50903,50933,49957,15,15,946
0x511f18,99.262%,30,4035,4065,3838,15,15,197
0x911797,87.069%,30,202,232,188,13,17,14
0x4b4c2c,91.8699%,30,339,369,293,7,23,46
0x81bac4,85.2941%,30,174,204,35,23,7,139
0x808bc3,90.9091%,30,300,330,53,18,12,247
0xb2df34,91.404%,30,319,349,5,12,18,314
0x543a1f,77.7778%,30,105,135,86,22,8,19
0x50b98d,77.7778%,30,105,135,93,11,19,12
0xa4ba37,88.3721%,30,228,258,181,13,17,47
0xad7af9,96.1489%,30,749,779,742,14,16,7
0x8da1bc,80.2632%,30,122,152,53,16,14,69
0x8dd481,98.6951%,30,2269,2299,1502,19,11,767
0x48e4dc,99.5704%,30,6953,6983,6822,11,19,131
0x8dfd02,97.093%,30,1002,1032,317,21,9,685
0x9c38cb,91.5254%,30,324,354,247,21,9,77
0x90c9a7,98.648%,30,2189,2219,2096,18,12,93
0x9e8918,89.5105%,30,256,286,128,12,18,128
0x9a7485,74.359%,30,87,117,82,12,18,5
0xb31c23,99.8612%,30,21585,21615,0,0,30,21585
0x8a3475,93.9024%,30,462,492,462,26,4,0
0x5bb149,63.8554%,30,53,83,14,16,14,39
0x9f3b5f,95.5752%,30,648,678,628,12,18,20
0x5fe85e,91.3545%,30,317,347,272,17,13,45
0x8f4be2,77.7778%,30,105,135,70,17,13,35
0xa319cd,85.9155%,30,183,213,16,15,15,167
0x64bee3,98.0431%,30,1503,1533,524,23,7,979
0x8fe923,80.7692%,30,126,156,110,18,12,16
0x9eef62,82.3529%,30,140,170,3,19,11,137
0x820b9b,99.4301%,30,5234,5264,5234,19,11,0
0x837593,81.3665%,30,131,161,11,22,8,120
0x97b994,73.6842%,30,84,114,16,15,15,68
0xa46cdb,90.7975%,30,296,326,75,21,9,221
0x4bb8c6,85.7843%,29,175,204,135,13,16,40
0x821034,89.9306%,29,259,288,178,24,5,81
0x4994a3,85.8537%,29,176,205,174,26,3,2
0x59c120,86.4486%,29,185,214,105,15,14,80
0xa60b57,83.5227%,29,147,176,43,17,12,104
0x534daa,99.8107%,29,15287,15316,1018,1,28,14269
0x819d11,95.36%,29,596,625,596,9,20,0
0x607013,90.1024%,29,264,293,140,19,10,124
0xa42b50,95.5725%,29,626,655,520,23,6,106
0x638715,96.9823%,29,932,961,920,12,17,12
0xa5f57a,87.3913%,29,201,230,35,21,8,166
0x5042f8,96.343%,29,764,793,45,17,12,719
0x8f6eb0,94.6789%,29,516,545,253,23,6,263
0x80f6b1,80.4054%,29,119,148,47,21,8,72
0x9e395c,90.5844%,29,279,308,39,11,18,240
0x5102f8,98.3889%,29,1771,1800,668,22,7,1103
0xa4e6c6,61.8421%,29,47,76,22,16,13,25
0x4b4fd4,92.4084%,29,353,382,94,17,12,259
0xaa144a,82.3171%,29,135,164,102,17,12,33
0x808769,71.8447%,29,74,103,33,12,17,41
0x53d99b,98.2603%,29,1638,1667,18,7,22,1620
0x50d728,92.8395%,29,376,405,239,14,15,137
0x8ffbf2,99.0575%,29,3048,3077,2857,6,23,191
0x54f1f0,67.0455%,29,59,88,40,11,18,19
0x5912fe,89.9654%,29,260,289,134,13,16,126
0x507c82,93.379%,29,409,438,403,13,16,6
0x55719f,88.0658%,29,214,243,25,14,15,189
0x64b5f5,99.8192%,29,16009,16038,15959,22,7,50
0x8dea11,85.5%,29,171,200,53,17,12,118
0x6113fc,72.8972%,29,78,107,22,12,17,56
0x908754,99.7303%,29,10723,10752,2215,18,11,8508
0xa942f1,78.3582%,29,105,134,26,18,11,79
0x81f3d5,98.2656%,29,1643,1672,1166,18,11,477
0x50164b,97.9663%,29,1397,1426,36,16,13,1361
0x504698,96.0811%,29,711,740,706,16,13,5
0x908f39,98.379%,29,1760,1789,955,23,6,805
0x8bcd07,98.7942%,29,2376,2405,41,19,10,2335
0x40ffb4,99.6231%,29,7666,7695,2047,15,14,5619
0x501639,98.0164%,29,1433,1462,20,16,13,1413
0x8116a7,95.3074%,29,589,618,38,20,9,551
0xa3338b,97.2008%,29,1007,1036,229,15,14,778
0xaa1355,85.1282%,29,166,195,8,16,13,158
0x8ff3d0,91.1315%,29,298,327,188,12,17,110
0x8e206d,98.0471%,29,1456,1485,946,10,19,510
0xace2fb,87.5536%,29,204,233,138,10,19,66
0x548ce6,99.5905%,29,7053,7082,515,22,7,6538
0x90b2b7,88.4%,29,221,250,108,11,18,113
0x4b5127,88.3065%,29,219,248,107,13,16,112
0x5b14a9,94.4231%,29,491,520,346,8,21,145
0x5a94ab,91.7847%,29,324,353,303,17,12,21
0x8f4bc3,98.8423%,29,2476,2505,2322,7,22,154
0x55805a,97.2222%,29,1015,1044,0,0,29,1015
0x8bcbdf,76.4228%,29,94,123,35,18,11,59
0x8fdef3,99.9134%,29,33471,33500,0,0,29,33471
0x8bc939,99.471%,29,5453,5482,180,14,15,5273
0x9ab78c,89.9654%,29,260,289,252,23,6,8
0x835d63,81.9876%,29,132,161,18,20,9,114
0x512c30,99.7397%,29,11110,11139,0,0,29,11110
0x5356bd,84.6561%,29,160,189,112,16,13,48
0x501f8a,77.8626%,29,102,131,57,19,10,45
0x5341e3,88.5375%,29,224,253,116,19,10,108
0x492a85,82.4242%,29,136,165,135,10,19,1
0x60df84,97.1981%,29,1006,1035,705,12,17,301
0x9a72a0,91.6427%,29,318,347,315,8,21,3
0x40d1bc,74.5614%,29,85,114,7,17,12,78
0x49ec30,90.9938%,29,293,322,146,15,14,147
0x5103c8,98.0498%,29,1458,1487,405,16,13,1053
0x8f4d29,99.427%,29,5032,5061,2576,21,8,2456
0x8ef1d9,95.2381%,29,580,609,142,16,13,438
0x53aed4,71%,29,71,100,38,15,14,33
0xb2e70b,99.6373%,29,7966,7995,0,0,29,7966
0x538594,99.81%,29,15231,15260,0,0,29,15231
0x53e4d7,99.7021%,29,9706,9735,5,6,23,9701
0x49c12c,94.1884%,29,470,499,388,16,13,82
0x5c44a3,96.1074%,29,716,745,716,29,0,0
0x54ef3c,67.0455%,29,59,88,36,15,14,23
0x9ed26e,95.1014%,29,563,592,112,26,3,451
0x8bc8b7,99.8299%,29,17015,17044,16685,25,4,330
0x5fa071,97.4717%,29,1118,1147,330,21,8,788
0x8c82b9,94.8029%,29,529,558,514,12,17,15
0x8138d6,74.7826%,29,86,115,76,17,12,10
0x8e40bd,95.9834%,29,693,722,81,18,11,612
0x40382a,96.3338%,29,762,791,134,4,25,628
0x8bcee4,97.4222%,29,1096,1125,951,26,3,145
0x627d4d,97.5445%,29,1152,1181,1150,8,21,2
0x90fdfa,99.2394%,29,3784,3813,581,14,15,3203
0x53c3f0,92.9095%,29,380,409,373,10,19,7
0xa5bb0b,55.3846%,29,36,65,11,15,14,25
0x40e324,93.9331%,29,449,478,220,12,17,229
0x4022ad,98.175%,29,1560,1589,26,17,12,1534
0x559066,91.2913%,29,304,333,174,23,6,130
0xa360c4,95.1827%,29,573,602,296,5,24,277
0x807700,90.1024%,29,264,293,162,14,15,102
0x50ee16,78.8321%,29,108,137,31,18,11,77
0x507cee,73.3945%,29,80,109,55,18,11,25
0xb302ec,99.4188%,29,4961,4990,0,0,29,4961
0x8a54b9,97.8455%,29,1317,1346,95,14,15,1222
0x64ad2d,99.8621%,29,21006,21035,0,0,29,21006
0x8bcdae,99.8617%,29,20933,20962,19976,12,17,957
0x4c4357,79.2857%,29,111,140,70,14,15,41
0xaa2c7a,96.011%,29,698,727,596,13,16,102
0xa3043c,86.8182%,29,191,220,33,17,12,158
0x48a69d,95.8213%,29,665,694,665,11,18,0
0x550294,62.8205%,29,49,78,29,10,19,20
0x835df2,77.2358%,28,95,123,1,19,9,94
0x494f2d,95.5906%,28,607,635,92,18,10,515
0x5464d5,97.7742%,28,1230,1258,898,10,18,332
0x821422,97.3832%,28,1042,1070,861,16,12,181
0x677b56,93.5632%,28,407,435,57,21,7,350
0x805ed6,95.4098%,28,582,610,388,16,12,194
0xa54ed3,90.6355%,28,271,299,264,11,17,7
0x50d01a,85.1064%,28,160,188,59,9,19,101
0x64b56e,99.8712%,28,21715,21743,19434,19,9,2281
0x80dcd0,97.7671%,28,1226,1254,106,16,12,1120
0x8f2a67,97.1487%,28,954,982,928,14,14,26
0xa3a35d,97.6993%,28,1189,1217,859,11,17,330
0xa4516d,92.8934%,28,366,394,366,13,15,0
0xaa06d4,85.7143%,28,168,196,106,2,26,62
0xb2eb2a,99.6355%,28,7653,7681,0,0,28,7653
0x40ec43,96.9892%,28,902,930,439,14,14,463
0x5fdaba,96.9163%,28,880,908,792,10,18,88
0xa327d6,64.1026%,28,50,78,40,9,19,10
0x917751,92%,28,322,350,152,10,18,170
0x8dc1e9,98.7821%,28,2271,2299,1501,20,8,770
0xa59522,85.0267%,28,159,187,24,12,16,135
0x9e7515,95.3642%,28,576,604,289,22,6,287
0x903ed2,94.7269%,28,503,531,463,16,12,40
0xa5863d,86.6667%,28,182,210,138,20,8,44
0x8b95c6,99.863%,28,20412,20440,1,5,23,20411
0x67061e,78.9474%,28,105,133,77,15,13,28
0x40ec07,96.7555%,28,835,863,587,16,12,248
0x99c59e,92.0228%,28,323,351,134,17,11,189
0x5119f6,95.7187%,28,626,654,311,4,24,315
0xa55e87,82.716%,28,134,162,103,7,21,31
0xaaae28,87.8261%,28,202,230,28,16,12,174
0x60df96,83.908%,28,146,174,59,17,11,87
0x60e08d,81.9355%,28,127,155,118,13,15,9
0x4bcc3b,84.4444%,28,152,180,63,13,15,89
0x5488ff,50%,28,28,56,28,12,16,0
0x81e924,98.9687%,28,2687,2715,2624,15,13,63
0x8a6fa4,98.1889%,28,1518,1546,1479,11,17,39
0x48eac5,95.1389%,28,548,576,64,19,9,484
0x81bc4b,86.2745%,28,176,204,173,12,16,3
0x48ee7e,91.5408%,28,303,331,265,12,16,38
0x9a96d1,88.7097%,28,220,248,217,12,16,3
0x547f05,94.8624%,28,517,545,4,15,13,513
0xb2fed8,99.3042%,28,3996,4024,3996,28,0,0
0xa90677,67.0588%,28,57,85,6,18,10,51
0x5b9bab,50%,28,28,56,9,12,16,19
0x803f79,89.3939%,28,236,264,8,20,8,228
0xa46685,76.4706%,28,91,119,10,13,15,81
0x8ef673,90.0709%,28,254,282,125,10,18,129
0x8ed014,68.8889%,28,62,90,42,16,12,20
0x54817d,99.4153%,28,4761,4789,3791,13,15,970
0x49371c,69.2308%,28,63,91,24,17,11,39
0x406d7d,99.9037%,28,29037,29065,29037,28,0,0
0x81cedd,84.6154%,28,154,182,112,10,18,42
0x58f92e,70.2128%,28,66,94,3,18,10,63
0xa56ff8,65.8537%,28,54,82,33,19,9,21
0x489d55,99.2993%,28,3968,3996,50,18,10,3918
0x9e263a,91.954%,28,320,348,40,20,8,280
0x8f297b,97.1487%,28,954,982,916,12,16,38
0x77ff68,98.7967%,28,2299,2327,691,20,8,1608
0x556087,88.3333%,28,212,240,194,8,20,18
0x8dd093,96.1219%,28,694,722,612,9,19,82
0x48f07e,78.2946%,28,101,129,80,16,12,21
0x8209ee,99.2099%,28,3516,3544,2951,5,23,565
0x404e39,99.7723%,28,12268,12296,477,23,5,11791
0x8f29bc,96.0452%,28,680,708,57,22,6,623
0x8e269f,99.4692%,28,5247,5275,3244,8,20,2003
0xa589e8,79.7101%,28,110,138,83,15,13,27
0x5f14a0,82.2785%,28,130,158,128,9,19,2
0x951989,90.6667%,28,272,300,179,9,19,93
0x4be3fb,67.4419%,28,58,86,42,12,16,16
0x8f2aae,97.4217%,28,1058,1086,37,8,20,1021
0xada734,99.5654%,28,6414,6442,0,0,28,6414
0x40e765,98.2609%,28,1582,1610,1582,28,0,0
0x5335c4,65.8537%,28,54,82,24,14,14,30
0x5128ee,93.1373%,28,380,408,45,14,14,335
0x53a1b4,72.549%,28,74,102,49,5,23,25
0x8ef6d1,90.0709%,28,254,282,133,14,14,121
0x50e539,71.134%,28,69,97,43,12,16,26
0x9eb7c6,85.7868%,28,169,197,16,16,12,153
0x488a24,98.19%,28,1519,1547,3,19,9,1516
0x541b8f,95.2218%,28,558,586,120,21,7,438
0x50c642,79.4118%,28,108,136,79,16,12,29
0x8dd101,94.8435%,28,515,543,221,7,21,294
0x7cf31c,96.7927%,28,845,873,140,15,13,705
0x9a9c47,89.5911%,28,241,269,241,28,0,0
0x597146,93.8326%,28,426,454,395,16,12,31
0xa516f0,79.1045%,28,106,134,81,13,15,25
0x552188,98.1842%,28,1514,1542,1,21,7,1513
0x640267,99.4022%,28,4656,4684,2329,13,15,2327
0xa31685,93.1204%,28,379,407,363,6,22,16
0xa33a6e,95.0089%,28,533,561,392,17,11,141
0x40a263,68.5393%,28,61,89,32,23,5,29
0x8f1600,79.1045%,28,106,134,84,12,16,22
0xa4593c,92.8205%,28,362,390,322,17,11,40
0x503abe,95.4248%,28,584,612,295,15,13,289
0x814b76,93.1707%,28,382,410,382,12,16,0
0x409ca3,85.7143%,28,168,196,21,18,10,147
0x8f26cd,95.4023%,28,581,609,142,16,12,439
0x5fd680,99.3049%,28,4000,4028,3945,7,21,55
0x49a6a1,96.3351%,28,736,764,243,22,6,493
0x9f4019,72.2772%,28,73,101,56,12,16,17
0x81603b,86.2069%,28,175,203,175,5,23,0
0xa2e834,94.0299%,28,441,469,103,17,11,338
0xb4668a,99.6341%,28,7625,7653,7625,28,0,0
0x8bd3c2,99.2216%,28,3569,3597,732,18,10,2837
0xa39cca,98%,28,1372,1400,364,19,9,1008
0x80c3f9,80%,28,112,140,108,14,14,4
0xa32e1d,97.8691%,28,1286,1314,225,17,11,1061
0x4fdbad,88.9328%,28,225,253,176,17,11,49
0x47f31a,96.3777%,28,745,773,724,14,14,21
0x666fa5,76.4706%,28,91,119,83,13,15,8
0x50ca0b,97.9681%,28,1350,1378,1240,11,17,110
0xb2e803,99.6489%,28,7948,7976,0,0,28,7948
0x810188,96.7442%,28,832,860,47,15,13,785
0xb2e717,99.6498%,28,7967,7995,7967,28,0,0
0x8ff75a,85.7143%,28,168,196,79,19,9,89
0xa30533,95.5056%,28,595,623,155,14,14,440
0x48db4d,98.4889%,28,1825,1853,63,20,8,1762
0x9783e3,98.388%,28,1709,1737,0,0,28,1709
0xa03097,57.1429%,27,36,63,20,14,13,16
0x94507b,94.896%,27,502,529,42,16,11,460
0x5f8e29,78.9062%,27,101,128,86,13,14,15
0x5b9dbf,43.75%,27,21,48,14,9,18,7
0xa5eb89,91.2338%,27,281,308,8,10,17,273
0xa3301f,90.493%,27,257,284,31,11,16,226
0x8e1157,99.3558%,27,4164,4191,103,15,12,4061
0x60b6a9,89.1129%,27,221,248,9,12,15,212
0xa9b7eb,69.3182%,27,61,88,36,12,15,25
0x63d1b5,86.5%,27,173,200,167,10,17,6
0x5cb108,96.7665%,27,808,835,12,18,9,796
0x9a7590,93.4783%,27,387,414,387,9,18,0
0x5fb20c,90.4255%,27,255,282,101,14,13,154
0x539c05,96.625%,27,773,800,537,15,12,236
0x9a1323,82.2368%,27,125,152,110,12,15,15
0x49fb7c,93.617%,27,396,423,5,9,18,391
0x4fdb22,95.9821%,27,645,672,381,8,19,264
0x55482c,86.7647%,27,177,204,98,6,21,79
0x5fa19f,96.608%,27,769,796,754,15,12,15
0x8ff689,89.8113%,27,238,265,14,13,14,224
0x90f214,93.25%,27,373,400,179,21,6,194
0x48a726,99.1758%,27,3249,3276,1142,12,15,2107
0x9e0188,97.486%,27,1047,1074,971,16,11,76
0x5ff6b3,73.2673%,27,74,101,9,17,10,65
0x40dbd7,60.8696%,27,42,69,28,11,16,14
0x488e03,99.2836%,27,3742,3769,3704,8,19,38
0x7ce372,98.267%,27,1531,1558,1130,17,10,401
0x901924,92.8382%,27,350,377,4,16,11,346
0x812349,95.0368%,27,517,544,259,22,5,258
0x4b64d0,82.5806%,27,128,155,96,10,17,32
0x4bf08e,96.4427%,27,732,759,553,18,9,179
0xa3301b,80.9859%,27,115,142,64,18,9,51
0x5faa67,83.8323%,27,140,167,82,22,5,58
0x510a0b,95.6169%,27,589,616,284,20,7,305
0x507638,98.8261%,27,2273,2300,2268,14,13,5
0xa63b2d,80.8511%,27,114,141,1,15,12,113
0x8fe9c2,99.4913%,27,5281,5308,13,12,15,5268
0xa25ed7,97.3346%,27,986,1013,815,10,17,171
0x489d76,99.5625%,27,6145,6172,2156,20,7,3989
0xa027a2,98.0562%,27,1362,1389,84,13,14,1278
0x55732b,83.125%,27,133,160,69,17,10,64
0xb3267f,99.5809%,27,6415,6442,0,0,27,6415
0xa9da7c,77.5%,27,93,120,90,15,12,3
0x821645,99.7034%,27,9075,9102,5,5,22,9070
0x5430d2,97.1123%,27,908,935,569,10,17,339
0x8bcd0c,98.8486%,27,2318,2345,2306,23,4,12
0x4a1378,77.1186%,27,91,118,10,17,10,81
0x809448,96.816%,27,821,848,797,17,10,24
0x5064fa,96.3514%,27,713,740,559,17,10,154
0x9a3254,87.3832%,27,187,214,126,13,14,61
0x504bb7,87.0813%,27,182,209,38,17,10,144
0xa5724e,83.9286%,27,141,168,23,20,7,118
0x627f4d,97.7138%,27,1154,1181,1152,6,21,2
0xa52898,93.4783%,27,387,414,11,7,20,376
0xa02263,99.3893%,27,4394,4421,6,21,6,4388
0x904292,93.4146%,27,383,410,380,10,17,3
0x834258,83.3333%,27,135,162,96,11,16,39
0x4b6a1f,82.5806%,27,128,155,21,14,13,107
0x8f68f6,97.3812%,27,1004,1031,1003,26,1,1
0x4b5c80,83.8323%,27,140,167,103,11,16,37
0xa52c04,87.2642%,27,185,212,183,10,17,2
0xa25d4f,97.3346%,27,986,1013,920,15,12,66
0x90bb47,97.6399%,27,1117,1144,1107,15,12,10
0x99ab41,91.2621%,27,282,309,48,5,22,234
0x94266d,94.4099%,27,456,483,456,27,0,0
0x53c642,97.2644%,27,960,987,235,11,16,725
0x9fb648,91.1765%,27,279,306,47,13,14,232
0x508cbe,95.2962%,27,547,574,427,11,16,120
0x511c0b,99.3125%,27,3900,3927,6,8,19,3894
0x502076,59.7015%,27,40,67,21,15,12,19
0x64f45c,77.8689%,27,95,122,79,19,8,16
0x97842a,96.5385%,27,753,780,289,14,13,464
0x502cd3,97.0427%,27,886,913,878,16,11,8
0x900252,95.5738%,27,583,610,579,19,8,4
0xa02986,89.3281%,27,226,253,11,13,14,215
0x902716,97.6923%,27,1143,1170,90,13,14,1053
0x406b12,95.8333%,27,621,648,621,27,0,0
0xa91d12,90.9396%,27,271,298,31,18,9,240
0x64b0ae,99.9365%,27,42462,42489,1,1,26,42461
0x9e7475,93.25%,27,373,400,208,14,13,165
0x50499e,76.7241%,27,89,116,22,15,12,67
0x65a3a7,98.5959%,27,1896,1923,1097,7,20,799
0xab3336,79.5455%,27,105,132,80,10,17,25
0x8def34,79.3893%,27,104,131,79,14,13,25
0x8dd823,98.8256%,27,2272,2299,661,7,20,1611
0xa2f236,83.5366%,27,137,164,70,15,12,67
0xa3a0fb,97.0395%,27,885,912,12,16,11,873
0xa3939e,98.2502%,27,1516,1543,8,6,21,1508
0x7ac758,87.7828%,27,194,221,31,14,13,163
0x944d7f,94.896%,27,502,529,166,16,11,336
0x485ddc,94.1048%,27,431,458,129,18,9,302
0x81b18b,88.5593%,27,209,236,196,6,21,13
0x8f4af6,99.475%,27,5116,5143,2625,13,14,2491
0x50ce0a,78.4%,27,98,125,20,11,16,78
0x4bbb2e,86.7647%,27,177,204,86,15,12,91
0x9a9241,89.1129%,27,221,248,221,9,18,0
0x9bb416,84.3023%,27,145,172,142,11,16,3
0xa2fb6c,90.785%,27,266,293,52,13,14,214
0x8e2fa6,98.6343%,27,1950,1977,1656,10,17,294
0x4bb9d8,75.6757%,27,84,111,35,14,13,49
0x5fb6d2,93.0412%,27,361,388,101,19,8,260
0x66785c,98.9353%,27,2509,2536,2042,9,18,467
0xa2739f,96.9967%,27,872,899,600,15,12,272
0x51c879,99.6285%,27,7240,7267,7238,20,7,2
0x4bb7b5,86.8932%,27,179,206,172,14,13,7
0x8a2aac,90.3915%,27,254,281,253,14,13,1
0xb0b011,74.2857%,27,78,105,4,8,19,74
0x94478e,88.2883%,26,196,222,93,11,15,103
0x8a258e,90.7473%,26,255,281,4,12,14,251
0x9be461,78.3333%,26,94,120,64,8,18,30
0x816cb9,97.8947%,26,1209,1235,986,9,17,223
0x9e82ff,78.8618%,26,97,123,86,12,14,11
0x556a42,97.9332%,26,1232,1258,76,18,8,1156
0x8fef1c,94.1043%,26,415,441,362,14,12,53
0x503308,63.3803%,26,45,71,14,18,8,31
0x48fb47,79.845%,26,103,129,49,16,10,54
0x807716,99.2695%,26,3533,3559,269,13,13,3264
0x5ffa90,98.2781%,26,1484,1510,1326,10,16,158
0x5412fc,99.6691%,26,7832,7858,7832,26,0,0
0x53e479,99.6159%,26,6743,6769,6737,19,7,6
0xa49491,94.8617%,26,480,506,398,17,9,82
0x53ab34,74%,26,74,100,46,7,19,28
0x8bcb12,88.7446%,26,205,231,126,14,12,79
0xa45299,97.6364%,26,1074,1100,695,7,19,379
0x64af5c,99.5445%,26,5682,5708,8,13,13,5674
0xa521e4,83.1169%,26,128,154,47,14,12,81
0x8a94ed,98.3062%,26,1509,1535,371,13,13,1138
0x8daddf,99.0377%,26,2676,2702,2003,10,16,673
0x8f148d,97.2222%,26,910,936,470,15,11,440
0xa41aeb,98.375%,26,1574,1600,1318,15,11,256
0x8f2fa2,99.6431%,26,7258,7284,6954,11,15,304
0x9a7006,76.7857%,26,86,112,86,8,18,0
0x8a9f2b,94.4206%,26,440,466,22,19,7,418
0x4be48a,69.7674%,26,60,86,15,19,7,45
0x8c7dc9,96.3277%,26,682,708,484,16,10,198
0xa2cc0e,97.0852%,26,866,892,420,9,17,446
0x40a5a8,55.1724%,26,32,58,22,12,14,10
0x81a8f8,89.0756%,26,212,238,129,11,15,83
0x90b34a,97.2945%,26,935,961,180,13,13,755
0x8160e3,75%,26,78,104,42,17,9,36
0x8fdae4,97.9969%,26,1272,1298,1265,15,11,7
0x808921,95.3654%,26,535,561,316,11,15,219
0x959078,96.2428%,26,666,692,599,16,10,67
0x8fdfd1,97.8671%,26,1193,1219,195,13,13,998
0x4b592d,95%,26,494,520,469,13,13,25
0x545f14,99.0845%,26,2814,2840,3,11,15,2811
0x50166f,97.4181%,26,981,1007,893,8,18,88
0x807c2a,88.3408%,26,197,223,114,11,15,83
0x81ba37,87.2549%,26,178,204,45,13,13,133
0x48a02b,99.5878%,26,6282,6308,52,16,10,6230
0x4c1b14,95.6376%,26,570,596,524,13,13,46
0x4bcca8,85.5556%,26,154,180,58,15,11,96
0x8e48ab,97.7352%,26,1122,1148,9,11,15,1113
0x8041e3,56.6667%,26,34,60,24,14,12,10
0x8121bd,92.1687%,26,306,332,152,14,12,154
0x81c2bc,54.386%,26,31,57,12,11,15,19
0x544a81,93.643%,26,383,409,375,8,18,8
0x5fa9d7,96.5517%,26,728,754,66,15,11,662
0x5fa269,94.7368%,26,468,494,148,17,9,320
0x9f5927,81.9444%,26,118,144,105,14,12,13
0xad7b6d,96.6624%,26,753,779,11,12,14,742
0x8fcc1e,95.4861%,26,550,576,59,11,15,491
0x8122ce,87.907%,26,189,215,118,16,10,71
0x8e376f,98.6849%,26,1951,1977,287,14,12,1664
0x9ab2cd,98.218%,26,1433,1459,1142,23,3,291
0x8bb8fa,82.069%,26,119,145,57,16,10,62
0x8157ef,98.9435%,26,2435,2461,110,8,18,2325
0x9f591d,85.6354%,26,155,181,26,11,15,129
0x49f939,98.1415%,26,1373,1399,53,16,10,1320
0x40249e,90.5109%,26,248,274,154,10,16,94
0xa8f8e2,84.1463%,26,138,164,120,18,8,18
0x8fe462,98.736%,26,2031,2057,2025,26,0,6
0x78d855,96.1078%,26,642,668,18,10,16,624
0xa56f0b,89.9225%,26,232,258,42,11,15,190
0x50c09f,98.6862%,26,1953,1979,7,13,13,1946
0x9e750b,97.2803%,26,930,956,345,7,19,585
0x5fe160,79.3651%,26,100,126,21,12,14,79
0x9a71d2,95.2206%,26,518,544,518,16,10,0
0x53abb0,96.5007%,26,717,743,95,20,6,622
0x8e1da0,93.3842%,26,367,393,366,4,22,1
0x8a9f3c,93.4343%,26,370,396,354,4,22,16
0x8fdb91,97.9829%,26,1263,1289,160,9,17,1103
0x807c0d,88.3408%,26,197,223,91,10,16,106
0x9519b9,91.3333%,26,274,300,134,18,8,140
0x8eec81,97.4782%,26,1005,1031,358,20,6,647
0xa45f55,82.5503%,26,123,149,1,17,9,122
0x8bcce9,98.9189%,26,2379,2405,396,14,12,1983
0x96c1d5,82.069%,26,119,145,9,14,12,110
0x4c2020,91.7197%,26,288,314,142,13,13,146
0x8a7027,73.7374%,26,73,99,44,12,14,29
0xb2e7a5,99.6748%,26,7969,7995,10,9,17,7959
0xa5eb7d,92.0489%,26,301,327,0,19,7,301
0x81cb25,85.7143%,26,156,182,110,12,14,46
0xb3266f,99.5964%,26,6416,6442,0,0,26,6416
0x9e7602,93.5%,26,374,400,223,18,8,151
0x9e2615,95.6954%,26,578,604,61,24,2,517
0x5b9d4d,85.9459%,26,159,185,109,3,23,50
0x9694e1,98.913%,26,2366,2392,3,1,25,2363
0x8dc250,98.8691%,26,2273,2299,1499,22,4,774
0x9f3f43,86.7347%,26,170,196,25,16,10,145
0xa3116b,89.5582%,26,223,249,13,13,13,210
0x544d2a,88.3929%,26,198,224,79,13,13,119
0x9f0ee7,55.9322%,26,33,59,24,11,15,9
0x80582f,97.6598%,26,1085,1111,215,11,15,870
0x409cf0,88.5463%,26,201,227,122,14,12,79
0x542f27,98.848%,26,2231,2257,169,18,8,2062
0x54f6bd,99.4903%,26,5075,5101,0,0,26,5075
0x643ae4,99.8161%,26,14110,14136,14110,26,0,0
0x8dfea4,95.5782%,26,562,588,201,17,9,361
0x9ea733,73.1959%,26,71,97,67,6,20,4
0x9f2524,84.1463%,26,138,164,69,13,13,69
0x511a93,98.2397%,26,1451,1477,657,8,18,794
0xa50b1e,65.7895%,26,50,76,45,12,14,5
0xa4de56,78.5124%,26,95,121,30,10,16,65
0x94b386,95.3901%,26,538,564,148,10,16,390
0x410813,51.8519%,26,28,54,26,7,19,2
0x4886bb,96.3687%,26,690,716,314,6,20,376
0x40e383,96.0784%,26,637,663,195,26,0,442
0x8f140d,97.2222%,26,910,936,474,11,15,436
0x8ec3b7,85.9459%,26,159,185,146,13,13,13
0x94e130,95.5707%,26,561,587,160,16,10,401
0xa91ab4,86.6667%,26,169,195,8,15,11,161
0x9e88c4,82.1918%,26,120,146,102,14,12,18
0x60a7e3,85.9459%,26,159,185,57,15,11,102
0x5419de,97.5791%,26,1048,1074,1011,12,14,37
0x602d3e,97.0081%,26,843,869,823,9,17,20
0x8edbb1,95.8403%,25,576,601,140,12,13,436
0x80fb8b,90.3101%,25,233,258,78,12,13,155
0x81c1f2,88.6364%,25,195,220,41,12,13,154
0x541a70,97.5962%,25,1015,1040,38,19,6,977
0x81a2ad,96.977%,25,802,827,310,19,6,492
0x5b9d30,60.9375%,25,39,64,8,13,12,31
0xaa1261,60.3175%,25,38,63,10,16,9,28
0x9a73b0,93.9614%,25,389,414,388,8,17,1
0x50cf8d,89.2704%,25,208,233,119,12,13,89
0x8ef45a,93.8875%,25,384,409,250,15,10,134
0x8b9e2c,97.8741%,25,1151,1176,6,9,16,1145
0x4a6d10,94.8025%,25,456,481,456,25,0,0
0x596baf,98.921%,25,2292,2317,376,10,15,1916
0x5f82ba,96.0506%,25,608,633,2,13,12,606
0x50cd8e,93.1319%,25,339,364,29,14,11,310
0x50c618,77.4775%,25,86,111,53,12,13,33
0x810938,82.6389%,25,119,144,109,11,14,10
0x609f1f,99.6894%,25,8025,8050,1,4,21,8024
0x99b79b,87.8049%,25,180,205,180,10,15,0
0x50b867,96.732%,25,740,765,343,13,12,397
0x404de0,99.3455%,25,3795,3820,3768,10,15,27
0x9fc4c6,91.8301%,25,281,306,278,14,11,3
0x49fcf3,96.9697%,25,800,825,5,10,15,795
0x58bdf3,83.2215%,25,124,149,62,11,14,62
0xaa1304,60.3175%,25,38,63,16,9,16,22
0x48d7a5,99.4406%,25,4444,4469,2734,23,2,1710
0xb3443d,80.4688%,25,103,128,27,15,10,76
0x5bd6a8,98.706%,25,1907,1932,1593,8,17,314
0x965ff4,89.4958%,25,213,238,212,7,18,1
0x64addb,99.8977%,25,24414,24439,24414,25,0,0
0x51131a,99.4643%,25,4642,4667,4642,25,0,0
0x8ebabd,95.0884%,25,484,509,5,17,8,479
0x557bfb,61.5385%,25,40,65,14,14,11,26
0xa528a1,93.6869%,25,371,396,66,11,14,305
0x9d0601,82.9932%,25,122,147,75,10,15,47
0xaaa044,90.6015%,25,241,266,225,14,11,16
0x819b5b,70.9302%,25,61,86,21,13,12,40
0x4bc68b,87.7451%,25,179,204,149,11,14,30
0x9e0fa9,77.0642%,25,84,109,18,11,14,66
0xa5672f,62.1212%,25,41,66,14,10,15,27
0x4a1c94,79.1667%,25,95,120,48,12,13,47
0xa94498,81.8841%,25,113,138,41,11,14,72
0x9e275b,95.1267%,25,488,513,297,24,1,191
0x900709,88.0952%,25,185,210,124,11,14,61
0x80bf7b,86.4865%,25,160,185,128,9,16,32
0x8fe95d,98.8038%,25,2065,2090,2065,25,0,0
0x5be23e,99.2709%,25,3404,3429,3340,11,14,64
0x6104b8,91.0714%,25,255,280,46,8,17,209
0x48d0fa,39.0244%,25,16,41,10,25,0,6
0x4b6531,83.871%,25,130,155,96,10,15,34
0x98b357,92.8161%,25,323,348,323,17,8,0
0x5fe2d3,97.6415%,25,1035,1060,24,12,13,1011
0x901633,97.1165%,25,842,867,783,12,13,59
0xa2e1fc,93.9024%,25,385,410,274,9,16,111
0x908544,99.6839%,25,7885,7910,394,5,20,7491
0x8157fe,96.3768%,25,665,690,247,9,16,418
0x9e08c8,94.577%,25,436,461,94,15,10,342
0xaa057c,76.4151%,25,81,106,70,11,14,11
0x8f0bbc,86.9792%,25,167,192,130,14,11,37
0x5cb0f7,97.1783%,25,861,886,39,9,16,822
0x90a995,66.2162%,25,49,74,13,15,10,36
0x5ff814,91.4384%,25,267,292,234,12,13,33
0x8212f4,99.3879%,25,4059,4084,4059,17,8,0
0xa58d81,82.8767%,25,121,146,32,10,15,89
0x8e2d48,91.9614%,25,286,311,278,12,13,8
0x48e0e6,69.5122%,25,57,82,51,16,9,6
0x4ba0cf,92.6471%,25,315,340,70,9,16,245
0x902164,92.236%,25,297,322,110,9,16,187
0x8c7e1f,96.799%,25,756,781,343,15,10,413
0x991525,99.634%,25,6806,6831,6806,25,0,0
0x4b9e32,93.3155%,25,349,374,137,18,7,212
0x5fc05f,67.9487%,25,53,78,7,12,13,46
0x5fc014,57.6271%,25,34,59,28,12,13,6
0x48a004,99.3977%,25,4126,4151,4070,13,12,56
0x48bb95,97.4066%,25,939,964,939,15,10,0
0x9f64d7,86.0335%,25,154,179,43,18,7,111
0x545cb1,98.8506%,25,2150,2175,2150,25,0,0
0xa51bb0,79.1667%,25,95,120,65,14,11,30
0x5f8e83,90.8759%,25,249,274,243,11,14,6
0x40d539,99.3285%,25,3698,3723,3528,23,2,170
0x8dc267,92.9379%,25,329,354,20,10,15,309
0x811cd7,96.594%,25,709,734,460,11,14,249
0x53b214,76.4151%,25,81,106,46,11,14,35
0x5f8875,81.4815%,25,110,135,82,14,11,28
0x5f6cef,53.7037%,25,29,54,16,10,15,13
0x8b9ebb,99.8832%,25,21379,21404,21379,25,0,0
0xa22deb,85.4651%,25,147,172,144,9,16,3
0x40ed79,97.9839%,25,1215,1240,1204,10,15,11
0xaaafc8,87.5622%,25,176,201,107,8,17,69
0x9f79de,91.6667%,25,275,300,136,12,13,139
0x402d27,85.4651%,25,147,172,94,19,6,53
0x548920,77.6786%,25,87,112,84,12,13,3
0x59083c,98.8527%,25,2154,2179,20,8,17,2134
0x9abdf3,92.9577%,25,330,355,168,10,15,162
0x5bae93,82.0144%,25,114,139,94,8,17,20
0x8deafb,80.4688%,25,103,128,39,11,14,64
0x4950b1,53.7037%,25,29,54,17,9,16,12
0x8ef16e,93.2432%,25,345,370,163,15,10,182
0x49dfd9,87.2449%,25,171,196,19,21,4,152
0x547426,83.5526%,25,127,152,79,12,13,48
0x9a34e8,82.8767%,25,121,146,20,8,17,101
0x5411be,98.794%,25,2048,2073,2034,16,9,14
0x499023,92.3077%,25,300,325,201,16,9,99
0xa9f18a,88.9381%,25,201,226,195,12,13,6
0x40980b,87.2449%,25,171,196,161,13,12,10
0x822648,86.5591%,25,161,186,153,10,15,8
0xa55ef7,71.9101%,25,64,89,27,18,7,37
0xa46a81,89.1304%,25,205,230,122,12,13,83
0x81b121,62.1212%,25,41,66,30,4,21,11
0x81d5cf,94.1315%,25,401,426,98,10,15,303
0x58f878,99.392%,25,4087,4112,3277,7,18,810
0x8a6ffb,98.283%,25,1431,1456,150,18,7,1281
0x5114b7,99.6305%,25,6741,6766,6031,9,16,710
0x486f4f,96.7658%,25,748,773,747,10,15,1
0x4a975b,82.3944%,25,117,142,70,12,13,47
0x8f2832,97.3461%,25,917,942,886,12,13,31
0x81728c,72.8261%,25,67,92,65,11,14,2
0x9c39b0,60.9375%,25,39,64,39,17,8,0
0xa41a5e,99.134%,25,2862,2887,875,16,9,1987
0x488dae,99.7363%,25,9457,9482,1,7,18,9456
0x58d154,84.7561%,25,139,164,52,10,15,87
0x9e19f6,79.1667%,25,95,120,65,9,16,30
0x507c15,95.6446%,25,549,574,120,16,9,429
0xa02407,94.6809%,25,445,470,117,11,14,328
0x507016,96.6216%,25,715,740,266,6,19,449
0x511913,97.1559%,25,854,879,660,7,18,194
0xa94a58,88.8393%,25,199,224,2,14,11,197
0x5904ec,98.2542%,25,1407,1432,0,0,25,1407
0x8e2f88,98.7355%,25,1952,1977,1753,15,10,199
0x48d881,98.5971%,25,1757,1782,1755,14,11,2
0x49ee3a,95.3184%,25,509,534,6,12,13,503
0x8bb363,94.4934%,25,429,454,47,16,9,382
0xa346a1,97.449%,25,955,980,459,11,14,496
0xb0b107,55.3571%,25,31,56,5,16,9,26
0x4037ef,96.8394%,25,766,791,252,8,17,514
0xa5892c,73.1183%,25,68,93,25,14,11,43
0x552a84,98.227%,25,1385,1410,1247,21,4,138
0x53d97b,86.911%,25,166,191,153,13,12,13
0x8a467b,96.063%,25,610,635,610,25,0,0
0x51b8d7,90.3101%,25,233,258,233,13,12,0
0xa4667b,89.7119%,25,218,243,4,8,17,214
0x5407b9,96.0692%,25,611,636,586,14,11,25
0x51028a,98.3266%,25,1469,1494,1112,14,11,357
0x9a236b,69.1358%,25,56,81,52,9,16,4
0x50be55,95.2741%,25,504,529,480,14,11,24
0xb31c2c,99.8843%,25,21590,21615,21590,25,0,0
0x48bd43,83.2168%,24,119,143,27,16,8,92
0x41057c,99.5742%,24,5612,5636,5612,24,0,0
0x80c036,83.5616%,24,122,146,83,10,14,39
0x9f5906,87.6289%,24,170,194,2,11,13,168
0xa04b7b,62.5%,24,40,64,11,11,13,29
0x8e4667,95%,24,456,480,161,14,10,295
0xa39eb9,97.973%,24,1160,1184,48,7,17,1112
0x51b6ec,99.6858%,24,7614,7638,6,5,19,7608
0x50d07a,87.234%,24,164,188,88,16,8,76
0x8a96e4,99.6508%,24,6848,6872,3242,12,12,3606
0x4a6f8d,81.3953%,24,105,129,97,12,12,8
0x539000,94.132%,24,385,409,375,8,16,10
0xb300ed,99.7138%,24,8361,8385,8361,24,0,0
0x8fe8a0,99.3769%,24,3828,3852,0,0,24,3828
0x4036b6,96.9659%,24,767,791,60,11,13,707
0x8c8292,97.463%,24,922,946,31,15,9,891
0x5fba54,69.6203%,24,55,79,3,13,11,52
0xa452ea,93.9698%,24,374,398,44,6,18,330
0x54747f,84.2105%,24,128,152,86,5,19,42
0x8adc6e,90.9091%,24,240,264,7,15,9,233
0x8188c0,94.9045%,24,447,471,278,8,16,169
0x81bc70,59.322%,24,35,59,28,12,12,7
0x5971d2,91.6667%,24,264,288,13,4,20,251
0xb3234e,97.5232%,24,945,969,0,0,24,945
0x5cb92d,60%,24,36,60,21,12,12,15
0x51b856,97.5%,24,936,960,0,0,24,936
0xa90ae6,70.7317%,24,58,82,58,15,9,0
0x5520fb,60%,24,36,60,10,11,13,26
0x49e012,54.717%,24,29,53,14,6,18,15
0x510455,98.8976%,24,2153,2177,237,5,19,1916
0xa2f2f7,87.3684%,24,166,190,81,16,8,85
0x9019fc,72.093%,24,62,86,17,12,12,45
0x610d7e,99.7621%,24,10063,10087,10063,24,0,0
0x80b2a9,95.7219%,24,537,561,216,18,6,321
0x98b31d,93.1034%,24,324,348,6,10,14,318
0x813da3,80%,24,96,120,2,20,4,94
0x90053b,99.9006%,24,24131,24155,0,0,24,24131
0x539bb4,97%,24,776,800,531,14,10,245
0x5fd9d2,99.793%,24,11568,11592,0,0,24,11568
0x403db0,99.6099%,24,6129,6153,6115,22,2,14
0x5fa2a7,95.1417%,24,470,494,226,15,9,244
0x8a51cf,88.9401%,24,193,217,192,12,12,1
0xa529b3,93.617%,24,352,376,168,20,4,184
0x4a6c13,95.0104%,24,457,481,430,9,15,27
0x5a9401,93.2011%,24,329,353,290,8,16,39
0x504bbd,84.4156%,24,130,154,99,17,7,31
0x59290b,97.9983%,24,1175,1199,496,9,15,679
0xb0ba26,99.5643%,24,5485,5509,1415,11,13,4070
0x51078c,97.7633%,24,1049,1073,4,9,15,1045
0x9a7554,40%,24,16,40,11,11,13,5
0x4bc2fd,98.3914%,24,1468,1492,1445,13,11,23
0x9e18e2,80%,24,96,120,36,18,6,60
0x784077,96%,24,576,600,568,15,9,8
0x808122,75%,24,72,96,70,6,18,2
0x806006,94.6429%,24,424,448,81,19,5,343
0x805586,73.0337%,24,65,89,5,14,10,60
0x4a01fe,83.7838%,24,124,148,35,12,12,89
0x5bba2a,79.8319%,24,95,119,84,12,12,11
0x539dd0,96.7699%,24,719,743,96,19,5,623
0x8f48ef,99.505%,24,4824,4848,4510,8,16,314
0xa2dc67,90.6977%,24,234,258,181,13,11,53
0x9eb76b,81.25%,24,104,128,13,15,9,91
0xa4e637,68.4211%,24,52,76,27,15,9,25
0x973dd5,80.9524%,24,102,126,86,10,14,16
0xa9daf9,77.1429%,24,81,105,37,11,13,44
0x8bd6c4,98.8873%,24,2133,2157,87,19,5,2046
0x9abcf3,97.9076%,24,1123,1147,1121,11,13,2
0xa5c3b7,83.8926%,24,125,149,44,6,18,81
0xb0b3c8,99.5792%,24,5679,5703,1479,19,5,4200
0x8fdfe1,97.6261%,24,987,1011,985,24,0,2
0x8a2675,91.4591%,24,257,281,0,0,24,257
0xa2fcd7,97.397%,24,898,922,867,12,12,31
0xa946cb,47.8261%,24,22,46,8,9,15,14
0xa4fe2b,90.5138%,24,229,253,13,7,17,216
0x507ee7,95.8188%,24,550,574,433,5,19,117
0x8fe4db,98.9135%,24,2185,2209,1356,10,14,829
0x494c2f,55.5556%,24,30,54,21,5,19,9
0x8ee7c8,85.8824%,24,146,170,118,13,11,28
0x810460,95.6679%,24,530,554,457,15,9,73
0x82279d,95.2%,24,476,500,435,13,11,41
0x64aefe,99.895%,24,22836,22860,1075,5,19,21761
0xa51355,96.8379%,24,735,759,731,16,8,4
0x403be0,95.9664%,24,571,595,288,9,15,283
0x90d0c7,95.9933%,24,575,599,0,0,24,575
0xb2e6b9,99.8871%,24,21230,21254,0,0,24,21230
0x409cb9,84.7134%,24,133,157,4,15,9,129
0x97269f,91.2088%,24,249,273,10,10,14,239
0x544230,94.132%,24,385,409,377,6,18,8
0x41024d,99.5934%,24,5879,5903,4,13,11,5875
0x409ce0,93.3884%,24,339,363,120,16,8,219
0x9aacfd,96.5268%,24,667,691,667,12,12,0
0x502116,69.2308%,24,54,78,25,9,15,29
0xa0257c,98.1749%,24,1291,1315,0,19,5,1291
0xa5f320,96.5116%,24,664,688,661,23,1,3
0x51b500,98.1132%,24,1248,1272,1247,6,18,1
0xa42ad1,97.2093%,24,836,860,573,20,4,263
0x4a6ca4,95.0104%,24,457,481,368,14,10,89
0x609f01,99.7027%,24,8048,8072,8027,23,1,21
0x8057e6,97.8591%,24,1097,1121,897,10,14,200
0x819c37,63.6364%,24,42,66,19,15,9,23
0x51b7d5,99.4222%,24,4130,4154,5,8,16,4125
0x5469ee,98.5348%,24,1614,1638,1614,12,12,0
0xb32711,99.6274%,24,6418,6442,6418,24,0,0
0x80f53f,99.1477%,24,2792,2816,2627,13,11,165
0x48eb01,94.3262%,24,399,423,213,14,10,186
0x534b76,82.4818%,24,113,137,113,24,0,0
0xa93605,70.3704%,24,57,81,5,17,7,52
0xa553a4,89.4737%,24,204,228,103,11,13,101
0xa91953,59.322%,24,35,59,1,16,8,34
0xa58922,79.3103%,24,92,116,9,14,10,83
0x9f987b,75.2577%,24,73,97,65,6,18,8
0xb0ad45,95.6757%,24,531,555,1,11,13,530
0x49eda9,98.346%,24,1427,1451,1427,1,23,0
0x9f8f67,80%,24,96,120,37,12,12,59
0x90ab02,97.5026%,24,937,961,765,1,23,172
0x9aba92,90.5882%,24,231,255,14,11,13,217
0x911aa4,98.1571%,23,1225,1248,77,13,10,1148
0xa4d4db,65.6716%,23,44,67,26,13,10,18
0x64845b,94.8546%,23,424,447,158,12,11,266
0x8e0e90,94.431%,23,390,413,84,8,15,306
0xa4ffa0,69.7368%,23,53,76,46,11,12,7
0x9a7016,34.2857%,23,12,35,3,6,17,9
0x58fd9b,99.6875%,23,7338,7361,87,12,11,7251
0xa9491a,52.0833%,23,25,48,12,12,11,13
0x813144,99.0938%,23,2515,2538,833,13,10,1682
0x9f0623,93.9948%,23,360,383,359,14,9,1
0x5971ec,92.0139%,23,265,288,13,13,10,252
0xa5003e,71.6049%,23,58,81,32,11,12,26
0x8d32fa,54.902%,23,28,51,13,14,9,15
0x9ab5af,88.5%,23,177,200,46,15,8,131
0x8aa922,99.3277%,23,3398,3421,0,0,23,3398
0x404109,98.911%,23,2089,2112,1624,13,10,465
0x66646f,95.5939%,23,499,522,483,9,14,16
0x4b598c,98.858%,23,1991,2014,1966,10,13,25
0x8bcf1e,99.3613%,23,3578,3601,3578,23,0,0
0x677c57,93.5574%,23,334,357,54,9,14,280
0x65a16e,99.0658%,23,2439,2462,577,17,6,1862
0x541284,99.7665%,23,9827,9850,8803,14,9,1024
0x627e06,91.958%,23,263,286,256,7,16,7
0x48a7ff,99.3112%,23,3316,3339,3289,10,13,27
0x8e1ffc,90.5738%,23,221,244,16,14,9,205
0x5b152b,95.4092%,23,478,501,348,6,17,130
0x557f66,97.9842%,23,1118,1141,766,5,18,352
0x674fbb,67.6056%,23,48,71,22,10,13,26
0x405e3f,96.3836%,23,613,636,583,9,14,30
0x511643,99.719%,23,8161,8184,23,6,17,8138
0x8dfe06,96.4506%,23,625,648,268,18,5,357
0x835ca2,39.4737%,23,15,38,13,7,16,2
0xa01b9e,66.1765%,23,45,68,39,13,10,6
0xa91010,95.4813%,23,486,509,79,14,9,407
0xb2eb37,99.7006%,23,7658,7681,7658,23,0,0
0xad7e47,99.332%,23,3420,3443,2852,11,12,568
0x972fd4,68.4932%,23,50,73,18,9,14,32
0x4942f3,86.8571%,23,152,175,55,15,8,97
0x48e4d3,99.6706%,23,6960,6983,0,0,23,6960
0x48d7b2,98.6565%,23,1689,1712,696,16,7,993
0x64af03,99.8944%,23,21757,21780,21698,18,5,59
0x53df4d,99.4959%,23,4540,4563,0,0,23,4540
0x541cd9,98.2602%,23,1299,1322,169,6,17,1130
0x4a1e19,98.0525%,23,1158,1181,1154,4,19,4
0x7ce91e,97.8322%,23,1038,1061,701,9,14,337
0x499c54,78.3019%,23,83,106,33,20,3,50
0x5c334f,89.9563%,23,206,229,33,7,16,173
0x501f66,90.3361%,23,215,238,86,21,2,129
0x5104f7,98.5443%,23,1557,1580,1141,13,10,416
0x8184eb,73.2558%,23,63,86,26,8,15,37
0x51c136,99.478%,23,4383,4406,406,12,11,3977
0x8fdde9,98.4626%,23,1473,1496,195,16,7,1278
0x822524,96.7376%,23,682,705,266,17,6,416
0x8f4f00,87.766%,23,165,188,107,9,14,58
0x8a54e6,81.746%,23,103,126,1,14,9,102
0x40eb4f,92.8349%,23,298,321,0,9,14,298
0xb2e855,67.1429%,23,47,70,9,10,13,38
0x810481,95.6929%,23,511,534,163,19,4,348
0x5bc373,80.6723%,23,96,119,81,15,8,15
0x5c3367,89.9563%,23,206,229,96,13,10,110
0x53bb57,97.9878%,23,1120,1143,874,12,11,246
0x49e17e,99.307%,23,3296,3319,0,0,23,3296
0x8e4128,98.9996%,23,2276,2299,1917,9,14,359
0xa9b7c7,79.8246%,23,91,114,12,14,9,79
0x8ad925,73.8636%,23,65,88,59,12,11,6
0xb3ab46,99.1838%,23,2795,2818,2770,13,10,25
0x9a8000,80.9917%,23,98,121,84,6,17,14
0xae4156,93.4097%,23,326,349,216,11,12,110
0x54f535,99.2452%,23,3024,3047,3024,23,0,0
0xa560b4,85.625%,23,137,160,69,11,12,68
0x58d25e,75%,23,69,92,42,15,8,27
0x50811f,95.6439%,23,505,528,378,14,9,127
0xad7f8e,97.5216%,23,905,928,905,23,0,0
0xa2aae8,79.646%,23,90,113,20,11,12,70
0x49f986,89.0476%,23,187,210,6,13,10,181
0x4043fc,99.036%,23,2363,2386,221,8,15,2142
0x816b4b,99.0262%,23,2339,2362,827,15,8,1512
0x489d48,99.6273%,23,6149,6172,0,0,23,6149
0x81e50f,95.8409%,23,530,553,65,13,10,465
0x512ea3,99.4588%,23,4227,4250,4221,21,2,6
0x8ff849,88.7255%,23,181,204,95,9,14,86
0x5c44fb,96.9128%,23,722,745,687,21,2,35
0x50aa66,83.0882%,23,113,136,52,17,6,61
0xb2e694,99.8437%,23,14695,14718,14653,19,4,42
0x510c4a,94.7126%,23,412,435,83,14,9,329
0x558da7,92.3333%,23,277,300,219,6,17,58
0x5419f8,97.8585%,23,1051,1074,0,0,23,1051
0xb0b122,80.9917%,23,98,121,92,13,10,6
0x9d1cab,67.6056%,23,48,71,15,7,16,33
0xb3258b,97.6264%,23,946,969,946,23,0,0
0x8ed8fe,96.2233%,23,586,609,409,11,12,177
0x5f8293,95.7798%,23,522,545,1,17,6,521
0xa359f8,99.2938%,23,3234,3257,3216,9,14,18
0x4bc567,98.3665%,23,1385,1408,88,8,15,1297
0x98b40f,68.9189%,23,51,74,26,14,9,25
0x8e20b8,99.3201%,23,3360,3383,3183,9,14,177
0x4c1e82,84.1379%,23,122,145,67,9,14,55
0xa5172e,75.5319%,23,71,94,2,15,8,69
0x49f6c6,82.8358%,23,111,134,45,10,13,66
0x80f0bd,95.6439%,23,505,528,9,11,12,496
0x4bb1e2,96.657%,23,665,688,663,16,7,2
0x507870,97.0996%,23,770,793,33,20,3,737
0xb46679,99.8987%,23,22683,22706,0,1,22,22683
0x51067e,98.5507%,23,1564,1587,1196,11,12,368
0x609dfb,88.1443%,23,171,194,71,8,15,100
0x81c2db,71.25%,23,57,80,23,11,12,34
0x40ebd0,98.5378%,23,1550,1573,115,11,12,1435
0x81e294,99.7982%,23,11372,11395,11172,8,15,200
0x807846,95.2083%,23,457,480,457,5,18,0
0x8a739a,97.5322%,23,909,932,816,8,15,93
0xa94af1,89.7321%,23,201,224,187,9,14,14
0x58c524,90.4167%,23,217,240,143,11,12,74
0x81680c,77.8846%,23,81,104,78,5,18,3
0x403697,97.1605%,23,787,810,775,16,7,12
0x8f35cc,96.423%,23,620,643,609,8,15,11
0x8b96fc,99.8832%,23,19669,19692,0,2,21,19669
0x5fe808,78.0952%,23,82,105,68,9,14,14
0x609bef,90.873%,23,229,252,68,11,12,161
0x818537,97.2716%,23,820,843,820,7,16,0
0x81232a,89.3023%,23,192,215,114,2,21,78
0x50b84f,95.6522%,23,506,529,112,21,2,394
0x8b9849,99.7811%,23,10484,10507,3,5,18,10481
0x548769,98.4279%,23,1440,1463,1412,14,9,28
0x557fa5,97.9842%,23,1118,1141,1118,23,0,0
0x7d207b,86.6279%,23,149,172,145,9,14,4
0xaa059f,82.3077%,23,107,130,42,14,9,65
0x50958e,95.499%,23,488,511,481,12,11,7
0x819b3c,61.6667%,23,37,60,19,7,16,18
0x40f7d4,93.5933%,23,336,359,328,9,14,8
0x53896e,98.6954%,23,1740,1763,1740,23,0,0
0x8a539a,98.2912%,23,1323,1346,1323,17,6,0
0xa5ee5b,95.6274%,23,503,526,485,13,10,18
0x81b6fb,88.7255%,23,181,204,175,10,13,6
0x8dee34,97.5391%,22,872,894,869,11,11,3
0x53d887,98.6803%,22,1645,1667,1625,15,7,20
0xa510dd,91.3043%,22,231,253,231,8,14,0
0x7d0ce5,97.6113%,22,899,921,91,12,10,808
0x5b15ae,95.6863%,22,488,510,470,12,10,18
0x610b52,93.586%,22,321,343,53,11,11,268
0x4101f1,98.8178%,22,1839,1861,43,11,11,1796
0x48e890,46.3415%,22,19,41,13,14,8,6
0x54f0cc,75%,22,66,88,31,20,2,35
0x8380d5,87.5%,22,154,176,126,5,17,28
0x9c395e,82.9457%,22,107,129,49,10,12,58
0x8f618b,87.1345%,22,149,171,89,11,11,60
0x50197f,98.6755%,22,1639,1661,560,9,13,1079
0xa25c9b,97.8282%,22,991,1013,63,15,7,928
0x410b88,96.9444%,22,698,720,132,13,9,566
0xa5889a,92.4658%,22,270,292,130,16,6,140
0x96c170,91.0931%,22,225,247,31,7,15,194
0xa02635,98.5255%,22,1470,1492,1460,5,17,10
0x50bfea,66.6667%,22,44,66,40,14,8,4
0x53ab5b,58.4906%,22,31,53,21,20,2,10
0x64aef9,99.9138%,22,25497,25519,2649,10,12,22848
0x811e87,99.1186%,22,2474,2496,70,13,9,2404
0x835ccf,42.1053%,22,16,38,13,15,7,3
0x808843,94.9425%,22,413,435,91,17,5,322
0x80d8ea,90%,22,198,220,73,13,9,125
0x5074a4,82.8125%,22,106,128,101,8,14,5
0x8a64ec,97.9323%,22,1042,1064,2,15,7,1040
0xa5c8d5,70.2703%,22,52,74,44,12,10,8
0x40e66a,62.069%,22,36,58,13,6,16,23
0x539b97,98.0985%,22,1135,1157,341,16,6,794
0x50ff8a,97.7226%,22,944,966,666,10,12,278
0x8193d6,67.6471%,22,46,68,17,17,5,29
0x60b2c2,98.8922%,22,1964,1986,55,9,13,1909
0x404477,99.078%,22,2364,2386,350,17,5,2014
0x8dd2b0,96.9529%,22,700,722,89,10,12,611
0x8187bb,63.3333%,22,38,60,15,11,11,23
0x973113,75.5556%,22,68,90,59,6,16,9
0x5546f2,98.1938%,22,1196,1218,1144,10,12,52
0x53420a,83.7037%,22,113,135,85,16,6,28
0x951001,94.8718%,22,407,429,207,10,12,200
0x40d382,99.1259%,22,2495,2517,1042,12,10,1453
0x909587,99.4073%,22,3690,3712,1849,8,14,1841
0x404448,98.3631%,22,1322,1344,15,11,11,1307
0x495dd0,42.1053%,22,16,38,7,12,10,9
0x5ee1a1,99.271%,22,2996,3018,2006,9,13,990
0xab28b2,99.7007%,22,7328,7350,0,0,22,7328
0x835cc4,42.1053%,22,16,38,9,13,9,7
0xa055da,65.625%,22,42,64,24,9,13,18
0xad7c10,74.7126%,22,65,87,7,4,18,58
0x4b4b23,69.0141%,22,49,71,10,15,7,39
0x819cc4,67.1642%,22,45,67,26,8,14,19
0x402d50,87.2093%,22,150,172,124,14,8,26
0xa5ee25,94.5679%,22,383,405,23,14,8,360
0x4a137e,75.8242%,22,69,91,45,12,10,24
0x835d02,42.1053%,22,16,38,16,22,0,0
0x58c53b,70.2703%,22,52,74,25,15,7,27
0x78181d,85.7143%,22,132,154,32,9,13,100
0x556f1e,60%,22,33,55,13,14,8,20
0x643475,96.6102%,22,627,649,607,17,5,20
0x4bc6a3,89.2157%,22,182,204,100,8,14,82
0x4101bc,65.0794%,22,41,63,30,4,18,11
0x537c16,97.0149%,22,715,737,711,20,2,4
0xa33d76,98.3582%,22,1318,1340,1034,6,16,284
0x547cd4,96.3211%,22,576,598,442,6,16,134
0xb3240e,97.7296%,22,947,969,947,22,0,0
0xa52d9d,93.7853%,22,332,354,263,14,8,69
0x54ffc4,95.3291%,22,449,471,444,10,12,5
0xaaae8e,91.3386%,22,232,254,105,11,11,127
0x90202f,99.48%,22,4209,4231,34,10,12,4175
0x51b722,98.2704%,22,1250,1272,1240,13,9,10
0x9f7a77,80.3571%,22,90,112,9,11,11,81
0x55806a,97.9147%,22,1033,1055,79,14,8,954
0x7c708d,79.4393%,22,85,107,79,12,10,6
0x977629,98.6699%,22,1632,1654,265,13,9,1367
0x558fd4,99.8806%,22,18401,18423,17648,7,15,753
0x54270e,99.7849%,22,10207,10229,10026,10,12,181
0x402d12,92.7869%,22,283,305,121,12,10,162
0x4b49ca,83.2061%,22,109,131,64,11,11,45
0x54fa49,99.259%,22,2947,2969,1,10,12,2946
0x5529f6,98.4397%,22,1388,1410,0,0,22,1388
0x9a7ea0,88.0435%,22,162,184,150,9,13,12
0x807c13,81.9672%,22,100,122,18,13,9,82
0x54370a,84.3972%,22,119,141,118,16,6,1
0x409ef4,82.8125%,22,106,128,34,13,9,72
0x9f987f,73.8095%,22,62,84,16,9,13,46
0xb3024b,99.6584%,22,6419,6441,0,0,22,6419
0x404438,98.3631%,22,1322,1344,6,14,8,1316
0x8fd9c8,93.1889%,22,301,323,49,16,6,252
0xa28577,85.5263%,22,130,152,16,12,10,114
0x5bd9df,99.4371%,22,3886,3908,227,9,13,3659
0x8bb405,95.1542%,22,432,454,381,10,12,51
0x4a1cac,98.489%,22,1434,1456,121,11,11,1313
0x488a7f,97.8988%,22,1025,1047,14,8,14,1011
0x51b4e3,98.2704%,22,1250,1272,765,12,10,485
0x8f6a23,97.0027%,22,712,734,357,14,8,355
0x542b06,99.0253%,22,2235,2257,173,14,8,2062
0x48bfda,84.3972%,22,119,141,33,8,14,86
0x502f48,99.1252%,22,2493,2515,2359,11,11,134
0x8e40cc,99.0431%,22,2277,2299,618,5,17,1659
0x508659,97.2257%,22,771,793,40,13,9,731
0x534db3,99.8461%,22,14275,14297,0,0,22,14275
0x40cfa4,99.6553%,22,6360,6382,6360,22,0,0
0x90acf7,89.3204%,22,184,206,101,5,17,83
0x5bbb47,99.4284%,22,3827,3849,3767,7,15,60
0x60e6bf,42.1053%,22,16,38,8,11,11,8
0x4b5cb4,86.5854%,22,142,164,112,11,11,30
0x63b49d,98.9657%,22,2105,2127,0,11,11,2105
0x50d337,98.1893%,22,1193,1215,700,16,6,493
0x48c52c,84.507%,22,120,142,72,16,6,48
0x5c6ac1,99.4567%,22,4027,4049,0,0,22,4027
0xa66166,80.531%,22,91,113,12,15,7,79
0x54830c,99.8445%,22,14129,14151,14129,22,0,0
0x502e03,99.3987%,22,3637,3659,3636,10,12,1
0x908d4e,99.7248%,22,7972,7994,3716,4,18,4256
0x8fce6c,89.7674%,22,193,215,22,13,9,171
0x80bce4,92.3611%,22,266,288,164,3,19,102
0xa52180,90.4762%,22,209,231,149,4,18,60
0x48f060,82.9457%,22,107,129,99,8,14,8
0x40d1c8,75.5556%,22,68,90,60,17,5,8
0x81bfb4,68.5714%,22,48,70,28,8,14,20
0x813c03,50%,22,22,44,12,10,12,10
0x5058b3,87.4286%,22,153,175,62,14,8,91
0x557533,91.0931%,22,225,247,225,22,0,0
0x900612,93.6416%,22,324,346,168,8,14,156
0x606abd,90.2222%,22,203,225,38,11,11,165
0xa89577,75.8242%,22,69,91,7,14,8,62
0x8da4b8,97.9008%,22,1026,1048,92,12,10,934
0xa938e0,86.9822%,22,147,169,124,9,13,23
0x9eedde,90.4348%,22,208,230,4,14,8,204
0x49e4fb,86.3354%,22,139,161,36,7,15,103
0xaa069e,86.9048%,22,146,168,16,10,12,130
0x9eb7d2,86.9048%,22,146,168,48,12,10,98
0x7d1acf,97.6113%,22,899,921,199,15,7,700
0x91770c,89%,22,178,200,25,12,10,153
0x40ebf9,90.0452%,22,199,221,91,7,15,108
0x819631,95.0673%,22,424,446,421,7,15,3
0x9a6056,81.6667%,22,98,120,97,8,14,1
0x58ebac,99.5982%,21,5205,5226,89,3,18,5116
0x504406,97.1622%,21,719,740,425,12,9,294
0x4bc56b,98.3994%,21,1291,1312,171,16,5,1120
0x489b23,94.878%,21,389,410,385,11,10,4
0x816936,64.4068%,21,38,59,26,12,9,12
0xa905d7,68.1818%,21,45,66,17,8,13,28
0x8ba390,99.8032%,21,10652,10673,10652,21,0,0
0x8ef17f,89.0625%,21,171,192,153,7,14,18
0x53a30b,63.7931%,21,37,58,25,17,4,12
0xaa2f08,96.6129%,21,599,620,501,17,4,98
0xa327ae,73.0769%,21,57,78,9,14,7,48
0x48aee3,96.9741%,21,673,694,0,14,7,673
0x627af3,98.2218%,21,1160,1181,8,15,6,1152
0x98cbb7,91.1017%,21,215,236,188,9,12,27
0x51b8c4,99.6015%,21,5249,5270,4990,20,1,259
0x808776,63.7931%,21,37,58,20,11,10,17
0x4b4b69,94.3396%,21,350,371,97,14,7,253
0x5571aa,89.7059%,21,183,204,150,10,11,33
0xb326d1,99.674%,21,6421,6442,6421,21,0,0
0x5436f3,92.4731%,21,258,279,135,6,15,123
0x51047a,98.2338%,21,1168,1189,100,14,7,1068
0x8fd078,85.7143%,21,126,147,68,8,13,58
0x81462a,97.7707%,21,921,942,506,7,14,415
0x638fd0,93.787%,21,317,338,49,12,9,268
0x5b9bb4,75.8621%,21,66,87,3,11,10,63
0x667152,89.1192%,21,172,193,10,11,10,162
0x59bc36,98.1047%,21,1087,1108,213,12,9,874
0x64dfaf,96.1326%,21,522,543,478,10,11,44
0x8fd41f,98.7875%,21,1711,1732,0,0,21,1711
0x8fe51c,99.6197%,21,5501,5522,0,0,21,5501
0x8e4809,99.0866%,21,2278,2299,656,12,9,1622
0xa50ee1,87.2727%,21,144,165,139,9,12,5
0x5ff80a,93.6556%,21,310,331,26,13,8,284
0x814273,74.0741%,21,60,81,47,11,10,13
0x40f3f2,99.3248%,21,3089,3110,0,0,21,3089
0x9a805f,76.6667%,21,69,90,12,13,8,57
0x8e3818,94.2623%,21,345,366,345,21,0,0
0x4be763,61.8182%,21,34,55,25,8,13,9
0x8bb434,95.3744%,21,433,454,47,16,5,386
0x4b9f1e,93.8953%,21,323,344,94,14,7,229
0xa5953b,89.604%,21,181,202,169,12,9,12
0x64f478,82.7869%,21,101,122,9,14,7,92
0x9a680e,98.5953%,21,1474,1495,1332,16,5,142
0x9a1dbd,83.3333%,21,105,126,100,11,10,5
0x555e32,95%,21,399,420,306,9,12,93
0x5970df,95.6522%,21,462,483,13,10,11,449
0x537bf0,99.5556%,21,4705,4726,4704,19,2,1
0x8fdf8b,99.2202%,21,2672,2693,25,11,10,2647
0x4b9bec,96.64%,21,604,625,57,14,7,547
0x48eb0d,89.2857%,21,175,196,3,17,4,172
0x784068,96.6184%,21,600,621,10,11,10,590
0x5590fb,96.1255%,21,521,542,54,10,11,467
0x54f26a,51.1628%,21,22,43,2,20,1,20
0x505fdb,77.4194%,21,72,93,52,11,10,20
0x51c998,98.2996%,21,1214,1235,1205,13,8,9
0x8ed488,99.5478%,21,4623,4644,4622,11,10,1
0x402cfd,97.6325%,21,866,887,317,19,2,549
0x8e3859,94.2623%,21,345,366,156,3,18,189
0x403e9b,99.3269%,21,3099,3120,633,10,11,2466
0xa2e849,93.9828%,21,328,349,102,7,14,226
0x44651a,98.9484%,21,1976,1997,14,12,9,1962
0x5f832a,96.1468%,21,524,545,515,11,10,9
0x556e62,95%,21,399,420,305,10,11,94
0xb0ccc3,99.3338%,21,3131,3152,1591,12,9,1540
0x4045ed,90.3226%,21,196,217,63,15,6,133
0x60dccc,87.931%,21,153,174,9,14,7,144
0x54f676,97.931%,21,994,1015,6,11,10,988
0x58d847,84.8921%,21,118,139,55,14,7,63
0x54566e,98.0038%,21,1031,1052,995,7,14,36
0x8f578a,98.0207%,21,1040,1061,866,4,17,174
0x48863c,96.3478%,21,554,575,17,10,11,537
0x5f0c54,93.6937%,21,312,333,203,12,9,109
0x5c6acf,99.4814%,21,4028,4049,0,0,21,4028
0x48df62,48.7805%,21,20,41,11,8,13,9
0xa33d0e,98.4328%,21,1319,1340,459,6,15,860
0x90854c,99.7074%,21,7157,7178,5005,8,13,2152
0xa45aba,90.6667%,21,204,225,200,6,15,4
0x534fbb,80.1887%,21,85,106,29,13,8,56
0x5c32d4,90.8297%,21,208,229,181,10,11,27
0x40e39f,98.0355%,21,1048,1069,1,5,16,1047
0x5592e8,94.8905%,21,390,411,197,6,15,193
0x8ff6f7,89.2857%,21,175,196,1,6,15,174
0xa30c75,98.582%,21,1460,1481,1449,13,8,11
0x7ce546,92.3636%,21,254,275,33,11,10,221
0xa54def,86.5385%,21,135,156,4,9,12,131
0xa5853f,88.3978%,21,160,181,4,11,10,156
0x49977e,71.6216%,21,53,74,36,12,9,17
0x4885af,99.3323%,21,3124,3145,0,0,21,3124
0xa45455,93.8953%,21,323,344,6,12,9,317
0x9bd154,74.6988%,21,62,83,15,13,8,47
0x5fae59,56.25%,21,27,48,6,9,12,21
0x8dd902,99.0596%,21,2212,2233,2181,8,13,31
0x51b5d9,99.6019%,21,5254,5275,5252,18,3,2
0x8b9a37,99.8535%,21,14315,14336,27,12,9,14288
0x82141a,98.0663%,21,1065,1086,9,7,14,1056
0x9f445c,78.7879%,21,78,99,67,10,11,11
0x53fe6d,99.146%,21,2438,2459,709,9,12,1729
0xb31544,74.3902%,21,61,82,3,2,19,58
0x902243,98.7611%,21,1674,1695,3,7,14,1671
0x534de1,99.3092%,21,3019,3040,54,2,19,2965
0x49c7af,95.3229%,21,428,449,152,12,9,276
0x489fbd,86.4516%,21,134,155,134,21,0,0
0x99e9d4,80%,21,84,105,81,9,12,3
0x639b5e,65.5738%,21,40,61,14,9,12,26
0x40f555,99.9444%,21,37730,37751,0,0,21,37730
0x9be3c4,68.6567%,21,46,67,27,8,13,19
0x4a5c9b,89.0625%,21,171,192,44,12,9,127
0xab2d18,75.8621%,21,66,87,2,6,15,64
0x8da1b3,94.37%,21,352,373,215,6,15,137
0x835c6b,44.7368%,21,17,38,2,8,13,15
0x60de10,80.7339%,21,88,109,16,12,9,72
0x7227d7,99.2361%,21,2728,2749,1428,18,3,1300
0x94878d,98.5437%,21,1421,1442,1392,11,10,29
0x5f8e13,94.3089%,21,348,369,265,11,10,83
0x9ee3cb,80.9091%,21,89,110,78,10,11,11
0x90b1f1,82.3529%,21,98,119,0,12,9,98
0x771992,99.8973%,21,20419,20440,0,0,21,20419
0x5ffd01,79%,21,79,100,38,14,7,41
0x8fe47b,99.7948%,21,10215,10236,0,0,21,10215
0x5ffca1,98.3386%,21,1243,1264,1164,8,13,79
0x60deef,97.971%,21,1014,1035,339,7,14,675
0xa5707a,79%,21,79,100,7,7,14,72
0x806427,60.3774%,21,32,53,19,10,11,13
0x40d4c6,95.8743%,21,488,509,488,21,0,0
0x9a9a9a,98.3078%,21,1220,1241,1220,21,0,0
0x591283,92.7336%,21,268,289,233,13,8,35
0x9f5306,86.4516%,21,134,155,18,10,11,116
0x4ba093,95.4248%,21,438,459,16,15,6,422
0x8dd2ee,99.0866%,21,2278,2299,654,14,7,1624
0x508675,96.3415%,21,553,574,120,16,5,433
0x5f6d11,75%,21,63,84,12,14,7,51
0x8040c6,76.1364%,21,67,88,17,11,10,50
0x5017eb,99.3901%,21,3422,3443,0,0,21,3422
0x50ee98,85.4167%,21,123,144,53,6,15,70
0x5344f5,44.7368%,21,17,38,14,20,1,3
0x90875e,99.7535%,21,8498,8519,5624,12,9,2874
0x9d2040,79.2079%,21,80,101,17,11,10,63
0x504da2,96.9163%,21,660,681,580,8,13,80
0x8dfeda,91.3223%,21,221,242,138,8,13,83
0x910fa0,98.1865%,21,1137,1158,170,8,13,967
0x4102a4,98.8776%,21,1850,1871,914,13,8,936
0xa02d29,68.6567%,21,46,67,28,7,14,18
0x9a9318,91.453%,20,214,234,165,12,8,49
0xa946bc,88.3721%,20,152,172,116,10,10,36
0x8a5f1a,84.7328%,20,111,131,31,14,6,80
0xa26565,98.806%,20,1655,1675,0,0,20,1655
0x609f24,99.7514%,20,8025,8045,0,0,20,8025
0x8ff699,91.5966%,20,218,238,55,16,4,163
0xa34be7,72.6027%,20,53,73,1,14,6,52
0x8a6fe3,98.6772%,20,1492,1512,207,17,3,1285
0x8fe19c,87.9518%,20,146,166,81,5,15,65
0x643462,97.3298%,20,729,749,2,8,12,727
0x9f6c51,95.8506%,20,462,482,231,20,0,231
0x81e4c4,99.0548%,20,2096,2116,2091,12,8,5
0x8379aa,80.7692%,20,84,104,18,14,6,66
0x9725a0,90.9502%,20,201,221,201,10,10,0
0x4102ff,99.665%,20,5951,5971,176,14,6,5775
0x50d39e,98.3539%,20,1195,1215,703,13,7,492
0x51c212,98.3806%,20,1215,1235,1215,3,17,0
0x60a652,98.2517%,20,1124,1144,1124,20,0,0
0x9a76a0,96.3504%,20,528,548,528,20,0,0
0xb1b6f2,98.01%,20,985,1005,11,8,12,974
0x5fea67,74.026%,20,57,77,44,9,11,13
0x590689,98.8325%,20,1693,1713,489,14,6,1204
0xa33e63,78.7234%,20,74,94,38,4,16,36
0x64ce7e,96.2825%,20,518,538,488,6,14,30
0x8e2077,96.2193%,20,509,529,303,6,14,206
0x499170,89.3617%,20,168,188,127,11,9,41
0x8fcd85,94.3978%,20,337,357,58,10,10,279
0xa33c63,98.5075%,20,1320,1340,800,10,10,520
0x58fe4d,99.5153%,20,4106,4126,3604,15,5,502
0xa52a19,95.1691%,20,394,414,305,14,6,89
0x63906e,93.8462%,20,305,325,2,10,10,303
0x5ff958,88.3041%,20,151,171,107,11,9,44
0x9c3aea,94.2197%,20,326,346,322,15,5,4
0x8122f3,85.0746%,20,114,134,92,7,13,22
0x48c32c,86.1111%,20,124,144,123,14,6,1
0x90ad36,74.359%,20,58,78,34,10,10,24
0x8a90c6,98.2111%,20,1098,1118,12,10,10,1086
0x485fae,96.6667%,20,580,600,580,12,8,0
0xa465b5,95.9016%,20,468,488,464,6,14,4
0x40e21d,95.4649%,20,421,441,1,3,17,420
0x8dee5e,97.7273%,20,860,880,857,10,10,3
0x8dc209,98.7738%,20,1611,1631,736,10,10,875
0x8ebadf,95.5257%,20,427,447,1,11,9,426
0x507744,54.5455%,20,24,44,12,6,14,12
0x9d0e98,97.4227%,20,756,776,755,6,14,1
0x9ab86f,86.1111%,20,124,144,9,11,9,115
0x4b9daa,98.5163%,20,1328,1348,49,9,11,1279
0x98cc21,97.1711%,20,687,707,684,5,15,3
0xa42add,97.6744%,20,840,860,0,0,20,840
0x833f2b,94.5355%,20,346,366,17,13,7,329
0x648be6,61.5385%,20,32,52,12,14,6,20
0xa3409c,91.1111%,20,205,225,190,10,10,15
0x722a7d,75.3086%,20,61,81,4,11,9,57
0x9f4ad4,83.6066%,20,102,122,74,10,10,28
0x6042c4,88.7006%,20,157,177,2,10,10,155
0x5426a7,99.8045%,20,10209,10229,10209,20,0,0
0x5f79ab,91.3793%,20,212,232,8,8,12,204
0x5fa896,85.5072%,20,118,138,59,10,10,59
0x648bfc,23.0769%,20,6,26,6,7,13,0
0x4043bf,99.0201%,20,2021,2041,0,0,20,2021
0x65c224,99.5939%,20,4905,4925,38,1,19,4867
0x403ef5,98.9373%,20,1862,1882,617,9,11,1245
0x9a7030,80.5825%,20,83,103,0,11,9,83
0x610aec,95.5947%,20,434,454,76,16,4,358
0xa9ea94,94.3343%,20,333,353,261,7,13,72
0xa3947c,97.29%,20,718,738,714,10,10,4
0xa35d50,96.9512%,20,636,656,200,8,12,436
0x8188e0,97.5816%,20,807,827,807,20,0,0
0x9aba29,82.4561%,20,94,114,71,14,6,23
0x5fc218,58.3333%,20,28,48,2,12,8,26
0x9e76a1,93.3333%,20,280,300,256,17,3,24
0x8df562,62.963%,20,34,54,4,8,12,30
0x609cd5,96.7374%,20,593,613,250,10,10,343
0xa9e217,91.5612%,20,217,237,23,11,9,194
0x55489b,98.8552%,20,1727,1747,512,17,3,1215
0x5c6be3,99.4355%,20,3523,3543,1382,13,7,2141
0x4a2634,93.7304%,20,299,319,238,8,12,61
0x53d8a1,90.4762%,20,190,210,175,8,12,15
0x48cfc3,98.9909%,20,1962,1982,1962,8,12,0
0x8d2837,99.3213%,20,2927,2947,3,14,6,2924
0xa560db,75%,20,60,80,52,16,4,8
0x8e2e5f,98.8088%,20,1659,1679,1448,10,10,211
0xb2e628,99.9059%,20,21234,21254,0,0,20,21234
0xa553cf,87.1795%,20,136,156,4,9,11,132
0x811e53,87.0968%,20,135,155,58,9,11,77
0x66710f,97.994%,20,977,997,839,9,11,138
0x5407ca,96.8553%,20,616,636,616,8,12,0
0x40e17e,96.7846%,20,602,622,599,19,1,3
0x53fe81,99.1867%,20,2439,2459,711,7,13,1728
0x8f5155,99.8505%,20,13362,13382,1,7,13,13361
0x9812d0,87.0968%,20,135,155,73,7,13,62
0x4bc46c,97.9879%,20,974,994,945,9,11,29
0x58cd35,87.8788%,20,145,165,100,14,6,45
0x9a7b90,84.7328%,20,111,131,25,11,9,86
0x8a6ee1,96.4602%,20,545,565,286,10,10,259
0x511d8e,98.8235%,20,1680,1700,212,6,14,1468
0xb3279a,99.6895%,20,6422,6442,0,0,20,6422
0x81b09a,91.5254%,20,216,236,17,15,5,199
0xa3ba77,86.1111%,20,124,144,6,8,12,118
0x81d5ac,92.0635%,20,232,252,179,13,7,53
0x552945,98.5622%,20,1371,1391,1371,20,0,0
0x8eae24,96.1014%,20,493,513,12,14,6,481
0x951a91,86.8421%,20,132,152,106,10,10,26
0x53ef54,93.5065%,20,288,308,141,13,7,147
0x9e2900,96.4974%,20,551,571,14,11,9,537
0x8a97b7,99.7489%,20,7946,7966,1346,16,4,6600
0x90b974,98.9594%,20,1902,1922,946,15,5,956
0x544431,84.8485%,20,112,132,30,10,10,82
0x544d50,84.8485%,20,112,132,26,14,6,86
0x49c729,95.6236%,20,437,457,0,8,12,437
0xaae473,99.8751%,20,15989,16009,15979,17,3,10
0x406c73,77.7778%,20,70,90,20,12,8,50
0x9e0817,98.088%,20,1026,1046,79,6,14,947
0x5fbd9a,58.3333%,20,28,48,4,10,10,24
0x8184dc,66.6667%,20,40,60,14,12,8,26
0x6117d7,71.831%,20,51,71,20,13,7,31
0x41022b,99.7752%,20,8875,8895,1767,18,2,7108
0x5f555d,64.2857%,20,36,56,1,15,5,35
0x5017df,99.2935%,20,2811,2831,2164,12,8,647
0x58dfbc,90.4306%,20,189,209,136,9,11,53
0xa35dd2,95.5357%,20,428,448,410,8,12,18
0x6000b6,97.2527%,20,708,728,694,7,13,14
0x804b97,91.3793%,20,212,232,205,10,10,7
0x942914,91.2664%,20,209,229,142,12,8,67
0x8a9233,58.3333%,20,28,48,12,9,11,16
0xa2f720,93.3555%,20,281,301,58,15,5,223
0xad8583,99.8294%,20,11704,11724,0,0,20,11704
0x504060,97.4779%,20,773,793,21,9,11,752
0x55705d,91.9028%,20,227,247,65,10,10,162
0x81606f,39.3939%,20,13,33,8,11,9,5
0x9f990c,85.0746%,20,114,134,100,9,11,14
0x8eda06,86.1111%,20,124,144,6,12,8,118
0x54fead,99.298%,20,2829,2849,2829,20,0,0
0x498640,80.3922%,20,82,102,62,13,7,20
0x54eb4b,53.4884%,20,23,43,23,20,0,0
0x814d6d,92.8826%,20,261,281,32,9,11,229
0x58ec32,98.7915%,20,1635,1655,1609,16,4,26
0xaa338f,95.2719%,20,403,423,10,9,11,393
0xa4bb47,92.0949%,20,233,253,232,7,13,1
0x5078cc,97.4779%,20,773,793,169,17,3,604
0x48d97b,99.5508%,20,4432,4452,3554,14,6,878
0x41011a,99.8256%,20,11448,11468,0,0,20,11448
0x609ea7,96.7374%,20,593,613,250,10,10,343
0x48e735,99.7116%,20,6915,6935,6915,20,0,0
0x5f52f4,99.4789%,20,3818,3838,41,7,13,3777
0x406c1a,96.6102%,20,570,590,570,20,0,0
0x858e6c,97.0803%,20,665,685,665,12,8,0
0x59299a,97.0282%,20,653,673,20,15,5,633
0x9a7364,37.5%,20,12,32,4,14,6,8
0x508bb0,96.5157%,20,554,574,33,8,12,521
0x9178b6,90%,20,180,200,35,11,9,145
0x4bc71a,91.342%,20,211,231,185,3,17,26
0x820997,99.0783%,20,2150,2170,2150,20,0,0
0x81c040,93.8838%,20,307,327,1,10,10,306
0x544e1e,91.0714%,20,204,224,156,11,9,48
0x983abf,68.75%,20,44,64,11,6,14,33
0xa52833,94.6809%,20,356,376,178,10,10,178
0x53d954,98.8002%,20,1647,1667,1635,7,13,12
0xa3416e,91.1111%,20,205,225,120,11,9,85
0x648beb,23.0769%,20,6,26,6,7,13,0
0xa43c3f,94.832%,20,367,387,103,3,17,264
0x489531,94.6524%,20,354,374,250,15,5,104
0x4897f3,45.9459%,20,17,37,4,8,12,13
0x8e47bd,97.6553%,20,833,853,474,6,14,359
0x4b5147,84.375%,20,108,128,96,12,8,12
0x8e0f48,99.5228%,20,4171,4191,2200,14,6,1971
0x7cde5c,98.4114%,20,1239,1259,397,5,15,842
0x9f938a,76.7442%,20,66,86,43,9,11,23
0x50a90e,80.198%,20,81,101,44,6,14,37
0xa45028,96.7159%,20,589,609,0,4,16,589
0x402965,99.7918%,20,9585,9605,0,0,20,9585
0x5fab0a,83.4711%,20,101,121,96,9,11,5
0x8fd573,99.1372%,20,2298,2318,2293,7,13,5
0x51012c,98.8466%,20,1714,1734,1301,7,13,413
0x8bd221,99.9237%,20,26176,26196,26176,20,0,0
0xa549dc,95.5752%,20,432,452,404,11,9,28
0x8ebdfd,97.9508%,20,956,976,948,10,10,8
0x548a60,79.798%,20,79,99,79,8,12,0
0x8a28ef,96.4664%,20,546,566,546,20,0,0
0xaa3af9,64.9123%,20,37,57,31,7,13,6
0x48cfed,98.2191%,20,1103,1123,1100,11,9,3
0x80e9bc,96.3504%,20,528,548,506,14,6,22
0x54f30b,53.4884%,20,23,43,12,9,11,11
0x904104,97.8925%,20,929,949,929,20,0,0
0x5b9d70,83.4711%,20,101,121,59,14,6,42
0x40dfbd,85.9259%,19,116,135,3,3,16,113
0xa90364,87.4172%,19,132,151,10,10,9,122
0xa530fa,90.1042%,19,173,192,160,12,7,13
0x402a41,99.7392%,19,7266,7285,7266,19,0,0
0x902d72,97.8211%,19,853,872,838,12,7,15
0x8a8c06,97.9723%,19,918,937,882,10,9,36
0x512e5f,99.4467%,19,3415,3434,657,8,11,2758
0x81e7b8,97.6514%,19,790,809,190,14,5,600
0xa54deb,83.6207%,19,97,116,83,7,12,14
0xa307ed,92.803%,19,245,264,81,13,6,164
0x8c8267,99.1852%,19,2313,2332,2280,8,11,33
0x6431fe,92.8571%,19,247,266,0,0,19,247
0x8f0ce3,96.8801%,19,590,609,407,10,9,183
0x4b5dc5,88.4146%,19,145,164,145,19,0,0
0x54381f,68.8525%,19,42,61,19,6,13,23
0x50d9db,97.6161%,19,778,797,684,6,13,94
0x972669,93.0403%,19,254,273,0,0,19,254
0x9a1e86,76.5432%,19,62,81,2,10,9,60
0x9e40eb,91.5179%,19,205,224,56,14,5,149
0xa56fc6,82.4074%,19,89,108,75,7,12,14
0x40520c,85.6061%,19,113,132,0,0,19,113
0xa50beb,88.4848%,19,146,165,6,11,8,140
0x9be3d6,60.4167%,19,29,48,2,12,7,27
0x81d1bb,93.19%,19,260,279,206,13,6,54
0x5b9b62,66.0714%,19,37,56,2,11,8,35
0x534b4e,76.5432%,19,62,81,27,13,6,35
0xa3a068,96.875%,19,589,608,587,7,12,2
0xad8021,99.6863%,19,6037,6056,0,0,19,6037
0x50b7eb,96.5889%,19,538,557,521,8,11,17
0x9be5b5,92.6357%,19,239,258,237,11,8,2
0xa5726a,84.8%,19,106,125,75,7,12,31
0x9a7a76,85.4962%,19,112,131,82,14,5,30
0x976dc7,98.7075%,19,1451,1470,26,12,7,1425
0xa944b5,58.6957%,19,27,46,8,9,10,19
0xa9e9df,94.6176%,19,334,353,115,12,7,219
0x90029c,94.0625%,19,301,320,300,10,9,1
0x837973,89.2045%,19,157,176,61,11,8,96
0x409a59,90.3061%,19,177,196,26,13,6,151
0x9f0ded,95.4545%,19,399,418,52,13,6,347
0x485cae,93.7908%,19,287,306,0,0,19,287
0x610dbc,99.5748%,19,4449,4468,0,0,19,4449
0x8a2922,96.6431%,19,547,566,547,19,0,0
0xa5856a,89.5028%,19,162,181,54,9,10,108
0xa52f03,95.9916%,19,455,474,274,8,11,181
0x507a5c,97.604%,19,774,793,739,4,15,35
0x48b9e4,99.0547%,19,1991,2010,1991,19,0,0
0xa9b2fe,91.5929%,19,207,226,186,6,13,21
0x4bc77b,90.5%,19,181,200,32,10,9,149
0x77ff2b,90.8213%,19,188,207,29,15,4,159
0x81f86d,59.5745%,19,28,47,13,12,7,15
0xb0b09a,55.814%,19,24,43,19,5,14,5
0x8350ae,99.591%,19,4626,4645,4626,19,0,0
0x642e59,45.7143%,19,16,35,0,0,19,16
0xa019d0,91.9831%,19,218,237,217,8,11,1
0xa5cece,94.4118%,19,321,340,198,1,18,123
0x406cae,84.2975%,19,102,121,56,7,12,46
0x9a7633,32.1429%,19,9,28,4,10,9,5
0x9439d0,86.9863%,19,127,146,39,9,10,88
0x49f971,98.5373%,19,1280,1299,2,13,6,1278
0x507ef8,96.6899%,19,555,574,33,8,11,522
0xa36877,95.6422%,19,417,436,7,10,9,410
0x814d99,93.2384%,19,262,281,31,10,9,231
0x9aade5,75.9494%,19,60,79,33,9,10,27
0x8e9f85,98.8717%,19,1665,1684,1665,19,0,0
0xa32e2a,98.2276%,19,1053,1072,0,0,19,1053
0x53d9ef,98.8602%,19,1648,1667,40,10,9,1608
0x9a69f2,75%,19,57,76,55,16,3,2
0x506fd9,97.4324%,19,721,740,598,6,13,123
0x981490,75%,19,57,76,18,9,10,39
0x9ea44f,93.75%,19,285,304,12,10,9,273
0x4bf698,88.7574%,19,150,169,80,6,13,70
0xa6091f,96.1616%,19,476,495,290,15,4,186
0x97b748,81.7308%,19,85,104,60,9,10,25
0x7c7212,85.2713%,19,110,129,105,12,7,5
0x63c876,98.0229%,19,942,961,575,3,16,367
0x59717d,97.0359%,19,622,641,13,7,12,609
0x5106d9,99.6908%,19,6126,6145,6126,19,0,0
0x99f05d,80.2083%,19,77,96,74,8,11,3
0x50e1c2,80.4124%,19,78,97,43,9,10,35
0x5f848b,96.7466%,19,565,584,433,5,14,132
0x7ce449,94.6023%,19,333,352,69,8,11,264
0xa8ee4b,95.7303%,19,426,445,424,7,12,2
0x4bad71,93.75%,19,285,304,257,9,10,28
0x508698,95.6621%,19,419,438,368,6,13,51
0x90abbe,98.0229%,19,942,961,87,13,6,855
0xa93db9,74.3243%,19,55,74,51,11,8,4
0x81f908,99.0839%,19,2055,2074,39,10,9,2016
0x9e2ffa,92.7757%,19,244,263,20,6,13,224
0x9f683f,94.9062%,19,354,373,67,13,6,287
0x8e12c6,99.5466%,19,4172,4191,1773,14,5,2399
0x8e3832,94.8087%,19,347,366,196,11,8,151
0xad7b34,97.561%,19,760,779,743,13,6,17
0x6670db,98.0943%,19,978,997,20,10,9,958
0x8b968a,99.907%,19,20421,20440,2,4,15,20419
0x8fe0cf,76.25%,19,61,80,0,8,11,61
0x7b2995,86.5248%,19,122,141,76,12,7,46
0x5076d7,62%,19,31,50,13,9,10,18
0xa336a1,99.0874%,19,2063,2082,857,7,12,1206
0xa4a9eb,91.5179%,19,205,224,105,6,13,100
0x49e74e,99.6105%,19,4859,4878,0,0,19,4859
0xa33dfd,93.4256%,19,270,289,47,14,5,223
0x819de8,94.1896%,19,308,327,303,8,11,5
0x8c8722,96.1538%,19,475,494,446,8,11,29
0x504bf0,97.2934%,19,683,702,45,14,5,638
0x5fed51,96.332%,19,499,518,382,3,16,117
0x9f5bfa,52.5%,19,21,40,20,8,11,1
0x9a9293,92.803%,19,245,264,6,8,11,239
0x9bdcfc,77.1084%,19,64,83,17,11,8,47
0x53b0b3,99.7618%,19,7956,7975,0,6,13,7956
0xa06190,69.3548%,19,43,62,32,9,10,11
0x7b6366,86.5248%,19,122,141,83,13,6,39
0xa587fe,83.6207%,19,97,116,83,13,6,14
0xa58865,86.9863%,19,127,146,31,11,8,96
0x410124,99.8343%,19,11449,11468,11449,19,0,0
0x53aa73,53.6585%,19,22,41,20,19,0,2
0x7ce366,99.0052%,19,1891,1910,339,13,6,1552
0x493565,51.2821%,19,20,39,16,8,11,4
0x80ffd1,97.1726%,19,653,672,418,14,5,235
0x837eba,85.0394%,19,108,127,11,12,7,97
0x80baab,84.0336%,19,100,119,66,9,10,34
0x49c67f,95.8425%,19,438,457,437,4,15,1
0x4bf240,77.907%,19,67,86,23,8,11,44
0x81c216,88.6228%,19,148,167,117,7,12,31
0x9019f6,94.3787%,19,319,338,245,7,12,74
0x604607,89.2655%,19,158,177,158,19,0,0
0x53b930,95.3545%,19,390,409,379,4,15,11
0x533851,93.4708%,19,272,291,269,4,15,3
0x60834b,93.6667%,19,281,300,194,15,4,87
0xa42958,98.2805%,19,1086,1105,1067,10,9,19
0x40527f,99.7345%,19,7137,7156,1025,9,10,6112
0xa39818,93.6027%,19,278,297,10,14,5,268
0x8fd01e,87.0748%,19,128,147,96,7,12,32
0x8df4f9,69.8413%,19,44,63,43,11,8,1
0x53d84b,73.9726%,19,54,73,19,15,4,35
0x509d90,98.2944%,19,1095,1114,132,4,15,963
0x981330,87.7419%,19,136,155,64,16,3,72
0x5ffe1d,78.6517%,19,70,89,34,9,10,36
0x40e844,90.5473%,19,182,201,178,13,6,4
0x94d7c5,96.6312%,19,545,564,23,7,12,522
0x8a284f,93.2384%,19,262,281,0,0,19,262
0x9fc843,91.3636%,19,201,220,201,13,6,0
0x9f7b6e,80.6122%,19,79,98,75,10,9,4
0x972c85,86.4286%,19,121,140,96,16,3,25
0x8a7403,96.2%,19,481,500,192,4,15,289
0x5f8cfd,78.6517%,19,70,89,43,10,9,27
0x8bb0ce,95.3545%,19,390,409,388,18,1,2
0x610b7b,94.4606%,19,324,343,51,13,6,273
0x489525,97.4768%,19,734,753,372,7,12,362
0x81b7ec,90.6863%,19,185,204,185,7,12,0
0x977f2c,96.8852%,19,591,610,558,12,7,33
0x902972,96.2891%,19,493,512,429,7,12,64
0xaa05ab,74.3243%,19,55,74,19,12,7,36
0x8141d6,99.8591%,19,13461,13480,1967,5,14,11494
0x80bd0b,88.6228%,19,148,167,60,6,13,88
0x9d2671,81%,19,81,100,55,7,12,26
0xa022a3,98.3788%,19,1153,1172,11,16,3,1142
0x8eca1b,99.552%,19,4222,4241,352,10,9,3870
0x53b31d,92.4303%,19,232,251,39,15,4,193
0xb3026f,99.705%,19,6422,6441,0,0,19,6422
0x604442,88.6905%,19,149,168,149,7,12,0
0x4bbb9a,90.6863%,19,185,204,34,15,4,151
0xa58fdb,84.0336%,19,100,119,68,10,9,32
0x4bc5be,93.6242%,19,279,298,266,13,6,13
0x49e944,99.3498%,19,2903,2922,2903,19,0,0
0xa45127,95.2261%,19,379,398,379,19,0,0
0x834fd5,99.8408%,19,11917,11936,11917,19,0,0
0x984031,87.9747%,19,139,158,138,8,11,1
0xa43852,94.7802%,19,345,364,193,10,9,152
0x9aa1c4,72.4638%,19,50,69,25,10,9,25
0x98cb72,94.2943%,19,314,333,114,9,10,200
0xa45485,97.2934%,19,683,702,3,10,9,680
0x5391ff,96.2451%,19,487,506,466,7,12,21
0x9a7bef,96.6011%,19,540,559,1,7,12,539
0x8da1da,91.4027%,19,202,221,124,4,15,78
0x40aae6,72.4638%,19,50,69,12,13,6,38
0xa575a3,72.0588%,19,49,68,29,12,7,20
0x5912ef,92.2764%,19,227,246,220,11,8,7
0x8f2b26,87.0748%,19,128,147,36,9,10,92
0x8fe133,99.369%,19,2992,3011,2926,13,6,66
0xa55e73,82.243%,19,88,107,63,14,5,25
0x50a94c,86.0294%,19,117,136,20,5,14,97
0x942942,91.7031%,19,210,229,210,19,0,0
0x5c6bf2,99.1155%,19,2129,2148,0,0,19,2129
0x670642,53.6585%,19,22,41,10,11,8,12
0x90b336,98.0229%,19,942,961,766,2,17,176
0x8224b6,97.4934%,19,739,758,213,12,7,526
0xa25fbe,97.8211%,19,853,872,179,9,10,674
0x558033,98.3348%,19,1122,1141,317,18,1,805
0x90a8ca,74.3243%,19,55,74,25,8,11,30
0x8f0baf,96.8801%,19,590,609,404,13,6,186
0x4fdafd,94.0439%,19,300,319,23,13,6,277
0x4a6573,86.8966%,19,126,145,48,11,8,78
0x8bca6c,99.1121%,19,2121,2140,1212,4,15,909
0x53800e,97.4428%,19,724,743,720,17,2,4
0x9a760e,96.6192%,19,543,562,543,1,18,0
0x543642,85.9259%,19,116,135,18,9,10,98
0x54f4f8,99.4093%,18,3029,3047,3029,18,0,0
0x58ccaf,90.3226%,18,168,186,103,8,10,65
0xa46c1a,92.1739%,18,212,230,93,3,15,119
0x670783,95.2381%,18,360,378,360,11,7,0
0x6070e0,99.7213%,18,6440,6458,6440,18,0,0
0xa968fa,92.0354%,18,208,226,5,11,7,203
0x648583,99.3935%,18,2950,2968,2899,13,5,51
0x8fe9fa,98.7078%,18,1375,1393,1370,10,8,5
0x821e75,91.6279%,18,197,215,140,3,15,57
0x81c1e9,91.8182%,18,202,220,49,6,12,153
0xa0294f,93.4066%,18,255,273,11,9,9,244
0x9dfedb,96.3265%,18,472,490,55,3,15,417
0x9a7f4c,88.6792%,18,141,159,2,6,12,139
0xa576b0,97.619%,18,738,756,731,5,13,7
0x8a8b7a,98.079%,18,919,937,804,16,2,115
0x50d922,96.9125%,18,565,583,542,3,15,23
0x9441fc,97.907%,18,842,860,22,12,6,820
0xa439d4,91.0448%,18,183,201,10,5,13,173
0x8b974a,99.9119%,18,20422,20440,0,0,18,20422
0x8eecf7,95.2381%,18,360,378,29,9,9,331
0x5ea99f,92.2414%,18,214,232,58,10,8,156
0x595dcc,97.7011%,18,765,783,1,9,9,764
0xa463eb,85%,18,102,120,17,7,11,85
0xa46cb5,81.25%,18,78,96,76,12,6,2
0x8a9856,99.774%,18,7948,7966,3300,12,6,4648
0x5cf576,99.0228%,18,1824,1842,175,9,9,1649
0xa4194c,52.6316%,18,20,38,15,9,9,5
0x502d29,95.2381%,18,360,378,178,10,8,182
0x5481eb,99.738%,18,6851,6869,37,3,15,6814
0x40ab32,57.1429%,18,24,42,15,10,8,9
0x5fd9db,99.5257%,18,3777,3795,2058,9,9,1719
0x555e3e,98.3349%,18,1063,1081,1015,6,12,48
0x820dc6,97.01%,18,584,602,236,8,10,348
0x402e46,89.5349%,18,154,172,154,18,0,0
0x40f60b,99.5556%,18,4032,4050,4032,18,0,0
0x9a7261,40%,18,12,30,10,11,7,2
0x65a08b,92.8854%,18,235,253,124,7,11,111
0x8a6433,85.2459%,18,104,122,6,11,7,98
0x48e85c,67.2727%,18,37,55,11,3,15,26
0x5453c0,77.5%,18,62,80,49,9,9,13
0x4a74dc,75%,18,54,72,34,13,5,20
0x54faec,87.4126%,18,125,143,124,14,4,1
0x65a38e,99.2916%,18,2523,2541,610,6,12,1913
0x404d75,99.855%,18,12398,12416,2945,15,3,9453
0x50adfd,86.7647%,18,118,136,57,7,11,61
0x48d089,35.7143%,18,10,28,9,17,1,1
0x8bb20d,95.599%,18,391,409,321,10,8,70
0x4fdc32,95.0954%,18,349,367,328,6,12,21
0xa974aa,53.8462%,18,21,39,12,9,9,9
0xa4e817,88.8889%,18,144,162,11,13,5,133
0xa34011,96.7509%,18,536,554,244,10,8,292
0x54ffa4,96.1783%,18,453,471,453,18,0,0
0x49de63,81.6327%,18,80,98,38,4,14,42
0x40e2e6,96.3265%,18,472,490,470,8,10,2
0x4bbace,91.1765%,18,186,204,186,17,1,0
0x53a1cb,66.6667%,18,36,54,27,15,3,9
0x8ed328,99.6124%,18,4626,4644,4626,9,9,0
0x49a681,97.8287%,18,811,829,253,14,4,558
0x505ee3,97.5676%,18,722,740,643,4,14,79
0x5068f0,97.5676%,18,722,740,646,8,10,76
0x8044fb,67.2727%,18,37,55,17,11,7,20
0x593829,98.2775%,18,1027,1045,51,6,12,976
0x51b34f,98.5849%,18,1254,1272,768,9,9,486
0x4c20b9,88.6792%,18,141,159,141,18,0,0
0x494c0b,58.1395%,18,25,43,4,11,7,21
0x5b9cba,71.875%,18,46,64,28,10,8,18
0x49b093,94.375%,18,302,320,31,12,6,271
0x591b85,88.1579%,18,134,152,29,13,5,105
0x80e6a1,96.3855%,18,480,498,240,9,9,240
0x8ffc33,91.4286%,18,192,210,103,8,10,89
0x8aed85,91.9283%,18,205,223,6,8,10,199
0xa2a7d6,93.3086%,18,251,269,251,10,8,0
0x537f18,97.5774%,18,725,743,3,9,9,722
0x610b9d,93.5484%,18,261,279,110,11,7,151
0x40d256,99.8354%,18,10920,10938,10920,18,0,0
0x608d7a,91%,18,182,200,169,10,8,13
0x78149f,82.8571%,18,87,105,10,7,11,77
0x5ff0b7,66.0377%,18,35,53,3,11,7,32
0x7ce552,92.2078%,18,213,231,210,9,9,3
0x5ea979,96.129%,18,447,465,225,8,10,222
0xa51c14,77.5%,18,62,80,13,11,7,49
0x4bcb98,88.0795%,18,133,151,24,7,11,109
0x807eec,89.5349%,18,154,172,68,8,10,86
0x40aa26,66.6667%,18,36,54,11,15,3,25
0x53c38b,88.3117%,18,136,154,121,11,7,15
0x8fc4a7,98.4071%,18,1112,1130,0,0,18,1112
0x49e0d1,94.7368%,18,324,342,0,6,12,324
0x8a2801,93.5943%,18,263,281,263,18,0,0
0x405755,99.3284%,18,2662,2680,2546,12,6,116
0x63ee81,99.0307%,18,1839,1857,1116,10,8,723
0x9e3ec3,95.8716%,18,418,436,82,14,4,336
0x533615,57.1429%,18,24,42,21,14,4,3
0x48ed10,68.4211%,18,39,57,26,6,12,13
0x481eff,52.6316%,18,20,38,12,7,11,8
0x48b173,79.0698%,18,68,86,31,12,6,37
0x409d25,78.0488%,18,64,82,53,8,10,11
0x502a51,91.9283%,18,205,223,91,6,12,114
0x4b6600,88.3871%,18,137,155,111,9,9,26
0x54ec9c,73.913%,18,51,69,51,18,0,0
0x81e675,99.1557%,18,2114,2132,2078,7,11,36
0x40cec3,79.0698%,18,68,86,68,16,2,0
0x9e73ef,95.4198%,18,375,393,162,14,4,213
0xa90441,95.6098%,18,392,410,287,9,9,105
0x48e7b1,97.8102%,18,804,822,2,11,7,802
0x5454aa,86.5672%,18,116,134,73,10,8,43
0x9a9e10,66.6667%,18,36,54,20,9,9,16
0xa608fd,96.3636%,18,477,495,477,18,0,0
0x543960,94.9008%,18,335,353,334,6,12,1
0x510fd8,99.2647%,18,2430,2448,0,1,17,2430
0x8dad6d,88.3871%,18,137,155,96,9,9,41
0x9005d3,94.8276%,18,330,348,0,0,18,330
0x8bb148,95.5665%,18,388,406,112,10,8,276
0x5418fb,99.3323%,18,2678,2696,2678,15,3,0
0x4a1ba3,98.3577%,18,1078,1096,8,15,3,1070
0x81bc86,91.1765%,18,186,204,186,6,12,0
0x805a89,92.0705%,18,209,227,171,10,8,38
0x50ac85,72.3077%,18,47,65,37,7,11,10
0x51064b,98.1501%,18,955,973,24,12,6,931
0x60a80e,96.3563%,18,476,494,62,10,8,414
0x64df69,96.6851%,18,525,543,9,10,8,516
0x6279d0,98.7637%,18,1438,1456,0,0,18,1438
0x5fb23e,74.2857%,18,52,70,3,6,12,49
0x80fa89,86.7647%,18,118,136,32,12,6,86
0x48ce24,99.5048%,18,3617,3635,3617,17,1,0
0x54f9ba,99.1928%,18,2212,2230,2183,4,14,29
0xae6f7b,74.2857%,18,52,70,2,10,8,50
0x901241,90.1099%,18,164,182,158,7,11,6
0xa346ac,97.1519%,18,614,632,224,14,4,390
0x80c01f,89.3491%,18,151,169,15,8,10,136
0x805ee1,91.2621%,18,188,206,155,8,10,33
0x40e3aa,95.9551%,18,427,445,1,3,15,426
0xa3978e,99.1881%,18,2199,2217,0,0,18,2199
0x94d8f9,97.6159%,18,737,755,685,12,6,52
0x90dc31,99.9647%,18,50915,50933,49971,1,17,944
0xa497c7,94.0397%,18,284,302,52,12,6,232
0x4038d9,95.2128%,18,358,376,6,11,7,352
0xa60a27,94.0789%,18,286,304,0,0,18,286
0x40d048,99.7855%,18,8372,8390,8372,18,0,0
0x63ccb0,97.8076%,18,803,821,610,11,7,193
0x512c0e,99.6802%,18,5610,5628,0,0,18,5610
0x8fea9e,99.2596%,18,2413,2431,2413,18,0,0
0x8c784f,99.0649%,18,1907,1925,979,3,15,928
0x8fe05d,99.405%,18,3007,3025,2927,12,6,80
0x8e311d,99.5705%,18,4173,4191,2201,13,5,1972
0xaade78,99.7452%,18,7047,7065,7047,18,0,0
0x534604,99.5837%,18,4306,4324,4,5,13,4302
0x4a9ee5,90.8163%,18,178,196,175,7,11,3
0xa522f9,81.4433%,18,79,97,66,7,11,13
0xab28ba,99.7551%,18,7332,7350,7332,18,0,0
0x8e47d9,99.2171%,18,2281,2299,610,13,5,1671
0x8e69a1,94.375%,18,302,320,155,5,13,147
0x5fc74d,62.5%,18,30,48,1,13,5,29
0x49e92a,99.631%,18,4860,4878,0,0,18,4860
0x6387ae,99.5209%,18,3739,3757,3735,11,7,4
0x40e740,99.076%,18,1930,1948,1930,18,0,0
0xaa05b5,67.8571%,18,38,56,28,10,8,10
0x5fc0dc,62.5%,18,30,48,0,12,6,30
0x90fd82,93.5714%,18,262,280,10,6,12,252
0x9a9eb7,86.8613%,18,119,137,98,13,5,21
0xa262fc,96.1538%,18,450,468,421,14,4,29
0x53deb8,96.5779%,18,508,526,107,12,6,401
0x50bfaa,72.7273%,18,48,66,43,10,8,5
0x5b9a1d,75.3425%,18,55,73,5,9,9,50
0x58d81e,91.3876%,18,191,209,126,13,5,65
0x639c39,97.2892%,18,646,664,1,11,7,645
0x9026de,98.5%,18,1182,1200,1160,10,8,22
0x9e62da,89.2857%,18,150,168,145,4,14,5
0xb326b8,99.7206%,18,6424,6442,0,0,18,6424
0xaa57ad,99.7163%,18,6327,6345,10,11,7,6317
0x8f4878,99.6287%,18,4830,4848,3119,10,8,1711
0xaa4731,92.6531%,18,227,245,0,0,18,227
0x81c58c,90%,18,162,180,117,10,8,45
0x4be276,57.1429%,18,24,42,9,6,12,15
0x8fdefb,99.9463%,18,33482,33500,0,0,18,33482
0xb2e667,99.9153%,18,21236,21254,0,0,18,21236
0x40296b,99.8126%,18,9587,9605,9587,18,0,0
0x4bfd78,79.0698%,18,68,86,25,10,8,43
0x409adb,88.0795%,18,133,151,30,14,4,103
0x49f995,89.0909%,18,147,165,88,9,9,59
0x8e1609,99.8394%,18,11187,11205,11165,8,10,22
0x9f0eb7,69.4915%,18,41,59,11,10,8,30
0x50110a,99.8141%,18,9665,9683,9665,18,0,0
0x8c9357,96.8476%,18,553,571,549,11,7,4
0x643555,97.644%,18,746,764,742,7,11,4
0x8ffb06,94.9153%,18,336,354,67,7,11,269
0x8a5e54,94.2675%,18,296,314,134,4,14,162
0x9fb0d7,85.4839%,18,106,124,0,0,18,106
0x512cf3,99.6145%,18,4651,4669,4651,18,0,0
0x542e14,99.2025%,18,2239,2257,2239,18,0,0
0x508d69,63.2653%,18,31,49,15,13,5,16
0xad7e85,99.4772%,18,3425,3443,567,13,5,2858
0x8c728a,84.8739%,18,101,119,1,11,7,100
0xa95c24,86.1538%,18,112,130,110,14,4,2
0x51165c,99.7552%,18,7335,7353,7335,18,0,0
0x9a2362,83.7838%,18,93,111,17,13,5,76
0x781d5d,99.9227%,18,23253,23271,0,0,18,23253
0x78d5be,97.931%,18,852,870,14,4,14,838
0xa07a3f,71.875%,18,46,64,22,11,7,24
0xa9e145,91.133%,18,185,203,152,11,7,33
0x5483cf,99.849%,18,11905,11923,11905,18,0,0
0xaa63c0,96.4497%,18,489,507,102,14,4,387
0x40494d,92.3729%,18,218,236,210,9,9,8
0x4b5fd5,83.6364%,18,92,110,81,8,10,11
0x9428de,92.1397%,18,211,229,211,18,0,0
0x4c51b9,94.6903%,18,321,339,280,4,14,41
0x66794b,43.75%,18,14,32,12,4,14,2
0x597101,95.8621%,18,417,435,0,0,18,417
0xa5edaf,96.8028%,18,545,563,0,0,18,545
0x821c25,93.7282%,18,269,287,61,11,7,208
0x80e694,97.5904%,18,729,747,239,10,8,490
0x94d992,97.0921%,18,601,619,0,0,18,601
0x8e4633,98.8166%,18,1503,1521,1144,4,14,359
0xb2ff03,64.7059%,18,33,51,4,9,9,29
0x8ff1e9,89.4118%,18,152,170,6,10,8,146
0x90a47c,99.2281%,18,2314,2332,2282,6,12,32
0x540255,99.3404%,18,2711,2729,2710,15,3,1
0x4bcb9d,85.8333%,17,103,120,69,9,8,34
0x53a52d,93.2271%,17,234,251,42,12,5,192
0x9f551c,86.6142%,17,110,127,34,13,4,76
0xa52bb0,91.9811%,17,195,212,165,7,10,30
0x80eb5c,96.0648%,17,415,432,53,11,6,362
0x40a11a,74.6269%,17,50,67,48,6,11,2
0x59148a,96.7495%,17,506,523,487,10,7,19
0x50d705,96.1969%,17,430,447,68,16,1,362
0x8e34ba,99.5944%,17,4174,4191,2211,3,14,1963
0x542820,99.8085%,17,8861,8878,57,4,13,8804
0x48d1a8,69.6429%,17,39,56,39,17,0,0
0x48951a,97.7424%,17,736,753,259,11,6,477
0xa26231,94.2568%,17,279,296,211,4,13,68
0xa34914,98.9103%,17,1543,1560,1100,6,11,443
0x48599f,77.027%,17,57,74,29,13,4,28
0x8f6479,95.4178%,17,354,371,342,13,4,12
0x4b9deb,98.1522%,17,903,920,6,9,8,897
0x80d54d,85.8333%,17,103,120,92,8,9,11
0xa9c583,91.4573%,17,182,199,177,11,6,5
0x5ff37b,83.3333%,17,85,102,60,8,9,25
0x4c51a6,94.6541%,17,301,318,112,15,2,189
0x814b5a,91.6256%,17,186,203,156,6,11,30
0x534417,99.81%,17,8929,8946,8929,17,0,0
0x512812,95.7179%,17,380,397,25,4,13,355
0x8dfe13,95.3039%,17,345,362,9,7,10,336
0x540a07,97.7089%,17,725,742,725,17,0,0
0x5f8552,99.2155%,17,2150,2167,21,7,10,2129
0x9eb421,73.0159%,17,46,63,21,7,10,25
0x9116c1,95.6186%,17,371,388,206,11,6,165
0x9a1622,91.6256%,17,186,203,173,9,8,13
0x81c4f8,72.5806%,17,45,62,36,4,13,9
0x403f58,97.3643%,17,628,645,400,7,10,228
0x511c4c,99.5818%,17,4048,4065,4038,13,4,10
0x9ed2ff,97.1284%,17,575,592,122,16,1,453
0x783d1d,89.1026%,17,139,156,0,0,17,139
0x501ff6,81.3187%,17,74,91,30,5,12,44
0x9e00be,98.4171%,17,1057,1074,0,0,17,1057
0x8e9f4c,99.3162%,17,2469,2486,84,9,8,2385
0x7814cf,98.2086%,17,932,949,267,5,12,665
0xa5f767,97.7951%,17,754,771,166,15,2,588
0x9e613e,94.5161%,17,293,310,229,9,8,64
0x4bbcc3,86.8217%,17,112,129,112,17,0,0
0x4b5dd3,89.6341%,17,147,164,46,4,13,101
0x49ca34,55.2632%,17,21,38,11,10,7,10
0x598fa5,99.7106%,17,5858,5875,5858,17,0,0
0x5f649d,77.9221%,17,60,77,57,4,13,3
0x9e3cc7,69.0909%,17,38,55,33,8,9,5
0x534a2d,96.5021%,17,469,486,423,6,11,46
0xa35519,94.198%,17,276,293,5,9,8,271
0x8e4db1,99.1269%,17,1930,1947,1539,4,13,391
0xa9d197,89.697%,17,148,165,4,13,4,144
0x627ab3,93.3333%,17,238,255,216,8,9,22
0x780dac,97.8777%,17,784,801,782,11,6,2
0x9110b8,94.8012%,17,310,327,264,10,7,46
0xa5f92a,96.2472%,17,436,453,1,13,4,435
0x4b6e8e,88.5135%,17,131,148,96,5,12,35
0xa0526e,73.4375%,17,47,64,11,11,6,36
0x5411dd,99.8799%,17,14142,14159,6,2,15,14136
0x558fc5,99.9114%,17,19174,19191,759,9,8,18415
0x9fc80d,92.2727%,17,203,220,6,8,9,197
0x8eca17,99.6057%,17,4294,4311,64,6,11,4230
0x539b4b,98.5482%,17,1154,1171,10,4,13,1144
0x983a8b,73.4375%,17,47,64,29,6,11,18
0x984478,74.2424%,17,49,66,41,6,11,8
0x810407,96.5164%,17,471,488,57,9,8,414
0x4b5041,87.0229%,17,114,131,1,8,9,113
0xb1481d,99.6008%,17,4241,4258,4241,17,0,0
0x9a6fa6,34.6154%,17,9,26,3,7,10,6
0x53a206,97.712%,17,726,743,723,14,3,3
0xaa06dd,80.6818%,17,71,88,10,10,7,61
0x4bbba3,89.0323%,17,138,155,59,15,2,79
0x404bcc,19.0476%,17,4,21,4,17,0,0
0x9113bf,98.3575%,17,1018,1035,142,3,14,876
0x5cb0cd,98.0813%,17,869,886,59,10,7,810
0x50e2db,77.3333%,17,58,75,0,0,17,58
0x409f24,79.0123%,17,64,81,18,12,5,46
0x9ff5d3,57.5%,17,23,40,10,6,11,13
0x8107b9,97.7089%,17,725,742,482,8,9,243
0x406ae4,97.3765%,17,631,648,631,17,0,0
0xa02a56,94.9405%,17,319,336,317,7,10,2
0x50ace4,87.5%,17,119,136,17,8,9,102
0x4bbb37,83.4951%,17,86,103,52,8,9,34
0x8f56a0,99.5382%,17,3664,3681,3654,15,2,10
0x834fb1,99.8576%,17,11919,11936,0,0,17,11919
0x5f6d6b,57.5%,17,23,40,9,2,15,14
0x9d06e8,73.8462%,17,48,65,25,9,8,23
0x8ba2c9,99.4836%,17,3275,3292,3255,10,7,20
0x8ff7e0,99.883%,17,14517,14534,0,2,15,14517
0x98ccd3,92.6724%,17,215,232,82,8,9,133
0xa25eae,98.3218%,17,996,1013,996,17,0,0
0x8f29d9,94.198%,17,276,293,0,8,9,276
0x9f6c04,96.8165%,17,517,534,232,9,8,285
0x9ea615,89.881%,17,151,168,36,7,10,115
0x50cee7,86.2903%,17,107,124,107,17,0,0
0x410155,99.8518%,17,11451,11468,0,0,17,11451
0x543d3c,89.375%,17,143,160,37,11,6,106
0x8fe483,99.8339%,17,10219,10236,10219,17,0,0
0x511d1a,99.5818%,17,4048,4065,144,8,9,3904
0x54ec61,75.3623%,17,52,69,52,17,0,0
0xb2e63a,99.92%,17,21237,21254,0,0,17,21237
0x9783f6,97.8205%,17,763,780,763,17,0,0
0x403d82,98.4615%,17,1088,1105,65,10,7,1023
0x97a420,67.3077%,17,35,52,26,8,9,9
0x8e1b29,84.8214%,17,95,112,35,10,7,60
0x97836d,87.218%,17,116,133,26,10,7,90
0x9a9d22,95.5614%,17,366,383,197,8,9,169
0x942812,98.9941%,17,1673,1690,1673,17,0,0
0x54370e,50%,17,17,34,2,6,11,15
0x9ff579,73.0159%,17,46,63,15,8,9,31
0x7814e6,97.4889%,17,660,677,660,17,0,0
0x40dfab,87.4074%,17,118,135,112,14,3,6
0x4c52a2,94.6541%,17,301,318,280,14,3,21
0x50d65f,98.4288%,17,1065,1082,498,6,11,567
0x835d90,81.3187%,17,74,91,28,10,7,46
0x8a733f,96.7118%,17,500,517,97,12,5,403
0x9ab621,91.5%,17,183,200,142,11,6,41
0x8dfe1c,95.0867%,17,329,346,179,7,10,150
0x835d35,55.2632%,17,21,38,0,0,17,21
0x610c22,95.0437%,17,326,343,76,12,5,250
0x54391d,87.6812%,17,121,138,0,3,14,121
0x819f04,81.3187%,17,74,91,65,9,8,9
0x51b49a,93.4615%,17,243,260,51,8,9,192
0xa30a3c,94.6708%,17,302,319,112,12,5,190
0x811f41,96.8577%,17,524,541,31,11,6,493
0xa5010f,89.697%,17,148,165,6,11,6,142
0xa3931d,97.327%,17,619,636,17,11,6,602
0x81e70d,87.7698%,17,122,139,18,7,10,104
0x9f62ec,96.8165%,17,517,534,140,13,4,377
0x66700b,95.2514%,17,341,358,3,8,9,338
0x98f949,93.3852%,17,240,257,0,0,17,240
0x48a67f,97.5504%,17,677,694,677,17,0,0
0x8b997a,99.9371%,17,27024,27041,0,0,17,27024
0xa51204,63.0435%,17,29,46,26,8,9,3
0x9a92b8,93.2%,17,233,250,3,13,4,230
0xa9c5cc,70.1754%,17,40,57,6,9,8,34
0xa4585b,93.3852%,17,240,257,39,2,15,201
0x8e39a2,57.5%,17,23,40,1,7,10,22
0x81477a,98.1953%,17,925,942,416,13,4,509
0x81f7b5,81.9149%,17,77,94,40,7,10,37
0x98cfdb,91.8269%,17,191,208,105,13,4,86
0x9a932c,76.7123%,17,56,73,43,10,7,13
0x59c56d,93.6803%,17,252,269,174,4,13,78
0x8fd3e5,97.3438%,17,623,640,28,7,10,595
0x59bbb5,99.2115%,17,2139,2156,2139,17,0,0
0xa3493f,98.9935%,17,1672,1689,282,6,11,1390
0x4b4f82,76.0563%,17,54,71,12,13,4,42
0x9f4e4e,95.1289%,17,332,349,110,12,5,222
0x405178,99.7947%,17,8265,8282,0,0,17,8265
0x81e4e5,99.1966%,17,2099,2116,2063,7,10,36
0x9e03a6,98.3748%,17,1029,1046,147,5,12,882
0x541a0e,98.4171%,17,1057,1074,30,4,13,1027
0x8d3e97,93.0894%,17,229,246,220,11,6,9
0x9a9d32,90.4494%,17,161,178,114,10,7,47
0x818ddc,97.9444%,17,810,827,46,5,12,764
0x40db69,99.7962%,17,8326,8343,8326,17,0,0
0x80767b,94.4079%,17,287,304,8,10,7,279
0x547b2b,98.2794%,17,971,988,970,7,10,1
0x481d7a,55.2632%,17,21,38,9,10,7,12
0x5910be,93.1174%,17,230,247,53,9,8,177
0xa54118,97.5955%,17,690,707,686,8,9,4
0x404409,99.2119%,17,2140,2157,714,17,0,1426
0x4b70bc,88.5135%,17,131,148,54,7,10,77
0x9f2117,95.5614%,17,366,383,366,7,10,0
0x54132a,99.7837%,17,7841,7858,7836,14,3,5
0xaadeae,99.7594%,17,7048,7065,0,0,17,7048
0x5bb133,83.3333%,17,85,102,5,14,3,80
0xa505c3,77.6316%,17,59,76,28,10,7,31
0x81fc0f,91.9431%,17,194,211,190,7,10,4
0xa46680,92.6407%,17,214,231,99,13,4,115
0x8ecf1b,94.6541%,17,301,318,287,9,8,14
0x9a7496,67.9245%,17,36,53,1,13,4,35
0x8fcd47,97.6323%,17,701,718,0,0,17,701
0xa57949,86.8217%,17,112,129,77,9,8,35
0x49e4c6,89.441%,17,144,161,144,17,0,0
0xa57508,89.881%,17,151,168,121,6,11,30
0x9091b3,99.0845%,17,1840,1857,722,9,8,1118
0xa49f8d,97.9762%,17,823,840,191,11,6,632
0x49fafc,88.0282%,17,125,142,122,15,2,3
0x5ee150,99.4367%,17,3001,3018,0,0,17,3001
0x8dd333,99.2605%,17,2282,2299,1508,13,4,774
0xa2ec9a,73.4375%,17,47,64,31,11,6,16
0xa917f0,46.875%,17,15,32,13,4,13,2
0x40203b,97.9115%,17,797,814,583,9,8,214
0xa58ad9,87.6812%,17,121,138,23,6,11,98
0x81b34d,95.2381%,17,340,357,274,1,16,66
0x94d9eb,80.6818%,17,71,88,47,5,12,24
0xa261d1,96.3519%,17,449,466,72,4,13,377
0x945283,94.1379%,17,273,290,60,4,13,213
0x97bb1c,89.0323%,17,138,155,76,4,13,62
0x610b8c,93.9068%,17,262,279,6,12,5,256
0x511f07,99.5671%,17,3910,3927,5,9,8,3905
0x504300,97.6744%,17,714,731,714,17,0,0
0x596b0b,99.2663%,17,2300,2317,2300,17,0,0
0x404db0,99.5733%,17,3967,3984,3901,13,4,66
0x972f76,93.9286%,17,263,280,135,5,12,128
0x64f4ff,84.5455%,17,93,110,73,13,4,20
0x8ef134,96.2306%,17,434,451,106,6,11,328
0x5f8c8f,80.8989%,17,72,89,38,6,11,34
0x55012a,80.2326%,17,69,86,31,7,10,38
0x8c7543,99.0826%,17,1836,1853,1774,6,11,62
0x481071,55.2632%,17,21,38,12,7,10,9
0xa32dcb,92.827%,17,220,237,6,6,11,214
0xa36a9e,97.1993%,17,590,607,296,5,12,294
0x5991c3,99.6333%,17,4619,4636,4619,17,0,0
0x8f1f82,95.9233%,17,400,417,258,7,10,142
0x6432cb,98.5009%,17,1117,1134,1117,17,0,0
0x8df13c,99.4904%,17,3319,3336,3316,13,4,3
0x4995a2,86.6142%,17,110,127,110,17,0,0
0x507bd6,97.8562%,17,776,793,41,12,5,735
0x9e2521,88.6667%,17,133,150,6,9,8,127
0x507c1f,96.1187%,17,421,438,297,5,12,124
0x977d64,88.1119%,17,126,143,10,4,13,116
0x5cd2f6,87.7863%,16,115,131,60,7,9,55
0xa39314,97.4843%,16,620,636,0,0,16,620
0x60dcd2,89.404%,16,135,151,92,9,7,43
0x787c55,98.1756%,16,861,877,861,16,0,0
0x7d40fa,64.4444%,16,29,45,20,9,7,9
0x5fa539,70.3704%,16,38,54,5,9,7,33
0x8dcdc5,97.7839%,16,706,722,607,14,2,99
0xa5c5af,76.4706%,16,52,68,39,11,5,13
0x404649,92.8571%,16,208,224,104,13,3,104
0x9a9c75,94.052%,16,253,269,2,8,8,251
0xa260d1,96.5665%,16,450,466,398,13,3,52
0x80c137,98.1714%,16,859,875,7,10,6,852
0x99c84c,98.1221%,16,836,852,750,4,12,86
0x9a74a6,58.9744%,16,23,39,15,15,1,8
0x58eb6a,99.6938%,16,5210,5226,5210,16,0,0
0xa361ac,88.7324%,16,126,142,125,12,4,1
0x5f103f,94.7712%,16,290,306,262,8,8,28
0x50d8aa,77.1429%,16,54,70,3,10,6,51
0x65a283,99.7145%,16,5588,5604,1860,8,8,3728
0xb38ea7,99.7113%,16,5526,5542,2765,6,10,2761
0xad7e39,99.5353%,16,3427,3443,3427,16,0,0
0x81ed1b,98.9994%,16,1583,1599,266,8,8,1317
0x5040f2,87.0968%,16,108,124,56,6,10,52
0x5bd706,94.9206%,16,299,315,160,10,6,139
0x403d42,98.6543%,16,1173,1189,25,9,7,1148
0xa90a2f,91.2088%,16,166,182,161,8,8,5
0x9ed934,88.4058%,16,122,138,1,11,5,121
0x53aba1,97.8466%,16,727,743,0,0,16,727
0xa521b4,89.6104%,16,138,154,76,1,15,62
0x8ee167,97.3378%,16,585,601,162,8,8,423
0x53fe95,99.3493%,16,2443,2459,706,12,4,1737
0xa4f958,96.4126%,16,430,446,246,10,6,184
0xa511ec,71.4286%,16,40,56,37,6,10,3
0x7efd39,77.7778%,16,56,72,0,7,9,56
0x9dffee,98.5102%,16,1058,1074,335,6,10,723
0x5971b1,97.4235%,16,605,621,29,5,11,576
0x604af7,78.3784%,16,58,74,34,3,13,24
0x8b9bd2,99.8286%,16,9321,9337,9321,16,0,0
0x9e3d92,90.8046%,16,158,174,151,12,4,7
0x60b388,95.0156%,16,305,321,176,5,11,129
0x60dda9,97.7077%,16,682,698,160,12,4,522
0x494885,88.3212%,16,121,137,7,9,7,114
0x9f1570,98.1714%,16,859,875,857,7,9,2
0x49fab8,98.7362%,16,1250,1266,1124,5,11,126
0xa314f7,69.2308%,16,36,52,15,8,8,21
0x835e26,57.8947%,16,22,38,17,11,5,5
0x4a8ce4,58.9744%,16,23,39,13,6,10,10
0x64381f,89.9371%,16,143,159,0,0,16,143
0x4b665b,89.6774%,16,139,155,120,6,10,19
0xa1ad9a,78.3784%,16,58,74,21,9,7,37
0x8e32ee,99.6182%,16,4175,4191,2205,9,7,1970
0xab289b,99.818%,16,8777,8793,8777,16,0,0
0xa4688a,77.4648%,16,55,71,32,13,3,23
0x8f2a01,97.7143%,16,684,700,324,12,4,360
0x48c8af,98.359%,16,959,975,959,6,10,0
0x53e4a2,99.7636%,16,6753,6769,6753,16,0,0
0x99bd77,92.1182%,16,187,203,15,8,8,172
0x64305b,95.3488%,16,328,344,0,0,16,328
0x40e6b8,80.7229%,16,67,83,50,11,5,17
0x4b9efa,95.7219%,16,358,374,22,8,8,336
0xa90b58,79.4872%,16,62,78,2,8,8,60
0x96140d,99.9271%,16,21946,21962,21946,16,0,0
0x901b94,93.6%,16,234,250,76,5,11,158
0x8a96c5,98.9116%,16,1454,1470,24,14,2,1430
0xa56775,75.7576%,16,50,66,39,9,7,11
0x494ecd,46.6667%,16,14,30,6,7,9,8
0x50ca26,98.0464%,16,803,819,794,5,11,9
0x543cae,91.4439%,16,171,187,131,4,12,40
0x509167,99.6459%,16,4502,4518,4369,13,3,133
0x50ad46,85.5856%,16,95,111,0,0,16,95
0x9a91a9,93.8931%,16,246,262,244,3,13,2
0x66806a,99.2995%,16,2268,2284,2218,6,10,50
0xa33575,99.4524%,16,2906,2922,233,9,7,2673
0x8bcdba,98.3573%,16,958,974,36,8,8,922
0x8dd126,94.9206%,16,299,315,248,4,12,51
0x48bf5f,98.1524%,16,850,866,850,6,10,0
0x4825aa,57.8947%,16,22,38,13,6,10,9
0xa25af6,98.4205%,16,997,1013,0,0,16,997
0xa51374,96.9697%,16,512,528,2,10,6,510
0x4a6d24,96.6736%,16,465,481,373,9,7,92
0x8aa985,99.5323%,16,3405,3421,0,0,16,3405
0x64b51b,97.0696%,16,530,546,527,7,9,3
0x535677,91.2568%,16,167,183,21,7,9,146
0x482cb8,57.8947%,16,22,38,11,8,8,11
0x5a91a5,95.4674%,16,337,353,310,10,6,27
0x9a9a6f,97.0696%,16,530,546,1,4,12,529
0xa909e6,90.2439%,16,148,164,148,12,4,0
0x5fba77,81.8182%,16,72,88,11,7,9,61
0x978084,90.7514%,16,157,173,157,16,0,0
0x8dd9d5,99.304%,16,2283,2299,656,12,4,1627
0x5c5002,88.2353%,16,120,136,22,11,5,98
0x9e26cf,98.1395%,16,844,860,195,10,6,649
0x80dd4d,99.1228%,16,1808,1824,1705,5,11,103
0x55297e,88.7324%,16,126,142,11,5,11,115
0x509667,80.4878%,16,66,82,40,1,15,26
0x50735d,97.8378%,16,724,740,0,7,9,724
0x609878,95.9799%,16,382,398,292,5,11,90
0xa58294,85.8407%,16,97,113,83,7,9,14
0x815a6e,88.4892%,16,123,139,88,10,6,35
0x9a1f25,88.0597%,16,118,134,118,16,0,0
0xa550a4,94.6488%,16,283,299,275,12,4,8
0xa3670e,86.2069%,16,100,116,99,7,9,1
0xa33832,57.8947%,16,22,38,6,7,9,16
0x681085,97.0642%,16,529,545,0,0,16,529
0x8dd388,99.019%,16,1615,1631,881,8,8,734
0x9ed315,97.2973%,16,576,592,556,9,7,20
0x9a4880,92.7273%,16,204,220,203,6,10,1
0xa3121a,91.7526%,16,178,194,96,13,3,82
0x80fde5,98.6555%,16,1174,1190,590,5,11,584
0x54f3b4,98.3968%,16,982,998,0,0,16,982
0x9005ea,95.4023%,16,332,348,0,0,16,332
0x8f5aa8,97.7654%,16,700,716,679,4,12,21
0x944cd1,97.787%,16,707,723,707,16,0,0
0x8195ba,95.5923%,16,347,363,24,10,6,323
0x485ee5,60%,16,24,40,15,8,8,9
0x4bb447,92.3445%,16,193,209,158,2,14,35
0xb2e6be,99.9247%,16,21238,21254,6531,5,11,14707
0x53df9e,99.7636%,16,6753,6769,6753,16,0,0
0x50cba4,79.2208%,16,61,77,2,9,7,59
0x8c8bb5,80%,16,64,80,3,10,6,61
0x618905,94.9367%,16,300,316,230,11,5,70
0x9e3cbe,94.7195%,16,287,303,239,9,7,48
0x53b23b,71.9298%,16,41,57,28,13,3,13
0x80fa37,89.1892%,16,132,148,5,13,3,127
0xb0ceff,98.8717%,16,1402,1418,780,9,7,622
0x4a0293,92.233%,16,190,206,104,12,4,86
0x9427c1,99.0533%,16,1674,1690,0,0,16,1674
0x58baf7,85.4545%,16,94,110,68,14,2,26
0x97823a,87.9699%,16,117,133,106,8,8,11
0x4104f6,99.7161%,16,5620,5636,5620,16,0,0
0x48a8e3,60%,16,24,40,24,16,0,0
0x8dff6f,72.4138%,16,42,58,37,7,9,5
0x4bc147,91.8782%,16,181,197,4,9,7,177
0x9e7543,96%,16,384,400,171,7,9,213
0x64b0c4,99.9241%,16,21062,21078,21002,12,4,60
0x50c349,88.2353%,16,120,136,15,10,6,105
0x508ff2,57.8947%,16,22,38,10,8,8,12
0x4051c6,99.8052%,16,8196,8212,916,8,8,7280
0xa44304,67.3469%,16,33,49,17,10,6,16
0x8e461a,99.019%,16,1615,1631,103,7,9,1512
0x5427a4,95.8549%,16,370,386,185,8,8,185
0x40d104,99.773%,16,7033,7049,0,0,16,7033
0x9bd335,74.6032%,16,47,63,43,8,8,4
0x8a90f5,98.463%,16,1025,1041,1005,9,7,20
0x9c4189,95.5556%,16,344,360,21,7,9,323
0x5af1cf,98.0222%,16,793,809,793,16,0,0
0xaa060f,76.4706%,16,52,68,9,9,7,43
0x50d105,90.7514%,16,157,173,79,12,4,78
0x8f2a11,95.6989%,16,356,372,61,4,12,295
0x9e000f,98.5102%,16,1058,1074,0,0,16,1058
0x97b7d5,90.9091%,16,160,176,31,10,6,129
0x5d8a2c,93.6508%,16,236,252,236,10,6,0
0x402b15,99.5878%,16,3866,3882,2942,12,4,924
0x555d97,98.6509%,16,1170,1186,1074,7,9,96
0x81c95b,91.2088%,16,166,182,2,8,8,164
0x40e400,97.4441%,16,610,626,610,12,4,0
0x9ab35f,98.6266%,16,1149,1165,0,0,16,1149
0x410394,97.193%,16,554,570,178,12,4,376
0xa54f7f,68%,16,34,50,6,6,10,28
0x4057c6,99.3745%,16,2542,2558,1988,7,9,554
0xa54f54,68.6275%,16,35,51,22,4,12,13
0x4a6fae,93.6%,16,234,250,0,0,16,234
0x8eecc1,96.9112%,16,502,518,500,7,9,2
0x63ea39,98.7749%,16,1290,1306,1290,16,0,0
0xa030e0,76.4706%,16,52,68,31,10,6,21
0x5c3313,91.623%,16,175,191,57,7,9,118
0x99a86f,94.0959%,16,255,271,97,5,11,158
0xa50a6c,55.5556%,16,20,36,14,8,8,6
0x63e8a0,98.7749%,16,1290,1306,1290,16,0,0
0x8dc213,98.1921%,16,869,885,7,7,9,862
0xa573b6,60.9756%,16,25,41,8,7,9,17
0x4aab29,69.2308%,16,36,52,30,11,5,6
0x53b00b,71.9298%,16,41,57,31,10,6,10
0x50d6f4,94.1818%,16,259,275,128,8,8,131
0x542c01,95.6044%,16,348,364,0,6,10,348
0x606bc7,85.8407%,16,97,113,90,11,5,7
0x81bddc,98.3333%,16,944,960,944,6,10,0
0x94dd92,97.2743%,16,571,587,158,1,15,413
0x8a9278,99.1101%,16,1782,1798,324,4,12,1458
0x8a73df,98.0583%,16,808,824,446,16,0,362
0x540a1a,97.8437%,16,726,742,726,2,14,0
0xa92557,96.6316%,16,459,475,207,11,5,252
0xa43a6b,95.5556%,16,344,360,22,6,10,322
0x820db3,97.3422%,16,586,602,586,16,0,0
0x944ad9,92.7928%,16,206,222,206,16,0,0
0xaa074b,84%,16,84,100,47,5,11,37
0x97a3fe,86.2069%,16,100,116,2,11,5,98
0xa96a28,73.7705%,16,45,61,15,6,10,30
0x66f692,66.6667%,16,32,48,25,6,10,7
0x502957,83.5052%,16,81,97,29,6,10,52
0x4c2418,90.4762%,16,152,168,145,14,2,7
0x9f4433,90.4762%,16,152,168,84,7,9,68
0x9f0969,98.4064%,16,988,1004,795,9,7,193
0xa4ff22,55.5556%,16,20,36,14,8,8,6
0x557e2d,97.9248%,16,755,771,69,11,5,686
0x551d13,83.8384%,16,83,99,75,10,6,8
0x970f21,99.641%,16,4441,4457,0,0,16,4441
0x5bacd8,89.5425%,16,137,153,17,7,9,120
0x8ea26d,99.3533%,16,2458,2474,1221,4,12,1237
0x9082b5,99.2551%,16,2132,2148,1452,12,4,680
0xaa5374,99.3856%,16,2588,2604,7,14,2,2581
0x40e036,92.5234%,16,198,214,47,10,6,151
0xa02c78,84.6154%,16,88,104,66,6,10,22
0xa95d08,97.9112%,16,750,766,22,10,6,728
0x591758,90%,16,144,160,24,4,12,120
0xa59009,86.5546%,16,103,119,66,11,5,37
0x499a5d,89.5425%,16,137,153,137,16,0,0
0x4bc8c7,93.0736%,16,215,231,207,12,4,8
0x9c38f2,65.2174%,16,30,46,29,11,5,1
0x9ec2a9,68%,16,34,50,27,6,10,7
0x403c21,95.3353%,16,327,343,327,16,0,0
0xa5887f,86.2069%,16,100,116,5,7,9,95
0x511d66,99.4354%,16,2818,2834,376,8,8,2442
0x64debe,97.0534%,16,527,543,527,12,4,0
0x8198ee,98.0653%,16,811,827,309,7,9,502
0x821055,70.9091%,16,39,55,22,8,8,17
0x54d7e4,58.9744%,16,23,39,9,7,9,14
0x8f3fb8,93.3333%,16,224,240,170,9,7,54
0xb3273f,99.7516%,16,6426,6442,0,0,16,6426
0xaab22e,99.5241%,16,3346,3362,7,5,11,3339
0x649adb,84.9057%,16,90,106,67,7,9,23
0x8a6275,92.1182%,16,187,203,51,16,0,136
0x8a54ed,98.8113%,16,1330,1346,105,7,9,1225
0x805ae9,96.7936%,16,483,499,405,10,6,78
0x410292,90.303%,16,149,165,105,6,10,44
0x5f7b45,90.4192%,16,151,167,23,9,7,128
0x5a917d,95.4674%,16,337,353,317,7,9,20
0x591aea,90.6433%,16,155,171,14,5,11,141
0x50e3c4,83.5052%,16,81,97,33,13,3,48
0x9ab422,97.1631%,16,548,564,270,5,11,278
0x53e337,99.494%,16,3146,3162,3,11,5,3143
0x99a84e,94.0959%,16,255,271,160,9,7,95
0x5962d7,61.9048%,16,26,42,16,7,9,10
0xa93d8e,88.8889%,16,128,144,12,7,9,116
0x8a2666,92.1951%,16,189,205,189,16,0,0
0x5fefc9,69.8113%,16,37,53,4,9,7,33
0xa34b4d,91.623%,16,175,191,124,6,10,51
0x9ea787,85.5769%,15,89,104,64,8,7,25
0xb30af4,77.9412%,15,53,68,50,6,9,3
0x7d26dc,98.1663%,15,803,818,486,10,5,317
0x8deec4,99.2607%,15,2014,2029,1002,7,8,1012
0xa27544,95.3988%,15,311,326,101,9,6,210
0x53c572,96.1735%,15,377,392,375,6,9,2
0x908ca8,99.649%,15,4259,4274,3715,5,10,544
0x49f630,88.0952%,15,111,126,34,13,2,77
0x951991,92.0213%,15,173,188,166,6,9,7
0x54105a,99.8941%,15,14144,14159,0,0,15,14144
0x4b5e75,78.5714%,15,55,70,14,7,8,41
0x556fd6,89.4366%,15,127,142,51,6,9,76
0x977fa3,94.4853%,15,257,272,121,12,3,136
0x9a31c1,94.4444%,15,255,270,47,9,6,208
0xb323b3,98.452%,15,954,969,0,0,15,954
0x7ce511,98.6922%,15,1132,1147,866,6,9,266
0x488d39,86.8421%,15,99,114,43,14,1,56
0x501830,98.4925%,15,980,995,8,10,5,972
0xa51d66,81.25%,15,65,80,16,6,9,49
0x8bb400,96.696%,15,439,454,0,0,15,439
0xa9d219,77.2727%,15,51,66,32,10,5,19
0xb2e2e6,68.75%,15,33,48,0,0,15,33
0x405118,28.5714%,15,6,21,6,15,0,0
0x80ffba,97.2119%,15,523,538,164,2,13,359
0x81c5f0,77.2727%,15,51,66,7,7,8,44
0x90430e,97.4619%,15,576,591,576,1,14,0
0xb2e6c3,99.8981%,15,14703,14718,14663,9,6,40
0x98170a,76.5625%,15,49,64,37,10,5,12
0x53c73b,96.2871%,15,389,404,108,8,7,281
0xa5cfc7,86.9565%,15,100,115,6,1,14,94
0x5350bf,99.795%,15,7301,7316,7301,15,0,0
0x5480d6,99.6057%,15,3789,3804,3789,15,0,0
0x50eeef,80.7692%,15,63,78,13,5,10,50
0x8f6ea4,97.3262%,15,546,561,7,9,6,539
0x8efaa9,96.5831%,15,424,439,272,7,8,152
0x81e0c8,94%,15,235,250,25,10,5,210
0xb301be,96.6216%,15,429,444,0,0,15,429
0x8091d5,93.2735%,15,208,223,22,2,13,186
0x4c1c68,95.2229%,15,299,314,17,7,8,282
0xa399f5,97.5806%,15,605,620,605,15,0,0
0xa030b7,84.5361%,15,82,97,41,9,6,41
0x53aeeb,71.6981%,15,38,53,28,13,2,10
0x4c2031,90.566%,15,144,159,41,14,1,103
0xa33f94,71.1538%,15,37,52,34,15,0,3
0x7d25d1,96.0836%,15,368,383,361,6,9,7
0x6f5524,96.888%,15,467,482,0,0,15,467
0x5576d5,97.093%,15,501,516,60,12,3,441
0x63a6b9,92.5%,15,185,200,185,15,0,0
0x9ed73c,74.5763%,15,44,59,15,6,9,29
0x814eb4,28.5714%,15,6,21,1,3,12,5
0x8df633,44.4444%,15,12,27,8,10,5,4
0x9e712d,72.2222%,15,39,54,27,11,4,12
0x55594a,90.3226%,15,140,155,94,5,10,46
0xa4808c,94.7183%,15,269,284,52,8,7,217
0x8ff40c,94.0945%,15,239,254,118,9,6,121
0x8a3424,53.125%,15,17,32,17,11,4,0
0xa57942,91.0714%,15,153,168,34,5,10,119
0x8ded4d,94%,15,235,250,51,4,11,184
0xa5303b,92.1875%,15,177,192,175,7,8,2
0x8e442f,99.3475%,15,2284,2299,1922,4,11,362
0x4b5791,85.2941%,15,87,102,7,11,4,80
0x54eef7,63.4146%,15,26,41,9,4,11,17
0xa5c7dc,77.9412%,15,53,68,39,11,4,14
0x8bae0e,96.614%,15,428,443,416,9,6,12
0xa58d1e,89.726%,15,131,146,43,7,8,88
0x9018b3,97.0356%,15,491,506,0,0,15,491
0xad7e66,99.5643%,15,3428,3443,0,0,15,3428
0xa32ffc,86.3636%,15,95,110,24,8,7,71
0x8d98b1,98.7256%,15,1162,1177,1162,7,8,0
0x60a768,99.1264%,15,1702,1717,427,12,3,1275
0x8379b4,79.1667%,15,57,72,38,6,9,19
0xa33e53,86.6071%,15,97,112,33,10,5,64
0xad802a,99.7523%,15,6041,6056,6041,15,0,0
0xaae1aa,99.6025%,15,3759,3774,0,2,13,3759
0x8bd5ee,99.3004%,15,2129,2144,4,6,9,2125
0x9018ed,96.3504%,15,396,411,26,8,7,370
0x9aa18c,78.5714%,15,55,70,2,8,7,53
0x834225,88.2812%,15,113,128,4,14,1,109
0x9ab44f,94.8097%,15,274,289,50,1,14,224
0xa5842b,88.3721%,15,114,129,108,11,4,6
0x8e1f4e,96.1832%,15,378,393,206,8,7,172
0xa9b837,95.0331%,15,287,302,62,11,4,225
0x543011,95.8791%,15,349,364,5,3,12,344
0x9e0076,98.6034%,15,1059,1074,916,10,5,143
0x501137,99.8451%,15,9668,9683,136,4,11,9532
0x907542,54.5455%,15,18,33,5,11,4,13
0x48c578,97.7645%,15,656,671,656,5,10,0
0xb2fae7,99.8211%,15,8370,8385,8370,15,0,0
0xa57071,88.2812%,15,113,128,17,11,4,96
0x7d43e2,98.3389%,15,888,903,835,1,14,53
0x499a42,90.1961%,15,138,153,110,14,1,28
0x9ee008,91.4286%,15,160,175,4,6,9,156
0x98b314,95.6897%,15,333,348,0,0,15,333
0x9ab741,83.1461%,15,74,89,74,7,8,0
0x50d2c3,96.7391%,15,445,460,290,8,7,155
0x7c7081,90.566%,15,144,159,43,9,6,101
0x5481a4,99.8622%,15,10871,10886,0,0,15,10871
0x80ea4f,97.2628%,15,533,548,46,6,9,487
0x55915c,96.3942%,15,401,416,9,7,8,392
0x49af4e,89.9329%,15,134,149,134,10,5,0
0x49e765,99.4867%,15,2907,2922,0,0,15,2907
0x4ba67a,95.9786%,15,358,373,19,12,3,339
0x5bb444,87.395%,15,104,119,87,9,6,17
0x51103a,99.6647%,15,4458,4473,686,13,2,3772
0xa34b0f,92.1466%,15,176,191,34,6,9,142
0x82276f,97.0238%,15,489,504,68,10,5,421
0x5109e7,97.6228%,15,616,631,7,8,7,609
0x8ef43c,96.5831%,15,424,439,27,3,12,397
0x9ec030,91.9355%,15,171,186,170,6,9,1
0x8f0c82,75.8065%,15,47,62,33,9,6,14
0x50a112,73.2143%,15,41,56,40,7,8,1
0x816e29,99.6825%,15,4709,4724,3487,2,13,1222
0x5469c8,99.1554%,15,1761,1776,1760,8,7,1
0x65c2d6,70%,15,35,50,27,7,8,8
0xa02874,95.5357%,15,321,336,321,15,0,0
0x5ea981,96.7742%,15,450,465,12,9,6,438
0x4043e6,99.3713%,15,2371,2386,85,7,8,2286
0xaaaf8d,94.6043%,15,263,278,186,13,2,77
0x5c4fbd,90.9639%,15,151,166,18,4,11,133
0x9e730d,95.082%,15,290,305,283,8,7,7
0x5ee226,91.5254%,15,162,177,137,10,5,25
0xa57c76,63.4146%,15,26,41,7,7,8,19
0x4c25ba,91.0714%,15,153,168,121,8,7,32
0x60a8b3,99.1071%,15,1665,1680,409,13,2,1256
0x5d7cdc,98.7952%,15,1230,1245,425,6,9,805
0x5c56b4,93.2735%,15,208,223,93,7,8,115
0xa43857,90.6832%,15,146,161,32,9,6,114
0x80bcec,87.6033%,15,106,121,32,14,1,74
0x8dcb46,99.3475%,15,2284,2299,666,2,13,1618
0x94b186,92.7536%,15,192,207,92,8,7,100
0x60843e,83.3333%,15,75,90,5,9,6,70
0x49f9b5,90.4459%,15,142,157,4,11,4,138
0x611713,97.1319%,15,508,523,0,10,5,508
0x4ba3cb,96.696%,15,439,454,389,7,8,50
0x53de50,97.1483%,15,511,526,511,15,0,0
0x8150cb,95.4819%,15,317,332,317,5,10,0
0x494dbf,50%,15,15,30,4,6,9,11
0x4a6fb4,94%,15,235,250,118,11,4,117
0x5457c3,99.817%,15,8181,8196,0,0,15,8181
0xa2df25,61.5385%,15,24,39,15,7,8,9
0x48ec25,95.8791%,15,349,364,348,9,6,1
0x53dd93,99.7657%,15,6387,6402,6387,15,0,0
0x4c0dde,82.5581%,15,71,86,38,6,9,33
0x5040af,87.9032%,15,109,124,54,8,7,55
0x58ba5d,86.8421%,15,99,114,98,12,3,1
0xa06706,66.6667%,15,30,45,24,7,8,6
0x5af543,75.8065%,15,47,62,0,0,15,47
0x537fdd,99.6826%,15,4711,4726,0,3,12,4711
0xa55f08,65.9091%,15,29,44,17,10,5,12
0x5b9a14,82.7586%,15,72,87,9,5,10,63
0x54efa6,65.1163%,15,28,43,18,10,5,10
0x7b7fc8,87.069%,15,101,116,78,11,4,23
0x48f761,76.9231%,15,50,65,45,10,5,5
0x5f8df4,88.4615%,15,115,130,26,7,8,89
0xa554ef,94.2529%,15,246,261,170,2,13,76
0x8121e0,97.2426%,15,529,544,280,1,14,249
0x542427,99.3447%,15,2274,2289,0,0,15,2274
0xa42828,93.3333%,15,210,225,39,11,4,171
0x5f10c7,95.098%,15,291,306,263,7,8,28
0x9f55a8,81.25%,15,65,80,5,9,6,60
0x4ca064,98.3991%,15,922,937,918,11,4,4
0x8e0a79,99.4877%,15,2913,2928,310,14,1,2603
0x8e460c,99.3475%,15,2284,2299,658,10,5,1626
0x807efa,91.2791%,15,157,172,36,5,10,121
0xb30d50,99.1987%,15,1857,1872,0,0,15,1857
0xb31422,92.5%,15,185,200,185,15,0,0
0x835cb9,60.5263%,15,23,38,6,10,5,17
0xa46644,93.8272%,15,228,243,4,7,8,224
0xb4676a,91.018%,15,152,167,1,0,15,151
0x511c2a,99.631%,15,4050,4065,4050,15,0,0
0x4bb21d,83.1461%,15,74,89,48,7,8,26
0xb0c020,99.5778%,15,3538,3553,0,0,15,3538
0xa2dfec,82.5581%,15,71,86,55,13,2,16
0x902910,85.4369%,15,88,103,84,8,7,4
0x50e2bb,84.5361%,15,82,97,11,11,4,71
0x8a5456,99.0234%,15,1521,1536,1521,9,6,0
0x503cff,71.1538%,15,37,52,0,0,15,37
0x4ba577,95.9786%,15,358,373,21,10,5,337
0xa0744a,69.3878%,15,34,49,28,7,8,6
0x4a5dd2,76.9231%,15,50,65,3,10,5,47
0x64c56c,97.2578%,15,532,547,516,6,9,16
0x8a8fa3,96.4286%,15,405,420,127,13,2,278
0x40bbbc,90%,15,135,150,102,6,9,33
0x5bceed,95.3416%,15,307,322,45,6,9,262
0x9425ea,94.0476%,15,237,252,185,12,3,52
0x505a04,97.973%,15,725,740,79,14,1,646
0x814f63,74.5763%,15,44,59,37,4,11,7
0x5429e3,99.3447%,15,2274,2289,2274,15,0,0
0x78cd75,98.2798%,15,857,872,1,1,14,856
0xb3243b,98.452%,15,954,969,0,0,15,954
0x48bf23,98.4456%,15,950,965,950,5,10,0
0x9bdd17,72.7273%,15,40,55,30,9,6,10
0x40ec52,98.4391%,15,946,961,663,11,4,283
0x503d5d,71.1538%,15,37,52,34,12,3,3
0x9f9786,53.125%,15,17,32,11,11,4,6
0x49e968,99.4867%,15,2907,2922,34,8,7,2873
0x5fa270,95.4407%,15,314,329,149,7,8,165
0x8ba357,99.8443%,15,9622,9637,0,0,15,9622
0x4bb672,85.5769%,15,89,104,42,10,5,47
0x5faeeb,64.2857%,15,27,42,14,10,5,13
0x99ad4c,94.1176%,15,240,255,204,4,11,36
0x679b8f,97.3357%,15,548,563,461,8,7,87
0x58f8d0,74.1379%,15,43,58,3,8,7,40
0x5fc02f,48.2759%,15,14,29,3,7,8,11
0x545f21,99.4692%,15,2811,2826,2811,15,0,0
0x8dd380,99.3475%,15,2284,2299,657,11,4,1627
0x49ba85,97.7778%,15,660,675,660,7,8,0
0x59003d,92.4242%,15,183,198,92,7,8,91
0x5f134e,76.5625%,15,49,64,16,8,7,33
0x8e924b,97.7064%,15,639,654,557,8,7,82
0x402b3c,99.4922%,15,2939,2954,2939,15,0,0
0x991374,86.1111%,15,93,108,19,11,4,74
0x973089,65.1163%,15,28,43,7,8,7,21
0xa54270,95.7746%,15,340,355,94,8,7,246
0x9eb776,85%,15,85,100,7,7,8,78
0x5343ce,99.8979%,15,14671,14686,0,0,15,14671
0x8dc692,99.3475%,15,2284,2299,1512,9,6,772
0x404450,98.8619%,15,1303,1318,1270,8,7,33
0xa51be4,81.25%,15,65,80,27,13,2,38
0x403b48,99.1374%,15,1724,1739,1139,5,10,585
0x643aa0,98.0289%,15,746,761,104,8,7,642
0x60dce0,98.3731%,15,907,922,894,4,11,13
0x5038c1,67.3913%,15,31,46,28,8,7,3
0x8bb64f,84.2105%,15,80,95,51,7,8,29
0x5fe33e,96.0106%,15,361,376,150,6,9,211
0x547415,90.1316%,15,137,152,137,15,0,0
0x8c7b70,98.4144%,15,931,946,36,10,5,895
0x49fb88,96.4539%,15,408,423,40,13,2,368
0x9ef392,75%,15,45,60,32,6,9,13
0x98cb68,95.4955%,15,318,333,187,4,11,131
0x58df38,92.823%,15,194,209,59,11,4,135
0x546277,95.7143%,15,335,350,0,0,15,335
0x50216d,89.1304%,15,123,138,59,12,3,64
0x545aac,99.4585%,15,2755,2770,2,5,10,2753
0x53a47a,64.2857%,15,27,42,23,6,9,4
0xada6ae,99.904%,15,15607,15622,0,0,15,15607
0x40a34d,76.9231%,15,50,65,49,9,6,1
0xa5f774,97.7578%,15,654,669,30,10,5,624
0x8a50b3,55.8824%,15,19,34,10,9,6,9
0xa2fc73,97.7909%,15,664,679,30,10,5,634
0x5026e9,98.6979%,15,1137,1152,346,13,2,791
0xaa29b0,87.9032%,15,109,124,109,15,0,0
0xb32392,98.452%,15,954,969,0,0,15,954
0x9ff62e,31.8182%,15,7,22,1,8,7,6
0xa5d7df,95.6268%,15,328,343,328,15,0,0
0x591471,97.1645%,15,514,529,3,3,12,511
0xa05251,66.6667%,15,30,45,4,10,5,26
0x8e9cbd,99.6662%,15,4479,4494,4479,10,5,0
0x78ab55,88.7218%,15,118,133,54,7,8,64
0x9f6883,95.9786%,15,358,373,29,7,8,329
0x94e1ea,97.4446%,15,572,587,163,13,2,409
0x49631c,72.2222%,15,39,54,5,3,12,34
0x4098e3,76.1905%,15,48,63,34,10,5,14
0x48e8fe,46.4286%,15,13,28,12,14,1,1
0x485cc5,95.1456%,15,294,309,293,13,2,1
0x5ff286,93.5897%,15,219,234,105,12,3,114
0x80f59c,97.2924%,15,539,554,139,5,10,400
0xa522ca,89.8649%,15,133,148,88,9,6,45
0x9e08b6,96.7462%,15,446,461,0,0,15,446
0x837d5e,88.189%,15,112,127,4,10,5,108
0x49ffe3,81.0127%,15,64,79,22,15,0,42
0x821858,88.4615%,15,115,130,33,8,7,82
0x9ab3c8,94.5455%,15,260,275,0,0,15,260
0x404e6f,98.6726%,15,1115,1130,1051,5,10,64
0x8c8a67,98.506%,15,989,1004,906,14,1,83
0xaa549a,37.5%,15,9,24,5,6,9,4
0xb2ea65,99.8047%,15,7666,7681,0,0,15,7666
0x80f65f,99.6674%,15,4495,4510,4359,3,12,136
0x96b1ef,98.3462%,15,892,907,862,7,8,30
0x5fd590,98.8905%,15,1337,1352,1337,7,8,0
0x4bbef1,98.4277%,15,939,954,226,12,3,713
0x8a6971,85.2941%,15,87,102,84,6,9,3
0x8b94ef,99.9243%,15,19806,19821,19806,15,0,0
0xaab122,12.5%,14,2,16,0,8,6,2
0x4103d1,98.0822%,14,716,730,698,8,6,18
0x5ee155,99.5361%,14,3004,3018,2769,7,7,235
0xa35561,98.4766%,14,905,919,6,10,4,899
0x5e5ebe,99.0722%,14,1495,1509,501,5,9,994
0x4885bc,99.5548%,14,3131,3145,0,0,14,3131
0x503c9b,95.4839%,14,296,310,246,12,2,50
0x405bb3,95.8457%,14,323,337,300,5,9,23
0xa3a138,98.0663%,14,710,724,710,14,0,0
0x910d98,99.6421%,14,3898,3912,3244,3,11,654
0x51a77d,99.5708%,14,3248,3262,3248,14,0,0
0x8e91eb,99.0085%,14,1398,1412,451,1,13,947
0x5c338e,88.3333%,14,106,120,70,10,4,36
0x5485d1,93.3333%,14,196,210,2,7,7,194
0x403f78,97.8227%,14,629,643,479,7,7,150
0x5fa411,88.0342%,14,103,117,12,9,5,91
0x821f3e,90.2778%,14,130,144,62,10,4,68
0x539d7b,74.0741%,14,40,54,32,10,4,8
0x5f7a54,93.2367%,14,193,207,168,8,6,25
0x8ecb50,98.8682%,14,1223,1237,258,11,3,965
0x40f3c7,97.9136%,14,657,671,610,9,5,47
0x53461b,99.6756%,14,4301,4315,0,0,14,4301
0x537a63,98.1004%,14,723,737,0,0,14,723
0x9f3e4b,91.195%,14,145,159,145,14,0,0
0x5c32ec,92.6702%,14,177,191,59,5,9,118
0x9e1a3c,88.3333%,14,106,120,100,4,10,6
0x4be80f,48.1481%,14,13,27,6,9,5,7
0x813fe3,99.6618%,14,4126,4140,3442,8,6,684
0x545d9b,92.1348%,14,164,178,158,11,3,6
0x53affc,71.4286%,14,35,49,3,5,9,32
0x410057,71.4286%,14,35,49,10,8,6,25
0x9f986c,84.6154%,14,77,91,1,5,9,76
0xa5fa83,99.0741%,14,1498,1512,0,8,6,1498
0x4a5cb3,92.7083%,14,178,192,78,6,8,100
0x4885e2,98.9781%,14,1356,1370,2,5,9,1354
0x4ba398,98.4496%,14,889,903,51,11,3,838
0x90acc2,93.2039%,14,192,206,81,7,7,111
0x8d9ba4,99.0541%,14,1466,1480,0,0,14,1466
0x9fdcac,44%,14,11,25,11,7,7,0
0x4b9f69,87.156%,14,95,109,37,9,5,58
0xa159b3,96.3255%,14,367,381,2,4,10,365
0x53f5e6,99.3539%,14,2153,2167,26,2,12,2127
0x9c39a9,80.8219%,14,59,73,2,7,7,57
0x53f38d,93.0693%,14,188,202,38,10,4,150
0x9e3edc,95.8824%,14,326,340,326,14,0,0
0x66d3d2,99.267%,14,1896,1910,0,6,8,1896
0x4bb796,93.2039%,14,192,206,192,6,8,0
0x8b9b2d,96.7442%,14,416,430,364,8,6,52
0x511280,99.7%,14,4653,4667,4653,14,0,0
0x90ad16,98.5432%,14,947,961,912,5,9,35
0x60a67c,98.7203%,14,1080,1094,1080,14,0,0
0x6484a8,94.5098%,14,241,255,159,11,3,82
0xa428d7,93.7778%,14,211,225,124,7,7,87
0x40f56f,99.903%,14,14418,14432,12700,10,4,1718
0x8f6080,97.3384%,14,512,526,323,9,5,189
0x4b4a59,94.6154%,14,246,260,3,6,8,243
0x8dc69c,98.2005%,14,764,778,764,14,0,0
0x511ec1,99.1765%,14,1686,1700,0,4,10,1686
0x81bcfb,84.9462%,14,79,93,0,5,9,79
0xa5ede5,96.5432%,14,391,405,0,0,14,391
0xa5758d,65.8537%,14,27,41,8,7,7,19
0x58ded1,90.7285%,14,137,151,127,8,6,10
0x40498c,94.2149%,14,228,242,104,9,5,124
0x9a455a,99.0991%,14,1540,1554,525,10,4,1015
0x4bba41,87.5%,14,98,112,53,3,11,45
0x49e4e9,91.3043%,14,147,161,0,0,14,147
0x4ca489,98.5122%,14,927,941,890,5,9,37
0xa58fc4,88.2353%,14,105,119,7,5,9,98
0x48dea6,86.6667%,14,91,105,22,8,6,69
0x9aadae,97.4453%,14,534,548,333,10,4,201
0x80582b,97.2921%,14,503,517,303,10,4,200
0x537f03,98.1157%,14,729,743,0,0,14,729
0xa4c41f,99.777%,14,6265,6279,6265,14,0,0
0x4a9c49,39.1304%,14,9,23,1,6,8,8
0xa505de,81.3333%,14,61,75,1,8,6,60
0x50e3e4,73.5849%,14,39,53,0,4,10,39
0xa553cb,87.7193%,14,100,114,83,5,9,17
0x819cef,98.963%,14,1336,1350,1327,3,11,9
0x9e4100,90.9091%,14,140,154,140,10,4,0
0x40bc9c,98.1935%,14,761,775,667,6,8,94
0x9f0e35,95.1389%,14,274,288,241,11,3,33
0x494efe,50%,14,14,28,2,9,5,12
0x8ff7c5,99.7452%,14,5481,5495,5481,14,0,0
0xb18106,99.0264%,14,1424,1438,1055,6,8,369
0x8b94d1,99.2954%,14,1973,1987,1973,14,0,0
0xa9cd4a,69.5652%,14,32,46,28,6,8,4
0xb2fb79,99.8079%,14,7272,7286,7272,14,0,0
0x5928d1,99.1696%,14,1672,1686,5,4,10,1667
0x94537d,97.3535%,14,515,529,50,8,6,465
0x47f4f8,98.7203%,14,1080,1094,0,0,14,1080
0x5345dd,99.803%,14,7094,7108,0,3,11,7094
0x4ba593,95.2381%,14,280,294,280,10,4,0
0x8ff3fb,94.4882%,14,240,254,124,3,11,116
0x495ed6,65.8537%,14,27,41,5,7,7,22
0x8fbfdf,98.1055%,14,725,739,725,14,0,0
0x49a454,46.1538%,14,12,26,3,7,7,9
0xa262d9,98.618%,14,999,1013,0,0,14,999
0x53e39e,99.5553%,14,3134,3148,3134,14,0,0
0x48c75a,75.8621%,14,44,58,13,6,8,31
0x64a878,86.7925%,14,92,106,68,6,8,24
0x53506a,86.7925%,14,92,106,0,6,8,92
0xa2e857,94.1667%,14,226,240,120,7,7,106
0x6069de,93.7778%,14,211,225,211,14,0,0
0xa9b632,88.3333%,14,106,120,104,10,4,2
0x8dd889,97.7011%,14,595,609,406,3,11,189
0xa3feca,50%,14,14,28,4,6,8,10
0x508cad,98.1081%,14,726,740,159,7,7,567
0xa4e662,79.4118%,14,54,68,28,6,8,26
0x8d2560,97.8691%,14,643,657,218,12,2,425
0x82133e,99.6094%,14,3570,3584,3570,14,0,0
0x8f565b,96.3351%,14,368,382,181,10,4,187
0xa2e200,88.9764%,14,113,127,27,11,3,86
0x4ba9ea,95.2381%,14,280,294,234,8,6,46
0x8118e7,65.8537%,14,27,41,8,9,5,19
0x533604,68.1818%,14,30,44,1,1,13,29
0x64b57f,99.3886%,14,2276,2290,0,0,14,2276
0x5be809,67.4419%,14,29,43,14,8,6,15
0x9eb2cd,79.4118%,14,54,68,53,3,11,1
0x58cdb3,91.5152%,14,151,165,36,7,7,115
0x4a57ad,87.2727%,14,96,110,48,7,7,48
0x9ab470,95.1557%,14,275,289,192,8,6,83
0x8bcda8,99.9351%,14,21572,21586,622,2,12,20950
0x907537,57.5758%,14,19,33,0,0,14,19
0x99f0e5,92.7835%,14,180,194,178,4,10,2
0x8e0f90,99.4215%,14,2406,2420,2396,8,6,10
0x8bb66f,82.9268%,14,68,82,51,8,6,17
0xa97ee5,87.7193%,14,100,114,95,5,9,5
0x7d0ef7,96.5432%,14,391,405,358,11,3,33
0x9abb09,98.725%,14,1084,1098,0,0,14,1084
0x64a4da,86.7925%,14,92,106,71,3,11,21
0x4c9e57,98.5122%,14,927,941,35,11,3,892
0x9ee55b,96.9565%,14,446,460,400,3,11,46
0x94ed0f,84.4444%,14,76,90,22,8,6,54
0x602d4e,62.1622%,14,23,37,4,6,8,19
0x5c6c46,99.3482%,14,2134,2148,1,1,13,2133
0x80fa3e,89.2308%,14,116,130,64,10,4,52
0x807648,97.4545%,14,536,550,51,8,6,485
0xa40fa3,97.3485%,14,514,528,507,10,4,7
0xa54976,95.8824%,14,326,340,326,14,0,0
0x901bb5,91.716%,14,155,169,155,9,5,0
0x480780,63.1579%,14,24,38,13,6,8,11
0x9c37ab,78.7879%,14,52,66,35,11,3,17
0x9a897c,95.7704%,14,317,331,260,9,5,57
0x9c3789,83.7209%,14,72,86,33,7,7,39
0x8e4193,96.2466%,14,359,373,122,5,9,237
0x9f8f52,90.1408%,14,128,142,14,8,6,114
0x8ed08a,92.7835%,14,180,194,178,7,7,2
0x788c9e,71.4286%,14,35,49,16,10,4,19
0xa92f6e,84.0909%,14,74,88,70,11,3,4
0xa4536f,96.4824%,14,384,398,43,7,7,341
0x542fd3,75%,14,42,56,42,6,8,0
0x5fe134,96.9697%,14,448,462,223,8,6,225
0x48a62e,99.1977%,14,1731,1745,0,0,14,1731
0x7d2bfd,97.9885%,14,682,696,77,2,12,605
0x9e60ac,94.1176%,14,224,238,0,0,14,224
0x977d94,94.4%,14,236,250,109,10,4,127
0x4c221d,91.6667%,14,154,168,10,7,7,144
0xa52a91,92.5532%,14,174,188,19,5,9,155
0x4bc0dd,98.9181%,14,1280,1294,1269,10,4,11
0x8b9914,99.9482%,14,27027,27041,27027,14,0,0
0xa2c1a8,54.8387%,14,17,31,0,6,8,17
0x9e5b36,84.0909%,14,74,88,70,11,3,4
0x5bd97e,99.2716%,14,1908,1922,2,3,11,1906
0xa5f762,98.3529%,14,836,850,69,10,4,767
0x9f58d7,92.7835%,14,180,194,180,14,0,0
0x66f7fb,89.4737%,14,119,133,119,14,0,0
0xa456b3,91.358%,14,148,162,145,5,9,3
0x8f4a6c,99.4411%,14,2491,2505,2491,14,0,0
0x81458d,68.8889%,14,31,45,29,3,11,2
0x54f3d4,36.3636%,14,8,22,8,14,0,0
0x54fe6d,99.5343%,14,2992,3006,2992,14,0,0
0x54f693,99.7255%,14,5087,5101,5087,14,0,0
0x409d33,33.3333%,14,7,21,1,7,7,6
0xa42b3d,98.3721%,14,846,860,194,11,3,652
0xa2ee4d,83.7209%,14,72,86,18,4,10,54
0x643b61,92.7461%,14,179,193,3,4,10,176
0xaa14c1,74.0741%,14,40,54,25,3,11,15
0x548a3f,48.1481%,14,13,27,10,5,9,3
0x5344b0,99.8432%,14,8912,8926,0,0,14,8912
0xb2e862,80%,14,56,70,56,14,0,0
0x53e351,99.5553%,14,3134,3148,3134,14,0,0
0x8ef23c,70.8333%,14,34,48,32,8,6,2
0x8de807,90.411%,14,132,146,60,8,6,72
0xb2ee4e,73.5849%,14,39,53,2,4,10,37
0xa43c44,95.0178%,14,267,281,163,12,2,104
0xa52326,85.567%,14,83,97,2,0,14,81
0x6191a0,96.0894%,14,344,358,0,0,14,344
0x5fb7da,74.5455%,14,41,55,2,3,11,39
0x5905ec,61.1111%,14,22,36,0,6,8,22
0x496330,69.5652%,14,32,46,27,7,7,5
0x807c30,85.7143%,14,84,98,2,6,8,82
0x4be2d8,79.7101%,14,55,69,48,6,8,7
0x9f3f38,93.2039%,14,192,206,185,11,3,7
0x9abe7a,92.2222%,14,166,180,166,6,8,0
0xa300cb,93.8596%,14,214,228,0,0,14,214
0xa588db,90.411%,14,132,146,35,7,7,97
0x80c966,95.0355%,14,268,282,268,4,10,0
0xa511c8,94.4664%,14,239,253,79,4,10,160
0xa466c7,90.4762%,14,133,147,120,11,3,13
0xa5b544,54.8387%,14,17,31,2,10,4,15
0x40f61d,99.3127%,14,2023,2037,265,7,7,1758
0xa566cb,81.0811%,14,60,74,56,8,6,4
0xa2b412,54.8387%,14,17,31,10,7,7,7
0x5cb916,83.7209%,14,72,86,54,6,8,18
0x818d25,99.7582%,14,5775,5789,815,12,2,4960
0x48e55b,90.6667%,14,136,150,93,9,5,43
0x611428,80.8219%,14,59,73,53,11,3,6
0x8e9215,99.0085%,14,1398,1412,445,7,7,953
0x58c8d9,95.2862%,14,283,297,149,12,2,134
0x9ed80f,93.0693%,14,188,202,130,8,6,58
0x8ef67c,90.4762%,14,133,147,112,4,10,21
0x943ad1,90.0709%,14,127,141,122,10,4,5
0x98f98b,94.5525%,14,243,257,243,14,0,0
0x5115e6,99.4288%,14,2437,2451,2437,14,0,0
0x819555,82.5%,14,66,80,47,9,5,19
0x40cfd6,99.7806%,14,6368,6382,6368,14,0,0
0x7c7069,92.8205%,14,181,195,31,5,9,150
0x8d2665,99.8321%,14,8325,8339,0,0,14,8325
0x512b72,99.7569%,14,5744,5758,5744,14,0,0
0x59203f,85.4167%,14,82,96,78,14,0,4
0x8e313f,99.2919%,14,1963,1977,1962,10,4,1
0x81cb78,92.3077%,14,168,182,3,7,7,165
0x8ea05d,96.4912%,14,385,399,277,9,5,108
0x554555,95.2862%,14,283,297,2,6,8,281
0xa9d1ac,90.5405%,14,134,148,25,7,7,109
0xad7efe,99.176%,14,1685,1699,1685,14,0,0
0xa1808a,98.5958%,14,983,997,135,3,11,848
0xa57b6c,86%,14,86,100,34,8,6,52
0x4899dd,98.57%,14,965,979,0,8,6,965
0x555d28,86.4078%,14,89,103,61,4,10,28
0x810015,97.2222%,14,490,504,427,7,7,63
0x8a2854,95.0178%,14,267,281,145,5,9,122
0x8c8633,95.3333%,14,286,300,93,12,2,193
0xa2e199,94.3775%,14,235,249,0,3,11,235
0x544451,86%,14,86,100,0,8,6,86
0x508ce3,75.8621%,14,44,58,35,9,5,9
0x8eb844,98.6667%,14,1036,1050,275,11,3,761
0x991973,99.7063%,14,4753,4767,4753,14,0,0
0x5f1147,95.4693%,14,295,309,3,7,7,292
0xb2e2d8,70.8333%,14,34,48,0,0,14,34
0x49de6c,75%,14,42,56,21,7,7,21
0x9f8fc6,89.8551%,14,124,138,2,8,6,122
0x537a82,98.1004%,14,723,737,722,9,5,1
0x49c8f4,79.1045%,14,53,67,41,8,6,12
0x7d2ed0,98.25%,14,786,800,533,9,5,253
0x50e607,66.6667%,14,28,42,16,8,6,12
0x54f9fd,99.5285%,14,2955,2969,2955,14,0,0
0x900898,75.4386%,14,43,57,31,8,6,12
0x5bd475,99.0331%,14,1434,1448,673,11,3,761
0x50d8d5,75.4386%,14,43,57,10,10,4,33
0x50cbd5,75.8621%,14,44,58,3,9,5,41
0xa312a6,73.0769%,14,38,52,22,7,7,16
0x60a820,97.166%,14,480,494,0,0,14,480
0x49b231,99.5892%,14,3394,3408,3394,14,0,0
0x8bad72,96.8397%,14,429,443,0,0,14,429
0x8e3881,96.1749%,14,352,366,201,6,8,151
0x8e2b2b,99.4276%,14,2432,2446,1295,11,3,1137
0x98b3f4,73.5849%,14,39,53,10,9,5,29
0x48b306,96.1538%,14,350,364,33,10,4,317
0x509734,56.25%,14,18,32,12,10,4,6
0x991464,89.3939%,14,118,132,1,11,3,117
0x551da2,92.2652%,14,167,181,166,6,8,1
0x64f4da,88.5246%,14,108,122,99,11,3,9
0x7c1e5e,92.8934%,14,183,197,5,5,9,178
0xaa7ef9,97.3535%,14,515,529,0,0,14,515
0x53f3f2,93.0693%,14,188,202,188,10,4,0
0x8a24d0,96%,14,336,350,336,14,0,0
0x5c4c3b,99.2346%,14,1815,1829,1815,14,0,0
0x558073,98.5447%,14,948,962,0,1,13,948
0x541220,99.8647%,14,10330,10344,10330,14,0,0
0x908eac,95.4397%,14,293,307,127,13,1,166
0x8f0c37,97.7011%,14,595,609,404,5,9,191
0x542ff7,96.1538%,14,350,364,347,13,1,3
0x53936f,89.3939%,14,118,132,98,8,6,20
0x4bed5c,97.417%,14,528,542,517,12,2,11
0x50bf2d,96.5261%,14,389,403,290,3,11,99
0x63904f,94.9458%,14,263,277,6,7,7,257
0x911d12,97.8022%,14,623,637,195,6,8,428
0x4997d3,76.2712%,14,45,59,8,8,6,37
0x98b3a7,73.5849%,14,39,53,21,8,6,18
0x7d2ae4,98.278%,14,799,813,418,10,4,381
0x8a34e5,97.1545%,14,478,492,478,12,2,0
0x556faf,94.332%,14,233,247,132,10,4,101
0xa41ea8,97.8852%,14,648,662,408,11,3,240
0x503e7a,75.4386%,14,43,57,28,6,8,15
0x8d2337,98.607%,14,991,1005,0,5,9,991
0x8b972f,99.9315%,14,20426,20440,20426,14,0,0
0x8a9648,84.9462%,14,79,93,6,6,8,73
0x480102,63.1579%,14,24,38,10,9,5,14
0xa35fa5,97.5986%,14,569,583,561,7,7,8
0x4a796c,97.8979%,14,652,666,0,6,8,652
0x40e6ca,83.1325%,14,69,83,5,10,4,64
0x9a23f6,75.4386%,14,43,57,8,9,5,35
0x556bbe,94.5098%,14,241,255,8,0,14,233
0x8dd4d9,99.391%,14,2285,2299,1513,8,6,772
0xaab844,86.9159%,14,93,107,90,9,5,3
0xa029b3,68.1818%,14,30,44,17,10,4,13
0x9a18bd,93.1034%,14,189,203,172,10,4,17
0xaa4863,94.6768%,14,249,263,104,10,4,145
0x54ecc4,79.7101%,14,55,69,0,0,14,55
0x5ff65f,86.1386%,14,87,101,4,7,7,83
0x8dd464,99.391%,14,2285,2299,662,6,8,1623
0x99df8f,50%,14,14,28,7,6,8,7
0x40303f,82.5%,14,66,80,8,3,11,58
0x9f6271,97.7236%,14,601,615,204,12,2,397
0x50cd27,96.1538%,14,350,364,8,6,8,342
0x833dfe,95.2703%,14,282,296,279,9,5,3
0x548cd6,99.8024%,14,7071,7085,1,2,12,7070
0x49433a,79.1045%,14,53,67,46,8,6,7
0x48a088,99.6496%,14,3982,3996,3982,14,0,0
0x9f580e,82.5%,14,66,80,40,10,4,26
0x4a8573,68.8889%,14,31,45,22,1,13,9
0x590023,92.9293%,14,184,198,85,14,0,99
0xab32c3,92.7083%,14,178,192,12,8,6,166
0xb0cee3,99.5353%,14,2999,3013,0,0,14,2999
0x5b1530,90.4762%,14,133,147,85,7,7,48
0x403876,97.856%,14,639,653,251,12,2,388
0xa34320,73.5849%,14,39,53,29,6,8,10
0x5c4c66,99.2806%,13,1794,1807,16,9,4,1778
0x48f877,72.3404%,13,34,47,24,7,6,10
0x667088,98.9457%,13,1220,1233,1079,5,8,141
0x502249,98.8803%,13,1148,1161,1148,8,5,0
0x4040cb,99.3845%,13,2099,2112,2099,13,0,0
0xa97527,91.2752%,13,136,149,1,5,8,135
0xa3fe73,53.5714%,13,15,28,4,6,7,11
0x4041c5,97.4855%,13,504,517,121,13,0,383
0x8ff7ba,99.6538%,13,3742,3755,3742,13,0,0
0x9a740c,97.6103%,13,531,544,531,3,10,0
0xa25d29,99.2477%,13,1715,1728,1715,13,0,0
0x499530,93.5%,13,187,200,186,13,0,1
0xa05279,69.0476%,13,29,42,6,7,6,23
0x952bab,97.1491%,13,443,456,0,0,13,443
0x50f79e,98.7963%,13,1067,1080,1067,13,0,0
0xa9b820,94.3231%,13,216,229,32,9,4,184
0x604c0b,94.902%,13,242,255,0,6,7,242
0x550a4f,61.7647%,13,21,34,11,10,3,10
0x942cc8,97.5238%,13,512,525,443,7,6,69
0x40f65f,99.8108%,13,6858,6871,0,0,13,6858
0xa3735c,69.0476%,13,29,42,1,9,4,28
0x5ff41e,72.9167%,13,35,48,35,6,7,0
0x9a1215,83.9506%,13,68,81,0,10,3,68
0xaaae63,95.6954%,13,289,302,28,8,5,261
0x6070bb,94.8819%,13,241,254,7,3,10,234
0x8be448,98.5885%,13,908,921,897,6,7,11
0x8b9a41,99.9091%,13,14284,14297,13816,9,4,468
0x54f087,68.2927%,13,28,41,8,5,8,20
0x9f4009,88.5965%,13,101,114,4,9,4,97
0x5350a9,87%,13,87,100,0,0,13,87
0x54f1c7,68.2927%,13,28,41,13,0,13,15
0x8a8fb6,95.3571%,13,267,280,124,12,1,143
0x540b7d,96.2857%,13,337,350,285,8,5,52
0xb313fb,84.8837%,13,73,86,56,3,10,17
0x4096cd,80%,13,52,65,2,5,8,50
0x546949,95.6229%,13,284,297,282,7,6,2
0x51152f,99.7448%,13,5081,5094,512,9,4,4569
0x8ed99f,97.1175%,13,438,451,315,3,10,123
0x40d224,99.8811%,13,10925,10938,10925,13,0,0
0x8e2fd0,99.3424%,13,1964,1977,1739,1,12,225
0x8a900f,99.5341%,13,2777,2790,2777,9,4,0
0x49ec4a,88.9831%,13,105,118,105,13,0,0
0x98bc27,96.9412%,13,412,425,412,13,0,0
0x609b80,94.8413%,13,239,252,1,6,7,238
0x90dc1e,99.9744%,13,50744,50757,50744,13,0,0
0xaa34ce,98.6096%,13,922,935,7,4,9,915
0x609f41,99.7789%,13,5866,5879,0,0,13,5866
0x9e3eaa,91.5584%,13,141,154,1,6,7,140
0x58fe67,98.7179%,13,1001,1014,752,8,5,249
0x557a8a,80%,13,52,65,52,13,0,0
0x901b0b,94.8%,13,237,250,220,8,5,17
0x9aa686,98.5808%,13,903,916,542,6,7,361
0x48dd9b,93.4343%,13,185,198,0,0,13,185
0x5095e6,68.2927%,13,28,41,0,0,13,28
0x81936d,80.8824%,13,55,68,21,13,0,34
0x6387e4,99.653%,13,3733,3746,2,4,9,3731
0x8fe347,99.9165%,13,15563,15576,13,2,11,15550
0x8b9ca3,99.5537%,13,2900,2913,0,0,13,2900
0x543fc0,82.1918%,13,60,73,59,6,7,1
0x8bcc2e,81.4286%,13,57,70,57,13,0,0
0xa05910,74%,13,37,50,29,7,6,8
0x99f0cd,93.8967%,13,200,213,9,10,3,191
0x9f474f,96.8825%,13,404,417,402,7,6,2
0x5af358,79.0323%,13,49,62,49,13,0,0
0x49c801,76.7857%,13,43,56,32,6,7,11
0x50f98b,98.169%,13,697,710,26,4,9,671
0xa27653,99.3683%,13,2045,2058,2045,13,0,0
0x9f7b2a,92.6554%,13,164,177,86,6,7,78
0x911903,98.744%,13,1022,1035,90,6,7,932
0xa5cebe,96.8137%,13,395,408,66,2,11,329
0x9a276b,88.2883%,13,98,111,91,5,8,7
0x59be34,98.0655%,13,659,672,659,13,0,0
0x4a0015,83.5443%,13,66,79,36,6,7,30
0x4a82ba,85.8696%,13,79,92,61,8,5,18
0x49e552,91.9255%,13,148,161,0,0,13,148
0x404697,94.1964%,13,211,224,57,9,4,154
0x8e4a9a,95.6954%,13,289,302,254,4,9,35
0x5356fa,89.8438%,13,115,128,58,9,4,57
0x79313f,90.2256%,13,120,133,49,7,6,71
0x9a1c32,92.4855%,13,160,173,121,5,8,39
0x90aa1d,77.193%,13,44,57,8,3,10,36
0x63eb2a,98.6472%,13,948,961,948,13,0,0
0x8ef0eb,97.1175%,13,438,451,315,3,10,123
0x81de0d,99.5324%,13,2767,2780,2766,7,6,1
0x40f38c,99.6068%,13,3293,3306,35,5,8,3258
0xa41a48,99.6639%,13,3855,3868,971,10,3,2884
0x81a390,98.4281%,13,814,827,494,4,9,320
0x784025,97.9066%,13,608,621,607,11,2,1
0xa39575,98.2044%,13,711,724,711,13,0,0
0x9ab0f7,98.1818%,13,702,715,702,13,0,0
0x7c160c,95.4704%,13,274,287,77,9,4,197
0x404355,99.5174%,13,2681,2694,2681,13,0,0
0xa39413,53.5714%,13,15,28,8,6,7,7
0x48eecb,96.0725%,13,318,331,316,7,6,2
0x9e2503,95.4064%,13,270,283,122,11,2,148
0xb32730,99.7982%,13,6429,6442,6429,13,0,0
0x63fb6f,99.5387%,13,2805,2818,1851,6,7,954
0x9f88d4,56.6667%,13,17,30,8,3,10,9
0xa2e022,98.0273%,13,646,659,402,8,5,244
0x667157,92.4419%,13,159,172,7,8,5,152
0x489b37,96.934%,13,411,424,0,8,5,411
0xa9748b,91.2752%,13,136,149,104,6,7,32
0x977d04,95.5479%,13,279,292,133,10,3,146
0xaad9a4,93.6585%,13,192,205,114,6,7,78
0x9a756b,40.9091%,13,9,22,2,12,1,7
0x9e8bad,91.0345%,13,132,145,132,13,0,0
0x54fa9e,94.6281%,13,229,242,229,13,0,0
0x77ffb4,97.5791%,13,524,537,488,12,1,36
0xa5105c,96.5426%,13,363,376,72,11,2,291
0x58c8a3,96.0123%,13,313,326,17,12,1,296
0x910ed2,98.93%,13,1202,1215,117,6,7,1085
0x9ab2fc,96.9048%,13,407,420,107,5,8,300
0x9426d6,99.0845%,13,1407,1420,1393,10,3,14
0x4a96d1,78.3333%,13,47,60,1,2,11,46
0x7811ff,99.3853%,13,2102,2115,1173,3,10,929
0x7d27bd,88.2883%,13,98,111,4,8,5,94
0x9453ad,97.2399%,13,458,471,458,13,0,0
0x54f179,69.7674%,13,30,43,14,1,12,16
0x807f10,90.0763%,13,118,131,65,4,9,53
0xa15d20,73.4694%,13,36,49,34,7,6,2
0x908f40,99.3179%,13,1893,1906,44,7,6,1849
0x403e17,99.7887%,13,6140,6153,6130,11,2,10
0xb37288,99.4955%,13,2564,2577,12,2,11,2552
0x609600,84.3373%,13,70,83,0,0,13,70
0xa91123,93.3333%,13,182,195,182,9,4,0
0x99dabc,63.8889%,13,23,36,10,5,8,13
0x53edc7,91.7722%,13,145,158,145,9,4,0
0x63870e,99.673%,13,3963,3976,3008,7,6,955
0x61050e,97.6059%,13,530,543,56,7,6,474
0x6094ce,98.3689%,13,784,797,363,8,5,421
0x48f7c0,76.3636%,13,42,55,30,7,6,12
0x4bc7a3,93.5%,13,187,200,97,9,4,90
0x5f0699,83.75%,13,67,80,5,7,6,62
0x81b400,93.0851%,13,175,188,173,4,9,2
0x606ad3,94.2222%,13,212,225,212,13,0,0
0x410370,93.7799%,13,196,209,20,2,11,176
0x814040,98.2804%,13,743,756,499,5,8,244
0x814203,99.9036%,13,13467,13480,13467,13,0,0
0x8214da,99.6511%,13,3713,3726,3713,13,0,0
0x4816a5,65.7895%,13,25,38,14,5,8,11
0xa942d9,91.7722%,13,145,158,17,7,6,128
0x8e2396,99.9%,13,12981,12994,12981,13,0,0
0x9f443f,83.1169%,13,64,77,3,5,8,61
0x58ebb7,99.2145%,13,1642,1655,117,5,8,1525
0x9842fa,91.0959%,13,133,146,71,1,12,62
0xa4966a,76.3636%,13,42,55,34,8,5,8
0x49f9c6,91.7197%,13,144,157,144,13,0,0
0x510003,98.6542%,13,953,966,608,7,6,345
0xa01b61,80.8824%,13,55,68,6,7,6,49
0x40dea7,99.8837%,13,11168,11181,0,0,13,11168
0x7c66c5,92.0732%,13,151,164,146,10,3,5
0x8ee6f7,96.6581%,13,376,389,12,6,7,364
0x55663e,74.5098%,13,38,51,38,4,9,0
0x82149e,99.3454%,13,1973,1986,0,0,13,1973
0xa7222e,51.8519%,13,14,27,13,7,6,1
0x813a13,70.4545%,13,31,44,17,5,8,14
0x9e3d50,95.5017%,13,276,289,103,12,1,173
0x405a6c,97.1429%,13,442,455,13,10,3,429
0x8bc8e9,99.9237%,13,17031,17044,17014,7,6,17
0x8ff39b,99.7848%,13,6029,6042,31,9,4,5998
0x5fb11d,69.0476%,13,29,42,7,2,11,22
0x4be2be,84.5238%,13,71,84,5,6,7,66
0x8f4aff,99.481%,13,2492,2505,2488,11,2,4
0x481a17,65.7895%,13,25,38,16,3,10,9
0x9ec33f,67.5%,13,27,40,7,7,6,20
0x50d62e,98.93%,13,1202,1215,123,10,3,1079
0x507eff,97.561%,13,520,533,520,8,5,0
0x50b96e,97.3415%,13,476,489,349,5,8,127
0xaa03c8,88.6957%,13,102,115,71,6,7,31
0x54eb72,69.7674%,13,30,43,0,0,13,30
0x547ce0,91.5584%,13,141,154,3,5,8,138
0x80f6b8,83.75%,13,67,80,67,7,6,0
0x501a2d,98.8029%,13,1073,1086,1059,7,6,14
0x5417f6,99.2542%,13,1730,1743,1730,13,0,0
0x554cfa,95.5017%,13,276,289,2,4,9,274
0x8f0b13,97.7072%,13,554,567,413,4,9,141
0x403703,98.3565%,13,778,791,66,5,8,712
0x66d438,99.283%,13,1800,1813,47,9,4,1753
0x65a3af,98.4127%,13,806,819,69,5,8,737
0xa3fc97,81.9444%,13,59,72,10,6,7,49
0xa46bea,94.3478%,13,217,230,6,7,6,211
0x40d3ad,99.4835%,13,2504,2517,0,0,13,2504
0xb2eb4a,99.8308%,13,7668,7681,0,0,13,7668
0x4b6d0d,91.8239%,13,146,159,135,13,0,11
0x8c813c,99.3577%,13,2011,2024,128,6,7,1883
0x5991ba,99.7198%,13,4626,4639,1,2,11,4625
0x4b6a27,89.1667%,13,107,120,88,6,7,19
0x8f5895,99.8729%,13,10218,10231,0,0,13,10218
0x405e27,81.9444%,13,59,72,35,7,6,24
0x9ea625,89.6%,13,112,125,76,6,7,36
0xa9cf71,83.1169%,13,64,77,64,11,2,0
0x8fdd4b,86.0215%,13,80,93,75,10,3,5
0x48db62,99.2655%,13,1757,1770,1437,4,9,320
0x9ee172,91.9255%,13,148,161,146,9,4,2
0x942602,93.401%,13,184,197,72,4,9,112
0x509dfc,98.833%,13,1101,1114,679,8,5,422
0xa54fe1,74%,13,37,50,5,7,6,32
0x48e08b,88.6957%,13,102,115,10,10,3,92
0xa95d23,97.9876%,13,633,646,14,6,7,619
0xa39a40,97.747%,13,564,577,553,5,8,11
0x541a1e,98.75%,13,1027,1040,1027,13,0,0
0xa284ff,95.1673%,13,256,269,11,5,8,245
0xa4f96e,97.0852%,13,433,446,188,2,11,245
0xa393e7,97.956%,13,623,636,615,7,6,8
0x6097b5,84.3373%,13,70,83,0,0,13,70
0x556a4a,98.8832%,13,1151,1164,0,4,9,1151
0x50ced1,94.9612%,13,245,258,123,11,2,122
0x4b66b0,91.6129%,13,142,155,38,11,2,104
0x78ef14,90.9091%,13,130,143,53,3,10,77
0x402215,99.6176%,13,3387,3400,1612,3,10,1775
0x8ef221,85.0575%,13,74,87,37,2,11,37
0x81f158,99.3257%,13,1915,1928,1060,7,6,855
0x944cfb,98.2019%,13,710,723,659,6,7,51
0xa5eb95,95.5172%,13,277,290,1,9,4,276
0x811bd7,98.3095%,13,756,769,266,5,8,490
0x4bf0ab,98.6022%,13,917,930,686,8,5,231
0xa5ce23,92.1212%,13,152,165,119,7,6,33
0x54381b,90.7801%,13,128,141,119,11,2,9
0x544403,95.3737%,13,268,281,49,8,5,219
0x8a77ec,97.5048%,13,508,521,49,7,6,459
0x8fe314,99.1756%,13,1564,1577,0,0,13,1564
0x9fe5cf,90.2985%,13,121,134,36,8,5,85
0x7d1610,98.5885%,13,908,921,851,3,10,57
0x5ff22c,87.2549%,13,89,102,12,6,7,77
0x9a74ab,87.3786%,13,90,103,2,9,4,88
0x944298,97.2689%,13,463,476,13,11,2,450
0x81bfdf,96.0245%,13,314,327,289,6,7,25
0x9d04a5,94.1176%,13,208,221,61,9,4,147
0x489b4e,96.875%,13,403,416,403,7,6,0
0x9e7052,71.7391%,13,33,46,32,7,6,1
0x591293,95.2555%,13,261,274,106,8,5,155
0x51063c,99.1808%,13,1574,1587,604,10,3,970
0x5913e3,97.619%,13,533,546,0,6,7,533
0x8f44a6,99.4639%,13,2412,2425,718,4,9,1694
0xb2df09,99.5219%,13,2706,2719,0,0,13,2706
0x538cbb,90.9091%,13,130,143,127,5,8,3
0xad7f30,99.2348%,13,1686,1699,164,9,4,1522
0x94da4c,97.7853%,13,574,587,574,13,0,0
0x538f8f,90.9091%,13,130,143,125,7,6,5
0xa50093,83.9506%,13,68,81,7,9,4,61
0x9eb764,92.2156%,13,154,167,27,12,1,127
0x815d46,90.6475%,13,126,139,3,7,6,123
0x9f3898,96.6408%,13,374,387,1,10,3,373
0xaa4579,99.7791%,13,5871,5884,0,0,13,5871
0x58b914,88.1818%,13,97,110,4,6,7,93
0x40dd78,99.628%,13,3482,3495,0,0,13,3482
0x98b3d5,62.8571%,13,22,35,7,4,9,15
0xa39950,97.8618%,13,595,608,0,0,13,595
0x63aec7,98.4166%,13,808,821,808,13,0,0
0x51129e,99.7214%,13,4654,4667,4654,13,0,0
0x482d17,65.7895%,13,25,38,14,5,8,11
0x8a952b,99.9787%,13,60990,61003,60990,10,3,0
0x8a54e1,89.9225%,13,116,129,0,3,10,116
0x505220,98.2432%,13,727,740,707,6,7,20
0xa54909,97.3306%,13,474,487,48,6,7,426
0x4b57bf,87.2549%,13,89,102,75,3,10,14
0x504a83,98.2265%,13,720,733,74,12,1,646
0x8f0b38,69.0476%,13,29,42,20,6,7,9
0x9a654a,92.6136%,13,163,176,163,9,4,0
0x5c6c80,99.2206%,13,1655,1668,1655,13,0,0
0x5f8d28,58.0645%,13,18,31,5,5,8,13
0x9842db,91.7722%,13,145,158,139,7,6,6
0x677504,95%,13,247,260,0,9,4,247
0x40f673,99.8108%,13,6858,6871,6858,13,0,0
0x5f92ac,83.75%,13,67,80,12,7,6,55
0x5f7eed,90.3704%,13,122,135,118,9,4,4
0x811b54,94.5378%,13,225,238,23,11,2,202
0x50b74c,98.8566%,13,1124,1137,0,4,9,1124
0x50736b,98.2265%,13,720,733,716,6,7,4
0x8fe423,94.4444%,13,221,234,106,12,1,115
0x5b2909,72.3404%,13,34,47,33,6,7,1
0x50bccf,67.5%,13,27,40,9,7,6,18
0x8deed6,98.7255%,13,1007,1020,130,4,9,877
0x4a9c84,58.0645%,13,18,31,8,7,6,10
0xb3465d,94.2222%,13,212,225,39,9,4,173
0x510a28,97.1302%,13,440,453,6,8,5,434
0x991acc,93.1937%,13,178,191,0,0,13,178
0x40f395,99.602%,13,3253,3266,662,9,4,2591
0xa464a4,55.1724%,13,16,29,14,5,8,2
0xa448c2,81.4286%,13,57,70,9,9,4,48
0x593151,56.6667%,13,17,30,0,0,13,17
0x40db64,99.8442%,13,8330,8343,0,0,13,8330
0xa5728d,75%,13,39,52,4,7,6,35
0x8dd515,96.3277%,13,341,354,320,4,9,21
0x9f58c6,94.4681%,13,222,235,93,7,6,129
0x5407f7,87.7358%,13,93,106,89,9,4,4
0x984104,82.4324%,13,61,74,6,4,9,55
0x8fcc32,97.4308%,13,493,506,201,12,1,292
0xa52a56,86.3158%,13,82,95,26,4,9,56
0x4a124d,98.833%,13,1101,1114,14,4,9,1087
0x5481af,99.8806%,13,10873,10886,0,0,13,10873
0x40dfa3,90.3704%,13,122,135,119,10,3,3
0x5fa332,98.8666%,13,1134,1147,1134,7,6,0
0x4ba79b,96.5147%,13,360,373,24,7,6,336
0x8145ec,97.5655%,13,521,534,506,7,6,15
0x506ab8,75.4717%,13,40,53,10,6,7,30
0x5049ec,98.2432%,13,727,740,722,11,2,5
0x4a78e8,98.7065%,13,992,1005,992,13,0,0
0xa9c5e4,77.193%,13,44,57,6,9,4,38
0x8fd953,94.1441%,13,209,222,58,6,7,151
0x7cf94a,93.299%,13,181,194,154,7,6,27
0x4a5b22,76.3636%,13,42,55,2,9,4,40
0x50183d,98.6935%,13,982,995,10,5,8,972
0x54393b,90.7801%,13,128,141,124,11,2,4
0x5088ee,97.561%,13,520,533,8,10,3,512
0xa26048,97.5791%,13,524,537,53,2,11,471
0xa921bc,97.5425%,13,516,529,0,4,9,516
0x666785,77.9661%,13,46,59,25,5,8,21
0x8ec96a,99.0767%,13,1395,1408,1395,9,4,0
0x50800d,97.7352%,13,561,574,38,8,5,523
0x489cad,99.8724%,13,10174,10187,0,0,13,10174
0xaa4740,92.8571%,13,169,182,156,10,3,13
0x5bb16e,75.4717%,13,40,53,40,6,7,0
0x8f4c0b,92.6136%,13,163,176,127,9,4,36
0x40e1dc,82.4324%,13,61,74,0,0,13,61
0x7ce8da,99.1591%,13,1533,1546,253,10,3,1280
0x90ad82,98.6472%,13,948,961,806,6,7,142
0x5fe2fe,97.9938%,13,635,648,612,8,5,23
0xa274f2,96.0123%,13,313,326,313,13,0,0
0xa15ee1,94.0909%,13,207,220,204,5,8,3
0x40228c,99.6176%,13,3387,3400,1780,5,8,1607
0x944333,93.5484%,12,174,186,67,9,3,107
0x8db903,96.1905%,12,303,315,68,7,5,235
0x9a702a,53.8462%,12,14,26,9,8,4,5
0x54f1cc,72.093%,12,31,43,4,2,10,27
0x4bb44c,75.5102%,12,37,49,36,7,5,1
0xa07444,80%,12,48,60,2,9,3,46
0x404b70,90%,12,108,120,104,7,5,4
0x5011eb,99.6976%,12,3956,3968,0,0,12,3956
0x4b5a55,99.2405%,12,1568,1580,75,7,5,1493
0x980fb2,90.9774%,12,121,133,57,9,3,64
0x5413dc,99.929%,12,16886,16898,0,0,12,16886
0x558064,98.9483%,12,1129,1141,77,9,3,1052
0x48cfd4,98.9295%,12,1109,1121,0,10,2,1109
0x8eec9a,98.1623%,12,641,653,2,2,10,639
0x50e81f,72.093%,12,31,43,21,8,4,10
0xaae4a0,99.925%,12,15997,16009,15997,12,0,0
0x404925,95.3668%,12,247,259,0,0,12,247
0x505a36,98.1453%,12,635,647,83,7,5,552
0x5c6b29,99.6645%,12,3565,3577,0,0,12,3565
0x969917,83.3333%,12,60,72,1,6,6,59
0x49cac3,97.5052%,12,469,481,0,6,6,469
0x5057f7,98.3784%,12,728,740,644,3,9,84
0x8f3f9b,96.8912%,12,374,386,136,10,2,238
0x5040f7,80.6452%,12,50,62,0,0,12,50
0x81c5ab,94.5701%,12,209,221,165,4,8,44
0x50415a,90.3226%,12,112,124,60,2,10,52
0x48e0d9,87.7551%,12,86,98,10,6,6,76
0x8ea4c7,25%,12,4,16,2,6,6,2
0x48b3e2,94.6667%,12,213,225,7,5,7,206
0x8fe56b,99.747%,12,4731,4743,0,0,12,4731
0x550507,99.8951%,12,11428,11440,11428,12,0,0
0x49f9c0,92.3567%,12,145,157,53,7,5,92
0x9d0354,96.7391%,12,356,368,1,4,8,355
0x64ad07,99.9441%,12,21465,21477,0,0,12,21465
0x8c901f,97.1429%,12,408,420,408,9,3,0
0x80c115,98.1162%,12,625,637,83,10,2,542
0x8217f0,97.9452%,12,572,584,0,0,12,572
0x502255,90.8397%,12,119,131,1,4,8,118
0x606b04,94.6667%,12,213,225,213,12,0,0
0x8de853,94.5946%,12,210,222,71,7,5,139
0x4ab1fb,25%,12,4,16,4,7,5,0
0x81f234,99.3924%,12,1963,1975,1924,4,8,39
0x80bd51,97.2286%,12,421,433,418,6,6,3
0xa9ecd7,96.5616%,12,337,349,121,2,10,216
0x950fc4,97.2222%,12,420,432,420,12,0,0
0x9429a0,94.7598%,12,217,229,148,6,6,69
0x9a7d8d,95.8333%,12,276,288,125,8,4,151
0x494dba,92.4051%,12,146,158,123,5,7,23
0x9a8b7c,96.3746%,12,319,331,262,7,5,57
0x4021dd,99.3927%,12,1964,1976,188,3,9,1776
0x9e293f,52%,12,13,25,7,3,9,6
0x805866,98.9199%,12,1099,1111,891,6,6,208
0x971431,85.8824%,12,73,85,73,5,7,0
0x65c241,99.7486%,12,4762,4774,4762,12,0,0
0x58be5e,84.2105%,12,64,76,0,0,12,64
0x9fe591,91.0448%,12,122,134,36,4,8,86
0x9427e1,99.2899%,12,1678,1690,1678,12,0,0
0x780608,96.319%,12,314,326,0,2,10,314
0xa57bcf,80.3279%,12,49,61,5,6,6,44
0xa1b577,52%,12,13,25,7,5,7,6
0x8eb00d,83.3333%,12,60,72,27,4,8,33
0x4be9c1,94.2857%,12,198,210,61,9,3,137
0x7c66a7,93.9086%,12,185,197,2,0,12,183
0x6f5535,97.5104%,12,470,482,170,3,9,300
0x94e790,93.3333%,12,168,180,14,9,3,154
0xa548ac,97.5359%,12,475,487,428,5,7,47
0x48e82c,78.5714%,12,44,56,38,11,1,6
0x494388,82.8571%,12,58,70,32,7,5,26
0x49de4b,87.7551%,12,86,98,25,3,9,61
0x5ebce3,94.6903%,12,214,226,206,5,7,8
0x495051,57.1429%,12,16,28,12,6,6,4
0x808a8a,69.2308%,12,27,39,25,5,7,2
0xaa8081,97.7316%,12,517,529,261,5,7,256
0xaa8013,97.7316%,12,517,529,0,0,12,517
0x8b9a61,95.9732%,12,286,298,24,4,8,262
0x99e07c,57.1429%,12,16,28,9,4,8,7
0x552984,90.4762%,12,114,126,2,4,8,112
0x8def04,98.8142%,12,1000,1012,585,5,7,415
0x8dd3ac,98.6502%,12,877,889,866,5,7,11
0x4bccec,69.2308%,12,27,39,19,7,5,8
0x5119fe,96.3077%,12,313,325,9,5,7,304
0x8bb918,85.3659%,12,70,82,40,5,7,30
0x8196ae,99.4178%,12,2049,2061,1858,11,1,191
0xa5ced6,91.4894%,12,129,141,34,5,7,95
0xad7bde,86.2069%,12,75,87,75,12,0,0
0xa59637,88.9908%,12,97,109,28,9,3,69
0x98cceb,91.5493%,12,130,142,130,12,0,0
0x50a756,86.6667%,12,78,90,30,9,3,48
0xa2e208,86.5169%,12,77,89,77,8,4,0
0xaa580f,98.7952%,12,984,996,0,0,12,984
0xaa1223,77.7778%,12,42,54,11,5,7,31
0x5fe847,97.9832%,12,583,595,186,10,2,397
0x409bb7,79.3103%,12,46,58,11,6,6,35
0x4992e8,71.4286%,12,30,42,30,12,0,0
0x4a0258,91.3043%,12,126,138,126,12,0,0
0x84443c,97.4138%,12,452,464,452,8,4,0
0xaab78b,87.8788%,12,87,99,0,0,12,87
0x63fa15,99.5742%,12,2806,2818,1852,5,7,954
0x9e29c1,93.0636%,12,161,173,0,0,12,161
0x50a95e,89.1892%,12,99,111,65,10,2,34
0xa9d1be,85.3659%,12,70,82,8,8,4,62
0xa51cd0,68.4211%,12,26,38,18,8,4,8
0x8ba2f6,99.8759%,12,9660,9672,9660,12,0,0
0x40eb82,96.2617%,12,309,321,0,4,8,309
0x541fbd,98.5849%,12,836,848,0,0,12,836
0x944977,94.5946%,12,210,222,142,10,2,68
0x5b9db5,90.0826%,12,109,121,62,11,1,47
0x902d2b,75%,12,36,48,23,7,5,13
0x9e29ab,93.4426%,12,171,183,1,9,3,170
0x5908bf,99.4421%,12,2139,2151,2123,8,4,16
0x53a2fc,76%,12,38,50,4,4,8,34
0x8ffac6,98.2634%,12,679,691,679,12,0,0
0xa4d350,66.6667%,12,24,36,0,8,4,24
0xa5ab9d,57.1429%,12,16,28,1,6,6,15
0x556e0c,88%,12,88,100,82,10,2,6
0x402d73,93.0233%,12,160,172,58,5,7,102
0x63a79a,94%,12,188,200,188,12,0,0
0x50d3ac,97.5952%,12,487,499,329,9,3,158
0xa4501f,98.0296%,12,597,609,0,0,12,597
0x4106f4,94.0594%,12,190,202,189,4,8,1
0x8042d9,69.2308%,12,27,39,14,4,8,13
0x5ff601,75%,12,36,48,6,6,6,30
0x5fd6a8,99.2182%,12,1523,1535,1523,4,8,0
0x8224c6,97.7486%,12,521,533,41,5,7,480
0x9e29f6,93.617%,12,176,188,176,12,0,0
0x8dede3,99.4135%,12,2034,2046,2024,9,3,10
0x402260,99.2982%,12,1698,1710,1698,12,0,0
0x48ea83,98.036%,12,599,611,18,8,4,581
0x9a69db,85.8824%,12,73,85,0,9,3,73
0xa02a3b,96.1165%,12,297,309,292,5,7,5
0xa4a232,78.5714%,12,44,56,34,4,8,10
0x9e03e9,98.6577%,12,882,894,54,5,7,828
0x9ef1b5,93.1034%,12,162,174,162,12,0,0
0xa43cf0,97.8339%,12,542,554,0,0,12,542
0x404650,88.785%,12,95,107,43,5,7,52
0x5de2a1,99.033%,12,1229,1241,426,5,7,803
0x5349d2,97.5309%,12,474,486,473,4,8,1
0x48e788,99.7311%,12,4451,4463,817,5,7,3634
0x8ddad2,95.1613%,12,236,248,128,8,4,108
0xa9ed87,85.1852%,12,69,81,63,4,8,6
0x403c0a,97.9832%,12,583,595,248,4,8,335
0xaa2c56,99.4015%,12,1993,2005,0,0,12,1993
0x591f7c,82.8571%,12,58,70,12,6,6,46
0x4a800f,86.9565%,12,80,92,59,10,2,21
0x905c67,98.3871%,12,732,744,445,1,11,287
0x944328,98.1191%,12,626,638,444,8,4,182
0x81e1af,97.2093%,12,418,430,207,8,4,211
0xb1497b,99.7182%,12,4246,4258,0,0,12,4246
0x54f46d,72.093%,12,31,43,0,0,12,31
0x811e0f,99.6161%,12,3114,3126,2,8,4,3112
0xa54216,94.5205%,12,207,219,100,7,5,107
0x8a989c,99.8494%,12,7954,7966,6600,4,8,1354
0x8f576d,99.7862%,12,5601,5613,675,6,6,4926
0x48ab59,99.8581%,12,8446,8458,8446,12,0,0
0x8df5eb,70%,12,28,40,6,7,5,22
0x50d8bd,82.8571%,12,58,70,46,7,5,12
0xa50001,85.1852%,12,69,81,4,10,2,65
0x5061f9,98.3784%,12,728,740,84,9,3,644
0x8ec3fe,95.4717%,12,253,265,5,6,6,248
0xb2e7cd,99.7013%,12,4005,4017,0,0,12,4005
0x5387e0,99.7248%,12,4349,4361,0,0,12,4349
0x405e1a,94.958%,12,226,238,161,5,7,65
0x40ebe7,98.7513%,12,949,961,858,5,7,91
0x48af9e,97.7778%,12,528,540,528,12,0,0
0x5ffa70,95.4887%,12,254,266,87,5,7,167
0x969837,83.3333%,12,60,72,0,7,5,60
0x5016f3,95.9322%,12,283,295,0,0,12,283
0x66d442,99.317%,12,1745,1757,288,5,7,1457
0x8196a7,99.8312%,12,7097,7109,7088,9,3,9
0x40450a,99.0909%,12,1308,1320,327,6,6,981
0x65a024,99.3843%,12,1937,1949,1789,8,4,148
0x499ac6,91.4286%,12,128,140,60,10,2,68
0xb0c080,99.7639%,12,5071,5083,1225,9,3,3846
0x5547e0,98.9418%,12,1122,1134,1122,12,0,0
0x8ed444,99.6915%,12,3878,3890,3878,6,6,0
0x9a7327,57.1429%,12,16,28,4,6,6,12
0xaa57c2,99.8102%,12,6310,6322,6310,12,0,0
0x537b19,98.3718%,12,725,737,721,10,2,4
0xa50c38,86.6667%,12,78,90,22,2,10,56
0x8b97b0,99.9265%,12,16307,16319,0,0,12,16307
0x58d8e2,94.2584%,12,197,209,51,7,5,146
0x6084ac,86.6667%,12,78,90,64,12,0,14
0x5fd958,99.7908%,12,5723,5735,0,0,12,5723
0x7b7fb8,91.4894%,12,129,141,5,4,8,124
0x8b9f67,98.7302%,12,933,945,926,4,8,7
0xa335d0,99.5522%,12,2668,2680,587,11,1,2081
0x49e0e8,96.4286%,12,324,336,164,7,5,160
0x53f16f,92.2078%,12,142,154,142,7,5,0
0x945c4a,92.053%,12,139,151,80,6,6,59
0x609d37,96.6006%,12,341,353,341,12,0,0
0x4c1b3d,97.7695%,12,526,538,523,10,2,3
0x80a847,98.5816%,12,834,846,832,9,3,2
0x6492da,88.6792%,12,94,106,26,4,8,68
0x5af013,98.2196%,12,662,674,0,0,12,662
0x9ee2f8,80.6452%,12,50,62,12,4,8,38
0x48a308,99.4256%,12,2077,2089,2077,12,0,0
0x9f3b6f,68.4211%,12,26,38,13,8,4,13
0x9e73f6,94.47%,12,205,217,77,4,8,128
0xb2e649,99.9435%,12,21242,21254,21242,12,0,0
0xa32dbe,95.122%,12,234,246,3,6,6,231
0x9a8e97,90.4762%,12,114,126,112,0,12,2
0x8e4d06,93.2584%,12,166,178,107,5,7,59
0x5c6b1d,99.6656%,12,3576,3588,4,7,5,3572
0xa565ca,95.4023%,12,249,261,247,4,8,2
0x5f129e,81.25%,12,52,64,24,6,6,28
0x4057d9,97.8686%,12,551,563,77,4,8,474
0x80e523,85.5422%,12,71,83,4,6,6,67
0x811f5d,97.5758%,12,483,495,11,6,6,472
0x8f319d,99.5343%,12,2565,2577,2558,6,6,7
0x9a4809,40%,12,8,20,3,5,7,5
0x5484d6,99.9071%,12,12902,12914,12902,12,0,0
0xa302de,93.8462%,12,183,195,76,9,3,107
0x550199,91.1765%,12,124,136,124,12,0,0
0x833eb2,96.7914%,12,362,374,3,5,7,359
0xb3463c,94.6667%,12,213,225,213,12,0,0
0x504dfd,98.2379%,12,669,681,639,4,8,30
0xa487ec,95.0413%,12,230,242,16,6,6,214
0x50716f,98.3784%,12,728,740,0,0,12,728
0x9ebbcf,94.1748%,12,194,206,191,7,5,3
0x5facba,98.9021%,12,1081,1093,0,6,6,1081
0x4bacb3,96.7302%,12,355,367,142,7,5,213
0x90a0c4,88.9908%,12,97,109,59,6,6,38
0x5ae263,81.8182%,12,54,66,18,7,5,36
0x49af85,91.9463%,12,137,149,0,0,12,137
0x80d4b0,89.0909%,12,98,110,82,8,4,16
0x81951a,92.5%,12,148,160,70,10,2,78
0x5f9d2c,88.785%,12,95,107,70,10,2,25
0x5bd9b1,99.6932%,12,3899,3911,3899,9,3,0
0x488abd,97.7186%,12,514,526,514,12,0,0
0xaa57b9,99.8102%,12,6312,6324,0,2,10,6312
0x5cf516,99.1678%,12,1430,1442,1412,10,2,18
0xa33a8e,97.861%,12,549,561,246,8,4,303
0x4b5e65,89.4737%,12,102,114,38,6,6,64
0x8c952b,98.6957%,12,908,920,342,2,10,566
0x81605e,71.4286%,12,30,42,4,5,7,26
0x4ba778,96.7828%,12,361,373,72,7,5,289
0xa976e5,40%,12,8,20,4,6,6,4
0x53e81b,92.4051%,12,146,158,146,8,4,0
0x90a042,98.8304%,12,1014,1026,0,0,12,1014
0xa6c6e5,72.093%,12,31,43,11,5,7,20
0x5417ab,99.2533%,12,1595,1607,1589,10,2,6
0xa55f57,86.0465%,12,74,86,74,4,8,0
0x90a646,72.7273%,12,32,44,22,11,1,10
0x4995c2,90.5512%,12,115,127,52,1,11,63
0x502c9b,99.4447%,12,2149,2161,0,8,4,2149
0x539220,84.4156%,12,65,77,38,6,6,27
0x8dd0f3,98.3287%,12,706,718,165,10,2,541
0xa49805,96.0265%,12,290,302,18,4,8,272
0x8c85ea,97.5709%,12,482,494,482,12,0,0
0x4b49eb,90.8397%,12,119,131,117,6,6,2
0x538906,97.3154%,12,435,447,432,7,5,3
0x4935bf,69.2308%,12,27,39,17,5,7,10
0x48a2e4,99.4256%,12,2077,2089,2077,12,0,0
0x80f9fd,83.7838%,12,62,74,45,3,9,17
0x51153a,99.7376%,12,4561,4573,4561,12,0,0
0x9e0896,96.875%,12,372,384,0,0,12,372
0x8122fd,65.7143%,12,23,35,8,10,2,15
0x942731,99.856%,12,8319,8331,8319,12,0,0
0xa274bf,96.8254%,12,366,378,366,12,0,0
0x8f562a,97.9203%,12,565,577,385,1,11,180
0x9f5a8e,88.8889%,12,96,108,24,4,8,72
0x9f95cc,88.9908%,12,97,109,26,8,4,71
0x8f295c,98.7526%,12,950,962,12,8,4,938
0xa6098b,96.0656%,12,293,305,0,6,6,293
0x404273,97.4737%,12,463,475,191,7,5,272
0x816b5e,99.2213%,12,1529,1541,195,5,7,1334
0xa45b70,91.4894%,12,129,141,102,7,5,27
0x539324,91.6084%,12,131,143,127,5,7,4
0xa27645,99.4169%,12,2046,2058,85,7,5,1961
0x50503e,87.6289%,12,85,97,19,8,4,66
0xa9746e,71.4286%,12,30,42,17,5,7,13
0x9f5149,96.5616%,12,337,349,2,2,10,335
0x8e7304,96.3746%,12,319,331,237,3,9,82
0xb0a061,97.8378%,12,543,555,344,1,11,199
0x5013ae,99.6601%,12,3518,3530,3518,12,0,0
0x7d1bdb,98.5948%,12,842,854,29,7,5,813
0xa2623f,97.0297%,12,392,404,287,9,3,105
0xa39e04,99.0819%,12,1295,1307,2,8,4,1293
0x94d941,98.4106%,12,743,755,132,4,8,611
0x4a7a44,73.3333%,12,33,45,15,6,6,18
0x90b99b,98.7513%,12,949,961,949,12,0,0
0x53c71c,94.5701%,12,209,221,157,6,6,52
0x9816cd,84%,12,63,75,23,5,7,40
0xb345f0,94.6667%,12,213,225,213,12,0,0
0x512292,99.42%,12,2057,2069,0,0,12,2057
0x4831e0,89.6552%,12,104,116,85,2,10,19
0xad7bf6,86.2069%,12,75,87,0,0,12,75
0x82159c,99.6779%,12,3714,3726,3559,10,2,155
0xa4dea7,90.0826%,12,109,121,79,6,6,30
0x58be6e,91.9463%,12,137,149,56,8,4,81
0x5f8774,86.3636%,12,76,88,23,8,4,53
0x402e64,93.0233%,12,160,172,58,5,7,102
0x94c697,97.8723%,12,552,564,552,12,0,0
0x9a906c,94.6429%,12,212,224,208,2,10,4
0x63aeff,98.5384%,12,809,821,0,0,12,809
0xa93893,95.3125%,12,244,256,12,7,5,232
0x8dce3a,96.1661%,12,301,313,244,8,4,57
0xa5f8a3,96.5909%,12,340,352,339,5,7,1
0x837983,88.4615%,12,92,104,88,8,4,4
0x490be5,70.7317%,12,29,41,18,8,4,11
0x4bc505,94.6667%,12,213,225,0,2,10,213
0x48aabd,99.7786%,12,5407,5419,883,8,4,4524
0xa30f91,96.0133%,12,289,301,289,7,5,0
0x94c7b8,97.8723%,12,552,564,76,9,3,476
0x63d22e,68.4211%,12,26,38,20,6,6,6
0x8ffc24,94.5205%,12,207,219,3,6,6,204
0x9f4bce,96.0912%,12,295,307,68,12,0,227
0xa4a70b,67.5676%,12,25,37,19,8,4,6
0xa08f44,81.25%,12,52,64,52,5,7,0
0x8a66b1,92.1053%,12,140,152,134,5,7,6
0x9f62f5,96.8504%,12,369,381,69,11,1,300
0x972501,94.5701%,12,209,221,209,12,0,0
0x8a7806,97.4194%,12,453,465,433,6,6,20
0x405ecc,93.2584%,12,166,178,105,7,5,61
0x90e55b,98.01%,12,591,603,591,12,0,0
0x50136b,99.2556%,12,1600,1612,0,0,12,1600
0xa5c3e3,87.234%,12,82,94,15,7,5,67
0x808a5f,69.2308%,12,27,39,24,6,6,3
0x908ca3,99.8499%,12,7982,7994,3713,7,5,4269
0x666915,97.9452%,12,572,584,572,12,0,0
0x8dc36e,99.2643%,12,1619,1631,1619,8,4,0
0xa9759f,65.7143%,12,23,35,14,6,6,9
0x58da71,94.2584%,12,197,209,19,7,5,178
0x544997,97.037%,12,393,405,390,6,6,3
0xa9d29d,64.7059%,12,22,34,17,7,5,5
0x48c878,98.2116%,12,659,671,659,2,10,0
0x81d323,93.6842%,12,178,190,178,12,0,0
0xa59054,89.916%,12,107,119,98,12,0,9
0x8a9862,99.7422%,12,4642,4654,4,8,4,4638
0x509633,85.3659%,12,70,82,70,12,0,0
0xb32360,98.7616%,12,957,969,0,0,12,957
0xa944a6,86.0465%,12,74,86,32,8,4,42
0xa55e8c,76.9231%,12,40,52,21,9,3,19
0x4a0183,89.6552%,12,104,116,6,9,3,98
0x50cef3,90.4762%,12,114,126,61,3,9,53
0x409b69,84.6154%,12,66,78,52,4,8,14
0x533b93,98.0456%,12,602,614,0,0,12,602
0x81457e,99.3178%,12,1747,1759,1704,10,2,43
0xa568d2,60%,12,18,30,18,6,6,0
0x507d06,66.6667%,12,24,36,24,8,4,0
0xa95cd7,85.8824%,12,73,85,25,3,9,48
0x5ad33c,97.7901%,12,531,543,531,12,0,0
0x94d954,98.0614%,12,607,619,607,12,0,0
0x66812a,95%,12,228,240,177,3,9,51
0x40d626,99.2268%,12,1540,1552,1540,12,0,0
0x8f35da,98.1337%,12,631,643,613,4,8,18
0x53da94,99.7434%,12,4664,4676,4664,12,0,0
0x9e24d3,96.9466%,12,381,393,145,5,7,236
0x8188ca,93.5135%,12,173,185,163,9,3,10
0x4b67d0,91.6667%,12,132,144,94,1,11,38
0x9fb774,96.0784%,12,294,306,80,11,1,214
0x970f3b,99.5512%,12,2662,2674,2662,12,0,0
0x94bc27,78.5714%,12,44,56,34,6,6,10
0xa4ee69,92.5926%,12,150,162,17,7,5,133
0xb0b1c8,98.2906%,12,690,702,289,7,5,401
0x9e24ef,96.2382%,12,307,319,241,4,8,66
0x9a608a,14.2857%,12,2,14,2,11,1,0
0x9a1e56,89.1892%,12,99,111,24,6,6,75
0x5fadaa,75%,12,36,48,11,4,8,25
0x8dcb9a,99.478%,12,2287,2299,666,2,10,1621
0x9f2826,98.5366%,12,808,820,808,12,0,0
0xa42a21,99.5843%,12,2875,2887,2853,6,6,22
0x9ed5ca,95.3668%,12,247,259,247,6,6,0
0x8ae9e8,94.3396%,12,200,212,10,4,8,190
0x402065,98.5203%,12,799,811,581,4,8,218
0x9777a8,98.6395%,12,870,882,0,7,5,870
0xaa44d4,99.8597%,12,8539,8551,8539,12,0,0
0x4903b5,84.8101%,12,67,79,57,4,8,10
0x53e2ab,99.8087%,12,6261,6273,6261,12,0,0
0x48d991,98.6425%,12,872,884,400,10,2,472
0x8dd828,99.2643%,12,1619,1631,1606,5,7,13
0x99e90b,88.5714%,12,93,105,41,9,3,52
0x90a779,83.7838%,12,62,74,13,4,8,49
0x9a755c,33.3333%,12,6,18,4,0,12,2
0xa596e2,53.8462%,12,14,26,9,7,5,5
0x53d862,64.7059%,12,22,34,17,12,0,5
0x4c4a6f,99.6313%,12,3243,3255,3243,12,0,0
0x8050ab,95.5056%,12,255,267,248,4,8,7
0x78ad23,75%,11,33,44,14,7,4,19
0xa3a476,96.9863%,11,354,365,0,0,11,354
0x5b9e29,79.2453%,11,42,53,40,5,6,2
0x542436,99.5194%,11,2278,2289,0,0,11,2278
0xb245f3,99.9076%,11,11888,11899,0,0,11,11888
0x8f5f4e,90.7563%,11,108,119,35,5,6,73
0x944f94,97.9206%,11,518,529,338,9,2,180
0x8e37d1,94.5813%,11,192,203,39,5,6,153
0xa58a51,92.4658%,11,135,146,129,9,2,6
0x555de3,97.381%,11,409,420,392,8,3,17
0x81226e,93.3735%,11,155,166,63,4,7,92
0x9005fb,96.8391%,11,337,348,0,2,9,337
0x959032,92.1986%,11,130,141,71,10,1,59
0x952aa9,97.5877%,11,445,456,445,11,0,0
0xa58e5f,92.4658%,11,135,146,0,0,11,135
0x546504,98.4286%,11,689,700,342,8,3,347
0x8ed508,99.7631%,11,4633,4644,4633,5,6,0
0xaaae2d,94.086%,11,175,186,0,0,11,175
0x4bcda4,86.4198%,11,70,81,4,5,6,66
0x48980b,56%,11,14,25,7,6,5,7
0xa47e87,73.8095%,11,31,42,26,4,7,5
0x6672b4,64.5161%,11,20,31,20,11,0,0
0x8a8c5c,98.1197%,11,574,585,39,6,5,535
0x9bd563,83.5821%,11,56,67,7,5,6,49
0xa92b82,96.5839%,11,311,322,0,8,3,311
0x8a51f6,57.6923%,11,15,26,8,5,6,7
0x541853,98.0702%,11,559,570,559,11,0,0
0x8ea60b,31.25%,11,5,16,4,8,3,1
0xa074d9,76.087%,11,35,46,15,7,4,20
0x9aaedf,91.129%,11,113,124,71,8,3,42
0x504960,98.4828%,11,714,725,156,6,5,558
0x942c13,98.1667%,11,589,600,69,6,5,520
0xa39d73,98.5751%,11,761,772,755,7,4,6
0x9a8034,82.2581%,11,51,62,21,10,1,30
0xa46984,95.2174%,11,219,230,5,8,3,214
0xa45c63,99.0969%,11,1207,1218,1,7,4,1206
0x51af8b,96.9945%,11,355,366,67,8,3,288
0x8fe40b,95.339%,11,225,236,107,9,2,118
0x94ed27,81.6667%,11,49,60,26,4,7,23
0x980b5f,85.1351%,11,63,74,62,9,2,1
0x40e75d,99.4353%,11,1937,1948,332,6,5,1605
0x9776a0,99.3349%,11,1643,1654,0,0,11,1643
0x5f1151,96.3211%,11,288,299,288,8,3,0
0x6439a6,67.6471%,11,23,34,4,10,1,19
0xa36d8c,73.8095%,11,31,42,2,8,3,29
0x4beebc,81.0345%,11,47,58,20,5,6,27
0x537fab,99.8858%,11,9621,9632,0,0,11,9621
0x94d9d5,92.1986%,11,130,141,85,3,8,45
0x9a8d58,64.5161%,11,20,31,12,5,6,8
0xb2e617,99.9482%,11,21243,21254,0,0,11,21243
0x7d2ec0,98.6842%,11,825,836,31,5,6,794
0x90fe90,99.7115%,11,3802,3813,0,0,11,3802
0x4a9553,91.7293%,11,122,133,121,11,0,1
0x8e4653,98.7104%,11,842,853,366,7,4,476
0xa25b89,98.9141%,11,1002,1013,1002,11,0,0
0x40d2ea,91.5385%,11,119,130,1,7,4,118
0xa4ed7a,93.2099%,11,151,162,151,9,2,0
0x5af345,82.2581%,11,51,62,20,6,5,31
0xaa5c3c,95.4918%,11,233,244,91,4,7,142
0x5f0766,75%,11,33,44,3,7,4,30
0x9a968c,64.5161%,11,20,31,0,0,11,20
0xa36db7,65.625%,11,21,32,14,8,3,7
0xa2cb33,98.7668%,11,881,892,881,11,0,0
0xb466ce,99.8531%,11,7475,7486,0,0,11,7475
0x40e802,98.4765%,11,711,722,402,3,8,309
0xa46ab2,88.5417%,11,85,96,32,8,3,53
0x5547cc,99.0468%,11,1143,1154,16,4,7,1127
0x4b6995,90.4348%,11,104,115,104,11,0,0
0x8e0aa5,98.1229%,11,575,586,135,6,5,440
0xa90a5f,93.956%,11,171,182,171,7,4,0
0x4bb2bc,84.7222%,11,61,72,17,8,3,44
0x9a9648,78.4314%,11,40,51,14,6,5,26
0x8e9f21,99.6077%,11,2793,2804,309,9,2,2484
0x5352f4,65.625%,11,21,32,21,11,0,0
0x4897c8,8.33333%,11,1,12,1,11,0,0
0x9aa0d4,93.8202%,11,167,178,118,6,5,49
0xb2ad10,99.3642%,11,1719,1730,681,11,0,1038
0x8f684a,92.1429%,11,129,140,25,6,5,104
0x49e738,99.4376%,11,1945,1956,1945,11,0,0
0x58db4e,92.7152%,11,140,151,137,7,4,3
0x58eb95,99.7895%,11,5215,5226,89,3,8,5126
0x4c6dff,86.747%,11,72,83,0,0,11,72
0xa55ea8,78.8462%,11,41,52,31,5,6,10
0x485b39,97.035%,11,360,371,0,0,11,360
0x97a634,91.9708%,11,126,137,96,5,6,30
0x4c9e6f,98.7709%,11,884,895,884,7,4,0
0x9a4673,98.8764%,11,968,979,286,5,6,682
0x8dd83f,99.5215%,11,2288,2299,1687,3,8,601
0x7d2191,98.018%,11,544,555,543,8,3,1
0x48b19a,74.4186%,11,32,43,29,10,1,3
0x54eac9,91.3386%,11,116,127,116,11,0,0
0x78d81c,98.5951%,11,772,783,99,7,4,673
0x8b97a7,99.9033%,11,11366,11377,0,0,11,11366
0x4889b3,98.9268%,11,1014,1025,1014,11,0,0
0x4464da,98.1261%,11,576,587,576,11,0,0
0xa51c9a,71.0526%,11,27,38,23,7,4,4
0x9a7f61,92.7152%,11,140,151,121,6,5,19
0x81b93e,62.069%,11,18,29,3,7,4,15
0x5463c4,96.8571%,11,339,350,339,11,0,0
0x4024e0,89.8148%,11,97,108,7,5,6,90
0x98cb86,94.7619%,11,199,210,14,7,4,185
0x7c21ae,92.0863%,11,128,139,6,7,4,122
0x4a6c1a,73.8095%,11,31,42,0,0,11,31
0x4936eb,74.4186%,11,32,43,28,6,5,4
0x9015ef,99.7656%,11,4681,4692,4681,11,0,0
0x8e0bc9,99.7375%,11,4180,4191,115,3,8,4065
0x67fb1b,99.8662%,11,8208,8219,8208,11,0,0
0x90979f,99.407%,11,1844,1855,1732,6,5,112
0x9f1a10,97.1279%,11,372,383,370,3,8,2
0x5481fa,99.8389%,11,6818,6829,0,0,11,6818
0x8e385f,94.686%,11,196,207,150,9,2,46
0x53e458,99.8375%,11,6758,6769,6758,11,0,0
0x5fa423,88.5417%,11,85,96,17,4,7,68
0xa51d6e,81.0345%,11,47,58,45,5,6,2
0xa60a1d,96.3816%,11,293,304,0,0,11,293
0xa92ed8,87.5%,11,77,88,77,11,0,0
0x8bcdc2,99.9474%,11,20907,20918,20907,11,0,0
0x9abe1a,93.8202%,11,167,178,82,2,9,85
0x545505,86.747%,11,72,83,72,11,0,0
0x81a098,97.5225%,11,433,444,363,7,4,70
0x48eb1a,93.75%,11,165,176,164,6,5,1
0x9aa674,94.2408%,11,180,191,122,5,6,58
0x8dcb5a,99.5215%,11,2288,2299,1520,1,10,768
0x4baa31,97.0509%,11,362,373,71,8,3,291
0x40d44f,98.3752%,11,666,677,367,8,3,299
0x5344b9,99.8773%,11,8956,8967,8956,11,0,0
0x65a09e,99.3514%,11,1685,1696,151,1,10,1534
0x63d217,52.1739%,11,12,23,8,3,8,4
0x8a653d,35.2941%,11,6,17,2,8,3,4
0x58ca15,96.6258%,11,315,326,315,11,0,0
0x5c4c03,99.3986%,11,1818,1829,1818,11,0,0
0x54f95b,83.8235%,11,57,68,57,11,0,0
0xa54c19,45%,11,9,20,7,7,4,2
0x977d73,91.4729%,11,118,129,0,0,11,118
0xa33dbc,96.6463%,11,317,328,31,8,3,286
0x9f0904,98.9152%,11,1003,1014,0,10,1,1003
0x7cdf21,98.6111%,11,781,792,0,0,11,781
0x552a73,99.2199%,11,1399,1410,124,2,9,1275
0x8fc12f,99.7224%,11,3951,3962,3951,11,0,0
0xaa2e12,98.2258%,11,609,620,609,11,0,0
0x5b1513,97.8846%,11,509,520,14,5,6,495
0x9a82a7,21.4286%,11,3,14,3,11,0,0
0xb323dc,98.8648%,11,958,969,958,11,0,0
0x817e79,95.4545%,11,231,242,183,4,7,48
0x58f82b,98.6715%,11,817,828,749,5,6,68
0x8fe328,99.8457%,11,7117,7128,0,0,11,7117
0x7c72df,94.2105%,11,179,190,29,7,4,150
0x51218c,71.7949%,11,28,39,28,11,0,0
0x53565f,94.1799%,11,178,189,4,2,9,174
0x8aed94,94.7368%,11,198,209,7,4,7,191
0x543cd5,78.8462%,11,41,52,0,0,11,41
0x80fd17,99.879%,11,9077,9088,9077,11,0,0
0x8a91bd,71.0526%,11,27,38,25,6,5,2
0x810854,86.5854%,11,71,82,2,5,6,69
0xa2d6c7,96.1131%,11,272,283,85,0,11,187
0x5bda95,99.4277%,11,1911,1922,1910,9,2,1
0x49ff3c,99.734%,11,4124,4135,1014,5,6,3110
0x723555,99.2393%,11,1435,1446,0,0,11,1435
0x488659,97.5113%,11,431,442,431,11,0,0
0x53919b,97.8723%,11,506,517,502,4,7,4
0x858f18,93.9227%,11,170,181,170,5,6,0
0x40f5e8,99.7284%,11,4039,4050,4039,11,0,0
0x53b915,91.6667%,11,121,132,101,5,6,20
0x53b8ad,92.3077%,11,132,143,127,5,6,5
0x53ed28,98.5825%,11,765,776,765,7,4,0
0x543b0e,94.9541%,11,207,218,8,1,10,199
0x609da7,96.8839%,11,342,353,153,6,5,189
0xaa806c,97.9206%,11,518,529,0,0,11,518
0x507d0f,69.4444%,11,25,36,8,10,1,17
0x917987,94.5%,11,189,200,189,11,0,0
0x7b2a8c,75%,11,33,44,0,0,11,33
0x90fcbd,96.0714%,11,269,280,269,11,0,0
0x6f5326,97.8927%,11,511,522,511,11,0,0
0x81bcb0,63.3333%,11,19,30,12,6,5,7
0x7826a2,95.0226%,11,210,221,0,0,11,210
0x53ecdb,92.8571%,11,143,154,138,8,3,5
0x8e48fe,98.6301%,11,792,803,158,5,6,634
0xa6c656,86.747%,11,72,83,2,10,1,70
0x81696d,88.0435%,11,81,92,80,4,7,1
0x9a6443,93.75%,11,165,176,158,8,3,7
0x9d1b52,63.3333%,11,19,30,0,6,5,19
0x80e0c4,97.6293%,11,453,464,453,7,4,0
0x90023a,98.2315%,11,611,622,1,6,5,610
0x4bb228,67.6471%,11,23,34,3,4,7,20
0x8f5ab0,66.6667%,11,22,33,18,6,5,4
0x541410,90.0901%,11,100,111,65,6,5,35
0x9093a8,99.7037%,11,3701,3712,0,0,11,3701
0x4b6614,68.5714%,11,24,35,23,5,6,1
0xb2e723,99.8624%,11,7984,7995,0,0,11,7984
0x81d007,93.7853%,11,166,177,3,7,4,163
0x9014e6,99.4903%,11,2147,2158,134,4,7,2013
0x405c1b,99.0283%,11,1121,1132,17,5,6,1104
0x9c40f7,95.7692%,11,249,260,0,0,11,249
0x5fa7bc,92.029%,11,127,138,67,2,9,60
0x9fb5cc,96.4856%,11,302,313,2,5,6,300
0xb2faf5,99.8688%,11,8374,8385,0,0,11,8374
0x81c209,93.4132%,11,156,167,46,9,2,110
0x534574,99.7484%,11,4361,4372,4361,11,0,0
0x8bca8b,99.486%,11,2129,2140,1212,4,7,917
0xa42997,98.803%,11,908,919,908,11,0,0
0x504c2d,98.2893%,11,632,643,624,8,3,8
0x50191f,98.6335%,11,794,805,787,7,4,7
0x8f5692,99.7012%,11,3670,3681,3661,8,3,9
0x9e711f,76.087%,11,35,46,28,11,0,7
0xa90503,80.7018%,11,46,57,12,4,7,34
0x539bba,95.6863%,11,244,255,205,6,5,39
0xb18269,98.9055%,11,994,1005,796,7,4,198
0x5edca5,98.9109%,11,999,1010,997,6,5,2
0x5e613e,99.271%,11,1498,1509,0,0,11,1498
0x9807df,71.7949%,11,28,39,20,8,3,8
0x816b59,98.6936%,11,831,842,632,3,8,199
0x973b36,54.1667%,11,13,24,10,5,6,3
0x9ed644,98.8421%,11,939,950,0,6,5,939
0xaaaea1,92.029%,11,127,138,4,4,7,123
0xa50fa5,71.0526%,11,27,38,27,5,6,0
0x8a91a3,77.0833%,11,37,48,35,3,8,2
0x544d90,89%,11,89,100,1,7,4,88
0x9e4efd,81.6667%,11,49,60,37,3,8,12
0x81e234,99.9035%,11,11384,11395,11384,10,1,0
0xb2dfc1,99.2853%,11,1528,1539,0,0,11,1528
0x9e72d7,96.3934%,11,294,305,287,4,7,7
0xa916e3,94.4724%,11,188,199,0,4,7,188
0x53c3de,91.6667%,11,121,132,99,7,4,22
0xa58737,93.3735%,11,155,166,47,3,8,108
0x40ac87,57.6923%,11,15,26,12,7,4,3
0xa429d8,99.619%,11,2876,2887,2853,6,5,23
0xa9069d,93.2927%,11,153,164,146,7,4,7
0x8f63f6,93.956%,11,171,182,163,7,4,8
0x5cb9f6,92.9032%,11,144,155,144,11,0,0
0xa54182,98.415%,11,683,694,681,9,2,2
0x40b46e,94.3005%,11,182,193,182,9,2,0
0x47f282,98.577%,11,762,773,0,0,11,762
0x94b3d5,98.0427%,11,551,562,551,11,0,0
0x9a9684,82.2581%,11,51,62,31,0,11,20
0x488c4c,94.3878%,11,185,196,71,8,3,114
0x5ff783,97.7178%,11,471,482,470,4,7,1
0xb14854,99.7417%,11,4247,4258,0,0,11,4247
0x9f4b25,90.9836%,11,111,122,34,8,3,77
0x48e8a9,21.4286%,11,3,14,1,6,5,2
0x5121db,70.2703%,11,26,37,25,11,0,1
0x80e9a0,97.9087%,11,515,526,25,5,6,490
0x670407,91.7293%,11,122,133,0,0,11,122
0x53c547,97.1939%,11,381,392,0,9,2,381
0x5cae70,99.1136%,11,1230,1241,1230,11,0,0
0x60b15e,99.8475%,11,7202,7213,7202,11,0,0
0x9ef0db,98.8855%,11,976,987,976,11,0,0
0xa94b02,60.7143%,11,17,28,16,8,3,1
0x5592fa,86.9048%,11,73,84,39,6,5,34
0x402024,98.7239%,11,851,862,6,5,6,845
0x818a2b,99.9014%,11,11142,11153,0,0,11,11142
0x66d3e2,99.4223%,11,1893,1904,1893,5,6,0
0x54ef7b,74.4186%,11,32,43,0,0,11,32
0x5cb06c,98.7668%,11,881,892,4,2,9,877
0x9f6bd0,97.9401%,11,523,534,523,11,0,0
0x9d1c97,84.507%,11,60,71,8,8,3,52
0x49c063,97.7956%,11,488,499,0,6,5,488
0x4c6282,75%,11,33,44,17,7,4,16
0x4c3cc1,90.7563%,11,108,119,105,7,4,3
0x983a47,60.7143%,11,17,28,6,5,6,11
0x59720f,96.519%,11,305,316,169,5,6,136
0x5bac04,97.7642%,11,481,492,5,7,4,476
0x5373fb,99.6196%,11,2881,2892,2880,8,3,1
0x9a12a4,94.5813%,11,192,203,47,4,7,145
0x943d43,92.0863%,11,128,139,119,10,1,9
0x4b4f8b,76.087%,11,35,46,25,6,5,10
0x9c4271,96.6867%,11,321,332,321,11,0,0
0xa2f2dd,94.3299%,11,183,194,90,11,0,93
0x53b21c,77.551%,11,38,49,4,4,7,34
0x49fe0f,15.3846%,11,2,13,2,11,0,0
0x81bfdb,69.4444%,11,25,36,11,5,6,14
0x8e3faf,97.6695%,11,461,472,459,5,6,2
0x64388b,71.7949%,11,28,39,0,0,11,28
0xa45fb3,95.4357%,11,230,241,0,4,7,230
0x47f4f1,99.0385%,11,1133,1144,47,3,8,1086
0x487744,69.4444%,11,25,36,8,4,7,17
0x5f7ac1,93.4132%,11,156,167,153,7,4,3
0x98469f,88.4211%,11,84,95,15,5,6,69
0xa92184,97.9206%,11,518,529,518,11,0,0
0x984109,82.8125%,11,53,64,2,7,4,51
0xaa33d6,98.5255%,11,735,746,735,11,0,0
0x4ba0b9,97.4299%,11,417,428,85,3,8,332
0x60e354,97.5281%,11,434,445,427,4,7,7
0x98d006,99.3349%,11,1643,1654,1633,9,2,10
0x494330,89.5238%,11,94,105,27,11,0,67
0x81cb13,93.956%,11,171,182,53,7,4,118
0x40f330,99.7518%,11,4421,4432,4421,11,0,0
0x77ffa8,99.584%,11,2633,2644,314,8,3,2319
0x8efc1a,90.2655%,11,102,113,101,7,4,1
0x907569,68.5714%,11,24,35,22,6,5,2
0x5d86f4,95.6349%,11,241,252,216,6,5,25
0x9746c7,83.8235%,11,57,68,43,6,5,14
0x8ed789,75%,11,33,44,33,11,0,0
0x977c2a,92.3077%,11,132,143,0,0,11,132
0x8e3368,96.8208%,11,335,346,326,4,7,9
0x5c4c57,99.3986%,11,1818,1829,10,6,5,1808
0x40e0a7,99.9016%,11,11170,11181,11170,11,0,0
0xa0301e,83.8235%,11,57,68,5,2,9,52
0x41011f,99.9041%,11,11457,11468,0,0,11,11457
0x80e6f8,98.6951%,11,832,843,832,9,2,0
0x537af4,99.4613%,11,2031,2042,0,0,11,2031
0x542572,95.6693%,11,243,254,185,8,3,58
0x81a2eb,96.6565%,11,318,329,2,6,5,316
0x5fb6a6,85.3333%,11,64,75,64,11,0,0
0x5f820a,98.1164%,11,573,584,436,2,9,137
0x50aed9,89.9083%,11,98,109,94,11,0,4
0x403edf,99.5347%,11,2353,2364,473,9,2,1880
0x5f8682,93.4132%,11,156,167,132,3,8,24
0x507227,98.5135%,11,729,740,569,5,6,160
0x667080,99.1386%,11,1266,1277,37,7,4,1229
0x542cf8,99.5126%,11,2246,2257,179,8,3,2067
0x6964fb,98.9583%,11,1045,1056,395,2,9,650
0x485e49,97.5169%,11,432,443,357,4,7,75
0x50c966,97.9127%,11,516,527,0,0,11,516
0x5c44d2,98.5235%,11,734,745,734,11,0,0
0x5038b8,76.087%,11,35,46,35,3,8,0
0x54f55d,99.639%,11,3036,3047,3036,11,0,0
0x53d909,99.3401%,11,1656,1667,1656,11,0,0
0x80775b,96.1538%,11,275,286,165,4,7,110
0x5104bb,94.8598%,11,203,214,150,4,7,53
0x627e30,70.2703%,11,26,37,15,7,4,11
0x49dfd0,94.3878%,11,185,196,0,0,11,185
0xa57163,81.9672%,11,50,61,38,3,8,12
0xa578b6,73.1707%,11,30,41,8,7,4,22
0x5bcd2a,98.8589%,11,953,964,953,11,0,0
0x9f9602,88.0435%,11,81,92,66,2,9,15
0x4c0df3,73.8095%,11,31,42,4,6,5,27
0x4ab4aa,92.3077%,11,132,143,105,7,4,27
0x65c29b,99.7696%,11,4763,4774,4763,11,0,0
0xa41eb8,95.4733%,11,232,243,206,6,5,26
0x591c50,92.7632%,11,141,152,141,11,0,0
0x80e949,98.9758%,11,1063,1074,1061,7,4,2
0x675036,65.625%,11,21,32,11,5,6,10
0x48aefb,94.8837%,11,204,215,204,11,0,0
0x54fac0,92.7152%,11,140,151,92,7,4,48
0x8ecba7,83.8235%,11,57,68,11,5,6,46
0x508072,97.9167%,11,517,528,134,2,9,383
0x507c03,98.5135%,11,729,740,160,6,5,569
0x64cc40,98.0462%,11,552,563,23,2,9,529
0xa024f5,99.3761%,11,1752,1763,1752,11,0,0
0x9f5a0b,85.3333%,11,64,75,20,8,3,44
0x7cfce5,99.4204%,11,1887,1898,1887,11,0,0
0x8a9449,99.6429%,11,3069,3080,74,8,3,2995
0xa3bb10,95.1754%,11,217,228,202,8,3,15
0x507ffb,98.0836%,11,563,574,0,0,11,563
0x9f62c6,45%,11,9,20,7,5,6,2
0x494f39,97.9048%,11,514,525,511,8,3,3
0x490234,79.6296%,11,43,54,42,6,5,1
0x53ef7f,93.9891%,11,172,183,0,5,6,172
0xa0667a,82.5397%,11,52,63,11,7,4,41
0x98cca8,99.4092%,11,1851,1862,0,0,11,1851
0x5f55d6,82.8125%,11,53,64,51,5,6,2
0x54803c,97.4057%,11,413,424,247,8,3,166
0x5f7d25,91.8519%,11,124,135,113,6,5,11
0x488de5,99.8075%,11,5702,5713,5702,11,0,0
0x51b15a,35.2941%,11,6,17,6,11,0,0
0x48d041,60.7143%,11,17,28,16,11,0,1
0x837604,87.2093%,11,75,86,23,10,1,52
0x833a9c,90%,11,99,110,95,4,7,4
0x4ba0ec,95.7854%,11,250,261,223,8,3,27
0x4b5cbd,73.1707%,11,30,41,7,6,5,23
0x902549,94.5274%,11,190,201,70,9,2,120
0x49a14e,77.0833%,11,37,48,13,3,8,24
0x7ce8f7,99.1426%,11,1272,1283,79,7,4,1193
0xa339ec,99.3099%,11,1583,1594,455,10,1,1128
0x502080,80%,11,44,55,21,3,8,23
0x8e48bb,99.0248%,11,1117,1128,59,6,5,1058
0x8e0265,98.8787%,11,970,981,970,11,0,0
0x4bc451,96.5517%,11,308,319,60,4,7,248
0x4a7b00,96.875%,11,341,352,14,7,4,327
0x8a8df5,99.2115%,11,1384,1395,1384,9,2,0
0x8dce73,98.468%,11,707,718,535,8,3,172
0x8ee0c8,94.5%,11,189,200,24,6,5,165
0x99bb2e,94.2105%,11,179,190,159,10,1,20
0x64b516,99.5319%,11,2339,2350,1795,9,2,544
0x8e37ae,99.3437%,11,1665,1676,893,5,6,772
0x815805,97.4654%,11,423,434,9,5,6,414
0xa54278,95.6522%,11,242,253,4,6,5,238
0x8e4831,99.5215%,11,2288,2299,500,9,2,1788
0x403ba2,98.1513%,11,584,595,584,11,0,0
0x94a263,92.9032%,11,144,155,144,11,0,0
0x543a39,91.8519%,11,124,135,124,9,2,0
0xa5c162,65.625%,11,21,32,11,4,7,10
0x9e79db,93.4911%,11,158,169,25,3,8,133
0x80fa6c,99.9319%,11,16133,16144,0,0,11,16133
0x508d88,60.7143%,11,17,28,15,8,3,2
0x50a3b4,91.9118%,11,125,136,0,0,11,125
0x485c15,96.0573%,11,268,279,267,7,4,1
0x9c3f3f,87.2093%,11,75,86,9,6,5,66
0x44653a,99.5363%,11,2361,2372,1781,4,7,580
0x8bcf44,99.6958%,11,3605,3616,0,0,11,3605
0x80581c,93.75%,11,165,176,161,5,6,4
0x410309,99.8097%,11,5770,5781,160,1,10,5610
0x9aa6b0,97.7778%,11,484,495,479,11,0,5
0x810429,96.4052%,11,295,306,295,8,3,0
0x50746a,91.4062%,11,117,128,2,6,5,115
0x402ed5,90.4348%,11,104,115,3,3,8,101
0x8ed03b,81.0345%,11,47,58,1,9,2,46
0x538d1f,91.6667%,11,121,132,99,7,4,22
0x403b1b,97.9964%,11,538,549,538,11,0,0
0xa3493b,99.0054%,11,1095,1106,547,3,8,548
0x40570e,99.9347%,11,16845,16856,0,0,11,16845
0xaa7c60,82.8125%,11,53,64,45,9,2,8
0x80bae7,90.7563%,11,108,119,108,4,7,0
0xa25bc5,98.9141%,11,1002,1013,1002,11,0,0
0x58e42b,89.9083%,11,98,109,56,8,3,42
0x58d9a9,94.7368%,11,198,209,57,7,4,141
0xa57635,71.0526%,11,27,38,10,5,6,17
0x610c9e,95.9854%,11,263,274,233,11,0,30
0x7cde7d,98.7165%,11,846,857,58,7,4,788
0x5028f2,95.0673%,11,212,223,116,10,1,96
0xb2ffb2,98.9927%,11,1081,1092,0,1,10,1081
0xaa03a8,90.9091%,11,110,121,107,8,3,3
0x40419e,98.5372%,11,741,752,0,0,11,741
0x58f858,92.5676%,11,137,148,68,6,5,69
0x54641d,98.6129%,11,782,793,49,8,3,733
0xaa4616,88.8889%,11,88,99,0,0,11,88
0x50a0c9,85.5263%,11,65,76,6,8,3,59
0x9f1d84,95.045%,11,211,222,139,5,6,72
0x9f03ef,98.7429%,11,864,875,864,11,0,0
0x49b1e7,98.8589%,11,953,964,44,7,4,909
0x9a705c,89.3204%,11,92,103,92,11,0,0
0x5410b6,98.89%,11,980,991,980,11,0,0
0xa328ae,80%,11,44,55,5,6,5,39
0x5c4bdf,99.3986%,11,1818,1829,0,0,11,1818
0x4ba4f8,89.4231%,11,93,104,50,2,9,43
0x543024,96.9101%,11,345,356,0,0,11,345
0x503e7f,56.5217%,10,13,23,1,8,2,12
0x609f52,99.8502%,10,6666,6676,6666,10,0,0
0x550105,82.1429%,10,46,56,2,6,4,44
0x8dc29e,98.7147%,10,768,778,661,7,3,107
0x543bf8,94.6524%,10,177,187,177,10,0,0
0x59e611,88.0952%,10,74,84,49,7,3,25
0xa32d24,89.4737%,10,85,95,85,8,2,0
0x9530b8,0%,10,0,10,0,10,0,0
0x403fa3,99.3888%,10,1626,1636,1618,8,2,8
0xa4378f,97.6415%,10,414,424,0,0,10,414
0xa41c51,98.4%,10,615,625,615,10,0,0
0xa3b1bb,93.0556%,10,134,144,2,2,8,132
0xa41a6f,99.6536%,10,2877,2887,2851,8,2,26
0x5fe9db,86.4865%,10,64,74,24,7,3,40
0xa32881,92.5373%,10,124,134,4,6,4,120
0x61155c,84.6154%,10,55,65,27,5,5,28
0xa8ee09,99.3865%,10,1620,1630,0,0,10,1620
0x498fe9,97.7117%,10,427,437,427,10,0,0
0xa34b0a,92.8571%,10,130,140,39,5,5,91
0x8a972f,99.3197%,10,1460,1470,108,0,10,1352
0x976ea0,44.4444%,10,8,18,8,7,3,0
0xab2d25,87.3418%,10,69,79,63,5,5,6
0x94529a,95.5752%,10,216,226,0,0,10,216
0x590139,16.6667%,10,2,12,2,10,0,0
0x8bcac3,95.0249%,10,191,201,183,9,1,8
0xa27670,99.5141%,10,2048,2058,24,3,7,2024
0x4c63e1,77.2727%,10,34,44,11,4,6,23
0xa55ed4,78.7234%,10,37,47,15,7,3,22
0x8c7304,99.6473%,10,2825,2835,2725,5,5,100
0xa91ea0,94.8718%,10,185,195,185,6,4,0
0x542e8a,93.4641%,10,143,153,143,10,0,0
0x64ad54,99.9525%,10,21025,21035,0,0,10,21025
0x511d88,99.5202%,10,2074,2084,380,4,6,1694
0x90a3f2,96.7532%,10,298,308,128,4,6,170
0x547c9b,93.5065%,10,144,154,141,9,1,3
0x5e5e18,99.003%,10,993,1003,993,10,0,0
0x627877,99.5254%,10,2097,2107,2097,10,0,0
0x8ba0d7,99.8945%,10,9471,9481,9471,10,0,0
0x5548b3,99.4276%,10,1737,1747,1737,8,2,0
0x558a5d,98.3793%,10,607,617,0,3,7,607
0x4c446e,87.5%,10,70,80,57,3,7,13
0x7d2d7b,98.3793%,10,607,617,257,7,3,350
0x8dca24,98.7147%,10,768,778,663,5,5,105
0xaa7ee0,98.1096%,10,519,529,519,10,0,0
0x501fb5,89.011%,10,81,91,0,0,10,81
0x5af0de,98.5632%,10,686,696,0,0,10,686
0xaa08d4,87.9518%,10,73,83,70,7,3,3
0xa525ea,95.0495%,10,192,202,94,7,3,98
0x9ed4f2,96.139%,10,249,259,170,4,6,79
0x943945,86.6667%,10,65,75,0,0,10,65
0x8a7751,96.6887%,10,292,302,6,6,4,286
0x508db5,90.9091%,10,100,110,72,4,6,28
0x9ee5d4,93.4211%,10,142,152,91,4,6,51
0x590854,99.5351%,10,2141,2151,1872,2,8,269
0x59254b,99.7835%,10,4608,4618,4491,6,4,117
0xa30d6e,94.8718%,10,185,195,73,7,3,112
0x9ab648,78.7234%,10,37,47,36,7,3,1
0x558cfa,89.6907%,10,87,97,19,3,7,68
0xa50261,87.6543%,10,71,81,71,6,4,0
0x65afdf,23.0769%,10,3,13,3,10,0,0
0x507d43,72.2222%,10,26,36,26,5,5,0
0x51b00c,96.1538%,10,250,260,4,5,5,246
0xa44884,85.7143%,10,60,70,60,10,0,0
0xa911ff,54.5455%,10,12,22,5,4,6,7
0x781fd7,99.7409%,10,3850,3860,2875,5,5,975
0x48dcaf,99.8568%,10,6973,6983,0,0,10,6973
0x4045f4,92.8058%,10,129,139,33,5,5,96
0x983a53,84.375%,10,54,64,8,9,1,46
0x405ab4,96.7742%,10,300,310,3,2,8,297
0x5fa955,98.4663%,10,642,652,621,4,6,21
0x51065c,98.9328%,10,927,937,927,10,0,0
0x9f5caf,64.2857%,10,18,28,3,6,4,15
0x511d42,99.323%,10,1467,1477,660,5,5,807
0xa31348,92.9577%,10,132,142,47,10,0,85
0x911732,95.4128%,10,208,218,155,7,3,53
0x50e346,89.6907%,10,87,97,78,1,9,9
0xa941c4,95.1691%,10,197,207,125,6,4,72
0x591468,98.1685%,10,536,546,11,6,4,525
0x8efd72,91.453%,10,107,117,100,6,4,7
0x501363,99.3797%,10,1602,1612,0,0,10,1602
0x48bf3e,90.8257%,10,99,109,96,3,7,3
0x48bc03,98.7358%,10,781,791,781,9,1,0
0x4045fb,90.099%,10,91,101,86,6,4,5
0x9a9eaf,94.382%,10,168,178,37,4,6,131
0x503e88,79.1667%,10,38,48,0,3,7,38
0x807fe1,94.186%,10,162,172,92,4,6,70
0x498631,90.1961%,10,92,102,0,0,10,92
0x5fb293,95.3488%,10,205,215,203,6,4,2
0x50a0da,83.871%,10,52,62,0,6,4,52
0x90abd0,98.8386%,10,851,861,34,6,4,817
0x50487c,93.4211%,10,142,152,22,4,6,120
0x9aba4a,95.671%,10,221,231,221,10,0,0
0x505aec,98.6486%,10,730,740,724,5,5,6
0x94c5fd,98.2206%,10,552,562,552,10,0,0
0x7d29bf,58.3333%,10,14,24,12,6,4,2
0x40f817,96.5278%,10,278,288,70,6,4,208
0x557232,93.75%,10,150,160,136,6,4,14
0x4bbb73,95.098%,10,194,204,194,9,1,0
0xb2fb5e,99.8628%,10,7276,7286,0,0,10,7276
0x9017dd,81.4815%,10,44,54,25,2,8,19
0x8ad90a,88.8889%,10,80,90,26,7,3,54
0x8a718f,99.385%,10,1616,1626,1616,10,0,0
0x4817ed,73.6842%,10,28,38,23,6,4,5
0x8a7588,96.124%,10,248,258,108,3,7,140
0x9f6c5e,95.671%,10,221,231,214,4,6,7
0x820f3b,95.8506%,10,231,241,0,0,10,231
0x8eb668,86.1111%,10,62,72,0,6,4,62
0x6672d1,67.7419%,10,21,31,0,0,10,21
0x4c6eea,87.9518%,10,73,83,45,5,5,28
0x5fa1ce,98.7437%,10,786,796,73,8,2,713
0x4bac9f,98.3022%,10,579,589,219,3,7,360
0x537c48,77.2727%,10,34,44,34,4,6,0
0xa31f3c,72.2222%,10,26,36,0,0,10,26
0x4038d5,97.4093%,10,376,386,3,7,3,373
0x81c57b,97.1264%,10,338,348,167,1,9,171
0x5fa5c3,95.4751%,10,211,221,211,4,6,0
0x4bb0e6,98.1685%,10,536,546,536,10,0,0
0x60dbcf,95.7627%,10,226,236,33,5,5,193
0x5576e9,97.7477%,10,434,444,434,10,0,0
0x900840,98.2729%,10,569,579,0,0,10,569
0x4a6ce0,89.899%,10,89,99,89,10,0,0
0x50d8e5,72.973%,10,27,37,8,4,6,19
0xa39dc3,75.6098%,10,31,41,0,0,10,31
0x5ee1c1,99.003%,10,993,1003,821,5,5,172
0x4b6003,90.9091%,10,100,110,100,9,1,0
0x5e4524,99.3373%,10,1499,1509,1384,4,6,115
0x900792,86.8421%,10,66,76,53,6,4,13
0x99af52,78.7234%,10,37,47,35,5,5,2
0x60a85c,97.9757%,10,484,494,416,6,4,68
0x81e3da,95.3488%,10,205,215,50,4,6,155
0xb14801,99.7651%,10,4248,4258,0,0,10,4248
0x9eddb4,92.7536%,10,128,138,128,10,0,0
0x4901fa,85.0746%,10,57,67,7,6,4,50
0x9f2a50,95.283%,10,202,212,103,5,5,99
0x60a898,99.4048%,10,1670,1680,1561,6,4,109
0xa5ce8e,93.9394%,10,155,165,32,7,3,123
0x59c4f3,56.5217%,10,13,23,9,3,7,4
0x97433b,96.5035%,10,276,286,18,8,2,258
0xb2df13,99.6322%,10,2709,2719,0,0,10,2709
0x9c411d,97.2222%,10,350,360,350,10,0,0
0x9c41c5,96.988%,10,322,332,322,10,0,0
0x8e4c5c,96.124%,10,248,258,157,2,8,91
0x8c8650,94.8718%,10,185,195,109,6,4,76
0x5cf70c,99.4553%,10,1826,1836,1826,10,0,0
0x5c361e,98.6072%,10,708,718,708,10,0,0
0xa60b63,91.3793%,10,106,116,106,10,0,0
0x9f5ae8,87.5%,10,70,80,58,10,0,12
0xaaae42,94.6237%,10,176,186,0,0,10,176
0x499634,92.126%,10,117,127,117,10,0,0
0x51c37e,99.1674%,10,1191,1201,1191,10,0,0
0x590649,99.6427%,10,2789,2799,359,6,4,2430
0x5f1111,96.732%,10,296,306,282,5,5,14
0xb1489a,99.7651%,10,4248,4258,0,0,10,4248
0x541084,99.8895%,10,9037,9047,9037,10,0,0
0x4bc0cb,91.7355%,10,111,121,111,10,0,0
0x9f941e,80.7692%,10,42,52,40,8,2,2
0x5c4bfb,99.4533%,10,1819,1829,0,0,10,1819
0x9742d6,98.2206%,10,552,562,6,2,8,546
0x4c7050,87.9518%,10,73,83,40,3,7,33
0xa5ec63,98.5775%,10,693,703,0,5,5,693
0x4bd70b,74.359%,10,29,39,0,0,10,29
0x48dec0,86.6667%,10,65,75,27,7,3,38
0x8f31b1,99.61%,10,2554,2564,2554,10,0,0
0x48e029,89.7959%,10,88,98,11,5,5,77
0x969506,99.5157%,10,2055,2065,2055,10,0,0
0x8e0452,99.1228%,10,1130,1140,564,6,4,566
0x511aa0,98.7685%,10,802,812,420,8,2,382
0xa5864a,94.6524%,10,177,187,167,4,6,10
0x499c29,81.1321%,10,43,53,43,10,0,0
0xa575ec,75.6098%,10,31,41,22,5,5,9
0x977532,96.0938%,10,246,256,53,9,1,193
0x9eef0a,95.6522%,10,220,230,136,5,5,84
0x511aad,99.6471%,10,2824,2834,2824,10,0,0
0x609754,87.9518%,10,73,83,33,7,3,40
0xa58e1c,91.3793%,10,106,116,7,5,5,99
0x64f4aa,88.764%,10,79,89,79,10,0,0
0x8be42f,98.9373%,10,931,941,13,7,3,918
0x5ff383,70.5882%,10,24,34,17,0,10,7
0x510690,99.1942%,10,1231,1241,645,3,7,586
0x7ac06b,92.4812%,10,123,133,14,2,8,109
0x81e641,98.0806%,10,511,521,470,5,5,41
0x48319e,65.5172%,10,19,29,10,7,3,9
0x40f42d,99.7744%,10,4422,4432,4422,10,0,0
0x815c59,95.935%,10,236,246,204,1,9,32
0x816896,95.5752%,10,216,226,177,2,8,39
0x8fee9b,98.4252%,10,625,635,0,0,10,625
0x97850a,97.9381%,10,475,485,0,0,10,475
0x8f0cf7,94.7917%,10,182,192,141,3,7,41
0xb30007,98.6996%,10,759,769,759,5,5,0
0x78435e,96.2687%,10,258,268,258,10,0,0
0x402e70,90.8257%,10,99,109,66,9,1,33
0xa4568e,93.8272%,10,152,162,146,4,6,6
0x9e1a27,91.6667%,10,110,120,110,10,0,0
0x403805,98.1168%,10,521,531,416,5,5,105
0xa59535,95.0495%,10,192,202,0,0,10,192
0x5e5e09,99.3373%,10,1499,1509,497,9,1,1002
0x4a8dd0,95.3052%,10,203,213,203,5,5,0
0xb2dfb7,99.3502%,10,1529,1539,0,0,10,1529
0x609f30,99.8757%,10,8035,8045,1365,4,6,6670
0x5118be,95.283%,10,202,212,0,0,10,202
0x557026,92.9577%,10,132,142,132,10,0,0
0x8fedde,96.139%,10,249,259,248,7,3,1
0x60020a,98.6264%,10,718,728,34,5,5,684
0x98b4a7,94.382%,10,168,178,0,0,10,168
0x8063e5,80.7692%,10,42,52,5,8,2,37
0x90ecb9,98.9637%,10,955,965,0,4,6,955
0x508665,98.6486%,10,730,740,158,8,2,572
0x502746,98.739%,10,783,793,42,8,2,741
0xa5f28f,99.3036%,10,1426,1436,1424,8,2,2
0x8bb1cb,97.807%,10,446,456,40,7,3,406
0x50740a,98.739%,10,783,793,738,5,5,45
0x40a624,79.1667%,10,38,48,15,7,3,23
0x8e35cb,99.4942%,10,1967,1977,1518,5,5,449
0x4b5167,92.1875%,10,118,128,113,8,2,5
0x50d9d2,97.4747%,10,386,396,385,7,3,1
0x8fdca3,98.6911%,10,754,764,754,10,0,0
0x6663cc,96.8153%,10,304,314,303,9,1,1
0xa58ab3,89.5833%,10,86,96,86,10,0,0
0x502d31,94.7368%,10,180,190,0,0,10,180
0x48ef62,85.0746%,10,57,67,7,5,5,50
0x8350da,99.2441%,10,1313,1323,1313,10,0,0
0x405b3b,97.6581%,10,417,427,328,9,1,89
0xa4d862,95.2381%,10,200,210,81,8,2,119
0x40e294,99.0826%,10,1080,1090,1079,8,2,1
0x78e060,76.7442%,10,33,43,27,8,2,6
0x8d24c0,87.8049%,10,72,82,33,7,3,39
0x8be89f,56.5217%,10,13,23,0,5,5,13
0x404334,99.6288%,10,2684,2694,2684,10,0,0
0x58c5c4,70.5882%,10,24,34,14,9,1,10
0xb2edcb,95.8159%,10,229,239,0,4,6,229
0xa3a2ac,98.6188%,10,714,724,714,10,0,0
0x50eb14,76.1905%,10,32,42,0,2,8,32
0x9dfffc,98.6357%,10,723,733,0,0,10,723
0x8fcbc7,99.2576%,10,1337,1347,0,2,8,1337
0x4ba4d3,82.7586%,10,48,58,30,6,4,18
0x402d7f,90.8257%,10,99,109,40,6,4,59
0x7d1bf0,98.7775%,10,808,818,255,6,4,553
0xa916f3,94.8718%,10,185,195,156,3,7,29
0x9f2007,95.4955%,10,212,222,0,4,6,212
0x7840c9,72.973%,10,27,37,24,5,5,3
0x833d27,91.3793%,10,106,116,0,4,6,106
0xa4534a,80%,10,40,50,38,4,6,2
0x4c2bc8,88.0952%,10,74,84,21,6,4,53
0x970ebd,99.4391%,10,1773,1783,0,0,10,1773
0x5043bf,98.5673%,10,688,698,671,7,3,17
0xa3637e,16.6667%,10,2,12,0,7,3,2
0x943e28,92.8058%,10,129,139,122,7,3,7
0xa5285a,94.6809%,10,178,188,176,8,2,2
0x8e2fb3,96.7846%,10,301,311,85,4,6,216
0x90c1f4,99.4062%,10,1674,1684,842,0,10,832
0x512ad8,97.3958%,10,374,384,0,0,10,374
0x910d94,99.7444%,10,3902,3912,0,0,10,3902
0x809e5e,93.4211%,10,142,152,105,4,6,37
0xaa2f5c,98.3871%,10,610,620,510,8,2,100
0xa42041,96.904%,10,313,323,0,0,10,313
0x9fb651,95.935%,10,236,246,0,0,10,236
0x542d05,99.5169%,10,2060,2070,2060,10,0,0
0x7a3d08,92.4812%,10,123,133,47,9,1,76
0x5b15a1,98.0769%,10,510,520,7,3,7,503
0x4a7913,98.4985%,10,656,666,656,4,6,0
0x58c063,85.7143%,10,60,70,0,0,10,60
0x402cee,98.8726%,10,877,887,7,4,6,870
0x8f3617,97.3545%,10,368,378,0,0,10,368
0x8fc0e9,99.1489%,10,1165,1175,0,0,10,1165
0x8ff543,99.006%,10,996,1006,996,10,0,0
0x65a22f,96.063%,10,244,254,244,7,3,0
0x9faf96,97.4425%,10,381,391,381,10,0,0
0x492f33,86.1111%,10,62,72,29,5,5,33
0x4c8024,89.011%,10,81,91,16,6,4,65
0x48c423,93.0556%,10,134,144,134,6,4,0
0x908335,99.5345%,10,2138,2148,2138,10,0,0
0x495a5c,85.0746%,10,57,67,20,6,4,37
0xace338,95.7082%,10,223,233,80,5,5,143
0x67adc5,99.6373%,10,2747,2757,0,0,10,2747
0x4a0311,77.2727%,10,34,44,9,7,3,25
0xa503a5,97.2376%,10,352,362,352,6,4,0
0x9f0b92,89.4737%,10,85,95,3,2,8,82
0x4a9d98,56.5217%,10,13,23,2,5,5,11
0x7809ae,89.7959%,10,88,98,17,4,6,71
0x787d04,98.8597%,10,867,877,51,9,1,816
0x959069,98.6772%,10,746,756,56,8,2,690
0x54ed17,85.5072%,10,59,69,59,10,0,0
0x606b22,95.5556%,10,215,225,215,10,0,0
0x609519,98.3687%,10,603,613,256,4,6,347
0x5bda11,99.4797%,10,1912,1922,1911,7,3,1
0xa4a74f,65.5172%,10,19,29,1,5,5,18
0x9f0ab4,64.2857%,10,18,28,17,7,3,1
0x9f0a4d,92.8571%,10,130,140,102,6,4,28
0x533d02,83.3333%,10,50,60,0,0,10,50
0x64adc1,99.9524%,10,21004,21014,0,0,10,21004
0xa1af88,77.2727%,10,34,44,11,5,5,23
0x4bbe72,94.9495%,10,188,198,11,5,5,177
0x80570b,90.566%,10,96,106,96,4,6,0
0x51b39b,99.4701%,10,1877,1887,384,10,0,1493
0x9f28ea,98.2517%,10,562,572,451,6,4,111
0x40e727,95.122%,10,195,205,182,3,7,13
0x9e88dd,91.3793%,10,106,116,106,10,0,0
0x9e0b36,96.1977%,10,253,263,3,3,7,250
0x41068f,94.5355%,10,173,183,1,5,5,172
0x9f5f0e,97.6303%,10,412,422,412,6,4,0
0x9e0960,90.8257%,10,99,109,64,5,5,35
0x838076,90.3846%,10,94,104,83,5,5,11
0x8139a9,77.2727%,10,34,44,5,8,2,29
0xb1b654,98.7547%,10,793,803,793,10,0,0
0xa26093,98.1168%,10,521,531,137,4,6,384
0x4bb4e5,90.3846%,10,94,104,49,3,7,45
0x8ff2a6,87.013%,10,67,77,4,6,4,63
0x9aae52,87.3418%,10,69,79,25,8,2,44
0x5c33a7,87.5%,10,70,80,69,3,7,1
0x9f0c31,94.7368%,10,180,190,0,0,10,180
0x8f6de3,90.4762%,10,95,105,78,5,5,17
0x4a5d29,81.8182%,10,45,55,0,0,10,45
0x9c4004,97.8541%,10,456,466,456,10,0,0
0x49fbac,97.6359%,10,413,423,413,10,0,0
0x66f6a8,41.1765%,10,7,17,4,3,7,3
0x819652,99.905%,10,10518,10528,15,3,7,10503
0x9c4394,92.8571%,10,130,140,130,10,0,0
0x539249,98.0237%,10,496,506,496,8,2,0
0x65a044,99.4869%,10,1939,1949,74,7,3,1865
0x54ee07,76.7442%,10,33,43,26,2,8,7
0x80fc27,70.5882%,10,24,34,13,3,7,11
0x8dc1d4,99.565%,10,2289,2299,662,6,4,1627
0xa25693,98.968%,10,959,969,0,0,10,959
0x90ced4,99.4062%,10,1674,1684,838,4,6,836
0x48898d,99.0421%,10,1034,1044,0,0,10,1034
0x49dfae,75%,10,30,40,0,0,10,30
0xaa347f,98.9305%,10,925,935,915,9,1,10
0x50ef00,83.3333%,10,50,60,34,7,3,16
0x537adb,98.6431%,10,727,737,0,6,4,727
0x8f2099,72.973%,10,27,37,13,7,3,14
0x8a8ba3,75.6098%,10,31,41,13,4,6,18
0x542da9,99.4678%,10,1869,1879,0,0,10,1869
0x8227d0,99.9057%,10,10598,10608,0,0,10,10598
0x4036c2,98.6111%,10,710,720,0,0,10,710
0xa4978c,96.875%,10,310,320,14,4,6,296
0x81afc7,98.8208%,10,838,848,836,7,3,2
0x908d7a,99.766%,10,4264,4274,3716,4,6,548
0x679c1f,99.4444%,10,1790,1800,583,9,1,1207
0xaaa3a4,85.7143%,10,60,70,60,10,0,0
0xa2d794,96.4664%,10,273,283,272,7,3,1
0x4a5cbc,90.7407%,10,98,108,42,10,0,56
0x53fe9b,99.4256%,10,1731,1741,1731,10,0,0
0x8bb6aa,87.8049%,10,72,82,63,6,4,9
0xa57473,92.5373%,10,124,134,117,8,2,7
0xb3277c,99.8448%,10,6432,6442,0,0,10,6432
0x9a8ed4,64.2857%,10,18,28,9,5,5,9
0x51afa7,98.2818%,10,572,582,281,10,0,291
0x8f1919,94.7917%,10,182,192,138,6,4,44
0x9511b8,97.6852%,10,422,432,417,8,2,5
0x600227,99.3046%,10,1428,1438,19,4,6,1409
0x546980,86.1111%,10,62,72,62,6,4,0
0x835c31,73.6842%,10,28,38,28,10,0,0
0x4102ae,98.9407%,10,934,944,49,5,5,885
0x81d0cd,94.5055%,10,172,182,171,5,5,1
0x8fe944,93.5897%,10,146,156,25,2,8,121
0x5419c7,99.1031%,10,1105,1115,36,5,5,1069
0x821c2a,95.3488%,10,205,215,0,0,10,205
0x48db27,99.7759%,10,4453,4463,0,0,10,4453
0x50c118,50%,10,10,20,6,7,3,4
0x8e4eaa,96.124%,10,248,258,0,0,10,248
0xa345ef,95.5556%,10,215,225,127,7,3,88
0x556cdf,95.9514%,10,237,247,237,10,0,0
0x9f1d2f,93.8272%,10,152,162,3,4,6,149
0x9eb3aa,86.1111%,10,62,72,37,7,3,25
0x9d1bf7,41.1765%,10,7,17,0,0,10,7
0x9bdf96,79.1667%,10,38,48,13,3,7,25
0xa571b7,75.6098%,10,31,41,21,6,4,10
0x4a028d,95.1456%,10,196,206,20,6,4,176
0xa02926,96.337%,10,263,273,263,10,0,0
0x787be9,98.3793%,10,607,617,602,4,6,5
0xa28553,93.75%,10,150,160,2,6,4,148
0x53a099,76.1905%,10,32,42,4,9,1,28
0x591b9d,90.8257%,10,99,109,0,0,10,99
0x8fd50e,88.2353%,10,75,85,0,3,7,75
0x8d24d8,87.8049%,10,72,82,72,10,0,0
0x63b518,99.5274%,10,2106,2116,805,5,5,1301
0xa28173,97.0149%,10,325,335,116,10,0,209
0x5127fa,97.6019%,10,407,417,11,9,1,396
0x404985,96.139%,10,249,259,11,6,4,238
0x9a6073,64.2857%,10,18,28,6,8,2,12
0x510eaa,99.5943%,10,2455,2465,2334,0,10,121
0x591139,95.9514%,10,237,247,0,0,10,237
0xa4a0e1,91.1504%,10,103,113,63,4,6,40
0x4b50b7,92.1875%,10,118,128,2,6,4,116
0xa911ce,98.5836%,10,696,706,0,0,10,696
0x8a8fe6,98.8662%,10,872,882,872,8,2,0
0x8dd9e6,99.3869%,10,1621,1631,27,5,5,1594
0x8fe01b,99.6597%,10,2929,2939,0,0,10,2929
0x9f9c58,92.5373%,10,124,134,107,3,7,17
0xa0187d,98.062%,10,506,516,98,6,4,408
0x48de68,99.8568%,10,6973,6983,6866,5,5,107
0x8dce1c,98.6072%,10,708,718,166,9,1,542
0x499462,95%,10,190,200,164,8,2,26
0x5422ac,99.8325%,10,5959,5969,5959,10,0,0
0xa5ce01,93.9394%,10,155,165,153,10,0,2
0x499435,95%,10,190,200,190,10,0,0
0x54546d,98.2047%,10,547,557,417,6,4,130
0x53dc61,92.126%,10,117,127,111,6,4,6
0x9016cf,99.1667%,10,1190,1200,1190,10,0,0
0x51b88d,99.8194%,10,5526,5536,5526,10,0,0
0x8ba049,99.8126%,10,5325,5335,5325,10,0,0
0x67e225,99.8378%,10,6154,6164,0,0,10,6154
0x557d71,86.3014%,10,63,73,39,8,2,24
0x596bf2,99.5684%,10,2307,2317,2307,10,0,0
0x4a1ddc,99.3132%,10,1446,1456,1446,10,0,0
0x5c4c60,99.4484%,10,1803,1813,2,4,6,1801
0x404947,96.139%,10,249,259,18,5,5,231
0xa2d61e,97.9036%,10,467,477,0,4,6,467
0x55095b,86.1111%,10,62,72,13,8,2,49
0x60ec50,86.4865%,10,64,74,27,9,1,37
0x983da0,92.7536%,10,128,138,0,0,10,128
0x7d2eb4,98.8926%,10,893,903,58,9,1,835
0x49ff13,99.8857%,10,8736,8746,0,0,10,8736
0x8ab5a7,98.767%,10,801,811,270,3,7,531
0xa95b9a,92.3077%,10,120,130,120,10,0,0
0x534bff,50%,10,10,20,10,10,0,0
0xa5774e,64.2857%,10,18,28,9,5,5,9
0x53a357,99.5984%,10,2480,2490,0,0,10,2480
0x8fda97,86.8421%,10,66,76,6,7,3,60
0x403d8a,99.1817%,10,1212,1222,134,8,2,1078
0x5436fc,92.7536%,10,128,138,1,2,8,127
0x5991a0,97.1751%,10,344,354,0,0,10,344
0x65a201,96.063%,10,244,254,4,2,8,240
0x4a96eb,85.2941%,10,58,68,50,7,3,8
0x9f9991,75.6098%,10,31,41,14,5,5,17
0x9d111f,96.0784%,10,245,255,2,2,8,243
0x9f94d2,91.6667%,10,110,120,6,4,6,104
0xa526fc,98.062%,10,506,516,506,10,0,0
0x9e2701,95.2381%,10,200,210,143,9,1,57
0xa5eb54,67.7419%,10,21,31,1,4,6,20
0x6277ff,86.4865%,10,64,74,44,0,10,20
0xb2e7c3,99.7511%,10,4007,4017,0,0,10,4007
0x5fec91,81.1321%,10,43,53,5,8,2,38
0x900a94,97.7169%,10,428,438,286,6,4,142
0x8daa8b,97.5%,10,390,400,190,10,0,200
0xa41f9e,88.5057%,10,77,87,77,10,0,0
0x8ef178,94.7917%,10,182,192,172,6,4,10
0x4b4b2c,78.2609%,10,36,46,29,2,8,7
0x4bf249,81.8182%,10,45,55,10,3,7,35
0x8ff883,99.7692%,10,4322,4332,0,0,10,4322
0xa25fb2,99.0128%,10,1003,1013,135,6,4,868
0x404e15,99.9187%,10,12286,12296,0,0,10,12286
0x502ad3,90.6542%,10,97,107,97,5,5,0
0x983f8b,92.7536%,10,128,138,71,3,7,57
0xaa63ce,91.3793%,10,106,116,20,6,4,86
0x8f19fb,79.1667%,10,38,48,35,5,5,3
0x53446d,99.9316%,10,14612,14622,0,0,10,14612
0xa4379b,97.6415%,10,414,424,2,2,8,412
0x40db82,99.8801%,10,8333,8343,0,0,10,8333
0x67e20b,99.8378%,10,6154,6164,6154,10,0,0
0xa9e223,95.0739%,10,193,203,160,3,7,33
0x8fe140,86.1111%,10,62,72,62,10,0,0
0x981454,88.2353%,10,75,85,3,5,5,72
0x9fb036,84.127%,10,53,63,53,10,0,0
0x40e3cb,98.4076%,10,618,628,615,7,3,3
0x552228,99.5091%,10,2027,2037,0,0,10,2027
0x901fd5,99.7869%,10,4682,4692,0,0,10,4682
0x4038cc,97.4359%,10,380,390,3,1,9,377
0x94e039,97.6247%,10,411,421,0,0,10,411
0x58cbb7,96.9231%,10,315,325,157,7,3,158
0x811f6a,94.6809%,10,178,188,164,2,8,14
0x944dca,98.0276%,10,497,507,496,3,7,1
0x9f5c54,87.5%,10,70,80,50,2,8,20
0x59109d,95.9514%,10,237,247,237,10,0,0
0x811867,99.1228%,10,1130,1140,1130,8,2,0
0x9f176d,88.8889%,10,80,90,42,8,2,38
0x60ec62,73.6842%,10,28,38,19,3,7,9
0xa39565,98.6188%,10,714,724,0,0,10,714
0x8f318f,99.612%,10,2567,2577,2556,8,2,11
0x81c1e0,96.3636%,10,265,275,49,6,4,216
0x4a7294,97.4293%,10,379,389,379,10,0,0
0x9776ca,99.3954%,10,1644,1654,274,4,6,1370
0x8ff1c3,94.3182%,10,166,176,3,3,7,163
0xa07493,78.2609%,10,36,46,35,5,5,1
0xb2fdcf,98.0952%,10,515,525,515,10,0,0
0xa9daf0,90.4762%,10,95,105,0,0,10,95
0x5cd3b4,92.1875%,10,118,128,72,3,7,46
0xaab79b,89.899%,10,89,99,89,10,0,0
0x949639,98.227%,10,554,564,554,10,0,0
0xa59fe0,87.5%,10,70,80,69,4,6,1
0x58bc86,87.8049%,10,72,82,12,6,4,60
0xaa33bc,97.0149%,10,325,335,323,3,7,2
0x9d0672,88.2353%,10,75,85,44,7,3,31
0x81049e,96.2963%,10,260,270,102,8,2,158
0x9ef471,80.3922%,10,41,51,24,5,5,17
0xa92d7b,95.5752%,10,216,226,216,10,0,0
0x543ccf,86.3014%,10,63,73,17,4,6,46
0x9ef469,83.3333%,10,50,60,4,5,5,46
0x9a7ba8,96.587%,10,283,293,1,4,6,282
0x511d7f,99.5202%,10,2074,2084,0,0,10,2074
0x984296,60%,10,15,25,7,6,4,8
0x9ab8dd,96.0784%,10,245,255,17,3,7,228
0x81ec86,95.3488%,10,205,215,4,6,4,201
0x9f4ba7,96.7427%,10,297,307,294,9,1,3
0x833a80,92.4242%,10,122,132,11,7,3,111
0x8ecb63,98.9669%,10,958,968,890,6,4,68
0x8e15bb,99.9108%,10,11195,11205,11195,10,0,0
0x51b44a,99.7804%,10,4544,4554,3,6,4,4541
0x8aa993,99.7077%,10,3411,3421,0,0,10,3411
0x97430f,97.996%,10,489,499,489,10,0,0
0x507d3a,72.2222%,10,26,36,26,7,3,0
0x6616e6,96.6667%,10,290,300,196,4,6,94
0x9a7cab,98.2487%,10,561,571,553,6,4,8
0x8e7388,97.5369%,10,396,406,76,7,3,320
0x5cf4d2,74.359%,10,29,39,0,0,10,29
0x813b72,77.2727%,10,34,44,15,7,3,19
0x94d65e,98.227%,10,554,564,552,8,2,2
0x53ba97,97.449%,10,382,392,250,10,0,132
0x5c4c72,99.4388%,10,1772,1782,15,6,4,1757
0x50240e,98.2238%,10,553,563,0,0,10,553
0xa63b72,92%,10,115,125,115,8,2,0
0x8dcbfa,99.565%,10,2289,2299,1515,6,4,774
0x4a7ad8,98.0583%,10,505,515,345,7,3,160
0x493e0e,74.359%,10,29,39,9,6,4,20
0x50f263,70.5882%,10,24,34,22,2,8,2
0x60a958,98.7342%,10,780,790,204,8,2,576
0x6435b3,74.359%,10,29,39,0,0,10,29
0x53dd74,99.9408%,10,16872,16882,0,0,10,16872
0x546616,61.5385%,10,16,26,16,6,4,0
0x8c87b3,97.7974%,10,444,454,7,5,5,437
0x9a7fa5,76.7442%,10,33,43,8,4,6,25
0x4c1b9d,98.1413%,10,528,538,21,3,7,507
0x551007,52.381%,10,11,21,0,6,4,11
0x9a7e19,76.7442%,10,33,43,11,7,3,22
0x556b2f,98.995%,10,985,995,83,7,3,902
0xa32de9,95.5556%,10,215,225,12,3,7,203
0x9f5eb1,97.6526%,10,416,426,416,6,4,0
0x488965,99.0421%,10,1034,1044,1034,10,0,0
0xa272b2,98.0583%,10,505,515,371,7,3,134
0x780204,99.9294%,10,14164,14174,0,0,10,14164
0x54d9f2,74.359%,10,29,39,0,3,7,29
0x7233ed,87.6543%,10,71,81,25,8,2,46
0xb314dd,97.6359%,10,413,423,0,2,8,413
0x8a78cc,96.1089%,10,247,257,247,7,3,0
0x5fb247,95.7746%,9,204,213,204,3,6,0
0x9c380d,89.5349%,9,77,86,62,4,5,15
0x9d1178,95.9821%,9,215,224,116,4,5,99
0x9e03ee,98.9933%,9,885,894,52,7,2,833
0x9f95e3,88%,9,66,75,16,6,3,50
0x972cd9,93.5714%,9,131,140,129,8,1,2
0xa8f863,77.5%,9,31,40,31,5,4,0
0xa25c9f,99.0374%,9,926,935,138,3,6,788
0x4ab130,18.1818%,9,2,11,2,3,6,0
0x59c2e6,95.7944%,9,205,214,202,5,4,3
0x8bd485,99.9867%,9,67630,67639,67630,9,0,0
0x546a01,87.5%,9,63,72,63,5,4,0
0x8a252f,96.7972%,9,272,281,272,9,0,0
0x943b23,93.5252%,9,130,139,130,9,0,0
0xa15a0d,98.2824%,9,515,524,48,6,3,467
0x8aa909,99.7369%,9,3412,3421,0,0,9,3412
0xa31ee1,80.4348%,9,37,46,4,6,3,33
0x488ae4,98.289%,9,517,526,517,9,0,0
0x5c33c7,96.0699%,9,220,229,4,4,5,216
0x8ff895,99.7922%,9,4323,4332,0,4,5,4323
0x60dd84,98.289%,9,517,526,517,9,0,0
0xa8ee75,35.7143%,9,5,14,0,6,3,5
0x50cbcc,86.3636%,9,57,66,14,5,4,43
0x64f496,89.8876%,9,80,89,80,9,0,0
0x7cf524,72.7273%,9,24,33,9,5,4,15
0x944dd3,70%,9,21,30,21,9,0,0
0xa5baeb,87.5%,9,63,72,2,5,4,61
0xa5d05e,96.5251%,9,250,259,77,9,0,173
0x9a22e8,91.8919%,9,102,111,88,8,1,14
0x94e16d,97.8102%,9,402,411,402,9,0,0
0x8102b2,99.4361%,9,1587,1596,798,0,9,789
0x5f757a,93.0233%,9,120,129,120,9,0,0
0x53892b,85%,9,51,60,51,1,8,0
0x611776,98.7854%,9,732,741,732,9,0,0
0x7dfa59,89.1566%,9,74,83,72,9,0,2
0x5c56d1,92.6829%,9,114,123,37,3,6,77
0x80bfbd,71.875%,9,23,32,7,9,0,16
0x8c8082,99.5553%,9,2015,2024,0,1,8,2015
0x80be82,18.1818%,9,2,11,2,4,5,0
0xb32432,99.0712%,9,960,969,0,0,9,960
0x9f5ce6,52.6316%,9,10,19,8,4,5,2
0x8e25d5,99.8294%,9,5266,5275,102,8,1,5164
0xa08650,78.5714%,9,33,42,30,4,5,3
0x5058cf,90.8163%,9,89,98,5,0,9,84
0x677d05,99.0664%,9,955,964,814,5,4,141
0x4a1d21,99.416%,9,1532,1541,1532,9,0,0
0x8aabd5,94.1558%,9,145,154,0,0,9,145
0xaa6375,98.2249%,9,498,507,302,5,4,196
0x8e2b01,99.6321%,9,2437,2446,58,6,3,2379
0x541cfe,99.2153%,9,1138,1147,0,1,8,1138
0x5b3090,80%,9,36,45,35,6,3,1
0x8fd47b,86.3636%,9,57,66,31,3,6,26
0x9d1ccc,76.3158%,9,29,38,8,8,1,21
0x9f59e7,94.3396%,9,150,159,0,0,9,150
0x67a9a5,99.6736%,9,2748,2757,0,0,9,2748
0x5f7a16,95.6522%,9,198,207,172,3,6,26
0x5e473e,99.4036%,9,1500,1509,1500,9,0,0
0x4b4a81,97.5741%,9,362,371,0,2,7,362
0xa57ba4,88.4615%,9,69,78,35,4,5,34
0x53e30d,99.7579%,9,3709,3718,0,0,9,3709
0xa31b60,95.7746%,9,204,213,178,4,5,26
0x53d964,95.288%,9,182,191,0,0,9,182
0x8fcc7a,96.8198%,9,274,283,263,4,5,11
0xa03aa3,92.3077%,9,108,117,53,2,7,55
0xa26b70,40%,9,6,15,4,5,4,2
0x5f96d8,50%,9,9,18,7,3,6,2
0x53c4a2,98.2659%,9,510,519,385,4,5,125
0x82255e,98.7234%,9,696,705,483,1,8,213
0x808866,97.2477%,9,318,327,318,5,4,0
0x837d69,92.0354%,9,104,113,14,6,3,90
0x80b947,95.9641%,9,214,223,193,6,3,21
0x9e036b,99.0881%,9,978,987,978,9,0,0
0xb46774,94.5783%,9,157,166,3,2,7,154
0x40d0cb,99.8723%,9,7040,7049,7040,9,0,0
0x48f129,93.0233%,9,120,129,94,5,4,26
0x66f621,86.5672%,9,58,67,3,5,4,55
0x4bc2e2,99.3968%,9,1483,1492,1483,9,0,0
0x60de84,97.1698%,9,309,318,0,0,9,309
0x8a50c6,40%,9,6,15,4,5,4,2
0x40dc7d,99.5403%,9,1949,1958,1949,9,0,0
0x811ea0,99.627%,9,2404,2413,1,4,5,2403
0x821c33,95.814%,9,206,215,0,0,9,206
0x48dc9a,99.9214%,9,11437,11446,0,0,9,11437
0x8ff509,84.7458%,9,50,59,50,9,0,0
0x5e6146,99.4036%,9,1500,1509,1491,8,1,9
0x4a8417,90.2174%,9,83,92,80,6,3,3
0x50d0e9,94.7977%,9,164,173,164,9,0,0
0xa261e5,98.3051%,9,522,531,522,9,0,0
0x94c646,98.3986%,9,553,562,553,9,0,0
0x81440b,98.3146%,9,525,534,0,0,9,525
0x4872c3,98.0851%,9,461,470,5,7,2,456
0xa33e38,96.5517%,9,252,261,209,7,2,43
0x5488b0,85.9375%,9,55,64,55,1,8,0
0x90190e,97.6127%,9,368,377,0,0,9,368
0x82180b,98.4589%,9,575,584,54,5,4,521
0x5e0128,96.8966%,9,281,290,139,6,3,142
0xb17ca7,99.3741%,9,1429,1438,0,0,9,1429
0x50a6f1,90%,9,81,90,17,3,6,64
0x51293b,97.2644%,9,320,329,320,9,0,0
0x534a42,98.1481%,9,477,486,475,2,7,2
0x8f122c,77.5%,9,31,40,30,2,7,1
0x803fa2,96.4427%,9,244,253,232,4,5,12
0x503d54,82.6923%,9,43,52,41,7,2,2
0x49de37,90.8163%,9,89,98,24,4,5,65
0x64c6a9,78.5714%,9,33,42,33,5,4,0
0x78cd7e,98.9655%,9,861,870,0,0,9,861
0x53ab3c,80.8511%,9,38,47,4,2,7,34
0x493737,89.6552%,9,78,87,78,9,0,0
0x538036,79.5455%,9,35,44,35,3,6,0
0x9a0f7a,57.1429%,9,12,21,11,4,5,1
0x8e3d56,96.9799%,9,289,298,289,9,0,0
0x485cb3,97.0588%,9,297,306,0,0,9,297
0x49ee97,67.8571%,9,19,28,9,5,4,10
0x4bc5c8,52.6316%,9,10,19,3,4,5,7
0xa018db,98.8281%,9,759,768,759,5,4,0
0x50a0c0,88.1579%,9,67,76,10,4,5,57
0x53b0e0,99.8255%,9,5150,5159,0,0,9,5150
0x4043b3,99.6228%,9,2377,2386,339,6,3,2038
0xa01da8,87.1429%,9,61,70,61,3,6,0
0xa9dac0,40%,9,6,15,0,6,3,6
0x780eea,99.0426%,9,931,940,931,9,0,0
0x48ee2f,95.1613%,9,177,186,176,2,7,1
0x40a255,90.1099%,9,82,91,0,2,7,82
0x8a75e0,96.5116%,9,249,258,104,7,2,145
0x50899c,97.7667%,9,394,403,394,5,4,0
0x9777b8,98.9714%,9,866,875,0,6,3,866
0xae40c8,99.2056%,9,1124,1133,0,0,9,1124
0x8f76ae,94.1176%,9,144,153,104,4,5,40
0x90a3fc,94.8864%,9,167,176,127,5,4,40
0xaa5710,90.3226%,9,84,93,0,0,9,84
0x8f0c74,87.1429%,9,61,70,4,4,5,57
0x40573d,99.8727%,9,7063,7072,0,0,9,7063
0x488e69,94.2308%,9,147,156,147,5,4,0
0x8e1daa,60.8696%,9,14,23,13,4,5,1
0x4c4095,95.5882%,9,195,204,107,5,4,88
0xa393b9,99.0077%,9,898,907,0,0,9,898
0x4a8508,83.0189%,9,44,53,39,4,5,5
0xb1b05e,97.9215%,9,424,433,0,0,9,424
0x8f3f28,99.4944%,9,1771,1780,87,4,5,1684
0x97b7aa,86.9565%,9,60,69,2,5,4,58
0x50fd9d,99.9316%,9,13148,13157,472,2,7,12676
0x63902e,96.7509%,9,268,277,250,2,7,18
0x99b8c8,95.2632%,9,181,190,159,5,4,22
0x501930,99.0955%,9,986,995,288,7,2,698
0x666964,98.4589%,9,575,584,575,9,0,0
0x917886,94.4444%,9,153,162,6,6,3,147
0x9f7ada,90.2174%,9,83,92,0,0,9,83
0x51b2e9,52.6316%,9,10,19,7,6,3,3
0x5de1cb,99.2748%,9,1232,1241,1228,5,4,4
0x609e72,98.5318%,9,604,613,604,9,0,0
0x509f94,99.1921%,9,1105,1114,1105,9,0,0
0xb18385,99.1045%,9,996,1005,0,0,9,996
0xb0b404,99.755%,9,3665,3674,3665,9,0,0
0x66715c,94.2675%,9,148,157,146,5,4,2
0x8b9ecd,97.5676%,9,361,370,85,6,3,276
0x4993a2,78.5714%,9,33,42,33,9,0,0
0x5f8ffc,88%,9,66,75,13,7,2,53
0x4be77f,59.0909%,9,13,22,12,1,8,1
0x8d2946,99.953%,9,19131,19140,18915,5,4,216
0x592e3d,83.3333%,9,45,54,41,9,0,4
0x805814,98.7013%,9,684,693,508,9,0,176
0x819688,99.9144%,9,10501,10510,323,6,3,10178
0x5411f6,99.7514%,9,3611,3620,0,0,9,3611
0x555a2a,85.7143%,9,54,63,5,3,6,49
0x4048a0,96.4%,9,241,250,216,5,4,25
0xaa126a,75.6757%,9,28,37,26,7,2,2
0x59121e,90.8163%,9,89,98,89,9,0,0
0x5d3b08,99.2771%,9,1236,1245,1236,9,0,0
0x53c592,52.6316%,9,10,19,4,4,5,6
0x5ff45f,78.5714%,9,33,42,28,3,6,5
0x4a623d,93.7931%,9,136,145,56,3,6,80
0xad7bc4,89.6552%,9,78,87,71,5,4,7
0x811c02,98.8296%,9,760,769,0,0,9,760
0x403d04,92.0354%,9,104,113,52,7,2,52
0x980d78,80.8511%,9,38,47,30,6,3,8
0x590675,99.4746%,9,1704,1713,0,0,9,1704
0x984c16,89.1566%,9,74,83,4,8,1,70
0x969282,94.8571%,9,166,175,0,0,9,166
0xa3999a,96.7033%,9,264,273,264,9,0,0
0x534926,86.3636%,9,57,66,57,9,0,0
0xa904de,89.4118%,9,76,85,20,8,1,56
0x980612,91.6667%,9,99,108,51,2,7,48
0x4bb174,95.2128%,9,179,188,73,5,4,106
0x8c8325,70%,9,21,30,11,8,1,10
0x9d033c,97.8673%,9,413,422,50,4,5,363
0x53ebef,94.3038%,9,149,158,149,5,4,0
0x410861,83.3333%,9,45,54,0,0,9,45
0x4aae11,77.5%,9,31,40,0,1,8,31
0x821596,99.7585%,9,3717,3726,0,0,9,3717
0x58d2c1,90.2174%,9,83,92,28,2,7,55
0x9f123a,99.1036%,9,995,1004,995,9,0,0
0x50a3bf,93.3824%,9,127,136,127,9,0,0
0x80e716,94.5122%,9,155,164,9,5,4,146
0x404716,98.5531%,9,613,622,610,4,5,3
0x814b1a,96.4981%,9,248,257,4,2,7,244
0x9fafc1,97.6982%,9,382,391,0,0,9,382
0xad7faa,99.0302%,9,919,928,919,9,0,0
0x8ba0ce,99.9069%,9,9663,9672,186,5,4,9477
0x94479e,92.3729%,9,109,118,0,0,9,109
0x5d2323,99.2771%,9,1236,1245,1236,9,0,0
0x53ec3f,94.1558%,9,145,154,143,6,3,2
0x53a3f1,99.8897%,9,8149,8158,0,0,9,8149
0x8ab0bf,98.9486%,9,847,856,847,9,0,0
0x5529ba,93.662%,9,133,142,2,2,7,131
0x67b89b,94.3038%,9,149,158,149,9,0,0
0x5fd765,95.1087%,9,175,184,92,0,9,83
0x8bd7e8,99.5828%,9,2148,2157,2133,4,5,15
0x40488b,97.733%,9,388,397,138,9,0,250
0xa97a91,40%,9,6,15,6,4,5,0
0x8aebe9,95.6522%,9,198,207,4,5,4,194
0xa3fef8,50%,9,9,18,0,6,3,9
0x8e3dc5,94.3396%,9,150,159,113,5,4,37
0x557c6c,96.3115%,9,235,244,0,0,9,235
0x62792b,99.1228%,9,1017,1026,1017,9,0,0
0x949f42,95.9641%,9,214,223,214,9,0,0
0xa15e3a,55%,9,11,20,4,4,5,7
0x48ef92,83.6364%,9,46,55,12,3,6,34
0x40ec39,99.1477%,9,1047,1056,119,7,2,928
0x9eca1a,94.0789%,9,143,152,0,0,9,143
0x90831d,99.581%,9,2139,2148,0,0,9,2139
0x8f1f8d,94.0789%,9,143,152,34,5,4,109
0x5c6c09,99.581%,9,2139,2148,2139,9,0,0
0x9c3926,87.6712%,9,64,73,2,0,9,62
0x8ffb13,96.7857%,9,271,280,271,9,0,0
0x67f158,99.5996%,9,2239,2248,2134,6,3,105
0x9f9757,88.8889%,9,72,81,43,6,3,29
0x8f6c3b,95.9821%,9,215,224,108,7,2,107
0x40a9a3,84.4828%,9,49,58,18,8,1,31
0x60e557,88.8889%,9,72,81,21,5,4,51
0xa5c4a1,82%,9,41,50,28,4,5,13
0x9a6f96,74.2857%,9,26,35,0,9,0,26
0x819169,86.7647%,9,59,68,27,7,2,32
0x8141f2,99.9218%,9,11499,11508,0,0,9,11499
0x8e1538,99.8328%,9,5373,5382,0,0,9,5373
0x4c5273,97.1698%,9,309,318,289,2,7,20
0x821ebb,93.75%,9,135,144,0,0,9,135
0x4bbf41,97.7556%,9,392,401,338,7,2,54
0x9fbf8f,97.0588%,9,297,306,0,0,9,297
0x54c697,89.8876%,9,80,89,0,0,9,80
0x541219,99.913%,9,10335,10344,0,0,9,10335
0x508ea7,91.8182%,9,101,110,28,6,3,73
0x9e0bed,60.8696%,9,14,23,4,2,7,10
0x4a72bc,96.0177%,9,217,226,217,8,1,0
0x909182,99.5153%,9,1848,1857,0,0,9,1848
0xacfac0,96.1864%,9,227,236,2,4,5,225
0x5dec58,99.2748%,9,1232,1241,1232,9,0,0
0x8fdab8,83.9286%,9,47,56,47,5,4,0
0x504206,92.7419%,9,115,124,58,4,5,57
0x8bd617,99.5783%,9,2125,2134,2125,9,0,0
0x8f6ce8,80%,9,36,45,25,5,4,11
0x722a3f,90.5263%,9,86,95,9,5,4,77
0xb2e734,99.8874%,9,7986,7995,0,0,9,7986
0x8fe8d5,94.2308%,9,147,156,147,8,1,0
0x505052,87.1429%,9,61,70,0,0,9,61
0x593807,77.5%,9,31,40,15,6,3,16
0x80f0cc,98.2283%,9,499,508,499,7,2,0
0x535870,70.9677%,9,22,31,2,5,4,20
0x4b66db,67.8571%,9,19,28,2,6,3,17
0x402028,98.9424%,9,842,851,33,4,5,809
0x9484ae,99.3759%,9,1433,1442,1433,9,0,0
0x8be3eb,98.5531%,9,613,622,0,0,9,613
0x403ebe,99.6367%,9,2468,2477,105,8,1,2363
0x609cbf,98.6486%,9,657,666,0,0,9,657
0x8fc48d,99.0153%,9,905,914,0,0,9,905
0x54538d,94.1558%,9,145,154,145,5,4,0
0x5f55b1,83.9286%,9,47,56,47,5,4,0
0x4894ee,98.9703%,9,865,874,865,9,0,0
0x4943e0,87.1429%,9,61,70,51,3,6,10
0x6804ec,99.8033%,9,4566,4575,0,0,9,4566
0x8f428f,99.6426%,9,2509,2518,2225,3,6,284
0x609c49,98.5318%,9,604,613,0,0,9,604
0xa30103,97.01%,9,292,301,292,4,5,0
0x8fe35f,99.9356%,9,13965,13974,13965,9,0,0
0xa5236c,94.1558%,9,145,154,145,9,0,0
0x9a9cfb,97.6501%,9,374,383,374,9,0,0
0x99d9ea,75.6757%,9,28,37,28,9,0,0
0x8e9f77,99.4693%,9,1687,1696,4,8,1,1683
0x904147,98.6994%,9,683,692,683,9,0,0
0x4be9cd,93.5714%,9,131,140,100,5,4,31
0x8f67d9,93.5714%,9,131,140,8,2,7,123
0xa510f6,96.4427%,9,244,253,244,5,4,0
0x49f9d1,94.2675%,9,148,157,7,8,1,141
0x50f9cb,99.1667%,9,1071,1080,1071,9,0,0
0x4b81e3,18.1818%,9,2,11,2,9,0,0
0x8f3667,92.2414%,9,107,116,8,7,2,99
0x5f6c73,67.8571%,9,19,28,10,8,1,9
0x7ac07b,90.625%,9,87,96,56,5,4,31
0x64b1f1,99.0228%,9,912,921,912,9,0,0
0x5fa9be,98.8064%,9,745,754,735,1,8,10
0x5509cd,82.3529%,9,42,51,40,6,3,2
0x5486b4,99.6175%,9,2344,2353,2344,9,0,0
0x404172,98.5623%,9,617,626,87,7,2,530
0x58fda1,99.8761%,9,7253,7262,7253,9,0,0
0x4a1304,98.081%,9,460,469,2,0,9,458
0x48f610,77.5%,9,31,40,28,6,3,3
0x5af781,83.0189%,9,44,53,43,8,1,1
0xa43c8b,96.7972%,9,272,281,0,0,9,272
0xa52623,92.8571%,9,117,126,0,4,5,117
0x90267e,99.25%,9,1191,1200,1191,9,0,0
0x8a98a8,99.3878%,9,1461,1470,0,0,9,1461
0x972c3b,93.5714%,9,131,140,131,9,0,0
0x901f6d,99.8082%,9,4683,4692,4683,9,0,0
0x8194c9,91.5888%,9,98,107,24,3,6,74
0x4b87cf,67.8571%,9,19,28,16,1,8,3
0x59006b,99.7819%,9,4117,4126,4117,9,0,0
0x5049bf,85.9375%,9,55,64,16,7,2,39
0x8a282e,96.7972%,9,272,281,272,9,0,0
0x9a468c,98.6919%,9,679,688,679,9,0,0
0x53a581,96.4143%,9,242,251,242,7,2,0
0x490c7f,60.8696%,9,14,23,2,4,5,12
0x8f42d5,99.6424%,9,2508,2517,91,1,8,2417
0x5fa93a,98.152%,9,478,487,107,4,5,371
0xa589d8,93.8356%,9,137,146,0,0,9,137
0xa46da3,97.0199%,9,293,302,234,8,1,59
0xa526c4,79.0698%,9,34,43,7,4,5,27
0x534fde,85.9375%,9,55,64,55,9,0,0
0x550ee4,81.6327%,9,40,49,16,7,2,24
0x7d1bcf,99.0228%,9,912,921,58,9,0,854
0x5fc761,92.5%,9,111,120,111,7,2,0
0x5cf3b5,99.5266%,9,1892,1901,1892,9,0,0
0x40394d,75.6757%,9,28,37,28,9,0,0
0x8e5119,99.5448%,9,1968,1977,1519,4,5,449
0x97846d,98.1132%,9,468,477,12,6,3,456
0x643a8e,98.8173%,9,752,761,0,0,9,752
0x64b4dd,99.6175%,9,2344,2353,2342,8,1,2
0x908ef9,99.7338%,9,3372,3381,760,5,4,2612
0xa921d9,96.6912%,9,263,272,0,4,5,263
0x512e57,99.7379%,9,3425,3434,0,0,9,3425
0x6386c2,99.7736%,9,3967,3976,3967,9,0,0
0x49c3d6,43.75%,9,7,16,1,5,4,6
0x64b50e,99.617%,9,2341,2350,0,0,9,2341
0xaa641a,90%,9,81,90,75,7,2,6
0x8fe580,97.8417%,9,408,417,0,0,9,408
0x402c09,99.9024%,9,9217,9226,0,0,9,9217
0xada7bd,99.8707%,9,6953,6962,0,0,9,6953
0xaa581c,99.0964%,9,987,996,0,0,9,987
0xa2ef4a,89.2857%,9,75,84,0,0,9,75
0x5ae442,78.0488%,9,32,41,27,5,4,5
0x8fd01a,93.8776%,9,138,147,0,0,9,138
0x512316,98.7306%,9,700,709,59,8,1,641
0x511e81,99.4706%,9,1691,1700,1691,9,0,0
0xa074e0,62.5%,9,15,24,11,2,7,4
0x5b9bfa,89.6552%,9,78,87,9,5,4,69
0x4036db,98.8447%,9,770,779,0,0,9,770
0x50aa0c,91.8919%,9,102,111,0,0,9,102
0x543d5a,95.1872%,9,178,187,178,9,0,0
0x9f6a43,55%,9,11,20,6,6,3,5
0xa363fc,93.4307%,9,128,137,128,2,7,0
0x805720,91.5094%,9,97,106,97,7,2,0
0x9f5a3e,88%,9,66,75,64,7,2,2
0xa58a9a,93.4783%,9,129,138,39,3,6,90
0x552a9c,93.662%,9,133,142,0,4,5,133
0x58d418,84.2105%,9,48,57,40,5,4,8
0x5f75bb,93.0233%,9,120,129,91,8,1,29
0x5ff2ff,76.3158%,9,29,38,3,6,3,26
0x7acef2,89.1566%,9,74,83,52,4,5,22
0x59c51f,96.7391%,9,267,276,1,6,3,266
0x94e140,97.8102%,9,402,411,402,9,0,0
0xa9b8da,47.0588%,9,8,17,7,4,5,1
0x40507c,99.7586%,9,3720,3729,2,4,5,3718
0x9a9416,85%,9,51,60,13,7,2,38
0x4ca662,80.4348%,9,37,46,2,9,0,35
0x40bb97,96.9799%,9,289,298,289,9,0,0
0xa9687d,96.0177%,9,217,226,0,0,9,217
0x53ff19,97.8873%,9,417,426,1,3,6,416
0x50bfbb,86.3636%,9,57,66,57,6,3,0
0x81be64,96.1864%,9,227,236,23,9,0,204
0x78d5d7,86.9565%,9,60,69,2,3,6,58
0x80600c,97.4138%,9,339,348,119,7,2,220
0x8edb88,98.0044%,9,442,451,0,2,7,442
0x81305b,98.9362%,9,837,846,0,0,9,837
0x7942db,68.9655%,9,20,29,9,4,5,11
0x9a6a5d,35.7143%,9,5,14,5,9,0,0
0x8e98db,99.1713%,9,1077,1086,1077,7,2,0
0x63fd9a,99.0635%,9,952,961,952,9,0,0
0x540a37,91.5094%,9,97,106,81,7,2,16
0xa33d21,98.9714%,9,866,875,519,9,0,347
0x557700,98.2558%,9,507,516,0,0,9,507
0x8dd8fa,99.6085%,9,2290,2299,63,3,6,2227
0x8bad47,97.9684%,9,434,443,419,6,3,15
0x5521be,99.1453%,9,1044,1053,1044,9,0,0
0x9e7fb5,93.617%,9,132,141,7,4,5,125
0x8ab0ce,98.9486%,9,847,856,0,0,9,847
0x4039b1,73.5294%,9,25,34,10,6,3,15
0x5555ab,99.2611%,9,1209,1218,0,0,9,1209
0xa45341,97.7387%,9,389,398,342,6,3,47
0x49fc52,47.0588%,9,8,17,1,1,8,7
0xb0c671,99.8262%,9,5169,5178,3114,8,1,2055
0xa33aaa,99.3284%,9,1331,1340,1265,3,6,66
0x8e26e1,99.3706%,9,1421,1430,0,0,9,1421
0x489535,91.7431%,9,100,109,100,9,0,0
0x55228f,99.5582%,9,2028,2037,2028,9,0,0
0xa02336,99.8801%,9,7500,7509,7500,9,0,0
0x900526,99.9254%,9,12049,12058,0,0,9,12049
0x8bd2c9,99.4857%,9,1741,1750,1741,9,0,0
0x9f8873,70%,9,21,30,6,5,4,15
0x99e8fe,91.4286%,9,96,105,45,5,4,51
0xa4683c,97.2561%,9,319,328,234,8,1,85
0x545b01,99.8381%,9,5549,5558,6,3,6,5543
0x81a0e5,90.1099%,9,82,91,80,7,2,2
0x4a6cad,90.9091%,9,90,99,0,0,9,90
0x405053,57.1429%,9,12,21,0,0,9,12
0x49c0d6,90.5263%,9,86,95,86,9,0,0
0x4898e1,97.644%,9,373,382,0,8,1,373
0x55216c,99.8265%,9,5178,5187,0,0,9,5178
0x404941,96.5251%,9,250,259,0,0,9,250
0x81ea6b,89.5349%,9,77,86,5,5,4,72
0x403995,75.6757%,9,28,37,0,0,9,28
0x551dc8,96.5385%,9,251,260,251,9,0,0
0x973d47,91.2621%,9,94,103,6,1,8,88
0x907558,80%,9,36,45,1,9,0,35
0x4a6f59,98.2387%,9,502,511,0,0,9,502
0x8ad6be,89.8876%,9,80,89,79,5,4,1
0x64af41,99.8423%,9,5699,5708,0,0,9,5699
0xa27610,99.5422%,9,1957,1966,0,0,9,1957
0x5389b4,99.8466%,9,5857,5866,0,0,9,5857
0x903f15,89.2857%,9,75,84,49,1,8,26
0xa904be,94.5122%,9,155,164,101,2,7,54
0x488b0c,98.289%,9,517,526,517,9,0,0
0x63c5fb,99.0635%,9,952,961,0,0,9,952
0xa90b23,35.7143%,9,5,14,5,3,6,0
0x8f75fa,94.2675%,9,148,157,148,9,0,0
0x499759,87.8378%,9,65,74,0,0,9,65
0x8a25a1,96.6038%,9,256,265,0,0,9,256
0xa43e0c,92.2414%,9,107,116,64,3,6,43
0xb14941,99.7886%,9,4249,4258,0,0,9,4249
0x441497,98.4536%,9,573,582,521,4,5,52
0x8fbf3a,97.8313%,9,406,415,406,9,0,0
0x8080a5,98.9324%,9,834,843,278,4,5,556
0x5f5303,99.9043%,9,9399,9408,5612,6,3,3787
0x8e2d53,57.1429%,9,12,21,6,2,7,6
0x80dfcf,99.7443%,9,3511,3520,3297,3,6,214
0x5f83ab,66.6667%,9,18,27,5,3,6,13
0x5ffa30,97.1154%,9,303,312,261,5,4,42
0xa396a9,98.9865%,9,879,888,879,9,0,0
0x9a738b,50%,9,9,18,4,6,3,5
0x49980d,79.0698%,9,34,43,18,7,2,16
0x7c66b3,95.3846%,9,186,195,25,6,3,161
0x7816fd,95.1351%,9,176,185,144,8,1,32
0xa44d25,95.3608%,9,185,194,185,5,4,0
0x4bd657,85.4839%,9,53,62,9,6,3,44
0x7d2c17,98.5413%,9,608,617,258,8,1,350
0x59916a,99.7994%,9,4478,4487,4478,9,0,0
0xa591f6,92.437%,9,110,119,0,0,9,110
0x8fdaa2,85.7143%,9,54,63,0,7,2,54
0x8f686a,93.5714%,9,131,140,99,7,2,32
0x8341d2,92.9688%,9,119,128,1,3,6,118
0x9f1a25,10%,9,1,10,1,9,0,0
0xa5238f,88.3117%,9,68,77,0,6,3,68
0x787c36,98.9738%,9,868,877,0,0,9,868
0x8b9a2e,99.1979%,9,1113,1122,164,4,5,949
0xa93311,89.7727%,9,79,88,79,9,0,0
0x9a7d03,98.39%,9,550,559,150,0,9,400
0x977dab,93.1298%,9,122,131,116,5,4,6
0x54ff60,98.0176%,9,445,454,0,0,9,445
0x4c6ee0,89.1566%,9,74,83,0,0,9,74
0x8f469c,99.6407%,9,2496,2505,0,0,9,2496
0x9a9e4a,94.9438%,9,169,178,131,6,3,38
0xb32693,99.8603%,9,6433,6442,0,0,9,6433
0xa487ae,96.281%,9,233,242,62,2,7,171
0xa4bd78,96.4427%,9,244,253,244,5,4,0
0x9013d9,90.625%,9,87,96,38,8,1,49
0x94975f,88.6076%,9,70,79,70,9,0,0
0x9aacf6,98.6975%,9,682,691,0,0,9,682
0xa449f3,98.56%,9,616,625,0,4,5,616
0x90224c,99.4659%,9,1676,1685,1676,9,0,0
0x82243c,95.1613%,9,177,186,0,0,9,177
0xa4d6b8,76.3158%,9,29,38,0,2,7,29
0x8f1f76,95.3125%,9,183,192,183,9,0,0
0x4bb723,95.6938%,9,200,209,199,5,4,1
0x48ebd6,90%,9,81,90,60,6,3,21
0xb2b52a,97.3988%,9,337,346,337,9,0,0
0xa9cefb,88.3117%,9,68,77,54,4,5,14
0x96a667,87.5%,9,63,72,0,7,2,63
0xa5756d,78.0488%,9,32,41,0,0,9,32
0x58d1c5,90.2174%,9,83,92,65,7,2,18
0x405a55,98.8708%,9,788,797,10,4,5,778
0x48a97a,98.9899%,9,882,891,0,0,9,882
0x50734b,98.7838%,9,731,740,0,0,9,731
0x48a24d,99.8524%,9,6090,6099,0,0,9,6090
0x8def1c,97.8673%,9,413,422,0,0,9,413
0xa3fc87,89.5349%,9,77,86,9,5,4,68
0x58e4a5,92.0354%,9,104,113,103,9,0,1
0x503a13,98.5294%,9,603,612,4,5,4,599
0x48f773,43.75%,9,7,16,6,4,5,1
0x534249,99.8352%,9,5453,5462,5453,9,0,0
0x63f9ec,99.6806%,9,2809,2818,2809,9,0,0
0x5bd6f2,97.281%,9,322,331,11,5,4,311
0x98b294,95.9091%,9,211,220,211,9,0,0
0x481787,76.3158%,9,29,38,29,9,0,0
0x50f057,85.9375%,9,55,64,44,7,2,11
0x8ea34d,99.2653%,9,1216,1225,1216,9,0,0
0x4c22ed,94.6429%,9,159,168,149,3,6,10
0x404ef3,98.7106%,9,689,698,672,2,7,17
0x8f44d1,93.2331%,9,124,133,27,6,3,97
0x9f6d5b,95.8716%,9,209,218,209,4,5,0
0xa4e962,94.375%,9,151,160,20,2,7,131
0xad7e12,99.6856%,9,2854,2863,0,0,9,2854
0x405acf,97.8923%,9,418,427,321,2,7,97
0x48d802,91.5888%,9,98,107,96,5,4,2
0x5017f4,99.7386%,9,3434,3443,0,0,9,3434
0x511aed,99.6824%,9,2825,2834,2825,9,0,0
0x504421,97.0297%,9,294,303,285,0,9,9
0x4c270d,93.2331%,9,124,133,45,4,5,79
0x4a6f17,98.2387%,9,502,511,502,9,0,0
0x65a0bb,99.4016%,9,1495,1504,0,0,9,1495
0x509868,99.7928%,9,4334,4343,0,0,9,4334
0x50dbc4,99.2593%,9,1206,1215,1206,9,0,0
0x94ddc9,97.8972%,9,419,428,59,5,4,360
0xb17ac7,99.1517%,9,1052,1061,340,6,3,712
0x58cd25,94.5455%,9,156,165,0,0,9,156
0x534902,86.3636%,9,57,66,57,9,0,0
0x974630,91.5094%,9,97,106,60,6,3,37
0x8ed358,99.8062%,9,4635,4644,4635,3,6,0
0x9f05e5,98.8312%,9,761,770,640,5,4,121
0x8ee6ec,97.9118%,9,422,431,39,3,6,383
0x58e013,87.8378%,9,65,74,4,0,9,61
0x4b50d7,92.9688%,9,119,128,117,3,6,2
0x9f5996,96.1702%,9,226,235,226,9,0,0
0x809200,92.6829%,9,114,123,109,4,5,5
0xaab136,99.6516%,9,2574,2583,0,0,9,2574
0x5af6c7,85.4839%,9,53,62,46,7,2,7
0x8e213e,97.8824%,9,416,425,416,9,0,0
0x55031b,97.4576%,9,345,354,345,9,0,0
0x4994f6,85%,9,51,60,51,9,0,0
0x501b4f,98.8665%,9,785,794,0,3,6,785
0x5387cd,99.8731%,9,7081,7090,0,0,9,7081
0xb0a736,98.3784%,9,546,555,546,9,0,0
0x8dfd16,97.5806%,9,363,372,127,3,6,236
0x8ffb99,99.4024%,9,1497,1506,1497,9,0,0
0x50a6e3,93.3824%,9,127,136,40,6,3,87
0x499712,92.9134%,9,118,127,50,3,6,68
0x81067a,94.5122%,9,155,164,129,1,8,26
0xa310a5,95.3608%,9,185,194,0,0,9,185
0x4036ea,98.8622%,9,782,791,0,0,9,782
0x98cd02,99.4479%,9,1621,1630,0,0,9,1621
0x9ea692,94.6108%,9,158,167,37,2,7,121
0xb2e2f1,81.25%,9,39,48,1,1,8,38
0x98ce46,99.5166%,9,1853,1862,0,0,9,1853
0x90e114,85%,9,51,60,23,7,2,28
0x5342eb,91.0891%,9,92,101,0,3,6,92
0x55460b,99.2611%,9,1209,1218,1209,9,0,0
0x9485d9,99.3759%,9,1433,1442,1433,9,0,0
0x504da7,90.3226%,9,84,93,54,1,8,30
0x7c7bd2,89.1566%,9,74,83,74,8,1,0
0x975328,70%,9,21,30,10,2,7,11
0x50d2d1,99.4475%,9,1620,1629,1327,4,5,293
0x803a43,98.0088%,9,443,452,0,4,5,443
0xaa2353,98.4694%,9,579,588,540,3,6,39
0x48d7bc,99.1%,9,991,1000,255,8,1,736
0x4ba9d1,97.5871%,9,364,373,71,8,1,293
0x49fb68,97.8723%,9,414,423,0,0,9,414
0x5412f5,99.8855%,9,7849,7858,0,0,9,7849
0x508997,97.973%,9,435,444,37,4,5,398
0xa9838e,82.6923%,9,43,52,41,8,1,2
0xa9dafe,84.2105%,9,48,57,0,2,7,48
0x557b9c,86.1538%,9,56,65,49,8,1,7
0xaa1104,88.75%,9,71,80,42,2,7,29
0x81e6ab,98.8875%,9,800,809,758,4,5,42
0x9ec255,83.9286%,9,47,56,47,3,6,0
0xa4cf1e,35.7143%,9,5,14,1,5,4,4
0x8dd848,98.5222%,9,600,609,163,7,2,437
0x8165ad,82.3529%,9,42,51,8,4,5,34
0x48c536,83.3333%,9,45,54,45,9,0,0
0x833f7e,88.75%,9,71,80,5,5,4,66
0x538648,99.3635%,9,1405,1414,1405,9,0,0
0x901ba7,94.6746%,9,160,169,0,0,9,160
0xa15c54,97.6378%,9,372,381,372,3,6,0
0x9f7af5,94.9153%,9,168,177,168,9,0,0
0x4a73f1,76.9231%,9,30,39,30,9,0,0
0x59e5fd,91.9643%,9,103,112,23,5,4,80
0x53d8e0,99.4601%,9,1658,1667,1658,9,0,0
0x808fdb,95.9641%,9,214,223,19,3,6,195
0x80b35c,96.2343%,9,230,239,230,3,6,0
0x405aa5,97.9167%,9,423,432,117,5,4,306
0x95010b,99.5851%,9,2160,2169,2160,9,0,0
0x9e3ee9,97.3529%,9,331,340,301,2,7,30
0xa9e10f,96.2025%,9,228,237,228,9,0,0
0x507036,97.0199%,9,293,302,0,0,9,293
0xa504c7,96.4981%,9,248,257,1,3,6,247
0x8bd1f1,99.8584%,9,6346,6355,6346,9,0,0
0xb300d4,99.1533%,9,1054,1063,0,0,9,1054
0x55223d,99.5582%,9,2028,2037,2028,9,0,0
0xa338a9,92.2414%,9,107,116,2,5,4,105
0xa39efb,78.0488%,9,32,41,5,6,3,27
0x5b2faa,95.7746%,9,204,213,201,2,7,3
0x8f3217,89.2857%,9,75,84,67,5,4,8
0x942918,88%,9,66,75,66,9,0,0
0x5969cd,97.4504%,9,344,353,13,3,6,331
0x7d187c,98.0728%,9,458,467,128,5,4,330
0x58e36a,92.0354%,9,104,113,39,6,3,65
0x534ba7,86.3636%,9,57,66,6,3,6,51
0x63eaba,95.5%,9,191,200,157,6,3,34
0x4a9f0b,95.1351%,9,176,185,1,2,7,175
0x545c48,99.6475%,9,2544,2553,2544,9,0,0
0xa26226,97.7723%,9,395,404,104,4,5,291
0x5f05f9,92.9134%,9,118,127,0,5,4,118
0x55809c,98.6322%,9,649,658,4,0,9,645
0x51c2c5,99.5125%,9,1837,1846,0,0,9,1837
0x40f84d,88.1579%,9,67,76,67,9,0,0
0xa01c06,86.7647%,9,59,68,59,7,2,0
0xb0c524,93.8776%,9,138,147,0,0,9,138
0x908764,99.6878%,9,2874,2883,1916,6,3,958
0x5f062e,92.623%,9,113,122,11,6,3,102
0x405008,95.4545%,9,189,198,40,4,5,149
0x9aad62,99.3289%,9,1332,1341,1,4,5,1331
0x58cd13,95.1613%,9,177,186,16,5,4,161
0x96b189,99.0077%,9,898,907,0,0,9,898
0x9021db,95.5665%,9,194,203,82,4,5,112
0x9aaf85,98.3577%,9,539,548,539,9,0,0
0x48b241,97.5275%,9,355,364,40,3,6,315
0xa59644,87.5%,9,63,72,20,7,2,43
0x409d13,90.1099%,9,82,91,4,5,4,78
0x94e9e8,85%,9,51,60,27,3,6,24
0xa50cec,89.7727%,9,79,88,78,6,3,1
0x8f3029,87.8378%,9,65,74,52,5,4,13
0xad7fc2,99.0302%,9,919,928,0,0,9,919
0x9f2a65,91.3462%,9,95,104,95,4,5,0
0x64b58e,99.607%,9,2281,2290,0,0,9,2281
0x5fa510,83.3333%,9,45,54,36,3,6,9
0x815104,30.7692%,9,4,13,2,6,3,2
0x404f72,98.7106%,9,689,698,680,6,3,9
0x9bc7f7,96.99%,9,290,299,120,7,2,170
0x9059e9,96.9799%,9,289,298,289,9,0,0
0x8a8807,98.2036%,9,492,501,484,3,6,8
0x8d41b3,96.3563%,9,238,247,4,7,2,234
0xaac977,57.1429%,9,12,21,12,9,0,0
0x901f8c,99.8082%,9,4683,4692,0,0,9,4683
0xa9b843,96.0699%,9,220,229,9,6,3,211
0x541bef,85.7143%,9,54,63,4,5,4,50
0x6104df,96.5779%,9,254,263,254,9,0,0
0x90a14a,99.1228%,9,1017,1026,958,3,6,59
0x972556,95.9276%,9,212,221,212,9,0,0
0x541b95,97.9775%,9,436,445,0,0,9,436
0x81e6a5,98.3725%,9,544,553,72,6,3,472
0x49507d,40%,9,6,15,0,5,4,6
0x502160,93.662%,9,133,142,0,4,5,133
0xb2462e,99.9244%,9,11890,11899,0,0,9,11890
0x8a7780,89.6552%,9,78,87,7,3,6,71
0x51c864,99.8205%,9,5006,5015,1,4,5,5005
0x4c052b,89.5349%,9,77,86,38,4,5,39
0x9731bd,88.4615%,9,69,78,30,6,3,39
0x50d8ca,87.1429%,9,61,70,53,4,5,8
0xa4fcf9,98.2213%,9,497,506,497,5,4,0
0x5cb907,89.5349%,9,77,86,77,9,0,0
0xa061a3,82%,9,41,50,16,5,4,25
0x40ea43,97.1609%,9,308,317,308,9,0,0
0x9bd12d,73.5294%,9,25,34,1,5,4,24
0x40a0d8,80.8511%,9,38,47,28,3,6,10
0xa369a5,97.9167%,9,423,432,407,9,0,16
0x816748,90.2174%,9,83,92,17,7,2,66
0x944309,98.1092%,9,467,476,23,1,8,444
0x5351b9,71.875%,9,23,32,23,9,0,0
0x9a1d9c,96.2025%,9,228,237,7,8,1,221
0x5efb2d,89.1566%,9,74,83,65,5,4,9
0x7b7180,93.617%,9,132,141,50,7,2,82
0x945c7d,86.1538%,9,56,65,0,0,9,56
0xa33766,76.3158%,9,29,38,3,6,3,26
0x4ba304,99.1141%,8,895,903,569,6,2,326
0x9e0887,98.2646%,8,453,461,73,4,4,380
0x6680ad,99.6497%,8,2276,2284,103,3,5,2173
0x4b66ec,60%,8,12,20,6,3,5,6
0xa58b02,91.6667%,8,88,96,88,8,0,0
0x4a9573,93.9394%,8,124,132,109,3,5,15
0x548a14,33.3333%,8,4,12,3,3,5,1
0xaa5da3,96.2441%,8,205,213,1,6,2,204
0x4a6feb,96.4602%,8,218,226,164,0,8,54
0x5fb1d7,96.2791%,8,207,215,0,0,8,207
0x9f654d,95.5307%,8,171,179,56,5,3,115
0x609768,90.3614%,8,75,83,0,0,8,75
0x8a27a5,97.153%,8,273,281,273,8,0,0
0xa2731d,97.5%,8,312,320,312,8,0,0
0x403ade,99.4677%,8,1495,1503,1495,8,0,0
0xa48e34,94.4828%,8,137,145,137,8,0,0
0x80e4d7,99.0566%,8,840,848,837,6,2,3
0x81f264,82.9787%,8,39,47,0,3,5,39
0x4a022e,96.8504%,8,246,254,0,2,6,246
0x404643,96.4286%,8,216,224,0,0,8,216
0x943420,89.3333%,8,67,75,67,8,0,0
0x4baf97,97.4277%,8,303,311,93,6,2,210
0x77fdd8,98.7342%,8,624,632,152,6,2,472
0xa48492,85.7143%,8,48,56,48,8,0,0
0x60e11c,89.4737%,8,68,76,5,5,3,63
0x98ce77,99.5704%,8,1854,1862,1844,6,2,10
0x5454d2,83.6735%,8,41,49,41,8,0,0
0x406bb7,66.6667%,8,16,24,2,4,4,14
0x6096fd,95.0617%,8,154,162,154,8,0,0
0x543b55,96.1722%,8,201,209,0,0,8,201
0x67062c,80.4878%,8,33,41,0,0,8,33
0x8f1825,96.1353%,8,199,207,1,5,3,198
0x80bfb4,90%,8,72,80,45,3,5,27
0x49c6ea,20%,8,2,10,2,2,6,0
0x7ce160,99.5812%,8,1902,1910,1902,8,0,0
0x81efc1,98.4704%,8,515,523,515,6,2,0
0x58f263,99.0279%,8,815,823,767,4,4,48
0x7ce47b,93.2203%,8,110,118,110,8,0,0
0x821867,91.0112%,8,81,89,81,8,0,0
0x9c388f,97.7401%,8,346,354,346,8,0,0
0x403a54,78.3784%,8,29,37,10,5,3,19
0x4bdddd,70.3704%,8,19,27,9,4,4,10
0x7cf530,57.8947%,8,11,19,6,5,3,5
0x94ae27,98.5816%,8,556,564,0,0,8,556
0x81a6a2,99.9386%,8,13030,13038,13030,8,0,0
0x40fff0,86.6667%,8,52,60,8,3,5,44
0x889eda,63.6364%,8,14,22,3,3,5,11
0x4a9894,76.4706%,8,26,34,14,1,7,12
0xa46fdc,96.8872%,8,249,257,61,3,5,188
0xb3479e,98.0815%,8,409,417,409,4,4,0
0x815d66,98.579%,8,555,563,36,5,3,519
0x9a9b80,93.3884%,8,113,121,11,4,4,102
0x8bd782,98.3773%,8,485,493,485,2,6,0
0xa5ec18,97.2414%,8,282,290,4,6,2,278
0x7dfb3d,90.3614%,8,75,83,10,3,5,65
0x4038de,97.7716%,8,351,359,2,4,4,349
0x9f61e5,99.1667%,8,952,960,0,0,8,952
0x908d7e,98.556%,8,546,554,0,0,8,546
0x83515a,99.8644%,8,5891,5899,5891,8,0,0
0x40e1d3,89.1892%,8,66,74,65,7,1,1
0x9a2337,93.6508%,8,118,126,7,8,0,111
0x4a9535,93.985%,8,125,133,0,0,8,125
0x40dc62,99.5914%,8,1950,1958,0,0,8,1950
0x5960a5,57.8947%,8,11,19,1,5,3,10
0x60bd9e,74.1935%,8,23,31,18,3,5,5
0x8fdf66,99.6989%,8,2649,2657,0,0,8,2649
0x81e8ba,99.1684%,8,954,962,954,4,4,0
0xa5902f,80.9524%,8,34,42,23,8,0,11
0x591492,69.2308%,8,18,26,18,8,0,0
0x96c0c9,96.0591%,8,195,203,179,3,5,16
0xa594f4,96.0396%,8,194,202,0,0,8,194
0x48edf4,97.5831%,8,323,331,323,8,0,0
0x80f502,99.7159%,8,2808,2816,2808,8,0,0
0x405b7d,97.6261%,8,329,337,327,8,0,2
0x8f0c52,96%,8,192,200,111,2,6,81
0x5bd777,99.5003%,8,1593,1601,1477,5,3,116
0x5ff99b,95.6522%,8,176,184,87,5,3,89
0x94d85c,98.5019%,8,526,534,0,0,8,526
0x40f860,89.4737%,8,68,76,0,0,8,68
0x9a7119,11.1111%,8,1,9,1,8,0,0
0x910e23,99.2747%,8,1095,1103,39,5,3,1056
0x68106b,98.5321%,8,537,545,537,8,0,0
0x492a10,95.1515%,8,157,165,156,2,6,1
0x8e03b5,99.2982%,8,1132,1140,282,3,5,850
0x4b9c09,88.7324%,8,63,71,36,6,2,27
0x8eedea,97.048%,8,263,271,127,4,4,136
0x904187,98.8439%,8,684,692,684,8,0,0
0x8f5392,95.6757%,8,177,185,177,8,0,0
0x512849,60%,8,12,20,12,8,0,0
0x490345,85.1852%,8,46,54,14,7,1,32
0xaa80cd,98.4877%,8,521,529,521,8,0,0
0xb313a7,98.7654%,8,640,648,0,0,8,640
0x499343,80.9524%,8,34,42,21,5,3,13
0x49bafe,98.3573%,8,479,487,479,2,6,0
0x81cb8f,95.3488%,8,164,172,0,0,8,164
0x90be4b,99.1675%,8,953,961,834,8,0,119
0x63b50a,99.6239%,8,2119,2127,9,2,6,2110
0x5d22be,99.3574%,8,1237,1245,279,5,3,958
0x590179,46.6667%,8,7,15,7,8,0,0
0x48aeef,98.8235%,8,672,680,0,0,8,672
0xa08e59,87.3016%,8,55,63,13,5,3,42
0xaa5822,99.1968%,8,988,996,988,8,0,0
0x5ad319,98.5267%,8,535,543,535,8,0,0
0x98b581,95.5056%,8,170,178,156,5,3,14
0x4047a8,98.6971%,8,606,614,8,4,4,598
0x6671d7,99.4269%,8,1388,1396,1388,6,2,0
0x9429d3,94.8052%,8,146,154,2,6,2,144
0x78a5d8,70.3704%,8,19,27,13,3,5,6
0x503f97,11.1111%,8,1,9,1,8,0,0
0x9f4b30,97.3941%,8,299,307,299,8,0,0
0x48d86f,99.5511%,8,1774,1782,0,0,8,1774
0x48d878,99.5511%,8,1774,1782,0,0,8,1774
0x9e097b,80%,8,32,40,3,2,6,29
0xa336cc,99.0741%,8,856,864,553,1,7,303
0xb1c3d6,97.6879%,8,338,346,261,3,5,77
0xa3412f,96.8504%,8,246,254,21,3,5,225
0x5ec2b7,85.1852%,8,46,54,27,4,4,19
0x4bfdc4,84.3137%,8,43,51,7,6,2,36
0x48a777,99.3068%,8,1146,1154,1146,8,0,0
0x9ed3e7,96.9112%,8,251,259,144,4,4,107
0x8a3463,98.374%,8,484,492,484,4,4,0
0x53580a,50%,8,8,16,0,5,3,8
0x8fd4e9,92.9204%,8,105,113,1,3,5,104
0x67f13d,99.8126%,8,4261,4269,2014,7,1,2247
0x9e760c,94.9686%,8,151,159,0,0,8,151
0x8a46aa,98.7402%,8,627,635,627,8,0,0
0x97432c,98.3968%,8,491,499,10,3,5,481
0x8deaf4,96%,8,192,200,68,4,4,124
0x65a049,99.5717%,8,1860,1868,152,0,8,1708
0x51b149,52.9412%,8,9,17,8,5,3,1
0x40254f,98.4436%,8,506,514,506,8,0,0
0x82251a,98.8685%,8,699,707,0,2,6,699
0x65c26c,99.8324%,8,4766,4774,4766,8,0,0
0xa3634c,97.3064%,8,289,297,283,2,6,6
0x638ff2,97.1119%,8,269,277,254,5,3,15
0x8ebfae,99.3528%,8,1228,1236,1166,2,6,62
0xb2e742,99.8999%,8,7987,7995,0,0,8,7987
0x8aa932,99.7662%,8,3413,3421,3413,8,0,0
0x548c4f,99.6207%,8,2101,2109,2101,8,0,0
0x49f51a,99.8524%,8,5411,5419,0,0,8,5411
0x557d7f,69.2308%,8,18,26,16,4,4,2
0x6804f6,99.8251%,8,4567,4575,0,0,8,4567
0x8efb73,97.9849%,8,389,397,277,2,6,112
0x8fc04b,99.4587%,8,1470,1478,0,0,8,1470
0x5409b1,42.8571%,8,6,14,6,8,0,0
0x5971e0,97.2222%,8,280,288,0,0,8,280
0xa3fd1c,85.7143%,8,48,56,20,4,4,28
0x49d7e3,91.3978%,8,85,93,81,4,4,4
0x8b9bb3,99.9148%,8,9385,9393,52,4,4,9333
0x552955,57.8947%,8,11,19,11,8,0,0
0x9810b5,89.1892%,8,66,74,10,1,7,56
0x8efe8b,69.2308%,8,18,26,8,4,4,10
0x8ea020,97.995%,8,391,399,385,2,6,6
0x8a239f,20%,8,2,10,2,6,2,0
0x8a6459,92.381%,8,97,105,0,3,5,97
0x8fee56,98.7402%,8,627,635,0,0,8,627
0x48a7ab,99.3068%,8,1146,1154,1146,8,0,0
0xaadf05,99.9106%,8,8936,8944,8936,8,0,0
0x5b0e51,99.7006%,8,2664,2672,2664,8,0,0
0x5e355e,99.4733%,8,1511,1519,1505,4,4,6
0x508ba8,98.9189%,8,732,740,163,3,5,569
0x8bd6fb,99.6291%,8,2149,2157,16,4,4,2133
0xa360db,97.3422%,8,293,301,180,4,4,113
0x595d77,98.7692%,8,642,650,4,3,5,638
0x49bfe4,98.4158%,8,497,505,0,6,2,497
0x8e7e43,97.5831%,8,323,331,102,5,3,221
0x610606,91.3978%,8,85,93,1,3,5,84
0x5c568c,96.4126%,8,215,223,0,0,8,215
0x983a92,72.4138%,8,21,29,20,7,1,1
0x5c566c,96.5368%,8,223,231,0,0,8,223
0x48c4cc,91.6667%,8,88,96,88,8,0,0
0x94c5f8,98.5816%,8,556,564,1,1,7,555
0x8f57b8,97.9058%,8,374,382,185,6,2,189
0x54089f,33.3333%,8,4,12,2,4,4,2
0x610bb6,96.0591%,8,195,203,4,5,3,191
0x8d205f,99.4764%,8,1520,1528,26,0,8,1494
0xa25b1f,99.2103%,8,1005,1013,0,0,8,1005
0x8d3edb,77.1429%,8,27,35,9,8,0,18
0x40ea3a,97.5078%,8,313,321,2,2,6,311
0xa2638b,98.0198%,8,396,404,289,7,1,107
0x9111bb,89.4737%,8,68,76,0,0,8,68
0x81d0bd,95.7447%,8,180,188,2,4,4,178
0x9ed9f7,80.4878%,8,33,41,30,4,4,3
0x90ad70,81.8182%,8,36,44,36,8,0,0
0xa019f3,60%,8,12,20,12,0,8,0
0x8efe1e,77.7778%,8,28,36,20,2,6,8
0x8db797,97.4603%,8,307,315,85,6,2,222
0x8dfc9c,80.9524%,8,34,42,34,6,2,0
0x53c3b3,81.8182%,8,36,44,16,6,2,20
0x5580fb,97.8378%,8,362,370,6,2,6,356
0x80a427,99.0566%,8,840,848,837,6,2,3
0x543a10,94.0741%,8,127,135,127,8,0,0
0x8d9c13,99.6244%,8,2122,2130,0,0,8,2122
0x48a274,99.8704%,8,6164,6172,0,0,8,6164
0x9f3a70,93.4959%,8,115,123,115,3,5,0
0x81e51c,99.0099%,8,800,808,727,3,5,73
0xa5abbb,61.9048%,8,13,21,2,4,4,11
0xaa342d,85.1852%,8,46,54,38,5,3,8
0xb3aaf4,99.7161%,8,2810,2818,0,1,7,2810
0xa3559e,99.1323%,8,914,922,1,3,5,913
0x80923c,91.5789%,8,87,95,85,4,4,2
0xa9db1a,85.4545%,8,47,55,34,7,1,13
0x810918,96.9697%,8,256,264,6,5,3,250
0xa49ff2,94.4828%,8,137,145,135,4,4,2
0x5572c5,96.7078%,8,235,243,235,8,0,0
0x80896f,74.1935%,8,23,31,16,4,4,7
0x8fee14,98.7402%,8,627,635,627,8,0,0
0x8de862,94.4444%,8,136,144,136,8,0,0
0xaa336a,99.1911%,8,981,989,0,0,8,981
0xa92567,96.8872%,8,249,257,45,5,3,204
0x7d2b02,97.9221%,8,377,385,368,4,4,9
0x63d762,94.3262%,8,133,141,133,5,3,0
0x9428c5,96.5066%,8,221,229,221,8,0,0
0x81e654,99.6248%,8,2124,2132,2116,3,5,8
0x50d92f,78.9474%,8,30,38,9,3,5,21
0xad7e20,99.7676%,8,3435,3443,3435,8,0,0
0x63a689,96%,8,192,200,158,5,3,34
0x6616c3,98.3333%,8,472,480,57,1,7,415
0x554d1c,93.7008%,8,119,127,119,4,4,0
0x5969da,97.6261%,8,329,337,0,0,8,329
0xa589f0,80%,8,32,40,0,0,8,32
0x499515,96%,8,192,200,55,5,3,137
0x8ff8ab,93.0435%,8,107,115,107,8,0,0
0x5bd470,99.7238%,8,2888,2896,1444,4,4,1444
0x643231,97.9003%,8,373,381,0,0,8,373
0xa525f7,92.0792%,8,93,101,93,8,0,0
0x81398d,81.8182%,8,36,44,0,0,8,36
0x63e48a,99.5692%,8,1849,1857,1417,7,1,432
0x642e30,77.1429%,8,27,35,0,0,8,27
0x60475e,98.1352%,8,421,429,0,0,8,421
0x661b1c,99.3884%,8,1300,1308,1300,8,0,0
0x8209f6,98.6395%,8,580,588,4,4,4,576
0x9f1750,91.1111%,8,82,90,82,8,0,0
0x8a257d,96.0976%,8,197,205,197,8,0,0
0x90a427,99.6569%,8,2324,2332,2324,8,0,0
0xb1b6ff,99.1886%,8,978,986,978,8,0,0
0xa509fb,97.7654%,8,350,358,350,8,0,0
0x9d0378,97.6048%,8,326,334,180,3,5,146
0xa2f9fa,89.7436%,8,70,78,68,6,2,2
0xb18082,99.4437%,8,1430,1438,0,0,8,1430
0xa935f9,95.2663%,8,161,169,85,3,5,76
0x8e9407,99.4334%,8,1404,1412,1404,6,2,0
0x82201b,75%,8,24,32,24,8,0,0
0x502d5a,95.7895%,8,182,190,0,0,8,182
0x5128f8,97.7077%,8,341,349,318,6,2,23
0x4ab88e,74.1935%,8,23,31,18,7,1,5
0x5c4b9a,99.5626%,8,1821,1829,0,0,8,1821
0xa4a104,93.985%,8,125,133,40,6,2,85
0x9fb7ae,97.3856%,8,298,306,298,5,3,0
0x638838,99.7864%,8,3738,3746,3738,8,0,0
0x8144a6,98.5019%,8,526,534,0,0,8,526
0xb30197,98.4375%,8,504,512,0,0,8,504
0xa589de,94.5205%,8,138,146,4,4,4,134
0x9f8fad,94.3662%,8,134,142,2,2,6,132
0x78d83e,98.8183%,8,669,677,8,1,7,661
0x5bb760,99.4294%,8,1394,1402,1394,6,2,0
0xa2ef37,95.6522%,8,176,184,94,6,2,82
0xaa47b4,96.9582%,8,255,263,255,8,0,0
0x9e762a,95.7219%,8,179,187,46,7,1,133
0x817415,91.3043%,8,84,92,0,5,3,84
0x48e7e4,80.9524%,8,34,42,3,1,7,31
0x64af79,99.8593%,8,5679,5687,5679,8,0,0
0x5912a4,97.0803%,8,266,274,266,8,0,0
0x9a3be7,38.4615%,8,5,13,5,3,5,0
0x5d24a5,99.3574%,8,1237,1245,1237,8,0,0
0x40490d,98.4733%,8,516,524,264,1,7,252
0x40219a,99.8516%,8,5384,5392,0,0,8,5384
0xa3a108,99.095%,8,876,884,1,2,6,875
0x50ac9e,61.9048%,8,13,21,6,3,5,7
0x81fd40,97.4922%,8,311,319,267,4,4,44
0x80fd4f,99.9196%,8,9944,9952,9944,8,0,0
0x402041,96.3964%,8,214,222,1,2,6,213
0x951035,92.4528%,8,98,106,97,7,1,1
0x77ff45,94.8052%,8,146,154,142,7,1,4
0x8c7527,99.5844%,8,1917,1925,1848,5,3,69
0xa2e7d8,90.5882%,8,77,85,32,1,7,45
0x814e0d,85.7143%,8,48,56,41,0,8,7
0x54861d,99.66%,8,2345,2353,0,0,8,2345
0x591f15,99.7882%,8,3769,3777,16,5,3,3753
0x402c00,99.9133%,8,9218,9226,0,0,8,9218
0x811da7,97.5904%,8,324,332,0,2,6,324
0x8ef59c,94.4444%,8,136,144,6,3,5,130
0x512dbd,97.3941%,8,299,307,0,0,8,299
0x511e17,98.5714%,8,552,560,552,8,0,0
0x49e34f,95.3216%,8,163,171,2,4,4,161
0x8ebd94,0%,8,0,8,0,4,4,0
0x8a762e,96.8872%,8,249,257,249,7,1,0
0xa4109c,81.3953%,8,35,43,6,2,6,29
0x9a5de7,20%,8,2,10,2,8,0,0
0x501354,99.6098%,8,2042,2050,2042,8,0,0
0x9a1d41,90.1235%,8,73,81,62,4,4,11
0x90a695,81.8182%,8,36,44,30,7,1,6
0x98ccdb,94.3662%,8,134,142,134,8,0,0
0x8ea4e5,50%,8,8,16,8,4,4,0
0x8e0aeb,99.6778%,8,2475,2483,0,1,7,2475
0xa39daa,87.6923%,8,57,65,23,1,7,34
0x8f3909,99.0037%,8,795,803,795,8,0,0
0x9e0477,96.2085%,8,203,211,94,3,5,109
0x49c5f7,98.2721%,8,455,463,0,6,2,455
0x8ae9e2,96.3134%,8,209,217,1,4,4,208
0xa2c1be,90.3614%,8,75,83,75,6,2,0
0x591714,99.8274%,8,4627,4635,4627,8,0,0
0xacfbca,89.7436%,8,70,78,26,2,6,44
0x40475a,98.6971%,8,606,614,9,3,5,597
0x404829,98.6971%,8,606,614,606,8,0,0
0x814973,99.3475%,8,1218,1226,1218,6,2,0
0x8f4869,99.8444%,8,5135,5143,293,2,6,4842
0x833a95,92.9825%,8,106,114,0,4,4,106
0xa4286c,96.4444%,8,217,225,45,5,3,172
0x501626,99.6293%,8,2150,2158,0,0,8,2150
0x5f6cd7,46.6667%,8,7,15,3,2,6,4
0x4022d6,99.5518%,8,1777,1785,0,0,8,1777
0x98b267,96.3636%,8,212,220,212,8,0,0
0x40f4b0,99.8195%,8,4424,4432,4424,8,0,0
0x990a1d,96.8627%,8,247,255,247,8,0,0
0xa58e9c,95.1807%,8,158,166,140,5,3,18
0x8fe9d3,99.7615%,8,3346,3354,0,0,8,3346
0x9ed57e,92.4528%,8,98,106,60,2,6,38
0x65a2fc,99.7014%,8,2671,2679,2626,5,3,45
0x90272a,99.3162%,8,1162,1170,17,3,5,1145
0x48e7f8,80.9524%,8,34,42,34,8,0,0
0x99c8c0,98.3838%,8,487,495,487,8,0,0
0x40395c,78.3784%,8,29,37,0,0,8,29
0xaae1b4,99.7879%,8,3764,3772,3764,8,0,0
0x8dda07,99.4997%,8,1591,1599,1514,7,1,77
0x48a71e,99.7558%,8,3268,3276,0,0,8,3268
0x550fc2,61.9048%,8,13,21,7,7,1,6
0x99c968,99.0465%,8,831,839,79,6,2,752
0x99c96d,98.939%,8,746,754,746,8,0,0
0x51231e,98.7539%,8,634,642,634,8,0,0
0x6113f7,92.5234%,8,99,107,0,0,8,99
0xa2dc7f,87.5%,8,56,64,20,8,0,36
0x8e4a6a,99.7919%,8,3837,3845,3663,4,4,174
0xa36837,97.9381%,8,380,388,0,5,3,380
0x908fe9,99.5692%,8,1849,1857,0,0,8,1849
0x558a85,97.832%,8,361,369,361,8,0,0
0x9498e8,84.9057%,8,45,53,0,0,8,45
0x4a6df2,71.4286%,8,20,28,17,7,1,3
0x54187d,99.541%,8,1735,1743,0,0,8,1735
0x4ab1ca,78.3784%,8,29,37,26,5,3,3
0x8fdc1a,99.2958%,8,1128,1136,0,0,8,1128
0xa48178,96.6387%,8,230,238,230,8,0,0
0x8dc323,99.652%,8,2291,2299,662,6,2,1629
0x4a6fc5,93.3884%,8,113,121,0,0,8,113
0x60a841,98.3806%,8,486,494,0,0,8,486
0x49fc5d,46.6667%,8,7,15,0,0,8,7
0x59130b,94.3662%,8,134,142,134,8,0,0
0x49ff53,99.4509%,8,1449,1457,852,4,4,597
0x64b458,99.9621%,8,21123,21131,0,0,8,21123
0x51b7e5,99.782%,8,3662,3670,3662,8,0,0
0x48ba4d,90.6977%,8,78,86,76,8,0,2
0x8e43eb,99.5953%,8,1969,1977,295,6,2,1674
0x647514,60%,8,12,20,9,6,2,3
0x499cac,90.6977%,8,78,86,78,8,0,0
0x8a93cf,99.4558%,8,1462,1470,0,0,8,1462
0x81cb3a,86.6667%,8,52,60,0,0,8,52
0xad7b39,65.2174%,8,15,23,2,5,3,13
0x5cf3a2,99.5792%,8,1893,1901,0,0,8,1893
0x8fbf34,98.0723%,8,407,415,0,0,8,407
0x4894b0,98.7578%,8,636,644,636,8,0,0
0x8a94d7,99.7403%,8,3072,3080,1539,6,2,1533
0x533c39,83.3333%,8,40,48,35,4,4,5
0x9e0119,99.2551%,8,1066,1074,0,0,8,1066
0x5341ec,93.2203%,8,110,118,16,1,7,94
0x5f8d35,61.9048%,8,13,21,12,4,4,1
0x511d4f,99.0148%,8,804,812,422,6,2,382
0x555fe4,83.3333%,8,40,48,0,3,5,40
0x80a96e,95.8549%,8,185,193,185,5,3,0
0x98cb34,96.4602%,8,218,226,32,5,3,186
0x806eaa,97.9592%,8,384,392,277,5,3,107
0x47f2ac,98.9651%,8,765,773,0,0,8,765
0x5f10dc,77.7778%,8,28,36,28,8,0,0
0x5488e4,50%,8,8,16,6,2,6,2
0xa91d45,94.5946%,8,140,148,140,8,0,0
0xb30176,98.4375%,8,504,512,0,0,8,504
0x8ea4fc,50%,8,8,16,4,4,4,4
0x8a8e95,99.5192%,8,1656,1664,1655,5,3,1
0x8171a7,99.0566%,8,840,848,837,6,2,3
0x64f487,91.9192%,8,91,99,5,5,3,86
0x9510e2,96.1722%,8,201,209,98,7,1,103
0x48a5dc,99.4487%,8,1443,1451,1443,8,0,0
0x511ba8,97.9167%,8,376,384,376,8,0,0
0x81ca8c,95.2941%,8,162,170,161,3,5,1
0x8e45e5,99.5953%,8,1969,1977,296,5,3,1673
0xa2ee8b,95.6522%,8,176,184,145,4,4,31
0x4a9c6d,75%,8,24,32,0,0,8,24
0x4102b6,99.1011%,8,882,890,811,4,4,71
0x8aa971,99.7662%,8,3413,3421,3413,8,0,0
0x404d08,80.9524%,8,34,42,0,0,8,34
0x8142fc,99.5935%,8,1960,1968,1636,4,4,324
0x667335,74.1935%,8,23,31,23,8,0,0
0x5c5036,75.7576%,8,25,33,25,8,0,0
0x40a928,80.9524%,8,34,42,0,7,1,34
0xa919cc,98.8669%,8,698,706,0,4,4,698
0x8101d6,98.9975%,8,790,798,0,0,8,790
0x976d9b,76.4706%,8,26,34,0,0,8,26
0x8fd58f,99.6522%,8,2292,2300,0,0,8,2292
0x5b39ff,96.2441%,8,205,213,5,7,1,200
0x402a0a,99.9652%,8,23002,23010,0,0,8,23002
0x5345cb,99.7126%,8,2776,2784,2776,8,0,0
0xa262e9,99.2103%,8,1005,1013,402,2,6,603
0x533b1b,98.6971%,8,606,614,0,0,8,606
0x8e1203,99.8018%,8,4028,4036,13,3,5,4015
0x4995f5,93.7008%,8,119,127,0,0,8,119
0x609e58,98.6949%,8,605,613,0,0,8,605
0xa458f0,98.8389%,8,681,689,681,8,0,0
0x8ded44,98.1818%,8,432,440,186,4,4,246
0x508a6a,91.4894%,8,86,94,77,6,2,9
0x81d003,95.6044%,8,174,182,2,3,5,172
0x540a94,33.3333%,8,4,12,4,8,0,0
0xa96905,96.1905%,8,202,210,58,3,5,144
0x6668ac,98.6301%,8,576,584,576,8,0,0
0x4a856e,82.2222%,8,37,45,0,0,8,37
0x813b68,92.1569%,8,94,102,80,5,3,14
0x805f59,99.2667%,8,1083,1091,1082,5,3,1
0x489f94,94.8387%,8,147,155,0,0,8,147
0x537ab8,81.8182%,8,36,44,36,2,6,0
0xaa5c52,94.6309%,8,141,149,113,2,6,28
0x9a8a88,97.5831%,8,323,331,323,8,0,0
0x98fa12,96.8872%,8,249,257,249,8,0,0
0x8db639,99.3043%,8,1142,1150,0,0,8,1142
0x510faa,99.6731%,8,2439,2447,0,0,8,2439
0x4103c3,95.7895%,8,182,190,182,5,3,0
0x77ff3d,95.092%,8,155,163,5,4,4,150
0x410009,83.6735%,8,41,49,40,7,1,1
0x8def29,99.6042%,8,2013,2021,1890,0,8,123
0x5bbd17,99.8098%,8,4198,4206,4197,3,5,1
0x8f42ea,99.6701%,8,2417,2425,717,5,3,1700
0xa440a1,87.5%,8,56,64,56,6,2,0
0x8d9bc9,99.4595%,8,1472,1480,1109,1,7,363
0x8e4104,99.652%,8,2291,2299,2291,8,0,0
0x7dfb5c,88.5714%,8,62,70,3,7,1,59
0x54650d,97.7143%,8,342,350,0,0,8,342
0x81f135,99.5851%,8,1920,1928,1920,8,0,0
0x94b84d,98.5816%,8,556,564,0,0,8,556
0x9fb686,96.748%,8,238,246,29,2,6,209
0x9f3ff3,93.2203%,8,110,118,0,4,4,110
0x49e096,98.4405%,8,505,513,505,8,0,0
0xad7f75,99.1379%,8,920,928,920,8,0,0
0x9fb6c9,86.6667%,8,52,60,52,8,0,0
0x9484bd,99.4452%,8,1434,1442,0,0,8,1434
0xa589a2,93.1034%,8,108,116,8,4,4,100
0x4be49d,46.6667%,8,7,15,4,4,4,3
0xa5950e,96.0396%,8,194,202,11,4,4,183
0x5d0bf2,94.4828%,8,137,145,137,8,0,0
0x4c7007,75.7576%,8,25,33,25,8,0,0
0xa59331,81.3953%,8,35,43,5,3,5,30
0x9fe2dd,94.4444%,8,136,144,129,5,3,7
0xa4b727,96.6245%,8,229,237,229,8,0,0
0x4bfdcd,78.9474%,8,30,38,9,4,4,21
0x51c2cd,99.5666%,8,1838,1846,1838,8,0,0
0x538a15,98.8935%,8,715,723,0,0,8,715
0x9497ae,89.8734%,8,71,79,0,0,8,71
0x5fd74b,95.6522%,8,176,184,87,5,3,89
0xa89581,88.5714%,8,62,70,2,6,2,60
0xa5c505,85.7143%,8,48,56,48,5,3,0
0x9f3272,97.7077%,8,341,349,341,8,0,0
0x4b5034,94.2857%,8,132,140,1,8,0,131
0xaa4607,91.9192%,8,91,99,0,0,8,91
0x8b93f2,97.619%,8,328,336,328,8,0,0
0x8ecf81,97.4843%,8,310,318,310,2,6,0
0x4bc512,96.4126%,8,215,223,205,3,5,10
0x5f12ba,87.0968%,8,54,62,54,7,1,0
0x647e6a,84.3137%,8,43,51,43,8,0,0
0x53375b,78.9474%,8,30,38,24,4,4,6
0x96993c,87.6923%,8,57,65,1,7,1,56
0xa9d12b,89.3333%,8,67,75,67,8,0,0
0x4c4a34,99.6892%,8,2566,2574,84,2,6,2482
0x4c4339,99.6148%,8,2069,2077,50,4,4,2019
0x4a7b4a,97.5831%,8,323,331,323,8,0,0
0x507d1d,55.5556%,8,10,18,6,8,0,4
0x4a5794,95.1515%,8,157,165,50,5,3,107
0x4a591c,85.4545%,8,47,55,12,4,4,35
0x4a5e0d,87.6923%,8,57,65,34,6,2,23
0xa3585f,98.939%,8,746,754,0,0,8,746
0x97815e,93.985%,8,125,133,125,8,0,0
0x9a6dfb,42.8571%,8,6,14,0,5,3,6
0xaaaa4f,90.2439%,8,74,82,1,0,8,73
0x4c49c3,86.6667%,8,52,60,33,3,5,19
0x4a1b0d,83.6735%,8,41,49,3,3,5,38
0x558106,97.7901%,8,354,362,354,8,0,0
0xa5b554,57.8947%,8,11,19,11,5,3,0
0x5b34ce,82.2222%,8,37,45,37,3,5,0
0x5e0342,94.4828%,8,137,145,135,6,2,2
0x49c096,91.9192%,8,91,99,90,5,3,1
0x984176,89.1892%,8,66,74,61,4,4,5
0x980ba8,88.7324%,8,63,71,34,5,3,29
0x5c70bd,97.7778%,8,352,360,25,3,5,327
0x4c012f,95.9596%,8,190,198,84,2,6,106
0xa1b560,68%,8,17,25,2,6,2,15
0x4bba90,92.8571%,8,104,112,52,4,4,52
0x983b46,91.3043%,8,84,92,11,5,3,73
0x981cb6,71.4286%,8,20,28,4,4,4,16
0x983a61,89.3333%,8,67,75,25,3,5,42
0x98141d,88.4058%,8,61,69,9,4,4,52
0x8ed2f7,99.3469%,8,1217,1225,1217,4,4,0
0x948695,99.4452%,8,1434,1442,1434,8,0,0
0xa39617,98.6733%,8,595,603,0,0,8,595
0xa96bf0,80.9524%,8,34,42,34,3,5,0
0x5337cc,68%,8,17,25,15,3,5,2
0xb323ed,99.1744%,8,961,969,0,0,8,961
0x9e00e4,99.2551%,8,1066,1074,0,0,8,1066
0x60de4d,90.1235%,8,73,81,52,3,5,21
0x40ebc0,99.4914%,8,1565,1573,0,0,8,1565
0x48277b,57.8947%,8,11,19,7,5,3,4
0xa522bf,94.8052%,8,146,154,1,5,3,145
0x5cd461,93.75%,8,120,128,61,0,8,59
0x816b51,99.4737%,8,1512,1520,178,8,0,1334
0x8149f6,99.3475%,8,1218,1226,1218,6,2,0
0xa5233d,91.5789%,8,87,95,0,0,8,87
0x94d9a1,98.7076%,8,611,619,611,8,0,0
0x94da41,98.6371%,8,579,587,0,0,8,579
0x94dac8,98.6371%,8,579,587,579,8,0,0
0xa54f7b,69.2308%,8,18,26,1,6,2,17
0x944c75,98.8935%,8,715,723,715,8,0,0
0xa517d3,80%,8,32,40,32,8,0,0
0xa51c5f,90%,8,72,80,39,3,5,33
0x4942d2,88.5714%,8,62,70,0,0,8,62
0x9dfe16,95.5556%,8,172,180,89,2,6,83
0x942825,99.5266%,8,1682,1690,1682,8,0,0
0xa2de67,77.1429%,8,27,35,2,3,5,25
0x9ab848,94.4444%,8,136,144,0,0,8,136
0x4106dc,96.2085%,8,203,211,10,4,4,193
0xa45b3f,96.8872%,8,249,257,27,5,3,222
0x8dba0f,97.4603%,8,307,315,0,0,8,307
0x8a6c5b,99.1199%,8,901,909,901,8,0,0
0xa46dfd,96.8872%,8,249,257,0,0,8,249
0xa56ebf,97.9167%,8,376,384,0,2,6,376
0x4bb9e3,87.0968%,8,54,62,35,6,2,19
0x4bb863,96.0784%,8,196,204,0,0,8,196
0xa258b4,57.8947%,8,11,19,10,4,4,1
0x9eb6c2,75%,8,24,32,3,1,7,21
0x64dfdb,85.4545%,8,47,55,43,6,2,4
0x9ebaf1,97.9167%,8,376,384,0,2,6,376
0xa01de3,20%,8,2,10,1,5,3,1
0xa9c68c,94.3662%,8,134,142,0,0,8,134
0x40522b,88.5714%,8,62,70,40,2,6,22
0x9ea69a,93.75%,8,120,128,23,5,3,97
0x8fed89,99.7279%,8,2932,2940,2932,8,0,0
0xa52f4b,95.8333%,8,184,192,167,5,3,17
0x9ec2b2,52.9412%,8,9,17,1,3,5,8
0xa53106,60%,8,12,20,12,6,2,0
0xa016ad,0%,8,0,8,0,6,2,0
0xa56f5f,88.8889%,8,64,72,1,6,2,63
0xa4dfb5,96.1905%,8,202,210,202,4,4,0
0x94dd28,98.6371%,8,579,587,579,8,0,0
0x5f76b8,98.682%,8,599,607,599,6,2,0
0x49196b,88.8889%,8,64,72,1,6,2,63
0x58c6b7,93.2203%,8,110,118,8,6,2,102
0x889f72,63.6364%,8,14,22,2,3,5,12
0xa4d41d,94.0299%,8,126,134,59,8,0,67
0x4850b1,82.2222%,8,37,45,0,0,8,37
0xa57900,69.2308%,8,18,26,1,4,4,17
0xa327b6,85.4545%,8,47,55,0,5,3,47
0x9f270b,98.1481%,8,424,432,424,8,0,0
0x99f1cc,95.8763%,8,186,194,170,4,4,16
0x8149d1,99.3475%,8,1218,1226,890,6,2,328
0xaa7f62,98.4877%,8,521,529,520,6,2,1
0x976e9b,76.4706%,8,26,34,14,2,6,12
0x8a340b,75%,8,24,32,8,6,2,16
0x9f404b,75.7576%,8,25,33,6,4,4,19
0x8be8c7,80.4878%,8,33,41,12,6,2,21
0x54f1f8,81.3953%,8,35,43,0,0,8,35
0x4b8175,27.2727%,8,3,11,3,8,0,0
0xa909b9,96.7347%,8,237,245,237,8,0,0
0x643074,97.6744%,8,336,344,0,0,8,336
0xa2fca5,96.4912%,8,220,228,3,1,7,217
0xa2fdbd,96.4912%,8,220,228,112,5,3,108
0x5c502a,75.7576%,8,25,33,0,0,8,25
0x9a9b25,93.3884%,8,113,121,0,0,8,113
0x8bcca2,84.9057%,8,45,53,19,4,4,26
0x9f0bb1,91.1111%,8,82,90,82,8,0,0
0x8ffa96,99.4688%,8,1498,1506,1498,8,0,0
0x8c8d01,99.8634%,8,5848,5856,5843,5,3,5
0xa3ba4d,94.4444%,8,136,144,4,0,8,132
0x5ebb80,99.0632%,8,846,854,0,0,8,846
0x9d24fa,38.4615%,8,5,13,1,0,8,4
0x647a1b,82.2222%,8,37,45,29,4,4,8
0x97bae4,94.8387%,8,147,155,39,2,6,108
0x97ba82,92.9825%,8,106,114,96,6,2,10
0x901327,84%,8,42,50,41,7,1,1
0x488a72,99.4914%,8,1565,1573,0,0,8,1565
0x906d1a,95.9184%,8,188,196,188,8,0,0
0xa4bbdf,98.6949%,8,605,613,0,4,4,605
0x9aaccd,98.8423%,8,683,691,683,8,0,0
0x9aafb6,98.5401%,8,540,548,3,2,6,537
0x9712e0,92.7928%,8,103,111,103,3,5,0
0xa4deb0,77.7778%,8,28,36,11,5,3,17
0x5d8b3d,96.748%,8,238,246,231,5,3,7
0x48f643,82.9787%,8,39,47,38,6,2,1
0x48f715,87.6923%,8,57,65,6,4,4,51
0x609ce8,97.7337%,8,345,353,0,0,8,345
0x48eebd,85.1852%,8,46,54,0,0,8,46
0x80e80e,85.1852%,8,46,54,18,2,6,28
0x404eb2,88.8889%,8,64,72,64,8,0,0
0x48ea77,98.6907%,8,603,611,0,0,8,603
0xa3ac28,42.8571%,8,6,14,6,4,4,0
0x95b04c,82.6087%,8,38,46,17,6,2,21
0x9e12de,70.3704%,8,19,27,17,5,3,2
0x4ad85a,61.9048%,8,13,21,11,2,6,2
0x9e1010,90%,8,72,80,28,3,5,44
0x552a50,99.4326%,8,1402,1410,0,0,8,1402
0x808a49,79.4872%,8,31,39,3,6,2,28
0x40cf15,90.6977%,8,78,86,78,8,0,0
0x9f7b2f,90.5882%,8,77,85,1,5,3,76
0x9784d2,98.2571%,8,451,459,451,8,0,0
0x4ca66e,77.1429%,8,27,35,25,5,3,2
0x8bd425,99.9667%,8,24042,24050,24042,8,0,0
0x9732e9,80.9524%,8,34,42,0,4,4,34
0x97313e,80.4878%,8,33,41,33,6,2,0
0xa94297,95.4023%,8,166,174,3,5,3,163
0x550e85,76.4706%,8,26,34,11,6,2,15
0xaaae8a,96.9925%,8,258,266,11,1,7,247
0x6105b1,95.8549%,8,185,193,180,7,1,5
0x48dcca,99.8854%,8,6975,6983,0,0,8,6975
0x9f2947,98.6014%,8,564,572,564,8,0,0
0xa33a72,94.7368%,8,144,152,22,6,2,122
0x82110e,98.9664%,8,766,774,0,0,8,766
0x974fdc,73.3333%,8,22,30,20,4,4,2
0x8e01d8,99.4698%,8,1501,1509,8,2,6,1493
0x5e4361,99.4698%,8,1501,1509,0,0,8,1501
0x909163,99.5692%,8,1849,1857,1849,8,0,0
0x7d3103,97.8378%,8,362,370,16,3,5,346
0x942669,98.3437%,8,475,483,0,0,8,475
0x555973,92.7273%,8,102,110,55,0,8,47
0x910eeb,99.646%,8,2252,2260,3,3,5,2249
0x5df0fd,99.4845%,8,1544,1552,1544,8,0,0
0xa30da0,90%,8,72,80,72,8,0,0
0x5489e1,75.7576%,8,25,33,25,2,6,0
0x9f0b3c,98.4405%,8,505,513,505,8,0,0
0x80630a,92.0792%,8,93,101,91,4,4,2
0x8d30ce,96.7611%,8,239,247,5,6,2,234
0x90adbb,94.6309%,8,141,149,115,4,4,26
0x534b3d,90.1235%,8,73,81,9,2,6,64
0x9e4e8e,86.6667%,8,52,60,52,8,0,0
0x6616d6,98.1043%,8,414,422,114,8,0,300
0x8adc30,91.0112%,8,81,89,0,0,8,81
0x81ee77,99.1021%,8,883,891,883,6,2,0
0x8ff1f2,94.8052%,8,146,154,53,3,5,93
0x8bc951,84.6154%,8,44,52,0,0,8,44
0xa567a0,55.5556%,8,10,18,7,5,3,3
0x6437ab,79.4872%,8,31,39,0,0,8,31
0x97149a,46.6667%,8,7,15,5,2,6,2
0x9eef34,95.2941%,8,162,170,162,8,0,0
0xa02308,99.6956%,8,2620,2628,0,0,8,2620
0x96aeda,82.6087%,8,38,46,22,5,3,16
0x8bd277,99.7231%,8,2881,2889,959,5,3,1922
0xa2f8af,95.1807%,8,158,166,2,3,5,156
0x558e9c,99.3716%,8,1265,1273,1265,8,0,0
0x5560e6,96.6942%,8,234,242,0,2,6,234
0x81b126,90.2439%,8,74,82,44,6,2,30
0x8a72fa,99.4785%,8,1526,1534,0,0,8,1526
0x80e846,92.1569%,8,94,102,72,6,2,22
0x4a03b4,86.6667%,8,52,60,38,6,2,14
0xa159fd,98.4906%,8,522,530,0,6,2,522
0x80fb55,98.9247%,8,736,744,497,3,5,239
0x8db6cb,98.7097%,8,612,620,92,0,8,520
0xaa8032,98.4877%,8,521,529,521,8,0,0
0x9eef23,93.3333%,8,112,120,38,7,1,74
0x5074ad,93.75%,8,120,128,120,6,2,0
0x50aa02,94.1176%,8,128,136,19,6,2,109
0x8d278c,99.4554%,8,1461,1469,1461,5,3,0
0x8f18d0,95.8333%,8,184,192,5,4,4,179
0x809bd3,89.3333%,8,67,75,67,6,2,0
0x405b78,98.1265%,8,419,427,84,6,2,335
0x808505,70.3704%,8,19,27,4,3,5,15
0x80e75e,94.6667%,8,142,150,0,4,4,142
0x487ed8,42.8571%,8,6,14,0,0,8,6
0x973c9b,92.233%,8,95,103,16,3,5,79
0x49df0a,42.8571%,8,6,14,6,8,0,0
0x96c267,69.2308%,8,18,26,4,5,3,14
0x405e4f,81.8182%,8,36,44,14,6,2,22
0x60a882,98.1043%,8,414,422,414,8,0,0
0xa46930,91.6667%,8,88,96,2,2,6,86
0x8104dc,90.4762%,8,76,84,30,4,4,46
0x543fcb,0%,8,0,8,0,0,8,0
0xa90560,87.8788%,8,58,66,6,3,5,52
0x60de75,98.0247%,8,397,405,140,5,3,257
0x5ef876,86.6667%,8,52,60,37,6,2,15
0x8d2494,90.4762%,8,76,84,76,6,2,0
0xb2464c,99.9328%,8,11891,11899,11891,8,0,0
0x50769b,99.6522%,8,2292,2300,0,0,8,2292
0x50ce60,84.6154%,8,44,52,26,0,8,18
0x506202,98.7635%,8,639,647,0,0,8,639
0x9ee479,63.6364%,8,14,22,4,3,5,10
0xa429b2,99.1021%,8,883,891,883,8,0,0
0xa46a28,91.6667%,8,88,96,86,2,6,2
0x506217,98.7635%,8,639,647,634,2,6,5
0xa42944,99.7229%,8,2879,2887,887,4,4,1992
0x507174,98.9189%,8,732,740,598,6,2,134
0x547f42,70.3704%,8,19,27,3,5,3,16
0xa44a2f,98.4848%,8,520,528,520,8,0,0
0x50d954,69.2308%,8,18,26,0,0,8,18
0x790fa5,82.2222%,8,37,45,0,0,8,37
0xa2d6a6,95.9596%,8,190,198,0,4,4,190
0x48e050,91.8367%,8,90,98,67,6,2,23
0x5ff58e,0%,8,0,8,0,6,2,0
0x4bec58,95.4286%,8,167,175,33,2,6,134
0x60b51c,97.9275%,8,378,386,378,8,0,0
0xa32183,95.8763%,8,186,194,186,4,4,0
0x9f7b3b,89.8734%,8,71,79,68,7,1,3
0x53ee88,94.8052%,8,146,154,144,5,3,2
0x51b509,57.8947%,8,11,19,9,4,4,2
0x9e090e,91.0112%,8,81,89,3,5,3,78
0x4bed76,96.6805%,8,233,241,211,4,4,22
0x557c80,92.233%,8,95,103,26,4,4,69
0x5049a3,89.8734%,8,71,79,47,5,3,24
0xa2e1f1,98.0488%,8,402,410,0,0,8,402
0xa3117b,96.4126%,8,215,223,77,5,3,138
0x50aabe,87.6923%,8,57,65,52,3,5,5
0x8d25b3,99.5423%,8,1740,1748,0,0,8,1740
0x9e21ae,50%,8,8,16,8,6,2,0
0xa2d2db,97.9695%,8,386,394,1,3,5,385
0xa8f8f1,69.2308%,8,18,26,0,0,8,18
0x9e2168,93.2203%,8,110,118,104,7,1,6
0x4a84aa,91.3043%,8,84,92,84,8,0,0
0x53e87f,94.8052%,8,146,154,146,3,5,0
0xb2ade5,99.2293%,8,1030,1038,1030,8,0,0
0x60dbc8,97.0803%,8,266,274,34,4,4,232
0x5f837d,61.9048%,8,13,21,2,2,6,11
0x50c096,99.6217%,8,2107,2115,132,4,4,1975
0x9f9516,94.0299%,8,126,134,103,6,2,23
0x60dc83,97.0803%,8,266,274,266,8,0,0
0xa487f4,96.3636%,8,212,220,172,6,2,40
0x58be4b,89.4737%,8,68,76,68,8,0,0
0x50da7f,92.5234%,8,99,107,98,5,3,1
0xa45ef3,93.5484%,8,116,124,0,4,4,116
0x5ffdc5,93.2203%,8,110,118,68,4,4,42
0x7a11cc,77.1429%,8,27,35,3,3,5,24
0x508019,98.4848%,8,520,528,0,0,8,520
0xa46bba,96.5217%,8,222,230,222,8,0,0
0xa43e44,88.0597%,8,59,67,0,0,8,59
0x5f0c84,93.2203%,8,110,118,84,0,8,26
0x502784,98.9912%,8,785,793,785,8,0,0
0x5071a3,98.9189%,8,732,740,598,6,2,134
0x5fa51a,79.4872%,8,31,39,19,5,3,12
0x5f88e5,92.3077%,8,96,104,91,1,7,5
0x542322,96.347%,8,211,219,211,8,0,0
0x943cc9,94.2446%,8,131,139,124,5,3,7
0x5be197,99.5763%,7,1645,1652,1645,7,0,0
0x50694b,99.0541%,7,733,740,0,0,7,733
0x4a7bfa,93.1373%,7,95,102,49,2,5,46
0x50983f,99.659%,7,2046,2053,0,0,7,2046
0x58ffa9,99.3097%,7,1007,1014,504,3,4,503
0x4aaff2,36.3636%,7,4,11,4,7,0,0
0x5bc409,99.2761%,7,960,967,0,3,4,960
0xa58319,12.5%,7,1,8,1,7,0,0
0xa52d79,91.8605%,7,79,86,72,5,2,7
0x780378,99.4733%,7,1322,1329,1322,7,0,0
0x5bcebd,99.2739%,7,957,964,919,1,6,38
0x858f29,46.1538%,7,6,13,3,4,3,3
0x534a6b,89.3939%,7,59,66,0,0,7,59
0x8f2f13,96.875%,7,217,224,217,5,2,0
0xa51a5f,41.6667%,7,5,12,1,4,3,4
0x5904b4,90%,7,63,70,63,5,2,0
0x8ef069,91.6667%,7,77,84,3,3,4,74
0xa2853c,95.625%,7,153,160,0,0,7,153
0x50242d,97.9412%,7,333,340,333,7,0,0
0x4a0453,88.3333%,7,53,60,40,4,3,13
0xa280ae,97.9104%,7,328,335,0,3,4,328
0xa2859b,79.4118%,7,27,34,1,3,4,26
0x502797,99.3924%,7,1145,1152,1145,5,2,0
0x9f68c4,97.6109%,7,286,293,286,7,0,0
0x58b745,99.0667%,7,743,750,742,4,3,1
0xa98830,53.3333%,7,8,15,0,0,7,8
0x97277a,97.4359%,7,266,273,8,1,6,258
0x58fdd0,92.9293%,7,92,99,0,1,6,92
0x49eee0,90%,7,63,70,63,7,0,0
0xb1ae9d,98.3834%,7,426,433,426,7,0,0
0x94e8cd,88.3333%,7,53,60,27,3,4,26
0x547431,88.5246%,7,54,61,54,7,0,0
0x541c29,79.4118%,7,27,34,0,0,7,27
0x40aadf,89.8551%,7,62,69,0,0,7,62
0x552aa3,94.9275%,7,131,138,131,5,2,0
0x503f21,22.2222%,7,2,9,1,6,1,1
0x9a765a,50%,7,7,14,6,4,3,1
0x9026c5,99.4167%,7,1193,1200,0,0,7,1193
0x80f5c7,99.7971%,7,3443,3450,0,0,7,3443
0x48d64d,99.8434%,7,4462,4469,0,0,7,4462
0x40bc29,93.2039%,7,96,103,0,0,7,96
0xa9173c,80.5556%,7,29,36,1,1,6,28
0x4b64b7,95.4839%,7,148,155,0,0,7,148
0x506def,99.0541%,7,733,740,733,6,1,0
0x5357ae,94.5312%,7,121,128,61,6,1,60
0x8e2fda,97.0464%,7,230,237,230,3,4,0
0x8ffbc0,99.5928%,7,1712,1719,0,4,3,1712
0x4a6fc9,94.2149%,7,114,121,114,7,0,0
0x49634b,79.4118%,7,27,34,0,0,7,27
0x58d15f,93.1373%,7,95,102,27,3,4,68
0xa2751e,97.8528%,7,319,326,319,7,0,0
0x40d397,99.7219%,7,2510,2517,1340,4,3,1170
0xa28730,66.6667%,7,14,21,1,4,3,13
0x8e7e86,92.3077%,7,84,91,8,4,3,76
0x8dd0b8,99.0305%,7,715,722,714,4,3,1
0x8fe52f,99.8732%,7,5515,5522,0,0,7,5515
0x9ed749,81.5789%,7,31,38,0,2,5,31
0x4a1cd1,94.697%,7,125,132,32,4,3,93
0x6796c5,93.75%,7,105,112,105,7,0,0
0x406c78,87.931%,7,51,58,51,7,0,0
0x492ace,95.7576%,7,158,165,158,5,2,0
0x48e455,95.3642%,7,144,151,144,7,0,0
0x9a82f0,50%,7,7,14,7,7,0,0
0xa02743,74.0741%,7,20,27,0,0,7,20
0x5051fd,99.0541%,7,733,740,0,0,7,733
0x48cda0,87.2727%,7,48,55,48,7,0,0
0x609c87,98.9489%,7,659,666,659,7,0,0
0x546286,98%,7,343,350,0,0,7,343
0x8c8aa5,91.6667%,7,77,84,2,2,5,75
0x64c282,95.9064%,7,164,171,47,6,1,117
0x81e96e,98.659%,7,515,522,441,5,2,74
0x5bb801,99.2761%,7,960,967,0,0,7,960
0x8f0bc4,85.4167%,7,41,48,41,7,0,0
0x558d43,97.6667%,7,293,300,275,5,2,18
0x50fda1,99.9448%,7,12676,12683,12676,7,0,0
0x8e958c,12.5%,7,1,8,1,5,2,0
0x5f83e3,99.0979%,7,769,776,769,3,4,0
0x4c567c,70.8333%,7,17,24,0,2,5,17
0xa90469,93.8596%,7,107,114,107,7,0,0
0xa90618,87.7193%,7,50,57,0,4,3,50
0x9a7284,53.3333%,7,8,15,5,6,1,3
0x8bc81d,79.4118%,7,27,34,27,5,2,0
0x9f03b4,98.1723%,7,376,383,0,0,7,376
0x4a02b6,92.2222%,7,83,90,83,7,0,0
0xb32708,99.8913%,7,6435,6442,0,0,7,6435
0x805999,99.4968%,7,1384,1391,0,0,7,1384
0x58be0f,90.7895%,7,69,76,69,7,0,0
0x9b9253,91.5663%,7,76,83,76,5,2,0
0x5c56f9,91.5663%,7,76,83,35,3,4,41
0x4b53ce,72%,7,18,25,18,5,2,0
0x844434,98.4914%,7,457,464,0,0,7,457
0x547ec2,98.8942%,7,626,633,626,7,0,0
0xb1813e,98.9378%,7,652,659,99,3,4,553
0x8ef4e1,83.3333%,7,35,42,31,2,5,4
0x51105c,99.8145%,7,3767,3774,0,0,7,3767
0x5af002,98.9614%,7,667,674,0,0,7,667
0x8f6a9c,94.1176%,7,112,119,106,3,4,6
0x98407c,91.8605%,7,79,86,10,2,5,69
0x9713b1,50%,7,7,14,3,4,3,4
0x5f7948,98.9378%,7,652,659,0,0,7,652
0x551059,66.6667%,7,14,21,0,0,7,14
0x4b8ae2,56.25%,7,9,16,0,0,7,9
0x9ef396,68.1818%,7,15,22,9,4,3,6
0x8ff6e0,92.8571%,7,91,98,0,0,7,91
0x5fef89,85.4167%,7,41,48,30,4,3,11
0x9e014e,99.3482%,7,1067,1074,0,0,7,1067
0x822586,87.5%,7,49,56,11,5,2,38
0x60a979,98.7889%,7,571,578,571,7,0,0
0x60a8ec,99.1139%,7,783,790,0,0,7,783
0x5f85af,97.1193%,7,236,243,236,7,0,0
0xa5f9d6,98.3908%,7,428,435,0,0,7,428
0x55114e,75%,7,21,28,16,6,1,5
0xa5f948,98.4055%,7,432,439,2,2,5,430
0x4a5c00,87.2727%,7,48,55,1,2,5,47
0x4049f8,97.2973%,7,252,259,158,4,3,94
0xa901cd,88.8889%,7,56,63,35,3,4,21
0x58c551,79.4118%,7,27,34,17,5,2,10
0x648433,98.0663%,7,355,362,83,2,5,272
0x405703,99.9585%,7,16849,16856,0,0,7,16849
0x5bb4fe,99.5007%,7,1395,1402,1395,5,2,0
0xa4a62a,82.9268%,7,34,41,4,4,3,30
0x60e502,98.6692%,7,519,526,77,4,3,442
0x48a04b,99.9312%,7,10161,10168,0,0,7,10161
0xb2fb53,99.9039%,7,7279,7286,0,0,7,7279
0x49b10e,90.1408%,7,64,71,64,5,2,0
0x8fccbe,98.5075%,7,462,469,462,7,0,0
0x9f0c80,93.6364%,7,103,110,103,7,0,0
0x951d5c,98.9011%,7,630,637,630,7,0,0
0x9ed43e,95.3333%,7,143,150,134,5,2,9
0x55013d,85.4167%,7,41,48,40,5,2,1
0x8ec378,99.3631%,7,1092,1099,1092,7,0,0
0xa554c0,97.3585%,7,258,265,0,4,3,258
0x9a621f,75.8621%,7,22,29,21,3,4,1
0xa2cb58,99.2152%,7,885,892,885,7,0,0
0x9f5cb9,63.1579%,7,12,19,0,0,7,12
0x65bd21,98.1383%,7,369,376,195,4,3,174
0x9c434d,95%,7,133,140,131,7,0,2
0x58ba54,94.0678%,7,111,118,3,1,6,108
0x5913ff,97.3684%,7,259,266,259,7,0,0
0x49b1ab,56.25%,7,9,16,0,2,5,9
0x5576b5,99.852%,7,4723,4730,0,0,7,4723
0x53ee2e,95.5696%,7,151,158,151,3,4,0
0x5fd78f,99.544%,7,1528,1535,1527,0,7,1
0x5bc170,99.5007%,7,1395,1402,0,0,7,1395
0x80680a,82.5%,7,33,40,7,5,2,26
0x495064,53.3333%,7,8,15,6,7,0,2
0x806457,76.6667%,7,23,30,23,7,0,0
0x48c4ed,92.7083%,7,89,96,89,7,0,0
0xa3a218,98.9474%,7,658,665,0,0,7,658
0x8aede7,95.2055%,7,139,146,134,5,2,5
0x504d0b,88.1356%,7,52,59,46,3,4,6
0x546a3c,95.3333%,7,143,150,0,4,3,143
0x9fe3a8,94.7761%,7,127,134,35,5,2,92
0xa5d066,95.9538%,7,166,173,166,7,0,0
0x9f891b,76.6667%,7,23,30,14,5,2,9
0xa53422,96.3542%,7,185,192,17,3,4,168
0x8d2530,91.4634%,7,75,82,72,0,7,3
0xa9ecef,96.9027%,7,219,226,0,0,7,219
0xb17b7f,99.3402%,7,1054,1061,0,0,7,1054
0x9f29f0,95.9538%,7,166,173,64,5,2,102
0x818c04,99.1536%,7,820,827,0,0,7,820
0xaa9f47,74.0741%,7,20,27,20,7,0,0
0x53f154,12.5%,7,1,8,0,4,3,1
0x8f0c9a,65%,7,13,20,9,5,2,4
0x9f02ea,93.9655%,7,109,116,109,5,2,0
0xb1b6bd,99.3035%,7,998,1005,998,7,0,0
0x9c4250,97.8916%,7,325,332,325,7,0,0
0x973c8b,93.2039%,7,96,103,0,0,7,96
0x8089ab,66.6667%,7,14,21,10,2,5,4
0x542454,99.6942%,7,2282,2289,0,0,7,2282
0x8e74b2,98.2759%,7,399,406,321,2,5,78
0x481c15,81.5789%,7,31,38,24,5,2,7
0x8ae8f0,95.4248%,7,146,153,143,3,4,3
0x817d35,97.2%,7,243,250,238,4,3,5
0xb4a1a6,99.0331%,7,717,724,0,0,7,717
0x40bb41,97.651%,7,291,298,0,2,5,291
0xb4a1a8,99.0331%,7,717,724,0,0,7,717
0x781828,93.8053%,7,106,113,102,5,2,4
0xb4a1b2,99.0331%,7,717,724,717,7,0,0
0xa05474,65%,7,13,20,13,4,3,0
0x4ca091,99.2481%,7,924,931,924,5,2,0
0x96b1d5,99.2282%,7,900,907,0,0,7,900
0x4a6e86,92.5532%,7,87,94,87,7,0,0
0x7d2dba,65%,7,13,20,2,4,3,11
0x8119a7,99.1745%,7,841,848,837,6,1,4
0x94eaeb,88.3333%,7,53,60,23,7,0,30
0x81f2e6,88.1356%,7,52,59,19,0,7,33
0x8e9f69,99.5873%,7,1689,1696,0,0,7,1689
0x819838,89.7059%,7,61,68,28,6,1,33
0x9694eb,99.7069%,7,2381,2388,0,0,7,2381
0x499d41,86.7925%,7,46,53,46,7,0,0
0x533b34,98.8599%,7,607,614,607,7,0,0
0x9780b3,95.9538%,7,166,173,166,7,0,0
0xa58a6f,94.9275%,7,131,138,0,0,7,131
0x9e2650,97.5694%,7,281,288,146,3,4,135
0x4043a6,99.6949%,7,2287,2294,0,0,7,2287
0x9776e8,99.4913%,7,1369,1376,490,4,3,879
0x8febe2,99.805%,7,3582,3589,0,0,7,3582
0xa64bd8,12.5%,7,1,8,1,1,6,0
0xa27361,93.3962%,7,99,106,73,2,5,26
0x5484f1,99.9458%,7,12907,12914,0,0,7,12907
0x908ad0,99.2716%,7,954,961,954,7,0,0
0x5cf584,99.5778%,7,1651,1658,266,2,5,1385
0x9f416e,78.7879%,7,26,33,26,7,0,0
0x492d5f,90.2778%,7,65,72,2,5,2,63
0x50b30c,82.5%,7,33,40,33,7,0,0
0x8e3d06,97.651%,7,291,298,291,7,0,0
0x5e37b0,98.9297%,7,647,654,0,3,4,647
0x8ffbdb,99.7727%,7,3072,3079,1,1,6,3071
0x403d0c,87.037%,7,47,54,9,5,2,38
0x608c31,98.7365%,7,547,554,547,7,0,0
0x50d8b1,87.7193%,7,50,57,0,0,7,50
0xa3550a,97.7273%,7,301,308,9,6,1,292
0x90223a,99.5875%,7,1690,1697,0,2,5,1690
0x9733a8,82.5%,7,33,40,33,7,0,0
0x5096a5,36.3636%,7,4,11,4,7,0,0
0x511712,99.5277%,7,1475,1482,1475,7,0,0
0xa2738b,93.3962%,7,99,106,81,4,3,18
0xa4bc38,96.1538%,7,175,182,0,2,5,175
0x5386e4,99.2754%,7,959,966,0,0,7,959
0x973193,98.8525%,7,603,610,0,0,7,603
0x4103a6,98.1579%,7,373,380,373,7,0,0
0x81f903,99.667%,7,2095,2102,24,4,3,2071
0x9e0104,99.3482%,7,1067,1074,0,0,7,1067
0xa25eff,95.0355%,7,134,141,102,1,6,32
0x6117a5,90.7895%,7,69,76,31,2,5,38
0x4bf0b9,97.0339%,7,229,236,44,4,3,185
0x9a630a,50%,7,7,14,0,0,7,7
0x48ebff,91.0256%,7,71,78,71,3,4,0
0x9e751e,97.6109%,7,286,293,135,6,1,151
0x8045c9,70.8333%,7,17,24,3,4,3,14
0x49d794,92.0455%,7,81,88,7,4,3,74
0xa25f0d,96.2766%,7,181,188,139,2,5,42
0xa52fb3,96.3542%,7,185,192,1,1,6,184
0x40988e,98.6166%,7,499,506,0,0,7,499
0x8a7388,99.2489%,7,925,932,0,0,7,925
0x5019ff,98.7698%,7,562,569,562,7,0,0
0x9edde2,94.9275%,7,131,138,131,7,0,0
0xa9105c,96.5347%,7,195,202,113,3,4,82
0x40e115,99.5806%,7,1662,1669,0,0,7,1662
0x9abd04,53.3333%,7,8,15,5,0,7,3
0xaa2e4b,98.871%,7,613,620,613,7,0,0
0x5baf8f,96.3158%,7,183,190,183,7,0,0
0xa5867d,56.25%,7,9,16,4,4,3,5
0x909189,99.623%,7,1850,1857,1850,7,0,0
0x9e0877,99.2716%,7,954,961,581,4,3,373
0x81fa25,99.1105%,7,780,787,19,1,6,761
0x9bb6b3,89.2308%,7,58,65,58,5,2,0
0x49e32d,97.9532%,7,335,342,335,7,0,0
0x48eb9c,99.0358%,7,719,726,0,0,7,719
0x8daddb,99.7409%,7,2695,2702,0,0,7,2695
0x9edaa7,82.9268%,7,34,41,32,2,5,2
0x679c49,99.6032%,7,1757,1764,1366,3,4,391
0xb14a58,99.7962%,7,3427,3434,3427,7,0,0
0x9a94ad,82.5%,7,33,40,33,7,0,0
0xa28584,94.3548%,7,117,124,117,1,6,0
0x8c92ba,99.3028%,7,997,1004,81,3,4,916
0xa32eaf,98.9442%,7,656,663,0,0,7,656
0x611753,99.0424%,7,724,731,724,7,0,0
0x54ef89,83.7209%,7,36,43,0,0,7,36
0x9feab6,82.5%,7,33,40,29,4,3,4
0x81cd6d,96.1538%,7,175,182,0,5,2,175
0x4a25e3,97.7419%,7,303,310,0,4,3,303
0x542272,99.8827%,7,5962,5969,0,0,7,5962
0x50b65f,84.0909%,7,37,44,0,4,3,37
0x50d71f,91.6667%,7,77,84,39,3,4,38
0x50595d,91.4634%,7,75,82,75,7,0,0
0x95b5a8,69.5652%,7,16,23,3,1,6,13
0x9ed396,98.4581%,7,447,454,52,5,2,395
0x5086a6,89.0625%,7,57,64,25,1,6,32
0xb2fd58,99.0358%,7,719,726,0,0,7,719
0x944877,94.0678%,7,111,118,111,7,0,0
0x5ff687,93.0693%,7,94,101,94,7,0,0
0x5ee413,96.0452%,7,170,177,170,7,0,0
0x7d1add,99.0099%,7,700,707,72,7,0,628
0xa8fce0,95.2055%,7,139,146,139,7,0,0
0x4041ce,98.8673%,7,611,618,376,7,0,235
0x50f986,83.7209%,7,36,43,0,0,7,36
0x50cdb0,97.8193%,7,314,321,0,0,7,314
0x591096,97.166%,7,240,247,0,0,7,240
0x4096f6,89.2308%,7,58,65,0,2,5,58
0xa42e8c,87.931%,7,51,58,49,5,2,2
0x501ae3,99.1184%,7,787,794,0,0,7,787
0x9f4fb5,96.9163%,7,220,227,52,6,1,168
0xa942a0,95.7831%,7,159,166,153,5,2,6
0x403a12,72%,7,18,25,12,3,4,6
0xa2e7b4,91.7647%,7,78,85,0,0,7,78
0x908e06,99.8362%,7,4267,4274,4267,7,0,0
0x64df73,98.6641%,7,517,524,517,7,0,0
0xad7b50,99.1014%,7,772,779,0,0,7,772
0x48ab53,99.9172%,7,8451,8458,0,0,7,8451
0x808516,65%,7,13,20,7,6,1,6
0x49f9e2,95.5414%,7,150,157,150,7,0,0
0x53ff05,98.3568%,7,419,426,418,4,3,1
0x81f67a,84.7826%,7,39,46,0,4,3,39
0x8f4ec6,99.7206%,7,2498,2505,171,5,2,2327
0xa25b64,99.309%,7,1006,1013,1006,7,0,0
0xa60c9e,97.0464%,7,230,237,0,0,7,230
0x50ce24,94.1667%,7,113,120,0,0,7,113
0x8e414d,99.6366%,7,1919,1926,1919,7,0,0
0x5f0580,74.0741%,7,20,27,15,6,1,5
0x50c689,82.9268%,7,34,41,27,4,3,7
0x4beb2a,96%,7,168,175,168,7,0,0
0x9c3ee0,91.8605%,7,79,86,52,2,5,27
0x5f287a,77.4194%,7,24,31,21,5,2,3
0x609f7f,99.7635%,7,2953,2960,0,0,7,2953
0x8a8f3c,95%,7,133,140,23,5,2,110
0x8d2908,99.8095%,7,3667,3674,3449,5,2,218
0x488707,98.9599%,7,666,673,666,7,0,0
0x65a002,99.6408%,7,1942,1949,76,5,2,1866
0x8e1160,99.8281%,7,4066,4073,4031,5,2,35
0x9fcbad,72%,7,18,25,2,5,2,16
0xb0a11b,96.6667%,7,203,210,0,0,7,203
0xa32cec,92.6316%,7,88,95,66,4,3,22
0x9f4e9c,96%,7,168,175,48,6,1,120
0x501bae,99.1003%,7,771,778,0,3,4,771
0x4c1ccd,96.5%,7,193,200,8,2,5,185
0xa60a37,97.6974%,7,297,304,297,7,0,0
0x6788fc,99.7545%,7,2844,2851,2844,7,0,0
0xb3768d,99.8737%,7,5535,5542,0,0,7,5535
0x40bc36,93.2039%,7,96,103,95,4,3,1
0x9abab0,99.1283%,7,796,803,796,7,0,0
0x59be0f,98.9583%,7,665,672,0,0,7,665
0x8dacf3,92.0455%,7,81,88,44,0,7,37
0x504918,95.7317%,7,157,164,144,5,2,13
0x90187b,97.2656%,7,249,256,230,4,3,19
0x540d61,98%,7,343,350,0,0,7,343
0x5f8189,95.3333%,7,143,150,0,4,3,143
0x535710,88.5246%,7,54,61,0,0,7,54
0x9a7d66,97.6109%,7,286,293,133,5,2,153
0xa35258,99.6325%,7,1898,1905,1896,6,1,2
0x4b6b66,88.5246%,7,54,61,31,4,3,23
0x509d18,99.3716%,7,1107,1114,134,2,5,973
0x9ab5d1,94.964%,7,132,139,0,0,7,132
0x48dd1f,99.8998%,7,6976,6983,0,0,7,6976
0x9aa3d3,81.0811%,7,30,37,17,5,2,13
0xa058fa,66.6667%,7,14,21,4,3,4,10
0x40bb67,97.2656%,7,249,256,249,4,3,0
0x5531f9,98.9855%,7,683,690,0,0,7,683
0x820dd8,97.1311%,7,237,244,0,0,7,237
0x58d22f,92.3913%,7,85,92,28,2,5,57
0x555dc0,93.3333%,7,98,105,0,0,7,98
0x835e0c,93.2039%,7,96,103,0,0,7,96
0x5cae61,99.4359%,7,1234,1241,0,0,7,1234
0x54f4d4,83.7209%,7,36,43,0,0,7,36
0x4b836f,22.2222%,7,2,9,0,1,6,2
0x48eb30,97.2332%,7,246,253,5,1,6,241
0x9a7147,50%,7,7,14,4,5,2,3
0x8e3de8,82.9268%,7,34,41,34,3,4,0
0xa31b6e,77.4194%,7,24,31,5,1,6,19
0x9f4403,95.8333%,7,161,168,161,7,0,0
0x9a69bb,91.7647%,7,78,85,78,7,0,0
0x50e589,86.7925%,7,46,53,4,6,1,42
0x541fd3,99.1745%,7,841,848,0,0,7,841
0x9f447c,92.3077%,7,84,91,68,1,6,16
0x8a253d,97.5089%,7,274,281,0,0,7,274
0x8c8344,76.6667%,7,23,30,13,5,2,10
0x917716,95.7055%,7,156,163,156,7,0,0
0x40a66a,73.0769%,7,19,26,18,4,3,1
0xa5138e,98.6434%,7,509,516,4,2,5,505
0xa50e85,98.0663%,7,355,362,0,4,3,355
0x5030ba,99.8199%,7,3879,3886,0,0,7,3879
0x8df018,94.6565%,7,124,131,109,6,1,15
0x7bac3b,63.1579%,7,12,19,1,4,3,11
0x90ecfc,99.2716%,7,954,961,306,5,2,648
0x48b35b,83.7209%,7,36,43,0,0,7,36
0xaa9fec,74.0741%,7,20,27,20,7,0,0
0xb3274c,99.8913%,7,6435,6442,6435,7,0,0
0x60bbce,61.1111%,7,11,18,4,5,2,7
0x50435f,94.3548%,7,117,124,57,5,2,60
0x80f737,90.2778%,7,65,72,64,6,1,1
0x98fa9a,97.2763%,7,250,257,250,7,0,0
0xa2aa17,93.8053%,7,106,113,106,4,3,0
0x50ada6,93.6937%,7,104,111,0,2,5,104
0x9f531b,94.4882%,7,120,127,120,7,0,0
0x51c8b6,99.4172%,7,1194,1201,1194,7,0,0
0x8eebb4,98.2885%,7,402,409,402,7,0,0
0x9a9af5,94.2149%,7,114,121,0,0,7,114
0xa318cf,96.7593%,7,209,216,77,5,2,132
0x5b0df9,99.738%,7,2665,2672,2665,7,0,0
0x8a8c48,98.8034%,7,578,585,43,2,5,535
0xa52ec6,63.1579%,7,12,19,4,3,4,8
0xa2f0f9,81.5789%,7,31,38,20,5,2,11
0x4c8e2e,94.7368%,7,126,133,126,7,0,0
0xa981c5,53.3333%,7,8,15,8,4,3,0
0x948743,99.5146%,7,1435,1442,1435,7,0,0
0x58d90c,96.6507%,7,202,209,197,6,1,5
0x49e76d,99.7604%,7,2915,2922,2915,7,0,0
0xa4fe9e,98.6166%,7,499,506,499,3,4,0
0x51c9a5,58.8235%,7,10,17,10,7,0,0
0x60b9ef,89.2308%,7,58,65,43,4,3,15
0x59bbc3,99.6753%,7,2149,2156,0,0,7,2149
0xa941ed,94.5736%,7,122,129,84,5,2,38
0x4a0252,94.9275%,7,131,138,0,0,7,131
0x64795d,89.0625%,7,57,64,57,7,0,0
0x821288,36.3636%,7,4,11,4,5,2,0
0x59352b,95.302%,7,142,149,141,6,1,1
0x446574,98.8055%,7,579,586,2,2,5,577
0x53de6f,98.6692%,7,519,526,0,0,7,519
0x9e292b,76.6667%,7,23,30,6,4,3,17
0x55471d,89.0625%,7,57,64,57,7,0,0
0x50ee87,95.5128%,7,149,156,9,3,4,140
0xa2d9ef,65%,7,13,20,0,2,5,13
0x5c6a99,99.817%,7,3819,3826,0,0,7,3819
0x8a6f9a,98.3213%,7,410,417,8,3,4,402
0x4950bc,75%,7,21,28,21,6,1,0
0x9a7a2e,97.6109%,7,286,293,196,2,5,90
0x9a6a9a,50%,7,7,14,0,1,6,7
0x9d08fb,93.1373%,7,95,102,95,7,0,0
0xa50b15,90.7895%,7,69,76,0,0,7,69
0x51b5be,99.8673%,7,5268,5275,0,0,7,5268
0xa41a93,99.7575%,7,2880,2887,2880,7,0,0
0x80b2bb,97.8593%,7,320,327,320,7,0,0
0x533c1e,85.4167%,7,41,48,41,7,0,0
0x533c55,84.4444%,7,38,45,5,4,3,33
0x8db754,97.7778%,7,308,315,308,7,0,0
0x534eb3,99.7654%,7,2977,2984,0,0,7,2977
0x97bad8,96.0227%,7,169,176,14,7,0,155
0xb0b583,99.8829%,7,5973,5980,0,0,7,5973
0x8f09da,93.8053%,7,106,113,1,4,3,105
0x5fe32b,56.25%,7,9,16,1,3,4,8
0xa33a2f,98.7522%,7,554,561,506,2,5,48
0x6471e4,66.6667%,7,14,21,0,0,7,14
0xa30c3c,96.4103%,7,188,195,33,5,2,155
0x53b05a,99.7129%,7,2431,2438,0,0,7,2431
0xa96e9c,66.6667%,7,14,21,14,3,4,0
0x539d5c,85.4167%,7,41,48,0,6,1,41
0x88a243,82.0513%,7,32,39,19,3,4,13
0xa501b9,95.2703%,7,141,148,14,3,4,127
0x48a76f,99.3934%,7,1147,1154,0,0,7,1147
0xb30b7e,97.9042%,7,327,334,0,0,7,327
0x409f6e,76.6667%,7,23,30,14,2,5,9
0x94b3c1,98.7589%,7,557,564,1,1,6,556
0x4b54f7,61.1111%,7,11,18,1,3,4,10
0xa45d33,12.5%,7,1,8,0,4,3,1
0xa52f5d,65%,7,13,20,13,5,2,0
0x9e2c73,69.5652%,7,16,23,0,0,7,16
0xa46752,76.6667%,7,23,30,8,4,3,15
0x782a03,97.0833%,7,233,240,80,4,3,153
0x9ea62d,83.7209%,7,36,43,30,4,3,6
0x8bb0fa,98.2759%,7,399,406,399,7,0,0
0x8fd9dd,97.2868%,7,251,258,248,5,2,3
0x40d2ef,94.2623%,7,115,122,64,4,3,51
0x9ea6c1,96.3158%,7,183,190,183,7,0,0
0xa52d3f,98.0716%,7,356,363,0,0,7,356
0x58c0cc,90%,7,63,70,0,0,7,63
0x4b4bbf,97.3077%,7,253,260,53,5,2,200
0x901700,96.2567%,7,180,187,0,0,7,180
0x809461,99.1745%,7,841,848,841,7,0,0
0x8e7e7c,97.8852%,7,324,331,234,6,1,90
0x509e05,98.3607%,7,420,427,420,7,0,0
0x819977,97.7848%,7,309,316,0,0,7,309
0x8ff2b6,90%,7,63,70,2,4,3,61
0xb4a147,99.2693%,7,951,958,951,7,0,0
0x9428ad,96.9432%,7,222,229,222,7,0,0
0x977f9a,97.4265%,7,265,272,0,0,7,265
0x591f2a,99.8136%,7,3749,3756,3698,6,1,51
0x9017cb,87.037%,7,47,54,22,5,2,25
0x51053f,99.4391%,7,1241,1248,0,0,7,1241
0x8f6c23,93.578%,7,102,109,0,0,7,102
0x48bd7b,95.1049%,7,136,143,136,6,1,0
0x5410d7,99.8301%,7,4114,4121,4114,7,0,0
0x441461,98.7973%,7,575,582,0,0,7,575
0x58c6c2,93.2692%,7,97,104,9,2,5,88
0x8e133d,99.6445%,7,1962,1969,0,0,7,1962
0x51c41d,99.4172%,7,1194,1201,1194,7,0,0
0x59c9a1,91.25%,7,73,80,65,4,3,8
0x901231,96.2162%,7,178,185,0,3,4,178
0x959672,94.3548%,7,117,124,117,7,0,0
0x9e840b,92.3913%,7,85,92,0,4,3,85
0x4a1d1b,99.5192%,7,1449,1456,0,0,7,1449
0x505cea,99.0541%,7,733,740,733,7,0,0
0x550a8f,86.2745%,7,44,51,44,7,0,0
0x9e74ea,99.2678%,7,949,956,949,7,0,0
0xa57664,75%,7,21,28,10,4,3,11
0xa578cc,73.0769%,7,19,26,11,4,3,8
0xa573f4,82.9268%,7,34,41,32,6,1,2
0x539660,96.789%,7,211,218,105,4,3,106
0x5396b0,99.6222%,7,1846,1853,1741,3,4,105
0x9452b0,96.9027%,7,219,226,209,4,3,10
0xa4d187,50%,7,7,14,5,5,2,2
0x50be62,80%,7,28,35,0,0,7,28
0x51af57,90.9091%,7,70,77,0,2,5,70
0xa52fa8,96.3918%,7,187,194,1,1,6,186
0x8efdd0,93.5185%,7,101,108,91,3,4,10
0xa44d73,98.8581%,7,606,613,0,4,3,606
0x50ea56,61.1111%,7,11,18,4,2,5,7
0x64c080,94.4882%,7,120,127,115,3,4,5
0x9485e8,99.5146%,7,1435,1442,1435,7,0,0
0x8eae6d,98.5626%,7,480,487,419,2,5,61
0x53e92a,95.4545%,7,147,154,147,7,0,0
0x49f54c,61.1111%,7,11,18,11,7,0,0
0x5fa35d,96.8326%,7,214,221,212,3,4,2
0x8ece99,99.2965%,7,988,995,988,7,0,0
0x807ba2,96.861%,7,216,223,0,0,7,216
0x511fd3,99.8278%,7,4058,4065,4058,7,0,0
0x791e58,84.4444%,7,38,45,35,4,3,3
0x4ba3fd,98.4581%,7,447,454,54,4,3,393
0x4bea3b,93.3333%,7,98,105,66,4,3,32
0x806099,99.4784%,7,1335,1342,1335,3,4,0
0x7e0868,80%,7,28,35,26,7,0,2
0xa58ed7,97.971%,7,338,345,226,0,7,112
0x98cd13,99.5706%,7,1623,1630,0,0,7,1623
0x816ce1,99.4332%,7,1228,1235,1228,6,1,0
0x88e9ec,82.0513%,7,32,39,0,0,7,32
0x501b57,99.115%,7,784,791,9,4,3,775
0x485b0c,96.8889%,7,218,225,218,5,2,0
0x5f92dc,81.0811%,7,30,37,30,7,0,0
0x49f94b,99.4737%,7,1323,1330,0,0,7,1323
0x54da74,82.0513%,7,32,39,32,7,0,0
0xa464c2,63.1579%,7,12,19,1,4,3,11
0x5bd3b5,99.2693%,7,951,958,836,3,4,115
0x64ad61,99.9667%,7,21028,21035,21028,7,0,0
0x55598a,87.2727%,7,48,55,47,7,0,1
0x819ceb,79.4118%,7,27,34,8,4,3,19
0x8e89dc,99.8018%,7,3525,3532,3525,7,0,0
0xa481e9,97.6821%,7,295,302,240,2,5,55
0x5118da,99.7803%,7,3179,3186,3179,7,0,0
0x4bc7bd,83.3333%,7,35,42,1,2,5,34
0x5ff651,82.5%,7,33,40,0,4,3,33
0xb32723,99.8913%,7,6435,6442,0,0,7,6435
0xa90b4a,12.5%,7,1,8,1,2,5,0
0x49dd65,75%,7,21,28,0,0,7,21
0x944d55,98.9474%,7,658,665,132,4,3,526
0x5906e2,97.5352%,7,277,284,274,3,4,3
0xa459a2,86.2745%,7,44,51,14,4,3,30
0x488ddf,99.8114%,7,3705,3712,0,0,7,3705
0x817519,99.1696%,7,836,843,836,5,2,0
0x5fa03f,96.8326%,7,214,221,214,7,0,0
0x49949e,96.5854%,7,198,205,0,0,7,198
0x78122d,99.2545%,7,932,939,38,6,1,894
0x8ea942,99.4304%,7,1222,1229,0,4,3,1222
0x7cdf2a,99.1162%,7,785,792,785,7,0,0
0xa51e03,87.5%,7,49,56,46,3,4,3
0xa451a6,98.2412%,7,391,398,391,7,0,0
0x8e39bd,78.125%,7,25,32,0,0,7,25
0x539103,98.8235%,7,588,595,588,5,2,0
0x5c4c82,99.6025%,7,1754,1761,171,2,5,1583
0xa33b7f,99.4776%,7,1333,1340,1265,3,4,68
0x405717,99.9585%,7,16849,16856,0,0,7,16849
0x8aa7f9,99.3986%,7,1157,1164,0,0,7,1157
0x5b262e,85.1064%,7,40,47,0,2,5,40
0xa55fc0,98.3294%,7,412,419,412,7,0,0
0x696525,98.9378%,7,652,659,652,7,0,0
0x822573,96.8326%,7,214,221,160,5,2,54
0xaaaf4b,94.3548%,7,117,124,0,0,7,117
0x8fd402,99.5961%,7,1726,1733,1726,6,1,0
0x81aea7,99.1745%,7,841,848,838,5,2,3
0x538fdf,94.697%,7,125,132,101,5,2,24
0x9e7216,97.2%,7,243,250,213,4,3,30
0x4a86cd,86.7925%,7,46,53,46,5,2,0
0x54f892,83.7209%,7,36,43,0,0,7,36
0x9e04b7,87.931%,7,51,58,0,0,7,51
0x9e88a5,91.358%,7,74,81,73,3,4,1
0x495fd1,86%,7,43,50,24,4,3,19
0x5cf476,82.0513%,7,32,39,27,6,1,5
0x53bb60,98.8235%,7,588,595,588,5,2,0
0x53c680,99.4128%,7,1185,1192,0,0,7,1185
0x54834f,99.9458%,7,12907,12914,12904,6,1,3
0x60019c,74.0741%,7,20,27,5,7,0,15
0xa91065,91.8605%,7,79,86,62,6,1,17
0x9aa105,87.037%,7,47,54,17,4,3,30
0x5ef99f,91.5663%,7,76,83,61,5,2,15
0x50809a,98.2143%,7,385,392,0,0,7,385
0xa52685,94.4444%,7,119,126,81,2,5,38
0x4045d1,96.875%,7,217,224,0,0,7,217
0x8fcf67,96.9565%,7,223,230,223,7,0,0
0x833f4f,99.1576%,7,824,831,0,0,7,824
0x67a6db,99.7461%,7,2750,2757,2750,7,0,0
0x5fecb7,86.7925%,7,46,53,8,6,1,38
0x482d30,63.1579%,7,12,19,1,1,6,11
0x8e74bb,91.5663%,7,76,83,7,5,2,69
0x503ee8,22.2222%,7,2,9,0,0,7,2
0xa5891b,93.9655%,7,109,116,0,0,7,109
0x540d77,98%,7,343,350,0,0,7,343
0x58bf1d,91.1392%,7,72,79,72,7,0,0
0x88e616,82.0513%,7,32,39,11,3,4,21
0x4022df,99.6078%,7,1778,1785,1725,5,2,53
0xb14842,99.8356%,7,4251,4258,0,0,7,4251
0x837807,84.4444%,7,38,45,35,5,2,3
0x5efc4c,90%,7,63,70,63,4,3,0
0x9e70ba,84.7826%,7,39,46,39,7,0,0
0x5411fd,99.8066%,7,3613,3620,3613,7,0,0
0x8e2034,99.5286%,7,1478,1485,0,0,7,1478
0x5c5181,78.7879%,7,26,33,0,0,7,26
0x5c6b55,99.5586%,7,1579,1586,0,0,7,1579
0xa51276,97.2332%,7,246,253,246,3,4,0
0x82285a,99.533%,7,1492,1499,1492,7,0,0
0xa477cb,68.1818%,7,15,22,15,3,4,0
0x9e743c,98.434%,7,440,447,10,3,4,430
0x909941,99.623%,7,1850,1857,1850,7,0,0
0x4b833c,22.2222%,7,2,9,1,3,4,1
0xa394c1,99.0331%,7,717,724,717,7,0,0
0xa91bd4,94.8905%,7,130,137,130,7,0,0
0x8f60af,96.3918%,7,187,194,0,0,7,187
0x8ffaeb,98.987%,7,684,691,4,0,7,680
0x9e3f1c,81.0811%,7,30,37,10,6,1,20
0x821102,99.1003%,7,771,778,0,4,3,771
0x5c4f9c,95.7831%,7,159,166,0,0,7,159
0x983ef8,94.9275%,7,131,138,69,5,2,62
0x592af1,93%,7,93,100,54,5,2,39
0xa16105,99.3365%,7,1048,1055,1048,1,6,0
0x48c367,94.8905%,7,130,137,130,7,0,0
0x8e21a6,99.673%,7,2134,2141,2132,5,2,2
0x58d414,92.3913%,7,85,92,29,6,1,56
0xa4d6cd,80.5556%,7,29,36,0,0,7,29
0x981445,91.25%,7,73,80,4,2,5,69
0x64b427,99.9669%,7,21124,21131,21124,7,0,0
0xa34afb,91.4634%,7,75,82,3,4,3,72
0x973736,41.6667%,7,5,12,1,4,3,4
0x4c8e3e,94.7368%,7,126,133,17,3,4,109
0x9846c0,95.5696%,7,151,158,7,5,2,144
0x8dfe02,99.1003%,7,771,778,128,2,5,643
0x90986c,99.623%,7,1850,1857,1850,7,0,0
0x810127,99.0741%,7,749,756,0,0,7,749
0x40ab39,58.8235%,7,10,17,7,4,3,3
0x80a44a,98.8506%,7,602,609,150,6,1,452
0xa53730,12.5%,7,1,8,0,0,7,1
0x9a4a25,70.8333%,7,17,24,12,4,3,5
0xa60c70,97.0464%,7,230,237,230,7,0,0
0x901437,99.8669%,7,5253,5260,0,0,7,5253
0x8f495a,99.5928%,7,1712,1719,330,6,1,1382
0xa283e9,12.5%,7,1,8,0,6,1,1
0x64af68,99.8769%,7,5680,5687,0,0,7,5680
0x499b18,98.8728%,7,614,621,614,7,0,0
0x81b670,96.5686%,7,197,204,197,5,2,0
0x4b7b36,36.3636%,7,4,11,4,7,0,0
0xa5428d,93.75%,7,105,112,105,3,4,0
0x8eed12,97.9412%,7,333,340,0,2,5,333
0x81f002,99.2144%,7,884,891,884,5,2,0
0xa22d53,89.5522%,7,60,67,0,2,5,60
0x5910ca,96.2162%,7,178,185,178,6,1,0
0x59114b,95.3642%,7,144,151,54,4,3,90
0x64774d,84.4444%,7,38,45,7,2,5,31
0x978437,98.5325%,7,470,477,0,0,7,470
0x53aedc,85.1064%,7,40,47,0,6,1,40
0x82254b,98.3412%,7,415,422,0,0,7,415
0x4bdbe7,74.0741%,7,20,27,3,4,3,17
0x666094,50%,7,7,14,2,2,5,5
0xb2ee39,86.7925%,7,46,53,0,0,7,46
0x48fb58,89.0625%,7,57,64,56,4,3,1
0x4a7aee,95.7055%,7,156,163,156,7,0,0
0x5d7f3d,98.3452%,7,416,423,414,5,2,2
0x7c218d,95.7055%,7,156,163,23,1,6,133
0x543617,94.8148%,7,128,135,0,0,7,128
0x81b750,63.1579%,7,12,19,1,3,4,11
0x543660,94.8148%,7,128,135,128,7,0,0
0x5f8739,92.3077%,7,84,91,0,3,4,84
0x97812d,94.7368%,7,126,133,0,0,7,126
0x9005ae,95.9302%,7,165,172,0,0,7,165
0xa0019f,89.3939%,7,59,66,59,5,2,0
0x7ac090,80%,7,28,35,25,4,3,3
0x97834b,94.7368%,7,126,133,0,0,7,126
0x53516b,99.9043%,7,7309,7316,7309,7,0,0
0x53496f,89.3939%,7,59,66,51,6,1,8
0x9e0590,87.931%,7,51,58,51,7,0,0
0x4a9734,88.3333%,7,53,60,0,0,7,53
0x9ab8f5,97.0213%,7,228,235,0,4,3,228
0x945fdf,63.1579%,7,12,19,12,7,0,0
0x80b9ed,97.8788%,7,323,330,323,7,0,0
0xa2e039,97.1888%,7,242,249,0,0,7,242
0x48dfc8,74.0741%,7,20,27,11,3,4,9
0x4c4c6c,86%,7,43,50,31,4,3,12
0x5388a6,99.4172%,7,1194,1201,1194,7,0,0
0x8f5750,99.0874%,7,760,767,760,7,0,0
0x48e080,95%,7,133,140,22,3,4,111
0x627b7c,97.2549%,7,248,255,248,7,0,0
0x980fe3,90.5405%,7,67,74,59,7,0,8
0x8210f6,99.1128%,7,782,789,6,5,2,776
0x8e186a,99.9711%,7,24192,24199,0,0,7,24192
0x51b78b,99.8315%,7,4147,4154,0,0,7,4147
0x98f974,97.2763%,7,250,257,0,0,7,250
0x8e4818,99.5708%,7,1624,1631,1624,7,0,0
0x60b367,97.8193%,7,314,321,314,7,0,0
0x9a97a3,76.6667%,7,23,30,7,3,4,16
0x4a82b6,92.3913%,7,85,92,0,0,7,85
0xa30583,95.8824%,7,163,170,162,4,3,1
0x9d1130,97.2112%,7,244,251,4,3,4,240
0x808fe6,96.5174%,7,194,201,194,5,2,0
0x4c1613,96.4646%,7,191,198,183,3,4,8
0xaaaa9d,68.1818%,7,15,22,14,5,2,1
0x8d98dc,12.5%,7,1,8,1,7,0,0
0xa5b35d,53.3333%,7,8,15,1,3,4,7
0x9d0142,98%,7,343,350,335,5,2,8
0x556dee,93.5185%,7,101,108,96,4,3,5
0xa3b29d,96.9298%,7,221,228,221,7,0,0
0x8da758,98.1081%,7,363,370,362,2,5,1
0x491b1c,95.7576%,7,158,165,158,5,2,0
0x4a1216,99.1326%,7,800,807,800,7,0,0
0x5ffd21,91.25%,7,73,80,73,7,0,0
0x5f0663,92.2222%,7,83,90,3,3,4,80
0x817e81,87.2727%,7,48,55,0,0,7,48
0x90edcb,99.623%,7,1850,1857,1200,7,0,650
0x98c952,93.578%,7,102,109,0,0,7,102
0x81ffeb,97.8328%,7,316,323,122,4,3,194
0xb0d439,95.8824%,7,163,170,78,7,0,85
0x811bae,99.0897%,7,762,769,762,7,0,0
0x822534,98.3412%,7,415,422,4,2,5,411
0xa9ed0b,94.3089%,7,116,123,38,4,3,78
0x9fde8a,78.125%,7,25,32,2,5,2,23
0x5f12e6,88.5246%,7,54,61,46,6,1,8
0x5f7f22,96.4824%,7,192,199,188,4,3,4
0x8a97eb,99.9464%,7,13045,13052,13045,7,0,0
0x488f47,41.6667%,7,5,12,2,6,1,3
0xa97e01,81.0811%,7,30,37,25,3,4,5
0x5fea06,83.3333%,7,35,42,9,3,4,26
0x7b6f16,95.0355%,7,134,141,134,7,0,0
0x5c6c00,99.6741%,7,2141,2148,0,0,7,2141
0x5b1535,87.2727%,7,48,55,42,5,2,6
0xa56704,56.25%,7,9,16,8,0,7,1
0x7f044c,90.2778%,7,65,72,65,5,2,0
0x7efdf9,95.8333%,7,161,168,12,7,0,149
0x50388d,84.7826%,7,39,46,8,2,5,31
0x542c12,98.0447%,7,351,358,346,4,3,5
0x911042,99.0617%,7,739,746,739,7,0,0
0x643ddc,99.5095%,7,1420,1427,0,0,7,1420
0x9fe651,84.0909%,7,37,44,35,5,2,2
0xa38977,76.6667%,7,23,30,0,0,7,23
0x9eb671,89.5522%,7,60,67,0,4,3,60
0xb314f1,98.3373%,7,414,421,0,0,7,414
0x4a1258,99.3716%,7,1107,1114,17,1,6,1090
0x9dfa3b,96.729%,7,207,214,0,0,7,207
0x63e4c9,99.5084%,7,1417,1424,1098,4,3,319
0x5b9d79,85.4167%,7,41,48,38,5,2,3
0x5ff6a2,93.0693%,7,94,101,6,5,2,88
0x8e021f,98.6742%,7,521,528,521,7,0,0
0x8fc022,99.0528%,7,732,739,0,0,7,732
0x4b5e85,85.7143%,7,42,49,36,2,5,6
0x8aaa3c,88.8889%,7,56,63,56,7,0,0
0x40509e,99.8123%,7,3722,3729,0,0,7,3722
0x5441af,89.3939%,7,59,66,53,4,3,6
0x9e3692,79.4118%,7,27,34,0,0,7,27
0x5bd0d8,87.2727%,7,48,55,40,4,3,8
0x9eb793,91.1392%,7,72,79,72,2,5,0
0x501856,99.7844%,7,3240,3247,0,0,7,3240
0x4b66bb,93.3962%,7,99,106,75,1,6,24
0x901315,86%,7,43,50,0,0,7,43
0x903edb,86.5385%,7,45,52,15,3,4,30
0x48eb5c,91.5663%,7,76,83,21,5,2,55
0x8b9cac,99.7656%,7,2979,2986,2906,7,0,73
0x9bdf73,90.2778%,7,65,72,37,1,6,28
0x482b7a,63.1579%,7,12,19,12,7,0,0
0x8e1cbb,30%,7,3,10,2,4,3,1
0x9ec470,92.5532%,7,87,94,87,2,5,0
0x4c4a0a,87.931%,7,51,58,15,1,6,36
0x535618,90.411%,7,66,73,7,5,2,59
0x6d04f4,86%,7,43,50,18,3,4,25
0xaadf1d,99.8144%,7,3765,3772,1986,5,2,1779
0x4999d8,90.5405%,7,67,74,44,4,3,23
0x537390,94.5312%,7,121,128,121,7,0,0
0x9e21a4,94.1667%,7,113,120,97,7,0,16
0x504e76,92.7835%,7,90,97,57,2,5,33
0x60835b,92.3077%,7,84,91,84,7,0,0
0x48de09,96.4646%,7,191,198,45,2,5,146
0x8ecc1b,86.5385%,7,45,52,35,4,3,10
0x58ba4f,94.2623%,7,115,122,0,4,3,115
0x4ab87d,77.4194%,7,24,31,0,0,7,24
0xb182b0,99.2901%,7,979,986,979,7,0,0
0x9bd1c6,87.2727%,7,48,55,0,0,7,48
0x821fbd,78.125%,7,25,32,0,0,7,25
0x4101fd,99.6126%,7,1800,1807,886,4,3,914
0x9d02b4,98%,7,343,350,343,7,0,0
0xb2e750,99.9124%,7,7988,7995,0,0,7,7988
0x508bd6,96.6184%,7,200,207,0,4,3,200
0xa59013,83.3333%,7,35,42,4,2,5,31
0x9f93cd,79.4118%,7,27,34,0,2,5,27
0x90400d,83.7209%,7,36,43,30,2,5,6
0xa591fc,94.1176%,7,112,119,112,7,0,0
0x94e54e,97.7564%,7,305,312,5,3,4,300
0x8ed6c3,99.3566%,7,1081,1088,0,2,5,1081
0x9f254b,91.4634%,7,75,82,71,4,3,4
0x499013,98.3982%,7,430,437,107,5,2,323
0x4bec93,96%,7,168,175,100,5,2,68
0x808dc4,99.2616%,7,941,948,941,5,2,0
0x5f887d,82.0513%,7,32,39,30,1,6,2
0x8deb1e,89.3939%,7,59,66,59,7,0,0
0x4b5c90,86.7925%,7,46,53,1,2,5,45
0x48ddd4,96.4646%,7,191,198,191,7,0,0
0x5fa285,95.9538%,7,166,173,166,7,0,0
0x4b6667,75.8621%,7,22,29,17,5,2,5
0x9fb191,92.9293%,7,92,99,57,5,2,35
0x9fb17b,94.3548%,7,117,124,18,7,0,99
0x5fa233,99.2072%,7,876,883,625,5,2,251
0x8df648,68.1818%,7,15,22,15,5,2,0
0x9fe3e2,94.7761%,7,127,134,0,3,4,127
0xa9d387,83.3333%,7,35,42,12,4,3,23
0x9f254f,92.9293%,7,92,99,0,4,3,92
0x81edc8,97.1774%,7,241,248,241,7,0,0
0x9fe37e,94.7761%,7,127,134,0,0,7,127
0x47f260,99.347%,7,1065,1072,1065,7,0,0
0x9fb141,94.3548%,7,117,124,117,7,0,0
0x9fb12d,94.3548%,7,117,124,0,0,7,117
0x8a76ff,97.561%,7,280,287,56,3,4,224
0x815ca4,82.9268%,7,34,41,0,0,7,34
0x9fbb5f,97.7124%,7,299,306,0,0,7,299
0x53ee53,12.5%,7,1,8,0,4,3,1
0x8a8b34,97.3585%,7,258,265,258,7,0,0
0x8a76b5,97.2763%,7,250,257,108,3,4,142
0xa326a9,65%,7,13,20,12,1,6,1
0xaab7e8,92.9293%,7,92,99,92,7,0,0
0x8aa872,99.0476%,7,728,735,728,7,0,0
0x8b9867,99.9278%,7,9692,9699,0,0,7,9692
0x5ea993,98.4234%,7,437,444,205,7,0,232
0x9e3cfa,82.9268%,7,34,41,33,6,1,1
0xa34de3,99.0553%,7,734,741,734,7,0,0
0x555632,88.1356%,7,52,59,0,4,3,52
0x5fb214,95.8084%,7,160,167,12,3,4,148
0x554f84,88.1356%,7,52,59,0,4,3,52
0x64b64d,99.1677%,7,834,841,53,4,3,781
0x48c581,30%,7,3,10,3,7,0,0
0x48c78c,87.931%,7,51,58,37,2,5,14
0x4043ee,99.7066%,7,2379,2386,0,0,7,2379
0x7c71c1,83.3333%,7,35,42,32,5,2,3
0x499659,94.4882%,7,120,127,120,7,0,0
0x592b41,92.2222%,7,83,90,46,3,4,37
0x609579,98.017%,7,346,353,96,5,2,250
0x555fa3,97.1774%,7,241,248,3,0,7,238
0x540455,82.9268%,7,34,41,34,7,0,0
0xa3676d,90.2778%,7,65,72,15,3,4,50
0x8a50fa,96.7742%,7,210,217,210,5,2,0
0xa561c2,94.4444%,7,119,126,119,7,0,0
0xb30d41,99.6261%,7,1865,1872,0,0,7,1865
0x556d38,97.166%,7,240,247,137,5,2,103
0x5ebd6f,53.3333%,7,8,15,5,3,4,3
0x9f6c15,97.6109%,7,286,293,21,5,2,265
0x4046fa,98.8746%,7,615,622,615,7,0,0
0x542382,96.8037%,7,212,219,212,7,0,0
0x8e2427,99.8717%,7,5447,5454,5272,3,4,175
0x610876,63.1579%,7,12,19,4,5,2,8
0x49f6cf,91.1392%,7,72,79,31,5,2,41
0x53e344,99.7776%,7,3141,3148,0,0,7,3141
0x550f72,74.0741%,7,20,27,1,5,2,19
0x961373,99.5682%,7,1614,1621,1614,7,0,0
0x48de88,93.75%,7,105,112,3,4,3,102
0x49c9ea,12.5%,7,1,8,1,7,0,0
0xa43ca7,98.1912%,7,380,387,103,3,4,277
0x507faf,99.0541%,7,733,740,160,6,1,573
0x5bd4c5,99.6377%,7,1925,1932,1925,7,0,0
0x8fdcf1,98.1627%,7,374,381,330,3,4,44
0x8d4308,41.6667%,7,5,12,1,4,3,4
0x5cf539,65%,7,13,20,4,2,5,9
0x80bdbb,30%,7,3,10,2,3,4,1
0x58d9ea,95.1724%,7,138,145,73,2,5,65
0x944235,96.4646%,7,191,198,191,7,0,0
0x609d02,98.017%,7,346,353,346,7,0,0
0xa9287f,85.7143%,7,42,49,38,5,2,4
0x8e4d93,99.546%,7,1535,1542,1032,1,6,503
0x5e46a3,99.5361%,7,1502,1509,1502,7,0,0
0xa05221,88.7097%,7,55,62,14,3,4,41
0x8f5834,92.6316%,7,88,95,0,4,3,88
0x7c7b1f,95.4545%,7,147,154,34,7,0,113
0xa44264,85.7143%,7,42,49,42,7,0,0
0x4043dd,99.7066%,7,2379,2386,341,4,3,2038
0x81b78b,63.1579%,7,12,19,12,7,0,0
0xb14934,99.8131%,7,3738,3745,3738,7,0,0
0x557784,98.6434%,7,509,516,509,7,0,0
0x8065fe,74.0741%,7,20,27,9,6,1,11
0xa58873,93.9655%,7,109,116,0,0,7,109
0x4b6be3,85.7143%,7,42,49,3,6,1,39
0xa2d332,98.2234%,7,387,394,0,0,7,387
0x5de793,99.4359%,7,1234,1241,1234,7,0,0
0x8fcfc0,90.1408%,7,64,71,64,7,0,0
0x8c9349,98.7847%,7,569,576,2,3,4,567
0x9484c7,99.5146%,7,1435,1442,1435,7,0,0
0x558e52,92.0455%,7,81,88,62,4,3,19
0x8127ce,84.7826%,7,39,46,31,6,1,8
0x9443f6,90.7895%,7,69,76,51,7,0,18
0x55654f,98.2544%,7,394,401,0,0,7,394
0x9c386f,98.0226%,7,347,354,347,7,0,0
0x5cf3e5,99.6318%,7,1894,1901,0,0,7,1894
0x51b797,99.8315%,7,4147,4154,4147,7,0,0
0xa4a72f,56.25%,7,9,16,3,5,2,6
0x49c6aa,78.125%,7,25,32,15,1,6,10
0x8a77a3,90.9091%,7,70,77,4,1,6,66
0x554847,99.3934%,7,1147,1154,1147,7,0,0
0x548487,99.9458%,7,12907,12914,0,0,7,12907
0x556f0c,97.166%,7,240,247,185,7,0,55
0x490261,87.037%,7,47,54,47,7,0,0
0xa4a1d5,88.8889%,7,56,63,0,3,4,56
0xa33737,97.7419%,7,303,310,283,2,5,20
0x7858dd,46.1538%,7,6,13,2,4,3,4
0x410599,99.8758%,7,5629,5636,0,0,7,5629
0x8a5202,96.7742%,7,210,217,0,0,7,210
0x5df377,78.7879%,7,26,33,26,7,0,0
0x8fde60,93.8053%,7,106,113,0,1,6,106
0x404772,98.8599%,7,607,614,12,0,7,595
0x542b13,99.6618%,7,2063,2070,2063,7,0,0
0x94e200,98.2968%,7,404,411,404,7,0,0
0x49ec74,97.8261%,7,315,322,315,7,0,0
0x510e7c,98.3373%,7,414,421,414,7,0,0
0x8bdcf2,36.3636%,7,4,11,3,2,5,1
0xa04ba4,83.3333%,7,35,42,1,3,4,34
0x53aa18,82.9268%,7,34,41,34,5,2,0
0x9f57ca,91.25%,7,73,80,42,2,5,31
0x60a743,99.4523%,7,1271,1278,1271,7,0,0
0x5b0ef1,88.1356%,7,52,59,52,6,1,0
0x512823,98.1959%,7,381,388,367,1,6,14
0xa4a37c,82.9268%,7,34,41,7,3,4,27
0x5de315,99.4359%,7,1234,1241,1234,7,0,0
0xa4a63b,78.7879%,7,26,33,22,4,3,4
0x8e3dbc,95.5975%,7,152,159,0,0,7,152
0x4ac64b,53.3333%,7,8,15,0,2,5,8
0x99be52,96.5517%,7,196,203,27,3,4,169
0x817ccd,97.4074%,7,263,270,16,4,3,247
0xa33729,97.7419%,7,303,310,0,0,7,303
0x49e061,95.9064%,7,164,171,0,0,7,164
0x8a670c,94.964%,7,132,139,0,0,7,132
0x506f0e,92.7835%,7,90,97,76,1,6,14
0xaadb62,94.8148%,7,128,135,0,0,7,128
0x8a6735,92.2222%,7,83,90,24,5,2,59
0x80a4a7,99.1745%,7,841,848,837,6,1,4
0x6102a4,78.7879%,7,26,33,26,7,0,0
0x9032d8,87.037%,7,47,54,36,6,1,11
0xab57a5,97.3881%,7,261,268,261,7,0,0
0x8127ad,88.4615%,6,46,52,40,6,0,6
0xa15955,40%,6,4,10,0,0,6,4
0x81f81b,87.234%,6,41,47,0,2,4,41
0x54ef68,86.0465%,6,37,43,0,0,6,37
0xa5b4e5,50%,6,6,12,1,2,4,5
0x49bc2b,94.7826%,6,109,115,109,6,0,0
0xaa56f9,93.5484%,6,87,93,0,0,6,87
0x7c74f8,62.5%,6,10,16,0,0,6,10
0x9f58aa,97.4468%,6,229,235,0,0,6,229
0x40f32b,99.8646%,6,4426,4432,0,0,6,4426
0x547c15,96.1039%,6,148,154,148,6,0,0
0x908673,99.6276%,6,1605,1611,0,0,6,1605
0xa5782a,85.7143%,6,36,42,24,4,2,12
0x674ff8,81.25%,6,26,32,26,6,0,0
0x4a812b,93.4783%,6,86,92,0,0,6,86
0x60dc2a,90%,6,54,60,32,6,0,22
0x80474c,94.3925%,6,101,107,101,4,2,0
0x9e754c,97.2973%,6,216,222,216,6,0,0
0xa55746,92.7711%,6,77,83,77,2,4,0
0x648bf7,84.6154%,6,33,39,9,4,2,24
0x80bda3,60%,6,9,15,1,4,2,8
0x8f4537,98.9882%,6,587,593,567,5,1,20
0x48f68c,87.234%,6,41,47,10,0,6,31
0x94a028,97.3094%,6,217,223,217,6,0,0
0x812490,99.2883%,6,837,843,0,0,6,837
0x9e7528,98.5%,6,394,400,394,6,0,0
0x5cf5de,99.5683%,6,1384,1390,0,0,6,1384
0x8ea8f2,97.1698%,6,206,212,206,2,4,0
0x8dca8d,99.739%,6,2293,2299,664,4,2,1629
0xa47af5,68.4211%,6,13,19,11,3,3,2
0xb22fca,96.1039%,6,148,154,0,0,6,148
0xa02bc2,92.1053%,6,70,76,70,4,2,0
0x54ec1e,99.7079%,6,2048,2054,0,0,6,2048
0x4036cf,99.2415%,6,785,791,11,1,5,774
0xa516d4,95.5224%,6,128,134,128,6,0,0
0x8ab512,98.0392%,6,300,306,300,6,0,0
0xa45c87,99.3072%,6,860,866,860,6,0,0
0xad4505,0%,6,0,6,0,0,6,0
0x4be2cf,91.7808%,6,67,73,2,2,4,65
0xa8a814,96.5714%,6,169,175,0,4,2,169
0x960c84,89.8305%,6,53,59,48,4,2,5
0x5439b3,95.5556%,6,129,135,129,6,0,0
0x8bccf3,99.6992%,6,1989,1995,0,0,6,1989
0xa51a34,57.1429%,6,8,14,5,2,4,3
0x4044fe,99.5455%,6,1314,1320,3,4,2,1311
0x67acc3,99.7824%,6,2751,2757,0,0,6,2751
0x9f6237,86.3636%,6,38,44,0,0,6,38
0x88a0de,72.7273%,6,16,22,16,6,0,0
0x4c0409,93.0233%,6,80,86,0,0,6,80
0x60df2f,99.1292%,6,683,689,683,6,0,0
0x9e58ef,80%,6,24,30,0,0,6,24
0x9846e5,50%,6,6,12,5,3,3,1
0xae7059,91.4286%,6,64,70,63,6,0,1
0x5c56ab,97.3094%,6,217,223,0,0,6,217
0x5121c3,84.6154%,6,33,39,0,0,6,33
0x53b0a9,99.9248%,6,7969,7975,0,0,6,7969
0x8a671a,95.6835%,6,133,139,46,3,3,87
0x7ce52e,97.8182%,6,269,275,0,0,6,269
0xa33f49,94.4954%,6,103,109,103,6,0,0
0x8ff841,97.0588%,6,198,204,0,0,6,198
0x8072b0,99.9592%,6,14686,14692,14686,6,0,0
0x90ef53,99.6769%,6,1851,1857,1851,6,0,0
0x9e019f,93.1034%,6,81,87,0,0,6,81
0x4bc7ad,93.617%,6,88,94,51,1,5,37
0x8f2fe9,92.8571%,6,78,84,38,6,0,40
0x5d265b,95.4887%,6,127,133,127,6,0,0
0x8a5e08,98.7805%,6,486,492,177,1,5,309
0x80bbf0,92.6829%,6,76,82,2,5,1,74
0xa2fdd8,94.5946%,6,105,111,105,6,0,0
0xb22bf3,99.6788%,6,1862,1868,1862,6,0,0
0x64af74,99.8945%,6,5681,5687,0,0,6,5681
0x8a9e31,99.3952%,6,986,992,986,6,0,0
0x534ab3,89.2857%,6,50,56,50,6,0,0
0x90ab98,99.3757%,6,955,961,955,6,0,0
0x9f0655,40%,6,4,10,0,2,4,4
0x58ebbe,99.832%,6,3565,3571,3565,6,0,0
0x8dacd0,96.9849%,6,193,199,155,0,6,38
0x80ded1,97.2727%,6,214,220,0,0,6,214
0x4885a6,99.8092%,6,3139,3145,0,0,6,3139
0x973875,85%,6,34,40,0,4,2,34
0x67f10b,99.8595%,6,4263,4269,2244,4,2,2019
0x9e286c,98.4334%,6,377,383,377,6,0,0
0x7a11ef,79.3103%,6,23,29,0,0,6,23
0x944d89,98.2709%,6,341,347,341,6,0,0
0x533aee,85%,6,34,40,29,2,4,5
0x5d801b,99.5165%,6,1235,1241,1235,6,0,0
0x482147,68.4211%,6,13,19,0,1,5,13
0x65c25c,99.8743%,6,4768,4774,0,0,6,4768
0x8131f5,99.6454%,6,1686,1692,1686,6,0,0
0x4bdc96,40%,6,4,10,1,3,3,3
0x63c7cf,99.3757%,6,955,961,0,3,3,955
0x8070f8,99.2883%,6,837,843,837,6,0,0
0x810492,98.2955%,6,346,352,76,6,0,270
0x8104aa,96.25%,6,154,160,111,1,5,43
0xa1a1df,45.4545%,6,5,11,4,2,4,1
0x9d052f,97.9866%,6,292,298,292,6,0,0
0x552ad3,81.25%,6,26,32,0,0,6,26
0xa507f7,97.6654%,6,251,257,0,4,2,251
0x58be69,92.1053%,6,70,76,0,0,6,70
0x5357e5,76%,6,19,25,1,3,3,18
0xa5f7c3,93.5484%,6,87,93,87,2,4,0
0x40a0f2,62.5%,6,10,16,10,3,3,0
0x80f0d9,99.2386%,6,782,788,782,4,2,0
0x63ac8e,99.2692%,6,815,821,578,2,4,237
0xa583a4,97.3913%,6,224,230,0,0,6,224
0x49c717,98.7041%,6,457,463,0,6,0,457
0x9ab3d6,97.8182%,6,269,275,0,0,6,269
0x64f4fa,94.5455%,6,104,110,0,0,6,104
0xa9056b,89.4737%,6,51,57,51,6,0,0
0x8a5d78,99.5552%,6,1343,1349,1343,6,0,0
0xa44124,93.0233%,6,80,86,0,0,6,80
0x51b4c3,98.3827%,6,365,371,0,2,4,365
0x99c963,99.2958%,6,846,852,12,1,5,834
0x99e876,94.2857%,6,99,105,99,6,0,0
0x9e407c,96.1039%,6,148,154,148,2,4,0
0x5fa514,60%,6,9,15,7,2,4,2
0x4b87ff,25%,6,2,8,2,6,0,0
0x4bb34f,97.9239%,6,283,289,283,6,0,0
0xa46317,93.1034%,6,81,87,81,6,0,0
0x94db4b,98.9779%,6,581,587,581,6,0,0
0xa50171,95.9459%,6,142,148,0,0,6,142
0xa372e3,40%,6,4,10,0,2,4,4
0xa90744,97.3684%,6,222,228,2,3,3,220
0x488b01,98.8593%,6,520,526,0,0,6,520
0x48ddc6,96.9697%,6,192,198,0,0,6,192
0x5cfaa1,97.7099%,6,256,262,8,2,4,248
0x976e5c,82.3529%,6,28,34,28,6,0,0
0xa49924,86.6667%,6,39,45,5,5,1,34
0x9a5fdf,57.1429%,6,8,14,1,3,3,7
0x53abea,94.7826%,6,109,115,109,6,0,0
0x542445,99.7379%,6,2283,2289,0,0,6,2283
0xa55437,96.1538%,6,150,156,0,2,4,150
0x4be78b,33.3333%,6,3,9,0,4,2,3
0x9ab9a2,97.4026%,6,225,231,18,2,4,207
0x4b8155,45.4545%,6,5,11,5,4,2,0
0x4b80d8,45.4545%,6,5,11,3,6,0,2
0x5d7f30,99.0683%,6,638,644,217,4,2,421
0xa97e39,60%,6,9,15,0,0,6,9
0x4b8095,45.4545%,6,5,11,1,4,2,4
0x4048c6,99.0228%,6,608,614,85,5,1,523
0x809117,99.2925%,6,842,848,841,2,4,1
0x4b5adb,88.8889%,6,48,54,25,2,4,23
0xa59344,82.8571%,6,29,35,3,4,2,26
0xa42bdf,89.6552%,6,52,58,1,3,3,51
0x5cba1b,96.129%,6,149,155,19,5,1,130
0x99bb67,71.4286%,6,15,21,0,1,5,15
0x409f2b,92.5926%,6,75,81,75,6,0,0
0x81eb29,98.209%,6,329,335,329,6,0,0
0x496364,82.3529%,6,28,34,2,3,3,26
0x40478f,98.4887%,6,391,397,0,0,6,391
0x9e36a3,82.3529%,6,28,34,0,0,6,28
0xa04f9f,93.4783%,6,86,92,85,2,4,1
0x9ea3b4,95.8333%,6,138,144,72,0,6,66
0x9ab81b,97.3913%,6,224,230,0,0,6,224
0x5d7cea,99.2629%,6,808,814,723,5,1,85
0x9bddb3,91.6667%,6,66,72,66,4,2,0
0x608c29,98.917%,6,548,554,0,0,6,548
0x48a101,99.853%,6,4077,4083,4077,6,0,0
0xa58ddd,94.8276%,6,110,116,0,0,6,110
0x5be0a7,92.3077%,6,72,78,0,0,6,72
0xa58d28,93.75%,6,90,96,0,0,6,90
0xa97e31,83.7838%,6,31,37,19,3,3,12
0x8dce41,90.1639%,6,55,61,0,0,6,55
0x98f952,97.6654%,6,251,257,251,6,0,0
0x80f20d,96.4706%,6,164,170,161,5,1,3
0x9e27fb,89.6552%,6,52,58,0,0,6,52
0xa274e9,98.2709%,6,341,347,16,5,1,325
0x404f07,75%,6,18,24,12,0,6,6
0x49ebdd,96.2733%,6,155,161,0,0,6,155
0x8d9b9a,98.3784%,6,364,370,0,0,6,364
0x8087f2,97.4026%,6,225,231,4,5,1,221
0x9a2345,94.5946%,6,105,111,105,6,0,0
0x48bd03,99.2405%,6,784,790,0,0,6,784
0x900b57,98.2143%,6,330,336,330,6,0,0
0x67d015,81.25%,6,26,32,26,6,0,0
0x48ebdf,75%,6,18,24,8,4,2,10
0x5411c7,73.913%,6,17,23,17,6,0,0
0x9e83fb,98.568%,6,413,419,38,3,3,375
0x9e8403,98.4127%,6,372,378,281,5,1,91
0x811dca,98.1818%,6,324,330,163,2,4,161
0x811f46,98.7976%,6,493,499,2,2,4,491
0x97b7e5,71.4286%,6,15,21,0,2,4,15
0x54fa71,97.5207%,6,236,242,236,6,0,0
0x48dbf1,98.1763%,6,323,329,273,0,6,50
0x9f0adb,99.3056%,6,858,864,1,4,2,857
0x643bea,99.5795%,6,1421,1427,1421,6,0,0
0x59173a,95.6522%,6,132,138,6,0,6,126
0x5c567e,97.4026%,6,225,231,7,1,5,218
0x8f1833,97.0149%,6,195,201,0,2,4,195
0x5c4c22,99.672%,6,1823,1829,1823,6,0,0
0x5b2f70,97.1831%,6,207,213,4,3,3,203
0x8ef19f,96.6292%,6,172,178,0,4,2,172
0x50f26f,40%,6,4,10,1,3,3,3
0x9f52ed,96.2264%,6,153,159,2,2,4,151
0xa46a67,97.3913%,6,224,230,224,6,0,0
0x50d66a,98.9619%,6,572,578,0,3,3,572
0xa55f2a,45.4545%,6,5,11,4,4,2,1
0x544a65,89.4737%,6,51,57,29,2,4,22
0x8a5b47,97.2477%,6,212,218,212,4,2,0
0x548ad3,25%,6,2,8,1,3,3,1
0x905c40,97.9866%,6,292,298,0,0,6,292
0x49c213,0%,6,0,6,0,2,4,0
0x8d9763,25%,6,2,8,2,6,0,0
0x49fa41,96.1783%,6,151,157,9,6,0,142
0xa50f47,97.6654%,6,251,257,0,4,2,251
0x547cb3,98.9967%,6,592,598,592,6,0,0
0x80451f,77.7778%,6,21,27,7,3,3,14
0x8ff0a8,96.5909%,6,170,176,84,4,2,86
0x49bd58,82.8571%,6,29,35,28,1,5,1
0x9d04b6,97.9866%,6,292,298,289,4,2,3
0x8fe5b2,98.5612%,6,411,417,411,6,0,0
0x959173,62.5%,6,10,16,10,6,0,0
0x60de6d,98.7805%,6,486,492,85,2,4,401
0x48ced6,89.0909%,6,49,55,49,5,1,0
0x4a7b96,89.4737%,6,51,57,51,6,0,0
0xb147eb,99.8591%,6,4252,4258,0,0,6,4252
0x80c3cd,95.7746%,6,136,142,136,5,1,0
0x4be81f,50%,6,6,12,6,3,3,0
0x8a2382,50%,6,6,12,0,2,4,6
0x49bf2d,50%,6,6,12,3,3,3,3
0xa55068,97.9933%,6,293,299,5,3,3,288
0xaa63ac,98.8166%,6,501,507,501,6,0,0
0x7c1635,96.9543%,6,191,197,0,0,6,191
0x9f688c,98.2196%,6,331,337,38,6,0,293
0x858ecb,96.6851%,6,175,181,0,0,6,175
0xa4643b,96.8912%,6,187,193,187,6,0,0
0x8060af,99.5529%,6,1336,1342,1336,4,2,0
0x50708b,99.1892%,6,734,740,734,6,0,0
0x5343aa,99.8955%,6,5734,5740,0,0,6,5734
0x9eedc1,97.3913%,6,224,230,0,0,6,224
0xa4a346,84.2105%,6,32,38,15,3,3,17
0xaab643,99.1979%,6,742,748,0,0,6,742
0x9e5205,66.6667%,6,12,18,4,2,4,8
0xa32df7,97.1429%,6,204,210,0,0,6,204
0x821310,99.8484%,6,3953,3959,0,0,6,3953
0xa337c6,79.3103%,6,23,29,0,4,2,23
0x609f8c,99.7973%,6,2954,2960,0,0,6,2954
0x5f836a,77.7778%,6,21,27,3,3,3,18
0x4a02f1,86.3636%,6,38,44,38,6,0,0
0x8e4145,98.3914%,6,367,373,367,6,0,0
0x90a942,92.7711%,6,77,83,77,6,0,0
0x8c91e7,99.3274%,6,886,892,885,5,1,1
0xa45b46,97.3333%,6,219,225,204,2,4,15
0x901304,96.7742%,6,180,186,132,4,2,48
0x81a2d1,98.1763%,6,323,329,0,0,6,323
0xa45cc7,95.3125%,6,122,128,122,6,0,0
0x80d76d,90.625%,6,58,64,58,2,4,0
0x5f9e23,0%,6,0,6,0,0,6,0
0x7e2068,84.2105%,6,32,38,20,5,1,12
0x5baba4,99.2095%,6,753,759,0,0,6,753
0x8a9f64,77.7778%,6,21,27,1,3,3,20
0x4a720f,96.3415%,6,158,164,158,6,0,0
0xa33e01,97.3684%,6,222,228,198,2,4,24
0x60b5ec,97.551%,6,239,245,14,4,2,225
0x53aa45,85.3659%,6,35,41,35,4,2,0
0x8f2b34,94.1176%,6,96,102,68,0,6,28
0x4bacfe,97.2477%,6,212,218,208,2,4,4
0xa5103e,98.8142%,6,500,506,0,4,2,500
0x494392,80.6452%,6,25,31,9,5,1,16
0x9009c4,95.8904%,6,140,146,0,0,6,140
0x537357,99.1379%,6,690,696,690,6,0,0
0x495fbe,89.0909%,6,49,55,3,2,4,46
0x539354,72.7273%,6,16,22,7,4,2,9
0x8c87e3,98.6784%,6,448,454,445,5,1,3
0x50fd6f,98.7342%,6,468,474,468,6,0,0
0x4ac7ef,70%,6,14,20,5,2,4,9
0x40479f,99.0228%,6,608,614,10,2,4,598
0x5590cc,94.9153%,6,112,118,1,3,3,111
0x9a6851,95.9184%,6,141,147,0,0,6,141
0x9f235a,40%,6,4,10,3,5,1,1
0x8a931a,99.5918%,6,1464,1470,0,0,6,1464
0x49f69d,94.4444%,6,102,108,32,4,2,70
0x5ff3bb,62.5%,6,10,16,7,3,3,3
0x8f2aba,99.4236%,6,1035,1041,915,0,6,120
0x491572,96.2025%,6,152,158,0,0,6,152
0x50d37f,98.7976%,6,493,499,493,6,0,0
0x542038,99.1465%,6,697,703,697,6,0,0
0x51b58b,99.5283%,6,1266,1272,0,0,6,1266
0xa90629,88.6792%,6,47,53,47,6,0,0
0x78d6f7,99.2337%,6,777,783,777,6,0,0
0x554e90,95.7746%,6,136,142,136,6,0,0
0x60b398,95.7143%,6,134,140,134,6,0,0
0x9a653a,96.5909%,6,170,176,0,0,6,170
0x9a46c0,97.9381%,6,285,291,0,0,6,285
0x80cae5,99.922%,6,7689,7695,0,0,6,7689
0x4a7aa7,98.835%,6,509,515,0,0,6,509
0x811c26,99.2198%,6,763,769,31,6,0,732
0x541cb0,99.5801%,6,1423,1429,33,2,4,1390
0x9f0355,40%,6,4,10,0,0,6,4
0xa96b11,62.5%,6,10,16,5,2,4,5
0xa592da,94.4954%,6,103,109,100,4,2,3
0x5cf867,99.6732%,6,1830,1836,1830,6,0,0
0xa5b005,60%,6,9,15,8,4,2,1
0x7a1119,82.8571%,6,29,35,24,5,1,5
0x49daad,99.3266%,6,885,891,0,0,6,885
0x4024b7,94.5455%,6,104,110,103,5,1,1
0x543b69,97.1292%,6,203,209,22,0,6,181
0xa4841b,97.5207%,6,236,242,236,6,0,0
0x8ec44f,99.6176%,6,1563,1569,1563,4,2,0
0x548a3b,0%,6,0,6,0,6,0,0
0x8f48aa,99.5662%,6,1377,1383,1377,6,0,0
0xa480fa,98.0132%,6,296,302,54,6,0,242
0xa51097,97.6654%,6,251,257,0,4,2,251
0x5c4d5e,89.0909%,6,49,55,6,4,2,43
0x4bbc3a,99.6781%,6,1858,1864,13,3,3,1845
0x814ab0,89.8305%,6,53,59,2,2,4,51
0x8114a7,99.2925%,6,842,848,840,3,3,2
0xa936e7,97.6562%,6,250,256,250,6,0,0
0x63903d,76%,6,19,25,2,1,5,17
0x58c0d1,92.1053%,6,70,76,61,5,1,9
0x4098fe,97.7273%,6,258,264,258,3,3,0
0x5fd5ca,98.0263%,6,298,304,3,5,1,295
0x8fe97c,92.9412%,6,79,85,0,3,3,79
0x5f27af,80.6452%,6,25,31,25,6,0,0
0x592bf1,84.2105%,6,32,38,14,5,1,18
0x821814,98.8571%,6,519,525,519,6,0,0
0x90a9c7,89.4737%,6,51,57,51,6,0,0
0x9a3267,92%,6,69,75,6,1,5,63
0x50c9a1,98.6364%,6,434,440,0,0,6,434
0x4b9c87,91.5493%,6,65,71,39,1,5,26
0x8addba,93.2584%,6,83,89,83,4,2,0
0xa4e855,96.2963%,6,156,162,156,4,2,0
0x80a4c7,99.2883%,6,837,843,278,4,2,559
0xa8a885,92.7711%,6,77,83,48,3,3,29
0x8bc8d0,99.9648%,6,17038,17044,0,0,6,17038
0x4b5103,40%,6,4,10,2,0,6,2
0xb326a7,99.9069%,6,6436,6442,6436,6,0,0
0x944579,97.561%,6,240,246,22,2,4,218
0x90a138,99.4152%,6,1020,1026,1020,6,0,0
0x5465b4,25%,6,2,8,0,0,6,2
0x5eb8c0,99.2974%,6,848,854,0,0,6,848
0xa48400,97.5207%,6,236,242,236,6,0,0
0xa9d298,88%,6,44,50,11,5,1,33
0x548266,99.2424%,6,786,792,0,0,6,786
0x8a91f2,64.7059%,6,11,17,2,3,3,9
0x81b155,98.1073%,6,311,317,0,0,6,311
0x8e4dbf,98.5149%,6,398,404,99,2,4,299
0x4a859e,64.7059%,6,11,17,0,0,6,11
0x538d70,95.4545%,6,126,132,125,4,2,1
0xa969e6,62.5%,6,10,16,8,3,3,2
0x9fe613,86.3636%,6,38,44,37,3,3,1
0x5b26f9,87.234%,6,41,47,41,6,0,0
0x8151e1,89.8305%,6,53,59,49,2,4,4
0x4bd71c,84.6154%,6,33,39,3,3,3,30
0x901a30,97.619%,6,246,252,246,6,0,0
0xa58f18,94.958%,6,113,119,0,0,6,113
0x55760d,77.7778%,6,21,27,20,5,1,1
0x9f4591,92.5%,6,74,80,74,6,0,0
0x816c5c,99.5142%,6,1229,1235,0,0,6,1229
0xab332a,95.4545%,6,126,132,0,0,6,126
0x809d67,98.9399%,6,560,566,558,3,3,2
0x8e514a,99.3651%,6,939,945,939,6,0,0
0xa48043,98.0132%,6,296,302,268,1,5,28
0x97b7dd,95.5556%,6,129,135,112,2,4,17
0x4898d3,98.4536%,6,382,388,0,6,0,382
0x6087cb,97%,6,194,200,0,0,6,194
0x60a78f,99.5305%,6,1272,1278,1272,6,0,0
0x54823c,99.2424%,6,786,792,786,6,0,0
0x4a64f2,40%,6,4,10,4,6,0,0
0x90fe14,99.7844%,6,2777,2783,2777,6,0,0
0x611463,85.7143%,6,36,42,27,4,2,9
0x48a0c4,99.8473%,6,3922,3928,3922,6,0,0
0x96af16,71.4286%,6,15,21,3,4,2,12
0x9ed27a,98.6784%,6,448,454,396,1,5,52
0xa54bb7,78.5714%,6,22,28,20,0,6,2
0x5faa8b,96.4286%,6,162,168,162,5,1,0
0x648468,97.8339%,6,271,277,82,3,3,189
0x806825,85%,6,34,40,25,3,3,9
0x9022c1,97.0149%,6,195,201,195,6,0,0
0x808d3b,99.9275%,6,8272,8278,0,0,6,8272
0x9f0426,97.0297%,6,196,202,0,0,6,196
0x66f63f,76.9231%,6,20,26,20,3,3,0
0x9d1cc3,91.5493%,6,65,71,31,2,4,34
0x9abdfc,96.6102%,6,171,177,0,1,5,171
0x5cbbb6,95.4198%,6,125,131,0,0,6,125
0x4ba068,75%,6,18,24,2,2,4,16
0x499371,85.7143%,6,36,42,22,4,2,14
0x90fc53,99.4152%,6,1020,1026,1020,6,0,0
0x9a751c,81.25%,6,26,32,8,2,4,18
0xa98817,60%,6,9,15,9,6,0,0
0x8bb163,97.8873%,6,278,284,0,0,6,278
0x40e582,99.6405%,6,1663,1669,1663,6,0,0
0x4a5cc2,89.2857%,6,50,56,50,6,0,0
0x90d4ba,98.0132%,6,296,302,296,6,0,0
0x58c597,50%,6,6,12,1,3,3,5
0x5fc84f,87.234%,6,41,47,41,4,2,0
0x4801c3,68.4211%,6,13,19,13,6,0,0
0x9ed84c,90.625%,6,58,64,0,0,6,58
0x64e01f,98.895%,6,537,543,189,3,3,348
0x5f9d4a,77.7778%,6,21,27,21,6,0,0
0x537330,99.1379%,6,690,696,690,6,0,0
0x63f86e,99.8258%,6,3439,3445,3439,6,0,0
0x9e620e,87.234%,6,41,47,41,6,0,0
0x552b61,81.25%,6,26,32,26,2,4,0
0x8f56cb,99.8365%,6,3663,3669,3501,4,2,162
0x9ee327,95.122%,6,117,123,9,4,2,108
0x8a63fe,95.5882%,6,130,136,9,5,1,121
0x803f96,78.5714%,6,22,28,6,5,1,16
0xa4ba48,90.625%,6,58,64,23,5,1,35
0xa4387f,90%,6,54,60,11,1,5,43
0x9e7142,89.0909%,6,49,55,49,6,0,0
0xa42c1c,88.8889%,6,48,54,0,0,6,48
0x94b602,92.4051%,6,73,79,73,6,0,0
0xb245be,99.9496%,6,11893,11899,0,0,6,11893
0x8f4315,99.5868%,6,1446,1452,1446,6,0,0
0x8bb667,93.6842%,6,89,95,10,3,3,79
0x405200,95.4545%,6,126,132,0,0,6,126
0x5bc1cb,99.572%,6,1396,1402,1396,4,2,0
0xa4668a,93.75%,6,90,96,0,0,6,90
0xa44160,93.0233%,6,80,86,19,3,3,61
0x9a8104,97.4468%,6,229,235,229,6,0,0
0x96c206,76.9231%,6,20,26,0,0,6,20
0x4c4906,90%,6,54,60,53,5,1,1
0x40edb6,25%,6,2,8,2,4,2,0
0x9c3d4f,86.6667%,6,39,45,34,2,4,5
0x49ff45,99.8074%,6,3110,3116,3110,6,0,0
0xb499ab,45.4545%,6,5,11,0,0,6,5
0x94b78b,92.4051%,6,73,79,73,6,0,0
0x58bca2,90.625%,6,58,64,1,2,4,57
0x6277e0,86.9565%,6,40,46,12,4,2,28
0x8db6bd,99.3583%,6,929,935,311,4,2,618
0x8f489a,99.5662%,6,1377,1383,1377,6,0,0
0x4a7b77,98.1873%,6,325,331,46,5,1,279
0x58babf,94.5455%,6,104,110,104,6,0,0
0x8220b7,98.0392%,6,300,306,300,6,0,0
0x5f8249,96%,6,144,150,141,5,1,3
0x489d6e,99.9028%,6,6166,6172,0,0,6,6166
0x9f5fd4,90%,6,54,60,0,0,6,54
0x959341,95.3125%,6,122,128,118,6,0,4
0x4b52a7,98.3914%,6,367,373,0,2,4,367
0x8ae813,45.4545%,6,5,11,3,3,3,2
0x78f6b4,86.6667%,6,39,45,4,2,4,35
0x5437fd,95.6522%,6,132,138,0,3,3,132
0x40238e,98.9779%,6,581,587,581,6,0,0
0x6083ad,95.2381%,6,120,126,120,6,0,0
0x80a817,99.2925%,6,842,848,2,3,3,840
0x590ead,73.913%,6,17,23,1,4,2,16
0x804485,92%,6,69,75,69,4,2,0
0x9e249e,99.0033%,6,596,602,0,0,6,596
0x9cfbf0,95.122%,6,117,123,5,3,3,112
0x8eadd2,99.5102%,6,1219,1225,0,0,6,1219
0xa8fc5f,96.4706%,6,164,170,164,6,0,0
0xa28097,98.2609%,6,339,345,5,5,1,334
0xa51978,64.7059%,6,11,17,7,2,4,4
0x649b49,94.3396%,6,100,106,100,4,2,0
0x53e3d4,99.7495%,6,2389,2395,2389,4,2,0
0x8d248f,92.8571%,6,78,84,0,0,6,78
0x4aabe7,85.3659%,6,35,41,10,1,5,25
0x8bb721,92.6829%,6,76,82,69,3,3,7
0x9d03df,88.8889%,6,48,54,34,2,4,14
0x973c67,94.1748%,6,97,103,97,6,0,0
0x8a885f,50%,6,6,12,5,2,4,1
0x907570,73.913%,6,17,23,0,0,6,17
0x4810ed,68.4211%,6,13,19,13,6,0,0
0xa429aa,99.3471%,6,913,919,22,6,0,891
0x8aa81e,70%,6,14,20,0,0,6,14
0x627e0d,73.913%,6,17,23,6,2,4,11
0x66f672,76%,6,19,25,15,3,3,4
0x607039,94.7826%,6,109,115,92,3,3,17
0xaa2d69,98.0263%,6,298,304,298,6,0,0
0x5ef97e,92.7711%,6,77,83,63,3,3,14
0xb1b6ca,99.403%,6,999,1005,999,6,0,0
0x495883,93.1034%,6,81,87,2,4,2,79
0xb31375,99.3808%,6,963,969,0,0,6,963
0x539099,95.4545%,6,126,132,124,4,2,2
0x4b4fc8,98.4293%,6,376,382,0,0,6,376
0x4996cc,95.2756%,6,121,127,50,3,3,71
0x64a92a,94.3396%,6,100,106,100,4,2,0
0x481084,68.4211%,6,13,19,8,4,2,5
0x50aa85,91.3043%,6,63,69,0,4,2,63
0xb18227,99.403%,6,999,1005,17,2,4,982
0x99bde1,97.0443%,6,197,203,188,2,4,9
0x81313e,99.7636%,6,2532,2538,0,0,6,2532
0xa272a4,98.835%,6,509,515,0,0,6,509
0xb17a01,99.4345%,6,1055,1061,342,4,2,713
0xa500d2,92.5926%,6,75,81,75,6,0,0
0x9e26b1,98.8868%,6,533,539,0,0,6,533
0x8f4c6c,99.7605%,6,2499,2505,39,2,4,2460
0x8e4bb1,99.828%,6,3483,3489,0,0,6,3483
0x4b6b4c,90.1639%,6,55,61,30,2,4,25
0x40deed,94.4444%,6,102,108,0,2,4,102
0x8ff1cc,96.4706%,6,164,170,73,5,1,91
0x5fab17,64.7059%,6,11,17,2,4,2,9
0x9f2993,96.5318%,6,167,173,167,6,0,0
0x5b0e9a,89.0909%,6,49,55,49,6,0,0
0x807f15,90.3226%,6,56,62,56,6,0,0
0x8bb1dc,98.533%,6,403,409,403,6,0,0
0x482d06,84.2105%,6,32,38,32,6,0,0
0x609dcb,96.9072%,6,188,194,0,0,6,188
0xb17abb,99.4345%,6,1055,1061,1055,6,0,0
0x541bc5,99.1914%,6,736,742,0,0,6,736
0x80a1fa,98.1651%,6,321,327,319,4,2,2
0x805ff7,98.778%,6,485,491,0,2,4,485
0x9fb60e,98.0392%,6,300,306,86,5,1,214
0x94edc6,80%,6,24,30,0,0,6,24
0x40dfcd,95.3488%,6,123,129,118,2,4,5
0x4b83e4,62.5%,6,10,16,0,0,6,10
0x499c4f,94.3396%,6,100,106,0,0,6,100
0x551176,75%,6,18,24,0,0,6,18
0xa50193,95.9459%,6,142,148,53,4,2,89
0x55813e,98.5037%,6,395,401,395,6,0,0
0x9ef0cc,99.3958%,6,987,993,0,6,0,987
0x5fc206,85%,6,34,40,2,2,4,32
0xa360df,98.6143%,6,427,433,111,5,1,316
0xa45324,98.4925%,6,392,398,392,6,0,0
0x908d46,99.9249%,6,7988,7994,7988,6,0,0
0x647e13,87.7551%,6,43,49,43,6,0,0
0x40dd43,99.084%,6,649,655,649,6,0,0
0x8b9cc5,91.7808%,6,67,73,0,0,6,67
0x781fb3,99.7381%,6,2285,2291,0,0,6,2285
0x40e11a,99.6405%,6,1663,1669,1663,6,0,0
0x8e0af9,99.7583%,6,2476,2482,502,3,3,1974
0x5faf0b,75%,6,18,24,8,4,2,10
0x4a5c87,96.875%,6,186,192,47,5,1,139
0x9e2954,60%,6,9,15,6,4,2,3
0x943786,92%,6,69,75,32,3,3,37
0x4a75af,91.6667%,6,66,72,0,0,6,66
0x88e67f,84.6154%,6,33,39,33,6,0,0
0x973842,85%,6,34,40,0,0,6,34
0x40473c,99.0228%,6,608,614,608,6,0,0
0x9fb78d,97.2093%,6,209,215,209,6,0,0
0x48bd09,99.2405%,6,784,790,784,6,0,0
0x7c7527,62.5%,6,10,16,5,3,3,5
0x8ff0bf,96.5909%,6,170,176,0,0,6,170
0xa48e2b,96.6292%,6,172,178,27,6,0,145
0x40b136,96.9231%,6,189,195,0,2,4,189
0x9ec08a,40%,6,4,10,0,5,1,4
0x66f4cf,14.2857%,6,1,7,1,5,1,0
0x7c742d,62.5%,6,10,16,0,0,6,10
0x64b3be,94.3396%,6,100,106,10,1,5,90
0x550936,91.6667%,6,66,72,66,6,0,0
0xa41ada,99.625%,6,1594,1600,0,0,6,1594
0x5fc069,89.8305%,6,53,59,53,4,2,0
0xa30d73,94.7826%,6,109,115,109,6,0,0
0x555cca,99.445%,6,1075,1081,1075,6,0,0
0x41087d,96.6102%,6,171,177,171,6,0,0
0x5fc235,95%,6,114,120,114,4,2,0
0x9f02ba,93.617%,6,88,94,0,0,6,88
0x817cac,98.2301%,6,333,339,0,0,6,333
0x9eefa4,97.3913%,6,224,230,224,0,6,0
0xa46614,97.5309%,6,237,243,237,6,0,0
0x94efbd,97.786%,6,265,271,265,6,0,0
0x4b3883,70%,6,14,20,14,2,4,0
0xa50cd0,93.3333%,6,84,90,1,1,5,83
0x781211,99.361%,6,933,939,933,6,0,0
0xa35f62,88%,6,44,50,31,4,2,13
0xa45bb0,99.0148%,6,603,609,0,4,2,603
0x49e9d0,99.7947%,6,2916,2922,0,0,6,2916
0xa5bb2e,84.6154%,6,33,39,4,3,3,29
0x5fa657,0%,6,0,6,0,6,0,0
0xa512a9,62.5%,6,10,16,0,4,2,10
0xa02575,99.5437%,6,1309,1315,0,0,6,1309
0x4a953b,95.4887%,6,127,133,0,0,6,127
0x809767,40%,6,4,10,2,3,3,2
0x58be8c,90.625%,6,58,64,50,2,4,8
0xaa33aa,96.8912%,6,187,193,8,4,2,179
0xa025c6,99.5979%,6,1486,1492,0,0,6,1486
0x5c571a,83.7838%,6,31,37,13,1,5,18
0xa63b37,95.2%,6,119,125,0,0,6,119
0x5feb8f,90.3226%,6,56,62,53,0,6,3
0x8e0a54,99.7951%,6,2922,2928,2922,6,0,0
0x5f75e4,99.0895%,6,653,659,653,4,2,0
0x40e8ee,95.2381%,6,120,126,113,3,3,7
0xa5922a,94.958%,6,113,119,113,6,0,0
0x4aad47,85%,6,34,40,10,0,6,24
0x8d3907,98.3827%,6,365,371,0,2,4,365
0x40e60d,99.692%,6,1942,1948,0,0,6,1942
0x4aa9b3,33.3333%,6,3,9,3,6,0,0
0x55598e,94%,6,94,100,93,3,3,1
0x81fcbb,93.8776%,6,92,98,80,4,2,12
0x501847,99.397%,6,989,995,0,0,6,989
0x80a8e8,99.2925%,6,842,848,4,1,5,838
0xaa2983,95.1613%,6,118,124,118,6,0,0
0x5421a7,99.1465%,6,697,703,697,6,0,0
0xa5f722,98.2955%,6,346,352,0,0,6,346
0x5559a0,91.0448%,6,61,67,61,2,4,0
0x8ee6e1,98.6079%,6,425,431,0,0,6,425
0x816f37,99.2925%,6,842,848,839,4,2,3
0x9f3f11,98.1481%,6,318,324,2,2,4,316
0x5ff7ba,96.8912%,6,187,193,0,0,6,187
0x49dff6,96.9388%,6,190,196,161,2,4,29
0x8bc8c1,98.2036%,6,328,334,0,0,6,328
0x8fe054,99.8017%,6,3019,3025,0,0,6,3019
0x9ee02e,96.3636%,6,159,165,0,4,2,159
0x9a337d,95.8904%,6,140,146,21,5,1,119
0x5ff5d9,92%,6,69,75,0,0,6,69
0x959045,90%,6,54,60,0,0,6,54
0x9e8787,92.4051%,6,73,79,0,0,6,73
0x481e65,84.2105%,6,32,38,26,3,3,6
0x63ebf8,99.7871%,6,2812,2818,1853,4,2,959
0xa03804,99.8874%,6,5322,5328,5322,6,0,0
0x8bb47a,99.8231%,6,3386,3392,0,0,6,3386
0xa3425f,96.4706%,6,164,170,121,4,2,43
0x902666,99.5%,6,1194,1200,0,0,6,1194
0x8f648f,62.5%,6,10,16,10,6,0,0
0x81f9fb,99.2528%,6,797,803,783,4,2,14
0x94de06,98.3516%,6,358,364,2,5,1,356
0x4c1cdc,96.8421%,6,184,190,126,3,3,58
0x81bbda,98.1073%,6,311,317,311,6,0,0
0x4bc060,99.5979%,6,1486,1492,1473,3,3,13
0x402dcf,90.4762%,6,57,63,2,2,4,55
0x901fa1,99.8721%,6,4686,4692,0,0,6,4686
0x4c2113,96.2264%,6,153,159,153,6,0,0
0x943db5,95.6835%,6,133,139,133,6,0,0
0xb2ea50,99.9219%,6,7675,7681,7675,6,0,0
0x961343,94.0594%,6,95,101,95,6,0,0
0x5571b4,92.7711%,6,77,83,54,6,0,23
0x508d6e,71.4286%,6,15,21,15,6,0,0
0x40487e,99.0228%,6,608,614,213,4,2,395
0xa521db,92.2078%,6,71,77,71,5,1,0
0x9a756f,66.6667%,6,12,18,0,0,6,12
0x8df2b7,75%,6,18,24,0,0,6,18
0x94b396,98.5222%,6,400,406,400,6,0,0
0x40aa88,76%,6,19,25,13,6,0,6
0xa90f7a,92.9412%,6,79,85,52,5,1,27
0x4ba33f,98.1595%,6,320,326,291,3,3,29
0x78d88c,99.0307%,6,613,619,0,0,6,613
0x9a6409,96.5909%,6,170,176,170,6,0,0
0xa07a79,89.8305%,6,53,59,4,3,3,49
0x548157,99.8423%,6,3798,3804,3798,6,0,0
0x88dfda,50%,6,6,12,4,2,4,2
0x80b974,96.9849%,6,193,199,193,4,2,0
0x5488fb,25%,6,2,8,2,6,0,0
0x485ed5,73.913%,6,17,23,0,0,6,17
0x4885ff,99.2453%,6,789,795,789,6,0,0
0x4bc1cc,94.6429%,6,106,112,51,5,1,55
0x8f59f8,99.7703%,6,2606,2612,0,0,6,2606
0x8bca87,96.2025%,6,152,158,0,0,6,152
0xa59327,86.0465%,6,37,43,0,0,6,37
0x4b9e19,99.337%,6,899,905,898,3,3,1
0x7d186b,98.8848%,6,532,538,66,5,1,466
0xa53e18,96.3415%,6,158,164,0,0,6,158
0x804c90,97.4138%,6,226,232,226,4,2,0
0x96b6c4,88%,6,44,50,7,4,2,37
0x7d2062,98.9189%,6,549,555,383,0,6,166
0x403ce9,94.6903%,6,107,113,11,3,3,96
0xa90fde,96.9231%,6,189,195,0,0,6,189
0xa44a14,98.8636%,6,522,528,522,6,0,0
0x8d9ee1,92.7711%,6,77,83,77,6,0,0
0x5aeb77,76%,6,19,25,15,6,0,4
0xa46c24,95.5224%,6,128,134,127,4,2,1
0x9d0216,98.1928%,6,326,332,175,6,0,151
0x507886,99.1892%,6,734,740,162,4,2,572
0x7d40ad,98.8764%,6,528,534,479,2,4,49
0x8bb683,73.913%,6,17,23,8,2,4,9
0x804bc3,64.7059%,6,11,17,5,2,4,6
0x8fea4a,88%,6,44,50,1,5,1,43
0xb2ee47,88.6792%,6,47,53,0,0,6,47
0x5fb22f,91.7808%,6,67,73,0,3,3,67
0xa92b31,98.1366%,6,316,322,316,6,0,0
0x901977,98.3193%,6,351,357,338,0,6,13
0x59000e,93.9394%,6,93,99,0,0,6,93
0x5502bb,84.6154%,6,33,39,30,1,5,3
0x9178a6,95.3488%,6,123,129,0,0,6,123
0xa326c1,70%,6,14,20,14,4,2,0
0x4bdbba,77.7778%,6,21,27,1,6,0,20
0xb34676,96.6102%,6,171,177,0,0,6,171
0x5f6d45,85%,6,34,40,7,4,2,27
0xa30e9f,94.6429%,6,106,112,106,6,0,0
0x58d1a7,93.4783%,6,86,92,0,0,6,86
0x512ae0,98.4375%,6,378,384,378,6,0,0
0xa5d0a9,96.3636%,6,159,165,159,6,0,0
0x949754,92.4051%,6,73,79,0,0,6,73
0xa304a8,99.0369%,6,617,623,0,0,6,617
0x78f823,79.3103%,6,23,29,0,0,6,23
0x8128ba,81.8182%,6,27,33,16,4,2,11
0xa285d3,80%,6,24,30,16,5,1,8
0x49c3e7,40%,6,4,10,1,1,5,3
0xa660c3,92.9412%,6,79,85,0,2,4,79
0xa02dbf,94.3925%,6,101,107,101,6,0,0
0xa43cd4,98.917%,6,548,554,0,0,6,548
0x4a9c73,81.25%,6,26,32,0,1,5,26
0x99b00e,85%,6,34,40,34,6,0,0
0x5cfc42,99.5227%,6,1251,1257,1240,5,1,11
0x94d80a,98.8764%,6,528,534,528,6,0,0
0xa4bc10,96.7033%,6,176,182,0,0,6,176
0x4c0264,91.1765%,6,62,68,62,6,0,0
0x818d4d,99.2745%,6,821,827,654,1,5,167
0xa06e07,90.625%,6,58,64,1,3,3,57
0x403cc4,94.2857%,6,99,105,3,3,3,96
0x904562,98.7952%,6,492,498,492,6,0,0
0xa2815f,98.1928%,6,326,332,0,0,6,326
0x9d1139,97.541%,6,238,244,0,0,6,238
0x905aad,97.9866%,6,292,298,292,6,0,0
0x9f5009,96.4497%,6,163,169,28,3,3,135
0xa8fb9b,97.3214%,6,218,224,218,6,0,0
0x9ed5f3,0%,6,0,6,0,0,6,0
0xa2da1c,57.1429%,6,8,14,0,4,2,8
0xa91020,98.5577%,6,410,416,200,2,4,210
0x5f27a8,80.6452%,6,25,31,0,0,6,25
0x48f070,95.3488%,6,123,129,18,4,2,105
0x482296,84.2105%,6,32,38,25,4,2,7
0x40a651,76.9231%,6,20,26,0,0,6,20
0x7ce601,94.2308%,6,98,104,98,6,0,0
0x5c4bd6,99.672%,6,1823,1829,0,0,6,1823
0xa9d222,75%,6,18,24,16,4,2,2
0x59c529,97.7695%,6,263,269,180,0,6,83
0xa5b0be,45.4545%,6,5,11,1,1,5,4
0xa0280e,77.7778%,6,21,27,21,6,0,0
0x507383,45.4545%,6,5,11,0,0,6,5
0xa60941,96.8421%,6,184,190,184,6,0,0
0x8fe1a7,92.5%,6,74,80,74,6,0,0
0x58fdca,93.9394%,6,93,99,0,0,6,93
0xa41b63,99.2074%,6,751,757,0,0,6,751
0xa00217,62.5%,6,10,16,3,4,2,7
0x50c6ec,99.4123%,6,1015,1021,1015,6,0,0
0x8bd417,99.9752%,6,24229,24235,0,0,6,24229
0x5bd4a3,99.9238%,6,7867,7873,0,0,6,7867
0x9f19d3,98.4334%,6,377,383,0,0,6,377
0x8d977c,25%,6,2,8,2,6,0,0
0xa4bb34,97.6654%,6,251,257,0,4,2,251
0x49e0b5,98.8304%,6,507,513,0,0,6,507
0xaa5d02,75%,6,18,24,18,5,1,0
0x81eefb,72.7273%,6,16,22,16,2,4,0
0x5bd545,99.5856%,6,1442,1448,0,0,6,1442
0x4047b5,99.0228%,6,608,614,0,0,6,608
0x60959c,97.619%,6,246,252,0,0,6,246
0x810bd7,98.4772%,6,388,394,387,6,0,1
0x5cfab6,97.619%,6,246,252,246,6,0,0
0x8b9e5a,99.4832%,6,1155,1161,1155,6,0,0
0x6095e7,92.7711%,6,77,83,39,1,5,38
0x40206b,97.3451%,6,220,226,9,4,2,211
0x5edc4e,99.4059%,6,1004,1010,1004,6,0,0
0x7229e8,98.2405%,6,335,341,0,2,4,335
0xa48106,97.5207%,6,236,242,236,6,0,0
0x50e56b,89.0909%,6,49,55,13,3,3,36
0xa9e16d,85%,6,34,40,5,5,1,29
0x6045cf,96.6102%,6,171,177,171,6,0,0
0x670480,90.4762%,6,57,63,51,3,3,6
0xa2e978,98.2808%,6,343,349,343,2,4,0
0x9745fe,96.0526%,6,146,152,0,0,6,146
0x820c57,88.4615%,6,46,52,46,4,2,0
0xa52d51,98.3471%,6,357,363,0,4,2,357
0x9112d1,99.4203%,6,1029,1035,0,0,6,1029
0x901254,96.7033%,6,176,182,0,2,4,176
0x543b1b,97.1292%,6,203,209,0,0,6,203
0x4a5c38,53.8462%,6,7,13,3,4,2,4
0xa311cc,97.3094%,6,217,223,217,6,0,0
0x9e01a8,93.1034%,6,81,87,54,5,1,27
0x63e175,99.6769%,6,1851,1857,1851,6,0,0
0x8bcc6a,88.6792%,6,47,53,38,0,6,9
0xa325e8,97.0874%,6,200,206,200,2,4,0
0xa53ee7,94.3925%,6,101,107,0,0,6,101
0x9bd116,91.6667%,6,66,72,0,0,6,66
0x8dc900,99.2288%,6,772,778,772,6,0,0
0x9f5b7c,50%,6,6,12,0,4,2,6
0x51b81a,99.8365%,6,3664,3670,0,0,6,3664
0x5f8e97,70%,6,14,20,6,3,3,8
0xa4f74c,84.2105%,6,32,38,16,4,2,16
0x9be4b4,91.6667%,6,66,72,66,4,2,0
0x505a3b,98.9228%,6,551,557,549,4,2,2
0x7f0cb9,92%,6,69,75,47,3,3,22
0xa030fb,91.1765%,6,62,68,62,4,2,0
0x9bd2f4,91.0448%,6,61,67,0,4,2,61
0x48ba39,93.0233%,6,80,86,0,0,6,80
0x9523bc,92.2078%,6,71,77,0,2,4,71
0x5f8e07,98.3914%,6,367,373,0,4,2,367
0x9eeecc,97.3913%,6,224,230,223,1,5,1
0xa4ecb8,95.6522%,6,132,138,132,6,0,0
0x5cf500,99.6778%,6,1856,1862,418,2,4,1438
0x50cc50,70%,6,14,20,0,0,6,14
0x99ad9b,97.1154%,6,202,208,0,0,6,202
0x4aab69,80%,6,24,30,24,6,0,0
0x48f068,95.3488%,6,123,129,35,6,0,88
0xa2e866,94.6903%,6,107,113,56,4,2,51
0x5b029b,98.8235%,6,504,510,0,0,6,504
0x5f7bdd,95.5556%,6,129,135,129,6,0,0
0xa50aa5,57.1429%,6,8,14,2,2,4,6
0xa2eecb,96.7391%,6,178,184,0,0,6,178
0x58dc1d,96.0265%,6,145,151,142,3,3,3
0x4a7013,97.3451%,6,220,226,162,4,2,58
0x58f777,99.5745%,6,1404,1410,1404,4,2,0
0xa554a5,95.3846%,6,124,130,0,0,6,124
0x51b571,68.4211%,6,13,19,0,0,6,13
0x8b9bec,99.7464%,6,2360,2366,32,3,3,2328
0x5cb113,99.2991%,6,850,856,849,4,2,1
0x4ba231,97.2093%,6,209,215,22,4,2,187
0x40bb1d,98.6607%,6,442,448,0,0,6,442
0x950fe5,98.6207%,6,429,435,3,3,3,426
0x8f76e4,86.6667%,6,39,45,37,3,3,2
0x8a651f,57.1429%,6,8,14,0,4,2,8
0x5feb46,88.6792%,6,47,53,38,3,3,9
0x64b6e8,99.9328%,6,8925,8931,8925,6,0,0
0x9f3c29,64.7059%,6,11,17,0,0,6,11
0xa2eaa8,98.2808%,6,343,349,341,4,2,2
0x838f3e,90.9091%,6,60,66,7,1,5,53
0x48e8db,53.8462%,6,7,13,7,4,2,0
0x404117,98.7368%,6,469,475,0,0,6,469
0x9f44c0,96.2264%,6,153,159,1,3,3,152
0x8dc1ff,99.739%,6,2293,2299,665,3,3,1628
0x8e96ac,99.5745%,6,1404,1410,1404,6,0,0
0x50b81a,78.5714%,6,22,28,22,6,0,0
0x4b49c4,95.6522%,6,132,138,2,5,1,130
0x48aac8,99.8675%,6,4522,4528,4522,6,0,0
0xa508e5,98.3425%,6,356,362,0,4,2,356
0x537c56,99.1859%,6,731,737,0,0,6,731
0x5e59ab,99.2574%,6,802,808,0,3,3,802
0xa319b7,97.1831%,6,207,213,207,6,0,0
0x49f95e,99.5489%,6,1324,1330,27,4,2,1297
0xa49809,97.8571%,6,274,280,232,6,0,42
0xa49563,98.8142%,6,500,506,500,6,0,0
0x9a9439,85%,6,34,40,16,4,2,18
0x5110bf,99.841%,6,3768,3774,3768,6,0,0
0x40a939,82.8571%,6,29,35,28,4,2,1
0x8ee602,85.7143%,6,36,42,36,6,0,0
0x505efa,93.5484%,6,87,93,87,6,0,0
0x492d8c,90.7692%,6,59,65,59,4,2,0
0x9f0dca,98.5646%,6,412,418,412,6,0,0
0x61143f,90.7692%,6,59,65,59,6,0,0
0x502f9d,93.8144%,6,91,97,91,6,0,0
0x94ed3d,80%,6,24,30,0,0,6,24
0xa2e953,88.6792%,6,47,53,7,4,2,40
0x80c1dd,97.7358%,6,259,265,259,6,0,0
0x65a10c,99.6285%,6,1609,1615,147,5,1,1462
0x80a3f7,99.4737%,6,1134,1140,1134,4,2,0
0x675014,81.25%,6,26,32,2,5,1,24
0x49af8c,95.9732%,6,143,149,141,3,3,2
0x815a0d,92.8571%,6,78,84,78,6,0,0
0x5f8d06,83.3333%,6,30,36,24,1,5,6
0xa52f9e,96.9072%,6,188,194,0,0,6,188
0x9a9c88,97.6834%,6,253,259,253,6,0,0
0xa555b0,96.6851%,6,175,181,175,6,0,0
0x4bbc41,99.6753%,6,1842,1848,0,0,6,1842
0xa27854,25%,6,2,8,1,3,3,1
0x8bcc01,91.4286%,6,64,70,39,5,1,25
0x51c8f1,99.5004%,6,1195,1201,1195,6,0,0
0x9f73e5,57.1429%,6,8,14,8,6,0,0
0x9f2739,98.6111%,6,426,432,345,2,4,81
0x9f4e8c,97.3568%,6,221,227,47,5,1,174
0x81eaae,98.9091%,6,544,550,0,0,6,544
0x5d7af5,99.5181%,6,1239,1245,1237,4,2,2
0x816b68,99.5526%,6,1335,1341,3,3,3,1332
0x402cb4,99.1957%,6,740,746,0,0,6,740
0x5c6d65,97.3094%,6,217,223,217,6,0,0
0xa46771,98.2659%,6,340,346,340,6,0,0
0x677d7f,98.8722%,6,526,532,0,0,6,526
0xa500b9,92.5926%,6,75,81,1,5,1,74
0x49435b,94.2857%,6,99,105,99,6,0,0
0x509684,81.25%,6,26,32,0,3,3,26
0xa583d1,95.122%,6,117,123,0,0,6,117
0x504542,99.1892%,6,734,740,0,0,6,734
0x51091b,99.0491%,6,625,631,0,0,6,625
0x499816,66.6667%,6,12,18,0,0,6,12
0x4b6702,45.4545%,6,5,11,0,0,6,5
0x814aa2,90.4762%,6,57,63,0,4,2,57
0x8ee80c,98.5366%,6,404,410,404,3,3,0
0x53a3ac,92.2078%,6,71,77,30,3,3,41
0x6f54eb,98.8506%,6,516,522,479,3,3,37
0x9a6294,95.6204%,6,131,137,131,2,4,0
0x81a2c0,98.7952%,6,492,498,492,6,0,0
0x791161,79.3103%,6,23,29,18,4,2,5
0xa50810,97.6285%,6,247,253,247,2,4,0
0x491a02,92.4051%,6,73,79,73,4,2,0
0x8f3fac,97.5%,6,234,240,0,0,6,234
0x80a5c7,99.2925%,6,842,848,839,4,2,3
0x7c70bf,53.8462%,6,7,13,7,6,0,0
0x4991f1,80.6452%,6,25,31,25,6,0,0
0xa32842,91.6667%,6,66,72,66,6,0,0
0xa378a5,40%,6,4,10,3,3,3,1
0x9f7a0e,94.6429%,6,106,112,0,0,6,106
0x81bc9b,80%,6,24,30,0,1,5,24
0xa2dc9b,83.3333%,6,30,36,30,6,0,0
0xa96f3d,68.4211%,6,13,19,4,2,4,9
0x8f67ee,95.3846%,6,124,130,2,0,6,122
0x80c3e1,95.7447%,6,135,141,0,1,5,135
0x5b9fd1,88.6792%,6,47,53,2,3,3,45
0x8ae957,95.8904%,6,140,146,136,5,1,4
0x5020ff,92.3077%,6,72,78,0,0,6,72
0x787ba4,99.0276%,6,611,617,610,2,4,1
0xa2f883,97.5904%,6,243,249,77,6,0,166
0x4c005e,96.9697%,6,192,198,191,5,1,1
0x99eb04,60%,6,9,15,1,1,5,8
0x83761d,88.6792%,6,47,53,37,5,1,10
0xa550bc,50%,6,6,12,1,3,3,5
0x7847c1,82.8571%,6,29,35,10,1,5,19
0x9ed63b,99.3684%,6,944,950,0,0,6,944
0xa55227,25%,6,2,8,2,2,4,0
0xb0c08a,99.8441%,6,3843,3849,3843,6,0,0
0xa02d84,94.4954%,6,103,109,0,2,4,103
0x4c1838,96.9697%,6,192,198,172,6,0,20
0x8aa989,99.8246%,6,3415,3421,3415,6,0,0
0x510fc3,99.6522%,6,1719,1725,0,0,6,1719
0x8ebe58,99.5146%,6,1230,1236,1230,4,2,0
0x8d266a,99.928%,6,8333,8339,0,0,6,8333
0x6673ca,85%,6,34,40,0,0,6,34
0x4a74ad,91.6667%,6,66,72,66,6,0,0
0x788c6c,89.8305%,6,53,59,0,0,6,53
0x8c8645,96.9231%,6,189,195,0,0,6,189
0x4bf693,96.9697%,6,192,198,27,2,4,165
0x4c0b1b,94.2308%,6,98,104,98,6,0,0
0x78e04b,87.7551%,6,43,49,4,2,4,39
0x50b664,85%,6,34,40,34,6,0,0
0x4057f1,99.7578%,6,2471,2477,2471,6,0,0
0x4c4344,99.7034%,6,2017,2023,1933,4,2,84
0x4a1e93,90%,6,54,60,7,5,1,47
0x540a44,66.6667%,6,12,18,6,2,4,6
0x817ea2,89.0909%,6,49,55,40,1,5,9
0xa26038,96.8085%,6,182,188,33,5,1,149
0x5c4bcc,99.672%,6,1823,1829,0,0,6,1823
0x966564,92.7711%,6,77,83,77,4,2,0
0xa08f1e,90.625%,6,58,64,56,3,3,2
0x65a1d3,97.6378%,6,248,254,248,6,0,0
0xa31129,84.2105%,6,32,38,32,6,0,0
0xa97459,95.9732%,6,143,149,37,5,1,106
0x9495a8,97.4359%,6,228,234,228,6,0,0
0xa45ce1,95.3125%,6,122,128,59,5,1,63
0x49fd0e,99.7003%,6,1996,2002,0,0,6,1996
0x552209,99.7054%,6,2031,2037,2031,6,0,0
0x81aff5,99.2883%,6,837,843,837,6,0,0
0xa4ffc6,68.4211%,6,13,19,0,0,6,13
0x9a736d,57.1429%,6,8,14,0,4,2,8
0x4102c5,99.3528%,6,921,927,0,0,6,921
0x53431e,94.0594%,6,95,101,0,0,6,95
0x50b3f8,25%,6,2,8,2,2,4,0
0x4ab917,80.6452%,6,25,31,10,2,4,15
0x50b5e5,86.3636%,6,38,44,38,2,4,0
0x8efe83,76.9231%,6,20,26,0,0,6,20
0x5080a3,98.4694%,6,386,392,134,2,4,252
0x9f3242,96.129%,6,149,155,0,0,6,149
0x805643,99.5146%,6,1230,1236,1230,4,2,0
0x49fea5,99.3281%,6,887,893,32,5,1,855
0x410005,88.2353%,6,45,51,0,2,4,45
0xad7ddd,99.8257%,6,3437,3443,3437,6,0,0
0x5509ff,88.2353%,6,45,51,12,5,1,33
0x4ba31b,98.1707%,6,322,328,0,2,4,322
0x9e291e,85%,6,34,40,5,5,1,29
0xa05bef,79.3103%,6,23,29,22,3,3,1
0xa97708,40%,6,4,10,3,3,3,1
0xa494c2,98.8142%,6,500,506,499,4,2,1
0x9fb84a,98.0392%,6,300,306,88,3,3,212
0x99af0d,97.1154%,6,202,208,202,6,0,0
0x722e69,72.7273%,6,16,22,1,3,3,15
0x540c2c,98.2857%,6,344,350,53,4,2,291
0x4bc2b2,96.9543%,6,191,197,191,5,1,0
0x6070af,97.6378%,6,248,254,0,0,6,248
0x7c7246,33.3333%,6,3,9,0,0,6,3
0xa9f14c,97.3451%,6,220,226,55,3,3,165
0x8dc22f,99.3111%,6,865,871,865,6,0,0
0x8dcd36,99.739%,6,2293,2299,1786,4,2,507
0x5555a0,99.5074%,6,1212,1218,0,0,6,1212
0x787d2d,97.6923%,6,254,260,4,2,4,250
0x4ba042,98.7288%,6,466,472,447,1,5,19
0x510d18,98.0769%,6,306,312,306,6,0,0
0x813671,98.8417%,6,512,518,512,4,2,0
0x49c3fb,40%,6,4,10,4,6,0,0
0x959625,95.3125%,6,122,128,0,4,2,122
0xa038f7,92.1053%,6,70,76,70,6,0,0
0xa9a3ed,60%,6,9,15,6,4,2,3
0x410034,95.7447%,6,135,141,42,5,1,93
0x495a78,85.3659%,6,35,41,0,0,6,35
0x4a1316,98.7152%,6,461,467,461,6,0,0
0x53a393,92.2078%,6,71,77,0,0,6,71
0x4b4eb0,85.3659%,6,35,41,35,4,2,0
0x8337ed,50%,6,6,12,6,4,2,0
0xa46c68,93.75%,6,90,96,90,6,0,0
0x9d6891,94.7368%,6,108,114,108,4,2,0
0xa3acd5,95.7143%,6,134,140,134,2,4,0
0x4a8561,86.6667%,6,39,45,0,0,6,39
0xa34da9,97.7358%,6,259,265,0,0,6,259
0x9f7b25,96.6102%,6,171,177,0,0,6,171
0x78152b,95.9459%,6,142,148,134,5,1,8
0xa72264,14.2857%,6,1,7,0,3,3,1
0x50e4b3,78.5714%,6,22,28,6,4,2,16
0xa28015,40%,6,4,10,4,6,0,0
0x9e6d88,98.2659%,6,340,346,340,6,0,0
0x7c73d4,62.5%,6,10,16,0,0,6,10
0x8e59c5,97.1154%,6,202,208,202,6,0,0
0x59310c,80%,6,24,30,21,3,3,3
0xa4819b,97.479%,6,232,238,190,3,3,42
0x8e177a,99.9465%,6,11199,11205,0,0,6,11199
0x5068ab,99.1892%,6,734,740,601,3,3,133
0x697967,89.2857%,6,50,56,0,0,6,50
0xa9ed60,92.5926%,6,75,81,75,6,0,0
0x9a91e4,78.5714%,6,22,28,14,0,6,8
0xa3b1ca,95.7143%,6,134,140,0,0,6,134
0xa519fc,68.4211%,6,13,19,9,3,3,4
0xa9e9f4,97.3451%,6,220,226,0,0,6,220
0xa2f2fc,96.9072%,6,188,194,188,2,4,0
0x507edd,99.1892%,6,734,740,163,3,3,571
0x9c4097,98.7124%,6,460,466,460,6,0,0
0x959645,95.3125%,6,122,128,2,2,4,120
0x5b03b3,89.0909%,6,49,55,1,1,5,48
0x609f08,96.2733%,6,155,161,155,6,0,0
0x81d4ed,96.7033%,6,176,182,176,6,0,0
0x4a0162,94.8276%,6,110,116,110,6,0,0
0xaa2838,88.4615%,6,46,52,40,3,3,6
0x9785ad,96.5116%,6,166,172,113,4,2,53
0x908d76,99.8596%,6,4268,4274,0,0,6,4268
0x787f44,88%,6,44,50,44,6,0,0
0xa94755,79.3103%,6,23,29,0,0,6,23
0x48e918,78.5714%,6,22,28,22,6,0,0
0x8380f3,86.6667%,6,39,45,36,4,2,3
0xa51a81,73.913%,6,17,23,15,1,5,2
0x556ff2,92.9412%,6,79,85,7,2,4,72
0xaa1200,88.8889%,6,48,54,0,0,6,48
0x4b5ffb,94.5455%,6,104,110,0,0,6,104
0x9a3dc2,78.5714%,6,22,28,22,6,0,0
0x9fe254,96.5714%,6,169,175,0,0,6,169
0x90c9d0,94.2857%,6,99,105,99,6,0,0
0x94b5c0,92.4051%,6,73,79,73,6,0,0
0x8be847,73.913%,6,17,23,0,1,5,17
0x94a25e,93.0233%,6,80,86,12,3,3,68
0x5bce3b,99.3776%,6,958,964,958,6,0,0
0x9ed7be,97.0297%,6,196,202,196,6,0,0
0x8196b3,96.875%,6,186,192,45,3,3,141
0x7a11fb,79.3103%,6,23,29,0,0,6,23
0xa570de,85.3659%,6,35,41,6,4,2,29
0x58f6fc,25%,6,2,8,0,2,4,2
0x6706cd,64.7059%,6,11,17,2,2,4,9
0xa180c6,62.5%,6,10,16,6,2,4,4
0x60b05a,88%,6,44,50,0,0,6,44
0xa39d2a,99.5444%,6,1311,1317,1311,6,0,0
0x81c99b,96.5116%,6,166,172,166,6,0,0
0x8b9e49,99.4832%,6,1155,1161,1155,6,0,0
0xa08632,79.3103%,6,23,29,18,3,3,5
0x9d0c0d,94.1176%,6,96,102,49,2,4,47
0x90fe3d,99.8426%,6,3807,3813,3807,6,0,0
0x4b4a64,98.0198%,6,297,303,15,4,2,282
0x8a6c83,97.2222%,6,210,216,210,4,2,0
0x53fd08,98.0328%,6,299,305,0,4,2,299
0xa26452,99.7768%,6,2682,2688,0,0,6,2682
0x9e0c0a,64.7059%,6,11,17,8,5,1,3
0x4a261e,98.1191%,6,313,319,0,0,6,313
0x9c4030,98.7124%,6,460,466,460,6,0,0
0x8a5f77,99.5552%,6,1343,1349,1343,6,0,0
0x9a8bd1,97.7695%,6,263,269,0,0,6,263
0x81e45f,99.2574%,6,802,808,802,6,0,0
0x50cec4,97.6923%,6,254,260,1,1,5,253
0x511a1d,99.8461%,6,3893,3899,3893,6,0,0
0x835da7,84.2105%,6,32,38,0,0,6,32
0x4a9d2a,73.913%,6,17,23,12,4,2,5
0xa410ed,82.8571%,6,29,35,4,4,2,25
0x5c78be,92.5%,6,74,80,0,0,6,74
0x58c532,93.0233%,6,80,86,9,3,3,71
0x491a9d,96.3636%,6,159,165,2,5,1,157
0x94962b,98.9362%,6,558,564,0,0,6,558
0x8efaae,96.25%,6,154,160,0,0,6,154
0xb18207,99.403%,6,999,1005,0,0,6,999
0x48c14b,93.8776%,6,92,98,0,0,6,92
0x9ed4fa,92.9412%,6,79,85,72,5,1,7
0x492a78,96.3636%,6,159,165,0,0,6,159
0x8fd8b2,98.7526%,6,475,481,0,0,6,475
0x53f2b6,98.6014%,6,423,429,423,6,0,0
0x659efc,68.4211%,6,13,19,13,6,0,0
0x9742b9,98.9324%,6,556,562,556,6,0,0
0x54420f,89.4737%,6,51,57,30,1,5,21
0x9ed59b,86.3636%,6,38,44,38,6,0,0
0xa9070c,96.0784%,6,147,153,147,6,0,0
0x4a037d,86.3636%,6,38,44,13,3,3,25
0x8bad38,98.6547%,6,440,446,1,2,4,439
0x63fd39,99.7871%,6,2812,2818,2812,6,0,0
0x9e0450,99.4264%,6,1040,1046,831,4,2,209
0x9a4833,62.5%,6,10,16,8,0,6,2
0x60844a,92.1053%,6,70,76,46,2,4,24
0x501630,99.722%,6,2152,2158,691,5,1,1461
0x50e595,86.0465%,6,37,43,21,2,4,16
0xa4d3e0,91.0448%,6,61,67,27,1,5,34
0x4b56ee,93.9394%,6,93,99,93,4,2,0
0x50be34,98.9655%,6,574,580,46,5,1,528
0x8a6ff5,99.6032%,6,1506,1512,53,3,3,1453
0xa55043,84.2105%,6,32,38,27,3,3,5
0x8db6e5,98.7448%,6,472,478,18,6,0,454
0x9f8f9b,95.7746%,6,136,142,0,0,6,136
0x49ee24,99.8223%,6,3371,3377,0,0,6,3371
0x606d3a,25%,6,2,8,0,0,6,2
0x63fd73,99.7871%,6,2812,2818,1853,4,2,959
0x627c6b,73.913%,6,17,23,17,6,0,0
0x51068a,97.6744%,6,252,258,252,6,0,0
0x9f4ec6,95.0413%,6,115,121,115,6,0,0
0x5f840b,96%,6,144,150,2,2,4,142
0x5427cb,96.8912%,6,187,193,187,6,0,0
0x9c3eaa,93.0233%,6,80,86,80,6,0,0
0xa55b31,0%,6,0,6,0,4,2,0
0x599374,99.8556%,6,4148,4154,4148,6,0,0
0x7c7b59,94.2857%,6,99,105,2,6,0,97
0x969253,97.0443%,6,197,203,0,4,2,197
0x976d56,82.3529%,6,28,34,2,3,3,26
0x5baa43,99.6865%,6,1908,1914,1908,6,0,0
0x991396,94.4444%,6,102,108,102,6,0,0
0x512e8b,99.2647%,6,810,816,0,0,6,810
0x54f08c,86.0465%,6,37,43,4,2,4,33
0x8c85c7,99.5%,6,1194,1200,36,4,2,1158
0x9f5533,92.5%,6,74,80,74,6,0,0
0x81ea3f,93.0233%,6,80,86,80,2,4,0
0x40e6c1,92.7711%,6,77,83,37,1,5,40
0x806648,70%,6,14,20,12,1,5,2
0x5c336c,95%,6,114,120,114,6,0,0
0x818d46,99.8744%,6,4771,4777,4771,6,0,0
0x49e2fb,99.5549%,6,1342,1348,1342,6,0,0
0xb0d452,92.9412%,6,79,85,32,5,1,47
0x8e02cd,98.9474%,6,564,570,283,2,4,281
0x50da21,98.9779%,6,581,587,570,2,4,11
0x4b6c04,85%,6,34,40,30,1,5,4
0x9fc06f,98.0392%,6,300,306,88,3,3,212
0x49981b,66.6667%,6,12,18,12,6,0,0
0x5f5284,99.9365%,6,9450,9456,5618,0,6,3832
0x81ee31,98.8528%,6,517,523,517,4,2,0
0x7d30e0,98.893%,6,536,542,167,5,1,369
0x53c422,95.4545%,6,126,132,126,6,0,0
0x555a64,94.5455%,6,104,110,49,6,0,55
0x80a016,98.1651%,6,321,327,321,2,4,0
0x9e08fe,98.2955%,6,346,352,259,4,2,87
0x5572a0,97.5309%,6,237,243,237,6,0,0
0xa42bd6,89.6552%,6,52,58,0,0,6,52
0x9f01b9,94.8276%,6,110,116,0,2,4,110
0x5fbd4b,87.5%,6,42,48,2,5,1,40
0x9694d6,99.7492%,6,2386,2392,0,0,6,2386
0x9fe350,95.5224%,6,128,134,128,6,0,0
0x9e6dcb,98.2659%,6,340,346,0,4,2,340
0x53ba19,57.1429%,6,8,14,8,4,2,0
0xa9c79a,95.7746%,6,136,142,0,4,2,136
0x639c22,99.25%,6,794,800,145,3,3,649
0x9ea285,62.5%,6,10,16,10,4,2,0
0x818e45,88.2353%,6,45,51,0,3,3,45
0x8a90b1,99.6681%,6,1802,1808,688,2,4,1114
0x64e041,98.2906%,6,345,351,345,6,0,0
0x502138,86.9565%,6,40,46,13,5,1,27
0x5b3038,40%,6,4,10,2,4,2,2
0x533d9d,90%,6,54,60,53,5,1,1
0x5020e2,91.4286%,6,64,70,0,6,0,64
0x9a1ca1,97.0443%,6,197,203,0,0,6,197
0x99dc68,60%,6,9,15,0,0,6,9
0x65ba53,99.8689%,6,4570,4576,4570,6,0,0
0x4b4906,98.3827%,6,365,371,0,0,6,365
0x8fcc87,98.3425%,6,356,362,10,4,2,346
0x58d11a,96.3415%,6,158,164,0,0,6,158
0x502003,81.25%,6,26,32,10,6,0,16
0x535668,96.7213%,6,177,183,0,0,6,177
0x4ba580,98.2456%,6,336,342,44,4,2,292
0x5053ea,70%,6,14,20,3,5,1,11
0xb7db24,99.403%,6,999,1005,999,6,0,0
0x405ee4,90.9091%,6,60,66,49,5,1,11
0x63d73d,95.7447%,6,135,141,135,6,0,0
0x50a844,94.0594%,6,95,101,0,1,5,95
0x510a61,98.6207%,6,429,435,429,6,0,0
0xa90206,90.4762%,6,57,63,20,5,1,37
0x9d1151,97.541%,6,238,244,17,3,3,221
0xa9b7d8,93.1818%,6,82,88,0,0,6,82
0xa02f45,92.1053%,6,70,76,70,4,2,0
0x511f47,95.6522%,6,132,138,132,6,0,0
0x4038f1,98.3003%,6,347,353,347,6,0,0
0x8ff636,85.7143%,6,36,42,36,6,0,0
0x8076cf,97.9522%,6,287,293,287,6,0,0
0x821270,99.5185%,6,1240,1246,1240,6,0,0
0x81c808,96.6102%,6,171,177,171,6,0,0
0x502d4d,96.8421%,6,184,190,0,0,6,184
0x8a934a,99.8052%,6,3074,3080,0,0,6,3074
0x9e8698,92.4051%,6,73,79,73,6,0,0
0x4b5e32,88%,6,44,50,44,6,0,0
0x8dcb6d,99.739%,6,2293,2299,1787,3,3,506
0x5fea81,75%,6,18,24,10,5,1,8
0x8e7836,97.8022%,6,267,273,90,1,5,177
0x9a99f4,99.7846%,6,2780,2786,2780,6,0,0
0x4b8771,45.4545%,6,5,11,3,1,5,2
0x60a775,99.5305%,6,1272,1278,0,0,6,1272
0x66f51d,98.4169%,6,373,379,1,1,5,372
0x8fde6b,94.6429%,6,106,112,0,0,6,106
0x8059e3,99.5604%,6,1359,1365,0,0,6,1359
0x812886,83.7838%,6,31,37,29,4,2,2
0xad7f16,99.6469%,6,1693,1699,0,0,6,1693
0x98fcf3,97.6654%,6,251,257,251,6,0,0
0x481afd,68.4211%,6,13,19,0,1,5,13
0x9f3233,96.2264%,6,153,159,0,4,2,153
0xa2d2e4,98.4615%,6,384,390,2,3,3,382
0x63abc5,98.8395%,6,511,517,511,6,0,0
0xa5c193,91.6667%,6,66,72,66,4,2,0
0x404655,89.8305%,6,53,59,52,5,1,1
0x8a90d6,99.4526%,6,1090,1096,53,2,4,1037
0xa9a2ae,60%,6,9,15,6,4,2,3
0x8f45d5,89.4737%,6,51,57,43,2,4,8
0x9d0ac8,94.1176%,6,96,102,96,6,0,0
0x90d35a,95.1613%,6,118,124,118,6,0,0
0xb14870,99.8591%,6,4252,4258,4252,6,0,0
0xa9ec0f,92.9412%,6,79,85,77,4,2,2
0x820cf1,45.4545%,6,5,11,5,6,0,0
0x8f3678,94.0594%,6,95,101,0,0,6,95
0x97762e,99.564%,6,1370,1376,1370,6,0,0
0x9e08a7,98.6985%,6,455,461,0,0,6,455
0x49e1e6,99.6956%,6,1965,1971,1965,6,0,0
0x4a74d7,91.6667%,6,66,72,0,0,6,66
0xaa6437,93.3333%,6,84,90,84,6,0,0
0xa2cad5,99.3274%,6,886,892,0,0,6,886
0xa45e33,95.082%,6,116,122,0,4,2,116
0x8e4a88,98.2659%,6,340,346,40,4,2,300
0x9e4e59,98.0645%,6,304,310,0,0,6,304
0xa570f2,80.6452%,6,25,31,17,2,4,8
0x53c4ae,95.4545%,6,126,132,126,2,4,0
0x8dfaaa,80%,6,24,30,24,6,0,0
0x51b973,99.8861%,6,5264,5270,0,0,6,5264
0x68697a,97.8648%,6,275,281,275,6,0,0
0x49b1a3,62.5%,6,10,16,10,4,2,0
0x4ba7a4,98.2456%,6,336,342,45,3,3,291
0xb2e77b,99.5157%,6,1233,1239,0,0,6,1233
0x606cb2,25%,6,2,8,2,6,0,0
0xa4e111,97.1429%,6,204,210,204,6,0,0
0x597208,98.1982%,6,327,333,13,4,2,314
0x53f2e9,98.6014%,6,423,429,423,6,0,0
0xa4e5a2,84.2105%,6,32,38,0,0,6,32
0x9f28f9,94.7826%,6,109,115,109,6,0,0
0x53868a,99.5757%,6,1408,1414,0,0,6,1408
0x8e4685,98.0328%,6,299,305,286,3,3,13
0x81f6a3,86.9565%,6,40,46,39,3,3,1
0x9a7c06,98.9267%,6,553,559,546,5,1,7
0x53c489,95.4545%,6,126,132,0,2,4,126
0x8e7ea9,98.1873%,6,325,331,313,2,4,12
0xa97895,40%,6,4,10,4,6,0,0
0x8a7661,97.6654%,6,251,257,251,6,0,0
0x6775fd,98.3827%,6,365,371,0,2,4,365
0x5f6d19,89.6552%,6,52,58,27,2,4,25
0x8fea50,86.3636%,6,38,44,19,6,0,19
0x49e1a8,99.5773%,5,1178,1183,0,0,5,1178
0x58ba46,96.5517%,5,140,145,20,3,2,120
0x8050d2,83.3333%,5,25,30,13,2,3,12
0x65acbd,64.2857%,5,9,14,9,5,0,0
0x47fa1f,73.6842%,5,14,19,14,5,0,0
0x978274,73.6842%,5,14,19,11,2,3,3
0x4c9308,68.75%,5,11,16,9,3,2,2
0x977fce,96.4029%,5,134,139,0,0,5,134
0x5481dd,99.9272%,5,6864,6869,0,0,5,6864
0xb46759,97.006%,5,162,167,0,0,5,162
0x4b5a00,99.6835%,5,1575,1580,1575,5,0,0
0x556b99,98.0392%,5,250,255,250,5,0,0
0x548062,97.0414%,5,164,169,0,0,5,164
0xa189e0,88.8889%,5,40,45,0,2,3,40
0x90ab79,81.4815%,5,22,27,22,5,0,0
0x8e0e73,98.7893%,5,408,413,408,5,0,0
0x78ad03,88.6364%,5,39,44,0,0,5,39
0x539c58,88.0952%,5,37,42,37,3,2,0
0x977dd3,95.8678%,5,116,121,116,5,0,0
0x49864f,81.4815%,5,22,27,22,5,0,0
0x8f0d3f,87.5%,5,35,40,35,5,0,0
0x670799,28.5714%,5,2,7,2,5,0,0
0x8e6a5f,99.4559%,5,914,919,86,5,0,828
0x64b49a,98.3498%,5,298,303,0,0,5,298
0x808333,81.4815%,5,22,27,22,1,4,0
0x8d9862,37.5%,5,3,8,0,0,5,3
0x8fd96e,96.8354%,5,153,158,141,2,3,12
0x4a5dae,80%,5,20,25,9,3,2,11
0x63dfe1,99.4797%,5,956,961,956,5,0,0
0x909a00,99.7307%,5,1852,1857,1852,5,0,0
0x81befb,84.375%,5,27,32,0,0,5,27
0x50b199,88.6364%,5,39,44,39,1,4,0
0x50f117,89.7959%,5,44,49,44,3,2,0
0x9b900e,73.6842%,5,14,19,8,2,3,6
0x5bb8a4,99.4813%,5,959,964,959,5,0,0
0x648807,91.0714%,5,51,56,51,5,0,0
0x54eefc,88.3721%,5,38,43,3,3,2,35
0x63e14c,99.7307%,5,1852,1857,1852,5,0,0
0x4b9df3,99.6078%,5,1270,1275,366,4,1,904
0x8055dc,94.382%,5,84,89,84,5,0,0
0x952ef7,88.0952%,5,37,42,37,5,0,0
0x808ebd,99.4069%,5,838,843,838,3,2,0
0x80b44d,97.8541%,5,228,233,228,5,0,0
0x5c51a0,92.0635%,5,58,63,10,2,3,48
0x66f72f,73.6842%,5,14,19,14,5,0,0
0x67f519,97.5124%,5,196,201,33,4,1,163
0x6474ed,76.1905%,5,16,21,16,5,0,0
0x8a990b,99.6599%,5,1465,1470,1465,1,4,0
0x5438db,96.6216%,5,143,148,5,2,3,138
0x944faa,97.2527%,5,177,182,170,3,2,7
0x6f5545,98.3819%,5,304,309,0,0,5,304
0xa5a0a8,61.5385%,5,8,13,4,3,2,4
0xb49c96,99.4797%,5,956,961,955,3,2,1
0xa2fea3,96.875%,5,155,160,155,5,0,0
0x65bc1a,99.0099%,5,500,505,0,0,5,500
0x80b5eb,99.5614%,5,1135,1140,1135,3,2,0
0x8ece47,99.4975%,5,990,995,990,5,0,0
0x4b9c96,83.871%,5,26,31,18,3,2,8
0x5561e0,97.9839%,5,243,248,243,2,3,0
0x591f52,92.8571%,5,65,70,0,0,5,65
0xa54923,85.7143%,5,30,35,30,5,0,0
0x5ea98a,98.8739%,5,439,444,0,0,5,439
0x4b9db8,99.6124%,5,1285,1290,1285,5,0,0
0x40a5b0,79.1667%,5,19,24,19,5,0,0
0x81a71f,99.9162%,5,5960,5965,0,0,5,5960
0x63881f,99.6047%,5,1260,1265,1260,5,0,0
0x8fef8d,98.8662%,5,436,441,436,5,0,0
0x8bb1c2,98.9035%,5,451,456,0,0,5,451
0x9017ac,81.4815%,5,22,27,0,0,5,22
0x55472d,92.1875%,5,59,64,40,4,1,19
0x540a66,64.2857%,5,9,14,4,4,1,5
0x4bed95,79.1667%,5,19,24,16,3,2,3
0x97811f,96.2406%,5,128,133,0,0,5,128
0xaada0f,98.0392%,5,250,255,0,0,5,250
0xaab817,95.3271%,5,102,107,102,5,0,0
0xa59f94,16.6667%,5,1,6,0,3,2,1
0x81ee47,99.4388%,5,886,891,0,0,5,886
0x9a4915,68.75%,5,11,16,10,2,3,1
0x48d847,99.7313%,5,1856,1861,0,0,5,1856
0x50eecc,93.9759%,5,78,83,74,0,5,4
0x811b64,97.549%,5,199,204,0,0,5,199
0x901507,99.8793%,5,4139,4144,0,0,5,4139
0x65203c,87.1795%,5,34,39,34,5,0,0
0xa4979d,98.3444%,5,297,302,0,0,5,297
0x9e71c8,98%,5,245,250,244,4,1,1
0x99f6c6,61.5385%,5,8,13,8,5,0,0
0xb376d8,99.9098%,5,5537,5542,5537,5,0,0
0xa3a511,98.7775%,5,404,409,398,1,4,6
0x5911dd,98.2699%,5,284,289,0,0,5,284
0x944582,97.7477%,5,217,222,217,5,0,0
0x9e3fac,94.2529%,5,82,87,0,0,5,82
0x4b498e,96.3768%,5,133,138,0,0,5,133
0xa02212,81.4815%,5,22,27,0,0,5,22
0x7d26e8,98.4472%,5,317,322,317,5,0,0
0x81a4ab,99.3954%,5,822,827,822,5,0,0
0xa52bba,87.5%,5,35,40,7,3,2,28
0x5345a4,94.0476%,5,79,84,0,0,5,79
0xa578ab,87.8049%,5,36,41,0,0,5,36
0x51c15e,97.5124%,5,196,201,51,4,1,145
0x8eb7bf,99.5178%,5,1032,1037,1032,5,0,0
0x58d9d2,92.1875%,5,59,64,58,4,1,1
0x9a1ed5,97.5369%,5,198,203,0,0,5,198
0x904898,97.2973%,5,180,185,180,5,0,0
0x8104fa,90%,5,45,50,13,3,2,32
0xb346a2,93.9024%,5,77,82,77,5,0,0
0x97a476,72.2222%,5,13,18,1,3,2,12
0x833618,95.614%,5,109,114,0,4,1,109
0x8eecdc,96.4286%,5,135,140,135,5,0,0
0x40bc8e,99.3557%,5,771,776,0,1,4,771
0x9a9b56,95.8678%,5,116,121,116,5,0,0
0x8bd2a6,99.7149%,5,1749,1754,0,4,1,1749
0x5ea9a8,96.9512%,5,159,164,135,2,3,24
0x817201,96.875%,5,155,160,0,3,2,155
0xaa8061,99.0548%,5,524,529,524,5,0,0
0x8e877a,99.5396%,5,1081,1086,1081,5,0,0
0xa95cec,91.2281%,5,52,57,0,0,5,52
0x72359e,99.6542%,5,1441,1446,0,0,5,1441
0xa0379a,99.8051%,5,2560,2565,2560,5,0,0
0x8f3de3,99.8258%,5,2865,2870,0,0,5,2865
0x5508fb,76.1905%,5,16,21,16,5,0,0
0x5f94c4,80%,5,20,25,6,3,2,14
0x7ce5a2,58.3333%,5,7,12,7,5,0,0
0x48196b,82.7586%,5,24,29,24,5,0,0
0x53f092,96.8354%,5,153,158,153,1,4,0
0x5570cd,97.9424%,5,238,243,0,0,5,238
0x7d2c38,98.5755%,5,346,351,329,3,2,17
0xa5768f,79.1667%,5,19,24,2,2,3,17
0xa449ea,99.2%,5,620,625,0,0,5,620
0x8df28b,79.1667%,5,19,24,13,3,2,6
0x64adb1,99.812%,5,2654,2659,0,0,5,2654
0x5b0f3a,91.3793%,5,53,58,0,0,5,53
0x8bc959,90.3846%,5,47,52,47,5,0,0
0x5fedcf,98.7013%,5,380,385,0,0,5,380
0x49ae6e,99.4292%,5,871,876,560,3,2,311
0x610522,92.0635%,5,58,63,0,0,5,58
0x6708a7,16.6667%,5,1,6,1,5,0,0
0xa4969e,88.0952%,5,37,42,0,0,5,37
0xa4d2ef,96%,5,120,125,85,4,1,35
0x639b12,92.3077%,5,60,65,59,2,3,1
0x8eb7dc,99.8245%,5,2844,2849,0,0,5,2844
0x5c4bae,99.7266%,5,1824,1829,0,0,5,1824
0x64af53,99.9124%,5,5703,5708,0,0,5,5703
0x67d6bb,99.2918%,5,701,706,701,5,0,0
0x53969a,95.4128%,5,104,109,104,5,0,0
0x8adc72,97.9339%,5,237,242,237,5,0,0
0x5d1bee,95.4545%,5,105,110,105,5,0,0
0x8bc9a7,90.3846%,5,47,52,47,5,0,0
0x816271,88.8889%,5,40,45,40,3,2,0
0xa2dd68,86.1111%,5,31,36,0,0,5,31
0x9f32c3,96.8553%,5,154,159,0,4,1,154
0x97847b,98.9107%,5,454,459,454,5,0,0
0xa355c3,98.3444%,5,297,302,0,0,5,297
0x9e0be4,97.8166%,5,224,229,205,1,4,19
0x53ec13,37.5%,5,3,8,3,1,4,0
0x506448,94.6237%,5,88,93,88,5,0,0
0xa3baa0,97.807%,5,223,228,0,0,5,223
0x63ff94,99.4797%,5,956,961,646,4,1,310
0x901b3a,98.0469%,5,251,256,251,5,0,0
0xa2a7f1,37.5%,5,3,8,1,5,0,2
0xa45669,96.9136%,5,157,162,157,5,0,0
0xa2f8b4,96.8944%,5,156,161,78,5,0,78
0x4b94c5,61.5385%,5,8,13,8,5,0,0
0x817f5d,85.2941%,5,29,34,29,5,0,0
0x90adab,96.6443%,5,144,149,0,0,5,144
0xaa8059,99.0548%,5,524,529,0,0,5,524
0x8c7e97,99.4325%,5,876,881,875,4,1,1
0x64f417,77.2727%,5,17,22,17,3,2,0
0xa59cbc,72.2222%,5,13,18,13,2,3,0
0x49c10f,94.7368%,5,90,95,0,4,1,90
0x90fcec,98.2143%,5,275,280,50,3,2,225
0x60e46d,98.8399%,5,426,431,426,5,0,0
0xa37202,50%,5,5,10,5,5,0,0
0x441af4,54.5455%,5,6,11,6,5,0,0
0x9aa0f1,90.7407%,5,49,54,0,0,5,49
0x946172,73.6842%,5,14,19,0,0,5,14
0x58cb8b,95.1456%,5,98,103,0,0,5,98
0x4b751a,54.5455%,5,6,11,6,5,0,0
0x5bae1f,97.5%,5,195,200,195,3,2,0
0x814315,99.6809%,5,1562,1567,0,0,5,1562
0x8152aa,68.75%,5,11,16,4,4,1,7
0x5f0673,94.0476%,5,79,84,1,3,2,78
0x5bae9f,94.898%,5,93,98,93,5,0,0
0x677bd4,83.3333%,5,25,30,0,0,5,25
0x5fc48a,95.6897%,5,111,116,111,3,2,0
0x8a731c,99.7425%,5,1937,1942,0,0,5,1937
0xa02e53,93.0556%,5,67,72,67,3,2,0
0x5548d3,92.0635%,5,58,63,58,5,0,0
0x55029c,87.1795%,5,34,39,0,0,5,34
0x591157,94.6237%,5,88,93,0,1,4,88
0x9082a1,99.7672%,5,2143,2148,0,0,5,2143
0x8a5df9,98.9837%,5,487,492,0,0,5,487
0x9ef481,77.2727%,5,17,22,17,5,0,0
0x971491,77.2727%,5,17,22,2,5,0,15
0x4bacd8,97.7064%,5,213,218,213,5,0,0
0x8ff6c8,92.9577%,5,66,71,66,5,0,0
0x81c7db,97.2527%,5,177,182,0,5,0,177
0x63bb8f,99.6163%,5,1298,1303,0,0,5,1298
0x63bb69,99.6172%,5,1301,1306,1301,2,3,0
0x9ee17f,16.6667%,5,1,6,0,0,5,1
0x4bd65f,89.3617%,5,42,47,41,0,5,1
0x4b5823,98.1481%,5,265,270,0,0,5,265
0xa47be6,88.0952%,5,37,42,37,5,0,0
0x66f689,89.5833%,5,43,48,0,0,5,43
0x80cadd,99.935%,5,7690,7695,0,0,5,7690
0xa96078,80.7692%,5,21,26,21,5,0,0
0x9fe52c,96.2687%,5,129,134,129,5,0,0
0x54663f,80.7692%,5,21,26,21,1,4,0
0x8f09b7,95.7265%,5,112,117,0,0,5,112
0xa541ed,98.8453%,5,428,433,0,0,5,428
0x4a5925,87.1795%,5,34,39,34,5,0,0
0xa8fb84,97.7679%,5,219,224,0,0,5,219
0x9eca34,96.7105%,5,147,152,144,4,1,3
0x5fee6d,90.566%,5,48,53,0,0,5,48
0xa2da0d,72.2222%,5,13,18,1,3,2,12
0x49bf9a,16.6667%,5,1,6,0,0,5,1
0x80941e,99.4104%,5,843,848,4,1,4,839
0x977dcd,95.8678%,5,116,121,0,0,5,116
0x58f48e,90.3846%,5,47,52,47,5,0,0
0xa02c34,93.0556%,5,67,72,67,3,2,0
0xa45052,98.8453%,5,428,433,428,5,0,0
0x49a322,64.2857%,5,9,14,6,3,2,3
0x8f4284,99.8014%,5,2513,2518,0,0,5,2513
0xa302e8,95.4545%,5,105,110,6,3,2,99
0x53a1bc,89.5833%,5,43,48,3,3,2,40
0x5ec0f3,64.2857%,5,9,14,9,5,0,0
0x8338ae,93.3333%,5,70,75,70,3,2,0
0x8edad4,96.0317%,5,121,126,121,5,0,0
0x4ba6bd,98.538%,5,337,342,0,0,5,337
0x9e841c,94.3182%,5,83,88,81,4,1,2
0x481437,73.6842%,5,14,19,14,5,0,0
0x8ea466,68.75%,5,11,16,10,2,3,1
0x4bb0f4,99.0842%,5,541,546,17,1,4,524
0x64b0e6,99.812%,5,2654,2659,0,0,5,2654
0x8e45dd,84.375%,5,27,32,20,4,1,7
0xa4d472,96.2687%,5,129,134,65,2,3,64
0x813a53,77.2727%,5,17,22,17,0,5,0
0xa9c671,89.1304%,5,41,46,8,2,3,33
0x49140f,96.8944%,5,156,161,154,4,1,2
0x8fcbb4,99.6288%,5,1342,1347,0,0,5,1342
0xa2b396,93.9759%,5,78,83,58,0,5,20
0x81b94f,98.4227%,5,312,317,0,0,5,312
0x80558e,92.8571%,5,65,70,65,5,0,0
0x4c2fc3,61.5385%,5,8,13,5,1,4,3
0x782656,99.7611%,5,2088,2093,0,0,5,2088
0x4c51e3,98.5251%,5,334,339,18,3,2,316
0x8f5568,99.7064%,5,1698,1703,1698,5,0,0
0x9d1c48,16.6667%,5,1,6,1,2,3,0
0x499969,50%,5,5,10,5,5,0,0
0x8df63d,44.4444%,5,4,9,2,3,2,2
0x64b5a4,99.9703%,5,16817,16822,16817,5,0,0
0x991adc,97.3822%,5,186,191,186,5,0,0
0x95b5be,78.2609%,5,18,23,12,3,2,6
0x9a8b95,91.9355%,5,57,62,57,5,0,0
0x480f69,86.8421%,5,33,38,33,5,0,0
0x9713e4,64.2857%,5,9,14,3,4,1,6
0x8dfa93,75%,5,15,20,15,5,0,0
0xa35951,97.2973%,5,180,185,9,1,4,171
0x8f4bff,97.1591%,5,171,176,0,0,5,171
0x6043f4,58.3333%,5,7,12,0,0,5,7
0xa1b01f,54.5455%,5,6,11,4,2,3,2
0x489ddd,99.7702%,5,2171,2176,2171,5,0,0
0x48980f,58.3333%,5,7,12,7,5,0,0
0xa9c954,89.1304%,5,41,46,0,2,3,41
0x8062ea,97.619%,5,205,210,105,4,1,100
0xa23c97,92.3077%,5,60,65,60,3,2,0
0xa96aeb,68.75%,5,11,16,6,3,2,5
0xa29cef,68.75%,5,11,16,0,0,5,11
0x9aad78,99.3695%,5,788,793,0,0,5,788
0xb323c0,99.484%,5,964,969,964,5,0,0
0x6472ce,75%,5,15,20,4,1,4,11
0x8058b7,97.7679%,5,219,224,219,5,0,0
0xa4fece,98.0237%,5,248,253,248,1,4,0
0x9ed3ec,95.4955%,5,106,111,106,5,0,0
0x54f3a2,70.5882%,5,12,17,12,5,0,0
0x942beb,93.3333%,5,70,75,0,0,5,70
0x64b552,99.7228%,5,1799,1804,1749,3,2,50
0xa5940e,98.5337%,5,336,341,0,0,5,336
0xa3a4eb,99.1639%,5,593,598,0,0,5,593
0x538b9e,54.5455%,5,6,11,6,1,4,0
0xb0c67f,99.7568%,5,2051,2056,2051,5,0,0
0x80ddd2,95.614%,5,109,114,55,2,3,54
0xa511f2,61.5385%,5,8,13,8,2,3,0
0x40391f,98.5836%,5,348,353,348,5,0,0
0x5bc20b,99.6434%,5,1397,1402,0,0,5,1397
0x5463ff,98.5714%,5,345,350,0,0,5,345
0x40e2d1,97.7376%,5,216,221,0,0,5,216
0x8efab7,96.875%,5,155,160,154,2,3,1
0x9fb5e8,98.366%,5,301,306,0,0,5,301
0x534e2f,99.8324%,5,2979,2984,0,0,5,2979
0xa3d822,37.5%,5,3,8,3,5,0,0
0x40372b,99.3679%,5,786,791,786,5,0,0
0x8f3125,99.4376%,5,884,889,0,0,5,884
0xa4e941,96.3768%,5,133,138,133,5,0,0
0x8e0ce0,95.5357%,5,107,112,107,5,0,0
0x9fe77e,87.5%,5,35,40,1,2,3,34
0x40364f,99.3827%,5,805,810,805,5,0,0
0x722ea9,72.2222%,5,13,18,3,1,4,10
0x97308e,82.1429%,5,23,28,23,5,0,0
0x81697e,37.5%,5,3,8,0,1,4,3
0x59c55d,98.1413%,5,264,269,0,0,5,264
0x6d0515,82.7586%,5,24,29,24,5,0,0
0x90c8e1,93.5897%,5,73,78,73,5,0,0
0x9fb8bc,95.9677%,5,119,124,119,5,0,0
0xa5edf7,98.7654%,5,400,405,400,5,0,0
0x900ba9,98.5119%,5,331,336,0,0,5,331
0xa59270,95.7983%,5,114,119,7,3,2,107
0x4a9739,91.6667%,5,55,60,0,0,5,55
0x55060a,95.5357%,5,107,112,107,5,0,0
0x8118fc,79.1667%,5,19,24,19,3,2,0
0x9e7039,89.1304%,5,41,46,6,4,1,35
0x8f1a34,89.5833%,5,43,48,38,2,3,5
0xaa111d,86.1111%,5,31,36,31,5,0,0
0x80a825,99.4055%,5,836,841,0,0,5,836
0x49db88,86.8421%,5,33,38,33,5,0,0
0x48f797,92.3077%,5,60,65,5,5,0,55
0x58f9b3,93.9024%,5,77,82,41,0,5,36
0x404a08,94.8454%,5,92,97,21,1,4,71
0x9e6f45,90.9091%,5,50,55,47,5,0,3
0xa556d5,93.9759%,5,78,83,78,5,0,0
0x49fc9e,66.6667%,5,10,15,0,0,5,10
0x8bcd23,91.6667%,5,55,60,55,5,0,0
0x8fe8c9,96.7949%,5,151,156,0,0,5,151
0x9e2acf,93.2432%,5,69,74,69,5,0,0
0xa91754,85.2941%,5,29,34,29,5,0,0
0x8eb016,87.8049%,5,36,41,32,3,2,4
0x815204,68.75%,5,11,16,5,2,3,6
0x7efe7d,97.0238%,5,163,168,14,5,0,149
0x9fe263,94.4444%,5,85,90,85,5,0,0
0x9439dd,94.898%,5,93,98,89,4,1,4
0x5be45a,97.0588%,5,165,170,0,0,5,165
0x40366e,99.3827%,5,805,810,805,5,0,0
0x5cf596,99.6403%,5,1385,1390,0,0,5,1385
0x8f6afb,98.5119%,5,331,336,166,2,3,165
0xa5c381,93.2432%,5,69,74,0,2,3,69
0xa39c96,99.5404%,5,1083,1088,1083,5,0,0
0x805b19,99.8205%,5,2780,2785,0,0,5,2780
0xa34c9c,93.3333%,5,70,75,4,2,3,66
0x59117a,94.5652%,5,87,92,87,5,0,0
0x908329,99.7672%,5,2143,2148,0,0,5,2143
0x7b0a85,82.1429%,5,23,28,2,4,1,21
0xa4b617,98.5251%,5,334,339,334,5,0,0
0x7efe85,96.6443%,5,144,149,144,5,0,0
0x7d2c5a,73.6842%,5,14,19,12,3,2,2
0x99c8cf,98.9899%,5,490,495,490,5,0,0
0x8050fa,98.4848%,5,325,330,325,5,0,0
0xb1c897,99.5025%,5,1000,1005,1000,5,0,0
0x837693,88.8889%,5,40,45,37,3,2,3
0x807b40,95.935%,5,118,123,118,5,0,0
0x4bdf04,61.5385%,5,8,13,8,5,0,0
0x788c8f,91.5254%,5,54,59,9,1,4,45
0x8b9b97,99.9468%,5,9388,9393,0,0,5,9388
0x4bc783,96.8354%,5,153,158,147,2,3,6
0x7814a5,94.3182%,5,83,88,83,5,0,0
0x5c6c75,98.954%,5,473,478,473,5,0,0
0xab367b,72.2222%,5,13,18,0,0,5,13
0x9fb316,85.7143%,5,30,35,30,2,3,0
0x551cd1,94.9495%,5,94,99,94,5,0,0
0x4a7ffa,94.5652%,5,87,92,0,0,5,87
0x5127da,98.6072%,5,354,359,0,1,4,354
0x4036fa,99.3679%,5,786,791,11,1,4,775
0x9e3866,98.5632%,5,343,348,0,0,5,343
0xa9f290,73.6842%,5,14,19,14,2,3,0
0x8044d9,98.1061%,5,259,264,7,4,1,252
0x9a6311,64.2857%,5,9,14,9,5,0,0
0x4bb28c,98.9154%,5,456,461,15,3,2,441
0x50d2d6,98.3221%,5,293,298,0,0,5,293
0x9e7a2b,96.4539%,5,136,141,0,0,5,136
0x610d08,97.9508%,5,239,244,0,0,5,239
0x81f287,88.6364%,5,39,44,3,1,4,36
0xa9deb8,87.8049%,5,36,41,0,0,5,36
0x540871,58.3333%,5,7,12,1,5,0,6
0x9fe2a1,94.1176%,5,80,85,80,5,0,0
0xab3695,72.2222%,5,13,18,0,0,5,13
0x5338f4,86.8421%,5,33,38,28,3,2,5
0x90a5bc,88.6364%,5,39,44,39,5,0,0
0xa39df7,99.6174%,5,1302,1307,0,0,5,1302
0x984425,92.4242%,5,61,66,61,5,0,0
0xa6c665,92.9577%,5,66,71,23,5,0,43
0xa2ed75,82.7586%,5,24,29,0,0,5,24
0xa9453e,82.7586%,5,24,29,0,0,5,24
0x5bb1cf,73.6842%,5,14,19,13,3,2,1
0x8ee708,98.6523%,5,366,371,0,0,5,366
0xa34464,90.3846%,5,47,52,46,3,2,1
0x4a7baa,91.2281%,5,52,57,4,2,3,48
0x9fafd5,98.7212%,5,386,391,386,5,0,0
0x68374c,93.8272%,5,76,81,32,2,3,44
0xa55eb4,68.75%,5,11,16,4,4,1,7
0x8379dc,89.5833%,5,43,48,1,3,2,42
0xa58397,98.8372%,5,425,430,0,4,1,425
0x9e220a,94.898%,5,93,98,93,5,0,0
0x9fbaa4,98.366%,5,301,306,89,2,3,212
0xa37336,88.0952%,5,37,42,37,5,0,0
0x9fbbce,98.366%,5,301,306,301,5,0,0
0x541c6d,85.2941%,5,29,34,29,5,0,0
0x5ae26b,87.8049%,5,36,41,0,0,5,36
0x49a373,64.2857%,5,9,14,7,3,2,2
0x50137d,99.6898%,5,1607,1612,0,0,5,1607
0x53feb1,99.8992%,5,4955,4960,4955,1,4,0
0x4039b8,72.2222%,5,13,18,5,1,4,8
0x9a4860,58.3333%,5,7,12,0,1,4,7
0x9f1291,50%,5,5,10,5,5,0,0
0x811c62,98.801%,5,412,417,412,5,0,0
0x8fd7bc,66.6667%,5,10,15,7,5,0,3
0x8a6b77,78.2609%,5,18,23,18,1,4,0
0x493609,70.5882%,5,12,17,12,5,0,0
0x4c276c,94.0476%,5,79,84,76,2,3,3
0x4b871e,54.5455%,5,6,11,6,5,0,0
0x50a711,92.8571%,5,65,70,0,0,5,65
0xa50ca4,97.7778%,5,220,225,0,4,1,220
0x4936d4,96.0938%,5,123,128,0,3,2,123
0x49325c,96.0938%,5,123,128,123,5,0,0
0x9fb815,98.366%,5,301,306,0,0,5,301
0x606d71,37.5%,5,3,8,3,5,0,0
0xa285b1,83.3333%,5,25,30,0,0,5,25
0xa587c2,96.988%,5,161,166,47,3,2,114
0x4b61a1,95.4545%,5,105,110,87,2,3,18
0x509824,99.7565%,5,2048,2053,0,0,5,2048
0x9fb73f,98.366%,5,301,306,0,0,5,301
0x4bedb5,97.006%,5,162,167,106,3,2,56
0x537f53,94.5652%,5,87,92,87,5,0,0
0x9fb660,97.9675%,5,241,246,0,0,5,241
0x67b30b,99.8186%,5,2752,2757,2752,5,0,0
0xa9471e,81.4815%,5,22,27,22,5,0,0
0x722a06,98.5251%,5,334,339,0,0,5,334
0x8ef1de,98.8914%,5,446,451,0,0,5,446
0x53b9c9,96.2121%,5,127,132,125,5,0,2
0x99b18b,87.5%,5,35,40,35,5,0,0
0x49bb08,37.5%,5,3,8,2,4,1,1
0x784541,82.7586%,5,24,29,0,1,4,24
0x67f2d1,98.0769%,5,255,260,255,5,0,0
0x4a02b0,94.4444%,5,85,90,0,0,5,85
0x5c6b98,99.6416%,5,1390,1395,1390,5,0,0
0x8379c1,95.1923%,5,99,104,25,3,2,74
0x5cf463,88.8889%,5,40,45,34,5,0,6
0xa27603,99.7457%,5,1961,1966,0,0,5,1961
0x81a6e4,99.9233%,5,6514,6519,0,0,5,6514
0x4c2406,97.0238%,5,163,168,0,0,5,163
0x906a9c,98.6034%,5,353,358,0,0,5,353
0x9e60dd,97.8992%,5,233,238,228,3,2,5
0x51022a,99.6653%,5,1489,1494,0,0,5,1489
0x8a5d80,97.7064%,5,213,218,213,5,0,0
0x9bb40a,92.3077%,5,60,65,0,3,2,60
0x6042d5,96.9697%,5,160,165,160,5,0,0
0x78d828,99.2614%,5,672,677,0,0,5,672
0x505e1d,99.3243%,5,735,740,735,5,0,0
0x4a264d,98.9407%,5,467,472,0,0,5,467
0xa58eee,95.7983%,5,114,119,0,0,5,114
0x4a650a,50%,5,5,10,5,5,0,0
0xa4a790,37.5%,5,3,8,2,4,1,1
0x4bdbf3,75%,5,15,20,15,4,1,0
0x48bbc8,96.5035%,5,138,143,0,0,5,138
0x63d825,96.4539%,5,136,141,136,5,0,0
0xa56129,97.2826%,5,179,184,0,0,5,179
0xa47cd1,87.1795%,5,34,39,34,5,0,0
0x4bd721,84.8485%,5,28,33,0,0,5,28
0x4b527f,92.9577%,5,66,71,66,3,2,0
0x49a13c,89.5833%,5,43,48,43,5,0,0
0x8b9ad1,99.7887%,5,2361,2366,2361,5,0,0
0x9e718b,90.9091%,5,50,55,9,5,0,41
0x58b9f6,50%,5,5,10,5,3,2,0
0x9e6b8a,93.0556%,5,67,72,67,3,2,0
0x4a6564,96.6216%,5,143,148,0,3,2,143
0xa93815,98.0469%,5,251,256,251,5,0,0
0x9f4093,84.8485%,5,28,33,27,3,2,1
0x7b6416,86.4865%,5,32,37,29,3,2,3
0x405ac3,98.829%,5,422,427,0,0,5,422
0xa98110,92.3077%,5,60,65,4,4,1,56
0x804e4a,94.7917%,5,91,96,91,3,2,0
0x5b1b17,88.8889%,5,40,45,40,5,0,0
0x8ee0d3,98.7775%,5,404,409,0,0,5,404
0xa50ae4,64.2857%,5,9,14,9,5,0,0
0x5f4b78,64.2857%,5,9,14,5,2,3,4
0x781692,91.0714%,5,51,56,42,5,0,9
0x8f25d7,86.4865%,5,32,37,32,5,0,0
0x821631,98.9247%,5,460,465,460,5,0,0
0x819d73,98.4709%,5,322,327,0,0,5,322
0x90a7d4,96.732%,5,148,153,148,5,0,0
0xa43e1e,89.7959%,5,44,49,44,5,0,0
0x4b8104,54.5455%,5,6,11,4,1,4,2
0x60ded1,99.5169%,5,1030,1035,1030,5,0,0
0x8042fc,68.75%,5,11,16,5,5,0,6
0x804ff2,98.4848%,5,325,330,325,5,0,0
0x9fe3c1,94.6809%,5,89,94,89,5,0,0
0x90c286,99.7635%,5,2109,2114,0,0,5,2109
0x4022bf,99.6819%,5,1567,1572,1567,5,0,0
0xa50b54,73.6842%,5,14,19,1,4,1,13
0x4ab8e1,80%,5,20,25,20,5,0,0
0x58de58,96.5517%,5,140,145,70,5,0,70
0x821802,99.1438%,5,579,584,0,0,5,579
0xa92582,97.3545%,5,184,189,184,5,0,0
0x5449f5,92.4242%,5,61,66,54,3,2,7
0x8b9e8c,99.554%,5,1116,1121,1116,5,0,0
0x675043,90.9091%,5,50,55,50,2,3,0
0x54db36,93.5897%,5,73,78,35,4,1,38
0x81d3ae,97.2527%,5,177,182,177,5,0,0
0x97b75b,85.7143%,5,30,35,30,5,0,0
0x9e8129,79.1667%,5,19,24,19,3,2,0
0x49bff5,98.998%,5,494,499,494,5,0,0
0x51282f,75%,5,15,20,15,5,0,0
0x9021e4,95.7265%,5,112,117,0,0,5,112
0xa18b38,88.3721%,5,38,43,19,4,1,19
0xa45ea9,92.1875%,5,59,64,59,5,0,0
0x9799d9,86.1111%,5,31,36,25,3,2,6
0x4c6714,82.1429%,5,23,28,22,4,1,1
0x8dba20,98.4127%,5,310,315,70,5,0,240
0x59e8d8,37.5%,5,3,8,1,3,2,2
0x4befd9,99.4624%,5,925,930,0,0,5,925
0xa9743c,96.6443%,5,144,149,144,5,0,0
0x409b14,82.7586%,5,24,29,24,5,0,0
0x951d23,99.2151%,5,632,637,0,0,5,632
0x8da813,58.3333%,5,7,12,6,0,5,1
0xa2d9cf,99.179%,5,604,609,0,4,1,604
0xa4fe80,98.0237%,5,248,253,248,1,4,0
0x49d798,93.5065%,5,72,77,69,4,1,3
0x9cfbff,95.6522%,5,110,115,3,1,4,107
0x9d1ec7,95.0495%,5,96,101,69,4,1,27
0x5fe868,91.3793%,5,53,58,34,2,3,19
0x973c25,58.3333%,5,7,12,1,1,4,6
0x4b64f7,96.7742%,5,150,155,35,5,0,115
0x70c19c,16.6667%,5,1,6,0,0,5,1
0x5c570d,88.8889%,5,40,45,7,1,4,33
0x4a8031,78.2609%,5,18,23,18,5,0,0
0x537b39,99.8942%,5,4721,4726,0,0,5,4721
0xaa89eb,99.7268%,5,1825,1830,1825,5,0,0
0x8e3326,98.5549%,5,341,346,340,2,3,1
0x5cd300,92.1875%,5,59,64,59,2,3,0
0xa07525,88.6364%,5,39,44,35,3,2,4
0xa517fa,87.5%,5,35,40,35,5,0,0
0x58dbb3,96.6887%,5,146,151,141,3,2,5
0x9810d8,93.2432%,5,69,74,69,5,0,0
0x58db25,96.6887%,5,146,151,81,2,3,65
0x88e4a3,87.1795%,5,34,39,1,2,3,33
0x58dad4,97.6077%,5,204,209,150,1,4,54
0x808e37,99.4104%,5,843,848,840,3,2,3
0x534aca,91.0714%,5,51,56,0,0,5,51
0x4c5ee3,88.3721%,5,38,43,1,1,4,37
0x5c3324,97.8166%,5,224,229,0,0,5,224
0x5c332d,97.8166%,5,224,229,224,5,0,0
0x9ed988,96.0317%,5,121,126,121,5,0,0
0x9f0881,50%,5,5,10,4,4,1,1
0x811f3b,99.0758%,5,536,541,0,0,5,536
0x94b859,99.1135%,5,559,564,3,1,4,556
0x980af2,93.2432%,5,69,74,69,5,0,0
0x8e96f7,99.4792%,5,955,960,955,5,0,0
0x8f30b9,99.9282%,5,6960,6965,0,0,5,6960
0x48a57e,99.864%,5,3671,3676,0,0,5,3671
0x4096b6,92.3077%,5,60,65,60,5,0,0
0x490c79,80.7692%,5,21,26,1,2,3,20
0xa52602,95.0495%,5,96,101,96,5,0,0
0x53440d,99.9439%,5,8900,8905,0,0,5,8900
0x9e791b,95.9016%,5,117,122,112,4,1,5
0x606ce3,37.5%,5,3,8,3,5,0,0
0x9fe91f,86.4865%,5,32,37,32,5,0,0
0x8ecb75,93.0556%,5,67,72,4,0,5,63
0x9d01e3,98.5714%,5,345,350,1,3,2,344
0x8efa46,97.3958%,5,187,192,0,0,5,187
0x91127d,99.2481%,5,660,665,660,5,0,0
0x9f7445,92.4242%,5,61,66,61,5,0,0
0x9e54ea,97.0414%,5,164,169,0,0,5,164
0x819541,96.875%,5,155,160,0,0,5,155
0xa9018d,92.0635%,5,58,63,0,0,5,58
0x8e965b,99.5922%,5,1221,1226,1221,3,2,0
0x4b5c63,97.6077%,5,204,209,7,3,2,197
0xa53979,64.2857%,5,9,14,9,5,0,0
0x66fcd0,73.6842%,5,14,19,0,0,5,14
0x9ebb0e,98.062%,5,253,258,50,2,3,203
0x4c8184,77.2727%,5,17,22,17,5,0,0
0x606dcc,37.5%,5,3,8,3,5,0,0
0x8e9952,16.6667%,5,1,6,0,4,1,1
0x9ee55f,91.2281%,5,52,57,52,5,0,0
0x4a1235,99.3804%,5,802,807,802,5,0,0
0x4943ec,92.8571%,5,65,70,15,4,1,50
0x9e5912,83.3333%,5,25,30,25,5,0,0
0x684190,37.5%,5,3,8,3,5,0,0
0x5d3e42,96.2406%,5,128,133,128,5,0,0
0x58c04c,93.4211%,5,71,76,4,2,3,67
0xa45166,98.7437%,5,393,398,0,4,1,393
0x60e302,99.0494%,5,521,526,521,5,0,0
0xa280bb,98.494%,5,327,332,0,0,5,327
0x58c1fd,98.4277%,5,313,318,313,5,0,0
0x4bb85e,97.549%,5,199,204,0,0,5,199
0x619c2b,75%,5,15,20,0,0,5,15
0x5b40ea,83.871%,5,26,31,26,5,0,0
0x9eb84e,95.3704%,5,103,108,80,2,3,23
0xa6632d,81.4815%,5,22,27,16,2,3,6
0x5b410c,83.871%,5,26,31,0,0,5,26
0xa4541f,98.5632%,5,343,348,0,4,1,343
0xa359e5,97.1429%,5,170,175,6,2,3,164
0x81e383,99.7015%,5,1670,1675,0,0,5,1670
0xa9c821,89.1304%,5,41,46,41,5,0,0
0xa911d7,99.2918%,5,701,706,0,4,1,701
0xaa8e38,93.9024%,5,77,82,77,5,0,0
0x8df61a,81.4815%,5,22,27,0,4,1,22
0x9d0f1c,98.1413%,5,264,269,0,0,5,264
0x4a83e3,94.5652%,5,87,92,87,5,0,0
0x9487cc,87.1795%,5,34,39,0,0,5,34
0x540a90,64.2857%,5,9,14,1,1,4,8
0x4bcc07,83.871%,5,26,31,0,2,3,26
0x9fdbbe,80%,5,20,25,4,3,2,16
0xa661ac,95.5752%,5,108,113,85,1,4,23
0x5cd3c3,90.566%,5,48,53,48,5,0,0
0xaa2e3e,99.1935%,5,615,620,0,0,5,615
0xa58e35,96.5753%,5,141,146,0,0,5,141
0x619a7e,75%,5,15,20,4,1,4,11
0x7b2a7b,94.3182%,5,83,88,40,4,1,43
0x540b72,98.5714%,5,345,350,0,0,5,345
0x8ef12f,96.2963%,5,130,135,1,1,4,129
0x4b6977,96.7742%,5,150,155,35,5,0,115
0x80e72f,96.6667%,5,145,150,0,0,5,145
0xa93de0,58.3333%,5,7,12,0,0,5,7
0xa3a166,99.3094%,5,719,724,719,5,0,0
0xa96d9c,76.1905%,5,16,21,16,5,0,0
0x8114c8,99.4069%,5,838,843,0,0,5,838
0x5e45fe,99.6687%,5,1504,1509,1504,5,0,0
0x489dad,99.7702%,5,2171,2176,2171,5,0,0
0x8ab0a5,99.4159%,5,851,856,851,5,0,0
0x8e9275,94.382%,5,84,89,2,2,3,82
0xa507f1,98.0545%,5,252,257,0,0,5,252
0x94db3c,99.1482%,5,582,587,0,0,5,582
0x808087,99.4104%,5,843,848,840,3,2,3
0xa970af,86.4865%,5,32,37,32,5,0,0
0x4b6b94,85.7143%,5,30,35,28,2,3,2
0xa9ed4c,93.8272%,5,76,81,0,0,5,76
0x918dce,97.5%,5,195,200,195,5,0,0
0x5912dc,97.9675%,5,241,246,0,0,5,241
0x8bcc5f,90.566%,5,48,53,19,3,2,29
0x554760,92.1875%,5,59,64,0,1,4,59
0x9c4feb,37.5%,5,3,8,1,3,2,2
0x5f135c,87.5%,5,35,40,3,0,5,32
0x811938,79.1667%,5,19,24,18,3,2,1
0x9496bd,93.6709%,5,74,79,74,5,0,0
0x8eb6ef,99.8245%,5,2844,2849,2844,5,0,0
0x60e60f,86.8421%,5,33,38,0,0,5,33
0x5fefd6,87.5%,5,35,40,34,2,3,1
0x4b7f9f,54.5455%,5,6,11,6,5,0,0
0x48aa62,99.9077%,5,5414,5419,0,0,5,5414
0x63e527,99.4797%,5,956,961,1,2,3,955
0x64adfe,99.8164%,5,2718,2723,2718,5,0,0
0x48a2be,99.7607%,5,2084,2089,2084,5,0,0
0xa8e763,94.1176%,5,80,85,0,2,3,80
0x40e1e4,93.2432%,5,69,74,1,1,4,68
0xa9257a,97.5845%,5,202,207,15,3,2,187
0x54d834,68.75%,5,11,16,11,5,0,0
0x5f137a,87.5%,5,35,40,0,4,1,35
0x781a8a,96.7949%,5,151,156,0,0,5,151
0x9a332b,96.5753%,5,141,146,51,4,1,90
0x647219,76.1905%,5,16,21,16,5,0,0
0x838fd8,75%,5,15,20,7,3,2,8
0x901a27,98.0159%,5,247,252,0,0,5,247
0x8a9870,99.8923%,5,4637,4642,4637,5,0,0
0x83759d,96.0938%,5,123,128,123,5,0,0
0x555d59,99.5375%,5,1076,1081,0,0,5,1076
0xa25e24,93.5897%,5,73,78,0,0,5,73
0x5f6138,58.3333%,5,7,12,7,5,0,0
0x47f249,99.5575%,5,1125,1130,0,0,5,1125
0xa394eb,99.3094%,5,719,724,0,0,5,719
0x981335,93.3333%,5,70,75,58,4,1,12
0x804efc,94.7917%,5,91,96,91,3,2,0
0x501fac,94.5055%,5,86,91,0,0,5,86
0x81b0e5,98.4227%,5,312,317,0,2,3,312
0x4bc83c,94.6809%,5,89,94,57,4,1,32
0xa52660,96.0317%,5,121,126,0,0,5,121
0x4a6efc,99.4226%,5,861,866,0,0,5,861
0x40aba1,88.6364%,5,39,44,39,5,0,0
0x9f4d27,98.3713%,5,302,307,296,2,3,6
0x548235,99.9268%,5,6824,6829,0,0,5,6824
0xa2ed4e,92.6471%,5,63,68,36,3,2,27
0xaa0873,93.9759%,5,78,83,78,5,0,0
0x98135d,93.75%,5,75,80,17,1,4,58
0x822422,97.8723%,5,230,235,230,5,0,0
0x593877,99.2126%,5,630,635,629,4,1,1
0x9eb728,97.0238%,5,163,168,0,0,5,163
0x9812a5,94.5055%,5,86,91,7,4,1,79
0x8ba377,99.6274%,5,1337,1342,0,0,5,1337
0x983b2a,94.5652%,5,87,92,0,0,5,87
0x8deb03,93.5897%,5,73,78,9,3,2,64
0x4c6d4c,94.5055%,5,86,91,12,3,2,74
0x4bf4da,92.6471%,5,63,68,29,1,4,34
0x9a4641,99.5093%,5,1014,1019,1014,5,0,0
0x4bf11a,97.3404%,5,183,188,169,4,1,14
0x90024a,99.187%,5,610,615,3,2,3,607
0x4bf066,99.0215%,5,506,511,470,1,4,36
0x96a63c,93.2432%,5,69,74,0,2,3,69
0xa54ab5,37.5%,5,3,8,0,0,5,3
0xa528f5,98.7923%,5,409,414,409,5,0,0
0xa05c47,82.7586%,5,24,29,5,3,2,19
0xb2f103,99.9375%,5,7990,7995,7990,5,0,0
0x4c1c71,98.2759%,5,285,290,285,5,0,0
0xa5c859,72.2222%,5,13,18,1,3,2,12
0x5a9460,92.5373%,5,62,67,0,0,5,62
0x5f81a4,99.1438%,5,579,584,579,5,0,0
0xa1bb12,66.6667%,5,10,15,0,3,2,10
0x4b849a,54.5455%,5,6,11,5,4,1,1
0xa96a38,86.4865%,5,32,37,0,0,5,32
0xa91c6c,97.992%,5,244,249,244,5,0,0
0x983ede,96.3768%,5,133,138,117,5,0,16
0xa91cef,98.3221%,5,293,298,293,5,0,0
0x5580be,94.6237%,5,88,93,88,5,0,0
0xa42bb6,91.3793%,5,53,58,0,0,5,53
0x4b5a7d,99.8436%,5,3192,3197,0,0,5,3192
0xa96a1c,91.8033%,5,56,61,0,0,5,56
0x7d161e,92.5373%,5,62,67,1,1,4,61
0x8f4e15,99.8004%,5,2500,2505,2500,5,0,0
0x8f4ad0,99.8004%,5,2500,2505,0,0,5,2500
0x8a6bf3,95.098%,5,97,102,0,1,4,97
0xa264a0,99.5274%,5,1053,1058,1053,3,2,0
0x7d0d12,99.0991%,5,550,555,167,5,0,383
0x9a8d28,83.871%,5,26,31,26,5,0,0
0x485b70,97.5%,5,195,200,195,5,0,0
0x546a7f,99.3606%,5,777,782,0,4,1,777
0x9e0579,91.3793%,5,53,58,0,0,5,53
0x402321,99.9029%,5,5143,5148,0,0,5,5143
0x5f79df,97.6852%,5,211,216,8,1,4,203
0x64ce9e,88.6364%,5,39,44,2,2,3,37
0x8e6986,98.4375%,5,315,320,0,0,5,315
0x5e59b3,99.3789%,5,800,805,800,5,0,0
0x7f0a7f,90.9091%,5,50,55,47,3,2,3
0xa3407f,97.7778%,5,220,225,128,3,2,92
0xb376aa,99.9098%,5,5537,5542,0,0,5,5537
0x5fd5da,98.3108%,5,291,296,291,5,0,0
0x7810b2,97.2222%,5,175,180,28,4,1,147
0x5f7aa0,97.5728%,5,201,206,0,0,5,201
0x4aca60,66.6667%,5,10,15,4,2,3,6
0x81bc5b,91.5254%,5,54,59,2,2,3,52
0x4a7be9,90.1961%,5,46,51,0,0,5,46
0x951952,96.8153%,5,152,157,2,3,2,150
0x49c07c,98.998%,5,494,499,0,2,3,494
0x8fe099,94.186%,5,81,86,0,0,5,81
0x5f84d5,96.6667%,5,145,150,0,4,1,145
0x8ff57c,78.2609%,5,18,23,18,4,1,0
0xaa3951,61.5385%,5,8,13,8,0,5,0
0x8c7bea,95.9016%,5,117,122,104,4,1,13
0x48b416,97.7778%,5,220,225,0,0,5,220
0x9019c1,98.5207%,5,333,338,0,0,5,333
0x48b2fd,98.6264%,5,359,364,0,0,5,359
0xb149d2,99.8826%,5,4253,4258,0,0,5,4253
0x5bcb2d,99.4813%,5,959,964,959,5,0,0
0x98ce1d,99.7315%,5,1857,1862,0,0,5,1857
0x8efca8,95.5752%,5,108,113,108,5,0,0
0xa54342,73.6842%,5,14,19,14,5,0,0
0x8c9430,95.7983%,5,114,119,0,0,5,114
0x95297f,98.9035%,5,451,456,451,5,0,0
0x5529c1,96.3768%,5,133,138,133,3,2,0
0x8e4b32,99.8636%,5,3662,3667,3487,2,3,175
0xb471dd,99.7999%,5,2494,2499,0,0,5,2494
0x4ace7f,97.2376%,5,176,181,176,3,2,0
0x8a552a,87.5%,5,35,40,0,0,5,35
0x5b0566,92.3077%,5,60,65,59,4,1,1
0x9d0b06,95.098%,5,97,102,46,5,0,51
0x81e425,97.6744%,5,210,215,0,0,5,210
0x5427ad,97.4093%,5,188,193,0,0,5,188
0x53581f,91.2281%,5,52,57,45,2,3,7
0x49eb14,78.2609%,5,18,23,0,0,5,18
0x98ce3a,99.7315%,5,1857,1862,0,0,5,1857
0x9a7429,50%,5,5,10,3,2,3,2
0xa15b16,16.6667%,5,1,6,1,3,2,0
0x5cf59e,99.6403%,5,1385,1390,1385,5,0,0
0xa47f06,58.3333%,5,7,12,0,0,5,7
0x96b1e4,99.4487%,5,902,907,0,0,5,902
0x5f7aaa,97.5728%,5,201,206,36,3,2,165
0x48a74e,99.5667%,5,1149,1154,1149,5,0,0
0x5f7eb9,96.2963%,5,130,135,130,4,1,0
0x975061,37.5%,5,3,8,0,3,2,3
0x5ee1d6,97.1751%,5,172,177,0,0,5,172
0xa34821,99.6148%,5,1293,1298,0,0,5,1293
0x4ac768,75%,5,15,20,15,5,0,0
0x548a7f,16.6667%,5,1,6,1,1,4,0
0x7d3728,99.375%,5,795,800,692,2,3,103
0xa352ab,76.1905%,5,16,21,16,2,3,0
0x8ee4ea,88.0952%,5,37,42,37,5,0,0
0x481488,73.6842%,5,14,19,1,1,4,13
0x9a93f4,75%,5,15,20,0,0,5,15
0x5373b7,96.0938%,5,123,128,123,5,0,0
0x48b453,98.7715%,5,402,407,402,5,0,0
0x5462b7,98.5714%,5,345,350,345,5,0,0
0x5f8d0f,92.1875%,5,59,64,33,0,5,26
0x47f23c,99.5575%,5,1125,1130,0,0,5,1125
0xa49794,98.3444%,5,297,302,0,0,5,297
0x7cc2f4,99.5516%,5,1110,1115,1110,5,0,0
0x98cd69,89.3617%,5,42,47,10,2,3,32
0x8bcbe3,92.8571%,5,65,70,40,4,1,25
0x5531f4,99.2754%,5,685,690,0,0,5,685
0x53f28f,98.8345%,5,424,429,424,5,0,0
0x552265,99.7545%,5,2032,2037,2032,5,0,0
0xa2cc44,98.8345%,5,424,429,0,0,5,424
0x483cdf,73.6842%,5,14,19,14,4,1,0
0xa02b82,93.4211%,5,71,76,71,3,2,0
0x627976,99.5837%,5,1196,1201,0,0,5,1196
0x9f6b88,88.6364%,5,39,44,39,5,0,0
0x9e6143,93.0556%,5,67,72,57,3,2,10
0x9442b4,98.8938%,5,447,452,447,5,0,0
0x40397d,86.4865%,5,32,37,0,0,5,32
0x609835,98.7437%,5,393,398,393,5,0,0
0x9f8515,64.2857%,5,9,14,1,4,1,8
0x8bb268,98.7775%,5,404,409,403,3,2,1
0x8f56de,97.1591%,5,171,176,171,5,0,0
0x9f0646,50%,5,5,10,0,0,5,5
0xa520ac,70.5882%,5,12,17,2,4,1,10
0xa08472,68.75%,5,11,16,2,3,2,9
0x5591dd,99.349%,5,763,768,0,4,1,763
0xa25b00,99.5064%,5,1008,1013,0,0,5,1008
0x9a6b27,50%,5,5,10,0,0,5,5
0x8a6282,96.3235%,5,131,136,131,5,0,0
0xa2e042,97.992%,5,244,249,241,3,2,3
0x4ac63a,66.6667%,5,10,15,0,2,3,10
0x8f4d2d,99.7971%,5,2459,2464,2455,3,2,4
0x9f7919,99.2188%,5,635,640,0,0,5,635
0x6660a7,37.5%,5,3,8,0,0,5,3
0x822041,84.375%,5,27,32,0,0,5,27
0x48d1d2,91.0714%,5,51,56,0,0,5,51
0x53eff7,97.2678%,5,178,183,178,5,0,0
0x96ae8b,89.1304%,5,41,46,0,0,5,41
0xa35ffa,98.366%,5,301,306,2,3,2,299
0xb32388,99.484%,5,964,969,0,0,5,964
0x4050c0,76.1905%,5,16,21,7,3,2,9
0x951ca7,99.2151%,5,632,637,632,5,0,0
0xa46693,94.7917%,5,91,96,0,0,5,91
0xa30b19,99.7038%,5,1683,1688,0,0,5,1683
0x813859,91.8033%,5,56,61,56,3,2,0
0x96a5da,93.0556%,5,67,72,67,3,2,0
0x9a71ea,50%,5,5,10,3,2,3,2
0x670856,16.6667%,5,1,6,1,5,0,0
0x547f57,99.3557%,5,771,776,0,4,1,771
0x547f22,81.4815%,5,22,27,22,5,0,0
0x80a583,98.4709%,5,322,327,322,5,0,0
0x534dee,99.8324%,5,2979,2984,0,0,5,2979
0x8c757d,99.4715%,5,941,946,0,3,2,941
0x8a21a3,98.0545%,5,252,257,252,5,0,0
0x4ac75b,75%,5,15,20,7,2,3,8
0x643788,87.1795%,5,34,39,34,5,0,0
0x81b46f,54.5455%,5,6,11,0,5,0,6
0xa591cb,95.7983%,5,114,119,114,5,0,0
0x63fa5f,99.7307%,5,1852,1857,1852,5,0,0
0x817f4d,85.2941%,5,29,34,0,0,5,29
0x81c4df,98.7745%,5,403,408,0,4,1,403
0x8e3f4b,99.7017%,5,1671,1676,0,0,5,1671
0x6705d5,96.2406%,5,128,133,0,0,5,128
0xa2ffda,97.807%,5,223,228,223,5,0,0
0x4ac8d8,66.6667%,5,10,15,6,3,2,4
0x490059,50%,5,5,10,0,0,5,5
0x9f575a,93.75%,5,75,80,48,4,1,27
0xaab0f9,93.9024%,5,77,82,65,5,0,12
0x90dc8a,99.4797%,5,956,961,929,2,3,27
0xa42876,97.1429%,5,170,175,0,0,5,170
0x9c3bfb,86.1111%,5,31,36,31,5,0,0
0x8223fe,99.729%,5,1840,1845,1840,5,0,0
0x68695f,98.2206%,5,276,281,0,0,5,276
0x48af1a,99.3377%,5,750,755,0,0,5,750
0x4bb102,98.5294%,5,335,340,45,3,2,290
0x490be9,66.6667%,5,10,15,6,3,2,4
0x49622b,58.3333%,5,7,12,3,3,2,4
0xa523cd,92.9577%,5,66,71,66,3,2,0
0x8f4e36,99.8004%,5,2500,2505,2500,5,0,0
0x53de9c,99.0494%,5,521,526,521,5,0,0
0x48e5e7,89.5833%,5,43,48,43,5,0,0
0x543740,85.2941%,5,29,34,0,0,5,29
0x8fecc3,98.1132%,5,260,265,0,0,5,260
0x8e02b6,99.4924%,5,980,985,412,3,2,568
0x50ad79,95.4955%,5,106,111,0,0,5,106
0x4a7b86,98.2143%,5,275,280,271,3,2,4
0xa42e7c,91.3793%,5,53,58,0,0,5,53
0x507e21,77.2727%,5,17,22,0,0,5,17
0x608cfe,97.5%,5,195,200,34,4,1,161
0xa94210,82.1429%,5,23,28,1,1,4,22
0xb302a7,99.6554%,5,1446,1451,0,0,5,1446
0x4059c9,95.9016%,5,117,122,87,1,4,30
0xa46737,83.3333%,5,25,30,25,5,0,0
0xa448cd,90.3846%,5,47,52,0,0,5,47
0x48db91,98.4802%,5,324,329,0,0,5,324
0xa05b60,99.6865%,5,1590,1595,1563,3,2,27
0xa18a5b,88.3721%,5,38,43,0,0,5,38
0x80d8c4,98.503%,5,329,334,111,3,2,218
0x9012a1,81.4815%,5,22,27,21,3,2,1
0x985192,37.5%,5,3,8,1,3,2,2
0xacfbd2,90%,5,45,50,1,2,3,44
0x409d4c,61.5385%,5,8,13,5,1,4,3
0x5073b0,54.5455%,5,6,11,0,0,5,6
0xa5c896,72.2222%,5,13,18,12,4,1,1
0x5f394c,28.5714%,5,2,7,0,3,2,2
0x5f7ad5,28.5714%,5,2,7,2,5,0,0
0x9f4190,84.8485%,5,28,33,28,5,0,0
0xa8f93e,96.9512%,5,159,164,16,2,3,143
0xa59fbf,28.5714%,5,2,7,0,0,5,2
0x8e12ee,99.792%,5,2399,2404,1595,3,2,804
0x8f687a,85.2941%,5,29,34,0,0,5,29
0x9005cf,98.5632%,5,343,348,0,0,5,343
0xa36146,93.0556%,5,67,72,0,2,3,67
0x511090,99.8675%,5,3769,3774,3769,5,0,0
0x90c28c,99.7635%,5,2109,2114,2109,5,0,0
0x5d2589,99.5984%,5,1240,1245,1240,5,0,0
0x4a7ac8,99.0291%,5,510,515,0,0,5,510
0x905bf9,98.3221%,5,293,298,293,5,0,0
0x51c2ae,99.8359%,5,3042,3047,0,0,5,3042
0xa4992d,85.7143%,5,30,35,30,5,0,0
0x48dd0a,99.9275%,5,6895,6900,0,0,5,6895
0xa4112e,85.7143%,5,30,35,7,1,4,23
0xb2c8d6,98.5549%,5,341,346,341,5,0,0
0x81f910,99.7531%,5,2020,2025,2020,5,0,0
0x8e26eb,99.6271%,5,1336,1341,0,0,5,1336
0xa46299,87.8049%,5,36,41,36,5,0,0
0x494f60,50%,5,5,10,3,1,4,2
0xa3424c,97.0588%,5,165,170,65,3,2,100
0x4b61b1,76.1905%,5,16,21,0,0,5,16
0x48e90a,82.1429%,5,23,28,18,4,1,5
0x5058e3,93.9024%,5,77,82,77,5,0,0
0x9a5edf,64.2857%,5,9,14,9,5,0,0
0xa44717,90.3846%,5,47,52,47,5,0,0
0xa159dd,99.4125%,5,846,851,0,0,5,846
0x59da57,90%,5,45,50,45,5,0,0
0xa5555a,97.093%,5,167,172,167,5,0,0
0x8107b1,99.3261%,5,737,742,0,0,5,737
0x48de3c,96.6887%,5,146,151,0,0,5,146
0x8a66f3,61.5385%,5,8,13,6,3,2,2
0x8bb40a,92.0635%,5,58,63,45,3,2,13
0x53405e,16.6667%,5,1,6,1,3,2,0
0xb0c663,99.9034%,5,5173,5178,0,0,5,5173
0x811b87,99.5629%,5,1139,1144,0,0,5,1139
0xb2ad2b,99.5183%,5,1033,1038,0,0,5,1033
0xb2c904,98.5549%,5,341,346,0,0,5,341
0x821408,99.5396%,5,1081,1086,0,0,5,1081
0xa1af4b,88.6364%,5,39,44,38,2,3,1
0x49487e,96.3504%,5,132,137,0,0,5,132
0x53b371,98.008%,5,246,251,246,3,2,0
0xa06308,16.6667%,5,1,6,0,3,2,1
0x4bea51,95.2381%,5,100,105,33,2,3,67
0x7cc2eb,99.5516%,5,1110,1115,0,0,5,1110
0x409c43,93.5897%,5,73,78,73,5,0,0
0x8c7e0f,99.3726%,5,792,797,13,3,2,779
0x60b69d,97.9839%,5,243,248,0,0,5,243
0x5f86de,93.5065%,5,72,77,2,3,2,70
0x5f86ed,93.3333%,5,70,75,69,2,3,1
0x9a81f2,64.2857%,5,9,14,9,5,0,0
0x483c7d,73.6842%,5,14,19,13,4,1,1
0x80e6d6,98.996%,5,493,498,414,1,4,79
0x50ce31,95.8333%,5,115,120,66,2,3,49
0x491519,96.8553%,5,154,159,0,1,4,154
0x49a0e5,84.375%,5,27,32,12,4,1,15
0x5f917c,89.1304%,5,41,46,35,2,3,6
0xa17fda,99.1667%,5,595,600,0,0,5,595
0x8bade3,98.8713%,5,438,443,0,0,5,438
0xa06ee3,86.8421%,5,33,38,27,2,3,6
0x55465b,99.4792%,5,955,960,955,5,0,0
0x546774,50%,5,5,10,4,4,1,1
0x511161,99.2857%,5,695,700,695,5,0,0
0x9e09a1,93.2432%,5,69,74,69,5,0,0
0x8ff404,96.063%,5,122,127,0,0,5,122
0x5d2919,96.5517%,5,140,145,140,5,0,0
0xa35b38,99.8465%,5,3252,3257,3223,2,3,29
0x81b44f,70.5882%,5,12,17,6,0,5,6
0xa2f9ed,93.5897%,5,73,78,0,0,5,73
0x81eb25,98.5075%,5,330,335,0,0,5,330
0xa905b7,92.4242%,5,61,66,61,5,0,0
0x9a46c8,98.2818%,5,286,291,0,0,5,286
0x4a7232,97.7679%,5,219,224,0,1,4,219
0x405bdb,84.375%,5,27,32,26,4,1,1
0x4bb713,97.6077%,5,204,209,0,0,5,204
0x489d35,99.8727%,5,3923,3928,3923,5,0,0
0x409dff,73.6842%,5,14,19,2,1,4,12
0x8a675d,44.4444%,5,4,9,1,3,2,3
0xa2d38c,98.731%,5,389,394,389,5,0,0
0x80dcf8,99.6013%,5,1249,1254,625,2,3,624
0x4a7446,87.1795%,5,34,39,34,5,0,0
0x4fdc37,84.8485%,5,28,33,3,1,4,25
0x5f9587,79.1667%,5,19,24,15,1,4,4
0x9a22cb,97.5369%,5,198,203,134,0,5,64
0x7cde8c,99.3687%,5,787,792,787,5,0,0
0x5f88fb,37.5%,5,3,8,3,5,0,0
0x4a6f0c,99.0215%,5,506,511,0,0,5,506
0x80dbe7,97.7273%,5,215,220,215,5,0,0
0xa03ab0,91.9355%,5,57,62,56,2,3,1
0x9e3fd6,94.2529%,5,82,87,63,5,0,19
0x4a5af6,76.1905%,5,16,21,5,5,0,11
0x80c331,85.7143%,5,30,35,30,4,1,0
0xa3015a,0%,5,0,5,0,5,0,0
0x5a916d,98.5836%,5,348,353,0,0,5,348
0x58c037,93.4211%,5,71,76,0,0,5,71
0x8160c6,95.1923%,5,99,104,0,0,5,99
0x973b09,50%,5,5,10,0,1,4,5
0x804ebb,94.7917%,5,91,96,91,5,0,0
0x5910ed,91.9355%,5,57,62,57,5,0,0
0x5de124,99.5971%,5,1236,1241,1236,5,0,0
0x5357f0,76.1905%,5,16,21,2,3,2,14
0x9746a7,92.6471%,5,63,68,0,0,5,63
0x4bb707,97.6077%,5,204,209,0,0,5,204
0xa4f816,68.75%,5,11,16,11,3,2,0
0xa3463f,98.3333%,5,295,300,221,4,1,74
0x9002b6,50%,5,5,10,5,5,0,0
0x4a7c74,58.3333%,5,7,12,4,2,3,3
0x4a1bbe,99.8087%,5,2609,2614,0,0,5,2609
0x4a6d38,94.9495%,5,94,99,94,5,0,0
0x4c222c,96.6887%,5,146,151,146,5,0,0
0x60b373,98.4424%,5,316,321,316,5,0,0
0xa5ee34,98.6413%,5,363,368,363,5,0,0
0x8226db,98.9583%,5,475,480,0,0,5,475
0xa316bf,86.8421%,5,33,38,33,3,2,0
0x504e0f,94.8454%,5,92,97,92,5,0,0
0x974653,87.5%,5,35,40,0,2,3,35
0x8bdc5a,90.566%,5,48,53,35,3,2,13
0x5b20da,72.2222%,5,13,18,13,5,0,0
0x402b37,99.4612%,5,923,928,923,5,0,0
0x943894,88.8889%,5,40,45,0,0,5,40
0x666fe4,95.7983%,5,114,119,94,2,3,20
0x8e44ec,99.7017%,5,1671,1676,1665,3,2,6
0x5faf14,58.3333%,5,7,12,4,2,3,3
0x5575ed,90.9091%,5,50,55,26,2,3,24
0x81a440,98.7835%,5,406,411,0,0,5,406
0x970eed,99.6635%,5,1481,1486,1481,5,0,0
0xa544e4,95.5357%,5,107,112,100,2,3,7
0x811a47,99.4069%,5,838,843,838,5,0,0
0x4943fe,90.1961%,5,46,51,46,5,0,0
0x6083e8,96.0317%,5,121,126,121,5,0,0
0x403f13,99.6019%,5,1251,1256,156,2,3,1095
0x60ec58,86.8421%,5,33,38,0,0,5,33
0x9ee268,91.9355%,5,57,62,41,3,2,16
0x50410b,91.9355%,5,57,62,57,5,0,0
0x5ee1e3,97.1751%,5,172,177,172,5,0,0
0x99adb1,97.5962%,5,203,208,28,2,3,175
0xa34be1,93.3333%,5,70,75,1,1,4,69
0x808b77,99.4104%,5,843,848,841,2,3,2
0x8dd983,88.6364%,5,39,44,9,5,0,30
0x5386d8,99.4824%,5,961,966,0,0,5,961
0x8db726,96.988%,5,161,166,161,5,0,0
0x5d8816,83.3333%,5,25,30,25,5,0,0
0x99f2f6,96.124%,5,124,129,0,2,3,124
0x9592d5,96.0938%,5,123,128,123,5,0,0
0x4a8cb5,89.7959%,5,44,49,5,2,3,39
0x49145b,96.8354%,5,153,158,0,0,5,153
0xaa2933,95.9677%,5,119,124,119,5,0,0
0xa31c4d,83.871%,5,26,31,0,0,5,26
0x65c320,92.3077%,5,60,65,1,1,4,59
0x8fed0d,98.1413%,5,264,269,1,3,2,263
0x40bca4,95.1456%,5,98,103,1,3,2,97
0x65c32e,92.0635%,5,58,63,58,5,0,0
0x60ddb2,99.0494%,5,521,526,441,4,1,80
0x8f1925,89.5833%,5,43,48,43,5,0,0
0x9e0bb3,97.8166%,5,224,229,224,5,0,0
0x64377b,87.1795%,5,34,39,0,0,5,34
0x543e46,77.2727%,5,17,22,3,3,2,14
0x503a7b,91.8033%,5,56,61,56,4,1,0
0x60a700,99.7088%,5,1712,1717,0,0,5,1712
0x4aab50,87.8049%,5,36,41,7,4,1,29
0x9ed754,86.1111%,5,31,36,27,4,1,4
0x8e7eb6,68.75%,5,11,16,11,5,0,0
0x9a6160,82.7586%,5,24,29,1,1,4,23
0x9e3f73,98.3498%,5,298,303,0,0,5,298
0x4a974b,96.4789%,5,137,142,137,5,0,0
0x58baa3,95.4545%,5,105,110,105,5,0,0
0xa31cbd,83.871%,5,26,31,0,0,5,26
0x50b303,87.5%,5,35,40,35,3,2,0
0x40441b,99.6494%,5,1421,1426,0,2,3,1421
0x50b2d7,88.6364%,5,39,44,36,4,1,3
0x8ad751,94.6237%,5,88,93,88,3,2,0
0x50b132,88.6364%,5,39,44,39,1,4,0
0x952b85,98.9035%,5,451,456,451,5,0,0
0x80740d,99.966%,5,14687,14692,14687,5,0,0
0x5041aa,91.9355%,5,57,62,0,0,5,57
0x50b102,88.6364%,5,39,44,0,4,1,39
0xa01c50,28.5714%,5,2,7,0,4,1,2
0x51196a,99.877%,5,4060,4065,4060,5,0,0
0xa3fe46,82.1429%,5,23,28,23,5,0,0
0x9f959d,95.4128%,5,104,109,104,5,0,0
0x9f9aca,95.4128%,5,104,109,0,0,5,104
0x60b0ba,90%,5,45,50,45,5,0,0
0x610297,84.8485%,5,28,33,0,0,5,28
0x50505f,92.8571%,5,65,70,65,5,0,0
0x501ee1,97.449%,5,191,196,0,5,0,191
0x8dc331,99.6934%,5,1626,1631,1626,1,4,0
0x5d9056,96.5986%,5,142,147,142,5,0,0
0x94d601,99.1135%,5,559,564,559,5,0,0
0xaa0700,95%,5,95,100,1,2,3,94
0x508d5d,90.9091%,5,50,55,2,4,1,48
0x659fe2,99.7435%,5,1944,1949,1944,5,0,0
0xa92d55,96.6216%,5,143,148,0,0,5,143
0x4046a8,96.8354%,5,153,158,92,3,2,61
0x5556d7,98.008%,5,246,251,0,3,2,246
0xa3e2e2,68.75%,5,11,16,4,4,1,7
0x8191c5,98.9919%,5,491,496,184,1,4,307
0x48f759,92.3077%,5,60,65,0,0,5,60
0xa43f80,92.1875%,5,59,64,0,0,5,59
0x8ed543,72.2222%,5,13,18,4,2,3,9
0x502029,84.375%,5,27,32,6,2,3,21
0x9e084f,99.4797%,5,956,961,71,3,2,885
0x80e4f6,99.4069%,5,838,843,0,0,5,838
0x590868,98.1949%,5,272,277,0,0,5,272
0x502f8a,97.0588%,5,165,170,165,5,0,0
0x809d86,99.1087%,5,556,561,0,0,5,556
0x5555cc,95.1456%,5,98,103,0,0,5,98
0x4c67d1,82.1429%,5,23,28,12,4,1,11
0x5100b7,99.6653%,5,1489,1494,0,0,5,1489
0x60b5e4,97.9592%,5,240,245,0,0,5,240
0x502024,84.375%,5,27,32,0,0,5,27
0x507763,72.2222%,5,13,18,13,5,0,0
0x507794,72.2222%,5,13,18,12,4,1,1
0x550171,96.3235%,5,131,136,131,5,0,0
0x48f8e4,77.2727%,5,17,22,1,5,0,16
0x508de3,85.2941%,5,29,34,24,1,4,5
0x8c82a9,99.4444%,5,895,900,337,5,0,558
0x595dd8,99.3532%,5,768,773,2,2,3,766
0xa4bbf7,98.8453%,5,428,433,0,0,5,428
0x64888e,91.0714%,5,51,56,51,5,0,0
0x4a748a,93.0556%,5,67,72,67,5,0,0
0x48313a,82.7586%,5,24,29,24,5,0,0
0xa549e3,86.4865%,5,32,37,32,5,0,0
0xaadef7,99.9441%,5,8939,8944,0,0,5,8939
0x490621,93.6709%,5,74,79,0,0,5,74
0x9a0bd7,82.1429%,5,23,28,23,5,0,0
0x48e6ed,99.9268%,5,6828,6833,6828,5,0,0
0x949f6a,97.7578%,5,218,223,0,0,5,218
0x505800,94.6237%,5,88,93,0,0,5,88
0x5e4393,95.8678%,5,116,121,116,5,0,0
0x94a073,97.7578%,5,218,223,218,5,0,0
0xa15e63,68.75%,5,11,16,5,3,2,6
0x9ee37f,95.4545%,5,105,110,105,5,0,0
0x5f0c4b,98.5207%,5,333,338,2,3,2,331
0x94b074,97.5845%,5,202,207,202,5,0,0
0x58e813,28.5714%,5,2,7,0,0,5,2
0x4bbcbe,99.7118%,5,1730,1735,1730,5,0,0
0x8151b4,91.5254%,5,54,59,0,4,1,54
0x49ebfd,98.9648%,5,478,483,0,0,5,478
0x8171c5,99.4069%,5,838,843,278,4,1,560
0x501f94,90.9091%,5,50,55,0,0,5,50
0x502a63,96.0317%,5,121,126,121,5,0,0
0x508fb0,86.8421%,5,33,38,0,0,5,33
0x81e5b4,58.3333%,5,7,12,2,2,3,5
0x5fbd56,87.8049%,5,36,41,36,5,0,0
0xb245e2,99.958%,5,11894,11899,11894,5,0,0
0xa4792f,64.2857%,5,9,14,9,4,1,0
0x541dfd,97.7169%,5,214,219,214,5,0,0
0x9ed232,98.0695%,5,254,259,0,0,5,254
0xaa5483,82.1429%,5,23,28,13,2,3,10
0x50892a,94.6809%,5,89,94,51,2,3,38
0x8bcae0,97.5124%,5,196,201,196,5,0,0
0xa90d13,92.0635%,5,58,63,58,5,0,0
0x50cd4a,95.7265%,5,112,117,0,0,5,112
0xa50c9e,97.7778%,5,220,225,0,0,5,220
0x555e7e,98.7864%,5,407,412,407,5,0,0
0x5bd8e5,99.6626%,5,1477,1482,51,3,2,1426
0x9d2774,91.9355%,5,57,62,57,4,1,0
0x534829,92.4242%,5,61,66,0,0,5,61
0xa2d7ea,97.5728%,5,201,206,201,1,4,0
0x409acd,96.732%,5,148,153,0,2,3,148
0x4c3cb4,97.0238%,5,163,168,47,2,3,116
0x4aaa77,90.3846%,5,47,52,0,0,5,47
0x7d2d99,98.5836%,5,348,353,333,0,5,15
0x9f3dba,70.5882%,5,12,17,6,1,4,6
0xa42170,99.5084%,5,1012,1017,641,0,5,371
0x972696,98.1685%,5,268,273,0,0,5,268
0x502b72,0%,5,0,5,0,0,5,0
0x7d27d2,94.898%,5,93,98,92,2,3,1
0x555567,98.3389%,5,296,301,0,4,1,296
0x9732f2,86.8421%,5,33,38,33,5,0,0
0x5ff85e,89.1304%,5,41,46,41,5,0,0
0x4c4034,97.549%,5,199,204,0,0,5,199
0x81fdda,89.5833%,5,43,48,43,3,2,0
0x50c087,99.7636%,5,2110,2115,0,0,5,2110
0x8fd786,66.6667%,5,10,15,0,0,5,10
0x4a74e6,80%,5,20,25,20,3,2,0
0x5b2f33,97.5%,5,195,200,195,5,0,0
0x5fb1ec,93.5065%,5,72,77,0,0,5,72
0x68376d,89.3617%,5,42,47,42,5,0,0
0x973897,96.1832%,5,126,131,126,5,0,0
0x8e0eec,98.4424%,5,316,321,316,5,0,0
0x8e2176,99.5851%,5,1200,1205,220,3,2,980
0x511746,99.5305%,5,1060,1065,1060,5,0,0
0x5555d5,95.1456%,5,98,103,98,5,0,0
0x5078e8,99.1763%,5,602,607,602,5,0,0
0x97341b,87.5%,5,35,40,0,0,5,35
0x90d99b,99.9902%,5,50928,50933,50928,5,0,0
0xa28216,97.6077%,5,204,209,201,5,0,3
0x8be4a4,72.2222%,5,13,18,0,0,5,13
0x81390a,88.6364%,5,39,44,9,4,1,30
0x9f5fe0,91.6667%,5,55,60,55,5,0,0
0x9fe6f7,87.5%,5,35,40,35,5,0,0
0x4a6f5f,99.0215%,5,506,511,506,5,0,0
0xaa7f03,99.0548%,5,524,529,514,3,2,10
0xa478e6,77.2727%,5,17,22,7,1,4,10
0xaa136c,97.4359%,5,190,195,0,0,5,190
0x5c4c6c,99.7194%,5,1777,1782,0,0,5,1777
0x5a9629,80%,5,20,25,16,1,4,4
0x81341c,99.7045%,5,1687,1692,1687,5,0,0
0x8f40c2,98.4615%,5,320,325,320,5,0,0
0x53f5da,99.7431%,5,1941,1946,0,0,5,1941
0x40221d,99.7199%,5,1780,1785,0,0,5,1780
0x8173a1,80%,5,20,25,7,2,3,13
0x50864b,99.3243%,5,735,740,0,0,5,735
0x502569,99.3695%,5,788,793,788,5,0,0
0x5cb100,99.4033%,5,833,838,0,3,2,833
0x8f1ac3,96.5278%,5,139,144,0,1,4,139
0x5f88ef,58.3333%,5,7,12,2,2,3,5
0x4aade9,87.5%,5,35,40,0,1,4,35
0x6680f1,99.7811%,5,2279,2284,2279,5,0,0
0x94ce40,89.3617%,5,42,47,42,5,0,0
0x406c95,91.3793%,5,53,58,0,0,5,53
0x53c69c,99.3252%,5,736,741,736,5,0,0
0xaa5dbe,97.5728%,5,201,206,201,5,0,0
0x99acb5,98.0392%,5,250,255,250,5,0,0
0x5bb283,97.5%,5,195,200,195,3,2,0
0xa32e9a,99.2537%,5,665,670,3,4,1,662
0x510e30,99.8072%,5,2588,2593,0,0,5,2588
0x9c405d,98.927%,5,461,466,0,0,5,461
0x9f6ab1,86.1111%,5,31,36,31,5,0,0
0x8ef44a,98.7775%,5,404,409,0,0,5,404
0x972786,98.1061%,5,259,264,0,0,5,259
0x504563,99.3243%,5,735,740,0,0,5,735
0xa56891,96.124%,5,124,129,122,1,4,2
0xa277b1,37.5%,5,3,8,0,3,2,3
0x96b19a,99.4487%,5,902,907,0,0,5,902
0x80a8d6,99.4118%,5,845,850,0,2,3,845
0x8edb2d,98.8914%,5,446,451,446,3,2,0
0x8a8f1f,98.1884%,5,271,276,133,3,2,138
0x402549,99.0272%,5,509,514,0,0,5,509
0x50e4ce,64.2857%,5,9,14,2,2,3,7
0x977f0b,99.6713%,5,1516,1521,0,0,5,1516
0x51b774,99.8796%,5,4149,4154,0,0,5,4149
0x977af9,99.4331%,5,877,882,873,2,3,4
0x8a5f93,97.7064%,5,213,218,213,3,2,0
0x4b4c1e,98.6523%,5,366,371,0,2,3,366
0x81b251,98.4227%,5,312,317,0,2,3,312
0xaa06fb,95.3704%,5,103,108,31,3,2,72
0x809490,99.4104%,5,843,848,513,5,0,330
0xa0294a,98.1685%,5,268,273,0,0,5,268
0xa2602e,99.4266%,5,867,872,679,5,0,188
0x94a0b4,97.7578%,5,218,223,13,3,2,205
0x608d6a,97.5%,5,195,200,0,0,5,195
0x99c97f,99.3369%,5,749,754,749,5,0,0
0x8088ba,97.8355%,5,226,231,226,5,0,0
0xa35377,99.4577%,5,917,922,0,0,5,917
0x8a911c,81.4815%,5,22,27,10,5,0,12
0x508871,54.5455%,5,6,11,6,5,0,0
0x4a7279,98.7147%,5,384,389,384,5,0,0
0x977c69,96.5035%,5,138,143,19,4,1,119
0x8c804a,99.4715%,5,941,946,900,2,3,41
0x7c7b3c,95.5752%,5,108,113,8,0,5,100
0x9e2c45,86.1111%,5,31,36,11,2,3,20
0x90ec8b,97.5%,5,195,200,0,0,5,195
0x51b358,98.9899%,5,490,495,66,5,0,424
0x53c7cb,99.4026%,5,832,837,0,0,5,832
0xa97aee,37.5%,5,3,8,2,4,1,1
0x40f4d7,99.8872%,5,4427,4432,0,0,5,4427
0x6703d6,96.2406%,5,128,133,0,0,5,128
0x7c70a1,68.75%,5,11,16,2,1,4,9
0x54ed48,99.677%,5,1543,1548,1543,5,0,0
0x4ca493,89.1304%,5,41,46,31,4,1,10
0xa52ce2,98.6226%,5,358,363,0,0,5,358
0x9d3402,90.9091%,5,50,55,0,0,5,50
0x41081b,76.1905%,5,16,21,0,0,5,16
0x80eb9f,98.6413%,5,363,368,0,0,5,363
0x8f3e11,98.7047%,5,381,386,0,0,5,381
0x97851c,98.9691%,5,480,485,480,5,0,0
0xa46d43,94.7917%,5,91,96,91,5,0,0
0xa4202e,98.452%,5,318,323,0,0,5,318
0x5454b5,90.1961%,5,46,51,0,2,3,46
0x5bb898,99.4829%,5,962,967,0,3,2,962
0x7816ed,97.4227%,5,189,194,6,3,2,183
0xb1b9cb,99.5025%,5,1000,1005,1000,5,0,0
0x81a464,98.7835%,5,406,411,0,1,4,406
0x63d8d9,96.4539%,5,136,141,136,5,0,0
0x8e91f2,99.4792%,5,955,960,955,5,0,0
0x50cdb5,98.4424%,5,316,321,316,5,0,0
0x50cd31,98.5714%,5,345,350,232,1,4,113
0x9e0e6e,93.6709%,5,74,79,10,3,2,64
0xb3237e,99.484%,5,964,969,0,0,5,964
0x507f35,0%,5,0,5,0,0,5,0
0x8f2c75,95.098%,5,97,102,33,1,4,64
0x8bcef0,96.6216%,5,143,148,0,0,5,143
0x8eee3d,98.8914%,5,446,451,0,0,5,446
0x499e02,84.375%,5,27,32,12,4,1,15
0x51058d,99.7363%,5,1891,1896,0,0,5,1891
0x60dd40,99.2837%,5,693,698,0,0,5,693
0xa2ed3f,94.186%,5,81,86,16,2,3,65
0x8dfeec,92.6471%,5,63,68,56,2,3,7
0x5f2625,76.1905%,5,16,21,11,4,1,5
0x9e04aa,91.3793%,5,53,58,0,0,5,53
0x4834d2,82.7586%,5,24,29,24,5,0,0
0x9698c3,93.0556%,5,67,72,67,3,2,0
0xa5a08a,28.5714%,5,2,7,0,4,1,2
0x486fff,94.7368%,5,90,95,90,3,2,0
0xa395f5,99.1708%,5,598,603,598,5,0,0
0x5fb8a2,90.9091%,5,50,55,0,0,5,50
0x5c6c6f,98.954%,5,473,478,0,0,5,473
0x48a885,87.5%,5,35,40,35,5,0,0
0xa3a4f1,99.1639%,5,593,598,593,5,0,0
0x80a8ed,99.4069%,5,838,843,0,2,3,838
0x809278,97.7578%,5,218,223,218,3,2,0
0x943228,93.3333%,5,70,75,0,0,5,70
0x4a1bd9,99.6755%,5,1536,1541,0,0,5,1536
0xa41a7f,99.8268%,5,2882,2887,2857,2,3,25
0x9a0c5f,82.1429%,5,23,28,19,2,3,4
0x4a7cf4,91.3793%,5,53,58,52,5,0,1
0x9e5945,83.3333%,5,25,30,22,5,0,3
0x80e7b0,96.6667%,5,145,150,0,0,5,145
0x9f0da5,98.8038%,5,413,418,0,0,5,413
0x4c63eb,79.1667%,5,19,24,14,2,3,5
0x9e28b6,98.6945%,5,378,383,378,5,0,0
0xa95e1f,85.2941%,5,29,34,19,3,2,10
0x9e85a7,97.7169%,5,214,219,50,2,3,164
0x909108,99.7307%,5,1852,1857,0,0,5,1852
0x49ad3c,16.6667%,5,1,6,1,2,3,0
0x8aabc9,96.7532%,5,149,154,0,0,5,149
0x9a7275,75%,5,15,20,0,5,0,15
0x550ef5,80.7692%,5,21,26,21,5,0,0
0xa48aae,97.191%,5,173,178,9,2,3,164
0x6402dd,99.8226%,5,2813,2818,0,0,5,2813
0x814644,98.8345%,5,424,429,424,5,0,0
0x81f0f7,99.7407%,5,1923,1928,1923,5,0,0
0x90e13b,83.3333%,5,25,30,25,5,0,0
0x8ae971,95.1456%,5,98,103,98,0,5,0
0xa328c4,88.6364%,5,39,44,39,4,1,0
0x60b2fd,91.9355%,5,57,62,57,5,0,0
0x9093e1,99.8653%,5,3707,3712,3707,5,0,0
0x9f27aa,99.6464%,5,1409,1414,1409,5,0,0
0xa34c6d,93.3333%,5,70,75,70,5,0,0
0x5fb8af,90.9091%,5,50,55,50,5,0,0
0x80a68e,97.619%,5,205,210,205,3,2,0
0xa34393,89.7959%,5,44,49,0,0,5,44
0x9fb306,87.8049%,5,36,41,2,4,1,34
0x817db1,86.1111%,5,31,36,26,4,1,5
0xa39ba3,99.1776%,5,603,608,0,0,5,603
0x9d0939,95.098%,5,97,102,49,2,3,48
0x9f063c,50%,5,5,10,0,0,5,5
0xa31c66,80%,5,20,25,0,0,5,20
0x402349,99.1482%,5,582,587,582,5,0,0
0x5fb8cb,90.9091%,5,50,55,0,0,5,50
0x49c82b,72.2222%,5,13,18,12,5,0,1
0x4b9c21,81.4815%,5,22,27,22,5,0,0
0x8dedcd,99.8512%,5,3355,3360,0,0,5,3355
0x4c3bc2,97.0238%,5,163,168,163,5,0,0
0x90cf63,99.1653%,5,594,599,0,0,5,594
0xb148d3,99.8665%,5,3740,3745,3740,5,0,0
0x4b530c,93.1507%,5,68,73,0,2,3,68
0x488f23,96.7949%,5,151,156,151,1,4,0
0x49e1e0,99.5773%,5,1178,1183,0,0,5,1178
0x49c7bf,98.2456%,5,280,285,5,3,2,275
0x62780b,89.1304%,5,41,46,0,0,5,41
0x8e216c,99.5864%,5,1204,1209,1,3,2,1203
0x5e5eca,99.5015%,5,998,1003,0,0,5,998
0x8bbbaf,85.7143%,5,30,35,30,5,0,0
0xa34a5c,97.1751%,5,172,177,134,2,3,38
0x8da542,99.5622%,5,1137,1142,1137,5,0,0
0x403a0b,84.8485%,5,28,33,4,4,1,24
0xa8fa85,94.1176%,5,80,85,0,0,5,80
0xa586fc,37.5%,5,3,8,1,3,2,2
0x4bbc5a,98.2394%,5,279,284,162,1,4,117
0x8a8c70,99.1453%,5,580,585,43,2,3,537
0x535813,91.3793%,5,53,58,0,1,4,53
0x9d0d58,77.2727%,5,17,22,17,5,0,0
0x5af294,99.2816%,5,691,696,691,5,0,0
0x4044c1,99.6212%,5,1315,1320,1315,5,0,0
0x555f87,97.9839%,5,243,248,243,5,0,0
0x63f2b5,97.5%,5,195,200,195,3,2,0
0x48266d,73.6842%,5,14,19,14,5,0,0
0xa4647e,97.4093%,5,188,193,0,0,5,188
0x482801,73.6842%,5,14,19,0,0,5,14
0x8e233d,99.9181%,5,6097,6102,0,0,5,6097
0x5eb917,99.4145%,5,849,854,0,0,5,849
0x49c8e0,90.1961%,5,46,51,0,2,3,46
0x9737c4,87.5%,5,35,40,1,1,4,34
0x82132f,99.8605%,5,3579,3584,0,0,5,3579
0x9497bb,93.6709%,5,74,79,0,0,5,74
0x483d12,73.6842%,5,14,19,14,5,0,0
0x7cc20a,58.3333%,5,7,12,7,5,0,0
0x5473d0,91.8033%,5,56,61,56,5,0,0
0x4ba7c1,98.2993%,5,289,294,289,5,0,0
0x8dd4ec,99.3573%,5,773,778,352,2,3,421
0x63f320,97.5%,5,195,200,195,3,2,0
0x55604a,97.9339%,5,237,242,0,1,4,237
0x80b7ef,85.7143%,5,30,35,30,4,1,0
0x942967,97.8166%,5,224,229,224,5,0,0
0x805161,99.0347%,5,513,518,513,3,2,0
0x483c99,73.6842%,5,14,19,14,5,0,0
0x805572,94.382%,5,84,89,83,3,2,1
0xa466a2,94.7917%,5,91,96,2,3,2,89
0x499790,80.7692%,5,21,26,21,5,0,0
0x64b4b9,91.9355%,5,57,62,57,5,0,0
0x833ee1,98.6339%,5,361,366,6,2,3,355
0xa60cf2,97.8903%,5,232,237,0,0,5,232
0x48fa88,16.6667%,5,1,6,1,2,3,0
0x5391d4,77.2727%,5,17,22,8,3,2,9
0x5c6add,97.4747%,5,193,198,193,4,1,0
0xaaae4c,97.3118%,5,181,186,139,1,4,42
0x488737,98.7374%,5,391,396,391,5,0,0
0x8bb95a,86.4865%,5,32,37,23,3,2,9
0x7c639f,96.6667%,5,145,150,145,5,0,0
0x49f677,90%,5,45,50,0,2,3,45
0xa94a36,97.7679%,5,219,224,0,0,5,219
0x48eed9,37.5%,5,3,8,3,5,0,0
0xa469bb,97.8261%,5,225,230,2,2,3,223
0x809361,99.0347%,5,513,518,513,3,2,0
0x8a6699,94.898%,5,93,98,0,0,5,93
0x58d8ca,97.6077%,5,204,209,0,0,5,204
0xa94911,90.3846%,5,47,52,2,2,3,45
0x818c2a,99.3954%,5,822,827,0,0,5,822
0x8e26f5,99.6271%,5,1336,1341,1336,5,0,0
0xa336ad,99.5895%,5,1213,1218,1213,5,0,0
0xa9104c,97.5248%,5,197,202,0,0,5,197
0x5c6aad,99.8765%,5,4044,4049,0,0,5,4044
0xb28b1a,99.8226%,5,2813,2818,0,0,5,2813
0x541f7c,99.4104%,5,843,848,843,5,0,0
0x6f455f,82.1429%,5,23,28,6,4,1,17
0x9fe05d,80%,5,20,25,6,1,4,14
0x5021ff,97.807%,5,223,228,0,0,5,223
0x4b90c2,68.75%,5,11,16,5,2,3,6
0x90d17b,99.1653%,5,594,599,594,5,0,0
0xa02aab,81.4815%,5,22,27,9,3,2,13
0xa1d6da,85.2941%,5,29,34,28,4,1,1
0x83a9b3,66.6667%,5,10,15,8,4,1,2
0x60dd33,99.2837%,5,693,698,0,0,5,693
0x8224d6,98.9733%,5,482,487,479,3,2,3
0x65acab,64.2857%,5,9,14,9,4,1,0
0x9519c8,96.7105%,5,147,152,14,2,3,133
0x64beec,99.4929%,5,981,986,166,5,0,815
0xa9d2b0,68.75%,5,11,16,4,0,5,7
0x534621,99.8844%,5,4319,4324,4319,5,0,0
0xa02ab7,66.6667%,5,10,15,10,5,0,0
0x8fee76,98.7624%,5,399,404,0,0,5,399
0x5bdbab,99.8491%,5,3309,3314,3309,5,0,0
0x80457b,61.5385%,5,8,13,5,0,5,3
0x63ee06,99.7307%,5,1852,1857,0,0,5,1852
0x6095bf,98.0159%,5,247,252,247,5,0,0
0x98cb14,97.7876%,5,221,226,2,5,0,219
0x63ede9,99.7307%,5,1852,1857,0,0,5,1852
0x4834e6,82.7586%,5,24,29,0,2,3,24
0x44652c,99.7463%,5,1966,1971,191,0,5,1775
0x545ba2,97.5124%,5,196,201,0,0,5,196
0x8a69c2,58.3333%,5,7,12,4,3,2,3
0x5fd733,96.3235%,5,131,136,40,4,1,91
0x8ff6b3,92.9577%,5,66,71,66,5,0,0
0x8ed01d,84.375%,5,27,32,26,0,5,1
0x9a7ed4,90%,5,45,50,22,3,2,23
0xa46858,94.186%,5,81,86,81,5,0,0
0x4c806b,77.2727%,5,17,22,0,0,5,17
0x9a2397,78.2609%,5,18,23,6,0,5,12
0x555ae2,90.9091%,5,50,55,50,1,4,0
0x501b16,99.3703%,5,789,794,0,0,5,789
0x60bb86,72.2222%,5,13,18,10,3,2,3
0x88a190,77.2727%,5,17,22,14,2,3,3
0x7f0ab2,80.7692%,5,21,26,20,5,0,1
0x6808c5,99.4524%,5,908,913,0,0,5,908
0xa2df9b,85.2941%,5,29,34,0,0,5,29
0x8f786e,96.8153%,5,152,157,0,0,5,152
0xa3bca1,72.2222%,5,13,18,0,2,3,13
0x911810,97.5124%,5,196,201,0,0,5,196
0xaa7dab,90.7407%,5,49,54,44,3,2,5
0x8f4e6b,99.8004%,5,2500,2505,2500,5,0,0
0x816e03,99.5951%,5,1230,1235,0,0,5,1230
0x50604b,99.3243%,5,735,740,735,5,0,0
0x9118f4,99.2481%,5,660,665,660,5,0,0
0x80c17a,85.2941%,5,29,34,12,5,0,17
0xa35c7f,99.8465%,5,3252,3257,3252,5,0,0
0x64f2ae,77.2727%,5,17,22,17,3,2,0
0x67af65,99.8186%,5,2752,2757,0,0,5,2752
0xa59c4a,37.5%,5,3,8,0,5,0,3
0x9e5d5c,93.8272%,5,76,81,76,4,1,0
0x5fa42d,93.3333%,5,70,75,0,0,5,70
0x7cf335,99.2571%,5,668,673,0,2,3,668
0x4bb8f0,95.5357%,5,107,112,51,5,0,56
0x9f3a1b,37.5%,5,3,8,1,3,2,2
0x5d1e4a,95.4545%,5,105,110,0,0,5,105
0x48ab07,99.8896%,5,4523,4528,4523,5,0,0
0xa9036d,96.1832%,5,126,131,126,5,0,0
0x903f5a,44.4444%,5,4,9,4,5,0,0
0x49f67b,89.5833%,5,43,48,21,3,2,22
0x5fb95c,80.7692%,5,21,26,8,4,1,13
0x8da62b,99.7653%,5,2125,2130,0,2,3,2125
0x8fe984,93.9024%,5,77,82,0,0,5,77
0xaadbbb,98.4615%,5,320,325,320,5,0,0
0xaab454,99.3316%,5,743,748,743,5,0,0
0x64a4ad,93.2432%,5,69,74,66,2,3,3
0x99df3b,82.1429%,5,23,28,23,5,0,0
0x5de5b5,99.5971%,5,1236,1241,1236,5,0,0
0x8137ff,91.8033%,5,56,61,56,3,2,0
0xa09546,58.3333%,5,7,12,5,3,2,2
0x5fba8f,92.8571%,5,65,70,21,4,1,44
0x5d106b,99.5984%,5,1240,1245,1240,5,0,0
0xa4e979,96.3768%,5,133,138,0,0,5,133
0x8e1e98,96.7949%,5,151,156,129,5,0,22
0x4821ad,73.6842%,5,14,19,14,5,0,0
0x504d50,58.3333%,5,7,12,0,2,3,7
0x49b1fa,99.4524%,5,908,913,0,0,5,908
0x599362,99.8796%,5,4149,4154,0,0,5,4149
0x609ea2,99.1843%,5,608,613,0,0,5,608
0x545e0d,99.5987%,5,1241,1246,1241,5,0,0
0x8deeee,99.4357%,5,881,886,6,2,3,875
0xa02616,97.1751%,5,172,177,0,0,5,172
0x8049ac,93.3333%,5,70,75,70,3,2,0
0x8b9570,99.4131%,5,847,852,847,5,0,0
0x9f6853,98.2935%,5,288,293,288,5,0,0
0x4b70c4,94.2529%,5,82,87,82,5,0,0
0x403b55,99.1597%,5,590,595,590,5,0,0
0x819262,94.5055%,5,86,91,86,5,0,0
0xa557e7,16.6667%,5,1,6,0,2,3,1
0xa947c3,82.7586%,5,24,29,24,5,0,0
0x9e6f7f,90.9091%,5,50,55,0,0,5,50
0x9a69ff,64.2857%,5,9,14,9,5,0,0
0xa4824f,91.6667%,5,55,60,45,3,2,10
0x679fd7,99.7213%,5,1789,1794,0,0,5,1789
0x491977,97.0238%,5,163,168,0,0,5,163
0x804647,98.7893%,5,408,413,408,3,2,0
0x64032b,98.8453%,5,428,433,428,5,0,0
0xa94706,82.7586%,5,24,29,0,2,3,24
0x64a4e3,95.283%,5,101,106,101,3,2,0
0x58f91e,95.614%,5,109,114,16,4,1,93
0x5906c4,99.6535%,5,1438,1443,1438,5,0,0
0x58f967,93.9024%,5,77,82,59,2,3,18
0x54f13c,88.3721%,5,38,43,0,0,5,38
0xa2852a,96.875%,5,155,160,0,0,5,155
0x975241,79.1667%,5,19,24,15,4,1,4
0x8ee79e,97.0588%,5,165,170,0,0,5,165
0x99f282,94.7917%,5,91,96,91,3,2,0
0x9f0119,50%,5,5,10,5,3,2,0
0x81a55a,99.2089%,5,627,632,627,5,0,0
0x99a858,95.098%,5,97,102,97,5,0,0
0xa35a06,84.375%,5,27,32,27,5,0,0
0x8040fa,91.6667%,5,55,60,0,0,5,55
0x4a1ce8,96.2121%,5,127,132,127,5,0,0
0x9ed38d,99.1554%,5,587,592,136,2,3,451
0x8ef6e5,96.2963%,5,130,135,130,5,0,0
0x555a8b,90.9091%,5,50,55,50,5,0,0
0x58bdf9,93.4211%,5,71,76,71,5,0,0
0x901b6d,98.0469%,5,251,256,3,3,2,248
0x64dfc5,90.9091%,5,50,55,2,2,3,48
0x8d46ae,80%,5,20,25,18,2,3,2
0x8fea2f,90%,5,45,50,0,0,5,45
0x5cf8af,99.7277%,5,1831,1836,0,0,5,1831
0x8a62f3,96.3235%,5,131,136,131,5,0,0
0x40def6,95.3704%,5,103,108,102,3,2,1
0x677bc5,93.5897%,5,73,78,45,3,2,28
0x405b9b,99.0632%,4,423,427,86,4,0,337
0x9fe29c,95.2941%,4,81,85,0,0,4,81
0x5fb39b,33.3333%,4,2,6,2,4,0,0
0x504435,77.7778%,4,14,18,14,4,0,0
0x99b0db,80.9524%,4,17,21,17,4,0,0
0x50cda3,98.7539%,4,317,321,0,0,4,317
0x49612f,66.6667%,4,8,12,5,4,0,3
0x814463,99.2509%,4,530,534,0,0,4,530
0x8f5402,99.5585%,4,902,906,893,1,3,9
0x58c6d2,71.4286%,4,10,14,0,0,4,10
0xa39bcf,95.1807%,4,79,83,79,4,0,0
0xa9e24b,90%,4,36,40,7,3,1,29
0xa8f9ef,95.2941%,4,81,85,81,4,0,0
0x94c8d2,93.75%,4,60,64,20,4,0,40
0x40dc27,98.1818%,4,216,220,216,4,0,0
0xa1a0e7,85.1852%,4,23,27,13,1,3,10
0x816f5e,99.5255%,4,839,843,839,2,2,0
0x78f82c,86.2069%,4,25,29,25,4,0,0
0x54da15,89.7436%,4,35,39,35,4,0,0
0x50acca,55.5556%,4,5,9,0,0,4,5
0x90f156,98%,4,196,200,0,0,4,196
0x609f88,99.8649%,4,2956,2960,0,0,4,2956
0x843896,66.6667%,4,8,12,4,4,0,4
0x4802a5,89.4737%,4,34,38,34,4,0,0
0xa9182f,76.4706%,4,13,17,1,2,2,12
0x480f2d,78.9474%,4,15,19,15,4,0,0
0x9a6193,89.7436%,4,35,39,24,3,1,11
0x639c67,99.3333%,4,596,600,0,0,4,596
0xa2f245,96.4286%,4,108,112,74,0,4,34
0x5f3c1f,42.8571%,4,3,7,1,2,2,2
0x555e08,99%,4,396,400,0,0,4,396
0x9d314a,93.1034%,4,54,58,54,1,3,0
0x942bf6,94.6667%,4,71,75,0,0,4,71
0xa5b1bc,73.3333%,4,11,15,0,3,1,11
0xa2e986,0%,4,0,4,0,4,0,0
0x8adcc3,81.8182%,4,18,22,0,1,3,18
0x9e774d,92.4528%,4,49,53,43,3,1,6
0x59bfb7,92.4528%,4,49,53,49,4,0,0
0x480614,89.4737%,4,34,38,26,3,1,8
0xa510c0,0%,4,0,4,0,0,4,0
0x81ca16,97.6744%,4,168,172,0,2,2,168
0x8deda6,99.8939%,4,3765,3769,0,0,4,3765
0xa941ab,98.0676%,4,203,207,203,4,0,0
0x9045bd,99.1968%,4,494,498,0,0,4,494
0xa9096d,97.3154%,4,145,149,0,0,4,145
0xa59650,91.1111%,4,41,45,14,2,2,27
0x8c7f24,99.5758%,4,939,943,938,3,1,1
0x49e9d6,99.8631%,4,2918,2922,2918,4,0,0
0x970edf,99.7308%,4,1482,1486,0,0,4,1482
0x9a3243,92.8571%,4,52,56,11,4,0,41
0x79112e,91.1111%,4,41,45,4,2,2,37
0x5cba5a,96.9466%,4,127,131,127,4,0,0
0x507ec5,99.4595%,4,736,740,0,0,4,736
0xa073c0,55.5556%,4,5,9,3,2,2,2
0x817c5d,97.9798%,4,194,198,194,4,0,0
0xa50467,98.4436%,4,253,257,0,4,0,253
0x976eaa,75%,4,12,16,12,2,2,0
0x50b5f5,0%,4,0,4,0,0,4,0
0x58c246,98.7421%,4,314,318,93,3,1,221
0x5fb69c,94.6667%,4,71,75,0,0,4,71
0x50d2cc,99.7545%,4,1625,1629,0,0,4,1625
0x508bc1,99.2495%,4,529,533,529,4,0,0
0xa54bfc,66.6667%,4,8,12,5,1,3,3
0xa51104,0%,4,0,4,0,0,4,0
0x99b8ee,84.6154%,4,22,26,22,4,0,0
0x8063c7,92.4528%,4,49,53,0,1,3,49
0x556f54,92.7273%,4,51,55,0,0,4,51
0x6674a0,92.1569%,4,47,51,47,4,0,0
0x8ded3a,99.0909%,4,436,440,0,0,4,436
0x7c7480,33.3333%,4,2,6,2,4,0,0
0x661645,99.6838%,4,1261,1265,1261,4,0,0
0xa4a19b,96.1538%,4,100,104,38,3,1,62
0x9f52f9,97.4194%,4,151,155,0,0,4,151
0x492a1e,42.8571%,4,3,7,0,0,4,3
0x8fcf55,98.2609%,4,226,230,0,0,4,226
0x8dc283,98.7654%,4,320,324,320,4,0,0
0x4ab908,87.0968%,4,27,31,0,0,4,27
0xa2ebcf,98.8539%,4,345,349,345,4,0,0
0xa50871,0%,4,0,4,0,4,0,0
0xa344ea,97.6471%,4,166,170,166,4,0,0
0x9737e6,89.4737%,4,34,38,34,4,0,0
0xa180b3,99.4194%,4,685,689,16,0,4,669
0x505fee,86.6667%,4,26,30,26,4,0,0
0x8f488d,99.7108%,4,1379,1383,1379,4,0,0
0xa28549,97.5%,4,156,160,0,0,4,156
0x508f68,99.4595%,4,736,740,0,0,4,736
0x7cfa25,87.8788%,4,29,33,21,2,2,8
0x547485,93.4426%,4,57,61,0,0,4,57
0x64f1f7,81.8182%,4,18,22,2,3,1,16
0xace31e,95.2941%,4,81,85,81,4,0,0
0x5407e0,66.6667%,4,8,12,8,2,2,0
0x5f7a73,98.0676%,4,203,207,203,3,1,0
0xaae6e0,91.4894%,4,43,47,43,4,0,0
0x5f4379,42.8571%,4,3,7,3,2,2,0
0x593156,86.6667%,4,26,30,26,3,1,0
0xa4918c,86.6667%,4,26,30,26,4,0,0
0x7ce37b,99.0268%,4,407,411,407,4,0,0
0x8e534b,87.5%,4,28,32,15,1,3,13
0xa5d0db,97.5758%,4,161,165,161,4,0,0
0x8dcc03,99.4859%,4,774,778,774,4,0,0
0x50b252,0%,4,0,4,0,0,4,0
0x643986,88.2353%,4,30,34,0,0,4,30
0x58dc18,97.351%,4,147,151,0,0,4,147
0x8ffeeb,60%,4,6,10,3,1,3,3
0xa26d0b,60%,4,6,10,6,0,4,0
0x58dc00,97.351%,4,147,151,141,2,2,6
0x509d33,99.274%,4,547,551,133,3,1,414
0xa453af,98.8506%,4,344,348,344,4,0,0
0x4b8a6a,75%,4,12,16,12,4,0,0
0xa2d98e,98.0583%,4,202,206,202,0,4,0
0x58dbb8,42.8571%,4,3,7,3,3,1,0
0x5f8d8a,20%,4,1,5,1,3,1,0
0xa18a81,90.6977%,4,39,43,39,4,0,0
0x9dfdf1,97.7778%,4,176,180,176,4,0,0
0x94959c,98.2906%,4,230,234,0,0,4,230
0x9e001d,99.6276%,4,1070,1074,0,0,4,1070
0x501666,99.6028%,4,1003,1007,0,0,4,1003
0x503b13,98.7097%,4,306,310,306,4,0,0
0x4ac600,86.6667%,4,26,30,11,4,0,15
0xa437ff,98.9011%,4,360,364,0,0,4,360
0x50d3df,97.5155%,4,157,161,157,4,0,0
0xa900b7,98.6486%,4,292,296,0,0,4,292
0x8f2ffb,90%,4,36,40,36,4,0,0
0x5f53c6,85.1852%,4,23,27,8,4,0,15
0x58d9db,93.75%,4,60,64,60,4,0,0
0xa32c1c,99.5685%,4,923,927,923,4,0,0
0x5feab4,92.4528%,4,49,53,49,4,0,0
0x4c56e7,83.3333%,4,20,24,20,4,0,0
0x4bf4b8,94.1176%,4,64,68,45,3,1,19
0x8a5eb8,97.1223%,4,135,139,135,4,0,0
0xa54ad2,50%,4,4,8,4,4,0,0
0x99f123,66.6667%,4,8,12,0,1,3,8
0xb347c4,96.875%,4,124,128,0,0,4,124
0xa41b48,99.4716%,4,753,757,0,0,4,753
0xa571a6,90.2439%,4,37,41,0,0,4,37
0xa4a119,95.4023%,4,83,87,83,4,0,0
0xa39dbb,90.2439%,4,37,41,0,0,4,37
0x9e61a4,93.1034%,4,54,58,54,4,0,0
0x8ecb12,99.6766%,4,1233,1237,0,0,4,1233
0x8f6a17,99.455%,4,730,734,0,0,4,730
0x4addfa,80%,4,16,20,16,4,0,0
0x815d1f,90.2439%,4,37,41,37,4,0,0
0x50193a,99.4286%,4,696,700,0,0,4,696
0x480edc,78.9474%,4,15,19,15,4,0,0
0x548cf9,99.7451%,4,1565,1569,1565,4,0,0
0xa55c65,95.1807%,4,79,83,73,4,0,6
0x8ea94f,99.6735%,4,1221,1225,0,0,4,1221
0x688eb6,83.3333%,4,20,24,20,4,0,0
0x5b2055,78.9474%,4,15,19,15,4,0,0
0xaaa718,42.8571%,4,3,7,3,4,0,0
0x844440,0%,4,0,4,0,4,0,0
0x48a986,99.5511%,4,887,891,887,4,0,0
0x5cbdb1,96.9466%,4,127,131,127,4,0,0
0x480f1d,78.9474%,4,15,19,0,0,4,15
0x5023fa,98.2063%,4,219,223,219,4,0,0
0x949f94,98.2063%,4,219,223,0,0,4,219
0x511549,99.2322%,4,517,521,517,4,0,0
0x8f424f,99.8411%,4,2514,2518,2514,3,1,0
0x49139d,97.5155%,4,157,161,1,2,2,156
0x48321f,86.2069%,4,25,29,25,4,0,0
0x8da425,99.4074%,4,671,675,671,4,0,0
0xa55aac,0%,4,0,4,0,0,4,0
0x5ae66c,0%,4,0,4,0,2,2,0
0x65b9d1,99.9126%,4,4572,4576,4572,4,0,0
0xa5c615,77.7778%,4,14,18,6,2,2,8
0xa35545,80%,4,16,20,9,3,1,7
0x951be8,89.1892%,4,33,37,27,1,3,6
0x491498,97.5155%,4,157,161,157,4,0,0
0x50ff16,0%,4,0,4,0,2,2,0
0xa3218c,0%,4,0,4,0,4,0,0
0x9013ab,92%,4,46,50,0,0,4,46
0x50a635,71.4286%,4,10,14,0,0,4,10
0xa9b499,96.6667%,4,116,120,116,4,0,0
0x8ea20e,97.2222%,4,140,144,0,0,4,140
0x50bd03,80%,4,16,20,15,3,1,1
0x9be5f5,60%,4,6,10,0,3,1,6
0xa4e6a1,88.2353%,4,30,34,30,4,0,0
0x6434df,99.7876%,4,1879,1883,1879,4,0,0
0x50bce7,83.3333%,4,20,24,18,2,2,2
0x49194c,94.5946%,4,70,74,0,2,2,70
0x50bcb3,90%,4,36,40,0,0,4,36
0x48ba90,42.8571%,4,3,7,3,4,0,0
0x5ffbe1,91.3043%,4,42,46,0,0,4,42
0x4be3c6,92.5926%,4,50,54,0,2,2,50
0x9ff6cd,83.3333%,4,20,24,0,2,2,20
0x5ffdd7,95.5056%,4,85,89,85,2,2,0
0xa44b1f,50%,4,4,8,4,4,0,0
0x9abb0f,99.6357%,4,1094,1098,0,0,4,1094
0x4aaeeb,63.6364%,4,7,11,0,0,4,7
0x9736cf,55.5556%,4,5,9,2,3,1,3
0x611402,94.5205%,4,69,73,69,4,0,0
0xa9c84f,91.3043%,4,42,46,8,2,2,34
0x8dd390,99.4609%,4,738,742,738,4,0,0
0x908550,99.8152%,4,2161,2165,2103,2,2,58
0xa4ecd9,97.1014%,4,134,138,134,4,0,0
0x8dcbd3,99.826%,4,2295,2299,2295,4,0,0
0x6108aa,69.2308%,4,9,13,0,0,4,9
0x5ea9c5,98.1818%,4,216,220,209,3,1,7
0x80683f,66.6667%,4,8,12,8,3,1,0
0x504167,93.5484%,4,58,62,0,0,4,58
0xa4374a,99.0566%,4,420,424,290,0,4,130
0x8a6668,76.4706%,4,13,17,1,3,1,12
0x50e851,71.4286%,4,10,14,10,4,0,0
0x509701,87.5%,4,28,32,0,0,4,28
0x47f190,78.9474%,4,15,19,15,3,1,0
0x9ed450,97.3333%,4,146,150,146,4,0,0
0x5f768b,96.8%,4,121,125,93,2,2,28
0x48f733,66.6667%,4,8,12,8,2,2,0
0x49a3a4,60%,4,6,10,1,3,1,5
0x50f25b,89.4737%,4,34,38,2,2,2,32
0x59c992,95%,4,76,80,76,4,0,0
0x9edda6,97.1014%,4,134,138,0,0,4,134
0x9ee093,91.4894%,4,43,47,43,4,0,0
0x59c950,97.5309%,4,158,162,158,4,0,0
0x65a389,99.8426%,4,2537,2541,0,0,4,2537
0x819dda,98.7768%,4,323,327,0,0,4,323
0x952bbd,99.1228%,4,452,456,452,4,0,0
0xa91ef5,0%,4,0,4,0,4,0,0
0x49f587,77.7778%,4,14,18,14,4,0,0
0x5467c6,42.8571%,4,3,7,3,2,2,0
0x6108a6,78.9474%,4,15,19,3,3,1,12
0x9ff6f2,81.8182%,4,18,22,0,0,4,18
0x40a80c,81.8182%,4,18,22,18,4,0,0
0x9ed94f,96.8254%,4,122,126,122,4,0,0
0x4a9beb,60%,4,6,10,5,3,1,1
0x4a01a2,96.0396%,4,97,101,97,4,0,0
0x50ca61,80%,4,16,20,0,0,4,16
0xa9dec9,90.2439%,4,37,41,37,3,1,0
0x9edc70,93.75%,4,60,64,60,4,0,0
0x541fa7,99.5283%,4,844,848,0,0,4,844
0x8eefee,99.6473%,4,1130,1134,1130,4,0,0
0xa497df,98.3193%,4,234,238,234,4,0,0
0x9ab826,98.2609%,4,226,230,0,0,4,226
0xa4df30,80%,4,16,20,16,4,0,0
0x9a10d1,73.3333%,4,11,15,0,0,4,11
0xa0295c,98.419%,4,249,253,0,0,4,249
0x5571dd,82.6087%,4,19,23,16,4,0,3
0x9020ee,92.5926%,4,50,54,0,0,4,50
0x8fe951,96.8992%,4,125,129,0,0,4,125
0x7c7258,55.5556%,4,5,9,5,4,0,0
0xa4bab3,97.9381%,4,190,194,190,0,4,0
0x43b1a6,92.5926%,4,50,54,50,4,0,0
0x409cda,98.8981%,4,359,363,0,0,4,359
0x78072f,92.5926%,4,50,54,50,4,0,0
0x5077ad,77.7778%,4,14,18,14,4,0,0
0x8dca99,99.7548%,4,1627,1631,1625,2,2,2
0xa4971b,90.4762%,4,38,42,38,4,0,0
0xa572b7,90.2439%,4,37,41,0,0,4,37
0xa4729c,97.6048%,4,163,167,163,4,0,0
0xa35f31,92%,4,46,50,16,3,1,30
0xa4722a,97.6048%,4,163,167,163,4,0,0
0xa56f97,96.2963%,4,104,108,0,0,4,104
0x9c3c3f,88.8889%,4,32,36,32,4,0,0
0x50764a,77.7778%,4,14,18,14,4,0,0
0xa4c61c,0%,4,0,4,0,4,0,0
0x6804d6,99.9126%,4,4571,4575,0,0,4,4571
0xa2f87d,98.3936%,4,245,249,0,0,4,245
0xa3a42b,99.022%,4,405,409,6,4,0,399
0x4bf212,95.3488%,4,82,86,82,4,0,0
0xa92d0a,50%,4,4,8,0,0,4,4
0x5ffc82,96.875%,4,124,128,32,4,0,92
0x9bdfd4,94.0299%,4,63,67,63,4,0,0
0xa5102d,99.2095%,4,502,506,0,0,4,502
0x50fae8,60%,4,6,10,6,4,0,0
0x5ff3ae,83.3333%,4,20,24,6,2,2,14
0x509048,33.3333%,4,2,6,0,1,3,2
0xa508c4,99.2095%,4,502,506,502,0,4,0
0x90a65e,90.9091%,4,40,44,0,0,4,40
0x483983,86.2069%,4,25,29,0,0,4,25
0x5b8cfc,60%,4,6,10,5,3,1,1
0x4bce2c,33.3333%,4,2,6,2,4,0,0
0xa3623e,99.0783%,4,430,434,0,0,4,430
0xa312fb,92.3077%,4,48,52,0,0,4,48
0x8e3757,99.7977%,4,1973,1977,0,0,4,1973
0x5addd2,85.1852%,4,23,27,23,4,0,0
0x9e89ac,97.2414%,4,141,145,0,0,4,141
0x8125c8,98.7768%,4,323,327,0,0,4,323
0x973a05,90%,4,36,40,36,4,0,0
0x504c78,96.2963%,4,104,108,34,4,0,70
0x504c88,94.2857%,4,66,70,7,4,0,59
0x803fd1,88.2353%,4,30,34,15,2,2,15
0xa571e8,90.2439%,4,37,41,36,3,1,1
0xa5717d,80%,4,16,20,16,4,0,0
0xaae215,99.894%,4,3768,3772,0,0,4,3768
0xa60aad,94.4444%,4,68,72,68,4,0,0
0x822541,99.0521%,4,418,422,4,2,2,414
0xa9d2a6,60%,4,6,10,6,4,0,0
0xa541da,99.4203%,4,686,690,0,0,4,686
0xa294e3,75%,4,12,16,12,4,0,0
0x481728,89.4737%,4,34,38,34,4,0,0
0x8a6a11,50%,4,4,8,4,1,3,0
0x66d45b,99.7268%,4,1460,1464,1460,4,0,0
0x94eee4,86.6667%,4,26,30,26,4,0,0
0x482c16,78.9474%,4,15,19,15,4,0,0
0x4bf710,87.8788%,4,29,33,3,2,2,26
0x973d72,95.8333%,4,92,96,0,0,4,92
0x50e57b,92.7273%,4,51,55,0,2,2,51
0x4ba129,86.6667%,4,26,30,0,0,4,26
0x590e8b,82.6087%,4,19,23,0,0,4,19
0x670904,80%,4,16,20,16,4,0,0
0x8f1b84,97.1631%,4,137,141,4,3,1,133
0xa95e43,66.6667%,4,8,12,8,4,0,0
0x8de1b6,99.834%,4,2405,2409,0,0,4,2405
0x4c9843,73.3333%,4,11,15,3,2,2,8
0x50d03b,96.3303%,4,105,109,0,0,4,105
0x820e70,98.3607%,4,240,244,0,0,4,240
0x481855,86.2069%,4,25,29,25,4,0,0
0x5f1c2d,42.8571%,4,3,7,0,0,4,3
0x5cfc22,99.6818%,4,1253,1257,0,0,4,1253
0x606a60,98.2222%,4,221,225,221,4,0,0
0x40ed84,84.6154%,4,22,26,14,4,0,8
0xa56fb3,96.2963%,4,104,108,0,0,4,104
0xa49fe2,97.2414%,4,141,145,0,0,4,141
0x90149b,93.8462%,4,61,65,61,4,0,0
0x5f18a3,42.8571%,4,3,7,1,1,3,2
0x609684,95.1807%,4,79,83,79,4,0,0
0x5033d1,89.1892%,4,33,37,0,0,4,33
0x606a2f,98.2222%,4,221,225,221,4,0,0
0xa2e101,98.3936%,4,245,249,155,1,3,90
0x8a63b3,97.0588%,4,132,136,0,0,4,132
0xb1493c,99.9061%,4,4254,4258,0,0,4,4254
0x8ea04d,98.9975%,4,395,399,395,4,0,0
0x5ffa53,95.6522%,4,88,92,44,2,2,44
0x9e5b2d,95.4545%,4,84,88,0,0,4,84
0x904ab0,98.6711%,4,297,301,297,4,0,0
0x5fe827,92.8571%,4,52,56,0,0,4,52
0x944ac7,98.1982%,4,218,222,0,0,4,218
0x5fe81b,94.8052%,4,73,77,18,3,1,55
0x9a717a,71.4286%,4,10,14,1,3,1,9
0x53fc77,0%,4,0,4,0,0,4,0
0xa326e5,96.1165%,4,99,103,0,2,2,99
0x901f62,99.9147%,4,4688,4692,0,0,4,4688
0x4813bd,78.9474%,4,15,19,12,4,0,3
0x59fdc0,0%,4,0,4,0,2,2,0
0x900c45,98.8024%,4,330,334,330,4,0,0
0x5032f3,94.5205%,4,69,73,0,2,2,69
0x8fdb0d,77.7778%,4,14,18,0,0,4,14
0x40e0cc,99.9609%,4,10233,10237,0,0,4,10233
0x9f7b20,97.7401%,4,173,177,0,0,4,173
0x81086f,94.6667%,4,71,75,71,4,0,0
0x4021b8,99.7976%,4,1972,1976,0,0,4,1972
0x8dd33c,99.4859%,4,774,778,0,0,4,774
0x4a5d32,92.7273%,4,51,55,21,4,0,30
0x5fa7c4,94.2029%,4,65,69,0,0,4,65
0x977456,66.6667%,4,8,12,4,2,2,4
0x444958,69.2308%,4,9,13,9,4,0,0
0x503373,89.7436%,4,35,39,1,1,3,34
0x48b330,98.7539%,4,317,321,0,0,4,317
0xa55445,97.4026%,4,150,154,0,0,4,150
0x80541e,63.6364%,4,7,11,7,2,2,0
0x482cdc,78.9474%,4,15,19,15,4,0,0
0x8f4bce,97.7273%,4,172,176,39,2,2,133
0x59c9b5,97.5309%,4,158,162,155,3,1,3
0x9e5634,86.6667%,4,26,30,26,4,0,0
0xa2e7f4,97.0149%,4,130,134,0,0,4,130
0x98b2ba,98.1818%,4,216,220,0,0,4,216
0xa31266,95.2941%,4,81,85,31,2,2,50
0x58e434,91.1111%,4,41,45,0,0,4,41
0xa5572e,95.1807%,4,79,83,79,4,0,0
0x97b912,96.4912%,4,110,114,110,4,0,0
0x592c69,78.9474%,4,15,19,15,4,0,0
0x489dd3,99.8162%,4,2172,2176,0,0,4,2172
0x51b7ca,99.9037%,4,4150,4154,0,0,4,4150
0x63c77e,99.4764%,4,760,764,760,0,4,0
0x5de6c8,99.6777%,4,1237,1241,429,2,2,808
0xa26d19,33.3333%,4,2,6,2,4,0,0
0x78eed4,97.2028%,4,139,143,139,4,0,0
0x50b36b,90%,4,36,40,36,4,0,0
0x8fdaf0,77.7778%,4,14,18,0,0,4,14
0xa41d8c,99.7878%,4,1881,1885,0,0,4,1881
0xa41e99,99.3958%,4,658,662,0,0,4,658
0x5d7dc8,99.6787%,4,1241,1245,1240,1,3,1
0x8f7684,97.4522%,4,153,157,150,3,1,3
0xa983df,0%,4,0,4,0,2,2,0
0x50aab1,0%,4,0,4,0,2,2,0
0x780862,80.9524%,4,17,21,3,0,4,14
0x40e518,75%,4,12,16,1,4,0,11
0x403049,94.2029%,4,65,69,65,4,0,0
0x50e4a8,88.8889%,4,32,36,6,2,2,26
0x4a7224,98.2301%,4,222,226,0,2,2,222
0xa4d58b,97.5309%,4,158,162,0,2,2,158
0x51b489,98.4615%,4,256,260,0,0,4,256
0x9ebff3,80%,4,16,20,8,2,2,8
0x50e4e1,77.7778%,4,14,18,8,4,0,6
0xa3baeb,97.7011%,4,170,174,170,4,0,0
0x81c5fc,98.19%,4,217,221,49,4,0,168
0x6673a0,90%,4,36,40,36,4,0,0
0x64729e,80.9524%,4,17,21,0,1,3,17
0x4818fc,86.2069%,4,25,29,25,4,0,0
0xa45922,98.9744%,4,386,390,386,4,0,0
0x81aed5,99.5255%,4,839,843,839,2,2,0
0x647271,80.9524%,4,17,21,17,4,0,0
0x40ed9e,50%,4,4,8,0,0,4,4
0x4a7988,89.1892%,4,33,37,33,4,0,0
0x8e69b4,97.2973%,4,144,148,144,4,0,0
0x611492,63.6364%,4,7,11,0,0,4,7
0x50eedf,95.1807%,4,79,83,2,3,1,77
0xa08682,86.2069%,4,25,29,24,1,3,1
0x7cf349,99.4039%,4,667,671,48,3,1,619
0x49971f,94.5946%,4,70,74,0,0,4,70
0x50eba2,90%,4,36,40,2,0,4,34
0x5f9279,80%,4,16,20,4,3,1,12
0xa9bd26,60%,4,6,10,6,4,0,0
0x483b3d,78.9474%,4,15,19,15,3,1,0
0xaa56b7,88.8889%,4,32,36,0,0,4,32
0x58e427,96.4602%,4,109,113,3,1,3,106
0x60966a,95.1807%,4,79,83,0,0,4,79
0x610cf1,98.3607%,4,240,244,0,0,4,240
0x48f8a7,66.6667%,4,8,12,0,2,2,8
0x9e3dd7,63.6364%,4,7,11,7,4,0,0
0x4bc378,98.7842%,4,325,329,325,4,0,0
0xa9754f,97.3154%,4,145,149,145,4,0,0
0x5cba45,97.4194%,4,151,155,24,0,4,127
0xa3720e,60%,4,6,10,6,4,0,0
0xa94698,91.3043%,4,42,46,42,4,0,0
0x9a8eeb,71.4286%,4,10,14,10,4,0,0
0x483d76,78.9474%,4,15,19,15,4,0,0
0x65a0ad,95.0617%,4,77,81,77,4,0,0
0x8f569a,66.6667%,4,8,12,0,0,4,8
0x5feec0,86.2069%,4,25,29,22,2,2,3
0xb22be1,99.7859%,4,1864,1868,0,0,4,1864
0x9197bd,98%,4,196,200,196,4,0,0
0x8220ee,98.6928%,4,302,306,302,4,0,0
0x8e03e6,99.5322%,4,851,855,851,4,0,0
0xa47332,63.6364%,4,7,11,0,0,4,7
0xaa588b,92.4528%,4,49,53,47,2,2,2
0x53583c,80%,4,16,20,16,4,0,0
0x4b6a42,93.4426%,4,57,61,48,4,0,9
0x5b04c7,94.0299%,4,63,67,2,2,2,61
0x8106d6,99.2647%,4,540,544,507,3,1,33
0xad7ecb,99.7828%,4,1838,1842,1838,4,0,0
0xa49a39,60%,4,6,10,4,2,2,2
0x5ff5f8,96.0396%,4,97,101,49,4,0,48
0x81cbae,97.6744%,4,168,172,168,4,0,0
0xaef6fd,50%,4,4,8,2,2,2,2
0x63f3a5,98%,4,196,200,196,2,2,0
0x533bcb,63.6364%,4,7,11,1,1,3,6
0xa42a2c,85.7143%,4,24,28,24,4,0,0
0x538d61,96.9697%,4,128,132,0,0,4,128
0x50adc5,96.3303%,4,105,109,105,4,0,0
0xae7041,94.2857%,4,66,70,66,4,0,0
0xaa2ce4,99.3432%,4,605,609,0,0,4,605
0xa95cf9,92.9825%,4,53,57,53,4,0,0
0x5f0863,98.6486%,4,292,296,0,0,4,292
0xa4cbdd,0%,4,0,4,0,0,4,0
0xa3010c,20%,4,1,5,1,2,2,0
0x822866,99.7332%,4,1495,1499,1495,4,0,0
0xa51218,81.8182%,4,18,22,18,4,0,0
0x90ae94,98.3193%,4,234,238,118,1,3,116
0x8eb55e,89.1892%,4,33,37,33,4,0,0
0x80dec4,98.1818%,4,216,220,0,0,4,216
0xb1ae61,99.0762%,4,429,433,429,4,0,0
0x8deab0,96.875%,4,124,128,0,0,4,124
0x8dba57,75%,4,12,16,4,4,0,8
0xa15cdf,33.3333%,4,2,6,2,4,0,0
0x678916,99.8597%,4,2847,2851,0,0,4,2847
0x8fdb04,77.7778%,4,14,18,0,0,4,14
0x5f004d,97.8022%,4,178,182,178,4,0,0
0x591ac4,99.8968%,4,3872,3876,3872,4,0,0
0x9f5c6b,85.7143%,4,24,28,24,4,0,0
0x54eb0a,94.2029%,4,65,69,65,4,0,0
0xa474e1,90.4762%,4,38,42,0,0,4,38
0x94ef4a,93.3333%,4,56,60,29,1,3,27
0x9ea61d,96.8%,4,121,125,0,0,4,121
0x789af5,85.7143%,4,24,28,0,0,4,24
0xa358ee,99.6004%,4,997,1001,0,0,4,997
0x651705,89.7436%,4,35,39,0,0,4,35
0x984308,94.5946%,4,70,74,62,4,0,8
0x590d17,90.4762%,4,38,42,16,4,0,22
0xa513ab,99.2157%,4,506,510,506,4,0,0
0x4a7cbd,93.1034%,4,54,58,54,4,0,0
0x5f64a3,75%,4,12,16,12,4,0,0
0x818de6,99.4845%,4,772,776,0,0,4,772
0x7ce926,98.8604%,4,347,351,0,0,4,347
0xa15963,60%,4,6,10,5,1,3,1
0xa18079,99.7232%,4,1441,1445,446,2,2,995
0x5414c4,50%,4,4,8,4,4,0,0
0x673d7e,78.9474%,4,15,19,0,0,4,15
0xa90386,80%,4,16,20,16,4,0,0
0x5b073f,93.8462%,4,61,65,60,3,1,1
0x5f8912,50%,4,4,8,4,4,0,0
0x99bb8e,80%,4,16,20,16,4,0,0
0xa06530,88.5714%,4,31,35,1,3,1,30
0x5f0dd5,20%,4,1,5,1,4,0,0
0x8ed3b7,99.8972%,4,3886,3890,3886,4,0,0
0x9a6aa3,69.2308%,4,9,13,7,2,2,2
0xa51e39,92.8571%,4,52,56,14,3,1,38
0xa4fc27,0%,4,0,4,0,0,4,0
0x5f0cc4,88.2353%,4,30,34,30,4,0,0
0x5f4085,42.8571%,4,3,7,3,0,4,0
0x682e6b,66.6667%,4,8,12,8,4,0,0
0x547ee7,99.2661%,4,541,545,0,0,4,541
0x63f410,98%,4,196,200,196,2,2,0
0x4bbbb8,95.0617%,4,77,81,77,4,0,0
0x7bb47f,50%,4,4,8,4,4,0,0
0xaab0c7,95.122%,4,78,82,75,3,1,3
0x8f591b,99.8469%,4,2608,2612,2608,4,0,0
0x5f86b5,94.7368%,4,72,76,2,1,3,70
0x815a85,90.2439%,4,37,41,7,3,1,30
0x8ed66c,50%,4,4,8,4,2,2,0
0x606f12,80%,4,16,20,6,4,0,10
0x9e2550,73.3333%,4,11,15,11,4,0,0
0x490f21,90.2439%,4,37,41,2,1,3,35
0x5f0d2f,98.5866%,4,279,283,0,0,4,279
0xa29d25,75%,4,12,16,12,4,0,0
0x4c0426,95.3488%,4,82,86,82,4,0,0
0xa948f4,99.1071%,4,444,448,444,4,0,0
0x5b4129,87.0968%,4,27,31,10,1,3,17
0x8be771,77.7778%,4,14,18,14,4,0,0
0x7ce0d8,99.7906%,4,1906,1910,1906,4,0,0
0x5b2a3f,91.4894%,4,43,47,43,4,0,0
0xa43d0f,99.5277%,4,843,847,843,4,0,0
0x7e07db,77.7778%,4,14,18,0,0,4,14
0x80a4e4,99.5255%,4,839,843,839,2,2,0
0x9a7efb,84%,4,21,25,21,4,0,0
0x5931fb,85.7143%,4,24,28,10,4,0,14
0x8e46a2,75%,4,12,16,0,0,4,12
0xa39432,71.4286%,4,10,14,10,4,0,0
0x5356ff,93.4426%,4,57,61,0,0,4,57
0x48af3a,99.2593%,4,536,540,0,0,4,536
0xa456b7,66.6667%,4,8,12,8,0,4,0
0x98cdd7,66.6667%,4,8,12,0,0,4,8
0x908718,99.7517%,4,1607,1611,1607,4,0,0
0x806432,83.3333%,4,20,24,5,3,1,15
0x627da4,82.6087%,4,19,23,0,0,4,19
0x65aed8,69.2308%,4,9,13,9,4,0,0
0x5f08a0,98.6486%,4,292,296,292,4,0,0
0xae6f32,94.2857%,4,66,70,66,4,0,0
0x9bd197,92.7273%,4,51,55,51,4,0,0
0x51b0ab,98.419%,4,249,253,249,4,0,0
0x40ed95,50%,4,4,8,4,2,2,0
0xb347b0,99.0315%,4,409,413,0,0,4,409
0x809068,98.2063%,4,219,223,219,2,2,0
0xaad9f8,98.6111%,4,284,288,0,0,4,284
0x90a061,99.5638%,4,913,917,0,0,4,913
0x5bd37e,99.5851%,4,960,964,4,2,2,956
0x65c1cd,99.115%,4,448,452,448,4,0,0
0xb34781,96.9697%,4,128,132,128,4,0,0
0x9a91ec,71.4286%,4,10,14,0,0,4,10
0x5ef883,76.4706%,4,13,17,13,4,0,0
0x58db3f,95.122%,4,78,82,12,2,2,66
0xaa07f1,94.1176%,4,64,68,64,4,0,0
0xa47ff5,66.6667%,4,8,12,7,2,2,1
0xa02a90,66.6667%,4,8,12,0,0,4,8
0x8216ee,98.8439%,4,342,346,11,3,1,331
0x5b349f,91.1111%,4,41,45,41,4,0,0
0xa1afc5,94.5946%,4,70,74,51,2,2,19
0x8efdac,96.5812%,4,113,117,2,2,2,111
0x58d238,93.5484%,4,58,62,58,4,0,0
0x5fe852,98.9975%,4,395,399,50,2,2,345
0xa2d324,98.9848%,4,390,394,0,0,4,390
0x5bb810,99.5863%,4,963,967,963,4,0,0
0x647d97,92.1569%,4,47,51,47,4,0,0
0xb0d355,95.2941%,4,81,85,81,4,0,0
0x5fa402,96.5812%,4,113,117,0,0,4,113
0xa52341,95.7895%,4,91,95,0,0,4,91
0x482091,63.6364%,4,7,11,4,3,1,3
0x4b801b,63.6364%,4,7,11,6,3,1,1
0x606962,98.2222%,4,221,225,221,4,0,0
0xa47c26,90.4762%,4,38,42,1,2,2,37
0x81b22b,99.2322%,4,517,521,0,0,4,517
0x4a6cb5,95.9596%,4,95,99,0,0,4,95
0x54872a,99.83%,4,2349,2353,0,0,4,2349
0x9c3bdd,88.8889%,4,32,36,32,4,0,0
0x8374ee,91.1111%,4,41,45,31,2,2,10
0xa2386b,93.8462%,4,61,65,0,0,4,61
0xa63bd7,96.748%,4,119,123,0,0,4,119
0x8164b5,92.5926%,4,50,54,49,3,1,1
0x40ce73,95.3488%,4,82,86,82,2,2,0
0xa45235,98.7342%,4,312,316,0,0,4,312
0x8d382a,60%,4,6,10,5,1,3,1
0x5fa2d1,98.419%,4,249,253,93,3,1,156
0x59258e,96.6667%,4,116,120,113,4,0,3
0x40458b,99.3232%,4,587,591,587,4,0,0
0xa25b29,99.6051%,4,1009,1013,1009,4,0,0
0xa470ec,81.8182%,4,18,22,0,3,1,18
0x5fda56,99.5595%,4,904,908,813,2,2,91
0x815efd,55.5556%,4,5,9,5,2,2,0
0x480ee4,78.9474%,4,15,19,15,4,0,0
0x783e13,63.6364%,4,7,11,7,4,0,0
0xa44178,93.75%,4,60,64,60,4,0,0
0x821fe2,87.5%,4,28,32,28,4,0,0
0x4886af,99.4429%,4,714,718,0,2,2,714
0x5fa2d6,97.4522%,4,153,157,153,4,0,0
0x4c0282,94.1176%,4,64,68,64,4,0,0
0x54d9d2,89.7436%,4,35,39,35,4,0,0
0x78f6d6,89.7436%,4,35,39,7,3,1,28
0x8a8b8e,96.5812%,4,113,117,4,2,2,109
0x65bae0,99.7748%,4,1772,1776,1772,4,0,0
0xa4107f,91.1111%,4,41,45,0,2,2,41
0x5fe22c,99.6403%,4,1108,1112,1108,4,0,0
0xa9cdf3,98.0861%,4,205,209,0,0,4,205
0x480b38,78.9474%,4,15,19,15,2,2,0
0xb30180,99.2188%,4,508,512,0,0,4,508
0x593118,33.3333%,4,2,6,2,4,0,0
0x98cb43,98.0952%,4,206,210,206,4,0,0
0x8f3f49,99.8253%,4,2285,2289,2285,4,0,0
0x834294,97.5309%,4,158,162,158,4,0,0
0x94dfab,99.0654%,4,424,428,0,0,4,424
0xa27620,99.7965%,4,1962,1966,1962,4,0,0
0x9e6ef8,92.7273%,4,51,55,51,4,0,0
0x541ccc,99.6974%,4,1318,1322,0,0,4,1318
0x5fe311,85.7143%,4,24,28,12,0,4,12
0x66693f,99.3151%,4,580,584,580,4,0,0
0x94e042,99.0499%,4,417,421,417,4,0,0
0x590b4c,80%,4,16,20,12,2,2,4
0x9c3c95,88.8889%,4,32,36,26,1,3,6
0x901f97,99.9147%,4,4688,4692,0,0,4,4688
0x5fe9c9,98.7692%,4,321,325,273,0,4,48
0x8f2151,89.7436%,4,35,39,22,3,1,13
0x59091a,81.8182%,4,18,22,0,0,4,18
0x5efb43,69.2308%,4,9,13,5,3,1,4
0x65b9ae,99.0521%,4,418,422,0,0,4,418
0x50a12a,55.5556%,4,5,9,0,0,4,5
0x7d1886,98.8024%,4,330,334,330,4,0,0
0xa50f05,0%,4,0,4,0,4,0,0
0x8a6688,97.3684%,4,148,152,0,0,4,148
0x4a6253,97.2414%,4,141,145,141,1,3,0
0x503d30,92.3077%,4,48,52,0,0,4,48
0x4aaced,90%,4,36,40,36,4,0,0
0x503a8e,93.4426%,4,57,61,57,2,2,0
0x65b9c3,99.0521%,4,418,422,0,0,4,418
0x648877,92.8571%,4,52,56,52,4,0,0
0x6117e1,89.4737%,4,34,38,34,4,0,0
0x904297,80%,4,16,20,8,3,1,8
0x9812d5,94.6667%,4,71,75,62,0,4,9
0x8efdba,96.4602%,4,109,113,2,3,1,107
0xa42f9f,93.1034%,4,54,58,51,3,1,3
0x81ddb1,99.2495%,4,529,533,529,2,2,0
0x9bc730,81.8182%,4,18,22,18,4,0,0
0xa48d6f,93.75%,4,60,64,50,2,2,10
0xa4772a,90.4762%,4,38,42,0,0,4,38
0xaa115c,88.8889%,4,32,36,32,4,0,0
0xa5182e,90%,4,36,40,36,4,0,0
0x5facf3,98.1395%,4,211,215,209,0,4,2
0x55501a,92.7273%,4,51,55,51,4,0,0
0x5ff3f1,66.6667%,4,8,12,5,2,2,3
0x554f9e,92.7273%,4,51,55,51,1,3,0
0x8e8b71,99.8867%,4,3528,3532,0,0,4,3528
0x94dd1b,99.3186%,4,583,587,0,0,4,583
0x5eef87,77.7778%,4,14,18,0,0,4,14
0x8bdc9a,42.8571%,4,3,7,1,2,2,2
0xaa151b,92.5926%,4,50,54,0,0,4,50
0x7cc155,66.6667%,4,8,12,0,0,4,8
0x4996d9,94.5946%,4,70,74,70,4,0,0
0xa02e17,96.2617%,4,103,107,0,0,4,103
0x73d8ef,87.8788%,4,29,33,29,1,3,0
0xa90025,97.561%,4,160,164,0,0,4,160
0x60e6a3,89.4737%,4,34,38,34,4,0,0
0x94d9f4,88.8889%,4,32,36,6,4,0,26
0x8dce90,97.7143%,4,171,175,171,4,0,0
0x8d486d,98.9218%,4,367,371,0,2,2,367
0x88ea98,89.7436%,4,35,39,35,4,0,0
0x9e60c0,98.3193%,4,234,238,234,4,0,0
0x7ce90b,99.6658%,4,1193,1197,132,4,0,1061
0x5f9e9d,33.3333%,4,2,6,2,4,0,0
0x8b94c5,99.7987%,4,1983,1987,0,0,4,1983
0x558d67,98.5714%,4,276,280,0,0,4,276
0x555ab0,85.7143%,4,24,28,24,2,2,0
0x815011,99.2278%,4,514,518,514,2,2,0
0xa05a64,86.2069%,4,25,29,25,4,0,0
0x8fcd92,98.6159%,4,285,289,285,4,0,0
0x5f9e19,33.3333%,4,2,6,0,0,4,2
0x66f55d,98.0583%,4,202,206,0,0,4,202
0x60b65e,98.3871%,4,244,248,0,0,4,244
0x5f5a05,66.6667%,4,8,12,8,4,0,0
0x66689a,99.187%,4,488,492,488,4,0,0
0x5fa1ec,99.5485%,4,882,886,0,0,4,882
0x5fa201,98.5507%,4,272,276,0,3,1,272
0x5fa20e,98.5348%,4,269,273,0,0,4,269
0x649ad5,96.2264%,4,102,106,0,0,4,102
0x495efb,92.7273%,4,51,55,51,4,0,0
0x9e2602,99.5798%,4,948,952,0,0,4,948
0xa9093e,99.022%,4,405,409,0,0,4,405
0x4acb44,73.3333%,4,11,15,2,1,3,9
0xa42bf6,92.5926%,4,50,54,50,4,0,0
0x5905fa,86.6667%,4,26,30,16,2,2,10
0xa58965,92.5926%,4,50,54,0,0,4,50
0x5f871e,50%,4,4,8,1,3,1,3
0x88e491,89.7436%,4,35,39,35,4,0,0
0x404934,98.4556%,4,255,259,0,0,4,255
0xa05a5b,93.1034%,4,54,58,25,4,0,29
0x9ab92c,98.2684%,4,227,231,140,4,0,87
0xa5936c,85.7143%,4,24,28,24,4,0,0
0xa8a6aa,95.1807%,4,79,83,79,4,0,0
0x446549,99.3186%,4,583,587,0,0,4,583
0xa5944b,98.1132%,4,208,212,0,0,4,208
0xa5d04e,98.5348%,4,269,273,14,0,4,255
0x6188f3,98.7578%,4,318,322,0,0,4,318
0x5a9646,50%,4,4,8,3,2,2,1
0xa2da20,60%,4,6,10,0,0,4,6
0xa2db6f,71.4286%,4,10,14,0,0,4,10
0x8bd969,97.2414%,4,141,145,141,4,0,0
0xa55d4b,95.1807%,4,79,83,79,0,4,0
0x9d3113,93.1034%,4,54,58,0,0,4,54
0x5406d0,98.6532%,4,293,297,293,0,4,0
0xa50a13,98.895%,4,358,362,0,4,0,358
0xa557ce,95.1807%,4,79,83,79,2,2,0
0xa0758a,42.8571%,4,3,7,3,1,3,0
0x8db91d,98.3333%,4,236,240,222,2,2,14
0x9a7c71,99.2844%,4,555,559,0,0,4,555
0x9ec41b,50%,4,4,8,4,1,3,0
0x6662c2,99.7411%,4,1541,1545,1541,4,0,0
0x404e80,94.5946%,4,70,74,34,2,2,36
0xa2ab26,96.4602%,4,109,113,98,3,1,11
0x8e27a8,99.9643%,4,11201,11205,11201,4,0,0
0x4a7757,99.7139%,4,1394,1398,0,2,2,1394
0x5422d2,98.7952%,4,328,332,0,0,4,328
0x9ea870,94.4444%,4,68,72,68,2,2,0
0x54798c,73.3333%,4,11,15,1,3,1,10
0x537362,99.4253%,4,692,696,0,0,4,692
0x5121cd,89.7436%,4,35,39,1,1,3,34
0x5020ae,95.0617%,4,77,81,0,0,4,77
0x59321d,85.7143%,4,24,28,13,1,3,11
0xa51021,99.2095%,4,502,506,0,0,4,502
0xa30aa9,99.763%,4,1684,1688,0,0,4,1684
0x9e00d6,99.6276%,4,1070,1074,0,0,4,1070
0x47c6d1,71.4286%,4,10,14,10,2,2,0
0x8fddf5,99.6887%,4,1281,1285,1281,4,0,0
0x5b0f40,93.1034%,4,54,58,54,4,0,0
0x81be58,98.3193%,4,234,238,2,0,4,232
0x8ae99d,97.2603%,4,142,146,0,0,4,142
0xa2d9c9,99.3432%,4,605,609,0,0,4,605
0x5cbb58,96.9466%,4,127,131,127,4,0,0
0x8d258f,98.3333%,4,236,240,236,4,0,0
0x488beb,99.2095%,4,502,506,0,0,4,502
0xa2d9f8,77.7778%,4,14,18,14,4,0,0
0x50ba3d,90%,4,36,40,36,4,0,0
0x8bc7c5,96.8254%,4,122,126,0,0,4,122
0xa50aca,71.4286%,4,10,14,0,0,4,10
0xa480ce,98.2143%,4,220,224,220,4,0,0
0x90fe9c,99.8951%,4,3809,3813,3809,4,0,0
0xaa08dc,33.3333%,4,2,6,2,4,0,0
0xa2d764,95.2941%,4,81,85,0,0,4,81
0x546a48,97.2603%,4,142,146,0,0,4,142
0x97529b,83.3333%,4,20,24,2,3,1,18
0x4a63f2,60%,4,6,10,0,2,2,6
0x495d95,89.4737%,4,34,38,34,4,0,0
0xa3614f,94.2857%,4,66,70,0,0,4,66
0xa40eec,99.2424%,4,524,528,524,3,1,0
0x4c5682,81.8182%,4,18,22,12,2,2,6
0x8222d0,98.5348%,4,269,273,232,2,2,37
0xa4bc40,97.7778%,4,176,180,0,0,4,176
0x638e21,99.2687%,4,543,547,543,4,0,0
0x9c4205,98.7952%,4,328,332,328,4,0,0
0x7c744c,50%,4,4,8,0,2,2,4
0x540a23,71.4286%,4,10,14,10,2,2,0
0xa946dc,86.2069%,4,25,29,0,0,4,25
0x8d2600,92.8571%,4,52,56,0,0,4,52
0x808957,87.8788%,4,29,33,0,2,2,29
0x9a48d3,87.5%,4,28,32,13,3,1,15
0x98cc26,77.7778%,4,14,18,0,0,4,14
0x548bf5,42.8571%,4,3,7,0,0,4,3
0x9a6358,71.4286%,4,10,14,0,0,4,10
0x9d0a29,92.1569%,4,47,51,0,0,4,47
0xa4b70a,98.3122%,4,233,237,0,0,4,233
0x5f550c,33.3333%,4,2,6,1,1,3,1
0x5021c8,94.0299%,4,63,67,63,4,0,0
0xa2e811,97.0149%,4,130,134,12,2,2,118
0xa50510,98.4436%,4,253,257,0,4,0,253
0x535685,97.4194%,4,151,155,151,4,0,0
0x4a8548,50%,4,4,8,0,0,4,4
0x942c1c,99.2381%,4,521,525,521,4,0,0
0x819f98,94.5946%,4,70,74,70,4,0,0
0xa31efd,88.8889%,4,32,36,0,0,4,32
0xa42af7,99.5349%,4,856,860,856,4,0,0
0xa2e28c,98.5866%,4,279,283,218,1,3,61
0x7cea46,99.7893%,4,1894,1898,0,0,4,1894
0x5098a5,99.8926%,4,3721,3725,3721,4,0,0
0x814cfd,99.5283%,4,844,848,844,2,2,0
0x9bdc69,92.7273%,4,51,55,0,0,4,51
0x90ba71,99.3019%,4,569,573,569,4,0,0
0x8ff617,90.4762%,4,38,42,38,4,0,0
0x901867,98.4375%,4,252,256,0,0,4,252
0xa32862,97.0149%,4,130,134,130,4,0,0
0x4b7ef9,63.6364%,4,7,11,7,2,2,0
0x5fbf28,94.6667%,4,71,75,71,2,2,0
0x550a0a,88.2353%,4,30,34,30,4,0,0
0x972750,98.5348%,4,269,273,0,0,4,269
0x4ba4e5,81.8182%,4,18,22,0,0,4,18
0xa4a22b,92.8571%,4,52,56,0,0,4,52
0xa505da,89.4737%,4,34,38,32,3,1,2
0x539683,98.1651%,4,214,218,107,2,2,107
0x96c21b,84.6154%,4,22,26,0,0,4,22
0xa44f97,77.7778%,4,14,18,0,4,0,14
0x8e9a55,98.5019%,4,263,267,0,0,4,263
0x974719,97.3684%,4,148,152,0,0,4,148
0xa51de7,92.8571%,4,52,56,0,0,4,52
0x552124,93.3333%,4,56,60,0,0,4,56
0x96bfb9,99.4805%,4,766,770,766,4,0,0
0x54280c,99.9549%,4,8874,8878,0,0,4,8874
0x502729,98.8604%,4,347,351,347,4,0,0
0x9f08c5,60%,4,6,10,6,4,0,0
0x53ed42,97.4026%,4,150,154,0,0,4,150
0x9d3786,92.7273%,4,51,55,48,3,1,3
0xa0800f,0%,4,0,4,0,2,2,0
0x5fb219,97.3684%,4,148,152,148,4,0,0
0x502425,98.8235%,4,336,340,0,0,4,336
0x554daa,98.6159%,4,285,289,285,4,0,0
0x8217fb,99.3151%,4,580,584,0,0,4,580
0x7dfce6,80%,4,16,20,16,4,0,0
0xa44daa,99.0762%,4,429,433,429,4,0,0
0xa51f63,0%,4,0,4,0,2,2,0
0xa40f9d,99.2424%,4,524,528,0,0,4,524
0xa2dbc8,0%,4,0,4,0,0,4,0
0x5b2133,77.7778%,4,14,18,14,4,0,0
0x8d396b,94.5205%,4,69,73,0,2,2,69
0x53c4f1,98.9796%,4,388,392,388,4,0,0
0x8ed54f,66.6667%,4,8,12,0,2,2,8
0x5fad7b,73.3333%,4,11,15,11,4,0,0
0x5f5558,92.8571%,4,52,56,0,0,4,52
0xa508a9,99.2095%,4,502,506,502,4,0,0
0xa50892,0%,4,0,4,0,0,4,0
0xa5d0f4,97.5758%,4,161,165,0,0,4,161
0x47fcef,78.9474%,4,15,19,15,4,0,0
0x5097b9,99.9268%,4,5464,5468,0,0,4,5464
0x8f2773,99.1131%,4,447,451,447,4,0,0
0xa5d16b,84%,4,21,25,1,0,4,20
0x8df5b5,90.4762%,4,38,42,0,2,2,38
0x81445d,99.2509%,4,530,534,0,0,4,530
0xa505cc,89.4737%,4,34,38,0,0,4,34
0xa3032e,98.4314%,4,251,255,0,0,4,251
0x8c75b5,99.7922%,4,1921,1925,1921,4,0,0
0x4ab1db,20%,4,1,5,0,0,4,1
0x8063ef,89.7436%,4,35,39,35,3,1,0
0x673d8f,78.9474%,4,15,19,10,2,2,5
0x8fda42,94.9367%,4,75,79,75,4,0,0
0x58e430,91.1111%,4,41,45,0,0,4,41
0x557d8b,66.6667%,4,8,12,8,4,0,0
0xa46bad,95.8333%,4,92,96,0,0,4,92
0x8f0e11,90%,4,36,40,36,4,0,0
0x5462a4,98.8571%,4,346,350,0,0,4,346
0x4999b2,96.8504%,4,123,127,51,2,2,72
0x5b1c97,91.4894%,4,43,47,32,4,0,11
0x9a1c3a,91.4894%,4,43,47,24,2,2,19
0xa48d21,97.6048%,4,163,167,163,4,0,0
0x94ed6b,86.6667%,4,26,30,0,0,4,26
0x5f0578,85.1852%,4,23,27,0,0,4,23
0xa90a84,0%,4,0,4,0,4,0,0
0xa519db,55.5556%,4,5,9,1,1,3,4
0x4ab224,20%,4,1,5,1,4,0,0
0xa944c6,86.2069%,4,25,29,0,0,4,25
0x9e05d1,93.1034%,4,54,58,0,0,4,54
0x53f2c1,99.0676%,4,425,429,0,0,4,425
0x50b77a,99.2819%,4,553,557,0,0,4,553
0xa55f1e,76.4706%,4,13,17,4,2,2,9
0x811a27,99.5283%,4,844,848,841,2,2,3
0x4b8647,63.6364%,4,7,11,7,4,0,0
0x807827,99.5283%,4,844,848,826,4,0,18
0xa05ffe,75%,4,12,16,3,2,2,9
0xa98152,92.7273%,4,51,55,51,1,3,0
0x8bd6d0,99.805%,4,2047,2051,2047,4,0,0
0x9e5dc2,88.5714%,4,31,35,17,1,3,14
0x673d4b,89.4737%,4,34,38,16,3,1,18
0x4a72b3,98.2301%,4,222,226,0,0,4,222
0x40deff,96.2963%,4,104,108,103,2,2,1
0x58e286,94.6667%,4,71,75,71,4,0,0
0x902791,92.1569%,4,47,51,10,2,2,37
0x4b9e7f,98.1221%,4,209,213,46,0,4,163
0x54822b,99.9414%,4,6825,6829,0,0,4,6825
0x95c4b8,77.7778%,4,14,18,12,0,4,2
0x5fff7d,99.5215%,4,832,836,832,4,0,0
0x544ab5,92.9825%,4,53,57,0,0,4,53
0x4ad228,80%,4,16,20,16,4,0,0
0x490c5e,84.6154%,4,22,26,0,0,4,22
0x58dcb1,97.2028%,4,139,143,71,4,0,68
0x58f951,90.2439%,4,37,41,0,0,4,37
0xaadc31,98.7692%,4,321,325,0,0,4,321
0x9e3f9a,98.419%,4,249,253,249,4,0,0
0x9a1dc3,73.3333%,4,11,15,0,0,4,11
0x67c24f,99.856%,4,2773,2777,0,0,4,2773
0x821336,99.8884%,4,3580,3584,0,0,4,3580
0xa338fd,20%,4,1,5,1,4,0,0
0x78ad41,82.6087%,4,19,23,19,4,0,0
0x9ec443,33.3333%,4,2,6,2,1,3,0
0x5cf330,75%,4,12,16,8,1,3,4
0xa50f8c,89.4737%,4,34,38,34,4,0,0
0xa50f65,89.4737%,4,34,38,0,0,4,34
0x5021d9,96.9466%,4,127,131,0,0,4,127
0x5f87bb,93.3333%,4,56,60,55,4,0,1
0x5faca3,99.4695%,4,750,754,750,4,0,0
0x8ebb3c,99.1786%,4,483,487,483,4,0,0
0x59c140,98.1308%,4,210,214,210,4,0,0
0x4a6ff7,93.5484%,4,58,62,0,2,2,58
0xa90b2b,33.3333%,4,2,6,0,2,2,2
0x5456cc,99.6198%,4,1048,1052,0,0,4,1048
0x99dade,80.9524%,4,17,21,17,4,0,0
0x5b1941,71.4286%,4,10,14,9,4,0,1
0x808e72,97.9695%,4,193,197,0,1,3,193
0x5f7763,0%,4,0,4,0,4,0,0
0x610ce4,86.6667%,4,26,30,0,0,4,26
0x6709dc,78.9474%,4,15,19,15,4,0,0
0x902133,91.6667%,4,44,48,14,2,2,30
0x9ed68c,93.2203%,4,55,59,55,4,0,0
0xa50d6a,0%,4,0,4,0,4,0,0
0xa50e57,0%,4,0,4,0,4,0,0
0x8379ce,94.7368%,4,72,76,26,2,2,46
0x48f89f,77.7778%,4,14,18,4,2,2,10
0xa938eb,88.8889%,4,32,36,24,1,3,8
0xa90efc,0%,4,0,4,0,0,4,0
0xa32734,94.8718%,4,74,78,74,4,0,0
0x9a100e,73.3333%,4,11,15,11,4,0,0
0xa50ed7,97.5758%,4,161,165,0,0,4,161
0x53baff,99.5951%,4,984,988,0,0,4,984
0x5f77c5,0%,4,0,4,0,0,4,0
0x4a62c2,60%,4,6,10,0,2,2,6
0x95adae,82.6087%,4,19,23,5,3,1,14
0x677b5b,98.8796%,4,353,357,0,0,4,353
0x5c6ce9,99.3139%,4,579,583,0,0,4,579
0xa545e5,50%,4,4,8,1,1,3,3
0x5f4b81,42.8571%,4,3,7,3,4,0,0
0xa3051a,99.3579%,4,619,623,0,0,4,619
0x5fb8e2,92.7273%,4,51,55,25,4,0,26
0x5b16dd,99.2308%,4,516,520,0,0,4,516
0x5451e1,0%,4,0,4,0,0,4,0
0x402938,99.7101%,4,1376,1380,1066,2,2,310
0x40a2ba,87.0968%,4,27,31,27,4,0,0
0x817e5f,98.4%,4,246,250,4,4,0,242
0x9c3cc6,91.1111%,4,41,45,41,4,0,0
0x8e5776,87.5%,4,28,32,13,3,1,15
0x837ecf,96.1538%,4,100,104,100,2,2,0
0x944f9d,97.8022%,4,178,182,0,0,4,178
0x6706a9,76.4706%,4,13,17,13,4,0,0
0xa47e72,88.5714%,4,31,35,31,4,0,0
0xa45e64,0%,4,0,4,0,4,0,0
0x82267a,99.1667%,4,476,480,476,4,0,0
0x65bd54,97.7401%,4,173,177,173,4,0,0
0x81c033,98.7768%,4,323,327,0,0,4,323
0x94989e,94.9367%,4,75,79,0,0,4,75
0xa33069,98.5915%,4,280,284,0,0,4,280
0x9eccec,96.6667%,4,116,120,9,1,3,107
0x8e0c8a,96.4286%,4,108,112,108,4,0,0
0x677ce9,99.5851%,4,960,964,960,4,0,0
0xa15ca6,71.4286%,4,10,14,7,0,4,3
0x7d25b2,99.2793%,4,551,555,168,4,0,383
0x9e1ae9,96.6667%,4,116,120,0,2,2,116
0x5f79bd,98.1481%,4,212,216,1,2,2,211
0x48dfba,90.2439%,4,37,41,10,4,0,27
0xa3abd2,71.4286%,4,10,14,10,4,0,0
0x5ae23b,93.9394%,4,62,66,0,0,4,62
0x50620a,99.3818%,4,643,647,0,0,4,643
0xb2fdeb,98.3402%,4,237,241,0,0,4,237
0x8a94b7,99.984%,4,24934,24938,24934,4,0,0
0xa45f24,42.8571%,4,3,7,0,4,0,3
0x53ba34,96.9697%,4,128,132,127,1,3,1
0x5970e4,99.1304%,4,456,460,0,0,4,456
0x787f15,93.9394%,4,62,66,4,2,2,58
0x4bd154,42.8571%,4,3,7,0,0,4,3
0x673dc0,20%,4,1,5,1,4,0,0
0x49367e,96.875%,4,124,128,124,4,0,0
0x5ae602,84%,4,21,25,18,3,1,3
0x8ef0d6,99.1131%,4,447,451,0,0,4,447
0x8ef141,98.8201%,4,335,339,335,4,0,0
0x48e11d,86.6667%,4,26,30,15,0,4,11
0x8f41bf,98.7692%,4,321,325,321,4,0,0
0x4c167c,97.9798%,4,194,198,183,3,1,11
0x627d75,82.6087%,4,19,23,19,4,0,0
0x94eec6,86.6667%,4,26,30,26,4,0,0
0x8f0a03,55.5556%,4,5,9,1,4,0,4
0x806882,94.6667%,4,71,75,0,0,4,71
0x8ff307,60%,4,6,10,1,2,2,5
0x94eda1,86.6667%,4,26,30,0,0,4,26
0x7e11a2,85.1852%,4,23,27,8,2,2,15
0xa379d1,60%,4,6,10,5,3,1,1
0x80644a,75%,4,12,16,5,2,2,7
0x8ec591,96.2264%,4,102,106,102,2,2,0
0x9a805b,87.0968%,4,27,31,27,4,0,0
0x547aab,98.8166%,4,334,338,334,0,4,0
0x48f08c,87.8788%,4,29,33,29,4,0,0
0xa36c03,42.8571%,4,3,7,2,2,2,1
0x5cb07e,99.5485%,4,882,886,0,0,4,882
0x8ab061,99.5327%,4,852,856,852,4,0,0
0x5f1bf4,42.8571%,4,3,7,0,0,4,3
0x811495,99.5266%,4,841,845,0,2,2,841
0x627d8d,82.6087%,4,19,23,0,0,4,19
0x908e63,99.5521%,4,889,893,621,4,0,268
0x63854a,99.0431%,4,414,418,414,4,0,0
0x7b7fc0,96.9697%,4,128,132,13,3,1,115
0xad7bab,95.4023%,4,83,87,83,4,0,0
0x8fdc8e,99.4764%,4,760,764,0,0,4,760
0x4a1da5,99.7253%,4,1452,1456,1452,4,0,0
0x9f6c24,98.5019%,4,263,267,24,2,2,239
0x555ffb,91.1111%,4,41,45,41,1,3,0
0x9fecc4,86.6667%,4,26,30,26,4,0,0
0x609c6f,99.3994%,4,662,666,0,0,4,662
0xa3966f,99.7317%,4,1487,1491,0,0,4,1487
0xa530db,97.9167%,4,188,192,0,0,4,188
0x49baca,98.0392%,4,200,204,200,2,2,0
0x4c5a03,83.3333%,4,20,24,2,1,3,18
0x5bd4bb,99.793%,4,1928,1932,0,0,4,1928
0x4aaef6,63.6364%,4,7,11,7,4,0,0
0x8de111,99.834%,4,2405,2409,2405,4,0,0
0x48f0b2,96.8992%,4,125,129,123,3,1,2
0x4b9f9e,93.6508%,4,59,63,59,4,0,0
0x8ecaad,63.6364%,4,7,11,7,2,2,0
0x4aaf21,63.6364%,4,7,11,7,3,1,0
0x8ecaa8,63.6364%,4,7,11,0,0,4,7
0x80fb9e,94.2857%,4,66,70,66,4,0,0
0x9805a9,95.8763%,4,93,97,45,2,2,48
0x49eeb2,94.2857%,4,66,70,12,2,2,54
0x49c608,99.1247%,4,453,457,453,4,0,0
0x50eeaa,95.2941%,4,81,85,0,2,2,81
0x908a79,99.5838%,4,957,961,957,4,0,0
0x88e2b1,95.9184%,4,94,98,0,0,4,94
0x6104d5,98.4791%,4,259,263,0,0,4,259
0xb22b4d,99.7859%,4,1864,1868,1864,4,0,0
0x49cb13,98.9796%,4,388,392,0,0,4,388
0x490c40,84.6154%,4,22,26,22,4,0,0
0x971161,60%,4,6,10,3,2,2,3
0x63e541,99.5825%,4,954,958,0,0,4,954
0x58f8c7,93.1034%,4,54,58,0,0,4,54
0x7d2084,77.7778%,4,14,18,9,2,2,5
0x480c56,55.5556%,4,5,9,5,4,0,0
0x9e7a1b,97.6331%,4,165,169,21,3,1,144
0xa4cf67,75%,4,12,16,4,4,0,8
0x8ec2fd,99.636%,4,1095,1099,1095,3,1,0
0x49c775,99.449%,4,722,726,722,4,0,0
0x8174ba,95.6522%,4,88,92,88,4,0,0
0x8f12b5,90%,4,36,40,36,4,0,0
0x8ad58e,98.2684%,4,227,231,0,2,2,227
0xa530ed,97.9167%,4,188,192,0,0,4,188
0xa595c0,98.0198%,4,198,202,198,4,0,0
0xa9362b,97.6331%,4,165,169,165,4,0,0
0x4fda98,98.7461%,4,315,319,0,0,4,315
0x9fc105,98.6928%,4,302,306,0,0,4,302
0x64f206,76.4706%,4,13,17,0,0,4,13
0x5be567,97.6471%,4,166,170,166,4,0,0
0x6188f9,98.7578%,4,318,322,5,1,3,313
0x8a9ed8,99.1416%,4,462,466,0,0,4,462
0x402fc1,94.2029%,4,65,69,65,4,0,0
0x8a8c3b,99.3651%,4,626,630,43,2,2,583
0x81bb63,98.7382%,4,313,317,0,0,4,313
0x9082e2,99.4152%,4,680,684,680,4,0,0
0x48fea1,60%,4,6,10,6,4,0,0
0xb17eaa,99.623%,4,1057,1061,1057,4,0,0
0xa429e3,85.7143%,4,24,28,24,4,0,0
0x8e9d0f,0%,4,0,4,0,4,0,0
0x94e97c,86.6667%,4,26,30,0,0,4,26
0x8bb416,73.3333%,4,11,15,0,0,4,11
0x480e22,55.5556%,4,5,9,5,4,0,0
0x5b3a07,98.01%,4,197,201,197,4,0,0
0xa909b3,97.3154%,4,145,149,0,0,4,145
0xa968ca,97.619%,4,164,168,164,4,0,0
0x8042e8,80.9524%,4,17,21,4,1,3,13
0x4b506b,96.9231%,4,126,130,0,0,4,126
0x91756a,98%,4,196,200,196,4,0,0
0x5f64b4,94.8052%,4,73,77,73,2,2,0
0x94eb77,95.5556%,4,86,90,0,0,4,86
0x639c3e,99.3865%,4,648,652,648,4,0,0
0x53e854,50%,4,4,8,4,0,4,0
0x51c216,76.4706%,4,13,17,0,0,4,13
0x8ffc60,94.5946%,4,70,74,3,3,1,67
0x7bb91d,0%,4,0,4,0,0,4,0
0xa39f5d,86.6667%,4,26,30,26,4,0,0
0x4051ac,99.9441%,4,7148,7152,0,0,4,7148
0x4106ff,55.5556%,4,5,9,3,2,2,2
0x40e9e0,98.7382%,4,313,317,313,4,0,0
0xb24657,99.9664%,4,11895,11899,0,0,4,11895
0x80a934,99.2366%,4,520,524,520,2,2,0
0xa90e2a,0%,4,0,4,0,4,0,0
0x96aec1,91.3043%,4,42,46,5,3,1,37
0xb24617,99.9664%,4,11895,11899,0,0,4,11895
0x96ae75,78.9474%,4,15,19,0,0,4,15
0x50d6db,99.1984%,4,495,499,0,0,4,495
0x97516c,78.9474%,4,15,19,0,0,4,15
0x814044,98.4127%,4,248,252,248,4,0,0
0x5f14f5,89.4737%,4,34,38,0,0,4,34
0x4a0414,75%,4,12,16,12,4,0,0
0xa5be9d,87.5%,4,28,32,22,2,2,6
0x80e884,83.3333%,4,20,24,12,0,4,8
0x8106e7,95.2381%,4,80,84,42,0,4,38
0x5c501a,96.1165%,4,99,103,99,4,0,0
0xa2f9a9,95.1807%,4,79,83,2,3,1,77
0x80ec6a,98.913%,4,364,368,364,4,0,0
0x80ebb7,98.913%,4,364,368,364,4,0,0
0x4fdc65,98.2609%,4,226,230,147,1,3,79
0xa502ed,75%,4,12,16,12,0,4,0
0x8edddf,99.1131%,4,447,451,0,0,4,447
0x9ab483,95.5056%,4,85,89,34,4,0,51
0x8a70d9,92.8571%,4,52,56,52,4,0,0
0x552b1d,87.5%,4,28,32,0,4,0,28
0x40db94,99.9432%,4,7043,7047,0,0,4,7043
0x80f1f8,97.6471%,4,166,170,166,4,0,0
0x833ce9,94.6667%,4,71,75,71,2,2,0
0x94cab9,93.75%,4,60,64,22,2,2,38
0x598f08,78.9474%,4,15,19,14,4,0,1
0x9a356a,85.7143%,4,24,28,7,1,3,17
0x9f6b40,90.9091%,4,40,44,40,4,0,0
0x8080d3,99.5255%,4,839,843,839,2,2,0
0x49faf4,97.351%,4,147,151,6,3,1,141
0x5b9e9b,50%,4,4,8,0,3,1,4
0x7acd4b,80.9524%,4,17,21,16,3,1,1
0x63f485,98%,4,196,200,196,2,2,0
0x80d6c6,0%,4,0,4,0,4,0,0
0x90aca2,98.0583%,4,202,206,202,4,0,0
0x9f4ac7,98.2379%,4,223,227,223,4,0,0
0x9ab90d,98.2684%,4,227,231,0,0,4,227
0x50fde2,99.9696%,4,13153,13157,0,0,4,13153
0x80dbb4,98.1818%,4,216,220,216,4,0,0
0x68375b,91.4894%,4,43,47,0,0,4,43
0x4ac191,97.6744%,4,168,172,0,0,4,168
0x4ac146,97.6744%,4,168,172,168,4,0,0
0x48c390,42.8571%,4,3,7,3,4,0,0
0x8116b0,99.2857%,4,556,560,556,4,0,0
0x547366,93.4426%,4,57,61,0,0,4,57
0x9a30c0,98.524%,4,267,271,267,3,1,0
0x67f0cf,99.9063%,4,4265,4269,0,0,4,4265
0x80d84f,0%,4,0,4,0,0,4,0
0x804dcf,0%,4,0,4,0,0,4,0
0x5ea9bd,98.1818%,4,216,220,0,0,4,216
0x555fac,98.3673%,4,241,245,241,1,3,0
0xa9e9fa,98.2301%,4,222,226,0,0,4,222
0x8dbb4c,98.7302%,4,311,315,311,4,0,0
0x5f77df,0%,4,0,4,0,4,0,0
0x8a9286,99.7279%,4,1466,1470,0,0,4,1466
0xb180b1,99.7218%,4,1434,1438,0,0,4,1434
0x8a91f4,66.6667%,4,8,12,1,2,2,7
0x673d3c,89.4737%,4,34,38,0,0,4,34
0x48d6d1,94.2029%,4,65,69,0,0,4,65
0x5b9c44,96.4286%,4,108,112,108,4,0,0
0xa319b1,98.1481%,4,212,216,2,1,3,210
0xaca884,85.7143%,4,24,28,24,4,0,0
0x80f207,97.6471%,4,166,170,0,0,4,166
0x4a7d2c,98.5401%,4,270,274,270,3,1,0
0x9e0b1d,98.4791%,4,259,263,0,0,4,259
0x5bd567,99.917%,4,4814,4818,0,0,4,4814
0x8e34d1,99.7977%,4,1973,1977,1973,4,0,0
0x40952f,50%,4,4,8,4,4,0,0
0x7a0fa5,88.5714%,4,31,35,31,4,0,0
0x5d1044,99.6787%,4,1241,1245,1241,4,0,0
0x559058,98.8406%,4,341,345,9,3,1,332
0x49bc9f,33.3333%,4,2,6,0,0,4,2
0xa577e0,71.4286%,4,10,14,0,0,4,10
0xb2edc4,98.3264%,4,235,239,0,0,4,235
0x5f9dd2,80.9524%,4,17,21,17,4,0,0
0x481b95,78.9474%,4,15,19,7,3,1,8
0xa4ba6e,97.9381%,4,190,194,0,0,4,190
0x4876a0,73.3333%,4,11,15,0,0,4,11
0x7ac00f,96.9925%,4,129,133,129,4,0,0
0x973b54,60%,4,6,10,0,0,4,6
0x9f5a85,96.4286%,4,108,112,0,4,0,108
0x49a570,71.4286%,4,10,14,3,1,3,7
0x40bd16,0%,4,0,4,0,4,0,0
0x9cfbbc,96.748%,4,119,123,119,4,0,0
0xa037b1,99.9294%,4,5663,5667,5663,4,0,0
0x5d0e1e,99.6787%,4,1241,1245,1241,4,0,0
0x64bede,99.7391%,4,1529,1533,0,0,4,1529
0xa2dc8e,88.8889%,4,32,36,0,0,4,32
0x5c56de,95.1807%,4,79,83,0,0,4,79
0x80382d,94.6667%,4,71,75,71,2,2,0
0x49ddb0,85.7143%,4,24,28,0,0,4,24
0xa2870d,80.9524%,4,17,21,0,0,4,17
0xa023c3,99.1489%,4,466,470,0,0,4,466
0xa15af8,33.3333%,4,2,6,0,0,4,2
0x499de6,91.6667%,4,44,48,12,4,0,32
0x409d7d,42.8571%,4,3,7,0,2,2,3
0x40218a,99.9258%,4,5388,5392,0,0,4,5388
0x90baa7,99.6435%,4,1118,1122,1118,4,0,0
0x538c40,63.6364%,4,7,11,6,1,3,1
0x9a6b0d,69.2308%,4,9,13,0,4,0,9
0x48d636,99.9113%,4,4507,4511,0,0,4,4507
0x9e859c,98.6014%,4,282,286,63,4,0,219
0x40a36d,50%,4,4,8,4,2,2,0
0x64cd68,99.2565%,4,534,538,95,4,0,439
0x40a934,88.5714%,4,31,35,0,0,4,31
0x638858,99.8932%,4,3742,3746,0,0,4,3742
0x8bc050,66.6667%,4,8,12,1,1,3,7
0x80bb04,42.8571%,4,3,7,1,1,3,2
0xa23929,95.1807%,4,79,83,79,4,0,0
0x551182,83.3333%,4,20,24,2,1,3,18
0x61144a,90.4762%,4,38,42,0,0,4,38
0xa63ac1,0%,4,0,4,0,0,4,0
0x51b107,69.2308%,4,9,13,0,0,4,9
0xa29eea,75%,4,12,16,12,4,0,0
0x4ba15c,94.7368%,4,72,76,1,2,2,71
0xa4bd27,0%,4,0,4,0,0,4,0
0x5d10d2,99.6787%,4,1241,1245,1241,4,0,0
0x90c9b9,96.1905%,4,101,105,0,0,4,101
0xb2e771,99.6772%,4,1235,1239,0,0,4,1235
0x9ef29b,87.8788%,4,29,33,29,4,0,0
0x4bd5ef,50%,4,4,8,1,0,4,3
0x9ef216,97.7011%,4,170,174,170,4,0,0
0x58e697,33.3333%,4,2,6,0,0,4,2
0x9fbf86,98.6928%,4,302,306,0,0,4,302
0x9abd1f,73.3333%,4,11,15,11,4,0,0
0x90bb69,81.8182%,4,18,22,0,0,4,18
0xa1b15f,92.4528%,4,49,53,46,2,2,3
0x5efc46,94.2857%,4,66,70,0,2,2,66
0x8a5dd5,98.7261%,4,310,314,310,4,0,0
0x8147ba,99.2203%,4,509,513,0,0,4,509
0x4b8b1a,75%,4,12,16,10,2,2,2
0x48e68b,91.6667%,4,44,48,0,0,4,44
0x5bb151,92.4528%,4,49,53,0,0,4,49
0x97140b,42.8571%,4,3,7,3,4,0,0
0x8df9e8,69.2308%,4,9,13,5,1,3,4
0x5bd916,99.5825%,4,954,958,954,4,0,0
0x556fe5,95.2941%,4,81,85,0,0,4,81
0x8e0306,99.2982%,4,566,570,0,0,4,566
0x9e3f5a,80.9524%,4,17,21,0,2,2,17
0xa4a111,95.4023%,4,83,87,0,0,4,83
0x81a829,99.4744%,4,757,761,0,0,4,757
0x48a6fa,99.8115%,4,2118,2122,0,0,4,2118
0x4b9e8b,97.6048%,4,163,167,12,0,4,151
0x811577,99.5283%,4,844,848,842,1,3,2
0x4bf387,89.1892%,4,33,37,0,0,4,33
0x4ab53e,84%,4,21,25,0,0,4,21
0x4099c8,97.7143%,4,171,175,17,3,1,154
0x609dc7,97.9381%,4,190,194,0,0,4,190
0x60e3af,0%,4,0,4,0,4,0,0
0x49a491,75%,4,12,16,12,4,0,0
0xa5f8af,50%,4,4,8,0,0,4,4
0xa469c4,98.2301%,4,222,226,222,3,1,0
0x7d277f,99.1935%,4,492,496,382,3,1,110
0x808f22,76.4706%,4,13,17,0,0,4,13
0xa5f953,99.0805%,4,431,435,431,4,0,0
0x82209e,98.6928%,4,302,306,302,4,0,0
0x8f61a8,94.3662%,4,67,71,56,1,3,11
0x9519d7,97.0588%,4,132,136,132,4,0,0
0xa3a47d,98.9041%,4,361,365,361,4,0,0
0xa5f9eb,99.0805%,4,431,435,0,0,4,431
0x858e29,50%,4,4,8,0,0,4,4
0x7d09dc,99.3631%,4,624,628,624,4,0,0
0x8f6aca,98.8095%,4,332,336,168,0,4,164
0x9f9ae8,96.3303%,4,105,109,105,4,0,0
0x5cb087,99.5485%,4,882,886,0,0,4,882
0x550e9b,83.3333%,4,20,24,0,0,4,20
0xa1ad06,63.6364%,4,7,11,4,2,2,3
0x9be475,91.6667%,4,44,48,12,4,0,32
0x8ee765,97.6471%,4,166,170,0,0,4,166
0xa15cc8,66.6667%,4,8,12,2,4,0,6
0x4bd17e,33.3333%,4,2,6,1,1,3,1
0x507fc2,99.3031%,4,570,574,570,4,0,0
0x48bf96,60%,4,6,10,3,2,2,3
0x550dee,83.3333%,4,20,24,20,4,0,0
0xaa07af,96%,4,96,100,96,4,0,0
0x8e9292,95.2941%,4,81,85,80,2,2,1
0xa262f3,99.3432%,4,605,609,139,2,2,466
0x9e2937,86.6667%,4,26,30,1,4,0,25
0x4c750e,77.7778%,4,14,18,13,3,1,1
0xa0a551,66.6667%,4,8,12,4,0,4,4
0xa5aa5e,60%,4,6,10,6,4,0,0
0x8aacf6,81.8182%,4,18,22,18,4,0,0
0x5af23f,99.4203%,4,686,690,0,0,4,686
0x48a6ed,99.8779%,4,3272,3276,0,0,4,3272
0x8d24d0,90.4762%,4,38,42,0,0,4,38
0x53bb83,96.9697%,4,128,132,0,0,4,128
0x489e6f,94.1176%,4,64,68,64,4,0,0
0x4b499a,97.1014%,4,134,138,134,4,0,0
0x5ebcfa,73.3333%,4,11,15,0,0,4,11
0x9fc6b9,66.6667%,4,8,12,0,2,2,8
0x8bb254,99.022%,4,405,409,405,4,0,0
0x5062db,99.3818%,4,643,647,0,0,4,643
0xa5d1c9,87.8788%,4,29,33,5,4,0,24
0xa5d1a9,87.8788%,4,29,33,0,0,4,29
0x8a750d,98.4496%,4,254,258,254,4,0,0
0x8115f1,99.5255%,4,839,843,839,2,2,0
0x8f4cfc,99.8377%,4,2460,2464,0,0,4,2460
0x5b9e41,50%,4,4,8,0,2,2,4
0x697981,92.8571%,4,52,56,0,0,4,52
0x99f777,69.2308%,4,9,13,9,4,0,0
0x4c8078,81.8182%,4,18,22,0,0,4,18
0x544a34,77.7778%,4,14,18,6,3,1,8
0x4c805d,81.8182%,4,18,22,0,0,4,18
0x4a5e27,93.8462%,4,61,65,61,4,0,0
0x4a590e,92.7273%,4,51,55,0,0,4,51
0xaada61,98.4314%,4,251,255,251,4,0,0
0x9f3ad2,0%,4,0,4,0,4,0,0
0x90294d,99.2188%,4,508,512,508,4,0,0
0xa9bce5,60%,4,6,10,6,4,0,0
0x4a5b52,92.7273%,4,51,55,51,4,0,0
0x63f826,99.884%,4,3443,3447,0,2,2,3443
0x8efe90,71.4286%,4,10,14,0,3,1,10
0x945ec7,78.9474%,4,15,19,15,4,0,0
0x9023cf,81.8182%,4,18,22,0,0,4,18
0x4a5b45,90.9091%,4,40,44,0,0,4,40
0x507c77,99.0868%,4,434,438,0,0,4,434
0x539c94,90.4762%,4,38,42,36,4,0,2
0x60e398,60%,4,6,10,2,3,1,4
0x5b9b08,93.8462%,4,61,65,0,0,4,61
0x4bca4e,75%,4,12,16,0,0,4,12
0x8ea272,99.7467%,4,1575,1579,1575,0,4,0
0x9d1bc5,78.9474%,4,15,19,0,2,2,15
0x8ff991,96.5217%,4,111,115,111,4,0,0
0x977b68,80.9524%,4,17,21,4,3,1,13
0x835ddd,80%,4,16,20,0,0,4,16
0x9ef41f,93.3333%,4,56,60,0,0,4,56
0xa8e4c7,33.3333%,4,2,6,1,2,2,1
0x9c3848,98.8701%,4,350,354,350,4,0,0
0x5f55dc,50%,4,4,8,4,0,4,0
0x943953,94.6667%,4,71,75,71,4,0,0
0xa30364,97.6471%,4,166,170,166,4,0,0
0x4857d4,85.1852%,4,23,27,11,1,3,12
0x97ba0a,96.4912%,4,110,114,27,4,0,83
0x90b20b,98.3264%,4,235,239,235,4,0,0
0x90ba29,99.3019%,4,569,573,0,0,4,569
0x9f0b71,95.7895%,4,91,95,91,4,0,0
0x4ab506,88.2353%,4,30,34,27,1,3,3
0xa91707,88.8889%,4,32,36,0,0,4,32
0x9732d3,90.4762%,4,38,42,0,0,4,38
0x58e5dc,33.3333%,4,2,6,1,2,2,1
0x509883,99.8926%,4,3721,3725,0,0,4,3721
0xa9376c,86.2069%,4,25,29,0,0,4,25
0x5ffcc4,96.875%,4,124,128,0,0,4,124
0x95195f,97.3684%,4,148,152,10,2,2,138
0x8a8c2b,99.3651%,4,626,630,43,2,2,583
0x819994,98.7342%,4,312,316,312,4,0,0
0x5f5569,90%,4,36,40,36,4,0,0
0x5df0f4,99.7423%,4,1548,1552,0,0,4,1548
0x99aff4,90%,4,36,40,0,0,4,36
0xad4523,33.3333%,4,2,6,2,4,0,0
0x8d37db,80.9524%,4,17,21,3,2,2,14
0x58c909,98.773%,4,322,326,322,4,0,0
0x8d3310,83.3333%,4,20,24,20,1,3,0
0x821254,99.679%,4,1242,1246,1242,4,0,0
0xa548b2,92.5926%,4,50,54,50,4,0,0
0x977f14,99.737%,4,1517,1521,909,2,2,608
0x9f283f,99.5122%,4,816,820,816,4,0,0
0xa265f4,99.6051%,4,1009,1013,0,0,4,1009
0xa4b6d8,98.3122%,4,233,237,0,0,4,233
0x8a8827,71.4286%,4,10,14,0,2,2,10
0x90bbb1,81.8182%,4,18,22,18,4,0,0
0x591f4d,94.2857%,4,66,70,0,0,4,66
0xb1c919,99.5019%,4,799,803,799,4,0,0
0x4aaee6,63.6364%,4,7,11,0,0,4,7
0x47fa47,78.9474%,4,15,19,15,4,0,0
0x8d4273,63.6364%,4,7,11,7,4,0,0
0x8d41f3,92.5926%,4,50,54,50,3,1,0
0x8fdc76,99.4764%,4,760,764,0,0,4,760
0x8efe5a,71.4286%,4,10,14,0,0,4,10
0x9095d9,99.7844%,4,1851,1855,1851,4,0,0
0x511148,99.4286%,4,696,700,0,0,4,696
0xa28fe2,75%,4,12,16,12,4,0,0
0x8ae923,71.4286%,4,10,14,3,4,0,7
0x511dda,98.9583%,4,380,384,380,4,0,0
0x8d4123,63.6364%,4,7,11,6,3,1,1
0x99e0ea,73.3333%,4,11,15,11,4,0,0
0x959664,96.875%,4,124,128,3,1,3,121
0xa35d78,99.1071%,4,444,448,0,0,4,444
0x4b67c7,97.2222%,4,140,144,0,0,4,140
0x8f0dcb,90%,4,36,40,31,1,3,5
0x9a0f48,80.9524%,4,17,21,0,0,4,17
0x991307,96.2963%,4,104,108,88,3,1,16
0xa414f2,84%,4,21,25,21,4,0,0
0x8d3ef3,77.7778%,4,14,18,2,3,1,12
0x8ff09a,97.7273%,4,172,176,172,4,0,0
0x6416a6,99.7517%,4,1607,1611,1607,4,0,0
0x8aebaa,97.2603%,4,142,146,5,2,2,137
0x9a3989,80.9524%,4,17,21,17,4,0,0
0x9aa3b5,89.1892%,4,33,37,0,2,2,33
0x805acf,95.2381%,4,80,84,0,0,4,80
0xa3009f,98.2456%,4,224,228,0,0,4,224
0x8ef3e6,91.6667%,4,44,48,44,4,0,0
0x60e4ab,99.1011%,4,441,445,441,4,0,0
0x80601d,98.1982%,4,218,222,0,0,4,218
0x4b9adb,69.2308%,4,9,13,4,2,2,5
0x8f6912,99.3985%,4,661,665,0,0,4,661
0x8ab0ba,99.5327%,4,852,856,0,0,4,852
0xa0a574,66.6667%,4,8,12,8,2,2,0
0xa355e0,98.6755%,4,298,302,298,4,0,0
0x5bb3f8,93.9394%,4,62,66,0,2,2,62
0x60df9f,95.9184%,4,94,98,78,1,3,16
0x50a0e8,92.8571%,4,52,56,0,0,4,52
0x60e024,95.9184%,4,94,98,16,3,1,78
0x805fcb,99.707%,4,1361,1365,1361,4,0,0
0x8f6954,97.619%,4,164,168,164,4,0,0
0xa5032d,98.8827%,4,354,358,354,4,0,0
0xa942b7,97.4684%,4,154,158,154,4,0,0
0x5511bb,80.9524%,4,17,21,17,4,0,0
0x488c7c,96.5812%,4,113,117,0,0,4,113
0xa49833,98.5714%,4,276,280,276,4,0,0
0xa90bf6,97.0803%,4,133,137,133,4,0,0
0x99ba3c,97.8947%,4,186,190,186,4,0,0
0x4c979e,76.4706%,4,13,17,3,2,2,10
0x4c52d1,83.3333%,4,20,24,3,3,1,17
0x8a71e0,99.6272%,4,1069,1073,0,0,4,1069
0x40a12f,69.2308%,4,9,13,0,0,4,9
0xa47284,97.6048%,4,163,167,0,0,4,163
0x9e54f6,97.6331%,4,165,169,165,4,0,0
0x4c13fe,83.3333%,4,20,24,15,2,2,5
0x49a48b,75%,4,12,16,0,0,4,12
0x48de13,97.351%,4,147,151,147,4,0,0
0xa4c6ec,0%,4,0,4,0,4,0,0
0x908654,99.7517%,4,1607,1611,0,0,4,1607
0x9dfa44,98.1308%,4,210,214,0,0,4,210
0x5ebdb8,42.8571%,4,3,7,3,4,0,0
0xa343ad,91.8367%,4,45,49,0,0,4,45
0x63ede1,99.7846%,4,1853,1857,0,0,4,1853
0x4bc5cd,66.6667%,4,8,12,1,1,3,7
0xa4cf18,71.4286%,4,10,14,0,0,4,10
0x481e40,78.9474%,4,15,19,0,0,4,15
0x67f5cf,99.3569%,4,618,622,252,4,0,366
0xa02a63,66.6667%,4,8,12,0,0,4,8
0x8ed72a,99.5754%,4,938,942,938,3,1,0
0xa56196,96.8254%,4,122,126,122,4,0,0
0x9a6a15,71.4286%,4,10,14,5,4,0,5
0x622ec5,20%,4,1,5,1,4,0,0
0x67de7d,89.4737%,4,34,38,34,4,0,0
0x4ad87b,80.9524%,4,17,21,7,1,3,10
0x54facd,97.2028%,4,139,143,0,0,4,139
0x8e9b0c,80%,4,16,20,13,2,2,3
0x9aa43a,81.8182%,4,18,22,0,0,4,18
0x9eef2a,94.6667%,4,71,75,0,0,4,71
0xa26025,99.6051%,4,1009,1013,139,2,2,870
0x409845,97.9592%,4,192,196,192,4,0,0
0x8e1f94,98.1308%,4,210,214,210,4,0,0
0x51c727,99.6669%,4,1197,1201,1197,4,0,0
0xa2628d,99.0099%,4,400,404,400,4,0,0
0xa56844,66.6667%,4,8,12,6,0,4,2
0x8337c9,69.2308%,4,9,13,9,2,2,0
0xa4c973,0%,4,0,4,0,0,4,0
0x5c33e1,50%,4,4,8,0,0,4,4
0xa5680c,66.6667%,4,8,12,6,0,4,2
0xa18b6e,80%,4,16,20,16,4,0,0
0x9778f0,96.2617%,4,103,107,69,2,2,34
0xa35de9,71.4286%,4,10,14,0,0,4,10
0x50bca9,90%,4,36,40,0,0,4,36
0xa9c75b,97.1831%,4,138,142,138,4,0,0
0xa51ea1,87.5%,4,28,32,2,2,2,26
0x97843c,99.1614%,4,473,477,473,4,0,0
0x78ab67,94.4444%,4,68,72,0,0,4,68
0xa51e78,89.7436%,4,35,39,3,4,0,32
0x8f3777,98.75%,4,316,320,0,0,4,316
0x4903c6,77.7778%,4,14,18,11,4,0,3
0xa51e4f,89.7436%,4,35,39,0,0,4,35
0x4b6730,63.6364%,4,7,11,0,0,4,7
0x8bdd06,33.3333%,4,2,6,2,3,1,0
0x542376,98.1735%,4,215,219,0,0,4,215
0x97477f,76.4706%,4,13,17,0,0,4,13
0x5423e6,98.1735%,4,215,219,0,0,4,215
0x4c9f49,97.9167%,4,188,192,180,4,0,8
0x9e11af,86.2069%,4,25,29,0,3,1,25
0x555ada,92.7273%,4,51,55,0,0,4,51
0x8ee560,90.4762%,4,38,42,0,0,4,38
0x9a3adb,69.2308%,4,9,13,0,0,4,9
0x50fe1c,99.8098%,4,2099,2103,0,2,2,2099
0x670678,80%,4,16,20,14,3,1,2
0x4aaf9b,63.6364%,4,7,11,3,3,1,4
0x53a0df,86.2069%,4,25,29,25,4,0,0
0xa41138,85.1852%,4,23,27,0,2,2,23
0xa36856,99.0826%,4,432,436,0,0,4,432
0x8b9e87,99.6599%,4,1172,1176,52,3,1,1120
0x9f7f9e,71.4286%,4,10,14,0,0,4,10
0x8336a4,96.5517%,4,112,116,112,2,2,0
0x9f893d,71.4286%,4,10,14,9,0,4,1
0x60de18,95.0617%,4,77,81,0,0,4,77
0x9776da,99.7093%,4,1372,1376,0,0,4,1372
0x67a2e8,82.6087%,4,19,23,19,4,0,0
0x9f861c,71.4286%,4,10,14,0,3,1,10
0x901999,88.2353%,4,30,34,30,4,0,0
0x977784,99.5465%,4,878,882,878,4,0,0
0x48e768,99.9104%,4,4459,4463,4459,4,0,0
0x8a8f49,96.4286%,4,108,112,108,4,0,0
0x81bdf7,99.707%,4,1361,1365,1361,4,0,0
0xa52408,97.5309%,4,158,162,0,0,4,158
0x5b9cc7,84.6154%,4,22,26,19,0,4,3
0x77d894,33.3333%,4,2,6,2,2,2,0
0x9d0ef1,98.513%,4,265,269,0,0,4,265
0x8a8f66,97.0588%,4,132,136,132,4,0,0
0x7d20fa,97.6744%,4,168,172,132,4,0,36
0xa2d347,98.9848%,4,390,394,390,4,0,0
0x53e75b,0%,4,0,4,0,0,4,0
0xa27682,99.6853%,4,1267,1271,0,0,4,1267
0x9f213f,60%,4,6,10,6,4,0,0
0xa55621,99.0172%,4,403,407,403,4,0,0
0x5570e3,98.3539%,4,239,243,239,4,0,0
0x7d2fe2,93.8462%,4,61,65,0,0,4,61
0x8ed09e,55.5556%,4,5,9,5,4,0,0
0x9d0971,96.0784%,4,98,102,49,2,2,49
0x6514d1,95.122%,4,78,82,78,4,0,0
0x7810c0,97.2973%,4,144,148,97,0,4,47
0x4aaef0,63.6364%,4,7,11,0,0,4,7
0x4993e8,90.9091%,4,40,44,40,4,0,0
0x8be39e,99.7046%,4,1350,1354,0,0,4,1350
0x8a9790,99.9498%,4,7962,7966,0,0,4,7962
0x8dd133,93.6508%,4,59,63,59,4,0,0
0x9f5d87,81.8182%,4,18,22,18,4,0,0
0xa2e876,92.4528%,4,49,53,0,0,4,49
0x7d310f,98.8604%,4,347,351,0,0,4,347
0x7d3118,98.8604%,4,347,351,347,4,0,0
0x7d43f0,94.0299%,4,63,67,61,4,0,2
0x6083c8,96.8254%,4,122,126,122,4,0,0
0xa47c42,89.7436%,4,35,39,0,0,4,35
0xa5332d,33.3333%,4,2,6,0,0,4,2
0x9113e6,97.2414%,4,141,145,141,4,0,0
0x4a75c6,97.4359%,4,152,156,1,1,3,151
0x48059a,89.4737%,4,34,38,0,1,3,34
0x4ca4f4,60%,4,6,10,6,4,0,0
0x9a0f5d,80.9524%,4,17,21,17,4,0,0
0x49ce01,81.8182%,4,18,22,18,4,0,0
0x8a5f3d,95.3488%,4,82,86,7,2,2,75
0x5ff1ec,99.1416%,4,462,466,0,0,4,462
0x65a0a3,99.7409%,4,1540,1544,1460,3,1,80
0x8aa8c9,99.4558%,4,731,735,731,4,0,0
0x4ca416,98.1132%,4,208,212,206,4,0,2
0x9f35e7,0%,4,0,4,0,4,0,0
0x55572c,98.3871%,4,244,248,0,3,1,244
0xaa120c,92.5926%,4,50,54,0,0,4,50
0x5ef8b5,76.4706%,4,13,17,13,4,0,0
0x978514,99.1753%,4,481,485,0,0,4,481
0x8ed171,99.6735%,4,1221,1225,1221,4,0,0
0x969529,88.2353%,4,30,34,30,4,0,0
0xa25e5e,94.8718%,4,74,78,74,4,0,0
0x90b2ce,96.9466%,4,127,131,127,4,0,0
0x80fdf6,99.3277%,4,591,595,0,0,4,591
0xa46525,99.1803%,4,484,488,484,4,0,0
0x814acf,93.2203%,4,55,59,0,2,2,55
0x40e049,97.4522%,4,153,157,153,4,0,0
0x9ff70b,81.8182%,4,18,22,17,3,1,1
0xa25d60,94.8718%,4,74,78,0,0,4,74
0x8ee441,90.4762%,4,38,42,38,4,0,0
0xa55108,50%,4,4,8,4,2,2,0
0x8e71ce,98.7915%,4,327,331,327,4,0,0
0x8fddd2,99.7326%,4,1492,1496,0,0,4,1492
0x8c815b,99.7884%,4,1886,1890,1886,3,1,0
0x8f4305,99.7245%,4,1448,1452,1448,4,0,0
0xa92f17,95.4545%,4,84,88,84,4,0,0
0x48a4b8,90%,4,36,40,36,4,0,0
0x4897ed,89.1892%,4,33,37,0,0,4,33
0x8ebb21,99.1786%,4,483,487,0,0,4,483
0x4045b9,98.2143%,4,220,224,0,0,4,220
0xa4a176,91.3043%,4,42,46,2,2,2,40
0x81fc20,98.7616%,4,319,323,308,1,3,11
0x550f12,84.6154%,4,22,26,13,4,0,9
0x60aea1,92%,4,46,50,46,4,0,0
0x99e081,73.3333%,4,11,15,0,0,4,11
0xa2dc92,88.8889%,4,32,36,0,0,4,32
0x837765,50%,4,4,8,2,3,1,2
0x4a8519,60%,4,6,10,1,1,3,5
0x5af744,93.5484%,4,58,62,50,3,1,8
0xa2772c,60%,4,6,10,5,1,3,1
0x911244,99.0826%,4,432,436,0,0,4,432
0x550e15,76.4706%,4,13,17,0,0,4,13
0x9be987,75%,4,12,16,0,2,2,12
0x48eb78,92.9825%,4,53,57,0,0,4,53
0x8a5439,99.0338%,4,410,414,0,0,4,410
0x9a0c19,85.7143%,4,24,28,0,0,4,24
0x490639,98.5348%,4,269,273,0,0,4,269
0x81ee04,0%,4,0,4,0,0,4,0
0x5f1364,89.1892%,4,33,37,33,4,0,0
0x4ab0bc,63.6364%,4,7,11,7,4,0,0
0x7c7437,75%,4,12,16,6,2,2,6
0xa393bf,99.559%,4,903,907,903,4,0,0
0x489e5f,94.1176%,4,64,68,0,0,4,64
0x8ff6fb,97.8836%,4,185,189,0,1,3,185
0x42acc6,98.6111%,4,284,288,283,3,1,1
0xa22d6f,93.8462%,4,61,65,0,0,4,61
0x5f62e6,0%,4,0,4,0,4,0,0
0x9005dc,98.8506%,4,344,348,0,0,4,344
0x9737b7,90%,4,36,40,0,0,4,36
0x48ef34,98.7915%,4,327,331,0,0,4,327
0x48ef2b,98.7915%,4,327,331,0,0,4,327
0x9e05fc,93.1034%,4,54,58,0,0,4,54
0x99a8f3,96.0784%,4,98,102,61,0,4,37
0x8e2e8c,99.7618%,4,1675,1679,0,0,4,1675
0xa95d8d,77.7778%,4,14,18,0,2,2,14
0xaa2ea1,99.3548%,4,616,620,616,4,0,0
0x8103e1,99.278%,4,550,554,0,0,4,550
0x5d904e,97.2789%,4,143,147,0,0,4,143
0x40e44a,98.2759%,4,228,232,0,0,4,228
0xa96115,84.6154%,4,22,26,22,4,0,0
0xa2387e,93.8462%,4,61,65,0,0,4,61
0x48f620,93.2203%,4,55,59,13,2,2,42
0x99ab90,98.4375%,4,252,256,252,3,1,0
0x4b66cb,86.6667%,4,26,30,1,1,3,25
0x78061a,98.7654%,4,320,324,0,0,4,320
0x99ac2a,98.4314%,4,251,255,0,0,4,251
0x98c71d,88.8889%,4,32,36,0,0,4,32
0x81c0ae,95.8333%,4,92,96,0,0,4,92
0x696534,98.9924%,4,393,397,0,0,4,393
0x58f6c4,99.7163%,4,1406,1410,1406,2,2,0
0x8e7938,98.3333%,4,236,240,14,2,2,222
0x9e50b3,98.3193%,4,234,238,0,0,4,234
0x90a652,90.9091%,4,40,44,0,0,4,40
0x65b25d,69.2308%,4,9,13,9,4,0,0
0x991a56,98.4848%,4,260,264,260,4,0,0
0xa1a056,85.1852%,4,23,27,0,2,2,23
0x973c2e,60%,4,6,10,2,0,4,4
0x9a0a6b,85.7143%,4,24,28,0,0,4,24
0xa44c20,0%,4,0,4,0,0,4,0
0x81f3fd,99.6892%,4,1283,1287,1280,3,1,3
0x974720,97.3684%,4,148,152,148,4,0,0
0x49a2dc,71.4286%,4,10,14,7,3,1,3
0x4ab271,63.6364%,4,7,11,5,3,1,2
0x5387af,99.8534%,4,2725,2729,2725,4,0,0
0x48f94c,55.5556%,4,5,9,5,4,0,0
0x9f94ec,96.3636%,4,106,110,0,0,4,106
0x9ab606,98%,4,196,200,0,0,4,196
0x5f1c3a,42.8571%,4,3,7,0,0,4,3
0x9f9a34,90.2439%,4,37,41,16,0,4,21
0x5969f6,98.8131%,4,333,337,333,4,0,0
0x9f93fd,92.5926%,4,50,54,1,1,3,49
0x77caa1,33.3333%,4,2,6,2,4,0,0
0x44176e,63.6364%,4,7,11,0,0,4,7
0x543f53,98.1818%,4,216,220,0,2,2,216
0x81a460,99.0268%,4,407,411,0,0,4,407
0x8deab8,96.875%,4,124,128,0,0,4,124
0x90512d,97.0803%,4,133,137,133,4,0,0
0x9e118e,86.2069%,4,25,29,25,4,0,0
0x48fda3,80%,4,16,20,9,1,3,7
0x784790,88.5714%,4,31,35,0,0,4,31
0x5ee173,98.3471%,4,238,242,0,0,4,238
0x98b5d8,97.5155%,4,157,161,157,4,0,0
0x9aa35f,89.1892%,4,33,37,14,1,3,19
0x98b56d,97.7528%,4,174,178,0,0,4,174
0xaa8f97,82.6087%,4,19,23,19,4,0,0
0x8b9c32,99.8284%,4,2327,2331,2327,4,0,0
0x80660e,66.6667%,4,8,12,4,1,3,4
0x5ee1cd,97.7401%,4,173,177,0,0,4,173
0x64c05f,97.6608%,4,167,171,42,2,2,125
0x95aeaa,82.6087%,4,19,23,0,0,4,19
0x99b928,84.6154%,4,22,26,22,4,0,0
0x95ae0a,82.6087%,4,19,23,19,4,0,0
0x9ed3b3,98.9924%,4,393,397,393,4,0,0
0x95b47c,63.6364%,4,7,11,7,4,0,0
0x537b84,99.9585%,4,9628,9632,0,0,4,9628
0x8216c1,98.7952%,4,328,332,0,0,4,328
0x511dba,98.9583%,4,380,384,0,0,4,380
0x48a9f2,99.5511%,4,887,891,887,4,0,0
0xa4c645,0%,4,0,4,0,4,0,0
0x9e4f2d,80%,4,16,20,0,0,4,16
0x552b4b,84.6154%,4,22,26,22,0,4,0
0x692387,81.8182%,4,18,22,0,0,4,18
0xa49fd0,97.2414%,4,141,145,0,0,4,141
0x5454cd,91.8367%,4,45,49,0,0,4,45
0x974683,90%,4,36,40,36,2,2,0
0x811d3b,98.9418%,4,374,378,374,4,0,0
0x50b348,90%,4,36,40,30,1,3,6
0x54f0d4,90.6977%,4,39,43,0,0,4,39
0x9112ea,99.3985%,4,661,665,661,4,0,0
0xa2e7c1,95.2941%,4,81,85,0,0,4,81
0x659fc1,99.7973%,4,1969,1973,1947,2,2,22
0x48dc47,99.9104%,4,4459,4463,0,0,4,4459
0x9ea7db,87.5%,4,28,32,0,0,4,28
0xa90084,98.9247%,4,368,372,1,4,0,367
0x5eb8e6,99.5316%,4,850,854,850,4,0,0
0x97ba43,96.4912%,4,110,114,110,4,0,0
0x4c4f59,76.4706%,4,13,17,0,0,4,13
0x53fd2a,98.6711%,4,297,301,0,0,4,297
0x50b13c,0%,4,0,4,0,0,4,0
0x8eda48,96.8254%,4,122,126,122,4,0,0
0x9013ca,95.8333%,4,92,96,92,4,0,0
0x53fede,99.0698%,4,426,430,0,4,0,426
0x55619c,98.3673%,4,241,245,241,0,4,0
0x973ba3,60%,4,6,10,2,0,4,4
0x9f5765,85.7143%,4,24,28,0,0,4,24
0x593772,99.3701%,4,631,635,1,1,3,630
0x8f4c4b,96%,4,96,100,96,4,0,0
0x9a9702,80%,4,16,20,0,0,4,16
0x6071d4,80%,4,16,20,16,4,0,0
0x9a9723,80%,4,16,20,8,2,2,8
0xa024de,99.8624%,4,2904,2908,0,0,4,2904
0x5591c2,99.9783%,4,18419,18423,18419,4,0,0
0x8222a2,98.5348%,4,269,273,269,4,0,0
0x9f496a,98.8539%,4,345,349,342,3,1,3
0xa900c8,99.0244%,4,406,410,0,0,4,406
0x8ff208,96.6667%,4,116,120,85,3,1,31
0xa64cb2,33.3333%,4,2,6,2,4,0,0
0x917543,98%,4,196,200,0,0,4,196
0x53c337,81.8182%,4,18,22,9,2,2,9
0x8a29b3,99.2933%,4,562,566,0,0,4,562
0x8dfcdf,99.4286%,4,696,700,696,4,0,0
0x58c4aa,66.6667%,4,8,12,0,0,4,8
0x9e53b8,86.6667%,4,26,30,0,0,4,26
0x63f3f7,98%,4,196,200,196,4,0,0
0x94439a,94.7368%,4,72,76,72,4,0,0
0x8f4c27,97.7273%,4,172,176,97,3,1,75
0x9a328d,94.1176%,4,64,68,0,0,4,64
0x8221a6,98.5348%,4,269,273,0,0,4,269
0x5505aa,98.8439%,4,342,346,342,4,0,0
0x5505dd,96.4286%,4,108,112,108,4,0,0
0x4c8aa0,96.9925%,4,129,133,0,0,4,129
0x48a85f,99.8079%,4,2078,2082,2078,4,0,0
0xa01dfa,33.3333%,4,2,6,0,2,2,2
0x9f4696,98.8539%,4,345,349,345,4,0,0
0x9a8edc,71.4286%,4,10,14,0,0,4,10
0x9f44b2,97.4843%,4,155,159,0,0,4,155
0x9a8fc4,71.4286%,4,10,14,0,0,4,10
0x819851,99.5354%,4,857,861,0,0,4,857
0x8dfa57,42.8571%,4,3,7,3,4,0,0
0xa497a1,98.6755%,4,298,302,0,0,4,298
0x508687,99.0868%,4,434,438,0,0,4,434
0x8f1248,90%,4,36,40,36,4,0,0
0x9f7fc2,71.4286%,4,10,14,10,4,0,0
0xa3722b,60%,4,6,10,2,0,4,4
0x8ef3c9,91.6667%,4,44,48,0,0,4,44
0x80fd44,99.956%,4,9084,9088,9084,4,0,0
0x5fa448,94.6667%,4,71,75,0,0,4,71
0x53b8e4,81.8182%,4,18,22,9,2,2,9
0x65a34b,99.848%,4,2627,2631,0,0,4,2627
0x508f9e,89.4737%,4,34,38,0,0,4,34
0x4a9f03,97.8378%,4,181,185,0,0,4,181
0x94326f,94.6667%,4,71,75,71,4,0,0
0xb4999d,63.6364%,4,7,11,0,0,4,7
0x9052c0,97.0803%,4,133,137,0,0,4,133
0xb4998c,50%,4,4,8,0,0,4,4
0x4a7918,33.3333%,4,2,6,0,0,4,2
0x6191b1,99.4937%,4,786,790,786,4,0,0
0x81b0bf,99.2322%,4,517,521,0,0,4,517
0x8bdcbf,42.8571%,4,3,7,3,3,1,0
0xb49710,66.6667%,4,8,12,0,0,4,8
0x58dca4,97.2414%,4,141,145,1,1,3,140
0x9ef162,97.7011%,4,170,174,170,4,0,0
0xacfada,97.037%,4,131,135,111,3,1,20
0x5b9bbc,94.5205%,4,69,73,69,4,0,0
0x58cdc3,96.7213%,4,118,122,0,0,4,118
0x8d4168,94.5205%,4,69,73,0,2,2,69
0x441957,63.6364%,4,7,11,0,0,4,7
0x80dc5d,96.4912%,4,110,114,0,0,4,110
0xa1bb36,66.6667%,4,8,12,0,0,4,8
0xa064cc,88.5714%,4,31,35,31,4,0,0
0x5b2a76,91.4894%,4,43,47,0,2,2,43
0xa258c1,20%,4,1,5,1,4,0,0
0x977b77,71.4286%,4,10,14,6,1,3,4
0x51c292,99.6669%,4,1197,1201,1197,4,0,0
0x4959a9,78.9474%,4,15,19,15,4,0,0
0xa5ebdc,98.6207%,4,286,290,7,3,1,279
0x4a1270,98.6971%,4,303,307,303,4,0,0
0xa5eb9d,98.5714%,4,276,280,0,0,4,276
0x8e5a2d,98.0769%,4,204,208,204,4,0,0
0x918d44,98%,4,196,200,196,4,0,0
0x5baadc,99.791%,4,1910,1914,1910,4,0,0
0x4a9d2e,42.8571%,4,3,7,3,4,0,0
0x5e7864,94.5205%,4,69,73,0,0,4,69
0xa96a2d,90%,4,36,40,2,1,3,34
0x7d1e65,93.8462%,4,61,65,13,1,3,48
0x510a3c,98.977%,4,387,391,2,2,2,385
0x818af6,97.9487%,4,191,195,1,0,4,190
0x537f26,99.4528%,4,727,731,0,0,4,727
0x80c209,98.4906%,4,261,265,0,0,4,261
0x810949,83.3333%,4,20,24,8,0,4,12
0x40bc1c,96.1165%,4,99,103,0,0,4,99
0x5adaf5,85.1852%,4,23,27,23,4,0,0
0x610cce,86.6667%,4,26,30,0,0,4,26
0x5a96cd,20%,4,1,5,0,0,4,1
0x533d24,86.2069%,4,25,29,25,4,0,0
0x48770b,71.4286%,4,10,14,1,1,3,9
0x9f157e,63.6364%,4,7,11,0,0,4,7
0x4bee19,93.1034%,4,54,58,0,0,4,54
0x533c61,88.8889%,4,32,36,32,4,0,0
0x9e2fed,98.4791%,4,259,263,0,0,4,259
0x48ee3d,98.7915%,4,327,331,0,0,4,327
0x4b57c3,83.3333%,4,20,24,20,3,1,0
0x8ee49b,90.4762%,4,38,42,38,4,0,0
0x4ad929,0%,4,0,4,0,4,0,0
0xa5f7a1,99.2537%,4,532,536,532,4,0,0
0xa4583b,98.4436%,4,253,257,253,4,0,0
0x9f78b3,99.5068%,4,807,811,0,0,4,807
0x60e33f,99.2395%,4,522,526,77,4,0,445
0x8128a2,87.8788%,4,29,33,0,0,4,29
0x9f78a9,99.5068%,4,807,811,0,0,4,807
0xa97111,89.1892%,4,33,37,33,4,0,0
0x99e7fc,69.2308%,4,9,13,9,4,0,0
0x9746ee,76.4706%,4,13,17,11,2,2,2
0x813962,90.9091%,4,40,44,0,0,4,40
0x9f4b0a,89.4737%,4,34,38,18,2,2,16
0x8e2fc6,99.7977%,4,1973,1977,0,0,4,1973
0xa2f4a2,96.3964%,4,107,111,107,4,0,0
0x8c8e60,50%,4,4,8,0,2,2,4
0x597219,97.1831%,4,138,142,0,0,4,138
0x9a7be4,99.2844%,4,555,559,0,0,4,555
0x58e453,90%,4,36,40,36,4,0,0
0x90969d,99.7846%,4,1853,1857,1853,4,0,0
0xaac45a,75%,4,12,16,6,2,2,6
0x503f18,55.5556%,4,5,9,5,3,1,0
0xa2e944,92.4528%,4,49,53,0,0,4,49
0x65c229,99.9181%,4,4882,4886,0,0,4,4882
0x7d29a4,95.7447%,4,90,94,68,2,2,22
0x9d1bd4,76.4706%,4,13,17,0,0,4,13
0x977c2f,97.2028%,4,139,143,139,4,0,0
0xa55809,33.3333%,4,2,6,2,2,2,0
0x7d2ff7,93.6508%,4,59,63,9,3,1,50
0x7d3d95,92.1569%,4,47,51,45,3,1,2
0x65b2e8,97.619%,4,164,168,164,4,0,0
0x820d5f,87.8788%,4,29,33,0,0,4,29
0x977cfe,98.6301%,4,288,292,0,0,4,288
0x9a32ea,97.2603%,4,142,146,0,0,4,142
0x9fbb94,98.6928%,4,302,306,89,2,2,213
0xab2d30,63.6364%,4,7,11,3,1,3,4
0x5c360c,99.4429%,4,714,718,714,4,0,0
0x49da6d,99.5511%,4,887,891,887,4,0,0
0x58d491,95.6522%,4,88,92,80,2,2,8
0x787d60,93.9394%,4,62,66,59,1,3,3
0x90d09a,97.546%,4,159,163,159,4,0,0
0x803e20,77.7778%,4,14,18,0,0,4,14
0x8f19ca,91.6667%,4,44,48,44,4,0,0
0xa25b84,99.6051%,4,1009,1013,0,0,4,1009
0x8a5afb,98.1651%,4,214,218,0,0,4,214
0x9ed206,33.3333%,4,2,6,0,0,4,2
0xa9286d,91.8367%,4,45,49,0,0,4,45
0x6730db,78.9474%,4,15,19,0,0,4,15
0xa5f582,97.7011%,4,170,174,0,0,4,170
0x90abea,99.5128%,4,817,821,817,4,0,0
0x98fac9,98.4436%,4,253,257,253,4,0,0
0x972fe9,91.3043%,4,42,46,0,0,4,42
0x4051b4,99.9441%,4,7148,7152,0,0,4,7148
0x8e41d9,98.9276%,4,369,373,245,1,3,124
0x9f66a5,97.3856%,4,149,153,149,4,0,0
0x51b90b,99.9241%,4,5266,5270,5266,4,0,0
0x8da8bb,33.3333%,4,2,6,2,4,0,0
0x81227b,95.9596%,4,95,99,95,4,0,0
0x9f514d,98.8406%,4,341,345,336,2,2,5
0x805051,99.2278%,4,514,518,514,2,2,0
0x9f4ef3,96.6942%,4,117,121,7,2,2,110
0x90b369,99.5838%,4,957,961,957,4,0,0
0xa33506,99.9121%,4,4546,4550,4546,4,0,0
0x8a8be2,83.3333%,4,20,24,2,2,2,18
0xa35d2e,99.0385%,4,412,416,0,0,4,412
0x990abf,96.0784%,4,98,102,98,4,0,0
0xa35ddb,86.6667%,4,26,30,15,1,3,11
0x6492ef,94.5946%,4,70,74,67,1,3,3
0x80e638,99.0868%,4,434,438,364,1,3,70
0xa05e12,42.8571%,4,3,7,0,1,3,3
0x782106,98.9276%,4,369,373,0,0,4,369
0x9e0c12,0%,4,0,4,0,4,0,0
0xa4fd05,0%,4,0,4,0,4,0,0
0x973024,85.1852%,4,23,27,0,0,4,23
0xa5d016,98.2301%,4,222,226,222,4,0,0
0xb30b89,98.8024%,4,330,334,0,0,4,330
0x402edf,96.3303%,4,105,109,100,3,1,5
0x950152,99.8111%,4,2114,2118,2114,4,0,0
0x9d1d42,76.4706%,4,13,17,3,2,2,10
0x9f5f07,99.0521%,4,418,422,0,0,4,418
0x54d11f,76.4706%,4,13,17,13,4,0,0
0x8f3642,98.9796%,4,388,392,388,4,0,0
0x5dea63,99.6777%,4,1237,1241,1237,4,0,0
0x9f778e,97.5%,4,156,160,0,0,4,156
0xa447fd,92.3077%,4,48,52,48,2,2,0
0x480053,78.9474%,4,15,19,0,0,4,15
0x9ab091,99.4609%,4,738,742,738,4,0,0
0x5c78a5,95%,4,76,80,76,4,0,0
0x81cfc4,97.8022%,4,178,182,0,0,4,178
0x66f575,98.0583%,4,202,206,0,0,4,202
0x60ad2a,99.6622%,4,1180,1184,1180,4,0,0
0x4bf48f,95.2381%,4,80,84,15,1,3,65
0x48157b,78.9474%,4,15,19,15,4,0,0
0x502d41,97.8947%,4,186,190,0,0,4,186
0x817338,83.3333%,4,20,24,20,3,1,0
0x9730ea,84%,4,21,25,0,0,4,21
0x9730ca,84%,4,21,25,21,4,0,0
0xa328f7,96.0396%,4,97,101,97,4,0,0
0x97770d,99.5465%,4,878,882,878,4,0,0
0x78e028,93.1034%,4,54,58,6,3,1,48
0x5de73a,99.5062%,4,806,810,806,4,0,0
0x9f555b,95%,4,76,80,0,0,4,76
0x81e9a7,97.3684%,4,148,152,73,3,1,75
0x9511a7,99.0741%,4,428,432,0,0,4,428
0x9f2b05,20%,4,1,5,0,0,4,1
0xaaa09a,85.1852%,4,23,27,0,0,4,23
0x49ff19,99.9543%,4,8742,8746,0,0,4,8742
0x9fb0f5,96.7742%,4,120,124,120,4,0,0
0x64f27a,81.8182%,4,18,22,14,4,0,4
0x540cfe,99.7722%,4,1752,1756,0,2,2,1752
0xa36405,42.8571%,4,3,7,0,0,4,3
0x9e54a8,97.6331%,4,165,169,0,0,4,165
0xa3ff3f,83.3333%,4,20,24,20,4,0,0
0x9485ce,99.7226%,4,1438,1442,0,0,4,1438
0x53a490,69.2308%,4,9,13,9,3,1,0
0x4c6fb5,92%,4,46,50,46,4,0,0
0x9733c8,90%,4,36,40,0,0,4,36
0x77ff80,99.182%,4,485,489,485,4,0,0
0x9fe420,96.9466%,4,127,131,37,0,4,90
0xa26cbc,60%,4,6,10,2,2,2,4
0x403a65,81.8182%,4,18,22,8,4,0,10
0x49fe81,99.5521%,4,889,893,889,4,0,0
0x7ace1c,85.7143%,4,24,28,23,3,1,1
0x95012f,99.8156%,4,2165,2169,0,0,4,2165
0x5420e5,99.431%,4,699,703,0,0,4,699
0x9fe567,97.0149%,4,130,134,0,0,4,130
0x554ca0,93.75%,4,60,64,0,0,4,60
0x8efb3b,90.4762%,4,38,42,36,2,2,2
0x4ab570,87.0968%,4,27,31,0,0,4,27
0x4b509e,93.1034%,4,54,58,52,4,0,2
0x9fb627,98.1395%,4,211,215,211,4,0,0
0x8f5842,95.6044%,4,87,91,0,0,4,87
0xa5b41d,69.2308%,4,9,13,7,2,2,2
0x541a9f,99.5204%,4,830,834,830,4,0,0
0x9fb749,98.6928%,4,302,306,0,0,4,302
0x4b9518,66.6667%,4,8,12,7,3,1,1
0x499972,75%,4,12,16,0,0,4,12
0x606d9b,50%,4,4,8,4,4,0,0
0xa9160b,0%,4,0,4,0,4,0,0
0x9a1f86,98.0296%,4,199,203,199,4,0,0
0xa41520,84%,4,21,25,0,0,4,21
0x9e631b,77.7778%,4,14,18,0,0,4,14
0x550fce,42.8571%,4,3,7,2,3,1,1
0x4b789a,87.0968%,4,27,31,2,1,3,25
0x4b6ee1,87.0968%,4,27,31,2,1,3,25
0x9fb891,98.6928%,4,302,306,0,0,4,302
0x4b6ea3,91.4894%,4,43,47,29,2,2,14
0x9fb8a4,98.6928%,4,302,306,0,0,4,302
0x4b6d6c,87.0968%,4,27,31,1,2,2,26
0x9f018a,96.5517%,4,112,116,112,4,0,0
0x4b6d5f,96.6102%,4,114,118,86,1,3,28
0x8f6d25,98.9501%,4,377,381,0,0,4,377
0x9fc48c,98.6928%,4,302,306,87,4,0,215
0xa9ece6,98.2301%,4,222,226,0,0,4,222
0x9ecf2d,90.6977%,4,39,43,36,4,0,3
0x9e2aba,94.5946%,4,70,74,70,4,0,0
0x51b424,99.8365%,4,2443,2447,0,0,4,2443
0xab369d,77.7778%,4,14,18,0,0,4,14
0x918b50,98%,4,196,200,196,4,0,0
0x7efd21,94.4444%,4,68,72,0,0,4,68
0x8fce86,97.7778%,4,176,180,9,4,0,167
0x7efdb7,97.619%,4,164,168,164,4,0,0
0x9c3b31,55.5556%,4,5,9,0,1,3,5
0x60ddde,95.0617%,4,77,81,77,4,0,0
0x4aaab1,92.3077%,4,48,52,0,0,4,48
0xa2de47,89.7436%,4,35,39,1,3,1,34
0x4b515a,96.875%,4,124,128,0,0,4,124
0x619aa8,73.3333%,4,11,15,6,4,0,5
0x510565,99.6795%,4,1244,1248,0,0,4,1244
0x977f3f,90%,4,36,40,36,4,0,0
0x810684,88.2353%,4,30,34,30,4,0,0
0xa31ece,94.5946%,4,70,74,24,4,0,46
0xaad30f,42.8571%,4,3,7,3,4,0,0
0x404b81,55.5556%,4,5,9,1,1,3,4
0x99b035,90%,4,36,40,29,1,3,7
0x54d6ec,80%,4,16,20,16,4,0,0
0x7f0c52,20%,4,1,5,1,4,0,0
0x83aa17,66.6667%,4,8,12,5,3,1,3
0x60dfa8,78.9474%,4,15,19,7,2,2,8
0x485e0e,99.1266%,4,454,458,0,0,4,454
0xa923f3,92.5926%,4,50,54,50,4,0,0
0xa5baf7,93.8462%,4,61,65,0,0,4,61
0x4b6547,91.8367%,4,45,49,0,3,1,45
0xaa3401,78.9474%,4,15,19,4,4,0,11
0xa9220e,92.5926%,4,50,54,47,3,1,3
0xa5befc,87.5%,4,28,32,0,0,4,28
0x65ba12,99.9126%,4,4572,4576,4572,4,0,0
0x4049be,98.4556%,4,255,259,255,4,0,0
0xa481b3,91.1111%,4,41,45,41,4,0,0
0x9fb5d9,98.6928%,4,302,306,0,0,4,302
0xaa7e97,99.8592%,4,2836,2840,0,0,4,2836
0x492ec2,94.4444%,4,68,72,6,2,2,62
0xa5c3d8,95.9596%,4,95,99,91,3,1,4
0x6dcb4a,90.4762%,4,38,42,38,4,0,0
0x722d69,98.7097%,4,306,310,0,0,4,306
0x6f555f,98.7055%,4,305,309,305,4,0,0
0x5cf85d,99.7821%,4,1832,1836,0,0,4,1832
0x4bec61,97.1429%,4,136,140,0,0,4,136
0xa29702,42.8571%,4,3,7,0,3,1,3
0x814a8e,93.6508%,4,59,63,0,0,4,59
0x8a314d,60%,4,6,10,6,4,0,0
0x9a11a0,95.0617%,4,77,81,0,0,4,77
0x984238,84%,4,21,25,0,0,4,21
0x789961,89.1892%,4,33,37,27,1,3,6
0xa363d4,98.6532%,4,293,297,293,4,0,0
0x5f6159,66.6667%,4,8,12,8,2,2,0
0x5c4b91,99.7813%,4,1825,1829,0,0,4,1825
0xa33a34,92.4528%,4,49,53,39,0,4,10
0x627efd,82.6087%,4,19,23,0,0,4,19
0xa31c5c,87.0968%,4,27,31,5,1,3,22
0x4bb4f1,92.3077%,4,48,52,48,4,0,0
0xa8a96c,85.7143%,4,24,28,24,4,0,0
0x8df47e,83.3333%,4,20,24,15,1,3,5
0xa63a97,0%,4,0,4,0,4,0,0
0x9f5a19,91.4894%,4,43,47,43,4,0,0
0x8ee0e8,97.8723%,4,184,188,0,1,3,184
0xb2ffe0,99.3631%,4,624,628,624,4,0,0
0x5dce35,96.9925%,4,129,133,129,4,0,0
0x48c2f9,95.9184%,4,94,98,93,3,1,1
0x9e7d35,83.3333%,4,20,24,0,0,4,20
0xa2851c,97.5%,4,156,160,0,0,4,156
0xa368c8,99.0805%,4,431,435,0,3,1,431
0x9e80e9,83.3333%,4,20,24,20,4,0,0
0x9e822b,83.3333%,4,20,24,19,3,1,1
0x40426e,98.556%,4,273,277,0,0,4,273
0x9e3854,98.8506%,4,344,348,0,0,4,344
0x4be404,87.5%,4,28,32,27,1,3,1
0x9e14b7,86.2069%,4,25,29,25,4,0,0
0x911139,94.7368%,4,72,76,72,4,0,0
0x8f31a8,69.2308%,4,9,13,9,4,0,0
0x978568,98.6063%,4,283,287,283,4,0,0
0x4b7c3b,63.6364%,4,7,11,7,4,0,0
0x591fb3,95.8333%,4,92,96,92,4,0,0
0x9e7a23,97.2414%,4,141,145,3,1,3,138
0x5c33cc,98.19%,4,217,221,217,4,0,0
0xa327f5,94.4444%,4,68,72,0,0,4,68
0xa59452,98.1132%,4,208,212,208,4,0,0
0x7cc133,66.6667%,4,8,12,0,0,4,8
0x4b7185,63.6364%,4,7,11,5,4,0,2
0x8aace6,81.8182%,4,18,22,0,0,4,18
0xa50d9b,0%,4,0,4,0,0,4,0
0x96a679,93.8462%,4,61,65,0,0,4,61
0x81f727,99.591%,4,974,978,974,4,0,0
0x5cb91e,84.6154%,4,22,26,0,0,4,22
0x8fce1b,90.9091%,4,40,44,0,0,4,40
0x80776f,97.6331%,4,165,169,0,0,4,165
0x80bbc7,20%,4,1,5,1,2,2,0
0x9f8035,71.4286%,4,10,14,9,2,2,1
0x49baa3,50%,4,4,8,4,2,2,0
0xa39fcc,99.6963%,4,1313,1317,1313,4,0,0
0x8f6c2f,98.2143%,4,220,224,0,0,4,220
0x6516a2,92.8571%,4,52,56,52,4,0,0
0x5e4728,99.7349%,4,1505,1509,0,0,4,1505
0xa0f336,33.3333%,4,2,6,0,0,4,2
0xaad296,60%,4,6,10,2,1,3,4
0x8ffc7e,94.1176%,4,64,68,64,4,0,0
0x65168d,92.8571%,4,52,56,0,0,4,52
0x557bdd,50%,4,4,8,4,4,0,0
0x556637,92.7273%,4,51,55,1,3,1,50
0xa917b4,87.5%,4,28,32,0,0,4,28
0x9ebf70,93.4426%,4,57,61,48,3,1,9
0xa05898,84.6154%,4,22,26,19,2,2,3
0x49e524,97.1831%,4,138,142,138,4,0,0
0xa90032,97.561%,4,160,164,0,0,4,160
0x53ec9e,97.4026%,4,150,154,0,0,4,150
0x90e3cb,94.0299%,4,63,67,0,0,4,63
0x9e86cf,87.5%,4,28,32,0,0,4,28
0x90e357,94.0299%,4,63,67,0,0,4,63
0x5010fa,99.935%,4,6149,6153,0,0,4,6149
0x7c7226,66.6667%,4,8,12,1,2,2,7
0xa43927,97.8495%,4,182,186,182,4,0,0
0x9fb019,98.722%,4,309,313,0,0,4,309
0x90dcaf,86.6667%,4,26,30,26,4,0,0
0x99e12d,73.3333%,4,11,15,11,4,0,0
0x648c21,84.6154%,4,22,26,9,4,0,13
0x4a82d5,82.6087%,4,19,23,19,4,0,0
0x4038c0,98.9744%,4,386,390,1,2,2,385
0x4bd703,89.7436%,4,35,39,0,0,4,35
0x667917,87.5%,4,28,32,28,4,0,0
0x819f82,94.5946%,4,70,74,0,0,4,70
0x40bc60,96.1165%,4,99,103,0,0,4,99
0x9a972c,60%,4,6,10,6,4,0,0
0xa5fa9b,50%,4,4,8,4,4,0,0
0x48ea14,95.2941%,4,81,85,0,0,4,81
0x4b6e1d,85.7143%,4,24,28,16,4,0,8
0x9c3e27,95.3488%,4,82,86,82,4,0,0
0x980982,63.6364%,4,7,11,1,2,2,6
0x5eef8b,77.7778%,4,14,18,2,3,1,12
0x5eef91,69.2308%,4,9,13,9,4,0,0
0x9e413f,99.3475%,4,609,613,0,4,0,609
0x9e414d,99.3432%,4,605,609,605,4,0,0
0xa48160,98.6755%,4,298,302,60,4,0,238
0x98b426,92.4528%,4,49,53,45,3,1,4
0xa2661f,99.6051%,4,1009,1013,1009,4,0,0
0x506ac7,89.1892%,4,33,37,33,2,2,0
0x5ff2c9,96.5812%,4,113,117,113,4,0,0
0xa96be4,97.3154%,4,145,149,105,2,2,40
0xa02cc4,94.0299%,4,63,67,2,2,2,61
0x9ea2d9,94.4444%,4,68,72,68,4,0,0
0x5d90d7,97.2789%,4,143,147,0,0,4,143
0x4bc302,88.2353%,4,30,34,0,0,4,30
0x803fe6,88.2353%,4,30,34,15,2,2,15
0x9e3e85,97.4026%,4,150,154,0,0,4,150
0xa4c7aa,0%,4,0,4,0,4,0,0
0x4b4be9,98.4615%,4,256,260,256,4,0,0
0x9bda3d,93.2203%,4,55,59,52,3,1,3
0xa4c838,0%,4,0,4,0,4,0,0
0x8a6326,97.0588%,4,132,136,132,4,0,0
0x901713,97.861%,4,183,187,183,4,0,0
0x8c82da,87.5%,4,28,32,26,4,0,2
0x545a8f,50%,4,4,8,0,0,4,4
0x91759c,98%,4,196,200,0,0,4,196
0x9ea562,96.2963%,4,104,108,81,1,3,23
0x9ebea4,96.748%,4,119,123,119,4,0,0
0x9ea704,95.8763%,4,93,97,93,4,0,0
0x9ebf2f,93.4426%,4,57,61,9,1,3,48
0x4ad86d,80.9524%,4,17,21,1,2,2,16
0xa4ca1d,0%,4,0,4,0,4,0,0
0x811c86,92.7273%,4,51,55,51,4,0,0
0xa9ba4a,63.6364%,4,7,11,0,0,4,7
0x5cf6f8,99.7828%,4,1838,1842,6,0,4,1832
0x4ba29f,99.2079%,4,501,505,501,4,0,0
0xa02fb7,94.1176%,4,64,68,0,0,4,64
0xa02fca,94.1176%,4,64,68,64,4,0,0
0x63de8f,99.5838%,4,957,961,957,4,0,0
0x63dd6b,99.5838%,4,957,961,957,4,0,0
0x5560f2,98.3333%,4,236,240,236,4,0,0
0xa03163,94.5946%,4,70,74,70,2,2,0
0x5d1175,97.2414%,4,141,145,141,4,0,0
0xaa4561,99.9532%,4,8547,8551,0,0,4,8547
0x81ba03,98.0392%,4,200,204,0,0,4,200
0x4bcc52,96.1538%,4,100,104,100,4,0,0
0x8ea148,99.8383%,4,2470,2474,2470,4,0,0
0xa03a65,96.5812%,4,113,117,113,4,0,0
0x504bce,89.4737%,4,34,38,34,4,0,0
0x4bcdfc,73.3333%,4,11,15,7,3,1,4
0xaab0de,94.8718%,4,74,78,74,4,0,0
0xa9c6e0,97.1831%,4,138,142,0,0,4,138
0x591c43,97.3684%,4,148,152,0,0,4,148
0x4bb29c,99.0971%,4,439,443,438,3,1,1
0x5ffe05,95.5056%,4,85,89,85,4,0,0
0x591c13,97.351%,4,147,151,0,0,4,147
0x973189,99.3443%,4,606,610,0,0,4,606
0x722cb5,60%,4,6,10,0,2,2,6
0x51b8d0,98.4615%,4,256,260,0,2,2,256
0x819822,94.1176%,4,64,68,64,4,0,0
0x51afd4,98.4733%,4,258,262,0,2,2,258
0xa018a4,98.4615%,4,256,260,256,4,0,0
0x640340,99.5838%,4,957,961,0,0,4,957
0x554f78,0%,4,0,4,0,0,4,0
0x47f8a0,78.9474%,4,15,19,0,1,3,15
0x503884,91.3043%,4,42,46,42,4,0,0
0xa1b54c,84%,4,21,25,3,2,2,18
0x8a68c0,97.1223%,4,135,139,135,4,0,0
0x6402d8,99.8581%,4,2814,2818,0,0,4,2814
0x5f3944,42.8571%,4,3,7,0,0,4,3
0x51b01a,98.6799%,4,299,303,299,4,0,0
0x40f81c,98.1132%,4,208,212,208,4,0,0
0xa238df,96.3636%,4,106,110,0,0,4,106
0x8dcaf4,99.4859%,4,774,778,774,4,0,0
0xad7ae0,99.4865%,4,775,779,775,4,0,0
0x40ec1a,99.2308%,4,516,520,0,0,4,516
0xa441b7,93.75%,4,60,64,8,4,0,52
0x502e0f,69.2308%,4,9,13,9,1,3,0
0xa4d535,98.5866%,4,279,283,0,0,4,279
0x99e01d,73.3333%,4,11,15,0,0,4,11
0x99e52f,69.2308%,4,9,13,9,4,0,0
0xa4de6f,95.0617%,4,77,81,77,4,0,0
0x9a3417,92.8571%,4,52,56,52,4,0,0
0x554d47,60%,4,6,10,6,4,0,0
0x63af1c,99.5128%,4,817,821,817,4,0,0
0x8d420e,98.9218%,4,367,371,0,2,2,367
0x70c1a6,33.3333%,4,2,6,2,4,0,0
0x4b4b41,94.3662%,4,67,71,0,0,4,67
0x90087d,92.9825%,4,53,57,0,0,4,53
0xa97e21,55.5556%,4,5,9,0,0,4,5
0x50118e,96%,4,96,100,96,4,0,0
0xa4cde6,0%,4,0,4,0,0,4,0
0x9ea9cd,76.4706%,4,13,17,13,4,0,0
0x63aaf5,99.5128%,4,817,821,817,4,0,0
0x8bad4b,77.7778%,4,14,18,14,4,0,0
0x4b4928,98.4615%,4,256,260,256,4,0,0
0x9ec0d2,85.1852%,4,23,27,23,1,3,0
0x72358b,99.7234%,4,1442,1446,0,0,4,1442
0x5a9484,98.8669%,4,349,353,349,4,0,0
0x9eb0a3,94.4444%,4,68,72,68,2,2,0
0x4b48dc,94.5205%,4,69,73,0,2,2,69
0x6492d4,96.2264%,4,102,106,0,0,4,102
0xb48b5e,99.6198%,4,1048,1052,3,1,3,1045
0x554f4f,98.6532%,4,293,297,293,0,4,0
0x64043e,99.5838%,4,957,961,527,1,3,430
0x9ec2bd,69.2308%,4,9,13,1,2,2,8
0x409d20,95.122%,4,78,82,0,0,4,78
0x809182,99.5255%,4,839,843,839,2,2,0
0x4c518f,98.8201%,4,335,339,18,3,1,317
0x487cc9,71.4286%,4,10,14,10,4,0,0
0x5f13e8,90%,4,36,40,0,0,4,36
0x4c0af6,96.1538%,4,100,104,0,0,4,100
0x99b0c3,90%,4,36,40,20,1,3,16
0x9bc7f0,98.6622%,4,295,299,0,0,4,295
0x63ace3,98.9583%,4,380,384,380,4,0,0
0x905ef2,96.875%,4,124,128,124,4,0,0
0x4a6ec2,98.8732%,4,351,355,0,0,4,351
0x96a4e6,94.4444%,4,68,72,68,4,0,0
0x647d79,91.8367%,4,45,49,38,1,3,7
0x918b19,99%,4,396,400,200,0,4,196
0x805444,33.3333%,4,2,6,1,3,1,1
0x53ecaf,97.4026%,4,150,154,0,0,4,150
0x96a64f,94.4444%,4,68,72,0,0,4,68
0x9e3794,84%,4,21,25,0,0,4,21
0xb148c5,99.9061%,4,4254,4258,4254,4,0,0
0x6662a2,99.8911%,4,3668,3672,0,0,4,3668
0xa1b580,69.2308%,4,9,13,1,4,0,8
0x9bdffc,94.0299%,4,63,67,63,4,0,0
0x58e439,91.1111%,4,41,45,3,2,2,38
0xb2ffd8,99.4602%,4,737,741,112,1,3,625
0x492f2e,94.4444%,4,68,72,0,0,4,68
0xa50e71,0%,4,0,4,0,0,4,0
0xa9eada,95.2941%,4,81,85,0,0,4,81
0x60c610,42.8571%,4,3,7,2,2,2,1
0x781a05,97.4359%,4,152,156,152,4,0,0
0x7819fb,97.4359%,4,152,156,0,0,4,152
0x682269,88.2353%,4,30,34,30,4,0,0
0x5ee239,97.7401%,4,173,177,173,4,0,0
0x5592df,99.0499%,4,417,421,7,3,1,410
0x7f0337,78.9474%,4,15,19,15,4,0,0
0xa5c6e2,96.0784%,4,98,102,95,1,3,3
0x67cb9f,95.2381%,4,80,84,80,4,0,0
0xa372ea,50%,4,4,8,3,4,0,1
0x7d2ed8,98.4496%,4,254,258,254,4,0,0
0xa9ea63,98.2301%,4,222,226,222,4,0,0
0x5f1380,88.8889%,4,32,36,17,3,1,15
0x8e2d8f,69.2308%,4,9,13,9,4,0,0
0x4c173c,97.9798%,4,194,198,175,3,1,19
0x4a7896,33.3333%,4,2,6,0,0,4,2
0x511079,99.894%,4,3770,3774,3770,4,0,0
0x6d45db,97.2414%,4,141,145,141,4,0,0
0x9f4eff,96.4286%,4,108,112,108,4,0,0
0x8e9a96,99.6764%,4,1232,1236,1232,2,2,0
0x49cb23,98.9796%,4,388,392,388,4,0,0
0xa019fb,50%,4,4,8,2,2,2,2
0xa42126,98.7616%,4,319,323,319,4,0,0
0x65c2c8,99.9162%,4,4770,4774,0,0,4,4770
0x4bb2a8,99.0971%,4,439,443,439,4,0,0
0x9ebb1a,98.0583%,4,202,206,202,4,0,0
0x8eedf8,97.1429%,4,136,140,0,0,4,136
0x66685b,99.187%,4,488,492,488,4,0,0
0xa018c7,97.3684%,4,148,152,1,1,3,147
0x643a3f,88.2353%,4,30,34,0,0,4,30
0xa9c780,97.1831%,4,138,142,0,0,4,138
0xa01a0a,66.6667%,4,8,12,0,4,0,8
0xa280ec,98.0861%,4,205,209,205,4,0,0
0x5cf3a7,99.7896%,4,1897,1901,0,0,4,1897
0x5c82eb,95%,4,76,80,76,4,0,0
0x9027b0,89.7436%,4,35,39,24,3,1,11
0xa01b69,92.7273%,4,51,55,0,0,4,51
0xa01c9a,42.8571%,4,3,7,3,1,3,0
0x54d191,76.4706%,4,13,17,3,4,0,10
0x4b9f50,98.2759%,4,228,232,228,3,1,0
0x4b9f22,98.3051%,4,232,236,2,2,2,230
0xa9cd53,66.6667%,4,8,12,1,3,1,7
0x540813,96.2264%,4,102,106,102,2,2,0
0x9098f1,99.7846%,4,1853,1857,1853,4,0,0
0xa02ef5,94.7368%,4,72,76,72,2,2,0
0xa91f35,0%,4,0,4,0,4,0,0
0x9e0914,95.0617%,4,77,81,0,2,2,77
0x488d7c,92.9825%,4,53,57,0,0,4,53
0x8c9518,98.8858%,4,355,359,0,0,4,355
0x5103fb,99.8163%,4,2173,2177,2173,4,0,0
0x9eb780,73.3333%,4,11,15,2,1,3,9
0x4bcce7,90.4762%,4,38,42,2,1,3,36
0x9cfc26,96.3964%,4,107,111,34,2,2,73
0x82238c,98.5348%,4,269,273,0,0,4,269
0x63ab91,99.2263%,4,513,517,513,4,0,0
0x4bcc17,96.2617%,4,103,107,0,0,4,103
0x821248,99.679%,4,1242,1246,0,0,4,1242
0x673edd,78.9474%,4,15,19,15,4,0,0
0x809537,0%,4,0,4,0,2,2,0
0xb14a33,99.8932%,4,3741,3745,3741,4,0,0
0x9eb5aa,93.6508%,4,59,63,59,4,0,0
0x9fe2ae,95.5556%,4,86,90,86,4,0,0
0x99dfca,73.3333%,4,11,15,11,4,0,0
0x63d539,99.4859%,4,774,778,774,4,0,0
0x9734ca,66.6667%,4,8,12,8,4,0,0
0xa95c3b,33.3333%,4,2,6,2,4,0,0
0x5cf3ac,99.7896%,4,1897,1901,0,0,4,1897
0x548ae8,0%,4,0,4,0,4,0,0
0x7c750f,75%,4,12,16,0,0,4,12
0xa5abdc,73.3333%,4,11,15,11,4,0,0
0x4b8258,63.6364%,4,7,11,7,4,0,0
0x5c49b1,94.8052%,4,73,77,73,4,0,0
0x979996,90.9091%,4,40,44,40,4,0,0
0xa99c45,73.3333%,4,11,15,8,3,1,3
0x639acd,98%,4,196,200,159,4,0,37
0xa39293,71.4286%,4,10,14,10,4,0,0
0xa1a070,84%,4,21,25,21,4,0,0
0x9441e3,99.5789%,4,946,950,0,0,4,946
0xa8a6fe,97.7143%,4,171,175,0,0,4,171
0xa39f38,90.2439%,4,37,41,10,1,3,27
0x48b367,90.6977%,4,39,43,0,0,4,39
0x81fad4,99.3769%,4,638,642,638,4,0,0
0x4a7b17,98.7915%,4,327,331,14,1,3,313
0x808f06,97.9899%,4,195,199,178,4,0,17
0x63edf5,99.7846%,4,1853,1857,0,0,4,1853
0x489f71,94.1176%,4,64,68,0,0,4,64
0x5f0818,98.6928%,4,302,306,302,4,0,0
0x94c7c6,99.1649%,4,475,479,475,4,0,0
0x402c26,99.7418%,4,1545,1549,1545,4,0,0
0x4be7b2,55.5556%,4,5,9,0,0,4,5
0x808ca7,99.6743%,4,1224,1228,1224,4,0,0
0x9aa030,84.6154%,4,22,26,22,4,0,0
0x64b659,99.4898%,4,780,784,780,4,0,0
0x60bdff,80%,4,16,20,6,4,0,10
0x8fd207,50%,4,4,8,1,1,3,3
0x807ba9,98.2063%,4,219,223,219,4,0,0
0x485ec7,82.6087%,4,19,23,0,0,4,19
0xaaaf7e,99.5157%,4,822,826,822,4,0,0
0x814d4c,99.63%,4,1077,1081,798,2,2,279
0x5c64ac,98.2143%,4,220,224,0,0,4,220
0x40f3be,99.4374%,4,707,711,36,4,0,671
0x9734aa,66.6667%,4,8,12,2,3,1,6
0x90bed3,99.5838%,4,957,961,117,2,2,840
0x403a17,60%,4,6,10,5,4,0,1
0x88ea78,89.7436%,4,35,39,0,0,4,35
0x4b87f2,63.6364%,4,7,11,2,1,3,5
0x9ec171,92.8571%,4,52,56,52,4,0,0
0x67501f,84%,4,21,25,0,0,4,21
0x8f362c,98.9796%,4,388,392,0,0,4,388
0xa58817,80%,4,16,20,16,4,0,0
0x9e2ce1,69.2308%,4,9,13,0,0,4,9
0x5b0e4b,99.8503%,4,2668,2672,0,0,4,2668
0x5d1c75,80%,4,16,20,16,4,0,0
0x5bcac7,99.5619%,4,909,913,0,2,2,909
0xa29cfb,75%,4,12,16,12,4,0,0
0x610513,99.1667%,4,476,480,0,0,4,476
0x8e2ade,99.6491%,4,1136,1140,0,0,4,1136
0x813127,99.5272%,4,842,846,842,4,0,0
0x9799c5,88.8889%,4,32,36,32,4,0,0
0x9f72b4,71.4286%,4,10,14,10,4,0,0
0x94c5c6,96.1538%,4,100,104,0,0,4,100
0x627782,91.3043%,4,42,46,0,0,4,42
0xa2ee31,86.2069%,4,25,29,20,1,3,5
0x542be1,98.9011%,4,360,364,360,2,2,0
0x53d858,89.7436%,4,35,39,25,4,0,10
0x4bc5d2,60%,4,6,10,0,0,4,6
0x68b075,0%,4,0,4,0,4,0,0
0x5c5727,82.6087%,4,19,23,12,3,1,7
0x97bb6d,96.4912%,4,110,114,110,4,0,0
0x8bc7d6,99.7541%,4,1623,1627,1623,4,0,0
0xa5c2a3,94.5946%,4,70,74,0,2,2,70
0x4c1bed,98%,4,196,200,196,4,0,0
0x9c4137,98.8889%,4,356,360,356,4,0,0
0x9a3367,97.2603%,4,142,146,0,0,4,142
0x8ff74d,71.4286%,4,10,14,4,3,1,6
0xa944f9,86.2069%,4,25,29,0,2,2,25
0x4c658e,85.7143%,4,24,28,14,2,2,10
0x6cdce9,33.3333%,4,2,6,2,4,0,0
0x8eb79d,99.8596%,4,2845,2849,0,0,4,2845
0x81d101,97.8022%,4,178,182,0,0,4,178
0x4c5ed4,90.6977%,4,39,43,39,2,2,0
0xa5519a,50%,4,4,8,4,4,0,0
0x9e73fe,97.0588%,4,132,136,9,2,2,123
0x48e72a,96.0784%,4,98,102,0,0,4,98
0x4bf672,97.9798%,4,194,198,194,4,0,0
0xa91c50,96.0396%,4,97,101,0,0,4,97
0xa58b24,95.8333%,4,92,96,92,4,0,0
0x49fc04,95.3488%,4,82,86,0,0,4,82
0x9e2aed,94.5946%,4,70,74,0,0,4,70
0x9840d9,94.5946%,4,70,74,70,4,0,0
0x4c0eec,90.4762%,4,38,42,8,2,2,30
0x40aa1f,92.5926%,4,50,54,0,0,4,50
0x4a7c9a,93.1034%,4,54,58,54,4,0,0
0xa5b0c7,55.5556%,4,5,9,4,3,1,1
0x7ce7bb,88.8889%,4,32,36,22,2,2,10
0x9c5307,66.6667%,4,8,12,5,3,1,3
0x4ba139,96.3303%,4,105,109,30,3,1,75
0xb148a3,99.9061%,4,4254,4258,0,0,4,4254
0x590c07,63.6364%,4,7,11,4,1,3,3
0x8ddbb7,96.4286%,4,108,112,108,4,0,0
0xa91b1d,98.6885%,4,301,305,301,4,0,0
0x54edea,90.6977%,4,39,43,0,0,4,39
0x4bbd35,92.8571%,4,52,56,0,0,4,52
0x61031a,87.8788%,4,29,33,0,0,4,29
0x4ab4e3,87.0968%,4,27,31,22,3,1,5
0xa588e4,96.1538%,4,100,104,0,0,4,100
0xa4693e,95.8333%,4,92,96,0,0,4,92
0x404241,99.1579%,4,471,475,0,0,4,471
0xa2d2cd,98.9848%,4,390,394,0,0,4,390
0x911447,99.4194%,4,685,689,685,4,0,0
0x9840c5,94.5946%,4,70,74,0,0,4,70
0x6d1efc,87.8788%,4,29,33,0,0,4,29
0x49c6da,33.3333%,4,2,6,0,2,2,2
0xa3d0b9,50%,4,4,8,4,4,0,0
0x9ec3dc,90%,4,36,40,35,2,2,1
0x48f7da,77.7778%,4,14,18,0,0,4,14
0x533989,63.6364%,4,7,11,7,4,0,0
0x4c6684,85.7143%,4,24,28,11,1,3,13
0x9d07d2,93.5484%,4,58,62,58,4,0,0
0x9d0317,99.0521%,4,418,422,418,4,0,0
0x9484a3,99.7226%,4,1438,1442,0,0,4,1438
0x985120,66.6667%,4,8,12,5,3,1,3
0x809de7,99.2933%,4,562,566,559,2,2,3
0x949909,92.4528%,4,49,53,49,4,0,0
0x9c3c66,88.8889%,4,32,36,0,2,2,32
0x7d2111,88.8889%,4,32,36,27,1,3,5
0x539e0a,96.5217%,4,111,115,111,4,0,0
0x591fd3,95.8333%,4,92,96,92,4,0,0
0x5fc2f5,97.4138%,3,113,116,113,3,0,0
0x5cf5e6,99.7842%,3,1387,1390,1387,3,0,0
0x9a3a13,76.9231%,3,10,13,0,0,3,10
0x9f32cf,98.0645%,3,152,155,152,3,0,0
0x502faf,98.4043%,3,185,188,185,3,0,0
0x40407e,99.8155%,3,1623,1626,1623,3,0,0
0x65b199,76.9231%,3,10,13,0,0,3,10
0xa4ef07,86.3636%,3,19,22,19,3,0,0
0x7ad44b,84.2105%,3,16,19,16,3,0,0
0xa58661,81.25%,3,13,16,13,3,0,0
0x9f71ba,78.5714%,3,11,14,11,3,0,0
0x80a890,99.6462%,3,845,848,845,1,2,0
0x4bb7d3,70%,3,7,10,0,1,2,7
0x8ea41a,25%,3,1,4,0,0,3,1
0x53ac0e,97.3913%,3,112,115,112,3,0,0
0x99c86f,99.6021%,3,751,754,0,0,3,751
0x9f4c01,98.2857%,3,172,175,172,3,0,0
0x784ab9,98.8806%,3,265,268,258,2,1,7
0x97275f,98.9011%,3,270,273,0,0,3,270
0x4c07ca,96.5116%,3,83,86,83,3,0,0
0x543980,76.9231%,3,10,13,0,0,3,10
0x4876b6,80%,3,12,15,12,0,3,0
0x9e2fe3,98.8593%,3,260,263,0,0,3,260
0x67ad4a,83.3333%,3,15,18,15,3,0,0
0x609fd3,99.8757%,3,2411,2414,2411,3,0,0
0x543876,95.082%,3,58,61,0,0,3,58
0x50b4d1,25%,3,1,4,1,3,0,0
0xa2e1d6,99.2683%,3,407,410,407,3,0,0
0x944668,87.5%,3,21,24,21,3,0,0
0x5423a5,98.6301%,3,216,219,0,0,3,216
0x492c94,25%,3,1,4,0,2,1,1
0xa9c6bb,97.8873%,3,139,142,139,3,0,0
0x50b4c1,25%,3,1,4,1,3,0,0
0x487882,80%,3,12,15,12,3,0,0
0x9e6185,98.8%,3,247,250,0,0,3,247
0x7e07d1,83.3333%,3,15,18,0,0,3,15
0x9e3965,98.8372%,3,255,258,255,3,0,0
0x4873d3,96.7742%,3,90,93,0,2,1,90
0x9a4577,99.7056%,3,1016,1019,1016,3,0,0
0x9f3cb4,57.1429%,3,4,7,4,3,0,0
0x4b6c3b,66.6667%,3,6,9,6,3,0,0
0x812014,25%,3,1,4,1,1,2,0
0x48aa59,99.9446%,3,5416,5419,0,0,3,5416
0x8eedef,97.8571%,3,137,140,130,1,2,7
0x7b7bf9,88.8889%,3,24,27,1,1,2,23
0xa5836a,62.5%,3,5,8,0,0,3,5
0x50b3eb,62.5%,3,5,8,0,0,3,5
0x812915,80%,3,12,15,12,3,0,0
0x8dcae1,99.8695%,3,2296,2299,1520,1,2,776
0x5df24e,99.5683%,3,692,695,0,0,3,692
0x4c4cc7,89.2857%,3,25,28,25,3,0,0
0x6114ad,72.7273%,3,8,11,7,3,0,1
0x4b6c83,66.6667%,3,6,9,0,0,3,6
0x809fdc,99.0826%,3,324,327,324,3,0,0
0x4c61e8,91.8919%,3,34,37,34,3,0,0
0x5fb223,97.3913%,3,112,115,41,1,2,71
0x4a7b6e,99.0937%,3,328,331,0,0,3,328
0x9712a4,70%,3,7,10,3,2,1,4
0x5c33c2,98.69%,3,226,229,0,0,3,226
0x5b2b3a,93.3333%,3,42,45,0,0,3,42
0x501e7c,40%,3,2,5,0,0,3,2
0x4bc483,92.5%,3,37,40,37,3,0,0
0x59e9c4,62.5%,3,5,8,2,2,1,3
0xa42ecc,25%,3,1,4,0,0,3,1
0x4a7c83,94.8276%,3,55,58,55,3,0,0
0x504277,0%,3,0,3,0,0,3,0
0x40a2ae,91.1765%,3,31,34,1,2,1,30
0x5420ed,99.5733%,3,700,703,700,3,0,0
0x9f3dd8,82.3529%,3,14,17,2,2,1,12
0x819e03,81.25%,3,13,16,0,0,3,13
0x50337f,91.8919%,3,34,37,34,3,0,0
0x58e8b2,57.1429%,3,4,7,4,2,1,0
0x80c278,91.4286%,3,32,35,0,1,2,32
0x40d50f,98.8095%,3,249,252,0,0,3,249
0x4b8462,81.25%,3,13,16,13,3,0,0
0x4a8404,96.7391%,3,89,92,0,0,3,89
0xb30451,40%,3,2,5,2,3,0,0
0x4b6ca2,83.3333%,3,15,18,7,2,1,8
0x8136d4,99.0909%,3,327,330,327,3,0,0
0x502a25,95.2381%,3,60,63,0,0,3,60
0x9c3e5c,94.4444%,3,51,54,51,3,0,0
0x98ce58,99.8389%,3,1859,1862,0,0,3,1859
0x96c1c1,97.931%,3,142,145,0,0,3,142
0xa42c40,94.4444%,3,51,54,51,3,0,0
0x95976e,94.2308%,3,49,52,49,3,0,0
0x808fff,87.5%,3,21,24,21,3,0,0
0x49a2a5,97.4138%,3,113,116,0,0,3,113
0x4bb240,88.8889%,3,24,27,24,3,0,0
0xa9bcb6,70%,3,7,10,7,3,0,0
0x48bf77,70%,3,7,10,7,3,0,0
0x959793,94.2308%,3,49,52,2,2,1,47
0xa58ea6,85.7143%,3,18,21,18,3,0,0
0x49d076,0%,3,0,3,0,1,2,0
0x815ddc,50%,3,3,6,2,3,0,1
0x959a44,75%,3,9,12,6,2,1,3
0x4b61dc,85.7143%,3,18,21,18,3,0,0
0xa4a00a,97.8417%,3,136,139,0,0,3,136
0xa01a4b,25%,3,1,4,1,3,0,0
0x64bf9b,98.2456%,3,168,171,168,3,0,0
0x647bae,93.0233%,3,40,43,0,0,3,40
0x5451ea,25%,3,1,4,0,0,3,1
0x81b8fe,89.6552%,3,26,29,4,1,2,22
0x622ea1,40%,3,2,5,0,1,2,2
0xa9ed02,97.561%,3,120,123,0,0,3,120
0x4c26ad,76.9231%,3,10,13,0,0,3,10
0x9c3936,97.6744%,3,126,129,126,3,0,0
0x7dfcab,62.5%,3,5,8,0,0,3,5
0x900c71,99.1018%,3,331,334,331,3,0,0
0x550f46,86.9565%,3,20,23,16,1,2,4
0xa59f5b,70%,3,7,10,7,0,3,0
0x550f9b,85.7143%,3,18,21,18,3,0,0
0x533e6e,25%,3,1,4,0,2,1,1
0xa07f50,94.5455%,3,52,55,52,2,1,0
0xab36b0,83.3333%,3,15,18,15,3,0,0
0x81b6e3,98.5437%,3,203,206,0,2,1,203
0x816c96,99.7036%,3,1009,1012,0,0,3,1009
0x550e0a,87.5%,3,21,24,4,3,0,17
0x7aee68,50%,3,3,6,0,0,3,3
0x4c63f8,89.2857%,3,25,28,25,1,2,0
0x5c82dc,96.25%,3,77,80,0,0,3,77
0x7d3780,95.5224%,3,64,67,26,1,2,38
0x9f501b,97.8261%,3,135,138,0,0,3,135
0x679bfc,98.1481%,3,159,162,100,1,2,59
0x4bf4a5,95.5882%,3,65,68,0,0,3,65
0x9ece03,85.7143%,3,18,21,0,0,3,18
0xad4352,0%,3,0,3,0,0,3,0
0x5ffcf3,98.3333%,3,177,180,78,2,1,99
0x54db4e,92.3077%,3,36,39,0,0,3,36
0x9f55b7,95.4545%,3,63,66,0,0,3,63
0x942c40,96%,3,72,75,0,0,3,72
0x60b9db,96.4706%,3,82,85,17,3,0,65
0x4a7b29,99.0506%,3,313,316,0,0,3,313
0x806f6a,99.2347%,3,389,392,0,0,3,389
0xa39e87,94.8276%,3,55,58,5,2,1,50
0x9f5171,72.7273%,3,8,11,8,3,0,0
0x5f844a,99.4863%,3,581,584,0,0,3,581
0x4bc1fc,97.3214%,3,109,112,54,2,1,55
0x5462b3,99.1429%,3,347,350,0,0,3,347
0x4ac19a,98.2558%,3,169,172,169,3,0,0
0x8f4a53,99.8802%,3,2502,2505,0,0,3,2502
0x63af80,99.6346%,3,818,821,818,3,0,0
0x535729,95.082%,3,58,61,58,3,0,0
0x9f68b0,98.9761%,3,290,293,0,0,3,290
0x838965,25%,3,1,4,0,0,3,1
0x4a6f13,99.4129%,3,508,511,0,0,3,508
0x9f44cc,98.0645%,3,152,155,0,0,3,152
0x815eba,66.6667%,3,6,9,6,3,0,0
0x4c59bb,94.5455%,3,52,55,0,0,3,52
0x4a5c24,76.9231%,3,10,13,0,3,0,10
0xb2ff34,76.9231%,3,10,13,0,0,3,10
0x67a6f5,99.8912%,3,2754,2757,0,0,3,2754
0x5ef9d3,82.3529%,3,14,17,14,2,1,0
0x811fbd,93.1818%,3,41,44,29,1,2,12
0x9f4ee4,97.5207%,3,118,121,0,0,3,118
0x81456c,99.8294%,3,1756,1759,0,0,3,1756
0xa3679d,99.4434%,3,536,539,0,0,3,536
0x908770,99.6878%,3,958,961,958,3,0,0
0x7f376d,80%,3,12,15,0,0,3,12
0x5501b2,97.7941%,3,133,136,0,0,3,133
0xa9ecdc,98.6726%,3,223,226,0,0,3,223
0x559209,57.1429%,3,4,7,0,3,0,4
0x80a478,99.6441%,3,840,843,840,1,2,0
0xa32dd5,98.6667%,3,222,225,0,0,3,222
0x53ef7b,98.0519%,3,151,154,151,3,0,0
0xa366ec,98.0263%,3,149,152,0,0,3,149
0xaadabd,95.3125%,3,61,64,0,0,3,61
0x9f4034,90.9091%,3,30,33,0,0,3,30
0x65c1f2,99.3363%,3,449,452,449,3,0,0
0x4bb870,98.5294%,3,201,204,201,3,0,0
0x9f3e18,99.5312%,3,637,640,637,3,0,0
0x9e0927,96.2025%,3,76,79,72,1,2,4
0x63fb7f,99.6878%,3,958,961,0,0,3,958
0x94ac8e,96.25%,3,77,80,21,3,0,56
0x80c507,40%,3,2,5,2,3,0,0
0x557dc5,75%,3,9,12,3,1,2,6
0x8ec9f6,99.8593%,3,2129,2132,0,0,3,2129
0x491bdb,96.2025%,3,76,79,76,2,1,0
0x5e37c9,99.5392%,3,648,651,648,3,0,0
0x5fc11d,92.5%,3,37,40,37,3,0,0
0x99f653,97.0588%,3,99,102,0,0,3,99
0x4bd167,57.1429%,3,4,7,0,0,3,4
0x5c46a5,84.2105%,3,16,19,0,0,3,16
0x8de78f,96.1538%,3,75,78,0,0,3,75
0x4bcc37,98.3333%,3,177,180,0,0,3,177
0x4b9109,66.6667%,3,6,9,6,3,0,0
0x4b9195,81.25%,3,13,16,13,3,0,0
0x5358bc,90%,3,27,30,27,2,1,0
0x8e47e6,99.821%,3,1673,1676,0,0,3,1673
0x53e87b,25%,3,1,4,1,3,0,0
0x9e1960,99.6296%,3,807,810,0,0,3,807
0x53f124,98.1013%,3,155,158,154,0,3,1
0x5c46a0,84.2105%,3,16,19,0,0,3,16
0x9f2af3,40%,3,2,5,0,0,3,2
0xa328bb,93.1818%,3,41,44,0,0,3,41
0x7c7544,62.5%,3,5,8,0,2,1,5
0x9e707a,40%,3,2,5,0,0,3,2
0x9597f8,97.9167%,3,141,144,95,1,2,46
0x90ed8c,99.8384%,3,1854,1857,0,0,3,1854
0x67517f,0%,3,0,3,0,3,0,0
0x81ecba,99.8124%,3,1596,1599,1596,3,0,0
0x9110d8,94.3396%,3,50,53,0,0,3,50
0x9064b1,97.2727%,3,107,110,0,0,3,107
0xaa0364,97.5207%,3,118,121,0,0,3,118
0x9f5ecf,99.2891%,3,419,422,419,3,0,0
0x814ec5,82.3529%,3,14,17,0,0,3,14
0x9f9bf1,88%,3,22,25,4,2,1,18
0x9713ed,57.1429%,3,4,7,0,0,3,4
0x905069,97.8102%,3,134,137,134,3,0,0
0x5c7944,96.25%,3,77,80,0,0,3,77
0x556000,0%,3,0,3,0,0,3,0
0x40a606,86.3636%,3,19,22,19,3,0,0
0x943b10,66.6667%,3,6,9,0,2,1,6
0xa37a8e,70%,3,7,10,0,3,0,7
0x40e430,25%,3,1,4,1,3,0,0
0xb1799c,99.7172%,3,1058,1061,0,0,3,1058
0x4bf1d0,99.6774%,3,927,930,53,3,0,874
0x40438d,99.026%,3,305,308,305,3,0,0
0x81a870,99.6058%,3,758,761,0,0,3,758
0x8dabbf,93.1818%,3,41,44,41,3,0,0
0x481ce4,66.6667%,3,6,9,6,3,0,0
0xa8ee6d,78.5714%,3,11,14,0,0,3,11
0x970ee4,99.7981%,3,1483,1486,0,0,3,1483
0xa2f279,92.1053%,3,35,38,0,0,3,35
0x8eeb88,99.3348%,3,448,451,0,0,3,448
0xa32710,89.6552%,3,26,29,25,3,0,1
0x490bba,92.6829%,3,38,41,0,0,3,38
0x4bbe62,98.4848%,3,195,198,0,0,3,195
0x5f115e,99.3644%,3,469,472,469,1,2,0
0x9778fe,91.6667%,3,33,36,0,0,3,33
0xa9eaad,96.4706%,3,82,85,82,3,0,0
0x404f24,75%,3,9,12,9,3,0,0
0x8163b1,94.4444%,3,51,54,0,0,3,51
0xa99f19,70%,3,7,10,1,3,0,6
0x54eb1a,95.6522%,3,66,69,66,3,0,0
0x7d2098,57.1429%,3,4,7,4,3,0,0
0x8dcd7b,99.8695%,3,2296,2299,2296,3,0,0
0xa08ba2,66.6667%,3,6,9,3,1,2,3
0x4b48ed,95.7746%,3,68,71,0,0,3,68
0xaa258e,88.4615%,3,23,26,3,1,2,20
0xaa2391,91.1765%,3,31,34,0,0,3,31
0x94b03f,98.5507%,3,204,207,204,3,0,0
0x4872fe,99.5627%,3,683,686,0,0,3,683
0x4a835c,86.9565%,3,20,23,20,3,0,0
0x8f3a8c,98.2759%,3,171,174,171,3,0,0
0x4c4856,95%,3,57,60,57,3,0,0
0x78cd87,99.6552%,3,867,870,867,3,0,0
0x9e5c70,91.4286%,3,32,35,32,3,0,0
0xa5f823,99.0625%,3,317,320,317,3,0,0
0x509012,84.2105%,3,16,19,11,2,1,5
0xa3ba3d,97.9167%,3,141,144,0,0,3,141
0xb22b60,99.8394%,3,1865,1868,0,0,3,1865
0xa96aa4,72.7273%,3,8,11,1,1,2,7
0x4a5c1a,57.1429%,3,4,7,3,1,2,1
0x8e9317,57.1429%,3,4,7,2,2,1,2
0x97864c,70%,3,7,10,7,3,0,0
0x4b5509,78.5714%,3,11,14,5,3,0,6
0x911cf9,99.529%,3,634,637,634,3,0,0
0x9e2e70,76.9231%,3,10,13,0,0,3,10
0x502cab,99.8607%,3,2150,2153,0,0,3,2150
0x80de70,97.3684%,3,111,114,0,0,3,111
0x814582,96.1039%,3,74,77,30,2,1,44
0xa91604,25%,3,1,4,0,0,3,1
0x80f57b,99.4585%,3,551,554,0,0,3,551
0x499dc9,90.625%,3,29,32,29,3,0,0
0x819881,99.6372%,3,824,827,824,3,0,0
0x61174d,99.5896%,3,728,731,0,0,3,728
0x814b27,98.8048%,3,248,251,0,0,3,248
0x639bf7,99.5399%,3,649,652,649,3,0,0
0x50ca7a,85%,3,17,20,0,0,3,17
0x5095a7,83.3333%,3,15,18,15,3,0,0
0xa03010,95.5882%,3,65,68,0,0,3,65
0x5412c8,99.8872%,3,2657,2660,2657,3,0,0
0x81e947,96.0526%,3,73,76,0,0,3,73
0xb179af,99.7172%,3,1058,1061,0,0,3,1058
0x9f3eb1,98.1132%,3,156,159,156,3,0,0
0x8ec336,99.727%,3,1096,1099,1096,3,0,0
0x972cb1,97.8571%,3,137,140,0,0,3,137
0x81a731,99.9497%,3,5962,5965,5962,3,0,0
0x48d729,85.7143%,3,18,21,1,0,3,17
0x833b6d,50%,3,3,6,0,0,3,3
0x8bc813,91.1765%,3,31,34,0,0,3,31
0x441cbf,72.7273%,3,8,11,8,3,0,0
0xa51153,25%,3,1,4,1,3,0,0
0x4a946c,95.2381%,3,60,63,0,0,3,60
0x9edd66,95.3125%,3,61,64,1,1,2,60
0x8dbdef,98.3871%,3,183,186,0,0,3,183
0xa96bfe,40%,3,2,5,0,0,3,2
0x9f7c96,66.6667%,3,6,9,6,3,0,0
0x4ca717,72.7273%,3,8,11,8,1,2,0
0x555d81,94.6429%,3,53,56,0,0,3,53
0x63d809,97.8723%,3,138,141,138,3,0,0
0x5e4759,99.8012%,3,1506,1509,1506,3,0,0
0x8f6ded,86.3636%,3,19,22,0,0,3,19
0xa3b23d,98.6842%,3,225,228,0,0,3,225
0x817440,96.5517%,3,84,87,0,2,1,84
0x7d3d77,95.2381%,3,60,63,11,1,2,49
0x4a7acf,99.4175%,3,512,515,0,0,3,512
0x63e5cb,99.6296%,3,807,810,807,3,0,0
0x6487c9,94.6429%,3,53,56,53,3,0,0
0xa4d1a8,25%,3,1,4,1,3,0,0
0x96b192,99.6692%,3,904,907,0,0,3,904
0x95b024,93.4783%,3,43,46,43,3,0,0
0xb22bb4,99.8394%,3,1865,1868,0,0,3,1865
0x4b831b,72.7273%,3,8,11,1,2,1,7
0x60a6f3,99.8253%,3,1714,1717,0,0,3,1714
0x8bc7a2,99.0566%,3,315,318,0,0,3,315
0x951ad9,91.6667%,3,33,36,33,3,0,0
0x622994,70%,3,7,10,0,0,3,7
0x9c4d29,50%,3,3,6,0,0,3,3
0xa3e5ec,81.25%,3,13,16,13,3,0,0
0x81e56b,70%,3,7,10,0,2,1,7
0x5d453a,83.3333%,3,15,18,13,1,2,2
0x7817ce,95.2381%,3,60,63,0,0,3,60
0x96b6b7,94%,3,47,50,0,0,3,47
0x9f3f52,98.1818%,3,162,165,0,0,3,162
0x8a6c18,97.0297%,3,98,101,0,0,3,98
0x6753b5,25%,3,1,4,0,1,2,1
0x40ec20,99.4231%,3,517,520,257,3,0,260
0x8f0ab3,92.8571%,3,39,42,39,3,0,0
0x9edd12,95.3125%,3,61,64,61,3,0,0
0x40e8fc,70%,3,7,10,2,3,0,5
0x5d45c7,83.3333%,3,15,18,15,3,0,0
0x805b2b,99.8923%,3,2782,2785,2782,3,0,0
0x8ea3e8,99.7551%,3,1222,1225,1222,3,0,0
0x688e9f,87.5%,3,21,24,0,0,3,21
0x9bb44e,84.2105%,3,16,19,0,1,2,16
0x627d6f,86.9565%,3,20,23,0,0,3,20
0x8a9ec3,99.3562%,3,463,466,463,3,0,0
0x53968c,97.2477%,3,106,109,0,0,3,106
0x5f1398,81.25%,3,13,16,0,0,3,13
0x679ec0,97.0297%,3,98,101,98,3,0,0
0xa2a8ae,95.5882%,3,65,68,0,0,3,65
0x8109d9,75%,3,9,12,9,3,0,0
0x5d0948,83.3333%,3,15,18,15,3,0,0
0x8dcdeb,99.5845%,3,719,722,716,2,1,3
0x4b793f,89.2857%,3,25,28,0,1,2,25
0x5396f7,97.2477%,3,106,109,60,2,1,46
0x534aec,94.6429%,3,53,56,0,0,3,53
0x9e297b,80%,3,12,15,0,0,3,12
0x9f15e9,72.7273%,3,8,11,8,3,0,0
0x90a07b,97.9866%,3,146,149,146,3,0,0
0x59169e,0%,3,0,3,0,3,0,0
0x48c59a,70%,3,7,10,0,0,3,7
0xa90f29,25%,3,1,4,0,0,3,1
0x817ec6,99.115%,3,336,339,1,0,3,335
0x5db29b,25%,3,1,4,1,3,0,0
0x9c37c2,93.4783%,3,43,46,43,3,0,0
0x81fb71,99.0712%,3,320,323,320,3,0,0
0xa5b1c5,75%,3,9,12,9,3,0,0
0x8fd6e6,90%,3,27,30,0,0,3,27
0x54489c,99.7162%,3,1054,1057,1054,3,0,0
0x648680,94.6429%,3,53,56,51,3,0,2
0x50e5ac,85%,3,17,20,17,3,0,0
0x509023,76.9231%,3,10,13,0,0,3,10
0x8b9f7e,99.6812%,3,938,941,938,3,0,0
0x48d732,85%,3,17,20,0,0,3,17
0x9745df,98.8764%,3,264,267,0,2,1,264
0x6410a8,99.2823%,3,415,418,0,0,3,415
0x592bbd,94.9153%,3,56,59,56,3,0,0
0x9fdb9a,88%,3,22,25,22,3,0,0
0x99a93f,97.0588%,3,99,102,99,3,0,0
0x9447bf,97.4576%,3,115,118,115,3,0,0
0x49c107,96.8421%,3,92,95,0,0,3,92
0xa37355,92.8571%,3,39,42,0,0,3,39
0xa2cc40,99.3007%,3,426,429,0,0,3,426
0xa32628,25%,3,1,4,0,2,1,1
0x673d99,57.1429%,3,4,7,2,0,3,2
0x499df4,90.625%,3,29,32,0,0,3,29
0x65b0a2,76.9231%,3,10,13,10,3,0,0
0x8ee78e,98.2353%,3,167,170,167,3,0,0
0x55908e,99.2084%,3,376,379,0,0,3,376
0x40380c,97.2727%,3,107,110,0,0,3,107
0xa27371,90.3226%,3,28,31,19,2,1,9
0x5ef0d2,83.3333%,3,15,18,0,0,3,15
0x40e8b1,70%,3,7,10,7,3,0,0
0x80a5f0,99.6441%,3,840,843,840,1,2,0
0x9e0985,91.4286%,3,32,35,32,3,0,0
0x8e9d02,40%,3,2,5,0,1,2,2
0x8140d0,99.5957%,3,739,742,739,3,0,0
0xa08378,57.1429%,3,4,7,0,0,3,4
0xa5686b,50%,3,3,6,3,3,0,0
0x4b583f,98.8889%,3,267,270,267,3,0,0
0xa30b21,99.8223%,3,1685,1688,0,0,3,1685
0x65b254,76.9231%,3,10,13,0,0,3,10
0xa97508,97.9866%,3,146,149,0,0,3,146
0x4c1b58,40%,3,2,5,2,3,0,0
0xa99d2d,72.7273%,3,8,11,0,0,3,8
0x8f12cd,92.5%,3,37,40,37,3,0,0
0xa58e6a,97.9452%,3,143,146,0,0,3,143
0xa54287,97.0588%,3,99,102,0,0,3,99
0x8fdb17,83.3333%,3,15,18,7,2,1,8
0x404b95,57.1429%,3,4,7,4,3,0,0
0xa4538e,99.1379%,3,345,348,342,2,1,3
0x404f7f,75%,3,9,12,0,0,3,9
0x8dbb2f,99.0476%,3,312,315,0,0,3,312
0x4a5c57,57.1429%,3,4,7,0,3,0,4
0x4c9762,87.5%,3,21,24,11,3,0,10
0xa9c572,98.4925%,3,196,199,0,0,3,196
0x9f7b7c,96.7391%,3,89,92,11,2,1,78
0x4ba473,98.7654%,3,240,243,240,3,0,0
0x901652,99.654%,3,864,867,864,3,0,0
0xa07937,50%,3,3,6,0,1,2,3
0x70e87e,50%,3,3,6,0,0,3,3
0x596b91,99.8705%,3,2314,2317,0,0,3,2314
0x54eccc,95.6522%,3,66,69,0,0,3,66
0xa01bb2,81.25%,3,13,16,0,0,3,13
0x90269d,99.75%,3,1197,1200,1197,3,0,0
0x8e33a2,81.25%,3,13,16,13,3,0,0
0x8e1055,81.25%,3,13,16,11,1,2,2
0x8ff741,78.5714%,3,11,14,0,0,3,11
0x97768f,99.8186%,3,1651,1654,0,0,3,1651
0x811fc5,78.5714%,3,11,14,11,3,0,0
0x64cd75,99.3166%,3,436,439,436,3,0,0
0xa31039,97.4359%,3,114,117,114,1,2,0
0x9aa3f8,80%,3,12,15,12,3,0,0
0x4b9f08,99.1279%,3,341,344,0,0,3,341
0x8e4916,99.5312%,3,637,640,0,0,3,637
0xa559ed,25%,3,1,4,0,0,3,1
0x4ba926,93.75%,3,45,48,0,0,3,45
0xa5aecc,57.1429%,3,4,7,3,2,1,1
0x809ec2,25%,3,1,4,1,1,2,0
0x487860,80%,3,12,15,12,3,0,0
0xb2e30f,82.3529%,3,14,17,0,0,3,14
0xaa2dba,99.0132%,3,301,304,301,3,0,0
0x8ec9a8,25%,3,1,4,0,0,3,1
0x50ee4b,93.1818%,3,41,44,0,0,3,41
0x58e394,93.3333%,3,42,45,40,0,3,2
0xa558d8,25%,3,1,4,0,2,1,1
0x901ac7,98.8%,3,247,250,0,0,3,247
0xa96824,88.4615%,3,23,26,23,3,0,0
0x9e3d40,92.3077%,3,36,39,0,0,3,36
0x50433c,95.1613%,3,59,62,0,0,3,59
0x7f36a6,80%,3,12,15,12,3,0,0
0x507f1a,40%,3,2,5,0,0,3,2
0x8dfe39,98.125%,3,157,160,156,2,1,1
0x820cb3,94%,3,47,50,47,2,1,0
0x4c667b,89.2857%,3,25,28,0,0,3,25
0x5fd976,99.8275%,3,1736,1739,0,0,3,1736
0x901620,99.654%,3,864,867,0,0,3,864
0x81a4da,99.6372%,3,824,827,0,0,3,824
0x5916b2,0%,3,0,3,0,3,0,0
0x65aecb,76.9231%,3,10,13,0,0,3,10
0x598fbf,98.9655%,3,287,290,0,0,3,287
0x9a9b9e,97.5207%,3,118,121,118,3,0,0
0xa60a68,99.0132%,3,301,304,301,3,0,0
0x9f7a80,96.7391%,3,89,92,89,3,0,0
0x5575cc,94.5455%,3,52,55,52,3,0,0
0x97461a,93.4783%,3,43,46,43,3,0,0
0x504773,83.3333%,3,15,18,10,1,2,5
0x9e110f,89.6552%,3,26,29,25,2,1,1
0x9f9abd,97.2477%,3,106,109,0,0,3,106
0xa9bc26,57.1429%,3,4,7,4,3,0,0
0x55724c,83.3333%,3,15,18,6,0,3,9
0xa30334,98.8235%,3,252,255,82,3,0,170
0x944987,95.7143%,3,67,70,0,0,3,67
0x402feb,95.6522%,3,66,69,2,2,1,64
0x5385cd,99.9401%,3,5007,5010,0,0,3,5007
0x977c0a,99.8186%,3,1651,1654,0,0,3,1651
0x8f31c8,99.883%,3,2561,2564,2561,3,0,0
0x9f946b,97.5%,3,117,120,103,0,3,14
0x66f6e9,84.2105%,3,16,19,16,2,1,0
0x8de1c4,99.8755%,3,2406,2409,2406,3,0,0
0x9710c4,57.1429%,3,4,7,3,2,1,1
0xa550e3,62.5%,3,5,8,0,0,3,5
0x5f929a,96.25%,3,77,80,0,0,3,77
0x50cc5c,85%,3,17,20,17,3,0,0
0x4b58ca,99.359%,3,465,468,0,0,3,465
0x90dd33,90%,3,27,30,27,3,0,0
0x944389,96.0526%,3,73,76,0,0,3,73
0x7dfc60,62.5%,3,5,8,0,0,3,5
0x441b35,72.7273%,3,8,11,8,3,0,0
0x508df9,66.6667%,3,6,9,0,0,3,6
0x5b4119,90.3226%,3,28,31,0,0,3,28
0x441757,72.7273%,3,8,11,0,0,3,8
0x590c47,92.8571%,3,39,42,17,3,0,22
0xa08c5e,85%,3,17,20,15,1,2,2
0x679c33,99.7517%,3,1205,1208,34,2,1,1171
0x951888,99.1202%,3,338,341,338,3,0,0
0x55765a,88.8889%,3,24,27,0,0,3,24
0x50b9e3,25%,3,1,4,0,2,1,1
0x50cc12,92.1053%,3,35,38,16,3,0,19
0xa8e4d0,0%,3,0,3,0,1,2,0
0xa45e72,25%,3,1,4,0,0,3,1
0xa2edbe,89.6552%,3,26,29,0,0,3,26
0x58f507,94.2308%,3,49,52,49,3,0,0
0x60b4e3,98.3425%,3,178,181,0,0,3,178
0x9439a5,25%,3,1,4,0,2,1,1
0x9f0a04,98.9933%,3,295,298,295,3,0,0
0x9e2ca1,86.9565%,3,20,23,20,3,0,0
0x8eed5c,97.8571%,3,137,140,0,0,3,137
0x4b86a0,72.7273%,3,8,11,8,3,0,0
0x9e2d8d,81.25%,3,13,16,13,3,0,0
0x4bc9d8,75%,3,9,12,0,0,3,9
0x97b7fd,84.2105%,3,16,19,16,3,0,0
0x8f6e6c,98.9474%,3,282,285,0,0,3,282
0xa92590,83.3333%,3,15,18,5,3,0,10
0x94b72c,96.2025%,3,76,79,76,3,0,0
0x4a5caa,98.4375%,3,189,192,0,0,3,189
0xa9c57a,98.4925%,3,196,199,0,0,3,196
0x40a55e,95%,3,57,60,57,1,2,0
0xa1ab57,72.7273%,3,8,11,5,1,2,3
0x5f8889,97.1154%,3,101,104,5,3,0,96
0x5bc37e,86.9565%,3,20,23,0,0,3,20
0x9f3a5e,50%,3,3,6,0,1,2,3
0x4b834c,66.6667%,3,6,9,0,0,3,6
0x5cbee5,82.3529%,3,14,17,14,3,0,0
0x7c66e2,62.5%,3,5,8,0,0,3,5
0x9e7075,40%,3,2,5,0,0,3,2
0x8e1f69,98.5981%,3,211,214,0,0,3,211
0x7235ea,99.7925%,3,1443,1446,0,0,3,1443
0x4ba78c,99.1957%,3,370,373,0,0,3,370
0x974752,25%,3,1,4,1,3,0,0
0x4414ee,72.7273%,3,8,11,0,0,3,8
0xa0852b,91.1765%,3,31,34,29,0,3,2
0x9f07b7,57.1429%,3,4,7,1,2,1,3
0xa9bc3e,57.1429%,3,4,7,4,3,0,0
0x4b5190,57.1429%,3,4,7,4,2,1,0
0x8f49ac,99.8802%,3,2502,2505,2497,2,1,5
0x51023f,98.7288%,3,233,236,0,0,3,233
0xa5b029,80%,3,12,15,12,1,2,0
0xa2388f,95.3846%,3,62,65,0,0,3,62
0x4be7f3,88.8889%,3,24,27,0,0,3,24
0x5fa916,98.1818%,3,162,165,0,0,3,162
0x60bb11,82.3529%,3,14,17,0,0,3,14
0x4b78ba,89.2857%,3,25,28,0,0,3,25
0x4b78c6,89.2857%,3,25,28,0,0,3,25
0x8e94e4,62.5%,3,5,8,2,2,1,3
0x5ffe94,99.6411%,3,833,836,0,0,3,833
0x538fb3,86.3636%,3,19,22,9,2,1,10
0x67a237,86.9565%,3,20,23,20,3,0,0
0x7f3729,80%,3,12,15,0,0,3,12
0x4bb2dc,90%,3,27,30,0,0,3,27
0x781928,98.0769%,3,153,156,153,3,0,0
0x404112,99.3684%,3,472,475,0,0,3,472
0xa9c937,93.4783%,3,43,46,0,0,3,43
0x40ab07,93.1818%,3,41,44,0,2,1,41
0x9799a9,93.1818%,3,41,44,0,0,3,41
0x9f3a43,57.1429%,3,4,7,4,0,3,0
0x5ffea6,99.6411%,3,833,836,0,0,3,833
0x906bed,98.4694%,3,193,196,0,0,3,193
0x9f78d1,99.5312%,3,637,640,637,3,0,0
0x4b950b,76.9231%,3,10,13,1,0,3,9
0x49bda4,25%,3,1,4,0,0,3,1
0x8e786b,98.9011%,3,270,273,90,1,2,180
0x9776af,99.8186%,3,1651,1654,0,0,3,1651
0x9eb720,98.2143%,3,165,168,0,0,3,165
0x811aec,99.6441%,3,840,843,840,1,2,0
0xa94418,98.6607%,3,221,224,0,0,3,221
0xa297f6,25%,3,1,4,0,0,3,1
0x47fc8b,84.2105%,3,16,19,0,1,2,16
0x814ea6,86.3636%,3,19,22,0,1,2,19
0x53dd30,62.5%,3,5,8,5,3,0,0
0x542c4e,62.5%,3,5,8,5,3,0,0
0x4b8b28,25%,3,1,4,1,3,0,0
0xa446e2,94.2308%,3,49,52,0,0,3,49
0xa25b5f,99.7038%,3,1010,1013,0,0,3,1010
0x481bfc,84.2105%,3,16,19,0,0,3,16
0x51050b,95.3125%,3,61,64,61,3,0,0
0xa945b0,89.6552%,3,26,29,25,2,1,1
0xa596a3,89.6552%,3,26,29,26,3,0,0
0xa8ee86,62.5%,3,5,8,0,0,3,5
0x7d1e3b,95.5224%,3,64,67,2,0,3,62
0x49faae,97.9167%,3,141,144,0,2,1,141
0xa94573,89.6552%,3,26,29,1,1,2,25
0x60a8f0,99.6203%,3,787,790,0,0,3,787
0x4b531d,95.7746%,3,68,71,0,0,3,68
0x8e257b,99.9431%,3,5272,5275,5272,3,0,0
0xa28113,98.5646%,3,206,209,206,0,3,0
0x7f0b71,40%,3,2,5,0,0,3,2
0x8bb84c,97.931%,3,142,145,0,0,3,142
0x6f4520,83.3333%,3,15,18,15,3,0,0
0x4b9fda,93.617%,3,44,47,0,0,3,44
0xa9454d,89.6552%,3,26,29,0,0,3,26
0xa275fb,96.7391%,3,89,92,89,3,0,0
0x8068b2,82.3529%,3,14,17,14,3,0,0
0x64860f,94.6429%,3,53,56,53,3,0,0
0x833ade,97.7273%,3,129,132,0,0,3,129
0x791152,92.3077%,3,36,39,10,0,3,26
0xa345cc,97.7099%,3,128,131,0,0,3,128
0x96995b,92.3077%,3,36,39,36,3,0,0
0x80ae7b,91.4286%,3,32,35,1,1,2,31
0xa93fbc,75%,3,9,12,9,3,0,0
0xa3532d,99.8425%,3,1902,1905,2,1,2,1900
0x544260,94.7368%,3,54,57,0,0,3,54
0x8a9f4c,92.1053%,3,35,38,10,1,2,25
0x4b55a3,50%,3,3,6,3,1,2,0
0x8f105e,92.5%,3,37,40,30,2,1,7
0x817e21,75%,3,9,12,9,1,2,0
0x4bb5c4,94.2308%,3,49,52,49,3,0,0
0x4b6d4e,97.0297%,3,98,101,27,3,0,71
0xa2950a,81.25%,3,13,16,13,3,0,0
0x807f07,97.7099%,3,128,131,0,0,3,128
0xa36d17,25%,3,1,4,1,1,2,0
0x5ff562,62.5%,3,5,8,0,2,1,5
0xa368d9,99.3056%,3,429,432,429,3,0,0
0x9a8f3c,78.5714%,3,11,14,11,3,0,0
0x49ff89,99.9657%,3,8743,8746,8743,3,0,0
0xa296f4,81.25%,3,13,16,6,3,0,7
0xa901e5,88%,3,22,25,22,3,0,0
0x4c4741,40%,3,2,5,1,2,1,1
0x7e1183,92.5%,3,37,40,12,1,2,25
0x4b8391,72.7273%,3,8,11,0,0,3,8
0x4c0539,93.1818%,3,41,44,12,1,2,29
0xad7bd8,96.0526%,3,73,76,0,0,3,73
0x809753,80%,3,12,15,3,2,1,9
0x8f573d,99.6089%,3,764,767,764,3,0,0
0x6402ff,99.8935%,3,2815,2818,2815,3,0,0
0x5ff573,62.5%,3,5,8,0,0,3,5
0x65b973,99.935%,3,4615,4618,1,1,2,4614
0xa34538,97.3451%,3,110,113,0,0,3,110
0x4bfd46,96.5116%,3,83,86,0,0,3,83
0x48864d,97.1698%,3,103,106,103,3,0,0
0xa0538a,89.6552%,3,26,29,19,2,1,7
0x8e87e8,99.7238%,3,1083,1086,1083,3,0,0
0x7ac073,97.4359%,3,114,117,19,2,1,95
0x8fd736,90%,3,27,30,19,1,2,8
0xa372a1,70%,3,7,10,7,3,0,0
0xa53e73,98.1707%,3,161,164,0,0,3,161
0x973369,92.8571%,3,39,42,31,2,1,8
0x7aed77,72.7273%,3,8,11,0,0,3,8
0x49eac0,92.8571%,3,39,42,16,3,0,23
0x4c031d,94.1176%,3,48,51,48,3,0,0
0xa9857c,25%,3,1,4,1,3,0,0
0x9a64fe,98.2955%,3,173,176,0,0,3,173
0x486d61,96.7742%,3,90,93,90,3,0,0
0x4c0368,94.1176%,3,48,51,48,3,0,0
0x5937db,84.2105%,3,16,19,0,0,3,16
0x9a648e,98.2955%,3,173,176,173,3,0,0
0x9a6486,98.2955%,3,173,176,0,0,3,173
0xaa294b,97.8261%,3,135,138,0,0,3,135
0x833e2e,81.25%,3,13,16,0,0,3,13
0x4417ee,72.7273%,3,8,11,0,0,3,8
0x555ded,85%,3,17,20,0,0,3,17
0x7b63de,93.3333%,3,42,45,6,2,1,36
0xa294ab,81.25%,3,13,16,0,0,3,13
0xa28845,81.25%,3,13,16,13,3,0,0
0x98c95a,97.2477%,3,106,109,0,0,3,106
0x8d3ff7,76.9231%,3,10,13,10,3,0,0
0x64b62e,99.6173%,3,781,784,0,0,3,781
0x60b028,94%,3,47,50,47,3,0,0
0x5561c9,98.7903%,3,245,248,245,3,0,0
0x4be8d6,66.6667%,3,6,9,6,2,1,0
0x4b6dc0,89.2857%,3,25,28,0,0,3,25
0x9bc87e,97.6378%,3,124,127,124,1,2,0
0x81d418,98.3516%,3,179,182,179,3,0,0
0xa96f2e,85.7143%,3,18,21,0,2,1,18
0x58b8c1,97.2727%,3,107,110,0,0,3,107
0x94ebd9,96.6667%,3,87,90,87,3,0,0
0xa2dace,78.5714%,3,11,14,6,1,2,5
0x4c05ca,90.3226%,3,28,31,28,3,0,0
0x9f2696,99.3056%,3,429,432,0,0,3,429
0xa33e1b,89.2857%,3,25,28,0,0,3,25
0xa294d2,81.25%,3,13,16,0,0,3,13
0x50b496,25%,3,1,4,1,3,0,0
0x5ffe67,97.6744%,3,126,129,126,3,0,0
0x8bdcb9,57.1429%,3,4,7,0,0,3,4
0x4b5e8f,72.7273%,3,8,11,0,0,3,8
0x81172d,99.9203%,3,3763,3766,0,0,3,3763
0x499bf9,94.3396%,3,50,53,50,3,0,0
0x668076,95%,3,57,60,57,3,0,0
0xa49fa0,97.931%,3,142,145,142,3,0,0
0xa482c7,75%,3,9,12,3,1,2,6
0x5fb75b,94.5455%,3,52,55,0,0,3,52
0x48a0dc,95.5882%,3,65,68,0,0,3,65
0x5fb728,94.5455%,3,52,55,52,3,0,0
0x5ee17c,98.7603%,3,239,242,239,3,0,0
0x5fb744,94.5455%,3,52,55,0,0,3,52
0xa51b4a,92.5%,3,37,40,37,3,0,0
0x68b129,25%,3,1,4,0,0,3,1
0x480d8a,66.6667%,3,6,9,6,3,0,0
0x5ff104,92.3077%,3,36,39,36,3,0,0
0x59252a,99.935%,3,4615,4618,0,0,3,4615
0x8d3a33,70%,3,7,10,0,0,3,7
0x9f2a58,97.1154%,3,101,104,0,0,3,101
0x8d30e5,98.7288%,3,233,236,233,3,0,0
0xa5b4ed,66.6667%,3,6,9,0,0,3,6
0x80561c,96.6292%,3,86,89,0,0,3,86
0xa0648e,91.4286%,3,32,35,0,0,3,32
0xa05fe6,85%,3,17,20,2,2,1,15
0x9ed547,75%,3,9,12,3,1,2,6
0x600100,88.8889%,3,24,27,0,0,3,24
0x48f8ec,81.25%,3,13,16,5,1,2,8
0x9cfe08,76.9231%,3,10,13,10,3,0,0
0xaa5ced,70%,3,7,10,7,3,0,0
0x5c6b41,99.8108%,3,1583,1586,0,0,3,1583
0x64b5fe,94.7368%,3,54,57,54,3,0,0
0x8d3d08,99.5114%,3,611,614,0,0,3,611
0x4c4561,82.3529%,3,14,17,14,3,0,0
0x49c235,25%,3,1,4,0,0,3,1
0x5fba07,99.2268%,3,385,388,0,2,1,385
0x8ffdfe,50%,3,3,6,0,0,3,3
0x5f9d3a,88.8889%,3,24,27,0,0,3,24
0x8ed137,50%,3,3,6,1,1,2,2
0xaa7f5c,99.4329%,3,526,529,0,0,3,526
0xa95f9b,75%,3,9,12,1,3,0,8
0x9e289f,99.2167%,3,380,383,377,1,2,3
0x8da87f,50%,3,3,6,3,3,0,0
0x8e1e13,98.7342%,3,234,237,234,3,0,0
0x80b72b,0%,3,0,3,0,0,3,0
0x4c285e,96.4286%,3,81,84,81,2,1,0
0x8d4038,76.9231%,3,10,13,10,3,0,0
0x8de97f,98.5%,3,197,200,197,3,0,0
0x9e29db,96.3415%,3,79,82,75,2,1,4
0x837741,62.5%,3,5,8,2,1,2,3
0x8d3f8a,76.9231%,3,10,13,0,0,3,10
0xa042cf,0%,3,0,3,0,1,2,0
0x5fe65b,97.1429%,3,102,105,102,3,0,0
0x8fd33e,62.5%,3,5,8,1,3,0,4
0xa4b67c,85%,3,17,20,0,0,3,17
0xa9496a,87.5%,3,21,24,21,3,0,0
0xa238e8,97.2727%,3,107,110,0,0,3,107
0x40e078,98.5981%,3,211,214,0,0,3,211
0xa35db2,99.3304%,3,445,448,0,0,3,445
0x83779b,62.5%,3,5,8,1,2,1,4
0x8ed55c,70%,3,7,10,5,1,2,2
0x5bd486,99.6073%,3,761,764,0,0,3,761
0x4be367,72.7273%,3,8,11,0,0,3,8
0x9a1fa5,98.5222%,3,200,203,200,3,0,0
0x815abb,70%,3,7,10,7,3,0,0
0x8f53f5,99.6689%,3,903,906,0,0,3,903
0x8ff70f,98.4043%,3,185,188,185,3,0,0
0x6486f0,94.6429%,3,53,56,0,0,3,53
0x63ad81,98.8506%,3,258,261,258,3,0,0
0x638f65,99.1124%,3,335,338,335,3,0,0
0x4b7bbd,72.7273%,3,8,11,8,2,1,0
0x8dbbc4,99.0476%,3,312,315,312,3,0,0
0x942aea,62.5%,3,5,8,4,0,3,1
0xa29843,25%,3,1,4,1,3,0,0
0xa3419d,96.8085%,3,91,94,91,3,0,0
0xa588b2,97.9452%,3,143,146,0,0,3,143
0x9ebf41,95.082%,3,58,61,0,0,3,58
0x6411cf,99.7825%,3,1376,1379,0,0,3,1376
0x6487b7,94.6429%,3,53,56,53,3,0,0
0x5fb8ef,88.4615%,3,23,26,23,3,0,0
0x8d40b5,72.7273%,3,8,11,8,3,0,0
0x5e4517,99.8012%,3,1506,1509,0,0,3,1506
0x8042c7,92.8571%,3,39,42,1,2,1,38
0x55607d,95%,3,57,60,57,2,1,0
0xa946e0,89.6552%,3,26,29,0,0,3,26
0x8dfecd,99.1935%,3,369,372,128,2,1,241
0x4c65be,89.2857%,3,25,28,25,1,2,0
0x5fb203,98.9437%,3,281,284,1,1,2,280
0x81ba0c,98.5294%,3,201,204,201,3,0,0
0x7c73f1,81.25%,3,13,16,0,0,3,13
0x402de9,94.9153%,3,56,59,0,0,3,56
0xa060d2,66.6667%,3,6,9,2,2,1,4
0x8d3b2b,98.7854%,3,244,247,0,1,2,244
0xa5930b,80%,3,12,15,0,0,3,12
0x9d1d39,82.3529%,3,14,17,0,0,3,14
0x804085,98.8142%,3,250,253,0,0,3,250
0x639c0b,99.625%,3,797,800,797,3,0,0
0x9c3ed5,96.5116%,3,83,86,0,0,3,83
0x4bf7f9,96.5116%,3,83,86,83,3,0,0
0x9a61a8,75%,3,9,12,9,3,0,0
0x4bb47d,94.2308%,3,49,52,0,0,3,49
0x9e0da3,86.9565%,3,20,23,20,3,0,0
0x80a90b,99.6433%,3,838,841,838,3,0,0
0x60c678,0%,3,0,3,0,0,3,0
0x5c6496,98.6607%,3,221,224,221,3,0,0
0x8b98ba,99.9769%,3,12961,12964,0,0,3,12961
0xa51a5b,57.1429%,3,4,7,4,3,0,0
0x4bb49a,94.2308%,3,49,52,0,0,3,49
0x80400e,98.8142%,3,250,253,247,3,0,3
0xa98825,80%,3,12,15,0,0,3,12
0x538cf4,86.3636%,3,19,22,11,0,3,8
0x64f50e,87.5%,3,21,24,21,3,0,0
0x8f19ac,93.75%,3,45,48,0,0,3,45
0x81cfb6,98.3516%,3,179,182,0,0,3,179
0x8043f0,66.6667%,3,6,9,1,2,1,5
0x48d215,50%,3,3,6,3,3,0,0
0x9e6333,83.3333%,3,15,18,15,3,0,0
0x9e8578,98.951%,3,283,286,283,3,0,0
0x814fa6,86.3636%,3,19,22,19,1,2,0
0x8199ba,91.1765%,3,31,34,31,3,0,0
0x8d3b51,98.7805%,3,243,246,242,2,1,1
0x5daa42,25%,3,1,4,1,3,0,0
0x81a325,99.6372%,3,824,827,824,3,0,0
0x9f1d11,99.2167%,3,380,383,0,0,3,380
0x5fae8a,90.9091%,3,30,33,0,0,3,30
0xaa2619,86.3636%,3,19,22,10,1,2,9
0x9a738f,83.3333%,3,15,18,0,0,3,15
0x81ea51,96.5116%,3,83,86,81,2,1,2
0x96b12d,96.6667%,3,87,90,87,3,0,0
0x8f2fb9,99.0596%,3,316,319,0,0,3,316
0xa3625b,98.9899%,3,294,297,294,3,0,0
0x5ff513,50%,3,3,6,1,0,3,2
0x4c455d,82.3529%,3,14,17,0,0,3,14
0x8fff78,70%,3,7,10,2,2,1,5
0x5fb360,50%,3,3,6,3,3,0,0
0xb30d57,99.8397%,3,1869,1872,0,0,3,1869
0x4c6e0c,96.3855%,3,80,83,80,3,0,0
0x4a6f94,85%,3,17,20,0,0,3,17
0x8e12d1,99.8752%,3,2401,2404,1596,2,1,805
0xa947a2,88.8889%,3,24,27,24,3,0,0
0x5f5318,99.9001%,3,3001,3004,3001,3,0,0
0x4c6fe9,90.9091%,3,30,33,0,0,3,30
0xa8fb41,98.2353%,3,167,170,167,3,0,0
0x723695,99.7925%,3,1443,1446,0,0,3,1443
0x4bf60d,96.5116%,3,83,86,0,0,3,83
0x6f43e0,89.2857%,3,25,28,25,3,0,0
0x659dd6,84.2105%,3,16,19,16,3,0,0
0x8119e5,99.6441%,3,840,843,840,1,2,0
0x8e4d88,99.4106%,3,506,509,0,0,3,506
0x5fae4e,93.75%,3,45,48,0,0,3,45
0x8e0feb,99.6278%,3,803,806,0,0,3,803
0x9e4018,95.5882%,3,65,68,0,0,3,65
0x48029e,92.1053%,3,35,38,0,0,3,35
0x810b69,85%,3,17,20,3,1,2,14
0x50439b,97.5806%,3,121,124,60,2,1,61
0x63f37e,99.7825%,3,1376,1379,0,0,3,1376
0x510c6c,99.1379%,3,345,348,345,3,0,0
0x4879a4,50%,3,3,6,0,2,1,3
0x814cca,95.2381%,3,60,63,60,1,2,0
0x8ee625,92.8571%,3,39,42,39,3,0,0
0xaca816,89.2857%,3,25,28,0,0,3,25
0x7aca99,90.625%,3,29,32,0,0,3,29
0x40abc9,40%,3,2,5,2,3,0,0
0xa35906,99.7003%,3,998,1001,0,0,3,998
0x4c02c5,92.1053%,3,35,38,12,1,2,23
0x81099c,85%,3,17,20,0,0,3,17
0x9d015c,99.1429%,3,347,350,347,3,0,0
0x7b0a6d,90.625%,3,29,32,2,2,1,27
0xa35935,99.7003%,3,998,1001,0,0,3,998
0x60845a,89.2857%,3,25,28,25,3,0,0
0x534f9a,90.625%,3,29,32,0,0,3,29
0xaaaf11,75%,3,9,12,6,2,1,3
0x7b1244,82.3529%,3,14,17,10,2,1,4
0x81b010,99.6441%,3,840,843,840,1,2,0
0x543060,99.1573%,3,353,356,353,3,0,0
0x977bb8,57.1429%,3,4,7,4,3,0,0
0x97362f,66.6667%,3,6,9,0,0,3,6
0x80a596,99.7368%,3,1137,1140,1137,1,2,0
0x6084b6,78.5714%,3,11,14,0,0,3,11
0x9a3a65,76.9231%,3,10,13,8,3,0,2
0x5f7b58,97.7778%,3,132,135,132,3,0,0
0x972841,85%,3,17,20,17,3,0,0
0x9d362a,94.5455%,3,52,55,0,0,3,52
0x4be9de,91.4286%,3,32,35,32,3,0,0
0xa285e4,66.6667%,3,6,9,0,3,0,6
0x40e354,98.7805%,3,243,246,243,3,0,0
0x96c272,82.3529%,3,14,17,0,0,3,14
0x97825b,84.2105%,3,16,19,0,0,3,16
0xa4a746,62.5%,3,5,8,4,2,1,1
0x789f3b,62.5%,3,5,8,3,1,2,2
0xa0522c,93.3333%,3,42,45,0,0,3,42
0x4b9487,76.9231%,3,10,13,10,3,0,0
0x5ff23a,96.4286%,3,81,84,81,3,0,0
0x7b05fe,0%,3,0,3,0,0,3,0
0x7afd44,89.2857%,3,25,28,0,0,3,25
0xa92300,94.4444%,3,51,54,48,2,1,3
0x819186,99.6134%,3,773,776,0,0,3,773
0x5f8424,99.4863%,3,581,584,0,0,3,581
0x5ffba7,93.4783%,3,43,46,0,0,3,43
0x49cdb0,76.9231%,3,10,13,6,2,1,4
0x4b6ed4,90.3226%,3,28,31,0,0,3,28
0x835dc2,92.1053%,3,35,38,18,0,3,17
0x555a8f,62.5%,3,5,8,4,2,1,1
0x51229a,99.855%,3,2066,2069,2066,3,0,0
0x4b9675,76.9231%,3,10,13,9,2,1,1
0x80a81c,99.6441%,3,840,843,0,2,1,840
0x838887,96.25%,3,77,80,74,1,2,3
0x402527,99.4163%,3,511,514,0,0,3,511
0x80a533,98.9362%,3,279,282,0,0,3,279
0x64bb47,99.7845%,3,1389,1392,0,0,3,1389
0x5dcf1a,97.7444%,3,130,133,130,3,0,0
0x58c49c,75%,3,9,12,9,3,0,0
0x511a7c,99.9236%,3,3924,3927,3924,3,0,0
0x5905ca,81.25%,3,13,16,2,1,2,11
0x482a97,66.6667%,3,6,9,6,3,0,0
0x7b3004,91.6667%,3,33,36,13,1,2,20
0x49ce46,76.9231%,3,10,13,3,2,1,7
0x5fa2b1,98.8142%,3,250,253,250,3,0,0
0x5ec2db,90.3226%,3,28,31,28,3,0,0
0x7b301c,86.3636%,3,19,22,19,3,0,0
0x47fb41,84.2105%,3,16,19,0,1,2,16
0x8f0a1c,25%,3,1,4,1,3,0,0
0x80e3c0,25%,3,1,4,1,1,2,0
0x816321,93.3333%,3,42,45,42,1,2,0
0xa04c78,92.1053%,3,35,38,0,0,3,35
0xa5c81a,97.2973%,3,108,111,0,0,3,108
0x9e7d58,87.5%,3,21,24,21,3,0,0
0x9f4708,99.1404%,3,346,349,0,2,1,346
0x7847b2,91.4286%,3,32,35,0,0,3,32
0x5128e1,85%,3,17,20,6,3,0,11
0xa347b8,99.7689%,3,1295,1298,0,0,3,1295
0xa9da6a,98.6547%,3,220,223,0,0,3,220
0x9bd583,94.5455%,3,52,55,40,3,0,12
0xa533aa,50%,3,3,6,0,2,1,3
0x81e9fa,98.0263%,3,149,152,76,0,3,73
0x8d3b1a,98.7854%,3,244,247,0,0,3,244
0xa36010,99.0033%,3,298,301,0,0,3,298
0xa31c7e,90.3226%,3,28,31,28,3,0,0
0x81cd56,98.2558%,3,169,172,0,0,3,169
0x63fbd8,99.6878%,3,958,961,958,3,0,0
0xa43f77,95.3125%,3,61,64,0,0,3,61
0x4c061a,92.8571%,3,39,42,39,3,0,0
0xa516f5,92.5%,3,37,40,37,3,0,0
0x610259,90.9091%,3,30,33,0,0,3,30
0x9d1250,97.5%,3,117,120,101,3,0,16
0x7b7c1b,88%,3,22,25,0,0,3,22
0x8ec413,99.6809%,3,937,940,937,3,0,0
0xa335c4,99.8881%,3,2677,2680,0,0,3,2677
0x5f759a,97.6744%,3,126,129,126,3,0,0
0x9e5f0b,83.3333%,3,15,18,15,3,0,0
0x541792,97.7941%,3,133,136,0,0,3,133
0x838b23,50%,3,3,6,2,1,2,1
0x4ad914,85.7143%,3,18,21,18,1,2,0
0x5f7a88,98.5507%,3,204,207,204,2,1,0
0x8a734c,99.2647%,3,405,408,405,3,0,0
0x9f6496,98.324%,3,176,179,0,0,3,176
0x4bb941,97.3214%,3,109,112,54,2,1,55
0x4ac9cd,0%,3,0,3,0,3,0,0
0x9e7790,94.3396%,3,50,53,45,1,2,5
0xa9c5a8,72.7273%,3,8,11,8,3,0,0
0x99c694,98.0132%,3,148,151,148,3,0,0
0x55b3a3,99.714%,3,1046,1049,0,0,3,1046
0x5baf27,98.9726%,3,289,292,0,0,3,289
0x666453,99.4275%,3,521,524,0,0,3,521
0x67ec23,97.541%,3,119,122,119,3,0,0
0x5f8dd9,97.7273%,3,129,132,0,2,1,129
0xa51f2c,25%,3,1,4,0,2,1,1
0xa27554,98.6111%,3,213,216,213,3,0,0
0x805f37,98.6726%,3,223,226,0,0,3,223
0x9ff641,76.9231%,3,10,13,7,1,2,3
0x8aaab9,84.2105%,3,16,19,0,0,3,16
0x8a694c,98.0263%,3,149,152,149,3,0,0
0x65a0b6,99.8142%,3,1612,1615,109,2,1,1503
0x9eb1c6,94.8276%,3,55,58,0,2,1,55
0x8e2b54,99.7243%,3,1085,1088,0,0,3,1085
0x6680b1,99.8623%,3,2175,2178,2175,3,0,0
0x97b94f,97.3684%,3,111,114,0,0,3,111
0x8216ab,99.0964%,3,329,332,0,0,3,329
0x5511d8,85.7143%,3,18,21,15,2,1,3
0xa47f9b,75%,3,9,12,9,3,0,0
0xaa0613,94%,3,47,50,0,0,3,47
0xa34f6f,97.973%,3,145,148,115,1,2,30
0xa95aa6,25%,3,1,4,1,1,2,0
0x4c209b,98.1132%,3,156,159,0,0,3,156
0x9ea831,90.625%,3,29,32,0,0,3,29
0x8e6e58,99.0937%,3,328,331,328,3,0,0
0x4c5255,99.115%,3,336,339,19,2,1,317
0x97b8a2,92.6829%,3,38,41,38,3,0,0
0x9ed29e,94.7368%,3,54,57,54,3,0,0
0x9c3eca,96.5116%,3,83,86,0,0,3,83
0x5c4f8f,98.1928%,3,163,166,0,0,3,163
0xa26bb8,50%,3,3,6,0,2,1,3
0x4c988e,78.5714%,3,11,14,4,3,0,7
0xb30b6f,99.1018%,3,331,334,0,0,3,331
0x97bae9,97.3684%,3,111,114,111,3,0,0
0x4c98ac,62.5%,3,5,8,4,2,1,1
0x7cd9bd,62.5%,3,5,8,5,3,0,0
0x5f865c,98.2036%,3,164,167,0,0,3,164
0x9abaa6,99.6264%,3,800,803,0,0,3,800
0x40ecb4,98.913%,3,273,276,273,3,0,0
0x8a2812,98.9324%,3,278,281,278,3,0,0
0x49ee1e,99.9112%,3,3374,3377,0,0,3,3374
0x598eb5,40%,3,2,5,2,3,0,0
0x8fef22,95.3846%,3,62,65,62,3,0,0
0x9005a8,98.2558%,3,169,172,0,0,3,169
0xa062ea,0%,3,0,3,0,2,1,0
0x70e883,50%,3,3,6,3,3,0,0
0x810722,99.5957%,3,739,742,0,0,3,739
0x80fcdf,99.7479%,3,1187,1190,0,0,3,1187
0xa271af,98.9437%,3,281,284,281,3,0,0
0x4b86d7,72.7273%,3,8,11,0,0,3,8
0xa369fb,0%,3,0,3,0,0,3,0
0x50ccf9,99.1758%,3,361,364,361,3,0,0
0x606df6,62.5%,3,5,8,5,3,0,0
0x8f46d8,99.8802%,3,2502,2505,2502,3,0,0
0x667028,88.8889%,3,24,27,0,0,3,24
0x4b7071,90.3226%,3,28,31,28,3,0,0
0x8ebdba,62.5%,3,5,8,5,1,2,0
0x5fbae9,96.2025%,3,76,79,76,1,2,0
0x5d86ea,98.8095%,3,249,252,0,0,3,249
0xa43acd,97.7099%,3,128,131,128,3,0,0
0x5f27e2,90.3226%,3,28,31,26,0,3,2
0xa9072d,99.2126%,3,378,381,0,0,3,378
0xa33990,99.4585%,3,551,554,0,0,3,551
0x9e709c,40%,3,2,5,1,1,2,1
0x60a6fc,99.8253%,3,1714,1717,0,0,3,1714
0xa9d004,25%,3,1,4,1,1,2,0
0x81990b,99.4129%,3,508,511,508,3,0,0
0x9a6817,97.9592%,3,144,147,144,3,0,0
0x5fa3bb,50%,3,3,6,0,0,3,3
0x80eab5,99.4297%,3,523,526,0,0,3,523
0x8107be,98.8095%,3,249,252,244,2,1,5
0x608c62,99.4585%,3,551,554,551,3,0,0
0xa442fa,93.8776%,3,46,49,0,0,3,46
0x80bc24,99.2386%,3,391,394,0,0,3,391
0xa4278e,98.6667%,3,222,225,222,3,0,0
0x4aafb0,72.7273%,3,8,11,8,2,1,0
0xa37530,70%,3,7,10,7,3,0,0
0x8f61cd,78.5714%,3,11,14,0,2,1,11
0x949a67,94.3396%,3,50,53,0,0,3,50
0x40e550,81.25%,3,13,16,0,0,3,13
0x6492df,96.0526%,3,73,76,0,2,1,73
0x8195c7,99.0881%,3,326,329,0,0,3,326
0x60dbf7,98.9051%,3,271,274,271,3,0,0
0x80bd73,57.1429%,3,4,7,0,2,1,4
0xa63cc4,25%,3,1,4,0,2,1,1
0x9731f3,92.8571%,3,39,42,0,2,1,39
0x48e4fe,98%,3,147,150,147,3,0,0
0x61142e,66.6667%,3,6,9,6,2,1,0
0xa5b4ab,75%,3,9,12,0,0,3,9
0xa55a27,25%,3,1,4,0,2,1,1
0x900bf6,99.1018%,3,331,334,0,0,3,331
0x4bb2c5,93.617%,3,44,47,15,2,1,29
0x550e3a,91.1765%,3,31,34,31,3,0,0
0x5c7249,89.2857%,3,25,28,0,0,3,25
0x48d02e,89.2857%,3,25,28,25,3,0,0
0x944c09,94.8276%,3,55,58,7,2,1,48
0x4badb0,99.0132%,3,301,304,301,3,0,0
0xa065dc,25%,3,1,4,1,3,0,0
0xa02ae7,75%,3,9,12,0,3,0,9
0x8f4bfa,98.2955%,3,173,176,0,0,3,173
0x970fc4,75%,3,9,12,3,2,1,6
0x9ef359,95%,3,57,60,57,3,0,0
0xa02afa,66.6667%,3,6,9,6,3,0,0
0x95c4ef,75%,3,9,12,0,0,3,9
0x90163f,95.8333%,3,69,72,0,0,3,69
0x5348d6,95.4545%,3,63,66,63,3,0,0
0x8d26f3,96.1039%,3,74,77,0,2,1,74
0x555bb3,92.1053%,3,35,38,35,3,0,0
0x5393fd,99.4059%,3,502,505,0,0,3,502
0x99ce2a,66.6667%,3,6,9,6,3,0,0
0x606ead,70%,3,7,10,5,2,1,2
0x811f4e,99.3939%,3,492,495,492,3,0,0
0x4bae76,99.0354%,3,308,311,308,3,0,0
0x4a6c21,92.8571%,3,39,42,0,0,3,39
0xaa33c4,81.25%,3,13,16,0,0,3,13
0x4a59f0,81.25%,3,13,16,13,3,0,0
0x8efdfb,91.6667%,3,33,36,33,3,0,0
0x9021c1,98.5222%,3,200,203,200,3,0,0
0x8ebe47,83.3333%,3,15,18,0,0,3,15
0x643a25,87.5%,3,21,24,9,1,2,12
0x80dac7,98.6364%,3,217,220,0,0,3,217
0x8c789c,99.8442%,3,1922,1925,1922,3,0,0
0x58e41e,92.5%,3,37,40,0,0,3,37
0x59375b,99.5276%,3,632,635,632,3,0,0
0x5b41cf,90.3226%,3,28,31,0,0,3,28
0xa2e81e,97.5%,3,117,120,0,0,3,117
0x80d868,99.3534%,3,461,464,0,0,3,461
0x53fb4e,25%,3,1,4,1,1,2,0
0xa9b2ef,93.3333%,3,42,45,42,3,0,0
0x47fb99,84.2105%,3,16,19,16,3,0,0
0x488d33,97.3684%,3,111,114,0,0,3,111
0x813f33,99.5652%,3,687,690,687,3,0,0
0x80dcba,99.7608%,3,1251,1254,0,0,3,1251
0x981480,96.4706%,3,82,85,6,3,0,76
0xa1809d,99.5646%,3,686,689,0,0,3,686
0x643b29,91.4286%,3,32,35,32,1,2,0
0x9d1e51,85%,3,17,20,17,3,0,0
0x4a6e3e,99.1549%,3,352,355,352,3,0,0
0x7a1200,89.6552%,3,26,29,26,3,0,0
0xa97f04,78.5714%,3,11,14,0,2,1,11
0x66f58f,89.6552%,3,26,29,26,3,0,0
0x4ba494,88.4615%,3,23,26,11,2,1,12
0x9d0947,94.1176%,3,48,51,48,3,0,0
0xa2f938,96.3855%,3,80,83,80,3,0,0
0x5df2a5,90.9091%,3,30,33,0,0,3,30
0x8d20bc,50%,3,3,6,0,2,1,3
0x667377,92.5%,3,37,40,0,0,3,37
0x8f41e3,99.0769%,3,322,325,322,3,0,0
0xa556aa,96.3855%,3,80,83,0,0,3,80
0x80c4c8,40%,3,2,5,1,1,2,1
0x80e9d1,89.2857%,3,25,28,0,0,3,25
0x8a313a,70%,3,7,10,0,0,3,7
0x9a660f,98.2955%,3,173,176,173,3,0,0
0x808cd3,99.6774%,3,927,930,927,3,0,0
0x5c4d05,98.2659%,3,170,173,4,0,3,166
0x9c3fea,99.3562%,3,463,466,463,3,0,0
0x4be86e,0%,3,0,3,0,3,0,0
0x49fa96,97.9167%,3,141,144,0,0,3,141
0x8e2013,99.798%,3,1482,1485,0,0,3,1482
0x495f20,94.5455%,3,52,55,0,0,3,52
0x810537,91.1765%,3,31,34,31,3,0,0
0x647380,99.5%,3,597,600,597,3,0,0
0x8fe0a7,96.5116%,3,83,86,14,0,3,69
0x8e5371,81.25%,3,13,16,13,3,0,0
0x80d830,25%,3,1,4,0,2,1,1
0x81fee4,93.75%,3,45,48,0,0,3,45
0xa040e7,50%,3,3,6,1,0,3,2
0x492f5b,91.1765%,3,31,34,31,3,0,0
0xa2d648,98.4536%,3,191,194,191,3,0,0
0x4a59cf,81.25%,3,13,16,9,3,0,4
0x9edcbf,95.3125%,3,61,64,0,0,3,61
0x64af4a,99.9474%,3,5705,5708,0,0,3,5705
0x661624,99.7628%,3,1262,1265,1262,3,0,0
0x821492,99.8489%,3,1983,1986,0,0,3,1983
0x40b158,98.4456%,3,190,193,190,3,0,0
0x815b7a,92.6829%,3,38,41,38,3,0,0
0x49a110,81.25%,3,13,16,13,3,0,0
0x61047e,99.4475%,3,540,543,0,0,3,540
0x973ee2,75%,3,9,12,0,0,3,9
0x5f12b2,95.3125%,3,61,64,0,2,1,61
0x4bba7d,97.3214%,3,109,112,0,0,3,109
0xa5bade,95.8333%,3,69,72,0,0,3,69
0xa5bed6,90.625%,3,29,32,0,0,3,29
0x9bc751,86.3636%,3,19,22,0,1,2,19
0xa3421d,98.2353%,3,167,170,0,0,3,167
0x8e3d87,98.1132%,3,156,159,0,0,3,156
0x9fb26f,92.6829%,3,38,41,0,0,3,38
0xa5bda9,90.625%,3,29,32,0,0,3,29
0x542bd0,99.1758%,3,361,364,0,0,3,361
0x9013a4,94%,3,47,50,0,0,3,47
0x485dbf,99.345%,3,455,458,0,0,3,455
0x8f4c30,96.0526%,3,73,76,73,3,0,0
0x4a7c03,94.1176%,3,48,51,0,0,3,48
0x8db786,99.0476%,3,312,315,0,0,3,312
0x9e62ed,84.2105%,3,16,19,16,3,0,0
0x9fe55e,97.7612%,3,131,134,0,0,3,131
0x6f55a9,98.2659%,3,170,173,170,3,0,0
0xa41a24,99.6942%,3,978,981,0,0,3,978
0x9f0a56,90.625%,3,29,32,5,3,0,24
0xa4a1e5,95%,3,57,60,0,0,3,57
0xa55c49,96.3855%,3,80,83,0,0,3,80
0xa5c5f5,83.3333%,3,15,18,6,2,1,9
0xaab837,97.1963%,3,104,107,0,0,3,104
0xa5c38f,95.8333%,3,69,72,69,3,0,0
0x506f2a,85%,3,17,20,17,3,0,0
0x4900ea,70%,3,7,10,0,0,3,7
0x4a9cf3,80%,3,12,15,0,0,3,12
0xa5c58a,97.2973%,3,108,111,0,2,1,108
0xa5c56d,97.2973%,3,108,111,108,3,0,0
0x55449f,25%,3,1,4,0,0,3,1
0x8e4b8d,98.3146%,3,175,178,0,0,3,175
0x970f37,99.8878%,3,2671,2674,0,0,3,2671
0x820a75,62.5%,3,5,8,0,0,3,5
0xa994d8,72.7273%,3,8,11,8,3,0,0
0x543d4e,98.3957%,3,184,187,0,0,3,184
0x490257,50%,3,3,6,0,0,3,3
0xa41b18,98.8764%,3,264,267,0,0,3,264
0x8e3868,93.75%,3,45,48,0,0,3,45
0x40ae21,25%,3,1,4,1,1,2,0
0x67f2f3,98.8462%,3,257,260,0,0,3,257
0x67f309,98.8462%,3,257,260,124,2,1,133
0x50ff7f,99.6894%,3,963,966,0,0,3,963
0x40bd9f,25%,3,1,4,1,3,0,0
0x6a3a5b,95.3125%,3,61,64,35,3,0,26
0x9f88e2,84.2105%,3,16,19,16,3,0,0
0x49984c,83.3333%,3,15,18,10,0,3,5
0x9f12bc,70%,3,7,10,0,0,3,7
0x511000,97.8873%,3,139,142,139,3,0,0
0xa55ed0,76.9231%,3,10,13,2,3,0,8
0x4a8583,86.3636%,3,19,22,0,0,3,19
0x780615,99.0741%,3,321,324,0,0,3,321
0x7bb9f0,62.5%,3,5,8,0,0,3,5
0x648574,99.8989%,3,2965,2968,0,0,3,2965
0xa399da,98.9011%,3,270,273,0,0,3,270
0x80ba81,25%,3,1,4,1,1,2,0
0x4a8595,86.3636%,3,19,22,3,2,1,16
0x67aca9,99.8912%,3,2754,2757,2754,3,0,0
0xa9198c,92.8571%,3,39,42,39,3,0,0
0x63906a,99.0769%,3,322,325,0,0,3,322
0x83bea3,40%,3,2,5,2,2,1,0
0xa1a1c4,72.7273%,3,8,11,1,1,2,7
0x983f71,96.3415%,3,79,82,63,3,0,16
0x9aae79,93.4783%,3,43,46,43,2,1,0
0xa97fb5,70%,3,7,10,7,3,0,0
0xa4b697,85%,3,17,20,17,3,0,0
0x69650b,99.5448%,3,656,659,0,0,3,656
0x9f078e,57.1429%,3,4,7,0,2,1,4
0x9f273e,96.4706%,3,82,85,0,0,3,82
0x9ff570,95.4545%,3,63,66,1,2,1,62
0x977502,98.8281%,3,253,256,0,0,3,253
0xa55d02,96.3855%,3,80,83,80,3,0,0
0x6cdcd8,50%,3,3,6,0,0,3,3
0x9fb89b,99.0196%,3,303,306,0,0,3,303
0x5509da,40%,3,2,5,2,2,1,0
0xa97aae,40%,3,2,5,2,3,0,0
0x666d39,25%,3,1,4,0,0,3,1
0x81159b,99.6441%,3,840,843,840,3,0,0
0x9fb3ad,0%,3,0,3,0,3,0,0
0x81f963,96.2025%,3,76,79,0,0,3,76
0x60c729,57.1429%,3,4,7,4,3,0,0
0x60c718,57.1429%,3,4,7,0,0,3,4
0x50900a,85%,3,17,20,0,1,2,17
0x90ed93,99.8384%,3,1854,1857,1854,3,0,0
0xa098ec,76.9231%,3,10,13,10,3,0,0
0x99db21,85.7143%,3,18,21,18,3,0,0
0x7f02c5,83.3333%,3,15,18,15,3,0,0
0x7f0281,83.3333%,3,15,18,15,3,0,0
0xa56fe5,96.3415%,3,79,82,0,0,3,79
0x821c89,95.8333%,3,69,72,0,0,3,69
0x4419c6,72.7273%,3,8,11,0,0,3,8
0x40bd38,25%,3,1,4,1,3,0,0
0x60c618,0%,3,0,3,0,3,0,0
0xaa88ce,97.5806%,3,121,124,0,0,3,121
0x9fcafc,88%,3,22,25,0,0,3,22
0xa99d1b,72.7273%,3,8,11,0,0,3,8
0x8092c1,91.4286%,3,32,35,32,2,1,0
0x647d69,94.1176%,3,48,51,0,2,1,48
0x5f13c3,92.5%,3,37,40,0,0,3,37
0x558ff4,99.2084%,3,376,379,376,3,0,0
0x6673e3,92.5%,3,37,40,37,3,0,0
0x63ae69,98.7552%,3,238,241,238,3,0,0
0x65a04e,99.8252%,3,1713,1716,1463,0,3,250
0x9fde2f,90.625%,3,29,32,23,2,1,6
0x53b0fd,99.9418%,3,5156,5159,0,0,3,5156
0x80c2e5,98.5294%,3,201,204,0,0,3,201
0x918df3,98.5%,3,197,200,197,3,0,0
0x499a0c,98.0392%,3,150,153,150,3,0,0
0xa48cb3,98.2036%,3,164,167,0,0,3,164
0x9cfbb0,97.561%,3,120,123,0,0,3,120
0x4acbda,80%,3,12,15,9,3,0,3
0xa01c58,0%,3,0,3,0,0,3,0
0xa37231,62.5%,3,5,8,3,1,2,2
0x542e07,99.8671%,3,2254,2257,0,0,3,2254
0xa45385,99.1379%,3,345,348,0,0,3,345
0x48f132,90%,3,27,30,27,3,0,0
0x6107b0,76.9231%,3,10,13,0,0,3,10
0x9fe8f1,92.5%,3,37,40,3,0,3,34
0x4900dc,70%,3,7,10,0,0,3,7
0x8a3177,70%,3,7,10,7,1,2,0
0x5cb11d,0%,3,0,3,0,3,0,0
0x8a5b3e,99.7776%,3,1346,1349,1346,3,0,0
0xb22ba7,99.8394%,3,1865,1868,0,0,3,1865
0x48d753,85.7143%,3,18,21,18,3,0,0
0x6f557f,98.2659%,3,170,173,0,0,3,170
0x5cba52,97.7099%,3,128,131,0,0,3,128
0x9fe745,92.5%,3,37,40,37,3,0,0
0x9fe6eb,92.5%,3,37,40,0,0,3,37
0x977b9a,57.1429%,3,4,7,4,3,0,0
0x7efe75,98.2143%,3,165,168,0,0,3,165
0xaa461c,96.9697%,3,96,99,0,0,3,96
0x80d558,97.2727%,3,107,110,107,1,2,0
0x9e36a9,91.1765%,3,31,34,31,3,0,0
0x9d6983,99.2063%,3,375,378,0,2,1,375
0x5e5c9f,0%,3,0,3,0,3,0,0
0xa32c5d,99.6764%,3,924,927,0,0,3,924
0x9693f7,96.5116%,3,83,86,83,3,0,0
0xaa6364,99.4083%,3,504,507,0,0,3,504
0x51b2f2,50%,3,3,6,3,3,0,0
0xaad29e,57.1429%,3,4,7,4,3,0,0
0x5962f3,84.2105%,3,16,19,0,0,3,16
0x9d1e44,85%,3,17,20,0,0,3,17
0x7f0d28,94%,3,47,50,45,3,0,2
0x9428f7,98.69%,3,226,229,226,3,0,0
0x4ac8e5,50%,3,3,6,1,2,1,2
0x9bc6ef,97.6378%,3,124,127,0,0,3,124
0xaad22f,57.1429%,3,4,7,4,3,0,0
0x9e78e6,97.541%,3,119,122,119,3,0,0
0x50c9e2,99.3182%,3,437,440,437,3,0,0
0x54230d,99.0964%,3,329,332,329,3,0,0
0x9d1038,78.5714%,3,11,14,5,1,2,6
0xaa03ef,92.1053%,3,35,38,0,0,3,35
0x98447f,84.2105%,3,16,19,16,2,1,0
0x9809c4,72.7273%,3,8,11,8,3,0,0
0xa3a4ce,99.6732%,3,915,918,0,0,3,915
0x98423d,88%,3,22,25,22,3,0,0
0x9e3db4,72.7273%,3,8,11,8,3,0,0
0xa42838,98.2857%,3,172,175,172,3,0,0
0x9e747c,98.3146%,3,175,178,175,1,2,0
0xa3a3fd,99.2574%,3,401,404,401,3,0,0
0x9f20ae,25%,3,1,4,0,0,3,1
0x9731e0,92.8571%,3,39,42,0,0,3,39
0x9e2f9f,98.8593%,3,260,263,260,3,0,0
0xaa5bc0,86.9565%,3,20,23,18,2,1,2
0x599367,99.9278%,3,4151,4154,0,0,3,4151
0x9e6ec1,62.5%,3,5,8,5,3,0,0
0x9e7d9c,87.5%,3,21,24,19,2,1,2
0x9746b6,95.5882%,3,65,68,0,0,3,65
0x58de24,96%,3,72,75,0,0,3,72
0x5ebcd1,98.6726%,3,223,226,0,0,3,223
0x9ea41f,99.0132%,3,301,304,301,3,0,0
0x78d8ad,99.5153%,3,616,619,616,3,0,0
0xa32765,96.1538%,3,75,78,0,0,3,75
0xa25e2d,96.1538%,3,75,78,75,3,0,0
0x973215,92.5%,3,37,40,0,0,3,37
0x984191,66.6667%,3,6,9,6,3,0,0
0x7df89f,96.2963%,3,78,81,78,3,0,0
0x64deb6,99.4475%,3,540,543,0,0,3,540
0x9f3e78,98.1132%,3,156,159,156,2,1,0
0x8f38c5,97.4138%,3,113,116,113,3,0,0
0x9f2877,99.4755%,3,569,572,569,3,0,0
0x8ed765,99.6815%,3,939,942,0,0,3,939
0x512afb,99.5913%,3,731,734,0,0,3,731
0x550334,99.1525%,3,351,354,0,0,3,351
0x65a3b6,99.8442%,3,1922,1925,1922,3,0,0
0x9ebc5c,95.2381%,3,60,63,60,3,0,0
0x98cb90,98.6726%,3,223,226,223,3,0,0
0x8ecda6,99.6985%,3,992,995,992,3,0,0
0xa02de4,97.1963%,3,104,107,104,3,0,0
0x980fba,95.5224%,3,64,67,62,3,0,2
0x817d6f,62.5%,3,5,8,0,2,1,5
0x4bbac9,98.5294%,3,201,204,0,0,3,201
0x9814e8,89.6552%,3,26,29,26,3,0,0
0x8d97ac,62.5%,3,5,8,5,3,0,0
0x5c4d0c,98.2249%,3,166,169,0,0,3,166
0x8a9716,96.7391%,3,89,92,0,0,3,89
0x610589,96.7742%,3,90,93,0,0,3,90
0x4be260,76.9231%,3,10,13,10,3,0,0
0xa4276e,98.6667%,3,222,225,0,0,3,222
0x784045,99.5169%,3,618,621,0,0,3,618
0xa8a800,98.2857%,3,172,175,0,0,3,172
0xa8ab5f,96.3855%,3,80,83,0,0,3,80
0x494947,97.561%,3,120,123,0,0,3,120
0xa7a1e2,98.2857%,3,172,175,0,0,3,172
0x9732ca,92.8571%,3,39,42,0,0,3,39
0x9e76e8,99.25%,3,397,400,397,3,0,0
0x5f18d9,57.1429%,3,4,7,4,1,2,0
0x48f91c,93.617%,3,44,47,36,1,2,8
0x5d3f86,97.7444%,3,130,133,130,3,0,0
0x979fba,70%,3,7,10,7,3,0,0
0xa472bd,98.2036%,3,164,167,164,3,0,0
0x9e7fda,97.561%,3,120,123,120,3,0,0
0x9e7fbe,97.6923%,3,127,130,6,1,2,121
0x97343c,92.5%,3,37,40,32,1,2,5
0x9e0fd7,96.25%,3,77,80,0,0,3,77
0x90a636,93.1818%,3,41,44,41,3,0,0
0x788d9b,70%,3,7,10,1,0,3,6
0xa6c683,93.0233%,3,40,43,0,0,3,40
0xa548cd,99.3072%,3,430,433,430,3,0,0
0x9feac5,57.1429%,3,4,7,4,3,0,0
0x99dde4,80%,3,12,15,12,3,0,0
0x90e83a,90%,3,27,30,0,0,3,27
0x5e0155,97.931%,3,142,145,142,3,0,0
0x8df0d9,87.5%,3,21,24,0,0,3,21
0xa39b8a,99.5066%,3,605,608,0,0,3,605
0x5b9a56,96.5517%,3,84,87,11,3,0,73
0x7bb90b,25%,3,1,4,0,0,3,1
0x90a797,98.0392%,3,150,153,150,3,0,0
0x8bd37b,99.8286%,3,1747,1750,0,0,3,1747
0xa0bdc7,57.1429%,3,4,7,0,2,1,4
0x90a8b9,95.9459%,3,71,74,0,0,3,71
0xa0bc63,57.1429%,3,4,7,0,1,2,4
0x9d1ac8,75%,3,9,12,9,3,0,0
0xa58750,97.4138%,3,113,116,113,3,0,0
0x63ccbd,98.5%,3,197,200,197,3,0,0
0xa26286,99.2574%,3,401,404,0,0,3,401
0xaa2ad2,0%,3,0,3,0,0,3,0
0xa46d73,96.875%,3,93,96,93,3,0,0
0x8dc2a8,97.2727%,3,107,110,107,3,0,0
0x8e030e,99.4737%,3,567,570,0,0,3,567
0x4aad56,90%,3,27,30,0,0,3,27
0x9e84da,92.6829%,3,38,41,19,1,2,19
0x51b33b,99.7642%,3,1269,1272,0,0,3,1269
0x51b361,99.2925%,3,421,424,0,0,3,421
0x610bea,98.9247%,3,276,279,15,3,0,261
0x973378,66.6667%,3,6,9,5,2,1,1
0x9fe486,0%,3,0,3,0,3,0,0
0x534e38,99.8995%,3,2981,2984,0,0,3,2981
0x9eed58,50%,3,3,6,3,3,0,0
0x8b9f71,80%,3,12,15,3,1,2,9
0xa39de6,99.7705%,3,1304,1307,0,0,3,1304
0x4a7aba,99.4175%,3,512,515,0,0,3,512
0x81fb09,99.0712%,3,320,323,0,0,3,320
0x51b952,99.9431%,3,5267,5270,5267,3,0,0
0xa5176f,96.1039%,3,74,77,74,3,0,0
0xb376a5,99.9459%,3,5539,5542,0,0,3,5539
0x9e72ea,78.5714%,3,11,14,10,3,0,1
0xa25f50,98.4043%,3,185,188,0,0,3,185
0x9e3881,90.625%,3,29,32,0,0,3,29
0x70c2c9,50%,3,3,6,0,0,3,3
0x4c5156,99.1176%,3,337,340,337,2,1,0
0xa392d0,78.5714%,3,11,14,11,3,0,0
0x9e7d88,87.5%,3,21,24,21,3,0,0
0x94cbd2,95.3125%,3,61,64,61,3,0,0
0x5c7df8,96.25%,3,77,80,77,3,0,0
0x4bd144,62.5%,3,5,8,0,1,2,5
0x9e7d44,87.5%,3,21,24,0,0,3,21
0x510533,99.7596%,3,1245,1248,0,0,3,1245
0xa4198c,92.1053%,3,35,38,29,3,0,6
0x90e2c7,98.125%,3,157,160,157,3,0,0
0xa5515e,62.5%,3,5,8,5,1,2,0
0x610292,92.1053%,3,35,38,3,2,1,32
0x510548,99.7596%,3,1245,1248,1245,3,0,0
0xa4a205,95%,3,57,60,3,1,2,54
0xa51fa1,62.5%,3,5,8,5,1,2,0
0xa26100,99.2701%,3,408,411,408,2,1,0
0x9e79f3,97.8723%,3,138,141,138,3,0,0
0xaaa658,57.1429%,3,4,7,0,0,3,4
0x5d1c69,85%,3,17,20,0,0,3,17
0x4c0781,96.5116%,3,83,86,83,3,0,0
0x5d139e,85%,3,17,20,0,0,3,17
0x48e6fb,97.0588%,3,99,102,99,3,0,0
0x5f1428,92.5%,3,37,40,0,0,3,37
0x4b49fd,70%,3,7,10,0,2,1,7
0x604566,99.1525%,3,351,354,0,0,3,351
0x77112d,75%,3,9,12,0,0,3,9
0xb18147,99.4614%,3,554,557,0,0,3,554
0x8e0cdb,97.3214%,3,109,112,0,0,3,109
0x4ad383,85%,3,17,20,17,3,0,0
0xa25f57,98.4043%,3,185,188,185,3,0,0
0x9e73c9,99.25%,3,397,400,397,3,0,0
0x60722e,85%,3,17,20,17,3,0,0
0x9e8aca,97.931%,3,142,145,0,0,3,142
0x49143d,98.1366%,3,158,161,1,2,1,157
0x8f1bd5,97.7612%,3,131,134,131,3,0,0
0xa48cbd,98.2036%,3,164,167,0,0,3,164
0x4b88de,81.25%,3,13,16,13,3,0,0
0x49195b,95.8333%,3,69,72,0,0,3,69
0x48ee0a,99.0937%,3,328,331,0,0,3,328
0x4aaeb8,72.7273%,3,8,11,8,3,0,0
0xa4e652,91.1765%,3,31,34,0,0,3,31
0x5423d0,98.6301%,3,216,219,0,0,3,216
0x9fe882,92.5%,3,37,40,0,0,3,37
0xa56fce,88.4615%,3,23,26,23,3,0,0
0x512a2c,98%,3,147,150,147,3,0,0
0x8e35f9,99.3392%,3,451,454,451,1,2,0
0x9fc518,78.5714%,3,11,14,0,0,3,11
0x81c934,98.3051%,3,174,177,0,0,3,174
0x550e0f,82.3529%,3,14,17,0,0,3,14
0x7cea4e,99.8419%,3,1895,1898,1895,3,0,0
0x8ee2aa,98.3607%,3,180,183,0,0,3,180
0x7c7b99,96.9072%,3,94,97,0,0,3,94
0x590ccc,86.3636%,3,19,22,2,0,3,17
0x8f6e88,99.4652%,3,558,561,0,0,3,558
0xa54e88,95.082%,3,58,61,58,3,0,0
0x48ea35,99.1758%,3,361,364,0,0,3,361
0x5936c4,99.7642%,3,1269,1272,0,0,3,1269
0x48ea4f,99.1758%,3,361,364,0,0,3,361
0x545579,98.9324%,3,278,281,0,2,1,278
0xa575dd,92.8571%,3,39,42,1,0,3,38
0xa53435,98.2558%,3,169,172,169,3,0,0
0x8f1ad1,97.9021%,3,140,143,139,2,1,1
0x499e54,81.25%,3,13,16,13,3,0,0
0x5f14aa,85.7143%,3,18,21,18,3,0,0
0x606e8b,85%,3,17,20,8,2,1,9
0x639b17,25%,3,1,4,0,0,3,1
0x5993f8,96.4286%,3,81,84,81,3,0,0
0xa4f72d,92.1053%,3,35,38,35,3,0,0
0x8d431f,75%,3,9,12,7,3,0,2
0xa56fdd,96.3415%,3,79,82,0,0,3,79
0xaaaf46,97.5806%,3,121,124,0,0,3,121
0xa56fa6,97.2222%,3,105,108,0,0,3,105
0x80a8f6,99.6433%,3,838,841,838,3,0,0
0x9eb2e7,95.5882%,3,65,68,65,1,2,0
0x816863,98.6726%,3,223,226,0,0,3,223
0xa52bfd,98.5849%,3,209,212,0,0,3,209
0x679ef8,83.3333%,3,15,18,15,3,0,0
0x5f9520,66.6667%,3,6,9,0,0,3,6
0xa0174f,92.5%,3,37,40,37,3,0,0
0x820ec9,99.3814%,3,482,485,0,0,3,482
0x9ec2e1,92.5%,3,37,40,0,0,3,37
0x640348,99.6878%,3,958,961,958,3,0,0
0x5b0df1,99.8877%,3,2669,2672,0,0,3,2669
0xa8a6df,96.3855%,3,80,83,0,0,3,80
0x8bd726,85%,3,17,20,17,3,0,0
0x64e032,99.1453%,3,348,351,0,0,3,348
0x544b9e,94.7368%,3,54,57,0,0,3,54
0x816414,94.4444%,3,51,54,50,2,1,1
0xaadc2c,99.0769%,3,322,325,0,0,3,322
0xa5712f,90%,3,27,30,27,3,0,0
0xa4d895,92.1053%,3,35,38,35,3,0,0
0xa4df0b,85%,3,17,20,17,3,0,0
0xa4decd,85%,3,17,20,17,3,0,0
0x8df1a3,98.4211%,3,187,190,0,0,3,187
0xa572ff,92.6829%,3,38,41,0,0,3,38
0x5925ac,97.5%,3,117,120,0,2,1,117
0xa574c6,96.7033%,3,88,91,0,0,3,88
0x63fa31,99.6878%,3,958,961,958,3,0,0
0x9f3ac5,50%,3,3,6,1,1,2,2
0xa5725a,97.6%,3,122,125,0,0,3,122
0x5f8139,98%,3,147,150,0,0,3,147
0xa57001,90%,3,27,30,27,3,0,0
0x951e33,72.7273%,3,8,11,3,2,1,5
0x5fc2a5,97.4138%,3,113,116,0,0,3,113
0xb2e31e,82.3529%,3,14,17,0,0,3,14
0x4c7571,83.3333%,3,15,18,2,1,2,13
0x8ad6e8,96.6292%,3,86,89,86,1,2,0
0x5f1fb2,91.6667%,3,33,36,30,3,0,3
0xa17f73,99.4505%,3,543,546,543,3,0,0
0xa920b7,25%,3,1,4,1,3,0,0
0x667463,93.3333%,3,42,45,0,0,3,42
0x5f3ace,57.1429%,3,4,7,2,1,2,2
0x9fea86,92.5%,3,37,40,37,3,0,0
0x555ed5,98.7603%,3,239,242,239,0,3,0
0x5934ce,97.9866%,3,146,149,0,0,3,146
0x944d00,94.8276%,3,55,58,0,0,3,55
0x402326,99.9417%,3,5145,5148,5145,3,0,0
0x402539,99.4163%,3,511,514,0,0,3,511
0xa54124,76.9231%,3,10,13,10,3,0,0
0x99e237,80%,3,12,15,0,2,1,12
0x8f404c,95.082%,3,58,61,58,3,0,0
0xa9ea39,98.2143%,3,165,168,165,3,0,0
0xa45415,99.1379%,3,345,348,0,0,3,345
0xa980fa,96.3415%,3,79,82,14,3,0,65
0x8bdc79,80%,3,12,15,6,2,1,6
0x402052,98.6301%,3,216,219,0,0,3,216
0xa48b75,98.2036%,3,164,167,0,0,3,164
0x81f975,82.3529%,3,14,17,7,1,2,7
0x5fa878,95.6522%,3,66,69,66,3,0,0
0x534c8f,85%,3,17,20,17,3,0,0
0x591662,0%,3,0,3,0,3,0,0
0x647c1a,93.0233%,3,40,43,40,3,0,0
0x97319f,99.5082%,3,607,610,0,0,3,607
0x8aed72,99.187%,3,366,369,0,2,1,366
0x5f3c2e,25%,3,1,4,1,1,2,0
0x5cb090,99.6614%,3,883,886,0,0,3,883
0xa37049,90.625%,3,29,32,29,3,0,0
0x8ef10b,97.7778%,3,132,135,132,3,0,0
0xa01deb,25%,3,1,4,0,2,1,1
0x5cb0b5,99.6614%,3,883,886,0,0,3,883
0x9f46bb,99.1404%,3,346,349,346,3,0,0
0x618adc,95.7143%,3,67,70,67,3,0,0
0x4095c7,62.5%,3,5,8,5,2,1,0
0x4ad301,85%,3,17,20,17,3,0,0
0x9e2540,98.8806%,3,265,268,115,3,0,150
0x8c8fb5,62.5%,3,5,8,3,3,0,2
0x9f3ef1,98.1132%,3,156,159,156,3,0,0
0xa961ff,87.5%,3,21,24,0,0,3,21
0x9913da,97.2222%,3,105,108,90,1,2,15
0xa53f03,98.5981%,3,211,214,106,1,2,105
0x558de5,86.3636%,3,19,22,0,0,3,19
0x8fd230,25%,3,1,4,1,1,2,0
0x9d1e22,88%,3,22,25,3,2,1,19
0xa43ce5,99.4585%,3,551,554,0,0,3,551
0xa53e7b,98.1707%,3,161,164,0,0,3,161
0xaa7faf,0%,3,0,3,0,3,0,0
0x8f0a72,97.4359%,3,114,117,114,3,0,0
0xa0785d,57.1429%,3,4,7,4,2,1,0
0x81b2e7,96.3415%,3,79,82,79,3,0,0
0x5f1ce0,57.1429%,3,4,7,0,0,3,4
0x99e1a2,76.9231%,3,10,13,10,3,0,0
0x8ff0c8,98.2955%,3,173,176,173,3,0,0
0xa4d385,95.5224%,3,64,67,64,3,0,0
0x9ff5f5,87.5%,3,21,24,0,2,1,21
0x610bf2,98.8506%,3,258,261,0,0,3,258
0x64762e,85.7143%,3,18,21,0,1,2,18
0x6475ec,85.7143%,3,18,21,0,0,3,18
0x63fbab,99.8384%,3,1854,1857,1854,3,0,0
0x618ab6,95.7143%,3,67,70,67,3,0,0
0x6472b1,85%,3,17,20,0,0,3,17
0xa546b6,97.0588%,3,99,102,99,3,0,0
0xb31397,99.6904%,3,966,969,0,0,3,966
0x90e960,99.6878%,3,958,961,958,3,0,0
0x64758a,85.7143%,3,18,21,18,3,0,0
0x8fefbf,99.1501%,3,350,353,350,3,0,0
0x97515c,80%,3,12,15,1,2,1,11
0x9ebd01,95.2381%,3,60,63,0,0,3,60
0x40ab78,50%,3,3,6,3,2,1,0
0x9ebbdd,62.5%,3,5,8,0,1,2,5
0x9a168a,85%,3,17,20,17,3,0,0
0x9099d6,99.7336%,3,1123,1126,1123,3,0,0
0x58e5c0,75%,3,9,12,4,2,1,5
0x548203,99.9561%,3,6826,6829,6826,3,0,0
0xa529bc,98.4043%,3,185,188,0,0,3,185
0x4a25b8,50%,3,3,6,2,0,3,1
0x9fec3a,90%,3,27,30,27,3,0,0
0x63e504,99.3072%,3,430,433,22,2,1,408
0x8c8acb,96.25%,3,77,80,0,0,3,77
0x9fe7fa,91.8919%,3,34,37,34,3,0,0
0x78bfd7,66.6667%,3,6,9,4,3,0,2
0x503788,99.5098%,3,609,612,0,0,3,609
0x63b4b1,99.6296%,3,807,810,0,0,3,807
0x8a7238,98.9286%,3,277,280,277,3,0,0
0x81bb0e,99.4242%,3,518,521,0,0,3,518
0xaa7f67,0%,3,0,3,0,0,3,0
0xa02f8a,95.5882%,3,65,68,0,0,3,65
0x78186e,99.4%,3,497,500,497,3,0,0
0xa01ca2,0%,3,0,3,0,0,3,0
0x487414,97.8261%,3,135,138,135,3,0,0
0x511c5c,78.5714%,3,11,14,11,3,0,0
0x814887,99.7553%,3,1223,1226,1223,1,2,0
0x789eec,70%,3,7,10,2,0,3,5
0x49e158,99.7774%,3,1345,1348,0,0,3,1345
0x482f92,84.2105%,3,16,19,16,3,0,0
0x9ecd7d,70%,3,7,10,0,0,3,7
0x9a3f74,89.2857%,3,25,28,25,3,0,0
0x915704,98.5%,3,197,200,0,0,3,197
0xa0193d,25%,3,1,4,0,0,3,1
0x96938e,96.5116%,3,83,86,83,3,0,0
0x7d1ec0,93.75%,3,45,48,41,3,0,4
0xa01831,25%,3,1,4,0,2,1,1
0x8dfdd2,99.4643%,3,557,560,0,0,3,557
0x96a646,95.8333%,3,69,72,0,0,3,69
0x48af98,99.4444%,3,537,540,0,0,3,537
0x591b91,97.2727%,3,107,110,1,0,3,106
0x97b937,97.3684%,3,111,114,111,3,0,0
0x81d4e1,98.3516%,3,179,182,0,0,3,179
0x5f524e,75%,3,9,12,9,3,0,0
0x9f07a5,57.1429%,3,4,7,1,1,2,3
0xa40fad,72.7273%,3,8,11,0,0,3,8
0x609bbc,98.8095%,3,249,252,0,0,3,249
0x9bdf4b,95.9459%,3,71,74,0,2,1,71
0x60986e,99.2462%,3,395,398,0,0,3,395
0x4aad63,90%,3,27,30,0,0,3,27
0x548279,99.6212%,3,789,792,0,0,3,789
0x9fcbf7,88%,3,22,25,22,3,0,0
0x5d8919,90%,3,27,30,0,0,3,27
0x969840,95.3846%,3,62,65,62,3,0,0
0x48fdbe,70%,3,7,10,7,3,0,0
0x80f4db,98.2955%,3,173,176,0,0,3,173
0x48f0e6,97.6744%,3,126,129,0,0,3,126
0xb1ae45,99.3072%,3,430,433,0,0,3,430
0x6667f9,99.3902%,3,489,492,489,3,0,0
0x9fcf21,88%,3,22,25,5,2,1,17
0x9f64a2,98.324%,3,176,179,0,0,3,176
0x9eb7ea,97.2222%,3,105,108,105,3,0,0
0x64bae7,99.7853%,3,1394,1397,0,0,3,1394
0xa5ce4c,97.619%,3,123,126,0,0,3,123
0x5df29c,95.2381%,3,60,63,29,1,2,31
0x4045a9,98.6607%,3,221,224,0,0,3,221
0x9eb387,95.9459%,3,71,74,0,2,1,71
0x81d23f,98.3516%,3,179,182,179,3,0,0
0x9fccc9,57.1429%,3,4,7,0,0,3,4
0x98b284,98.6364%,3,217,220,0,0,3,217
0xa5ed16,40%,3,2,5,2,3,0,0
0x81b066,91.8919%,3,34,37,0,2,1,34
0x9be488,90.625%,3,29,32,29,3,0,0
0x9e3804,88%,3,22,25,0,0,3,22
0x99efc6,97.0588%,3,99,102,0,0,3,99
0x59bf6f,94.3396%,3,50,53,50,3,0,0
0x8ee103,98.3957%,3,184,187,179,0,3,5
0xaa4ea4,97.9592%,3,144,147,144,3,0,0
0xa4cbe4,25%,3,1,4,1,3,0,0
0xa21021,50%,3,3,6,1,1,2,2
0x9ea7d0,90.625%,3,29,32,0,0,3,29
0xa3fce7,94.6429%,3,53,56,53,3,0,0
0x63b548,99.7703%,3,1303,1306,0,0,3,1303
0xa4cc0e,25%,3,1,4,0,0,3,1
0x48f6c1,70%,3,7,10,3,3,0,4
0xa9662b,62.5%,3,5,8,5,3,0,0
0xa92f4d,96.5909%,3,85,88,0,0,3,85
0x90bb70,86.3636%,3,19,22,19,3,0,0
0x4936cb,97.6562%,3,125,128,0,0,3,125
0x8f0c6a,96.5517%,3,84,87,15,2,1,69
0xa52d17,99.1736%,3,360,363,360,3,0,0
0x4859f4,92.8571%,3,39,42,39,3,0,0
0x790fd8,91.4286%,3,32,35,32,3,0,0
0x8df916,25%,3,1,4,0,1,2,1
0xa50f87,92.1053%,3,35,38,0,0,3,35
0xab3234,98.4375%,3,189,192,189,3,0,0
0x90e39a,95.5224%,3,64,67,0,0,3,64
0x9ead83,97.2477%,3,106,109,106,3,0,0
0x9f7fa6,78.5714%,3,11,14,11,3,0,0
0x8ebfc0,95.5882%,3,65,68,64,2,1,1
0xa4cf0e,78.5714%,3,11,14,0,0,3,11
0x54141e,92.5%,3,37,40,0,0,3,37
0x58da4e,98.5646%,3,206,209,0,0,3,206
0x4c2048,98.1132%,3,156,159,156,3,0,0
0x6499db,25%,3,1,4,0,2,1,1
0x9ea9c4,84.2105%,3,16,19,0,2,1,16
0x9a1e24,97.619%,3,123,126,123,3,0,0
0x64ac67,62.5%,3,5,8,0,0,3,5
0xa3fd48,87.5%,3,21,24,16,2,1,5
0x4ab94a,90.3226%,3,28,31,28,3,0,0
0x5e3abe,0%,3,0,3,0,0,3,0
0xa03b02,97.479%,3,116,119,0,0,3,116
0xb48b58,99.7148%,3,1049,1052,0,0,3,1049
0xa03a40,97.4359%,3,114,117,114,3,0,0
0x7942a9,91.4286%,3,32,35,3,3,0,29
0x969301,96.5116%,3,83,86,0,0,3,83
0x44656f,99.4881%,3,583,586,0,0,3,583
0xa0393a,96.0526%,3,73,76,73,3,0,0
0x48ee8c,94.4444%,3,51,54,51,3,0,0
0x966022,84.2105%,3,16,19,8,1,2,8
0xa030a7,89.6552%,3,26,29,26,3,0,0
0x9f3a5a,25%,3,1,4,1,1,2,0
0xb4a16c,99.6868%,3,955,958,955,3,0,0
0x4045e7,98.6607%,3,221,224,4,3,0,217
0x9a3a07,76.9231%,3,10,13,0,0,3,10
0x8ecb87,95.5882%,3,65,68,65,3,0,0
0x5906bb,99.7412%,3,1156,1159,1156,3,0,0
0x969318,96.5116%,3,83,86,83,3,0,0
0x8f2e53,99.1098%,3,334,337,334,3,0,0
0x48b28f,99.0654%,3,318,321,0,0,3,318
0x405bc5,90.625%,3,29,32,0,0,3,29
0x9ea49b,95.8333%,3,69,72,0,0,3,69
0x63bb19,99.7703%,3,1303,1306,1303,3,0,0
0x9c3d7e,99.1329%,3,343,346,343,3,0,0
0xa4c615,25%,3,1,4,0,0,3,1
0x9ea2b5,95.8333%,3,69,72,69,3,0,0
0x9692cb,96.5116%,3,83,86,83,3,0,0
0xa8a7db,98.2857%,3,172,175,0,0,3,172
0x48fe60,70%,3,7,10,7,3,0,0
0xa02c86,90.625%,3,29,32,0,0,3,29
0xa02e1d,97.2477%,3,106,109,106,3,0,0
0x8b9f49,99.9427%,3,5230,5233,0,0,3,5230
0x8dd9c9,90%,3,27,30,27,3,0,0
0xa374b8,57.1429%,3,4,7,4,3,0,0
0x63bbfb,99.6878%,3,958,961,0,0,3,958
0x63c02d,99.6878%,3,958,961,958,3,0,0
0x910ee7,99.8673%,3,2257,2260,0,0,3,2257
0x67af4b,99.8912%,3,2754,2757,2754,3,0,0
0x945386,99.3631%,3,468,471,468,3,0,0
0x951a3f,98.0263%,3,149,152,149,3,0,0
0x4b58df,98.8889%,3,267,270,0,0,3,267
0x63ec3a,99.5896%,3,728,731,728,3,0,0
0xa44069,95.3125%,3,61,64,61,3,0,0
0x4996d4,95.9459%,3,71,74,0,0,3,71
0x8ff2cf,95.3125%,3,61,64,3,1,2,58
0x9fe7bf,91.8919%,3,34,37,34,3,0,0
0x837a01,93.75%,3,45,48,25,3,0,20
0xaa537d,99.8839%,3,2580,2583,2580,3,0,0
0x499d26,94.3396%,3,50,53,10,3,0,40
0x5011ac,99.8436%,3,1915,1918,0,0,3,1915
0xa583af,97.561%,3,120,123,0,0,3,120
0x8066d9,83.3333%,3,15,18,0,0,3,15
0x9aa321,91.8919%,3,34,37,34,3,0,0
0x556094,92.3077%,3,36,39,0,0,3,36
0x4c1275,87.5%,3,21,24,21,3,0,0
0x8aedd5,94.8276%,3,55,58,55,3,0,0
0x80bba5,57.1429%,3,4,7,3,2,1,1
0x49a280,97.4138%,3,113,116,113,3,0,0
0xaccf95,0%,3,0,3,0,3,0,0
0x64739a,99.5%,3,597,600,0,0,3,597
0x977908,91.6667%,3,33,36,33,3,0,0
0xa5561c,99.2629%,3,404,407,0,0,3,404
0x9aad7c,99.6217%,3,790,793,790,3,0,0
0x6664a4,90%,3,27,30,0,0,3,27
0x4c03e5,96.5116%,3,83,86,0,0,3,83
0xa9847c,25%,3,1,4,1,3,0,0
0x971268,70%,3,7,10,3,2,1,4
0x9aafc2,99.4475%,3,540,543,0,0,3,540
0xaadbb3,99.0769%,3,322,325,0,0,3,322
0x8dea02,98.5%,3,197,200,0,0,3,197
0x67adab,99.8912%,3,2754,2757,2754,3,0,0
0x5f845d,99.4863%,3,581,584,0,0,3,581
0x8aeda4,98.6547%,3,220,223,220,3,0,0
0x5356db,97.6562%,3,125,128,4,2,1,121
0xa0a5d1,62.5%,3,5,8,2,2,1,3
0x909053,99.8384%,3,1854,1857,1854,3,0,0
0xb17b5c,99.5804%,3,712,715,712,3,0,0
0x485cbc,99.0196%,3,303,306,0,0,3,303
0x821068,66.6667%,3,6,9,6,3,0,0
0xa45ba7,99.5074%,3,606,609,0,0,3,606
0x8151a6,95.2381%,3,60,63,1,3,0,59
0xacfbe0,93.617%,3,44,47,6,1,2,38
0x9fe8ac,92.5%,3,37,40,37,3,0,0
0x81b841,75%,3,9,12,4,2,1,5
0x9a318b,98.8889%,3,267,270,267,3,0,0
0xa07ab1,94%,3,47,50,8,2,1,39
0x8e1543,99.9443%,3,5379,5382,0,0,3,5379
0x9093bc,99.9192%,3,3709,3712,3709,3,0,0
0x951cd6,99.529%,3,634,637,634,3,0,0
0x409bc2,92.6829%,3,38,41,38,3,0,0
0x8ebee6,62.5%,3,5,8,5,1,2,0
0x9e0548,94.8276%,3,55,58,0,0,3,55
0x9f042b,98.5149%,3,199,202,199,3,0,0
0xa4b9ba,25%,3,1,4,1,1,2,0
0x8dee91,97.7099%,3,128,131,122,1,2,6
0xaaa667,57.1429%,3,4,7,0,0,3,4
0xa4f7b0,83.3333%,3,15,18,0,2,1,15
0x9ab27e,99.5804%,3,712,715,0,0,3,712
0x90d386,99.4992%,3,596,599,0,0,3,596
0x8f6bf9,80%,3,12,15,12,3,0,0
0xaccf75,0%,3,0,3,0,3,0,0
0x499860,90.9091%,3,30,33,30,3,0,0
0x981458,96.1039%,3,74,77,73,2,1,1
0xb180e0,99.7914%,3,1435,1438,0,0,3,1435
0x9e0974,92.5%,3,37,40,0,0,3,37
0xa96abb,72.7273%,3,8,11,1,1,2,7
0x8ae9be,99.1736%,3,360,363,1,1,2,359
0x409466,25%,3,1,4,1,1,2,0
0xb17ea5,99.7172%,3,1058,1061,0,0,3,1058
0x8f1315,92.5%,3,37,40,31,1,2,6
0x8adc16,96.6292%,3,86,89,0,0,3,86
0x48bfa9,70%,3,7,10,0,0,3,7
0x4ad850,85.7143%,3,18,21,0,0,3,18
0xb32426,99.6904%,3,966,969,0,0,3,966
0x9e3c96,99.7701%,3,1302,1305,6,1,2,1296
0x7bdb3e,62.5%,3,5,8,0,0,3,5
0x9fc6b4,78.5714%,3,11,14,0,2,1,11
0x5cb0d7,99.6328%,3,814,817,814,3,0,0
0x677b3c,99.3103%,3,432,435,432,3,0,0
0x67f66f,97.1698%,3,103,106,0,0,3,103
0x8d27e5,0%,3,0,3,0,1,2,0
0xa4b720,98.7342%,3,234,237,0,0,3,234
0x9a7455,78.5714%,3,11,14,0,0,3,11
0x8e4c90,93.1818%,3,41,44,0,0,3,41
0xa91ada,99.1736%,3,360,363,0,0,3,360
0x94d867,99.4382%,3,531,534,531,3,0,0
0x9aa0e4,94.4444%,3,51,54,0,0,3,51
0x4099f6,83.3333%,3,15,18,15,3,0,0
0x5bba6c,99.786%,3,1399,1402,0,0,3,1399
0x8ef278,93.75%,3,45,48,0,0,3,45
0x5bb7bb,99.6898%,3,964,967,964,3,0,0
0x81d108,98.3516%,3,179,182,179,3,0,0
0x7810d8,94.1176%,3,48,51,48,3,0,0
0x9a9841,70%,3,7,10,7,3,0,0
0x60dd3c,99.5702%,3,695,698,0,0,3,695
0x8f0d0a,93.75%,3,45,48,5,3,0,40
0x677c75,98.9796%,3,291,294,291,3,0,0
0x556a89,98.8417%,3,256,259,255,0,3,1
0x5bbcb9,99.8708%,3,2319,2322,2319,3,0,0
0x488c1b,99.0323%,3,307,310,307,3,0,0
0x5c78cb,96.25%,3,77,80,77,3,0,0
0x9a96ab,90.3226%,3,28,31,28,3,0,0
0xa4b96a,40%,3,2,5,2,1,2,0
0x77b9f7,87.5%,3,21,24,21,1,2,0
0xa4794c,66.6667%,3,6,9,0,0,3,6
0x9e5ddc,82.3529%,3,14,17,14,3,0,0
0xaa630d,99.4083%,3,504,507,504,3,0,0
0x908678,99.8138%,3,1608,1611,0,0,3,1608
0x54f31c,86.3636%,3,19,22,0,0,3,19
0x5ebd04,80%,3,12,15,6,1,2,6
0x8102be,99.6241%,3,795,798,795,3,0,0
0x50b326,92.5%,3,37,40,37,1,2,0
0x5fad0b,50%,3,3,6,0,0,3,3
0x8df513,62.5%,3,5,8,5,3,0,0
0xb183b9,99.7015%,3,1002,1005,0,0,3,1002
0x814b0d,98.8327%,3,254,257,0,0,3,254
0x9a230f,80%,3,12,15,0,0,3,12
0xacced6,0%,3,0,3,0,0,3,0
0x670a6a,84.2105%,3,16,19,16,1,2,0
0x593232,89.2857%,3,25,28,11,3,0,14
0x81edb6,98.7903%,3,245,248,245,3,0,0
0x481b6c,84.2105%,3,16,19,16,3,0,0
0x9519f5,97.7941%,3,133,136,133,3,0,0
0x58ccfa,98.3871%,3,183,186,183,3,0,0
0x9807f6,72.7273%,3,8,11,8,3,0,0
0xa5429a,98.7854%,3,244,247,243,0,3,1
0xa9edab,78.5714%,3,11,14,0,2,1,11
0x8e3991,93.75%,3,45,48,6,2,1,39
0x8fecdc,98.8679%,3,262,265,0,0,3,262
0x40955a,62.5%,3,5,8,0,0,3,5
0x5bac79,99.2063%,3,375,378,0,0,3,375
0x81ba94,98.5294%,3,201,204,0,0,3,201
0x40a674,25%,3,1,4,1,3,0,0
0x540984,78.5714%,3,11,14,7,1,2,4
0x678d8c,86.9565%,3,20,23,0,0,3,20
0xa918cf,82.3529%,3,14,17,14,3,0,0
0x5bad18,97.6744%,3,126,129,0,0,3,126
0x4096fa,95.2381%,3,60,63,55,1,2,5
0x681fb9,99.8618%,3,2167,2170,0,0,3,2167
0x66fc88,84.2105%,3,16,19,0,0,3,16
0x81c679,99.7429%,3,1164,1167,0,0,3,1164
0x5bd7dd,99.7976%,3,1479,1482,1479,3,0,0
0x978697,70%,3,7,10,7,3,0,0
0x9f267b,99.3056%,3,429,432,429,3,0,0
0x7aca5d,90.625%,3,29,32,0,0,3,29
0x5f1433,92.5%,3,37,40,0,0,3,37
0x8fd032,93.1818%,3,41,44,41,3,0,0
0x5baa30,99.8433%,3,1911,1914,0,0,3,1911
0x58e73f,50%,3,3,6,0,0,3,3
0x8f3605,99.5138%,3,614,617,238,1,2,376
0x592e2f,94.4444%,3,51,54,1,3,0,50
0x4aaec4,72.7273%,3,8,11,0,0,3,8
0x5be18f,99.8184%,3,1649,1652,0,0,3,1649
0x8aa014,94.2308%,3,49,52,49,3,0,0
0x5ef8ea,82.3529%,3,14,17,0,0,3,14
0x80b89b,98.5577%,3,205,208,205,3,0,0
0x8c8a76,96.4286%,3,81,84,81,3,0,0
0x975111,87.5%,3,21,24,2,3,0,19
0xa28a05,81.25%,3,13,16,13,3,0,0
0x60e6dc,96.2025%,3,76,79,0,0,3,76
0x4a5e08,95.3846%,3,62,65,0,0,3,62
0x480df5,66.6667%,3,6,9,6,3,0,0
0x4a1ce2,97.7273%,3,129,132,0,0,3,129
0x97117d,40%,3,2,5,0,0,3,2
0xa0636b,50%,3,3,6,0,2,1,3
0x610a54,76.9231%,3,10,13,0,0,3,10
0x7d37d6,92.5%,3,37,40,37,3,0,0
0x5bcef6,98.893%,3,268,271,0,0,3,268
0x8f5a75,99.9139%,3,3482,3485,3482,3,0,0
0x78bf97,66.6667%,3,6,9,0,0,3,6
0x4a1bdf,99.8053%,3,1538,1541,1538,3,0,0
0x9a607b,78.5714%,3,11,14,0,0,3,11
0x49c8aa,98.1707%,3,161,164,161,3,0,0
0xb2abc5,99.1329%,3,343,346,343,3,0,0
0x6107c8,76.9231%,3,10,13,10,3,0,0
0x58fe24,99.9273%,3,4123,4126,0,0,3,4123
0xa97d5c,70%,3,7,10,3,3,0,4
0x80506a,99.0909%,3,327,330,327,3,0,0
0xa3ac9e,25%,3,1,4,0,0,3,1
0x678d9d,86.9565%,3,20,23,20,3,0,0
0x488d61,94.7368%,3,54,57,54,3,0,0
0xaa23c4,91.1765%,3,31,34,28,2,1,3
0x4ab178,50%,3,3,6,3,3,0,0
0x494889,97.5207%,3,118,121,118,3,0,0
0x535138,97%,3,97,100,0,0,3,97
0xa02537,88.8889%,3,24,27,0,0,3,24
0x77ad6f,99.4253%,3,519,522,519,3,0,0
0xaa1453,93.3333%,3,42,45,42,3,0,0
0x40a868,87.5%,3,21,24,0,2,1,21
0xa2ddfc,91.6667%,3,33,36,19,0,3,14
0x50ffd4,99.7973%,3,1477,1480,0,0,3,1477
0x5020d2,97.973%,3,145,148,0,0,3,145
0x64cc4d,99.4424%,3,535,538,535,3,0,0
0x9f50b3,94.2308%,3,49,52,24,2,1,25
0x973bfc,70%,3,7,10,0,0,3,7
0x8f368f,97.0297%,3,98,101,98,3,0,0
0x95240c,99.2386%,3,391,394,0,1,2,391
0x97379d,92.5%,3,37,40,0,0,3,37
0x789b27,89.2857%,3,25,28,0,1,2,25
0x5920ba,25%,3,1,4,0,0,3,1
0x80b9d1,99.4208%,3,515,518,515,1,2,0
0x9e281f,99.4434%,3,536,539,536,3,0,0
0xa06058,25%,3,1,4,1,2,1,0
0x555d42,92.1053%,3,35,38,35,3,0,0
0xb2ad4d,99.711%,3,1035,1038,1035,3,0,0
0x49bd32,50%,3,3,6,0,0,3,3
0x780620,99.0741%,3,321,324,314,2,1,7
0x5bd931,99.6868%,3,955,958,955,3,0,0
0x8bd81d,85%,3,17,20,0,0,3,17
0x48d7cb,99.5929%,3,734,737,0,0,3,734
0xa03844,99.9437%,3,5325,5328,0,0,3,5325
0x40ad45,57.1429%,3,4,7,1,2,1,3
0x5bd289,99.6888%,3,961,964,961,3,0,0
0x8bc77f,99.74%,3,1151,1154,0,0,3,1151
0x659e94,84.2105%,3,16,19,16,3,0,0
0x666ff1,86.9565%,3,20,23,0,0,3,20
0x9115fd,98.5075%,3,198,201,198,3,0,0
0x80547a,96.6292%,3,86,89,86,3,0,0
0x6096ba,96.3855%,3,80,83,0,0,3,80
0xb2463b,99.9748%,3,11896,11899,0,0,3,11896
0x63e0e6,99.6878%,3,958,961,227,3,0,731
0x81904b,91.1765%,3,31,34,0,0,3,31
0xaada17,98.8235%,3,252,255,252,3,0,0
0xa08cf5,85%,3,17,20,14,2,1,3
0x59e5ca,97.3214%,3,109,112,0,0,3,109
0x40a310,96.7033%,3,88,91,88,3,0,0
0x8ee99b,0%,3,0,3,0,0,3,0
0xacabd1,89.2857%,3,25,28,25,3,0,0
0x5bc538,97.479%,3,116,119,116,3,0,0
0x550f28,82.3529%,3,14,17,0,0,3,14
0x90abcb,99.6516%,3,858,861,0,0,3,858
0xa58a74,97.8261%,3,135,138,0,0,3,135
0x90a17b,99.7076%,3,1023,1026,0,0,3,1023
0x90fed4,99.1781%,3,362,365,362,3,0,0
0x487061,97.8261%,3,135,138,135,3,0,0
0x409929,99.0323%,3,307,310,0,0,3,307
0x8df308,87.5%,3,21,24,15,1,2,6
0x5cbbca,97.7099%,3,128,131,128,3,0,0
0x59c8c9,94.9153%,3,56,59,0,0,3,56
0x77b9e0,89.2857%,3,25,28,2,2,1,23
0x48c5cf,97.9167%,3,141,144,141,2,1,0
0x8e9956,25%,3,1,4,1,3,0,0
0x945c56,95.3846%,3,62,65,0,0,3,62
0x5be5ac,98.2353%,3,167,170,0,0,3,167
0x94e7ea,95%,3,57,60,57,3,0,0
0x77b90a,89.2857%,3,25,28,25,3,0,0
0xb22bd2,99.8394%,3,1865,1868,1865,3,0,0
0x486d1e,96.7742%,3,90,93,0,0,3,90
0x80f956,91.8919%,3,34,37,34,1,2,0
0x5bcabb,99.6714%,3,910,913,0,0,3,910
0x90b2c7,97.7099%,3,128,131,0,0,3,128
0x8bcaa9,97.973%,3,145,148,0,0,3,145
0x8efd7d,72.7273%,3,8,11,0,0,3,8
0x640589,98.5%,3,197,200,197,3,0,0
0x7d412d,81.25%,3,13,16,3,1,2,10
0x40dfb4,97.7778%,3,132,135,3,3,0,129
0x8198fb,99.4129%,3,508,511,0,0,3,508
0x5bcab2,99.6888%,3,961,964,49,2,1,912
0x5bca52,98.5%,3,197,200,197,3,0,0
0x8c80f6,99.8518%,3,2021,2024,2021,3,0,0
0xa8a892,90.625%,3,29,32,27,1,2,2
0x99e68e,76.9231%,3,10,13,0,0,3,10
0x9846ec,25%,3,1,4,1,3,0,0
0x58f835,95.9459%,3,71,74,0,0,3,71
0x65bc91,99.4059%,3,502,505,0,0,3,502
0x8daa5b,98.5%,3,197,200,0,0,3,197
0x9a82d7,78.5714%,3,11,14,0,0,3,11
0x9aaf06,93.3333%,3,42,45,42,3,0,0
0x49cdf3,91.4286%,3,32,35,10,3,0,22
0x441937,72.7273%,3,8,11,0,0,3,8
0x90ebbd,98.5%,3,197,200,197,3,0,0
0x6ceb8e,76.9231%,3,10,13,10,3,0,0
0xa5a00f,57.1429%,3,4,7,0,0,3,4
0xa3ba5c,97.8571%,3,137,140,0,0,3,137
0x489a22,99.2424%,3,393,396,393,3,0,0
0xa17f45,99.3684%,3,472,475,472,3,0,0
0xaa48b4,96.5116%,3,83,86,83,3,0,0
0x69dd6c,75%,3,9,12,0,0,3,9
0x58c37a,40%,3,2,5,2,2,1,0
0x9fe83f,0%,3,0,3,0,3,0,0
0x9f5ac0,96.25%,3,77,80,0,0,3,77
0x6808f0,99.6714%,3,910,913,0,0,3,910
0xa02aa3,88.8889%,3,24,27,0,0,3,24
0x63ee9d,99.6878%,3,958,961,0,0,3,958
0x818a34,99.9731%,3,11150,11153,11150,3,0,0
0xa5a0c7,57.1429%,3,4,7,0,3,0,4
0xa3e443,81.25%,3,13,16,7,1,2,6
0x7aee0b,70%,3,7,10,3,1,2,4
0x591416,50%,3,3,6,3,3,0,0
0x98411d,94.5455%,3,52,55,0,0,3,52
0x40acb2,57.1429%,3,4,7,0,2,1,4
0xaa34ee,99.6753%,3,921,924,921,3,0,0
0x816a84,76.9231%,3,10,13,10,3,0,0
0xa2f8d8,98.1928%,3,163,166,163,3,0,0
0x679c5d,99.2405%,3,392,395,41,3,0,351
0x9d077a,95.1613%,3,59,62,0,1,2,59
0x9c4e11,57.1429%,3,4,7,2,0,3,2
0x54f15a,93.0233%,3,40,43,0,0,3,40
0x9c4e0a,57.1429%,3,4,7,0,0,3,4
0x4c1098,87.5%,3,21,24,21,3,0,0
0xb17a75,99.5804%,3,712,715,0,0,3,712
0x8ff29b,96.4286%,3,81,84,5,2,1,76
0x538694,99.9157%,3,3557,3560,0,0,3,3557
0x901a06,94.7368%,3,54,57,54,3,0,0
0x647642,85%,3,17,20,17,3,0,0
0x98127e,96.7391%,3,89,92,69,3,0,20
0xa58add,97.2477%,3,106,109,11,2,1,95
0x981c90,88.4615%,3,23,26,23,3,0,0
0x670469,97.7444%,3,130,133,0,0,3,130
0x5b184b,96%,3,72,75,0,0,3,72
0x50ffa9,98.2857%,3,172,175,172,3,0,0
0x5c5d17,97.561%,3,120,123,0,0,3,120
0x8aad35,86.3636%,3,19,22,19,3,0,0
0x555aef,25%,3,1,4,0,1,2,1
0x8bdd17,93.75%,3,45,48,45,3,0,0
0xa4580f,98.8327%,3,254,257,254,3,0,0
0xa30559,98.2353%,3,167,170,167,3,0,0
0x980edd,95.9459%,3,71,74,64,2,1,7
0xa46483,98.4456%,3,190,193,0,0,3,190
0x9a9a66,99.4505%,3,543,546,0,0,3,543
0x60a830,99.3927%,3,491,494,491,3,0,0
0x808899,98.7013%,3,228,231,228,3,0,0
0xa8e675,40%,3,2,5,2,2,1,0
0x81f2ef,93.1818%,3,41,44,19,2,1,22
0x5ffbb2,93.4783%,3,43,46,0,0,3,43
0x4900b8,70%,3,7,10,5,3,0,2
0x67e4b8,86.3636%,3,19,22,0,0,3,19
0x67e4e0,86.3636%,3,19,22,0,0,3,19
0xa54f5c,88%,3,22,25,0,1,2,22
0x511dc3,99.2188%,3,381,384,0,0,3,381
0xa9171a,91.6667%,3,33,36,33,3,0,0
0x90d4ae,99.0066%,3,299,302,0,0,3,299
0x6d1118,25%,3,1,4,1,3,0,0
0x5af7a4,94.3396%,3,50,53,0,0,3,50
0x70d72f,0%,3,0,3,0,0,3,0
0x5af0f8,99.6245%,3,796,799,0,0,3,796
0x60ad21,99.7466%,3,1181,1184,0,0,3,1181
0x9d00bb,99.1429%,3,347,350,347,3,0,0
0x78105f,95%,3,57,60,52,1,2,5
0x8f391a,99.6264%,3,800,803,800,3,0,0
0x6964b1,99.7302%,3,1109,1112,1056,0,3,53
0xa66386,88.8889%,3,24,27,24,3,0,0
0x9f76be,95.4545%,3,63,66,63,3,0,0
0x60b2dc,99.8439%,3,1919,1922,1011,2,1,908
0x8ea6af,25%,3,1,4,1,3,0,0
0x8a5e9b,97.8417%,3,136,139,0,0,3,136
0x90d34e,97.5806%,3,121,124,0,0,3,121
0xa66217,88.8889%,3,24,27,24,3,0,0
0xa661bf,88.8889%,3,24,27,0,0,3,24
0x80c6ba,40%,3,2,5,2,3,0,0
0x984126,95.3846%,3,62,65,62,3,0,0
0x539420,99.4059%,3,502,505,0,0,3,502
0x809302,91.1765%,3,31,34,31,3,0,0
0x97bb3f,91.1765%,3,31,34,0,0,3,31
0xa55dd5,62.5%,3,5,8,0,0,3,5
0x9d01ed,99.1329%,3,343,346,12,2,1,331
0x99dc3f,80%,3,12,15,0,0,3,12
0x5c4bbc,99.836%,3,1826,1829,0,0,3,1826
0x405b52,96.6667%,3,87,90,0,0,3,87
0xaa2955,97.8261%,3,135,138,135,2,1,0
0x551d65,98.3425%,3,178,181,178,3,0,0
0x9913e7,82.3529%,3,14,17,0,0,3,14
0x596933,98.3425%,3,178,181,0,0,3,178
0x9e6de5,96.5909%,3,85,88,83,2,1,2
0x9777cf,94.7368%,3,54,57,54,3,0,0
0x67b57a,99.8328%,3,1791,1794,1791,3,0,0
0x67e486,96.1538%,3,75,78,19,3,0,56
0x48bbfd,99.6207%,3,788,791,0,0,3,788
0x8e787f,98.75%,3,237,240,237,3,0,0
0xa32d03,88%,3,22,25,22,3,0,0
0x59208d,25%,3,1,4,0,0,3,1
0x4098a6,99.0323%,3,307,310,307,3,0,0
0x8efca4,97.4359%,3,114,117,2,2,1,112
0xa504c1,98.8327%,3,254,257,0,0,3,254
0x65b117,76.9231%,3,10,13,0,0,3,10
0x973b63,70%,3,7,10,0,0,3,7
0x8bd857,85%,3,17,20,1,0,3,16
0x906b37,99.162%,3,355,358,0,0,3,355
0x485eed,82.3529%,3,14,17,14,3,0,0
0x485f45,86.9565%,3,20,23,20,3,0,0
0xa89549,96.3855%,3,80,83,0,0,3,80
0x4a7922,50%,3,3,6,3,3,0,0
0xa06383,50%,3,3,6,1,2,1,2
0x54547d,97.7612%,3,131,134,131,3,0,0
0x670012,97.7444%,3,130,133,130,3,0,0
0x6805f8,86.9565%,3,20,23,0,0,3,20
0x487794,87.5%,3,21,24,21,3,0,0
0x8a96a6,99.7959%,3,1467,1470,0,0,3,1467
0x9e73ea,99.25%,3,397,400,6,1,2,391
0xa3960d,99.5025%,3,600,603,0,0,3,600
0x8a94e5,99.8046%,3,1532,1535,0,0,3,1532
0x4a5dff,95.3846%,3,62,65,0,0,3,62
0xa464bc,89.6552%,3,26,29,7,3,0,19
0x9850e4,75%,3,9,12,6,2,1,3
0x405cac,96.7391%,3,89,92,0,0,3,89
0xa53fcd,97.1963%,3,104,107,104,3,0,0
0x5efac1,0%,3,0,3,0,2,1,0
0x70e8df,50%,3,3,6,0,2,1,3
0x40a5d4,87.5%,3,21,24,0,2,1,21
0x9f7de8,40%,3,2,5,2,3,0,0
0x5afeb2,85.7143%,3,18,21,0,0,3,18
0x981438,96.25%,3,77,80,16,2,1,61
0x9813f2,96%,3,72,75,71,2,1,1
0x981cbd,85%,3,17,20,17,1,2,0
0x8be84d,86.3636%,3,19,22,16,1,2,3
0x9ebc74,95.2381%,3,60,63,0,0,3,60
0x5e37c1,99.5392%,3,648,651,0,0,3,648
0x686829,98.1132%,3,156,159,0,0,3,156
0xa02606,99.7989%,3,1489,1492,0,0,3,1489
0x8140b5,99.5957%,3,739,742,739,3,0,0
0x99dc99,80%,3,12,15,1,1,2,11
0x8f09bf,97.4359%,3,114,117,3,1,2,111
0x9e04ff,94.8276%,3,55,58,55,3,0,0
0xa41fdb,98.9619%,3,286,289,286,3,0,0
0x8dba32,98.75%,3,237,240,0,0,3,237
0x8e73a4,99.0712%,3,320,323,320,3,0,0
0xa5aab3,0%,3,0,3,0,0,3,0
0x99e0a4,80%,3,12,15,0,0,3,12
0x9e3f86,98.8142%,3,250,253,0,0,3,250
0x49dee2,89.2857%,3,25,28,13,1,2,12
0x502d92,62.5%,3,5,8,5,3,0,0
0x9a9f76,97.2973%,3,108,111,0,0,3,108
0x983dad,97.8261%,3,135,138,119,3,0,16
0x983b5b,96.0526%,3,73,76,1,1,2,72
0x50be4e,99.4329%,3,526,529,0,0,3,526
0x70e8ae,50%,3,3,6,3,3,0,0
0xa5672b,62.5%,3,5,8,3,3,0,2
0x4b9c51,95.7746%,3,68,71,68,1,2,0
0xa5c4de,83.3333%,3,15,18,2,2,1,13
0xa25bea,99.7038%,3,1010,1013,1010,3,0,0
0x5f9691,62.5%,3,5,8,4,2,1,1
0x8f2a7b,92.5%,3,37,40,37,3,0,0
0x546434,99.3228%,3,440,443,440,3,0,0
0xa1ad59,94.3396%,3,50,53,0,0,3,50
0x4c1620,75%,3,9,12,9,3,0,0
0x5509a4,94.1176%,3,48,51,48,3,0,0
0x546334,99.3228%,3,440,443,0,0,3,440
0x9a913a,78.5714%,3,11,14,11,3,0,0
0x9fdb1b,88%,3,22,25,22,3,0,0
0xa5c702,50%,3,3,6,3,3,0,0
0x410048,96.8085%,3,91,94,91,3,0,0
0x5ff0c4,92.3077%,3,36,39,36,1,2,0
0x9d1c34,50%,3,3,6,0,1,2,3
0x540c77,99.8292%,3,1753,1756,1753,3,0,0
0x66d44e,99.7951%,3,1461,1464,0,0,3,1461
0x6068fd,97.3913%,3,112,115,99,2,1,13
0x8f61de,75%,3,9,12,9,3,0,0
0x5d9fc1,97.7444%,3,130,133,130,3,0,0
0x8fe5a9,99.2806%,3,414,417,0,0,3,414
0x99d98a,97.6378%,3,124,127,0,0,3,124
0x48d827,99.9328%,3,4460,4463,0,0,3,4460
0x9ef454,95%,3,57,60,0,0,3,57
0x8df5d9,92.5%,3,37,40,0,0,3,37
0x40a8cf,97.9866%,3,146,149,0,0,3,146
0x8a97e4,99.977%,3,13049,13052,0,0,3,13049
0x537a94,93.1818%,3,41,44,0,0,3,41
0x8c8782,99.3392%,3,451,454,451,3,0,0
0x5f28c2,40%,3,2,5,2,3,0,0
0xa92c66,98.6726%,3,223,226,223,3,0,0
0x806769,70%,3,7,10,2,3,0,5
0x9f406f,0%,3,0,3,0,0,3,0
0x9e3007,98.7342%,3,234,237,0,0,3,234
0x9ef250,98.2759%,3,171,174,171,3,0,0
0x8225e4,98.3871%,3,183,186,183,3,0,0
0xa42760,98.6667%,3,222,225,0,0,3,222
0x9e78a9,97.541%,3,119,122,119,3,0,0
0x5f3ee2,25%,3,1,4,1,3,0,0
0x4aadfe,92.5%,3,37,40,0,0,3,37
0x820d43,99.7863%,3,1401,1404,0,2,1,1401
0x65a12b,99.7949%,3,1460,1463,0,0,3,1460
0x60e03f,98.0645%,3,152,155,0,0,3,152
0x5bb45a,97.479%,3,116,119,0,0,3,116
0x9a94a7,92.5%,3,37,40,0,0,3,37
0x4bd298,57.1429%,3,4,7,3,3,0,1
0x4aae2a,92.5%,3,37,40,37,3,0,0
0x8f6ab2,98.2143%,3,165,168,0,0,3,165
0x60a5ba,57.1429%,3,4,7,0,0,3,4
0xa05ed2,57.1429%,3,4,7,0,1,2,4
0x820ba9,72.7273%,3,8,11,8,2,1,0
0x542590,95.082%,3,58,61,58,3,0,0
0x60e4ce,99.3258%,3,442,445,442,3,0,0
0x94e8c5,98.3333%,3,177,180,120,0,3,57
0x8ef183,90.625%,3,29,32,0,0,3,29
0xa8a6e7,96.3855%,3,80,83,14,2,1,66
0x99b7b9,80%,3,12,15,12,3,0,0
0x9d0b4d,94.1176%,3,48,51,0,0,3,48
0x53e371,99.9047%,3,3145,3148,0,0,3,3145
0x8ee3c3,93.3333%,3,42,45,42,3,0,0
0xa92d29,98.6726%,3,223,226,0,0,3,223
0xa5f814,97.7941%,3,133,136,0,0,3,133
0x8ee41e,93.3333%,3,42,45,0,3,0,42
0x648443,98.917%,3,274,277,0,0,3,274
0x60e6ca,96.9388%,3,95,98,16,3,0,79
0x8c836b,83.3333%,3,15,18,15,3,0,0
0xa2136f,75%,3,9,12,6,2,1,3
0x981411,95.8904%,3,70,73,6,0,3,64
0x60e060,98.0645%,3,152,155,152,3,0,0
0x8ee5af,92.8571%,3,39,42,0,0,3,39
0xa5bfa4,90.625%,3,29,32,29,3,0,0
0x4aac44,92.6829%,3,38,41,38,3,0,0
0x667184,50%,3,3,6,3,3,0,0
0x53feff,99.2958%,3,423,426,0,0,3,423
0x902172,98.5222%,3,200,203,0,0,3,200
0x4098cf,99.0323%,3,307,310,0,2,1,307
0x64308a,99.1279%,3,341,344,0,0,3,341
0x8dbd7a,98.3871%,3,183,186,0,0,3,183
0x5e5cd5,0%,3,0,3,0,0,3,0
0x5f5527,25%,3,1,4,0,0,3,1
0xab32c9,98.2558%,3,169,172,0,0,3,169
0x5f55be,25%,3,1,4,0,0,3,1
0x50ef24,84.2105%,3,16,19,0,0,3,16
0x509170,97.7941%,3,133,136,0,0,3,133
0x5f5664,25%,3,1,4,1,3,0,0
0x544302,94.7368%,3,54,57,0,0,3,54
0xaaa091,88.8889%,3,24,27,0,0,3,24
0x48c166,96.9388%,3,95,98,95,3,0,0
0x9a9410,95%,3,57,60,0,0,3,57
0x809f03,25%,3,1,4,1,1,2,0
0x48b205,99.1758%,3,361,364,361,3,0,0
0x9e3f63,84.2105%,3,16,19,0,0,3,16
0x8f0c1d,93.75%,3,45,48,45,3,0,0
0x5f5456,75%,3,9,12,0,2,1,9
0x63ebc9,99.8935%,3,2815,2818,2815,3,0,0
0xa0b984,50%,3,3,6,0,1,2,3
0x6106e1,88%,3,22,25,22,3,0,0
0x59160a,0%,3,0,3,0,0,3,0
0x640463,99.6878%,3,958,961,958,3,0,0
0x59162f,0%,3,0,3,0,3,0,0
0x973065,88.8889%,3,24,27,9,3,0,15
0xa9004a,98.1707%,3,161,164,15,3,0,146
0x489e3c,95.5882%,3,65,68,0,0,3,65
0x8a9818,99.977%,3,13049,13052,13049,3,0,0
0x942c25,96%,3,72,75,0,0,3,72
0x8df4a1,87.5%,3,21,24,0,1,2,21
0x4c9896,57.1429%,3,4,7,3,3,0,1
0xa30f56,98.4615%,3,192,195,0,0,3,192
0x9e84bd,92.6829%,3,38,41,38,3,0,0
0x499ae1,97.8571%,3,137,140,137,3,0,0
0xaaa5d4,82.3529%,3,14,17,10,0,3,4
0x9e57aa,92.3077%,3,36,39,36,3,0,0
0xa1ab15,72.7273%,3,8,11,0,2,1,8
0x49c925,83.3333%,3,15,18,15,3,0,0
0x4414b7,94.7368%,3,54,57,0,0,3,54
0x7b29a1,94.3396%,3,50,53,50,3,0,0
0xa09773,50%,3,3,6,2,1,2,1
0x99da14,91.6667%,3,33,36,33,3,0,0
0x5bb08d,97.0588%,3,99,102,99,3,0,0
0x4a5d5a,90%,3,27,30,27,3,0,0
0x99bd88,98.3333%,3,177,180,177,3,0,0
0x543b95,98.3957%,3,184,187,0,0,3,184
0x535793,95.082%,3,58,61,0,0,3,58
0xa90c24,97.8102%,3,134,137,0,0,3,134
0x94d185,93.617%,3,44,47,44,3,0,0
0x8df3d0,81.25%,3,13,16,0,0,3,13
0x5bb184,57.1429%,3,4,7,4,3,0,0
0xaaa618,57.1429%,3,4,7,4,3,0,0
0x40998e,98.3051%,3,174,177,173,2,1,1
0xaa9f67,88.8889%,3,24,27,24,3,0,0
0x48b396,99.1758%,3,361,364,361,3,0,0
0xa52a9c,98.1707%,3,161,164,0,0,3,161
0x90b319,97.7099%,3,128,131,128,3,0,0
0x4913bd,98.1366%,3,158,161,0,0,3,158
0xaaa06a,88.8889%,3,24,27,24,3,0,0
0x4b9a92,76.9231%,3,10,13,7,2,1,3
0x539e2e,97.3913%,3,112,115,112,3,0,0
0x9eee0e,88.4615%,3,23,26,0,0,3,23
0x9edf3d,97.561%,3,120,123,120,3,0,0
0x99c890,99.3939%,3,492,495,492,3,0,0
0x58d278,91.4286%,3,32,35,0,0,3,32
0x9191aa,98.5%,3,197,200,197,3,0,0
0x90d312,97.5806%,3,121,124,121,3,0,0
0xaccf16,0%,3,0,3,0,3,0,0
0x9f951b,88%,3,22,25,0,0,3,22
0x5f09b6,98.9865%,3,293,296,0,0,3,293
0x609c0d,98.2659%,3,170,173,170,3,0,0
0x534b2c,96.2963%,3,78,81,0,0,3,78
0x40e460,98.7069%,3,229,232,229,3,0,0
0x5a9427,94.5455%,3,52,55,52,3,0,0
0x8deb39,75%,3,9,12,3,3,0,6
0xaae24a,99.9187%,3,3685,3688,0,0,3,3685
0x80a82d,99.6433%,3,838,841,0,0,3,838
0x48397c,89.6552%,3,26,29,0,0,3,26
0x9f999a,86.3636%,3,19,22,19,3,0,0
0x7cc16a,75%,3,9,12,9,3,0,0
0xa28829,81.25%,3,13,16,13,3,0,0
0x4049d4,98.8417%,3,256,259,256,3,0,0
0x8e3c3c,62.5%,3,5,8,5,3,0,0
0x9e728c,98.8%,3,247,250,0,0,3,247
0xa4887e,98.3146%,3,175,178,0,0,3,175
0x8db915,98.75%,3,237,240,0,0,3,237
0x58c567,75%,3,9,12,9,3,0,0
0x40b143,98.4456%,3,190,193,0,2,1,190
0x48200f,84.2105%,3,16,19,13,2,1,3
0x8c8331,90%,3,27,30,10,1,2,17
0x47f1b6,84.2105%,3,16,19,16,3,0,0
0x48224b,84.2105%,3,16,19,0,0,3,16
0x65ba9a,95.5882%,3,65,68,48,2,1,17
0x9a31c6,98.5981%,3,211,214,211,3,0,0
0x483b57,84.2105%,3,16,19,16,3,0,0
0x98cae5,98.6726%,3,223,226,0,0,3,223
0x8d242a,97.5806%,3,121,124,0,0,3,121
0x483bac,84.2105%,3,16,19,9,1,2,7
0x659e02,84.2105%,3,16,19,16,3,0,0
0xa471e8,98.2036%,3,164,167,164,3,0,0
0x5c6cda,99.4854%,3,580,583,0,0,3,580
0x58f705,50%,3,3,6,3,3,0,0
0x9ecf0e,90.9091%,3,30,33,30,3,0,0
0x5dd99b,97.7444%,3,130,133,130,2,1,0
0x9ab369,99.7425%,3,1162,1165,0,0,3,1162
0x9a1c8a,97.9592%,3,144,147,11,2,1,133
0x8ed0fa,50%,3,3,6,0,0,3,3
0xa41f79,99.2021%,3,373,376,0,0,3,373
0x910f68,99.7409%,3,1155,1158,1155,3,0,0
0x6070a6,96.8421%,3,92,95,0,0,3,92
0x59c0b9,98.5981%,3,211,214,211,3,0,0
0x501f19,98.7395%,3,235,238,235,3,0,0
0x5da90a,97.7444%,3,130,133,130,3,0,0
0x8dc482,25%,3,1,4,1,3,0,0
0x8fefa4,99.1501%,3,350,353,0,0,3,350
0x94352b,96%,3,72,75,0,0,3,72
0x557729,99.4186%,3,513,516,0,0,3,513
0x8e7817,98.3516%,3,179,182,0,0,3,179
0x973455,57.1429%,3,4,7,0,0,3,4
0x4832f7,89.6552%,3,26,29,26,3,0,0
0xa2da29,70%,3,7,10,7,3,0,0
0x9aa5f0,86.3636%,3,19,22,19,3,0,0
0x4b727b,62.5%,3,5,8,5,3,0,0
0x649a95,25%,3,1,4,0,2,1,1
0x813072,99.6454%,3,843,846,0,0,3,843
0x9f0b9b,96.6667%,3,87,90,0,0,3,87
0x9027f5,92.1053%,3,35,38,0,0,3,35
0x9e0204,89.2857%,3,25,28,25,3,0,0
0xa41a9c,99.6942%,3,978,981,0,0,3,978
0x409a9e,99.4071%,3,503,506,0,0,3,503
0x8c7d57,99.6829%,3,943,946,0,3,0,943
0x4039bf,75%,3,9,12,9,1,2,0
0x595df9,98.5714%,3,207,210,0,0,3,207
0x63f442,98.5%,3,197,200,0,0,3,197
0xa5b4ca,75%,3,9,12,0,0,3,9
0x5f5a69,78.5714%,3,11,14,0,2,1,11
0xaa5894,25%,3,1,4,1,3,0,0
0x815cf7,92.6829%,3,38,41,0,0,3,38
0x8e09d5,99.8975%,3,2925,2928,0,0,3,2925
0x5c3436,99.5652%,3,687,690,687,3,0,0
0x495f5d,75%,3,9,12,0,0,3,9
0xa2d698,98.9399%,3,280,283,0,0,3,280
0x495f70,75%,3,9,12,0,0,3,9
0x5ef805,95%,3,57,60,0,0,3,57
0xa22e29,84.2105%,3,16,19,7,3,0,9
0xa46dde,95%,3,57,60,42,3,0,15
0xa2d660,98.4536%,3,191,194,0,0,3,191
0x667861,99.3814%,3,482,485,482,3,0,0
0xa095f2,40%,3,2,5,0,1,2,2
0xa2d4b5,25%,3,1,4,1,3,0,0
0x5e379c,99.8012%,3,1506,1509,0,0,3,1506
0x510bf3,99.0385%,3,309,312,0,0,3,309
0xa43969,98.5075%,3,198,201,198,3,0,0
0x99ac37,98.8235%,3,252,255,0,0,3,252
0x49a068,81.25%,3,13,16,0,0,3,13
0xa4c9bf,25%,3,1,4,0,0,3,1
0xa41afb,98.8764%,3,264,267,0,0,3,264
0x4828b6,84.2105%,3,16,19,8,2,1,8
0x9a32f9,97.9452%,3,143,146,0,0,3,143
0xa26061,99.3776%,3,479,482,479,3,0,0
0x59060c,84.2105%,3,16,19,0,0,3,16
0x5cf908,99.8371%,3,1839,1842,0,0,3,1839
0x4826cb,84.2105%,3,16,19,16,3,0,0
0x4826ef,84.2105%,3,16,19,16,3,0,0
0xa41db8,99.8214%,3,1677,1680,1677,3,0,0
0x8c7562,99.6829%,3,943,946,943,3,0,0
0x482807,84.2105%,3,16,19,15,2,1,1
0x548bdb,57.1429%,3,4,7,4,3,0,0
0x780713,94.4444%,3,51,54,51,3,0,0
0x49db41,99.6633%,3,888,891,888,3,0,0
0x8142e9,99.8476%,3,1965,1968,0,0,3,1965
0x5de2e4,99.7583%,3,1238,1241,1238,3,0,0
0x9a1c2b,98.2659%,3,170,173,0,0,3,170
0x9e048f,97.3684%,3,111,114,0,0,3,111
0x5581ac,62.5%,3,5,8,5,3,0,0
0x5408be,50%,3,3,6,3,3,0,0
0x8dd18c,99.0476%,3,312,315,0,2,1,312
0x99b03f,70%,3,7,10,0,0,3,7
0x592cd5,91.6667%,3,33,36,0,0,3,33
0x942a9f,96%,3,72,75,72,3,0,0
0x592ce3,91.6667%,3,33,36,33,3,0,0
0x59c362,90.3226%,3,28,31,21,2,1,7
0x4021ec,99.8319%,3,1782,1785,1782,3,0,0
0x969927,95.3846%,3,62,65,0,0,3,62
0xa51dc9,94.8276%,3,55,58,0,2,1,55
0x844401,25%,3,1,4,0,0,3,1
0x4805e4,92.1053%,3,35,38,27,2,1,8
0x47fe0f,84.2105%,3,16,19,16,3,0,0
0x55470e,95.3125%,3,61,64,0,0,3,61
0x40992f,99.0323%,3,307,310,307,3,0,0
0x4ba077,85%,3,17,20,5,2,1,12
0x909096,99.8384%,3,1854,1857,1854,3,0,0
0x8aac26,70%,3,7,10,0,0,3,7
0x4801aa,84.2105%,3,16,19,0,0,3,16
0x6105cd,96.7742%,3,90,93,90,3,0,0
0x5dab4e,25%,3,1,4,1,3,0,0
0xa9b8a8,85%,3,17,20,17,3,0,0
0x9f0c49,98.4211%,3,187,190,187,3,0,0
0x480566,92.1053%,3,35,38,35,3,0,0
0xaa7dbe,57.1429%,3,4,7,0,0,3,4
0x591370,99.4505%,3,543,546,0,0,3,543
0x47fcba,84.2105%,3,16,19,16,3,0,0
0x48064e,92.1053%,3,35,38,35,3,0,0
0x55057d,99.1329%,3,343,346,343,3,0,0
0xa4f947,92.1053%,3,35,38,0,0,3,35
0x48073e,92.1053%,3,35,38,35,3,0,0
0x490f4b,92.6829%,3,38,41,2,1,2,36
0x5ec50c,92.5%,3,37,40,31,1,2,6
0x4808e9,84.2105%,3,16,19,16,3,0,0
0x480967,84.2105%,3,16,19,0,0,3,16
0x94aa8f,99.4681%,3,561,564,561,3,0,0
0x88871e,86.3636%,3,19,22,19,3,0,0
0x9a1452,98.5222%,3,200,203,200,3,0,0
0x5f8692,98.2036%,3,164,167,0,0,3,164
0xa46507,99.3852%,3,485,488,485,3,0,0
0x821485,99.8489%,3,1983,1986,1983,3,0,0
0x9f1d40,98.0645%,3,152,155,0,0,3,152
0x6706f4,82.3529%,3,14,17,14,1,2,0
0x6798ab,50%,3,3,6,0,0,3,3
0x55476d,95.2381%,3,60,63,0,0,3,60
0xaa86d1,84.2105%,3,16,19,16,3,0,0
0x5b04d1,95.2381%,3,60,63,60,3,0,0
0x8f3e5c,98.9831%,3,292,295,0,0,3,292
0xa2b430,78.5714%,3,11,14,11,3,0,0
0x8f53a2,98.3784%,3,182,185,182,3,0,0
0x4aca6d,80%,3,12,15,12,3,0,0
0xa2d410,25%,3,1,4,1,1,2,0
0x63b52c,99.7703%,3,1303,1306,0,0,3,1303
0x8a7384,99.6781%,3,929,932,0,0,3,929
0x5f5224,86.9565%,3,20,23,0,0,3,20
0x4810c8,84.2105%,3,16,19,16,3,0,0
0x495e95,84.2105%,3,16,19,8,2,1,8
0xa37455,90.625%,3,29,32,29,3,0,0
0x977bd0,57.1429%,3,4,7,4,3,0,0
0x50d5b4,99.7531%,3,1212,1215,0,0,3,1212
0xaae6a2,93.617%,3,44,47,44,3,0,0
0x50c3e9,99.513%,3,613,616,0,0,3,613
0xb245d4,99.9748%,3,11896,11899,0,0,3,11896
0x8f1c56,93.75%,3,45,48,39,1,2,6
0x4b9fb6,96.0526%,3,73,76,26,0,3,47
0x47fb5b,84.2105%,3,16,19,16,3,0,0
0x977708,99.6599%,3,879,882,0,0,3,879
0xa41076,93.3333%,3,42,45,0,0,3,42
0x5b4153,90.3226%,3,28,31,13,1,2,15
0x9ead45,98.3425%,3,178,181,178,3,0,0
0x505a23,99.5363%,3,644,647,0,0,3,644
0x481deb,84.2105%,3,16,19,0,0,3,16
0x5111f0,99.5913%,3,731,734,0,0,3,731
0x6127fa,96.3415%,3,79,82,10,2,1,69
0x501393,99.2665%,3,406,409,0,0,3,406
0x8a5e73,98.3146%,3,175,178,37,2,1,138
0x485bc9,98.5%,3,197,200,1,1,2,196
0x8a677a,40%,3,2,5,1,2,1,1
0x48311e,89.6552%,3,26,29,0,0,3,26
0x5e04e0,97.931%,3,142,145,142,3,0,0
0x81b721,84.2105%,3,16,19,0,0,3,16
0x590dc7,99.1045%,3,332,335,0,1,2,332
0x9bb3f0,95.3846%,3,62,65,0,0,3,62
0x5d0fc8,85%,3,17,20,17,3,0,0
0x481b8c,84.2105%,3,16,19,0,0,3,16
0x4acb53,75%,3,9,12,8,3,0,1
0x5e0316,97.931%,3,142,145,142,3,0,0
0xa39682,99.6622%,3,885,888,885,3,0,0
0x9d1b81,87.5%,3,21,24,21,3,0,0
0x90b356,99.6094%,3,765,768,765,3,0,0
0x4a134f,99.3576%,3,464,467,0,0,3,464
0xa2e1a8,98.7805%,3,243,246,47,3,0,196
0x4a1354,99.3576%,3,464,467,0,0,3,464
0x590953,86.3636%,3,19,22,0,2,1,19
0x8f1041,92.5%,3,37,40,0,0,3,37
0x788bde,94.3396%,3,50,53,50,3,0,0
0x98cbc1,98.7288%,3,233,236,9,1,2,224
0x537c24,93.1818%,3,41,44,41,3,0,0
0xb32440,99.6904%,3,966,969,0,0,3,966
0x4093c8,97.8102%,3,134,137,134,1,2,0
0x9a1467,98.5222%,3,200,203,67,2,1,133
0x4acb4c,75%,3,9,12,0,0,3,9
0x5b5db9,25%,3,1,4,1,3,0,0
0x5b8f6b,25%,3,1,4,1,1,2,0
0x817234,98.0892%,3,154,157,65,0,3,89
0x481677,84.2105%,3,16,19,0,0,3,16
0x508beb,99.5946%,3,737,740,0,0,3,737
0x40a8f5,96.7033%,3,88,91,0,2,1,88
0xa45fd4,25%,3,1,4,1,3,0,0
0x50cbf4,92.1053%,3,35,38,35,3,0,0
0x8e9544,62.5%,3,5,8,5,1,2,0
0x8df0c5,87.5%,3,21,24,21,3,0,0
0x51b598,99.7642%,3,1269,1272,0,0,3,1269
0x48e16f,96.9388%,3,95,98,73,0,3,22
0x904a90,99.0033%,3,298,301,0,0,3,298
0x97465c,92.1053%,3,35,38,35,1,2,0
0x50a91e,94.1176%,3,48,51,48,3,0,0
0x506286,99.5363%,3,644,647,644,3,0,0
0x499c66,94.3396%,3,50,53,50,3,0,0
0x58bc8b,95.3125%,3,61,64,0,0,3,61
0x9a7adf,96.5517%,3,84,87,84,3,0,0
0x5062c8,99.5363%,3,644,647,0,0,3,644
0x8e0f51,99.8483%,3,1974,1977,0,0,3,1974
0x50d2a8,99.9339%,3,4538,4541,0,0,3,4538
0x8d3c71,99.4253%,3,519,522,0,0,3,519
0x9a14e5,98.5222%,3,200,203,200,3,0,0
0x481b23,83.3333%,3,15,18,15,3,0,0
0x88e01d,50%,3,3,6,3,3,0,0
0x58be83,95.3125%,3,61,64,0,0,3,61
0x49ec27,99.0683%,3,319,322,0,0,3,319
0x8dea85,97.6923%,3,127,130,1,1,2,126
0x81d4cd,98.3516%,3,179,182,0,0,3,179
0x6097be,96.3855%,3,80,83,37,3,0,43
0xa52fc9,98.4375%,3,189,192,0,0,3,189
0x822643,98.3871%,3,183,186,0,0,3,183
0xa47c0c,92.8571%,3,39,42,39,3,0,0
0x696545,99.2443%,3,394,397,0,0,3,394
0xa41040,93.3333%,3,42,45,0,0,3,42
0x81ed38,99.8124%,3,1596,1599,0,0,3,1596
0x5336fa,66.6667%,3,6,9,1,1,2,5
0x4414ce,94.7368%,3,54,57,0,0,3,54
0x9e2cab,76.9231%,3,10,13,0,0,3,10
0x5cbb89,98.0645%,3,152,155,0,0,3,152
0x80f6e9,95.9459%,3,71,74,2,2,1,69
0xa26244,97.2222%,3,105,108,105,3,0,0
0x816222,93.3333%,3,42,45,41,2,1,1
0x4022a1,88.4615%,3,23,26,23,3,0,0
0x48a0a9,99.9236%,3,3925,3928,0,0,3,3925
0x80469f,96%,3,72,75,0,0,3,72
0xa022ae,99.738%,3,1142,1145,0,0,3,1142
0x8e0297,99.4318%,3,525,528,522,2,1,3
0xa4d568,98.1481%,3,159,162,159,3,0,0
0x5cbda9,97.7099%,3,128,131,0,0,3,128
0x5339f1,72.7273%,3,8,11,8,1,2,0
0x5cd170,97.7099%,3,128,131,128,3,0,0
0x5931db,78.5714%,3,11,14,0,0,3,11
0x9f8523,66.6667%,3,6,9,0,0,3,6
0xa47f0f,75%,3,9,12,9,3,0,0
0x556315,0%,3,0,3,0,3,0,0
0xa543db,84.2105%,3,16,19,0,0,3,16
0x9e889f,97.9452%,3,143,146,64,1,2,79
0xb183d6,99.7015%,3,1002,1005,1002,3,0,0
0xa441ef,75%,3,9,12,9,3,0,0
0x9f3eaa,98.1132%,3,156,159,0,0,3,156
0x67300b,84.2105%,3,16,19,16,3,0,0
0x58f410,94.2308%,3,49,52,0,0,3,49
0x647bb3,93.0233%,3,40,43,0,0,3,40
0xaa2d64,99.0132%,3,301,304,0,0,3,301
0x977a84,99.0506%,3,313,316,0,0,3,313
0xa9c683,97.8873%,3,139,142,0,0,3,139
0x5556b3,25%,3,1,4,1,0,3,0
0x9a162d,85.7143%,3,18,21,0,0,3,18
0x5f0719,86.3636%,3,19,22,0,0,3,19
0x6096c5,96.3855%,3,80,83,0,0,3,80
0xa4771e,92.8571%,3,39,42,0,0,3,39
0x5a9684,40%,3,2,5,0,0,3,2
0x8feeca,99.2248%,3,384,387,0,0,3,384
0x5a96ab,40%,3,2,5,0,0,3,2
0x8e24f6,97.2727%,3,107,110,107,3,0,0
0x943be2,97.8417%,3,136,139,136,3,0,0
0x60bacb,83.3333%,3,15,18,15,2,1,0
0x609814,99.2462%,3,395,398,0,0,3,395
0x9e2f69,98.8593%,3,260,263,260,3,0,0
0x900bbb,99.1071%,3,333,336,332,2,1,1
0x609782,96.3855%,3,80,83,80,3,0,0
0xa4152a,88%,3,22,25,0,0,3,22
0x7b1128,82.3529%,3,14,17,12,0,3,2
0x8ddf52,93.4783%,3,43,46,12,2,1,31
0x49465f,25%,3,1,4,0,0,3,1
0x41037e,98.4211%,3,187,190,0,0,3,187
0xa5f780,99.5231%,3,626,629,626,3,0,0
0x48e89c,78.5714%,3,11,14,0,0,3,11
0x54652b,99.1429%,3,347,350,347,3,0,0
0xb1b6e4,99.7015%,3,1002,1005,0,0,3,1002
0x541f0d,99.3802%,3,481,484,481,3,0,0
0x9a1253,98.5366%,3,202,205,201,2,1,1
0x5970bc,99.3789%,3,480,483,0,0,3,480
0x48eed4,62.5%,3,5,8,0,0,3,5
0x6660c1,62.5%,3,5,8,5,3,0,0
0x6707f9,50%,3,3,6,3,3,0,0
0x494983,96.5116%,3,83,86,83,1,2,0
0x67b1f7,99.8328%,3,1791,1794,1791,3,0,0
0x48334c,89.6552%,3,26,29,26,3,0,0
0x5cd4d8,95.5224%,3,64,67,64,3,0,0
0x4b7b94,72.7273%,3,8,11,8,3,0,0
0xa5316e,62.5%,3,5,8,5,3,0,0
0x54c660,0%,3,0,3,0,3,0,0
0x5ec590,92.5%,3,37,40,29,3,0,8
0x97328f,92.5%,3,37,40,37,3,0,0
0x8efba1,97.4359%,3,114,117,114,3,0,0
0x9e2716,94.8276%,3,55,58,55,3,0,0
0x9e1a4b,81.25%,3,13,16,0,2,1,13
0x9f6565,97.4576%,3,115,118,115,3,0,0
0x90ecce,99.6878%,3,958,961,0,0,3,958
0x482d44,82.3529%,3,14,17,14,3,0,0
0x991bba,98.5222%,3,200,203,200,3,0,0
0x9a1b97,85.7143%,3,18,21,18,3,0,0
0xa47a10,66.6667%,3,6,9,6,3,0,0
0x9a1b82,85.7143%,3,18,21,18,3,0,0
0x81e0ed,98.6047%,3,212,215,212,3,0,0
0x81a4a4,99.6372%,3,824,827,0,0,3,824
0x8dec9a,50%,3,3,6,3,1,2,0
0xa412a2,62.5%,3,5,8,5,3,0,0
0x9a1fc6,98.5222%,3,200,203,200,3,0,0
0xa446bf,94.2308%,3,49,52,49,3,0,0
0x5b2a37,93.617%,3,44,47,0,0,3,44
0x822167,99.0196%,3,303,306,32,1,2,271
0xa2e2ac,95.3125%,3,61,64,0,0,3,61
0x8a6af2,50%,3,3,6,2,3,0,1
0x540f09,62.5%,3,5,8,5,3,0,0
0xa373c5,90.625%,3,29,32,29,3,0,0
0x6096dc,98.1481%,3,159,162,0,0,3,159
0x5109ca,99.5246%,3,628,631,0,0,3,628
0xa46724,90%,3,27,30,0,0,3,27
0xa35d90,99.3304%,3,445,448,0,0,3,445
0x5e3ce2,0%,3,0,3,0,3,0,0
0x4c5231,99.115%,3,336,339,336,3,0,0
0xa467a5,87.5%,3,21,24,9,3,0,12
0x78ace7,94.3396%,3,50,53,0,0,3,50
0xaa5718,96.7742%,3,90,93,0,0,3,90
0x804faa,99.0909%,3,327,330,327,3,0,0
0x9e194b,97.5%,3,117,120,117,3,0,0
0x49bf7e,50%,3,3,6,3,3,0,0
0x949a95,94.3396%,3,50,53,50,3,0,0
0x99c858,96.9388%,3,95,98,0,0,3,95
0x659e7a,84.2105%,3,16,19,8,2,1,8
0xa8f9d8,96.4706%,3,82,85,0,0,3,82
0xa3fde7,89.2857%,3,25,28,25,3,0,0
0xa35300,97.3684%,3,111,114,104,1,2,7
0x4a7b0d,99.0937%,3,328,331,0,0,3,328
0xa41f8a,98.9619%,3,286,289,0,0,3,286
0x58c028,96.0526%,3,73,76,0,0,3,73
0x5a01bd,40%,3,2,5,2,3,0,0
0x5d3269,97.931%,3,142,145,0,0,3,142
0x80aec2,91.1765%,3,31,34,29,3,0,2
0x8df314,62.5%,3,5,8,5,3,0,0
0x99b7d6,80%,3,12,15,1,1,2,11
0x511ec9,99.8231%,3,1693,1696,1693,3,0,0
0x48ded5,92.6829%,3,38,41,0,0,3,38
0x8d42cd,75%,3,9,12,0,0,3,9
0xaa25f3,86.3636%,3,19,22,0,0,3,19
0xa6097f,99.0164%,3,302,305,0,0,3,302
0x5a9668,62.5%,3,5,8,4,1,2,1
0x66d409,99.0033%,3,298,301,298,3,0,0
0x4c073e,96.5116%,3,83,86,83,3,0,0
0x78a6bd,70%,3,7,10,7,3,0,0
0xa46dbb,95%,3,57,60,57,3,0,0
0x54d441,57.1429%,3,4,7,4,3,0,0
0xa43891,93.75%,3,45,48,33,3,0,12
0x4c9738,88.4615%,3,23,26,1,1,2,22
0x9e53cb,90%,3,27,30,0,0,3,27
0x9d204a,97.0297%,3,98,101,98,3,0,0
0x9f12fb,70%,3,7,10,0,0,3,7
0xa41c12,99.6037%,3,754,757,754,3,0,0
0x4acb15,80%,3,12,15,12,3,0,0
0x5de395,99.7583%,3,1238,1241,1238,3,0,0
0x8aec94,97.8417%,3,136,139,128,2,1,8
0xa45f69,97.7099%,3,128,131,128,3,0,0
0x6476c0,93.3333%,3,42,45,0,0,3,42
0xa596c7,89.6552%,3,26,29,1,2,1,25
0x7d1ea7,94.1176%,3,48,51,2,1,2,46
0x889ffb,86.3636%,3,19,22,0,0,3,19
0x99b7e2,76.9231%,3,10,13,0,0,3,10
0x5ea9b1,88.8889%,3,24,27,17,2,1,7
0x88a016,86.3636%,3,19,22,5,0,3,14
0x51b389,99.841%,3,1884,1887,0,0,3,1884
0x48ec61,96.9072%,3,94,97,82,0,3,12
0x5f0596,40%,3,2,5,2,1,2,0
0xa48e78,90.9091%,3,30,33,30,3,0,0
0x679b65,99.8912%,3,2754,2757,0,0,3,2754
0x40e6b0,96.3855%,3,80,83,42,3,0,38
0x50be27,99.4828%,3,577,580,575,3,0,2
0x8aa849,99.5918%,3,732,735,0,0,3,732
0x88a152,86.3636%,3,19,22,19,3,0,0
0x65b0e3,76.9231%,3,10,13,10,3,0,0
0x94e765,95%,3,57,60,0,0,3,57
0x809149,99.0909%,3,327,330,327,3,0,0
0x64f2ed,86.3636%,3,19,22,17,1,2,2
0xa45d54,50%,3,3,6,2,2,1,1
0xa36d66,92.8571%,3,39,42,39,3,0,0
0x58feb3,99.6053%,3,757,760,507,0,3,250
0x9e0d97,86.9565%,3,20,23,0,0,3,20
0x61072b,88%,3,22,25,10,2,1,12
0x7dff7a,62.5%,3,5,8,0,0,3,5
0x5afe4c,85.7143%,3,18,21,18,3,0,0
0x5f0d61,98.9399%,3,280,283,280,3,0,0
0x7dff70,62.5%,3,5,8,0,0,3,5
0x5b0187,85.7143%,3,18,21,0,0,3,18
0x40e9a8,99.0536%,3,314,317,314,3,0,0
0xa46d0a,98.6957%,3,227,230,227,3,0,0
0x9f114d,40%,3,2,5,2,3,0,0
0x5f0c02,99.0196%,3,303,306,0,0,3,303
0x64830b,99.6809%,3,937,940,0,0,3,937
0x59f572,25%,3,1,4,1,1,2,0
0x8f54d6,99.8763%,3,2422,2425,719,3,0,1703
0x606ab1,98.6667%,3,222,225,0,0,3,222
0xaa074f,93.75%,3,45,48,0,0,3,45
0xa07539,50%,3,3,6,0,2,1,3
0x81f92e,99.8519%,3,2022,2025,0,0,3,2022
0x789478,66.6667%,3,6,9,0,1,2,6
0x80774b,99.9115%,3,3387,3390,3387,3,0,0
0xa9884c,62.5%,3,5,8,1,3,0,4
0x4c4b1b,99.2537%,3,399,402,399,3,0,0
0x65150a,72.7273%,3,8,11,8,3,0,0
0xa2dfc1,99.2683%,3,407,410,0,0,3,407
0xb2edb6,98.7448%,3,236,239,0,0,3,236
0xa39e78,94.8276%,3,55,58,0,0,3,55
0xa3f09f,62.5%,3,5,8,5,3,0,0
0x5cb9ed,98.0645%,3,152,155,0,0,3,152
0xa49450,89.2857%,3,25,28,25,3,0,0
0xa3bd48,81.25%,3,13,16,7,1,2,6
0x811a67,99.6441%,3,840,843,840,3,0,0
0x8ea069,97.3451%,3,110,113,109,1,2,1
0x944eb4,90%,3,27,30,20,2,1,7
0x64b9a3,99.7853%,3,1394,1397,1394,3,0,0
0x6709fc,92.1053%,3,35,38,17,2,1,18
0x8efac8,98.125%,3,157,160,0,0,3,157
0x40461d,66.6667%,3,6,9,6,3,0,0
0x8390a5,81.25%,3,13,16,13,3,0,0
0xb3241d,99.6904%,3,966,969,0,0,3,966
0x5e36ff,70%,3,7,10,0,0,3,7
0xa4858b,94.6429%,3,53,56,13,2,1,40
0xb182a7,99.7015%,3,1002,1005,17,2,1,985
0x5b2912,62.5%,3,5,8,1,1,2,4
0xa494ad,99.2771%,3,412,415,0,0,3,412
0x5b34dc,40%,3,2,5,0,0,3,2
0x8ef68e,90.3226%,3,28,31,28,3,0,0
0x65163e,40%,3,2,5,2,3,0,0
0xa271d7,98.9437%,3,281,284,6,3,0,275
0x5ae5ed,88%,3,22,25,22,3,0,0
0xa2871a,85.7143%,3,18,21,0,0,3,18
0xa46aa2,96.875%,3,93,96,0,0,3,93
0x9a3299,95.5882%,3,65,68,65,3,0,0
0x81b69d,98.5294%,3,201,204,201,1,2,0
0xa91080,97.7612%,3,131,134,131,3,0,0
0x81b1e3,98.5437%,3,203,206,0,2,1,203
0x951aaf,91.6667%,3,33,36,0,0,3,33
0x5afd23,88%,3,22,25,22,3,0,0
0x8edd08,99.3348%,3,448,451,0,0,3,448
0x81f8fd,99.8573%,3,2099,2102,0,0,3,2099
0xb3136d,99.6904%,3,966,969,0,0,3,966
0x5af48b,95.1613%,3,59,62,59,3,0,0
0xa02772,88.8889%,3,24,27,0,0,3,24
0x50d74c,94.8276%,3,55,58,55,3,0,0
0x40dee5,97.2222%,3,105,108,1,2,1,104
0x9c3b54,62.5%,3,5,8,0,0,3,5
0x593229,78.5714%,3,11,14,0,0,3,11
0xa5501c,92.1053%,3,35,38,35,3,0,0
0x9ebaea,99.2188%,3,381,384,0,0,3,381
0x7c6704,62.5%,3,5,8,0,0,3,5
0xa552ab,98.8679%,3,262,265,262,3,0,0
0x4aca36,80%,3,12,15,3,3,0,9
0x48391c,89.6552%,3,26,29,26,3,0,0
0x901cc1,98.7179%,3,231,234,231,3,0,0
0xa47bad,92.8571%,3,39,42,39,3,0,0
0x540a57,97.1698%,3,103,106,103,1,2,0
0x808b07,99.7368%,3,1137,1140,1137,1,2,0
0x4aac74,94.2308%,3,49,52,49,3,0,0
0x666463,99.4275%,3,521,524,1,1,2,520
0x556197,98.7903%,3,245,248,0,3,0,245
0x81d653,99.2958%,3,423,426,423,3,0,0
0xaca83b,89.2857%,3,25,28,25,3,0,0
0x7c70b1,76.9231%,3,10,13,0,0,3,10
0x66688f,99.3902%,3,489,492,0,0,3,489
0x503dd7,94.2308%,3,49,52,49,3,0,0
0xaa4f2e,97.9592%,3,144,147,144,3,0,0
0x542563,98.4456%,3,190,193,0,0,3,190
0x4888eb,99.8854%,3,2614,2617,0,0,3,2614
0xa9180c,82.3529%,3,14,17,14,3,0,0
0x820a3f,62.5%,3,5,8,5,3,0,0
0xa03868,99.9437%,3,5325,5328,5325,3,0,0
0x9e18a1,97.8102%,3,134,137,16,1,2,118
0x492d52,95.8333%,3,69,72,0,0,3,69
0x492d70,95.3846%,3,62,65,0,0,3,62
0x50e40c,25%,3,1,4,0,2,1,1
0x7bc18c,62.5%,3,5,8,5,3,0,0
0x8d3e44,80%,3,12,15,0,0,3,12
0x54195e,99.8887%,3,2693,2696,0,0,3,2693
0x7f3690,80%,3,12,15,0,0,3,12
0xa55e2d,96.6292%,3,86,89,0,0,3,86
0x8eefb3,99.6674%,3,899,902,0,0,3,899
0x7cf3ad,98.0645%,3,152,155,152,3,0,0
0x555bfa,92.1053%,3,35,38,35,3,0,0
0x8a9660,96.7742%,3,90,93,89,1,2,1
0xa01e40,95.5882%,3,65,68,65,3,0,0
0x5be2f4,96.4706%,3,82,85,0,0,3,82
0x54179c,97.7941%,3,133,136,133,3,0,0
0x8bdb02,40%,3,2,5,2,3,0,0
0xa8fa91,96.4706%,3,82,85,82,3,0,0
0xaa5d74,98.5915%,3,210,213,210,3,0,0
0xa4e62b,96.0526%,3,73,76,0,0,3,73
0x5f00d6,98.3516%,3,179,182,179,3,0,0
0x4be89f,66.6667%,3,6,9,6,2,1,0
0x99c579,99.1453%,3,348,351,348,3,0,0
0x5af7c8,94.3396%,3,50,53,7,2,1,43
0x5af805,94.3396%,3,50,53,50,3,0,0
0x8d9be3,99.1892%,3,367,370,0,0,3,367
0xa42971,99.6736%,3,916,919,916,3,0,0
0x5b04f5,95.5224%,3,64,67,63,2,1,1
0x9813e6,96%,3,72,75,0,0,3,72
0x5b05cc,95.5224%,3,64,67,63,2,1,1
0x4bbac1,98.5366%,3,202,205,0,1,2,202
0x820915,72.7273%,3,8,11,8,3,0,0
0xa48ad7,98.2036%,3,164,167,0,0,3,164
0xa9012f,98.0132%,3,148,151,0,0,3,148
0x5f9dc0,88.8889%,3,24,27,1,3,0,23
0x838893,40%,3,2,5,0,0,3,2
0x9e2d45,89.6552%,3,26,29,12,1,2,14
0x94ec54,96.6667%,3,87,90,87,3,0,0
0x94389c,93.3333%,3,42,45,8,2,1,34
0xa5135e,75%,3,9,12,0,0,3,9
0x4bacc2,98.6239%,3,215,218,0,0,3,215
0x4935ab,80%,3,12,15,0,0,3,12
0xa51737,96.1039%,3,74,77,0,0,3,74
0xa311e9,98.6547%,3,220,223,4,3,0,216
0xa2394a,97.2727%,3,107,110,107,3,0,0
0x50b587,92.5%,3,37,40,37,3,0,0
0x8e2089,98.6364%,3,217,220,0,0,3,217
0x555a6d,94.5455%,3,52,55,0,0,3,52
0x48d83d,99.8388%,3,1858,1861,0,0,3,1858
0x487d89,78.5714%,3,11,14,11,3,0,0
0xa02957,98.8142%,3,250,253,0,0,3,250
0x5bb3fe,95.3125%,3,61,64,30,1,2,31
0xa8eeab,62.5%,3,5,8,5,3,0,0
0x5b26bf,93.617%,3,44,47,44,2,1,0
0x8093b2,99.0909%,3,327,330,327,3,0,0
0x5b2734,93.4783%,3,43,46,43,3,0,0
0xa04f7e,95.1613%,3,59,62,0,0,3,59
0x50b351,92.5%,3,37,40,37,3,0,0
0x60ae22,94%,3,47,50,47,3,0,0
0x5f18ae,40%,3,2,5,2,3,0,0
0x50fbaa,70%,3,7,10,0,0,3,7
0x5d21cd,99.759%,3,1242,1245,1242,3,0,0
0x8aa8b1,99.5918%,3,732,735,732,3,0,0
0x4b795d,88.8889%,3,24,27,0,0,3,24
0x8ee66e,92.8571%,3,39,42,36,2,1,3
0xa5119c,25%,3,1,4,0,0,3,1
0x5f3b58,57.1429%,3,4,7,3,1,2,1
0x5037ec,97.7941%,3,133,136,0,0,3,133
0xae6fa8,95.8333%,3,69,72,68,2,1,1
0x9f945e,97.5%,3,117,120,0,0,3,117
0x9eceef,93.0233%,3,40,43,10,0,3,30
0x8e7ec7,99.0937%,3,328,331,328,3,0,0
0x4a9767,95%,3,57,60,57,3,0,0
0x9ee5eb,94.7368%,3,54,57,54,3,0,0
0xa2e1c1,98.7952%,3,246,249,246,3,0,0
0x80c2ec,98.5294%,3,201,204,201,3,0,0
0x944366,96.0526%,3,73,76,0,0,3,73
0x978549,99.3464%,3,456,459,0,0,3,456
0xa52cef,99.1736%,3,360,363,360,3,0,0
0x409a2e,83.3333%,3,15,18,3,2,1,12
0x9a772a,78.5714%,3,11,14,11,3,0,0
0x53895c,99.8298%,3,1760,1763,0,0,3,1760
0x8efad5,99.3166%,3,436,439,0,0,3,436
0x96ae4a,85.7143%,3,18,21,1,1,2,17
0xa5050a,98.8327%,3,254,257,0,0,3,254
0x4c8e43,97.3451%,3,110,113,86,2,1,24
0x9bd273,95.5224%,3,64,67,0,0,3,64
0xa551ee,98.9691%,3,288,291,288,3,0,0
0x610782,76.9231%,3,10,13,0,0,3,10
0x50386b,98.5437%,3,203,206,158,2,1,45
0x811d69,98.1928%,3,163,166,0,0,3,163
0x6754d0,86.3636%,3,19,22,19,2,1,0
0x8d46b7,40%,3,2,5,2,3,0,0
0x5cf79d,99.8366%,3,1833,1836,1833,3,0,0
0x9bd2c2,95.5224%,3,64,67,64,3,0,0
0x506fea,97.7941%,3,133,136,133,3,0,0
0x9178ee,99.5588%,3,677,680,0,0,3,677
0x504d14,75%,3,9,12,9,1,2,0
0x9ef230,98.2759%,3,171,174,171,3,0,0
0xa91189,25%,3,1,4,0,0,3,1
0x63d0ce,98.5%,3,197,200,197,3,0,0
0x4b7217,72.7273%,3,8,11,8,3,0,0
0x9ede19,97.8261%,3,135,138,135,3,0,0
0x6476a4,93.3333%,3,42,45,42,3,0,0
0xa4a38f,76.9231%,3,10,13,3,2,1,7
0x556226,40%,3,2,5,0,3,0,2
0x64b626,99.6173%,3,781,784,0,0,3,781
0xa54652,62.5%,3,5,8,5,1,2,0
0x509c29,94%,3,47,50,47,0,3,0
0x8d3f0b,76.9231%,3,10,13,0,0,3,10
0x555fb9,0%,3,0,3,0,0,3,0
0x50427c,90.9091%,3,30,33,0,3,0,30
0x951022,97.1429%,3,102,105,1,0,3,101
0xa9f164,98.2143%,3,165,168,165,3,0,0
0x558a7f,99.187%,3,366,369,0,0,3,366
0x99e936,94.5455%,3,52,55,0,0,3,52
0x59c8f0,57.1429%,3,4,7,3,1,2,1
0x59c66f,83.3333%,3,15,18,15,3,0,0
0x540e57,62.5%,3,5,8,0,0,3,5
0x61084b,76.9231%,3,10,13,0,0,3,10
0x5eb844,93.1818%,3,41,44,0,0,3,41
0xa495d4,99.2574%,3,401,404,401,3,0,0
0x8a726b,98.9286%,3,277,280,277,3,0,0
0x8f2164,92.3077%,3,36,39,1,1,2,35
0xa94b10,25%,3,1,4,0,0,3,1
0x50bede,91.4286%,3,32,35,0,0,3,32
0x5b027f,99.4118%,3,507,510,0,0,3,507
0x60880c,98.5%,3,197,200,197,3,0,0
0xa2a9f3,97.3451%,3,110,113,110,3,0,0
0x48c7c3,96.5116%,3,83,86,0,2,1,83
0x5d88d7,90%,3,27,30,27,3,0,0
0x494fd4,50%,3,3,6,3,1,2,0
0xae4148,99.1736%,3,360,363,13,1,2,347
0x980e44,95.9459%,3,71,74,71,3,0,0
0x488eee,98.7069%,3,229,232,0,0,3,229
0x5b0622,95.3846%,3,62,65,62,3,0,0
0x5dd565,99.7583%,3,1238,1241,1238,3,0,0
0x813a88,82.3529%,3,14,17,14,3,0,0
0x902594,99.8232%,3,1694,1697,1694,3,0,0
0x8f0aa3,99.5074%,3,606,609,567,0,3,39
0x8e3d70,98.1132%,3,156,159,0,0,3,156
0x670693,0%,3,0,3,0,3,0,0
0x8e3798,99.6144%,3,775,778,0,0,3,775
0xa353a1,98.9474%,3,282,285,282,3,0,0
0x4a5a32,81.25%,3,13,16,13,3,0,0
0x50a56e,78.5714%,3,11,14,11,3,0,0
0x50da2c,80%,3,12,15,0,0,3,12
0x556391,0%,3,0,3,0,3,0,0
0x50a4b6,78.5714%,3,11,14,0,0,3,11
0x678de3,86.9565%,3,20,23,0,0,3,20
0x5a94b7,90.9091%,3,30,33,26,2,1,4
0x492c8e,25%,3,1,4,0,0,3,1
0x94d9e2,94.3396%,3,50,53,50,3,0,0
0xa58ae5,96.875%,3,93,96,0,0,3,93
0x51b3c3,99.8894%,3,2710,2713,0,0,3,2710
0x814f1b,94.9153%,3,56,59,56,3,0,0
0xb2ec04,95.7143%,3,67,70,67,3,0,0
0x8ef416,99.3348%,3,448,451,0,0,3,448
0x8f1811,99.2443%,3,394,397,394,2,1,0
0x535865,91.1765%,3,31,34,1,2,1,30
0x5b0e7a,94.6429%,3,53,56,0,1,2,53
0xaa3347,99.6967%,3,986,989,986,3,0,0
0x50bc75,92.5%,3,37,40,37,3,0,0
0x4bca68,81.25%,3,13,16,7,3,0,6
0x8dcb8d,99.8695%,3,2296,2299,2296,3,0,0
0x8d990b,62.5%,3,5,8,5,3,0,0
0x838a8a,0%,3,0,3,0,2,1,0
0x50ba9b,92.5%,3,37,40,0,0,3,37
0xa5861a,98.5714%,3,207,210,207,3,0,0
0x542f5b,99.8551%,3,2067,2070,2067,3,0,0
0x7d3763,97.1698%,3,103,106,37,2,1,66
0x54123c,98.3957%,3,184,187,0,0,3,184
0xa5570c,96.3855%,3,80,83,80,3,0,0
0x8bcacb,66.6667%,3,6,9,6,3,0,0
0x9e8980,97.931%,3,142,145,142,3,0,0
0x558d7b,99%,3,297,300,0,0,3,297
0x48d160,92.6829%,3,38,41,0,0,3,38
0x609589,98.8095%,3,249,252,249,3,0,0
0xb316a9,94.9153%,3,56,59,0,0,3,56
0x8fcf01,99.4083%,3,504,507,0,0,3,504
0x50a7a4,94.1176%,3,48,51,0,0,3,48
0x944373,96.0526%,3,73,76,0,0,3,73
0x805b0b,99.8923%,3,2782,2785,0,0,3,2782
0x9ec337,92.5%,3,37,40,0,0,3,37
0xa520f4,72.7273%,3,8,11,8,3,0,0
0x81f38c,99.8145%,3,1614,1617,0,2,1,1614
0x403cfc,97.3451%,3,110,113,0,0,3,110
0x403d5f,99.7687%,3,1294,1297,0,0,3,1294
0x808bcc,98.8417%,3,256,259,0,0,3,256
0xa2a8bb,95.5882%,3,65,68,2,0,3,63
0x8ea11f,99.8787%,3,2471,2474,2471,3,0,0
0x81fdf0,93.75%,3,45,48,0,0,3,45
0x88e712,92.3077%,3,36,39,36,3,0,0
0x9aa1eb,91.4286%,3,32,35,5,3,0,27
0xaa4f72,97.9592%,3,144,147,144,3,0,0
0x4a6dd1,89.2857%,3,25,28,0,0,3,25
0x4a6dda,89.2857%,3,25,28,0,0,3,25
0x6515db,95.9459%,3,71,74,0,0,3,71
0x501b5f,99.6144%,3,775,778,0,0,3,775
0x4bed3b,98.1707%,3,161,164,154,2,1,7
0x54db76,92.3077%,3,36,39,36,3,0,0
0x94dc44,99.4889%,3,584,587,584,3,0,0
0x4bcba8,92.8571%,3,39,42,38,1,2,1
0x9097af,97.4359%,3,114,117,114,3,0,0
0x4ac717,80%,3,12,15,0,2,1,12
0x9782ab,84.2105%,3,16,19,0,0,3,16
0x4857ce,88.8889%,3,24,27,0,0,3,24
0x4024ff,96.9388%,3,95,98,95,3,0,0
0x50e501,50%,3,3,6,3,3,0,0
0x557638,88.8889%,3,24,27,0,0,3,24
0x944aee,98.6486%,3,219,222,219,3,0,0
0x94dc25,99.4889%,3,584,587,584,3,0,0
0x50165d,99.7021%,3,1004,1007,0,0,3,1004
0x81588a,83.3333%,3,15,18,7,2,1,8
0x94dd6d,99.4889%,3,584,587,0,0,3,584
0xa58857,97.9452%,3,143,146,0,0,3,143
0x901fab,99.9361%,3,4689,4692,0,0,3,4689
0x5bba93,99.786%,3,1399,1402,1399,1,2,0
0xa63bad,97.561%,3,120,123,120,3,0,0
0x512904,88%,3,22,25,22,3,0,0
0xa311a1,97.8723%,3,138,141,138,3,0,0
0x65be8b,75%,3,9,12,9,3,0,0
0xaadbed,99.0769%,3,322,325,0,0,3,322
0x81bfbd,91.1765%,3,31,34,0,2,1,31
0x58cb97,97.0874%,3,100,103,0,0,3,100
0x65a0c3,99.8005%,3,1501,1504,0,0,3,1501
0x502d87,98.4043%,3,185,188,185,3,0,0
0x5c7256,89.2857%,3,25,28,25,3,0,0
0x5b526b,85%,3,17,20,1,1,2,16
0x5d1a2c,97.2727%,3,107,110,107,3,0,0
0x4c4bcc,97.0874%,3,100,103,38,2,1,62
0x5b187a,78.5714%,3,11,14,11,3,0,0
0x8dc221,99.6556%,3,868,871,0,0,3,868
0xa2ed1c,95.3125%,3,61,64,0,0,3,61
0x5b3020,70%,3,7,10,7,1,2,0
0x5ebd9c,57.1429%,3,4,7,4,3,0,0
0xb0d2b3,96.4706%,3,82,85,82,3,0,0
0x608caf,98.5%,3,197,200,197,3,0,0
0xa4bd43,25%,3,1,4,0,0,3,1
0xa36e73,70%,3,7,10,0,0,3,7
0x54d6c3,85%,3,17,20,17,3,0,0
0xa43db4,97.4138%,3,113,116,0,0,3,113
0x9a5e0f,70%,3,7,10,0,0,3,7
0x94987d,96.2025%,3,76,79,0,0,3,76
0xa3026c,97.2727%,3,107,110,0,0,3,107
0xa2ec71,95.3125%,3,61,64,61,3,0,0
0x67da6f,95.7143%,3,67,70,67,3,0,0
0xa32791,96.1538%,3,75,78,75,3,0,0
0xa2dde8,91.6667%,3,33,36,0,0,3,33
0x496886,91.8919%,3,34,37,34,3,0,0
0x903e10,94.2308%,3,49,52,49,3,0,0
0xab57e8,98.6726%,3,223,226,223,3,0,0
0x670a22,84.2105%,3,16,19,0,0,3,16
0x50e2c5,96%,3,72,75,0,0,3,72
0x643853,93.3333%,3,42,45,42,3,0,0
0x4942ed,98.2857%,3,172,175,0,0,3,172
0x50a086,97.7941%,3,133,136,0,0,3,133
0x494355,97.1429%,3,102,105,0,0,3,102
0x60dbc0,98.9051%,3,271,274,0,0,3,271
0x8a5cee,98.6239%,3,215,218,0,0,3,215
0x50d2e4,98.9933%,3,295,298,270,2,1,25
0x5d1b25,97.2727%,3,107,110,0,0,3,107
0xa2cc24,99.3521%,3,460,463,0,0,3,460
0x8e9ff2,99.8787%,3,2471,2474,0,0,3,2471
0xa92c38,62.5%,3,5,8,5,3,0,0
0xa2dcd7,91.6667%,3,33,36,0,0,3,33
0xa529da,98.4043%,3,185,188,183,1,2,2
0x7a113b,50%,3,3,6,0,0,3,3
0x4c6791,88.4615%,3,23,26,10,2,1,13
0xa5223c,97%,3,97,100,97,3,0,0
0x9d036b,99.1736%,3,360,363,28,1,2,332
0xa5f8f3,62.5%,3,5,8,0,0,3,5
0x54cda7,84.2105%,3,16,19,16,3,0,0
0xa54225,97.3214%,3,109,112,6,2,1,103
0x81ca76,98.2558%,3,169,172,0,2,1,169
0x54d1dd,80%,3,12,15,5,1,2,7
0xa52332,96.8421%,3,92,95,0,0,3,92
0x4a85e0,86.9565%,3,20,23,20,3,0,0
0xa31b3b,98.3516%,3,179,182,0,0,3,179
0x54cf74,80%,3,12,15,12,3,0,0
0x8161a1,66.6667%,3,6,9,6,1,2,0
0x901b88,98.8%,3,247,250,0,0,3,247
0x9a24fe,92.5%,3,37,40,37,3,0,0
0x94c5b2,97.1154%,3,101,104,0,0,3,101
0x49ec3b,98.1366%,3,158,161,0,0,3,158
0x51b321,84.2105%,3,16,19,0,0,3,16
0x7c20df,75%,3,9,12,0,0,3,9
0x7c638a,98.1595%,3,160,163,10,3,0,150
0x5bb213,81.25%,3,13,16,13,3,0,0
0x949520,96.4286%,3,81,84,81,3,0,0
0x816b55,99.8621%,3,2173,2176,1332,2,1,841
0x80ec62,99.1848%,3,365,368,0,0,3,365
0x591f0a,99.9206%,3,3774,3777,0,0,3,3774
0x901ae0,98.8%,3,247,250,247,3,0,0
0xa3138a,96.4706%,3,82,85,0,0,3,82
0x49c14d,97.8947%,2,93,95,93,2,0,0
0x4ac609,86.6667%,2,13,15,0,0,2,13
0x5bd814,99.3958%,2,329,331,0,0,2,329
0x7e8194,77.7778%,2,7,9,0,2,0,7
0xa07a8a,96.1538%,2,50,52,0,2,0,50
0x40e1c6,97.2973%,2,72,74,72,2,0,0
0x65c0e5,99.5575%,2,450,452,450,2,0,0
0xa9003e,98.7805%,2,162,164,0,0,2,162
0x99eb15,84.6154%,2,11,13,0,0,2,11
0x9c3e45,97.6744%,2,84,86,0,0,2,84
0x7e8177,0%,2,0,2,0,0,2,0
0xa0546d,90.4762%,2,19,21,0,1,1,19
0xa64ae1,0%,2,0,2,0,2,0,0
0xa4c5bc,50%,2,2,4,0,0,2,2
0xa087f2,50%,2,2,4,2,2,0,0
0x643a48,94.1176%,2,32,34,32,2,0,0
0xa042e2,0%,2,0,2,0,0,2,0
0x8f36b5,98.0198%,2,99,101,99,2,0,0
0x67b59e,99.8885%,2,1792,1794,1792,2,0,0
0x9f52df,98.7421%,2,157,159,0,0,2,157
0x9b908e,77.7778%,2,7,9,0,1,1,7
0x9f6c6f,84.6154%,2,11,13,1,2,0,10
0xa470b8,90.9091%,2,20,22,0,0,2,20
0x4a71f0,99.4872%,2,388,390,0,0,2,388
0xa08ca2,75%,2,6,8,4,0,2,2
0x99efce,98.0392%,2,100,102,100,2,0,0
0xa5edc3,99.5062%,2,403,405,0,0,2,403
0x8149aa,0%,2,0,2,0,0,2,0
0x9f09ad,94.8718%,2,37,39,37,2,0,0
0x99bdb8,99.0148%,2,201,203,0,0,2,201
0x9aba78,99.2032%,2,249,251,249,2,0,0
0xa95fb4,75%,2,6,8,0,0,2,6
0x97b823,89.4737%,2,17,19,9,1,1,8
0x7d162f,96.9231%,2,63,65,0,0,2,63
0x64c682,98.3193%,2,117,119,117,2,0,0
0xa7a19e,98.8571%,2,173,175,0,0,2,173
0x48ae2c,99.9631%,2,5417,5419,5417,2,0,0
0x9a8fd4,85.7143%,2,12,14,0,0,2,12
0x4b0d42,0%,2,0,2,0,2,0,0
0x50591e,97.561%,2,80,82,80,2,0,0
0xa21bfc,0%,2,0,2,0,0,2,0
0xa059bc,93.1034%,2,27,29,27,2,0,0
0x8f2b3d,94.1176%,2,32,34,32,2,0,0
0xa92c86,75%,2,6,8,6,2,0,0
0x4a64a2,80%,2,8,10,0,2,0,8
0x60bc53,88.8889%,2,16,18,4,2,0,12
0xa64f97,75%,2,6,8,2,2,0,4
0xa0891a,60%,2,3,5,3,2,0,0
0x9c3f8d,99.5708%,2,464,466,464,2,0,0
0x4b2ccb,0%,2,0,2,0,2,0,0
0x9e55f1,93.3333%,2,28,30,28,2,0,0
0x499d88,87.5%,2,14,16,14,2,0,0
0xa0638c,33.3333%,2,1,3,0,1,1,1
0x94433d,98.1818%,2,108,110,108,2,0,0
0x8a23dd,0%,2,0,2,0,0,2,0
0xa04053,0%,2,0,2,0,0,2,0
0xb2e329,88.2353%,2,15,17,0,0,2,15
0x81fc1c,99.3808%,2,321,323,0,0,2,321
0x58c86c,99.3865%,2,324,326,324,2,0,0
0x8a8fbd,98.5714%,2,138,140,138,2,0,0
0x9751ab,60%,2,3,5,0,0,2,3
0x9a1e6e,97.5309%,2,79,81,0,0,2,79
0x9d9255,0%,2,0,2,0,2,0,0
0xa0a4f3,0%,2,0,2,0,0,2,0
0x817523,0%,2,0,2,0,0,2,0
0x5baa07,99.536%,2,429,431,397,0,2,32
0x9a80ce,99.3846%,2,323,325,0,0,2,323
0x501cb7,60%,2,3,5,3,2,0,0
0x9746ad,97.0588%,2,66,68,0,0,2,66
0xacabb9,92.8571%,2,26,28,26,2,0,0
0x441be9,81.8182%,2,9,11,9,2,0,0
0xb23063,98.7013%,2,152,154,152,2,0,0
0x66684b,99.5935%,2,490,492,490,2,0,0
0x98d037,83.3333%,2,10,12,0,0,2,10
0x63f0a2,0%,2,0,2,0,0,2,0
0x918e67,99%,2,198,200,198,2,0,0
0x77ccd2,87.5%,2,14,16,3,1,1,11
0x9785b7,96.3636%,2,53,55,0,0,2,53
0x61085c,84.6154%,2,11,13,0,0,2,11
0x9d699d,0%,2,0,2,0,2,0,0
0x4ad410,90%,2,18,20,0,0,2,18
0x5bd793,98.3193%,2,117,119,0,0,2,117
0x95979f,95.8333%,2,46,48,46,2,0,0
0x99da0b,94.5946%,2,35,37,0,1,1,35
0x90ed76,99.8923%,2,1855,1857,1855,2,0,0
0x96eba2,0%,2,0,2,0,2,0,0
0xa60be4,60%,2,3,5,3,2,0,0
0xa06184,97.5904%,2,81,83,20,1,1,61
0xa9473f,93.1034%,2,27,29,0,0,2,27
0xa5eb5d,92.3077%,2,24,26,24,2,0,0
0x6107f4,84.6154%,2,11,13,11,2,0,0
0x7b0631,33.3333%,2,1,3,0,0,2,1
0x837f19,66.6667%,2,4,6,1,1,1,3
0x8f0d19,95%,2,38,40,0,0,2,38
0x8ea7b5,50%,2,2,4,0,0,2,2
0x9a1bef,99.0148%,2,201,203,0,0,2,201
0x4ad3ef,90%,2,18,20,18,2,0,0
0x5f04ea,0%,2,0,2,0,0,2,0
0xa052c7,93.1034%,2,27,29,21,0,2,6
0x4ace89,96.7742%,2,60,62,60,2,0,0
0xa64c61,0%,2,0,2,0,0,2,0
0x99da8c,94.4444%,2,34,36,34,2,0,0
0x99d365,77.7778%,2,7,9,0,0,2,7
0x49fb23,60%,2,3,5,0,0,2,3
0x58cd4d,98.7879%,2,163,165,163,2,0,0
0x833cf0,0%,2,0,2,0,0,2,0
0x5d05e3,90%,2,18,20,18,2,0,0
0x4a04b2,87.5%,2,14,16,14,2,0,0
0x5d0574,88.8889%,2,16,18,16,2,0,0
0xb1494a,99.953%,2,4256,4258,0,0,2,4256
0xa65027,50%,2,2,4,0,0,2,2
0x5ecdae,75%,2,6,8,0,0,2,6
0x6097dc,98.0198%,2,99,101,0,0,2,99
0x99e7af,84.6154%,2,11,13,0,0,2,11
0x9fe6d6,95%,2,38,40,38,2,0,0
0x96eb83,33.3333%,2,1,3,0,1,1,1
0x4ada20,60%,2,3,5,3,2,0,0
0x99d974,98.4496%,2,127,129,0,2,0,127
0x551d3d,98.895%,2,179,181,179,2,0,0
0x6a395b,96.875%,2,62,64,62,2,0,0
0x99ce94,77.7778%,2,7,9,7,2,0,0
0xa9c96b,95.4545%,2,42,44,8,0,2,34
0x5b2fba,80%,2,8,10,8,2,0,0
0x9a45ab,99.6262%,2,533,535,0,0,2,533
0x404eff,91.6667%,2,22,24,0,0,2,22
0xa53741,75%,2,6,8,0,0,2,6
0x610860,84.6154%,2,11,13,0,0,2,11
0xa2f497,98.2301%,2,111,113,0,2,0,111
0x5d0ae7,90%,2,18,20,18,2,0,0
0x99d84d,0%,2,0,2,0,0,2,0
0x9a1fb3,99.0148%,2,201,203,201,2,0,0
0x9eee22,92.3077%,2,24,26,24,2,0,0
0x49b297,0%,2,0,2,0,0,2,0
0xaa4897,97.6744%,2,84,86,84,2,0,0
0xa64f3c,50%,2,2,4,0,0,2,2
0x96e398,0%,2,0,2,0,1,1,0
0xa066cd,95.5556%,2,43,45,0,0,2,43
0x5cd274,98.4733%,2,129,131,129,2,0,0
0x99f003,0%,2,0,2,0,0,2,0
0x9c4d50,66.6667%,2,4,6,0,1,1,4
0x97b95e,98.2456%,2,112,114,0,0,2,112
0x5beb5d,0%,2,0,2,0,2,0,0
0xa27a78,80%,2,8,10,4,0,2,4
0x7df893,97.5904%,2,81,83,1,1,1,80
0x4ca4e5,80%,2,8,10,0,0,2,8
0xb1c41a,99.2424%,2,262,264,262,2,0,0
0x4ca41b,0%,2,0,2,0,2,0,0
0x902d3d,99.7706%,2,870,872,870,2,0,0
0x4a0463,87.5%,2,14,16,14,2,0,0
0x4bba4e,96.4286%,2,54,56,0,0,2,54
0xa41226,92%,2,23,25,0,0,2,23
0x4ac631,86.6667%,2,13,15,0,0,2,13
0x805f12,95.7447%,2,45,47,0,0,2,45
0xa05562,93.1034%,2,27,29,7,1,1,20
0xa079f3,71.4286%,2,5,7,1,0,2,4
0x64c583,92%,2,23,25,23,2,0,0
0x8bb7e7,90%,2,18,20,10,0,2,8
0x511948,99.0566%,2,210,212,0,0,2,210
0x8db7a4,99.1071%,2,222,224,222,2,0,0
0x4b1627,0%,2,0,2,0,2,0,0
0x5a8705,0%,2,0,2,0,2,0,0
0xa278dd,66.6667%,2,4,6,0,0,2,4
0xa26ca4,80%,2,8,10,0,0,2,8
0xa33c75,99.6226%,2,528,530,0,0,2,528
0xa43c14,99.3528%,2,307,309,307,2,0,0
0x7f37c7,86.6667%,2,13,15,13,2,0,0
0x679104,96.7213%,2,59,61,0,0,2,59
0x9735dc,77.7778%,2,7,9,0,0,2,7
0xb1c951,99.2424%,2,262,264,0,0,2,262
0xa0631a,33.3333%,2,1,3,0,0,2,1
0x8aac89,80%,2,8,10,0,0,2,8
0x4c6e8a,97.5904%,2,81,83,0,0,2,81
0x5bc0e0,0%,2,0,2,0,2,0,0
0xace505,0%,2,0,2,0,2,0,0
0x495a03,89.4737%,2,17,19,0,1,1,17
0x8d222b,0%,2,0,2,0,0,2,0
0x4a5ad7,90.4762%,2,19,21,0,0,2,19
0x606acd,99.1111%,2,223,225,0,0,2,223
0x49d091,0%,2,0,2,0,2,0,0
0xa27590,98.1818%,2,108,110,108,2,0,0
0x8a958e,94.4444%,2,34,36,23,1,1,11
0x88e5af,94.8718%,2,37,39,0,0,2,37
0xa06f94,77.7778%,2,7,9,0,0,2,7
0x9736f3,60%,2,3,5,0,0,2,3
0x81f121,99.7677%,2,859,861,0,0,2,859
0x7f3772,86.6667%,2,13,15,0,0,2,13
0x53b3a1,0%,2,0,2,0,0,2,0
0xa2ee75,98.913%,2,182,184,0,0,2,182
0xaa1311,98.9744%,2,193,195,0,0,2,193
0x51b6d9,60%,2,3,5,0,0,2,3
0xa04f76,96.7742%,2,60,62,0,0,2,60
0x9751b8,60%,2,3,5,3,2,0,0
0x5d1e5b,98.1818%,2,108,110,108,2,0,0
0x61058d,97.8495%,2,91,93,0,0,2,91
0x9736e3,50%,2,2,4,2,2,0,0
0xad4744,98.3193%,2,117,119,0,0,2,117
0x99ed56,84.6154%,2,11,13,11,2,0,0
0x60b9f3,88.8889%,2,16,18,16,2,0,0
0x6497a0,0%,2,0,2,0,0,2,0
0x482c30,89.4737%,2,17,19,0,0,2,17
0xa0799e,71.4286%,2,5,7,5,2,0,0
0x7cf69d,75%,2,6,8,6,2,0,0
0xa5bf8e,93.75%,2,30,32,30,2,0,0
0xa543b0,89.4737%,2,17,19,0,0,2,17
0xa3bd69,75%,2,6,8,0,0,2,6
0x5fea20,96.7742%,2,60,62,0,0,2,60
0x4acb93,86.6667%,2,13,15,13,2,0,0
0x9ea96a,0%,2,0,2,0,2,0,0
0x908962,99.7919%,2,959,961,959,2,0,0
0x409c7f,99.3548%,2,308,310,308,2,0,0
0x5bc551,98.3193%,2,117,119,117,2,0,0
0x8a518a,99.6094%,2,510,512,510,0,2,0
0x8da3af,99.5859%,2,481,483,0,0,2,481
0x5fb4a3,0%,2,0,2,0,0,2,0
0x9bca24,0%,2,0,2,0,2,0,0
0xa31b90,93.5484%,2,29,31,29,2,0,0
0x4bd224,0%,2,0,2,0,0,2,0
0x49a3d6,66.6667%,2,4,6,4,2,0,0
0x6000e4,92.5926%,2,25,27,25,2,0,0
0xb49c16,60%,2,3,5,0,0,2,3
0x9e8503,90.4762%,2,19,21,19,2,0,0
0x63f0bd,0%,2,0,2,0,2,0,0
0x64c661,98.3193%,2,117,119,117,2,0,0
0x98b325,99.3976%,2,330,332,0,0,2,330
0x98b4cd,98.8764%,2,176,178,176,2,0,0
0x9e543c,94.8718%,2,37,39,37,2,0,0
0x8a759e,98.6395%,2,145,147,0,0,2,145
0x550915,90.4762%,2,19,21,0,0,2,19
0x803847,0%,2,0,2,0,2,0,0
0x49b037,0%,2,0,2,0,0,2,0
0x81cfde,98.9011%,2,180,182,0,0,2,180
0x973ec3,94.4444%,2,34,36,10,2,0,24
0x973ed3,91.6667%,2,22,24,10,2,0,12
0x973a94,94.7368%,2,36,38,0,0,2,36
0xa45f4b,98.6577%,2,147,149,0,0,2,147
0x9a249f,95%,2,38,40,0,0,2,38
0xa0881b,75%,2,6,8,4,0,2,2
0xb1c233,99.687%,2,637,639,0,0,2,637
0x99cfa1,77.7778%,2,7,9,0,0,2,7
0x973ea1,83.3333%,2,10,12,10,2,0,0
0x8a237b,83.3333%,2,10,12,0,0,2,10
0x900262,83.3333%,2,10,12,10,2,0,0
0x5f2c79,0%,2,0,2,0,2,0,0
0x90caf3,99.1597%,2,236,238,119,0,2,117
0x9a7970,85.7143%,2,12,14,12,2,0,0
0x5f2bdd,0%,2,0,2,0,0,2,0
0xa087bc,75%,2,6,8,0,0,2,6
0x42acce,0%,2,0,2,0,0,2,0
0x9bc96e,0%,2,0,2,0,2,0,0
0x534119,98.0198%,2,99,101,99,2,0,0
0x441d42,81.8182%,2,9,11,9,2,0,0
0xae3f77,0%,2,0,2,0,0,2,0
0x48c507,97.9167%,2,94,96,0,0,2,94
0x99be04,84.6154%,2,11,13,11,2,0,0
0x9a60d5,98.1132%,2,104,106,0,0,2,104
0xa08be1,50%,2,2,4,2,2,0,0
0x492d2d,97.2222%,2,70,72,0,0,2,70
0x8c7476,99.7886%,2,944,946,1,2,0,943
0x7c5d71,85.7143%,2,12,14,0,0,2,12
0xa06080,50%,2,2,4,2,2,0,0
0xa075c8,71.4286%,2,5,7,0,1,1,5
0x9752c1,66.6667%,2,4,6,3,0,2,1
0xa3cbd2,75%,2,6,8,0,0,2,6
0x40dfeb,98.5185%,2,133,135,0,0,2,133
0x5f2896,60%,2,3,5,3,2,0,0
0x4ad9bb,60%,2,3,5,2,0,2,1
0xa04fb3,60%,2,3,5,3,2,0,0
0x4879c7,50%,2,2,4,0,0,2,2
0x5f5b23,0%,2,0,2,0,0,2,0
0x99b914,92.3077%,2,24,26,0,0,2,24
0x6660a0,80%,2,8,10,2,0,2,6
0x9a247e,95%,2,38,40,38,2,0,0
0xa278fb,66.6667%,2,4,6,0,0,2,4
0xa0642a,0%,2,0,2,0,2,0,0
0xa3386d,98.2759%,2,114,116,0,0,2,114
0x975104,75%,2,6,8,1,1,1,5
0xa42927,99.7961%,2,979,981,0,0,2,979
0x5bc3ca,91.3043%,2,21,23,0,0,2,21
0x64c08d,77.7778%,2,7,9,7,2,0,0
0x50fe90,0%,2,0,2,0,0,2,0
0x8168dd,91.3043%,2,21,23,21,2,0,0
0x9f0bec,97.8947%,2,93,95,0,0,2,93
0x502e3c,84.6154%,2,11,13,11,2,0,0
0x4a7727,50%,2,2,4,0,2,0,2
0xa2fbe5,99.7054%,2,677,679,0,0,2,677
0x5c77e9,97.5%,2,78,80,0,0,2,78
0x97bc10,0%,2,0,2,0,2,0,0
0x660f8a,0%,2,0,2,0,2,0,0
0x8e7ea4,97.4684%,2,77,79,0,0,2,77
0xa974b7,88.8889%,2,16,18,14,1,1,2
0xa359d2,98.8571%,2,173,175,0,0,2,173
0x666959,99.6575%,2,582,584,0,0,2,582
0x98b540,98.8764%,2,176,178,176,2,0,0
0xa3bb1c,88.8889%,2,16,18,0,0,2,16
0xa3bc6b,88.8889%,2,16,18,16,2,0,0
0xa3bcb0,87.5%,2,14,16,0,0,2,14
0x5d7cf9,97.6744%,2,84,86,84,2,0,0
0x8fe185,97.6744%,2,84,86,84,2,0,0
0x5ee163,99.1736%,2,240,242,0,0,2,240
0xa3bcbf,87.5%,2,14,16,14,2,0,0
0x61284e,97.1429%,2,68,70,68,2,0,0
0x4bd1bd,0%,2,0,2,0,2,0,0
0xaab116,87.5%,2,14,16,0,0,2,14
0x5e3596,99.8675%,2,1507,1509,1507,2,0,0
0x555747,50%,2,2,4,2,2,0,0
0x4bb9b7,99.0196%,2,202,204,202,2,0,0
0xa58d5c,98.6301%,2,144,146,0,0,2,144
0x619eba,60%,2,3,5,0,0,2,3
0x8dce5d,0%,2,0,2,0,2,0,0
0x96a135,0%,2,0,2,0,2,0,0
0xa41bb2,99.7358%,2,755,757,755,2,0,0
0x5d8737,93.3333%,2,28,30,28,2,0,0
0x9a3ebb,92.8571%,2,26,28,0,0,2,26
0x7d2feb,96.9231%,2,63,65,1,1,1,62
0x9a3eda,92.8571%,2,26,28,0,0,2,26
0xa8a77e,97.5904%,2,81,83,0,0,2,81
0xa44298,95.9184%,2,47,49,47,2,0,0
0x9a0b0b,92.8571%,2,26,28,0,0,2,26
0x60a873,99.4937%,2,393,395,0,0,2,393
0x6f07e0,87.5%,2,14,16,14,2,0,0
0x5ee22b,93.3333%,2,28,30,28,2,0,0
0x491c79,0%,2,0,2,0,1,1,0
0xa34a65,95.122%,2,39,41,0,0,2,39
0xa548ba,99.5381%,2,431,433,0,0,2,431
0x4c5309,99.3197%,2,292,294,0,0,2,292
0xa32a59,99.8419%,2,1263,1265,0,0,2,1263
0xa46ff4,98.9637%,2,191,193,191,2,0,0
0xa5bb05,96.9231%,2,63,65,0,0,2,63
0x9746d8,89.4737%,2,17,19,0,0,2,17
0x491448,98.7342%,2,156,158,0,0,2,156
0xa3ffb8,91.6667%,2,22,24,22,2,0,0
0xa3fe98,88.8889%,2,16,18,16,2,0,0
0xa4d68f,94.7368%,2,36,38,36,2,0,0
0x96926e,98.995%,2,197,199,0,0,2,197
0x9c51ca,87.5%,2,14,16,6,2,0,8
0xa3fd93,66.6667%,2,4,6,4,2,0,0
0x5edc44,99.802%,2,1008,1010,1008,2,0,0
0x811f81,90.9091%,2,20,22,20,2,0,0
0x94eb34,96.6667%,2,58,60,0,0,2,58
0x9f1dcc,97.4359%,2,76,78,76,2,0,0
0x9a3ee6,92.8571%,2,26,28,0,0,2,26
0xa3e2c8,87.5%,2,14,16,14,2,0,0
0x4b8a62,87.5%,2,14,16,0,0,2,14
0x9a39ea,90.4762%,2,19,21,15,1,1,4
0x49cd3e,60%,2,3,5,3,2,0,0
0xa34ceb,97.3333%,2,73,75,73,2,0,0
0xa64c01,66.6667%,2,4,6,0,0,2,4
0xa3d0a5,75%,2,6,8,0,0,2,6
0x40e673,94.8718%,2,37,39,37,2,0,0
0x80c4e2,60%,2,3,5,3,2,0,0
0x837f0e,66.6667%,2,4,6,0,0,2,4
0xa3d10d,75%,2,6,8,6,2,0,0
0x8dc420,50%,2,2,4,2,2,0,0
0x9f2640,94.8718%,2,37,39,0,0,2,37
0xa9369a,99.4638%,2,371,373,371,2,0,0
0x974702,0%,2,0,2,0,2,0,0
0x60a850,99.5951%,2,492,494,0,0,2,492
0xa3d1b2,75%,2,6,8,0,0,2,6
0x60a7fd,99.5951%,2,492,494,0,0,2,492
0xa3fe06,92.8571%,2,26,28,26,2,0,0
0x9f9620,91.6667%,2,22,24,22,2,0,0
0x4b968b,0%,2,0,2,0,0,2,0
0xa53666,75%,2,6,8,0,2,0,6
0x9a1e7a,97.5309%,2,79,81,0,0,2,79
0x441ac3,81.8182%,2,9,11,9,2,0,0
0x5cf487,66.6667%,2,4,6,4,2,0,0
0xaa1316,98.9744%,2,193,195,193,2,0,0
0x9e247e,99.6678%,2,600,602,600,2,0,0
0x9ef42c,96.6667%,2,58,60,0,0,2,58
0x4c628d,90%,2,18,20,10,2,0,8
0x78f5fc,90.4762%,2,19,21,4,2,0,15
0x4a7c7e,96.5517%,2,56,58,0,0,2,56
0x8dba3a,99.1667%,2,238,240,222,2,0,16
0x9bc5f2,0%,2,0,2,0,2,0,0
0x9f9630,97.0588%,2,66,68,0,0,2,66
0x9f939d,94.1176%,2,32,34,32,2,0,0
0xa30eda,98.9744%,2,193,195,193,2,0,0
0x5ec56f,95%,2,38,40,0,0,2,38
0xa4301c,50%,2,2,4,0,0,2,2
0xa42ffb,50%,2,2,4,2,2,0,0
0x9e0feb,97.5%,2,78,80,78,2,0,0
0x83392d,99.0868%,2,217,219,0,0,2,217
0xa088f3,80%,2,8,10,4,1,1,4
0xa42fba,50%,2,2,4,2,2,0,0
0xa42f04,50%,2,2,4,2,2,0,0
0x9e218d,71.4286%,2,5,7,5,2,0,0
0x9a1374,93.3333%,2,28,30,28,2,0,0
0x95109a,0%,2,0,2,0,1,1,0
0x8f35d4,92.3077%,2,24,26,0,0,2,24
0x90435e,99.5984%,2,496,498,0,0,2,496
0x9e103f,92.5926%,2,25,27,0,0,2,25
0x5ec5ad,95%,2,38,40,30,2,0,8
0xa3bd5f,75%,2,6,8,0,0,2,6
0x90d2fa,98.3871%,2,122,124,0,0,2,122
0x5d1b32,98.1818%,2,108,110,108,2,0,0
0x97b959,98.2456%,2,112,114,0,0,2,112
0xa57101,83.3333%,2,10,12,1,0,2,9
0x7858f5,71.4286%,2,5,7,5,2,0,0
0xa57027,96.1538%,2,50,52,50,2,0,0
0x9592a8,98.4375%,2,126,128,126,2,0,0
0x5d1a4b,98.1818%,2,108,110,46,2,0,62
0xaa0389,98.3471%,2,119,121,0,0,2,119
0x99ef66,0%,2,0,2,0,0,2,0
0x49edea,95.2381%,2,40,42,0,0,2,40
0x9a12b5,98.6842%,2,150,152,0,0,2,150
0x487821,0%,2,0,2,0,1,1,0
0x67a98b,99.9275%,2,2755,2757,2755,2,0,0
0x675127,33.3333%,2,1,3,0,2,0,1
0x95970e,98.4375%,2,126,128,126,2,0,0
0x63872d,93.1034%,2,27,29,2,1,1,25
0xa3b27c,98.8506%,2,172,174,172,2,0,0
0x81747a,0%,2,0,2,0,2,0,0
0x642e46,94.2857%,2,33,35,0,0,2,33
0x9bc5d1,0%,2,0,2,0,0,2,0
0x9a134d,93.3333%,2,28,30,28,2,0,0
0x66f448,66.6667%,2,4,6,4,2,0,0
0x8de7ae,98.6301%,2,144,146,144,2,0,0
0x618bac,97.1429%,2,68,70,0,0,2,68
0xa3b1ab,98.6111%,2,142,144,0,0,2,142
0x80472c,98.2759%,2,114,116,7,2,0,107
0x609bb3,99.2063%,2,250,252,0,0,2,250
0xa30214,98.9744%,2,193,195,0,0,2,193
0x4828ba,77.7778%,2,7,9,0,0,2,7
0x9f405f,93.9394%,2,31,33,28,2,0,3
0x9bc5c8,0%,2,0,2,0,0,2,0
0xa5b273,33.3333%,2,1,3,1,2,0,0
0xa3ac01,85.7143%,2,12,14,12,2,0,0
0x7e81c9,0%,2,0,2,0,2,0,0
0x9912ea,98.1481%,2,106,108,0,0,2,106
0x490063,80%,2,8,10,8,2,0,0
0x99b802,98.9474%,2,188,190,188,2,0,0
0x9746a1,97.0588%,2,66,68,0,0,2,66
0x5bee3a,99.8573%,2,1400,1402,1400,0,2,0
0x9746e5,89.4737%,2,17,19,0,2,0,17
0x8a6250,99.0148%,2,201,203,0,0,2,201
0xa2fc5a,99.7054%,2,677,679,0,0,2,677
0x9eed7a,66.6667%,2,4,6,0,0,2,4
0x9e4f1d,90%,2,18,20,0,0,2,18
0x974773,50%,2,2,4,0,0,2,2
0xa63af4,50%,2,2,4,2,2,0,0
0x81b797,89.4737%,2,17,19,0,0,2,17
0x66f60c,98.4962%,2,131,133,65,1,1,66
0xaa80c2,99.6219%,2,527,529,0,0,2,527
0xa22d87,96.9231%,2,63,65,1,2,0,62
0xa07052,77.7778%,2,7,9,1,1,1,6
0x597f27,86.6667%,2,13,15,13,2,0,0
0x99a9da,98.0392%,2,100,102,100,2,0,0
0x81f7c2,95.7447%,2,45,47,0,0,2,45
0x49d118,0%,2,0,2,0,2,0,0
0x5f202e,93.9394%,2,31,33,31,2,0,0
0x54445b,98.4848%,2,130,132,130,2,0,0
0xa41fc1,99.308%,2,287,289,0,0,2,287
0x5fbc23,0%,2,0,2,0,2,0,0
0xa49ffa,66.6667%,2,4,6,0,0,2,4
0x5f2e76,0%,2,0,2,0,2,0,0
0x67546b,0%,2,0,2,0,0,2,0
0x9f09e9,98.5714%,2,138,140,0,0,2,138
0xa3898f,84.6154%,2,11,13,1,2,0,10
0x8a5eab,98.5612%,2,137,139,0,0,2,137
0x972be9,83.3333%,2,10,12,10,2,0,0
0xa3591d,99.8002%,2,999,1001,0,0,2,999
0x974797,98.2609%,2,113,115,113,0,2,0
0x5d8b5e,80%,2,8,10,8,2,0,0
0xa2de5e,94.2857%,2,33,35,0,0,2,33
0xa2e896,96.2264%,2,51,53,0,0,2,51
0xa25e04,97.4359%,2,76,78,76,2,0,0
0x99e7d7,84.6154%,2,11,13,11,2,0,0
0xa2fe26,98.2906%,2,115,117,115,2,0,0
0x951c9f,99.686%,2,635,637,0,0,2,635
0xa5a0d9,50%,2,2,4,2,2,0,0
0xa33249,99.9242%,2,2638,2640,0,0,2,2638
0xad7b0e,99.7354%,2,754,756,0,0,2,754
0x78a617,87.5%,2,14,16,14,2,0,0
0x978139,98.4962%,2,131,133,0,0,2,131
0x99e857,86.6667%,2,13,15,0,0,2,13
0x99e8a6,98.0952%,2,103,105,0,0,2,103
0xa3a1a0,99.6992%,2,663,665,663,2,0,0
0x98d0c3,71.4286%,2,5,7,0,0,2,5
0xa32da1,99.187%,2,244,246,244,2,0,0
0xa4cd43,50%,2,2,4,0,0,2,2
0x9fc4a5,99.0698%,2,213,215,213,2,0,0
0xa3491d,99.5595%,2,452,454,452,2,0,0
0x5eb904,99.7658%,2,852,854,0,0,2,852
0x99e0ca,86.6667%,2,13,15,13,2,0,0
0xaa8003,99.6219%,2,527,529,0,0,2,527
0x8ad5cf,98.5507%,2,136,138,136,2,0,0
0x9ef4d4,77.7778%,2,7,9,7,2,0,0
0x9eb401,96.8254%,2,61,63,0,0,2,61
0x492c19,0%,2,0,2,0,0,2,0
0x64be5e,98.3193%,2,117,119,0,0,2,117
0xa33f40,98.1651%,2,107,109,0,0,2,107
0x99e201,86.6667%,2,13,15,0,2,0,13
0x5bcf51,50%,2,2,4,0,2,0,2
0xa33879,98.2759%,2,114,116,114,2,0,0
0x9494f8,99.8574%,2,1401,1403,0,0,2,1401
0x908cb2,99.639%,2,552,554,552,2,0,0
0x99e245,84.6154%,2,11,13,11,2,0,0
0xa3ef38,75%,2,6,8,6,2,0,0
0xa2cb19,0%,2,0,2,0,2,0,0
0x51b3f3,99.7426%,2,775,777,0,0,2,775
0x54f337,99.803%,2,1013,1015,0,0,2,1013
0xa4dfe7,50%,2,2,4,0,2,0,2
0x8338ba,0%,2,0,2,0,0,2,0
0x9735a5,60%,2,3,5,0,0,2,3
0x4c63d7,95.4545%,2,42,44,0,0,2,42
0xa3b162,50%,2,2,4,2,2,0,0
0xa3ef0b,75%,2,6,8,6,2,0,0
0x8f685e,98.1651%,2,107,109,0,0,2,107
0x976efb,33.3333%,2,1,3,0,0,2,1
0x99bb1e,98.9474%,2,188,190,0,0,2,188
0x60a9b8,99.6%,2,498,500,498,2,0,0
0x492ae2,0%,2,0,2,0,0,2,0
0xaa3073,98.0392%,2,100,102,100,2,0,0
0xad4566,60%,2,3,5,0,0,2,3
0x59f0d1,50%,2,2,4,2,2,0,0
0xa3e2f1,75%,2,6,8,0,0,2,6
0xa54eaf,96.7213%,2,59,61,59,2,0,0
0xa42867,99.1111%,2,223,225,0,0,2,223
0x80707b,99.4898%,2,390,392,390,2,0,0
0x5d22cc,99.7919%,2,959,961,959,2,0,0
0x8e2718,99.8509%,2,1339,1341,0,0,2,1339
0xa3e306,75%,2,6,8,0,0,2,6
0x64a4d4,98.1132%,2,104,106,0,0,2,104
0x99a8d2,98.0392%,2,100,102,0,0,2,100
0x441b96,81.8182%,2,9,11,9,2,0,0
0x5eef82,88.8889%,2,16,18,0,0,2,16
0x508a77,81.8182%,2,9,11,9,2,0,0
0xaa2f62,98.0392%,2,100,102,100,2,0,0
0xa3bdf6,75%,2,6,8,6,2,0,0
0xacdcba,0%,2,0,2,0,0,2,0
0xa4121d,92%,2,23,25,0,0,2,23
0x99f1fa,90%,2,18,20,0,0,2,18
0x4b510c,75%,2,6,8,6,2,0,0
0x59edc6,75%,2,6,8,3,1,1,3
0x5f5d3f,50%,2,2,4,0,0,2,2
0x5bef25,0%,2,0,2,0,0,2,0
0x5d7f70,99.8388%,2,1239,1241,1239,2,0,0
0x9e1a52,85.7143%,2,12,14,0,0,2,12
0x509180,98.5294%,2,134,136,134,2,0,0
0x5df21c,98.1982%,2,109,111,0,0,2,109
0x40d91c,99.9163%,2,2388,2390,2388,2,0,0
0x5f7f32,71.4286%,2,5,7,0,0,2,5
0xa2f8fb,97.5904%,2,81,83,0,0,2,81
0x99ac32,99.2157%,2,253,255,0,0,2,253
0x4a8723,0%,2,0,2,0,2,0,0
0x8aae3f,60%,2,3,5,3,2,0,0
0x5d8007,99.8388%,2,1239,1241,0,0,2,1239
0xa5bb56,93.75%,2,30,32,30,2,0,0
0xa3e2b6,91.6667%,2,22,24,6,2,0,16
0x99a8e1,98.0392%,2,100,102,0,0,2,100
0x9f47dd,75%,2,6,8,0,0,2,6
0xa9326d,99.1111%,2,223,225,223,2,0,0
0x60c629,50%,2,2,4,0,0,2,2
0x60c631,50%,2,2,4,2,2,0,0
0x667556,0%,2,0,2,0,0,2,0
0xaada54,99.3056%,2,286,288,32,1,1,254
0x608d0e,98.7654%,2,160,162,160,2,0,0
0xa43037,50%,2,2,4,2,2,0,0
0x5ffab0,99.2481%,2,264,266,264,2,0,0
0xa05dbf,96.8254%,2,61,63,61,1,1,0
0xacda63,0%,2,0,2,0,2,0,0
0xa39cf7,99.734%,2,750,752,750,2,0,0
0xaadbfa,99.3846%,2,323,325,323,2,0,0
0x49dd74,92.8571%,2,26,28,0,0,2,26
0x806365,66.6667%,2,4,6,0,0,2,4
0x61a2ba,80%,2,8,10,5,0,2,3
0xa31057,60%,2,3,5,3,0,2,0
0xa582bf,91.3043%,2,21,23,21,2,0,0
0x9a6a31,85.7143%,2,12,14,12,2,0,0
0x813910,93.5484%,2,29,31,29,2,0,0
0x9a6351,85.7143%,2,12,14,0,0,2,12
0x9f442e,98.8095%,2,166,168,0,0,2,166
0x60c5c8,60%,2,3,5,0,0,2,3
0x4bb80f,88.8889%,2,16,18,0,0,2,16
0x60961a,97.5904%,2,81,83,81,2,0,0
0x60c583,80%,2,8,10,4,1,1,4
0xa50b37,89.4737%,2,17,19,0,0,2,17
0x9786d3,80%,2,8,10,8,2,0,0
0x60c575,80%,2,8,10,0,0,2,8
0x4b83ea,87.5%,2,14,16,14,2,0,0
0x5062d0,99.6909%,2,645,647,0,0,2,645
0x4bcdc2,80%,2,8,10,8,2,0,0
0xa51ceb,83.3333%,2,10,12,0,0,2,10
0x9e892a,98.6301%,2,144,146,0,1,1,144
0xa3276a,97.4359%,2,76,78,76,2,0,0
0x548c43,99.9052%,2,2107,2109,0,0,2,2107
0x4bdbc3,90%,2,18,20,18,2,0,0
0xa35526,86.6667%,2,13,15,2,1,1,11
0xa00226,77.7778%,2,7,9,7,2,0,0
0xa32697,0%,2,0,2,0,0,2,0
0xa22e0d,89.4737%,2,17,19,17,2,0,0
0x5bb6ba,91.3043%,2,21,23,21,2,0,0
0x619b14,60%,2,3,5,3,2,0,0
0x97b8df,95.122%,2,39,41,39,2,0,0
0x540d4b,99.4286%,2,348,350,0,0,2,348
0x40a44a,0%,2,0,2,0,0,2,0
0x8e9949,75%,2,6,8,0,2,0,6
0x8d3fc6,84.6154%,2,11,13,0,0,2,11
0xa25b0d,99.8026%,2,1011,1013,1011,2,0,0
0x53ded4,99.5086%,2,405,407,405,2,0,0
0xa278ea,66.6667%,2,4,6,0,0,2,4
0xa34871,99.6205%,2,525,527,0,0,2,525
0x8c8b65,97.5%,2,78,80,78,2,0,0
0x671c5b,0%,2,0,2,0,0,2,0
0x619d7c,80%,2,8,10,5,0,2,3
0x790fd3,94.2857%,2,33,35,0,0,2,33
0xaa8125,60%,2,3,5,3,2,0,0
0x819427,99.7423%,2,774,776,774,2,0,0
0x9f5c64,92.8571%,2,26,28,0,0,2,26
0x64b638,99.7449%,2,782,784,782,2,0,0
0xaa7c6f,80%,2,8,10,8,2,0,0
0x9e792d,98.3607%,2,120,122,120,2,0,0
0x8e251f,98.1818%,2,108,110,0,2,0,108
0x99c861,97.9592%,2,96,98,0,0,2,96
0x9e588d,93.3333%,2,28,30,28,2,0,0
0x9e58cc,93.3333%,2,28,30,28,2,0,0
0x6198a4,97.3333%,2,73,75,73,2,0,0
0x9e89ba,98.6207%,2,143,145,143,2,0,0
0x5b2aa4,95.5556%,2,43,45,43,2,0,0
0x409ffa,87.5%,2,14,16,14,1,1,0
0x643a97,99.7372%,2,759,761,0,0,2,759
0x88df7d,66.6667%,2,4,6,0,0,2,4
0xa58f3a,98.3193%,2,117,119,117,2,0,0
0x9a12fd,97.9381%,2,95,97,95,2,0,0
0x8f1fa6,98.2301%,2,111,113,111,2,0,0
0xa087d5,75%,2,6,8,3,1,1,3
0x557abe,96.9231%,2,63,65,59,1,1,4
0x9e8af2,98.6207%,2,143,145,0,0,2,143
0xaa7d2b,80%,2,8,10,8,2,0,0
0x9f5c08,83.3333%,2,10,12,10,2,0,0
0x8f1da6,95.8333%,2,46,48,38,2,0,8
0x813762,96.7213%,2,59,61,59,0,2,0
0xa8e6cc,0%,2,0,2,0,2,0,0
0x5ebee5,85.7143%,2,12,14,0,0,2,12
0xa36c77,0%,2,0,2,0,0,2,0
0x9a18d3,90.4762%,2,19,21,0,0,2,19
0x9a61a4,83.3333%,2,10,12,0,0,2,10
0x8fe44d,99.882%,2,1693,1695,0,0,2,1693
0xaa3508,99.7835%,2,922,924,922,2,0,0
0xa0975b,66.6667%,2,4,6,2,0,2,2
0xa26bfc,80%,2,8,10,8,2,0,0
0xa3444a,95.9184%,2,47,49,0,0,2,47
0x70e8a9,66.6667%,2,4,6,0,0,2,4
0x9a48cd,93.75%,2,30,32,0,0,2,30
0x90b1d4,97.1429%,2,68,70,68,2,0,0
0x5547fb,98%,2,98,100,0,0,2,98
0xa15d07,75%,2,6,8,0,0,2,6
0x4ab52a,94.1176%,2,32,34,27,1,1,5
0x9a9f6e,98.1982%,2,109,111,0,0,2,109
0x8139df,84.6154%,2,11,13,11,2,0,0
0x60c5dd,60%,2,3,5,3,2,0,0
0x61076a,88.2353%,2,15,17,3,1,1,12
0xaab62f,99.7326%,2,746,748,746,2,0,0
0x60857c,80%,2,8,10,8,2,0,0
0x7b88e7,87.5%,2,14,16,13,1,1,1
0x9c37b4,90%,2,18,20,18,2,0,0
0x65a02c,98.6842%,2,150,152,150,2,0,0
0xa15e76,75%,2,6,8,6,2,0,0
0x69ddca,83.3333%,2,10,12,10,2,0,0
0x94caa4,96.875%,2,62,64,62,2,0,0
0x9a7a57,98.4733%,2,129,131,0,0,2,129
0x60704b,90%,2,18,20,0,0,2,18
0x63ad38,99.4792%,2,382,384,382,2,0,0
0x64a88a,93.75%,2,30,32,30,2,0,0
0x499a92,98.5714%,2,138,140,138,2,0,0
0x972599,99.095%,2,219,221,0,0,2,219
0x915c76,0%,2,0,2,0,2,0,0
0x9a7dda,95.3488%,2,41,43,0,0,2,41
0xa32939,90%,2,18,20,0,1,1,18
0xa4a1d0,96.8254%,2,61,63,0,0,2,61
0x99d6b5,77.7778%,2,7,9,7,2,0,0
0x50c401,99.2337%,2,259,261,259,2,0,0
0x8bb926,94.5946%,2,35,37,8,2,0,27
0x9f622d,95.4545%,2,42,44,0,0,2,42
0xa9e9e9,99.115%,2,224,226,0,0,2,224
0x59c61a,77.7778%,2,7,9,2,1,1,5
0x8139ae,93.5484%,2,29,31,29,2,0,0
0x4c72d3,88.8889%,2,16,18,16,2,0,0
0x609739,98.7654%,2,160,162,0,0,2,160
0x9e5087,98.8166%,2,167,169,167,2,0,0
0x9a7b9b,99.3174%,2,291,293,0,0,2,291
0x806991,91.6667%,2,22,24,10,2,0,12
0x4913e3,0%,2,0,2,0,2,0,0
0x609b8a,99.1837%,2,243,245,0,0,2,243
0x489cfa,99.9502%,2,4013,4015,4013,2,0,0
0xa4a322,88.8889%,2,16,18,16,2,0,0
0x9772b3,75%,2,6,8,0,2,0,6
0x481db9,89.4737%,2,17,19,17,2,0,0
0x9a1665,90.4762%,2,19,21,0,1,1,19
0x8aa9e2,96.8254%,2,61,63,0,0,2,61
0xa263f9,98.1481%,2,106,108,106,2,0,0
0x543f9d,99.8547%,2,1374,1376,1374,2,0,0
0xa263cc,98.1481%,2,106,108,106,2,0,0
0xa4a35d,88.8889%,2,16,18,0,0,2,16
0x9f3de5,84.6154%,2,11,13,1,2,0,10
0xa263a4,98.1481%,2,106,108,106,2,0,0
0xa06294,0%,2,0,2,0,0,2,0
0x809e88,99.6435%,2,559,561,559,0,2,0
0x661683,99.8419%,2,1263,1265,0,0,2,1263
0xa2639b,98.1481%,2,106,108,0,0,2,106
0xa30233,98.9744%,2,193,195,0,0,2,193
0x9e5e2f,88.2353%,2,15,17,15,2,0,0
0xa4cd12,50%,2,2,4,0,0,2,2
0x99c8b0,99.596%,2,493,495,0,0,2,493
0x97772f,99.7732%,2,880,882,0,0,2,880
0x9e2f4d,99.2395%,2,261,263,261,2,0,0
0x491c2b,97.4359%,2,76,78,76,0,2,0
0xa324f4,50%,2,2,4,0,2,0,2
0x5dced7,98.4962%,2,131,133,131,2,0,0
0x627a50,99.2157%,2,253,255,253,2,0,0
0xa363ce,99.3266%,2,295,297,0,0,2,295
0x78d870,99.6769%,2,617,619,0,0,2,617
0x8a67e5,77.7778%,2,7,9,7,2,0,0
0xa265ba,99.8026%,2,1011,1013,1011,2,0,0
0x9f831f,81.8182%,2,9,11,0,0,2,9
0x9f8551,77.7778%,2,7,9,7,2,0,0
0x6109f5,84.6154%,2,11,13,0,0,2,11
0x9d1c67,33.3333%,2,1,3,0,1,1,1
0x9a1c23,99.0148%,2,201,203,28,2,0,173
0x97753b,98.9691%,2,192,194,192,2,0,0
0x610ca2,93.3333%,2,28,30,28,2,0,0
0xa36a19,33.3333%,2,1,3,0,0,2,1
0x96b1a7,99.7795%,2,905,907,0,0,2,905
0x9f23c7,97.5309%,2,79,81,79,0,2,0
0x8dc38e,50%,2,2,4,0,0,2,2
0x9f7b42,50%,2,2,4,0,0,2,2
0x8bd864,89.4737%,2,17,19,15,1,1,2
0x9aa560,86.6667%,2,13,15,13,2,0,0
0xa98132,96.3636%,2,53,55,0,0,2,53
0x5e0339,98.6207%,2,143,145,0,0,2,143
0x9f7d70,77.7778%,2,7,9,0,0,2,7
0x5474e1,0%,2,0,2,0,0,2,0
0x5f4a00,0%,2,0,2,0,2,0,0
0x5d27c3,98.4962%,2,131,133,131,2,0,0
0x804c08,80%,2,8,10,0,1,1,8
0x981533,93.1034%,2,27,29,27,2,0,0
0x8daa74,99.5%,2,398,400,0,0,2,398
0x9bc764,90.4762%,2,19,21,19,2,0,0
0x8aa862,99.7279%,2,733,735,0,0,2,733
0x94c9bb,96.875%,2,62,64,62,2,0,0
0x78abb3,71.4286%,2,5,7,0,0,2,5
0x9a14ab,97.1014%,2,67,69,0,0,2,67
0x9e72d9,85.7143%,2,12,14,0,0,2,12
0x9bc88b,0%,2,0,2,0,2,0,0
0x590b6a,81.8182%,2,9,11,9,2,0,0
0x9fc972,88.8889%,2,16,18,16,2,0,0
0x99debc,86.6667%,2,13,15,13,2,0,0
0xa2db82,85.7143%,2,12,14,0,0,2,12
0x5d8fda,80%,2,8,10,8,2,0,0
0x48fa12,80%,2,8,10,0,0,2,8
0xa43094,50%,2,2,4,0,0,2,2
0x5d11f1,98.6207%,2,143,145,143,2,0,0
0x9a1499,97.1014%,2,67,69,0,0,2,67
0x403883,99.4872%,2,388,390,388,2,0,0
0xa35eec,99.6569%,2,581,583,0,0,2,581
0x9a1bd8,99.0148%,2,201,203,0,0,2,201
0xa3618d,98.5915%,2,140,142,0,0,2,140
0x9f63d6,33.3333%,2,1,3,0,0,2,1
0x9f877a,33.3333%,2,1,3,1,2,0,0
0x8e4bbf,99.9427%,2,3487,3489,0,0,2,3487
0x9f8174,33.3333%,2,1,3,1,2,0,0
0x9ff67c,60%,2,3,5,0,0,2,3
0x9f791e,99.6875%,2,638,640,638,2,0,0
0x5d0a63,98.4962%,2,131,133,131,2,0,0
0x403fd9,80%,2,8,10,0,0,2,8
0x59f1b3,0%,2,0,2,0,0,2,0
0x63b4fb,99.7531%,2,808,810,808,2,0,0
0x493e17,91.6667%,2,22,24,21,1,1,1
0x9bc89c,0%,2,0,2,0,2,0,0
0x8f35fc,99.4709%,2,376,378,0,0,2,376
0x8f5b03,77.7778%,2,7,9,7,2,0,0
0x622a20,80%,2,8,10,8,2,0,0
0xa58bbe,84.6154%,2,11,13,11,2,0,0
0x99b164,95%,2,38,40,38,2,0,0
0x94a9a8,97.5%,2,78,80,78,2,0,0
0xa94b22,50%,2,2,4,0,0,2,2
0x4052a2,99.7717%,2,874,876,0,0,2,874
0xa27689,99.8426%,2,1269,1271,1269,2,0,0
0x99b04f,80%,2,8,10,8,2,0,0
0x9731d4,95.2381%,2,40,42,0,0,2,40
0x973208,95%,2,38,40,0,0,2,38
0x8ea404,50%,2,2,4,2,2,0,0
0x8fe36e,86.6667%,2,13,15,0,0,2,13
0xa34ec7,98.2906%,2,115,117,0,0,2,115
0x804fcb,96.8254%,2,61,63,0,2,0,61
0x90e3a5,97.0149%,2,65,67,65,2,0,0
0x491963,97.2222%,2,70,72,0,0,2,70
0x80a546,99.2908%,2,280,282,0,0,2,280
0x9f4d5a,77.7778%,2,7,9,0,0,2,7
0x5d87dd,93.3333%,2,28,30,0,0,2,28
0x49494b,98.374%,2,121,123,121,2,0,0
0x9f5cfa,71.4286%,2,5,7,0,1,1,5
0x5be0b4,97.4359%,2,76,78,0,0,2,76
0x60c4d0,99.8854%,2,1743,1745,0,0,2,1743
0x973475,95%,2,38,40,31,2,0,7
0x973360,95.2381%,2,40,42,0,0,2,40
0x9732db,95.2381%,2,40,42,0,0,2,40
0x63dc50,99.7919%,2,959,961,959,2,0,0
0x9f5155,81.8182%,2,9,11,0,2,0,9
0xa36192,98.5915%,2,140,142,0,0,2,140
0x9f36e6,50%,2,2,4,0,0,2,2
0x98b586,88.2353%,2,15,17,15,2,0,0
0x8fe471,66.6667%,2,4,6,4,2,0,0
0x973230,95%,2,38,40,38,2,0,0
0x8bbba6,94.5946%,2,35,37,1,1,1,34
0xb4a1c1,99.7238%,2,722,724,0,0,2,722
0x5d46f1,50%,2,2,4,2,2,0,0
0x99e8d2,98.0952%,2,103,105,0,0,2,103
0x6228cc,80%,2,8,10,0,0,2,8
0x65bbb0,99.604%,2,503,505,0,0,2,503
0x9a32f3,98.6301%,2,144,146,0,0,2,144
0x9784a9,99.5643%,2,457,459,0,0,2,457
0x9784a0,99.5643%,2,457,459,0,0,2,457
0x9e0328,90.9091%,2,20,22,0,0,2,20
0x8dff02,80%,2,8,10,8,2,0,0
0xaa2ff1,98.0392%,2,100,102,100,2,0,0
0x6750a7,33.3333%,2,1,3,0,0,2,1
0x9c3b96,77.7778%,2,7,9,0,0,2,7
0x9aadc8,97.4684%,2,77,79,0,0,2,77
0x5c4558,99.7717%,2,874,876,874,2,0,0
0x5d02fc,98.4962%,2,131,133,131,2,0,0
0xa5ac7e,86.6667%,2,13,15,10,1,1,3
0x9be949,87.5%,2,14,16,14,2,0,0
0xa318f5,98.5075%,2,132,134,132,2,0,0
0x9f414c,93.9394%,2,31,33,31,2,0,0
0x5f2e3e,0%,2,0,2,0,2,0,0
0xa25e6f,97.4359%,2,76,78,76,2,0,0
0x978564,99.3031%,2,285,287,0,0,2,285
0x5ebd7f,71.4286%,2,5,7,5,2,0,0
0x61f366,80%,2,8,10,8,2,0,0
0x476e8c,90%,2,18,20,18,2,0,0
0x4ad3eb,90%,2,18,20,0,0,2,18
0x9f3408,50%,2,2,4,0,2,0,2
0xa50741,50%,2,2,4,2,2,0,0
0xa92f3f,97.7273%,2,86,88,0,0,2,86
0xa7a299,33.3333%,2,1,3,1,2,0,0
0x977b72,85.7143%,2,12,14,0,0,2,12
0x99d420,77.7778%,2,7,9,7,2,0,0
0x58d40f,97.8261%,2,90,92,0,0,2,90
0xa96296,75%,2,6,8,0,0,2,6
0x63c87c,99.4778%,2,381,383,381,2,0,0
0x59161b,33.3333%,2,1,3,1,2,0,0
0x99c5fe,98.6755%,2,149,151,149,2,0,0
0x8fcd78,99.4398%,2,355,357,0,0,2,355
0x81bc33,99.0291%,2,204,206,0,2,0,204
0x95b63c,75%,2,6,8,3,1,1,3
0xa90196,96.8254%,2,61,63,0,0,2,61
0x7d1af4,99.6815%,2,626,628,626,2,0,0
0x648c08,92.3077%,2,24,26,24,2,0,0
0x48e430,98.6755%,2,149,151,0,0,2,149
0xa95e2c,83.3333%,2,10,12,0,0,2,10
0x8e9b47,60%,2,3,5,3,2,0,0
0x554ce7,99.308%,2,287,289,0,0,2,287
0xa447c5,96.1538%,2,50,52,50,2,0,0
0xa962a0,75%,2,6,8,0,0,2,6
0x787e38,96.9697%,2,64,66,0,0,2,64
0xa6486c,0%,2,0,2,0,2,0,0
0x8168d7,96.6102%,2,57,59,34,2,0,23
0x5d0cbe,75%,2,6,8,6,2,0,0
0x8db6f9,99.5595%,2,452,454,452,2,0,0
0xa9ce23,96.9231%,2,63,65,0,0,2,63
0xa9ce28,96.9231%,2,63,65,0,0,2,63
0x8f21b3,94.5946%,2,35,37,1,0,2,34
0xa51f6b,0%,2,0,2,0,0,2,0
0x8f35bb,99.6947%,2,653,655,11,1,1,642
0x981366,96.7742%,2,60,62,0,0,2,60
0x7c21bd,98.4127%,2,124,126,8,2,0,116
0x9f4768,75%,2,6,8,6,2,0,0
0xa51ce6,83.3333%,2,10,12,0,0,2,10
0xa8ee5d,85.7143%,2,12,14,0,0,2,12
0x803d40,0%,2,0,2,0,0,2,0
0x812149,50%,2,2,4,2,2,0,0
0xa51a3c,71.4286%,2,5,7,0,0,2,5
0xa92f03,97.7273%,2,86,88,0,0,2,86
0x9ea26c,0%,2,0,2,0,0,2,0
0x8ebd4f,0%,2,0,2,0,2,0,0
0x4a79d6,94.5946%,2,35,37,35,2,0,0
0x9fde9a,92%,2,23,25,23,2,0,0
0xa5245a,98.0198%,2,99,101,0,0,2,99
0x78151c,99.7046%,2,675,677,0,0,2,675
0xa054ae,90.4762%,2,19,21,19,2,0,0
0x9711ca,60%,2,3,5,0,0,2,3
0x8dc1d8,99.8774%,2,1629,1631,1629,2,0,0
0x812304,88.2353%,2,15,17,0,2,0,15
0xa95bec,98.4615%,2,128,130,128,2,0,0
0xa053ee,90.4762%,2,19,21,0,1,1,19
0xa49172,93.9394%,2,31,33,2,1,1,29
0x8edd96,99.5565%,2,449,451,0,0,2,449
0x81a506,99.7582%,2,825,827,825,2,0,0
0xa50f41,99.2218%,2,255,257,0,0,2,255
0x9799b2,95.4545%,2,42,44,6,2,0,36
0x695f91,91.6667%,2,22,24,22,2,0,0
0xa55f40,33.3333%,2,1,3,1,2,0,0
0xa55f34,33.3333%,2,1,3,0,0,2,1
0xa48694,50%,2,2,4,2,2,0,0
0x494712,0%,2,0,2,0,2,0,0
0x7cf36e,99.6774%,2,618,620,618,2,0,0
0xa99955,0%,2,0,2,0,1,1,0
0xa55781,50%,2,2,4,0,0,2,2
0x4a82a5,97.8261%,2,90,92,0,0,2,90
0xa50ef9,99.4413%,2,356,358,356,2,0,0
0x606d17,75%,2,6,8,6,2,0,0
0xa938c9,98.8166%,2,167,169,0,0,2,167
0xa4434f,95.9184%,2,47,49,47,2,0,0
0x49c74a,99.8298%,2,1173,1175,0,0,2,1173
0x5fb255,86.6667%,2,13,15,13,2,0,0
0x5f3d27,50%,2,2,4,2,2,0,0
0xa50d2d,97.7273%,2,86,88,0,0,2,86
0x9d08e1,96.0784%,2,49,51,0,0,2,49
0x4946d3,0%,2,0,2,0,2,0,0
0x8e2b36,96.1538%,2,50,52,0,0,2,50
0x80f8b8,97.2973%,2,72,74,72,2,0,0
0x63dc0c,98.5816%,2,139,141,139,2,0,0
0x9aa260,94.5946%,2,35,37,0,0,2,35
0x8ebe16,88.8889%,2,16,18,0,0,2,16
0x6831f5,94.5946%,2,35,37,0,0,2,35
0x60e019,97.9592%,2,96,98,0,0,2,96
0x48c28d,97.9592%,2,96,98,96,2,0,0
0x8ff573,91.3043%,2,21,23,0,0,2,21
0x534b15,97.5309%,2,79,81,79,2,0,0
0x8e95f8,0%,2,0,2,0,0,2,0
0x8dbb1c,75%,2,6,8,0,0,2,6
0x9feaeb,71.4286%,2,5,7,5,2,0,0
0x8f5d7f,99.682%,2,627,629,627,2,0,0
0x99e2fb,84.6154%,2,11,13,0,0,2,11
0xa9d2f8,90.9091%,2,20,22,15,1,1,5
0xa561ff,99.5227%,2,417,419,417,2,0,0
0xa4469c,96.1538%,2,50,52,50,2,0,0
0x8edb13,99.5565%,2,449,451,0,0,2,449
0x49bc1e,98.2609%,2,113,115,0,0,2,113
0xa4a674,93.9394%,2,31,33,0,0,2,31
0x49afff,0%,2,0,2,0,0,2,0
0xa51034,99.6047%,2,504,506,0,0,2,504
0x677550,97.9381%,2,95,97,95,2,0,0
0x5fbde5,97.3333%,2,73,75,73,2,0,0
0xb28b2b,99.929%,2,2816,2818,0,0,2,2816
0x5936ee,84.6154%,2,11,13,1,1,1,10
0x54d686,90%,2,18,20,0,0,2,18
0x61025e,93.9394%,2,31,33,0,0,2,31
0xa08481,81.8182%,2,9,11,9,2,0,0
0xa46470,98.9637%,2,191,193,0,0,2,191
0xa45a0a,96.0784%,2,49,51,49,2,0,0
0x5bef55,0%,2,0,2,0,0,2,0
0xa495f9,99.505%,2,402,404,402,2,0,0
0xa4586d,99.0741%,2,214,216,214,2,0,0
0x8a6ab1,33.3333%,2,1,3,1,2,0,0
0x8f5526,99.8826%,2,1701,1703,1701,2,0,0
0xa027a7,99.8452%,2,1290,1292,0,0,2,1290
0x8ea453,87.5%,2,14,16,0,0,2,14
0x6750c0,33.3333%,2,1,3,0,0,2,1
0xa06341,0%,2,0,2,0,2,0,0
0xa94ca5,50%,2,2,4,0,0,2,2
0x402e84,94.1176%,2,32,34,32,2,0,0
0xa4654f,99.5902%,2,486,488,486,2,0,0
0x550243,94.8718%,2,37,39,37,2,0,0
0x509060,60%,2,3,5,0,0,2,3
0xaa1148,94.4444%,2,34,36,0,0,2,34
0x5d2847,98.6207%,2,143,145,143,2,0,0
0xa4701f,99.2218%,2,255,257,13,2,0,242
0x80af6e,0%,2,0,2,0,2,0,0
0xa49748,95.2381%,2,40,42,40,2,0,0
0x9a6659,98.8636%,2,174,176,174,2,0,0
0x50ccdf,99.4505%,2,362,364,362,2,0,0
0xa95428,50%,2,2,4,0,0,2,2
0x5c751f,33.3333%,2,1,3,1,2,0,0
0x9a272b,91.3043%,2,21,23,2,1,1,19
0xa4b648,66.6667%,2,4,6,0,0,2,4
0xa4981f,99.2857%,2,278,280,0,0,2,278
0x608432,97.7778%,2,88,90,0,0,2,88
0x9f1d95,97.4359%,2,76,78,0,0,2,76
0x6923e7,80%,2,8,10,8,2,0,0
0x60bc27,88.8889%,2,16,18,0,0,2,16
0x4bea7e,98.8571%,2,173,175,173,2,0,0
0xa9545f,50%,2,2,4,2,2,0,0
0x7c20d0,83.3333%,2,10,12,0,0,2,10
0xa464d1,85.7143%,2,12,14,12,2,0,0
0x48f7f9,88.8889%,2,16,18,16,2,0,0
0x5bce6e,99.7925%,2,962,964,962,2,0,0
0x8df5a6,95.2381%,2,40,42,40,2,0,0
0xaa2376,95.5556%,2,43,45,10,1,1,33
0x670a04,89.4737%,2,17,19,17,2,0,0
0xa44be8,50%,2,2,4,0,0,2,2
0x48bfcd,98.5915%,2,140,142,0,1,1,140
0x8c8090,99.9011%,2,2021,2023,2021,2,0,0
0x812058,80%,2,8,10,0,0,2,8
0x973333,95.2381%,2,40,42,40,2,0,0
0x9ebef3,96.7213%,2,59,61,59,2,0,0
0x90a6d1,95.4545%,2,42,44,42,2,0,0
0x8d98b6,75%,2,6,8,4,2,0,2
0x8a9ecf,98.895%,2,179,181,179,2,0,0
0xa5d221,96.7213%,2,59,61,59,2,0,0
0x8bdc06,60%,2,3,5,3,2,0,0
0xa44c39,50%,2,2,4,2,2,0,0
0xa4bbd9,99.6737%,2,611,613,0,0,2,611
0x9fc7ee,99.0909%,2,218,220,0,0,2,218
0xa95d59,99.6516%,2,572,574,555,1,1,17
0x5eaebd,75%,2,6,8,4,0,2,2
0xa91054,99.0099%,2,200,202,0,0,2,200
0xa52a2a,97.8947%,2,93,95,0,0,2,93
0x9d0bc6,96.0784%,2,49,51,49,2,0,0
0x4927b7,0%,2,0,2,0,2,0,0
0x5b6e99,75%,2,6,8,6,2,0,0
0xb0d3d9,97.6471%,2,83,85,83,2,0,0
0x9ab63c,95.7447%,2,45,47,0,0,2,45
0xa45374,99.4253%,2,346,348,0,0,2,346
0x8ea9dd,99.8367%,2,1223,1225,1223,2,0,0
0x911b8e,97.7778%,2,88,90,0,0,2,88
0x838a94,66.6667%,2,4,6,0,1,1,4
0x9a4570,99.8037%,2,1017,1019,0,0,2,1017
0x8eac1b,99.8367%,2,1223,1225,1223,2,0,0
0x8e2636,99.9621%,2,5273,5275,0,0,2,5273
0xa380f6,60%,2,3,5,3,2,0,0
0x4bf7f0,97.6744%,2,84,86,0,0,2,84
0x99e650,84.6154%,2,11,13,0,0,2,11
0x98b308,75%,2,6,8,0,0,2,6
0x99d3cf,77.7778%,2,7,9,7,2,0,0
0xa92b97,99.3631%,2,312,314,0,0,2,312
0x40370b,99.7472%,2,789,791,0,0,2,789
0x677be3,93.3333%,2,28,30,28,2,0,0
0x609591,98.0198%,2,99,101,99,2,0,0
0xa39b02,99.2674%,2,271,273,271,2,0,0
0x8da9c7,99.0099%,2,200,202,0,2,0,200
0x8e9ce2,60%,2,3,5,0,0,2,3
0x60bb5d,88.8889%,2,16,18,0,0,2,16
0xa31928,99.0741%,2,214,216,0,0,2,214
0xa64d40,50%,2,2,4,2,2,0,0
0x8dc448,50%,2,2,4,0,0,2,2
0x8062b1,0%,2,0,2,0,2,0,0
0x80bc08,97.3333%,2,73,75,73,2,0,0
0x8f18e9,98.9583%,2,190,192,0,0,2,190
0xa4e7e4,98.7654%,2,160,162,0,0,2,160
0x58f3d2,96.1538%,2,50,52,50,2,0,0
0x814b5f,95.122%,2,39,41,0,0,2,39
0xa9e254,93.3333%,2,28,30,28,2,0,0
0xa96481,91.6667%,2,22,24,22,2,0,0
0x90bcd7,98.8636%,2,174,176,174,2,0,0
0x96b20c,93.75%,2,30,32,0,0,2,30
0x99adc2,95.7447%,2,45,47,45,2,0,0
0xa4e928,98.75%,2,158,160,20,2,0,138
0x8e5a24,99.0385%,2,206,208,0,0,2,206
0x5d892b,93.3333%,2,28,30,28,2,0,0
0x808e41,60%,2,3,5,3,2,0,0
0x909b38,99.9641%,2,5566,5568,0,0,2,5566
0xa928a1,66.6667%,2,4,6,4,2,0,0
0x488ef4,99.1379%,2,230,232,230,2,0,0
0xa929fd,66.6667%,2,4,6,0,0,2,4
0xa92a3a,66.6667%,2,4,6,4,2,0,0
0x99e5b7,84.6154%,2,11,13,0,0,2,11
0x53b96d,98.4848%,2,130,132,0,0,2,130
0xa54506,80%,2,8,10,8,0,2,0
0x58d624,33.3333%,2,1,3,0,0,2,1
0xa9988b,60%,2,3,5,3,2,0,0
0x5baf88,98.9474%,2,188,190,0,0,2,188
0xa476e5,95.2381%,2,40,42,40,2,0,0
0x557ba8,75%,2,6,8,6,2,0,0
0x99e179,84.6154%,2,11,13,11,2,0,0
0x63d7d6,33.3333%,2,1,3,1,2,0,0
0xa99a9f,86.6667%,2,13,15,0,0,2,13
0xa4eda8,98.7654%,2,160,162,0,0,2,160
0xa486cf,99.1736%,2,240,242,0,0,2,240
0x50aeff,66.6667%,2,4,6,3,1,1,1
0xa4ed6a,98.7654%,2,160,162,0,0,2,160
0x40f6b6,99.2537%,2,266,268,266,2,0,0
0xa99e27,86.6667%,2,13,15,0,0,2,13
0xa969a6,87.5%,2,14,16,0,0,2,14
0x94da1f,97.4684%,2,77,79,46,1,1,31
0xa9377a,93.1034%,2,27,29,0,0,2,27
0x97a65a,94.4444%,2,34,36,27,1,1,7
0x59254f,98.3471%,2,119,121,1,2,0,118
0x64831a,99.7872%,2,938,940,938,2,0,0
0xa8f87e,50%,2,2,4,0,1,1,2
0xa53d2e,98.7805%,2,162,164,0,0,2,162
0x545585,99.2832%,2,277,279,0,0,2,277
0xa96aa9,77.7778%,2,7,9,0,0,2,7
0xa02204,92.5926%,2,25,27,25,2,0,0
0x9fbb69,99.3464%,2,304,306,0,0,2,304
0x5ff42b,71.4286%,2,5,7,1,2,0,4
0xa3139e,97.6471%,2,83,85,83,2,0,0
0x5da2bd,50%,2,2,4,2,2,0,0
0x4bdfec,0%,2,0,2,0,2,0,0
0x494120,90.9091%,2,20,22,20,2,0,0
0x94ef15,93.3333%,2,28,30,0,0,2,28
0xaa7f1d,83.3333%,2,10,12,10,2,0,0
0x5ef0b0,88.8889%,2,16,18,16,0,2,0
0x65b21b,84.6154%,2,11,13,0,0,2,11
0x4ae54b,0%,2,0,2,0,2,0,0
0x65b1e7,84.6154%,2,11,13,11,2,0,0
0x65b165,84.6154%,2,11,13,11,2,0,0
0x63a987,99%,2,198,200,198,2,0,0
0x53a50f,0%,2,0,2,0,0,2,0
0x5bc339,93.9394%,2,31,33,31,2,0,0
0xa64fd7,50%,2,2,4,0,0,2,2
0xa4ce1e,50%,2,2,4,0,0,2,2
0xa99f67,80%,2,8,10,0,0,2,8
0x63aacd,99.7564%,2,819,821,819,2,0,0
0xa97e0f,77.7778%,2,7,9,0,0,2,7
0x5db5da,50%,2,2,4,2,2,0,0
0xa5418a,50%,2,2,4,2,2,0,0
0x6387c6,81.8182%,2,9,11,9,2,0,0
0xa97758,80%,2,8,10,8,2,0,0
0x5d093e,88.8889%,2,16,18,0,0,2,16
0x5d3043,50%,2,2,4,2,2,0,0
0x5d3144,50%,2,2,4,2,2,0,0
0xa2f8cf,97.4359%,2,76,78,0,0,2,76
0x5db285,50%,2,2,4,2,2,0,0
0xa54110,99.7171%,2,705,707,0,0,2,705
0x5dfd49,50%,2,2,4,0,0,2,2
0x595de0,99.7399%,2,767,769,0,0,2,767
0x8ee125,99.6667%,2,598,600,598,2,0,0
0xb499dc,33.3333%,2,1,3,0,0,2,1
0x9f4bb1,50%,2,2,4,0,0,2,2
0x8daa98,99%,2,198,200,198,2,0,0
0x63fbcb,99.7919%,2,959,961,0,0,2,959
0xa4d87b,98.3471%,2,119,121,0,0,2,119
0x9f4f0f,77.7778%,2,7,9,7,2,0,0
0x63fe68,99.7919%,2,959,961,959,2,0,0
0x5d2ed6,88.8889%,2,16,18,16,2,0,0
0xa4cfbb,75%,2,6,8,6,2,0,0
0x640332,99.9161%,2,2383,2385,0,0,2,2383
0xa4d216,50%,2,2,4,2,2,0,0
0x94cbc8,96.875%,2,62,64,0,0,2,62
0x494a9d,0%,2,0,2,0,2,0,0
0x4949cf,0%,2,0,2,0,0,2,0
0x606e9c,90%,2,18,20,10,0,2,8
0x9d363e,96.3636%,2,53,55,53,2,0,0
0x58db12,98.6755%,2,149,151,149,2,0,0
0x80a1ee,75%,2,6,8,3,1,1,3
0x7f0271,89.4737%,2,17,19,0,1,1,17
0x9ecdcc,90.4762%,2,19,21,0,0,2,19
0x97a403,98.0583%,2,101,103,49,2,0,52
0x80ae9b,93.9394%,2,31,33,0,0,2,31
0x9c3793,95.6522%,2,44,46,0,0,2,44
0xb49721,85.7143%,2,12,14,0,0,2,12
0xa54fef,94.7368%,2,36,38,0,2,0,36
0x88e64e,94.8718%,2,37,39,37,2,0,0
0xa55b55,0%,2,0,2,0,0,2,0
0x8c8e06,75%,2,6,8,6,2,0,0
0xa41b02,99.2509%,2,265,267,0,0,2,265
0x8eda9a,98.4127%,2,124,126,124,2,0,0
0xa54cab,99.3311%,2,297,299,297,2,0,0
0x8ee1a9,98.9474%,2,188,190,188,2,0,0
0xa50461,99.2218%,2,255,257,0,0,2,255
0x9be6b5,95.8333%,2,46,48,22,2,0,24
0x9d312c,96.5517%,2,56,58,0,0,2,56
0x649e4a,0%,2,0,2,0,2,0,0
0xa50bf2,98.6486%,2,146,148,0,0,2,146
0xa50a63,94.4444%,2,34,36,0,0,2,34
0x5a5ed3,50%,2,2,4,0,0,2,2
0xa3d946,75%,2,6,8,6,2,0,0
0x540748,0%,2,0,2,0,2,0,0
0x8f0a95,99.6716%,2,607,609,0,0,2,607
0xa50c6d,99.4413%,2,356,358,356,2,0,0
0x53dc80,80%,2,8,10,0,0,2,8
0x90fac5,0%,2,0,2,0,2,0,0
0x99e8c0,98.0952%,2,103,105,0,0,2,103
0xa9b9ce,90%,2,18,20,18,2,0,0
0x540ebd,75%,2,6,8,6,2,0,0
0x40ae63,0%,2,0,2,0,2,0,0
0x5415ef,60%,2,3,5,0,0,2,3
0xa556b5,97.5904%,2,81,83,81,2,0,0
0x9edb90,95.122%,2,39,41,39,2,0,0
0x9d32cf,96.3636%,2,53,55,0,0,2,53
0x9e02ea,91.6667%,2,22,24,22,2,0,0
0xa555eb,99.6262%,2,533,535,533,2,0,0
0x9d34b7,96.3636%,2,53,55,53,2,0,0
0xa50930,99.4413%,2,356,358,0,0,2,356
0x4419f1,81.8182%,2,9,11,0,0,2,9
0xa4e02b,0%,2,0,2,0,0,2,0
0xa9984d,60%,2,3,5,0,0,2,3
0x53b287,99.918%,2,2436,2438,0,0,2,2436
0xa53ab0,0%,2,0,2,0,0,2,0
0x5c46b7,89.4737%,2,17,19,0,0,2,17
0x8ece90,99.799%,2,993,995,0,0,2,993
0x9f4bec,98.8571%,2,173,175,0,0,2,173
0x8ef5b3,98.5185%,2,133,135,133,2,0,0
0x5c46bf,89.4737%,2,17,19,0,0,2,17
0x495995,89.4737%,2,17,19,0,0,2,17
0xa4d3e5,94.8718%,2,37,39,37,2,0,0
0x49ca19,94.7368%,2,36,38,36,2,0,0
0xa4d4bc,97.0149%,2,65,67,65,2,0,0
0xa9a387,60%,2,3,5,3,2,0,0
0x5cfd0e,91.6667%,2,22,24,22,2,0,0
0x838bca,0%,2,0,2,0,2,0,0
0xa9bd1c,80%,2,8,10,0,0,2,8
0x5bcec6,95.4545%,2,42,44,42,2,0,0
0x8ecdc4,99.799%,2,993,995,993,2,0,0
0xa52da4,97.4026%,2,75,77,75,2,0,0
0x96bfd8,99.7403%,2,768,770,768,2,0,0
0x9edd06,96.875%,2,62,64,0,0,2,62
0x65adf2,84.6154%,2,11,13,11,2,0,0
0xa96f1f,90.4762%,2,19,21,0,0,2,19
0xa4ff19,94.4444%,2,34,36,0,0,2,34
0xa501da,88.2353%,2,15,17,15,2,0,0
0x8aab34,89.4737%,2,17,19,17,2,0,0
0xa022f4,99.9239%,2,2626,2628,0,0,2,2626
0x5d3032,50%,2,2,4,2,2,0,0
0x681f9f,99.9078%,2,2168,2170,2168,2,0,0
0x5f31a4,71.4286%,2,5,7,0,1,1,5
0x8e9a01,50%,2,2,4,2,0,2,0
0x441837,81.8182%,2,9,11,0,0,2,9
0x4049a3,50%,2,2,4,2,2,0,0
0x9a22f8,86.6667%,2,13,15,0,0,2,13
0xa50084,97.5309%,2,79,81,0,0,2,79
0xa5007b,97.5309%,2,79,81,0,0,2,79
0x9e81f3,91.6667%,2,22,24,22,2,0,0
0x8f683a,98.5714%,2,138,140,0,0,2,138
0x441477,99.6564%,2,580,582,0,0,2,580
0xa4fea9,50%,2,2,4,0,0,2,2
0xa4fe0d,50%,2,2,4,0,0,2,2
0x8f6603,99.4366%,2,353,355,0,0,2,353
0xaa63d7,97.7778%,2,88,90,88,2,0,0
0xa99406,33.3333%,2,1,3,0,0,2,1
0x59c2cd,99.0654%,2,212,214,212,2,0,0
0x9c4194,99.3976%,2,330,332,330,2,0,0
0x65b124,84.6154%,2,11,13,11,2,0,0
0x4bfeb0,94.1176%,2,32,34,1,0,2,31
0x8e4c11,99.2248%,2,256,258,256,2,0,0
0x8f0b29,95.2381%,2,40,42,0,0,2,40
0x9ab4b1,96.0784%,2,49,51,49,2,0,0
0xa2d247,99.7253%,2,726,728,0,0,2,726
0x4bc696,95.4545%,2,42,44,0,0,2,42
0x8a9eca,98.895%,2,179,181,0,0,2,179
0x486f21,97.8947%,2,93,95,93,0,2,0
0x900ccb,99.4012%,2,332,334,332,2,0,0
0xa52279,98.7013%,2,152,154,152,2,0,0
0x4bde28,85.7143%,2,12,14,5,2,0,7
0x4bc745,98.9362%,2,186,188,94,0,2,92
0x649a1b,50%,2,2,4,2,2,0,0
0x545dc7,93.9394%,2,31,33,31,2,0,0
0x53fd1d,99.3355%,2,299,301,0,0,2,299
0xa2d73d,97.6471%,2,83,85,83,2,0,0
0xa2d734,97.6471%,2,83,85,0,0,2,83
0xa546a7,98.0392%,2,100,102,0,0,2,100
0x943a82,50%,2,2,4,2,2,0,0
0xa2a908,98.2301%,2,111,113,111,2,0,0
0x8dc356,50%,2,2,4,2,2,0,0
0x40e527,81.8182%,2,9,11,9,2,0,0
0x9fca56,92%,2,23,25,23,2,0,0
0x804f91,99.6139%,2,516,518,516,0,2,0
0x40455d,99.7257%,2,727,729,727,2,0,0
0x9771c3,97.5904%,2,81,83,81,0,2,0
0xa9d0e5,0%,2,0,2,0,2,0,0
0x9771f2,50%,2,2,4,0,2,0,2
0x49294b,0%,2,0,2,0,2,0,0
0x977204,0%,2,0,2,0,0,2,0
0x63f33c,0%,2,0,2,0,0,2,0
0x9c5159,75%,2,6,8,2,2,0,4
0x67a0a3,66.6667%,2,4,6,4,2,0,0
0x5a9716,33.3333%,2,1,3,1,2,0,0
0x8e9be2,99.1453%,2,232,234,0,0,2,232
0xa2f256,94.7368%,2,36,38,0,0,2,36
0x63aae6,99.7564%,2,819,821,819,2,0,0
0x9bc981,0%,2,0,2,0,2,0,0
0x7d211b,75%,2,6,8,6,2,0,0
0x551cb5,97.9798%,2,97,99,97,2,0,0
0x64b46f,99.3399%,2,301,303,0,0,2,301
0xa2e123,99.1968%,2,247,249,0,0,2,247
0xa2df3d,98.9691%,2,192,194,0,0,2,192
0x81b79d,89.4737%,2,17,19,0,0,2,17
0x50d658,97.4684%,2,77,79,77,2,0,0
0x48bfff,98.6111%,2,142,144,142,2,0,0
0xa4217e,99.4681%,2,374,376,0,0,2,374
0x7cf357,99.6774%,2,618,620,0,0,2,618
0x8dfd26,99.1736%,2,240,242,240,2,0,0
0xa47f63,83.3333%,2,10,12,10,2,0,0
0x5fe9e8,95.3488%,2,41,43,0,0,2,41
0x539b81,99.8004%,2,1000,1002,0,0,2,1000
0x8dfd83,99.1736%,2,240,242,240,2,0,0
0xa47e9b,83.3333%,2,10,12,0,0,2,10
0xa17ede,99.7828%,2,919,921,0,0,2,919
0x69dd30,83.3333%,2,10,12,0,0,2,10
0x5cf33b,71.4286%,2,5,7,1,2,0,4
0x98d00c,83.3333%,2,10,12,0,0,2,10
0x8dbd9d,98.9247%,2,184,186,184,2,0,0
0x8dcba2,99.8774%,2,1629,1631,1629,2,0,0
0xa58c60,93.1034%,2,27,29,0,0,2,27
0x98ce01,83.3333%,2,10,12,10,2,0,0
0xa42b6f,98.2143%,2,110,112,110,2,0,0
0xa37b0b,80%,2,8,10,8,2,0,0
0x649e32,0%,2,0,2,0,2,0,0
0xa43c63,95.8333%,2,46,48,46,2,0,0
0xa47b4e,77.7778%,2,7,9,7,2,0,0
0xa45cfc,96.875%,2,62,64,62,2,0,0
0x8ec82d,0%,2,0,2,0,2,0,0
0x55b390,99.8093%,2,1047,1049,0,0,2,1047
0x7c7519,87.5%,2,14,16,0,0,2,14
0x8115fe,0%,2,0,2,0,0,2,0
0x5a96bc,60%,2,3,5,3,2,0,0
0x80a6b4,33.3333%,2,1,3,1,1,1,0
0x495bd0,89.4737%,2,17,19,17,2,0,0
0x8e32f3,99.8988%,2,1975,1977,0,0,2,1975
0x7f0647,0%,2,0,2,0,2,0,0
0xa45d5d,0%,2,0,2,0,2,0,0
0xa985d8,50%,2,2,4,0,2,0,2
0x976faf,97.5904%,2,81,83,80,1,1,1
0xa92ba7,99.115%,2,224,226,224,2,0,0
0x40bc2e,98.0583%,2,101,103,0,0,2,101
0xa45bd1,99.5381%,2,431,433,431,2,0,0
0x9e0613,96.5517%,2,56,58,56,2,0,0
0x648ca5,0%,2,0,2,0,2,0,0
0x8c917b,33.3333%,2,1,3,1,1,1,0
0x8e8c31,0%,2,0,2,0,2,0,0
0xa9dd34,0%,2,0,2,0,0,2,0
0xa36e0a,90.9091%,2,20,22,0,0,2,20
0xa4800c,33.3333%,2,1,3,1,2,0,0
0x599968,0%,2,0,2,0,2,0,0
0x8be8ff,99.0566%,2,210,212,210,0,2,0
0x8e3f3d,94.5946%,2,35,37,0,0,2,35
0x8f3e50,99.322%,2,293,295,0,0,2,293
0xa3151c,75%,2,6,8,6,2,0,0
0xaa7f7c,33.3333%,2,1,3,0,0,2,1
0xa4ed97,98.7654%,2,160,162,0,0,2,160
0x8f108e,95%,2,38,40,38,2,0,0
0x5f4e40,0%,2,0,2,0,1,1,0
0xa37ed4,90%,2,18,20,0,0,2,18
0xa31ebe,97.2973%,2,72,74,0,0,2,72
0x8d2739,99.4924%,2,392,394,392,1,1,0
0x67ac84,66.6667%,2,4,6,4,2,0,0
0x8fe4b9,88.2353%,2,15,17,15,2,0,0
0x7d37c1,95%,2,38,40,0,0,2,38
0x817163,0%,2,0,2,0,2,0,0
0x4a8717,0%,2,0,2,0,0,2,0
0x5f7fe6,71.4286%,2,5,7,5,2,0,0
0xa5a0de,33.3333%,2,1,3,0,0,2,1
0x815df9,60%,2,3,5,3,1,1,0
0xa4ba00,50%,2,2,4,0,0,2,2
0x4ab54a,93.5484%,2,29,31,29,2,0,0
0x9f642b,33.3333%,2,1,3,0,0,2,1
0x7b7284,92.5926%,2,25,27,24,1,1,1
0x619bf9,90%,2,18,20,5,1,1,13
0x9ed89e,96.875%,2,62,64,0,0,2,62
0x4bc11d,98.9848%,2,195,197,195,2,0,0
0x9edc35,96.875%,2,62,64,0,0,2,62
0x58be2d,97.3684%,2,74,76,74,2,0,0
0x60c528,80%,2,8,10,8,2,0,0
0x9edc4c,96.875%,2,62,64,62,2,0,0
0x99cdc9,77.7778%,2,7,9,0,0,2,7
0x49a4b1,85.7143%,2,12,14,10,0,2,2
0x8e92f1,97.7528%,2,87,89,5,2,0,82
0x8dd9f4,99.8749%,2,1597,1599,0,0,2,1597
0x9edcd5,96.875%,2,62,64,0,0,2,62
0x4bb7a9,75%,2,6,8,0,0,2,6
0x8fcbed,99.3528%,2,307,309,0,0,2,307
0x7c65ea,98.773%,2,161,163,139,0,2,22
0xa55eca,33.3333%,2,1,3,1,2,0,0
0x542316,99.0868%,2,217,219,0,0,2,217
0x9edb40,95.122%,2,39,41,39,2,0,0
0x9edf96,98.374%,2,121,123,0,0,2,121
0x8377bc,75%,2,6,8,3,2,0,3
0xa325ff,50%,2,2,4,2,2,0,0
0xa32532,50%,2,2,4,2,0,2,0
0x51014f,99.5305%,2,424,426,424,2,0,0
0xa2ed0f,96.875%,2,62,64,0,0,2,62
0x917781,98.9362%,2,186,188,186,2,0,0
0x480118,89.4737%,2,17,19,0,0,2,17
0xa2f3be,50%,2,2,4,0,2,0,2
0xa21e44,0%,2,0,2,0,0,2,0
0x8f572d,99.7392%,2,765,767,765,2,0,0
0x8e8c61,0%,2,0,2,0,0,2,0
0xa32c04,99.7843%,2,925,927,925,2,0,0
0xa60ccd,99.1667%,2,238,240,237,0,2,1
0xa8fbcf,99.1071%,2,222,224,0,0,2,222
0xa60a4f,99.3421%,2,302,304,0,0,2,302
0x48f73f,0%,2,0,2,0,0,2,0
0x5ef025,88.8889%,2,16,18,16,2,0,0
0x9f6e31,85.7143%,2,12,14,12,2,0,0
0x9a9ecd,92.3077%,2,24,26,0,0,2,24
0x80d427,98.1818%,2,108,110,108,2,0,0
0xa9a0c7,60%,2,3,5,3,2,0,0
0x48b253,99.3769%,2,319,321,319,2,0,0
0xa2ec0d,96.875%,2,62,64,62,2,0,0
0xa21c3c,0%,2,0,2,0,1,1,0
0x4ca4a1,81.8182%,2,9,11,1,0,2,8
0xa2eeb6,94.2857%,2,33,35,0,0,2,33
0xa47e63,94.8718%,2,37,39,2,2,0,35
0xa39e5d,96.5517%,2,56,58,56,2,0,0
0xa9c70b,98.5915%,2,140,142,140,2,0,0
0x9e5b98,94.8718%,2,37,39,34,1,1,3
0x9ed6b4,96.6102%,2,57,59,57,2,0,0
0x60aedb,96%,2,48,50,48,2,0,0
0x9a6e0b,77.7778%,2,7,9,7,2,0,0
0x8f3782,99.375%,2,318,320,0,0,2,318
0x67986d,66.6667%,2,4,6,4,2,0,0
0x9ed724,96.6102%,2,57,59,0,0,2,57
0x5fb4f8,0%,2,0,2,0,2,0,0
0xa654ff,50%,2,2,4,0,0,2,2
0xa31bb0,93.5484%,2,29,31,29,2,0,0
0xa5ee6b,92.8571%,2,26,28,0,0,2,26
0xa313c1,97.6471%,2,83,85,0,0,2,83
0xa4eefd,90.9091%,2,20,22,0,0,2,20
0xa3135f,97.6471%,2,83,85,83,2,0,0
0x9bc6e3,98.4252%,2,125,127,0,0,2,125
0x8ec7df,0%,2,0,2,0,1,1,0
0x9f99eb,95.122%,2,39,41,0,0,2,39
0xa31b31,98.9011%,2,180,182,0,0,2,180
0xa39d0c,97.5904%,2,81,83,0,0,2,81
0x8dfe93,99.2248%,2,256,258,128,2,0,128
0x9177e5,75%,2,6,8,6,2,0,0
0x65a2aa,98.9474%,2,188,190,188,2,0,0
0xa28560,98.6842%,2,150,152,0,0,2,150
0x6705b3,98.4962%,2,131,133,0,0,2,131
0x66d419,97.6471%,2,83,85,0,0,2,83
0xa48271,83.3333%,2,10,12,10,2,0,0
0xa9478a,93.1034%,2,27,29,1,1,1,26
0xa55220,75%,2,6,8,0,0,2,6
0x8e2fe7,50%,2,2,4,2,2,0,0
0x5e01ae,98.6207%,2,143,145,143,2,0,0
0x8e0ff5,99.7519%,2,804,806,804,2,0,0
0x6704a6,77.7778%,2,7,9,5,2,0,2
0x58f801,99.9396%,2,3308,3310,0,0,2,3308
0x6dcc17,95.2381%,2,40,42,39,2,0,1
0xa48237,96.6667%,2,58,60,0,0,2,58
0x9e298e,99.7218%,2,717,719,0,0,2,717
0x610795,84.6154%,2,11,13,11,2,0,0
0x4a8cf1,94.8718%,2,37,39,37,2,0,0
0x647e09,96.0784%,2,49,51,0,2,0,49
0x8f2185,94.5946%,2,35,37,0,0,2,35
0x666f03,50%,2,2,4,2,2,0,0
0x90f004,99%,2,198,200,198,2,0,0
0x60bb4f,88.8889%,2,16,18,0,0,2,16
0xa43838,99.4505%,2,362,364,362,2,0,0
0x9e269f,99.6289%,2,537,539,537,2,0,0
0x951908,97.8495%,2,91,93,0,2,0,91
0x9fc5a4,85.7143%,2,12,14,0,0,2,12
0x8077ea,99.9197%,2,2490,2492,0,0,2,2490
0xa94bb6,50%,2,2,4,2,2,0,0
0x8ec896,0%,2,0,2,0,2,0,0
0x9f454a,97.5%,2,78,80,0,0,2,78
0x8ad652,97.8495%,2,91,93,91,0,2,0
0x80ae3f,0%,2,0,2,0,0,2,0
0x806024,99.0991%,2,220,222,220,2,0,0
0x88df1d,0%,2,0,2,0,2,0,0
0x9e2f24,99.2395%,2,261,263,0,0,2,261
0xa946aa,95.6522%,2,44,46,0,0,2,44
0x4a9c2d,91.3043%,2,21,23,21,2,0,0
0xa48556,96.4286%,2,54,56,54,2,0,0
0x94b0f6,99.0338%,2,205,207,205,2,0,0
0x8c92cc,99.7826%,2,918,920,918,2,0,0
0x8eb060,66.6667%,2,4,6,0,0,2,4
0x406bce,88.8889%,2,16,18,0,0,2,16
0x901045,94.5946%,2,35,37,0,0,2,35
0xa467ed,99.422%,2,344,346,17,1,1,327
0xa55456,98.7013%,2,152,154,0,0,2,152
0x8df3d9,91.6667%,2,22,24,22,2,0,0
0x5f8ea8,81.8182%,2,9,11,9,2,0,0
0xa1b51e,60%,2,3,5,0,0,2,3
0xa48c8a,98.8024%,2,165,167,165,2,0,0
0x99de18,86.6667%,2,13,15,13,2,0,0
0x918f46,99%,2,198,200,198,2,0,0
0xa48b26,98.8024%,2,165,167,0,0,2,165
0x9a7e58,92%,2,23,25,0,0,2,23
0x8ade6a,0%,2,0,2,0,0,2,0
0xa48a86,98.8764%,2,176,178,176,2,0,0
0x9a6423,98.8636%,2,174,176,174,2,0,0
0xa4886b,98.8764%,2,176,178,0,0,2,176
0xa99f25,66.6667%,2,4,6,4,2,0,0
0x8f4544,90.4762%,2,19,21,19,2,0,0
0xa27548,99.0741%,2,214,216,0,0,2,214
0xa21276,83.3333%,2,10,12,0,0,2,10
0x60c439,60%,2,3,5,3,2,0,0
0x80a84f,60%,2,3,5,3,2,0,0
0x5ff272,99.1453%,2,232,234,0,0,2,232
0x8dee72,84.6154%,2,11,13,0,2,0,11
0x48f914,95.7447%,2,45,47,0,0,2,45
0x494d42,98.75%,2,158,160,0,2,0,158
0x9f831b,81.8182%,2,9,11,0,0,2,9
0x8ed952,99.6716%,2,607,609,607,2,0,0
0x7c7a2a,91.6667%,2,22,24,22,2,0,0
0xa949b1,91.6667%,2,22,24,0,0,2,22
0xa942ae,75%,2,6,8,6,2,0,0
0x610968,84.6154%,2,11,13,0,0,2,11
0x8bb690,84.6154%,2,11,13,11,2,0,0
0x4a71dc,99.6753%,2,614,616,0,0,2,614
0x48a6a9,88.8889%,2,16,18,0,0,2,16
0xa94995,91.6667%,2,22,24,22,2,0,0
0x8e0ac6,99.5506%,2,443,445,443,2,0,0
0x94eeb5,93.3333%,2,28,30,28,2,0,0
0x4b6d7c,92.8571%,2,26,28,0,0,2,26
0x8f369f,98.0198%,2,99,101,99,2,0,0
0x8f36ce,98.0198%,2,99,101,99,2,0,0
0x649d1d,0%,2,0,2,0,2,0,0
0x64b0cc,96.875%,2,62,64,62,2,0,0
0x64af1d,96.875%,2,62,64,0,0,2,62
0xa94b33,50%,2,2,4,0,0,2,2
0x804340,77.7778%,2,7,9,2,0,2,5
0x8e694e,97.9592%,2,96,98,96,2,0,0
0x4b7f26,0%,2,0,2,0,2,0,0
0x6841d6,75%,2,6,8,0,0,2,6
0xa94d57,50%,2,2,4,2,2,0,0
0x8e3f30,50%,2,2,4,2,2,0,0
0x7dfc2f,75%,2,6,8,0,0,2,6
0x47f287,99.7413%,2,771,773,771,2,0,0
0xa430e1,50%,2,2,4,2,2,0,0
0xa9006b,99.4624%,2,370,372,0,0,2,370
0x61f3f5,90%,2,18,20,18,2,0,0
0x499977,87.5%,2,14,16,14,2,0,0
0x9e21f7,98.0769%,2,102,104,5,1,1,97
0xa903de,99.5122%,2,408,410,408,2,0,0
0x8eda70,98.4127%,2,124,126,0,0,2,124
0x9e1b12,98.3051%,2,116,118,116,2,0,0
0xa9d412,90%,2,18,20,18,2,0,0
0x8ddf08,96.2963%,2,52,54,6,2,0,46
0x9e1ac8,98.3333%,2,118,120,118,2,0,0
0xa9e176,93.3333%,2,28,30,28,2,0,0
0x49ad4f,66.6667%,2,4,6,4,2,0,0
0x548189,99.797%,2,983,985,0,0,2,983
0x9e18c5,98.3333%,2,118,120,118,2,0,0
0xa467c7,83.3333%,2,10,12,10,2,0,0
0x50209d,98.4733%,2,129,131,49,1,1,80
0xa2a92b,98.2301%,2,111,113,111,1,1,0
0x5b2a8a,95.5556%,2,43,45,0,0,2,43
0xa4486d,97.1429%,2,68,70,0,0,2,68
0xa51690,97.1014%,2,67,69,67,2,0,0
0x9d0a3e,96.0784%,2,49,51,49,2,0,0
0x8fc440,96.9697%,2,64,66,0,0,2,64
0xa47adc,89.4737%,2,17,19,17,2,0,0
0xa479bc,77.7778%,2,7,9,7,2,0,0
0x5e437c,98.3471%,2,119,121,0,0,2,119
0xa477fe,50%,2,2,4,0,0,2,2
0x8db8af,96.9697%,2,64,66,64,2,0,0
0x96adc9,90.4762%,2,19,21,18,1,1,1
0xa41163,75%,2,6,8,0,0,2,6
0xa43c50,98.1132%,2,104,106,58,0,2,46
0xa498b5,90.9091%,2,20,22,0,0,2,20
0xa4989e,90.9091%,2,20,22,0,0,2,20
0xa49864,90.9091%,2,20,22,0,0,2,20
0xa15cd4,66.6667%,2,4,6,4,1,1,0
0x8ebc9f,50%,2,2,4,2,2,0,0
0xa41696,92%,2,23,25,23,2,0,0
0x9a12ac,98.6842%,2,150,152,0,0,2,150
0xa97742,50%,2,2,4,0,0,2,2
0x538d1b,81.8182%,2,9,11,9,2,0,0
0x9fdbd9,88.8889%,2,16,18,16,2,0,0
0x53fe3a,50%,2,2,4,0,0,2,2
0x555bda,94.7368%,2,36,38,0,0,2,36
0xa41154,92%,2,23,25,0,0,2,23
0xa41145,92%,2,23,25,0,0,2,23
0x9e1a7b,87.5%,2,14,16,5,1,1,9
0x507d2b,50%,2,2,4,0,0,2,2
0x81447f,99.6255%,2,532,534,532,2,0,0
0x973d23,98.0583%,2,101,103,101,2,0,0
0x49feee,99.9857%,2,13944,13946,0,0,2,13944
0xa474c2,95.2381%,2,40,42,0,0,2,40
0x9f95dc,97.3333%,2,73,75,0,0,2,73
0x64cd08,92%,2,23,25,23,2,0,0
0x7c5d7d,85.7143%,2,12,14,0,0,2,12
0x818b14,99.9115%,2,2258,2260,0,0,2,2258
0xa30071,99.1228%,2,226,228,0,0,2,226
0xa47346,81.8182%,2,9,11,9,2,0,0
0xa8f9ab,97.6471%,2,83,85,83,2,0,0
0x8e2b43,96.1538%,2,50,52,50,2,0,0
0x8e4bed,99.9429%,2,3499,3501,10,2,0,3489
0x540661,50%,2,2,4,0,0,2,2
0xa48300,75%,2,6,8,6,2,0,0
0x807021,99.4898%,2,390,392,0,0,2,390
0x8ab5b3,99.6283%,2,536,538,263,2,0,273
0x8a6a33,33.3333%,2,1,3,0,2,0,1
0x6dcdee,50%,2,2,4,2,2,0,0
0x7b862b,77.7778%,2,7,9,5,2,0,2
0x9ff5e8,91.6667%,2,22,24,0,0,2,22
0x9e1974,99.7531%,2,808,810,808,2,0,0
0x8eb940,99.5893%,2,485,487,485,2,0,0
0x835ee9,0%,2,0,2,0,2,0,0
0xa440f8,96.875%,2,62,64,0,0,2,62
0xa43f84,96.875%,2,62,64,0,0,2,62
0x835f31,0%,2,0,2,0,2,0,0
0xa41133,92.5926%,2,25,27,0,0,2,25
0x49f4b5,97.1429%,2,68,70,68,2,0,0
0x60ba88,88.8889%,2,16,18,12,1,1,4
0x48ebec,83.3333%,2,10,12,10,2,0,0
0x487119,0%,2,0,2,0,2,0,0
0x49f657,98.5075%,2,132,134,0,0,2,132
0xa1a283,77.7778%,2,7,9,0,0,2,7
0xa4cded,50%,2,2,4,2,2,0,0
0xa5b23e,83.3333%,2,10,12,10,2,0,0
0x9714e8,71.4286%,2,5,7,2,0,2,3
0x8c8b9b,97.5%,2,78,80,0,0,2,78
0x509fc9,99.5927%,2,489,491,489,2,0,0
0x63ef93,0%,2,0,2,0,2,0,0
0xa47bf4,95.2381%,2,40,42,0,0,2,40
0x7d27c6,97.9798%,2,97,99,0,1,1,97
0x8e96b8,0%,2,0,2,0,0,2,0
0x8deac8,98.4375%,2,126,128,126,2,0,0
0x49ae37,0%,2,0,2,0,0,2,0
0x60e716,97.4684%,2,77,79,77,2,0,0
0x606e27,75%,2,6,8,6,2,0,0
0x48145d,89.4737%,2,17,19,17,2,0,0
0x7d41b8,60%,2,3,5,3,1,1,0
0x55116d,90.4762%,2,19,21,1,2,0,18
0x66d453,99.8634%,2,1462,1464,0,0,2,1462
0xa91ad1,99.449%,2,361,363,0,0,2,361
0x4c2353,75%,2,6,8,6,2,0,0
0xa97e5e,90.9091%,2,20,22,20,0,2,0
0xa90a74,50%,2,2,4,0,0,2,2
0x8e36ab,50%,2,2,4,1,1,1,1
0x666faa,91.3043%,2,21,23,21,2,0,0
0x5031d3,0%,2,0,2,0,2,0,0
0x48ea95,99.1903%,2,245,247,245,2,0,0
0x648457,99.5526%,2,445,447,0,0,2,445
0x5456b7,99.8099%,2,1050,1052,1050,2,0,0
0x4a0193,98.0198%,2,99,101,0,0,2,99
0x5f4728,0%,2,0,2,0,2,0,0
0x53588a,91.6667%,2,22,24,3,2,0,19
0xa4862e,50%,2,2,4,2,2,0,0
0x66d422,97.6471%,2,83,85,83,2,0,0
0x5511dd,50%,2,2,4,2,2,0,0
0x66d3e8,66.6667%,2,4,6,4,2,0,0
0x9a67ba,77.7778%,2,7,9,6,1,1,1
0x9ef181,98.8506%,2,172,174,172,2,0,0
0xa2f286,94.7368%,2,36,38,0,0,2,36
0x8ec28d,99.8382%,2,1234,1236,1234,0,2,0
0x7807b1,75%,2,6,8,6,2,0,0
0x9f5953,92%,2,23,25,0,0,2,23
0x9e6264,0%,2,0,2,0,0,2,0
0x666f21,50%,2,2,4,0,0,2,2
0x9ef280,98.8506%,2,172,174,172,2,0,0
0x9bcabd,0%,2,0,2,0,2,0,0
0xa25ba7,99.8026%,2,1011,1013,1011,2,0,0
0x550dab,91.6667%,2,22,24,0,0,2,22
0x4c188c,90%,2,18,20,18,2,0,0
0x4aa9ac,77.7778%,2,7,9,0,0,2,7
0x9eee72,92.3077%,2,24,26,24,2,0,0
0xa2ed5e,93.1034%,2,27,29,0,0,2,27
0xa06331,0%,2,0,2,0,0,2,0
0x833ae5,98.4848%,2,130,132,130,2,0,0
0x908e0e,99.9532%,2,4272,4274,0,0,2,4272
0x9eedb4,99.1304%,2,228,230,0,0,2,228
0x9eed9d,66.6667%,2,4,6,0,0,2,4
0x858e70,75%,2,6,8,0,1,1,6
0x90ebda,99%,2,198,200,198,2,0,0
0xa2f314,50%,2,2,4,2,2,0,0
0x63f3bb,0%,2,0,2,0,2,0,0
0x9f4d6a,77.7778%,2,7,9,7,2,0,0
0x8e51c0,99.8687%,2,1521,1523,1521,2,0,0
0x9a977e,80%,2,8,10,0,0,2,8
0x9f41c8,93.9394%,2,31,33,31,2,0,0
0x814f80,88.8889%,2,16,18,16,2,0,0
0x8a2422,0%,2,0,2,0,2,0,0
0x5bac51,99.4709%,2,376,378,376,2,0,0
0xa3d14d,75%,2,6,8,0,0,2,6
0x8e4f04,99.6071%,2,507,509,0,0,2,507
0xa02a48,83.3333%,2,10,12,10,2,0,0
0x8ad7bd,0%,2,0,2,0,2,0,0
0x677c3c,99.4398%,2,355,357,355,2,0,0
0x8ad7a0,0%,2,0,2,0,0,2,0
0x677b9b,97.4359%,2,76,78,0,0,2,76
0x677c09,93.3333%,2,28,30,28,2,0,0
0x9f0595,99.6479%,2,566,568,0,0,2,566
0x4b85de,81.8182%,2,9,11,8,1,1,1
0x8ad769,0%,2,0,2,0,0,2,0
0x78ad7d,90.4762%,2,19,21,19,2,0,0
0x9f05a7,99.6479%,2,566,568,566,2,0,0
0x8ada98,0%,2,0,2,0,2,0,0
0x9fc0b2,99.3464%,2,304,306,304,2,0,0
0x9aa267,94.5946%,2,35,37,35,2,0,0
0x8b9afc,99.933%,2,2984,2986,73,0,2,2911
0x9a9d4b,96.2963%,2,52,54,52,2,0,0
0x5bb40b,94.2857%,2,33,35,33,0,2,0
0x5bb735,91.3043%,2,21,23,21,2,0,0
0xa978ab,80%,2,8,10,8,2,0,0
0x9e7a8c,98.5816%,2,139,141,139,2,0,0
0xa4a9a8,98.0769%,2,102,104,0,0,2,102
0xa499d7,80%,2,8,10,8,2,0,0
0x9aa1ef,94.5946%,2,35,37,0,0,2,35
0x969352,97.6744%,2,84,86,82,1,1,2
0x5474f9,0%,2,0,2,0,2,0,0
0x666d19,66.6667%,2,4,6,0,2,0,4
0xa53152,80%,2,8,10,0,2,0,8
0x4c049a,97.6744%,2,84,86,84,2,0,0
0x7826d3,66.6667%,2,4,6,0,0,2,4
0xa21b4e,0%,2,0,2,0,0,2,0
0xa080d6,50%,2,2,4,2,2,0,0
0x8efc10,98.2906%,2,115,117,3,1,1,112
0x55623a,0%,2,0,2,0,2,0,0
0x8adc24,97.7528%,2,87,89,0,0,2,87
0x9a0af1,92.8571%,2,26,28,0,0,2,26
0x677c2d,99.4398%,2,355,357,0,0,2,355
0xa5a04d,33.3333%,2,1,3,0,0,2,1
0x402f69,66.6667%,2,4,6,0,0,2,4
0x494665,50%,2,2,4,0,2,0,2
0xa5d177,91.6667%,2,22,24,0,0,2,22
0x8a65cb,88.2353%,2,15,17,0,0,2,15
0x5f53fb,83.3333%,2,10,12,10,2,0,0
0xa18a34,95.3488%,2,41,43,41,2,0,0
0x5f549e,0%,2,0,2,0,2,0,0
0x674fec,93.75%,2,30,32,0,0,2,30
0x5feae7,96.2264%,2,51,53,51,2,0,0
0x804f15,0%,2,0,2,0,2,0,0
0xa5d193,91.6667%,2,22,24,0,0,2,22
0x9d0793,96.7213%,2,59,61,59,2,0,0
0x4a13b0,96.4286%,2,54,56,0,0,2,54
0x59167b,33.3333%,2,1,3,0,0,2,1
0x59168b,33.3333%,2,1,3,0,0,2,1
0xa0a5b0,0%,2,0,2,0,0,2,0
0xa5a170,80%,2,8,10,8,2,0,0
0x973664,77.7778%,2,7,9,0,0,2,7
0xa0a592,0%,2,0,2,0,0,2,0
0xa5a133,80%,2,8,10,0,2,0,8
0xa9dd3e,0%,2,0,2,0,2,0,0
0x5e5cc5,33.3333%,2,1,3,0,0,2,1
0x5916bf,33.3333%,2,1,3,0,0,2,1
0x9d200c,98.0198%,2,99,101,99,2,0,0
0x540f4d,75%,2,6,8,0,0,2,6
0x9e5238,83.3333%,2,10,12,10,2,0,0
0x446563,99.6593%,2,585,587,0,1,1,585
0x63f3d2,0%,2,0,2,0,0,2,0
0xa5b500,77.7778%,2,7,9,0,0,2,7
0x9e725a,93.9394%,2,31,33,6,1,1,25
0x838ae1,0%,2,0,2,0,2,0,0
0x49f684,91.6667%,2,22,24,0,0,2,22
0x8ad93a,88.2353%,2,15,17,15,2,0,0
0x8c8ea3,66.6667%,2,4,6,4,2,0,0
0x9d0efa,99.2565%,2,267,269,0,0,2,267
0x984f81,83.3333%,2,10,12,0,0,2,10
0xa5b558,33.3333%,2,1,3,1,2,0,0
0x485ccd,33.3333%,2,1,3,1,2,0,0
0x5542b9,0%,2,0,2,0,0,2,0
0x68b04d,50%,2,2,4,2,2,0,0
0xaccdf6,33.3333%,2,1,3,0,2,0,1
0x485d00,33.3333%,2,1,3,1,2,0,0
0x695f7a,91.6667%,2,22,24,0,0,2,22
0x671521,0%,2,0,2,0,0,2,0
0xaaaaa7,33.3333%,2,1,3,1,1,1,0
0x556fa3,99.1903%,2,245,247,0,0,2,245
0x8df9f0,71.4286%,2,5,7,1,1,1,4
0x63f8f5,0%,2,0,2,0,2,0,0
0x971199,60%,2,3,5,3,2,0,0
0x9711d6,60%,2,3,5,0,0,2,3
0x9711f7,60%,2,3,5,0,0,2,3
0x9e3e9e,98.7013%,2,152,154,0,0,2,152
0x649316,66.6667%,2,4,6,4,2,0,0
0x5bae00,0%,2,0,2,0,0,2,0
0x4a5bc4,96.3636%,2,53,55,0,0,2,53
0xa016bb,75%,2,6,8,6,0,2,0
0xa0166b,75%,2,6,8,6,2,0,0
0x9d2ec7,97.5%,2,78,80,13,2,0,65
0x97111e,60%,2,3,5,0,0,2,3
0x9ef0c6,99.7986%,2,991,993,0,0,2,991
0x9ef332,97.5309%,2,79,81,79,2,0,0
0x5bb1e2,33.3333%,2,1,3,1,2,0,0
0x4c0dfc,93.75%,2,30,32,30,2,0,0
0x40b08e,0%,2,0,2,0,2,0,0
0x4b575a,98.0392%,2,100,102,100,2,0,0
0x8aa819,90%,2,18,20,0,0,2,18
0x5560d0,99.0148%,2,201,203,201,2,0,0
0x8dc4fa,50%,2,2,4,2,2,0,0
0x9ef2d5,96.6667%,2,58,60,58,2,0,0
0x81905d,94.1176%,2,32,34,0,0,2,32
0xa47093,90.9091%,2,20,22,20,2,0,0
0xaa483e,99.2395%,2,261,263,261,2,0,0
0xb17b03,99.8115%,2,1059,1061,1059,2,0,0
0x9fdcba,71.4286%,2,5,7,0,0,2,5
0x9d1d6a,83.3333%,2,10,12,10,2,0,0
0x5fe9bd,90.9091%,2,20,22,20,2,0,0
0x5f5657,50%,2,2,4,2,2,0,0
0x9e0b26,99.2395%,2,261,263,0,0,2,261
0x9d1c10,88.2353%,2,15,17,0,1,1,15
0x61098d,84.6154%,2,11,13,0,0,2,11
0x977c6e,98.3333%,2,118,120,118,2,0,0
0x8c8702,99.5951%,2,492,494,492,2,0,0
0x9173c6,0%,2,0,2,0,2,0,0
0x5f060d,98.3607%,2,120,122,0,0,2,120
0x90fae5,0%,2,0,2,0,0,2,0
0x80beb7,71.4286%,2,5,7,0,2,0,5
0x90fb0b,0%,2,0,2,0,2,0,0
0x970fa2,71.4286%,2,5,7,5,2,0,0
0xa3e302,75%,2,6,8,0,0,2,6
0x970fd4,71.4286%,2,5,7,3,2,0,2
0x8fce25,95.4545%,2,42,44,42,2,0,0
0x63f80f,0%,2,0,2,0,0,2,0
0x666eb3,33.3333%,2,1,3,1,2,0,0
0x64af23,96.875%,2,62,64,62,2,0,0
0xaadb17,96.875%,2,62,64,62,2,0,0
0x5bc128,0%,2,0,2,0,0,2,0
0x5bc147,99.8573%,2,1400,1402,1400,0,2,0
0x9e5262,81.8182%,2,9,11,0,0,2,9
0x8da22f,99.6672%,2,599,601,599,2,0,0
0x618b67,97.1429%,2,68,70,68,2,0,0
0x5bc84c,0%,2,0,2,0,2,0,0
0x5bc418,99.7925%,2,962,964,962,2,0,0
0x5bc4f4,99.7925%,2,962,964,0,0,2,962
0xa08089,50%,2,2,4,0,0,2,2
0x808858,99.3884%,2,325,327,0,0,2,325
0x49b311,99.9413%,2,3406,3408,3406,2,0,0
0x9fcaa2,92%,2,23,25,23,2,0,0
0x80e56b,97.2603%,2,71,73,71,2,0,0
0xa284d2,75%,2,6,8,0,0,2,6
0x627699,95.6522%,2,44,46,44,2,0,0
0x5bcbfa,99.7925%,2,962,964,962,2,0,0
0x780a16,98.5185%,2,133,135,13,1,1,120
0x627d2d,91.3043%,2,21,23,0,0,2,21
0x6d0503,93.1034%,2,27,29,0,0,2,27
0x51aeed,0%,2,0,2,0,0,2,0
0x99ee96,84.6154%,2,11,13,11,2,0,0
0x4add8a,95.6522%,2,44,46,44,2,0,0
0x49b270,0%,2,0,2,0,0,2,0
0x7c948b,50%,2,2,4,2,2,0,0
0x49b293,87.5%,2,14,16,14,0,2,0
0x5f6112,0%,2,0,2,0,0,2,0
0x96afb4,71.4286%,2,5,7,5,2,0,0
0xa15ec7,83.3333%,2,10,12,0,1,1,10
0x49b29b,87.5%,2,14,16,0,2,0,14
0x49e307,99.4152%,2,340,342,340,2,0,0
0xa37715,80%,2,8,10,8,2,0,0
0x49b2a1,85.7143%,2,12,14,12,2,0,0
0xa2aab5,98.2301%,2,111,113,0,0,2,111
0xa28610,0%,2,0,2,0,1,1,0
0x486e0d,0%,2,0,2,0,0,2,0
0x489a3f,99.4949%,2,394,396,0,0,2,394
0x9d3449,96.3636%,2,53,55,53,2,0,0
0xa3794b,80%,2,8,10,0,0,2,8
0x9cfc0b,98.2609%,2,113,115,3,1,1,110
0xa58934,96.2963%,2,52,54,0,0,2,52
0x9fd1f0,71.4286%,2,5,7,0,0,2,5
0xa39f7e,93.3333%,2,28,30,28,2,0,0
0x55de1b,0%,2,0,2,0,0,2,0
0x55b38b,99.8093%,2,1047,1049,0,0,2,1047
0x49f66c,96%,2,48,50,0,0,2,48
0xa4dfcc,50%,2,2,4,2,2,0,0
0x8e4dcc,99.3399%,2,301,303,301,2,0,0
0x64ba0a,99.8568%,2,1395,1397,0,0,2,1395
0xa2922f,87.5%,2,14,16,0,0,2,14
0xa2923a,87.5%,2,14,16,0,0,2,14
0xa294bc,87.5%,2,14,16,14,2,0,0
0x64ba2c,99.8568%,2,1395,1397,1389,1,1,6
0xa45c00,97.0149%,2,65,67,62,2,0,3
0x917b97,99%,2,198,200,198,2,0,0
0x98c995,98.1651%,2,107,109,0,0,2,107
0x8bcc85,86.6667%,2,13,15,13,2,0,0
0xa287dd,87.5%,2,14,16,14,2,0,0
0x98c980,98.1651%,2,107,109,0,0,2,107
0x5bd280,99.7925%,2,962,964,0,0,2,962
0x7dff59,75%,2,6,8,0,0,2,6
0x8ef9d6,99.5565%,2,449,451,449,2,0,0
0xa29721,50%,2,2,4,2,2,0,0
0xa02587,99.8457%,2,1294,1296,1294,2,0,0
0x409ba2,90.9091%,2,20,22,1,1,1,19
0xa35fe4,99.3464%,2,304,306,0,0,2,304
0x5bc8ad,0%,2,0,2,0,2,0,0
0x64c599,99.6344%,2,545,547,545,2,0,0
0x9ff663,60%,2,3,5,0,0,2,3
0x4aabe2,95.122%,2,39,41,0,0,2,39
0x5bd041,99.7925%,2,962,964,962,2,0,0
0x9ff228,0%,2,0,2,0,0,2,0
0x5bd0c3,99.7925%,2,962,964,920,0,2,42
0x9be6be,91.6667%,2,22,24,10,2,0,12
0x9ff6c4,91.6667%,2,22,24,0,0,2,22
0x9ff6fc,90.9091%,2,20,22,0,0,2,20
0x50bf43,98.1818%,2,108,110,0,0,2,108
0x4bce17,66.6667%,2,4,6,4,2,0,0
0x9739e4,95%,2,38,40,0,0,2,38
0x9f8045,33.3333%,2,1,3,1,2,0,0
0x486e17,0%,2,0,2,0,2,0,0
0x5bd47e,99.7382%,2,762,764,0,0,2,762
0x9ff714,0%,2,0,2,0,0,2,0
0x64bcb5,99.8871%,2,1769,1771,0,0,2,1769
0xa28726,90.4762%,2,19,21,0,0,2,19
0x7c5fd1,85.7143%,2,12,14,10,2,0,2
0xa34552,98.2301%,2,111,113,0,0,2,111
0x49dd97,92.8571%,2,26,28,0,0,2,26
0x9fe12c,92%,2,23,25,23,2,0,0
0xa2879a,87.5%,2,14,16,14,2,0,0
0x8f0c45,99%,2,198,200,0,0,2,198
0x4a8503,96.2264%,2,51,53,0,0,2,51
0x944c5a,98.8827%,2,177,179,177,2,0,0
0x8aec56,99.0338%,2,205,207,0,0,2,205
0x9e04e8,96.5517%,2,56,58,0,0,2,56
0xacdccd,0%,2,0,2,0,0,2,0
0xacdd40,0%,2,0,2,0,2,0,0
0xacc308,0%,2,0,2,0,2,0,0
0xace035,0%,2,0,2,0,2,0,0
0x8dff4c,93.75%,2,30,32,0,0,2,30
0xace0a4,0%,2,0,2,0,0,2,0
0xb17985,99.8115%,2,1059,1061,1059,2,0,0
0x63af52,99.7564%,2,819,821,819,2,0,0
0x5beaba,0%,2,0,2,0,2,0,0
0xb47201,99.92%,2,2497,2499,0,0,2,2497
0x5db5b2,50%,2,2,4,2,2,0,0
0xb17a64,99.7203%,2,713,715,713,2,0,0
0xaad9b7,98.3333%,2,118,120,0,0,2,118
0xa06e0c,96.6667%,2,58,60,20,2,0,38
0x9f3a4c,33.3333%,2,1,3,0,1,1,1
0x96b1b3,99.7795%,2,905,907,0,0,2,905
0xb17ba4,99.8115%,2,1059,1061,0,0,2,1059
0x8f45b3,96.4912%,2,55,57,55,2,0,0
0x4aca2b,71.4286%,2,5,7,5,0,2,0
0xb17bb2,99.8115%,2,1059,1061,0,0,2,1059
0xaccf49,33.3333%,2,1,3,0,2,0,1
0x8ad95e,0%,2,0,2,0,2,0,0
0x8e8dc1,99.2509%,2,265,267,0,0,2,265
0x59945c,0%,2,0,2,0,2,0,0
0x5beaa2,0%,2,0,2,0,0,2,0
0x8c7c10,85.7143%,2,12,14,12,2,0,0
0xaccb10,33.3333%,2,1,3,1,2,0,0
0xaccb67,33.3333%,2,1,3,1,2,0,0
0x951e4f,66.6667%,2,4,6,0,0,2,4
0x5fd73c,97.8261%,2,90,92,0,0,2,90
0x5960fb,84.6154%,2,11,13,0,0,2,11
0x951dfa,81.8182%,2,9,11,9,2,0,0
0x9e29eb,97.561%,2,80,82,0,0,2,80
0x951ac5,94.4444%,2,34,36,34,2,0,0
0x4bca0e,83.3333%,2,10,12,0,0,2,10
0xad4341,33.3333%,2,1,3,0,0,2,1
0x4c5c01,95.3488%,2,41,43,0,0,2,41
0x5f07c8,0%,2,0,2,0,0,2,0
0xad452d,66.6667%,2,4,6,0,1,1,4
0xad4562,60%,2,3,5,0,0,2,3
0x666109,33.3333%,2,1,3,1,1,1,0
0xa062d0,0%,2,0,2,0,1,1,0
0xa1baf0,50%,2,2,4,0,1,1,2
0x97351e,83.3333%,2,10,12,4,1,1,6
0x5ebefa,85.7143%,2,12,14,12,2,0,0
0xad4540,60%,2,3,5,3,2,0,0
0x965fb6,97.5904%,2,81,83,0,0,2,81
0x5be275,97.6471%,2,83,85,83,2,0,0
0x5efb92,83.3333%,2,10,12,10,2,0,0
0x5be463,98.8235%,2,168,170,168,2,0,0
0x8ee151,75%,2,6,8,0,0,2,6
0x9f221c,80%,2,8,10,8,0,2,0
0x48723e,99.1266%,2,227,229,0,0,2,227
0x487223,97.8495%,2,91,93,0,2,0,91
0x9fcd8f,71.4286%,2,5,7,0,0,2,5
0x9f171e,97.8947%,2,93,95,4,1,1,89
0xa45f2d,33.3333%,2,1,3,1,2,0,0
0xa355d3,99.3377%,2,300,302,0,0,2,300
0xa48c72,98.8024%,2,165,167,0,0,2,165
0x491b85,0%,2,0,2,0,1,1,0
0x5be66f,98.8235%,2,168,170,83,2,0,85
0x6815f5,66.6667%,2,4,6,0,0,2,4
0x8e8dd2,99.8382%,2,1234,1236,1234,0,2,0
0x5ffeb0,99.7608%,2,834,836,834,2,0,0
0x8fe3db,99.3958%,2,329,331,0,0,2,329
0x486e9a,0%,2,0,2,0,0,2,0
0xb2303e,98.7013%,2,152,154,152,2,0,0
0x8aea29,99.0783%,2,215,217,0,0,2,215
0x4ac8aa,86.6667%,2,13,15,0,0,2,13
0x805429,0%,2,0,2,0,0,2,0
0x8ef92b,99.5565%,2,449,451,0,0,2,449
0x80c9a9,99.2908%,2,280,282,270,2,0,10
0x48c659,0%,2,0,2,0,0,2,0
0xa30f99,60%,2,3,5,2,1,1,1
0xacd83f,0%,2,0,2,0,2,0,0
0x805316,0%,2,0,2,0,0,2,0
0x810470,99.639%,2,552,554,18,2,0,534
0x9f598c,99.1489%,2,233,235,0,0,2,233
0xa4d309,94.4444%,2,34,36,34,2,0,0
0xa2e261,99.0868%,2,217,219,217,2,0,0
0x9f115f,99.2933%,2,281,283,0,0,2,281
0x5f6304,50%,2,2,4,0,0,2,2
0xb2304a,98.7013%,2,152,154,0,0,2,152
0xaa5c5c,94.1176%,2,32,34,32,2,0,0
0x9fb1be,94.5946%,2,35,37,35,2,0,0
0xb230df,98.7013%,2,152,154,152,2,0,0
0x4fdab0,99.373%,2,317,319,3,1,1,314
0xaa5cd4,94.1176%,2,32,34,9,1,1,23
0x4fdbbb,96.6667%,2,58,60,0,0,2,58
0x9fe9e7,33.3333%,2,1,3,0,0,2,1
0x5f5d58,0%,2,0,2,0,2,0,0
0xa9d366,95.2381%,2,40,42,39,1,1,1
0x5e59c9,33.3333%,2,1,3,1,2,0,0
0x6672e0,93.5484%,2,29,31,0,0,2,29
0xa9d3a3,92.3077%,2,24,26,18,0,2,6
0x6cd01f,66.6667%,2,4,6,4,2,0,0
0xaad2cf,33.3333%,2,1,3,1,2,0,0
0x8e0b74,99.8988%,2,1975,1977,0,0,2,1975
0xaad2c4,33.3333%,2,1,3,1,2,0,0
0xa9f19e,89.4737%,2,17,19,17,2,0,0
0xa51fc6,0%,2,0,2,0,0,2,0
0x67f530,98.7805%,2,162,164,162,2,0,0
0x8f289f,95.4545%,2,42,44,42,2,0,0
0x4bbcf4,99.7904%,2,952,954,952,2,0,0
0x4bb2f8,86.6667%,2,13,15,13,2,0,0
0x9f86ee,33.3333%,2,1,3,0,0,2,1
0xa58a65,98.5507%,2,136,138,0,0,2,136
0x58d318,97.8261%,2,90,92,0,0,2,90
0x9fe812,33.3333%,2,1,3,1,2,0,0
0x9fe4e7,33.3333%,2,1,3,1,2,0,0
0x9bd5d2,91.6667%,2,22,24,11,1,1,11
0x5d1a5f,96.7742%,2,60,62,0,0,2,60
0xa352ee,88.8889%,2,16,18,7,2,0,9
0x546295,99.4286%,2,348,350,0,0,2,348
0x63ae5e,99.1701%,2,239,241,239,2,0,0
0x943d0b,75%,2,6,8,6,2,0,0
0xa58fab,98.3193%,2,117,119,0,0,2,117
0x61cd83,86.6667%,2,13,15,10,0,2,3
0x63d177,99%,2,198,200,198,2,0,0
0xa9ed23,97.5309%,2,79,81,79,2,0,0
0x8038d0,0%,2,0,2,0,2,0,0
0x9a600c,85.7143%,2,12,14,0,0,2,12
0x9fe182,92%,2,23,25,0,0,2,23
0x70c269,66.6667%,2,4,6,0,0,2,4
0xa561f5,99.5227%,2,417,419,0,0,2,417
0x9fe469,33.3333%,2,1,3,0,0,2,1
0x9fe177,92%,2,23,25,0,0,2,23
0x9fc89f,71.4286%,2,5,7,0,0,2,5
0x98d091,71.4286%,2,5,7,5,2,0,0
0x60c642,71.4286%,2,5,7,3,0,2,2
0x9d086c,96.0784%,2,49,51,49,2,0,0
0xa025be,99.866%,2,1490,1492,0,0,2,1490
0x5b178b,80%,2,8,10,8,2,0,0
0xaa4629,97.9798%,2,97,99,97,2,0,0
0x4947e0,0%,2,0,2,0,2,0,0
0xa336d5,99.3548%,2,308,310,0,0,2,308
0x9fb863,99.0698%,2,213,215,213,2,0,0
0x9ed2c7,96.4912%,2,55,57,55,2,0,0
0x5bbd21,66.6667%,2,4,6,0,2,0,4
0xa9cfcf,50%,2,2,4,0,2,0,2
0x8aac97,80%,2,8,10,0,0,2,8
0x9f4865,50%,2,2,4,0,0,2,2
0xa9d051,90%,2,18,20,18,0,2,0
0x5ff137,94.8718%,2,37,39,37,2,0,0
0x819984,99.3671%,2,314,316,0,0,2,314
0xa42918,99.7961%,2,979,981,0,0,2,979
0x8bf1a8,0%,2,0,2,0,2,0,0
0xa9d082,0%,2,0,2,0,2,0,0
0x908d82,99.639%,2,552,554,0,0,2,552
0x8f7c0f,98.7261%,2,155,157,154,1,1,1
0x67f33b,98.4127%,2,124,126,0,0,2,124
0x9fb81f,99.3464%,2,304,306,0,0,2,304
0x6a3a6b,92.3077%,2,24,26,0,0,2,24
0x4ba956,93.5484%,2,29,31,29,2,0,0
0xa64d11,50%,2,2,4,2,2,0,0
0x90dc99,93.3333%,2,28,30,0,0,2,28
0xa4f4ef,94.7368%,2,36,38,36,2,0,0
0x81510c,60%,2,3,5,3,0,2,0
0x90e198,99.6683%,2,601,603,0,0,2,601
0xa0734f,77.7778%,2,7,9,0,0,2,7
0xa9d408,90%,2,18,20,0,0,2,18
0x546621,50%,2,2,4,0,0,2,2
0x8e96a8,99.8584%,2,1410,1412,0,2,0,1410
0xa9d72f,90%,2,18,20,0,0,2,18
0x404992,98.4496%,2,127,129,125,0,2,2
0x638e45,99.6344%,2,545,547,545,2,0,0
0xb0a707,99.4203%,2,343,345,0,0,2,343
0x40b038,0%,2,0,2,0,0,2,0
0xa54e5d,96.7213%,2,59,61,0,0,2,59
0xa17fd3,99.6667%,2,598,600,0,0,2,598
0x7cf816,75%,2,6,8,6,2,0,0
0x9fccf4,71.4286%,2,5,7,5,2,0,0
0xa91c47,98.0198%,2,99,101,0,0,2,99
0x9fe45a,98.4733%,2,129,131,129,2,0,0
0x5bb3a5,0%,2,0,2,0,0,2,0
0x638fc4,99.4083%,2,336,338,0,0,2,336
0xa91b6b,98.5401%,2,135,137,135,2,0,0
0x4b394c,50%,2,2,4,2,2,0,0
0xa9f3cf,87.5%,2,14,16,14,2,0,0
0xa43058,50%,2,2,4,0,0,2,2
0xa9db93,0%,2,0,2,0,2,0,0
0x5cd897,50%,2,2,4,2,2,0,0
0xaa7f74,33.3333%,2,1,3,0,0,2,1
0xa02232,99.8627%,2,1455,1457,0,0,2,1455
0x5edd23,71.4286%,2,5,7,5,2,0,0
0x723653,99.8617%,2,1444,1446,0,0,2,1444
0xa21b7e,0%,2,0,2,0,0,2,0
0x63c7ef,99.7919%,2,959,961,959,2,0,0
0x5e39e4,33.3333%,2,1,3,1,2,0,0
0xa34f52,98.6486%,2,146,148,146,2,0,0
0x9f2a73,60%,2,3,5,3,2,0,0
0xa5b436,50%,2,2,4,2,2,0,0
0x4c5d2d,90.4762%,2,19,21,19,2,0,0
0x4929d9,98.7879%,2,163,165,0,0,2,163
0x4c985d,80%,2,8,10,8,2,0,0
0x9099b1,99.8923%,2,1855,1857,1855,2,0,0
0xa93e79,83.3333%,2,10,12,10,2,0,0
0xaa7f6c,33.3333%,2,1,3,0,0,2,1
0x4c64bd,92.8571%,2,26,28,0,0,2,26
0x8b9ac0,99.9159%,2,2376,2378,11,1,1,2365
0xa58906,98.2759%,2,114,116,0,0,2,114
0x7826e1,66.6667%,2,4,6,0,0,2,4
0x6497b6,0%,2,0,2,0,0,2,0
0x4b9cd9,90.4762%,2,19,21,19,2,0,0
0x8efd9c,98.2906%,2,115,117,0,0,2,115
0x65b1a6,84.6154%,2,11,13,11,2,0,0
0x63ba94,99.8469%,2,1304,1306,1304,2,0,0
0xa4ccbb,50%,2,2,4,0,0,2,2
0x7d4435,0%,2,0,2,0,0,2,0
0xa4704d,90.9091%,2,20,22,20,2,0,0
0x53dc8d,80%,2,8,10,8,2,0,0
0x556f41,96.3636%,2,53,55,0,0,2,53
0x63b55a,99.8469%,2,1304,1306,0,0,2,1304
0xa4c949,50%,2,2,4,2,2,0,0
0xa52d55,99.4429%,2,357,359,357,2,0,0
0x9e39da,75%,2,6,8,6,2,0,0
0xa4a38a,93.5484%,2,29,31,16,2,0,13
0x5e0bdd,50%,2,2,4,2,2,0,0
0x5af6ce,77.7778%,2,7,9,0,0,2,7
0x976eaf,60%,2,3,5,1,1,1,2
0xa96578,50%,2,2,4,2,2,0,0
0x6ccbd9,99.7912%,2,956,958,0,0,2,956
0x5f26ed,89.4737%,2,17,19,17,0,2,0
0xa95ff1,92.3077%,2,24,26,0,0,2,24
0xa5c6f4,66.6667%,2,4,6,0,0,2,4
0x6d9a9d,75%,2,6,8,6,2,0,0
0x667546,0%,2,0,2,0,0,2,0
0xa978fb,80%,2,8,10,8,2,0,0
0x63bbee,99.7919%,2,959,961,0,0,2,959
0x9f40f1,33.3333%,2,1,3,1,2,0,0
0x9f5d10,92.8571%,2,26,28,0,0,2,26
0x8e5a87,99.5381%,2,431,433,431,2,0,0
0xa95d6c,88.8889%,2,16,18,16,2,0,0
0x70c02b,66.6667%,2,4,6,4,2,0,0
0x9e37cb,92%,2,23,25,23,2,0,0
0x6f4630,66.6667%,2,4,6,4,2,0,0
0x70c187,66.6667%,2,4,6,0,0,2,4
0x9e379c,92%,2,23,25,23,2,0,0
0x70c1e0,66.6667%,2,4,6,4,2,0,0
0x70c279,66.6667%,2,4,6,0,0,2,4
0xa90435,99.5122%,2,408,410,0,0,2,408
0x8e37e1,98.7421%,2,157,159,157,2,0,0
0x9d0b63,96.0784%,2,49,51,0,0,2,49
0x9fcc48,92%,2,23,25,17,1,1,6
0x814dc3,99.815%,2,1079,1081,1079,1,1,0
0x808ba6,99.3939%,2,328,330,0,0,2,328
0x9fcb47,92%,2,23,25,23,2,0,0
0x63acf1,99.4792%,2,382,384,382,2,0,0
0xa49a4d,50%,2,2,4,2,2,0,0
0x9fccb0,71.4286%,2,5,7,0,0,2,5
0x63ae22,99.1701%,2,239,241,239,2,0,0
0x9fcad8,92%,2,23,25,23,2,0,0
0x4b9f2a,99.4118%,2,338,340,106,2,0,232
0x4ab740,93.5484%,2,29,31,29,2,0,0
0x63d50b,99.7429%,2,776,778,776,2,0,0
0x9fe2f6,80%,2,8,10,8,2,0,0
0x9fe941,94.5946%,2,35,37,0,0,2,35
0x9e0b63,99.2218%,2,255,257,0,0,2,255
0xa53d38,98.7805%,2,162,164,162,2,0,0
0xa1a1aa,60%,2,3,5,0,0,2,3
0x78089e,0%,2,0,2,0,2,0,0
0x9fcbbb,88.8889%,2,16,18,0,0,2,16
0x4a97a4,86.6667%,2,13,15,10,1,1,3
0x5d7b20,50%,2,2,4,2,2,0,0
0x5046de,88.8889%,2,16,18,16,2,0,0
0x9fd1eb,71.4286%,2,5,7,0,0,2,5
0x4b6503,98.2609%,2,113,115,113,2,0,0
0x9fd1e1,71.4286%,2,5,7,0,0,2,5
0x9fd023,71.4286%,2,5,7,5,2,0,0
0x9fcec7,92%,2,23,25,23,2,0,0
0x9fcd41,71.4286%,2,5,7,5,2,0,0
0x40bafd,98.6667%,2,148,150,0,0,2,148
0x9ee5b1,97.0149%,2,65,67,65,2,0,0
0x8dcc3d,99.913%,2,2297,2299,2297,2,0,0
0x9fcd20,71.4286%,2,5,7,5,2,0,0
0x6f09ef,87.5%,2,14,16,0,0,2,14
0x697973,96.4286%,2,54,56,0,0,2,54
0x838af7,66.6667%,2,4,6,1,0,2,3
0x67f35e,0%,2,0,2,0,2,0,0
0x49c0b9,50%,2,2,4,2,2,0,0
0xa34b66,97.3333%,2,73,75,73,2,0,0
0x9e3cd7,85.7143%,2,12,14,0,0,2,12
0x5af7cc,95.4545%,2,42,44,42,2,0,0
0x9ee33b,98.1818%,2,108,110,0,0,2,108
0xa58dd2,98.2759%,2,114,116,0,0,2,114
0x53d9fc,99.8763%,2,1615,1617,0,0,2,1615
0xa39511,99.7238%,2,722,724,722,2,0,0
0x8bc85d,93.75%,2,30,32,30,2,0,0
0xa91a76,98.9744%,2,193,195,0,0,2,193
0x973e9a,91.6667%,2,22,24,12,0,2,10
0xa50b7b,89.4737%,2,17,19,1,2,0,16
0x815389,0%,2,0,2,0,2,0,0
0x6dcea7,50%,2,2,4,0,0,2,2
0x64b0bd,99.9893%,2,18729,18731,18729,2,0,0
0xa91a90,98.9744%,2,193,195,0,0,2,193
0xa3940c,92.8571%,2,26,28,0,0,2,26
0x8084ee,75%,2,6,8,4,0,2,2
0x80ae6f,94.2857%,2,33,35,0,0,2,33
0x6923c2,90.9091%,2,20,22,9,1,1,11
0x9e761b,99.1701%,2,239,241,53,1,1,186
0x4a8cc9,95.2381%,2,40,42,1,2,0,39
0xa58552,96.6102%,2,57,59,0,0,2,57
0xa586c8,98.7952%,2,164,166,158,0,2,6
0x494305,98.0952%,2,103,105,103,2,0,0
0x90be08,98.8636%,2,174,176,0,0,2,174
0x90c889,97.4359%,2,76,78,0,0,2,76
0x90ad42,94.1176%,2,32,34,0,0,2,32
0x556aa9,50%,2,2,4,2,2,0,0
0x9e7882,99.3174%,2,291,293,0,0,2,291
0x81b648,0%,2,0,2,0,0,2,0
0xa56e34,0%,2,0,2,0,0,2,0
0xa074c0,95.6522%,2,44,46,0,0,2,44
0xa3bded,75%,2,6,8,0,0,2,6
0x97bc03,97.1014%,2,67,69,67,0,2,0
0x686dbf,97.5904%,2,81,83,0,0,2,81
0x6d44b0,81.8182%,2,9,11,0,0,2,9
0xa04b8e,95.2381%,2,40,42,0,0,2,40
0x90e665,99.7805%,2,909,911,0,0,2,909
0x8e7709,83.3333%,2,10,12,10,2,0,0
0x90e67c,99.7805%,2,909,911,909,2,0,0
0x5b52fe,0%,2,0,2,0,2,0,0
0x5e78ce,97.2603%,2,71,73,71,2,0,0
0x80a610,0%,2,0,2,0,0,2,0
0x555c9b,94.7368%,2,36,38,36,2,0,0
0x49ff2d,99.9563%,2,4571,4573,0,0,2,4571
0x6197de,97.3333%,2,73,75,73,2,0,0
0x95b5c5,75%,2,6,8,6,2,0,0
0x8f033e,98.2906%,2,115,117,115,2,0,0
0x9e7b8d,0%,2,0,2,0,2,0,0
0xa0a632,75%,2,6,8,0,2,0,6
0xa5ab04,71.4286%,2,5,7,0,0,2,5
0x9d0385,98.6755%,2,149,151,149,2,0,0
0x9f12c1,80%,2,8,10,8,2,0,0
0x9d07f6,96.7742%,2,60,62,59,2,0,1
0x7c7bb5,97.9381%,2,95,97,12,2,0,83
0xa90dfc,50%,2,2,4,0,0,2,2
0x50956e,71.4286%,2,5,7,0,0,2,5
0xa362b4,99.3266%,2,295,297,0,0,2,295
0x48775c,91.6667%,2,22,24,0,0,2,22
0xa458c3,99.7097%,2,687,689,687,2,0,0
0x9d0655,96.7742%,2,60,62,0,0,2,60
0xa63c33,99.631%,2,540,542,0,2,0,540
0x9d0446,98.9071%,2,181,183,147,0,2,34
0x8ea142,99.9192%,2,2472,2474,0,0,2,2472
0x88dfaf,66.6667%,2,4,6,0,0,2,4
0x5f5a4d,0%,2,0,2,0,0,2,0
0x509b5c,99.8934%,2,1874,1876,0,0,2,1874
0x96c151,99.1903%,2,245,247,245,2,0,0
0x8116e7,99.6764%,2,616,618,0,0,2,616
0xa3ff02,83.3333%,2,10,12,0,0,2,10
0xa99d51,81.8182%,2,9,11,0,0,2,9
0x4c5328,99.3197%,2,292,294,0,0,2,292
0xa3fedb,66.6667%,2,4,6,0,0,2,4
0xa28fd1,87.5%,2,14,16,0,0,2,14
0xa64c84,75%,2,6,8,0,2,0,6
0xa1b5c9,50%,2,2,4,2,2,0,0
0x90a935,97.5904%,2,81,83,0,0,2,81
0xa9b8ce,90%,2,18,20,2,1,1,16
0x5b15c2,92.8571%,2,26,28,17,0,2,9
0x9eb75c,98.8095%,2,166,168,0,1,1,166
0xa1b5a2,60%,2,3,5,1,0,2,2
0x5068be,98.5294%,2,134,136,134,2,0,0
0x6cdb4e,66.6667%,2,4,6,4,2,0,0
0xa1b592,75%,2,6,8,6,2,0,0
0x5d8b4e,80%,2,8,10,0,0,2,8
0x5d8c65,80%,2,8,10,8,2,0,0
0x9f1729,97.7778%,2,88,90,0,0,2,88
0x9fc0fd,99.3464%,2,304,306,0,0,2,304
0x5d13a6,90%,2,18,20,18,2,0,0
0x97b8c7,95.122%,2,39,41,0,0,2,39
0x906acd,99.4413%,2,356,358,356,2,0,0
0x61083a,84.6154%,2,11,13,0,0,2,11
0x8ad913,96.4912%,2,55,57,0,2,0,55
0xa36c68,0%,2,0,2,0,0,2,0
0xa398c4,85.7143%,2,12,14,12,2,0,0
0xa396da,85.7143%,2,12,14,0,0,2,12
0x8e94ec,50%,2,2,4,2,2,0,0
0xa3948d,85.7143%,2,12,14,0,0,2,12
0x66755f,0%,2,0,2,0,2,0,0
0x90aa02,96.4912%,2,55,57,55,2,0,0
0x8e5ee9,93.75%,2,30,32,0,0,2,30
0x9e8247,0%,2,0,2,0,2,0,0
0xa96a60,90.4762%,2,19,21,0,0,2,19
0x649db0,0%,2,0,2,0,2,0,0
0x9110c8,96.2264%,2,51,53,0,0,2,51
0x9e7057,71.4286%,2,5,7,5,2,0,0
0x8e949b,0%,2,0,2,0,2,0,0
0x9e7237,93.9394%,2,31,33,31,2,0,0
0xa1b17b,60%,2,3,5,3,2,0,0
0x5dae37,50%,2,2,4,2,2,0,0
0xa58f7f,98.3193%,2,117,119,117,2,0,0
0xa05684,60%,2,3,5,0,1,1,3
0x9017e4,92.5926%,2,25,27,0,0,2,25
0x5bc3be,91.3043%,2,21,23,0,0,2,21
0x686820,98.7421%,2,157,159,0,0,2,157
0xa99caf,50%,2,2,4,2,2,0,0
0x9e8659,95.122%,2,39,41,0,0,2,39
0x81ea7b,99.8332%,2,1197,1199,0,0,2,1197
0x6752d5,33.3333%,2,1,3,0,0,2,1
0xa93956,81.8182%,2,9,11,9,2,0,0
0x8a233f,0%,2,0,2,0,0,2,0
0xa91790,93.75%,2,30,32,30,2,0,0
0xa917cc,93.75%,2,30,32,30,2,0,0
0x49a0de,93.75%,2,30,32,0,0,2,30
0x9e389f,92%,2,23,25,23,2,0,0
0xa918f4,88.2353%,2,15,17,0,0,2,15
0x90e7b5,99.6683%,2,601,603,0,0,2,601
0x9f32ee,99.4819%,2,384,386,0,0,2,384
0xa58590,98.3193%,2,117,119,0,0,2,117
0xa39b97,99.6711%,2,606,608,0,0,2,606
0x9e1606,92.5926%,2,25,27,0,0,2,25
0x9e77a9,71.4286%,2,5,7,0,0,2,5
0x8e7e4d,99.1071%,2,222,224,0,0,2,222
0x8ecacc,0%,2,0,2,0,2,0,0
0xa98121,96.4912%,2,55,57,0,2,0,55
0x8fce08,95.4545%,2,42,44,0,0,2,42
0x5f1cf9,71.4286%,2,5,7,0,0,2,5
0x9e6e36,66.6667%,2,4,6,2,2,0,2
0x977442,88.8889%,2,16,18,4,2,0,12
0x9e3da0,81.8182%,2,9,11,0,0,2,9
0x789167,80%,2,8,10,0,0,2,8
0xa3a22d,99.6992%,2,663,665,0,0,2,663
0x91776c,98.9362%,2,186,188,0,0,2,186
0x5f1fce,93.9394%,2,31,33,31,2,0,0
0x8db8f2,99.3651%,2,313,315,0,0,2,313
0x90a49b,95.4545%,2,42,44,42,2,0,0
0x40ebff,98.374%,2,121,123,121,2,0,0
0xa34d8d,99.2453%,2,263,265,0,0,2,263
0xa0181b,50%,2,2,4,1,1,1,1
0x99d32b,77.7778%,2,7,9,0,0,2,7
0x9f091d,99.8008%,2,1002,1004,1002,2,0,0
0x9e736a,99.3127%,2,289,291,289,2,0,0
0x9e731d,99.3127%,2,289,291,289,2,0,0
0x5c4500,94.5946%,2,35,37,35,2,0,0
0x544933,99.4083%,2,336,338,336,0,2,0
0x4919e0,0%,2,0,2,0,0,2,0
0x8bcb21,97.8022%,2,89,91,0,0,2,89
0xa59364,92.8571%,2,26,28,0,0,2,26
0x90fd08,98.8304%,2,169,171,169,2,0,0
0xa180a7,99.7097%,2,687,689,0,0,2,687
0x6f45df,66.6667%,2,4,6,4,2,0,0
0x9e7d7b,91.6667%,2,22,24,0,0,2,22
0x64cbe5,99.6448%,2,561,563,561,2,0,0
0x837a26,90%,2,18,20,0,0,2,18
0x9e7d12,91.6667%,2,22,24,22,2,0,0
0x9e7766,71.4286%,2,5,7,5,2,0,0
0x8c9443,98.3193%,2,117,119,117,2,0,0
0x5423ba,99.0868%,2,217,219,0,0,2,217
0x9e7004,95.6522%,2,44,46,44,2,0,0
0x9116d1,98.8304%,2,169,171,0,0,2,169
0x94b16b,99.0338%,2,205,207,0,0,2,205
0x9e6fa8,97.8495%,2,91,93,91,2,0,0
0x542f34,99.9034%,2,2068,2070,2068,2,0,0
0x90a0f8,95.4545%,2,42,44,42,2,0,0
0x8ee7d1,94.8718%,2,37,39,0,0,2,37
0x81eac1,99.403%,2,333,335,0,0,2,333
0x8c873d,95.4545%,2,42,44,0,0,2,42
0x5fef2b,95.8333%,2,46,48,46,2,0,0
0xa9eca7,50%,2,2,4,2,2,0,0
0x7c716d,96.1538%,2,50,52,6,2,0,44
0x9e6ea7,75%,2,6,8,6,2,0,0
0x5f2187,94.4444%,2,34,36,34,2,0,0
0x59c636,66.6667%,2,4,6,0,0,2,4
0x81a0ab,97.8022%,2,89,91,0,0,2,89
0x7b0551,50%,2,2,4,0,1,1,2
0x5f4234,71.4286%,2,5,7,5,2,0,0
0x5f4227,71.4286%,2,5,7,0,0,2,5
0x5f408f,50%,2,2,4,0,0,2,2
0x5f4042,71.4286%,2,5,7,2,1,1,3
0x5f3e0f,50%,2,2,4,0,0,2,2
0x58dc31,66.6667%,2,4,6,0,0,2,4
0x402509,98.7805%,2,162,164,0,0,2,162
0x5f3d56,50%,2,2,4,2,2,0,0
0x5f3cc5,50%,2,2,4,2,2,0,0
0x5f3c65,71.4286%,2,5,7,3,1,1,2
0x4ba60f,0%,2,0,2,0,2,0,0
0x8aacc9,90.9091%,2,20,22,0,0,2,20
0x554e1f,98.5915%,2,140,142,0,0,2,140
0x5f2007,93.9394%,2,31,33,0,0,2,31
0x40a6c2,92.3077%,2,24,26,24,2,0,0
0x5f1efc,94.4444%,2,34,36,0,0,2,34
0xa9646d,91.6667%,2,22,24,0,0,2,22
0x5f1e71,94.4444%,2,34,36,2,1,1,32
0x4850a3,95.5556%,2,43,45,0,0,2,43
0x5f3aab,71.4286%,2,5,7,0,0,2,5
0x8f2880,95.4545%,2,42,44,42,2,0,0
0x554fc4,33.3333%,2,1,3,1,2,0,0
0x647c7b,95.3488%,2,41,43,41,2,0,0
0x5f1ced,71.4286%,2,5,7,0,0,2,5
0x5f30b1,0%,2,0,2,0,0,2,0
0x5bd0af,99.7925%,2,962,964,962,2,0,0
0x5f18f7,0%,2,0,2,0,2,0,0
0x6475ff,90.4762%,2,19,21,19,2,0,0
0x48d09c,92.8571%,2,26,28,0,0,2,26
0x9bd6b7,91.6667%,2,22,24,12,0,2,10
0x9bd688,91.6667%,2,22,24,22,2,0,0
0x9bd674,91.6667%,2,22,24,0,0,2,22
0x9bd631,94.4444%,2,34,36,10,2,0,24
0x9e831b,92%,2,23,25,23,2,0,0
0x9bd627,94.4444%,2,34,36,0,0,2,34
0x9be6af,95.8333%,2,46,48,0,0,2,46
0xa48317,99.1736%,2,240,242,0,0,2,240
0x9bdc73,96.3636%,2,53,55,53,2,0,0
0x8a60e4,99.3921%,2,327,329,327,2,0,0
0x50e169,95.2381%,2,40,42,40,2,0,0
0x9bd32c,96.8254%,2,61,63,0,0,2,61
0x9bd20b,96.3636%,2,53,55,0,0,2,53
0x548622,99.915%,2,2351,2353,2351,2,0,0
0x51b86c,99.7917%,2,958,960,958,2,0,0
0x6475e7,90.4762%,2,19,21,0,0,2,19
0x670d05,0%,2,0,2,0,0,2,0
0x9bd0f5,97.2222%,2,70,72,70,2,0,0
0x492ab9,96%,2,48,50,48,2,0,0
0x4929b9,0%,2,0,2,0,0,2,0
0x5f4937,0%,2,0,2,0,2,0,0
0x8d4178,97.1831%,2,69,71,0,0,2,69
0x94cff4,95.7447%,2,45,47,45,2,0,0
0x6471d1,90.4762%,2,19,21,0,0,2,19
0x6471a9,90.4762%,2,19,21,19,2,0,0
0x5f4659,0%,2,0,2,0,2,0,0
0xa4773d,95.2381%,2,40,42,0,0,2,40
0x51161a,99.8907%,2,1828,1830,1828,2,0,0
0xa3d65a,75%,2,6,8,6,2,0,0
0x5f390b,33.3333%,2,1,3,1,2,0,0
0xa56ff2,97.561%,2,80,82,0,0,2,80
0xa44768,96.1538%,2,50,52,0,0,2,50
0x8da226,99.6672%,2,599,601,0,0,2,599
0x5f54e6,66.6667%,2,4,6,4,2,0,0
0x6dce1a,50%,2,2,4,2,2,0,0
0x8dd3d4,88.8889%,2,16,18,16,2,0,0
0xa57c23,96.7213%,2,59,61,1,1,1,58
0xa570e6,93.5484%,2,29,31,0,0,2,29
0x59f9c9,50%,2,2,4,2,2,0,0
0x49c251,50%,2,2,4,2,2,0,0
0xa5730e,95.122%,2,39,41,39,2,0,0
0x4b5718,0%,2,0,2,0,2,0,0
0xa99e01,86.6667%,2,13,15,13,2,0,0
0xa5748c,97.8022%,2,89,91,89,2,0,0
0x4c269c,84.6154%,2,11,13,0,0,2,11
0x817157,0%,2,0,2,0,0,2,0
0x5c562a,60%,2,3,5,0,0,2,3
0x59f0f0,75%,2,6,8,4,0,2,2
0xa46460,98.9637%,2,191,193,0,0,2,191
0x811cf2,99.2395%,2,261,263,0,0,2,261
0x80e7a2,98.6667%,2,148,150,0,0,2,148
0x8226f5,99.7845%,2,926,928,0,0,2,926
0x5a91c8,93.9394%,2,31,33,31,2,0,0
0x9ec25c,66.6667%,2,4,6,4,2,0,0
0x9ec4b3,33.3333%,2,1,3,0,0,2,1
0x9ec3b7,95%,2,38,40,38,2,0,0
0x8f6bc3,98.1651%,2,107,109,107,2,0,0
0xa0177e,95%,2,38,40,0,0,2,38
0x81b9a3,99.0291%,2,204,206,0,2,0,204
0x9ec1a7,96.4286%,2,54,56,54,2,0,0
0x94d732,99.6454%,2,562,564,562,2,0,0
0x9eb070,98.1651%,2,107,109,107,2,0,0
0xa08796,75%,2,6,8,0,0,2,6
0xab3303,95.2381%,2,40,42,0,0,2,40
0x81fba0,99.3808%,2,321,323,0,0,2,321
0x6474e1,90.4762%,2,19,21,19,2,0,0
0x8050dd,86.6667%,2,13,15,13,2,0,0
0x608bad,99%,2,198,200,0,0,2,198
0x409eee,98.4375%,2,126,128,0,0,2,126
0x491b68,97.4684%,2,77,79,0,2,0,77
0x58f96c,90.4762%,2,19,21,19,2,0,0
0x491b3a,0%,2,0,2,0,0,2,0
0x81e4fa,99.6383%,2,551,553,551,2,0,0
0x491522,98.7342%,2,156,158,0,0,2,156
0x534082,0%,2,0,2,0,0,2,0
0xa93934,81.8182%,2,9,11,9,2,0,0
0x4103c8,33.3333%,2,1,3,1,2,0,0
0x4914be,98.7578%,2,159,161,0,2,0,159
0x9bd9ee,83.3333%,2,10,12,0,0,2,10
0x491478,98.7342%,2,156,158,156,2,0,0
0x491418,33.3333%,2,1,3,1,2,0,0
0x51b2c8,89.4737%,2,17,19,17,2,0,0
0x494fb9,66.6667%,2,4,6,0,0,2,4
0x58e467,60%,2,3,5,0,0,2,3
0x49a41b,66.6667%,2,4,6,4,2,0,0
0x8a6f4c,99.5204%,2,415,417,415,2,0,0
0x511eb7,99.8824%,2,1698,1700,0,0,2,1698
0x80b7ce,94.4444%,2,34,36,0,2,0,34
0x58bcb1,96.7213%,2,59,61,59,2,0,0
0x804bd7,80%,2,8,10,8,1,1,0
0xa57739,92.8571%,2,26,28,0,0,2,26
0x4a8750,0%,2,0,2,0,2,0,0
0x9d6855,0%,2,0,2,0,0,2,0
0x99cf24,77.7778%,2,7,9,7,2,0,0
0x47f821,89.4737%,2,17,19,0,0,2,17
0x5b208f,88.8889%,2,16,18,16,2,0,0
0xaae78e,95.7447%,2,45,47,45,2,0,0
0x8bd80a,90%,2,18,20,11,1,1,7
0x9be59f,99.4792%,2,382,384,0,2,0,382
0x5b163c,80%,2,8,10,0,0,2,8
0xaa86f2,89.4737%,2,17,19,17,2,0,0
0x5a8829,0%,2,0,2,0,0,2,0
0x94d145,95.7447%,2,45,47,45,2,0,0
0x94d12b,95.7447%,2,45,47,0,0,2,45
0x94cfa8,95.7447%,2,45,47,45,2,0,0
0x40ac3f,92%,2,23,25,0,0,2,23
0x94ce82,95.7447%,2,45,47,45,2,0,0
0x8e02c4,99.6491%,2,568,570,0,0,2,568
0x9498aa,97.4684%,2,77,79,77,2,0,0
0xa3da34,75%,2,6,8,0,0,2,6
0x54d69e,90%,2,18,20,0,0,2,18
0x8ab5af,99.6283%,2,536,538,0,0,2,536
0x8f1648,98.5075%,2,132,134,132,2,0,0
0x5b3012,80%,2,8,10,0,0,2,8
0x5b18b8,85.7143%,2,12,14,12,2,0,0
0x490cad,90%,2,18,20,3,0,2,15
0x5b4131,90%,2,18,20,18,2,0,0
0x5bda37,75%,2,6,8,2,2,0,4
0x490e9c,77.7778%,2,7,9,7,2,0,0
0x490bbe,95.122%,2,39,41,0,0,2,39
0x90673e,98.3871%,2,122,124,122,2,0,0
0x550f6b,92.5926%,2,25,27,0,0,2,25
0x54dc25,94.8718%,2,37,39,37,2,0,0
0x77d85c,66.6667%,2,4,6,0,0,2,4
0x68a9a4,97.3684%,2,74,76,73,2,0,1
0x5555c7,98.0583%,2,101,103,0,0,2,101
0x48327b,93.1034%,2,27,29,27,2,0,0
0x48326f,93.1034%,2,27,29,0,0,2,27
0x4831c1,93.1034%,2,27,29,0,0,2,27
0x81caed,96.6667%,2,58,60,0,0,2,58
0x483188,93.1034%,2,27,29,0,0,2,27
0x483165,93.1034%,2,27,29,0,0,2,27
0x481e14,89.4737%,2,17,19,0,0,2,17
0x4c9741,91.6667%,2,22,24,12,2,0,10
0x8aad49,90.9091%,2,20,22,0,0,2,20
0x58bbd9,97.561%,2,80,82,0,0,2,80
0x80b131,0%,2,0,2,0,2,0,0
0xaabb85,75%,2,6,8,2,2,0,4
0xaae7a5,95.7447%,2,45,47,2,1,1,43
0x8a98bf,99.9351%,2,3078,3080,3078,2,0,0
0x4816cb,89.4737%,2,17,19,0,0,2,17
0x54db3b,94.8718%,2,37,39,37,2,0,0
0x805eb0,99.8167%,2,1089,1091,0,0,2,1089
0x4813fa,89.4737%,2,17,19,0,1,1,17
0x5b8e47,50%,2,2,4,0,0,2,2
0x4810e3,89.4737%,2,17,19,0,0,2,17
0x480ed7,89.4737%,2,17,19,0,0,2,17
0x48066c,94.7368%,2,36,38,28,1,1,8
0x5f14fd,94.7368%,2,36,38,0,0,2,36
0x4801b7,89.4737%,2,17,19,0,0,2,17
0x402d30,96.6102%,2,57,59,0,0,2,57
0x80d4d0,90%,2,18,20,0,0,2,18
0x80b270,0%,2,0,2,0,0,2,0
0xa25ee9,98.9362%,2,186,188,0,0,2,186
0xaa3ae5,89.4737%,2,17,19,0,0,2,17
0x47ff7c,89.4737%,2,17,19,0,0,2,17
0x5ae3e4,95.122%,2,39,41,39,2,0,0
0x5b2af6,95.5556%,2,43,45,0,0,2,43
0x5b2797,95.7447%,2,45,47,43,2,0,2
0x5b265c,95.5556%,2,43,45,43,1,1,0
0x5b2dcf,97.3333%,2,73,75,73,2,0,0
0x58de2d,97.3333%,2,73,75,73,2,0,0
0x59c0ed,99.0654%,2,212,214,212,2,0,0
0x809dbc,99.6435%,2,559,561,559,0,2,0
0x64bd73,98.3193%,2,117,119,0,0,2,117
0x5b1813,97.3333%,2,73,75,0,1,1,73
0x4bae28,99.3421%,2,302,304,0,0,2,302
0x8ea428,50%,2,2,4,0,0,2,2
0xaa5d68,99.061%,2,211,213,0,0,2,211
0x543a6c,99.0909%,2,218,220,0,2,0,218
0x58d2e5,97.8261%,2,90,92,90,2,0,0
0x4c4732,60%,2,3,5,0,0,2,3
0x5b2b0d,95.5556%,2,43,45,0,0,2,43
0x49370d,97.8022%,2,89,91,0,0,2,89
0x8f1aaf,98.6111%,2,142,144,0,0,2,142
0x492ecf,96.875%,2,62,64,0,0,2,62
0xb37683,99.9639%,2,5540,5542,0,0,2,5540
0x492d03,97.2222%,2,70,72,70,2,0,0
0x492cf3,97.2973%,2,72,74,0,2,0,72
0x492ca9,0%,2,0,2,0,0,2,0
0x492ba9,0%,2,0,2,0,0,2,0
0x9bde5f,0%,2,0,2,0,0,2,0
0x40aece,0%,2,0,2,0,2,0,0
0x5b16b4,98.2456%,2,112,114,112,2,0,0
0x837a7d,87.5%,2,14,16,14,2,0,0
0x9be8cc,83.3333%,2,10,12,10,2,0,0
0x5405e5,50%,2,2,4,0,0,2,2
0x9d124a,98.3333%,2,118,120,0,0,2,118
0x96a103,97.2222%,2,70,72,70,0,2,0
0x590d46,90%,2,18,20,0,0,2,18
0xa41031,95.5556%,2,43,45,0,0,2,43
0x88ea4e,94.8718%,2,37,39,37,2,0,0
0x88e9a0,94.8718%,2,37,39,0,0,2,37
0x88e63a,92%,2,23,25,23,2,0,0
0x54da94,94.8718%,2,37,39,0,0,2,37
0x90a6a7,71.4286%,2,5,7,5,2,0,0
0x83a997,86.6667%,2,13,15,13,2,0,0
0x945087,99.5754%,2,469,471,469,2,0,0
0x551018,86.6667%,2,13,15,13,2,0,0
0x944ff4,99.4236%,2,345,347,0,0,2,345
0x5f89b3,75%,2,6,8,4,1,1,2
0x540dc5,75%,2,6,8,6,2,0,0
0xa46b14,88.8889%,2,16,18,16,2,0,0
0x9eb048,98.1651%,2,107,109,107,2,0,0
0x94db22,99.6593%,2,585,587,0,0,2,585
0x54d9a7,94.8718%,2,37,39,37,2,0,0
0x54d82c,87.5%,2,14,16,0,0,2,14
0x54d139,86.6667%,2,13,15,13,2,0,0
0x5f03fd,98.0952%,2,103,105,103,2,0,0
0x5efcc3,97.1429%,2,68,70,68,2,0,0
0x59bf85,96.2264%,2,51,53,0,0,2,51
0x90cab5,98.3193%,2,117,119,0,0,2,117
0xae706f,97.1014%,2,67,69,67,2,0,0
0x44184e,81.8182%,2,9,11,0,0,2,9
0x4024d6,98.1481%,2,106,108,0,0,2,106
0x4024ac,98.1818%,2,108,110,0,0,2,108
0x58d9f0,97.1429%,2,68,70,0,0,2,68
0x4bbf01,99.7904%,2,952,954,0,0,2,952
0xaab851,75%,2,6,8,6,2,0,0
0x5ec5c8,75%,2,6,8,0,0,2,6
0x5d3bce,75%,2,6,8,0,0,2,6
0x5d09b3,75%,2,6,8,6,2,0,0
0x4ac702,86.6667%,2,13,15,0,0,2,13
0x60851a,80%,2,8,10,8,2,0,0
0x5af096,80%,2,8,10,0,0,2,8
0x97acd8,75%,2,6,8,0,0,2,6
0x9d1044,75%,2,6,8,0,0,2,6
0x98099a,75%,2,6,8,6,2,0,0
0x980832,81.8182%,2,9,11,0,0,2,9
0x81cb46,96.6667%,2,58,60,0,0,2,58
0x81b558,99.3691%,2,315,317,315,2,0,0
0x804d62,0%,2,0,2,0,2,0,0
0x981286,90%,2,18,20,16,2,0,2
0x812066,80%,2,8,10,7,1,1,1
0x8f7634,98.7261%,2,155,157,155,2,0,0
0xa8e77e,97.5904%,2,81,83,81,2,0,0
0x8da4cf,99.8092%,2,1046,1048,0,0,2,1046
0xa7a1d9,98.8571%,2,173,175,0,0,2,173
0x4ab2b8,81.8182%,2,9,11,9,2,0,0
0xa8abb9,98.8571%,2,173,175,173,2,0,0
0xa8a98d,96.0784%,2,49,51,49,2,0,0
0xa6cb39,92.5926%,2,25,27,22,1,1,3
0x83e1eb,98.374%,2,121,123,121,2,0,0
0x8e4288,99.8988%,2,1975,1977,1975,2,0,0
0x81b518,66.6667%,2,4,6,4,2,0,0
0x5b0463,95.9184%,2,47,49,0,0,2,47
0xa5768b,85.7143%,2,12,14,3,2,0,9
0x49c19b,97.8947%,2,93,95,0,0,2,93
0x984f98,75%,2,6,8,6,2,0,0
0x985054,83.3333%,2,10,12,2,2,0,8
0x6f4517,88.8889%,2,16,18,0,0,2,16
0xa9def1,95.8333%,2,46,48,25,2,0,21
0xa0ba42,60%,2,3,5,0,1,1,3
0xa29d47,87.5%,2,14,16,0,0,2,14
0xa0f1c4,83.3333%,2,10,12,6,0,2,4
0xa0bc4b,71.4286%,2,5,7,0,0,2,5
0x81f030,50%,2,2,4,0,0,2,2
0xa4ba65,98.9691%,2,192,194,0,0,2,192
0x7b637f,95.5556%,2,43,45,43,2,0,0
0x5f0dc8,60%,2,3,5,0,0,2,3
0x5fc9bd,0%,2,0,2,0,2,0,0
0x94a1aa,97.5%,2,78,80,0,0,2,78
0xa0bb0d,60%,2,3,5,3,2,0,0
0xa0ba0d,60%,2,3,5,3,2,0,0
0x558fa8,99.7396%,2,766,768,0,0,2,766
0xa0b99b,66.6667%,2,4,6,1,2,0,3
0x50e10c,95.2381%,2,40,42,40,2,0,0
0x910da8,99.6992%,2,663,665,663,2,0,0
0x5d4659,85.7143%,2,12,14,12,2,0,0
0x5dfbc4,85.7143%,2,12,14,0,0,2,12
0x9f6b74,95.4545%,2,42,44,0,0,2,42
0x8f2f20,0%,2,0,2,0,2,0,0
0x5dfa6f,85.7143%,2,12,14,12,2,0,0
0x5f91c2,50%,2,2,4,2,2,0,0
0x81f824,95.5556%,2,43,45,43,2,0,0
0x8f4028,96.7213%,2,59,61,59,2,0,0
0x5d455a,85.7143%,2,12,14,12,2,0,0
0x5c4ca6,90.9091%,2,20,22,14,0,2,6
0x548589,99.005%,2,199,201,0,0,2,199
0x5d984e,75%,2,6,8,6,2,0,0
0x5f5a75,85.7143%,2,12,14,12,0,2,0
0x980d70,95.7447%,2,45,47,0,0,2,45
0x8d38eb,85.7143%,2,12,14,0,0,2,12
0xa662d8,92.5926%,2,25,27,25,1,1,0
0xa6624c,92.5926%,2,25,27,25,2,0,0
0xa66243,92.5926%,2,25,27,0,0,2,25
0xa66203,92.5926%,2,25,27,0,0,2,25
0xa6617f,97.6744%,2,84,86,84,2,0,0
0x40e859,60%,2,3,5,3,2,0,0
0xa660e7,97.5904%,2,81,83,0,0,2,81
0xa584b0,80%,2,8,10,8,2,0,0
0xa7b48a,50%,2,2,4,2,2,0,0
0x8e4aae,95.4545%,2,42,44,42,2,0,0
0x792174,90.4762%,2,19,21,14,1,1,5
0xa7bf3c,60%,2,3,5,3,2,0,0
0x8dc4f1,50%,2,2,4,2,2,0,0
0xa7b401,60%,2,3,5,3,1,1,0
0x9c4dc5,0%,2,0,2,0,0,2,0
0x494670,0%,2,0,2,0,2,0,0
0x48ea3f,99.4505%,2,362,364,0,0,2,362
0x53ff13,99.5305%,2,424,426,0,0,2,424
0x481d27,77.7778%,2,7,9,7,0,2,0
0x59f916,50%,2,2,4,0,2,0,2
0x48ecf1,97.561%,2,80,82,23,2,0,57
0x8aada9,60%,2,3,5,0,0,2,3
0xa37c37,60%,2,3,5,0,0,2,3
0xa8e4bd,66.6667%,2,4,6,2,0,2,2
0x8a6758,77.7778%,2,7,9,0,0,2,7
0xa21b53,0%,2,0,2,0,1,1,0
0x999f7b,50%,2,2,4,2,2,0,0
0x998953,60%,2,3,5,0,1,1,3
0x99a047,60%,2,3,5,3,2,0,0
0x80c457,60%,2,3,5,3,2,0,0
0x8c9321,99.6528%,2,574,576,0,0,2,574
0x9a9f16,95.122%,2,39,41,11,2,0,28
0x9c51fa,87.5%,2,14,16,6,2,0,8
0xa98835,86.6667%,2,13,15,5,2,0,8
0x9c4fbb,50%,2,2,4,0,0,2,2
0xa2ecc5,90.9091%,2,20,22,20,2,0,0
0x48ba6b,97.619%,2,82,84,82,2,0,0
0x81b88e,99.6161%,2,519,521,0,0,2,519
0x9fcf70,88.8889%,2,16,18,16,2,0,0
0x4b6288,98.75%,2,158,160,3,2,0,155
0x983f9b,96.875%,2,62,64,54,2,0,8
0x983f0b,96.875%,2,62,64,54,2,0,8
0x983dc3,87.5%,2,14,16,14,2,0,0
0x4bc587,97.9167%,2,94,96,0,0,2,94
0x981383,97.3333%,2,73,75,0,0,2,73
0x984913,83.3333%,2,10,12,6,2,0,4
0xa94623,0%,2,0,2,0,2,0,0
0x8ec644,0%,2,0,2,0,2,0,0
0x8084c5,50%,2,2,4,0,0,2,2
0x980bce,93.75%,2,30,32,7,1,1,23
0x8f1ff3,94.8718%,2,37,39,37,2,0,0
0x984171,97.2973%,2,72,74,0,0,2,72
0x4b902f,50%,2,2,4,2,2,0,0
0x984694,97.8947%,2,93,95,0,0,2,93
0x9052e7,98.5401%,2,135,137,0,0,2,135
0x542c99,99.8387%,2,1238,1240,0,0,2,1238
0x9c4edf,50%,2,2,4,2,2,0,0
0x9fdd3c,92%,2,23,25,23,2,0,0
0x9c4e34,71.4286%,2,5,7,4,1,1,1
0x63d1ba,91.3043%,2,21,23,0,0,2,21
0x591c0a,0%,2,0,2,0,1,1,0
0x96a67e,96.9231%,2,63,65,63,2,0,0
0xa01a9b,0%,2,0,2,0,2,0,0
0x99f042,97.9167%,2,94,96,0,0,2,94
0xa01e7c,0%,2,0,2,0,0,2,0
0x9ea063,0%,2,0,2,0,2,0,0
0x7cd1cc,75%,2,6,8,6,2,0,0
0x9ebcb7,96.8254%,2,61,63,5,2,0,56
0x66621d,95.8333%,2,46,48,46,2,0,0
0x8aaa54,96.8254%,2,61,63,61,2,0,0
0x8aa9d9,96.8254%,2,61,63,0,0,2,61
0x9eb442,96.8254%,2,61,63,61,2,0,0
0x9eb42d,94.2857%,2,33,35,0,0,2,33
0x9eb643,97.0149%,2,65,67,65,2,0,0
0xa1ac59,60%,2,3,5,0,0,2,3
0x4c56b2,96.3636%,2,53,55,31,0,2,22
0x9bdfa1,93.75%,2,30,32,0,0,2,30
0xa01b18,97.0588%,2,66,68,0,0,2,66
0xa2d49c,50%,2,2,4,0,0,2,2
0x96a4bb,0%,2,0,2,0,0,2,0
0x969eb4,94.8718%,2,37,39,37,2,0,0
0x9f7c06,84.6154%,2,11,13,0,0,2,11
0x9698fe,97.2222%,2,70,72,0,0,2,70
0x814e27,99.815%,2,1079,1081,1079,1,1,0
0x96981e,97.2222%,2,70,72,0,0,2,70
0x545771,99.9198%,2,2491,2493,0,0,2,2491
0x5f13ce,95%,2,38,40,0,0,2,38
0x5f13ac,95%,2,38,40,0,0,2,38
0x4a7feb,97.8261%,2,90,92,0,0,2,90
0x901b5a,99.2188%,2,254,256,0,0,2,254
0x48584c,83.3333%,2,10,12,9,0,2,1
0x99291d,0%,2,0,2,0,0,2,0
0x545d15,99.908%,2,2173,2175,0,0,2,2173
0x806072,99.1071%,2,222,224,221,1,1,1
0x9ead63,98.895%,2,179,181,0,0,2,179
0x9eaacd,0%,2,0,2,0,2,0,0
0x9eaa7f,0%,2,0,2,0,0,2,0
0x9eaa53,99.8678%,2,1511,1513,0,2,0,1511
0x942a81,97.3333%,2,73,75,0,0,2,73
0x9ea991,0%,2,0,2,0,0,2,0
0x9ea8af,87.5%,2,14,16,14,0,2,0
0x9ebfd4,90%,2,18,20,8,2,0,10
0x9ea7e9,93.75%,2,30,32,30,2,0,0
0x67741f,0%,2,0,2,0,2,0,0
0x9ebecf,98.374%,2,121,123,0,0,2,121
0x9ea53d,98.1481%,2,106,108,106,2,0,0
0x9ea3bd,97.2222%,2,70,72,0,0,2,70
0x9ea2a2,0%,2,0,2,0,0,2,0
0x9002ae,80%,2,8,10,0,0,2,8
0x9fc6d9,80%,2,8,10,0,0,2,8
0xa52fda,98.9583%,2,190,192,0,0,2,190
0xa2aa2b,33.3333%,2,1,3,0,0,2,1
0x5f53ae,0%,2,0,2,0,0,2,0
0x81c97c,98.8372%,2,170,172,0,0,2,170
0x944729,99.0991%,2,220,222,220,2,0,0
0x4c4051,99.0196%,2,202,204,202,2,0,0
0xa039f7,98.3193%,2,117,119,0,2,0,117
0xa0395e,97.3684%,2,74,76,74,2,0,0
0x58d62d,33.3333%,2,1,3,1,2,0,0
0x5f19b1,0%,2,0,2,0,2,0,0
0xa030bc,97.3684%,2,74,76,0,0,2,74
0x972ede,66.6667%,2,4,6,4,2,0,0
0xa01cd1,71.4286%,2,5,7,5,0,2,0
0xa01b51,97.0588%,2,66,68,0,0,2,66
0x970fed,0%,2,0,2,0,2,0,0
0x81caf6,96.6667%,2,58,60,0,0,2,58
0x9f097d,99%,2,198,200,0,0,2,198
0x9f252d,97.561%,2,80,82,0,0,2,80
0xa54540,0%,2,0,2,0,0,2,0
0x9f2494,97.561%,2,80,82,0,0,2,80
0x48d9ac,99.5781%,2,472,474,0,0,2,472
0xa1a1d8,77.7778%,2,7,9,0,0,2,7
0x9116e1,98.8304%,2,169,171,0,0,2,169
0x9f07c0,50%,2,2,4,0,2,0,2
0x4bf498,97.0588%,2,66,68,0,0,2,66
0x80bf57,87.5%,2,14,16,14,2,0,0
0x482579,77.7778%,2,7,9,7,2,0,0
0x9f01d4,98.2456%,2,112,114,112,2,0,0
0x9f01e7,0%,2,0,2,0,0,2,0
0x80832e,96.2963%,2,52,54,25,2,0,27
0x63ac41,99.6132%,2,515,517,515,2,0,0
0x4940c0,86.6667%,2,13,15,13,2,0,0
0x542ece,98.6928%,2,151,153,0,0,2,151
0x5c37fe,50%,2,2,4,2,2,0,0
0x5c37ee,50%,2,2,4,2,2,0,0
0x5d0037,50%,2,2,4,2,2,0,0
0x951d71,99.686%,2,635,637,635,2,0,0
0x5c370d,50%,2,2,4,2,2,0,0
0x5c36a6,50%,2,2,4,2,2,0,0
0x5eb9be,0%,2,0,2,0,2,0,0
0x5466db,50%,2,2,4,0,0,2,2
0x81b8cc,93.1034%,2,27,29,27,2,0,0
0xa95436,50%,2,2,4,0,0,2,2
0x906aae,99.4413%,2,356,358,0,0,2,356
0x8bdc8d,71.4286%,2,5,7,0,0,2,5
0x4ae56d,0%,2,0,2,0,0,2,0
0x7efc1a,0%,2,0,2,0,2,0,0
0x7f041f,98.7097%,2,153,155,0,0,2,153
0x7f03cc,89.4737%,2,17,19,0,0,2,17
0x7f03c8,89.4737%,2,17,19,0,0,2,17
0x548ae4,50%,2,2,4,0,0,2,2
0x7f0042,89.4737%,2,17,19,17,2,0,0
0x60e657,94.7368%,2,36,38,36,2,0,0
0xaa7f9f,33.3333%,2,1,3,0,0,2,1
0x9f1ce4,99.4778%,2,381,383,381,2,0,0
0x7f0b4f,60%,2,3,5,0,0,2,3
0x962ee9,0%,2,0,2,0,0,2,0
0x7f0417,98.8095%,2,166,168,13,0,2,153
0x7f0ca7,97.3333%,2,73,75,0,0,2,73
0x50b71b,95.4545%,2,42,44,0,2,0,42
0x9e1525,93.1034%,2,27,29,27,0,2,0
0x402e27,96.6102%,2,57,59,0,0,2,57
0x5fa759,99.0698%,2,213,215,0,0,2,213
0xa9a0ad,60%,2,3,5,0,0,2,3
0x8a3147,80%,2,8,10,0,0,2,8
0x9fde38,71.4286%,2,5,7,5,2,0,0
0x8a64d6,98.6842%,2,150,152,0,0,2,150
0x90e35e,97.0149%,2,65,67,65,2,0,0
0x5912e5,99.187%,2,244,246,0,0,2,244
0xa5c6a9,98.0392%,2,100,102,2,2,0,98
0xa5c3f8,97.4026%,2,75,77,75,2,0,0
0x9e18ad,98.3333%,2,118,120,0,0,2,118
0xa5c3b1,98.6577%,2,147,149,0,0,2,147
0x80c374,94.1176%,2,32,34,0,0,2,32
0xa5bec0,93.75%,2,30,32,30,2,0,0
0x9e629e,97.2222%,2,70,72,0,0,2,70
0x819d8a,99.3884%,2,325,327,0,0,2,325
0x53589f,96.8254%,2,61,63,43,2,0,18
0x48bb5a,80%,2,8,10,0,0,2,8
0x5f8ee2,98.8827%,2,177,179,0,0,2,177
0x506f65,90%,2,18,20,18,0,2,0
0xa50bb5,97.5309%,2,79,81,79,2,0,0
0x80929c,94.4444%,2,34,36,0,2,0,34
0x5f85a8,99.177%,2,241,243,0,0,2,241
0x547cf0,98.6301%,2,144,146,144,2,0,0
0x4415d7,81.8182%,2,9,11,0,0,2,9
0x80b734,33.3333%,2,1,3,0,2,0,1
0x54522b,50%,2,2,4,2,2,0,0
0x84370c,75%,2,6,8,0,0,2,6
0x813a72,88.2353%,2,15,17,0,0,2,15
0x8ad577,97.8947%,2,93,95,0,2,0,93
0x53f15c,50%,2,2,4,0,0,2,2
0x4c09e3,98.0769%,2,102,104,102,2,0,0
0xa51d0f,83.3333%,2,10,12,2,2,0,8
0x53f028,98.9071%,2,181,183,181,2,0,0
0x81fc41,85.7143%,2,12,14,0,0,2,12
0x53ec3a,50%,2,2,4,2,2,0,0
0x53f5f9,99.9065%,2,2137,2139,0,0,2,2137
0xa2aa70,33.3333%,2,1,3,0,2,0,1
0x5a661f,0%,2,0,2,0,0,2,0
0x533656,71.4286%,2,5,7,0,0,2,5
0x543996,84.6154%,2,11,13,0,0,2,11
0x88ea73,94.8718%,2,37,39,0,0,2,37
0x504271,33.3333%,2,1,3,0,0,2,1
0x81934b,94.1176%,2,32,34,0,0,2,32
0x8e905b,0%,2,0,2,0,0,2,0
0xa46818,99.3902%,2,326,328,326,2,0,0
0x50af13,0%,2,0,2,0,0,2,0
0x5f9e33,66.6667%,2,4,6,0,0,2,4
0xb0a135,99.4203%,2,343,345,0,0,2,343
0x5ff26e,99.1453%,2,232,234,0,0,2,232
0x60a6c3,96%,2,48,50,0,0,2,48
0x5fd6f2,99.3243%,2,294,296,294,2,0,0
0x5fa5d3,66.6667%,2,4,6,4,2,0,0
0x5fdac1,98.1132%,2,104,106,104,2,0,0
0x5fa36f,66.6667%,2,4,6,4,2,0,0
0x5fda7c,97.8495%,2,91,93,91,2,0,0
0x5fda62,97.8495%,2,91,93,91,2,0,0
0x5fa31d,99.7487%,2,794,796,0,0,2,794
0x504095,96.7742%,2,60,62,0,0,2,60
0x5fa313,99.7487%,2,794,796,0,0,2,794
0xa05e92,71.4286%,2,5,7,0,1,1,5
0x80eaac,99.6198%,2,524,526,0,0,2,524
0x61077b,84.6154%,2,11,13,0,0,2,11
0x50b537,50%,2,2,4,2,2,0,0
0x5f80b4,50%,2,2,4,2,2,0,0
0x502e1b,33.3333%,2,1,3,1,2,0,0
0x5f8070,50%,2,2,4,0,0,2,2
0x49fd32,99.8322%,2,1190,1192,0,0,2,1190
0x5f91b7,77.7778%,2,7,9,3,2,0,4
0x819e7c,97.8022%,2,89,91,89,2,0,0
0x5f91ab,77.7778%,2,7,9,0,1,1,7
0x5f919b,77.7778%,2,7,9,0,0,2,7
0x5f914e,77.7778%,2,7,9,3,0,2,4
0x554f98,96.3636%,2,53,55,0,0,2,53
0x5f96b5,87.5%,2,14,16,7,1,1,7
0x5f9659,75%,2,6,8,0,0,2,6
0x80df51,99.9174%,2,2418,2420,0,0,2,2418
0x5f8aaa,75%,2,6,8,3,1,1,3
0x9f9583,98.1651%,2,107,109,0,0,2,107
0x50276c,96%,2,48,50,0,0,2,48
0x507a74,96%,2,48,50,48,2,0,0
0xa22df6,89.4737%,2,17,19,0,0,2,17
0xa39325,99.6711%,2,606,608,0,0,2,606
0x4901a6,80%,2,8,10,8,2,0,0
0x50b981,98.5185%,2,133,135,0,0,2,133
0x507eee,98.5294%,2,134,136,0,0,2,134
0x66f347,0%,2,0,2,0,0,2,0
0x4bae71,99.3569%,2,309,311,0,0,2,309
0x5068f5,97.6744%,2,84,86,84,2,0,0
0x504c97,96.6102%,2,57,59,57,2,0,0
0x502a9a,91.6667%,2,22,24,22,2,0,0
0x73d7ef,66.6667%,2,4,6,1,1,1,3
0x99b7a2,86.6667%,2,13,15,0,0,2,13
0x50ba68,95%,2,38,40,38,2,0,0
0x50902e,90%,2,18,20,13,1,1,5
0x69238c,90.9091%,2,20,22,20,2,0,0
0x50584c,97.5309%,2,79,81,79,2,0,0
0x81c0d7,97.9167%,2,94,96,94,2,0,0
0x5058c0,97.9798%,2,97,99,0,1,1,97
0xa316e9,0%,2,0,2,0,2,0,0
0x504162,96.7742%,2,60,62,0,0,2,60
0x50e9e9,85.7143%,2,12,14,0,0,2,12
0x50e84c,85.7143%,2,12,14,0,0,2,12
0x50e4b8,88.8889%,2,16,18,14,0,2,2
0xa550eb,75%,2,6,8,6,2,0,0
0x50e403,50%,2,2,4,0,0,2,2
0x7c71ab,95.4545%,2,42,44,0,2,0,42
0x8ee1a1,98.9474%,2,188,190,0,0,2,188
0x50aca3,83.3333%,2,10,12,9,1,1,1
0xa27a6b,50%,2,2,4,0,0,2,2
0x7b011c,80%,2,8,10,4,0,2,4
0x50b41e,50%,2,2,4,2,2,0,0
0x50b419,50%,2,2,4,0,0,2,2
0x50b2b6,50%,2,2,4,2,2,0,0
0x50b271,50%,2,2,4,2,2,0,0
0x50b1b8,50%,2,2,4,0,0,2,2
0x50acc1,81.8182%,2,9,11,0,2,0,9
0x95c509,83.3333%,2,10,12,10,2,0,0
0x508887,81.8182%,2,9,11,0,0,2,9
0x9fe792,94.5946%,2,35,37,0,0,2,35
0x803ebb,99.0244%,2,203,205,203,2,0,0
0x505b31,81.8182%,2,9,11,9,2,0,0
0x65c342,96.9231%,2,63,65,0,0,2,63
0x8d217e,0%,2,0,2,0,2,0,0
0x65c314,96.9231%,2,63,65,0,0,2,63
0x5046a7,88.8889%,2,16,18,16,2,0,0
0x9fcbc7,88.8889%,2,16,18,16,2,0,0
0x50894a,95.122%,2,39,41,0,0,2,39
0x8fc53c,85.7143%,2,12,14,12,2,0,0
0xa04117,66.6667%,2,4,6,3,0,2,1
0xa04046,0%,2,0,2,0,0,2,0
0x4bb81b,88.8889%,2,16,18,0,0,2,16
0x509614,97.561%,2,80,82,0,0,2,80
0x94f0a5,99.262%,2,269,271,269,1,1,0
0x66f3f9,0%,2,0,2,0,0,2,0
0x94a0c6,99.0338%,2,205,207,205,2,0,0
0x949fe0,99.1031%,2,221,223,221,2,0,0
0x541e3d,97.5%,2,78,80,78,2,0,0
0x9033f8,96.7213%,2,59,61,59,2,0,0
0x507db8,94.4444%,2,34,36,34,2,0,0
0x59c649,66.6667%,2,4,6,0,0,2,4
0x66fcbd,89.4737%,2,17,19,0,0,2,17
0x80392c,0%,2,0,2,0,0,2,0
0x67246e,0%,2,0,2,0,1,1,0
0x5eeec4,0%,2,0,2,0,0,2,0
0x671b6f,0%,2,0,2,0,2,0,0
0x67187b,0%,2,0,2,0,2,0,0
0x67184a,0%,2,0,2,0,2,0,0
0x5ef997,88.2353%,2,15,17,0,0,2,15
0x552b45,92.3077%,2,24,26,0,0,2,24
0x6737f5,0%,2,0,2,0,2,0,0
0x670e79,0%,2,0,2,0,2,0,0
0x8f21a3,94.7368%,2,36,38,0,1,1,36
0x808091,60%,2,3,5,3,2,0,0
0x504173,96.7742%,2,60,62,60,2,0,0
0x8a8e50,50%,2,2,4,0,0,2,2
0x80892d,99.1453%,2,232,234,232,0,2,0
0x483171,93.1034%,2,27,29,0,0,2,27
0x66f63a,92.3077%,2,24,26,0,0,2,24
0x5f084f,94.1176%,2,32,34,8,2,0,24
0x78d212,0%,2,0,2,0,0,2,0
0x66f61c,97.0149%,2,65,67,0,0,2,65
0x81d017,98.8024%,2,165,167,165,2,0,0
0x5fc925,0%,2,0,2,0,2,0,0
0x5fc8e5,0%,2,0,2,0,2,0,0
0x51036e,99.8655%,2,1485,1487,1485,2,0,0
0x81e94c,97.3684%,2,74,76,74,2,0,0
0x8d3d6b,93.5484%,2,29,31,0,0,2,29
0x8f3044,88.2353%,2,15,17,0,0,2,15
0x5fc76c,0%,2,0,2,0,2,0,0
0x5fc49d,0%,2,0,2,0,0,2,0
0x5fc287,0%,2,0,2,0,0,2,0
0x833baf,50%,2,2,4,0,0,2,2
0x5453c7,90.9091%,2,20,22,0,0,2,20
0x4b9aeb,71.4286%,2,5,7,5,2,0,0
0x53935c,81.8182%,2,9,11,0,0,2,9
0x816f67,0%,2,0,2,0,0,2,0
0x5393b7,98.4848%,2,130,132,0,0,2,130
0x539bad,99.75%,2,798,800,0,0,2,798
0x4059e3,94.1176%,2,32,34,32,2,0,0
0x8d3e6d,86.6667%,2,13,15,1,2,0,12
0x81ba9d,99.0196%,2,202,204,202,2,0,0
0x544b81,96.4912%,2,55,57,0,0,2,55
0x64113c,0%,2,0,2,0,2,0,0
0x5449c4,88.8889%,2,16,18,8,1,1,8
0x81bdac,99.115%,2,224,226,0,2,0,224
0x5441e4,88.8889%,2,16,18,9,0,2,7
0x40b2b5,0%,2,0,2,0,2,0,0
0x558a31,99.1935%,2,246,248,246,2,0,0
0x944774,99.0991%,2,220,222,220,2,0,0
0xa32af5,99.8959%,2,1920,1922,0,0,2,1920
0x81197e,95.122%,2,39,41,39,0,2,0
0x5339f6,0%,2,0,2,0,2,0,0
0x8377e7,60%,2,3,5,0,0,2,3
0x547e67,98.6301%,2,144,146,0,0,2,144
0x837655,96.2264%,2,51,53,0,0,2,51
0x811677,99.6764%,2,616,618,616,2,0,0
0x838aa8,66.6667%,2,4,6,1,2,0,3
0x838a70,0%,2,0,2,0,1,1,0
0x838a34,0%,2,0,2,0,0,2,0
0x835f77,0%,2,0,2,0,0,2,0
0x8bcac7,77.7778%,2,7,9,0,0,2,7
0xa33b54,97.2222%,2,70,72,0,0,2,70
0x835ec9,0%,2,0,2,0,2,0,0
0x99d361,77.7778%,2,7,9,0,0,2,7
0x793054,98.6014%,2,141,143,133,0,2,8
0x792f79,98.6014%,2,141,143,141,2,0,0
0x78f6e5,93.1034%,2,27,29,27,2,0,0
0x789147,84.6154%,2,11,13,1,2,0,10
0x5f9dc7,91.3043%,2,21,23,0,2,0,21
0x4bb6e1,99.0431%,2,207,209,207,2,0,0
0x98408b,97.2973%,2,72,74,0,0,2,72
0x600117,92.5926%,2,25,27,0,0,2,25
0x4b6eac,87.5%,2,14,16,14,2,0,0
0x5fb68c,97.4026%,2,75,77,0,2,0,75
0x5fae78,93.9394%,2,31,33,0,0,2,31
0x99aa2a,98.0392%,2,100,102,0,0,2,100
0x6d44b9,81.8182%,2,9,11,0,0,2,9
0x8bb804,97.2222%,2,70,72,0,0,2,70
0x5f0047,98.9011%,2,180,182,0,0,2,180
0x7942ed,87.5%,2,14,16,14,2,0,0
0x6705e6,98.4962%,2,131,133,0,0,2,131
0x5fa82d,97.1014%,2,67,69,0,0,2,67
0x5fab1c,98.2609%,2,113,115,113,1,1,0
0x60a699,96%,2,48,50,48,2,0,0
0x783c69,98.7179%,2,154,156,154,2,0,0
0x5fe1b4,98.4127%,2,124,126,0,0,2,124
0x5fa71f,66.6667%,2,4,6,0,0,2,4
0x8c875d,99.5951%,2,492,494,0,0,2,492
0x906b1b,99.4413%,2,356,358,0,0,2,356
0x833fb5,99.596%,2,493,495,493,2,0,0
0x833e34,87.5%,2,14,16,6,2,0,8
0x9042fa,85.7143%,2,12,14,0,0,2,12
0xa4f81f,0%,2,0,2,0,0,2,0
0x5ff54a,75%,2,6,8,0,0,2,6
0x806677,50%,2,2,4,0,0,2,2
0x833b73,66.6667%,2,4,6,0,2,0,4
0x8f432b,99.8623%,2,1450,1452,1450,2,0,0
0x833b53,0%,2,0,2,0,2,0,0
0x833b1c,97.6744%,2,84,86,83,1,1,1
0x5f4e33,0%,2,0,2,0,0,2,0
0x833911,97.6744%,2,84,86,84,2,0,0
0x81e0d8,99.0698%,2,213,215,0,0,2,213
0x833824,50%,2,2,4,0,2,0,2
0x904c3c,99.3355%,2,299,301,0,0,2,299
0x80b980,0%,2,0,2,0,0,2,0
0x50ae23,97.2222%,2,70,72,70,2,0,0
0x833612,98.2759%,2,114,116,1,1,1,113
0x8335d9,0%,2,0,2,0,0,2,0
0x83428e,96.2264%,2,51,53,0,0,2,51
0x90699a,97.4684%,2,77,79,77,2,0,0
0x50a9f1,94.4444%,2,34,36,0,0,2,34
0x41018e,99.9645%,2,5634,5636,0,0,2,5634
0x8341a2,98.4615%,2,128,130,0,2,0,128
0x8340f4,50%,2,2,4,2,2,0,0
0x8340c3,66.6667%,2,4,6,0,2,0,4
0x8340aa,0%,2,0,2,0,2,0,0
0x834067,0%,2,0,2,0,0,2,0
0x9049f3,98.9189%,2,183,185,0,0,2,183
0x5ff636,95%,2,38,40,38,2,0,0
0x5ffc37,95.6522%,2,44,46,44,2,0,0
0x5ff0d2,0%,2,0,2,0,0,2,0
0xa9366a,98.8166%,2,167,169,0,0,2,167
0x8e4b6e,98.8764%,2,176,178,0,0,2,176
0x7a0f86,94.2857%,2,33,35,0,0,2,33
0x8f18a4,98.9583%,2,190,192,0,0,2,190
0x5ef156,88.8889%,2,16,18,16,2,0,0
0x6472f0,60%,2,3,5,0,0,2,3
0x7f0ccb,92%,2,23,25,23,2,0,0
0x94e0ea,71.4286%,2,5,7,0,0,2,5
0x77b9ed,91.6667%,2,22,24,0,0,2,22
0x80b3f1,60%,2,3,5,3,2,0,0
0x88a1ab,66.6667%,2,4,6,0,0,2,4
0x649333,0%,2,0,2,0,2,0,0
0x88dff6,66.6667%,2,4,6,2,0,2,2
0x8f6c78,86.6667%,2,13,15,13,2,0,0
0xa974c7,33.3333%,2,1,3,0,1,1,1
0x8bcbf9,92.3077%,2,24,26,0,0,2,24
0x80e0cd,50%,2,2,4,2,2,0,0
0x945c65,96.9231%,2,63,65,0,0,2,63
0xa46cef,99.1304%,2,228,230,228,2,0,0
0xa44815,0%,2,0,2,0,2,0,0
0x4c5c27,95.3488%,2,41,43,10,1,1,31
0x49ceaa,60%,2,3,5,0,0,2,3
0xa64c25,66.6667%,2,4,6,4,0,2,0
0x5b0196,90.4762%,2,19,21,1,2,0,18
0x5b0161,90.4762%,2,19,21,19,2,0,0
0x5afead,90.4762%,2,19,21,0,0,2,19
0x5afe6f,90.4762%,2,19,21,0,0,2,19
0x5d0386,66.6667%,2,4,6,2,1,1,2
0x6486ea,96.4286%,2,54,56,0,0,2,54
0x5afe36,92%,2,23,25,3,1,1,20
0x5ae64a,92%,2,23,25,20,1,1,3
0x510812,81.8182%,2,9,11,9,2,0,0
0x4a8712,0%,2,0,2,0,0,2,0
0x5d463a,88.8889%,2,16,18,2,2,0,14
0x9452d6,84.6154%,2,11,13,11,2,0,0
0x54d7f4,91.3043%,2,21,23,21,2,0,0
0x64b573,99.9127%,2,2288,2290,0,0,2,2288
0x4949fc,0%,2,0,2,0,2,0,0
0x4949d9,0%,2,0,2,0,2,0,0
0x4bb7f8,89.4737%,2,17,19,0,2,0,17
0x494834,0%,2,0,2,0,0,2,0
0x53de2e,99.6198%,2,524,526,0,0,2,524
0x4947c2,0%,2,0,2,0,2,0,0
0xa27a1a,33.3333%,2,1,3,1,2,0,0
0x7d33cb,83.3333%,2,10,12,0,0,2,10
0xa25f12,95.7447%,2,45,47,45,2,0,0
0x5f50fd,0%,2,0,2,0,2,0,0
0x81f40a,50%,2,2,4,0,0,2,2
0x63ead5,94.5946%,2,35,37,35,2,0,0
0x5f50d8,0%,2,0,2,0,2,0,0
0x81b955,99.3691%,2,315,317,315,2,0,0
0x51b986,98.1308%,2,105,107,105,2,0,0
0x54d500,71.4286%,2,5,7,0,0,2,5
0x81520a,77.7778%,2,7,9,7,2,0,0
0x8c8e7b,66.6667%,2,4,6,0,0,2,4
0x8f455d,98%,2,98,100,98,2,0,0
0x494427,0%,2,0,2,0,2,0,0
0x4b5552,66.6667%,2,4,6,4,2,0,0
0x944fb4,77.7778%,2,7,9,0,0,2,7
0x48255c,77.7778%,2,7,9,7,2,0,0
0x482313,77.7778%,2,7,9,7,2,0,0
0x8d231b,60%,2,3,5,3,2,0,0
0x5f49d7,0%,2,0,2,0,2,0,0
0x8131ef,99.8818%,2,1690,1692,0,0,2,1690
0x5336d4,77.7778%,2,7,9,7,2,0,0
0x481ca2,77.7778%,2,7,9,7,2,0,0
0x5efc09,83.3333%,2,10,12,10,2,0,0
0xad04df,0%,2,0,2,0,0,2,0
0x9ed533,83.3333%,2,10,12,10,2,0,0
0x59c2ef,71.4286%,2,5,7,0,0,2,5
0x4bf751,91.6667%,2,22,24,0,0,2,22
0x991a49,99.2424%,2,262,264,0,0,2,262
0x4c0ef5,93.75%,2,30,32,30,2,0,0
0x59c3da,91.3043%,2,21,23,21,2,0,0
0x8a6260,99.0148%,2,201,203,0,0,2,201
0x492f76,94.1176%,2,32,34,0,0,2,32
0x482d2a,89.4737%,2,17,19,0,0,2,17
0x482c47,94.7368%,2,36,38,36,2,0,0
0x487304,99.7085%,2,684,686,684,2,0,0
0xa36816,99.5465%,2,439,441,0,0,2,439
0x780879,88.8889%,2,16,18,0,0,2,16
0x659e32,89.4737%,2,17,19,17,2,0,0
0x65a0fd,98.1982%,2,109,111,0,0,2,109
0x5ef9c3,97.5904%,2,81,83,66,0,2,15
0xad06b0,50%,2,2,4,2,0,2,0
0x48396d,93.1034%,2,27,29,27,2,0,0
0x49975e,97.2973%,2,72,74,72,2,0,0
0x64dfd3,96.0784%,2,49,51,0,0,2,49
0x8d22ca,99.1968%,2,247,249,247,2,0,0
0x483577,92.5926%,2,25,27,25,2,0,0
0x4832e8,93.1034%,2,27,29,27,2,0,0
0x5b35ce,66.6667%,2,4,6,4,2,0,0
0x5b8e5d,50%,2,2,4,2,2,0,0
0x40f35e,99.9549%,2,4430,4432,0,0,2,4430
0xa64f5c,50%,2,2,4,2,2,0,0
0x81d643,99.5305%,2,424,426,0,0,2,424
0x5b8dd8,75%,2,6,8,3,1,1,3
0x5b355d,66.6667%,2,4,6,0,0,2,4
0x550e76,94.1176%,2,32,34,32,2,0,0
0x8f09e8,98.1481%,2,106,108,106,2,0,0
0x54d29d,71.4286%,2,5,7,5,2,0,0
0x5a039a,60%,2,3,5,3,2,0,0
0x80bd9d,86.6667%,2,13,15,0,0,2,13
0x5be37e,97.6471%,2,83,85,0,0,2,83
0xa32788,97.4359%,2,76,78,0,0,2,76
0x5a01b3,60%,2,3,5,0,0,2,3
0x496257,66.6667%,2,4,6,0,0,2,4
0x906877,97.4684%,2,77,79,77,2,0,0
0x49404b,86.6667%,2,13,15,13,2,0,0
0x54d171,88.2353%,2,15,17,15,2,0,0
0x551c8d,97.9798%,2,97,99,97,2,0,0
0x4aaec9,81.8182%,2,9,11,0,0,2,9
0x4935e7,88.2353%,2,15,17,15,2,0,0
0x90ba62,99.651%,2,571,573,0,0,2,571
0x80ae55,94.5946%,2,35,37,0,2,0,35
0x90195a,99.4398%,2,355,357,0,0,2,355
0x64f2d6,90.9091%,2,20,22,20,2,0,0
0x64f224,88.2353%,2,15,17,15,2,0,0
0x88a129,90.9091%,2,20,22,20,2,0,0
0x494a19,0%,2,0,2,0,2,0,0
0xaa57ee,0%,2,0,2,0,0,2,0
0x99e91b,96.3636%,2,53,55,0,0,2,53
0x559177,99.5902%,2,486,488,0,0,2,486
0x83408d,97.3333%,2,73,75,73,0,2,0
0x8ffc07,98.1481%,2,106,108,0,0,2,106
0x554c84,96.875%,2,62,64,0,0,2,62
0x58db5b,71.4286%,2,5,7,2,2,0,3
0x4960ff,83.3333%,2,10,12,0,0,2,10
0x8f4079,96.7213%,2,59,61,0,0,2,59
0x8fedac,99.932%,2,2938,2940,2938,2,0,0
0x8e389c,95.8333%,2,46,48,0,0,2,46
0x50eb30,95%,2,38,40,38,2,0,0
0x7d2c77,50%,2,2,4,0,0,2,2
0x9e0943,75%,2,6,8,6,2,0,0
0x50a08f,98.5294%,2,134,136,134,2,0,0
0x5dadc2,50%,2,2,4,2,2,0,0
0x486fab,0%,2,0,2,0,0,2,0
0x4c8e1e,98.4962%,2,131,133,0,0,2,131
0xa93dd4,83.3333%,2,10,12,0,0,2,10
0x4a1e7e,83.3333%,2,10,12,0,0,2,10
0x80c2ad,94.2857%,2,33,35,0,0,2,33
0x58c29a,99.3711%,2,316,318,316,1,1,0
0x50d351,99.5992%,2,497,499,0,0,2,497
0x81b137,93.75%,2,30,32,0,0,2,30
0x5f7665,98.4%,2,123,125,0,0,2,123
0x501b84,99.7429%,2,776,778,0,0,2,776
0x9f993c,92%,2,23,25,0,0,2,23
0x502750,99.7308%,2,741,743,741,2,0,0
0x4ab1e7,87.5%,2,14,16,0,0,2,14
0x507f5d,99.7297%,2,738,740,0,0,2,738
0x507e9e,99.5434%,2,436,438,0,0,2,436
0x809f0c,0%,2,0,2,0,2,0,0
0x5078c2,99.7297%,2,738,740,0,0,2,738
0x51c1ef,88.2353%,2,15,17,0,0,2,15
0x507897,99.6516%,2,572,574,0,0,2,572
0x9e5f65,88.8889%,2,16,18,16,2,0,0
0x8a688d,98.5612%,2,137,139,137,2,0,0
0x506fcb,99.7297%,2,738,740,0,0,2,738
0x50657c,99.7297%,2,738,740,738,2,0,0
0x819326,99.7423%,2,774,776,0,0,2,774
0x505413,99.7297%,2,738,740,738,2,0,0
0x502918,97.9381%,2,95,97,0,0,2,95
0x5c4cd6,92%,2,23,25,20,0,2,3
0x81f223,99.8963%,2,1926,1928,0,0,2,1926
0x50d8c5,88.2353%,2,15,17,0,0,2,15
0x5f621c,0%,2,0,2,0,2,0,0
0x48d7ad,99.8832%,2,1710,1712,0,0,2,1710
0xa30858,99.8077%,2,1038,1040,0,0,2,1038
0x50d6fc,98.5612%,2,137,139,0,0,2,137
0x81a176,97.8022%,2,89,91,0,1,1,89
0x50af25,66.6667%,2,4,6,4,2,0,0
0x8f4576,98%,2,98,100,11,1,1,87
0x5eb849,95.4545%,2,42,44,42,2,0,0
0x50aef6,66.6667%,2,4,6,0,0,2,4
0x503d27,96.1538%,2,50,52,50,2,0,0
0x66f7db,89.4737%,2,17,19,17,2,0,0
0x50e7cd,95.3488%,2,41,43,0,0,2,41
0x7ad41a,89.4737%,2,17,19,0,0,2,17
0x502908,97.9381%,2,95,97,0,0,2,95
0x502828,97.9381%,2,95,97,95,2,0,0
0x5027a7,99.1031%,2,221,223,221,2,0,0
0x67f700,98.1132%,2,104,106,0,0,2,104
0x944b36,99.0991%,2,220,222,220,2,0,0
0x50a2ca,98.5294%,2,134,136,0,0,2,134
0x50d0a1,97.619%,2,82,84,1,1,1,81
0x50ad09,98.1982%,2,109,111,0,0,2,109
0x50aa8a,96.9231%,2,63,65,63,2,0,0
0xa3404d,98.9418%,2,187,189,73,2,0,114
0x8e9281,97.6471%,2,83,85,0,0,2,83
0xa264ab,0%,2,0,2,0,2,0,0
0x918f3d,99%,2,198,200,0,0,2,198
0x50cf09,99.1416%,2,231,233,0,0,2,231
0x5f0d3c,99.2933%,2,281,283,0,0,2,281
0x48e982,0%,2,0,2,0,2,0,0
0x4ab21e,60%,2,3,5,0,0,2,3
0xa0637a,66.6667%,2,4,6,0,0,2,4
0x81bdb9,99.1071%,2,222,224,0,0,2,222
0x818b21,99.9115%,2,2258,2260,2258,2,0,0
0x94a0bd,99.0338%,2,205,207,0,0,2,205
0x5f6cad,86.6667%,2,13,15,13,2,0,0
0x5f6c9a,86.6667%,2,13,15,0,2,0,13
0x5f11d1,71.4286%,2,5,7,5,0,2,0
0x5f0d8b,60%,2,3,5,0,0,2,3
0x9593a2,98.3871%,2,122,124,0,0,2,122
0x9f771b,96.9697%,2,64,66,64,2,0,0
0x7e0521,81.8182%,2,9,11,0,2,0,9
0x78d880,99.6769%,2,617,619,0,0,2,617
0x8ad8e6,0%,2,0,2,0,0,2,0
0x48deb7,97.3333%,2,73,75,0,0,2,73
0x5f09d2,99.3243%,2,294,296,294,2,0,0
0x5f0897,99.3243%,2,294,296,0,0,2,294
0x547ae6,81.8182%,2,9,11,0,0,2,9
0x8049bc,0%,2,0,2,0,2,0,0
0x5dae26,50%,2,2,4,0,0,2,2
0x5f0883,99.3243%,2,294,296,0,0,2,294
0x63f02d,0%,2,0,2,0,0,2,0
0x58fa22,99.5763%,2,470,472,470,0,2,0
0x7f372e,86.6667%,2,13,15,10,1,1,3
0x494af8,0%,2,0,2,0,2,0,0
0x494adf,0%,2,0,2,0,2,0,0
0x667590,0%,2,0,2,0,2,0,0
0x667587,0%,2,0,2,0,0,2,0
0x8dd066,99.679%,2,621,623,0,0,2,621
0x81e5bd,75%,2,6,8,2,2,0,4
0x80374b,97.3333%,2,73,75,0,0,2,73
0x50cb23,99.537%,2,430,432,430,2,0,0
0x9e155a,0%,2,0,2,0,2,0,0
0x502168,98.5507%,2,136,138,0,0,2,136
0x94a98c,97.5%,2,78,80,78,2,0,0
0x805f08,95.7447%,2,45,47,0,0,2,45
0x7235b4,99.8617%,2,1444,1446,0,0,2,1444
0x502126,97.4359%,2,76,78,0,0,2,76
0x8fcc90,99.4253%,2,346,348,0,0,2,346
0x509b03,99.6154%,2,518,520,0,0,2,518
0xa25cbf,99.7706%,2,870,872,870,2,0,0
0x8d253d,80%,2,8,10,8,2,0,0
0x8d2611,96.4286%,2,54,56,0,0,2,54
0x81e5dd,50%,2,2,4,2,2,0,0
0x8d2587,99.1667%,2,238,240,0,0,2,238
0x542e80,98.6928%,2,151,153,0,0,2,151
0x8d24ff,97.561%,2,80,82,80,2,0,0
0x546a6e,94.7368%,2,36,38,0,0,2,36
0x8e4881,99.8807%,2,1674,1676,0,0,2,1674
0x5468d8,0%,2,0,2,0,2,0,0
0x48ecab,86.6667%,2,13,15,13,2,0,0
0x72361c,99.8617%,2,1444,1446,0,0,2,1444
0xa55751,50%,2,2,4,1,1,1,1
0x48ed69,96%,2,48,50,23,2,0,25
0x48e17d,92%,2,23,25,0,0,2,23
0x485f0e,88.2353%,2,15,17,0,0,2,15
0x48ece4,97.561%,2,80,82,0,0,2,80
0x4bc07b,87.5%,2,14,16,13,2,0,1
0xa4fea3,50%,2,2,4,0,0,2,2
0x48dff4,92%,2,23,25,0,0,2,23
0xa3bc51,88.8889%,2,16,18,0,0,2,16
0x787f38,96.6667%,2,58,60,8,2,0,50
0x58ccd8,98.1982%,2,109,111,109,2,0,0
0x8e36a3,75%,2,6,8,4,0,2,2
0x6514a1,97.561%,2,80,82,80,2,0,0
0x7cea3e,99.8946%,2,1896,1898,0,0,2,1896
0xaa04c5,94.7368%,2,36,38,36,2,0,0
0x7ce7c3,83.3333%,2,10,12,10,2,0,0
0x7ce762,95.4545%,2,42,44,0,0,2,42
0x59c5df,50%,2,2,4,2,2,0,0
0x8ec2a3,0%,2,0,2,0,0,2,0
0x49c23e,50%,2,2,4,2,2,0,0
0x96605a,80%,2,8,10,0,0,2,8
0x7cd990,83.3333%,2,10,12,2,2,0,8
0x8e9612,99.8369%,2,1224,1226,1224,0,2,0
0x908fe1,99.8923%,2,1855,1857,0,0,2,1855
0x5f50e6,0%,2,0,2,0,2,0,0
0x533764,80%,2,8,10,8,2,0,0
0x649e40,0%,2,0,2,0,0,2,0
0x8f2b60,97.0588%,2,66,68,66,2,0,0
0x8f2bf9,98.0392%,2,100,102,100,2,0,0
0x542e76,98.6928%,2,151,153,0,0,2,151
0x94dab0,99.6593%,2,585,587,0,0,2,585
0xa33583,99.9254%,2,2678,2680,0,0,2,2678
0x63ac9c,99.1701%,2,239,241,0,0,2,239
0x7e2092,84.6154%,2,11,13,0,0,2,11
0x4bec69,98.5714%,2,138,140,138,2,0,0
0x8a6dbd,0%,2,0,2,0,2,0,0
0x5036f0,99.7326%,2,746,748,0,0,2,746
0x504744,88.8889%,2,16,18,0,0,2,16
0x4994b5,60%,2,3,5,3,2,0,0
0x50738f,81.8182%,2,9,11,0,0,2,9
0x4092c5,0%,2,0,2,0,2,0,0
0x8aab95,99.7653%,2,850,852,0,0,2,850
0xa5757a,95.122%,2,39,41,0,0,2,39
0x8aab89,99.7653%,2,850,852,0,0,2,850
0x7c7c22,97.561%,2,80,82,80,2,0,0
0xa3619b,98.5915%,2,140,142,0,0,2,140
0x5fbdb0,98.3333%,2,118,120,118,0,2,0
0x788bbd,96.6667%,2,58,60,51,2,0,7
0x48f64f,33.3333%,2,1,3,1,2,0,0
0x909018,99.8923%,2,1855,1857,1855,2,0,0
0x7cf961,93.9394%,2,31,33,31,2,0,0
0xa37381,93.75%,2,30,32,0,0,2,30
0xb31357,99.7936%,2,967,969,0,0,2,967
0x7c7150,96.1538%,2,50,52,0,0,2,50
0x649263,0%,2,0,2,0,2,0,0
0x610b6d,99.4169%,2,341,343,0,0,2,341
0x5c5d04,93.1034%,2,27,29,13,1,1,14
0x78ab97,89.4737%,2,17,19,0,0,2,17
0x4b6c16,77.7778%,2,7,9,0,0,2,7
0x8efea0,81.8182%,2,9,11,0,2,0,9
0xa9f104,50%,2,2,4,2,2,0,0
0xa28753,87.5%,2,14,16,14,2,0,0
0x5f86ce,97.4359%,2,76,78,0,1,1,76
0x8f6c9e,86.6667%,2,13,15,0,0,2,13
0x590d2c,90.9091%,2,20,22,0,0,2,20
0x590cab,90%,2,18,20,1,1,1,17
0x818d5b,98.8372%,2,170,172,0,0,2,170
0x4945ba,0%,2,0,2,0,0,2,0
0x942cf7,97.3333%,2,73,75,73,2,0,0
0x972c96,92.8571%,2,26,28,26,2,0,0
0x8f287a,95.4545%,2,42,44,0,0,2,42
0xa5ed4a,60%,2,3,5,1,2,0,2
0xa21d4e,0%,2,0,2,0,0,2,0
0x4099e7,89.4737%,2,17,19,0,0,2,17
0x8a6134,99.3921%,2,327,329,327,2,0,0
0x63f307,99%,2,198,200,198,2,0,0
0x6410ff,0%,2,0,2,0,0,2,0
0x505bf9,99.7297%,2,738,740,738,2,0,0
0x409e52,87.5%,2,14,16,0,0,2,14
0x5eafc3,50%,2,2,4,2,2,0,0
0x8e9f93,83.3333%,2,10,12,10,2,0,0
0x5eed86,0%,2,0,2,0,2,0,0
0x58f724,0%,2,0,2,0,0,2,0
0x5e06a7,50%,2,2,4,0,0,2,2
0xa53a67,0%,2,0,2,0,2,0,0
0x6673ce,95%,2,38,40,0,0,2,38
0x780da3,99.7503%,2,799,801,0,0,2,799
0x4ca68a,60%,2,3,5,1,2,0,2
0x496238,66.6667%,2,4,6,4,2,0,0
0x403a05,94.5946%,2,35,37,4,0,2,31
0x5c481a,75%,2,6,8,4,0,2,2
0xa1ac28,60%,2,3,5,0,0,2,3
0xa956ca,50%,2,2,4,0,0,2,2
0x4c668c,87.5%,2,14,16,11,1,1,3
0x5510c9,66.6667%,2,4,6,2,2,0,2
0x8ffb49,98.2609%,2,113,115,113,2,0,0
0x40424e,99.5789%,2,473,475,0,0,2,473
0x4aaac9,96.1538%,2,50,52,0,0,2,50
0xa326c6,0%,2,0,2,0,0,2,0
0x80b90b,99.0385%,2,206,208,206,0,2,0
0x803908,0%,2,0,2,0,2,0,0
0xa980d1,98.6577%,2,147,149,0,0,2,147
0x5de1dd,75%,2,6,8,6,2,0,0
0x812256,98.7952%,2,164,166,164,2,0,0
0x8a6e4d,0%,2,0,2,0,2,0,0
0x49c5bc,66.6667%,2,4,6,0,0,2,4
0x5ff049,95%,2,38,40,38,2,0,0
0x9a80fe,99.1489%,2,233,235,0,0,2,233
0x6809c2,99.5927%,2,489,491,0,0,2,489
0x4a852d,75%,2,6,8,5,1,1,1
0x8fea0b,92%,2,23,25,0,0,2,23
0x50a07d,98.5294%,2,134,136,0,0,2,134
0x9eb73d,98.4%,2,123,125,0,0,2,123
0x49e134,98.7879%,2,163,165,163,2,0,0
0x900fe4,60%,2,3,5,3,2,0,0
0x49a2f0,85.7143%,2,12,14,12,2,0,0
0x981528,93.1034%,2,27,29,0,0,2,27
0x8a69f9,60%,2,3,5,0,0,2,3
0x5f4202,71.4286%,2,5,7,0,0,2,5
0x4bb10c,99.3151%,2,290,292,290,2,0,0
0x8062a3,0%,2,0,2,0,0,2,0
0x50ca9b,90%,2,18,20,0,0,2,18
0x8a6984,83.3333%,2,10,12,9,2,0,1
0x40b47c,0%,2,0,2,0,2,0,0
0x91563a,99%,2,198,200,0,0,2,198
0x88e6d0,94.8718%,2,37,39,37,2,0,0
0x8ec57c,98.1132%,2,104,106,104,2,0,0
0x64b557,96.1538%,2,50,52,50,2,0,0
0x8f314d,99.775%,2,887,889,887,2,0,0
0x546605,92.3077%,2,24,26,24,2,0,0
0x8a61e4,98.7013%,2,152,154,152,2,0,0
0x5de2a7,99.7531%,2,808,810,808,2,0,0
0x40a943,33.3333%,2,1,3,1,0,2,0
0x58f68f,0%,2,0,2,0,0,2,0
0x8fdd5a,75%,2,6,8,6,2,0,0
0x5108e1,99.3884%,2,325,327,0,0,2,325
0x8ef054,97.619%,2,82,84,0,0,2,82
0x81ed81,99.1935%,2,246,248,0,0,2,246
0xa3fee1,66.6667%,2,4,6,0,0,2,4
0x80622f,99.1304%,2,228,230,228,0,2,0
0x5547af,99.8267%,2,1152,1154,0,0,2,1152
0x40aa47,92.8571%,2,26,28,1,1,1,25
0x8df88f,50%,2,2,4,1,1,1,1
0x7d2fb4,97.0149%,2,65,67,2,0,2,63
0x9a9d7f,98.3871%,2,122,124,0,0,2,122
0x643542,99.9137%,2,2316,2318,0,0,2,2316
0x48f02d,98.4496%,2,127,129,0,0,2,127
0xa430ab,50%,2,2,4,2,2,0,0
0x8f0b03,95.2381%,2,40,42,40,2,0,0
0x59c445,91.3043%,2,21,23,21,2,0,0
0x4c5eef,95.122%,2,39,41,0,0,2,39
0xa5598b,50%,2,2,4,2,2,0,0
0x9f5aff,83.3333%,2,10,12,10,2,0,0
0x5f631c,0%,2,0,2,0,0,2,0
0x5f630b,50%,2,2,4,0,2,0,2
0x5c466e,97.4026%,2,75,77,0,0,2,75
0x5f61f4,0%,2,0,2,0,2,0,0
0x9fcb89,92%,2,23,25,23,2,0,0
0x8f5fb0,95%,2,38,40,0,0,2,38
0x8f123c,95%,2,38,40,0,0,2,38
0x8171b2,60%,2,3,5,3,2,0,0
0x592b2b,97.7778%,2,88,90,88,2,0,0
0xa09514,83.3333%,2,10,12,3,1,1,7
0x48efd0,99.2424%,2,262,264,0,0,2,262
0x8aab1c,89.4737%,2,17,19,17,2,0,0
0x64a864,98.1132%,2,104,106,0,0,2,104
0xa3bb3f,88.8889%,2,16,18,16,2,0,0
0x557d05,98.5816%,2,139,141,4,2,0,135
0x976d3e,94.1176%,2,32,34,32,2,0,0
0x8f6922,98.3193%,2,117,119,117,2,0,0
0x8f6c48,98.1651%,2,107,109,107,2,0,0
0x49d13e,0%,2,0,2,0,2,0,0
0xa4a2ff,88.8889%,2,16,18,0,0,2,16
0x48da49,95.6522%,2,44,46,0,0,2,44
0x8f6173,98.8304%,2,169,171,0,0,2,169
0x4bc8fe,83.3333%,2,10,12,10,2,0,0
0x94d878,99.6255%,2,532,534,532,2,0,0
0xaab7f4,97.9798%,2,97,99,0,0,2,97
0x98c9c6,98.1651%,2,107,109,107,2,0,0
0x4948c3,97.619%,2,82,84,82,0,2,0
0xa1bb7c,86.6667%,2,13,15,13,2,0,0
0x807f6e,97.1014%,2,67,69,0,0,2,67
0x5f00e5,98.9011%,2,180,182,180,2,0,0
0x80681d,92.8571%,2,26,28,0,0,2,26
0x94ae36,99.6454%,2,562,564,0,0,2,562
0x8ee4bd,95.2381%,2,40,42,0,0,2,40
0x789c44,33.3333%,2,1,3,1,2,0,0
0x94e5c2,99.3421%,2,302,304,302,2,0,0
0x49ca6a,94.7368%,2,36,38,0,0,2,36
0x5f37a9,71.4286%,2,5,7,0,2,0,5
0xa528b4,97.4684%,2,77,79,75,2,0,2
0xa40f1f,99.6212%,2,526,528,526,2,0,0
0xa21b87,0%,2,0,2,0,0,2,0
0x48fbe0,50%,2,2,4,0,0,2,2
0x809190,0%,2,0,2,0,0,2,0
0x8eecce,81.8182%,2,9,11,2,0,2,7
0xa58719,50%,2,2,4,0,0,2,2
0x8bdb1c,60%,2,3,5,3,2,0,0
0x5c70a2,99.4444%,2,358,360,0,0,2,358
0x593214,85.7143%,2,12,14,0,0,2,12
0x60c4e8,98.5075%,2,132,134,0,0,2,132
0x63adbf,99.2337%,2,259,261,259,2,0,0
0x7cc1ec,83.3333%,2,10,12,0,0,2,10
0x64c808,71.4286%,2,5,7,5,2,0,0
0x555b85,94.7368%,2,36,38,0,0,2,36
0x8e1065,50%,2,2,4,2,2,0,0
0x7c7446,75%,2,6,8,0,0,2,6
0x88a113,90.9091%,2,20,22,0,0,2,20
0x8ee15a,75%,2,6,8,5,2,0,1
0x99dd11,86.6667%,2,13,15,0,0,2,13
0x59f783,50%,2,2,4,2,2,0,0
0x8f7721,60%,2,3,5,3,2,0,0
0x8f1a3d,75%,2,6,8,0,0,2,6
0x494f6d,66.6667%,2,4,6,0,2,0,4
0x4c896e,98.8506%,2,172,174,0,0,2,172
0x8f1c60,75%,2,6,8,6,2,0,0
0x9f6c88,80%,2,8,10,1,1,1,7
0x7c6a50,75%,2,6,8,6,2,0,0
0x9c538a,87.5%,2,14,16,8,0,2,6
0x40aa98,66.6667%,2,4,6,4,2,0,0
0xb1c956,99.2424%,2,262,264,0,0,2,262
0x7c7a9b,93.75%,2,30,32,6,2,0,24
0x8f1e60,75%,2,6,8,0,0,2,6
0x8ae867,96.2264%,2,51,53,48,0,2,3
0x9ef2ad,98.5816%,2,139,141,0,0,2,139
0x490cd6,77.7778%,2,7,9,0,0,2,7
0x8c8792,99.5595%,2,452,454,452,2,0,0
0x81c5bd,96.9697%,2,64,66,64,2,0,0
0x8c8d17,75%,2,6,8,6,2,0,0
0x8388a2,60%,2,3,5,3,2,0,0
0xa02620,98.8701%,2,175,177,0,0,2,175
0x814a0d,0%,2,0,2,0,0,2,0
0x5f6013,0%,2,0,2,0,0,2,0
0x8f1220,95%,2,38,40,0,0,2,38
0x5f5ff9,0%,2,0,2,0,2,0,0
0x8f2a6f,95%,2,38,40,0,0,2,38
0x5f5e49,0%,2,0,2,0,0,2,0
0xa97f44,0%,2,0,2,0,0,2,0
0x5f5d46,50%,2,2,4,0,2,0,2
0xa44d6a,99.6737%,2,611,613,0,0,2,611
0xa439e9,98.9247%,2,184,186,184,2,0,0
0x8f2103,88.2353%,2,15,17,0,0,2,15
0x8ebf05,0%,2,0,2,0,2,0,0
0xa2feff,98.75%,2,158,160,158,2,0,0
0xa02cea,96.8254%,2,61,63,0,0,2,61
0x81e7e6,99.9811%,2,10588,10590,10588,2,0,0
0xa97158,94.5946%,2,35,37,35,2,0,0
0x5f5b34,0%,2,0,2,0,2,0,0
0x8def4f,94.7368%,2,36,38,21,1,1,15
0x5f5980,0%,2,0,2,0,2,0,0
0x6497ac,0%,2,0,2,0,0,2,0
0x8f0d97,95%,2,38,40,38,2,0,0
0x9f0138,0%,2,0,2,0,2,0,0
0x4a9a07,0%,2,0,2,0,2,0,0
0x648ce9,0%,2,0,2,0,2,0,0
0x8bd790,66.6667%,2,4,6,3,1,1,1
0x8df538,75%,2,6,8,0,0,2,6
0x8df54e,75%,2,6,8,6,2,0,0
0x8ef4eb,77.7778%,2,7,9,7,2,0,0
0xb2159d,99.7203%,2,713,715,713,2,0,0
0x81502a,99.3939%,2,328,330,328,2,0,0
0x78183d,98.2301%,2,111,113,111,2,0,0
0x4b539a,0%,2,0,2,0,0,2,0
0x81bb6c,99.3691%,2,315,317,315,2,0,0
0x543a82,99.0826%,2,216,218,0,0,2,216
0x8a8bd6,91.6667%,2,22,24,0,0,2,22
0xa3d931,75%,2,6,8,0,0,2,6
0x59f9e6,50%,2,2,4,2,0,2,0
0x5bb5ef,0%,2,0,2,0,0,2,0
0x5a95c8,92%,2,23,25,23,2,0,0
0x975116,89.4737%,2,17,19,17,2,0,0
0x94b0b5,99.0338%,2,205,207,205,2,0,0
0x9be551,0%,2,0,2,0,2,0,0
0x4b877e,71.4286%,2,5,7,5,2,0,0
0x50ff38,99.793%,2,964,966,0,0,2,964
0x4b6f03,92.8571%,2,26,28,26,2,0,0
0x50fff6,99.793%,2,964,966,0,0,2,964
0x80437d,77.7778%,2,7,9,7,2,0,0
0x91a179,99.7919%,2,959,961,959,2,0,0
0xa544ec,80%,2,8,10,0,0,2,8
0x96c1cb,98.6207%,2,143,145,0,0,2,143
0x904343,99.5984%,2,496,498,496,2,0,0
0x54050e,50%,2,2,4,0,2,0,2
0x53566e,98.9071%,2,181,183,0,0,2,181
0x58c257,99.0991%,2,220,222,220,2,0,0
0x40aa63,92.3077%,2,24,26,24,1,1,0
0xa558f7,50%,2,2,4,0,2,0,2
0x492caf,0%,2,0,2,0,2,0,0
0x9e01ba,92.8571%,2,26,28,0,0,2,26
0xa4165c,92%,2,23,25,0,0,2,23
0x5fb9cc,92.3077%,2,24,26,0,0,2,24
0x50219d,97.0149%,2,65,67,65,2,0,0
0x60b5f4,99.1189%,2,225,227,0,0,2,225
0x611546,96.9231%,2,63,65,0,0,2,63
0x48cf0e,83.3333%,2,10,12,0,0,2,10
0x95929f,98.4375%,2,126,128,0,0,2,126
0x5fa018,66.6667%,2,4,6,0,0,2,4
0x8f54c0,83.3333%,2,10,12,10,2,0,0
0x540800,75%,2,6,8,0,0,2,6
0x94297f,99.1266%,2,227,229,227,2,0,0
0x53382f,88.8889%,2,16,18,0,0,2,16
0x6672db,93.5484%,2,29,31,0,0,2,29
0x54082a,83.3333%,2,10,12,10,2,0,0
0xa338c0,98.2759%,2,114,116,108,1,1,6
0x591f5b,97.1429%,2,68,70,68,2,0,0
0xa9ba5d,81.8182%,2,9,11,5,2,0,4
0x67ac4a,66.6667%,2,4,6,0,0,2,4
0x67f6d8,98.1132%,2,104,106,0,0,2,104
0xa41094,95.3488%,2,41,43,0,0,2,41
0xa59c2c,75%,2,6,8,6,2,0,0
0x49d106,0%,2,0,2,0,1,1,0
0x5b8d3e,50%,2,2,4,2,2,0,0
0x8b9c05,99.9142%,2,2329,2331,0,0,2,2329
0x9a89d1,99.2565%,2,267,269,0,0,2,267
0x4fdc56,93.1034%,2,27,29,0,0,2,27
0x5f120b,0%,2,0,2,0,2,0,0
0xa53581,75%,2,6,8,0,0,2,6
0x5074c8,98.4127%,2,124,126,124,2,0,0
0xace165,0%,2,0,2,0,2,0,0
0x9e0821,99.7919%,2,959,961,0,0,2,959
0x94a3f8,99.262%,2,269,271,0,1,1,269
0x9d07be,96.7742%,2,60,62,0,0,2,60
0x8ecab6,0%,2,0,2,0,2,0,0
0x9e864d,95.122%,2,39,41,0,0,2,39
0x488bd3,98.9899%,2,196,198,0,2,0,196
0xa93dc4,83.3333%,2,10,12,0,0,2,10
0x410492,90.9091%,2,20,22,20,2,0,0
0x4b0d64,0%,2,0,2,0,2,0,0
0x4039ab,94.5946%,2,35,37,2,1,1,33
0x8434ba,66.6667%,2,4,6,0,0,2,4
0x51104b,99.947%,2,3772,3774,0,0,2,3772
0xa4c862,50%,2,2,4,0,0,2,2
0x8f419c,99.3846%,2,323,325,323,2,0,0
0x8dffc3,88.8889%,2,16,18,5,1,1,11
0x5f6025,0%,2,0,2,0,2,0,0
0x9730b8,92.5926%,2,25,27,1,1,1,24
0xa7a2db,33.3333%,2,1,3,1,2,0,0
0xa50fde,50%,2,2,4,2,2,0,0
0x65af3b,84.6154%,2,11,13,11,2,0,0
0x5ff992,98.913%,2,182,184,0,0,2,182
0x8bcf30,99.3976%,2,330,332,0,0,2,330
0x405043,90.4762%,2,19,21,19,2,0,0
0x8f458a,97.7273%,2,86,88,29,2,0,57
0x90f2a5,99.9335%,2,3004,3006,3004,2,0,0
0xaaa608,71.4286%,2,5,7,5,2,0,0
0x95103f,33.3333%,2,1,3,0,1,1,1
0x5af1f1,99.7126%,2,694,696,4,2,0,690
0x555d6d,99.8049%,2,1023,1025,0,0,2,1023
0x9018d3,99.619%,2,523,525,0,0,2,523
0x5f9dde,0%,2,0,2,0,2,0,0
0x8ecc29,84.6154%,2,11,13,11,1,1,0
0x6707c2,71.4286%,2,5,7,1,0,2,4
0x78a5f4,81.8182%,2,9,11,8,1,1,1
0x8c9371,81.8182%,2,9,11,0,0,2,9
0x80d402,0%,2,0,2,0,0,2,0
0x670e12,0%,2,0,2,0,0,2,0
0x49a08c,87.5%,2,14,16,0,0,2,14
0x9e2461,99.0783%,2,215,217,215,2,0,0
0x540c4a,99.3174%,2,291,293,0,0,2,291
0x83896e,60%,2,3,5,0,0,2,3
0x7d0f05,94.4444%,2,34,36,34,2,0,0
0x53dcb5,80%,2,8,10,0,0,2,8
0xa96536,50%,2,2,4,2,2,0,0
0x8131b6,99.7519%,2,804,806,0,0,2,804
0x90b177,97.1429%,2,68,70,0,0,2,68
0x973b97,80%,2,8,10,0,0,2,8
0x7c75cc,83.3333%,2,10,12,6,2,0,4
0x809294,0%,2,0,2,0,0,2,0
0x7cf699,75%,2,6,8,0,0,2,6
0x405de2,75%,2,6,8,6,2,0,0
0x8222f1,94.8718%,2,37,39,37,2,0,0
0xa31145,94.7368%,2,36,38,18,2,0,18
0x8a274f,99.2157%,2,253,255,253,2,0,0
0x9452a3,99.115%,2,224,226,0,0,2,224
0x8a9408,99.9351%,2,3078,3080,0,0,2,3078
0x8a9298,99.8639%,2,1468,1470,1468,2,0,0
0x8e3664,75%,2,6,8,6,0,2,0
0x813954,95.4545%,2,42,44,0,0,2,42
0xa2f9cb,97.4359%,2,76,78,76,2,0,0
0xa47c80,94.8718%,2,37,39,37,2,0,0
0xa9035e,98.6755%,2,149,151,0,0,2,149
0x8195d9,99.3921%,2,327,329,0,0,2,327
0x4c63e6,93.1034%,2,27,29,4,1,1,23
0x78c018,0%,2,0,2,0,0,2,0
0x48108f,89.4737%,2,17,19,17,2,0,0
0x8e23c6,99.9822%,2,11203,11205,0,0,2,11203
0x901a60,93.1034%,2,27,29,27,2,0,0
0x901a4e,93.1034%,2,27,29,0,0,2,27
0x90198b,89.4737%,2,17,19,17,2,0,0
0x48f7a4,96.3636%,2,53,55,0,0,2,53
0xb0a079,99.0476%,2,208,210,208,2,0,0
0x8fdc4d,99.4737%,2,378,380,0,0,2,378
0x8ef11b,98.5185%,2,133,135,133,2,0,0
0x9019d6,99.4083%,2,336,338,0,0,2,336
0x68054a,89.4737%,2,17,19,17,2,0,0
0x40460b,77.7778%,2,7,9,0,0,2,7
0xa41fb1,97.7011%,2,85,87,85,2,0,0
0x7e2098,84.6154%,2,11,13,0,0,2,11
0x9eb1bd,96.5517%,2,56,58,0,0,2,56
0x666925,99.6575%,2,582,584,582,2,0,0
0x8a886b,60%,2,3,5,1,2,0,2
0xaa7f15,83.3333%,2,10,12,0,0,2,10
0x48d9ff,99.4695%,2,375,377,0,0,2,375
0x4a98a9,89.4737%,2,17,19,0,0,2,17
0x4059f6,97.7273%,2,86,88,86,2,0,0
0x534c83,90%,2,18,20,0,0,2,18
0xa526d0,93.75%,2,30,32,30,2,0,0
0x99d358,77.7778%,2,7,9,0,0,2,7
0xa41be0,99.7358%,2,755,757,755,2,0,0
0x98cdac,94.2857%,2,33,35,0,0,2,33
0x4ba94c,95.8333%,2,46,48,0,0,2,46
0xa37023,93.75%,2,30,32,30,2,0,0
0xa50a8f,85.7143%,2,12,14,0,0,2,12
0x5ffa6a,95.6522%,2,44,46,44,2,0,0
0x98cd90,94.2857%,2,33,35,0,0,2,33
0x5b0e8b,96.3636%,2,53,55,0,0,2,53
0x8a7367,99.5745%,2,468,470,0,0,2,468
0x8a74da,99.2248%,2,256,258,256,2,0,0
0x6797ce,66.6667%,2,4,6,4,2,0,0
0x649862,0%,2,0,2,0,2,0,0
0x49e02a,98.9796%,2,194,196,194,2,0,0
0x501895,99.6422%,2,557,559,557,2,0,0
0x50187c,99.6429%,2,558,560,0,1,1,558
0x501959,99.7613%,2,836,838,0,0,2,836
0x5eedc0,0%,2,0,2,0,2,0,0
0x9735e5,77.7778%,2,7,9,7,2,0,0
0x9176f6,99%,2,198,200,0,0,2,198
0x9ee34f,98.1818%,2,108,110,0,0,2,108
0x51b6b2,71.4286%,2,5,7,5,2,0,0
0x8a74af,99.2248%,2,256,258,0,0,2,256
0x533bd9,77.7778%,2,7,9,7,2,0,0
0x8a73ea,99.6%,2,498,500,498,2,0,0
0x48da88,95.6522%,2,44,46,44,2,0,0
0x6191a5,99.4413%,2,356,358,0,0,2,356
0x495867,97.7011%,2,85,87,85,2,0,0
0x50d025,98.3333%,2,118,120,10,1,1,108
0xa564fb,99.6124%,2,514,516,514,2,0,0
0x7b0571,33.3333%,2,1,3,1,2,0,0
0x8a71f4,99.2857%,2,278,280,278,2,0,0
0x4ca46d,99.7875%,2,939,941,0,0,2,939
0x5d130d,50%,2,2,4,2,2,0,0
0xa4fb9b,50%,2,2,4,2,2,0,0
0x58c0d6,80%,2,8,10,0,0,2,8
0x499c8e,98.5612%,2,137,139,0,0,2,137
0x5ec185,85.7143%,2,12,14,12,2,0,0
0x90ba19,99.651%,2,571,573,0,0,2,571
0x48c438,0%,2,0,2,0,2,0,0
0x592baf,96.6102%,2,57,59,0,0,2,57
0x81198c,0%,2,0,2,0,0,2,0
0x5e7889,97.2603%,2,71,73,0,0,2,71
0xa96c19,60%,2,3,5,0,2,0,3
0x9e0b49,99.2395%,2,261,263,4,2,0,257
0x77b905,92.8571%,2,26,28,0,0,2,26
0x402315,99.9611%,2,5146,5148,0,0,2,5146
0x80a915,0%,2,0,2,0,0,2,0
0x5473bd,96.7213%,2,59,61,0,0,2,59
0x5f31b6,71.4286%,2,5,7,0,0,2,5
0x493708,97.8022%,2,89,91,0,0,2,89
0x9e2f45,99.2395%,2,261,263,0,0,2,261
0x651617,66.6667%,2,4,6,4,2,0,0
0x5c6ca6,99.8801%,2,1666,1668,0,0,2,1666
0x8eec3c,99.262%,2,269,271,0,0,2,269
0x976f6b,0%,2,0,2,0,0,2,0
0x688e53,91.6667%,2,22,24,22,2,0,0
0x4ac81d,86.6667%,2,13,15,0,0,2,13
0x9e08dc,99.4318%,2,350,352,0,0,2,350
0x67a075,66.6667%,2,4,6,4,2,0,0
0x67a03b,66.6667%,2,4,6,4,2,0,0
0x9a95ca,90%,2,18,20,18,2,0,0
0x618a3c,97.1429%,2,68,70,0,0,2,68
0xa2dbec,50%,2,2,4,0,0,2,2
0x4a7c48,83.3333%,2,10,12,10,2,0,0
0x4807b8,89.4737%,2,17,19,17,2,0,0
0x8a5ae4,0%,2,0,2,0,0,2,0
0x9e2a60,97.2973%,2,72,74,0,0,2,72
0x597efe,86.6667%,2,13,15,13,2,0,0
0x9e0179,98.8889%,2,178,180,0,0,2,178
0x9fcbb2,88.8889%,2,16,18,0,0,2,16
0x5f324e,71.4286%,2,5,7,0,2,0,5
0xa66360,77.7778%,2,7,9,7,2,0,0
0x9ab88c,99.2157%,2,253,255,253,2,0,0
0x8e9a79,99.2509%,2,265,267,265,2,0,0
0x7cf7d5,75%,2,6,8,0,0,2,6
0x9178f6,99.7059%,2,678,680,0,0,2,678
0x48de4d,98.6755%,2,149,151,0,0,2,149
0xa04559,60%,2,3,5,3,2,0,0
0x48d7db,98.1308%,2,105,107,0,0,2,105
0x9f4396,98.0198%,2,99,101,0,0,2,99
0x944380,97.3684%,2,74,76,0,0,2,74
0x48db8c,99.3921%,2,327,329,0,0,2,327
0x40a9af,93.75%,2,30,32,30,2,0,0
0x6229aa,80%,2,8,10,8,2,0,0
0x7807c9,75%,2,6,8,0,0,2,6
0x804dff,0%,2,0,2,0,0,2,0
0x554e33,98.5915%,2,140,142,140,2,0,0
0x65b0d6,84.6154%,2,11,13,0,0,2,11
0x8bd835,90%,2,18,20,18,1,1,0
0x40207c,99.061%,2,211,213,5,2,0,206
0xa36b4d,80%,2,8,10,0,0,2,8
0x809ee3,0%,2,0,2,0,0,2,0
0x94d902,96.5517%,2,56,58,0,0,2,56
0x48e588,95.8333%,2,46,48,0,1,1,46
0x80e8dd,99.6198%,2,524,526,0,0,2,524
0x538a32,99.7234%,2,721,723,0,0,2,721
0x666fcd,98.3193%,2,117,119,117,2,0,0
0xa5f934,99.5444%,2,437,439,0,0,2,437
0x8e036a,99.6491%,2,568,570,0,0,2,568
0x5f89a5,75%,2,6,8,0,0,2,6
0x4bcd06,84.6154%,2,11,13,0,0,2,11
0x8f2111,88.2353%,2,15,17,15,1,1,0
0x9e71db,0%,2,0,2,0,2,0,0
0x833d47,98.2759%,2,114,116,114,0,2,0
0x40ac55,92.8571%,2,26,28,26,2,0,0
0x40aa5a,92.3077%,2,24,26,0,0,2,24
0x490203,96.2963%,2,52,54,52,2,0,0
0xa36b8f,80%,2,8,10,8,2,0,0
0x66f3c3,0%,2,0,2,0,0,2,0
0x9fc6e9,80%,2,8,10,0,0,2,8
0x49ba5f,75%,2,6,8,0,0,2,6
0x8217b2,99.6575%,2,582,584,582,2,0,0
0xa4ff4c,85.7143%,2,12,14,0,0,2,12
0x63ce64,99%,2,198,200,198,2,0,0
0x5b9ede,75%,2,6,8,5,1,1,1
0x5467b5,71.4286%,2,5,7,5,2,0,0
0x4997cd,96.6102%,2,57,59,0,0,2,57
0x917759,98.9362%,2,186,188,0,0,2,186
0x53de78,99.6198%,2,524,526,0,0,2,524
0x5f30a6,0%,2,0,2,0,0,2,0
0x67912b,96.7213%,2,59,61,59,2,0,0
0x9a2786,86.6667%,2,13,15,13,2,0,0
0x679826,66.6667%,2,4,6,4,2,0,0
0x5f82de,99.6262%,2,533,535,0,0,2,533
0x88dfe5,66.6667%,2,4,6,0,0,2,4
0x7ce77f,95.4545%,2,42,44,7,1,1,35
0x405a77,99.537%,2,430,432,0,0,2,430
0x48236e,77.7778%,2,7,9,7,2,0,0
0x5faa77,96.8254%,2,61,63,0,0,2,61
0x81484c,0%,2,0,2,0,0,2,0
0x65a207,99.1935%,2,246,248,246,2,0,0
0x97bb55,98.2456%,2,112,114,0,0,2,112
0x5f8357,92.5926%,2,25,27,0,0,2,25
0x81fdf4,95.8333%,2,46,48,46,2,0,0
0x8e5fe0,99.2565%,2,267,269,267,2,0,0
0x49ca40,88.2353%,2,15,17,15,2,0,0
0x4ca089,75%,2,6,8,6,0,2,0
0x80b0b2,0%,2,0,2,0,2,0,0
0x49c3d0,87.5%,2,14,16,0,0,2,14
0xa51c7e,94.7368%,2,36,38,0,0,2,36
0x48d89b,81.8182%,2,9,11,0,0,2,9
0x81205d,80%,2,8,10,0,0,2,8
0x81ef57,50%,2,2,4,0,0,2,2
0x5f073c,90.9091%,2,20,22,0,0,2,20
0xb2e430,0%,2,0,2,0,2,0,0
0x49b954,75%,2,6,8,6,2,0,0
0x4a7649,97.3684%,2,74,76,74,2,0,0
0x40aeef,0%,2,0,2,0,2,0,0
0xa06285,0%,2,0,2,0,0,2,0
0x9bdaef,50%,2,2,4,2,1,1,0
0x95b05e,91.3043%,2,21,23,0,0,2,21
0x502051,91.6667%,2,22,24,22,2,0,0
0x49be63,50%,2,2,4,2,0,2,0
0x5be5bc,98.8235%,2,168,170,0,0,2,168
0x8a9ef5,98.895%,2,179,181,0,0,2,179
0x59205d,50%,2,2,4,2,2,0,0
0x5f5231,91.3043%,2,21,23,10,1,1,11
0x49bd38,66.6667%,2,4,6,2,2,0,2
0x481d90,89.4737%,2,17,19,17,2,0,0
0x8e300a,99.8988%,2,1975,1977,1975,2,0,0
0x9fcf09,92%,2,23,25,0,0,2,23
0x94accc,96.4286%,2,54,56,54,2,0,0
0x81b15c,99.3691%,2,315,317,315,2,0,0
0x814ac1,96.3636%,2,53,55,0,0,2,53
0x49c1bc,97.8947%,2,93,95,0,0,2,93
0x490493,33.3333%,2,1,3,1,2,0,0
0x4a9f13,98.9011%,2,180,182,180,2,0,0
0x8bb6d2,84.6154%,2,11,13,0,0,2,11
0x488060,80%,2,8,10,8,2,0,0
0x4094d4,0%,2,0,2,0,2,0,0
0x409d1b,97.561%,2,80,82,0,0,2,80
0x822276,99.2674%,2,271,273,0,0,2,271
0x488c15,99.3548%,2,308,310,0,0,2,308
0x821c80,97.2222%,2,70,72,0,0,2,70
0x9117ac,93.5484%,2,29,31,29,2,0,0
0x5f2888,60%,2,3,5,1,1,1,2
0xa5b4bb,83.3333%,2,10,12,0,0,2,10
0x4a7c33,96.0784%,2,49,51,49,2,0,0
0x4a7bc3,96.0784%,2,49,51,49,2,0,0
0x90131f,96%,2,48,50,0,0,2,48
0x4099dc,90%,2,18,20,18,1,1,0
0x4a9828,86.6667%,2,13,15,13,2,0,0
0x90685e,97.4684%,2,77,79,0,0,2,77
0x8b9b16,99.9313%,2,2911,2913,0,0,2,2911
0x5991fa,33.3333%,2,1,3,0,0,2,1
0x7930c4,0%,2,0,2,0,0,2,0
0x8ff5ad,91.3043%,2,21,23,12,2,0,9
0x5580a9,99.6942%,2,652,654,652,2,0,0
0x911b5e,99.6661%,2,597,599,0,0,2,597
0x51b5fc,60%,2,3,5,3,2,0,0
0x8df2c5,91.6667%,2,22,24,14,2,0,8
0x90e847,93.3333%,2,28,30,28,2,0,0
0x7dfc25,87.5%,2,14,16,8,0,2,6
0x99cd87,77.7778%,2,7,9,0,0,2,7
0xa96a0b,60%,2,3,5,0,0,2,3
0x5bedbd,0%,2,0,2,0,2,0,0
0x606d95,75%,2,6,8,0,0,2,6
0xa57306,95.122%,2,39,41,0,0,2,39
0xa55e95,90.9091%,2,20,22,0,0,2,20
0x6808ce,99.7809%,2,911,913,911,2,0,0
0x8eecad,99.6918%,2,647,649,0,0,2,647
0x5547c4,99.8267%,2,1152,1154,0,0,2,1152
0x9a89c9,99.2565%,2,267,269,0,0,2,267
0x49f9a0,97.0588%,2,66,68,66,2,0,0
0x6406f3,99%,2,198,200,0,0,2,198
0x5cb0c5,99.7743%,2,884,886,0,0,2,884
0x5b6ad2,60%,2,3,5,3,2,0,0
0x40a0e1,87.5%,2,14,16,0,0,2,14
0x680501,99.9563%,2,4573,4575,0,0,2,4573
0xa5c25e,0%,2,0,2,0,0,2,0
0x48c523,98.5714%,2,138,140,0,0,2,138
0x8a6b8b,84.6154%,2,11,13,11,2,0,0
0x8d20cb,50%,2,2,4,0,2,0,2
0x5b1cf5,95.7447%,2,45,47,45,2,0,0
0x8c834e,83.3333%,2,10,12,10,2,0,0
0x40df0f,33.3333%,2,1,3,1,1,1,0
0x677d64,99.6241%,2,530,532,530,2,0,0
0x5baa24,99.8957%,2,1915,1917,2,1,1,1913
0x5ba9e5,99.9148%,2,2346,2348,2346,2,0,0
0x8ebc88,50%,2,2,4,0,0,2,2
0x40bc6a,98.0583%,2,101,103,0,0,2,101
0x409d92,99.1111%,2,223,225,223,2,0,0
0x5a9700,75%,2,6,8,4,1,1,2
0x409a66,98.7261%,2,155,157,0,0,2,155
0x409a26,89.4737%,2,17,19,0,1,1,17
0x58d1bc,97.8261%,2,90,92,0,0,2,90
0x60c3db,60%,2,3,5,3,2,0,0
0x838b1a,66.6667%,2,4,6,0,0,2,4
0xaa23a4,94.1176%,2,32,34,0,0,2,32
0xa953d3,50%,2,2,4,0,0,2,2
0x4a9b4c,33.3333%,2,1,3,1,0,2,0
0x9d25cf,0%,2,0,2,0,0,2,0
0xa094fb,83.3333%,2,10,12,0,0,2,10
0xa21110,50%,2,2,4,2,2,0,0
0xb3138e,99.7936%,2,967,969,0,0,2,967
0x48fbb5,50%,2,2,4,2,2,0,0
0x816765,97.0588%,2,66,68,0,0,2,66
0x4a57e0,98.1818%,2,108,110,108,2,0,0
0x48c42c,50%,2,2,4,2,0,2,0
0x63a7da,99%,2,198,200,198,2,0,0
0x63a7c1,99%,2,198,200,198,2,0,0
0x5b1826,97.2973%,2,72,74,72,2,0,0
0x6964c1,96.4286%,2,54,56,0,0,2,54
0x9d3198,33.3333%,2,1,3,0,0,2,1
0x67f0b8,99.9532%,2,4267,4269,0,0,2,4267
0x67cbe5,96.1538%,2,50,52,0,0,2,50
0x9f1261,80%,2,8,10,8,2,0,0
0x6616fb,98.7342%,2,156,158,156,2,0,0
0x69de07,83.3333%,2,10,12,0,0,2,10
0x67f6f3,98.1132%,2,104,106,0,0,2,104
0x48ff19,80%,2,8,10,8,2,0,0
0x94d805,99.6255%,2,532,534,0,0,2,532
0x9e5fb6,88.8889%,2,16,18,16,2,0,0
0x9ef36f,96.6667%,2,58,60,0,0,2,58
0x81b13c,93.75%,2,30,32,0,0,2,30
0x64ba24,99.8568%,2,1395,1397,0,0,2,1395
0x53c634,99.7015%,2,668,670,0,0,2,668
0x917b56,99%,2,198,200,0,0,2,198
0x9a485a,75%,2,6,8,3,1,1,3
0x81e765,98.5612%,2,137,139,137,2,0,0
0x959f45,50%,2,2,4,0,0,2,2
0x9988f2,0%,2,0,2,0,2,0,0
0x9988e6,0%,2,0,2,0,0,2,0
0xaca81b,92.8571%,2,26,28,26,2,0,0
0x9988cb,66.6667%,2,4,6,1,1,1,3
0xa095d7,60%,2,3,5,0,0,2,3
0xa1d4c3,60%,2,3,5,3,2,0,0
0x80ba05,0%,2,0,2,0,0,2,0
0x647b7a,95.3488%,2,41,43,0,0,2,41
0xa1aac1,60%,2,3,5,3,2,0,0
0xa0977c,33.3333%,2,1,3,0,1,1,1
0xa09747,66.6667%,2,4,6,1,0,2,3
0xa1b492,60%,2,3,5,0,1,1,3
0x65b224,84.6154%,2,11,13,11,2,0,0
0xa5bf82,93.75%,2,30,32,0,0,2,30
0xa3d6ad,75%,2,6,8,6,2,0,0
0xa1afcf,90.4762%,2,19,21,8,2,0,11
0xa1ada6,95.4545%,2,42,44,0,0,2,42
0x4c70e1,88.8889%,2,16,18,0,0,2,16
0xa1ad66,96.2264%,2,51,53,0,0,2,51
0x5f54ba,0%,2,0,2,0,0,2,0
0xa21d9c,0%,2,0,2,0,1,1,0
0x9d2902,60%,2,3,5,0,1,1,3
0x9d2939,60%,2,3,5,3,2,0,0
0x8f6ad0,98.8095%,2,166,168,0,0,2,166
0x9d03f0,88.8889%,2,16,18,0,0,2,16
0x97a488,85.7143%,2,12,14,11,1,1,1
0x9d0706,93.5484%,2,29,31,29,2,0,0
0x7ce82c,93.75%,2,30,32,30,2,0,0
0xa47039,90.9091%,2,20,22,0,0,2,20
0x90f803,0%,2,0,2,0,2,0,0
0x9eb259,0%,2,0,2,0,2,0,0
0x5f60ab,0%,2,0,2,0,0,2,0
0x814c7c,95.122%,2,39,41,0,0,2,39
0x8c7d89,99.8671%,2,1503,1505,1503,2,0,0
0x90eba9,99%,2,198,200,198,2,0,0
0x9175af,99%,2,198,200,198,2,0,0
0x918b1d,99%,2,198,200,0,0,2,198
0x64a6ae,0%,2,0,2,0,0,2,0
0x97b9d5,98.2456%,2,112,114,0,0,2,112
0x9e2fd6,99.2395%,2,261,263,0,0,2,261
0x915c5c,99%,2,198,200,198,0,2,0
0x404897,99.2%,2,248,250,0,0,2,248
0x63f46c,99.855%,2,1377,1379,0,0,2,1377
0xa0794b,60%,2,3,5,3,2,0,0
0x97524a,60%,2,3,5,3,2,0,0
0x91792d,99%,2,198,200,198,2,0,0
0x4b5c77,98.995%,2,197,199,30,2,0,167
0x63f25f,0%,2,0,2,0,2,0,0
0x63f257,0%,2,0,2,0,0,2,0
0x5f8a9a,75%,2,6,8,0,0,2,6
0x63f085,0%,2,0,2,0,2,0,0
0x63f041,0%,2,0,2,0,2,0,0
0x533787,94.7368%,2,36,38,30,1,1,6
0x7c9e2a,50%,2,2,4,2,2,0,0
0x7c86c1,50%,2,2,4,2,2,0,0
0x90bba2,90.9091%,2,20,22,0,0,2,20
0x7c86b8,50%,2,2,4,0,0,2,2
0xa9a3c4,60%,2,3,5,3,2,0,0
0x7c8368,50%,2,2,4,0,0,2,2
0x8ebb5a,99.5893%,2,485,487,485,2,0,0
0x618555,0%,2,0,2,0,0,2,0
0x9fe664,95%,2,38,40,38,2,0,0
0x55587f,50%,2,2,4,0,0,2,2
0x8e4279,99.8988%,2,1975,1977,0,0,2,1975
0x90b342,98.9637%,2,191,193,0,0,2,191
0x7ac790,83.3333%,2,10,12,0,0,2,10
0x90ae9c,98.3193%,2,117,119,0,0,2,117
0x6411a7,0%,2,0,2,0,2,0,0
0x90ae61,98.3193%,2,117,119,0,0,2,117
0x90d30b,98.3871%,2,122,124,0,0,2,122
0x90acca,98.3051%,2,116,118,0,0,2,116
0x909137,99.8343%,2,1205,1207,1205,2,0,0
0x50a2f3,50%,2,2,4,0,0,2,2
0x403e2e,83.3333%,2,10,12,0,0,2,10
0x40a4c9,0%,2,0,2,0,2,0,0
0x9a3a47,84.6154%,2,11,13,0,0,2,11
0x680631,91.3043%,2,21,23,0,0,2,21
0xa90452,98.2456%,2,112,114,0,0,2,112
0x90910e,99.8923%,2,1855,1857,1855,2,0,0
0x90967f,99.8923%,2,1855,1857,1855,2,0,0
0x9f738c,85.7143%,2,12,14,12,2,0,0
0x9e0937,85.7143%,2,12,14,4,2,0,8
0x8158df,77.7778%,2,7,9,7,2,0,0
0x67f731,98.1132%,2,104,106,0,0,2,104
0x50723d,98.7952%,2,164,166,134,2,0,30
0x9093b7,99.9461%,2,3710,3712,0,0,2,3710
0x48733d,0%,2,0,2,0,2,0,0
0x9f6ca0,84.6154%,2,11,13,11,2,0,0
0x9e58fe,93.3333%,2,28,30,0,0,2,28
0x911ace,99.8273%,2,1156,1158,0,0,2,1156
0x911960,99.8917%,2,1845,1847,1845,2,0,0
0x48ef1f,99.3958%,2,329,331,0,0,2,329
0xa920b2,50%,2,2,4,0,0,2,2
0x403d33,99.8318%,2,1187,1189,0,0,2,1187
0x8ddee1,96.2963%,2,52,54,52,2,0,0
0xa58469,80%,2,8,10,8,2,0,0
0x8226b0,50%,2,2,4,2,2,0,0
0x9a3304,98.6301%,2,144,146,144,1,1,0
0x5f5afe,0%,2,0,2,0,2,0,0
0x63f36c,99%,2,198,200,0,0,2,198
0x809254,98.995%,2,197,199,197,2,0,0
0xa5313c,98.9474%,2,188,190,0,0,2,188
0xa3fd6b,66.6667%,2,4,6,4,2,0,0
0x49aea1,94.8718%,2,37,39,37,2,0,0
0x4a9b24,0%,2,0,2,0,0,2,0
0x80939b,99.3939%,2,328,330,0,0,2,328
0x4c9f5b,75%,2,6,8,0,0,2,6
0x48ef8d,96.3636%,2,53,55,0,0,2,53
0x550972,96.0784%,2,49,51,49,2,0,0
0x837ee6,66.6667%,2,4,6,4,2,0,0
0x8df2df,75%,2,6,8,6,2,0,0
0x9fe879,95%,2,38,40,0,0,2,38
0x81ed66,99.2%,2,248,250,0,2,0,248
0x81f7e4,95.7447%,2,45,47,0,0,2,45
0x535625,96.7213%,2,59,61,0,0,2,59
0x4b84fd,33.3333%,2,1,3,0,0,2,1
0x9ef3f9,96.6667%,2,58,60,58,2,0,0
0x63b5fb,99.8469%,2,1304,1306,1304,2,0,0
0x959270,98.4375%,2,126,128,3,1,1,123
0x8ea7a9,50%,2,2,4,0,0,2,2
0x99134d,97.8022%,2,89,91,0,0,2,89
0x48ea02,97.7528%,2,87,89,2,2,0,85
0xa5366d,66.6667%,2,4,6,4,2,0,0
0x4a95a2,80%,2,8,10,0,0,2,8
0x48d88c,84.6154%,2,11,13,1,1,1,10
0x814ede,88.8889%,2,16,18,16,2,0,0
0x670496,77.7778%,2,7,9,0,0,2,7
0x48fb23,33.3333%,2,1,3,1,2,0,0
0x8117d3,99.6183%,2,522,524,522,0,2,0
0x402d64,94.1176%,2,32,34,0,0,2,32
0x48fa9e,33.3333%,2,1,3,1,2,0,0
0x48f503,33.3333%,2,1,3,1,2,0,0
0xa99c7e,50%,2,2,4,0,0,2,2
0x48f407,83.3333%,2,10,12,8,1,1,2
0x8f38fb,99.7509%,2,801,803,801,2,0,0
0x808987,91.3043%,2,21,23,0,1,1,21
0x80aa30,33.3333%,2,1,3,0,0,2,1
0x7dfcc9,90%,2,18,20,0,0,2,18
0x48f087,93.9394%,2,31,33,0,0,2,31
0x99e03f,92.8571%,2,26,28,26,2,0,0
0xa53055,75%,2,6,8,0,0,2,6
0x590e57,88.8889%,2,16,18,0,0,2,16
0x8aaac2,89.4737%,2,17,19,0,0,2,17
0x66f648,33.3333%,2,1,3,0,0,2,1
0x48fe2d,80%,2,8,10,8,2,0,0
0x538714,99.9258%,2,2694,2696,0,0,2,2694
0x80395a,0%,2,0,2,0,0,2,0
0x4905d6,33.3333%,2,1,3,1,2,0,0
0x58e83c,71.4286%,2,5,7,0,1,1,5
0x814e01,99.815%,2,1079,1081,799,1,1,280
0x5bda8e,75%,2,6,8,3,1,1,3
0x65b054,84.6154%,2,11,13,0,0,2,11
0x48f453,66.6667%,2,4,6,1,2,0,3
0xa51ed4,96.5517%,2,56,58,56,2,0,0
0x94eb84,97.7778%,2,88,90,0,0,2,88
0x7c9b21,50%,2,2,4,0,0,2,2
0x48872b,99.4949%,2,394,396,0,0,2,394
0xa64fca,50%,2,2,4,2,2,0,0
0x96ae3f,90.4762%,2,19,21,0,0,2,19
0xa64fdc,50%,2,2,4,2,2,0,0
0x5c6c52,99.9068%,2,2144,2146,0,0,2,2144
0x9fe5e8,95.4545%,2,42,44,0,0,2,42
0x7808ba,0%,2,0,2,0,0,2,0
0x8df3c5,87.5%,2,14,16,0,0,2,14
0xa548c7,99.5381%,2,431,433,0,0,2,431
0x5fedca,99.4805%,2,383,385,0,0,2,383
0x94ee55,93.3333%,2,28,30,0,0,2,28
0x8df599,95.2381%,2,40,42,0,0,2,40
0x95adb6,86.6667%,2,13,15,9,2,0,4
0x405a93,99.537%,2,430,432,0,0,2,430
0x8043d5,77.7778%,2,7,9,0,0,2,7
0x94ea6b,92.8571%,2,26,28,0,0,2,26
0x94ea67,92.8571%,2,26,28,0,0,2,26
0x5cba12,98.7097%,2,153,155,0,0,2,153
0x900735,98.5185%,2,133,135,0,0,2,133
0x90d46b,99.3377%,2,300,302,0,0,2,300
0x9a0c2c,92.8571%,2,26,28,0,0,2,26
0x9f0258,97.8723%,2,92,94,0,0,2,92
0x906a06,97.4684%,2,77,79,0,0,2,77
0x82244c,98.9247%,2,184,186,0,0,2,184
0x9499bc,96.2264%,2,51,53,51,2,0,0
0x9988b7,66.6667%,2,4,6,1,0,2,3
0x4c97c7,71.4286%,2,5,7,5,2,0,0
0x557b76,96.9231%,2,63,65,0,0,2,63
0x554ee8,98.5915%,2,140,142,140,2,0,0
0xa51e54,94.8718%,2,37,39,0,0,2,37
0x8d3351,33.3333%,2,1,3,1,2,0,0
0x5a5e07,50%,2,2,4,1,1,1,1
0x9fe114,92%,2,23,25,23,2,0,0
0x81e52c,97.4359%,2,76,78,75,1,1,1
0x48a2db,99.9043%,2,2087,2089,0,0,2,2087
0xa37f3d,60%,2,3,5,3,2,0,0
0x556ac9,50%,2,2,4,2,2,0,0
0xa56f3c,97.2973%,2,72,74,0,2,0,72
0x991353,97.8022%,2,89,91,89,2,0,0
0xa5306f,75%,2,6,8,6,2,0,0
0x9eb1e7,96.4286%,2,54,56,54,2,0,0
0x99f677,98.0392%,2,100,102,0,0,2,100
0x8ebd83,0%,2,0,2,0,0,2,0
0x48e594,95.7447%,2,45,47,45,2,0,0
0x555c21,94.7368%,2,36,38,36,2,0,0
0x539dc1,99.7308%,2,741,743,0,0,2,741
0x555b6a,99.1736%,2,240,242,0,1,1,240
0xa4b717,99.1561%,2,235,237,0,0,2,235
0xa98d4c,60%,2,3,5,3,2,0,0
0x558e34,97.7273%,2,86,88,0,0,2,86
0xa583db,98.374%,2,121,123,0,0,2,121
0x53a0be,93.1034%,2,27,29,0,0,2,27
0x5590e7,99.5327%,2,426,428,0,0,2,426
0x558d16,97.3333%,2,73,75,0,0,2,73
0xa90077,99.4624%,2,370,372,0,0,2,370
0xa4825d,83.3333%,2,10,12,0,0,2,10
0x64abe4,75%,2,6,8,6,0,2,0
0x5f5e50,0%,2,0,2,0,2,0,0
0x9f4e04,77.7778%,2,7,9,7,2,0,0
0x90cefb,99.7625%,2,840,842,840,2,0,0
0x9712bb,60%,2,3,5,3,2,0,0
0x54ef44,95.3488%,2,41,43,0,0,2,41
0x4ac669,86.6667%,2,13,15,13,2,0,0
0x9432fe,97.3333%,2,73,75,0,0,2,73
0x8f6a2c,99.449%,2,361,363,361,2,0,0
0x8c83cc,99.0566%,2,210,212,210,0,2,0
0x9ef3a6,77.7778%,2,7,9,7,2,0,0
0xa2101a,66.6667%,2,4,6,0,0,2,4
0x4a25fe,99.7429%,2,776,778,0,0,2,776
0x5fe9f2,95.3488%,2,41,43,0,1,1,41
0x9c3ca6,77.7778%,2,7,9,0,0,2,7
0x95191c,97.8022%,2,89,91,89,2,0,0
0xa452b5,99.4975%,2,396,398,396,2,0,0
0x4417f7,81.8182%,2,9,11,0,0,2,9
0x96b210,93.75%,2,30,32,0,0,2,30
0x908ff4,99.8923%,2,1855,1857,1855,2,0,0
0xa36e7c,80%,2,8,10,0,0,2,8
0xa30e43,98.2143%,2,110,112,110,2,0,0
0x4822d3,77.7778%,2,7,9,7,2,0,0
0x66f403,0%,2,0,2,0,0,2,0
0xa9ec3b,50%,2,2,4,2,2,0,0
0x8bdca6,50%,2,2,4,0,0,2,2
0x9f226d,97.5309%,2,79,81,79,0,2,0
0x590ea4,91.3043%,2,21,23,0,0,2,21
0x8ffc75,97.0588%,2,66,68,0,0,2,66
0x814378,99.9518%,2,4145,4147,0,0,2,4145
0x4ac65c,86.6667%,2,13,15,12,1,1,1
0xa4a5a6,75%,2,6,8,6,2,0,0
0x8e35db,99.5595%,2,452,454,0,0,2,452
0xb30224,91.6667%,2,22,24,0,2,0,22
0x4b29ca,0%,2,0,2,0,2,0,0
0x7d379b,95%,2,38,40,38,2,0,0
0x40df58,98.1481%,2,106,108,106,0,2,0
0x8e40d8,99.8807%,2,1674,1676,0,0,2,1674
0x811e73,99.7552%,2,815,817,0,0,2,815
0x4a8764,96.0784%,2,49,51,49,2,0,0
0x403dc7,87.5%,2,14,16,0,0,2,14
0x48da1e,95.6522%,2,44,46,44,2,0,0
0x8c82e4,0%,2,0,2,0,2,0,0
0x40ea7e,50%,2,2,4,2,2,0,0
0x8149dd,96.8254%,2,61,63,0,0,2,61
0x8c82c9,93.75%,2,30,32,0,0,2,30
0x9a1c80,98.8701%,2,175,177,28,2,0,147
0x8c900f,99.5902%,2,486,488,486,0,2,0
0x8dfff1,83.3333%,2,10,12,0,0,2,10
0xaa4c14,33.3333%,2,1,3,1,2,0,0
0x8c8d93,75%,2,6,8,0,0,2,6
0x441537,81.8182%,2,9,11,0,0,2,9
0x7d40cc,96.2264%,2,51,53,0,0,2,51
0x67070d,0%,2,0,2,0,1,1,0
0x804267,95.2381%,2,40,42,37,0,2,3
0x943cf3,80%,2,8,10,1,1,1,7
0x5f4387,0%,2,0,2,0,2,0,0
0x4946c3,50%,2,2,4,0,2,0,2
0x4947d1,0%,2,0,2,0,2,0,0
0x9d1cba,97.1831%,2,69,71,0,0,2,69
0x499d08,96.2264%,2,51,53,11,2,0,40
0x80f918,97.2973%,2,72,74,37,0,2,35
0x5bce8f,99.7925%,2,962,964,962,2,0,0
0x6705c4,98.4962%,2,131,133,0,0,2,131
0x591172,97.8261%,2,90,92,0,0,2,90
0x9f11f2,99.6101%,2,511,513,511,2,0,0
0xa31400,97.6471%,2,83,85,83,2,0,0
0x8fd463,97.0588%,2,66,68,0,2,0,66
0x80a7d5,60%,2,3,5,3,1,1,0
0x8a465d,99.685%,2,633,635,0,0,2,633
0x8db62c,99.8315%,2,1185,1187,36,1,1,1149
0x918f6d,99%,2,198,200,198,0,2,0
0x981ce5,92.8571%,2,26,28,22,2,0,4
0x6485e0,96.4286%,2,54,56,54,2,0,0
0x4c9df8,99.0654%,2,212,214,0,2,0,212
0x8fe5a1,99.5204%,2,415,417,0,0,2,415
0x487f0f,85.7143%,2,12,14,0,1,1,12
0x65a06e,99.2095%,2,251,253,0,0,2,251
0x4022fa,96.2963%,2,52,54,52,1,1,0
0x6717e4,0%,2,0,2,0,2,0,0
0x51c823,99.9831%,2,11811,11813,0,0,2,11811
0x48c717,98.6111%,2,142,144,0,0,2,142
0x90f7f2,0%,2,0,2,0,2,0,0
0x4c9e7b,50%,2,2,4,0,0,2,2
0x8137b1,96.7213%,2,59,61,59,0,2,0
0xa07aeb,96%,2,48,50,40,2,0,8
0xaa4749,87.5%,2,14,16,0,0,2,14
0xa55a45,50%,2,2,4,0,2,0,2
0x4a7c22,96.0784%,2,49,51,49,2,0,0
0x51b1d7,0%,2,0,2,0,0,2,0
0x610ae4,99.5595%,2,452,454,0,0,2,452
0x9e5ec4,88.2353%,2,15,17,15,2,0,0
0x7c1696,50%,2,2,4,0,0,2,2
0x9f26a6,99.537%,2,430,432,430,2,0,0
0x5e3890,33.3333%,2,1,3,1,2,0,0
0x9a9277,85.7143%,2,12,14,0,0,2,12
0x835da2,96.2264%,2,51,53,51,2,0,0
0x48d8e1,0%,2,0,2,0,2,0,0
0x59c5f2,50%,2,2,4,0,0,2,2
0x9988d7,66.6667%,2,4,6,3,0,2,1
0x7d1f44,96.0784%,2,49,51,49,2,0,0
0xa33d29,99.4236%,2,345,347,345,2,0,0
0x8ff986,98.2609%,2,113,115,0,0,2,113
0xa5eb62,60%,2,3,5,0,0,2,3
0x8f1496,99.5565%,2,449,451,0,0,2,449
0x4aad74,93.3333%,2,28,30,28,2,0,0
0x5ef8dd,88.2353%,2,15,17,0,0,2,15
0x7d2b98,99.4624%,2,370,372,370,2,0,0
0x58e282,97.3333%,2,73,75,0,0,2,73
0x53feea,99.5305%,2,424,426,0,0,2,424
0x7d208e,71.4286%,2,5,7,0,0,2,5
0x97381c,94.7368%,2,36,38,36,2,0,0
0x8ebe94,0%,2,0,2,0,2,0,0
0xaccde8,33.3333%,2,1,3,0,2,0,1
0x78270d,80%,2,8,10,0,0,2,8
0x80d565,0%,2,0,2,0,0,2,0
0x7d0cf5,99.7555%,2,816,818,0,0,2,816
0xa3d3c1,75%,2,6,8,6,2,0,0
0x5af0ab,80%,2,8,10,0,0,2,8
0xa91244,50%,2,2,4,2,2,0,0
0x59c0e0,99.0654%,2,212,214,0,0,2,212
0x9fbb6e,99.3464%,2,304,306,0,0,2,304
0xaa4871,98.6577%,2,147,149,147,2,0,0
0x4ca6aa,0%,2,0,2,0,2,0,0
0xa4fe37,99.1416%,2,231,233,231,2,0,0
0x4c9f6e,98.913%,2,182,184,182,2,0,0
0x640337,99.9161%,2,2383,2385,1856,1,1,527
0x9f96ba,97.0588%,2,66,68,66,2,0,0
0x5b4314,90%,2,18,20,18,2,0,0
0x441c7c,81.8182%,2,9,11,9,2,0,0
0x7aee47,66.6667%,2,4,6,0,0,2,4
0x81c701,97.1429%,2,68,70,0,0,2,68
0x809879,81.8182%,2,9,11,9,2,0,0
0x441b65,81.8182%,2,9,11,9,2,0,0
0x4bf2bf,95.8333%,2,46,48,12,1,1,34
0x4c6ef4,93.9394%,2,31,33,31,2,0,0
0x8d11d9,99.9652%,2,5738,5740,0,0,2,5738
0x8097a2,80%,2,8,10,8,2,0,0
0x820beb,96%,2,48,50,48,2,0,0
0x441bb6,81.8182%,2,9,11,9,2,0,0
0x4c803a,97.1014%,2,67,69,0,0,2,67
0x5b8d0c,0%,2,0,2,0,0,2,0
0x8096ff,71.4286%,2,5,7,0,2,0,5
0x809a05,77.7778%,2,7,9,7,0,2,0
0x81a582,99.6835%,2,630,632,630,2,0,0
0x4bb5e1,96.1538%,2,50,52,50,2,0,0
0x7e07ba,90%,2,18,20,1,1,1,17
0x80969c,97.4684%,2,77,79,77,0,2,0
0x50293f,97.9381%,2,95,97,0,0,2,95
0x8f4961,99.8554%,2,1381,1383,1367,0,2,14
0xa50da1,50%,2,2,4,0,0,2,2
0x441d85,81.8182%,2,9,11,9,2,0,0
0x7ac76b,83.3333%,2,10,12,0,0,2,10
0x7b061a,33.3333%,2,1,3,0,0,2,1
0x7afc24,92.8571%,2,26,28,25,1,1,1
0x78997d,77.7778%,2,7,9,6,1,1,1
0x4b71e4,81.8182%,2,9,11,9,2,0,0
0x8039a6,0%,2,0,2,0,2,0,0
0x78506c,92.8571%,2,26,28,0,0,2,26
0x4b7276,81.8182%,2,9,11,1,2,0,8
0x7844ad,93.1034%,2,27,29,27,2,0,0
0x505a49,50%,2,2,4,0,0,2,2
0x7b63c8,95.5556%,2,43,45,0,0,2,43
0x7b6401,94.5946%,2,35,37,0,0,2,35
0x7b640d,94.5946%,2,35,37,0,0,2,35
0x8d2ef3,0%,2,0,2,0,0,2,0
0x99aa21,98.0392%,2,100,102,0,0,2,100
0x4b6e3b,92.8571%,2,26,28,26,2,0,0
0x809d04,0%,2,0,2,0,0,2,0
0x4b78d6,92.8571%,2,26,28,0,0,2,26
0x4b78f2,92.8571%,2,26,28,0,0,2,26
0x4b955d,0%,2,0,2,0,1,1,0
0x4bd710,94.8718%,2,37,39,0,0,2,37
0x5960ed,84.6154%,2,11,13,0,0,2,11
0x505a58,50%,2,2,4,0,0,2,2
0x4b6e2f,75%,2,6,8,0,0,2,6
0xa017ab,0%,2,0,2,0,2,0,0
0x679a88,96.7213%,2,59,61,0,0,2,59
0x596108,84.6154%,2,11,13,0,2,0,11
0x608d97,90.4762%,2,19,21,19,2,0,0
0x49bdeb,50%,2,2,4,2,2,0,0
0x58c657,83.3333%,2,10,12,10,2,0,0
0x4c2320,87.5%,2,14,16,0,0,2,14
0x4b5aad,92.5926%,2,25,27,0,0,2,25
0x4b9ea2,98.7097%,2,153,155,153,2,0,0
0x4b9fc1,96%,2,48,50,3,0,2,45
0x4419b3,81.8182%,2,9,11,0,0,2,9
0xa17faf,99.4667%,2,373,375,0,0,2,373
0x8fd21a,66.6667%,2,4,6,2,0,2,2
0x493213,94.8718%,2,37,39,0,0,2,37
0x67f6a6,98.1132%,2,104,106,104,2,0,0
0x8098b6,81.8182%,2,9,11,6,0,2,3
0x6ccbbf,99.7912%,2,956,958,956,2,0,0
0x8045ea,88.2353%,2,15,17,0,0,2,15
0x5d8bb3,98.5401%,2,135,137,135,2,0,0
0x94ebd1,97.7778%,2,88,90,0,0,2,88
0x4b86e3,81.8182%,2,9,11,9,2,0,0
0x50ce54,96.1538%,2,50,52,50,2,0,0
0x4ba173,98.1132%,2,104,106,91,2,0,13
0x5a5eb0,50%,2,2,4,0,0,2,2
0x8e9cec,60%,2,3,5,0,0,2,3
0x8aa8c5,99.7279%,2,733,735,0,0,2,733
0x90bf34,99.1597%,2,236,238,119,0,2,117
0x8046e7,96.2963%,2,52,54,0,0,2,52
0x80466f,0%,2,0,2,0,0,2,0
0x9e18ee,96.9697%,2,64,66,64,2,0,0
0xa46dea,99.2218%,2,255,257,0,0,2,255
0x4bf256,95.2381%,2,40,42,40,2,0,0
0x48a300,99.9043%,2,2087,2089,0,0,2,2087
0xaa23e0,94.1176%,2,32,34,29,1,1,3
0x53e85c,50%,2,2,4,0,0,2,2
0x59ec84,50%,2,2,4,2,2,0,0
0xa53f21,98.1308%,2,105,107,0,0,2,105
0x48aa7e,99.9856%,2,13875,13877,0,0,2,13875
0x8045b2,75%,2,6,8,0,1,1,6
0x8055b2,89.4737%,2,17,19,17,2,0,0
0xa25d15,99.8843%,2,1726,1728,0,0,2,1726
0x4bbf60,96.4286%,2,54,56,54,2,0,0
0x59e736,50%,2,2,4,2,2,0,0
0x4c40b0,97.8261%,2,90,92,90,2,0,0
0x4c561f,96.3636%,2,53,55,29,2,0,24
0x59f000,50%,2,2,4,1,1,1,1
0x4a5bb5,96.3636%,2,53,55,0,0,2,53
0x9e02da,91.6667%,2,22,24,0,0,2,22
0x910038,99.7059%,2,678,680,0,0,2,678
0x8eca9c,81.8182%,2,9,11,0,0,2,9
0x4b7327,81.8182%,2,9,11,9,2,0,0
0x81460f,88.8889%,2,16,18,16,2,0,0
0x8bd3ac,99.8857%,2,1748,1750,0,0,2,1748
0x6472e7,60%,2,3,5,0,0,2,3
0x4b7aea,81.8182%,2,9,11,8,1,1,1
0x8c86f5,99.5951%,2,492,494,492,2,0,0
0x8038ac,0%,2,0,2,0,2,0,0
0x80372b,0%,2,0,2,0,0,2,0
0xa6c73d,92.5926%,2,25,27,25,2,0,0
0x547983,86.6667%,2,13,15,0,0,2,13
0x95ad8c,91.3043%,2,21,23,18,1,1,3
0x604358,83.3333%,2,10,12,0,0,2,10
0x4bdfb7,81.8182%,2,9,11,9,2,0,0
0x4be7ba,77.7778%,2,7,9,0,0,2,7
0xb147f8,99.953%,2,4256,4258,0,0,2,4256
0x8435cc,50%,2,2,4,2,2,0,0
0x5ec30c,93.5484%,2,29,31,0,0,2,29
0x502fd4,97.9381%,2,95,97,95,2,0,0
0x81cda0,98.8701%,2,175,177,175,2,0,0
0x8ff9f0,98.2609%,2,113,115,0,0,2,113
0x58e748,66.6667%,2,4,6,4,2,0,0
0x4be7fc,92.5926%,2,25,27,0,0,2,25
0x4be85b,88.8889%,2,16,18,15,0,2,1
0xa39d9b,96.9231%,2,63,65,63,2,0,0
0x5b028d,99.6078%,2,508,510,0,0,2,508
0x811c3e,99.2308%,2,258,260,258,2,0,0
0x4ba9a6,93.5484%,2,29,31,0,0,2,29
0xa0bc1c,60%,2,3,5,0,0,2,3
0x4b8593,81.8182%,2,9,11,9,2,0,0
0x49d789,97.7273%,2,86,88,0,0,2,86
0x7c3bf7,96.0784%,2,49,51,49,2,0,0
0xa46998,99.0783%,2,215,217,215,2,0,0
0x781a94,98.7179%,2,154,156,154,2,0,0
0x78f62e,86.6667%,2,13,15,0,1,1,13
0xa51ea9,92.8571%,2,26,28,26,2,0,0
0x81e820,98.8701%,2,175,177,0,0,2,175
0x4bc738,98.9362%,2,186,188,0,0,2,186
0x4bc7df,98.9362%,2,186,188,59,2,0,127
0x78f0eb,80%,2,8,10,8,2,0,0
0x78a6ab,80%,2,8,10,0,0,2,8
0xa5723c,98.8095%,2,166,168,0,0,2,166
0x7f3e8c,86.6667%,2,13,15,0,0,2,13
0x4b569d,98.0392%,2,100,102,0,0,2,100
0xa51d38,75%,2,6,8,6,2,0,0
0x9b9019,77.7778%,2,7,9,0,0,2,7
0x8e4425,99.913%,2,2297,2299,0,0,2,2297
0x786986,83.3333%,2,10,12,5,1,1,5
0x783cd1,98.7179%,2,154,156,154,2,0,0
0x94c8f7,95%,2,38,40,38,2,0,0
0x5d80f1,99.8388%,2,1239,1241,1239,2,0,0
0xa056e2,60%,2,3,5,0,1,1,3
0x67064d,90%,2,18,20,0,0,2,18
0x817cee,99.2%,2,248,250,248,2,0,0
0x9fdb83,92%,2,23,25,0,0,2,23
0x943d6b,80%,2,8,10,1,1,1,7
0x58ba82,50%,2,2,4,2,2,0,0
0x50310b,98.9474%,2,188,190,0,0,2,188
0x8104c3,95.8333%,2,46,48,5,1,1,41
0x8ff2d5,96.6667%,2,58,60,17,1,1,41
0x80ecab,99.4565%,2,366,368,366,2,0,0
0x5561b1,99.1935%,2,246,248,246,2,0,0
0x943cff,75%,2,6,8,0,0,2,6
0x9a18f0,90.4762%,2,19,21,0,1,1,19
0x4bc5db,80%,2,8,10,8,2,0,0
0x4bb9f0,90.4762%,2,19,21,19,2,0,0
0x5ff4b9,80%,2,8,10,4,2,0,4
0xa980db,98.6577%,2,147,149,0,0,2,147
0x808ab2,77.7778%,2,7,9,7,2,0,0
0x8dc39a,50%,2,2,4,0,0,2,2
0x77ad96,99.6169%,2,520,522,520,2,0,0
0x4c4067,99.0196%,2,202,204,0,0,2,202
0x4bf6d2,98.8166%,2,167,169,167,2,0,0
0x4c15d3,98.9899%,2,196,198,196,2,0,0
0xa4a18e,98.0769%,2,102,104,0,0,2,102
0x5047bb,71.4286%,2,5,7,5,2,0,0
0x4bc548,99.7183%,2,708,710,0,0,2,708
0xa55a49,0%,2,0,2,0,0,2,0
0x80f446,75%,2,6,8,0,0,2,6
0x8aed26,98.6301%,2,144,146,140,1,1,4
0x943ade,77.7778%,2,7,9,0,0,2,7
0xa55a90,0%,2,0,2,0,2,0,0
0x4bc66b,97.9167%,2,94,96,0,0,2,94
0x94ce77,95.7447%,2,45,47,0,0,2,45
0x49fd38,99.8322%,2,1190,1192,1190,2,0,0
0x7e2129,92.5926%,2,25,27,24,1,1,1
0x7ac162,90.4762%,2,19,21,13,2,0,6
0x9e3f00,94.5946%,2,35,37,35,2,0,0
0x81be79,99.0196%,2,202,204,0,0,2,202
0x4041ab,99.734%,2,750,752,0,0,2,750
0x78f649,85.7143%,2,12,14,12,2,0,0
0xa55ad3,50%,2,2,4,2,2,0,0
0x783c5b,98.7179%,2,154,156,0,0,2,154
0x9850da,83.3333%,2,10,12,0,0,2,10
0x783cc3,98.7179%,2,154,156,0,0,2,154
0x78f640,85.7143%,2,12,14,0,0,2,12
0xa35b46,93.75%,2,30,32,30,2,0,0
0xace098,0%,2,0,2,0,0,2,0
0x9f4aaa,99.4269%,2,347,349,347,2,0,0
0x9f5cf1,71.4286%,2,5,7,0,0,2,5
0x8d39ac,80%,2,8,10,8,2,0,0
0x80ca84,99.2908%,2,280,282,280,2,0,0
0xa329f8,0%,2,0,2,0,0,2,0
0x4c1b21,96.6102%,2,57,59,57,1,1,0
0x7c7a0c,91.6667%,2,22,24,0,0,2,22
0x5467ef,71.4286%,2,5,7,5,0,2,0
0x44162e,81.8182%,2,9,11,0,0,2,9
0x8dab00,95.4545%,2,42,44,42,2,0,0
0x944d20,96.5517%,2,56,58,0,0,2,56
0x80bfdb,95.8333%,2,46,48,14,2,0,32
0x80c157,88.2353%,2,15,17,0,0,2,15
0x619927,97.3333%,2,73,75,73,2,0,0
0x441557,81.8182%,2,9,11,0,0,2,9
0x5da0aa,50%,2,2,4,2,2,0,0
0xa52f47,98.9583%,2,190,192,0,0,2,190
0x8ee8b8,33.3333%,2,1,3,0,0,2,1
0x5038d1,94.4444%,2,34,36,34,2,0,0
0x80a451,99.5585%,2,451,453,0,0,2,451
0xaadac5,96.875%,2,62,64,62,2,0,0
0x4c06b0,97.6744%,2,84,86,84,2,0,0
0x5f5bd8,0%,2,0,2,0,2,0,0
0x506006,97.8495%,2,91,93,91,2,0,0
0x58b8f6,98.1818%,2,108,110,0,0,2,108
0xa1b50f,60%,2,3,5,0,0,2,3
0x806178,0%,2,0,2,0,2,0,0
0x8da41c,99.7037%,2,673,675,0,0,2,673
0x80bc40,99.4924%,2,392,394,392,2,0,0
0x80bab1,95.4545%,2,42,44,0,0,2,42
0x94a19d,97.5%,2,78,80,0,0,2,78
0x7f0696,0%,2,0,2,0,2,0,0
0x810205,99.7494%,2,796,798,0,0,2,796
0x8f2f8f,99.9725%,2,7282,7284,0,0,2,7282
0xa56e09,0%,2,0,2,0,0,2,0
0x80fda5,99.8319%,2,1188,1190,566,2,0,622
0x80e97b,99.7613%,2,836,838,836,2,0,0
0x8bf128,0%,2,0,2,0,2,0,0
0x811c9c,96.3636%,2,53,55,18,2,0,35
0x809c60,0%,2,0,2,0,0,2,0
0x94c956,96.875%,2,62,64,62,2,0,0
0x9e2cea,84.6154%,2,11,13,0,0,2,11
0x80f929,94.5946%,2,35,37,0,0,2,35
0x8a9eec,99.5708%,2,464,466,464,2,0,0
0x4bf6e2,93.1034%,2,27,29,0,0,2,27
0x94ac61,97.5%,2,78,80,0,0,2,78
0x9f8096,33.3333%,2,1,3,1,2,0,0
0xa4a246,88.8889%,2,16,18,16,2,0,0
0x4bf72e,92.8571%,2,26,28,3,1,1,23
0x80d68a,0%,2,0,2,0,0,2,0
0x4bffd4,91.6667%,2,22,24,22,2,0,0
0x9e2f2f,99.2395%,2,261,263,261,2,0,0
0xa5304d,80%,2,8,10,0,2,0,8
0x9ff68e,60%,2,3,5,0,0,2,3
0x4bffea,91.6667%,2,22,24,0,0,2,22
0x508cf9,85.7143%,2,12,14,0,0,2,12
0x504d26,0%,2,0,2,0,2,0,0
0xa35da7,99.5536%,2,446,448,0,0,2,446
0x50c366,98.1982%,2,109,111,0,0,2,109
0x4c0faa,91.6667%,2,22,24,22,2,0,0
0x818944,99.6835%,2,630,632,0,0,2,630
0xa9c730,98.5915%,2,140,142,0,0,2,140
0x8b9932,81.8182%,2,9,11,0,0,2,9
0x4bd6a7,89.4737%,2,17,19,10,1,1,7
0x4a7273,99.4859%,2,387,389,0,0,2,387
0x666236,95.8333%,2,46,48,46,2,0,0
0x8b9d5e,97.2603%,2,71,73,0,0,2,71
0x541818,99.6146%,2,517,519,517,2,0,0
0x6f45a2,80%,2,8,10,5,1,1,3
0x8d397c,97.1831%,2,69,71,0,0,2,69
0x780884,88.8889%,2,16,18,16,2,0,0
0xaac302,50%,2,2,4,2,2,0,0
0x8d332f,33.3333%,2,1,3,0,0,2,1
0xa4d4f8,99.2933%,2,281,283,281,2,0,0
0x5fd91d,66.6667%,2,4,6,0,0,2,4
0xa35d80,99.5536%,2,446,448,0,0,2,446
0x95b759,50%,2,2,4,2,2,0,0
0x48716c,0%,2,0,2,0,2,0,0
0x8a5e2c,99.3631%,2,312,314,0,0,2,312
0xa39e51,99.8624%,2,1451,1453,0,0,2,1451
0x8db775,99.3651%,2,313,315,0,0,2,313
0x9d3322,96.3636%,2,53,55,53,2,0,0
0x8d38ca,66.6667%,2,4,6,4,2,0,0
0xb2ffcb,99.7301%,2,739,741,0,0,2,739
0x81fc6f,97.9592%,2,96,98,0,0,2,96
0x4c39ad,84.6154%,2,11,13,5,1,1,6
0x78bfb7,77.7778%,2,7,9,0,0,2,7
0x8d2f3d,97.2603%,2,71,73,0,2,0,71
0x8d2e99,0%,2,0,2,0,2,0,0
0x8c8bca,97.0149%,2,65,67,65,2,0,0
0x8f4d46,66.6667%,2,4,6,4,2,0,0
0x8173ca,97.8261%,2,90,92,0,0,2,90
0x59e726,75%,2,6,8,4,0,2,2
0x8fcf21,96.875%,2,62,64,62,2,0,0
0x481bba,77.7778%,2,7,9,7,2,0,0
0x4b9d00,90.4762%,2,19,21,19,2,0,0
0x8d4243,81.8182%,2,9,11,9,2,0,0
0x5f12f8,77.7778%,2,7,9,0,1,1,7
0x4c68c0,90%,2,18,20,11,1,1,7
0x64b9e9,99.8568%,2,1395,1397,0,0,2,1395
0x8d409e,84.6154%,2,11,13,1,1,1,10
0x49a523,50%,2,2,4,2,2,0,0
0x94703c,89.4737%,2,17,19,17,2,0,0
0x4c4c0a,84.6154%,2,11,13,0,0,2,11
0x4c4d13,92.8571%,2,26,28,13,2,0,13
0x8d3f66,84.6154%,2,11,13,1,2,0,10
0xa238a7,96.9231%,2,63,65,1,2,0,62
0x94da33,93.75%,2,30,32,30,2,0,0
0x8e0e9f,99.3769%,2,319,321,319,2,0,0
0x4be4d0,71.4286%,2,5,7,0,0,2,5
0x95b50a,50%,2,2,4,0,0,2,2
0x8d3f19,84.6154%,2,11,13,0,0,2,11
0x95b613,50%,2,2,4,2,2,0,0
0x80418f,96.6667%,2,58,60,55,0,2,3
0x80c409,88.8889%,2,16,18,0,0,2,16
0x8d3e9f,86.6667%,2,13,15,0,0,2,13
0x4c4d20,84.6154%,2,11,13,11,2,0,0
0x80aa7b,0%,2,0,2,0,2,0,0
0x48eff7,99.2424%,2,262,264,0,0,2,262
0x8e241d,99.9633%,2,5452,5454,0,0,2,5452
0x809162,99.6101%,2,511,513,511,2,0,0
0x4bc278,84.6154%,2,11,13,11,2,0,0
0x808787,92.5926%,2,25,27,25,2,0,0
0x4b90cb,77.7778%,2,7,9,0,0,2,7
0x5fa57a,95%,2,38,40,38,2,0,0
0x9e7496,0%,2,0,2,0,2,0,0
0x4b96c8,84.6154%,2,11,13,1,2,0,10
0x78e079,75%,2,6,8,3,1,1,3
0xa8a89b,50%,2,2,4,0,0,2,2
0x4a2628,99.373%,2,317,319,0,0,2,317
0xa4543b,99.4186%,2,342,344,342,2,0,0
0xa90261,94.7368%,2,36,38,36,2,0,0
0x8fd812,66.6667%,2,4,6,0,0,2,4
0xa90245,94.7368%,2,36,38,0,0,2,36
0xb1496e,99.953%,2,4256,4258,0,0,2,4256
0xa722eb,50%,2,2,4,2,2,0,0
0x8e5258,99.8687%,2,1521,1523,0,0,2,1521
0x9429dc,98.6301%,2,144,146,144,2,0,0
0x8fd7ed,33.3333%,2,1,3,0,0,2,1
0x4bda9a,33.3333%,2,1,3,1,2,0,0
0x4bdf7b,50%,2,2,4,0,0,2,2
0x491500,98.7421%,2,157,159,0,0,2,157
0xa32ba0,99.7843%,2,925,927,0,0,2,925
0x4be23c,50%,2,2,4,0,0,2,2
0x81216d,50%,2,2,4,2,2,0,0
0x95aaa5,50%,2,2,4,2,2,0,0
0x606fa6,80%,2,8,10,8,2,0,0
0xaab0ce,50%,2,2,4,2,2,0,0
0x4b8520,33.3333%,2,1,3,1,0,2,0
0x8a5c0c,0%,2,0,2,0,2,0,0
0x4b85eb,0%,2,0,2,0,0,2,0
0x5f94c9,87.5%,2,14,16,12,1,1,2
0x4bb311,86.6667%,2,13,15,0,0,2,13
0xaadb96,99.3846%,2,323,325,0,0,2,323
0x4c279d,66.6667%,2,4,6,0,1,1,4
0x8101c8,99.7494%,2,796,798,0,0,2,796
0x9a7aad,98.3607%,2,120,122,0,0,2,120
0xa7b0f4,60%,2,3,5,3,2,0,0
0x4c97af,83.3333%,2,10,12,3,2,0,7
0x981c8b,92.8571%,2,26,28,1,1,1,25
0x4c97bf,71.4286%,2,5,7,0,0,2,5
0x8f5ad1,77.7778%,2,7,9,0,0,2,7
0x80a074,50%,2,2,4,2,2,0,0
0x81fda7,95.8333%,2,46,48,0,0,2,46
0x787d7f,66.6667%,2,4,6,4,2,0,0
0x9e5c09,94.2857%,2,33,35,33,2,0,0
0x5f0a5b,99.3243%,2,294,296,293,0,2,1
0x4b897d,81.8182%,2,9,11,9,2,0,0
0x4bc06b,87.5%,2,14,16,0,0,2,14
0x67f0de,99.9532%,2,4267,4269,4267,2,0,0
0x809c75,0%,2,0,2,0,2,0,0
0x4acbf2,86.6667%,2,13,15,13,2,0,0
0x81ff76,95.8333%,2,46,48,0,0,2,46
0x8d42e7,83.3333%,2,10,12,0,0,2,10
0x95b122,75%,2,6,8,2,2,0,4
0x4b8ebe,50%,2,2,4,2,2,0,0
0x9e1239,92.5926%,2,25,27,25,2,0,0
0x51b64b,80%,2,8,10,3,2,0,5
0x4b8f27,50%,2,2,4,0,1,1,2
0x4b5eb5,80%,2,8,10,5,1,1,3
0x4c27ae,60%,2,3,5,3,2,0,0
0x4b9027,50%,2,2,4,0,0,2,2
0xaaaefa,83.3333%,2,10,12,10,2,0,0
0x9f0447,99.0099%,2,200,202,37,2,0,163
0xaaaec7,83.3333%,2,10,12,6,2,0,4
0x63b4ba,99.7531%,2,808,810,808,2,0,0
0x81e826,98.8701%,2,175,177,175,2,0,0
0x9bd34e,83.3333%,2,10,12,10,2,0,0
0x8dae3f,99.855%,2,1377,1379,1377,2,0,0
0x4c62ab,95.4545%,2,42,44,42,2,0,0
0x5be82f,95.3488%,2,41,43,41,2,0,0
0x5be7fd,95.5556%,2,43,45,0,2,0,43
0x5af6e9,77.7778%,2,7,9,7,2,0,0
0x7808e8,0%,2,0,2,0,2,0,0
0x5be7e6,0%,2,0,2,0,0,2,0
0x7808c3,0%,2,0,2,0,2,0,0
0xa9c99b,94.1176%,2,32,34,0,0,2,32
0xa97f6d,90%,2,18,20,18,2,0,0
0x9edce6,96.875%,2,62,64,0,0,2,62
0x5be7ca,0%,2,0,2,0,0,2,0
0xa41675,92%,2,23,25,23,2,0,0
0x4c185e,90%,2,18,20,3,1,1,15
0x59e5cf,98.2143%,2,110,112,110,2,0,0
0x7d4415,0%,2,0,2,0,0,2,0
0xb2ee7c,66.6667%,2,4,6,0,2,0,4
0x4913cf,98.7421%,2,157,159,0,0,2,157
0x803b38,0%,2,0,2,0,2,0,0
0x82259a,99.0244%,2,203,205,203,2,0,0
0x9591c6,33.3333%,2,1,3,1,2,0,0
0x88e118,0%,2,0,2,0,0,2,0
0x919037,0%,2,0,2,0,2,0,0
0x8f417c,99.3846%,2,323,325,323,2,0,0
0x781240,95.4545%,2,42,44,42,2,0,0
0x9f177f,95%,2,38,40,0,0,2,38
0x8e494f,99.6875%,2,638,640,638,2,0,0
0x81f795,97.8723%,2,92,94,0,0,2,92
0x4c6f93,96%,2,48,50,0,0,2,48
0x48b9fc,99.9005%,2,2008,2010,0,0,2,2008
0x9487ab,94.8718%,2,37,39,0,0,2,37
0xa63b96,0%,2,0,2,0,2,0,0
0xa3d220,75%,2,6,8,6,2,0,0
0x492b3b,0%,2,0,2,0,2,0,0
0x9e1a64,0%,2,0,2,0,2,0,0
0x59ed41,75%,2,6,8,6,2,0,0
0x5f797b,99.322%,2,293,295,0,0,2,293
0x59ec61,75%,2,6,8,4,0,2,2
0x9e21c5,0%,2,0,2,0,2,0,0
0x59eb93,75%,2,6,8,6,2,0,0
0x64baf7,99.8563%,2,1390,1392,1390,2,0,0
0x59e9fa,50%,2,2,4,1,1,1,1
0x502549,99.8264%,2,1150,1152,0,0,2,1150
0x80442a,66.6667%,2,4,6,2,2,0,2
0x67c9b7,99.8419%,2,1263,1265,0,0,2,1263
0x59e9f1,75%,2,6,8,4,0,2,2
0x8f3789,99.375%,2,318,320,318,2,0,0
0x972ca3,98.5714%,2,138,140,0,0,2,138
0x40dc4b,99.0909%,2,218,220,218,2,0,0
0x4c5c38,93.75%,2,30,32,0,0,2,30
0x8a9811,99.9847%,2,13050,13052,0,0,2,13050
0xa3531d,88.8889%,2,16,18,16,2,0,0
0x59e8a9,75%,2,6,8,3,1,1,3
0x59e6e8,75%,2,6,8,3,1,1,3
0x81e083,0%,2,0,2,0,0,2,0
0x810866,97.3333%,2,73,75,0,0,2,73
0x9b896a,0%,2,0,2,0,2,0,0
0x4c448f,90%,2,18,20,1,1,1,17
0x4c6187,95.4545%,2,42,44,36,1,1,6
0x90fffa,99.7059%,2,678,680,678,2,0,0
0x8063a3,91.6667%,2,22,24,0,0,2,22
0xa9d23a,50%,2,2,4,2,2,0,0
0x5bbf9c,0%,2,0,2,0,2,0,0
0x8040e2,96.6667%,2,58,60,0,0,2,58
0x9e1020,95.9184%,2,47,49,22,0,2,25
0x59f4d2,50%,2,2,4,0,0,2,2
0x4c7278,88.8889%,2,16,18,16,2,0,0
0x8e46aa,87.5%,2,14,16,0,0,2,14
0x67a755,97.4359%,2,76,78,76,2,0,0
0x9591b8,87.5%,2,14,16,12,1,1,2
0x9e111c,0%,2,0,2,0,2,0,0
0x9e153b,0%,2,0,2,0,0,2,0
0x504927,86.6667%,2,13,15,0,0,2,13
0x8d3d83,93.5484%,2,29,31,0,0,2,29
0x9ed8b2,96.875%,2,62,64,62,2,0,0
0x818880,99.7582%,2,825,827,0,0,2,825
0xa22e45,77.7778%,2,7,9,7,2,0,0
0x8bb96f,81.8182%,2,9,11,9,2,0,0
0x51292f,92%,2,23,25,20,1,1,3
0x58ba66,50%,2,2,4,2,2,0,0
0x677621,0%,2,0,2,0,2,0,0
0x480e14,77.7778%,2,7,9,0,0,2,7
0x5440ad,81.8182%,2,9,11,1,1,1,8
0x980c14,95.7447%,2,45,47,45,2,0,0
0x4bc30a,94.1176%,2,32,34,32,2,0,0
0x5ef0a2,88.8889%,2,16,18,16,2,0,0
0x8221cd,99.2674%,2,271,273,0,0,2,271
0x4bed7f,92.3077%,2,24,26,2,0,2,22
0x8bb75c,90%,2,18,20,8,2,0,10
0x4c43be,94.5946%,2,35,37,35,2,0,0
0xa04100,66.6667%,2,4,6,2,0,2,2
0x911b75,97.7778%,2,88,90,0,0,2,88
0x482a83,77.7778%,2,7,9,0,0,2,7
0x4bc99f,83.3333%,2,10,12,0,0,2,10
0x5387e4,99.9541%,2,4359,4361,4359,2,0,0
0x9bdb6e,50%,2,2,4,2,2,0,0
0x59fca9,50%,2,2,4,0,2,0,2
0x788055,96%,2,48,50,48,2,0,0
0x5a6444,0%,2,0,2,0,2,0,0
0x4c8092,90.9091%,2,20,22,0,0,2,20
0x837d51,98.4252%,2,125,127,0,0,2,125
0x9012ad,33.3333%,2,1,3,1,1,1,0
0x9f4b16,88.8889%,2,16,18,0,0,2,16
0x99e153,86.6667%,2,13,15,1,1,1,12
0x4c80b9,90.9091%,2,20,22,4,1,1,16
0x9fe1eb,92%,2,23,25,0,0,2,23
0x4c81a0,90.9091%,2,20,22,0,0,2,20
0xa99ab3,86.6667%,2,13,15,13,2,0,0
0x59719b,99.6779%,2,619,621,0,0,2,619
0x69222b,90.9091%,2,20,22,20,2,0,0
0x592f4a,99.8388%,2,1239,1241,0,0,2,1239
0x8df35b,75%,2,6,8,0,0,2,6
0x9178bb,98.7013%,2,152,154,10,2,0,142
0x900c7c,99.4012%,2,332,334,332,2,0,0
0xaef72d,50%,2,2,4,2,2,0,0
0x80f777,97.2973%,2,72,74,72,2,0,0
0xa5a094,84.6154%,2,11,13,1,2,0,10
0x59f993,50%,2,2,4,0,0,2,2
0x5af178,80%,2,8,10,8,2,0,0
0x8f6b9c,86.6667%,2,13,15,13,2,0,0
0x8d3de7,93.5484%,2,29,31,29,2,0,0
0x4c4720,96.7742%,2,60,62,56,1,1,4
0xa91ade,99.449%,2,361,363,0,0,2,361
0xa94749,93.1034%,2,27,29,0,0,2,27
0x973ee8,91.6667%,2,22,24,22,2,0,0
0x8d3dd3,93.5484%,2,29,31,0,0,2,29
0x659fcd,91.6667%,2,22,24,22,2,0,0
0x4ba5c6,50%,2,2,4,0,2,0,2
0x590c9d,90.9091%,2,20,22,1,1,1,19
0x8da95d,0%,2,0,2,0,2,0,0
0x9e3a96,96%,2,48,50,48,2,0,0
0x55803f,99.7519%,2,804,806,49,1,1,755
0x54cf55,88.2353%,2,15,17,15,2,0,0
0x9e5cac,94.2857%,2,33,35,33,2,0,0
0x4c234a,87.5%,2,14,16,7,1,1,7
0x810108,99.7354%,2,754,756,0,0,2,754
0x4a21c3,75%,2,6,8,6,2,0,0
0x7e1166,95.2381%,2,40,42,1,1,1,39
0x63f9e3,99.929%,2,2816,2818,0,0,2,2816
0x8aa7ba,99.1968%,2,247,249,247,2,0,0
0x81f3e3,99.5902%,2,486,488,0,0,2,486
0x5f7691,93.3333%,2,28,30,0,0,2,28
0x4ba256,98.9418%,2,187,189,0,0,2,187
0x9e71f6,0%,2,0,2,0,2,0,0
0x5f766a,98.4%,2,123,125,123,2,0,0
0x48e9d8,99.7587%,2,827,829,0,0,2,827
0x901ff4,99.5662%,2,459,461,0,0,2,459
0x4ac9e7,33.3333%,2,1,3,0,1,1,1
0x4036a9,89.4737%,2,17,19,17,2,0,0
0xa5395f,85.7143%,2,12,14,12,2,0,0
0x4b56de,98.0392%,2,100,102,2,1,1,98
0x804e12,0%,2,0,2,0,0,2,0
0xa334fb,99.956%,2,4548,4550,0,0,2,4548
0x9f473b,99.6633%,2,592,594,0,0,2,592
0x5034c9,0%,2,0,2,0,0,2,0
0x900cbe,99.4012%,2,332,334,0,0,2,332
0x5d9729,75%,2,6,8,6,2,0,0
0x40e96a,60%,2,3,5,3,2,0,0
0x818a8f,99.322%,2,293,295,293,2,0,0
0x8dc25d,99.7429%,2,776,778,422,2,0,354
0x4b4c5a,97.1831%,2,69,71,69,0,2,0
0xa098bb,84.6154%,2,11,13,6,2,0,5
0x9e7b7e,0%,2,0,2,0,2,0,0
0xa5389a,71.4286%,2,5,7,5,2,0,0
0x534adb,96.4286%,2,54,56,0,0,2,54
0x810896,97.3333%,2,73,75,0,2,0,73
0x5d1a7e,98.1818%,2,108,110,108,2,0,0
0xa558fc,0%,2,0,2,0,0,2,0
0x80dbaf,99.0909%,2,218,220,0,0,2,218
0x409f14,97.5309%,2,79,81,0,0,2,79
0x4c27f4,66.6667%,2,4,6,3,2,0,1
0x77d86a,66.6667%,2,4,6,0,0,2,4
0x40e167,99.6785%,2,620,622,2,2,0,618
0x97ba22,97.5904%,2,81,83,81,2,0,0
0x8381b3,60%,2,3,5,0,0,2,3
0x810a38,90%,2,18,20,18,2,0,0
0x679692,98.2143%,2,110,112,110,2,0,0
0x81e935,97.3684%,2,74,76,74,2,0,0
0x4a13c3,96.4286%,2,54,56,0,0,2,54
0x983b71,97.2973%,2,72,74,64,2,0,8
0xa545dd,75%,2,6,8,0,0,2,6
0x50314f,98.9474%,2,188,190,0,0,2,188
0x673cfc,89.4737%,2,17,19,17,2,0,0
0x83776e,33.3333%,2,1,3,1,2,0,0
0x4c5284,92.5926%,2,25,27,0,0,2,25
0x8c8716,99.5951%,2,492,494,0,0,2,492
0x8374f8,83.3333%,2,10,12,7,1,1,3
0x557ac8,60%,2,3,5,1,1,1,2
0x5f59eb,85.7143%,2,12,14,0,2,0,12
0xa8fa1c,97.6471%,2,83,85,83,2,0,0
0xa02b58,0%,2,0,2,0,0,2,0
0x9e610c,71.4286%,2,5,7,5,2,0,0
0x4c92d9,87.5%,2,14,16,0,0,2,14
0x7894a7,75%,2,6,8,2,2,0,4
0x9e147d,92.3077%,2,24,26,24,2,0,0
0x63ee91,99.7264%,2,729,731,0,0,2,729
0x4b4737,50%,2,2,4,1,1,1,1
0xa27353,98.1132%,2,104,106,0,0,2,104
0xa53751,75%,2,6,8,0,0,2,6
0x4b4727,50%,2,2,4,0,0,2,2
0x51afaf,99.3127%,2,289,291,289,1,1,0
0x80f945,94.5946%,2,35,37,0,0,2,35
0x8eb6cf,99.9298%,2,2847,2849,0,0,2,2847
0x9e5259,83.3333%,2,10,12,0,1,1,10
0x4c9348,87.5%,2,14,16,11,1,1,3
0x9fc701,80%,2,8,10,8,2,0,0
0x51c156,99.1071%,2,222,224,21,2,0,201
0x901b80,99.2%,2,248,250,0,0,2,248
0x5f764a,98.4%,2,123,125,123,2,0,0
0x533804,85.7143%,2,12,14,5,2,0,7
0x67d6ec,0%,2,0,2,0,2,0,0
0x8dfe4b,98.4615%,2,128,130,0,0,2,128
0xa53786,75%,2,6,8,6,0,2,0
0x8eb7a7,99.9298%,2,2847,2849,0,0,2,2847
0x53380d,71.4286%,2,5,7,0,0,2,5
0x9a7cb0,83.3333%,2,10,12,0,0,2,10
0x9a7cc4,83.3333%,2,10,12,10,2,0,0
0x803db5,0%,2,0,2,0,0,2,0
0x8434c1,66.6667%,2,4,6,2,0,2,2
0x804562,84.6154%,2,11,13,0,0,2,11
0x6495ff,0%,2,0,2,0,2,0,0
0x811ba5,99.7399%,2,767,769,0,0,2,767
0x5d0363,66.6667%,2,4,6,4,2,0,0
0x81732c,92%,2,23,25,0,1,1,23
0x80da79,98.1132%,2,104,106,104,2,0,0
0xa53273,66.6667%,2,4,6,4,2,0,0
0x8da491,99.7037%,2,673,675,0,0,2,673
0x5d0733,66.6667%,2,4,6,2,1,1,2
0x53c5a7,99.6639%,2,593,595,593,0,2,0
0x50fe37,50%,2,2,4,2,0,2,0
0x53c530,99.4898%,2,390,392,0,0,2,390
0x8fd2d8,75%,2,6,8,6,0,2,0
0x8ffdc7,75%,2,6,8,0,0,2,6
0x4b4994,98.5507%,2,136,138,0,0,2,136
0xa531e6,0%,2,0,2,0,2,0,0
0xa531ae,75%,2,6,8,6,2,0,0
0x8052cd,0%,2,0,2,0,0,2,0
0x678dff,91.3043%,2,21,23,21,2,0,0
0x81fb4a,99.3808%,2,321,323,0,0,2,321
0x4ad964,60%,2,3,5,0,0,2,3
0xa53199,80%,2,8,10,2,0,2,6
0x53382b,71.4286%,2,5,7,5,2,0,0
0x5f2641,66.6667%,2,4,6,0,0,2,4
0x80fe29,99.6639%,2,593,595,593,2,0,0
0x4b47bb,0%,2,0,2,0,2,0,0
0x7c76ab,83.3333%,2,10,12,7,1,1,3
0x4a1ebb,83.3333%,2,10,12,7,1,1,3
0x4a1e62,50%,2,2,4,0,0,2,2
0x4c187a,87.5%,2,14,16,14,2,0,0
0x9733d8,95%,2,38,40,38,2,0,0
0x405ea1,95.2381%,2,40,42,29,1,1,11
0x40ec5a,99.3031%,2,285,287,258,2,0,27
0x7f3750,86.6667%,2,13,15,0,0,2,13
0x50fec8,0%,2,0,2,0,0,2,0
0x8ffdf0,75%,2,6,8,1,1,1,5
0x90ba30,99.651%,2,571,573,571,2,0,0
0x675561,0%,2,0,2,0,1,1,0
0xb34603,99.1111%,2,223,225,0,0,2,223
0x8379e6,95.4545%,2,42,44,42,2,0,0
0xa5c5a2,97.0588%,2,66,68,0,0,2,66
0x4ad822,50%,2,2,4,0,2,0,2
0x65db26,99.4413%,2,356,358,0,0,2,356
0x54549c,98.5075%,2,132,134,0,0,2,132
0x814a59,0%,2,0,2,0,0,2,0
0x4bad11,75%,2,6,8,0,0,2,6
0x8e9f08,99.7159%,2,702,704,0,0,2,702
0xa63c87,50%,2,2,4,0,1,1,2
0x5415d5,75%,2,6,8,3,0,2,3
0xa4f84b,0%,2,0,2,0,2,0,0
0x4b4f07,80%,2,8,10,8,0,2,0
0x9a0c6f,71.4286%,2,5,7,0,0,2,5
0x51aeb9,0%,2,0,2,0,0,2,0
0xa3a3f6,99.505%,2,402,404,0,0,2,402
0x5446eb,0%,2,0,2,0,0,2,0
0x98fa08,99.2218%,2,255,257,0,0,2,255
0x648d51,0%,2,0,2,0,2,0,0
0x8e0050,83.3333%,2,10,12,10,2,0,0
0x5446f9,0%,2,0,2,0,2,0,0
0x5f61e3,50%,2,2,4,0,2,0,2
0x822675,99.5868%,2,482,484,2,2,0,480
0x8ad47c,0%,2,0,2,0,2,0,0
0x96af2e,85.7143%,2,12,14,12,2,0,0
0x55601c,33.3333%,2,1,3,1,2,0,0
0x8bc99d,96.1538%,2,50,52,0,0,2,50
0x8d27a6,33.3333%,2,1,3,0,0,2,1
0x7f12f8,71.4286%,2,5,7,0,0,2,5
0x504bf5,99.689%,2,641,643,641,2,0,0
0x48ef0a,75%,2,6,8,0,0,2,6
0x677463,97.2603%,2,71,73,0,2,0,71
0x50329c,0%,2,0,2,0,0,2,0
0xa960aa,92.3077%,2,24,26,0,0,2,24
0x49a532,50%,2,2,4,2,2,0,0
0xa5362b,75%,2,6,8,0,2,0,6
0x54631d,99.7478%,2,791,793,55,2,0,736
0x49ff5a,99.6672%,2,599,601,599,2,0,0
0x49fb63,99.5272%,2,421,423,0,0,2,421
0x66f502,71.4286%,2,5,7,0,0,2,5
0x9f8fb9,98.5507%,2,136,138,0,0,2,136
0x970ece,99.8878%,2,1781,1783,0,0,2,1781
0x4bb7be,90%,2,18,20,8,2,0,10
0x81223a,99.4709%,2,376,378,376,2,0,0
0x6491eb,0%,2,0,2,0,2,0,0
0x8dd1a2,99.361%,2,311,313,311,2,0,0
0x8dffcb,83.3333%,2,10,12,5,1,1,5
0xaa5cf2,91.6667%,2,22,24,0,0,2,22
0x819bd9,99.2908%,2,280,282,280,2,0,0
0x4bb6ca,99.0431%,2,207,209,0,0,2,207
0x670b55,0%,2,0,2,0,2,0,0
0x5ff9fc,97.8261%,2,90,92,90,2,0,0
0xa557ec,50%,2,2,4,2,0,2,0
0x60e338,99.6198%,2,524,526,0,0,2,524
0x53b90b,81.8182%,2,9,11,9,2,0,0
0x80a4f0,0%,2,0,2,0,0,2,0
0x99f144,81.8182%,2,9,11,9,2,0,0
0xa52e6d,77.7778%,2,7,9,6,2,0,1
0x805aa3,99.9029%,2,2057,2059,0,0,2,2057
0x599159,99.9599%,2,4991,4993,0,0,2,4991
0x8378a6,60%,2,3,5,2,1,1,1
0x7869fc,66.6667%,2,4,6,0,0,2,4
0x837967,98.8636%,2,174,176,0,0,2,174
0x4039df,0%,2,0,2,0,2,0,0
0x8e9663,0%,2,0,2,0,0,2,0
0xa2c1c7,0%,2,0,2,0,2,0,0
0x9024bd,96.2963%,2,52,54,52,2,0,0
0x972f00,66.6667%,2,4,6,0,0,2,4
0xa46f03,88.8889%,2,16,18,16,2,0,0
0x835c7a,80%,2,8,10,8,2,0,0
0xaccde2,33.3333%,2,1,3,0,0,2,1
0x838b0b,66.6667%,2,4,6,2,0,2,2
0x48d9dd,99.5781%,2,472,474,0,0,2,472
0xa5381f,85.7143%,2,12,14,5,2,0,7
0x839015,87.5%,2,14,16,0,0,2,14
0x591a38,95.9184%,2,47,49,0,0,2,47
0x5448bf,99.4083%,2,336,338,336,2,0,0
0x490f0e,95.122%,2,39,41,0,0,2,39
0x837f38,50%,2,2,4,2,2,0,0
0x69de10,83.3333%,2,10,12,0,0,2,10
0x50ee29,97.7273%,2,86,88,0,0,2,86
0x7d2b6c,84.6154%,2,11,13,0,0,2,11
0x5bdb01,33.3333%,2,1,3,1,2,0,0
0x7c79ca,93.75%,2,30,32,8,0,2,22
0xa518ea,88.2353%,2,15,17,15,2,0,0
0x65af9e,84.6154%,2,11,13,11,2,0,0
0x99dbd8,86.6667%,2,13,15,13,2,0,0
0x808c28,99.7628%,2,841,843,841,0,2,0
0xa08f11,96.875%,2,62,64,0,0,2,62
0x4ba0d6,99.2337%,2,259,261,0,0,2,259
0x8bc835,0%,2,0,2,0,2,0,0
0x546645,50%,2,2,4,0,0,2,2
0x8fd7ae,86.6667%,2,13,15,0,0,2,13
0x8fdb24,77.7778%,2,7,9,7,2,0,0
0xa536ac,75%,2,6,8,1,1,1,5
0x6400a1,99.8923%,2,1855,1857,1855,2,0,0
0x5f6188,83.3333%,2,10,12,10,0,2,0
0x63a695,94.5946%,2,35,37,35,2,0,0
0x5960f2,84.6154%,2,11,13,0,0,2,11
0x791e77,66.6667%,2,4,6,4,2,0,0
0x5f1d8c,71.4286%,2,5,7,5,2,0,0
0x4b399e,50%,2,2,4,2,2,0,0
0x4b38b0,50%,2,2,4,2,2,0,0
0x64bd95,98.3193%,2,117,119,117,2,0,0
0x8198e0,99.7582%,2,825,827,0,0,2,825
0x806944,91.6667%,2,22,24,22,2,0,0
0x8f5911,99.9234%,2,2610,2612,0,0,2,2610
0xae7095,97.1014%,2,67,69,0,0,2,67
0x49002b,80%,2,8,10,0,1,1,8
0x4a130d,99.5717%,2,465,467,0,0,2,465
0xb2ada4,99.8073%,2,1036,1038,1036,2,0,0
0x804142,96.6667%,2,58,60,58,2,0,0
0x8d26ff,97.3333%,2,73,75,73,2,0,0
0xa91778,94.1176%,2,32,34,0,2,0,32
0x4c168d,83.3333%,2,10,12,7,2,0,3
0x9bc83a,99.4186%,1,171,172,171,1,0,0
0x8efb7b,99.1525%,1,117,118,0,1,0,117
0x40e91a,80%,1,4,5,4,1,0,0
0x606ed1,66.6667%,1,2,3,0,0,1,2
0xa50677,0%,1,0,1,0,1,0,0
0x9e2b00,98.6486%,1,73,74,73,1,0,0
0x9e5ba5,75%,1,3,4,0,0,1,3
0x48f428,66.6667%,1,2,3,0,0,1,2
0x9e78d2,99.1803%,1,121,122,0,0,1,121
0xa97efb,92.8571%,1,13,14,0,0,1,13
0x7bdb20,87.5%,1,7,8,0,0,1,7
0x4b6985,99.1304%,1,114,115,0,0,1,114
0x94b449,98.1132%,1,52,53,0,0,1,52
0xa22e66,88.8889%,1,8,9,0,1,0,8
0x793e4a,95.2381%,1,20,21,15,0,1,5
0xa2da62,92.8571%,1,13,14,0,0,1,13
0x9e5bb0,75%,1,3,4,0,0,1,3
0x65b2c0,92.8571%,1,13,14,0,0,1,13
0x970f31,99.9626%,1,2673,2674,0,0,1,2673
0x9e5bbc,75%,1,3,4,0,0,1,3
0x48fad8,66.6667%,1,2,3,2,1,0,0
0xa96d88,95.2381%,1,20,21,0,0,1,20
0x4bfe95,97.0588%,1,33,34,0,0,1,33
0x49c88f,0%,1,0,1,0,0,1,0
0x9bb3d6,98.4615%,1,64,65,0,0,1,64
0x5d039b,66.6667%,1,2,3,2,1,0,0
0x441c5c,90.9091%,1,10,11,10,1,0,0
0x9e2965,80%,1,4,5,0,0,1,4
0x9f4390,99.0099%,1,100,101,0,0,1,100
0xaa5365,95.2381%,1,20,21,0,0,1,20
0x9f179e,97.5%,1,39,40,39,1,0,0
0x4a1c4e,99.9617%,1,2613,2614,0,0,1,2613
0xa05022,50%,1,1,2,0,1,0,1
0xa08722,75%,1,3,4,0,0,1,3
0x48cf78,95%,1,19,20,19,1,0,0
0xa585f9,99.7101%,1,344,345,0,0,1,344
0xa3cabe,87.5%,1,7,8,7,1,0,0
0x9fe94f,97.2973%,1,36,37,0,0,1,36
0x4c1e92,98.5507%,1,68,69,68,1,0,0
0xad6c65,50%,1,1,2,0,0,1,1
0x48d226,83.3333%,1,5,6,5,1,0,0
0x7d1c0c,0%,1,0,1,0,1,0,0
0x97774b,99.8866%,1,881,882,881,1,0,0
0xa2aa79,0%,1,0,1,0,0,1,0
0x9e7e3c,75%,1,3,4,3,1,0,0
0x80453b,94.1176%,1,16,17,3,1,0,13
0x4ab170,83.3333%,1,5,6,0,0,1,5
0xa90313,97.3684%,1,37,38,37,1,0,0
0xa3e341,87.5%,1,7,8,7,1,0,0
0x4a1b49,95.6522%,1,22,23,0,0,1,22
0xa994a3,90.9091%,1,10,11,0,0,1,10
0x9e727e,99.6%,1,249,250,0,0,1,249
0xa264cb,50%,1,1,2,0,0,1,1
0xa97341,66.6667%,1,2,3,2,1,0,0
0x5fc801,50%,1,1,2,0,0,1,1
0x977727,99.8866%,1,881,882,0,0,1,881
0xa97e7a,50%,1,1,2,1,1,0,0
0x9726b7,99.6047%,1,252,253,252,1,0,0
0x9e7e28,75%,1,3,4,0,0,1,3
0x9e7e01,75%,1,3,4,3,1,0,0
0xa3bcfd,50%,1,1,2,1,1,0,0
0x5b177a,90%,1,9,10,0,0,1,9
0x9f2b37,80%,1,4,5,0,0,1,4
0xaaaf29,91.6667%,1,11,12,3,1,0,8
0x9f203a,75%,1,3,4,3,1,0,0
0x5c7550,66.6667%,1,2,3,0,0,1,2
0x49292f,0%,1,0,1,0,0,1,0
0xa238ec,99.0909%,1,109,110,0,0,1,109
0xa21b8c,50%,1,1,2,1,0,1,0
0x9e400f,94.7368%,1,18,19,0,0,1,18
0x4a9b18,66.6667%,1,2,3,0,1,0,2
0xa6b2ae,75%,1,3,4,0,0,1,3
0x97462b,99.0566%,1,105,106,0,0,1,105
0xaab3ac,75%,1,3,4,3,1,0,0
0x63f0e2,50%,1,1,2,1,1,0,0
0x9bcaf2,50%,1,1,2,1,1,0,0
0x9e3f6c,94.7368%,1,18,19,0,0,1,18
0x9f6a17,95%,1,19,20,19,1,0,0
0x9e3f39,95.2381%,1,20,21,20,1,0,0
0x9f811c,0%,1,0,1,0,1,0,0
0x9f8203,0%,1,0,1,0,0,1,0
0x8a240a,50%,1,1,2,1,1,0,0
0xa04338,0%,1,0,1,0,1,0,0
0x48e83c,85.7143%,1,6,7,0,1,0,6
0xa369d0,93.75%,1,15,16,15,1,0,0
0x815b0f,97.561%,1,40,41,0,0,1,40
0x5f89d6,87.5%,1,7,8,0,0,1,7
0x675740,0%,1,0,1,0,1,0,0
0x5dade9,75%,1,3,4,3,1,0,0
0x9776df,99.9273%,1,1375,1376,0,0,1,1375
0xaa4c9e,66.6667%,1,2,3,2,1,0,0
0x4bd48c,50%,1,1,2,0,0,1,1
0xa04174,0%,1,0,1,0,0,1,0
0x97b838,88.8889%,1,8,9,0,0,1,8
0x5b2889,50%,1,1,2,0,0,1,1
0x9e7483,50%,1,1,2,0,0,1,1
0x48f0bb,66.6667%,1,2,3,0,0,1,2
0xa501e8,94.1176%,1,16,17,0,0,1,16
0x81bd2b,99.6845%,1,316,317,316,1,0,0
0xa9f2ac,66.6667%,1,2,3,2,1,0,0
0x7c9e22,75%,1,3,4,0,0,1,3
0x9f780a,99.375%,1,159,160,0,0,1,159
0x9fcc94,85.7143%,1,6,7,6,1,0,0
0x908d72,99.9766%,1,4273,4274,0,0,1,4273
0x63aa9c,99.8782%,1,820,821,820,1,0,0
0x9f694c,87.5%,1,7,8,7,1,0,0
0x8daa0d,99.5%,1,199,200,199,1,0,0
0x9c438d,50%,1,1,2,0,0,1,1
0x7d423a,0%,1,0,1,0,0,1,0
0xa450d7,99.7487%,1,397,398,0,0,1,397
0xaac426,75%,1,3,4,3,1,0,0
0x4ac934,66.6667%,1,2,3,2,1,0,0
0x48f4e1,66.6667%,1,2,3,0,0,1,2
0x959efd,75%,1,3,4,3,1,0,0
0xa7bee1,80%,1,4,5,0,0,1,4
0x959369,75%,1,3,4,3,1,0,0
0x9595d1,75%,1,3,4,3,1,0,0
0x4a64db,90%,1,9,10,0,0,1,9
0x4ac91f,66.6667%,1,2,3,1,0,1,1
0x9ea220,50%,1,1,2,1,1,0,0
0x7bba05,87.5%,1,7,8,7,1,0,0
0x9e7ea1,75%,1,3,4,3,1,0,0
0x48ee66,99.6979%,1,330,331,0,0,1,330
0x4ac8f3,66.6667%,1,2,3,2,1,0,0
0x80a258,75%,1,3,4,3,1,0,0
0x970d80,50%,1,1,2,1,1,0,0
0x65c69b,75%,1,3,4,3,1,0,0
0x68053c,94.7368%,1,18,19,0,0,1,18
0xa9ca6b,90%,1,9,10,9,1,0,0
0xb22b3f,99.9465%,1,1867,1868,0,0,1,1867
0x6071fd,95%,1,19,20,19,1,0,0
0x90ffc9,99.8529%,1,679,680,679,1,0,0
0x6071a0,95%,1,19,20,19,1,0,0
0x4acb66,0%,1,0,1,0,1,0,0
0xaac3b2,75%,1,3,4,0,0,1,3
0xaac3e4,75%,1,3,4,0,0,1,3
0x8ff9fb,99.1304%,1,114,115,114,1,0,0
0x90a0a5,99.3289%,1,148,149,148,1,0,0
0x9e15f9,96.2963%,1,26,27,0,0,1,26
0x8c8d46,87.5%,1,7,8,0,0,1,7
0x9f64b1,99.4413%,1,178,179,0,0,1,178
0xa963a8,50%,1,1,2,0,0,1,1
0x48fcef,75%,1,3,4,3,1,0,0
0xab366a,94.4444%,1,17,18,0,0,1,17
0x9e5ee3,94.4444%,1,17,18,17,1,0,0
0x60719a,95%,1,19,20,0,0,1,19
0xaaaedd,87.5%,1,7,8,3,1,0,4
0x9082c9,99.8538%,1,683,684,0,0,1,683
0x48fc05,75%,1,3,4,3,1,0,0
0x8aebf3,99.4949%,1,197,198,0,0,1,197
0x90b187,98.5714%,1,69,70,0,0,1,69
0x90b1c0,98.5714%,1,69,70,0,0,1,69
0x4a78e2,97.2973%,1,36,37,0,0,1,36
0xa2f7d8,99.5614%,1,227,228,0,0,1,227
0x8aac75,90%,1,9,10,9,1,0,0
0x5e356b,90%,1,9,10,0,0,1,9
0xaac3f8,75%,1,3,4,3,1,0,0
0x991322,94.1176%,1,16,17,0,0,1,16
0x4c92e2,93.75%,1,15,16,0,0,1,15
0x951e79,83.3333%,1,5,6,5,1,0,0
0x99ebe6,50%,1,1,2,0,0,1,1
0x99da26,0%,1,0,1,0,1,0,0
0x486f9c,50%,1,1,2,0,0,1,1
0x50d0c5,50%,1,1,2,0,0,1,1
0x5f0f8b,97.0588%,1,33,34,0,0,1,33
0x917bec,99.5%,1,199,200,199,1,0,0
0xa69ea8,75%,1,3,4,0,0,1,3
0xa308ca,99.9038%,1,1039,1040,0,0,1,1039
0x9c3a6f,99.5935%,1,245,246,0,0,1,245
0xa5859c,99.1597%,1,118,119,0,0,1,118
0x8ada56,50%,1,1,2,1,1,0,0
0x95a6c2,75%,1,3,4,0,0,1,3
0x820fd9,98.6111%,1,71,72,0,0,1,71
0x95a76a,75%,1,3,4,3,1,0,0
0x640288,99.9573%,1,2341,2342,0,0,1,2341
0x60be0c,90%,1,9,10,0,0,1,9
0x809722,80%,1,4,5,0,0,1,4
0xaa8049,99.811%,1,528,529,0,0,1,528
0xaa803d,99.811%,1,528,529,0,0,1,528
0x8ee67b,75%,1,3,4,3,1,0,0
0xaa5807,99.8996%,1,995,996,0,0,1,995
0x90a157,98.4615%,1,64,65,64,1,0,0
0x606f91,95%,1,19,20,10,0,1,9
0x606f66,95%,1,19,20,19,1,0,0
0x95abde,75%,1,3,4,0,0,1,3
0x91002c,99.8529%,1,679,680,0,0,1,679
0xa455c7,91.6667%,1,11,12,11,1,0,0
0x99ebfe,50%,1,1,2,1,1,0,0
0x951b1f,88.8889%,1,8,9,8,1,0,0
0x5bc151,50%,1,1,2,0,0,1,1
0xa2fda4,99.5614%,1,227,228,0,0,1,227
0x951b72,88.8889%,1,8,9,8,1,0,0
0x543f8c,97.7778%,1,44,45,0,0,1,44
0x9e5ff1,94.4444%,1,17,18,17,1,0,0
0x8ea7d1,75%,1,3,4,3,1,0,0
0x959cc1,75%,1,3,4,0,0,1,3
0x959cc8,75%,1,3,4,3,1,0,0
0x951de0,90.9091%,1,10,11,10,1,0,0
0x959d45,75%,1,3,4,3,1,0,0
0x81e995,98.6842%,1,75,76,0,0,1,75
0x60be25,90%,1,9,10,0,0,1,9
0x4c5452,0%,1,0,1,0,0,1,0
0x50ea5b,91.6667%,1,11,12,11,1,0,0
0x60be18,90%,1,9,10,0,0,1,9
0x99143e,94.1176%,1,16,17,0,0,1,16
0x59c378,95.6522%,1,22,23,0,0,1,22
0x5d69e4,66.6667%,1,2,3,0,0,1,2
0x5d69d6,66.6667%,1,2,3,0,0,1,2
0x4a98af,94.7368%,1,18,19,18,1,0,0
0x8f76bb,97.7778%,1,44,45,44,1,0,0
0x441a66,90.9091%,1,10,11,0,0,1,10
0x486d91,98.9247%,1,92,93,92,1,0,0
0xa72400,75%,1,3,4,0,0,1,3
0x5def9f,0%,1,0,1,0,0,1,0
0x9f6691,99.3464%,1,152,153,0,0,1,152
0x9f4524,98.75%,1,79,80,79,1,0,0
0x90add7,99.1597%,1,118,119,0,0,1,118
0x67a2da,95.6522%,1,22,23,0,0,1,22
0x5d2084,66.6667%,1,2,3,2,1,0,0
0x9e1176,50%,1,1,2,0,0,1,1
0x9f5055,99.2754%,1,137,138,111,1,0,26
0x9f502f,99.2754%,1,137,138,137,1,0,0
0xaa25c2,95.4545%,1,21,22,0,0,1,21
0xa16076,95.8333%,1,23,24,11,1,0,12
0x8ad60d,50%,1,1,2,0,1,0,1
0x99ef6f,50%,1,1,2,0,0,1,1
0x59095d,95%,1,19,20,0,0,1,19
0x95b8d6,75%,1,3,4,3,1,0,0
0x5d88a0,96.6667%,1,29,30,0,0,1,29
0x5def70,0%,1,0,1,0,1,0,0
0x917608,99.5%,1,199,200,0,0,1,199
0x9bd3af,91.6667%,1,11,12,0,0,1,11
0x5e20ce,66.6667%,1,2,3,2,1,0,0
0x5d0813,87.5%,1,7,8,7,1,0,0
0x48f74a,50%,1,1,2,1,1,0,0
0x48f78a,83.3333%,1,5,6,5,1,0,0
0x7e1845,50%,1,1,2,1,1,0,0
0x405ad6,99.0385%,1,103,104,1,1,0,102
0x82275a,75%,1,3,4,1,1,0,2
0x5d6c46,66.6667%,1,2,3,0,0,1,2
0xa5301c,99.4792%,1,191,192,191,1,0,0
0x4c5cde,95.2381%,1,20,21,20,1,0,0
0x8bdb63,80%,1,4,5,4,1,0,0
0x4a9700,90.9091%,1,10,11,10,1,0,0
0x9d081f,0%,1,0,1,0,1,0,0
0x8ad525,50%,1,1,2,1,1,0,0
0x49921d,96.7742%,1,30,31,14,0,1,16
0x5d69ec,66.6667%,1,2,3,0,0,1,2
0x4829f8,94.7368%,1,18,19,9,1,0,9
0x5def8c,0%,1,0,1,0,1,0,0
0x64006b,99.8462%,1,649,650,0,0,1,649
0x49010e,90%,1,9,10,0,0,1,9
0x4c75be,75%,1,3,4,3,1,0,0
0x95b827,91.6667%,1,11,12,0,0,1,11
0xa2ee22,96.5517%,1,28,29,0,0,1,28
0x499472,96.4286%,1,27,28,27,1,0,0
0x9e48c5,94.4444%,1,17,18,0,0,1,17
0x8ae94a,85.7143%,1,6,7,6,1,0,0
0x6dce71,75%,1,3,4,3,1,0,0
0x95b7aa,75%,1,3,4,3,1,0,0
0x49c652,99.7812%,1,456,457,0,0,1,456
0xa2dea7,97.1429%,1,34,35,0,0,1,34
0x805dae,75%,1,3,4,3,1,0,0
0x677d14,99.3103%,1,144,145,144,1,0,0
0xa94c8e,75%,1,3,4,0,0,1,3
0x95b72c,75%,1,3,4,0,0,1,3
0x5f268b,50%,1,1,2,0,0,1,1
0x95b836,91.6667%,1,11,12,8,0,1,3
0x7c5fef,50%,1,1,2,1,1,0,0
0xa2f0e6,97.3684%,1,37,38,0,0,1,37
0xa92c79,87.5%,1,7,8,0,0,1,7
0xaac399,75%,1,3,4,0,0,1,3
0x9e48bd,94.4444%,1,17,18,0,0,1,17
0x5cfd9e,95.8333%,1,23,24,0,0,1,23
0x5bd8a0,99.4118%,1,169,170,169,1,0,0
0x918c5e,99.5%,1,199,200,0,0,1,199
0xa91ec1,75%,1,3,4,0,0,1,3
0x490535,66.6667%,1,2,3,0,0,1,2
0x9a23d4,94.1176%,1,16,17,0,0,1,16
0x5d871e,96.6667%,1,29,30,0,0,1,29
0x5d8714,96.6667%,1,29,30,0,0,1,29
0x5d8705,96.6667%,1,29,30,0,0,1,29
0x6661dc,97.9167%,1,47,48,47,1,0,0
0x6661fe,97.9167%,1,47,48,47,1,0,0
0xa39aac,94.7368%,1,18,19,0,1,0,18
0x494595,50%,1,1,2,0,0,1,1
0x9e52de,91.6667%,1,11,12,11,1,0,0
0x9e5216,91.6667%,1,11,12,0,0,1,11
0x4928c7,50%,1,1,2,0,1,0,1
0x405aea,99.0196%,1,101,102,101,1,0,0
0x666254,97.9167%,1,47,48,47,1,0,0
0x5f1c9e,85.7143%,1,6,7,6,1,0,0
0x9f02cf,98.9362%,1,93,94,93,1,0,0
0xa29819,75%,1,3,4,3,1,0,0
0xa2757f,99.0909%,1,109,110,109,1,0,0
0x5e4536,99.1736%,1,120,121,0,0,1,120
0x9e50e2,91.6667%,1,11,12,11,1,0,0
0x95b39f,75%,1,3,4,3,1,0,0
0x5c70ad,99.7222%,1,359,360,0,0,1,359
0x5af6d4,88.8889%,1,8,9,0,0,1,8
0x48f698,97.2973%,1,36,37,36,1,0,0
0x679689,99.1071%,1,111,112,0,0,1,111
0x50c38b,99.8377%,1,615,616,0,0,1,615
0x9f81bc,66.6667%,1,2,3,1,1,0,1
0x9f833b,66.6667%,1,2,3,0,1,0,2
0x9f8352,50%,1,1,2,0,0,1,1
0x8c7c59,99.1803%,1,121,122,121,1,0,0
0x8f20c2,94.1176%,1,16,17,16,1,0,0
0xa5452b,50%,1,1,2,0,0,1,1
0xa60ce8,99.5781%,1,236,237,0,0,1,236
0xaa23b8,97.0588%,1,33,34,0,0,1,33
0xa907c9,99.5516%,1,222,223,0,0,1,222
0x9ab735,98.8764%,1,88,89,0,0,1,88
0x9c4e92,75%,1,3,4,0,1,0,3
0x679667,99.1071%,1,111,112,0,0,1,111
0xa53333,83.3333%,1,5,6,0,0,1,5
0x441637,90.9091%,1,10,11,0,0,1,10
0x4ab27e,66.6667%,1,2,3,2,1,0,0
0x8ee312,97.7778%,1,44,45,44,1,0,0
0x9f3db3,94.1176%,1,16,17,0,0,1,16
0x441657,90.9091%,1,10,11,0,0,1,10
0xa5c679,99.0196%,1,101,102,101,1,0,0
0x8c721b,99.5283%,1,211,212,211,1,0,0
0x4416ae,90.9091%,1,10,11,0,0,1,10
0x60dff9,88.8889%,1,8,9,8,1,0,0
0x5b2c2c,50%,1,1,2,0,0,1,1
0x95a179,75%,1,3,4,3,1,0,0
0x8f3516,91.6667%,1,11,12,11,1,0,0
0x9f86d4,66.6667%,1,2,3,0,0,1,2
0x8886db,95.4545%,1,21,22,0,0,1,21
0x5b9c1b,98.6301%,1,72,73,0,0,1,72
0x9f3dc9,90%,1,9,10,0,0,1,9
0x7c20f1,91.6667%,1,11,12,11,1,0,0
0x8fdd09,97.9167%,1,47,48,0,0,1,47
0x8c71ad,99.0654%,1,106,107,106,1,0,0
0xa54604,50%,1,1,2,0,0,1,1
0x5f1c4a,85.7143%,1,6,7,6,1,0,0
0x9f5ba3,87.5%,1,7,8,0,0,1,7
0x9f634f,66.6667%,1,2,3,0,0,1,2
0x5a8726,50%,1,1,2,1,1,0,0
0xa56481,99.7613%,1,418,419,418,1,0,0
0x7be036,75%,1,3,4,0,0,1,3
0xa45e8b,98.4375%,1,63,64,0,0,1,63
0x441577,90.9091%,1,10,11,0,0,1,10
0x7bb9cf,87.5%,1,7,8,0,0,1,7
0x9f63e7,66.6667%,1,2,3,1,1,0,1
0x48b310,99.6885%,1,320,321,0,0,1,320
0x4094e6,50%,1,1,2,0,0,1,1
0x48b294,99.6885%,1,320,321,0,0,1,320
0x9f80d6,66.6667%,1,2,3,1,1,0,1
0x973d79,98.9583%,1,95,96,0,0,1,95
0x9f9562,96%,1,24,25,16,1,0,8
0x675119,66.6667%,1,2,3,0,0,1,2
0x9f9c4b,96%,1,24,25,0,0,1,24
0x4b9e74,99.5305%,1,212,213,0,0,1,212
0x441897,90.9091%,1,10,11,0,0,1,10
0x679804,83.3333%,1,5,6,5,1,0,0
0xa53160,87.5%,1,7,8,0,0,1,7
0x8e48e7,99.8755%,1,802,803,0,0,1,802
0x9f9531,96%,1,24,25,0,0,1,24
0x9f6a69,97.2222%,1,35,36,35,1,0,0
0x99ad51,97.8723%,1,46,47,46,1,0,0
0x9a9b1c,99.1736%,1,120,121,0,0,1,120
0x7aca68,96.875%,1,31,32,0,0,1,31
0x675167,0%,1,0,1,0,0,1,0
0x670507,50%,1,1,2,1,0,1,0
0x8f1b59,99.2908%,1,140,141,0,0,1,140
0x67066a,95%,1,19,20,0,0,1,19
0x50bb93,99.7955%,1,488,489,0,0,1,488
0x44190e,90.9091%,1,10,11,0,0,1,10
0xa53110,50%,1,1,2,0,0,1,1
0x6705f7,99.2481%,1,132,133,0,0,1,132
0x9a9d87,99.1935%,1,123,124,0,0,1,123
0x4ab1ad,83.3333%,1,5,6,0,0,1,5
0x441917,90.9091%,1,10,11,0,0,1,10
0x67045c,99.2481%,1,132,133,0,0,1,132
0x48aea2,92.8571%,1,13,14,13,1,0,0
0x9edc0d,99.2063%,1,125,126,125,1,0,0
0x44174e,90.9091%,1,10,11,0,0,1,10
0xa0582e,75%,1,3,4,0,0,1,3
0x44178e,90.9091%,1,10,11,0,0,1,10
0x557f17,99.8703%,1,770,771,770,1,0,0
0x48329e,96.5517%,1,28,29,28,1,0,0
0x48b094,92.8571%,1,13,14,13,1,0,0
0xa9475f,96.5517%,1,28,29,0,0,1,28
0xa06969,50%,1,1,2,0,0,1,1
0x604688,99.435%,1,176,177,0,0,1,176
0x9e7434,99.7763%,1,446,447,0,0,1,446
0x5a5ebd,75%,1,3,4,0,0,1,3
0xa9da86,93.3333%,1,14,15,0,0,1,14
0x4bc7ef,99.2126%,1,126,127,126,1,0,0
0xa542b4,75%,1,3,4,3,1,0,0
0x4417b7,90.9091%,1,10,11,0,0,1,10
0x5970c9,99.793%,1,482,483,0,0,1,482
0x9f9953,96%,1,24,25,0,0,1,24
0x9f3b8b,94.1176%,1,16,17,0,0,1,16
0x8065bf,95.8333%,1,23,24,0,0,1,23
0x6752d0,66.6667%,1,2,3,0,0,1,2
0x4ba225,99.5349%,1,214,215,0,0,1,214
0x78ac2a,75%,1,3,4,3,1,0,0
0x901009,97.2973%,1,36,37,36,1,0,0
0x972f71,99.6429%,1,279,280,0,0,1,279
0x65b095,92.3077%,1,12,13,0,0,1,12
0x9d1b74,95.8333%,1,23,24,0,0,1,23
0x5deebc,0%,1,0,1,0,1,0,0
0xa1d7e9,50%,1,1,2,1,1,0,0
0x8bd248,99.9847%,1,6551,6552,0,0,1,6551
0xa5684d,83.3333%,1,5,6,0,0,1,5
0x9f4a8c,0%,1,0,1,0,1,0,0
0x8d999b,83.3333%,1,5,6,5,1,0,0
0x8e3e1e,75%,1,3,4,0,0,1,3
0x7aedd4,90.9091%,1,10,11,0,0,1,10
0xa51d76,87.5%,1,7,8,7,1,0,0
0x9f7ac9,98.913%,1,91,92,0,0,1,91
0x9e2625,99.8073%,1,518,519,0,0,1,518
0x67fb35,99.9878%,1,8218,8219,0,0,1,8218
0x9a96af,95%,1,19,20,0,1,0,19
0xa4b672,95%,1,19,20,0,0,1,19
0x9f4875,75%,1,3,4,3,1,0,0
0x49e0f4,99.3939%,1,164,165,164,1,0,0
0x809a87,50%,1,1,2,1,0,1,0
0x4aad8d,96.6667%,1,29,30,0,0,1,29
0xa547af,50%,1,1,2,1,1,0,0
0xb28b39,99.9645%,1,2817,2818,0,0,1,2817
0x9f47e5,87.5%,1,7,8,3,1,0,4
0x4877e7,0%,1,0,1,0,1,0,0
0x9027de,91.6667%,1,11,12,0,0,1,11
0x9a6594,75%,1,3,4,0,0,1,3
0x8ecc37,0%,1,0,1,0,0,1,0
0x9714a5,87.5%,1,7,8,7,1,0,0
0xa55950,50%,1,1,2,1,1,0,0
0x9aa3f1,93.3333%,1,14,15,0,0,1,14
0x9a763b,92.8571%,1,13,14,0,0,1,13
0x4099ec,94.7368%,1,18,19,0,1,0,18
0x5bdaca,66.6667%,1,2,3,2,1,0,0
0xa55856,83.3333%,1,5,6,2,0,1,3
0x61a37a,80%,1,4,5,0,0,1,4
0xa53a9a,50%,1,1,2,0,0,1,1
0x8a8f77,99.2857%,1,139,140,0,0,1,139
0x80b925,50%,1,1,2,0,0,1,1
0x540f7e,80%,1,4,5,0,0,1,4
0x4c4bf2,92.3077%,1,12,13,0,0,1,12
0x40bc05,99.0385%,1,103,104,0,1,0,103
0x9f324a,99.3548%,1,154,155,0,0,1,154
0x9cfe96,92.3077%,1,12,13,12,1,0,0
0x90be72,99.1597%,1,118,119,118,1,0,0
0x5f4c8a,50%,1,1,2,0,1,0,1
0x9f8864,90.9091%,1,10,11,0,0,1,10
0xa58b79,96.5517%,1,28,29,28,1,0,0
0x8f3e2c,99.661%,1,294,295,0,0,1,294
0x9f800a,92.8571%,1,13,14,13,1,0,0
0xa473a0,98.1481%,1,53,54,17,1,0,36
0xa94536,96.5517%,1,28,29,0,0,1,28
0x9a91fb,92.8571%,1,13,14,12,1,0,1
0x40a155,90.9091%,1,10,11,0,0,1,10
0x5db52b,75%,1,3,4,3,1,0,0
0x40a22f,99.3289%,1,148,149,0,0,1,148
0x809d46,50%,1,1,2,0,0,1,1
0x9e0c29,92.3077%,1,12,13,12,1,0,0
0x63f00f,50%,1,1,2,1,1,0,0
0x9e2c78,95.6522%,1,22,23,0,0,1,22
0x9177b8,99.4681%,1,187,188,187,1,0,0
0x9f4d37,88.8889%,1,8,9,8,1,0,0
0x40a138,92.3077%,1,12,13,1,1,0,11
0x40b427,50%,1,1,2,0,0,1,1
0x95b0ee,75%,1,3,4,3,1,0,0
0x9e2c80,95.6522%,1,22,23,22,1,0,0
0x9e2cf6,92.3077%,1,12,13,12,1,0,0
0x9ab97b,99.5671%,1,230,231,230,1,0,0
0x8c8835,75%,1,3,4,3,1,0,0
0x9eca4a,75%,1,3,4,3,1,0,0
0x8c7f31,50%,1,1,2,1,1,0,0
0x8c9094,50%,1,1,2,0,0,1,1
0x9a803c,96.7742%,1,30,31,0,0,1,30
0x540d35,99.7143%,1,349,350,0,0,1,349
0x789f0c,87.5%,1,7,8,0,0,1,7
0x9b9030,88.8889%,1,8,9,8,1,0,0
0x65a11e,99.9316%,1,1462,1463,0,0,1,1462
0x4aaa82,98.0769%,1,51,52,0,0,1,51
0x496140,66.6667%,1,2,3,0,0,1,2
0x81856a,97.0588%,1,33,34,33,1,0,0
0x40bcb0,98.9899%,1,98,99,98,1,0,0
0xa0279a,99.928%,1,1388,1389,0,0,1,1388
0xa5322c,50%,1,1,2,0,0,1,1
0x951b90,88.8889%,1,8,9,8,1,0,0
0x610cc2,96.6667%,1,29,30,0,0,1,29
0xa54667,50%,1,1,2,1,1,0,0
0x67043a,99.2481%,1,132,133,0,0,1,132
0xa45692,91.6667%,1,11,12,0,0,1,11
0x4103e7,50%,1,1,2,1,1,0,0
0x8125f5,99.8358%,1,608,609,0,0,1,608
0xa41ed5,96.7742%,1,30,31,0,0,1,30
0x7ce7a2,97.2222%,1,35,36,0,0,1,35
0x5a969c,80%,1,4,5,0,0,1,4
0x591169,98.9247%,1,92,93,0,1,0,92
0xa46b3c,94.4444%,1,17,18,17,1,0,0
0x9f8694,90.9091%,1,10,11,0,0,1,10
0x8f4c80,99.9594%,1,2463,2464,0,0,1,2463
0x9a9281,97.0588%,1,33,34,0,0,1,33
0x9733fc,97.5%,1,39,40,0,0,1,39
0x7d0d31,99.7389%,1,382,383,382,1,0,0
0xa2d710,98.8235%,1,84,85,84,1,0,0
0x5f6463,50%,1,1,2,1,1,0,0
0x9e1a98,87.5%,1,7,8,0,0,1,7
0x7d2172,99.8198%,1,554,555,0,0,1,554
0x643a81,99.8686%,1,760,761,0,0,1,760
0x5def47,0%,1,0,1,0,1,0,0
0x59f52b,75%,1,3,4,1,1,0,2
0x99a8b4,99.0196%,1,101,102,0,0,1,101
0x9f43f8,98.9011%,1,90,91,0,0,1,90
0x7f1304,85.7143%,1,6,7,0,0,1,6
0xa3fdab,94.4444%,1,17,18,0,0,1,17
0x9737ab,97.5%,1,39,40,0,0,1,39
0xa538c4,85.7143%,1,6,7,0,0,1,6
0xa9ffc0,66.6667%,1,2,3,2,1,0,0
0x973343,97.619%,1,41,42,41,1,0,0
0xa5828e,99.115%,1,112,113,0,0,1,112
0xa494d1,66.6667%,1,2,3,2,1,0,0
0x6dcc38,0%,1,0,1,0,1,0,0
0x5ff4d1,75%,1,3,4,0,0,1,3
0x8c8e91,83.3333%,1,5,6,0,0,1,5
0x838f8a,95%,1,19,20,0,0,1,19
0x402ec7,99.1304%,1,114,115,0,0,1,114
0xa2d214,99.8626%,1,727,728,727,1,0,0
0x9e2dc0,92.3077%,1,12,13,0,0,1,12
0xa3bc40,94.4444%,1,17,18,0,0,1,17
0xa4eedb,95.4545%,1,21,22,0,0,1,21
0x666ec8,66.6667%,1,2,3,0,0,1,2
0x4c60ce,93.75%,1,15,16,15,1,0,0
0xaa25ff,95.4545%,1,21,22,0,0,1,21
0xa54001,95.4545%,1,21,22,0,0,1,21
0x7d279d,99.0991%,1,110,111,0,0,1,110
0xa3bd76,87.5%,1,7,8,7,1,0,0
0xa4e040,50%,1,1,2,1,1,0,0
0x8f179b,99.2537%,1,133,134,0,0,1,133
0xa4f93d,93.75%,1,15,16,0,0,1,15
0x40ace2,80%,1,4,5,4,1,0,0
0x49a39e,90%,1,9,10,0,0,1,9
0x7d446a,50%,1,1,2,0,0,1,1
0x4a5c71,75%,1,3,4,3,1,0,0
0xa47865,75%,1,3,4,3,0,1,0
0x40ad55,75%,1,3,4,3,1,0,0
0x4bb91a,98.2143%,1,55,56,0,0,1,55
0x9739ef,97.5%,1,39,40,0,0,1,39
0xa35343,99.9474%,1,1901,1902,0,0,1,1901
0xa53912,92.8571%,1,13,14,0,0,1,13
0x9f3c77,0%,1,0,1,0,0,1,0
0x544a3c,88.8889%,1,8,9,0,0,1,8
0x9e1a91,90%,1,9,10,1,1,0,8
0x9e7f27,75%,1,3,4,3,1,0,0
0x9e6f58,66.6667%,1,2,3,0,0,1,2
0x40af17,50%,1,1,2,1,1,0,0
0x59f9b6,75%,1,3,4,0,0,1,3
0x97317b,99.8361%,1,609,610,0,0,1,609
0x9f6518,99.4413%,1,178,179,0,0,1,178
0x5cf346,75%,1,3,4,0,0,1,3
0x4c4e66,94.1176%,1,16,17,16,1,0,0
0x9f4aee,97.3684%,1,37,38,37,1,0,0
0xa33f3c,99.0826%,1,108,109,0,0,1,108
0xa4730e,97.619%,1,41,42,0,0,1,41
0x4c9f65,99.4565%,1,183,184,0,0,1,183
0xa3d9f0,87.5%,1,7,8,0,0,1,7
0x805ac5,98.8095%,1,83,84,0,0,1,83
0x409df1,99.2754%,1,137,138,137,1,0,0
0x95964d,99.1935%,1,123,124,0,0,1,123
0x9784ea,99.8941%,1,943,944,0,0,1,943
0x550ed2,97.9592%,1,48,49,0,0,1,48
0x9e7e80,75%,1,3,4,3,1,0,0
0x838142,80%,1,4,5,4,1,0,0
0xa352d3,83.3333%,1,5,6,2,1,0,3
0xa31a46,66.6667%,1,2,3,2,1,0,0
0x54f14f,97.6744%,1,42,43,0,0,1,42
0x49de72,96.4286%,1,27,28,27,1,0,0
0x67c9db,99.3827%,1,161,162,0,0,1,161
0x95b041,97.8261%,1,45,46,0,0,1,45
0x8df03d,93.75%,1,15,16,15,1,0,0
0xa4eeeb,95.4545%,1,21,22,0,0,1,21
0xa45f97,94.4444%,1,17,18,0,0,1,17
0x494dfb,0%,1,0,1,0,1,0,0
0x5af889,98.1132%,1,52,53,52,1,0,0
0x59f1c5,75%,1,3,4,1,1,0,2
0x4b8128,90.9091%,1,10,11,10,1,0,0
0x619abc,80%,1,4,5,0,0,1,4
0x538734,99.8965%,1,965,966,0,0,1,965
0x8fe391,96.6667%,1,29,30,0,0,1,29
0xa069c1,50%,1,1,2,1,1,0,0
0xa4793f,88.8889%,1,8,9,0,0,1,8
0x4bfc92,93.75%,1,15,16,0,0,1,15
0x4ca0c7,50%,1,1,2,0,0,1,1
0x490554,66.6667%,1,2,3,2,1,0,0
0x480124,94.7368%,1,18,19,18,1,0,0
0xa4f79b,94.4444%,1,17,18,0,0,1,17
0xa4f76c,94.4444%,1,17,18,17,1,0,0
0x9e8843,66.6667%,1,2,3,2,1,0,0
0x9e84fa,95.2381%,1,20,21,0,0,1,20
0x7b2fe4,97.3684%,1,37,38,1,1,0,36
0xa06357,83.3333%,1,5,6,0,1,0,5
0x4ca09a,50%,1,1,2,0,0,1,1
0x9a9a77,99.8152%,1,540,541,0,0,1,540
0x441cdf,90.9091%,1,10,11,10,1,0,0
0x90ac80,99%,1,99,100,0,0,1,99
0x9f5065,98.2456%,1,56,57,4,1,0,52
0x50a97c,97.2222%,1,35,36,0,0,1,35
0x441d12,90.9091%,1,10,11,10,1,0,0
0x441d75,90.9091%,1,10,11,10,1,0,0
0x9aa68b,99.7283%,1,367,368,0,0,1,367
0x9f93d4,96.875%,1,31,32,31,1,0,0
0x441dd8,90.9091%,1,10,11,10,1,0,0
0x975137,94.7368%,1,18,19,0,0,1,18
0xa5ec20,99.6429%,1,279,280,0,0,1,279
0x7bb8f2,87.5%,1,7,8,3,1,0,4
0x67e4d3,95.4545%,1,21,22,0,0,1,21
0x65a0f5,99.0991%,1,110,111,0,0,1,110
0x80a057,75%,1,3,4,0,0,1,3
0x5eb2c4,50%,1,1,2,0,0,1,1
0x609653,98.7952%,1,82,83,0,0,1,82
0x65a102,99.0991%,1,110,111,110,1,0,0
0xa043b6,0%,1,0,1,0,0,1,0
0xaabde6,90.9091%,1,10,11,10,1,0,0
0x686968,99.6441%,1,280,281,0,0,1,280
0x96aef1,94.7368%,1,18,19,0,0,1,18
0x889fa5,95.4545%,1,21,22,0,0,1,21
0x54eddc,97.6744%,1,42,43,0,0,1,42
0x96c1e6,99.1803%,1,121,122,121,1,0,0
0x815247,0%,1,0,1,0,1,0,0
0x66f569,99.5146%,1,205,206,0,0,1,205
0x6043dc,91.6667%,1,11,12,0,0,1,11
0x441a42,90.9091%,1,10,11,10,1,0,0
0x5b2b69,97.7778%,1,44,45,0,0,1,44
0x97b84c,88.8889%,1,8,9,8,1,0,0
0xaaaace,0%,1,0,1,0,0,1,0
0x48da19,97.8261%,1,45,46,0,0,1,45
0x441b45,90.9091%,1,10,11,10,1,0,0
0x9fbbad,99.5349%,1,214,215,214,1,0,0
0x9e102c,96.2963%,1,26,27,0,0,1,26
0x7b811c,85.7143%,1,6,7,6,1,0,0
0x95b3fd,90.9091%,1,10,11,0,0,1,10
0xa022bb,99.9127%,1,1144,1145,0,0,1,1144
0x554594,99.654%,1,288,289,288,1,0,0
0x556e6e,99.0476%,1,104,105,104,1,0,0
0x4a1eb3,97.9167%,1,47,48,47,1,0,0
0x6815d0,83.3333%,1,5,6,5,1,0,0
0x4943a7,94.1176%,1,16,17,16,1,0,0
0x88a0da,95.4545%,1,21,22,0,0,1,21
0x816306,97.7778%,1,44,45,43,0,1,1
0x6798b9,83.3333%,1,5,6,0,0,1,5
0x441c19,90.9091%,1,10,11,10,1,0,0
0x8dfd73,99.5868%,1,241,242,0,0,1,241
0xa07af9,87.5%,1,7,8,4,0,1,3
0x81f956,98.7342%,1,78,79,78,1,0,0
0x7d419b,91.6667%,1,11,12,6,1,0,5
0x7d3dab,66.6667%,1,2,3,0,0,1,2
0x67f3ab,50%,1,1,2,0,0,1,1
0x95ae90,95.6522%,1,22,23,22,1,0,0
0x8bcbe7,96.1538%,1,25,26,0,0,1,25
0xa53511,50%,1,1,2,0,0,1,1
0x9e3015,99.5781%,1,236,237,236,1,0,0
0x95aeb2,95.6522%,1,22,23,22,1,0,0
0x978676,90%,1,9,10,9,1,0,0
0xa025ce,99.933%,1,1491,1492,0,0,1,1491
0xa3ad25,75%,1,3,4,3,1,0,0
0x7d2a12,75%,1,3,4,3,1,0,0
0x9c504b,87.5%,1,7,8,4,0,1,3
0x49ce60,80%,1,4,5,0,0,1,4
0x4bb2ce,96.6667%,1,29,30,0,0,1,29
0xaabe0a,90.9091%,1,10,11,10,1,0,0
0xa08556,80%,1,4,5,4,1,0,0
0x5dda22,0%,1,0,1,0,0,1,0
0xa4eef3,95.4545%,1,21,22,0,0,1,21
0x8aab3e,94.7368%,1,18,19,0,0,1,18
0x80f35b,75%,1,3,4,3,1,0,0
0x606bd1,91.6667%,1,11,12,11,1,0,0
0x834268,98.1818%,1,54,55,1,1,0,53
0x973203,97.5%,1,39,40,0,0,1,39
0x54edcd,97.6744%,1,42,43,0,0,1,42
0xa07750,80%,1,4,5,4,1,0,0
0xa2dfd2,99.6845%,1,316,317,0,0,1,316
0x678e36,95.6522%,1,22,23,22,1,0,0
0xa36cbf,75%,1,3,4,3,0,1,0
0x88ea88,97.4359%,1,38,39,0,0,1,38
0x835d96,98.1132%,1,52,53,0,0,1,52
0x95b43d,90.9091%,1,10,11,10,1,0,0
0x8bba4d,92.3077%,1,12,13,0,0,1,12
0x5f1466,99.3711%,1,158,159,0,1,0,158
0x8bdcd2,0%,1,0,1,0,1,0,0
0x494fc4,83.3333%,1,5,6,5,1,0,0
0x95b577,90.9091%,1,10,11,10,1,0,0
0xb1c3a8,99.0196%,1,101,102,0,0,1,101
0x9a0beb,96.4286%,1,27,28,0,0,1,27
0x7e819d,85.7143%,1,6,7,6,1,0,0
0x4ac59f,87.5%,1,7,8,0,0,1,7
0x40abdb,80%,1,4,5,4,1,0,0
0x619ec3,80%,1,4,5,0,0,1,4
0xa9ef6f,50%,1,1,2,1,1,0,0
0x95adfa,93.3333%,1,14,15,0,0,1,14
0x9a69e4,98.6842%,1,75,76,0,0,1,75
0x7d2b52,92.3077%,1,12,13,12,1,0,0
0x48c614,66.6667%,1,2,3,0,1,0,2
0x98cd77,97.1429%,1,34,35,0,0,1,34
0x903320,91.6667%,1,11,12,0,0,1,11
0x8c7290,99.0654%,1,106,107,106,1,0,0
0x9a11fd,98.7654%,1,80,81,0,0,1,80
0x53854b,0%,1,0,1,0,0,1,0
0xa5b154,85.7143%,1,6,7,0,0,1,6
0x675572,0%,1,0,1,0,0,1,0
0x4a6474,66.6667%,1,2,3,0,1,0,2
0x50749b,87.5%,1,7,8,0,0,1,7
0x9a110d,93.3333%,1,14,15,0,0,1,14
0x597f44,93.3333%,1,14,15,14,1,0,0
0x67559a,0%,1,0,1,0,1,0,0
0x9f3c81,0%,1,0,1,0,0,1,0
0x6755c9,0%,1,0,1,0,0,1,0
0x6755ee,0%,1,0,1,0,0,1,0
0x6753c5,66.6667%,1,2,3,2,0,1,0
0x821bcd,0%,1,0,1,0,1,0,0
0x675632,0%,1,0,1,0,0,1,0
0x99e99b,98.1818%,1,54,55,0,0,1,54
0x9ec45e,80%,1,4,5,0,0,1,4
0xa27750,75%,1,3,4,0,0,1,3
0x4bf02a,92.3077%,1,12,13,0,0,1,12
0xa05d12,50%,1,1,2,0,1,0,1
0x9d1dce,83.3333%,1,5,6,0,1,0,5
0x99e8e4,99.0476%,1,104,105,0,0,1,104
0x991913,95.8333%,1,23,24,23,1,0,0
0x5c36d8,75%,1,3,4,3,1,0,0
0x675672,0%,1,0,1,0,0,1,0
0x9d1dfe,83.3333%,1,5,6,0,1,0,5
0x99e8af,99.0476%,1,104,105,0,0,1,104
0x809f19,50%,1,1,2,1,1,0,0
0x666875,99.7967%,1,491,492,491,1,0,0
0x66643f,99.8092%,1,523,524,0,0,1,523
0x8a993b,87.5%,1,7,8,7,1,0,0
0xa073ec,50%,1,1,2,1,1,0,0
0x99bb26,99.4737%,1,189,190,0,0,1,189
0x9ed44a,99.3333%,1,149,150,0,0,1,149
0x8a95ea,91.6667%,1,11,12,11,1,0,0
0x4903ab,98.7342%,1,78,79,0,0,1,78
0x402af9,99.2481%,1,132,133,0,0,1,132
0x5444a7,99.5536%,1,223,224,223,1,0,0
0x544277,98.2456%,1,56,57,56,1,0,0
0x9d1210,99.1667%,1,119,120,0,0,1,119
0x608ca3,99.5%,1,199,200,0,0,1,199
0x6476d3,97.7778%,1,44,45,0,0,1,44
0x5ff454,75%,1,3,4,3,0,1,0
0x47f1a6,0%,1,0,1,0,1,0,0
0x96e4c7,50%,1,1,2,1,1,0,0
0x608bf4,99.8195%,1,553,554,553,1,0,0
0x5a8861,50%,1,1,2,0,0,1,1
0x789196,90%,1,9,10,0,0,1,9
0x7d336c,98.4127%,1,62,63,50,1,0,12
0x5ff4e7,75%,1,3,4,0,0,1,3
0x983f26,87.5%,1,7,8,0,0,1,7
0x5ff3e6,83.3333%,1,5,6,1,1,0,4
0x7869b5,91.6667%,1,11,12,5,1,0,6
0x789cbf,91.6667%,1,11,12,6,0,1,5
0x789d0e,83.3333%,1,5,6,3,1,0,2
0x94d91c,98.2759%,1,57,58,57,1,0,0
0xa97b17,50%,1,1,2,0,0,1,1
0x4a62a0,66.6667%,1,2,3,0,1,0,2
0x99aebc,96.6667%,1,29,30,29,1,0,0
0xa94a7c,98.6842%,1,75,76,0,0,1,75
0xa060a9,80%,1,4,5,0,0,1,4
0x9a3ab3,50%,1,1,2,0,0,1,1
0x4c4d87,90.9091%,1,10,11,0,0,1,10
0x9a3aec,92.3077%,1,12,13,12,1,0,0
0x7ce93c,99.9057%,1,1060,1061,1060,1,0,0
0x946f47,94.7368%,1,18,19,0,0,1,18
0x9f19c1,99.7389%,1,382,383,0,0,1,382
0xa05080,0%,1,0,1,0,0,1,0
0x8f4469,0%,1,0,1,0,0,1,0
0xa993cd,66.6667%,1,2,3,0,0,1,2
0xa050e0,0%,1,0,1,0,0,1,0
0x606cdd,87.5%,1,7,8,0,0,1,7
0x9027ba,95.8333%,1,23,24,0,0,1,23
0x9027bf,95.8333%,1,23,24,11,1,0,12
0x48d93c,50%,1,1,2,1,1,0,0
0xa055fc,98.3871%,1,61,62,61,0,1,0
0x7b80fe,88.8889%,1,8,9,1,1,0,7
0xaadab8,98.4375%,1,63,64,0,0,1,63
0x489801,96%,1,24,25,0,0,1,24
0x5f5bcb,50%,1,1,2,0,0,1,1
0x97460f,98.7805%,1,81,82,0,0,1,81
0xaccb5f,66.6667%,1,2,3,0,0,1,2
0x80834c,75%,1,3,4,0,0,1,3
0xa05292,96.5517%,1,28,29,0,0,1,28
0x598f0c,0%,1,0,1,0,1,0,0
0x4c619f,85.7143%,1,6,7,0,0,1,6
0x60bc2f,94.4444%,1,17,18,0,0,1,17
0xb499f8,87.5%,1,7,8,0,0,1,7
0xa0559e,96.5517%,1,28,29,20,1,0,8
0x557ad4,66.6667%,1,2,3,0,0,1,2
0x96af66,85.7143%,1,6,7,6,1,0,0
0xa052d6,96.5517%,1,28,29,25,0,1,3
0x809c29,50%,1,1,2,0,0,1,1
0x67075d,0%,1,0,1,0,1,0,0
0x66f4db,0%,1,0,1,0,1,0,0
0x9efcdc,75%,1,3,4,3,0,1,0
0x95b786,75%,1,3,4,0,0,1,3
0xa04f63,98.4127%,1,62,63,0,1,0,62
0x441b14,90.9091%,1,10,11,10,1,0,0
0x9e0bd5,99.5633%,1,228,229,0,0,1,228
0x64bb40,99.9282%,1,1391,1392,0,0,1,1391
0x80a6c0,50%,1,1,2,0,1,0,1
0x919099,50%,1,1,2,0,0,1,1
0x9e0b82,99.6109%,1,256,257,0,0,1,256
0x609537,99.7167%,1,352,353,352,1,0,0
0x99e695,92.3077%,1,12,13,0,0,1,12
0x40e868,80%,1,4,5,4,1,0,0
0x5a94e7,80%,1,4,5,0,0,1,4
0x99e505,92.3077%,1,12,13,12,1,0,0
0x40e899,80%,1,4,5,4,1,0,0
0x49f651,99.2537%,1,133,134,0,0,1,133
0x99e309,92.3077%,1,12,13,12,1,0,0
0x4b55b9,50%,1,1,2,0,0,1,1
0x8fd236,50%,1,1,2,0,0,1,1
0x5b02eb,98.8889%,1,89,90,0,0,1,89
0x4b62b4,97.9592%,1,48,49,0,0,1,48
0x822338,97.4359%,1,38,39,38,1,0,0
0x64c06c,99.2126%,1,126,127,0,0,1,126
0x9c5115,87.5%,1,7,8,7,1,0,0
0x488adb,99.8099%,1,525,526,0,0,1,525
0xa5869a,87.5%,1,7,8,7,1,0,0
0x8126f4,98.0769%,1,51,52,51,1,0,0
0x61cda2,80%,1,4,5,4,1,0,0
0x403a26,0%,1,0,1,0,1,0,0
0x50d8d1,92.3077%,1,12,13,12,1,0,0
0x9bd168,98.1818%,1,54,55,0,0,1,54
0x8bb28f,0%,1,0,1,0,0,1,0
0x506eb7,0%,1,0,1,0,0,1,0
0x506ec9,0%,1,0,1,0,1,0,0
0x5dfc4f,92.8571%,1,13,14,13,1,0,0
0x6188dd,98.7654%,1,80,81,0,0,1,80
0xa32692,50%,1,1,2,0,0,1,1
0x9f3ae9,75%,1,3,4,3,1,0,0
0x50dad0,75%,1,3,4,0,0,1,3
0x99c8bb,99.798%,1,494,495,0,0,1,494
0x4a9b2a,50%,1,1,2,0,0,1,1
0xa6c5c0,98.7952%,1,82,83,82,1,0,0
0xaa2f81,99.8069%,1,517,518,517,1,0,0
0xa15ebc,87.5%,1,7,8,3,1,0,4
0x6f0a1e,93.75%,1,15,16,15,1,0,0
0xa22e8d,87.5%,1,7,8,7,1,0,0
0x94a1c2,98.75%,1,79,80,79,1,0,0
0xa258ea,80%,1,4,5,4,1,0,0
0x9eb283,50%,1,1,2,0,0,1,1
0x9a1c4f,99.435%,1,176,177,176,1,0,0
0x48ee87,98.1481%,1,53,54,0,0,1,53
0x8a5cfd,99.5413%,1,217,218,0,0,1,217
0x4b9103,88.8889%,1,8,9,0,0,1,8
0x94ac80,98.75%,1,79,80,0,0,1,79
0x9d32e6,98.1818%,1,54,55,54,1,0,0
0x403acd,99.9335%,1,1502,1503,0,0,1,1502
0x556218,66.6667%,1,2,3,0,0,1,2
0x60bdb6,95.2381%,1,20,21,0,0,1,20
0xa4d6e9,97.2222%,1,35,36,35,1,0,0
0x666c55,50%,1,1,2,1,1,0,0
0xa46e86,94.4444%,1,17,18,17,1,0,0
0x619d3d,80%,1,4,5,0,0,1,4
0x5d90c8,99.3197%,1,146,147,0,0,1,146
0x48a698,99.8559%,1,693,694,0,0,1,693
0x8a619e,99.3506%,1,153,154,0,0,1,153
0x5ebef2,92.8571%,1,13,14,0,0,1,13
0x8aa8d3,99.8639%,1,734,735,0,0,1,734
0x619ac6,80%,1,4,5,0,0,1,4
0x619b38,80%,1,4,5,4,1,0,0
0x505289,91.6667%,1,11,12,0,0,1,11
0x5052be,95%,1,19,20,19,1,0,0
0x9c5469,87.5%,1,7,8,3,1,0,4
0x60c510,90%,1,9,10,9,1,0,0
0x8a60ca,99.8165%,1,544,545,0,0,1,544
0x5f12c5,0%,1,0,1,0,1,0,0
0x943a61,75%,1,3,4,0,0,1,3
0x8bcc1c,96.1538%,1,25,26,0,0,1,25
0x60c5d7,90%,1,9,10,4,1,0,5
0x61a31a,80%,1,4,5,4,1,0,0
0x785075,96.4286%,1,27,28,27,1,0,0
0xa3961f,99.8342%,1,602,603,0,0,1,602
0x8a5f5b,98.8235%,1,84,85,2,1,0,82
0x9a3358,99.3151%,1,145,146,0,0,1,145
0x4c44f8,92.8571%,1,13,14,0,0,1,13
0x8dce87,99.4286%,1,174,175,0,0,1,174
0x794810,93.75%,1,15,16,10,0,1,5
0x78f0cc,93.75%,1,15,16,5,1,0,10
0x94eb96,98.8889%,1,89,90,0,0,1,89
0x94cadb,97.5%,1,39,40,39,1,0,0
0xa4a385,96.7742%,1,30,31,0,0,1,30
0x8eb54b,97.2973%,1,36,37,0,0,1,36
0xa4a3a2,90%,1,9,10,0,0,1,9
0xa4a3ad,90%,1,9,10,9,1,0,0
0x9e21b9,50%,1,1,2,0,0,1,1
0x59edb5,87.5%,1,7,8,0,0,1,7
0x78a67c,93.75%,1,15,16,5,1,0,10
0x99c5f2,99.3377%,1,150,151,0,0,1,150
0xa28a30,93.75%,1,15,16,15,1,0,0
0x4ca72b,50%,1,1,2,1,1,0,0
0xa7bebd,80%,1,4,5,4,1,0,0
0x4c00b8,50%,1,1,2,0,0,1,1
0x610f45,50%,1,1,2,0,0,1,1
0x607056,95%,1,19,20,0,0,1,19
0xa2f209,0%,1,0,1,0,0,1,0
0xa15d71,87.5%,1,7,8,0,0,1,7
0x7899bd,96.4286%,1,27,28,22,0,1,5
0x78f61f,93.3333%,1,14,15,0,0,1,14
0x8fddbd,99.867%,1,751,752,0,0,1,751
0xa15f44,91.6667%,1,11,12,0,0,1,11
0xa48ab7,99.4012%,1,166,167,0,0,1,166
0xa55a33,50%,1,1,2,0,0,1,1
0x81e439,99.9166%,1,1198,1199,0,0,1,1198
0x609baf,99.6032%,1,251,252,0,0,1,251
0xa16033,91.6667%,1,11,12,0,0,1,11
0xa160a3,91.6667%,1,11,12,11,1,0,0
0x814320,99.9362%,1,1566,1567,0,0,1,1566
0x5ff49a,90%,1,9,10,0,0,1,9
0x9fcb05,96%,1,24,25,0,0,1,24
0x8a77e7,99.8081%,1,520,521,0,0,1,520
0xa3290c,50%,1,1,2,0,0,1,1
0x8a75fb,99.8865%,1,880,881,0,1,0,880
0x813e0e,99.8938%,1,941,942,0,0,1,941
0x94ca90,98.4375%,1,63,64,0,0,1,63
0x9a18ae,99.5074%,1,202,203,0,0,1,202
0x9a7e33,96%,1,24,25,0,0,1,24
0xa329ef,0%,1,0,1,0,1,0,0
0x58c367,80%,1,4,5,1,0,1,3
0x60c416,80%,1,4,5,4,1,0,0
0xa34c98,98.6667%,1,74,75,0,0,1,74
0xb3159a,50%,1,1,2,0,0,1,1
0x8a6eeb,99.6283%,1,268,269,268,1,0,0
0x50bd1b,50%,1,1,2,1,1,0,0
0x9f3c6b,0%,1,0,1,0,0,1,0
0xa04260,50%,1,1,2,0,0,1,1
0xa4a13c,97.8261%,1,45,46,0,0,1,45
0x94446d,50%,1,1,2,1,1,0,0
0x943cd6,90%,1,9,10,0,0,1,9
0x943d50,90%,1,9,10,0,0,1,9
0x5d90df,99.3197%,1,146,147,146,1,0,0
0xa3747b,96.875%,1,31,32,31,1,0,0
0x488c61,99.1453%,1,116,117,0,0,1,116
0x4878e4,50%,1,1,2,0,0,1,1
0xa25fc7,99.8538%,1,683,684,683,1,0,0
0x7e1cc7,50%,1,1,2,1,1,0,0
0x943d83,87.5%,1,7,8,7,1,0,0
0xa981d4,66.6667%,1,2,3,2,1,0,0
0x540f69,87.5%,1,7,8,3,0,1,4
0x4c5373,95%,1,19,20,19,1,0,0
0x4b7bc6,0%,1,0,1,0,1,0,0
0x512b03,99.8638%,1,733,734,733,1,0,0
0xa07e56,0%,1,0,1,0,1,0,0
0x94bc65,93.75%,1,15,16,0,0,1,15
0x4889ed,94.7368%,1,18,19,18,1,0,0
0x805e38,87.5%,1,7,8,3,1,0,4
0x94c88e,93.75%,1,15,16,15,1,0,0
0x998887,50%,1,1,2,0,1,0,1
0xa08031,88.8889%,1,8,9,7,0,1,1
0x9066e8,99.1935%,1,123,124,123,1,0,0
0xaad22b,85.7143%,1,6,7,0,0,1,6
0x81f87c,97.8723%,1,46,47,0,0,1,46
0x48f782,83.3333%,1,5,6,0,0,1,5
0x78e091,75%,1,3,4,0,0,1,3
0x49a415,83.3333%,1,5,6,0,0,1,5
0x48f70d,98.4615%,1,64,65,0,0,1,64
0x554e5d,99.0476%,1,104,105,104,1,0,0
0xa08099,75%,1,3,4,3,1,0,0
0x8a9860,99.9785%,1,4653,4654,0,0,1,4653
0xa0800b,0%,1,0,1,0,1,0,0
0xa082d4,0%,1,0,1,0,1,0,0
0x8e3289,99.9494%,1,1976,1977,0,0,1,1976
0xa276c0,99.8684%,1,759,760,759,1,0,0
0xa276b9,99.8684%,1,759,760,0,0,1,759
0x492aeb,50%,1,1,2,1,1,0,0
0xa078a1,83.3333%,1,5,6,5,1,0,0
0x812581,99.8452%,1,645,646,0,0,1,645
0xa07977,83.3333%,1,5,6,5,0,1,0
0x494f99,83.3333%,1,5,6,5,1,0,0
0xa50ada,92.8571%,1,13,14,0,0,1,13
0xaa3935,95.2381%,1,20,21,16,0,1,4
0xa0705c,85.7143%,1,6,7,6,1,0,0
0x4aad9a,96.6667%,1,29,30,29,1,0,0
0xa39839,75%,1,3,4,0,0,1,3
0x4041dc,99.5745%,1,234,235,0,0,1,234
0x49a109,93.75%,1,15,16,0,0,1,15
0x7b016f,83.3333%,1,5,6,0,0,1,5
0xa39841,75%,1,3,4,0,0,1,3
0x5d06af,99.0909%,1,109,110,109,1,0,0
0x4bdc10,0%,1,0,1,0,1,0,0
0x8a8f06,99.2857%,1,139,140,0,0,1,139
0x5909e8,75%,1,3,4,1,1,0,2
0xa06e56,75%,1,3,4,0,0,1,3
0x8a8eb5,99.2857%,1,139,140,139,1,0,0
0xa99901,0%,1,0,1,0,0,1,0
0x4c06a7,98.8372%,1,85,86,0,0,1,85
0xa36e6f,90%,1,9,10,0,0,1,9
0x638ef2,99.7041%,1,337,338,0,0,1,337
0xa3baad,99.5614%,1,227,228,0,0,1,227
0xa07b69,80%,1,4,5,3,1,0,1
0x63ee13,99.9461%,1,1856,1857,1856,1,0,0
0x511155,99.8571%,1,699,700,0,0,1,699
0x8a9073,50%,1,1,2,1,1,0,0
0xa3fdd3,96.4286%,1,27,28,0,0,1,27
0x81eac5,99.7015%,1,334,335,334,1,0,0
0x8f4a18,83.3333%,1,5,6,5,1,0,0
0xa07c66,0%,1,0,1,0,0,1,0
0x696311,99.9101%,1,1111,1112,1111,1,0,0
0x649e2a,50%,1,1,2,0,0,1,1
0x4c606e,93.75%,1,15,16,15,1,0,0
0xa25ea5,99.9013%,1,1012,1013,0,0,1,1012
0x9c4d49,83.3333%,1,5,6,0,0,1,5
0x7899eb,83.3333%,1,5,6,0,0,1,5
0xa08c92,91.6667%,1,11,12,3,1,0,8
0x7ac181,83.3333%,1,5,6,5,1,0,0
0x493e4e,50%,1,1,2,1,1,0,0
0xa08746,75%,1,3,4,0,0,1,3
0x8e02a9,75%,1,3,4,0,0,1,3
0xa08ef2,98.4615%,1,64,65,0,1,0,64
0x619bb1,95%,1,19,20,19,1,0,0
0x9f4a84,0%,1,0,1,0,0,1,0
0x804c46,0%,1,0,1,0,1,0,0
0x5f5b1d,50%,1,1,2,0,0,1,1
0x97abe0,92.8571%,1,13,14,13,1,0,0
0x9d0b7e,98.0392%,1,50,51,0,0,1,50
0x487918,50%,1,1,2,0,0,1,1
0x80fa90,98.913%,1,91,92,91,1,0,0
0xa08c7c,75%,1,3,4,0,0,1,3
0x6114c0,0%,1,0,1,0,1,0,0
0xa2d67b,99.4845%,1,193,194,193,1,0,0
0x97748b,83.3333%,1,5,6,5,1,0,0
0x80f742,50%,1,1,2,1,1,0,0
0x99dc2d,93.3333%,1,14,15,0,0,1,14
0x88e056,83.3333%,1,5,6,0,0,1,5
0xa07acc,0%,1,0,1,0,0,1,0
0x9f46fb,99.7135%,1,348,349,0,0,1,348
0x8d293d,99.2424%,1,131,132,0,0,1,131
0x9ecd53,90%,1,9,10,0,0,1,9
0x8f6a6d,93.3333%,1,14,15,14,1,0,0
0x818871,99.8791%,1,826,827,0,0,1,826
0x8c8337,94.7368%,1,18,19,0,0,1,18
0x94acb0,98.2143%,1,55,56,0,0,1,55
0xa25caa,99.8853%,1,871,872,0,0,1,871
0xa073cc,75%,1,3,4,1,1,0,2
0x991498,50%,1,1,2,1,1,0,0
0x4b5f91,75%,1,3,4,0,0,1,3
0x80f227,75%,1,3,4,3,1,0,0
0xa077af,50%,1,1,2,0,0,1,1
0xa067c5,50%,1,1,2,1,1,0,0
0x4b5fa7,75%,1,3,4,3,1,0,0
0x9bd57a,98.1818%,1,54,55,0,0,1,54
0xa06934,50%,1,1,2,1,1,0,0
0x7d2298,0%,1,0,1,0,1,0,0
0xa06973,50%,1,1,2,1,1,0,0
0x8a6c09,99.0099%,1,100,101,0,0,1,100
0x9ec9f8,99.3421%,1,151,152,0,0,1,151
0xaadbf2,99.6923%,1,324,325,0,0,1,324
0x5fab50,0%,1,0,1,0,1,0,0
0xa25be6,99.9013%,1,1012,1013,0,0,1,1012
0xa06a2f,50%,1,1,2,0,0,1,1
0x7b8649,50%,1,1,2,1,1,0,0
0x4c9351,75%,1,3,4,3,1,0,0
0x4b9ad4,87.5%,1,7,8,4,0,1,3
0x7bafb3,50%,1,1,2,1,1,0,0
0x5068b0,99.2647%,1,135,136,0,0,1,135
0xa08c6b,75%,1,3,4,0,0,1,3
0x5044dc,99.8649%,1,739,740,739,1,0,0
0x99dc79,93.3333%,1,14,15,0,0,1,14
0x7bccef,50%,1,1,2,1,1,0,0
0x5f8a91,87.5%,1,7,8,0,0,1,7
0xa08c72,75%,1,3,4,0,0,1,3
0x7ace35,50%,1,1,2,1,1,0,0
0xace313,98.8235%,1,84,85,84,1,0,0
0x9a3a26,92.3077%,1,12,13,0,0,1,12
0x98d082,85.7143%,1,6,7,0,0,1,6
0xa0566c,80%,1,4,5,0,0,1,4
0x48f0c0,66.6667%,1,2,3,2,1,0,0
0xa479b3,88.8889%,1,8,9,0,0,1,8
0x4c6753,75%,1,3,4,0,0,1,3
0x482038,75%,1,3,4,0,0,1,3
0xa2f7ce,99.5614%,1,227,228,0,0,1,227
0x95104b,50%,1,1,2,1,1,0,0
0x8075fd,98.3051%,1,58,59,0,0,1,58
0xa057d9,0%,1,0,1,0,0,1,0
0x4c677e,75%,1,3,4,0,0,1,3
0xaa6385,99.5%,1,199,200,0,0,1,199
0x40aa6c,0%,1,0,1,0,1,0,0
0x9a0bbd,96.4286%,1,27,28,0,0,1,27
0x99d38b,88.8889%,1,8,9,0,0,1,8
0x403b0a,99.8179%,1,548,549,0,0,1,548
0x804509,96.2963%,1,26,27,0,0,1,26
0x9e1131,50%,1,1,2,1,1,0,0
0x4c006e,50%,1,1,2,0,0,1,1
0xa63c5a,0%,1,0,1,0,0,1,0
0xa3eeab,87.5%,1,7,8,0,0,1,7
0x99e93e,98.1818%,1,54,55,0,0,1,54
0x9f858b,88.8889%,1,8,9,0,0,1,8
0x4c008a,50%,1,1,2,0,0,1,1
0x8a6e05,50%,1,1,2,1,1,0,0
0x98b49f,99.4382%,1,177,178,0,0,1,177
0xb4764f,93.75%,1,15,16,0,0,1,15
0x78402d,66.6667%,1,2,3,0,0,1,2
0x51194f,99.5283%,1,211,212,0,0,1,211
0x4bd2e8,0%,1,0,1,0,0,1,0
0x49c5da,83.3333%,1,5,6,0,0,1,5
0xa32942,94.7368%,1,18,19,18,0,1,0
0x54ceeb,75%,1,3,4,3,1,0,0
0x58e5cd,83.3333%,1,5,6,0,0,1,5
0x9799bb,97.2222%,1,35,36,0,0,1,35
0xa055a5,87.5%,1,7,8,7,0,1,0
0x4a9a5b,50%,1,1,2,0,1,0,1
0x94caca,97.5%,1,39,40,0,0,1,39
0x4c83d8,66.6667%,1,2,3,0,0,1,2
0xa960a2,96.1538%,1,25,26,0,0,1,25
0x918b86,99.5%,1,199,200,199,1,0,0
0x64ac4d,87.5%,1,7,8,7,1,0,0
0x7b821f,93.75%,1,15,16,1,1,0,14
0xaa2f28,99.0196%,1,101,102,0,0,1,101
0x4bbad3,0%,1,0,1,0,1,0,0
0x606fa0,90%,1,9,10,0,0,1,9
0x9e0130,99.9069%,1,1073,1074,0,0,1,1073
0x4bd2ef,0%,1,0,1,0,1,0,0
0x48c453,98.9583%,1,95,96,95,1,0,0
0x805741,50%,1,1,2,0,0,1,1
0xa067b1,50%,1,1,2,0,0,1,1
0xa0679e,50%,1,1,2,0,0,1,1
0x7c6f0b,87.5%,1,7,8,3,1,0,4
0x4bd360,0%,1,0,1,0,1,0,0
0x4bd629,0%,1,0,1,0,1,0,0
0x65a00a,99.9465%,1,1867,1868,1867,1,0,0
0xa06327,66.6667%,1,2,3,0,1,0,2
0x9a3a5d,92.3077%,1,12,13,10,1,0,2
0x4c66a0,75%,1,3,4,3,1,0,0
0x8eb8c8,99.7947%,1,486,487,0,0,1,486
0xa07643,83.3333%,1,5,6,0,1,0,5
0x786c91,50%,1,1,2,1,1,0,0
0xa5edcb,99.7531%,1,404,405,0,0,1,404
0xa3bddb,87.5%,1,7,8,0,0,1,7
0x81e251,0%,1,0,1,0,0,1,0
0x404412,99.9299%,1,1425,1426,0,0,1,1425
0xa07559,80%,1,4,5,0,0,1,4
0x4c547d,0%,1,0,1,0,0,1,0
0x405b27,99.7658%,1,426,427,0,0,1,426
0x90a5f8,97.7273%,1,43,44,0,0,1,43
0x99df25,96.4286%,1,27,28,0,0,1,27
0x64a27e,50%,1,1,2,0,0,1,1
0xa06f09,88.8889%,1,8,9,0,0,1,8
0x8e939e,75%,1,3,4,0,0,1,3
0x7cfa3c,90%,1,9,10,9,1,0,0
0x9f2940,99.8252%,1,571,572,0,0,1,571
0xa07b08,85.7143%,1,6,7,6,1,0,0
0xa06faa,88.8889%,1,8,9,0,0,1,8
0x7e2147,50%,1,1,2,1,1,0,0
0xa8e4a4,83.3333%,1,5,6,0,1,0,5
0x61099a,92.3077%,1,12,13,12,1,0,0
0xab370c,94.4444%,1,17,18,17,1,0,0
0x7b838d,50%,1,1,2,1,1,0,0
0xa410a0,97.1429%,1,34,35,0,0,1,34
0x5eaf3b,75%,1,3,4,3,1,0,0
0x804555,92.3077%,1,12,13,0,0,1,12
0x8e02f5,99.6491%,1,284,285,0,0,1,284
0x404458,98.4848%,1,65,66,19,1,0,46
0x606901,92.8571%,1,13,14,13,1,0,0
0xa26384,99.7525%,1,403,404,0,0,1,403
0xa04b71,98.4375%,1,63,64,0,0,1,63
0x4bbb10,0%,1,0,1,0,1,0,0
0xa560bc,98.75%,1,79,80,0,0,1,79
0x5df862,92.8571%,1,13,14,13,1,0,0
0xa066a6,97.7778%,1,44,45,44,1,0,0
0x4c13e5,95.8333%,1,23,24,23,1,0,0
0x9848a3,75%,1,3,4,3,1,0,0
0x8bb6bf,92.3077%,1,12,13,0,0,1,12
0xa041c8,0%,1,0,1,0,1,0,0
0x9a3eb3,96.4286%,1,27,28,0,0,1,27
0x65be82,91.6667%,1,11,12,0,0,1,11
0x9439ad,50%,1,1,2,0,0,1,1
0x8a9117,96.2963%,1,26,27,0,0,1,26
0x4aaf35,0%,1,0,1,0,0,1,0
0x4877b6,0%,1,0,1,0,1,0,0
0x619c00,92.8571%,1,13,14,13,1,0,0
0x60b9b5,98.8235%,1,84,85,84,1,0,0
0x8fe8de,0%,1,0,1,0,0,1,0
0x8fe8ef,0%,1,0,1,0,0,1,0
0x510251,99.5763%,1,235,236,235,1,0,0
0x8fe909,0%,1,0,1,0,0,1,0
0x4b5ea5,90.9091%,1,10,11,0,1,0,10
0x4bd231,50%,1,1,2,0,0,1,1
0xaa292d,99.1935%,1,123,124,0,0,1,123
0xa075b8,87.5%,1,7,8,0,1,0,7
0x4045da,99.5536%,1,223,224,0,0,1,223
0x492fc0,97.0588%,1,33,34,33,1,0,0
0x4b96d5,90%,1,9,10,0,0,1,9
0x4b970d,90%,1,9,10,9,1,0,0
0x786c77,50%,1,1,2,0,0,1,1
0x5d0f3c,99.2481%,1,132,133,132,1,0,0
0x5108b6,99.6942%,1,326,327,0,0,1,326
0x9f1593,90.9091%,1,10,11,10,1,0,0
0x78f89c,0%,1,0,1,0,0,1,0
0x5f3e20,75%,1,3,4,3,0,1,0
0x618a01,98.5714%,1,69,70,0,0,1,69
0x9e58b8,96.6667%,1,29,30,0,0,1,29
0x9a6418,99.4318%,1,175,176,0,0,1,175
0xa18b0c,97.6744%,1,42,43,0,0,1,42
0x804293,0%,1,0,1,0,0,1,0
0x804b08,50%,1,1,2,0,0,1,1
0x94d66f,75%,1,3,4,3,1,0,0
0x6a78a8,0%,1,0,1,0,0,1,0
0x9e53c2,96.6667%,1,29,30,0,0,1,29
0x9e5d92,98.8506%,1,86,87,86,1,0,0
0x980bb3,96.875%,1,31,32,0,0,1,31
0x4828c4,88.8889%,1,8,9,8,1,0,0
0x8e2571,99.981%,1,5274,5275,0,0,1,5274
0x9e5b50,85.7143%,1,6,7,6,1,0,0
0x5d6a00,66.6667%,1,2,3,2,1,0,0
0x480d84,88.8889%,1,8,9,0,0,1,8
0x612816,98.5714%,1,69,70,0,0,1,69
0x61281c,98.5714%,1,69,70,0,0,1,69
0x5d7bce,75%,1,3,4,3,1,0,0
0x507f27,80%,1,4,5,0,0,1,4
0xa34ca5,98.5507%,1,68,69,68,1,0,0
0x482a3c,88.8889%,1,8,9,8,1,0,0
0xa4ed05,95.4545%,1,21,22,21,1,0,0
0x9e8952,99.3103%,1,144,145,0,0,1,144
0xa06696,97.7778%,1,44,45,0,0,1,44
0xa9f326,66.6667%,1,2,3,2,1,0,0
0x5b050b,50%,1,1,2,1,1,0,0
0x50201c,96.875%,1,31,32,0,0,1,31
0x494e2c,0%,1,0,1,0,1,0,0
0x94ae3f,99.8227%,1,563,564,563,1,0,0
0x494e95,0%,1,0,1,0,1,0,0
0x5e0134,99.6552%,1,289,290,289,1,0,0
0x9495d7,99.8227%,1,563,564,563,1,0,0
0xa42779,99.5556%,1,224,225,0,0,1,224
0x5d1186,99.3103%,1,144,145,0,0,1,144
0x8c87ed,75%,1,3,4,0,0,1,3
0xa9db4a,92.8571%,1,13,14,13,1,0,0
0x49287f,0%,1,0,1,0,0,1,0
0x5dced1,99.2481%,1,132,133,0,0,1,132
0x78268d,99.5475%,1,220,221,0,0,1,220
0x5f3c71,66.6667%,1,2,3,0,0,1,2
0x5d3eae,99.2481%,1,132,133,132,1,0,0
0x482a4f,88.8889%,1,8,9,0,0,1,8
0x94b74a,96.875%,1,31,32,0,0,1,31
0x675602,0%,1,0,1,0,1,0,0
0xa59cd0,66.6667%,1,2,3,2,1,0,0
0x8c73fb,99.7579%,1,412,413,410,0,1,2
0x977d6e,99.2248%,1,128,129,0,0,1,128
0x590e7d,95.6522%,1,22,23,0,0,1,22
0x48f93e,90%,1,9,10,0,1,0,9
0x9f484f,87.5%,1,7,8,3,1,0,4
0x5ae451,88.8889%,1,8,9,0,0,1,8
0x78e102,50%,1,1,2,0,0,1,1
0x482c06,94.7368%,1,18,19,0,0,1,18
0x48279b,85.7143%,1,6,7,0,0,1,6
0x805453,50%,1,1,2,0,0,1,1
0x99127e,94.4444%,1,17,18,4,1,0,13
0x8093be,50%,1,1,2,0,0,1,1
0x649cbc,50%,1,1,2,1,1,0,0
0x48f4f5,66.6667%,1,2,3,0,0,1,2
0x58c3ab,75%,1,3,4,3,1,0,0
0x59fd3c,50%,1,1,2,0,0,1,1
0x591533,85.7143%,1,6,7,0,0,1,6
0xa0409f,0%,1,0,1,0,0,1,0
0x99f01f,98.9583%,1,95,96,0,0,1,95
0x8e92b1,66.6667%,1,2,3,0,0,1,2
0x8fd516,98.7805%,1,81,82,81,1,0,0
0xa34ede,99.1453%,1,116,117,0,0,1,116
0xa94474,98.8372%,1,85,86,0,0,1,85
0x61855e,50%,1,1,2,1,1,0,0
0x6484c9,50%,1,1,2,0,0,1,1
0xa3507e,99.1453%,1,116,117,116,1,0,0
0xa3012e,50%,1,1,2,0,0,1,1
0x8e3ee8,75%,1,3,4,0,0,1,3
0x5a6512,50%,1,1,2,1,0,1,0
0xa3018e,80%,1,4,5,0,0,1,4
0x5b2c83,50%,1,1,2,1,1,0,0
0x7cf7b8,87.5%,1,7,8,0,0,1,7
0x5b574e,50%,1,1,2,1,1,0,0
0x9eda1d,85.7143%,1,6,7,6,1,0,0
0x5a8743,50%,1,1,2,1,1,0,0
0x5a8775,50%,1,1,2,1,1,0,0
0x4ac964,66.6667%,1,2,3,2,1,0,0
0x8ea6a6,75%,1,3,4,0,0,1,3
0x7b00e5,87.5%,1,7,8,0,0,1,7
0xa27573,99.0909%,1,109,110,0,0,1,109
0x5f5a8c,50%,1,1,2,0,0,1,1
0xa4a946,50%,1,1,2,1,1,0,0
0x8f1366,97.5%,1,39,40,39,1,0,0
0x5af74b,88.8889%,1,8,9,8,1,0,0
0xa499f7,90%,1,9,10,0,0,1,9
0x67514c,0%,1,0,1,0,0,1,0
0x59f19b,75%,1,3,4,1,1,0,2
0x59f20f,75%,1,3,4,1,1,0,2
0xa6b934,75%,1,3,4,0,0,1,3
0x5f6216,50%,1,1,2,0,0,1,1
0x4a724a,50%,1,1,2,1,1,0,0
0x4bb186,99.0909%,1,109,110,0,0,1,109
0x58e5c5,83.3333%,1,5,6,0,0,1,5
0x9e5bea,97.1429%,1,34,35,34,1,0,0
0x58e5d2,83.3333%,1,5,6,0,0,1,5
0x9bb3e4,98.4615%,1,64,65,0,0,1,64
0x9d179a,99.1667%,1,119,120,119,1,0,0
0xa32e73,85.7143%,1,6,7,6,1,0,0
0x5ffdca,97.8261%,1,45,46,0,0,1,45
0x80858f,99.0291%,1,102,103,102,1,0,0
0xa4980d,97.619%,1,41,42,0,0,1,41
0x59f5e0,50%,1,1,2,1,1,0,0
0x592b1d,98.8889%,1,89,90,0,0,1,89
0x64a4fc,50%,1,1,2,1,1,0,0
0x81e72f,99.2806%,1,138,139,0,0,1,138
0x9a616f,96.2963%,1,26,27,26,1,0,0
0x59fa41,75%,1,3,4,3,0,1,0
0x59fc94,75%,1,3,4,0,0,1,3
0x8ba05a,0%,1,0,1,0,0,1,0
0x8ef253,87.5%,1,7,8,0,0,1,7
0x59fcbb,50%,1,1,2,0,1,0,1
0x59fce1,50%,1,1,2,0,0,1,1
0xa9f358,66.6667%,1,2,3,0,0,1,2
0x558d29,98.6667%,1,74,75,0,0,1,74
0xa481d2,97.7778%,1,44,45,0,0,1,44
0xa72371,75%,1,3,4,0,0,1,3
0xa7240d,75%,1,3,4,0,0,1,3
0x48c5ea,0%,1,0,1,0,1,0,0
0xa6cb45,75%,1,3,4,0,0,1,3
0xa9b83c,99.5633%,1,228,229,0,0,1,228
0x556099,97.4359%,1,38,39,38,1,0,0
0xa4bc7b,75%,1,3,4,3,1,0,0
0x9f4043,96.9697%,1,32,33,0,0,1,32
0x7d27f9,75%,1,3,4,3,1,0,0
0xa6b270,75%,1,3,4,3,1,0,0
0x59f5d6,75%,1,3,4,1,1,0,2
0xa35efd,99.8285%,1,582,583,0,0,1,582
0xa6b34b,75%,1,3,4,3,1,0,0
0x5de389,99.9194%,1,1240,1241,0,0,1,1240
0x5d23e7,99.9197%,1,1244,1245,1244,1,0,0
0x8f77c1,99.3631%,1,156,157,156,1,0,0
0x8bd8bd,94.4444%,1,17,18,0,0,1,17
0xa44fd2,92.8571%,1,13,14,13,1,0,0
0x619de9,80%,1,4,5,4,1,0,0
0xa6b4eb,75%,1,3,4,3,1,0,0
0xa6b683,75%,1,3,4,3,1,0,0
0xa35ef5,99.8285%,1,582,583,0,0,1,582
0x4ae5a6,0%,1,0,1,0,1,0,0
0x5107bd,90.9091%,1,10,11,10,1,0,0
0xa69f1e,75%,1,3,4,3,1,0,0
0x5fedc2,99.7403%,1,384,385,0,0,1,384
0xa6b750,75%,1,3,4,3,1,0,0
0x58c5ec,91.6667%,1,11,12,10,1,0,1
0x410436,50%,1,1,2,0,0,1,1
0x81e941,98.6842%,1,75,76,0,0,1,75
0x555716,99.5968%,1,247,248,0,0,1,247
0x95a790,75%,1,3,4,0,0,1,3
0x811581,80%,1,4,5,4,1,0,0
0x5c473d,87.5%,1,7,8,0,0,1,7
0x95a926,75%,1,3,4,0,0,1,3
0x5d8b9f,99.2701%,1,136,137,0,0,1,136
0xa39d18,98.7952%,1,82,83,82,1,0,0
0x95a93b,75%,1,3,4,0,0,1,3
0x95a9fa,75%,1,3,4,0,0,1,3
0x99def0,93.3333%,1,14,15,0,0,1,14
0x95aa11,75%,1,3,4,0,0,1,3
0x555841,75%,1,3,4,3,1,0,0
0x9f82cd,90.9091%,1,10,11,10,1,0,0
0xa69e67,75%,1,3,4,3,1,0,0
0x40f734,75%,1,3,4,3,1,0,0
0x95ad2a,75%,1,3,4,0,0,1,3
0x5cb0a2,99.8871%,1,885,886,0,0,1,885
0x4ca4db,90%,1,9,10,0,0,1,9
0x5cb075,99.8871%,1,885,886,0,0,1,885
0x5561f4,66.6667%,1,2,3,0,0,1,2
0x9e0dcf,92.3077%,1,12,13,12,1,0,0
0xa05339,75%,1,3,4,0,0,1,3
0xab1e27,75%,1,3,4,0,0,1,3
0xa8e657,80%,1,4,5,0,0,1,4
0x65c67d,75%,1,3,4,0,0,1,3
0xa72323,75%,1,3,4,0,0,1,3
0x5de4fc,99.9194%,1,1240,1241,1240,1,0,0
0x590616,94.7368%,1,18,19,18,1,0,0
0x9177cf,99.3827%,1,161,162,154,0,1,7
0x5b6070,0%,1,0,1,0,1,0,0
0x5d0743,66.6667%,1,2,3,2,1,0,0
0x491b9f,0%,1,0,1,0,0,1,0
0x4914e5,0%,1,0,1,0,0,1,0
0x4915c1,0%,1,0,1,0,0,1,0
0x554739,98.4375%,1,63,64,0,0,1,63
0x5ebd47,85.7143%,1,6,7,6,1,0,0
0x491e34,0%,1,0,1,0,0,1,0
0x491e41,0%,1,0,1,0,1,0,0
0x7b2aa6,97.7273%,1,43,44,0,0,1,43
0x557a13,99.5455%,1,219,220,219,1,0,0
0x67f43a,50%,1,1,2,1,1,0,0
0x94d7ca,99.8127%,1,533,534,533,1,0,0
0x9a0c3d,96.4286%,1,27,28,27,1,0,0
0x4b49d7,98.2143%,1,55,56,0,0,1,55
0x5f0bcf,50%,1,1,2,0,0,1,1
0x9ed2ef,99.8311%,1,591,592,0,0,1,591
0xa98423,50%,1,1,2,0,0,1,1
0x495277,0%,1,0,1,0,1,0,0
0x5eef41,0%,1,0,1,0,1,0,0
0xa46288,97.561%,1,40,41,0,0,1,40
0x5d171f,95.8333%,1,23,24,0,0,1,23
0x94c7b0,99.8227%,1,563,564,0,0,1,563
0xa41907,88.8889%,1,8,9,0,0,1,8
0x5d1711,95.8333%,1,23,24,0,0,1,23
0xa0f33c,83.3333%,1,5,6,5,1,0,0
0x5cfdb0,95.8333%,1,23,24,23,1,0,0
0x5cfd5b,95.8333%,1,23,24,0,0,1,23
0x49c09c,75%,1,3,4,3,1,0,0
0x5d283d,99.3103%,1,144,145,0,0,1,144
0x5e37b8,99.8464%,1,650,651,0,0,1,650
0x5e5e69,99.9337%,1,1508,1509,1508,1,0,0
0xa077e5,50%,1,1,2,0,0,1,1
0xa2f90c,98.7952%,1,82,83,82,1,0,0
0xa6b7d2,75%,1,3,4,0,0,1,3
0xa37a97,85.7143%,1,6,7,6,1,0,0
0xa6b8ea,75%,1,3,4,3,1,0,0
0xa6b93c,75%,1,3,4,3,1,0,0
0xa6c1c2,75%,1,3,4,3,1,0,0
0x6774af,98.5915%,1,70,71,0,0,1,70
0x5b05e0,50%,1,1,2,1,1,0,0
0xa2fa9b,98.7179%,1,77,78,0,0,1,77
0xa336b9,99.8843%,1,863,864,0,0,1,863
0x98066b,66.6667%,1,2,3,2,1,0,0
0xa4114f,96%,1,24,25,0,0,1,24
0x490113,90%,1,9,10,0,0,1,9
0x94e8eb,96.6667%,1,29,30,0,0,1,29
0x9190da,50%,1,1,2,1,1,0,0
0x980848,66.6667%,1,2,3,2,1,0,0
0x9f5f5d,98.3333%,1,59,60,59,1,0,0
0xa42ea1,75%,1,3,4,0,0,1,3
0x949a90,98.1132%,1,52,53,0,0,1,52
0x98085f,66.6667%,1,2,3,2,1,0,0
0x557344,98.6486%,1,73,74,73,1,0,0
0x980879,66.6667%,1,2,3,0,0,1,2
0x547c79,99.3506%,1,153,154,0,0,1,153
0x591206,99.654%,1,288,289,0,0,1,288
0x557aa2,98.4615%,1,64,65,0,0,1,64
0x60dff3,88.8889%,1,8,9,0,0,1,8
0x59c9ab,90.9091%,1,10,11,10,1,0,0
0x8c8178,0%,1,0,1,0,0,1,0
0x6d11ef,75%,1,3,4,3,1,0,0
0x9cfd6c,97.2222%,1,35,36,0,0,1,35
0xa2720f,88.8889%,1,8,9,0,0,1,8
0x60dc25,98.3333%,1,59,60,0,0,1,59
0x7aedb3,90.9091%,1,10,11,0,0,1,10
0xa374af,90%,1,9,10,2,1,0,7
0x554636,99.9179%,1,1217,1218,0,0,1,1217
0xaaddd8,50%,1,1,2,0,0,1,1
0xaaddd3,50%,1,1,2,0,0,1,1
0xa35530,91.6667%,1,11,12,0,0,1,11
0xa35f4e,96.7742%,1,30,31,0,0,1,30
0xa35553,91.6667%,1,11,12,0,0,1,11
0xaadd8e,50%,1,1,2,0,0,1,1
0xa36368,91.6667%,1,11,12,0,0,1,11
0x7898b2,97.2973%,1,36,37,36,1,0,0
0xa36c40,50%,1,1,2,0,0,1,1
0x62284a,90%,1,9,10,0,0,1,9
0xa63ba6,99.187%,1,122,123,0,0,1,122
0x81fa00,93.75%,1,15,16,15,1,0,0
0xacdb9c,50%,1,1,2,1,1,0,0
0x4c3997,92.3077%,1,12,13,12,1,0,0
0x9bda75,75%,1,3,4,3,1,0,0
0xa487f8,97.619%,1,41,42,41,1,0,0
0x4bd4d1,0%,1,0,1,0,1,0,0
0x9e2aac,98.6486%,1,73,74,73,1,0,0
0x6228ec,90%,1,9,10,9,1,0,0
0x9a1a23,95%,1,19,20,19,1,0,0
0x9a1a1d,95%,1,19,20,0,0,1,19
0x9d1de1,83.3333%,1,5,6,0,0,1,5
0xa53567,87.5%,1,7,8,0,0,1,7
0x83a91d,75%,1,3,4,1,0,1,2
0x667133,99.4819%,1,192,193,192,1,0,0
0xa337ef,96%,1,24,25,0,0,1,24
0xa36aeb,90%,1,9,10,0,0,1,9
0x943592,98.6667%,1,74,75,0,0,1,74
0x821009,96.875%,1,31,32,0,0,1,31
0x9a1ede,99.5074%,1,202,203,0,0,1,202
0xa64c1d,83.3333%,1,5,6,0,0,1,5
0x96a258,50%,1,1,2,1,1,0,0
0x9432e5,98.6667%,1,74,75,74,1,0,0
0x9a1eb4,99.5074%,1,202,203,0,0,1,202
0x5fabec,0%,1,0,1,0,0,1,0
0x9a1ead,99.5074%,1,202,203,0,0,1,202
0x808f3a,94.1176%,1,16,17,0,0,1,16
0x5b2c3a,50%,1,1,2,0,0,1,1
0xa30c81,94.7368%,1,18,19,0,0,1,18
0xa36444,85.7143%,1,6,7,0,0,1,6
0x65ae8c,92.3077%,1,12,13,12,1,0,0
0x544d66,99%,1,99,100,0,0,1,99
0x9fcc57,85.7143%,1,6,7,0,0,1,6
0x4a6222,66.6667%,1,2,3,0,0,1,2
0x49a02a,93.75%,1,15,16,0,0,1,15
0x5b0472,97.9592%,1,48,49,1,1,0,47
0x942c59,98.6667%,1,74,75,74,1,0,0
0x9429b4,98.6667%,1,74,75,74,1,0,0
0x58ccbc,98.6667%,1,74,75,0,0,1,74
0x9a7de8,97.6744%,1,42,43,0,0,1,42
0x58d3ff,98.913%,1,91,92,0,0,1,91
0x7aeaee,95.2381%,1,20,21,0,0,1,20
0xad6c4a,50%,1,1,2,0,0,1,1
0x9032e6,91.6667%,1,11,12,11,1,0,0
0x8d24b3,50%,1,1,2,1,1,0,0
0x4a7c10,98.0392%,1,50,51,0,0,1,50
0x7b0088,90%,1,9,10,1,1,0,8
0x4b5f65,87.5%,1,7,8,4,0,1,3
0x4a854d,87.5%,1,7,8,0,0,1,7
0x4952a0,0%,1,0,1,0,1,0,0
0x4a2271,75%,1,3,4,0,0,1,3
0xa34850,99.8102%,1,526,527,0,0,1,526
0x9eb6ea,98.6111%,1,71,72,0,0,1,71
0x8a6b81,92.8571%,1,13,14,0,1,0,13
0x58c62a,0%,1,0,1,0,1,0,0
0x9a357a,95%,1,19,20,19,1,0,0
0xaa5b13,97.8723%,1,46,47,0,0,1,46
0xaa7ddb,97.8723%,1,46,47,0,0,1,46
0x8df3bf,95.8333%,1,23,24,7,1,0,16
0x9a345c,96.1538%,1,25,26,25,1,0,0
0xa379ca,90%,1,9,10,0,0,1,9
0x5550a5,75%,1,3,4,3,1,0,0
0xaa813f,80%,1,4,5,4,1,0,0
0xaa8165,80%,1,4,5,4,1,0,0
0xaa81af,80%,1,4,5,0,0,1,4
0xaa81fa,80%,1,4,5,4,1,0,0
0x6ec01e,0%,1,0,1,0,1,0,0
0x999f55,0%,1,0,1,0,1,0,0
0x608d8a,95.2381%,1,20,21,0,0,1,20
0x781837,83.3333%,1,5,6,0,0,1,5
0x8a65dd,94.1176%,1,16,17,16,1,0,0
0x8a656d,94.1176%,1,16,17,16,1,0,0
0x9f826f,0%,1,0,1,0,1,0,0
0xa5412f,99.8559%,1,693,694,693,1,0,0
0x60bdc3,95.2381%,1,20,21,20,1,0,0
0x4ad29c,95%,1,19,20,0,0,1,19
0x8a3116,50%,1,1,2,0,0,1,1
0x4ae883,95%,1,19,20,0,0,1,19
0x59fbd2,0%,1,0,1,0,1,0,0
0x4ae846,95%,1,19,20,0,0,1,19
0x619a58,95%,1,19,20,19,1,0,0
0x8f1052,97.5%,1,39,40,0,0,1,39
0x619a9a,93.3333%,1,14,15,0,0,1,14
0x6cec54,92.3077%,1,12,13,0,0,1,12
0x5ef9e2,0%,1,0,1,0,0,1,0
0x99a075,80%,1,4,5,4,1,0,0
0xa95fbd,87.5%,1,7,8,0,0,1,7
0x619d20,95%,1,19,20,0,0,1,19
0x666f27,75%,1,3,4,3,1,0,0
0x5f0b3d,50%,1,1,2,1,1,0,0
0x5908fa,95.4545%,1,21,22,1,1,0,20
0x638ed3,99.8172%,1,546,547,0,0,1,546
0x6229cb,90%,1,9,10,0,0,1,9
0xa662a0,96.2963%,1,26,27,26,1,0,0
0x4ad222,95%,1,19,20,0,0,1,19
0x7930e3,50%,1,1,2,1,1,0,0
0x8e5766,97.9167%,1,47,48,15,1,0,32
0x9a18ca,95.2381%,1,20,21,0,0,1,20
0x8a743a,99.6109%,1,256,257,0,0,1,256
0x9a1672,95%,1,19,20,0,0,1,19
0xa378f3,75%,1,3,4,0,0,1,3
0x78a600,50%,1,1,2,1,1,0,0
0x55232a,99.9509%,1,2036,2037,2036,1,0,0
0x5a884a,50%,1,1,2,1,1,0,0
0x8a6d75,50%,1,1,2,1,1,0,0
0x7cf542,87.5%,1,7,8,7,1,0,0
0xb17a53,99.8601%,1,714,715,0,0,1,714
0x7f3e7a,93.3333%,1,14,15,0,0,1,14
0x5ae653,75%,1,3,4,0,0,1,3
0xa35e51,92.8571%,1,13,14,0,0,1,13
0xa341fd,99.4118%,1,169,170,0,0,1,169
0x63f04f,50%,1,1,2,1,1,0,0
0x7ac79c,91.6667%,1,11,12,0,0,1,11
0x9a9d44,98.1481%,1,53,54,0,0,1,53
0x5b69e1,75%,1,3,4,3,1,0,0
0x5afefd,75%,1,3,4,3,1,0,0
0xa35e6e,92.8571%,1,13,14,1,1,0,12
0x5affdd,75%,1,3,4,3,1,0,0
0xa07982,0%,1,0,1,0,1,0,0
0x4914ce,99.3711%,1,158,159,158,0,1,0
0xa45779,75%,1,3,4,0,0,1,3
0xa9baa8,75%,1,3,4,3,1,0,0
0x8d3809,75%,1,3,4,0,0,1,3
0x8db6d8,99.8106%,1,527,528,49,1,0,478
0x99dc1a,93.3333%,1,14,15,0,0,1,14
0xa42fe0,75%,1,3,4,0,0,1,3
0x65ae1e,92.3077%,1,12,13,12,1,0,0
0x8e7e2e,99.6979%,1,330,331,0,0,1,330
0x7cf71e,92.8571%,1,13,14,0,0,1,13
0x8bccae,96.6667%,1,29,30,13,1,0,16
0xa05b9e,96.5517%,1,28,29,24,0,1,4
0x9d1c5a,66.6667%,1,2,3,0,0,1,2
0xa53ae7,50%,1,1,2,1,1,0,0
0x7cf6e4,92.8571%,1,13,14,0,0,1,13
0x492b0b,50%,1,1,2,1,1,0,0
0x9f4e69,99.5595%,1,226,227,226,1,0,0
0x444967,92.3077%,1,12,13,0,0,1,12
0xa30f28,99.4872%,1,194,195,0,0,1,194
0x5a8881,50%,1,1,2,1,1,0,0
0x65b020,92.3077%,1,12,13,12,1,0,0
0x5a893d,50%,1,1,2,1,1,0,0
0x88deb9,50%,1,1,2,1,1,0,0
0x88dee9,50%,1,1,2,1,1,0,0
0x959c9e,75%,1,3,4,0,0,1,3
0x59fa5e,0%,1,0,1,0,0,1,0
0x58bf68,0%,1,0,1,0,1,0,0
0x59fb55,0%,1,0,1,0,0,1,0
0xa919c3,99.8584%,1,705,706,0,0,1,705
0x50a2fc,75%,1,3,4,0,0,1,3
0x59fb84,0%,1,0,1,0,0,1,0
0x900fda,97.2973%,1,36,37,32,0,1,4
0xa95432,75%,1,3,4,0,0,1,3
0xa08ca9,75%,1,3,4,3,1,0,0
0x7c7be2,0%,1,0,1,0,0,1,0
0x74b96e,0%,1,0,1,0,1,0,0
0x84351d,0%,1,0,1,0,0,1,0
0x973e2e,91.6667%,1,11,12,0,0,1,11
0xa087a5,87.5%,1,7,8,0,0,1,7
0x5b0605,50%,1,1,2,1,1,0,0
0x64f2bd,50%,1,1,2,0,0,1,1
0x58bc94,98.4375%,1,63,64,0,0,1,63
0x4991ad,96.7742%,1,30,31,30,1,0,0
0x7c7410,93.75%,1,15,16,0,0,1,15
0x9a1cde,99.5074%,1,202,203,0,0,1,202
0x888607,50%,1,1,2,1,1,0,0
0xa47ccc,97.4359%,1,38,39,0,0,1,38
0x8bd829,95%,1,19,20,0,0,1,19
0x5a5e59,75%,1,3,4,3,1,0,0
0x7c6369,99.3865%,1,162,163,0,0,1,162
0x6389df,99.9169%,1,1203,1204,1203,1,0,0
0x78b6fa,91.6667%,1,11,12,11,1,0,0
0x78b694,91.6667%,1,11,12,0,0,1,11
0x9f59fe,98.6667%,1,74,75,0,0,1,74
0x5f37cb,80%,1,4,5,1,1,0,3
0x78ab81,98.6111%,1,71,72,0,0,1,71
0xa3685f,99.7706%,1,435,436,0,0,1,435
0xae6fe6,50%,1,1,2,0,0,1,1
0x9c382b,98.8372%,1,85,86,0,0,1,85
0xb1ae20,99.7691%,1,432,433,0,0,1,432
0x5a610a,75%,1,3,4,0,0,1,3
0x9a2305,93.3333%,1,14,15,0,0,1,14
0x8bd8ab,95%,1,19,20,1,1,0,18
0xa36459,99.2308%,1,129,130,0,0,1,129
0x5ae676,50%,1,1,2,0,0,1,1
0x6750c9,66.6667%,1,2,3,1,0,1,1
0x9e39bc,87.5%,1,7,8,0,0,1,7
0x9e0d91,96.4286%,1,27,28,4,1,0,23
0x5b2816,50%,1,1,2,0,0,1,1
0x5ae696,50%,1,1,2,1,1,0,0
0x49ec21,99.6894%,1,321,322,0,0,1,321
0x965fc4,98.7952%,1,82,83,0,0,1,82
0x590cc4,95.4545%,1,21,22,0,0,1,21
0x5020c2,98.7654%,1,80,81,0,0,1,80
0x590c7a,95%,1,19,20,0,0,1,19
0x49d290,0%,1,0,1,0,0,1,0
0x590a86,94.4444%,1,17,18,17,1,0,0
0xa99906,0%,1,0,1,0,1,0,0
0x951b52,88.8889%,1,8,9,8,1,0,0
0x59ed8b,87.5%,1,7,8,0,0,1,7
0x59ed9b,87.5%,1,7,8,0,0,1,7
0x4bfca4,93.75%,1,15,16,0,0,1,15
0xa31712,50%,1,1,2,1,1,0,0
0x9e5dd3,94.1176%,1,16,17,0,0,1,16
0xa27908,83.3333%,1,5,6,5,1,0,0
0x48c73f,98.2759%,1,57,58,0,0,1,57
0xa26bd1,83.3333%,1,5,6,1,1,0,4
0x40a00f,0%,1,0,1,0,0,1,0
0x973ebd,97.2222%,1,35,36,0,0,1,35
0x59edfc,87.5%,1,7,8,7,1,0,0
0xa2775c,75%,1,3,4,0,0,1,3
0xa26b62,96.1538%,1,25,26,11,0,1,14
0x59e702,75%,1,3,4,3,1,0,0
0x9530ac,90%,1,9,10,0,0,1,9
0x5e17c7,99.2481%,1,132,133,132,1,0,0
0xa366e2,99.3421%,1,151,152,0,0,1,151
0x9a254c,97.5%,1,39,40,39,1,0,0
0xa042a5,0%,1,0,1,0,0,1,0
0x59ec70,75%,1,3,4,0,0,1,3
0x590b55,83.3333%,1,5,6,0,0,1,5
0x9fdc0a,94.4444%,1,17,18,17,1,0,0
0x5fd8f6,99.8959%,1,960,961,0,0,1,960
0x7c719b,97.7273%,1,43,44,0,0,1,43
0x6ccffe,83.3333%,1,5,6,0,0,1,5
0x5a5e24,75%,1,3,4,0,0,1,3
0x9c3faa,99.7854%,1,465,466,465,1,0,0
0x5cfc58,91.6667%,1,11,12,0,0,1,11
0x5a5e3f,75%,1,3,4,0,0,1,3
0x48201f,75%,1,3,4,0,0,1,3
0xa065b9,96.7742%,1,30,31,30,1,0,0
0x9f95e8,98.1132%,1,52,53,52,1,0,0
0x481d41,50%,1,1,2,0,0,1,1
0x5efdfe,0%,1,0,1,0,1,0,0
0xa4671d,96.6667%,1,29,30,0,0,1,29
0x99d980,99.2126%,1,126,127,0,0,1,126
0x5efcfe,0%,1,0,1,0,1,0,0
0x487e70,50%,1,1,2,1,1,0,0
0xa58534,99.4475%,1,180,181,0,0,1,180
0x4c45a3,94.1176%,1,16,17,6,1,0,10
0x4c45a8,90%,1,9,10,9,1,0,0
0x808ed3,50%,1,1,2,0,0,1,1
0xa44642,98.0769%,1,51,52,51,1,0,0
0x4822b6,88.8889%,1,8,9,8,1,0,0
0xa441c9,98.0769%,1,51,52,51,1,0,0
0x481d5b,50%,1,1,2,1,1,0,0
0x481e6b,88.8889%,1,8,9,8,1,0,0
0x7ac7a5,91.6667%,1,11,12,11,1,0,0
0xa43be1,99.6441%,1,280,281,0,0,1,280
0xa592b5,90%,1,9,10,9,1,0,0
0x780b86,75%,1,3,4,0,0,1,3
0x481c64,88.8889%,1,8,9,8,0,1,0
0x7b5dde,75%,1,3,4,3,1,0,0
0x5efb8c,91.6667%,1,11,12,0,0,1,11
0x5efb62,92.3077%,1,12,13,12,0,1,0
0x8ff58f,50%,1,1,2,1,0,1,0
0xa4400c,98.4375%,1,63,64,0,0,1,63
0x481c2b,88.8889%,1,8,9,0,0,1,8
0xa47e68,97.1429%,1,34,35,0,0,1,34
0x48067e,88.8889%,1,8,9,8,1,0,0
0x480672,88.8889%,1,8,9,0,0,1,8
0x5f4e99,0%,1,0,1,0,1,0,0
0x5f510e,50%,1,1,2,1,0,1,0
0xa41513,96%,1,24,25,0,0,1,24
0x4b61c4,95.2381%,1,20,21,0,0,1,20
0x4c68ad,95%,1,19,20,11,1,0,8
0x5f4c98,0%,1,0,1,0,0,1,0
0x6923cb,91.6667%,1,11,12,11,1,0,0
0xa41206,96%,1,24,25,0,0,1,24
0x5f4c81,50%,1,1,2,0,0,1,1
0x4bb491,98.0769%,1,51,52,0,0,1,51
0x592e73,50%,1,1,2,0,0,1,1
0x5f5013,50%,1,1,2,1,1,0,0
0x5f4ed6,0%,1,0,1,0,1,0,0
0x5f4eb8,0%,1,0,1,0,1,0,0
0x9e1a44,93.75%,1,15,16,0,0,1,15
0x4bb69a,98.0769%,1,51,52,51,1,0,0
0x48061c,88.8889%,1,8,9,8,1,0,0
0x5f4e72,0%,1,0,1,0,1,0,0
0x5f4e55,0%,1,0,1,0,1,0,0
0x4c802b,98.5507%,1,68,69,0,0,1,68
0xaaaadd,0%,1,0,1,0,1,0,0
0xaaaa66,0%,1,0,1,0,0,1,0
0x956369,0%,1,0,1,0,0,1,0
0x95607e,0%,1,0,1,0,0,1,0
0x95603a,0%,1,0,1,0,0,1,0
0x956009,0%,1,0,1,0,1,0,0
0x495ac3,0%,1,0,1,0,0,1,0
0x495aba,0%,1,0,1,0,0,1,0
0x7cd1ae,91.6667%,1,11,12,3,1,0,8
0x945c5b,98.4615%,1,64,65,0,0,1,64
0x4bf2dd,97.1429%,1,34,35,4,1,0,30
0x7d4460,50%,1,1,2,0,0,1,1
0x5ef9ab,94.1176%,1,16,17,16,1,0,0
0x9e2727,99.3421%,1,151,152,0,0,1,151
0x5b283b,50%,1,1,2,0,0,1,1
0x5b4a7b,50%,1,1,2,1,1,0,0
0x9edacd,85.7143%,1,6,7,6,1,0,0
0xa58d39,98.9583%,1,95,96,0,0,1,95
0x5b4a31,50%,1,1,2,0,0,1,1
0x4b835e,88.8889%,1,8,9,8,1,0,0
0x5b49c7,50%,1,1,2,0,0,1,1
0x5b1be3,50%,1,1,2,1,1,0,0
0x5b1bd5,50%,1,1,2,0,0,1,1
0x490cbe,94.1176%,1,16,17,0,0,1,16
0x490c06,83.3333%,1,5,6,0,0,1,5
0x490bfc,83.3333%,1,5,6,0,0,1,5
0x959ede,75%,1,3,4,3,1,0,0
0x49bf16,83.3333%,1,5,6,0,0,1,5
0xa59fbb,66.6667%,1,2,3,2,1,0,0
0x4b856a,90.9091%,1,10,11,10,1,0,0
0xa46ad5,98.2143%,1,55,56,55,1,0,0
0x6ed6d0,0%,1,0,1,0,0,1,0
0x5afd0d,96%,1,24,25,0,0,1,24
0x4beea5,98.2759%,1,57,58,0,0,1,57
0xa91b96,99.2701%,1,136,137,136,1,0,0
0x9d1b2b,91.6667%,1,11,12,6,0,1,5
0x4b868d,90.9091%,1,10,11,10,1,0,0
0x54d0a4,66.6667%,1,2,3,0,0,1,2
0xa466b7,98.9011%,1,90,91,0,0,1,90
0x9eca28,99.3421%,1,151,152,0,0,1,151
0x5b1c0d,50%,1,1,2,1,1,0,0
0x493f70,50%,1,1,2,1,1,0,0
0x88df71,83.3333%,1,5,6,0,0,1,5
0x647a2a,91.6667%,1,11,12,11,1,0,0
0x9c4d65,80%,1,4,5,4,1,0,0
0x4b730a,90.9091%,1,10,11,9,0,1,1
0x88e0b0,83.3333%,1,5,6,5,1,0,0
0x78a3a2,66.6667%,1,2,3,2,0,1,0
0x4a9f2a,66.6667%,1,2,3,2,1,0,0
0x88dfbd,83.3333%,1,5,6,0,0,1,5
0x5f78e1,75%,1,3,4,0,0,1,3
0x8d4182,98.5915%,1,70,71,0,0,1,70
0x4bd796,96.2963%,1,26,27,0,0,1,26
0xa47c3e,97.4359%,1,38,39,0,0,1,38
0x4bdfad,92.3077%,1,12,13,1,1,0,11
0xa34864,99.8102%,1,526,527,0,0,1,526
0x485cf4,66.6667%,1,2,3,0,0,1,2
0x88df84,83.3333%,1,5,6,5,1,0,0
0xa4e902,99.375%,1,159,160,0,0,1,159
0x64f2fc,75%,1,3,4,0,0,1,3
0xa47734,97.619%,1,41,42,0,0,1,41
0x58bddf,99.3289%,1,148,149,0,0,1,148
0xaa25e1,96.1538%,1,25,26,3,1,0,22
0x5a9693,80%,1,4,5,0,0,1,4
0xae7000,50%,1,1,2,0,0,1,1
0xae6fb5,50%,1,1,2,1,1,0,0
0x58e058,50%,1,1,2,1,1,0,0
0x9d2688,97.3684%,1,37,38,9,1,0,28
0x58e044,50%,1,1,2,0,0,1,1
0x58dd9f,50%,1,1,2,1,1,0,0
0x58dd91,50%,1,1,2,0,0,1,1
0x4022f2,98.1818%,1,54,55,0,1,0,54
0x58ee48,50%,1,1,2,1,1,0,0
0x540732,50%,1,1,2,0,0,1,1
0x4c0015,95.8333%,1,23,24,0,0,1,23
0x4c2592,99.4048%,1,167,168,167,1,0,0
0xa9d3bf,87.5%,1,7,8,7,1,0,0
0x95a7a2,75%,1,3,4,0,0,1,3
0x60b060,98%,1,49,50,49,1,0,0
0xb2add5,99.9037%,1,1037,1038,0,0,1,1037
0x4b9526,50%,1,1,2,1,1,0,0
0x95a783,75%,1,3,4,3,1,0,0
0x4c3ca7,99.4048%,1,167,168,0,0,1,167
0x4b68e2,97.9592%,1,48,49,0,0,1,48
0x8d24fa,98.7805%,1,81,82,0,0,1,81
0x8d2483,98.8095%,1,83,84,0,0,1,83
0x50319b,50%,1,1,2,1,1,0,0
0x4b6ec3,96.7742%,1,30,31,0,0,1,30
0xa9d00d,50%,1,1,2,0,0,1,1
0x670a52,94.7368%,1,18,19,18,1,0,0
0xa06f1d,88.8889%,1,8,9,8,1,0,0
0x844427,99.7845%,1,463,464,0,0,1,463
0x8443e6,75%,1,3,4,1,1,0,2
0xa9d13b,50%,1,1,2,1,1,0,0
0xa2d665,99.4845%,1,193,194,0,0,1,193
0x48ed7a,96%,1,24,25,24,1,0,0
0xa06ea6,97.3684%,1,37,38,12,1,0,25
0x99f742,92.3077%,1,12,13,12,1,0,0
0x4997b7,96.1538%,1,25,26,25,1,0,0
0x8a6549,85.7143%,1,6,7,6,1,0,0
0x59f920,50%,1,1,2,0,0,1,1
0x606d40,87.5%,1,7,8,7,1,0,0
0x48ecfb,98.2456%,1,56,57,0,0,1,56
0xa45de9,98.0769%,1,51,52,51,1,0,0
0x50454a,99.8649%,1,739,740,0,0,1,739
0x8dec67,83.3333%,1,5,6,0,0,1,5
0xa5928c,90%,1,9,10,0,0,1,9
0x5037b2,99.6689%,1,301,302,0,0,1,301
0x7b3085,97.2222%,1,35,36,0,0,1,35
0x507105,99.8258%,1,573,574,573,1,0,0
0xa9d733,95%,1,19,20,19,1,0,0
0xa43ab9,99.2366%,1,130,131,0,0,1,130
0x506fc3,99.8649%,1,739,740,0,0,1,739
0x7b71ca,96.875%,1,31,32,31,1,0,0
0x50650d,99.3902%,1,163,164,163,1,0,0
0x4b64e0,97.9592%,1,48,49,0,0,1,48
0x4416ee,90.9091%,1,10,11,0,0,1,10
0x501642,99.9299%,1,1425,1426,0,0,1,1425
0x50cb30,99.7685%,1,431,432,431,1,0,0
0xa9f076,50%,1,1,2,1,1,0,0
0xa45dcb,98.0769%,1,51,52,0,0,1,51
0x509542,99.841%,1,628,629,0,0,1,628
0xa9f0a3,50%,1,1,2,1,1,0,0
0xa2e08c,99.5984%,1,248,249,0,0,1,248
0x5df36e,96.9697%,1,32,33,0,0,1,32
0x638da8,99.8172%,1,546,547,546,1,0,0
0x502147,99.2958%,1,141,142,0,0,1,141
0x606ea1,90%,1,9,10,0,0,1,9
0xa2dbe7,75%,1,3,4,0,0,1,3
0x5f8dbb,0%,1,0,1,0,0,1,0
0x404e98,97.3684%,1,37,38,1,1,0,36
0x9f3ffc,99.1228%,1,113,114,0,0,1,113
0xa1afe6,90.9091%,1,10,11,10,1,0,0
0x405eaf,99.4382%,1,177,178,0,0,1,177
0x49d0ee,50%,1,1,2,0,0,1,1
0x48c65f,50%,1,1,2,1,1,0,0
0x782723,90%,1,9,10,0,0,1,9
0x5f0640,99.0476%,1,104,105,104,1,0,0
0x9a1db5,99.2063%,1,125,126,0,0,1,125
0x5f0f75,97.0588%,1,33,34,0,0,1,33
0x5f0cb6,97.0588%,1,33,34,0,0,1,33
0x4414d7,98.2456%,1,56,57,45,1,0,11
0xa17feb,99.8333%,1,599,600,0,0,1,599
0x58f9ce,50%,1,1,2,0,0,1,1
0x7e2c0f,50%,1,1,2,1,1,0,0
0x494b82,50%,1,1,2,1,1,0,0
0x9f113c,97.2222%,1,35,36,30,1,0,5
0x4b98a3,96.2963%,1,26,27,1,1,0,25
0xa47a48,88.8889%,1,8,9,8,1,0,0
0xa415bb,87.5%,1,7,8,7,1,0,0
0x4bd732,83.3333%,1,5,6,0,0,1,5
0x5f0ac4,66.6667%,1,2,3,2,0,1,0
0x8e278e,99.9814%,1,5381,5382,0,0,1,5381
0xa41255,87.5%,1,7,8,7,1,0,0
0x48c7ed,50%,1,1,2,1,1,0,0
0xaa8feb,95.6522%,1,22,23,22,1,0,0
0xa48061,94.4444%,1,17,18,17,1,0,0
0xaa2f18,99.0196%,1,101,102,0,0,1,101
0x48bc60,0%,1,0,1,0,1,0,0
0x8fe8e9,0%,1,0,1,0,0,1,0
0x4c2313,93.75%,1,15,16,7,1,0,8
0xa59194,99.1597%,1,118,119,0,0,1,118
0xa959c2,75%,1,3,4,0,0,1,3
0xa47aa2,94.7368%,1,18,19,18,1,0,0
0xa4776a,94.7368%,1,18,19,18,1,0,0
0x54d464,83.3333%,1,5,6,0,0,1,5
0x9e0539,98.2759%,1,57,58,0,0,1,57
0x48f8ae,83.3333%,1,5,6,0,0,1,5
0x4c044c,98.8372%,1,85,86,0,0,1,85
0x48df03,97.561%,1,40,41,0,0,1,40
0x9abe1e,99.4444%,1,179,180,0,0,1,179
0xa583c9,99.187%,1,122,123,0,0,1,122
0x48de73,99.1071%,1,111,112,0,0,1,111
0x980b6b,66.6667%,1,2,3,2,1,0,0
0x5efa94,66.6667%,1,2,3,2,1,0,0
0xaada59,99.6078%,1,254,255,0,0,1,254
0x4c0489,98.8372%,1,85,86,0,0,1,85
0x4ab211,80%,1,4,5,4,1,0,0
0x4c0511,98.8372%,1,85,86,85,1,0,0
0x8f1dac,87.5%,1,7,8,0,0,1,7
0x4c056a,96.7742%,1,30,31,30,1,0,0
0x4c660a,50%,1,1,2,1,1,0,0
0x493f54,50%,1,1,2,0,0,1,1
0x5f11a7,85.7143%,1,6,7,6,1,0,0
0x5f0591,83.3333%,1,5,6,0,1,0,5
0x9e2cca,92.3077%,1,12,13,0,0,1,12
0x7dff1e,88.8889%,1,8,9,0,1,0,8
0x8f6429,99.4505%,1,181,182,0,0,1,181
0x7e055d,88.8889%,1,8,9,0,0,1,8
0x9ee28c,94.4444%,1,17,18,17,1,0,0
0x7e053c,88.8889%,1,8,9,0,0,1,8
0xa95dab,93.75%,1,15,16,15,1,0,0
0x7e0496,90.9091%,1,10,11,10,1,0,0
0x903329,91.6667%,1,11,12,0,0,1,11
0xa57b23,97.561%,1,40,41,1,1,0,39
0xa47b0f,80%,1,4,5,4,1,0,0
0x7e0476,91.6667%,1,11,12,0,1,0,11
0x4bf1a5,93.3333%,1,14,15,14,1,0,0
0x4816e7,94.7368%,1,18,19,18,1,0,0
0xa41e38,99.9206%,1,1259,1260,1259,1,0,0
0x481693,97.3684%,1,37,38,0,0,1,37
0xa494f4,99.8024%,1,505,506,505,1,0,0
0x4c5c78,87.5%,1,7,8,0,0,1,7
0x4bf137,93.3333%,1,14,15,14,1,0,0
0x9fb5ab,99.5495%,1,221,222,221,1,0,0
0x4812ac,94.7368%,1,18,19,0,0,1,18
0x480f53,94.7368%,1,18,19,0,0,1,18
0x48deee,97.561%,1,40,41,0,0,1,40
0x4876c2,66.6667%,1,2,3,2,1,0,0
0xa9325a,99.5575%,1,225,226,0,1,0,225
0x4807a7,94.7368%,1,18,19,0,0,1,18
0x4806dc,97.3684%,1,37,38,37,1,0,0
0x80d992,99.0566%,1,105,106,0,0,1,105
0x59f2dd,75%,1,3,4,1,1,0,2
0x5f90f7,50%,1,1,2,0,0,1,1
0xa4549e,99.8549%,1,688,689,688,1,0,0
0xa26050,99.7925%,1,481,482,0,0,1,481
0xa58447,90%,1,9,10,0,0,1,9
0xa98655,50%,1,1,2,1,1,0,0
0x9a92aa,99.6%,1,249,250,0,0,1,249
0x5f8d76,0%,1,0,1,0,0,1,0
0xa59f9c,66.6667%,1,2,3,0,0,1,2
0xa5a113,50%,1,1,2,0,0,1,1
0x4800c5,94.7368%,1,18,19,0,0,1,18
0x480089,94.7368%,1,18,19,18,1,0,0
0x4c44ed,92.8571%,1,13,14,0,0,1,13
0x4c70b8,96%,1,24,25,6,1,0,18
0x96b201,97.3684%,1,37,38,5,1,0,32
0x7d1c8b,0%,1,0,1,0,1,0,0
0x83259e,0%,1,0,1,0,0,1,0
0x7e11d6,0%,1,0,1,0,0,1,0
0xa468eb,93.75%,1,15,16,15,1,0,0
0xa538bc,85.7143%,1,6,7,0,0,1,6
0x832596,0%,1,0,1,0,0,1,0
0x5b8de8,75%,1,3,4,3,1,0,0
0x5b8de0,75%,1,3,4,0,0,1,3
0x4bc52b,97.7273%,1,43,44,43,1,0,0
0x5b8d28,87.5%,1,7,8,0,0,1,7
0x8c8b05,98.75%,1,79,80,79,1,0,0
0x5b22f1,83.3333%,1,5,6,5,1,0,0
0x4832bb,96.5517%,1,28,29,0,0,1,28
0x483285,96.5517%,1,28,29,28,1,0,0
0x4c7631,75%,1,3,4,3,1,0,0
0xa5d15a,96%,1,24,25,0,0,1,24
0x5f4d45,50%,1,1,2,1,1,0,0
0x9488bc,97.4359%,1,38,39,0,0,1,38
0x9488dd,95.4545%,1,21,22,0,0,1,21
0x4b9c11,96.5517%,1,28,29,1,1,0,27
0x4c7f1a,75%,1,3,4,0,0,1,3
0x58bd04,98.7805%,1,81,82,81,1,0,0
0xa459d9,94.4444%,1,17,18,17,1,0,0
0xa4589f,97.561%,1,40,41,0,0,1,40
0x9e7ded,75%,1,3,4,0,0,1,3
0x58bc99,98.4375%,1,63,64,0,0,1,63
0x5a5db2,75%,1,3,4,3,1,0,0
0xa5b2b9,66.6667%,1,2,3,0,0,1,2
0xa4523e,99.6835%,1,315,316,0,0,1,315
0x94edf5,96.6667%,1,29,30,0,0,1,29
0x4817e5,97.3684%,1,37,38,0,0,1,37
0x5fc7c4,50%,1,1,2,0,0,1,1
0x8ecf44,95.4545%,1,21,22,0,0,1,21
0x781703,96.9697%,1,32,33,32,1,0,0
0x5b5297,94.4444%,1,17,18,12,1,0,5
0x4c1e10,95.8333%,1,23,24,23,1,0,0
0x5b304d,75%,1,3,4,0,0,1,3
0x90298b,97.9167%,1,47,48,47,1,0,0
0x8d48c5,50%,1,1,2,1,1,0,0
0x7bdd31,75%,1,3,4,0,0,1,3
0x977b11,85.7143%,1,6,7,0,0,1,6
0x5b40ac,96.7742%,1,30,31,30,1,0,0
0x490f38,97.561%,1,40,41,0,0,1,40
0x490f2e,97.561%,1,40,41,0,0,1,40
0xa32923,66.6667%,1,2,3,0,1,0,2
0x4bca89,75%,1,3,4,3,1,0,0
0x490e4f,88.8889%,1,8,9,8,1,0,0
0x4bfec1,96.9697%,1,32,33,30,0,1,2
0x50bb54,99.7955%,1,488,489,488,1,0,0
0x490ce0,88.8889%,1,8,9,0,0,1,8
0x4bcaf3,91.6667%,1,11,12,11,1,0,0
0x54d2b8,83.3333%,1,5,6,5,1,0,0
0xa52767,75%,1,3,4,3,1,0,0
0x4b9c2f,98.5915%,1,70,71,70,1,0,0
0x785847,50%,1,1,2,1,1,0,0
0x4c67ea,91.6667%,1,11,12,0,0,1,11
0x54db46,97.4359%,1,38,39,0,0,1,38
0xaef6da,87.5%,1,7,8,7,1,0,0
0x945fd6,94.7368%,1,18,19,0,0,1,18
0x8107d1,83.3333%,1,5,6,5,1,0,0
0xa51bec,97.5%,1,39,40,0,0,1,39
0x88e50a,97.4359%,1,38,39,38,1,0,0
0xa07e4d,50%,1,1,2,0,1,0,1
0x4c7138,0%,1,0,1,0,1,0,0
0x4c7204,94.4444%,1,17,18,17,1,0,0
0x4fdd8c,98.7805%,1,81,82,81,1,0,0
0xa3443f,97.9592%,1,48,49,0,0,1,48
0xaae695,97.8723%,1,46,47,0,0,1,46
0x618893,98.7654%,1,80,81,0,0,1,80
0xa44cf9,75%,1,3,4,0,0,1,3
0x9a683f,99.3197%,1,146,147,0,0,1,146
0x495df4,94.7368%,1,18,19,0,1,0,18
0x495ddc,94.7368%,1,18,19,0,0,1,18
0xa2d3ec,75%,1,3,4,0,0,1,3
0xa2b351,50%,1,1,2,0,0,1,1
0x495a10,94.4444%,1,17,18,0,0,1,17
0x4959de,94.7368%,1,18,19,18,1,0,0
0xa5a151,87.5%,1,7,8,0,0,1,7
0x8325e0,0%,1,0,1,0,0,1,0
0x99ed46,93.3333%,1,14,15,1,1,0,13
0x54ff23,94.1176%,1,16,17,0,0,1,16
0x4c736a,94.4444%,1,17,18,0,0,1,17
0xa2b2e0,50%,1,1,2,0,0,1,1
0x94f0b9,0%,1,0,1,0,1,0,0
0x94cf9d,97.8723%,1,46,47,0,0,1,46
0x978003,99.2806%,1,138,139,0,0,1,138
0x94b663,98.7342%,1,78,79,78,1,0,0
0x9b8fae,98.7952%,1,82,83,0,0,1,82
0x98506a,91.6667%,1,11,12,3,1,0,8
0x94b568,98.7342%,1,78,79,78,1,0,0
0xa4bcaa,75%,1,3,4,3,1,0,0
0x4c491b,50%,1,1,2,1,1,0,0
0x949890,98.7342%,1,78,79,0,0,1,78
0xa59cb6,94.4444%,1,17,18,0,0,1,17
0xa481fc,98.3333%,1,59,60,0,0,1,59
0x4bc17d,99.1071%,1,111,112,111,1,0,0
0x5d8da1,90%,1,9,10,9,1,0,0
0x4c5629,95.8333%,1,23,24,0,0,1,23
0x7ad43c,94.7368%,1,18,19,0,0,1,18
0x4c563e,95.8333%,1,23,24,0,0,1,23
0x4c59cb,98.1818%,1,54,55,31,0,1,23
0x88a0bb,95.4545%,1,21,22,21,1,0,0
0x88a0b7,95.4545%,1,21,22,0,0,1,21
0x889f80,94.1176%,1,16,17,0,0,1,16
0x8878b9,0%,1,0,1,0,0,1,0
0x887743,0%,1,0,1,0,1,0,0
0x9e60ee,85.7143%,1,6,7,6,1,0,0
0x8875e3,80%,1,4,5,1,0,1,3
0x5b61b3,0%,1,0,1,0,0,1,0
0x972f26,83.3333%,1,5,6,0,0,1,5
0x5b6142,0%,1,0,1,0,1,0,0
0x4c5a16,95.2381%,1,20,21,20,1,0,0
0x5b60cf,0%,1,0,1,0,1,0,0
0xa3d19d,87.5%,1,7,8,0,0,1,7
0xa08e71,97.7778%,1,44,45,0,0,1,44
0x5b6093,0%,1,0,1,0,1,0,0
0x5b4b37,0%,1,0,1,0,1,0,0
0x7d340d,91.6667%,1,11,12,3,1,0,8
0x5b4ae5,0%,1,0,1,0,1,0,0
0x496199,91.6667%,1,11,12,0,0,1,11
0x4c8ac0,99.2481%,1,132,133,0,0,1,132
0x4bf4e7,97.3684%,1,37,38,0,0,1,37
0x496165,66.6667%,1,2,3,2,1,0,0
0x49614e,66.6667%,1,2,3,0,0,1,2
0x5a02ab,80%,1,4,5,4,1,0,0
0x592d48,94.4444%,1,17,18,17,1,0,0
0x7c7708,75%,1,3,4,0,0,1,3
0x4b3973,75%,1,3,4,3,1,0,0
0xa48530,98.2143%,1,55,56,0,0,1,55
0x4c208b,99.3711%,1,158,159,0,0,1,158
0x4c20f9,99.3711%,1,158,159,0,0,1,158
0x90c917,99.9527%,1,2113,2114,2113,1,0,0
0xa04b9d,97.619%,1,41,42,0,0,1,41
0x80faca,50%,1,1,2,0,0,1,1
0x4beec1,96.9697%,1,32,33,0,0,1,32
0x5a964f,66.6667%,1,2,3,2,1,0,0
0xa94252,50%,1,1,2,0,0,1,1
0x6cfc46,75%,1,3,4,3,1,0,0
0x5a0349,80%,1,4,5,0,0,1,4
0x7d2dd2,92.8571%,1,13,14,13,1,0,0
0x496133,66.6667%,1,2,3,0,0,1,2
0x5a0161,80%,1,4,5,4,1,0,0
0xa482aa,91.6667%,1,11,12,11,1,0,0
0xa48294,91.6667%,1,11,12,0,0,1,11
0x4c067a,97.619%,1,41,42,41,1,0,0
0x499724,98.6486%,1,73,74,73,1,0,0
0x781531,88.8889%,1,8,9,0,0,1,8
0xa28148,66.6667%,1,2,3,2,1,0,0
0x54d101,94.1176%,1,16,17,16,1,0,0
0x4bb8d2,98.2143%,1,55,56,0,0,1,55
0x49439f,94.1176%,1,16,17,0,0,1,16
0xa438b7,91.6667%,1,11,12,11,1,0,0
0xa3d1e4,87.5%,1,7,8,7,1,0,0
0x5b5e48,80%,1,4,5,0,0,1,4
0x88a17d,95.4545%,1,21,22,0,0,1,21
0x5addfa,96.2963%,1,26,27,0,0,1,26
0xa48abc,99.4012%,1,166,167,0,0,1,166
0x4c00cb,50%,1,1,2,1,1,0,0
0xa5ace5,95.2381%,1,20,21,0,0,1,20
0x5fdcb7,0%,1,0,1,0,1,0,0
0xad0196,50%,1,1,2,1,1,0,0
0xb49918,50%,1,1,2,0,0,1,1
0xad6c4f,50%,1,1,2,0,0,1,1
0x4c649f,96.4286%,1,27,28,0,0,1,27
0xa723b2,75%,1,3,4,0,0,1,3
0xad0647,50%,1,1,2,0,0,1,1
0xa487c6,99.4382%,1,177,178,177,1,0,0
0xa5aced,95.2381%,1,20,21,20,1,0,0
0x78abd3,85.7143%,1,6,7,3,1,0,3
0x99f67e,99.0196%,1,101,102,0,0,1,101
0x668117,99.5833%,1,239,240,239,1,0,0
0x50ee0f,99.2701%,1,136,137,0,0,1,136
0x5adc66,96.2963%,1,26,27,26,1,0,0
0x4857ff,93.3333%,1,14,15,14,1,0,0
0xa5af16,50%,1,1,2,0,0,1,1
0x5b8fc9,75%,1,3,4,3,1,0,0
0x4c6730,96.1538%,1,25,26,3,1,0,22
0x9ebf46,98.3607%,1,60,61,60,1,0,0
0x4bee93,98.2759%,1,57,58,0,0,1,57
0x58dbc0,0%,1,0,1,0,1,0,0
0x991c64,90%,1,9,10,9,1,0,0
0xacce85,0%,1,0,1,0,1,0,0
0xa496e3,97.619%,1,41,42,41,1,0,0
0xacce59,0%,1,0,1,0,1,0,0
0xaccdfe,0%,1,0,1,0,1,0,0
0xaccdf0,0%,1,0,1,0,0,1,0
0x482be7,94.7368%,1,18,19,18,1,0,0
0x496107,91.6667%,1,11,12,0,0,1,11
0x4c0247,98.5294%,1,67,68,0,0,1,67
0x5af78f,50%,1,1,2,0,0,1,1
0x9f86a6,90.9091%,1,10,11,10,1,0,0
0x901639,98.6111%,1,71,72,0,0,1,71
0x402246,99.9415%,1,1709,1710,0,0,1,1709
0x58c6e4,92.8571%,1,13,14,13,1,0,0
0xa5ab65,85.7143%,1,6,7,0,0,1,6
0x4c5eae,97.6744%,1,42,43,0,0,1,42
0x4c5eba,97.6744%,1,42,43,0,0,1,42
0x491f9f,0%,1,0,1,0,0,1,0
0x59c432,95.6522%,1,22,23,0,0,1,22
0x5b230b,99.5833%,1,239,240,0,0,1,239
0x8fe419,99.1667%,1,119,120,1,1,0,118
0x4021c1,99.9494%,1,1975,1976,0,0,1,1975
0x7b2fc8,97.7273%,1,43,44,1,1,0,42
0x44194e,90.9091%,1,10,11,0,0,1,10
0x482863,50%,1,1,2,0,0,1,1
0xa41e16,99.84%,1,624,625,624,1,0,0
0x4ad248,95%,1,19,20,0,0,1,19
0x482710,94.7368%,1,18,19,18,1,0,0
0x483c63,94.7368%,1,18,19,18,1,0,0
0x483c58,94.7368%,1,18,19,18,1,0,0
0x5914e5,94.7368%,1,18,19,18,1,0,0
0x78b6d2,91.6667%,1,11,12,0,0,1,11
0x78b674,91.6667%,1,11,12,0,0,1,11
0xa48b7e,99.4012%,1,166,167,0,0,1,166
0xa48b5f,99.4012%,1,166,167,0,0,1,166
0x780872,94.4444%,1,17,18,0,0,1,17
0xacfb3e,95.2381%,1,20,21,20,1,0,0
0xa9494e,95.8333%,1,23,24,23,1,0,0
0x643a17,95.8333%,1,23,24,0,0,1,23
0x83aa6e,75%,1,3,4,2,1,0,1
0x83aa54,75%,1,3,4,3,1,0,0
0x8436f7,91.6667%,1,11,12,3,1,0,8
0x5fefe4,75%,1,3,4,0,0,1,3
0x441717,90.9091%,1,10,11,0,0,1,10
0x65a0ed,99.0991%,1,110,111,0,0,1,110
0x843542,75%,1,3,4,0,1,0,3
0x675493,50%,1,1,2,1,0,1,0
0x5c46ad,94.7368%,1,18,19,0,0,1,18
0x505357,95%,1,19,20,19,1,0,0
0x7911ef,95.4545%,1,21,22,21,1,0,0
0x503364,97.561%,1,40,41,1,1,0,39
0x50eebb,98.7952%,1,82,83,0,0,1,82
0x5ff016,97.5%,1,39,40,39,1,0,0
0x5ffaf2,97.8261%,1,45,46,0,0,1,45
0xa9492c,95.8333%,1,23,24,0,0,1,23
0x671000,50%,1,1,2,1,1,0,0
0x60024a,95.6522%,1,22,23,0,0,1,22
0x5fb892,98.1818%,1,54,55,0,0,1,54
0x9bd527,75%,1,3,4,0,0,1,3
0xa94241,50%,1,1,2,0,0,1,1
0x5fb70b,98.1818%,1,54,55,0,0,1,54
0xa9a208,93.3333%,1,14,15,14,1,0,0
0xa94a8b,98.6842%,1,75,76,75,1,0,0
0x803d4a,50%,1,1,2,1,1,0,0
0x5fb631,50%,1,1,2,0,0,1,1
0x5fb29f,83.3333%,1,5,6,5,1,0,0
0x5fb18e,96.9697%,1,32,33,32,1,0,0
0x48a79d,99.9133%,1,1153,1154,0,0,1,1153
0x4a2043,75%,1,3,4,3,1,0,0
0x833850,50%,1,1,2,0,0,1,1
0xa96f4e,93.3333%,1,14,15,0,0,1,14
0x5ffd94,99.2754%,1,137,138,137,1,0,0
0x833751,50%,1,1,2,0,0,1,1
0x906693,99.0909%,1,109,110,0,0,1,109
0x90664f,99.0909%,1,109,110,109,1,0,0
0xa0755f,80%,1,4,5,3,1,0,1
0x8434e4,83.3333%,1,5,6,5,0,1,0
0x904a59,99.6678%,1,300,301,300,1,0,0
0x6114f6,96.7742%,1,30,31,30,1,0,0
0x904a3f,99.6678%,1,300,301,300,1,0,0
0x8435f4,75%,1,3,4,0,0,1,3
0xa5f33a,75%,1,3,4,3,1,0,0
0x610311,96.9697%,1,32,33,0,0,1,32
0x4be7d7,96.2963%,1,26,27,0,0,1,26
0x50ef3f,94.7368%,1,18,19,11,0,1,7
0x4a2177,91.6667%,1,11,12,3,1,0,8
0x905cee,99.2188%,1,127,128,0,0,1,127
0x906799,99.1935%,1,123,124,0,0,1,123
0x610216,96.9697%,1,32,33,0,0,1,32
0xa98d84,80%,1,4,5,3,0,1,1
0xa992c9,66.6667%,1,2,3,0,0,1,2
0xa992df,66.6667%,1,2,3,2,1,0,0
0xa993e7,66.6667%,1,2,3,0,0,1,2
0x904863,99.4595%,1,184,185,184,1,0,0
0x402e1e,75%,1,3,4,3,1,0,0
0x5ffbd0,97.8261%,1,45,46,0,0,1,45
0x402df7,75%,1,3,4,3,1,0,0
0xa993f1,66.6667%,1,2,3,0,0,1,2
0x5456ff,99.9049%,1,1051,1052,1051,1,0,0
0x503557,50%,1,1,2,0,0,1,1
0x5ff970,98.913%,1,91,92,0,0,1,91
0x503449,50%,1,1,2,0,0,1,1
0x50f0e9,98.8636%,1,87,88,0,0,1,87
0x90427f,99.7561%,1,409,410,409,1,0,0
0x903df2,98.0769%,1,51,52,0,0,1,51
0x4a653a,66.6667%,1,2,3,0,0,1,2
0x503491,50%,1,1,2,1,1,0,0
0xa9c98d,97.2222%,1,35,36,1,1,0,34
0x5ff1d7,99.7382%,1,381,382,0,0,1,381
0x5fec02,98.3871%,1,61,62,61,1,0,0
0x4b9acb,75%,1,3,4,0,0,1,3
0x492822,0%,1,0,1,0,1,0,0
0x5034b2,50%,1,1,2,0,0,1,1
0x5fd55f,87.5%,1,7,8,0,0,1,7
0x5034dc,50%,1,1,2,0,0,1,1
0x50f123,50%,1,1,2,0,0,1,1
0x53e3e0,50%,1,1,2,0,1,0,1
0xa9db7b,97.9167%,1,47,48,47,1,0,0
0xa92f79,85.7143%,1,6,7,6,1,0,0
0x977f79,99.2481%,1,132,133,0,0,1,132
0x8bcc73,93.3333%,1,14,15,14,1,0,0
0x50fee6,50%,1,1,2,0,0,1,1
0xa96c22,66.6667%,1,2,3,2,1,0,0
0xa9816b,66.6667%,1,2,3,0,1,0,2
0x60c5b7,80%,1,4,5,4,1,0,0
0xa5c61c,90%,1,9,10,9,1,0,0
0x5f9e87,83.3333%,1,5,6,0,0,1,5
0xa90429,99.7561%,1,409,410,0,0,1,409
0x502ce4,94.7368%,1,18,19,0,0,1,18
0xa9290f,83.3333%,1,5,6,0,0,1,5
0x80f336,75%,1,3,4,3,1,0,0
0x5033fb,97.2973%,1,36,37,35,0,1,1
0x84360b,75%,1,3,4,3,1,0,0
0x5fadb9,96.9697%,1,32,33,0,0,1,32
0x5fad9d,97.9167%,1,47,48,0,0,1,47
0x5fb26d,93.3333%,1,14,15,14,1,0,0
0x5fac1d,0%,1,0,1,0,1,0,0
0x5fdd9c,0%,1,0,1,0,1,0,0
0x5fdcf2,0%,1,0,1,0,1,0,0
0x5fdc78,0%,1,0,1,0,0,1,0
0xa946d3,96.5517%,1,28,29,0,0,1,28
0xa99aae,93.3333%,1,14,15,0,0,1,14
0x8bb6b6,92.3077%,1,12,13,12,1,0,0
0x5fdc2b,0%,1,0,1,0,1,0,0
0x50ef4f,87.5%,1,7,8,0,0,1,7
0x5fabe4,0%,1,0,1,0,0,1,0
0xa3058d,75%,1,3,4,3,1,0,0
0x5faa96,0%,1,0,1,0,1,0,0
0x49040a,66.6667%,1,2,3,0,0,1,2
0x5fa91b,99.3939%,1,164,165,0,0,1,164
0x50ef87,50%,1,1,2,0,0,1,1
0xa93760,96.5517%,1,28,29,0,0,1,28
0x9eb67b,98.4127%,1,62,63,62,1,0,0
0x643715,97.4359%,1,38,39,38,1,0,0
0x833fa5,98.5714%,1,69,70,0,0,1,69
0x50efb0,50%,1,1,2,0,0,1,1
0xa58727,75%,1,3,4,0,0,1,3
0x906b28,99.7207%,1,357,358,0,0,1,357
0x50f004,50%,1,1,2,1,1,0,0
0xa8fb35,99.4118%,1,169,170,0,0,1,169
0x833e5c,87.5%,1,7,8,0,0,1,7
0x835f7c,50%,1,1,2,0,1,0,1
0x5336cb,88.8889%,1,8,9,0,0,1,8
0xa95fac,87.5%,1,7,8,0,0,1,7
0x5904d5,99.9259%,1,1348,1349,0,0,1,1348
0x837a2a,95%,1,19,20,3,1,0,16
0x9a11c5,98.7654%,1,80,81,0,0,1,80
0xa97dea,97.2973%,1,36,37,0,0,1,36
0xa973ee,97.2973%,1,36,37,0,0,1,36
0xa97144,97.2973%,1,36,37,0,0,1,36
0x838ad1,50%,1,1,2,0,0,1,1
0x9d0997,98.0392%,1,50,51,47,0,1,3
0x9d09be,98.0392%,1,50,51,50,1,0,0
0x9d0ab2,98.0392%,1,50,51,0,0,1,50
0x838a57,50%,1,1,2,0,0,1,1
0x9c3af7,88.8889%,1,8,9,8,1,0,0
0x836568,0%,1,0,1,0,1,0,0
0x481268,94.7368%,1,18,19,0,1,0,18
0x4ab339,0%,1,0,1,0,1,0,0
0xa21d97,50%,1,1,2,0,0,1,1
0x837412,80%,1,4,5,0,1,0,4
0xa0bac5,0%,1,0,1,0,0,1,0
0xa92d4d,98.7179%,1,77,78,77,1,0,0
0xa92d46,98.7179%,1,77,78,0,0,1,77
0xa54549,50%,1,1,2,1,1,0,0
0xa9ce55,99.3056%,1,143,144,0,0,1,143
0x4a9801,75%,1,3,4,3,1,0,0
0x9d3140,98.2759%,1,57,58,0,0,1,57
0x4a97c6,75%,1,3,4,0,0,1,3
0x533c67,88.8889%,1,8,9,6,0,1,2
0xa99437,66.6667%,1,2,3,2,1,0,0
0xa92d9c,98.8636%,1,87,88,87,1,0,0
0x9f9a41,99.0826%,1,108,109,108,1,0,0
0x7840ed,87.5%,1,7,8,7,1,0,0
0x5c9bb1,83.3333%,1,5,6,0,0,1,5
0x53c3da,95.4545%,1,21,22,21,1,0,0
0x53bb0a,99.9125%,1,1142,1143,0,0,1,1142
0x53936b,90.9091%,1,10,11,10,1,0,0
0xa998e0,50%,1,1,2,0,1,0,1
0xa98599,75%,1,3,4,0,0,1,3
0xa98406,50%,1,1,2,1,1,0,0
0xa975a8,93.3333%,1,14,15,14,0,1,0
0x8380c7,99.4318%,1,175,176,0,0,1,175
0x53906e,99.2424%,1,131,132,0,0,1,131
0x544ba9,98.2456%,1,56,57,56,1,0,0
0x837996,99.0385%,1,103,104,0,0,1,103
0x544b95,98.2456%,1,56,57,0,0,1,56
0xa9d314,83.3333%,1,5,6,5,1,0,0
0x8c7eb7,50%,1,1,2,1,1,0,0
0x78d290,50%,1,1,2,1,1,0,0
0xa938d6,99.4083%,1,168,169,0,0,1,168
0x78d154,50%,1,1,2,0,0,1,1
0x54463e,88.8889%,1,8,9,8,1,0,0
0x5441ec,88.8889%,1,8,9,0,0,1,8
0xaa4a69,66.6667%,1,2,3,0,0,1,2
0x5442a6,98.2456%,1,56,57,56,1,0,0
0x837d1a,99.0385%,1,103,104,0,0,1,103
0x547b13,99.8988%,1,987,988,987,1,0,0
0x837d36,99.2126%,1,126,127,126,1,0,0
0x9aa13f,96.9697%,1,32,33,0,0,1,32
0x838086,93.75%,1,15,16,15,1,0,0
0x538bce,90.9091%,1,10,11,4,0,1,6
0xaa57ce,50%,1,1,2,0,0,1,1
0xa9390c,90.9091%,1,10,11,10,1,0,0
0x9aae6d,97.8261%,1,45,46,0,0,1,45
0x67092e,95%,1,19,20,0,0,1,19
0x670682,66.6667%,1,2,3,0,0,1,2
0x9d0bdd,98.0392%,1,50,51,0,0,1,50
0x66f69f,94.1176%,1,16,17,0,0,1,16
0x50342b,50%,1,1,2,0,0,1,1
0x838f9b,94.4444%,1,17,18,17,1,0,0
0x50367b,0%,1,0,1,0,1,0,0
0x9f4184,96.9697%,1,32,33,0,0,1,32
0x95cbda,50%,1,1,2,0,0,1,1
0x5fc99a,50%,1,1,2,0,0,1,1
0x9ab59f,99.5%,1,199,200,0,0,1,199
0x9d0c74,98.0392%,1,50,51,50,1,0,0
0x5fc7b3,50%,1,1,2,0,0,1,1
0x5b4aac,50%,1,1,2,1,1,0,0
0x67093d,95%,1,19,20,19,1,0,0
0x4b7921,96.4286%,1,27,28,0,0,1,27
0x5fc2dc,99.1379%,1,115,116,0,0,1,115
0xa9411d,94.7368%,1,18,19,13,0,1,5
0x5d20be,66.6667%,1,2,3,0,0,1,2
0x5fbfec,50%,1,1,2,0,0,1,1
0x5fbfd6,50%,1,1,2,0,0,1,1
0x838b2c,66.6667%,1,2,3,0,1,0,2
0x838b32,50%,1,1,2,1,1,0,0
0x8389c1,0%,1,0,1,0,1,0,0
0x533de7,50%,1,1,2,1,1,0,0
0x4c4628,94.1176%,1,16,17,0,0,1,16
0x833964,99.2481%,1,132,133,0,0,1,132
0x843471,0%,1,0,1,0,0,1,0
0x49978b,96.1538%,1,25,26,0,0,1,25
0x6711d6,50%,1,1,2,1,1,0,0
0x672ca0,50%,1,1,2,0,0,1,1
0x492150,0%,1,0,1,0,1,0,0
0x9d3319,98.1818%,1,54,55,0,0,1,54
0xa3e44e,87.5%,1,7,8,0,0,1,7
0x9f50eb,98.0769%,1,51,52,0,0,1,51
0x6722ed,50%,1,1,2,1,1,0,0
0x671b64,50%,1,1,2,0,0,1,1
0x53387d,94.4444%,1,17,18,0,0,1,17
0x55112e,94.1176%,1,16,17,16,1,0,0
0xa974d8,99.3289%,1,148,149,148,1,0,0
0xb0b1d6,99.7537%,1,405,406,405,1,0,0
0xa97461,99.0654%,1,106,107,106,1,0,0
0x673a78,50%,1,1,2,1,1,0,0
0x9d0b9d,98.0392%,1,50,51,0,0,1,50
0x6712f0,50%,1,1,2,0,0,1,1
0x60c6f4,85.7143%,1,6,7,6,1,0,0
0x5ae477,88.8889%,1,8,9,8,1,0,0
0x6710b0,50%,1,1,2,1,1,0,0
0x670dc6,50%,1,1,2,1,1,0,0
0x5c6c64,99.7908%,1,477,478,0,0,1,477
0xa4a7ab,50%,1,1,2,0,0,1,1
0x4ae587,0%,1,0,1,0,0,1,0
0x48c332,85.7143%,1,6,7,6,1,0,0
0x837506,75%,1,3,4,3,1,0,0
0x837534,75%,1,3,4,3,1,0,0
0x670abf,50%,1,1,2,0,0,1,1
0x48773e,97.2222%,1,35,36,0,0,1,35
0x673d6e,94.7368%,1,18,19,18,1,0,0
0x4bde39,85.7143%,1,6,7,6,1,0,0
0x670a0c,94.7368%,1,18,19,18,1,0,0
0x50d7e1,98.2759%,1,57,58,57,1,0,0
0x4bcbc5,66.6667%,1,2,3,2,1,0,0
0x61172e,99.9196%,1,1243,1244,0,0,1,1243
0xa2d84f,75%,1,3,4,0,0,1,3
0x50a14e,98.2143%,1,55,56,55,1,0,0
0x50a667,92.8571%,1,13,14,13,1,0,0
0x50a643,92.8571%,1,13,14,0,0,1,13
0xa314da,98.0769%,1,51,52,0,0,1,51
0x4b64cb,99.3548%,1,154,155,0,0,1,154
0x441977,90.9091%,1,10,11,0,0,1,10
0x50acd6,91.6667%,1,11,12,0,0,1,11
0x4beced,99.5074%,1,202,203,202,1,0,0
0xb28b64,99.9645%,1,2817,2818,0,0,1,2817
0x9e1530,50%,1,1,2,0,0,1,1
0xa31244,98.8235%,1,84,85,84,1,0,0
0xa31230,98.8235%,1,84,85,0,0,1,84
0x807b05,99.3056%,1,143,144,143,1,0,0
0x5a0745,50%,1,1,2,1,1,0,0
0xaaaeaa,99.2308%,1,129,130,0,0,1,129
0x8e4517,96.875%,1,31,32,0,0,1,31
0x9028fa,99.0291%,1,102,103,0,0,1,102
0x95b368,75%,1,3,4,0,0,1,3
0x95648a,0%,1,0,1,0,1,0,0
0x7b6210,99.2908%,1,140,141,140,1,0,0
0xa5a0ba,83.3333%,1,5,6,0,0,1,5
0x5bca25,99.5%,1,199,200,199,1,0,0
0x60b096,98%,1,49,50,49,1,0,0
0x94ea42,96.6667%,1,29,30,1,1,0,28
0x8e929b,66.6667%,1,2,3,2,1,0,0
0x50e236,97.7778%,1,44,45,44,1,0,0
0x820de3,99.5902%,1,243,244,243,1,0,0
0x4b4f7d,98.5915%,1,70,71,0,0,1,70
0x9027a2,97.4359%,1,38,39,0,0,1,38
0x50777a,87.5%,1,7,8,7,1,0,0
0x50776c,94.4444%,1,17,18,8,0,1,9
0x9ed916,98.4375%,1,63,64,0,0,1,63
0x507675,94.4444%,1,17,18,17,1,0,0
0x9a0c05,96.4286%,1,27,28,0,0,1,27
0x507537,99.2188%,1,127,128,127,1,0,0
0x4ba34b,96.875%,1,31,32,0,0,1,31
0x50d9f9,99.0654%,1,106,107,0,0,1,106
0xa3bcc8,50%,1,1,2,1,1,0,0
0x50bf4e,99.0909%,1,109,110,109,1,0,0
0x50bb07,96.7742%,1,30,31,30,1,0,0
0x61a291,80%,1,4,5,4,1,0,0
0xa494a2,98.9011%,1,90,91,90,1,0,0
0x5091c6,99.8471%,1,653,654,0,0,1,653
0x48e036,98.7805%,1,81,82,0,0,1,81
0x5f8344,96.2963%,1,26,27,0,0,1,26
0x4b5fea,99.0909%,1,109,110,0,0,1,109
0x5eb9b5,50%,1,1,2,0,0,1,1
0x4bafa3,99.5283%,1,211,212,211,1,0,0
0x501fe3,98.9011%,1,90,91,0,0,1,90
0xa07fe4,50%,1,1,2,1,0,1,0
0x501f70,99.2366%,1,130,131,130,1,0,0
0x9ee578,99.7519%,1,402,403,402,1,0,0
0x4bde46,85.7143%,1,6,7,6,1,0,0
0x50bd2c,94.4444%,1,17,18,0,0,1,17
0x9ed225,99.6139%,1,258,259,0,0,1,258
0xa925c0,90%,1,9,10,9,1,0,0
0x506343,98.9247%,1,92,93,92,1,0,0
0xa998ea,0%,1,0,1,0,0,1,0
0x5080b9,99.6094%,1,255,256,0,0,1,255
0xaa4a33,66.6667%,1,2,3,2,1,0,0
0xa32c52,99.8921%,1,926,927,0,0,1,926
0xa6b458,75%,1,3,4,0,0,1,3
0x804401,83.3333%,1,5,6,5,1,0,0
0x5043b3,99.2647%,1,135,136,0,0,1,135
0xa853fa,80%,1,4,5,0,0,1,4
0xa9ff98,66.6667%,1,2,3,2,1,0,0
0xa6c178,75%,1,3,4,3,1,0,0
0x4b6779,90.9091%,1,10,11,0,0,1,10
0x4c72c9,94.4444%,1,17,18,0,0,1,17
0x5081de,99.8106%,1,527,528,527,1,0,0
0x50d67c,99.8261%,1,574,575,574,1,0,0
0xa54094,95.4545%,1,21,22,21,1,0,0
0xaa00bc,66.6667%,1,2,3,0,0,1,2
0x4bd60f,85.7143%,1,6,7,6,0,1,0
0xaa49de,66.6667%,1,2,3,2,1,0,0
0xaa00c3,66.6667%,1,2,3,2,1,0,0
0x95b8b4,75%,1,3,4,3,1,0,0
0xaa0117,66.6667%,1,2,3,0,0,1,2
0x4c7109,94.4444%,1,17,18,0,0,1,17
0x7af535,96.875%,1,31,32,31,1,0,0
0xa32c9a,98.9474%,1,94,95,94,1,0,0
0x50c336,99.9255%,1,1342,1343,1342,1,0,0
0x5088ae,99.8124%,1,532,533,532,1,0,0
0xa3d0da,87.5%,1,7,8,0,0,1,7
0x65a374,99.9481%,1,1924,1925,0,0,1,1924
0x507f55,99.8649%,1,739,740,0,0,1,739
0xa08389,85.7143%,1,6,7,6,1,0,0
0x7b0a9b,95.4545%,1,21,22,0,0,1,21
0x7b0ad2,95.4545%,1,21,22,21,1,0,0
0x50a77a,98.0392%,1,50,51,50,1,0,0
0x50296b,98.9691%,1,96,97,96,1,0,0
0x402d3b,98.3051%,1,58,59,0,0,1,58
0x9f665b,99.8127%,1,533,534,0,0,1,533
0x4b940e,91.6667%,1,11,12,10,0,1,1
0x5071b3,99.2647%,1,135,136,135,1,0,0
0x98c738,97.2222%,1,35,36,35,1,0,0
0xa31882,99.537%,1,215,216,0,0,1,215
0x9f7608,98.4848%,1,65,66,65,1,0,0
0x5c8443,83.3333%,1,5,6,5,1,0,0
0x50adf0,99.2647%,1,135,136,0,0,1,135
0x4b50ca,99.1667%,1,119,120,0,0,1,119
0x816f41,80%,1,4,5,4,1,0,0
0x4c9886,92.8571%,1,13,14,0,0,1,13
0x50a7a9,98.0392%,1,50,51,50,1,0,0
0x80f85b,99.9155%,1,1183,1184,1183,1,0,0
0xa93e56,91.6667%,1,11,12,11,1,0,0
0x4b51a1,0%,1,0,1,0,0,1,0
0xa2f126,50%,1,1,2,0,1,0,1
0xa2e22f,50%,1,1,2,1,1,0,0
0xa960b7,96.1538%,1,25,26,0,0,1,25
0x9ed31a,96.2963%,1,26,27,0,0,1,26
0xa2e215,75%,1,3,4,1,1,0,2
0xa05316,75%,1,3,4,0,0,1,3
0x80fae4,98.8372%,1,85,86,85,1,0,0
0x50a775,98.0392%,1,50,51,0,0,1,50
0x50cf11,99.5708%,1,232,233,0,0,1,232
0xa9f2e9,66.6667%,1,2,3,2,1,0,0
0x4b6758,90.9091%,1,10,11,0,0,1,10
0xa9f34b,66.6667%,1,2,3,0,0,1,2
0xaa4954,66.6667%,1,2,3,2,1,0,0
0x53f202,99.7647%,1,424,425,0,0,1,424
0x5f856c,99.5763%,1,235,236,0,0,1,235
0x5db515,75%,1,3,4,3,1,0,0
0x5dfd27,75%,1,3,4,0,0,1,3
0x5f774a,75%,1,3,4,0,0,1,3
0x40e84a,90%,1,9,10,4,1,0,5
0x4416f7,90.9091%,1,10,11,0,0,1,10
0x9c3cf5,97.7778%,1,44,45,44,1,0,0
0x97a12b,50%,1,1,2,1,1,0,0
0x547ab0,75%,1,3,4,3,1,0,0
0xa5cfaf,99.1304%,1,114,115,0,0,1,114
0xa69f80,75%,1,3,4,3,1,0,0
0xa37a13,90%,1,9,10,0,0,1,9
0x9773e9,91.6667%,1,11,12,11,1,0,0
0x97734a,83.3333%,1,5,6,5,1,0,0
0x5b8f34,75%,1,3,4,3,1,0,0
0x5f8573,99.5763%,1,235,236,235,1,0,0
0x53f310,99.7669%,1,428,429,428,1,0,0
0x4106f6,88.8889%,1,8,9,0,0,1,8
0x4c3862,92.3077%,1,12,13,0,0,1,12
0x41069b,99.435%,1,176,177,0,0,1,176
0x53b9d7,92.8571%,1,13,14,13,1,0,0
0x4bd1fe,50%,1,1,2,0,0,1,1
0x9e0338,95.4545%,1,21,22,21,1,0,0
0x53ec1b,75%,1,3,4,0,0,1,3
0x5d45e1,94.4444%,1,17,18,17,1,0,0
0xaa7f0d,91.6667%,1,11,12,0,0,1,11
0xa97d97,75%,1,3,4,0,0,1,3
0x502b68,80%,1,4,5,0,0,1,4
0x5042c5,66.6667%,1,2,3,2,1,0,0
0x972689,99.6337%,1,272,273,0,0,1,272
0x5f8ac4,75%,1,3,4,3,1,0,0
0x5f7a8d,0%,1,0,1,0,0,1,0
0x5f870e,87.5%,1,7,8,0,0,1,7
0x5f9218,88.8889%,1,8,9,2,0,1,6
0x5f9225,85.7143%,1,6,7,0,0,1,6
0xa9c5f7,97.619%,1,41,42,0,0,1,41
0x5f7fd5,85.7143%,1,6,7,0,0,1,6
0x5f9250,85.7143%,1,6,7,3,1,0,3
0x9021ed,99.1453%,1,116,117,0,0,1,116
0xa8f81b,75%,1,3,4,0,0,1,3
0x5d148b,75%,1,3,4,3,1,0,0
0x5f9661,87.5%,1,7,8,7,1,0,0
0xa97f09,91.6667%,1,11,12,0,0,1,11
0x540f3a,87.5%,1,7,8,0,0,1,7
0x677528,99.4681%,1,187,188,0,0,1,187
0x943e56,90%,1,9,10,8,0,1,1
0x977253,50%,1,1,2,1,1,0,0
0x8ed45b,83.3333%,1,5,6,0,0,1,5
0x5446df,50%,1,1,2,0,0,1,1
0x5f8ca6,97.7778%,1,44,45,0,0,1,44
0xa17fa3,99.7333%,1,374,375,0,0,1,374
0xa17f96,99.7333%,1,374,375,0,0,1,374
0x5f8895,98.9583%,1,95,96,95,1,0,0
0x5f87f0,0%,1,0,1,0,0,1,0
0xa15a1b,99.7872%,1,469,470,0,0,1,469
0x5f8dc2,96.9697%,1,32,33,0,0,1,32
0x9eca3e,75%,1,3,4,0,0,1,3
0x5f79f6,99.5169%,1,206,207,0,0,1,206
0x5f7544,50%,1,1,2,0,0,1,1
0x5db4fe,75%,1,3,4,0,0,1,3
0x5970f8,99.7701%,1,434,435,0,0,1,434
0x7c7c0d,0%,1,0,1,0,1,0,0
0x505b2c,90.9091%,1,10,11,0,0,1,10
0x483ce9,0%,1,0,1,0,1,0,0
0x901732,99.4652%,1,186,187,186,1,0,0
0xa94272,50%,1,1,2,1,1,0,0
0x5fe795,99.0476%,1,104,105,0,0,1,104
0x60b67b,99.5968%,1,247,248,247,1,0,0
0xa96209,95.8333%,1,23,24,0,0,1,23
0x50caa8,95%,1,19,20,19,1,0,0
0x4b9e22,99.7326%,1,373,374,0,0,1,373
0xa9b63b,83.3333%,1,5,6,0,0,1,5
0x505252,96.2963%,1,26,27,15,0,1,11
0x4c1749,95%,1,19,20,19,1,0,0
0x94d289,99.5169%,1,206,207,206,1,0,0
0x94d26d,99.5169%,1,206,207,206,1,0,0
0x94b157,99.5169%,1,206,207,0,0,1,206
0xa9bb5b,75%,1,3,4,0,0,1,3
0x9ee373,99.0909%,1,109,110,0,0,1,109
0x80da3e,99.0566%,1,105,106,0,0,1,105
0x784550,96.4286%,1,27,28,27,1,0,0
0x4c5fdf,93.75%,1,15,16,15,1,0,0
0x9ee113,99.3789%,1,160,161,160,1,0,0
0xa9b644,83.3333%,1,5,6,0,0,1,5
0x9017a0,96.4286%,1,27,28,1,0,1,26
0x96c1b6,99.3103%,1,144,145,0,0,1,144
0x9017d5,96.2963%,1,26,27,0,0,1,26
0x50c628,97.8261%,1,45,46,0,0,1,45
0x944952,99.1525%,1,117,118,117,1,0,0
0x9447b0,99.1525%,1,117,118,0,0,1,117
0x50ce91,96.7742%,1,30,31,30,1,0,0
0x66676b,98.3051%,1,58,59,58,1,0,0
0xaa2d5c,99.6711%,1,303,304,0,0,1,303
0x5ebb8d,99.8829%,1,853,854,853,1,0,0
0x9fe19b,96%,1,24,25,0,0,1,24
0x99e165,92.3077%,1,12,13,0,0,1,12
0x977082,50%,1,1,2,1,1,0,0
0x503edf,88.8889%,1,8,9,8,1,0,0
0x80b4d3,0%,1,0,1,0,1,0,0
0xa9ba2f,90.9091%,1,10,11,0,0,1,10
0x550f17,88.8889%,1,8,9,8,1,0,0
0xa15dd5,87.5%,1,7,8,7,1,0,0
0x50b4b8,75%,1,3,4,3,1,0,0
0x4bd5a2,0%,1,0,1,0,1,0,0
0x50b488,75%,1,3,4,3,1,0,0
0x63ea14,99.9234%,1,1305,1306,1305,1,0,0
0x984044,99.3151%,1,145,146,145,1,0,0
0xa39a7a,94.7368%,1,18,19,18,1,0,0
0x88e9b6,97.4359%,1,38,39,38,1,0,0
0x9ed734,98.3051%,1,58,59,0,0,1,58
0x50e61d,94.4444%,1,17,18,17,1,0,0
0x5feb9d,88.8889%,1,8,9,0,0,1,8
0x50da39,93.3333%,1,14,15,0,0,1,14
0x58ee3e,50%,1,1,2,0,0,1,1
0x5d16ba,87.5%,1,7,8,7,1,0,0
0x4ba3f2,99.7797%,1,453,454,0,0,1,453
0x8fda1f,0%,1,0,1,0,1,0,0
0x4b90a7,75%,1,3,4,3,1,0,0
0x508857,90.9091%,1,10,11,0,0,1,10
0x5073c5,90.9091%,1,10,11,10,1,0,0
0x506255,90.9091%,1,10,11,10,1,0,0
0x4ba32d,99.6933%,1,325,326,0,0,1,325
0x506232,85.7143%,1,6,7,0,0,1,6
0x9e025a,96.4286%,1,27,28,9,1,0,18
0x80f827,99.9155%,1,1183,1184,1183,1,0,0
0x49a136,97.9167%,1,47,48,0,0,1,47
0x94b179,99.5169%,1,206,207,0,0,1,206
0xa6cb84,93.75%,1,15,16,15,1,0,0
0x9e6e88,87.5%,1,7,8,0,0,1,7
0x97a67c,87.5%,1,7,8,0,0,1,7
0x487845,0%,1,0,1,0,1,0,0
0x9d1063,87.5%,1,7,8,7,1,0,0
0x80f322,75%,1,3,4,3,1,0,0
0x80f356,75%,1,3,4,0,0,1,3
0x50ca48,95%,1,19,20,0,0,1,19
0x488092,90%,1,9,10,9,1,0,0
0x98420a,96%,1,24,25,24,1,0,0
0x9f41b2,96.9697%,1,32,33,32,1,0,0
0x9e0265,94.4444%,1,17,18,0,0,1,17
0x80f81c,99.9155%,1,1183,1184,0,0,1,1183
0x9e01ca,96.4286%,1,27,28,27,1,0,0
0x9e01b1,96.4286%,1,27,28,0,0,1,27
0x80f45f,87.5%,1,7,8,4,0,1,3
0x78d14a,50%,1,1,2,0,0,1,1
0x78d186,50%,1,1,2,0,0,1,1
0x98078c,90.9091%,1,10,11,0,0,1,10
0x7ac253,83.3333%,1,5,6,5,1,0,0
0x78d209,50%,1,1,2,0,0,1,1
0x9c5530,75%,1,3,4,0,0,1,3
0x5aefc7,95.4545%,1,21,22,21,1,0,0
0x5d6891,66.6667%,1,2,3,2,1,0,0
0x4a5a4b,93.75%,1,15,16,15,1,0,0
0xa04126,50%,1,1,2,0,0,1,1
0x78d27d,50%,1,1,2,0,0,1,1
0x80f675,96.6667%,1,29,30,0,0,1,29
0x9f407d,66.6667%,1,2,3,2,1,0,0
0x49a0aa,93.75%,1,15,16,0,0,1,15
0x81369c,98.3607%,1,60,61,0,0,1,60
0x9e706f,85.7143%,1,6,7,1,1,0,5
0x9e706a,85.7143%,1,6,7,0,0,1,6
0x5dfbd5,92.8571%,1,13,14,0,0,1,13
0xa5beb0,87.5%,1,7,8,0,0,1,7
0x4ba4dd,95.4545%,1,21,22,0,0,1,21
0x80eb8e,99.7283%,1,367,368,0,0,1,367
0x4a035c,96.4286%,1,27,28,0,0,1,27
0x9f0852,80%,1,4,5,0,1,0,4
0x5d457f,92.8571%,1,13,14,13,1,0,0
0x4a03ae,98.3333%,1,59,60,0,0,1,59
0x9e8174,95.8333%,1,23,24,0,0,1,23
0x5d454f,92.8571%,1,13,14,0,0,1,13
0x9e7dcc,95.8333%,1,23,24,0,0,1,23
0xa7a1ac,99.4286%,1,174,175,0,0,1,174
0xb468d7,96.2963%,1,26,27,0,1,0,26
0x9e7dc3,95.8333%,1,23,24,0,0,1,23
0x5ece06,87.5%,1,7,8,0,0,1,7
0x556d84,99.0476%,1,104,105,0,0,1,104
0x9e77c1,85.7143%,1,6,7,6,1,0,0
0x917ab1,99.5%,1,199,200,199,1,0,0
0x4a044d,98.3333%,1,59,60,0,0,1,59
0x80f1e5,99.4118%,1,169,170,169,1,0,0
0xaa5bc9,66.6667%,1,2,3,2,1,0,0
0x5d3be1,87.5%,1,7,8,7,1,0,0
0x4c1083,95.8333%,1,23,24,0,0,1,23
0x50ef69,87.5%,1,7,8,5,1,0,2
0x5af0c2,90%,1,9,10,9,1,0,0
0x5af0b8,90%,1,9,10,0,0,1,9
0x8d28d1,99.9728%,1,3673,3674,3673,1,0,0
0x984f8e,91.6667%,1,11,12,3,1,0,8
0x80db1e,99.5455%,1,219,220,0,0,1,219
0x9850ae,75%,1,3,4,0,0,1,3
0x9c555c,87.5%,1,7,8,3,1,0,4
0xa3942b,92.8571%,1,13,14,0,0,1,13
0xa3a2f3,99.8619%,1,723,724,723,1,0,0
0x99e527,92.3077%,1,12,13,0,0,1,12
0x9c538e,87.5%,1,7,8,0,0,1,7
0x9c5337,75%,1,3,4,3,1,0,0
0x9c520c,87.5%,1,7,8,0,0,1,7
0x9c51fe,87.5%,1,7,8,0,0,1,7
0x9c51ce,87.5%,1,7,8,0,0,1,7
0x9c5100,87.5%,1,7,8,0,0,1,7
0x9c50ee,87.5%,1,7,8,7,1,0,0
0x976ed1,66.6667%,1,2,3,0,0,1,2
0x80db10,99.5455%,1,219,220,0,0,1,219
0x80dd8a,99.1228%,1,113,114,113,1,0,0
0x9c4f77,75%,1,3,4,0,0,1,3
0x98403d,91.6667%,1,11,12,0,0,1,11
0x80d95f,99.0566%,1,105,106,0,0,1,105
0x9c4f52,75%,1,3,4,3,1,0,0
0x80d9b8,99.0566%,1,105,106,0,0,1,105
0x99cd5e,88.8889%,1,8,9,8,1,0,0
0xa0436c,0%,1,0,1,0,0,1,0
0x533a5a,88.8889%,1,8,9,0,0,1,8
0x983fa8,87.5%,1,7,8,0,0,1,7
0x80da46,99.0566%,1,105,106,105,1,0,0
0x9e3e92,99.3506%,1,153,154,0,0,1,153
0x9e3e34,75%,1,3,4,0,0,1,3
0x49fc33,98.8372%,1,85,86,0,0,1,85
0x80dafc,99.5455%,1,219,220,0,0,1,219
0x5d2044,66.6667%,1,2,3,2,1,0,0
0xa8ab82,98.7952%,1,82,83,0,0,1,82
0xa04223,50%,1,1,2,0,0,1,1
0x9f0825,80%,1,4,5,4,1,0,0
0x8f365d,99.1379%,1,115,116,0,0,1,115
0x9ea8e8,50%,1,1,2,1,1,0,0
0xa21b45,50%,1,1,2,0,0,1,1
0x54fcb6,0%,1,0,1,0,0,1,0
0x981516,96.5517%,1,28,29,0,0,1,28
0x9814ab,97.8723%,1,46,47,29,0,1,17
0xa04282,0%,1,0,1,0,1,0,0
0x98149e,97.9592%,1,48,49,1,1,0,47
0x8e38f8,97.9167%,1,47,48,0,0,1,47
0xa042b0,0%,1,0,1,0,0,1,0
0x9e74d3,99.8954%,1,955,956,0,0,1,955
0x9813f7,50%,1,1,2,1,1,0,0
0xa07551,83.3333%,1,5,6,0,1,0,5
0xa72613,99.4286%,1,174,175,174,1,0,0
0xa8a6ce,98.7952%,1,82,83,0,0,1,82
0x9e7424,99.7763%,1,446,447,0,0,1,446
0xa21ddc,50%,1,1,2,1,0,1,0
0xa50d12,98.8636%,1,87,88,0,0,1,87
0xa21dce,50%,1,1,2,0,0,1,1
0x9c4eaf,66.6667%,1,2,3,0,0,1,2
0x9c7522,75%,1,3,4,3,1,0,0
0x4c02c0,98.0392%,1,50,51,12,1,0,38
0x98517e,87.5%,1,7,8,0,0,1,7
0x96992c,98.4615%,1,64,65,0,0,1,64
0x9c5583,75%,1,3,4,3,1,0,0
0xa042b9,0%,1,0,1,0,0,1,0
0x8fd9ea,80%,1,4,5,3,1,0,1
0x9f0295,98.9362%,1,93,94,93,1,0,0
0x9fc088,99.5349%,1,214,215,214,1,0,0
0x9f026f,98.9362%,1,93,94,0,0,1,93
0x809a24,50%,1,1,2,0,1,0,1
0x9f01bf,99.1228%,1,113,114,0,0,1,113
0x441677,90.9091%,1,10,11,0,0,1,10
0x619ae4,80%,1,4,5,4,1,0,0
0xa29d4f,93.75%,1,15,16,15,1,0,0
0x9fbabd,99.5349%,1,214,215,214,1,0,0
0x5e6e56,99.9337%,1,1508,1509,1508,1,0,0
0x488ece,99.7423%,1,387,388,0,0,1,387
0x9f47ef,75%,1,3,4,3,1,0,0
0x9ecacf,80%,1,4,5,4,1,0,0
0x9ecaa6,80%,1,4,5,4,1,0,0
0x67b8b5,99.3671%,1,157,158,0,0,1,157
0x9f0751,50%,1,1,2,0,0,1,1
0x9d09a4,75%,1,3,4,0,0,1,3
0x9f394d,75%,1,3,4,0,0,1,3
0xa4ec9f,99.2754%,1,137,138,0,0,1,137
0xa63a92,75%,1,3,4,0,0,1,3
0xa9ca31,90%,1,9,10,0,0,1,9
0x48dfde,96.2963%,1,26,27,1,1,0,25
0x809a83,66.6667%,1,2,3,2,0,1,0
0xa63b52,99.2%,1,124,125,124,1,0,0
0x48e15d,98.9796%,1,97,98,0,0,1,97
0x5c37e5,75%,1,3,4,0,0,1,3
0x543ecb,99.4652%,1,186,187,0,0,1,186
0xa98e6a,50%,1,1,2,0,0,1,1
0x5e1ae7,50%,1,1,2,1,1,0,0
0xa4e5d8,98.6842%,1,75,76,0,0,1,75
0x9e6285,98.6111%,1,71,72,0,0,1,71
0xaaae56,97.8261%,1,45,46,45,1,0,0
0x8e8d9f,99.6255%,1,266,267,0,0,1,266
0x9a33c6,93.3333%,1,14,15,14,1,0,0
0xa28a5b,93.75%,1,15,16,15,1,0,0
0x820bc5,0%,1,0,1,0,0,1,0
0x9e8131,50%,1,1,2,1,1,0,0
0xa29210,93.75%,1,15,16,0,0,1,15
0xa5c821,99.0991%,1,110,111,110,1,0,0
0xa022c7,99.9127%,1,1144,1145,0,0,1,1144
0xa5c550,99.4595%,1,184,185,0,0,1,184
0x7dfa92,50%,1,1,2,1,1,0,0
0xa5bdbd,96.875%,1,31,32,31,1,0,0
0x9e630e,94.7368%,1,18,19,0,1,0,18
0x9fb23b,99.1935%,1,123,124,123,1,0,0
0x7b836f,96.2963%,1,26,27,25,0,1,1
0x5b068d,50%,1,1,2,0,0,1,1
0x9f0e62,95.8333%,1,23,24,0,0,1,23
0x9f0a78,96.4286%,1,27,28,27,1,0,0
0x8096aa,50%,1,1,2,0,0,1,1
0xa2923f,93.75%,1,15,16,15,1,0,0
0x9fe3f5,99.2366%,1,130,131,0,0,1,130
0x9f25c4,97.4359%,1,38,39,38,1,0,0
0x80972f,80%,1,4,5,0,0,1,4
0x9fe382,99.2537%,1,133,134,0,0,1,133
0x81094e,93.75%,1,15,16,3,1,0,12
0x9f07d7,50%,1,1,2,0,0,1,1
0x9f07d2,50%,1,1,2,1,1,0,0
0x9f07c6,50%,1,1,2,0,0,1,1
0x61f3e6,95%,1,19,20,19,1,0,0
0x4bbb07,0%,1,0,1,0,0,1,0
0x499ff8,93.75%,1,15,16,0,0,1,15
0xa0baab,0%,1,0,1,0,0,1,0
0x4418ee,90.9091%,1,10,11,0,0,1,10
0xa0f3ca,83.3333%,1,5,6,0,0,1,5
0xa0f38c,83.3333%,1,5,6,5,1,0,0
0x9f3421,75%,1,3,4,3,1,0,0
0xa0f366,83.3333%,1,5,6,0,0,1,5
0xa0f1db,83.3333%,1,5,6,5,1,0,0
0x8d2885,94.1176%,1,16,17,0,0,1,16
0xa0bc82,83.3333%,1,5,6,5,1,0,0
0xa722a5,75%,1,3,4,3,1,0,0
0x80d5eb,50%,1,1,2,0,0,1,1
0x942ccd,98.6667%,1,74,75,74,1,0,0
0xa0bb3e,80%,1,4,5,4,1,0,0
0x499ddf,97.9167%,1,47,48,0,0,1,47
0x80d610,50%,1,1,2,1,1,0,0
0x611564,96.9697%,1,32,33,32,1,0,0
0xa0b9bd,50%,1,1,2,0,0,1,1
0xa0b9b7,66.6667%,1,2,3,0,1,0,2
0x499e82,93.75%,1,15,16,15,1,0,0
0xa05fb5,88.8889%,1,8,9,0,0,1,8
0x551207,94.1176%,1,16,17,16,1,0,0
0xa0b97a,66.6667%,1,2,3,1,1,0,1
0xaaa5f3,85.7143%,1,6,7,0,0,1,6
0xa0b945,0%,1,0,1,0,0,1,0
0xa0b8a4,0%,1,0,1,0,0,1,0
0xa21f3c,50%,1,1,2,0,1,0,1
0xa33793,96.5517%,1,28,29,2,1,0,26
0x80e7e0,99.8099%,1,525,526,0,0,1,525
0xa21f2e,50%,1,1,2,0,0,1,1
0x99f5d9,99.0196%,1,101,102,101,1,0,0
0x80bd86,80%,1,4,5,4,1,0,0
0x7808d9,50%,1,1,2,0,0,1,1
0xaa822e,80%,1,4,5,4,1,0,0
0xa98da6,50%,1,1,2,0,0,1,1
0xa98d9c,50%,1,1,2,0,0,1,1
0x5021d3,99.2366%,1,130,131,0,0,1,130
0xa97b29,50%,1,1,2,0,0,1,1
0xa95b1e,50%,1,1,2,1,1,0,0
0xa95abe,50%,1,1,2,0,0,1,1
0xa95a6c,75%,1,3,4,3,1,0,0
0xa95a2d,75%,1,3,4,3,1,0,0
0xa959b9,75%,1,3,4,0,0,1,3
0xa95926,75%,1,3,4,3,1,0,0
0x7d3de0,66.6667%,1,2,3,0,0,1,2
0xa955b8,75%,1,3,4,0,0,1,3
0xa955ae,75%,1,3,4,0,0,1,3
0x5cfc7e,91.6667%,1,11,12,11,1,0,0
0x902288,50%,1,1,2,1,1,0,0
0x9e85b9,99.4012%,1,166,167,166,1,0,0
0x9597b9,97.9167%,1,47,48,0,0,1,47
0x80bdd0,90%,1,9,10,9,1,0,0
0xa954a0,75%,1,3,4,3,1,0,0
0xa95416,75%,1,3,4,0,0,1,3
0xa95388,83.3333%,1,5,6,1,1,0,4
0xa6501b,75%,1,3,4,0,0,1,3
0x9f01ec,50%,1,1,2,1,1,0,0
0xa65045,75%,1,3,4,0,0,1,3
0xa94600,50%,1,1,2,0,0,1,1
0xa945d6,50%,1,1,2,1,1,0,0
0xa0badd,0%,1,0,1,0,0,1,0
0x8d285a,94.1176%,1,16,17,0,0,1,16
0x97ab2a,94.4444%,1,17,18,3,1,0,14
0x9735bc,80%,1,4,5,0,0,1,4
0x592dc1,50%,1,1,2,1,1,0,0
0xa1ad72,98.1132%,1,52,53,0,0,1,52
0x59371c,50%,1,1,2,1,1,0,0
0x49beab,50%,1,1,2,0,0,1,1
0xa1ad25,80%,1,4,5,0,0,1,4
0x60a933,99.827%,1,577,578,577,1,0,0
0x50eff8,50%,1,1,2,0,0,1,1
0x97b792,98.5507%,1,68,69,0,0,1,68
0xa21d8e,50%,1,1,2,0,0,1,1
0x610f7e,50%,1,1,2,0,0,1,1
0x441a93,90.9091%,1,10,11,10,1,0,0
0x666d8b,66.6667%,1,2,3,2,1,0,0
0x9d28dc,0%,1,0,1,0,0,1,0
0x9d1c2a,66.6667%,1,2,3,2,0,1,0
0x97a45f,94.4444%,1,17,18,0,0,1,17
0x666d95,66.6667%,1,2,3,2,1,0,0
0x9d03e8,94.4444%,1,17,18,0,0,1,17
0x590710,66.6667%,1,2,3,0,0,1,2
0xa5f8cc,87.5%,1,7,8,0,0,1,7
0x89ecec,50%,1,1,2,1,1,0,0
0x59074b,66.6667%,1,2,3,2,1,0,0
0x9d125c,93.75%,1,15,16,0,0,1,15
0x97a414,98.0769%,1,51,52,0,0,1,51
0x60e578,80%,1,4,5,1,0,1,3
0x9cfcc7,97.2222%,1,35,36,35,1,0,0
0x60e37b,90%,1,9,10,9,1,0,0
0x9d31c9,66.6667%,1,2,3,2,1,0,0
0x9d26d1,96.4286%,1,27,28,25,0,1,2
0xa5f851,99.6875%,1,319,320,319,1,0,0
0xa09684,0%,1,0,1,0,0,1,0
0xa1d47a,88.8889%,1,8,9,0,0,1,8
0xa04424,0%,1,0,1,0,1,0,0
0x4a575d,98.1818%,1,54,55,0,0,1,54
0xa1a2d9,88.8889%,1,8,9,8,1,0,0
0x8f4474,0%,1,0,1,0,1,0,0
0xa1a2c5,88.8889%,1,8,9,0,0,1,8
0x8dfa4c,0%,1,0,1,0,1,0,0
0x8a7e32,50%,1,1,2,1,1,0,0
0x97b785,98.5507%,1,68,69,0,0,1,68
0x492eba,98.6111%,1,71,72,0,0,1,71
0xa097f2,0%,1,0,1,0,0,1,0
0xa09782,50%,1,1,2,1,1,0,0
0x96e969,0%,1,0,1,0,0,1,0
0x9e10cb,96.5517%,1,28,29,28,1,0,0
0x8ed738,0%,1,0,1,0,1,0,0
0x4ad9e6,66.6667%,1,2,3,2,1,0,0
0xa21d5c,50%,1,1,2,0,1,0,1
0xa21cae,50%,1,1,2,1,1,0,0
0xa041d6,75%,1,3,4,3,1,0,0
0x8ec309,0%,1,0,1,0,0,1,0
0xa04ac1,50%,1,1,2,1,1,0,0
0xa1d798,50%,1,1,2,1,1,0,0
0x9d2ee6,93.3333%,1,14,15,0,0,1,14
0xa1d757,50%,1,1,2,1,1,0,0
0xa1d742,50%,1,1,2,1,1,0,0
0xa1d72b,75%,1,3,4,2,0,1,1
0xa1d71f,83.3333%,1,5,6,1,1,0,4
0xa1b06d,0%,1,0,1,0,1,0,0
0x4039ce,50%,1,1,2,0,0,1,1
0xa36868,99.7706%,1,435,436,0,0,1,435
0x8adbf4,50%,1,1,2,0,0,1,1
0xa061bb,96.5517%,1,28,29,28,1,0,0
0xa06198,95.2381%,1,20,21,0,0,1,20
0x9816d8,97.8723%,1,46,47,0,0,1,46
0xa06176,95.2381%,1,20,21,0,0,1,20
0x640d62,99.5%,1,199,200,199,1,0,0
0x7c76fe,75%,1,3,4,0,0,1,3
0xa5f72e,99.7159%,1,351,352,0,0,1,351
0xa5f715,99.7159%,1,351,352,0,0,1,351
0x8adcdc,95.2381%,1,20,21,20,1,0,0
0xa96421,95.8333%,1,23,24,23,1,0,0
0x915724,99.5%,1,199,200,0,0,1,199
0xa1adbe,97.7273%,1,43,44,43,1,0,0
0x67f171,99.0741%,1,107,108,107,1,0,0
0x99abdf,0%,1,0,1,0,1,0,0
0xb372e8,97.6744%,1,42,43,0,0,1,42
0xa4a0fe,99.2481%,1,132,133,0,0,1,132
0x4acf5e,75%,1,3,4,3,1,0,0
0x83783f,80%,1,4,5,4,1,0,0
0xa2610c,0%,1,0,1,0,1,0,0
0xa294f9,93.75%,1,15,16,0,0,1,15
0x9597e9,99.3056%,1,143,144,0,0,1,143
0xa2612e,0%,1,0,1,0,1,0,0
0x9bc4a6,50%,1,1,2,0,0,1,1
0x8e3382,93.75%,1,15,16,0,0,1,15
0x666c36,50%,1,1,2,0,0,1,1
0x9a1a40,0%,1,0,1,0,0,1,0
0x8ad78c,50%,1,1,2,0,0,1,1
0x9a1a57,0%,1,0,1,0,1,0,0
0x63ecee,99.8632%,1,730,731,730,1,0,0
0x9a1a78,0%,1,0,1,0,1,0,0
0x9a310f,0%,1,0,1,0,1,0,0
0x485874,83.3333%,1,5,6,2,1,0,3
0x59c537,98.8764%,1,88,89,0,0,1,88
0x485899,66.6667%,1,2,3,0,0,1,2
0x9d25dc,50%,1,1,2,0,0,1,1
0xa58583,99.1597%,1,118,119,0,0,1,118
0xa210a2,75%,1,3,4,0,1,0,3
0xa2128b,75%,1,3,4,3,1,0,0
0xa21282,91.6667%,1,11,12,8,0,1,3
0xa2125b,87.5%,1,7,8,0,0,1,7
0xa21242,91.6667%,1,11,12,3,1,0,8
0xa09534,93.75%,1,15,16,8,0,1,7
0xa09504,91.6667%,1,11,12,0,0,1,11
0xa21174,75%,1,3,4,3,1,0,0
0x48589f,66.6667%,1,2,3,2,1,0,0
0xa21050,0%,1,0,1,0,0,1,0
0xa1d48d,88.8889%,1,8,9,3,1,0,5
0xa21044,83.3333%,1,5,6,5,0,1,0
0xa2100a,0%,1,0,1,0,0,1,0
0x9a312d,0%,1,0,1,0,1,0,0
0xa21004,0%,1,0,1,0,0,1,0
0x9a3311,0%,1,0,1,0,0,1,0
0x9d6822,50%,1,1,2,0,0,1,1
0xa20fc8,0%,1,0,1,0,0,1,0
0xa21bcc,50%,1,1,2,0,1,0,1
0xaa5cda,95.8333%,1,23,24,0,0,1,23
0xa05f0a,0%,1,0,1,0,1,0,0
0x4c9310,75%,1,3,4,3,1,0,0
0xa05eec,83.3333%,1,5,6,5,1,0,0
0xa05eac,83.3333%,1,5,6,5,1,0,0
0x90ca2d,99.9527%,1,2113,2114,0,0,1,2113
0xace132,50%,1,1,2,0,0,1,1
0xa18b47,95%,1,19,20,0,0,1,19
0x96e792,0%,1,0,1,0,0,1,0
0x984856,75%,1,3,4,0,0,1,3
0xa4bc65,75%,1,3,4,3,1,0,0
0x9d1ee4,96.4286%,1,27,28,27,1,0,0
0x9aaf71,99.8175%,1,547,548,0,0,1,547
0x4b696f,99.3548%,1,154,155,0,0,1,154
0x96e85c,0%,1,0,1,0,0,1,0
0x54fcf9,0%,1,0,1,0,0,1,0
0x9c4ecf,75%,1,3,4,0,0,1,3
0x9c4e52,50%,1,1,2,0,1,0,1
0x54fe1a,0%,1,0,1,0,0,1,0
0x979991,97.7273%,1,43,44,0,0,1,43
0x9e0dbb,80%,1,4,5,0,0,1,4
0xa0878c,87.5%,1,7,8,0,0,1,7
0x4c2094,99.3711%,1,158,159,0,0,1,158
0x810968,91.6667%,1,11,12,3,1,0,8
0x97a646,97.2222%,1,35,36,35,1,0,0
0x48e815,99.3902%,1,163,164,163,1,0,0
0x40ea79,75%,1,3,4,0,0,1,3
0x96e91f,0%,1,0,1,0,0,1,0
0xad439f,0%,1,0,1,0,1,0,0
0x49d040,0%,1,0,1,0,0,1,0
0x8d3fae,92.3077%,1,12,13,0,0,1,12
0x810971,87.5%,1,7,8,0,0,1,7
0x810a05,87.5%,1,7,8,7,1,0,0
0xa660db,98.7952%,1,82,83,0,0,1,82
0xa8e60d,0%,1,0,1,0,1,0,0
0xa8e5cf,0%,1,0,1,0,0,1,0
0xa91cbb,99.6644%,1,297,298,0,0,1,297
0x9d2ed3,98.4615%,1,64,65,61,0,1,3
0x492e3e,0%,1,0,1,0,1,0,0
0xa1bb4f,93.3333%,1,14,15,14,1,0,0
0x8e3a31,87.5%,1,7,8,7,1,0,0
0x981d05,75%,1,3,4,3,1,0,0
0x80fe17,99.8319%,1,594,595,0,0,1,594
0xa1b586,87.5%,1,7,8,0,0,1,7
0x49cdb5,80%,1,4,5,0,0,1,4
0x9f80f4,0%,1,0,1,0,1,0,0
0xa9989c,80%,1,4,5,4,1,0,0
0x9d123a,99.1667%,1,119,120,0,0,1,119
0x9843d3,87.5%,1,7,8,0,0,1,7
0x984372,87.5%,1,7,8,0,0,1,7
0x9d11ba,99.1667%,1,119,120,0,0,1,119
0x7c7716,75%,1,3,4,3,1,0,0
0x6f4571,94.4444%,1,17,18,17,1,0,0
0x49d0f7,50%,1,1,2,0,0,1,1
0x979f34,87.5%,1,7,8,7,1,0,0
0x9595e7,75%,1,3,4,0,0,1,3
0x98055a,99.0476%,1,104,105,7,1,0,97
0x980ff2,87.5%,1,7,8,0,0,1,7
0x80de0a,98.2456%,1,56,57,56,1,0,0
0x980f2a,87.5%,1,7,8,7,1,0,0
0x980eee,87.5%,1,7,8,7,1,0,0
0x80d47e,99.0909%,1,109,110,0,0,1,109
0x980b44,98.6486%,1,73,74,73,1,0,0
0x980ad9,98.6486%,1,73,74,0,0,1,73
0x8a5a59,50%,1,1,2,0,0,1,1
0x9d0605,98.3871%,1,61,62,0,0,1,61
0x49ced0,92.3077%,1,12,13,8,0,1,4
0x9c5032,87.5%,1,7,8,0,0,1,7
0x99a01e,75%,1,3,4,3,1,0,0
0x96ea3a,0%,1,0,1,0,1,0,0
0xa723d9,75%,1,3,4,0,0,1,3
0xa0a532,50%,1,1,2,0,0,1,1
0x8e0033,94.4444%,1,17,18,5,1,0,12
0xa0a502,50%,1,1,2,0,0,1,1
0xa520e8,90.9091%,1,10,11,0,0,1,10
0x487ea3,50%,1,1,2,0,0,1,1
0x96ea84,0%,1,0,1,0,1,0,0
0x8deb7a,83.3333%,1,5,6,5,1,0,0
0x96eadd,0%,1,0,1,0,1,0,0
0x8aac1d,90%,1,9,10,0,0,1,9
0xa21e49,50%,1,1,2,1,0,1,0
0x6805c5,95.6522%,1,22,23,22,1,0,0
0xa21c2e,50%,1,1,2,0,0,1,1
0x4a5df5,98.0769%,1,51,52,0,0,1,51
0xa0a557,87.5%,1,7,8,0,0,1,7
0x9e7e61,75%,1,3,4,0,0,1,3
0x8dffec,91.6667%,1,11,12,0,0,1,11
0x96eb7c,66.6667%,1,2,3,0,0,1,2
0x8dfff9,91.6667%,1,11,12,11,1,0,0
0x999f49,80%,1,4,5,3,1,0,1
0x9988f7,0%,1,0,1,0,0,1,0
0x96e36e,50%,1,1,2,1,1,0,0
0xa99769,50%,1,1,2,1,1,0,0
0x8dec3c,83.3333%,1,5,6,5,1,0,0
0x96e4fe,50%,1,1,2,1,1,0,0
0xa1a3a1,88.8889%,1,8,9,8,1,0,0
0x50d7ad,99.6047%,1,252,253,0,0,1,252
0x7ac234,93.75%,1,15,16,10,0,1,5
0xa1d4aa,80%,1,4,5,0,0,1,4
0xa8e2ed,99.7199%,1,356,357,0,0,1,356
0xa7b442,75%,1,3,4,3,1,0,0
0xa8e572,80%,1,4,5,0,1,0,4
0x54160e,93.3333%,1,14,15,10,0,1,4
0x96e9a9,0%,1,0,1,0,1,0,0
0xa18a6d,97.6744%,1,42,43,0,0,1,42
0xa7b424,0%,1,0,1,0,1,0,0
0x48799d,83.3333%,1,5,6,0,0,1,5
0x4c4d7b,90.9091%,1,10,11,0,0,1,10
0x54fc66,0%,1,0,1,0,0,1,0
0xa18a0b,97.6744%,1,42,43,0,0,1,42
0x8debe5,83.3333%,1,5,6,5,1,0,0
0x8dec29,83.3333%,1,5,6,5,1,0,0
0xa91892,94.1176%,1,16,17,16,1,0,0
0x4a1b13,97.6744%,1,42,43,42,1,0,0
0x8debaf,83.3333%,1,5,6,5,1,0,0
0x96e80b,0%,1,0,1,0,0,1,0
0x9f3c95,0%,1,0,1,0,0,1,0
0xa09889,92.3077%,1,12,13,12,1,0,0
0x8ebc93,75%,1,3,4,0,0,1,3
0x9cfe32,92.3077%,1,12,13,12,1,0,0
0x4a13c9,98.2143%,1,55,56,0,0,1,55
0x9d0057,80%,1,4,5,4,1,0,0
0x9cfdf1,92.3077%,1,12,13,0,0,1,12
0xa0a5e7,75%,1,3,4,0,0,1,3
0xa0a5c4,87.5%,1,7,8,0,0,1,7
0x7d3e11,66.6667%,1,2,3,0,0,1,2
0xa584aa,90%,1,9,10,0,0,1,9
0x8aad4d,95.4545%,1,21,22,21,1,0,0
0xa586bd,87.5%,1,7,8,0,0,1,7
0xa0a5b8,87.5%,1,7,8,0,0,1,7
0x675729,0%,1,0,1,0,0,1,0
0x5f4860,0%,1,0,1,0,0,1,0
0x5f484f,50%,1,1,2,0,0,1,1
0x5f4834,50%,1,1,2,0,0,1,1
0x6471fd,95.2381%,1,20,21,20,1,0,0
0x8212a4,50%,1,1,2,0,0,1,1
0x7b6447,0%,1,0,1,0,0,1,0
0x4bca80,83.3333%,1,5,6,1,1,0,4
0x7b646e,0%,1,0,1,0,1,0,0
0x5f4618,0%,1,0,1,0,0,1,0
0x5f460d,50%,1,1,2,0,1,0,1
0x59c904,66.6667%,1,2,3,0,1,0,2
0x7b8b74,0%,1,0,1,0,0,1,0
0x959cec,75%,1,3,4,3,1,0,0
0x5f3921,66.6667%,1,2,3,0,0,1,2
0x675791,0%,1,0,1,0,1,0,0
0x5f489b,50%,1,1,2,1,1,0,0
0x7b8bc9,0%,1,0,1,0,0,1,0
0x5f37e5,66.6667%,1,2,3,0,0,1,2
0xaa81db,80%,1,4,5,4,1,0,0
0xaa819b,80%,1,4,5,0,0,1,4
0x7b8bdd,0%,1,0,1,0,1,0,0
0xa54bbc,87.5%,1,7,8,1,1,0,6
0x59c8e6,85.7143%,1,6,7,0,0,1,6
0x8f5f9b,97.5%,1,39,40,39,1,0,0
0x5f30d2,85.7143%,1,6,7,0,1,0,6
0x4bc2b9,0%,1,0,1,0,1,0,0
0x5f4106,85.7143%,1,6,7,6,1,0,0
0x5f409f,75%,1,3,4,0,1,0,3
0x8fd7e4,66.6667%,1,2,3,0,0,1,2
0x5f4064,75%,1,3,4,3,1,0,0
0x78e12a,50%,1,1,2,0,0,1,1
0x78e0c1,50%,1,1,2,0,0,1,1
0x9bd5da,91.6667%,1,11,12,0,0,1,11
0x9bd5f3,91.6667%,1,11,12,11,1,0,0
0x9be6d9,91.6667%,1,11,12,0,0,1,11
0x8bc9e0,98.0769%,1,51,52,51,1,0,0
0x9be654,95.8333%,1,23,24,23,1,0,0
0x9bd483,91.6667%,1,11,12,11,1,0,0
0x9bd47c,91.6667%,1,11,12,0,0,1,11
0xa5081c,75%,1,3,4,3,1,0,0
0x9bd3d5,91.6667%,1,11,12,11,1,0,0
0x9bd3cd,91.6667%,1,11,12,0,0,1,11
0x8109d4,95%,1,19,20,7,1,0,12
0xa5065f,97.3684%,1,37,38,37,0,1,0
0x78e0f2,50%,1,1,2,0,0,1,1
0x9bd3c5,91.6667%,1,11,12,0,0,1,11
0x58cbcb,85.7143%,1,6,7,0,0,1,6
0x4b7a5f,50%,1,1,2,0,0,1,1
0x9aa44c,95.4545%,1,21,22,0,0,1,21
0x4be19f,50%,1,1,2,1,1,0,0
0x9bd289,98.5075%,1,66,67,66,1,0,0
0x9bd266,98.5075%,1,66,67,0,0,1,66
0x9a7e26,96%,1,24,25,0,0,1,24
0x9bd1e4,98.1818%,1,54,55,0,0,1,54
0x9f508f,98.0769%,1,51,52,51,1,0,0
0x5f2f10,50%,1,1,2,0,1,0,1
0x9bd14e,98.7952%,1,82,83,0,0,1,82
0x48710f,50%,1,1,2,0,0,1,1
0x4be8b4,0%,1,0,1,0,0,1,0
0x492a4c,99.3939%,1,164,165,164,1,0,0
0x4b84ab,50%,1,1,2,0,0,1,1
0xa4eeba,99.3827%,1,161,162,139,1,0,22
0x647c31,97.6744%,1,42,43,0,0,1,42
0xa4d443,98.5075%,1,66,67,66,1,0,0
0x647ba8,97.6744%,1,42,43,0,0,1,42
0xa5a0f3,66.6667%,1,2,3,1,0,1,1
0x5f1cc1,85.7143%,1,6,7,6,1,0,0
0x4b87b7,90.9091%,1,10,11,0,0,1,10
0x4bc071,93.75%,1,15,16,0,0,1,15
0xa0a5f7,75%,1,3,4,3,1,0,0
0x7a1143,83.3333%,1,5,6,0,0,1,5
0xa4d33b,97.2222%,1,35,36,0,0,1,35
0x6472bb,95%,1,19,20,0,0,1,19
0x4b533c,99.5951%,1,246,247,246,1,0,0
0x4b5460,50%,1,1,2,1,1,0,0
0x672477,0%,1,0,1,0,0,1,0
0xa5422d,99.0385%,1,103,104,0,0,1,103
0x647c48,97.6744%,1,42,43,0,0,1,42
0xa4ee82,99.2754%,1,137,138,137,1,0,0
0x647437,95.2381%,1,20,21,0,1,0,20
0x5f2f48,0%,1,0,1,0,1,0,0
0xa69ef4,75%,1,3,4,3,1,0,0
0xa35334,99.9474%,1,1901,1902,0,0,1,1901
0x5f2f1c,0%,1,0,1,0,1,0,0
0x5f2e20,50%,1,1,2,1,1,0,0
0x4928e2,0%,1,0,1,0,0,1,0
0x491beb,0%,1,0,1,0,0,1,0
0x8d2f4e,98.5915%,1,70,71,0,0,1,70
0x67f566,97.2973%,1,36,37,0,0,1,36
0x8d3834,75%,1,3,4,3,1,0,0
0x4bc9b2,91.6667%,1,11,12,0,0,1,11
0xa53df6,99.3902%,1,163,164,0,0,1,163
0xa956dd,75%,1,3,4,0,0,1,3
0x49178c,0%,1,0,1,0,1,0,0
0x8fd7f6,66.6667%,1,2,3,0,0,1,2
0x58da36,99.5215%,1,208,209,0,0,1,208
0x58d9c3,98.4375%,1,63,64,0,0,1,63
0x6774d0,99.7305%,1,370,371,0,0,1,370
0x5f3dc1,75%,1,3,4,2,0,1,1
0x9f2416,90%,1,9,10,0,0,1,9
0x649146,50%,1,1,2,0,0,1,1
0x9f040e,99.8857%,1,874,875,0,0,1,874
0xa4fcd1,75%,1,3,4,0,0,1,3
0x5f209d,96.9697%,1,32,33,32,1,0,0
0x8fd844,83.3333%,1,5,6,3,0,1,2
0x4b63a4,80%,1,4,5,4,1,0,0
0xaa57d5,50%,1,1,2,0,0,1,1
0x66746a,97.7778%,1,44,45,44,1,0,0
0x53e400,99.9582%,1,2392,2393,2392,0,1,0
0xa4e8c0,50%,1,1,2,1,1,0,0
0xa4e8ac,50%,1,1,2,0,0,1,1
0x8060ef,50%,1,1,2,1,1,0,0
0x4850b7,97.7778%,1,44,45,0,0,1,44
0x441a52,90.9091%,1,10,11,0,0,1,10
0x647952,98.4375%,1,63,64,0,0,1,63
0x8e3fc7,87.5%,1,7,8,7,1,0,0
0x556ca1,99.5951%,1,246,247,246,1,0,0
0xa4e866,50%,1,1,2,0,0,1,1
0xa54137,92.3077%,1,12,13,10,1,0,2
0x5f3a27,85.7143%,1,6,7,6,1,0,0
0x4bc065,93.75%,1,15,16,0,0,1,15
0x9be5ea,90%,1,9,10,0,0,1,9
0xa4d4c8,98.5075%,1,66,67,66,1,0,0
0x5cd3ac,99.2188%,1,127,128,0,0,1,127
0x54cd9b,94.7368%,1,18,19,0,0,1,18
0x54c716,94.7368%,1,18,19,18,1,0,0
0x54d1bd,93.3333%,1,14,15,14,1,0,0
0x54d157,93.3333%,1,14,15,14,1,0,0
0x49636d,96.5517%,1,28,29,28,1,0,0
0xaa011e,66.6667%,1,2,3,2,1,0,0
0xa51796,98.7013%,1,76,77,76,1,0,0
0x493589,93.3333%,1,14,15,14,1,0,0
0xa4499e,75%,1,3,4,0,0,1,3
0x4c712f,94.4444%,1,17,18,17,0,1,0
0xa91840,92.8571%,1,13,14,0,0,1,13
0xa51632,99.3827%,1,161,162,0,0,1,161
0x4bcf8f,83.3333%,1,5,6,5,1,0,0
0x50fef5,50%,1,1,2,1,1,0,0
0x4bd19a,75%,1,3,4,1,1,0,2
0xa97ad6,80%,1,4,5,4,1,0,0
0x5af773,98.1132%,1,52,53,0,0,1,52
0x5a652b,0%,1,0,1,0,1,0,0
0xa56625,99.8062%,1,515,516,0,0,1,515
0x65c044,99.7788%,1,451,452,451,1,0,0
0xa8abb2,99.4286%,1,174,175,0,0,1,174
0x81b482,83.3333%,1,5,6,5,1,0,0
0x4c2fb7,92.3077%,1,12,13,0,0,1,12
0x58d9f8,98.5714%,1,69,70,69,1,0,0
0x9461b5,94.7368%,1,18,19,0,0,1,18
0x59c58e,98.9011%,1,90,91,90,1,0,0
0xa510c8,75%,1,3,4,0,0,1,3
0xa05239,97.7778%,1,44,45,0,0,1,44
0x59c588,98.9011%,1,90,91,0,0,1,90
0x59711e,97.9167%,1,47,48,0,0,1,47
0xa6bdee,75%,1,3,4,3,1,0,0
0x9f19cb,99.7389%,1,382,383,0,0,1,382
0x88e666,97.4359%,1,38,39,38,1,0,0
0xa64cd8,75%,1,3,4,0,0,1,3
0x9f6de3,99.375%,1,159,160,0,0,1,159
0x88e5d6,97.4359%,1,38,39,38,1,0,0
0x622911,90%,1,9,10,0,0,1,9
0x88e5b4,97.4359%,1,38,39,38,1,0,0
0x88e3ed,97.4359%,1,38,39,38,1,0,0
0x95cbe4,50%,1,1,2,1,1,0,0
0x54da8c,97.4359%,1,38,39,0,0,1,38
0x4c4d6b,92.3077%,1,12,13,1,1,0,11
0x4c4c5c,98%,1,49,50,0,0,1,49
0x90240d,97.9592%,1,48,49,0,0,1,48
0x944ffe,99.7118%,1,346,347,346,1,0,0
0xa51f8a,50%,1,1,2,1,1,0,0
0x5b2b84,97.7778%,1,44,45,44,1,0,0
0x8fcf4c,99.5652%,1,229,230,0,0,1,229
0x53ee5b,75%,1,3,4,0,0,1,3
0x97132c,85.7143%,1,6,7,4,1,0,2
0x97133d,80%,1,4,5,0,0,1,4
0x94dd85,99.8296%,1,586,587,0,0,1,586
0x9d3162,66.6667%,1,2,3,0,0,1,2
0x4bd69b,95.2381%,1,20,21,1,1,0,19
0x495adf,0%,1,0,1,0,1,0,0
0x64f467,95.8333%,1,23,24,0,0,1,23
0xaac3d8,75%,1,3,4,0,0,1,3
0x94d8cd,99.8675%,1,754,755,754,1,0,0
0x54d949,93.75%,1,15,16,15,1,0,0
0x53388a,94.4444%,1,17,18,0,0,1,17
0x95a9e2,75%,1,3,4,0,0,1,3
0x6710e3,50%,1,1,2,1,1,0,0
0x7941fd,80%,1,4,5,0,0,1,4
0x4c34a0,95.6522%,1,22,23,4,0,1,18
0x9a67c4,50%,1,1,2,1,1,0,0
0x9bde11,50%,1,1,2,0,0,1,1
0x9bddf7,50%,1,1,2,0,0,1,1
0x9bdc48,75%,1,3,4,0,0,1,3
0x487702,93.3333%,1,14,15,0,1,0,14
0x675008,96.875%,1,31,32,0,0,1,31
0x405e61,95.8333%,1,23,24,0,0,1,23
0x58b8df,99.0909%,1,109,110,0,0,1,109
0x53df00,99.7543%,1,406,407,406,1,0,0
0x9bdbae,75%,1,3,4,3,1,0,0
0x9bdb86,75%,1,3,4,3,1,0,0
0xa43b13,99.2366%,1,130,131,130,1,0,0
0x5ef8d0,94.1176%,1,16,17,0,0,1,16
0x4c39c9,85.7143%,1,6,7,6,1,0,0
0x9bd4f4,75%,1,3,4,0,0,1,3
0xa50b41,94.7368%,1,18,19,0,0,1,18
0x9bdd1d,93.75%,1,15,16,15,1,0,0
0x9bdca5,96.4286%,1,27,28,27,1,0,0
0x9be8e4,91.6667%,1,11,12,0,0,1,11
0x4b93fa,92.3077%,1,12,13,0,1,0,12
0xa966b4,87.5%,1,7,8,7,1,0,0
0xa5564d,98.7013%,1,76,77,0,0,1,76
0x8e9b71,80%,1,4,5,0,0,1,4
0x4b96ba,92.3077%,1,12,13,0,0,1,12
0x9be886,91.6667%,1,11,12,11,1,0,0
0x9be83c,91.6667%,1,11,12,11,1,0,0
0x9aa0b0,96.4286%,1,27,28,27,1,0,0
0xa30b67,99.5169%,1,206,207,0,0,1,206
0x5b1c66,97.8723%,1,46,47,46,1,0,0
0xaab0f2,98.7179%,1,77,78,0,0,1,77
0xa510ad,98.4848%,1,65,66,0,0,1,65
0x88a0ff,95.4545%,1,21,22,0,0,1,21
0x5b2b1e,97.7778%,1,44,45,0,0,1,44
0x4c3986,92.3077%,1,12,13,0,0,1,12
0xa04153,0%,1,0,1,0,0,1,0
0x5f9123,90%,1,9,10,0,1,0,9
0x5b272f,97.8723%,1,46,47,0,1,0,46
0x5b2634,97.7778%,1,44,45,0,0,1,44
0xa494b6,99.8024%,1,505,506,0,0,1,505
0x78c02c,50%,1,1,2,0,0,1,1
0x9a11b3,98.7654%,1,80,81,0,0,1,80
0x50d2f2,96.1538%,1,25,26,25,1,0,0
0x78697e,91.6667%,1,11,12,0,0,1,11
0x5b1853,98.6667%,1,74,75,0,0,1,74
0x494db1,99.3671%,1,157,158,0,0,1,157
0x5af53a,98.3871%,1,61,62,0,0,1,61
0x5b2f79,99.5146%,1,205,206,205,1,0,0
0xaa5db6,99.5146%,1,205,206,0,0,1,205
0x4bd7c7,85.7143%,1,6,7,6,1,0,0
0x550a31,97.0588%,1,33,34,33,1,0,0
0x4c4cbb,93.3333%,1,14,15,0,0,1,14
0x495f28,98.1818%,1,54,55,0,0,1,54
0x495f24,98.1818%,1,54,55,0,0,1,54
0x4958a8,98.8506%,1,86,87,0,0,1,86
0x4c4f93,94.1176%,1,16,17,0,0,1,16
0x8fd6ea,96.6667%,1,29,30,29,1,0,0
0x4c7627,75%,1,3,4,0,0,1,3
0x493066,99.4012%,1,166,167,166,1,0,0
0x4c39c1,85.7143%,1,6,7,0,0,1,6
0x592d3a,94.4444%,1,17,18,0,0,1,17
0x8041b3,80%,1,4,5,0,0,1,4
0x8aa9f2,98.4127%,1,62,63,62,1,0,0
0xa2811d,66.6667%,1,2,3,2,1,0,0
0x44170e,90.9091%,1,10,11,0,0,1,10
0x9fd22e,85.7143%,1,6,7,6,1,0,0
0x482602,94.7368%,1,18,19,18,1,0,0
0x804219,75%,1,3,4,3,1,0,0
0x80427f,80%,1,4,5,4,0,1,0
0x95c626,99.7253%,1,363,364,363,1,0,0
0x5c8cdd,83.3333%,1,5,6,5,1,0,0
0x9eb3b8,96.875%,1,31,32,0,0,1,31
0xaae4bf,50%,1,1,2,1,1,0,0
0x9eb829,99.0741%,1,107,108,107,1,0,0
0x9fcf19,96%,1,24,25,0,0,1,24
0x9eb7ca,99.4048%,1,167,168,0,0,1,167
0x8aaa5e,98.4127%,1,62,63,0,0,1,62
0x78d5f0,98.4375%,1,63,64,63,1,0,0
0xa9d1ec,98.4848%,1,65,66,0,0,1,65
0x49177e,0%,1,0,1,0,1,0,0
0x9be4c4,50%,1,1,2,1,1,0,0
0x482054,90.9091%,1,10,11,10,1,0,0
0x80458c,87.5%,1,7,8,0,0,1,7
0x65a318,97.9167%,1,47,48,47,1,0,0
0x974cd8,50%,1,1,2,1,1,0,0
0x5a9414,98.1818%,1,54,55,0,0,1,54
0x96e972,0%,1,0,1,0,0,1,0
0xa28569,99.3421%,1,151,152,0,0,1,151
0xa4a14c,97.8261%,1,45,46,0,0,1,45
0x670418,99.2481%,1,132,133,0,0,1,132
0x9ec310,97.5%,1,39,40,0,0,1,39
0x804106,98.3333%,1,59,60,0,0,1,59
0xa03b08,99.1597%,1,118,119,118,1,0,0
0x803b5b,50%,1,1,2,0,0,1,1
0x965f8a,50%,1,1,2,0,0,1,1
0xa582a5,95.6522%,1,22,23,0,0,1,22
0x95ad65,95.6522%,1,22,23,19,0,1,3
0x9fe62b,75%,1,3,4,3,1,0,0
0x5ae5c6,96%,1,24,25,0,0,1,24
0xa50118,99.3243%,1,147,148,0,0,1,147
0xa039b5,99.4872%,1,194,195,194,1,0,0
0x5e3ad7,66.6667%,1,2,3,0,0,1,2
0x8040d6,98.3333%,1,59,60,0,0,1,59
0x5e3923,66.6667%,1,2,3,2,1,0,0
0xa04acd,97.2222%,1,35,36,35,1,0,0
0x5d68b7,66.6667%,1,2,3,0,0,1,2
0x4c7f8b,75%,1,3,4,3,1,0,0
0xa9045b,99.1228%,1,113,114,0,0,1,113
0x9e063f,98.2759%,1,57,58,57,1,0,0
0x8f2e47,99.7033%,1,336,337,0,0,1,336
0x8041e8,95.4545%,1,21,22,18,0,1,3
0xa2ab42,91.6667%,1,11,12,11,1,0,0
0x8063b8,98.1481%,1,53,54,0,1,0,53
0x9ea169,50%,1,1,2,1,1,0,0
0xa963c9,50%,1,1,2,1,1,0,0
0xa28190,99.5215%,1,208,209,208,1,0,0
0x9fc541,92.8571%,1,13,14,13,1,0,0
0x9fc4dd,92.8571%,1,13,14,0,0,1,13
0x9fb213,97.2973%,1,36,37,0,0,1,36
0x5e6153,90%,1,9,10,9,1,0,0
0x9eb6ad,96.875%,1,31,32,0,1,0,31
0x9fcfc0,94.4444%,1,17,18,17,1,0,0
0x5338b4,94.4444%,1,17,18,17,1,0,0
0x60e678,97.3684%,1,37,38,0,0,1,37
0xa4d5eb,99.375%,1,159,160,159,1,0,0
0x60e630,97.3684%,1,37,38,37,1,0,0
0x7f0c20,75%,1,3,4,3,1,0,0
0xaa45ea,98.9899%,1,98,99,0,0,1,98
0x911b9b,98.8889%,1,89,90,0,0,1,89
0x9ff705,95.4545%,1,21,22,0,0,1,21
0x60e124,98.4848%,1,65,66,65,1,0,0
0x9f330f,99.375%,1,159,160,0,0,1,159
0x7f0cb0,98.6667%,1,74,75,0,0,1,74
0x9f3335,99.5671%,1,230,231,230,1,0,0
0x9ff742,50%,1,1,2,0,0,1,1
0xaad2ae,66.6667%,1,2,3,0,0,1,2
0x7f0c99,98.6667%,1,74,75,0,0,1,74
0xa53cb4,50%,1,1,2,0,0,1,1
0x7f0025,94.7368%,1,18,19,0,1,0,18
0xab36a3,94.4444%,1,17,18,0,0,1,17
0xab368f,94.4444%,1,17,18,0,0,1,17
0x4ae57d,50%,1,1,2,1,0,1,0
0x9ff793,50%,1,1,2,1,1,0,0
0x7ef9bf,50%,1,1,2,1,1,0,0
0x803776,99.7462%,1,393,394,393,1,0,0
0xa4e8f5,99.375%,1,159,160,0,0,1,159
0x5ffb03,97.8261%,1,45,46,45,1,0,0
0x803875,50%,1,1,2,0,0,1,1
0xa5c2ec,96.875%,1,31,32,0,0,1,31
0xa5c2be,99.4475%,1,180,181,0,0,1,180
0xa5c860,92.8571%,1,13,14,13,1,0,0
0x4b7a03,90.9091%,1,10,11,10,1,0,0
0x803963,50%,1,1,2,1,1,0,0
0x5f1328,98.4375%,1,63,64,63,1,0,0
0x48ef9c,97.5%,1,39,40,39,1,0,0
0x9fcbe3,96%,1,24,25,0,0,1,24
0x8045f5,94.1176%,1,16,17,0,0,1,16
0x9f64ac,99.4413%,1,178,179,0,0,1,178
0xa285df,88.8889%,1,8,9,0,0,1,8
0x9697f4,50%,1,1,2,0,0,1,1
0x5f1417,97.5%,1,39,40,0,0,1,39
0x5f13f5,97.5%,1,39,40,39,1,0,0
0xa2866e,0%,1,0,1,0,1,0,0
0xa56eb9,99.7396%,1,383,384,0,0,1,383
0xa2869a,0%,1,0,1,0,1,0,0
0x6673d3,97.5%,1,39,40,0,0,1,39
0xa2a808,50%,1,1,2,1,1,0,0
0x8047ae,50%,1,1,2,0,0,1,1
0xa058c3,90%,1,9,10,5,0,1,4
0x47c0cf,50%,1,1,2,1,1,0,0
0x8bb0e3,66.6667%,1,2,3,2,1,0,0
0x810508,97.0588%,1,33,34,0,0,1,33
0x8bb27a,66.6667%,1,2,3,1,1,0,1
0x8bc063,50%,1,1,2,0,0,1,1
0x7efb99,50%,1,1,2,0,0,1,1
0x7f0673,50%,1,1,2,0,0,1,1
0x60e5da,0%,1,0,1,0,1,0,0
0xa4a801,50%,1,1,2,0,0,1,1
0x60e5a0,0%,1,0,1,0,0,1,0
0x9ff624,95.4545%,1,21,22,0,0,1,21
0x4c81d3,95.4545%,1,21,22,3,1,0,18
0x5bc630,99.1597%,1,118,119,118,1,0,0
0x59058c,50%,1,1,2,0,0,1,1
0x80480a,50%,1,1,2,1,1,0,0
0x973ae5,90%,1,9,10,0,0,1,9
0x8d3f7a,90%,1,9,10,0,0,1,9
0xa54325,94.7368%,1,18,19,0,0,1,18
0x8deca1,50%,1,1,2,1,1,0,0
0x8d3fd9,92.3077%,1,12,13,0,0,1,12
0x8044a3,50%,1,1,2,0,0,1,1
0xa5770d,96.4286%,1,27,28,27,1,0,0
0x481e9c,97.3684%,1,37,38,0,0,1,37
0xa544db,99.1071%,1,111,112,0,0,1,111
0xa544a9,99.1071%,1,111,112,0,0,1,111
0x8d4389,50%,1,1,2,1,0,1,0
0xa474d8,97.619%,1,41,42,0,0,1,41
0xa5766c,92.8571%,1,13,14,0,0,1,13
0x50352f,50%,1,1,2,1,1,0,0
0xa06392,50%,1,1,2,1,1,0,0
0xa57bac,97.4359%,1,38,39,0,0,1,38
0x9be5bf,90%,1,9,10,9,1,0,0
0x5c4fe4,96.7742%,1,30,31,0,0,1,30
0x547af9,99.8988%,1,987,988,987,1,0,0
0xa57bcb,97.4359%,1,38,39,19,1,0,19
0xa062f4,83.3333%,1,5,6,0,1,0,5
0x4b5529,83.3333%,1,5,6,5,1,0,0
0xa57522,97.561%,1,40,41,40,1,0,0
0x9f2a15,99.0385%,1,103,104,103,1,0,0
0xa57433,66.6667%,1,2,3,0,0,1,2
0xa5740e,66.6667%,1,2,3,2,1,0,0
0xa573d0,96.1538%,1,25,26,25,1,0,0
0xa572bc,97.561%,1,40,41,0,0,1,40
0x8bb769,90%,1,9,10,9,1,0,0
0x9edca0,98.4375%,1,63,64,63,1,0,0
0x8d3d23,96.7742%,1,30,31,0,0,1,30
0x9f38d4,75%,1,3,4,3,1,0,0
0xa53069,87.5%,1,7,8,0,0,1,7
0x494da8,99.3671%,1,157,158,0,0,1,157
0xa4e96f,99.2754%,1,137,138,0,0,1,137
0x494d84,99.3671%,1,157,158,0,0,1,157
0x94cc68,98.7342%,1,78,79,46,1,0,32
0x8d38e2,93.75%,1,15,16,1,1,0,14
0x59c948,99.3827%,1,161,162,0,0,1,161
0x5f1478,99.3671%,1,157,158,157,1,0,0
0x9a483b,87.5%,1,7,8,0,0,1,7
0x8d3932,50%,1,1,2,1,1,0,0
0x4c68a8,96.4286%,1,27,28,7,1,0,20
0xa4d554,99.3827%,1,161,162,0,0,1,161
0x8d3985,98.5915%,1,70,71,0,0,1,70
0x4a6276,66.6667%,1,2,3,2,1,0,0
0xa27818,87.5%,1,7,8,7,1,0,0
0x6964a5,99.9101%,1,1111,1112,0,0,1,1111
0x9f5a9b,98.75%,1,79,80,0,0,1,79
0x4913c4,99.3789%,1,160,161,1,1,0,159
0xa958f1,75%,1,3,4,0,0,1,3
0x491ad0,85.7143%,1,6,7,6,1,0,0
0x5dd931,99.2481%,1,132,133,0,0,1,132
0x494ff1,50%,1,1,2,1,1,0,0
0x8b993a,90.9091%,1,10,11,10,1,0,0
0x4b4f2e,50%,1,1,2,0,0,1,1
0x8d3b65,50%,1,1,2,0,0,1,1
0x49aee6,97.4359%,1,38,39,38,1,0,0
0x49ae9a,97.4359%,1,38,39,0,0,1,38
0x9f4a4c,66.6667%,1,2,3,2,1,0,0
0x9be610,50%,1,1,2,1,1,0,0
0x55589f,98.1818%,1,54,55,0,0,1,54
0xa4c7a3,75%,1,3,4,0,0,1,3
0xa02b94,50%,1,1,2,0,0,1,1
0x590a05,50%,1,1,2,0,0,1,1
0x9ea886,50%,1,1,2,0,0,1,1
0x8045d2,94.1176%,1,16,17,0,0,1,16
0xa4cd19,75%,1,3,4,3,1,0,0
0x590a1d,50%,1,1,2,1,1,0,0
0x9ea817,96.875%,1,31,32,0,0,1,31
0x952396,50%,1,1,2,0,0,1,1
0x610f8a,50%,1,1,2,1,1,0,0
0x9ea7e3,96.875%,1,31,32,0,0,1,31
0x9523c8,98.6667%,1,74,75,0,0,1,74
0xa3fce0,98.2143%,1,55,56,0,0,1,55
0x95245a,99.6296%,1,269,270,0,0,1,269
0x9ea686,99.4048%,1,167,168,0,1,0,167
0x95b87d,75%,1,3,4,0,0,1,3
0x942ae1,87.5%,1,7,8,0,0,1,7
0x9ea2fe,98.6111%,1,71,72,71,1,0,0
0xa4b9a1,75%,1,3,4,3,1,0,0
0x8631e1,50%,1,1,2,1,1,0,0
0xa02c93,98.5075%,1,66,67,66,1,0,0
0x838942,80%,1,4,5,0,1,0,4
0xa02c40,50%,1,1,2,0,0,1,1
0x6000c7,96.2963%,1,26,27,0,0,1,26
0xa3db39,87.5%,1,7,8,7,1,0,0
0xa02c07,50%,1,1,2,0,0,1,1
0xa031c8,75%,1,3,4,3,0,1,0
0xa0316f,50%,1,1,2,0,1,0,1
0xa03ab8,75%,1,3,4,3,1,0,0
0x966575,50%,1,1,2,1,1,0,0
0xa6b990,75%,1,3,4,3,1,0,0
0xa99b8a,93.3333%,1,14,15,14,1,0,0
0x5033a5,97.2973%,1,36,37,36,1,0,0
0xa5705e,99.4048%,1,167,168,0,1,0,167
0xa57051,99.4048%,1,167,168,0,0,1,167
0xa4d86a,99.1736%,1,120,121,0,0,1,120
0xa9f06e,50%,1,1,2,0,0,1,1
0x9f0c0b,98.9474%,1,94,95,0,0,1,94
0x8d3d97,96.7742%,1,30,31,0,0,1,30
0xa99975,0%,1,0,1,0,0,1,0
0x49cf1f,0%,1,0,1,0,0,1,0
0x8d3dab,96.7742%,1,30,31,0,0,1,30
0xa9a0e6,80%,1,4,5,0,0,1,4
0xa56f57,98.6111%,1,71,72,0,0,1,71
0xa56f46,98.6111%,1,71,72,0,0,1,71
0x9eb28f,50%,1,1,2,1,1,0,0
0x9eb1f7,50%,1,1,2,1,1,0,0
0x7b7fdd,96.2963%,1,26,27,1,1,0,25
0x4b70e6,90.9091%,1,10,11,10,1,0,0
0xa01736,97.5%,1,39,40,39,1,0,0
0x80a647,99.5238%,1,209,210,0,0,1,209
0xa016e6,97.5%,1,39,40,39,1,0,0
0x9f0dfd,99.7167%,1,352,353,65,0,1,287
0x9ec19c,98.2143%,1,55,56,0,0,1,55
0x9ec11b,98.2143%,1,55,56,55,1,0,0
0x7c682c,50%,1,1,2,0,0,1,1
0x7c6838,50%,1,1,2,0,0,1,1
0x7c688d,50%,1,1,2,0,0,1,1
0x5b4a0a,50%,1,1,2,0,0,1,1
0x7c68a2,50%,1,1,2,0,0,1,1
0x7c6937,50%,1,1,2,0,0,1,1
0x9ea9d4,50%,1,1,2,0,0,1,1
0xa21378,75%,1,3,4,3,1,0,0
0x813c76,99.8938%,1,941,942,941,1,0,0
0x619cbc,95%,1,19,20,0,0,1,19
0x8e1dae,83.3333%,1,5,6,5,1,0,0
0x9a288c,93.3333%,1,14,15,0,0,1,14
0x82214e,99.6732%,1,305,306,305,1,0,0
0x8e1ea9,95.4545%,1,21,22,0,0,1,21
0x8e3acd,87.5%,1,7,8,7,1,0,0
0x4b9f59,99.0826%,1,108,109,0,0,1,108
0x808b20,50%,1,1,2,1,1,0,0
0x8220d4,99.6732%,1,305,306,0,0,1,305
0x7d1dba,0%,1,0,1,0,1,0,0
0xa1aaf0,80%,1,4,5,0,0,1,4
0x8e0c79,99.1935%,1,123,124,11,1,0,112
0xa07515,97.7778%,1,44,45,0,1,0,44
0x8df0ee,95.8333%,1,23,24,0,0,1,23
0x54c657,66.6667%,1,2,3,0,0,1,2
0x9ee037,99.3789%,1,160,161,0,0,1,160
0x539ff7,97.8723%,1,46,47,0,0,1,46
0x8fe0a2,98.8372%,1,85,86,0,0,1,85
0x8f2080,97.4359%,1,38,39,38,1,0,0
0x78e0ac,75%,1,3,4,2,0,1,1
0x64abb4,87.5%,1,7,8,7,1,0,0
0x5eb8c9,99.8829%,1,853,854,0,0,1,853
0xb14983,99.9765%,1,4257,4258,0,0,1,4257
0x496103,91.6667%,1,11,12,0,0,1,11
0x5f4c0e,50%,1,1,2,0,1,0,1
0x9c51a3,91.6667%,1,11,12,3,1,0,8
0x99cd9b,88.8889%,1,8,9,8,1,0,0
0xa413ea,87.5%,1,7,8,7,1,0,0
0x48f169,91.6667%,1,11,12,11,1,0,0
0x4ab5c1,96.7742%,1,30,31,30,1,0,0
0x5f61c5,50%,1,1,2,1,1,0,0
0x4a6215,66.6667%,1,2,3,0,0,1,2
0x404fb9,97.619%,1,41,42,41,1,0,0
0x817181,50%,1,1,2,0,0,1,1
0x5d98a4,87.5%,1,7,8,7,1,0,0
0x681595,99.3056%,1,143,144,143,1,0,0
0x59047c,99.875%,1,799,800,0,0,1,799
0x8f4660,91.6667%,1,11,12,9,0,1,2
0x41045c,95.8333%,1,23,24,1,1,0,22
0x8d99b8,83.3333%,1,5,6,5,1,0,0
0x88e05e,83.3333%,1,5,6,0,0,1,5
0x65ba89,98.5294%,1,67,68,0,0,1,67
0x9a1c18,99.5074%,1,202,203,0,0,1,202
0x817d99,97.2222%,1,35,36,0,0,1,35
0xa58fed,97.561%,1,40,41,0,0,1,40
0xa4787a,0%,1,0,1,0,1,0,0
0x818b77,98.75%,1,79,80,79,1,0,0
0xa06489,97.1429%,1,34,35,0,0,1,34
0x8a5c3f,50%,1,1,2,1,1,0,0
0x59c2f7,85.7143%,1,6,7,0,0,1,6
0x63f44c,99.5%,1,199,200,0,0,1,199
0x8e76f6,91.6667%,1,11,12,11,1,0,0
0x64b528,91.6667%,1,11,12,0,0,1,11
0x8c9082,50%,1,1,2,1,1,0,0
0x8dee12,99.9511%,1,2044,2045,0,0,1,2044
0x8f1660,99.2537%,1,133,134,0,0,1,133
0x5e17b8,99.2481%,1,132,133,0,0,1,132
0xaabcd0,75%,1,3,4,3,1,0,0
0x4b7c24,90.9091%,1,10,11,10,1,0,0
0x8f4ea3,99.9601%,1,2504,2505,0,0,1,2504
0x5bad48,50%,1,1,2,0,0,1,1
0x50fe54,50%,1,1,2,0,0,1,1
0x900fd1,97.2973%,1,36,37,0,0,1,36
0x6977c2,98.2143%,1,55,56,55,1,0,0
0x6805a6,94.7368%,1,18,19,18,1,0,0
0x9fc935,85.7143%,1,6,7,0,0,1,6
0x5a96db,80%,1,4,5,4,1,0,0
0x5f75c1,96.6667%,1,29,30,0,0,1,29
0x65bd34,99.435%,1,176,177,0,0,1,176
0x5a5fc6,75%,1,3,4,3,1,0,0
0x40d3dd,99.8279%,1,580,581,580,1,0,0
0x7c9b3f,75%,1,3,4,3,1,0,0
0x900c31,99.7006%,1,333,334,0,0,1,333
0x90ffc4,99.8529%,1,679,680,0,0,1,679
0x58bde7,99.3289%,1,148,149,0,0,1,148
0xaa241f,97.0588%,1,33,34,0,0,1,33
0x9f9682,98.5294%,1,67,68,67,1,0,0
0x53b2a0,99.959%,1,2437,2438,0,0,1,2437
0x8e53d6,93.75%,1,15,16,15,1,0,0
0xa472e5,97.619%,1,41,42,41,1,0,0
0x8fc4c8,0%,1,0,1,0,0,1,0
0x90227b,91.6667%,1,11,12,10,0,1,1
0x8e7948,99.5536%,1,223,224,223,1,0,0
0x8e4521,96.875%,1,31,32,31,1,0,0
0x5dda63,0%,1,0,1,0,1,0,0
0x9d122a,99.1667%,1,119,120,0,0,1,119
0x8dcd40,99.8035%,1,508,509,0,0,1,508
0x6703e4,99.2481%,1,132,133,132,1,0,0
0xb17e8f,99.9057%,1,1060,1061,1060,1,0,0
0xa85427,80%,1,4,5,0,0,1,4
0x48f44d,83.3333%,1,5,6,0,0,1,5
0xa29d71,93.75%,1,15,16,15,1,0,0
0x8dc5f5,75%,1,3,4,3,1,0,0
0x8dc568,75%,1,3,4,0,0,1,3
0x673a60,50%,1,1,2,0,0,1,1
0x60bbd8,88.8889%,1,8,9,0,0,1,8
0x499cc9,98.8372%,1,85,86,85,1,0,0
0x8e7e6b,99.5536%,1,223,224,223,1,0,0
0x80b5d3,0%,1,0,1,0,1,0,0
0x4a7250,0%,1,0,1,0,1,0,0
0x608cd6,99.5%,1,199,200,199,1,0,0
0x7cd9b1,87.5%,1,7,8,0,0,1,7
0xa2df4a,99.4845%,1,193,194,0,0,1,193
0x590a6b,75%,1,3,4,1,1,0,2
0x81fd8d,97.9167%,1,47,48,0,0,1,47
0x8ebdc5,50%,1,1,2,0,0,1,1
0xa4def2,95%,1,19,20,0,0,1,19
0x8dd996,93.75%,1,15,16,0,0,1,15
0x9f5bb3,87.5%,1,7,8,3,1,0,4
0x8a9378,99.8941%,1,943,944,0,0,1,943
0x8d9b4c,99.7297%,1,369,370,369,1,0,0
0x8f54a0,91.6667%,1,11,12,0,0,1,11
0x8e6ede,99.7537%,1,405,406,405,1,0,0
0x4c7359,94.4444%,1,17,18,0,0,1,17
0xa41597,87.5%,1,7,8,0,0,1,7
0xa8fafe,99.6078%,1,254,255,0,0,1,254
0x9f068d,50%,1,1,2,1,1,0,0
0x608bd8,99.8195%,1,553,554,0,0,1,553
0xa2e8d9,98.1132%,1,52,53,0,0,1,52
0x51aec3,50%,1,1,2,0,0,1,1
0x8dedee,92.3077%,1,12,13,0,1,0,12
0x8168b8,95.2381%,1,20,21,0,0,1,20
0x9d25e5,50%,1,1,2,1,0,1,0
0x6975d2,96.4286%,1,27,28,27,1,0,0
0x78ac0c,75%,1,3,4,0,0,1,3
0x58fe6c,99.6063%,1,253,254,253,1,0,0
0x8f66e8,99.7183%,1,354,355,0,0,1,354
0x9e6063,94.4444%,1,17,18,17,1,0,0
0x60bdd8,95.2381%,1,20,21,20,1,0,0
0x8e03d7,99.883%,1,854,855,0,0,1,854
0x97a46f,94.4444%,1,17,18,0,0,1,17
0x54695c,87.5%,1,7,8,0,0,1,7
0xa6612f,99.115%,1,112,113,0,0,1,112
0x9d1e1b,80%,1,4,5,0,0,1,4
0x9d1ed6,96.4286%,1,27,28,0,0,1,27
0x808ff3,95.8333%,1,23,24,0,0,1,23
0x9f8fd5,99.2188%,1,127,128,0,0,1,127
0xa592ea,93.3333%,1,14,15,0,0,1,14
0x8e03be,99.883%,1,854,855,0,0,1,854
0xacdcc4,50%,1,1,2,0,0,1,1
0x973812,97.3684%,1,37,38,0,0,1,37
0x8fc4c0,0%,1,0,1,0,0,1,0
0x9f27ff,99.789%,1,473,474,473,1,0,0
0xa051e3,85.7143%,1,6,7,6,0,1,0
0x80a3a9,75%,1,3,4,0,0,1,3
0x813bbe,95.2381%,1,20,21,0,0,1,20
0x8ea00f,99.7494%,1,398,399,0,0,1,398
0x8f3140,99.8875%,1,888,889,0,0,1,888
0x9d1b48,83.3333%,1,5,6,0,0,1,5
0xa07fac,80%,1,4,5,4,0,1,0
0xb18186,99.9005%,1,1004,1005,1004,1,0,0
0x671530,50%,1,1,2,1,1,0,0
0xa5970d,90%,1,9,10,9,1,0,0
0x8ef48b,99.3056%,1,143,144,0,0,1,143
0x7cc2bd,99.9206%,1,1258,1259,0,0,1,1258
0x8e9fbe,99.9596%,1,2473,2474,0,0,1,2473
0x805023,50%,1,1,2,0,0,1,1
0x4bc9f7,91.6667%,1,11,12,11,1,0,0
0x670fd8,50%,1,1,2,0,0,1,1
0xa57443,97.561%,1,40,41,0,0,1,40
0xa01bb9,93.75%,1,15,16,15,1,0,0
0xa63ad8,75%,1,3,4,0,0,1,3
0xa5290b,99.4681%,1,187,188,187,1,0,0
0x551093,83.3333%,1,5,6,5,1,0,0
0x8e1280,99.9652%,1,2869,2870,2869,1,0,0
0x911b48,99.8331%,1,598,599,0,0,1,598
0x649e13,50%,1,1,2,0,0,1,1
0x6f09d1,93.75%,1,15,16,0,0,1,15
0x8a91b1,90%,1,9,10,9,1,0,0
0x9e4ecf,98.3333%,1,59,60,59,1,0,0
0x6ebfb0,0%,1,0,1,0,0,1,0
0x81c070,98.8235%,1,84,85,0,0,1,84
0x8138c0,99.1304%,1,114,115,0,0,1,114
0x59f932,50%,1,1,2,1,1,0,0
0x9ef50b,98.3333%,1,59,60,59,1,0,0
0x81bf07,96.875%,1,31,32,31,1,0,0
0x808b36,50%,1,1,2,0,0,1,1
0xa44fab,92.8571%,1,13,14,0,0,1,13
0xa985bb,75%,1,3,4,3,1,0,0
0x808062,50%,1,1,2,0,0,1,1
0x81b3c9,99.8588%,1,707,708,0,0,1,707
0x5f4f2d,0%,1,0,1,0,1,0,0
0x9a0ae9,96.4286%,1,27,28,0,0,1,27
0x816b77,99.9251%,1,1334,1335,1334,0,1,0
0x8e9bd1,99.5726%,1,233,234,0,0,1,233
0x5f7a47,99.5169%,1,206,207,0,0,1,206
0x9012b5,0%,1,0,1,0,0,1,0
0xa1a290,88.8889%,1,8,9,0,0,1,8
0x81670f,87.5%,1,7,8,0,0,1,7
0xa8a721,98.7952%,1,82,83,82,1,0,0
0x95b415,90.9091%,1,10,11,0,0,1,10
0x7dfb1f,98.7952%,1,82,83,0,0,1,82
0x64bf93,99.4152%,1,170,171,0,0,1,170
0x63f32e,50%,1,1,2,0,0,1,1
0x5d35bd,95%,1,19,20,19,1,0,0
0x4a78bb,99.9402%,1,1670,1671,0,0,1,1670
0x99124c,94.4444%,1,17,18,17,1,0,0
0x4098ee,99.6212%,1,263,264,0,0,1,263
0x814001,99.6032%,1,251,252,0,0,1,251
0x6754aa,0%,1,0,1,0,0,1,0
0x804c21,0%,1,0,1,0,0,1,0
0x8bd875,66.6667%,1,2,3,0,0,1,2
0x8eb09b,83.3333%,1,5,6,0,0,1,5
0x49c865,0%,1,0,1,0,1,0,0
0x5b3009,90%,1,9,10,0,0,1,9
0x822739,50%,1,1,2,0,0,1,1
0x81c1cb,98.9583%,1,95,96,0,0,1,95
0x58dae5,99.3377%,1,150,151,150,1,0,0
0x9fcc3f,96%,1,24,25,0,0,1,24
0xa397bf,99.7899%,1,475,476,475,1,0,0
0x6109fe,92.3077%,1,12,13,0,0,1,12
0x8e7752,98.7952%,1,82,83,82,1,0,0
0x58c219,99.6855%,1,317,318,317,1,0,0
0x481b04,94.4444%,1,17,18,17,1,0,0
0x670519,0%,1,0,1,0,1,0,0
0x405215,99.2424%,1,131,132,0,0,1,131
0x8e395f,97.9167%,1,47,48,47,1,0,0
0x63b3bb,99.953%,1,2126,2127,2126,1,0,0
0x491509,99.3711%,1,158,159,0,0,1,158
0x8ed4bf,90.9091%,1,10,11,10,1,0,0
0x490489,66.6667%,1,2,3,0,0,1,2
0x8ebba4,99.7947%,1,486,487,0,0,1,486
0x6498d6,50%,1,1,2,1,1,0,0
0xa25d68,98.7179%,1,77,78,77,1,0,0
0x5c4754,87.5%,1,7,8,0,0,1,7
0x8f53b5,99.4595%,1,184,185,184,1,0,0
0x7bdb5c,87.5%,1,7,8,3,1,0,4
0x99eac5,93.3333%,1,14,15,14,1,0,0
0x904381,99.7992%,1,497,498,0,0,1,497
0x4a0329,96.4286%,1,27,28,27,1,0,0
0x5500e8,98.2143%,1,55,56,55,1,0,0
0x402ee8,83.3333%,1,5,6,0,0,1,5
0xa9fec0,66.6667%,1,2,3,2,1,0,0
0xa9ff84,66.6667%,1,2,3,0,0,1,2
0xb313d3,99.5556%,1,224,225,0,0,1,224
0x8ee8f0,66.6667%,1,2,3,2,1,0,0
0x590680,99.9416%,1,1712,1713,0,0,1,1712
0x81c148,98.9583%,1,95,96,95,1,0,0
0x8144b4,99.8127%,1,533,534,0,0,1,533
0x8f5794,99.4764%,1,190,191,0,0,1,190
0x8deeb7,87.5%,1,7,8,0,0,1,7
0x65bbd4,99.802%,1,504,505,0,0,1,504
0x820da0,99.8339%,1,601,602,0,0,1,601
0xaa7f88,66.6667%,1,2,3,0,0,1,2
0x5089e3,75%,1,3,4,3,1,0,0
0xa37474,96.875%,1,31,32,0,0,1,31
0xa03a1c,99.1453%,1,116,117,116,1,0,0
0xa47817,75%,1,3,4,3,1,0,0
0xa3640f,85.7143%,1,6,7,0,0,1,6
0x7b72a5,50%,1,1,2,0,0,1,1
0x80aa38,66.6667%,1,2,3,1,0,1,1
0x8ecb06,99.9192%,1,1236,1237,0,0,1,1236
0x8e4b95,99.4382%,1,177,178,177,1,0,0
0x48bc2b,0%,1,0,1,0,0,1,0
0x9e8485,66.6667%,1,2,3,2,1,0,0
0x63e517,99.8959%,1,960,961,0,0,1,960
0x50c0dc,95%,1,19,20,0,0,1,19
0x494f76,75%,1,3,4,3,1,0,0
0x404765,99.8339%,1,601,602,0,0,1,601
0x7e11e2,0%,1,0,1,0,1,0,0
0x81fcea,92.8571%,1,13,14,0,0,1,13
0x99aba4,0%,1,0,1,0,1,0,0
0x8d3bd9,50%,1,1,2,0,0,1,1
0x4a634b,90%,1,9,10,9,1,0,0
0x809f3b,50%,1,1,2,0,0,1,1
0x809e68,97.6744%,1,42,43,0,1,0,42
0xa9a2ce,80%,1,4,5,4,1,0,0
0x48c5a4,90%,1,9,10,0,0,1,9
0x6477d4,99.2647%,1,135,136,135,1,0,0
0x4bc50d,99.5516%,1,222,223,0,0,1,222
0x48ef76,98.1818%,1,54,55,0,0,1,54
0x647dbd,98.0392%,1,50,51,50,1,0,0
0xa92a17,83.3333%,1,5,6,0,0,1,5
0x83806a,83.3333%,1,5,6,3,1,0,2
0x5af8e6,98.1132%,1,52,53,52,1,0,0
0x812045,91.6667%,1,11,12,1,1,0,10
0x804d7f,50%,1,1,2,0,0,1,1
0xa48cab,99.4012%,1,166,167,0,0,1,166
0x8dca35,99.0909%,1,109,110,109,1,0,0
0xa1a163,80%,1,4,5,4,1,0,0
0x8df9d6,66.6667%,1,2,3,2,0,1,0
0x4b55cd,50%,1,1,2,1,1,0,0
0x9e73ab,99.75%,1,399,400,0,0,1,399
0x81f886,98.9362%,1,93,94,0,0,1,93
0x9f6afc,97.2222%,1,35,36,35,1,0,0
0x8d468a,0%,1,0,1,0,1,0,0
0x60dbb5,99.635%,1,273,274,0,0,1,273
0xa1aadc,80%,1,4,5,0,0,1,4
0x5542c3,50%,1,1,2,0,0,1,1
0x9f4995,75%,1,3,4,3,1,0,0
0x5d1b03,99.0909%,1,109,110,109,1,0,0
0xa5b53e,96.7742%,1,30,31,1,1,0,29
0xa989ad,93.3333%,1,14,15,14,1,0,0
0x555d09,99.9075%,1,1080,1081,0,0,1,1080
0x5b27bc,50%,1,1,2,1,1,0,0
0x9a28a5,93.3333%,1,14,15,14,1,0,0
0x558e03,98.8636%,1,87,88,87,1,0,0
0xb30541,80%,1,4,5,4,1,0,0
0x8bc7c9,99.2063%,1,125,126,0,0,1,125
0x8aeca5,88.8889%,1,8,9,8,1,0,0
0x5b0695,50%,1,1,2,1,1,0,0
0x492a9f,99.3939%,1,164,165,0,0,1,164
0x9d68a1,50%,1,1,2,1,1,0,0
0x81e7a7,99.2806%,1,138,139,138,1,0,0
0x902830,66.6667%,1,2,3,0,0,1,2
0x557c8c,98.6301%,1,72,73,0,0,1,72
0x8224d0,99.7947%,1,486,487,0,0,1,486
0xa64d75,75%,1,3,4,0,0,1,3
0xa96cf6,95.2381%,1,20,21,20,1,0,0
0x8f1af6,50%,1,1,2,1,1,0,0
0x7ce585,91.6667%,1,11,12,0,0,1,11
0xa5b14e,87.5%,1,7,8,0,1,0,7
0x672c89,50%,1,1,2,0,0,1,1
0x8f5713,99.8696%,1,766,767,0,0,1,766
0x61a2d6,80%,1,4,5,4,1,0,0
0x970ec6,99.9439%,1,1782,1783,0,0,1,1782
0x80b436,0%,1,0,1,0,0,1,0
0xb347a6,75%,1,3,4,3,1,0,0
0x8fe0ba,98.75%,1,79,80,79,1,0,0
0x67f122,99.9505%,1,2020,2021,0,0,1,2020
0x95a9b4,75%,1,3,4,0,0,1,3
0x489e0d,99.954%,1,2175,2176,2175,1,0,0
0xa3abbb,92.8571%,1,13,14,0,0,1,13
0x512e86,99.8775%,1,815,816,0,0,1,815
0x9ee103,99.3789%,1,160,161,0,0,1,160
0x80ab18,50%,1,1,2,1,1,0,0
0x9e3fe6,94.7368%,1,18,19,0,0,1,18
0x90fa8d,50%,1,1,2,1,1,0,0
0x99e7a7,92.3077%,1,12,13,0,0,1,12
0x8e4629,99.9343%,1,1520,1521,0,0,1,1520
0x9e827d,75%,1,3,4,3,1,0,0
0x404c48,95.2381%,1,20,21,20,1,0,0
0x8f3ffa,98.3607%,1,60,61,60,1,0,0
0xa08754,75%,1,3,4,0,0,1,3
0x4915e2,0%,1,0,1,0,1,0,0
0x4b50f6,90%,1,9,10,0,0,1,9
0x543ef1,99.4652%,1,186,187,0,0,1,186
0x80533e,50%,1,1,2,0,0,1,1
0x9fa1cb,83.3333%,1,5,6,0,0,1,5
0x4c768f,75%,1,3,4,0,0,1,3
0x8dd911,97.7273%,1,43,44,0,0,1,43
0x49050f,66.6667%,1,2,3,0,0,1,2
0x99b09e,97.5%,1,39,40,0,0,1,39
0x819d9e,99.6942%,1,326,327,0,0,1,326
0x5bbf7f,50%,1,1,2,0,0,1,1
0x7f045c,50%,1,1,2,1,1,0,0
0x8f45a2,98.2456%,1,56,57,56,1,0,0
0x804eaf,98.9583%,1,95,96,0,0,1,95
0x9ab8ed,99.5745%,1,234,235,0,0,1,234
0x63fd7a,99.8959%,1,960,961,0,0,1,960
0x96e3e7,0%,1,0,1,0,1,0,0
0x80b385,0%,1,0,1,0,0,1,0
0x807760,99.1453%,1,116,117,3,1,0,113
0x8ea088,66.6667%,1,2,3,0,0,1,2
0xa972d3,66.6667%,1,2,3,0,0,1,2
0xa352ea,66.6667%,1,2,3,2,1,0,0
0xa60b86,99.1379%,1,115,116,115,1,0,0
0x809f2b,50%,1,1,2,0,0,1,1
0x9ab271,99.8601%,1,714,715,0,0,1,714
0x8e3edc,75%,1,3,4,0,0,1,3
0x4c1de7,98.3607%,1,60,61,44,1,0,16
0x8dded7,98.1481%,1,53,54,0,0,1,53
0xa05e4a,0%,1,0,1,0,0,1,0
0xa0976a,83.3333%,1,5,6,0,0,1,5
0x7c15ff,99.9545%,1,2196,2197,0,0,1,2196
0x555b0e,66.6667%,1,2,3,2,1,0,0
0xa96005,96.1538%,1,25,26,25,1,0,0
0x8e3935,97.9167%,1,47,48,0,0,1,47
0x48ea63,99.7253%,1,363,364,363,1,0,0
0x901054,97.2973%,1,36,37,36,1,0,0
0x547377,98.3607%,1,60,61,0,0,1,60
0x9e41e8,99.3865%,1,162,163,162,1,0,0
0x69dbed,91.6667%,1,11,12,11,1,0,0
0x8e7e94,98.7342%,1,78,79,0,0,1,78
0xa06565,96.7742%,1,30,31,30,1,0,0
0x5addb0,96.2963%,1,26,27,26,1,0,0
0x50389b,90%,1,9,10,9,1,0,0
0x809d3c,75%,1,3,4,2,0,1,1
0x80a62c,50%,1,1,2,0,0,1,1
0x9a9808,90%,1,9,10,9,1,0,0
0xb304e2,80%,1,4,5,4,1,0,0
0x63a857,99.5%,1,199,200,199,1,0,0
0xa0735e,88.8889%,1,8,9,0,0,1,8
0x8deaa8,99.2188%,1,127,128,0,0,1,127
0x66f378,50%,1,1,2,0,0,1,1
0x8dea8a,99.2188%,1,127,128,0,0,1,127
0x8df5fe,96.2963%,1,26,27,0,1,0,26
0xa9c9be,97.0588%,1,33,34,33,1,0,0
0x98ce81,91.6667%,1,11,12,0,0,1,11
0x9f3a9c,83.3333%,1,5,6,0,0,1,5
0x8dfe89,99.6154%,1,259,260,1,1,0,258
0xa4d5b7,99.375%,1,159,160,159,1,0,0
0x4ad328,95%,1,19,20,19,1,0,0
0x546338,99.7743%,1,442,443,442,1,0,0
0x53a505,50%,1,1,2,0,0,1,1
0xa64bcf,87.5%,1,7,8,0,0,1,7
0x901337,50%,1,1,2,1,1,0,0
0x81d044,80%,1,4,5,0,0,1,4
0xa910cc,99.2537%,1,133,134,0,0,1,133
0x5cb0ad,99.8871%,1,885,886,0,0,1,885
0x8a78da,66.6667%,1,2,3,0,0,1,2
0x5937b0,94.7368%,1,18,19,0,0,1,18
0xa042f2,50%,1,1,2,1,1,0,0
0x590a19,50%,1,1,2,0,0,1,1
0x9725c1,90%,1,9,10,0,0,1,9
0x8e4675,99.6721%,1,304,305,0,0,1,304
0x8e44ac,99.7319%,1,372,373,7,1,0,365
0x5406f0,75%,1,3,4,1,1,0,2
0x833856,50%,1,1,2,1,1,0,0
0x8da3c4,99.0566%,1,105,106,0,0,1,105
0x94edd2,96.6667%,1,29,30,0,0,1,29
0x9e8921,99.3151%,1,145,146,0,0,1,145
0x8a4640,99.8425%,1,634,635,634,1,0,0
0x4c27a2,80%,1,4,5,0,0,1,4
0x8de8c3,99.5%,1,199,200,199,1,0,0
0x8e7264,99.6979%,1,330,331,330,1,0,0
0x4a9d16,95.6522%,1,22,23,0,0,1,22
0x8dd115,99.6825%,1,314,315,0,0,1,314
0x803f6d,99.6212%,1,263,264,0,0,1,263
0xa95aaf,50%,1,1,2,0,0,1,1
0x492815,50%,1,1,2,1,0,1,0
0x90e60d,99.8342%,1,602,603,0,0,1,602
0x94ac9f,98.2143%,1,55,56,0,0,1,55
0x974583,50%,1,1,2,1,1,0,0
0xb303c9,80%,1,4,5,4,1,0,0
0x8127b2,83.3333%,1,5,6,0,0,1,5
0xa06aec,50%,1,1,2,0,0,1,1
0x8e38a6,97.9167%,1,47,48,0,0,1,47
0x90be3d,99.8959%,1,960,961,0,0,1,960
0xa06476,97.1429%,1,34,35,0,0,1,34
0x9c42c0,98.3871%,1,61,62,0,0,1,61
0x9d1291,93.75%,1,15,16,15,1,0,0
0x8dd4f4,99.7642%,1,423,424,423,1,0,0
0x4c13d3,95.8333%,1,23,24,0,0,1,23
0x40e3d1,83.3333%,1,5,6,2,0,1,3
0x48fd9d,95%,1,19,20,0,0,1,19
0x8f5d4c,99.9017%,1,1016,1017,0,0,1,1016
0x4a9a33,50%,1,1,2,1,1,0,0
0x8ef18c,96.875%,1,31,32,31,1,0,0
0xa05802,80%,1,4,5,0,1,0,4
0x820a90,87.5%,1,7,8,7,1,0,0
0xa3e1a6,87.5%,1,7,8,0,0,1,7
0x9027fb,97.3684%,1,37,38,0,0,1,37
0x63ef5b,50%,1,1,2,1,1,0,0
0x4ac576,87.5%,1,7,8,0,0,1,7
0x65bcb0,99.802%,1,504,505,504,1,0,0
0xa55ec0,87.5%,1,7,8,4,1,0,3
0x838a25,50%,1,1,2,0,0,1,1
0x63f45e,99.9275%,1,1378,1379,0,0,1,1378
0xa96564,75%,1,3,4,0,0,1,3
0x4be9c7,99.2857%,1,139,140,0,0,1,139
0x5f87c4,0%,1,0,1,0,0,1,0
0x8f45c1,98.2456%,1,56,57,56,1,0,0
0x6a3b66,96.1538%,1,25,26,25,1,0,0
0xa3254e,75%,1,3,4,3,1,0,0
0x6a3b54,96.1538%,1,25,26,0,0,1,25
0x6a3b47,96.1538%,1,25,26,0,0,1,25
0x976fc1,50%,1,1,2,1,1,0,0
0xa47380,94.4444%,1,17,18,0,0,1,17
0x6a3ad8,97.3684%,1,37,38,25,1,0,12
0x97454c,99.5798%,1,237,238,237,1,0,0
0x8d20f7,50%,1,1,2,1,1,0,0
0x5cd631,66.6667%,1,2,3,0,0,1,2
0xa965cb,87.5%,1,7,8,7,1,0,0
0x6d4b8e,93.75%,1,15,16,0,0,1,15
0x687d7d,97.0588%,1,33,34,33,1,0,0
0x813e28,99.6032%,1,251,252,251,1,0,0
0xa33fb1,66.6667%,1,2,3,0,0,1,2
0x4103da,95.8333%,1,23,24,22,0,1,1
0x5f03f7,99.0476%,1,104,105,0,0,1,104
0x90a7c5,99.3464%,1,152,153,0,0,1,152
0x8d37fc,93.75%,1,15,16,11,1,0,4
0xa27515,99.6933%,1,325,326,0,0,1,325
0x90a792,99.3464%,1,152,153,0,0,1,152
0x4ab86d,96.7742%,1,30,31,0,0,1,30
0x90e7ef,96.6667%,1,29,30,0,0,1,29
0xb49908,50%,1,1,2,0,0,1,1
0x4a9c58,93.75%,1,15,16,15,1,0,0
0xa4466a,98.0769%,1,51,52,51,1,0,0
0x59f1e8,0%,1,0,1,0,0,1,0
0xa04278,50%,1,1,2,0,1,0,1
0x8bb439,99.7442%,1,390,391,0,0,1,390
0x5c7861,98.75%,1,79,80,79,1,0,0
0x7ce158,99.9476%,1,1909,1910,0,0,1,1909
0x99e826,92.3077%,1,12,13,0,0,1,12
0xa63cff,50%,1,1,2,1,1,0,0
0x8ddae3,99.1071%,1,111,112,0,0,1,111
0xa498c9,95.4545%,1,21,22,21,1,0,0
0x8fcddc,97.7273%,1,43,44,0,0,1,43
0x980f22,93.75%,1,15,16,7,1,0,8
0x7d28f0,91.6667%,1,11,12,11,1,0,0
0x90a48a,97.7273%,1,43,44,0,0,1,43
0x591672,66.6667%,1,2,3,0,0,1,2
0x9f413c,96.9697%,1,32,33,0,0,1,32
0x4be5c1,90.9091%,1,10,11,10,1,0,0
0x4c9ea5,75%,1,3,4,3,1,0,0
0x90a3f7,99.4318%,1,175,176,0,0,1,175
0x81b086,97.0588%,1,33,34,0,0,1,33
0xa51e49,97.4359%,1,38,39,0,0,1,38
0xa1b04c,0%,1,0,1,0,0,1,0
0x4a7d67,0%,1,0,1,0,0,1,0
0x40e32d,99.5935%,1,245,246,245,1,0,0
0x8f3620,99.7525%,1,403,404,11,1,0,392
0x90e2bb,99.375%,1,159,160,0,0,1,159
0x485c55,98.6301%,1,72,73,72,1,0,0
0xa08415,87.5%,1,7,8,0,1,0,7
0x90e278,99.375%,1,159,160,0,0,1,159
0x6f461e,83.3333%,1,5,6,0,0,1,5
0x9a8f75,92.8571%,1,13,14,13,1,0,0
0x404965,88.8889%,1,8,9,0,0,1,8
0x638f7c,99.7041%,1,337,338,0,0,1,337
0x919e01,99.7041%,1,337,338,337,1,0,0
0x8ec904,50%,1,1,2,0,0,1,1
0x538e77,94.4444%,1,17,18,0,0,1,17
0x8f637e,91.6667%,1,11,12,0,0,1,11
0x6f556e,99.422%,1,172,173,0,0,1,172
0x971002,80%,1,4,5,4,1,0,0
0xa34781,99.7462%,1,393,394,393,1,0,0
0x64bb17,75%,1,3,4,0,0,1,3
0x675333,0%,1,0,1,0,0,1,0
0x69656f,99.7481%,1,396,397,396,1,0,0
0x696555,99.7481%,1,396,397,0,0,1,396
0x5fa789,99.8674%,1,753,754,0,0,1,753
0x9eedcd,99.5652%,1,229,230,0,0,1,229
0x8e57ba,93.75%,1,15,16,15,1,0,0
0x404954,94.1176%,1,16,17,7,1,0,9
0x494b28,50%,1,1,2,1,1,0,0
0x8dce06,75%,1,3,4,3,1,0,0
0x697992,98.2143%,1,55,56,55,1,0,0
0x99aa39,99.0196%,1,101,102,0,0,1,101
0x973ac6,90%,1,9,10,9,1,0,0
0x8188d2,99.6656%,1,298,299,298,1,0,0
0x68a9c5,0%,1,0,1,0,1,0,0
0x5a656a,50%,1,1,2,0,1,0,1
0x4bc8b8,98.9362%,1,93,94,93,1,0,0
0xa96ac0,88.8889%,1,8,9,0,0,1,8
0x409e6a,93.75%,1,15,16,0,0,1,15
0xa43f67,98.4375%,1,63,64,63,1,0,0
0x49beb4,50%,1,1,2,1,1,0,0
0x67f3ea,50%,1,1,2,1,1,0,0
0x8e74c4,98.5915%,1,70,71,70,1,0,0
0x590c50,95.4545%,1,21,22,2,0,1,19
0x643d16,99.9299%,1,1426,1427,1426,1,0,0
0x4952e7,0%,1,0,1,0,1,0,0
0x81fd5b,97.9167%,1,47,48,0,0,1,47
0x4c70f6,94.4444%,1,17,18,0,0,1,17
0xa4804c,96.9697%,1,32,33,14,1,0,18
0xad6e47,50%,1,1,2,0,0,1,1
0x402e7c,97.0588%,1,33,34,0,0,1,33
0x6f44fb,96.4286%,1,27,28,0,0,1,27
0x8434c7,75%,1,3,4,0,0,1,3
0x8ef5db,99.2593%,1,134,135,134,1,0,0
0x49ec5a,99.3789%,1,160,161,0,0,1,160
0x7d3e0b,66.6667%,1,2,3,0,0,1,2
0x58e444,97.5%,1,39,40,0,0,1,39
0x67f64e,99.5968%,1,247,248,0,0,1,247
0x672338,50%,1,1,2,1,1,0,0
0xa8fc74,99.4118%,1,169,170,169,1,0,0
0x67f2c8,99.6154%,1,259,260,0,0,1,259
0x683697,98.7654%,1,80,81,80,1,0,0
0x63d776,66.6667%,1,2,3,2,1,0,0
0x80b5c7,0%,1,0,1,0,0,1,0
0x402faf,98.5507%,1,68,69,0,0,1,68
0x94d7a5,99.8227%,1,563,564,0,0,1,563
0x9be535,50%,1,1,2,0,0,1,1
0x908cad,99.8195%,1,553,554,0,0,1,553
0x5d8a3d,83.3333%,1,5,6,5,1,0,0
0x8dca29,99.0909%,1,109,110,0,0,1,109
0xaa33b4,99.7015%,1,334,335,0,0,1,334
0xa43073,75%,1,3,4,3,1,0,0
0x949a5a,98.1132%,1,52,53,0,0,1,52
0x9c5546,87.5%,1,7,8,7,1,0,0
0xa542a7,99.1071%,1,111,112,108,0,1,3
0x9091e3,99.9461%,1,1856,1857,1856,1,0,0
0xa9d1d5,98.4848%,1,65,66,0,0,1,65
0xa94b67,75%,1,3,4,3,1,0,0
0x5cfca9,95.8333%,1,23,24,0,0,1,23
0x4bed51,87.5%,1,7,8,3,1,0,4
0x40bd58,75%,1,3,4,3,1,0,0
0xa496b6,97.619%,1,41,42,41,1,0,0
0x984866,75%,1,3,4,3,1,0,0
0x9fc668,92.8571%,1,13,14,13,1,0,0
0xa8f867,75%,1,3,4,0,1,0,3
0x98cff4,98.8889%,1,89,90,89,1,0,0
0x6750b0,66.6667%,1,2,3,0,0,1,2
0x5b0efe,0%,1,0,1,0,0,1,0
0x639c4e,91.6667%,1,11,12,11,1,0,0
0x541335,87.5%,1,7,8,7,1,0,0
0x9f9655,98.5294%,1,67,68,0,0,1,67
0x99a87a,99.4083%,1,168,169,0,0,1,168
0x7d404d,66.6667%,1,2,3,2,1,0,0
0x5f0570,96.2963%,1,26,27,0,0,1,26
0x70e96b,50%,1,1,2,1,1,0,0
0x70e909,50%,1,1,2,1,1,0,0
0x70e8fc,50%,1,1,2,0,0,1,1
0x4905c3,66.6667%,1,2,3,0,0,1,2
0x6b702f,0%,1,0,1,0,1,0,0
0x6b461c,0%,1,0,1,0,1,0,0
0x64b546,91.6667%,1,11,12,0,0,1,11
0xa4967e,92.3077%,1,12,13,12,1,0,0
0x7b823d,92.8571%,1,13,14,13,1,0,0
0x808d71,99.9879%,1,8277,8278,8277,1,0,0
0x6a78e8,0%,1,0,1,0,1,0,0
0x6a78c6,0%,1,0,1,0,1,0,0
0x6a7896,0%,1,0,1,0,0,1,0
0xa07ad4,0%,1,0,1,0,0,1,0
0x67ef1b,90%,1,9,10,9,1,0,0
0x80b8e6,99.5192%,1,207,208,207,1,0,0
0x67ef00,90%,1,9,10,0,0,1,9
0x8c8da1,87.5%,1,7,8,7,1,0,0
0x8ff81e,99%,1,99,100,0,0,1,99
0x817e5a,99.6%,1,249,250,0,0,1,249
0x90fc47,99.9025%,1,1025,1026,0,0,1,1025
0x67eece,90%,1,9,10,9,1,0,0
0x6a7858,0%,1,0,1,0,0,1,0
0x6f45b4,75%,1,3,4,3,1,0,0
0x5c4cdc,80%,1,4,5,0,0,1,4
0x58ebfa,91.6667%,1,11,12,11,1,0,0
0x543aaf,99.926%,1,1350,1351,0,0,1,1350
0x5f3c7f,66.6667%,1,2,3,2,1,0,0
0x535893,98.4375%,1,63,64,0,1,0,63
0xaa34d4,99.8918%,1,923,924,923,1,0,0
0x54fdcc,0%,1,0,1,0,1,0,0
0x67ec0d,99.1803%,1,121,122,0,0,1,121
0x6994d1,0%,1,0,1,0,0,1,0
0x915bd2,50%,1,1,2,0,0,1,1
0x6994b4,0%,1,0,1,0,1,0,0
0x5904ac,98.5915%,1,70,71,0,1,0,70
0x69947e,0%,1,0,1,0,1,0,0
0x8dc1ed,99.8715%,1,777,778,777,1,0,0
0x58e840,83.3333%,1,5,6,5,1,0,0
0x5f06a6,98.5294%,1,67,68,67,1,0,0
0x699436,0%,1,0,1,0,0,1,0
0x67f418,50%,1,1,2,1,1,0,0
0x67f3b8,50%,1,1,2,1,1,0,0
0x67f390,50%,1,1,2,0,0,1,1
0x8adca2,95.4545%,1,21,22,21,1,0,0
0x54799c,90.9091%,1,10,11,10,1,0,0
0x68b13b,75%,1,3,4,3,1,0,0
0x68b109,75%,1,3,4,0,0,1,3
0x683206,97.2973%,1,36,37,36,1,0,0
0x8dc4b1,75%,1,3,4,0,0,1,3
0x8a643d,99.0476%,1,104,105,0,0,1,104
0x9a1046,93.3333%,1,14,15,14,1,0,0
0x8a6083,50%,1,1,2,0,0,1,1
0x534841,98.4848%,1,65,66,0,0,1,65
0xa4f8f6,92.8571%,1,13,14,0,0,1,13
0x80aa10,66.6667%,1,2,3,0,0,1,2
0x81912c,97.0588%,1,33,34,0,0,1,33
0x99f424,50%,1,1,2,1,1,0,0
0x48a5fb,99.9311%,1,1450,1451,0,0,1,1450
0x40a27e,97.0588%,1,33,34,0,0,1,33
0x5fdc89,0%,1,0,1,0,1,0,0
0x9f7c7f,92.3077%,1,12,13,1,0,1,11
0x81734a,0%,1,0,1,0,1,0,0
0x7c6872,50%,1,1,2,0,0,1,1
0x4a71b2,99.5575%,1,225,226,0,0,1,225
0x54d91a,93.75%,1,15,16,0,0,1,15
0x5425b7,99.2248%,1,128,129,0,0,1,128
0x804768,50%,1,1,2,1,1,0,0
0x6841e7,87.5%,1,7,8,7,1,0,0
0x4a7003,98.3333%,1,59,60,0,0,1,59
0x692449,90%,1,9,10,9,1,0,0
0xa536b3,83.3333%,1,5,6,5,1,0,0
0x692411,90%,1,9,10,9,1,0,0
0x542754,99.4819%,1,192,193,0,0,1,192
0x54469a,50%,1,1,2,0,0,1,1
0x805e48,75%,1,3,4,3,1,0,0
0x7d1f04,75%,1,3,4,3,1,0,0
0x977d8e,99.6%,1,249,250,0,0,1,249
0x6dce46,75%,1,3,4,3,1,0,0
0x6f0a0c,93.75%,1,15,16,0,0,1,15
0xaa05cb,98.5294%,1,67,68,0,1,0,67
0x4b5210,0%,1,0,1,0,0,1,0
0x94617d,94.7368%,1,18,19,18,1,0,0
0x6ed70b,0%,1,0,1,0,0,1,0
0x6ed290,0%,1,0,1,0,1,0,0
0x67d78e,50%,1,1,2,1,1,0,0
0x6994d6,0%,1,0,1,0,1,0,0
0x48283a,50%,1,1,2,1,1,0,0
0x9499f1,98.1132%,1,52,53,52,1,0,0
0x48de0e,99.3377%,1,150,151,0,0,1,150
0x8dce32,99.6825%,1,314,315,1,1,0,313
0x5f45c8,50%,1,1,2,0,0,1,1
0x5b6e8c,87.5%,1,7,8,0,0,1,7
0x9aa24e,97.2973%,1,36,37,0,0,1,36
0xa345d9,99.2366%,1,130,131,0,0,1,130
0xa26606,99.9013%,1,1012,1013,0,0,1,1012
0x9fe837,66.6667%,1,2,3,0,0,1,2
0x5ec586,97.5%,1,39,40,0,0,1,39
0x5bc0a3,50%,1,1,2,0,0,1,1
0x8f1baf,99.2537%,1,133,134,133,1,0,0
0x8f1ba9,99.2537%,1,133,134,0,0,1,133
0x95c500,91.6667%,1,11,12,0,0,1,11
0x8c7bc7,98.1481%,1,53,54,53,1,0,0
0xa9f37a,66.6667%,1,2,3,2,1,0,0
0x48b9cf,99.963%,1,2702,2703,0,0,1,2702
0x81c510,95.4545%,1,21,22,21,1,0,0
0x5fa3d7,99.5475%,1,220,221,0,0,1,220
0x8df32f,87.5%,1,7,8,0,0,1,7
0x65a058,99.6047%,1,252,253,0,0,1,252
0x8f0b20,99.3333%,1,149,150,149,1,0,0
0x8e72fb,99.6979%,1,330,331,0,0,1,330
0x4c7f99,85.7143%,1,6,7,6,1,0,0
0x8ea504,87.5%,1,7,8,7,1,0,0
0x8f7881,99.3631%,1,156,157,156,1,0,0
0x81c4d3,99.7549%,1,407,408,0,0,1,407
0x63b56a,99.9234%,1,1305,1306,0,0,1,1305
0x590df8,0%,1,0,1,0,0,1,0
0x8c825a,99.9471%,1,1889,1890,0,0,1,1889
0x7228a2,99.9636%,1,2748,2749,0,0,1,2748
0x63aaaa,99.8782%,1,820,821,820,1,0,0
0x64dff6,99.8158%,1,542,543,542,1,0,0
0x9750c8,87.5%,1,7,8,7,1,0,0
0x6d0427,98%,1,49,50,49,1,0,0
0x49aedf,97.4359%,1,38,39,0,0,1,38
0xa28250,66.6667%,1,2,3,2,1,0,0
0x81cefe,98.3333%,1,59,60,59,1,0,0
0x4b298e,50%,1,1,2,0,0,1,1
0xb22b29,99.9465%,1,1867,1868,0,0,1,1867
0xa427c7,99.5556%,1,224,225,0,0,1,224
0xa4ffb3,94.7368%,1,18,19,0,0,1,18
0xa5c493,98%,1,49,50,0,0,1,49
0x90876a,99.8959%,1,960,961,0,0,1,960
0x9fb69f,99.5349%,1,214,215,214,1,0,0
0xa04193,80%,1,4,5,0,1,0,4
0x808a6e,88.8889%,1,8,9,0,0,1,8
0x7c6396,99.3333%,1,149,150,0,0,1,149
0xa312cc,95.6522%,1,22,23,22,1,0,0
0x81ca53,99.4186%,1,171,172,0,0,1,171
0x44150e,90.9091%,1,10,11,0,0,1,10
0x53406a,50%,1,1,2,0,0,1,1
0x538526,50%,1,1,2,0,1,0,1
0x49521b,0%,1,0,1,0,0,1,0
0x58cd42,99.3939%,1,164,165,0,0,1,164
0x975155,94.7368%,1,18,19,3,1,0,15
0x51010a,99.9423%,1,1733,1734,0,0,1,1733
0x4915d9,0%,1,0,1,0,1,0,0
0x8df2fb,95.8333%,1,23,24,0,0,1,23
0x5c4c88,99.937%,1,1587,1588,0,0,1,1587
0x4a7a35,97.8261%,1,45,46,0,1,0,45
0x8dce25,99.8158%,1,542,543,0,0,1,542
0x40bbf0,99.0476%,1,104,105,0,1,0,104
0x4a136d,99.1525%,1,117,118,0,1,0,117
0x5570db,99.5885%,1,242,243,0,0,1,242
0x67200a,50%,1,1,2,1,1,0,0
0x8ed906,99.4709%,1,188,189,0,0,1,188
0x40eaa6,75%,1,3,4,3,1,0,0
0x839024,93.75%,1,15,16,0,0,1,15
0xaa801b,99.811%,1,528,529,528,1,0,0
0x4a9a78,50%,1,1,2,0,0,1,1
0x7acd8a,50%,1,1,2,1,1,0,0
0x8eddd4,99.7783%,1,450,451,0,0,1,450
0x918f15,99.5%,1,199,200,0,0,1,199
0x8f2211,94.1176%,1,16,17,1,0,1,15
0x9e0281,94.4444%,1,17,18,17,1,0,0
0x9f4859,75%,1,3,4,0,0,1,3
0x48d813,83.3333%,1,5,6,5,1,0,0
0x811b17,50%,1,1,2,1,1,0,0
0x9ab5f6,99.2806%,1,138,139,0,0,1,138
0x5cfcb8,95.8333%,1,23,24,23,1,0,0
0x8e4931,99.8438%,1,639,640,0,0,1,639
0x901ab3,99.6032%,1,251,252,1,1,0,250
0x5f39b7,85.7143%,1,6,7,6,1,0,0
0xad4580,80%,1,4,5,4,1,0,0
0x81b040,50%,1,1,2,0,0,1,1
0x670551,0%,1,0,1,0,1,0,0
0x8136e8,99.697%,1,329,330,329,1,0,0
0x5b3565,83.3333%,1,5,6,0,0,1,5
0x8ed8a0,99.7797%,1,453,454,2,1,0,451
0x8fefb6,99.7167%,1,352,353,0,0,1,352
0x80aeab,96.9697%,1,32,33,0,0,1,32
0x60bae5,0%,1,0,1,0,1,0,0
0x54687c,50%,1,1,2,0,0,1,1
0x6498c0,50%,1,1,2,1,1,0,0
0xa37622,90%,1,9,10,0,0,1,9
0x814cd7,50%,1,1,2,0,0,1,1
0xa95fc5,87.5%,1,7,8,0,0,1,7
0x81b07c,97.1429%,1,34,35,0,1,0,34
0xa5779b,92.8571%,1,13,14,0,0,1,13
0x406b9a,95.8333%,1,23,24,23,1,0,0
0x8ea0a1,66.6667%,1,2,3,0,0,1,2
0x58d8c1,98.5507%,1,68,69,0,0,1,68
0x8ef5a4,99.2593%,1,134,135,0,0,1,134
0x8ef476,99.3056%,1,143,144,0,0,1,143
0x542b76,99.9194%,1,1239,1240,1239,1,0,0
0x95a958,75%,1,3,4,3,1,0,0
0x786a04,83.3333%,1,5,6,3,1,0,2
0xa7bee7,80%,1,4,5,0,0,1,4
0x4c6442,96.4286%,1,27,28,27,1,0,0
0x99f136,90.9091%,1,10,11,0,0,1,10
0x4b93ea,93.75%,1,15,16,3,0,1,12
0x5422b5,99.5434%,1,218,219,0,0,1,218
0x6f1710,91.6667%,1,11,12,0,0,1,11
0x63ce8a,99.5%,1,199,200,0,0,1,199
0xa9731b,66.6667%,1,2,3,0,0,1,2
0x63ccea,99.5%,1,199,200,199,1,0,0
0x544e07,99.5536%,1,223,224,0,0,1,223
0x606ede,66.6667%,1,2,3,0,0,1,2
0x81bd24,99.6845%,1,316,317,0,0,1,316
0x8fc455,98.4848%,1,65,66,0,0,1,65
0x63ad5f,99.7396%,1,383,384,383,1,0,0
0x63ad2d,99.7396%,1,383,384,383,1,0,0
0x63ad14,99.7396%,1,383,384,383,1,0,0
0x81c796,98.3333%,1,59,60,0,0,1,59
0x551031,93.3333%,1,14,15,0,0,1,14
0x6f1742,91.6667%,1,11,12,11,1,0,0
0x4b5f56,87.5%,1,7,8,0,0,1,7
0x649e64,50%,1,1,2,1,1,0,0
0x4c73ab,94.4444%,1,17,18,17,1,0,0
0x7c7579,83.3333%,1,5,6,5,1,0,0
0x8c8183,0%,1,0,1,0,1,0,0
0x70c22d,83.3333%,1,5,6,5,1,0,0
0xa064b4,97.1429%,1,34,35,0,0,1,34
0xa2b311,50%,1,1,2,1,1,0,0
0xa02d09,98.4127%,1,62,63,0,0,1,62
0x97703d,87.5%,1,7,8,0,0,1,7
0x540f7a,80%,1,4,5,0,0,1,4
0x909916,99.9171%,1,1206,1207,1206,1,0,0
0xb17b96,99.9057%,1,1060,1061,0,0,1,1060
0x6f54fb,97.5%,1,39,40,0,0,1,39
0x80a692,50%,1,1,2,1,0,1,0
0x838f8e,95%,1,19,20,1,1,0,18
0x8ff2c6,98.4375%,1,63,64,0,0,1,63
0xa96281,75%,1,3,4,0,0,1,3
0xa2df8b,97.3684%,1,37,38,3,1,0,34
0x6cd00d,83.3333%,1,5,6,0,0,1,5
0x6ccfdd,83.3333%,1,5,6,0,0,1,5
0x6cce8d,83.3333%,1,5,6,5,1,0,0
0x639ad9,97.2973%,1,36,37,0,0,1,36
0x6823b3,97.0588%,1,33,34,0,0,1,33
0x90e89a,99.8959%,1,960,961,960,1,0,0
0x543b27,99.5215%,1,208,209,0,0,1,208
0xaabd28,75%,1,3,4,3,1,0,0
0x8147ed,99.7669%,1,428,429,0,0,1,428
0x5b4196,96.7742%,1,30,31,30,1,0,0
0x5f4858,50%,1,1,2,0,1,0,1
0x8e1fdc,99.5327%,1,213,214,0,0,1,213
0x90ed05,99.8462%,1,649,650,0,0,1,649
0xa9c7a3,99.2754%,1,137,138,0,0,1,137
0x672484,0%,1,0,1,0,1,0,0
0x4a65d6,66.6667%,1,2,3,0,0,1,2
0x4a9473,98.4127%,1,62,63,62,1,0,0
0x67f54b,97.2973%,1,36,37,0,0,1,36
0x8eef9d,99.7783%,1,450,451,0,0,1,450
0x63d256,95.6522%,1,22,23,22,1,0,0
0x99ed34,93.3333%,1,14,15,13,0,1,1
0x900bda,99.7006%,1,333,334,0,0,1,333
0x816423,50%,1,1,2,1,1,0,0
0x63ce93,99.5%,1,199,200,199,1,0,0
0x63b644,99.9234%,1,1305,1306,1305,1,0,0
0x816d04,0%,1,0,1,0,1,0,0
0x95b88f,75%,1,3,4,0,0,1,3
0x9009d8,99.3151%,1,145,146,0,0,1,145
0x722c77,90%,1,9,10,0,0,1,9
0x5406f9,50%,1,1,2,0,0,1,1
0x8ee2ff,97.7778%,1,44,45,0,0,1,44
0x6d9a3a,87.5%,1,7,8,7,1,0,0
0x9a1644,95.2381%,1,20,21,20,1,0,0
0x8e32b3,99.9761%,1,4190,4191,4190,1,0,0
0xa50ed0,98.6842%,1,75,76,75,1,0,0
0x4a784d,98.1132%,1,52,53,52,1,0,0
0x6823c2,97.0588%,1,33,34,0,0,1,33
0x485ad4,99.0099%,1,100,101,100,1,0,0
0xa9ceff,94.7368%,1,18,19,0,0,1,18
0x4904d6,66.6667%,1,2,3,2,1,0,0
0x49d20c,0%,1,0,1,0,0,1,0
0x94b5b8,98.7342%,1,78,79,0,0,1,78
0x550339,99.7175%,1,353,354,0,0,1,353
0x8ab01f,97.0588%,1,33,34,0,0,1,33
0x5f3b92,66.6667%,1,2,3,2,1,0,0
0x48c102,98.8372%,1,85,86,85,1,0,0
0x99887c,50%,1,1,2,0,0,1,1
0x63ab35,99.8782%,1,820,821,820,1,0,0
0xa3d29f,87.5%,1,7,8,7,1,0,0
0x80c3d6,0%,1,0,1,0,0,1,0
0x7235cf,99.9308%,1,1445,1446,0,0,1,1445
0x72353b,99.9308%,1,1445,1446,0,0,1,1445
0x8ecbeb,98.0769%,1,51,52,0,0,1,51
0x48efbb,99.6212%,1,263,264,0,0,1,263
0xaa45f7,98.9899%,1,98,99,0,0,1,98
0x606eee,66.6667%,1,2,3,2,1,0,0
0x81ca09,99.4186%,1,171,172,0,0,1,171
0xa1b03a,80%,1,4,5,3,1,0,1
0xaa134d,99.4872%,1,194,195,0,0,1,194
0x482e8b,94.7368%,1,18,19,18,1,0,0
0x972672,99.6337%,1,272,273,0,0,1,272
0x9712bf,80%,1,4,5,0,0,1,4
0x48bd5b,99%,1,99,100,99,1,0,0
0xa97f1b,91.6667%,1,11,12,11,1,0,0
0x977043,87.5%,1,7,8,1,1,0,6
0x966007,94.7368%,1,18,19,18,1,0,0
0x402b2f,99.8922%,1,927,928,0,0,1,927
0x5fe504,75%,1,3,4,0,0,1,3
0x9e00c7,99.9069%,1,1073,1074,0,0,1,1073
0x556c67,87.5%,1,7,8,7,1,0,0
0x8bb445,99.7442%,1,390,391,0,0,1,390
0x6d45c4,99.3103%,1,144,145,0,0,1,144
0xa99d3b,90.9091%,1,10,11,0,0,1,10
0x63deac,99.8959%,1,960,961,960,1,0,0
0x78f8a5,0%,1,0,1,0,1,0,0
0xb4a155,99.8956%,1,957,958,957,1,0,0
0x8fcff7,98.5915%,1,70,71,0,0,1,70
0x9f6330,66.6667%,1,2,3,2,1,0,0
0x81f347,99.9268%,1,1366,1367,0,0,1,1366
0x9f4162,96.9697%,1,32,33,0,0,1,32
0x8e4dba,99.7525%,1,403,404,0,0,1,403
0x78b6cd,91.6667%,1,11,12,0,0,1,11
0x4a639f,66.6667%,1,2,3,0,1,0,2
0x7d2559,75%,1,3,4,3,1,0,0
0xa06aa1,50%,1,1,2,0,0,1,1
0x5e3ac7,66.6667%,1,2,3,2,1,0,0
0x501d1e,80%,1,4,5,4,1,0,0
0x8da3d5,99.0566%,1,105,106,0,0,1,105
0x98b2c2,99.5455%,1,219,220,0,0,1,219
0x543dec,95.4545%,1,21,22,21,1,0,0
0x8da2ab,99.932%,1,1470,1471,1470,1,0,0
0x809121,80%,1,4,5,4,1,0,0
0xa537ab,83.3333%,1,5,6,5,1,0,0
0x8e5a42,99.5192%,1,207,208,207,1,0,0
0x9f6522,99.4413%,1,178,179,0,0,1,178
0xa8f963,98.8235%,1,84,85,84,1,0,0
0xa25fa6,99.9013%,1,1012,1013,0,0,1,1012
0x9fb65b,99.5935%,1,245,246,0,0,1,245
0x8ea2d5,99.9184%,1,1224,1225,1224,1,0,0
0xa2f137,0%,1,0,1,0,0,1,0
0x9f8221,0%,1,0,1,0,1,0,0
0xb6a117,80%,1,4,5,0,0,1,4
0xa15dc2,87.5%,1,7,8,0,0,1,7
0x8da81b,83.3333%,1,5,6,0,0,1,5
0xa8aba4,99.4286%,1,174,175,0,0,1,174
0x80e4a3,50%,1,1,2,0,0,1,1
0x54d036,75%,1,3,4,0,0,1,3
0xad3206,50%,1,1,2,0,0,1,1
0xad456a,80%,1,4,5,0,0,1,4
0x80a83c,99.8811%,1,840,841,0,0,1,840
0xa48a6e,99.4382%,1,177,178,0,0,1,177
0x5f0a9d,66.6667%,1,2,3,0,0,1,2
0x677c66,99.6599%,1,293,294,0,0,1,293
0x5f4866,0%,1,0,1,0,1,0,0
0x5f0a8a,66.6667%,1,2,3,0,0,1,2
0x80a67d,99.5238%,1,209,210,0,0,1,209
0x8da7f1,83.3333%,1,5,6,0,0,1,5
0x8be98c,50%,1,1,2,1,1,0,0
0x50829c,99.8106%,1,527,528,527,1,0,0
0x9c5210,87.5%,1,7,8,7,1,0,0
0x804f09,50%,1,1,2,0,0,1,1
0x4b8af8,93.75%,1,15,16,0,0,1,15
0x82204a,96.875%,1,31,32,0,0,1,31
0x81218a,75%,1,3,4,1,1,0,2
0x973de2,96.6667%,1,29,30,29,1,0,0
0x5cfd74,95.8333%,1,23,24,23,1,0,0
0x94a96f,98.75%,1,79,80,79,1,0,0
0x81ef0a,97.5%,1,39,40,0,0,1,39
0x9737d6,97.3684%,1,37,38,37,1,0,0
0x81a41e,99.7567%,1,410,411,0,0,1,410
0x495f9d,98.1818%,1,54,55,54,1,0,0
0x6185a0,50%,1,1,2,1,1,0,0
0x81d3a2,99.4505%,1,181,182,0,0,1,181
0x81fde3,50%,1,1,2,1,1,0,0
0x8381bc,80%,1,4,5,4,1,0,0
0x8b9fe6,97.5%,1,39,40,39,1,0,0
0x9e765b,99.0654%,1,106,107,0,0,1,106
0x64860b,98.2143%,1,55,56,0,0,1,55
0xaadb7e,98.1481%,1,53,54,0,0,1,53
0x8a9ee4,99.7854%,1,465,466,0,0,1,465
0x8ef294,97.9167%,1,47,48,0,0,1,47
0xa06fc0,88.8889%,1,8,9,0,0,1,8
0x8ff3dc,99.2126%,1,126,127,0,0,1,126
0x64c02f,99.4152%,1,170,171,170,1,0,0
0x8df168,99.4737%,1,189,190,189,1,0,0
0xa5919a,99.1597%,1,118,119,118,1,0,0
0x40b417,50%,1,1,2,0,0,1,1
0x9a9b93,99.0566%,1,105,106,0,0,1,105
0x4c5f03,97.561%,1,40,41,0,0,1,40
0xa9b9e6,95%,1,19,20,19,1,0,0
0x811809,50%,1,1,2,0,0,1,1
0x9f5938,96%,1,24,25,23,0,1,1
0x812360,99.9126%,1,1143,1144,0,0,1,1143
0x5f27ff,80%,1,4,5,4,1,0,0
0x811d6e,99.3976%,1,165,166,0,0,1,165
0x609dbe,99.4845%,1,193,194,0,0,1,193
0x819ccd,96.9697%,1,32,33,0,1,0,32
0x9f7c86,92.3077%,1,12,13,3,1,0,9
0xa58d94,99.1379%,1,115,116,0,0,1,115
0x4b839f,90.9091%,1,10,11,10,1,0,0
0x90e675,99.8902%,1,910,911,0,0,1,910
0x48ef4d,99.6979%,1,330,331,0,0,1,330
0x7bdd3a,75%,1,3,4,3,1,0,0
0x8f20a5,94.1176%,1,16,17,0,0,1,16
0x951bcb,88.8889%,1,8,9,0,0,1,8
0x502ba7,92.3077%,1,12,13,12,1,0,0
0x805279,50%,1,1,2,1,1,0,0
0x4bb737,80%,1,4,5,2,1,0,2
0x9e86d9,96.875%,1,31,32,31,1,0,0
0x81160a,50%,1,1,2,1,1,0,0
0x7f0c83,98.6667%,1,74,75,0,0,1,74
0xad456f,80%,1,4,5,4,1,0,0
0xa061d5,95.2381%,1,20,21,20,1,0,0
0x8f55b0,99.9413%,1,1702,1703,1702,1,0,0
0x49e326,99.7076%,1,341,342,0,0,1,341
0x5d184e,95.8333%,1,23,24,23,1,0,0
0x402557,99.8054%,1,513,514,0,0,1,513
0xa468b0,96.1538%,1,25,26,25,1,0,0
0x49cade,99.8553%,1,690,691,0,0,1,690
0x97739a,94.4444%,1,17,18,5,1,0,12
0x805355,50%,1,1,2,0,0,1,1
0x8f0ca3,83.3333%,1,5,6,5,1,0,0
0x40e6da,98.5294%,1,67,68,44,1,0,23
0xa998d8,50%,1,1,2,0,0,1,1
0xa06686,97.7778%,1,44,45,0,0,1,44
0xaa014a,66.6667%,1,2,3,2,1,0,0
0x816a78,92.3077%,1,12,13,0,0,1,12
0x9e0b55,99.6109%,1,256,257,0,0,1,256
0xa0699e,50%,1,1,2,0,0,1,1
0x610984,92.3077%,1,12,13,0,0,1,12
0x811a31,80%,1,4,5,4,1,0,0
0x78c004,50%,1,1,2,0,0,1,1
0x9ecadb,75%,1,3,4,3,1,0,0
0x81f331,99.9481%,1,1927,1928,0,0,1,1927
0x40a972,98.9011%,1,90,91,90,1,0,0
0x679650,99.1071%,1,111,112,0,0,1,111
0x8e925d,98.8764%,1,88,89,0,0,1,88
0x80ba21,50%,1,1,2,0,0,1,1
0x8ec514,50%,1,1,2,0,0,1,1
0xa46604,99.1071%,1,111,112,0,0,1,111
0x8e1262,93.75%,1,15,16,0,0,1,15
0x48702a,99.2754%,1,137,138,137,1,0,0
0x96eab6,0%,1,0,1,0,0,1,0
0xaa260b,95.4545%,1,21,22,0,0,1,21
0x5badbc,50%,1,1,2,1,1,0,0
0x4bcdf6,93.75%,1,15,16,0,1,0,15
0x9f05d9,99.8701%,1,769,770,0,0,1,769
0xa06864,50%,1,1,2,1,1,0,0
0x5af6f8,88.8889%,1,8,9,8,1,0,0
0x808b44,50%,1,1,2,0,0,1,1
0x80b37f,83.3333%,1,5,6,4,1,0,1
0x4b850f,66.6667%,1,2,3,2,1,0,0
0x81b1ac,97.0588%,1,33,34,33,1,0,0
0x803851,50%,1,1,2,1,1,0,0
0x48f5e3,66.6667%,1,2,3,0,0,1,2
0x554d2a,75%,1,3,4,0,0,1,3
0x5f3212,85.7143%,1,6,7,6,1,0,0
0x60470f,99.435%,1,176,177,0,0,1,176
0x49d269,0%,1,0,1,0,0,1,0
0x977a93,97.4359%,1,38,39,38,1,0,0
0x8df2bc,95.8333%,1,23,24,0,0,1,23
0x77cb31,83.3333%,1,5,6,5,1,0,0
0x541ef0,99.7253%,1,363,364,363,1,0,0
0x4c54c3,0%,1,0,1,0,1,0,0
0x48bf37,99.0826%,1,108,109,0,0,1,108
0x63c614,99.8959%,1,960,961,960,1,0,0
0x51b51d,94.7368%,1,18,19,18,1,0,0
0x8119b1,80%,1,4,5,4,1,0,0
0x81fb92,99.6904%,1,322,323,0,0,1,322
0x807074,99.7449%,1,391,392,0,0,1,391
0x5f05a1,50%,1,1,2,1,1,0,0
0xa285ba,96.6667%,1,29,30,0,0,1,29
0x4fdcab,98.7805%,1,81,82,0,0,1,81
0x554779,98.4127%,1,62,63,0,0,1,62
0xa43953,99.5025%,1,200,201,0,0,1,200
0x6663dd,50%,1,1,2,0,0,1,1
0x8e423c,99.9565%,1,2298,2299,2298,1,0,0
0x9eb6cd,98.6111%,1,71,72,0,0,1,71
0x4b84ed,66.6667%,1,2,3,2,0,1,0
0xa42c29,98.1481%,1,53,54,0,0,1,53
0x8151c5,98.1818%,1,54,55,0,0,1,54
0xa338f2,85.7143%,1,6,7,1,1,0,5
0x65c0d4,99.7788%,1,451,452,0,0,1,451
0x81b7a6,94.7368%,1,18,19,0,0,1,18
0xa3ff89,95.8333%,1,23,24,23,1,0,0
0x506272,99.8454%,1,646,647,0,0,1,646
0xaa7dca,85.7143%,1,6,7,6,1,0,0
0x59fc10,0%,1,0,1,0,0,1,0
0x9b8fa2,98.7952%,1,82,83,0,0,1,82
0x8e928d,98.8235%,1,84,85,0,0,1,84
0x5573c0,83.3333%,1,5,6,0,0,1,5
0x99eb2d,92.3077%,1,12,13,12,1,0,0
0xa28a1b,93.75%,1,15,16,0,0,1,15
0x4b7a55,90.9091%,1,10,11,9,0,1,1
0x5d1806,95.8333%,1,23,24,0,0,1,23
0x492e74,0%,1,0,1,0,1,0,0
0xa96279,75%,1,3,4,0,0,1,3
0x8bb731,90%,1,9,10,0,0,1,9
0x58daab,96.1538%,1,25,26,25,1,0,0
0xa49a85,75%,1,3,4,3,1,0,0
0x4c0451,98.8372%,1,85,86,85,1,0,0
0x638efe,99.7041%,1,337,338,337,1,0,0
0x5d254e,99.9197%,1,1244,1245,1244,1,0,0
0x80c41a,94.4444%,1,17,18,0,0,1,17
0x811de3,99.9177%,1,1214,1215,0,0,1,1214
0xa96b04,93.75%,1,15,16,0,0,1,15
0x804dd7,75%,1,3,4,1,1,0,2
0x80a5a9,50%,1,1,2,0,0,1,1
0x814a78,98.4127%,1,62,63,0,0,1,62
0x48e5b7,97.9167%,1,47,48,0,0,1,47
0x8dc412,75%,1,3,4,3,1,0,0
0xa07bb2,0%,1,0,1,0,1,0,0
0x8ed90e,99.4709%,1,188,189,188,1,0,0
0x53e492,94.1176%,1,16,17,3,1,0,13
0x53f190,80%,1,4,5,0,0,1,4
0xa99562,90.9091%,1,10,11,0,0,1,10
0x4c4f66,94.1176%,1,16,17,0,0,1,16
0x911aad,99.9136%,1,1157,1158,0,0,1,1157
0x7f0c38,0%,1,0,1,0,1,0,0
0x8aba6a,50%,1,1,2,1,1,0,0
0x80a408,50%,1,1,2,0,0,1,1
0x7c20e8,91.6667%,1,11,12,0,0,1,11
0x9f7a12,99.1071%,1,111,112,0,0,1,111
0x4bfeda,66.6667%,1,2,3,2,1,0,0
0x5e4657,99.9337%,1,1508,1509,0,0,1,1508
0x8e392a,97.9167%,1,47,48,0,0,1,47
0x659e42,94.7368%,1,18,19,18,1,0,0
0x63f362,99.5%,1,199,200,0,0,1,199
0x8e5edf,96.875%,1,31,32,0,0,1,31
0x8df694,50%,1,1,2,1,1,0,0
0x805f5f,75%,1,3,4,3,1,0,0
0x9c3b39,87.5%,1,7,8,0,0,1,7
0x784135,97.1429%,1,34,35,34,1,0,0
0x902808,97.3684%,1,37,38,35,0,1,2
0x8eb660,97.2973%,1,36,37,0,0,1,36
0x402e0d,75%,1,3,4,0,0,1,3
0x9ab9dc,99.5671%,1,230,231,0,0,1,230
0x534a04,88.8889%,1,8,9,0,0,1,8
0x814bbe,94.4444%,1,17,18,0,0,1,17
0x5da0c6,75%,1,3,4,3,1,0,0
0x81f5d0,75%,1,3,4,3,1,0,0
0x5efc5e,66.6667%,1,2,3,2,0,1,0
0x8bd845,95%,1,19,20,0,0,1,19
0x5f325e,80%,1,4,5,0,0,1,4
0x6d9f48,0%,1,0,1,0,1,0,0
0x4aafd5,90.9091%,1,10,11,10,1,0,0
0xa05b42,96.5517%,1,28,29,0,0,1,28
0x8145fa,95.2381%,1,20,21,2,1,0,18
0x40af58,50%,1,1,2,1,1,0,0
0x9f4758,87.5%,1,7,8,0,0,1,7
0x8e41e3,99.2126%,1,126,127,126,1,0,0
0x9eaa66,50%,1,1,2,1,1,0,0
0x491753,0%,1,0,1,0,1,0,0
0x8051c0,99.697%,1,329,330,329,1,0,0
0x9739c5,97.5%,1,39,40,0,0,1,39
0x977dbe,90%,1,9,10,9,1,0,0
0x67e49d,98.2143%,1,55,56,55,1,0,0
0x555088,98.1818%,1,54,55,54,1,0,0
0x7d29c8,83.3333%,1,5,6,0,1,0,5
0xa41573,87.5%,1,7,8,7,1,0,0
0xa359c9,99.4286%,1,174,175,0,0,1,174
0x4be4ac,85.7143%,1,6,7,0,0,1,6
0x555620,75%,1,3,4,0,0,1,3
0x9786b0,90%,1,9,10,9,1,0,0
0x8ee70d,99.7305%,1,370,371,0,0,1,370
0x5b2b5d,97.7778%,1,44,45,0,0,1,44
0x53dcf5,90%,1,9,10,1,1,0,8
0x5fabf0,0%,1,0,1,0,0,1,0
0xa43912,99.5025%,1,200,201,14,1,0,186
0x64872d,98.2143%,1,55,56,55,1,0,0
0x5fe601,75%,1,3,4,3,1,0,0
0xa1a316,88.8889%,1,8,9,8,1,0,0
0x8dcab2,75%,1,3,4,0,0,1,3
0x7d40e2,98.1132%,1,52,53,7,1,0,45
0x488a9e,99.9364%,1,1572,1573,0,0,1,1572
0x59fdac,50%,1,1,2,0,0,1,1
0x9027c4,91.6667%,1,11,12,0,0,1,11
0x6a3b15,96.1538%,1,25,26,25,1,0,0
0x819ebd,98.9011%,1,90,91,0,0,1,90
0x5d88a6,96.6667%,1,29,30,29,1,0,0
0x4c81b7,95.4545%,1,21,22,0,0,1,21
0x978102,99.2481%,1,132,133,0,0,1,132
0x73d7f9,75%,1,3,4,3,1,0,0
0x911b6b,99.8331%,1,598,599,0,0,1,598
0x8ebcc1,75%,1,3,4,1,1,0,2
0x8dcaa5,75%,1,3,4,0,0,1,3
0x648756,98.2143%,1,55,56,55,1,0,0
0x6754af,0%,1,0,1,0,0,1,0
0xa15dca,87.5%,1,7,8,0,0,1,7
0x53d917,99.94%,1,1666,1667,0,0,1,1666
0xa36c36,66.6667%,1,2,3,0,1,0,2
0x4a578e,99.3939%,1,164,165,0,0,1,164
0x9d1fba,99.0099%,1,100,101,0,0,1,100
0xa4ed19,99.2754%,1,137,138,0,0,1,137
0x5f5117,0%,1,0,1,0,1,0,0
0xa9bac0,85.7143%,1,6,7,6,1,0,0
0x40466a,50%,1,1,2,1,1,0,0
0x9fd216,85.7143%,1,6,7,0,0,1,6
0x48f815,94.4444%,1,17,18,17,1,0,0
0x534c51,95%,1,19,20,19,1,0,0
0x8191da,99.6785%,1,310,311,0,0,1,310
0x9f825b,0%,1,0,1,0,0,1,0
0x7ce69b,97.7273%,1,43,44,43,1,0,0
0x5f4210,85.7143%,1,6,7,0,0,1,6
0x7c161e,99.5025%,1,200,201,0,0,1,200
0x911adb,99.9136%,1,1157,1158,0,0,1,1157
0x5f960e,87.5%,1,7,8,7,1,0,0
0x9e615d,91.6667%,1,11,12,11,1,0,0
0x97300c,96.2963%,1,26,27,11,1,0,15
0xa43b7c,99.2366%,1,130,131,130,1,0,0
0x5bd137,97.7273%,1,43,44,0,0,1,43
0xad7fdb,99.8922%,1,927,928,0,0,1,927
0x5d20ca,66.6667%,1,2,3,2,1,0,0
0xa42738,99.5556%,1,224,225,224,1,0,0
0x5dfb9c,92.8571%,1,13,14,13,1,0,0
0xa97dda,97.2973%,1,36,37,0,0,1,36
0x69dd7d,91.6667%,1,11,12,11,1,0,0
0xa1a01c,92.3077%,1,12,13,0,0,1,12
0x5c6b39,99.9369%,1,1585,1586,0,0,1,1585
0x9ab963,99.5671%,1,230,231,0,0,1,230
0xa50701,97.2973%,1,36,37,36,1,0,0
0x4a72c6,0%,1,0,1,0,1,0,0
0xa04120,66.6667%,1,2,3,0,1,0,2
0x67073d,0%,1,0,1,0,1,0,0
0x6976b0,96.4286%,1,27,28,27,1,0,0
0xa28222,66.6667%,1,2,3,0,0,1,2
0x906b05,99.7207%,1,357,358,357,1,0,0
0x9ec2c2,90%,1,9,10,9,1,0,0
0x8f2139,97.4359%,1,38,39,0,0,1,38
0xa40fc1,90.9091%,1,10,11,0,0,1,10
0x489958,87.5%,1,7,8,7,1,0,0
0x49f96b,99.923%,1,1298,1299,0,0,1,1298
0xb47682,93.75%,1,15,16,15,1,0,0
0x8ee26a,99.4536%,1,182,183,182,1,0,0
0x441caf,90.9091%,1,10,11,10,1,0,0
0x9d687d,99.1228%,1,113,114,0,0,1,113
0x40399e,97.2973%,1,36,37,0,0,1,36
0x48fdf3,90%,1,9,10,0,0,1,9
0x96ec53,0%,1,0,1,0,1,0,0
0x787bf9,90.9091%,1,10,11,5,0,1,5
0x8f42a2,99.9603%,1,2517,2518,0,1,0,2517
0xa07eab,0%,1,0,1,0,1,0,0
0x507179,99.2647%,1,135,136,135,1,0,0
0x83891c,0%,1,0,1,0,0,1,0
0x409c79,99.6774%,1,309,310,0,0,1,309
0x9c5480,75%,1,3,4,0,0,1,3
0xa041c3,80%,1,4,5,3,1,0,1
0x4c6842,91.6667%,1,11,12,0,0,1,11
0x786111,50%,1,1,2,1,1,0,0
0x8d42dc,91.6667%,1,11,12,0,0,1,11
0xa53a57,50%,1,1,2,0,0,1,1
0x8e690d,99.7942%,1,485,486,0,0,1,485
0xa0bdd7,80%,1,4,5,4,1,0,0
0x53b16f,97.561%,1,40,41,0,0,1,40
0x9eb2b2,50%,1,1,2,0,0,1,1
0x40a61e,97.9167%,1,47,48,0,0,1,47
0x66731e,96.7742%,1,30,31,0,0,1,30
0x80a3ce,87.5%,1,7,8,3,1,0,4
0x8a5ee0,99.2806%,1,138,139,0,0,1,138
0x59fa79,0%,1,0,1,0,0,1,0
0x5b9ef9,50%,1,1,2,1,1,0,0
0x803a6c,99.7768%,1,447,448,0,0,1,447
0x5fc073,50%,1,1,2,0,0,1,1
0x8e3da3,99.3711%,1,158,159,0,0,1,158
0x81e277,0%,1,0,1,0,0,1,0
0x548acd,87.5%,1,7,8,0,0,1,7
0x8137cf,50%,1,1,2,0,0,1,1
0x49fc6d,93.3333%,1,14,15,14,1,0,0
0xb4997b,0%,1,0,1,0,0,1,0
0x780893,66.6667%,1,2,3,0,1,0,2
0x8142c3,99.6951%,1,327,328,0,0,1,327
0xa06803,50%,1,1,2,1,1,0,0
0x8fe178,98.8372%,1,85,86,0,0,1,85
0x8136fa,50%,1,1,2,0,0,1,1
0x812004,75%,1,3,4,0,0,1,3
0x670a19,94.7368%,1,18,19,0,0,1,18
0x540b51,99.726%,1,364,365,15,0,1,349
0x99ebc1,92.3077%,1,12,13,0,0,1,12
0x5f3814,66.6667%,1,2,3,2,1,0,0
0x96c22e,96.1538%,1,25,26,25,1,0,0
0x541a97,99.8801%,1,833,834,0,0,1,833
0x8c9052,50%,1,1,2,1,1,0,0
0x8ad70d,50%,1,1,2,0,0,1,1
0x491c47,0%,1,0,1,0,1,0,0
0x5485a4,99.5025%,1,200,201,0,0,1,200
0x94b862,99.8214%,1,559,560,559,1,0,0
0x94e9df,98.3333%,1,59,60,0,0,1,59
0x805bdc,99.9641%,1,2784,2785,0,0,1,2784
0x812118,50%,1,1,2,1,1,0,0
0xa72271,75%,1,3,4,0,0,1,3
0x5b1bfa,50%,1,1,2,0,0,1,1
0x70e933,50%,1,1,2,1,1,0,0
0x489d13,99.9751%,1,4014,4015,0,0,1,4014
0xa4ca47,75%,1,3,4,0,0,1,3
0x98cc2e,94.4444%,1,17,18,0,0,1,17
0xa99d24,90.9091%,1,10,11,0,0,1,10
0x9ea1db,50%,1,1,2,1,1,0,0
0x8aec5c,99.5169%,1,206,207,206,1,0,0
0x5052a8,95%,1,19,20,0,0,1,19
0x808308,96.2963%,1,26,27,0,0,1,26
0x81382a,98.3607%,1,60,61,60,1,0,0
0x816580,98.0769%,1,51,52,7,1,0,44
0x5f9bcb,99.811%,1,528,529,528,1,0,0
0x94ed55,96.6667%,1,29,30,0,0,1,29
0x83a980,66.6667%,1,2,3,0,0,1,2
0xa05a3b,98.2759%,1,57,58,0,0,1,57
0x5f3ae0,75%,1,3,4,3,1,0,0
0x699426,0%,1,0,1,0,0,1,0
0x7be092,75%,1,3,4,0,0,1,3
0x678cb5,99.9443%,1,1793,1794,0,0,1,1793
0x813ba6,95.4545%,1,21,22,21,0,1,0
0x966039,90%,1,9,10,9,1,0,0
0xa28227,66.6667%,1,2,3,2,1,0,0
0x53dbaf,99.7275%,1,366,367,366,1,0,0
0xa69f57,75%,1,3,4,3,1,0,0
0x7c68e3,50%,1,1,2,0,0,1,1
0x78d85f,99.8438%,1,639,640,21,0,1,618
0xa32805,98.6111%,1,71,72,0,0,1,71
0xa4fe05,75%,1,3,4,0,0,1,3
0x90fcfa,99.5595%,1,226,227,56,0,1,170
0x9a24a9,97.5%,1,39,40,36,0,1,3
0x81450e,99.9688%,1,3203,3204,3203,1,0,0
0x8efc8e,99.1453%,1,116,117,116,1,0,0
0x94eea9,96.6667%,1,29,30,0,0,1,29
0x681e6d,83.3333%,1,5,6,5,1,0,0
0x8f1d81,97.9167%,1,47,48,0,0,1,47
0x4b957a,75%,1,3,4,0,0,1,3
0x80598b,99.9281%,1,1390,1391,0,0,1,1390
0x5e5cde,66.6667%,1,2,3,0,0,1,2
0xa017cb,50%,1,1,2,0,0,1,1
0x80b4ba,0%,1,0,1,0,0,1,0
0x5a89d0,50%,1,1,2,1,1,0,0
0xa0561e,0%,1,0,1,0,0,1,0
0x4ac126,99.4186%,1,171,172,171,1,0,0
0x554f25,99.2958%,1,141,142,0,0,1,141
0x818d67,99.4186%,1,171,172,171,1,0,0
0x53402f,50%,1,1,2,0,0,1,1
0x50d0bc,50%,1,1,2,0,0,1,1
0x64862f,98.2143%,1,55,56,55,1,0,0
0x679892,83.3333%,1,5,6,0,0,1,5
0x8bb2a3,0%,1,0,1,0,1,0,0
0x5f0ae9,0%,1,0,1,0,1,0,0
0xa04229,50%,1,1,2,1,1,0,0
0x9ecb29,80%,1,4,5,4,1,0,0
0x5f9526,88.8889%,1,8,9,2,1,0,6
0x8193a1,98.5294%,1,67,68,67,1,0,0
0x4b9ab9,87.5%,1,7,8,3,1,0,4
0x49b01b,50%,1,1,2,0,0,1,1
0xa0a66b,50%,1,1,2,1,1,0,0
0x9a0c8d,96.4286%,1,27,28,0,0,1,27
0x8210b9,50%,1,1,2,1,1,0,0
0x8dfa31,87.5%,1,7,8,1,1,0,6
0x542d69,99.9468%,1,1878,1879,1878,1,0,0
0x51b72a,94.7368%,1,18,19,18,1,0,0
0x8f507f,91.6667%,1,11,12,11,1,0,0
0x610af6,99.7238%,1,361,362,0,0,1,361
0xa4155f,87.5%,1,7,8,0,0,1,7
0x999fb4,75%,1,3,4,3,1,0,0
0x54f270,95.2381%,1,20,21,0,0,1,20
0x7d37b8,97.5%,1,39,40,0,0,1,39
0x554749,98.4375%,1,63,64,0,0,1,63
0x4bd105,66.6667%,1,2,3,0,1,0,2
0x9f26f8,99.7685%,1,431,432,0,0,1,431
0x60deb0,99.9034%,1,1034,1035,0,0,1,1034
0x555d18,99.9075%,1,1080,1081,0,0,1,1080
0x6484d3,50%,1,1,2,1,1,0,0
0x5d45b0,92.8571%,1,13,14,0,0,1,13
0x649409,50%,1,1,2,0,0,1,1
0x4bc085,0%,1,0,1,0,0,1,0
0x5f9205,88.8889%,1,8,9,0,0,1,8
0x943e72,50%,1,1,2,1,1,0,0
0x555f66,66.6667%,1,2,3,0,0,1,2
0x816f18,50%,1,1,2,0,0,1,1
0x81596a,99.8084%,1,521,522,0,0,1,521
0x809f98,99.6942%,1,326,327,0,0,1,326
0x66f54c,99.5146%,1,205,206,0,0,1,205
0x983a5c,98.6667%,1,74,75,0,0,1,74
0x81e684,99.8192%,1,552,553,0,0,1,552
0x81aeb1,80%,1,4,5,4,1,0,0
0x49c7f7,98.2143%,1,55,56,0,0,1,55
0x7b642f,80%,1,4,5,3,1,0,1
0x8c7428,99.8943%,1,945,946,945,1,0,0
0x808e18,50%,1,1,2,0,0,1,1
0x9fbade,99.6732%,1,305,306,305,1,0,0
0x4a5be7,98.1818%,1,54,55,0,0,1,54
0x80ae23,50%,1,1,2,0,0,1,1
0x821b94,0%,1,0,1,0,1,0,0
0x49486e,99.5475%,1,220,221,0,0,1,220
0x94eb01,96.6667%,1,29,30,0,0,1,29
0x610a65,92.3077%,1,12,13,0,0,1,12
0x7f0c8e,98.6667%,1,74,75,0,0,1,74
0x77ae76,0%,1,0,1,0,1,0,0
0x593872,99.8425%,1,634,635,0,0,1,634
0x8f45ec,98.2456%,1,56,57,45,0,1,11
0x512879,95%,1,19,20,19,1,0,0
0xa960b3,96.1538%,1,25,26,0,0,1,25
0x64cc24,99.8224%,1,562,563,562,1,0,0
0x59379b,99.9194%,1,1240,1241,0,0,1,1240
0x81e453,99.8762%,1,807,808,0,0,1,807
0x5a076c,50%,1,1,2,0,0,1,1
0x59692c,99.4475%,1,180,181,0,0,1,180
0x5b0ee9,98.3051%,1,58,59,0,0,1,58
0x8bb21a,98.7179%,1,77,78,77,1,0,0
0x80aeca,50%,1,1,2,1,0,1,0
0x9772cc,83.3333%,1,5,6,5,1,0,0
0x81fcc7,92.8571%,1,13,14,0,0,1,13
0x48fe0e,90%,1,9,10,0,0,1,9
0xaa56c7,97.2222%,1,35,36,35,1,0,0
0x6e445d,93.75%,1,15,16,0,0,1,15
0x9d1280,93.75%,1,15,16,0,0,1,15
0x5ef750,0%,1,0,1,0,0,1,0
0x6f4591,90%,1,9,10,0,0,1,9
0xa0675c,50%,1,1,2,0,0,1,1
0x80c414,94.4444%,1,17,18,0,0,1,17
0x49ba9e,87.5%,1,7,8,0,0,1,7
0x81f6e2,99.9379%,1,1610,1611,1610,1,0,0
0x54135f,87.5%,1,7,8,7,1,0,0
0x4991ca,96.7742%,1,30,31,13,1,0,17
0x4bfd65,98.8372%,1,85,86,0,0,1,85
0x5d90a8,99.3197%,1,146,147,10,0,1,136
0xa411cc,96%,1,24,25,0,0,1,24
0x81fa39,95%,1,19,20,7,1,0,12
0x4bf4c7,95%,1,19,20,0,0,1,19
0x9773b4,91.6667%,1,11,12,11,1,0,0
0x5465c4,87.5%,1,7,8,4,0,1,3
0x8bf19a,50%,1,1,2,0,0,1,1
0x81ea1d,98.6842%,1,75,76,0,0,1,75
0x80c051,98.1132%,1,52,53,52,1,0,0
0x492f99,97.0588%,1,33,34,33,1,0,0
0x4b2992,50%,1,1,2,1,1,0,0
0x8065e1,92.8571%,1,13,14,0,0,1,13
0x81f713,99.8978%,1,977,978,0,0,1,977
0x4ab4ec,83.3333%,1,5,6,0,0,1,5
0xb30011,80%,1,4,5,4,1,0,0
0x8e9ee2,99.9643%,1,2803,2804,0,0,1,2803
0x48790d,50%,1,1,2,0,0,1,1
0x8dd53c,96.6667%,1,29,30,29,1,0,0
0x81e660,92.3077%,1,12,13,12,1,0,0
0x4a9da8,93.75%,1,15,16,15,1,0,0
0x8f3197,92.3077%,1,12,13,0,0,1,12
0x40f583,98.9362%,1,93,94,93,1,0,0
0x9e08d1,99.7159%,1,351,352,0,0,1,351
0x977209,50%,1,1,2,1,1,0,0
0xa085e7,80%,1,4,5,4,1,0,0
0xa31ce1,96.7742%,1,30,31,30,1,0,0
0x9e5c00,97.1429%,1,34,35,0,0,1,34
0x40f720,75%,1,3,4,0,0,1,3
0x7b72b1,50%,1,1,2,1,1,0,0
0xa3a19a,99.8496%,1,664,665,0,0,1,664
0x6715f0,50%,1,1,2,1,1,0,0
0x8c8d69,87.5%,1,7,8,0,0,1,7
0x666c25,50%,1,1,2,1,1,0,0
0x5eaf65,75%,1,3,4,3,1,0,0
0x58ebe7,99.1803%,1,121,122,110,0,1,11
0x7d441f,50%,1,1,2,0,0,1,1
0x808363,75%,1,3,4,3,1,0,0
0x64a6bd,50%,1,1,2,1,1,0,0
0x538914,98.3333%,1,59,60,59,1,0,0
0xacc2a5,50%,1,1,2,1,1,0,0
0x4899bc,99.7561%,1,409,410,409,1,0,0
0x81006c,99.7685%,1,431,432,431,1,0,0
0x99affd,97.5%,1,39,40,0,0,1,39
0x80af11,50%,1,1,2,0,1,0,1
0x8bd7f8,95%,1,19,20,0,0,1,19
0x6410f7,50%,1,1,2,1,1,0,0
0x81e9ca,98.6842%,1,75,76,0,0,1,75
0x8f4022,98.3607%,1,60,61,0,0,1,60
0x492d9e,50%,1,1,2,1,1,0,0
0x7bcce0,50%,1,1,2,0,0,1,1
0x803e3b,94.4444%,1,17,18,0,1,0,17
0xa471d4,99.4012%,1,166,167,0,0,1,166
0x49ec6c,99.3789%,1,160,161,0,0,1,160
0x814d18,50%,1,1,2,1,0,1,0
0x81e9b8,98.6842%,1,75,76,75,1,0,0
0x53ee7a,75%,1,3,4,3,1,0,0
0xa8fb15,99.4118%,1,169,170,0,0,1,169
0x49b174,50%,1,1,2,0,0,1,1
0x8ea198,99.9596%,1,2473,2474,2473,1,0,0
0x8eb8d1,99.7947%,1,486,487,486,1,0,0
0x8bbd49,50%,1,1,2,1,1,0,0
0x81ffad,99.6904%,1,322,323,0,0,1,322
0x99d33d,88.8889%,1,8,9,8,1,0,0
0x487f73,0%,1,0,1,0,0,1,0
0x63cbb1,99.8959%,1,960,961,960,1,0,0
0x812099,50%,1,1,2,1,1,0,0
0xaa1337,99.4872%,1,194,195,0,0,1,194
0x4a95a8,90%,1,9,10,0,0,1,9
0x8a6a60,66.6667%,1,2,3,2,1,0,0
0x81fd16,99.6904%,1,322,323,322,1,0,0
0xa91c8f,99.6644%,1,297,298,0,0,1,297
0x4aaa99,98.0769%,1,51,52,0,0,1,51
0x8084c9,75%,1,3,4,0,0,1,3
0x8ece0a,99.8995%,1,994,995,994,1,0,0
0x5f5299,99.9672%,1,3051,3052,3051,1,0,0
0xaaa705,85.7143%,1,6,7,6,1,0,0
0x404f12,91.6667%,1,11,12,0,0,1,11
0x99e6bf,92.3077%,1,12,13,0,0,1,12
0x485ecc,95.6522%,1,22,23,0,0,1,22
0x544b16,98.2456%,1,56,57,56,1,0,0
0x77d87c,83.3333%,1,5,6,0,0,1,5
0x5f3e9f,75%,1,3,4,3,1,0,0
0x9f6527,99.4413%,1,178,179,0,0,1,178
0x98435f,87.5%,1,7,8,0,0,1,7
0x5efe75,0%,1,0,1,0,1,0,0
0xa31ef0,97.2222%,1,35,36,0,0,1,35
0xa48cc2,99.4012%,1,166,167,0,0,1,166
0x8aaaa9,94.7368%,1,18,19,0,0,1,18
0x809df1,80%,1,4,5,4,1,0,0
0x40ce8b,50%,1,1,2,1,1,0,0
0xa04bda,97.3684%,1,37,38,0,0,1,37
0x63efff,50%,1,1,2,0,0,1,1
0x5b9df9,98.1132%,1,52,53,0,0,1,52
0x81b54e,99.6845%,1,316,317,0,0,1,316
0x94dabd,99.8296%,1,586,587,0,0,1,586
0xa02322,99.9867%,1,7508,7509,0,0,1,7508
0x8e334a,99.711%,1,345,346,345,1,0,0
0x8dcdda,99.0099%,1,100,101,0,0,1,100
0x4a62f1,90%,1,9,10,9,1,0,0
0xa050ae,0%,1,0,1,0,0,1,0
0x67541f,0%,1,0,1,0,0,1,0
0x813413,99.9409%,1,1691,1692,0,0,1,1691
0xa9b8e8,83.3333%,1,5,6,0,0,1,5
0xa4d52b,99.6466%,1,282,283,0,0,1,282
0x50b0b2,97.619%,1,41,42,41,1,0,0
0x95a9d6,75%,1,3,4,0,0,1,3
0xa9819c,50%,1,1,2,1,1,0,0
0x81f1aa,99.9481%,1,1927,1928,0,0,1,1927
0x5f9379,97.2973%,1,36,37,27,1,0,9
0x81f55b,75%,1,3,4,0,0,1,3
0x9f2704,99.7685%,1,431,432,0,0,1,431
0x7d3417,87.5%,1,7,8,7,1,0,0
0x9e7b71,50%,1,1,2,0,0,1,1
0x819571,95.8333%,1,23,24,0,0,1,23
0x58e1cb,98.6667%,1,74,75,0,0,1,74
0x410684,99.4536%,1,182,183,0,0,1,182
0x680607,95.6522%,1,22,23,22,1,0,0
0x54461c,88.8889%,1,8,9,0,0,1,8
0x81bbd4,99.6845%,1,316,317,0,0,1,316
0x402fff,98.4615%,1,64,65,64,1,0,0
0x911012,99.7706%,1,435,436,0,0,1,435
0xa21c37,50%,1,1,2,0,0,1,1
0x40b3f5,50%,1,1,2,1,1,0,0
0x4093cd,50%,1,1,2,0,1,0,1
0x627797,97.8261%,1,45,46,0,0,1,45
0x9e2e67,92.3077%,1,12,13,0,0,1,12
0x9c3fce,99.7854%,1,465,466,465,1,0,0
0x9737fd,97.3684%,1,37,38,0,0,1,37
0x790fc7,97.7778%,1,44,45,9,1,0,35
0x90fd63,99.6429%,1,279,280,279,1,0,0
0x8f34f4,91.6667%,1,11,12,0,0,1,11
0x4ac9f0,50%,1,1,2,1,1,0,0
0x9fb117,99.1935%,1,123,124,0,0,1,123
0xa5c3f2,98.7013%,1,76,77,0,0,1,76
0x977058,83.3333%,1,5,6,5,1,0,0
0x65bd44,99.435%,1,176,177,0,0,1,176
0x793096,90%,1,9,10,1,1,0,8
0xa027c6,99.0826%,1,108,109,0,0,1,108
0x48ec69,93.3333%,1,14,15,0,0,1,14
0x48bc33,0%,1,0,1,0,1,0,0
0x405ba2,99.7033%,1,336,337,0,0,1,336
0x4ade1f,95%,1,19,20,2,0,1,17
0xacfa9c,99.5763%,1,235,236,235,1,0,0
0x8f3054,94.1176%,1,16,17,0,0,1,16
0x943a47,75%,1,3,4,0,0,1,3
0x50b9a6,96.7742%,1,30,31,0,0,1,30
0x8ec607,50%,1,1,2,0,0,1,1
0x722e8b,94.4444%,1,17,18,0,0,1,17
0x9fc77a,92.8571%,1,13,14,13,1,0,0
0x4bc1d9,98.2143%,1,55,56,55,1,0,0
0x4916fc,0%,1,0,1,0,1,0,0
0x81e9c4,98.6842%,1,75,76,0,0,1,75
0xa06010,90.9091%,1,10,11,10,1,0,0
0xa42ee3,75%,1,3,4,3,1,0,0
0x8df14f,99.4737%,1,189,190,0,0,1,189
0xaa5d1e,0%,1,0,1,0,1,0,0
0x410011,50%,1,1,2,1,1,0,0
0x5f8d49,80%,1,4,5,4,0,1,0
0x5446a3,50%,1,1,2,0,0,1,1
0x5b4b2f,0%,1,0,1,0,0,1,0
0x7f031b,94.7368%,1,18,19,0,0,1,18
0xa4687b,98.8372%,1,85,86,14,1,0,71
0x48efea,99.6212%,1,263,264,0,0,1,263
0x8e2f71,99.9494%,1,1976,1977,0,0,1,1976
0x60c59e,80%,1,4,5,4,1,0,0
0x8f106e,97.5%,1,39,40,0,0,1,39
0x8bdb96,80%,1,4,5,4,1,0,0
0x838ac7,66.6667%,1,2,3,0,1,0,2
0xa039d3,99.4872%,1,194,195,0,0,1,194
0x63e96d,99.9234%,1,1305,1306,1305,1,0,0
0x63eaf5,99.5%,1,199,200,0,0,1,199
0x5fe82c,98.2143%,1,55,56,53,0,1,2
0x6f4507,96.4286%,1,27,28,10,0,1,17
0xb1b080,99.7691%,1,432,433,432,1,0,0
0x5fdc1d,0%,1,0,1,0,0,1,0
0x8e2184,99.8982%,1,981,982,0,0,1,981
0x9d0500,99.6644%,1,297,298,294,0,1,3
0x5d3b86,75%,1,3,4,3,1,0,0
0x7c9d3c,75%,1,3,4,3,1,0,0
0x81882c,99.8791%,1,826,827,0,0,1,826
0x5d3f1a,99.2481%,1,132,133,132,1,0,0
0x9813b1,98.6667%,1,74,75,74,1,0,0
0x4995fa,99.2126%,1,126,127,0,0,1,126
0x8045da,94.1176%,1,16,17,0,0,1,16
0x4c81fe,94.4444%,1,17,18,17,1,0,0
0xa55c69,83.3333%,1,5,6,5,1,0,0
0xa03983,98.6842%,1,75,76,75,1,0,0
0x8090ac,99.697%,1,329,330,329,1,0,0
0x7d338c,91.6667%,1,11,12,0,0,1,11
0x9a3557,96.4286%,1,27,28,27,1,0,0
0x9e6f4f,66.6667%,1,2,3,0,0,1,2
0x403bfa,99.6633%,1,296,297,0,0,1,296
0x80a5d1,80%,1,4,5,4,1,0,0
0xa65513,75%,1,3,4,3,1,0,0
0x4c3974,92.3077%,1,12,13,0,0,1,12
0x804b72,50%,1,1,2,0,0,1,1
0x804e2b,50%,1,1,2,0,0,1,1
0x555e4a,98.3333%,1,59,60,59,1,0,0
0x9c4fc0,75%,1,3,4,0,0,1,3
0x814e89,95.4545%,1,21,22,0,0,1,21
0xa9f3b0,66.6667%,1,2,3,0,0,1,2
0x5f099f,99.6622%,1,295,296,0,0,1,295
0x8121e9,99.6198%,1,262,263,0,0,1,262
0x491730,0%,1,0,1,0,1,0,0
0x984342,87.5%,1,7,8,7,1,0,0
0x781e0d,99.9639%,1,2770,2771,2770,1,0,0
0xa3feee,94.4444%,1,17,18,0,0,1,17
0x8ea039,99.7494%,1,398,399,0,0,1,398
0x8a9970,87.5%,1,7,8,3,1,0,4
0x4915ce,0%,1,0,1,0,0,1,0
0x5fe87c,95.4545%,1,21,22,21,1,0,0
0x981372,98.3871%,1,61,62,0,0,1,61
0x65ac9c,92.8571%,1,13,14,0,0,1,13
0x8ecc01,98.0769%,1,51,52,0,0,1,51
0x6ebfbc,0%,1,0,1,0,1,0,0
0x809dc0,50%,1,1,2,0,0,1,1
0xa05e52,85.7143%,1,6,7,0,1,0,6
0x6196e0,98.6667%,1,74,75,74,1,0,0
0x8e3e85,75%,1,3,4,0,0,1,3
0x90c8a0,98.7179%,1,77,78,77,1,0,0
0x8e4d17,98.4848%,1,65,66,0,0,1,65
0x405eb7,99.4382%,1,177,178,0,0,1,177
0x7d29f3,80%,1,4,5,4,1,0,0
0x5f404c,75%,1,3,4,0,0,1,3
0x8dd98c,96.6667%,1,29,30,14,0,1,15
0x638dda,99.8172%,1,546,547,0,0,1,546
0xa9da9f,93.3333%,1,14,15,0,0,1,14
0x54d524,83.3333%,1,5,6,0,0,1,5
0xaac41a,75%,1,3,4,0,0,1,3
0x814f6f,94.4444%,1,17,18,0,0,1,17
0x90d04b,99.3865%,1,162,163,0,0,1,162
0x8e8d63,50%,1,1,2,0,0,1,1
0x96e77f,0%,1,0,1,0,1,0,0
0x5b2664,0%,1,0,1,0,1,0,0
0x5b8db3,87.5%,1,7,8,7,1,0,0
0x9988e0,66.6667%,1,2,3,0,1,0,2
0x9f07f2,50%,1,1,2,0,1,0,1
0x8aacdd,95.4545%,1,21,22,0,0,1,21
0x69de57,91.6667%,1,11,12,11,1,0,0
0xa53f1c,99.0654%,1,106,107,0,0,1,106
0x4adc7d,97.5%,1,39,40,39,1,0,0
0x538534,0%,1,0,1,0,0,1,0
0xa5029c,93.75%,1,15,16,15,1,0,0
0xb0ba95,99.9798%,1,4947,4948,0,0,1,4947
0x8e1ce6,99.9533%,1,2140,2141,0,0,1,2140
0x593203,92.8571%,1,13,14,13,1,0,0
0x9e526b,90.9091%,1,10,11,10,1,0,0
0x8eaef4,98.6111%,1,71,72,0,0,1,71
0x64a618,50%,1,1,2,1,1,0,0
0x441aa3,90.9091%,1,10,11,10,1,0,0
0xa4c6e5,75%,1,3,4,0,0,1,3
0x8e92ca,75%,1,3,4,3,1,0,0
0x8a887a,50%,1,1,2,1,1,0,0
0x402231,99.9415%,1,1709,1710,0,0,1,1709
0x915697,99.5%,1,199,200,199,1,0,0
0x541446,97.5%,1,39,40,0,0,1,39
0x8e3940,97.9167%,1,47,48,0,0,1,47
0x64b633,99.8724%,1,783,784,0,0,1,783
0xb3ab75,0%,1,0,1,0,1,0,0
0x4c92c6,93.75%,1,15,16,0,0,1,15
0x8eca3a,98.5714%,1,69,70,0,0,1,69
0x8ee47d,97.619%,1,41,42,0,0,1,41
0x547469,98.3607%,1,60,61,0,0,1,60
0x554441,75%,1,3,4,3,1,0,0
0x8e961b,50%,1,1,2,0,0,1,1
0xa0658b,96.7742%,1,30,31,0,0,1,30
0x9eb41c,98.4127%,1,62,63,0,0,1,62
0x815184,99.697%,1,329,330,0,0,1,329
0x6704bc,50%,1,1,2,1,1,0,0
0xa074e8,90.9091%,1,10,11,4,1,0,6
0xb2edf9,75%,1,3,4,1,1,0,2
0x8da7aa,83.3333%,1,5,6,5,1,0,0
0x58c5d2,90.9091%,1,10,11,10,1,0,0
0x8aac8d,90%,1,9,10,9,1,0,0
0x8e798a,99.5833%,1,239,240,0,0,1,239
0x7d41f7,0%,1,0,1,0,0,1,0
0x4c8cfb,99.2481%,1,132,133,132,1,0,0
0x538dba,99.2248%,1,128,129,128,1,0,0
0x88a236,97.4359%,1,38,39,0,0,1,38
0x815241,85.7143%,1,6,7,5,1,0,1
0x8151ed,87.5%,1,7,8,0,0,1,7
0x80a23b,75%,1,3,4,0,0,1,3
0x547b30,90.9091%,1,10,11,10,1,0,0
0x7d3ebb,66.6667%,1,2,3,0,0,1,2
0x491a2d,50%,1,1,2,0,0,1,1
0x50bde2,94.4444%,1,17,18,17,1,0,0
0xa9d02b,50%,1,1,2,1,1,0,0
0xa2107c,0%,1,0,1,0,0,1,0
0xa96f79,93.3333%,1,14,15,0,0,1,14
0x481ea5,97.3684%,1,37,38,37,1,0,0
0x534e51,99.9665%,1,2983,2984,2983,1,0,0
0x8e9415,50%,1,1,2,1,1,0,0
0x8e46b6,93.75%,1,15,16,0,0,1,15
0x90dbc1,99.8959%,1,960,961,0,0,1,960
0x96e547,50%,1,1,2,1,0,1,0
0xa37cb0,80%,1,4,5,0,0,1,4
0x80a6d9,0%,1,0,1,0,1,0,0
0xaaae3a,99.4624%,1,185,186,0,0,1,185
0x4a7b3a,99.6979%,1,330,331,0,0,1,330
0x9841e2,91.6667%,1,11,12,0,0,1,11
0x5bd554,99.8538%,1,683,684,0,0,1,683
0x8f13c2,99.7783%,1,450,451,0,0,1,450
0x7dfc95,87.5%,1,7,8,0,0,1,7
0x619e2f,80%,1,4,5,4,1,0,0
0x9fb356,66.6667%,1,2,3,0,0,1,2
0x808994,95.4545%,1,21,22,0,1,0,21
0x5b4a60,50%,1,1,2,1,1,0,0
0x5bab6b,99.1597%,1,118,119,0,0,1,118
0x48dda0,99.4949%,1,197,198,197,1,0,0
0x9a0a64,96.4286%,1,27,28,0,0,1,27
0x8a6b6d,95.8333%,1,23,24,0,1,0,23
0xb22ff3,99.3506%,1,153,154,0,0,1,153
0x9e3894,96.875%,1,31,32,6,1,0,25
0x9fdbfb,94.4444%,1,17,18,0,0,1,17
0x8d3f2f,92.3077%,1,12,13,0,0,1,12
0x9ed407,99.0991%,1,110,111,110,1,0,0
0x4950d2,0%,1,0,1,0,0,1,0
0xa23840,50%,1,1,2,0,0,1,1
0xa083c9,85.7143%,1,6,7,6,1,0,0
0x8e5fb0,99.6283%,1,268,269,268,1,0,0
0x8f4646,91.6667%,1,11,12,11,1,0,0
0x8f768c,75%,1,3,4,3,1,0,0
0x49a5c5,99.4898%,1,195,196,195,1,0,0
0xa54ccf,99.6656%,1,298,299,298,1,0,0
0xa4a58a,87.5%,1,7,8,0,0,1,7
0x541243,99.4652%,1,186,187,186,1,0,0
0x8167a0,98.5294%,1,67,68,0,0,1,67
0x9e817d,95.8333%,1,23,24,23,1,0,0
0x5f32e9,50%,1,1,2,1,1,0,0
0xa3fec1,96.4286%,1,27,28,0,0,1,27
0x7c724d,88.8889%,1,8,9,0,0,1,8
0x8ecfb5,83.3333%,1,5,6,1,1,0,4
0x951013,99.5283%,1,211,212,0,1,0,211
0x8ad8da,50%,1,1,2,0,0,1,1
0xa5ee74,96.4286%,1,27,28,27,1,0,0
0x9fe963,97.2973%,1,36,37,36,1,0,0
0x4c4c4c,98%,1,49,50,0,0,1,49
0x666c41,50%,1,1,2,0,0,1,1
0x64869e,50%,1,1,2,0,0,1,1
0xa09675,0%,1,0,1,0,0,1,0
0x49faa2,99.3056%,1,143,144,0,0,1,143
0x40a642,96.1538%,1,25,26,0,0,1,25
0x9aa1cc,97.0588%,1,33,34,0,1,0,33
0xa47305,97.619%,1,41,42,0,0,1,41
0x9d3619,98.1818%,1,54,55,0,0,1,54
0xa5775f,92.8571%,1,13,14,0,0,1,13
0x80e4e1,80%,1,4,5,4,1,0,0
0xad068d,50%,1,1,2,0,0,1,1
0x81f508,75%,1,3,4,3,1,0,0
0x4872de,99.9126%,1,1143,1144,0,0,1,1143
0x8ba37f,99.9255%,1,1341,1342,0,0,1,1341
0x8e463b,99.7319%,1,372,373,0,0,1,372
0xa18a52,97.6744%,1,42,43,0,0,1,42
0x8f4e01,91.6667%,1,11,12,6,0,1,5
0x81a850,99.8686%,1,760,761,0,0,1,760
0x4bb745,50%,1,1,2,0,0,1,1
0xa4a1f5,98.3333%,1,59,60,0,0,1,59
0x59efe7,87.5%,1,7,8,3,1,0,4
0x58e3b9,97.5%,1,39,40,0,0,1,39
0x8f6377,92.8571%,1,13,14,1,1,0,12
0x4b55c0,50%,1,1,2,0,0,1,1
0x5b9ba3,98.2143%,1,55,56,0,0,1,55
0x5be1ba,99.8773%,1,814,815,814,1,0,0
0x48e8b3,85.7143%,1,6,7,6,0,1,0
0xa5390c,92.8571%,1,13,14,0,0,1,13
0x7ac0af,83.3333%,1,5,6,5,1,0,0
0x9e8a39,0%,1,0,1,0,1,0,0
0x4a702b,98.3333%,1,59,60,0,0,1,59
0x4b9424,50%,1,1,2,1,1,0,0
0x5f4ec8,0%,1,0,1,0,0,1,0
0x8aa7fe,99.9141%,1,1163,1164,0,0,1,1163
0x489b7d,83.3333%,1,5,6,5,1,0,0
0xa0f118,83.3333%,1,5,6,5,1,0,0
0x95962d,99.1935%,1,123,124,123,1,0,0
0xa96ac6,88.8889%,1,8,9,0,1,0,8
0x91767a,99.5%,1,199,200,199,1,0,0
0x4a815d,98.913%,1,91,92,91,1,0,0
0x5f2f89,0%,1,0,1,0,0,1,0
0x5b2074,94.7368%,1,18,19,0,1,0,18
0x8ba025,99.0196%,1,101,102,0,0,1,101
0x65ad35,92.8571%,1,13,14,0,0,1,13
0x40999e,99.4286%,1,174,175,174,1,0,0
0x51c79b,99.9167%,1,1200,1201,1200,1,0,0
0xa4fe86,75%,1,3,4,0,0,1,3
0x8165d7,97.4359%,1,38,39,38,1,0,0
0x8a53d2,83.3333%,1,5,6,0,0,1,5
0xa6b495,75%,1,3,4,3,1,0,0
0xa04bbf,97.3684%,1,37,38,37,1,0,0
0x4903cf,66.6667%,1,2,3,0,0,1,2
0x8f53e5,99.8896%,1,905,906,0,0,1,905
0x58f26c,98.0769%,1,51,52,51,1,0,0
0x4bd492,50%,1,1,2,1,1,0,0
0x8e8b87,99.9904%,1,10390,10391,10390,1,0,0
0x77b9bb,96.4286%,1,27,28,27,1,0,0
0x8f5f74,97.5%,1,39,40,0,0,1,39
0x9444cb,94.1176%,1,16,17,16,1,0,0
0xb0a048,99.8198%,1,554,555,0,0,1,554
0x8e020d,99.7531%,1,404,405,401,0,1,3
0x9bb45b,94.4444%,1,17,18,0,0,1,17
0x9ef39f,88.8889%,1,8,9,0,0,1,8
0x816a13,92.3077%,1,12,13,12,0,1,0
0x7d21d4,75%,1,3,4,3,1,0,0
0x402ff7,98.4615%,1,64,65,0,0,1,64
0x48d67f,98.5507%,1,68,69,0,0,1,68
0x7d3ed5,66.6667%,1,2,3,2,1,0,0
0x8091b7,99.5516%,1,222,223,222,1,0,0
0x9e73ba,99.75%,1,399,400,0,0,1,399
0x65b2ca,92.8571%,1,13,14,0,0,1,13
0x4bd4aa,75%,1,3,4,3,0,1,0
0xa5951a,99.4652%,1,186,187,0,0,1,186
0x9a7221,80%,1,4,5,0,0,1,4
0x53400b,50%,1,1,2,1,1,0,0
0x9a728a,96%,1,24,25,0,1,0,24
0x5bec16,50%,1,1,2,1,1,0,0
0x96e7a8,0%,1,0,1,0,1,0,0
0xa040b9,0%,1,0,1,0,0,1,0
0x5beb72,50%,1,1,2,1,1,0,0
0x4b5f0c,75%,1,3,4,0,0,1,3
0x900a0b,99.7717%,1,437,438,437,1,0,0
0x8f6e96,99.8217%,1,560,561,0,0,1,560
0x8212bc,50%,1,1,2,1,1,0,0
0x5465dc,75%,1,3,4,0,0,1,3
0x495a38,98.5075%,1,66,67,66,1,0,0
0xa375d7,90%,1,9,10,9,1,0,0
0xa378cd,75%,1,3,4,0,0,1,3
0x540854,91.6667%,1,11,12,11,1,0,0
0x96af3e,85.7143%,1,6,7,0,0,1,6
0xa535ce,87.5%,1,7,8,7,1,0,0
0x9f332e,99.375%,1,159,160,0,0,1,159
0x5fac73,99.8514%,1,672,673,672,0,1,0
0x59a3e7,50%,1,1,2,1,1,0,0
0x7d444e,50%,1,1,2,0,0,1,1
0x5b746f,50%,1,1,2,1,1,0,0
0x983a18,75%,1,3,4,3,1,0,0
0x6196cb,98.6667%,1,74,75,0,0,1,74
0xa5ecb4,80%,1,4,5,0,0,1,4
0x491534,99.3671%,1,157,158,0,0,1,157
0x6402e6,99.9645%,1,2817,2818,2817,1,0,0
0x402bc1,99.9436%,1,1772,1773,0,0,1,1772
0xa5ec87,80%,1,4,5,0,0,1,4
0x94afd9,93.75%,1,15,16,0,0,1,15
0x8ee646,97.619%,1,41,42,0,0,1,41
0xa51c0b,97.5%,1,39,40,39,0,1,0
0xa9ed97,92.8571%,1,13,14,0,0,1,13
0x8fd827,83.3333%,1,5,6,0,0,1,5
0x667325,96.7742%,1,30,31,0,0,1,30
0x542ffd,75%,1,3,4,3,1,0,0
0x5beee3,50%,1,1,2,0,0,1,1
0xad04e9,50%,1,1,2,1,1,0,0
0x820d6d,96.9697%,1,32,33,32,1,0,0
0x9bb42d,94.7368%,1,18,19,18,1,0,0
0xa39a63,94.7368%,1,18,19,0,1,0,18
0x54dc32,97.4359%,1,38,39,38,1,0,0
0x8f6aef,99.7024%,1,335,336,0,0,1,335
0x557c93,98.6301%,1,72,73,72,1,0,0
0x8a6b90,75%,1,3,4,0,1,0,3
0x547402,98.3607%,1,60,61,0,0,1,60
0xb498db,91.6667%,1,11,12,0,0,1,11
0xaccb08,66.6667%,1,2,3,0,0,1,2
0x8f63fd,91.6667%,1,11,12,11,1,0,0
0x8f4bbe,91.6667%,1,11,12,5,1,0,6
0xa087c7,87.5%,1,7,8,3,1,0,4
0x9a48f1,93.75%,1,15,16,0,0,1,15
0xa4f83b,50%,1,1,2,0,0,1,1
0x8ea85e,99.5283%,1,211,212,211,1,0,0
0x7d3474,91.6667%,1,11,12,11,1,0,0
0x53add7,97.8723%,1,46,47,0,0,1,46
0x978538,99.7821%,1,458,459,0,0,1,458
0x8f6dfb,95.4545%,1,21,22,0,0,1,21
0x8df508,88.8889%,1,8,9,0,1,0,8
0x64c2a6,98.1132%,1,52,53,52,1,0,0
0x80fdba,99.8392%,1,621,622,621,1,0,0
0x5fafe6,94.4444%,1,17,18,17,1,0,0
0x8e16b4,96.875%,1,31,32,0,0,1,31
0x8ef50a,88.8889%,1,8,9,0,0,1,8
0x5bd0ea,90.9091%,1,10,11,10,1,0,0
0x8d269e,50%,1,1,2,1,1,0,0
0x49a1c3,0%,1,0,1,0,1,0,0
0x6472f9,80%,1,4,5,4,1,0,0
0xa99606,90.9091%,1,10,11,10,1,0,0
0x6672a4,96.7742%,1,30,31,0,0,1,30
0x5bc0d1,50%,1,1,2,1,1,0,0
0x5ef9fe,0%,1,0,1,0,0,1,0
0x96add3,50%,1,1,2,1,1,0,0
0x7d28d7,91.6667%,1,11,12,0,0,1,11
0xa96322,50%,1,1,2,1,1,0,0
0x9a623b,96.5517%,1,28,29,28,1,0,0
0x6f4542,94.4444%,1,17,18,0,0,1,17
0x8f6e1b,98.4375%,1,63,64,63,1,0,0
0x5909a9,50%,1,1,2,1,1,0,0
0x670514,0%,1,0,1,0,0,1,0
0x837f01,83.3333%,1,5,6,0,0,1,5
0x81192f,95.8333%,1,23,24,0,0,1,23
0xa96d7a,95.2381%,1,20,21,0,0,1,20
0x4886fd,99.8514%,1,672,673,672,1,0,0
0xa41ec5,96.7742%,1,30,31,0,0,1,30
0x670615,99.2481%,1,132,133,0,0,1,132
0xa99d5d,90.9091%,1,10,11,10,1,0,0
0x90126d,97.5%,1,39,40,0,0,1,39
0x40a945,50%,1,1,2,1,1,0,0
0x50c0e9,95%,1,19,20,0,0,1,19
0x77aeb5,0%,1,0,1,0,1,0,0
0x546430,99.7743%,1,442,443,0,0,1,442
0x8bf146,50%,1,1,2,0,0,1,1
0x8bf162,50%,1,1,2,0,0,1,1
0xa04357,0%,1,0,1,0,1,0,0
0xa4e004,50%,1,1,2,1,1,0,0
0x7826c1,83.3333%,1,5,6,0,0,1,5
0x5badac,50%,1,1,2,0,0,1,1
0x7e8164,50%,1,1,2,1,1,0,0
0x8efcc8,99.1453%,1,116,117,0,0,1,116
0x8a23e8,50%,1,1,2,1,1,0,0
0x9bd408,91.6667%,1,11,12,0,0,1,11
0xa91b57,99.2701%,1,136,137,0,0,1,136
0x54098e,83.3333%,1,5,6,0,0,1,5
0x8a23ab,50%,1,1,2,0,0,1,1
0x9ab7d3,99.926%,1,1350,1351,0,0,1,1350
0x8d4338,50%,1,1,2,1,1,0,0
0x59f048,75%,1,3,4,0,0,1,3
0x63ae14,99.5851%,1,240,241,240,1,0,0
0x8df112,95.8333%,1,23,24,23,1,0,0
0x7ce798,97.2222%,1,35,36,0,0,1,35
0x80f7e9,98.6486%,1,73,74,0,0,1,73
0x508084,99.7449%,1,391,392,0,0,1,391
0x8a235e,50%,1,1,2,0,0,1,1
0x4c296e,0%,1,0,1,0,0,1,0
0xa0683a,50%,1,1,2,0,0,1,1
0x8a24cb,99.7143%,1,349,350,0,0,1,349
0x64750e,95.2381%,1,20,21,0,1,0,20
0x8a24b0,99.7143%,1,349,350,349,1,0,0
0x675139,66.6667%,1,2,3,1,1,0,1
0x65a2c6,99.4737%,1,189,190,0,0,1,189
0x9a1ee4,99.5074%,1,202,203,0,0,1,202
0x591694,66.6667%,1,2,3,0,0,1,2
0xa5bee6,96.875%,1,31,32,31,1,0,0
0x90bbc8,99.9109%,1,1121,1122,0,0,1,1121
0x5f5505,83.3333%,1,5,6,0,0,1,5
0xa098a7,92.3077%,1,12,13,0,0,1,12
0x441617,90.9091%,1,10,11,0,0,1,10
0xa2ab66,91.6667%,1,11,12,11,1,0,0
0x63f795,50%,1,1,2,0,0,1,1
0x70e72a,83.3333%,1,5,6,5,1,0,0
0x5bbf84,50%,1,1,2,1,1,0,0
0x4bf6fc,96.5517%,1,28,29,0,0,1,28
0xb3ac13,0%,1,0,1,0,1,0,0
0x4419e3,90.9091%,1,10,11,0,0,1,10
0x48ee24,99.6979%,1,330,331,0,0,1,330
0x99d9c4,97.2973%,1,36,37,0,0,1,36
0x6ec00d,0%,1,0,1,0,0,1,0
0x49a44e,96.1538%,1,25,26,0,0,1,25
0x5cb923,96.1538%,1,25,26,25,1,0,0
0x4ad982,80%,1,4,5,2,0,1,2
0x667062,99.9217%,1,1276,1277,1276,1,0,0
0x58b7ba,99.8758%,1,804,805,804,1,0,0
0x5f2831,80%,1,4,5,4,1,0,0
0x679a99,98.3607%,1,60,61,60,1,0,0
0x807028,99.7449%,1,391,392,391,1,0,0
0x8f6008,99.8099%,1,525,526,0,0,1,525
0x67c5a0,99.9354%,1,1547,1548,0,0,1,1547
0x4b0d8c,50%,1,1,2,1,1,0,0
0x90fbdf,99.5%,1,199,200,199,1,0,0
0x540517,50%,1,1,2,0,0,1,1
0x667113,99.4819%,1,192,193,192,1,0,0
0x48725e,99.2754%,1,137,138,0,0,1,137
0xb23014,99.3506%,1,153,154,0,0,1,153
0x8a555e,99.5575%,1,225,226,0,0,1,225
0xa4c942,75%,1,3,4,0,0,1,3
0xa189fe,97.6744%,1,42,43,0,0,1,42
0x7d4224,0%,1,0,1,0,0,1,0
0x51106e,99.9735%,1,3773,3774,0,0,1,3773
0x5425bf,99.2248%,1,128,129,0,0,1,128
0x943794,97.5%,1,39,40,0,0,1,39
0x8fe06a,98.8372%,1,85,86,85,1,0,0
0x81bd50,50%,1,1,2,0,0,1,1
0x9f4726,99.8316%,1,593,594,0,0,1,593
0x5f2b9d,50%,1,1,2,1,1,0,0
0x60dbe1,99.4949%,1,197,198,0,0,1,197
0x8a243e,50%,1,1,2,1,1,0,0
0x499cc3,98.8372%,1,85,86,0,0,1,85
0x9f481a,87.5%,1,7,8,0,0,1,7
0x666cd3,50%,1,1,2,0,0,1,1
0x44164e,90.9091%,1,10,11,0,0,1,10
0x7180c6,0%,1,0,1,0,1,0,0
0x5f2b6e,50%,1,1,2,1,1,0,0
0x5bc38e,95.6522%,1,22,23,0,0,1,22
0x99afa6,85.7143%,1,6,7,6,1,0,0
0x5f2b40,50%,1,1,2,0,0,1,1
0xa2f262,97.3684%,1,37,38,0,0,1,37
0x9593b4,99.1935%,1,123,124,123,1,0,0
0x4a9b3c,66.6667%,1,2,3,2,1,0,0
0x666d59,75%,1,3,4,0,1,0,3
0x548a1d,83.3333%,1,5,6,0,0,1,5
0x4b0d0c,50%,1,1,2,1,1,0,0
0x8dfa39,83.3333%,1,5,6,5,0,1,0
0xa2f4e7,99.3333%,1,149,150,149,1,0,0
0x7aedca,90.9091%,1,10,11,0,0,1,10
0x5e786d,98.6301%,1,72,73,72,1,0,0
0x97ace1,87.5%,1,7,8,0,0,1,7
0x671302,50%,1,1,2,1,1,0,0
0x77d889,83.3333%,1,5,6,0,0,1,5
0x8e9365,75%,1,3,4,3,1,0,0
0x9e8458,66.6667%,1,2,3,2,1,0,0
0xa27a11,75%,1,3,4,0,1,0,3
0xa28602,83.3333%,1,5,6,4,0,1,1
0x787e57,98.4848%,1,65,66,65,1,0,0
0x5be5fb,99.4118%,1,169,170,0,0,1,169
0x5bd152,99.8963%,1,963,964,963,1,0,0
0x8ebeb1,50%,1,1,2,0,0,1,1
0xb1ae38,99.7691%,1,432,433,0,0,1,432
0x7d21aa,75%,1,3,4,0,0,1,3
0xb1ae52,99.7691%,1,432,433,0,0,1,432
0x70d726,66.6667%,1,2,3,0,0,1,2
0x64bb57,99.9282%,1,1391,1392,0,0,1,1391
0x787bb3,80%,1,4,5,4,1,0,0
0x843642,75%,1,3,4,3,1,0,0
0x610f72,50%,1,1,2,0,0,1,1
0xb3ab69,97.1429%,1,34,35,0,0,1,34
0x8c80cd,0%,1,0,1,0,0,1,0
0xa938bb,99.4083%,1,168,169,0,0,1,168
0xb23058,99.3506%,1,153,154,153,1,0,0
0x9f49ff,75%,1,3,4,3,0,1,0
0xad46a1,50%,1,1,2,1,1,0,0
0x9745b6,50%,1,1,2,0,0,1,1
0x8df66d,50%,1,1,2,0,0,1,1
0xb23039,99.3506%,1,153,154,0,0,1,153
0x8f3e24,99.661%,1,294,295,0,0,1,294
0x8f2857,97.7273%,1,43,44,43,1,0,0
0x64bfdc,99.8172%,1,546,547,546,1,0,0
0x77ca50,91.6667%,1,11,12,11,1,0,0
0xb17b4e,99.8601%,1,714,715,0,0,1,714
0xa07ab9,97.5%,1,39,40,0,0,1,39
0xb2ad43,99.9037%,1,1037,1038,0,0,1,1037
0x48b420,99.5556%,1,224,225,224,1,0,0
0x64c264,99.1525%,1,117,118,0,0,1,117
0xa5027f,75%,1,3,4,0,0,1,3
0x8f1abb,99.3056%,1,143,144,0,0,1,143
0x9e5761,97.4359%,1,38,39,38,1,0,0
0xa346d3,99.7462%,1,393,394,0,0,1,393
0x77d89a,50%,1,1,2,0,0,1,1
0x4bb6b1,99.3631%,1,156,157,0,0,1,156
0x80b9a6,50%,1,1,2,0,0,1,1
0xa6b808,75%,1,3,4,3,1,0,0
0x9aae37,98.7342%,1,78,79,0,0,1,78
0x44156e,90.9091%,1,10,11,0,0,1,10
0x4aabfb,96.6667%,1,29,30,29,1,0,0
0x99ef20,50%,1,1,2,1,1,0,0
0x54fbed,0%,1,0,1,0,1,0,0
0x6b460e,0%,1,0,1,0,0,1,0
0x596346,96.875%,1,31,32,31,1,0,0
0x679feb,99.9443%,1,1793,1794,0,0,1,1793
0x817d4d,87.5%,1,7,8,0,0,1,7
0x9e72f5,0%,1,0,1,0,1,0,0
0x8fe39d,96.6667%,1,29,30,14,1,0,15
0x9fe9fb,66.6667%,1,2,3,2,1,0,0
0x981290,50%,1,1,2,1,0,1,0
0x908558,98.3333%,1,59,60,59,1,0,0
0xa54c04,87.5%,1,7,8,2,0,1,5
0x65ad65,0%,1,0,1,0,0,1,0
0x72389d,99.7101%,1,344,345,0,0,1,344
0x8f2e4f,99.7033%,1,336,337,0,0,1,336
0x8ec4ed,50%,1,1,2,0,0,1,1
0x8ec809,50%,1,1,2,0,1,0,1
0x5bc87b,50%,1,1,2,0,0,1,1
0xa46a43,98.9583%,1,95,96,0,0,1,95
0x5bc504,99.8963%,1,963,964,963,1,0,0
0x80619e,50%,1,1,2,0,0,1,1
0x80b8cd,99.5192%,1,207,208,207,1,0,0
0x4a6c77,99.7921%,1,480,481,480,1,0,0
0x805200,50%,1,1,2,1,1,0,0
0x5b6067,0%,1,0,1,0,0,1,0
0x95c4c5,83.3333%,1,5,6,5,1,0,0
0x441a05,90.9091%,1,10,11,10,1,0,0
0xacfc5e,98.8235%,1,84,85,84,1,0,0
0x81288b,75%,1,3,4,3,1,0,0
0xa44771,98.0769%,1,51,52,51,1,0,0
0x492e1a,50%,1,1,2,0,1,0,1
0x7d2219,0%,1,0,1,0,1,0,0
0x4b5f39,87.5%,1,7,8,4,0,1,3
0xa477e4,75%,1,3,4,3,1,0,0
0xaa4a8c,66.6667%,1,2,3,2,1,0,0
0x40ab16,97.619%,1,41,42,0,0,1,41
0x5b0574,50%,1,1,2,1,1,0,0
0x5f87de,0%,1,0,1,0,0,1,0
0x5bd507,99.9309%,1,1447,1448,1447,1,0,0
0x5bd4ef,99.9309%,1,1447,1448,1447,1,0,0
0x8ec87f,50%,1,1,2,1,1,0,0
0x4c6820,91.6667%,1,11,12,0,0,1,11
0x60df0c,99.8549%,1,688,689,688,1,0,0
0x511a51,92.8571%,1,13,14,0,0,1,13
0x7d2b31,92.3077%,1,12,13,12,1,0,0
0x5bb291,50%,1,1,2,1,1,0,0
0x409359,50%,1,1,2,0,0,1,1
0xace0b8,50%,1,1,2,0,0,1,1
0xb4a018,0%,1,0,1,0,0,1,0
0x40a30a,98.9011%,1,90,91,0,0,1,90
0x48d7e0,99.0654%,1,106,107,106,1,0,0
0x99bb11,99.4737%,1,189,190,0,0,1,189
0x675622,0%,1,0,1,0,0,1,0
0x4bccb1,97.619%,1,41,42,0,0,1,41
0x679b19,83.3333%,1,5,6,5,1,0,0
0xa5ab2c,85.7143%,1,6,7,6,1,0,0
0x9f25e7,97.4359%,1,38,39,38,1,0,0
0x972f42,83.3333%,1,5,6,3,0,1,2
0xb2b549,99.711%,1,345,346,345,1,0,0
0x820924,90.9091%,1,10,11,0,0,1,10
0x64c6ca,98.1481%,1,53,54,53,1,0,0
0xb2175d,99.711%,1,345,346,345,1,0,0
0x5bd71b,99.3103%,1,144,145,144,1,0,0
0x58bfac,98.6842%,1,75,76,75,1,0,0
0x4415ce,90.9091%,1,10,11,0,0,1,10
0x8f221b,93.75%,1,15,16,15,1,0,0
0x782699,99.5475%,1,220,221,0,0,1,220
0xacd94f,50%,1,1,2,1,1,0,0
0xa53f25,99.0654%,1,106,107,0,0,1,106
0x8ef511,88.8889%,1,8,9,8,1,0,0
0x6750f2,66.6667%,1,2,3,0,0,1,2
0xad43c9,66.6667%,1,2,3,0,0,1,2
0x90a902,98.7952%,1,82,83,0,0,1,82
0x9844a6,98.4848%,1,65,66,0,0,1,65
0x9a80e9,99.5745%,1,234,235,0,0,1,234
0x4a6c34,97.619%,1,41,42,41,1,0,0
0x911d4d,99.843%,1,636,637,636,1,0,0
0x4bc092,0%,1,0,1,0,1,0,0
0x8f1ae1,66.6667%,1,2,3,0,1,0,2
0xa06e1d,97.3684%,1,37,38,0,0,1,37
0x8f1a60,87.5%,1,7,8,7,1,0,0
0x81c0cb,98.9583%,1,95,96,0,0,1,95
0x5dae4d,75%,1,3,4,3,1,0,0
0x48d677,98.5507%,1,68,69,0,0,1,68
0xacdcd7,50%,1,1,2,1,1,0,0
0x61060b,98.8764%,1,88,89,0,0,1,88
0x60dfc8,88.8889%,1,8,9,0,0,1,8
0xa314ab,98.0769%,1,51,52,51,1,0,0
0xa9ef42,50%,1,1,2,1,1,0,0
0xaadc39,99.6923%,1,324,325,324,1,0,0
0xb180f4,99.9305%,1,1437,1438,0,0,1,1437
0x8efc02,99.1453%,1,116,117,0,0,1,116
0xb1bae6,99.9005%,1,1004,1005,1004,1,0,0
0x9e06c8,99.8881%,1,893,894,893,1,0,0
0xb18260,99.9005%,1,1004,1005,1004,1,0,0
0x487fbe,50%,1,1,2,1,1,0,0
0x5bd77f,99.1597%,1,118,119,0,0,1,118
0x4acb5a,0%,1,0,1,0,0,1,0
0xa69e53,75%,1,3,4,0,0,1,3
0x5bd3bf,99.1597%,1,118,119,118,1,0,0
0xb18323,99.9005%,1,1004,1005,1004,1,0,0
0x51b69e,87.5%,1,7,8,1,0,1,6
0x64bd87,99.1597%,1,118,119,0,0,1,118
0x8a8e02,50%,1,1,2,0,0,1,1
0xaa4a0e,66.6667%,1,2,3,0,0,1,2
0x90077c,0%,1,0,1,0,1,0,0
0xa98d3b,93.3333%,1,14,15,0,0,1,14
0x8bcc43,98.5714%,1,69,70,69,1,0,0
0xa09593,0%,1,0,1,0,0,1,0
0x7c79fc,95.8333%,1,23,24,0,0,1,23
0x8e9341,66.6667%,1,2,3,2,1,0,0
0x9fe3eb,99.2366%,1,130,131,0,0,1,130
0x534ffa,98.4375%,1,63,64,63,1,0,0
0xa4a860,50%,1,1,2,0,0,1,1
0xa9ff03,66.6667%,1,2,3,0,0,1,2
0x8df87e,75%,1,3,4,3,1,0,0
0x8df8b9,75%,1,3,4,0,0,1,3
0x9d064d,98.3871%,1,61,62,0,0,1,61
0x8e9389,75%,1,3,4,0,0,1,3
0x44196e,90.9091%,1,10,11,0,0,1,10
0xa0f3d2,83.3333%,1,5,6,5,1,0,0
0xa04137,0%,1,0,1,0,0,1,0
0xb17bc0,99.9057%,1,1060,1061,0,0,1,1060
0x66648f,96.6667%,1,29,30,0,0,1,29
0x49bcf0,95.6522%,1,22,23,0,0,1,22
0x5aef23,99.8563%,1,695,696,0,0,1,695
0x8df9ca,66.6667%,1,2,3,0,0,1,2
0xa99853,80%,1,4,5,4,1,0,0
0x48d331,50%,1,1,2,1,1,0,0
0xa96d58,95.2381%,1,20,21,20,1,0,0
0x4b6d9f,96.4286%,1,27,28,0,0,1,27
0xa4f7a5,94.4444%,1,17,18,0,0,1,17
0x5bd6cf,99.6979%,1,330,331,0,0,1,330
0x8efdde,92.8571%,1,13,14,0,0,1,13
0xa4a30c,94.4444%,1,17,18,0,0,1,17
0xa07ac1,97.5%,1,39,40,38,1,0,1
0x8f54e7,99.9413%,1,1702,1703,1702,1,0,0
0x9f9adb,99.0826%,1,108,109,0,0,1,108
0x7180eb,0%,1,0,1,0,0,1,0
0x98d08a,85.7143%,1,6,7,0,0,1,6
0x746548,80%,1,4,5,4,1,0,0
0x5d2fa8,75%,1,3,4,3,1,0,0
0x972fef,97.8261%,1,45,46,45,1,0,0
0x8c735f,99.8943%,1,945,946,0,0,1,945
0x51b683,92.3077%,1,12,13,4,1,0,8
0x7d3eb5,66.6667%,1,2,3,0,0,1,2
0xacdceb,50%,1,1,2,1,1,0,0
0x5fa4f5,98.6667%,1,74,75,20,1,0,54
0x610710,96%,1,24,25,0,0,1,24
0x789f33,87.5%,1,7,8,0,0,1,7
0x9f63c2,66.6667%,1,2,3,0,0,1,2
0x40517e,99.9879%,1,8281,8282,8281,1,0,0
0x4051f3,99.2424%,1,131,132,0,0,1,131
0x90b97c,99.8959%,1,960,961,0,0,1,960
0x71c2aa,0%,1,0,1,0,1,0,0
0xa05f6f,80%,1,4,5,0,0,1,4
0xa07359,88.8889%,1,8,9,0,0,1,8
0x7c7ba7,98.9691%,1,96,97,0,0,1,96
0xa05aba,96.5517%,1,28,29,28,1,0,0
0x6752fd,66.6667%,1,2,3,0,1,0,2
0x6ec04d,0%,1,0,1,0,1,0,0
0x6a7885,0%,1,0,1,0,0,1,0
0x789c24,80%,1,4,5,1,1,0,3
0x58d91b,83.3333%,1,5,6,0,0,1,5
0x966063,90%,1,9,10,0,0,1,9
0x8092c7,0%,1,0,1,0,1,0,0
0x610776,92.3077%,1,12,13,0,0,1,12
0x49ded9,96.4286%,1,27,28,0,0,1,27
0x6d9e7b,0%,1,0,1,0,1,0,0
0x5d1818,95.8333%,1,23,24,0,0,1,23
0xa3169c,97.3684%,1,37,38,37,1,0,0
0x5f544e,91.6667%,1,11,12,0,0,1,11
0x9f6354,66.6667%,1,2,3,2,1,0,0
0x591645,66.6667%,1,2,3,0,0,1,2
0x81f65d,75%,1,3,4,0,0,1,3
0xa53d25,99.3902%,1,163,164,0,0,1,163
0x9ea64c,98.9011%,1,90,91,90,1,0,0
0x7b7ffb,96%,1,24,25,24,1,0,0
0x97305c,96.2963%,1,26,27,0,0,1,26
0x4a97e9,100%,0,4,4,0,0,0,4
0x49cf73,100%,0,1,1,1,0,0,0
0x555db3,100%,0,105,105,0,0,0,105
0x5a658d,100%,0,2,2,2,0,0,0
0x8fd411,100%,0,1,1,1,0,0,0
0x4bbb48,100%,0,43,43,0,0,0,43
0x8df8ac,100%,0,4,4,0,0,0,4
0x8ebfc5,100%,0,2,2,0,0,0,2
0xa90fa2,100%,0,28,28,28,0,0,0
0xaa00f2,100%,0,3,3,3,0,0,0
0x65ae11,100%,0,13,13,0,0,0,13
0x99c877,100%,0,754,754,754,0,0,0
0xa237ad,100%,0,2,2,0,0,0,2
0xa4a21e,100%,0,56,56,56,0,0,0
0xa9d26a,100%,0,4,4,0,0,0,4
0xa9d3ef,100%,0,20,20,0,0,0,20
0x5c33dc,100%,0,8,8,0,0,0,8
0x4b70a3,100%,0,148,148,0,0,0,148
0x4b5174,100%,0,7,7,0,0,0,7
0xa041ea,100%,0,1,1,0,0,0,1
0xa50c4c,100%,0,66,66,0,0,0,66
0xa2fd5a,100%,0,43,43,0,0,0,43
0x50fb17,100%,0,10,10,0,0,0,10
0x682392,100%,0,34,34,0,0,0,34
0x50fb3b,100%,0,10,10,10,0,0,0
0x7ef9f3,100%,0,2,2,2,0,0,0
0xaa0038,100%,0,3,3,0,0,0,3
0x6d4b97,100%,0,16,16,0,0,0,16
0x8e16a2,100%,0,32,32,0,0,0,32
0x9e8428,100%,0,3,3,0,0,0,3
0xb6a105,100%,0,5,5,0,0,0,5
0xa9f30e,100%,0,3,3,0,0,0,3
0xaa003d,100%,0,3,3,0,0,0,3
0xa2e224,100%,0,2,2,0,0,0,2
0x65ae7f,100%,0,13,13,0,0,0,13
0x4b6748,100%,0,11,11,0,0,0,11
0x4b6769,100%,0,11,11,0,0,0,11
0xa6b322,100%,0,4,4,4,0,0,0
0xa9f39c,100%,0,3,3,0,0,0,3
0x61cd94,100%,0,5,5,0,0,0,5
0x9a1ccc,100%,0,203,203,0,0,0,203
0x5c474a,100%,0,8,8,0,0,0,8
0x8e50a1,100%,0,1542,1542,0,0,0,1542
0x90671e,100%,0,124,124,0,0,0,124
0xa9ff17,100%,0,3,3,3,0,0,0
0x64f661,100%,0,42,42,42,0,0,0
0xa39858,100%,0,4,4,0,0,0,4
0x4c17bb,100%,0,198,198,198,0,0,0
0x4c15ed,100%,0,198,198,198,0,0,0
0xa39862,100%,0,4,4,0,0,0,4
0x9fcc37,100%,0,25,25,0,0,0,25
0x5f3def,100%,0,4,4,0,0,0,4
0x4c013e,100%,0,112,112,112,0,0,0
0x4ab896,100%,0,6,6,0,0,0,6
0x4c5338,100%,0,294,294,0,0,0,294
0x4bf6a7,100%,0,83,83,0,0,0,83
0x8c8cc8,100%,0,67,67,0,0,0,67
0x4c5fd4,100%,0,16,16,0,0,0,16
0x4bf831,100%,0,104,104,104,0,0,0
0x4bf0ca,100%,0,188,188,0,0,0,188
0x4c407b,100%,0,204,204,0,0,0,204
0x7d3001,100%,0,51,51,51,0,0,0
0x60bba5,100%,0,5,5,5,0,0,0
0xaa03c0,100%,0,115,115,0,0,0,115
0x8e31bb,100%,0,5,5,5,0,0,0
0xa69eb6,100%,0,4,4,0,0,0,4
0x5a898e,100%,0,2,2,0,0,0,2
0x55921b,100%,0,4,4,4,0,0,0
0x9e0bf6,100%,0,17,17,0,0,0,17
0x608d34,100%,0,162,162,0,0,0,162
0x59096a,100%,0,20,20,18,0,0,2
0xa8e58c,100%,0,4,4,0,0,0,4
0x4b513b,100%,0,128,128,0,0,0,128
0xacce4e,100%,0,3,3,2,0,0,1
0x4b5054,100%,0,122,122,0,0,0,122
0x4b7839,100%,0,403,403,0,0,0,403
0x81cabf,100%,0,60,60,0,0,0,60
0x9a6aac,100%,0,4,4,4,0,0,0
0x80c1d4,100%,0,265,265,0,0,0,265
0x9ea4d7,100%,0,168,168,0,0,0,168
0xa9d35d,100%,0,42,42,0,0,0,42
0x97521d,100%,0,19,19,0,0,0,19
0x99d2e8,100%,0,9,9,0,0,0,9
0x8b93a8,100%,0,336,336,336,0,0,0
0x4bc6d8,100%,0,231,231,231,0,0,0
0x64c691,100%,0,119,119,0,0,0,119
0x5f5683,100%,0,4,4,0,0,0,4
0xa39848,100%,0,4,4,0,0,0,4
0x4a86db,100%,0,2,2,0,0,0,2
0x99ab53,100%,0,256,256,256,0,0,0
0x5e1efa,100%,0,6,6,0,0,0,6
0x78191a,100%,0,156,156,0,0,0,156
0xa3485f,100%,0,527,527,0,0,0,527
0xa97f30,100%,0,2,2,0,0,0,2
0x7b7f4a,100%,0,141,141,141,0,0,0
0x5937bd,100%,0,19,19,0,0,0,19
0x7b7c27,100%,0,25,25,25,0,0,0
0x9f47cd,100%,0,8,8,0,0,0,8
0x8e16af,100%,0,32,32,0,0,0,32
0x7e20c4,100%,0,25,25,25,0,0,0
0x5f561a,100%,0,60,60,60,0,0,0
0x4bf30a,100%,0,31,31,31,0,0,0
0x90b18e,100%,0,70,70,70,0,0,0
0x4c055f,100%,0,31,31,0,0,0,31
0x4c0549,100%,0,31,31,0,0,0,31
0x8f0a44,100%,0,117,117,117,0,0,0
0x487fb4,100%,0,2,2,0,0,0,2
0x48da53,100%,0,46,46,0,0,0,46
0x670dea,100%,0,2,2,0,0,0,2
0x814fed,100%,0,2,2,0,0,0,2
0xa583c0,100%,0,123,123,0,0,0,123
0x4bfdf0,100%,0,25,25,25,0,0,0
0x666cb2,100%,0,2,2,0,0,0,2
0xa583b8,100%,0,123,123,0,0,0,123
0x40df2d,100%,0,108,108,0,0,0,108
0x48f897,100%,0,18,18,0,0,0,18
0x94cc63,100%,0,79,79,0,0,0,79
0x4beff0,100%,0,86,86,0,0,0,86
0x973034,100%,0,27,27,0,0,0,27
0x58d166,100%,0,72,72,70,0,0,2
0x4bef09,100%,0,25,25,0,0,0,25
0x4beee5,100%,0,25,25,0,0,0,25
0x5ecdcf,100%,0,8,8,0,0,0,8
0x58e633,100%,0,12,12,12,0,0,0
0x49b264,100%,0,2,2,0,0,0,2
0x4bedf0,100%,0,58,58,0,0,0,58
0xa36754,100%,0,72,72,0,0,0,72
0x99f58a,100%,0,13,13,13,0,0,0
0xa48327,100%,0,242,242,242,0,0,0
0x818960,100%,0,632,632,0,0,0,632
0x80852b,100%,0,7,7,7,0,0,0
0x4c5aa8,100%,0,21,21,0,0,0,21
0x4903dc,100%,0,3,3,3,0,0,0
0xa58ee0,100%,0,119,119,0,0,0,119
0x607061,100%,0,20,20,20,0,0,0
0x48fc69,100%,0,4,4,0,0,0,4
0x4b6dde,100%,0,28,28,28,0,0,0
0x5c7801,100%,0,80,80,80,0,0,0
0x4b6dd2,100%,0,28,28,0,0,0,28
0x4b6d8c,100%,0,28,28,0,0,0,28
0x4c54af,100%,0,1,1,0,0,0,1
0xa585a8,100%,0,119,119,0,0,0,119
0xa58f66,100%,0,119,119,0,0,0,119
0xa27861,100%,0,6,6,6,0,0,0
0x48ddcf,100%,0,198,198,0,0,0,198
0xa64af4,100%,0,2,2,2,0,0,0
0x7d25e5,100%,0,16,16,16,0,0,0
0x80be6c,100%,0,5,5,0,0,0,5
0x40bc42,100%,0,4,4,0,0,0,4
0x405cbd,100%,0,92,92,0,0,0,92
0xa91931,100%,0,17,17,0,0,0,17
0xa4b676,100%,0,20,20,0,0,0,20
0xa9190c,100%,0,17,17,17,0,0,0
0x4c07c1,100%,0,86,86,0,0,0,86
0x4c0770,100%,0,86,86,0,0,0,86
0x4c0733,100%,0,86,86,0,0,0,86
0x5b2a94,100%,0,45,45,0,0,0,45
0xa918b7,100%,0,17,17,0,0,0,17
0x9fc584,100%,0,14,14,0,0,0,14
0x4ca0ae,100%,0,2,2,0,0,0,2
0x48da6c,100%,0,46,46,0,0,0,46
0xa9050b,100%,0,41,41,0,0,0,41
0x4bb750,100%,0,2,2,2,0,0,0
0xa08460,100%,0,5,5,0,0,0,5
0x789d06,100%,0,6,6,0,0,0,6
0x80bb30,100%,0,5,5,5,0,0,0
0x5cf4b8,100%,0,33,33,0,0,0,33
0x8e3e09,100%,0,4,4,0,0,0,4
0x4bf71f,100%,0,28,28,0,0,0,28
0x5b52a5,100%,0,5,5,5,0,0,0
0x9aa453,100%,0,22,22,22,0,0,0
0xa9f056,100%,0,2,2,0,0,0,2
0x44180e,100%,0,11,11,0,0,0,11
0xa9ef22,100%,0,4,4,2,0,0,2
0x4ada0d,100%,0,5,5,5,0,0,0
0x722c97,100%,0,10,10,0,0,0,10
0x9ea4e7,100%,0,108,108,0,0,0,108
0xa9f2d1,100%,0,3,3,0,0,0,3
0x5931b4,100%,0,14,14,0,0,0,14
0x97518d,100%,0,5,5,0,0,0,5
0x6191ac,100%,0,790,790,0,0,0,790
0x7b719c,100%,0,32,32,0,0,0,32
0xa99970,100%,0,1,1,0,0,0,1
0x68160e,100%,0,6,6,0,0,0,6
0x7b30a2,100%,0,36,36,0,0,0,36
0xa9d40d,100%,0,20,20,0,0,0,20
0x6923ad,100%,0,22,22,0,0,0,22
0x9059d1,100%,0,298,298,0,0,0,298
0x8dea5e,100%,0,130,130,0,0,0,130
0x543a78,100%,0,218,218,0,0,0,218
0x8e0f98,100%,0,16,16,0,0,0,16
0x99dcfe,100%,0,15,15,0,0,0,15
0xaae484,100%,0,13,13,0,0,0,13
0x5f37bd,100%,0,5,5,0,0,0,5
0x59fb7a,100%,0,1,1,0,0,0,1
0x4817f5,100%,0,9,9,9,0,0,0
0x4b788b,100%,0,31,31,0,0,0,31
0x7df9ee,100%,0,2,2,2,0,0,0
0x5c4653,100%,0,77,77,0,0,0,77
0x9449a8,100%,0,70,70,70,0,0,0
0x4c1451,100%,0,17,17,17,0,0,0
0xa9d030,100%,0,2,2,0,0,0,2
0x4c13c4,100%,0,24,24,0,0,0,24
0x4c13b2,100%,0,24,24,24,0,0,0
0xa515f2,100%,0,162,162,162,0,0,0
0x80692c,100%,0,24,24,0,0,0,24
0x5b15d7,100%,0,11,11,11,0,0,0
0xa9df90,100%,0,2,2,0,0,0,2
0xa430d9,100%,0,4,4,0,0,0,4
0xa9dd39,100%,0,2,2,0,0,0,2
0x973172,100%,0,610,610,0,0,0,610
0xa9dd1c,100%,0,2,2,0,0,0,2
0x4c271b,100%,0,84,84,0,0,0,84
0xb46930,100%,0,26,26,26,0,0,0
0xb30689,100%,0,5,5,0,0,0,5
0x4bedda,100%,0,58,58,0,0,0,58
0xaa33d1,100%,0,16,16,0,0,0,16
0x9a8bc9,100%,0,269,269,0,0,0,269
0xa39835,100%,0,4,4,0,0,0,4
0x99da6d,100%,0,36,36,0,0,0,36
0x490147,100%,0,10,10,10,0,0,0
0x5d3b75,100%,0,4,4,0,0,0,4
0x7d1e85,100%,0,51,51,0,0,0,51
0x949faa,100%,0,223,223,223,0,0,0
0x5dfd2f,100%,0,4,4,0,0,0,4
0xad0537,100%,0,2,2,0,0,0,2
0x5cd722,100%,0,4,4,0,0,0,4
0x5db575,100%,0,4,4,0,0,0,4
0x54fc60,100%,0,1,1,0,0,0,1
0xa32d3b,100%,0,2,2,2,0,0,0
0x58d618,100%,0,3,3,0,0,0,3
0x9d06ac,100%,0,65,65,65,0,0,0
0x4a97b9,100%,0,4,4,0,0,0,4
0x8f4086,100%,0,61,61,61,0,0,0
0x5dadd8,100%,0,4,4,0,0,0,4
0x901840,100%,0,256,256,256,0,0,0
0x543a9e,100%,0,45,45,0,0,0,45
0x5dfe34,100%,0,4,4,4,0,0,0
0x4b5f7f,100%,0,4,4,0,0,0,4
0xa58f22,100%,0,119,119,0,0,0,119
0x80c33d,100%,0,1,1,0,0,0,1
0x9a3f66,100%,0,28,28,0,0,0,28
0xa2865a,100%,0,1,1,0,0,0,1
0x5d2f9b,100%,0,4,4,0,0,0,4
0x5d2f46,100%,0,4,4,0,0,0,4
0x901933,100%,0,357,357,0,0,0,357
0x50b5ff,100%,0,4,4,0,0,0,4
0x5f93f7,100%,0,3,3,3,0,0,0
0x9a0ad5,100%,0,28,28,0,0,0,28
0x7f37b8,100%,0,15,15,0,0,0,15
0x5f93da,100%,0,3,3,0,0,0,3
0x8a6ba8,100%,0,2,2,2,0,0,0
0x81cd84,100%,0,177,177,0,0,0,177
0x8f58bd,100%,0,3874,3874,3874,0,0,0
0x5ebb88,100%,0,854,854,0,0,0,854
0x8dd0e2,100%,0,4,4,0,0,0,4
0x609b9d,100%,0,252,252,252,0,0,0
0x9a3336,100%,0,91,91,91,0,0,0
0x7d41e7,100%,0,1,1,0,0,0,1
0x5db631,100%,0,4,4,0,0,0,4
0x5e0354,100%,0,4,4,0,0,0,4
0x51afea,100%,0,260,260,0,0,0,260
0x5da2cb,100%,0,4,4,4,0,0,0
0x94bcc4,100%,0,16,16,0,0,0,16
0x81c093,100%,0,85,85,0,0,0,85
0x609bc0,100%,0,252,252,0,0,0,252
0x49bd3e,100%,0,2,2,0,0,0,2
0x54ff5c,100%,0,454,454,0,0,0,454
0x5d4543,100%,0,4,4,4,0,0,0
0x51af08,100%,0,2,2,2,0,0,0
0x5f86a9,100%,0,76,76,0,0,0,76
0x5d4487,100%,0,18,18,18,0,0,0
0xa0a54a,100%,0,12,12,0,0,0,12
0x4a5904,100%,0,55,55,0,0,0,55
0xa9801b,100%,0,15,15,15,0,0,0
0x8a9e9d,100%,0,647,647,0,0,0,647
0x50e83d,100%,0,14,14,0,0,0,14
0x5d2e79,100%,0,18,18,18,0,0,0
0x53969e,100%,0,109,109,0,0,0,109
0x58f3f9,100%,0,52,52,0,0,0,52
0x901c99,100%,0,234,234,0,0,0,234
0x50b8ca,100%,0,40,40,40,0,0,0
0x97a425,100%,0,18,18,0,0,0,18
0x90e6b8,100%,0,911,911,0,0,0,911
0x96b218,100%,0,32,32,0,0,0,32
0x50fec0,100%,0,2,2,0,0,0,2
0x8bcc65,100%,0,31,31,0,0,0,31
0x50fe3e,100%,0,2,2,0,0,0,2
0xa30576,100%,0,170,170,0,0,0,170
0x94dd16,100%,0,587,587,0,0,0,587
0x556f63,100%,0,55,55,55,0,0,0
0xa9e231,100%,0,40,40,0,0,0,40
0x556f2f,100%,0,28,28,0,0,0,28
0x7dfc79,100%,0,8,8,0,0,0,8
0x7d2ca8,100%,0,4,4,4,0,0,0
0xa9e153,100%,0,40,40,0,0,0,40
0x5034eb,100%,0,2,2,0,0,0,2
0x9f836a,100%,0,2,2,0,0,0,2
0x7c7afa,100%,0,24,24,0,0,0,24
0x781898,100%,0,4,4,0,0,0,4
0x8fe3f3,100%,0,118,118,0,0,0,118
0x9a6b5e,100%,0,10,10,10,0,0,0
0xa08070,100%,0,4,4,0,0,0,4
0x8ae9fa,100%,0,14,14,14,0,0,0
0x50f27b,100%,0,6,6,0,0,0,6
0xa45955,100%,0,51,51,51,0,0,0
0x50f232,100%,0,2,2,0,0,0,2
0x8def89,100%,0,16,16,0,0,0,16
0x95922e,100%,0,128,128,0,0,0,128
0x8efc25,100%,0,5,5,5,0,0,0
0x50efbd,100%,0,2,2,0,0,0,2
0x402de0,100%,0,59,59,0,0,0,59
0x606a94,100%,0,225,225,225,0,0,0
0x5f9246,100%,0,7,7,0,0,0,7
0x5f94d5,100%,0,3,3,0,0,0,3
0xa9c5ed,100%,0,42,42,0,0,0,42
0x5f94bf,100%,0,25,25,0,0,0,25
0xa92a31,100%,0,6,6,0,0,0,6
0x81fbb8,100%,0,323,323,0,0,0,323
0xa9294c,100%,0,6,6,6,0,0,0
0xa92929,100%,0,6,6,0,0,0,6
0xa9291b,100%,0,6,6,0,0,0,6
0x8d983a,100%,0,8,8,0,0,0,8
0x95ad83,100%,0,23,23,0,0,0,23
0x48fbf1,100%,0,4,4,0,0,0,4
0x5f769b,100%,0,30,30,0,0,0,30
0x8ea676,100%,0,4,4,0,0,0,4
0x9a0c0e,100%,0,28,28,0,0,0,28
0xa522e7,100%,0,97,97,0,0,0,97
0xa92891,100%,0,6,6,0,0,0,6
0x5c4fdc,100%,0,31,31,0,0,0,31
0xa58705,100%,0,4,4,0,0,0,4
0x7e11be,100%,0,1,1,0,0,0,1
0x5f7614,100%,0,2,2,0,0,0,2
0x9d384b,100%,0,4,4,0,0,0,4
0x53ec60,100%,0,5,5,0,0,0,5
0x50fef0,100%,0,2,2,0,0,0,2
0x50fedf,100%,0,2,2,0,0,0,2
0x803b99,100%,0,2,2,2,0,0,0
0x7227eb,100%,0,1303,1303,0,0,0,1303
0x96b243,100%,0,32,32,32,0,0,0
0x80b45d,100%,0,1,1,0,0,0,1
0xa07bff,100%,0,1,1,1,0,0,0
0x4b9a9e,100%,0,4,4,0,0,0,4
0x9d024e,100%,0,350,350,350,0,0,0
0x4b4ca2,100%,0,2,2,0,0,0,2
0xa9c78d,100%,0,142,142,0,0,0,142
0x4b4c8f,100%,0,2,2,0,0,0,2
0x4b4c85,100%,0,2,2,0,0,0,2
0x4baa15,100%,0,52,52,52,0,0,0
0x99f6b6,100%,0,13,13,13,0,0,0
0xacfae1,100%,0,21,21,0,0,0,21
0x806018,100%,0,222,222,0,0,0,222
0x4ca6fd,100%,0,2,2,2,0,0,0
0x4bad07,100%,0,8,8,0,0,0,8
0xa97888,100%,0,10,10,0,0,0,10
0xa4707f,100%,0,22,22,0,0,0,22
0xa07b7e,100%,0,1,1,0,0,0,1
0x5dadff,100%,0,4,4,0,0,0,4
0x902796,100%,0,39,39,0,0,0,39
0x611486,100%,0,11,11,0,0,0,11
0xa9b7d3,100%,0,88,88,0,0,0,88
0x789cdf,100%,0,6,6,0,0,0,6
0x90278c,100%,0,51,51,0,0,0,51
0xa07e22,100%,0,2,2,0,0,0,2
0x817131,100%,0,2,2,0,0,0,2
0x4b9e67,100%,0,219,219,219,0,0,0
0x8d9bf5,100%,0,370,370,0,0,0,370
0xa935fe,100%,0,81,81,0,0,0,81
0xa9b65c,100%,0,6,6,6,0,0,0
0x4be5f0,100%,0,7,7,7,0,0,0
0x4ba8d7,100%,0,48,48,48,0,0,0
0x5bd6dd,100%,0,331,331,331,0,0,0
0xa9cd85,100%,0,4,4,0,0,0,4
0xa9121b,100%,0,4,4,4,0,0,0
0x4c5ff6,100%,0,16,16,16,0,0,0
0x65b158,100%,0,13,13,0,0,0,13
0x6753a5,100%,0,1,1,1,0,0,0
0x4bb967,100%,0,204,204,204,0,0,0
0x4bb840,100%,0,204,204,204,0,0,0
0x4c6022,100%,0,16,16,0,0,0,16
0x5f32dd,100%,0,2,2,0,0,0,2
0xa99987,100%,0,1,1,1,0,0,0
0x538cfd,100%,0,11,11,0,0,0,11
0x9ee1ba,100%,0,62,62,62,0,0,0
0x973043,100%,0,27,27,0,0,0,27
0x67f679,100%,0,106,106,106,0,0,0
0x9fcf30,100%,0,18,18,0,0,0,18
0xa99c5c,100%,0,4,4,0,0,0,4
0xa9c7ee,100%,0,10,10,0,0,0,10
0x9f6895,100%,0,293,293,0,0,0,293
0x590dae,100%,0,169,169,0,0,0,169
0x58c4ae,100%,0,12,12,12,0,0,0
0x9e16c5,100%,0,2,2,0,0,0,2
0xa9daa8,100%,0,15,15,0,0,0,15
0x54fc7c,100%,0,1,1,0,0,0,1
0x7c7f2d,100%,0,4,4,0,0,0,4
0xa96387,100%,0,2,2,2,0,0,0
0xa96373,100%,0,2,2,0,0,0,2
0x78d21b,100%,0,2,2,0,0,0,2
0xa9c91e,100%,0,10,10,0,0,0,10
0xa8f990,100%,0,85,85,0,0,0,85
0x4b4fb3,100%,0,71,71,0,0,0,71
0xa994cc,100%,0,11,11,0,0,0,11
0x8fd820,100%,0,6,6,0,0,0,6
0x595e6b,100%,0,23,23,0,0,0,23
0x4bad8e,100%,0,304,304,0,0,0,304
0x4bac8e,100%,0,962,962,0,0,0,962
0x4ba66a,100%,0,373,373,0,0,0,373
0x4c80c5,100%,0,17,17,17,0,0,0
0x6095af,100%,0,252,252,0,0,0,252
0x50aae0,100%,0,10,10,0,0,0,10
0x544121,100%,0,9,9,0,0,0,9
0xa9ba3d,100%,0,11,11,0,0,0,11
0x9442aa,100%,0,452,452,0,0,0,452
0x4b56d5,100%,0,102,102,0,0,0,102
0x4b56c8,100%,0,102,102,0,0,0,102
0x4b4b74,100%,0,260,260,0,0,0,260
0xa9626f,100%,0,4,4,0,0,0,4
0x4b4b52,100%,0,71,71,0,0,0,71
0xa994b5,100%,0,11,11,0,0,0,11
0xa9948e,100%,0,7,7,0,0,0,7
0x4b4b1e,100%,0,71,71,0,0,0,71
0x8bf17e,100%,0,2,2,0,0,0,2
0x94af8b,100%,0,16,16,0,0,0,16
0x4b4984,100%,0,138,138,0,0,0,138
0x94af9c,100%,0,16,16,0,0,0,16
0x78c039,100%,0,2,2,0,0,0,2
0xb49a06,100%,0,8,8,0,0,0,8
0x4b48f6,100%,0,71,71,0,0,0,71
0x9f6586,100%,0,179,179,179,0,0,0
0x4acfb9,100%,0,4,4,4,0,0,0
0xa07ee6,100%,0,1,1,1,0,0,0
0xa96045,100%,0,26,26,0,0,0,26
0x9f0ebf,100%,0,38,38,38,0,0,0
0xa907cf,100%,0,228,228,228,0,0,0
0xa63b43,100%,0,125,125,0,0,0,125
0xb6a103,100%,0,5,5,0,0,0,5
0xa9b902,100%,0,6,6,0,0,0,6
0x903ff7,100%,0,164,164,0,0,0,164
0xa960dd,100%,0,26,26,26,0,0,0
0x9e0273,100%,0,18,18,0,0,0,18
0x4ba47e,100%,0,85,85,0,0,0,85
0x81f4b2,100%,0,4,4,0,0,0,4
0xb30444,100%,0,5,5,0,0,0,5
0x4b58b9,100%,0,270,270,0,0,0,270
0x4b7a3f,100%,0,11,11,0,0,0,11
0xa01c26,100%,0,2,2,0,0,0,2
0x7ad53a,100%,0,26,26,0,0,0,26
0x48fc57,100%,0,4,4,0,0,0,4
0x4ba486,100%,0,328,328,0,0,0,328
0xa95fed,100%,0,26,26,0,0,0,26
0x5eaecb,100%,0,4,4,0,0,0,4
0x6754da,100%,0,1,1,1,0,0,0
0x5e1acb,100%,0,2,2,0,0,0,2
0x8ecc67,100%,0,13,13,0,0,0,13
0x7d4110,100%,0,16,16,0,0,0,16
0xb1c353,100%,0,102,102,102,0,0,0
0x4ba263,100%,0,888,888,0,0,0,888
0x80abee,100%,0,2,2,2,0,0,0
0x4ba802,100%,0,294,294,0,0,0,294
0xa964d1,100%,0,4,4,4,0,0,0
0x533636,100%,0,7,7,0,0,0,7
0x970f97,100%,0,7,7,0,0,0,7
0x4bd207,100%,0,2,2,0,0,0,2
0x99e6cf,100%,0,13,13,0,0,0,13
0x815b01,100%,0,41,41,0,0,0,41
0xa7b3dd,100%,0,5,5,5,0,0,0
0x9f7c50,100%,0,13,13,0,0,0,13
0x90241b,100%,0,49,49,0,0,0,49
0x99e6fc,100%,0,13,13,0,0,0,13
0x9461bf,100%,0,19,19,19,0,0,0
0x7d3404,100%,0,12,12,0,0,0,12
0x945cf3,100%,0,19,19,19,0,0,0
0x970fbe,100%,0,12,12,0,0,0,12
0x8ea098,100%,0,3,3,0,0,0,3
0x405763,100%,0,122,122,0,0,0,122
0x5fa79d,100%,0,69,69,0,0,0,69
0xaa5488,100%,0,13,13,0,0,0,13
0xa37a8a,100%,0,10,10,0,0,0,10
0x8eadff,100%,0,1112,1112,1112,0,0,0
0x5bccfe,100%,0,964,964,964,0,0,0
0x804db1,100%,0,2,2,0,0,0,2
0x970f7d,100%,0,7,7,0,0,0,7
0x4b9416,100%,0,2,2,0,0,0,2
0x5be254,100%,0,78,78,0,0,0,78
0x4bc8d4,100%,0,12,12,12,0,0,0
0x977b61,100%,0,21,21,0,0,0,21
0x8baded,100%,0,443,443,0,0,0,443
0x718112,100%,0,1,1,0,0,0,1
0x4c4666,100%,0,37,37,0,0,0,37
0x9ed1a4,100%,0,6,6,0,0,0,6
0x78072a,100%,0,54,54,0,0,0,54
0x902512,100%,0,201,201,0,0,0,201
0xa04c87,100%,0,38,38,0,0,0,38
0x9a1cb9,100%,0,203,203,0,0,0,203
0x4bd18a,100%,0,4,4,0,0,0,4
0x49b09c,100%,0,277,277,0,0,0,277
0x99e65e,100%,0,13,13,0,0,0,13
0x96e7e1,100%,0,1,1,0,0,0,1
0x8e932f,100%,0,3,3,0,0,0,3
0x809a0d,100%,0,2,2,0,0,0,2
0x4bd5fc,100%,0,7,7,0,0,0,7
0xa0748a,100%,0,46,46,0,0,0,46
0x863162,100%,0,2,2,2,0,0,0
0x8f5612,100%,0,2640,2640,0,0,0,2640
0x77b9a1,100%,0,28,28,28,0,0,0
0x96ae0a,100%,0,2,2,2,0,0,0
0x4bd687,100%,0,21,21,0,0,0,21
0xa20fd7,100%,0,1,1,0,0,0,1
0x4bd673,100%,0,6,6,0,0,0,6
0x4bd68e,100%,0,41,41,41,0,0,0
0x5f32c8,100%,0,2,2,0,0,0,2
0xa0028c,100%,0,9,9,9,0,0,0
0x97140f,100%,0,7,7,0,0,0,7
0x9f3239,100%,0,155,155,0,0,0,155
0x4b8b05,100%,0,16,16,0,0,0,16
0x971347,100%,0,5,5,0,0,0,5
0x99e6b0,100%,0,13,13,0,0,0,13
0x900bf0,100%,0,334,334,0,0,0,334
0x99e6c7,100%,0,13,13,0,0,0,13
0x8f09a9,100%,0,117,117,0,0,0,117
0x4c4d9a,100%,0,11,11,0,0,0,11
0x9712ac,100%,0,5,5,0,0,0,5
0x4c1cec,100%,0,61,61,61,0,0,0
0xa5a15b,100%,0,10,10,0,0,0,10
0x4c44dd,100%,0,14,14,0,0,0,14
0x48e0c9,100%,0,25,25,0,0,0,25
0x4c4b54,100%,0,36,36,36,0,0,0
0x4c47bf,100%,0,60,60,60,0,0,0
0x7f12ec,100%,0,7,7,0,0,0,7
0xb4973b,100%,0,7,7,0,0,0,7
0x40e1f3,100%,0,72,72,72,0,0,0
0x5fbaf9,100%,0,2,2,2,0,0,0
0x4b9549,100%,0,2,2,0,0,0,2
0x4bf177,100%,0,15,15,0,0,0,15
0xb18292,100%,0,202,202,0,0,0,202
0xa5d1ed,100%,0,24,24,0,0,0,24
0x81512b,100%,0,8,8,0,0,0,8
0x64af15,100%,0,64,64,0,0,0,64
0x4c5e84,100%,0,8,8,8,0,0,0
0x4c5e7e,100%,0,8,8,0,0,0,8
0x4c5d9e,100%,0,8,8,0,0,0,8
0xaa3394,100%,0,404,404,0,0,0,404
0x4c5d8d,100%,0,8,8,0,0,0,8
0xb30adb,100%,0,68,68,0,0,0,68
0xa5b460,100%,0,4,4,4,0,0,0
0x4c5c5f,100%,0,8,8,0,0,0,8
0x4c5c52,100%,0,8,8,0,0,0,8
0xa02456,100%,0,539,539,539,0,0,0
0x4c8175,100%,0,22,22,0,0,0,22
0x4c8151,100%,0,22,22,22,0,0,0
0x675130,100%,0,1,1,0,0,0,1
0xa46e29,100%,0,18,18,18,0,0,0
0x4c74a5,100%,0,18,18,0,0,0,18
0x96e3c9,100%,0,1,1,1,0,0,0
0x838aba,100%,0,3,3,0,0,0,3
0x8122af,100%,0,99,99,0,0,0,99
0x81ef94,100%,0,4,4,0,0,0,4
0x4bfe44,100%,0,34,34,34,0,0,0
0xb17b3f,100%,0,715,715,715,0,0,0
0x9780e3,100%,0,133,133,0,0,0,133
0x9e0ba2,100%,0,257,257,0,0,0,257
0x49d7c3,100%,0,93,93,0,0,0,93
0x5af864,100%,0,53,53,53,0,0,0
0x94f1ae,100%,0,1,1,0,0,0,1
0x678dc8,100%,0,23,23,0,0,0,23
0x8fd9f8,100%,0,1,1,0,0,0,1
0x977fb0,100%,0,139,139,0,0,0,139
0x58f3b5,100%,0,52,52,52,0,0,0
0x4c7486,100%,0,18,18,0,0,0,18
0x6659f7,100%,0,130,130,0,0,0,130
0x9d2b68,100%,0,5,5,5,0,0,0
0x9a6837,100%,0,147,147,0,0,0,147
0x813de8,100%,0,942,942,0,0,0,942
0xa91f1f,100%,0,4,4,0,0,0,4
0xa91edf,100%,0,4,4,0,0,0,4
0xa5aa9e,100%,0,3,3,0,0,0,3
0x5c569f,100%,0,223,223,0,0,0,223
0xa96557,100%,0,4,4,0,0,0,4
0x8a5e3c,100%,0,314,314,0,0,0,314
0x815189,100%,0,330,330,0,0,0,330
0x9fc7e5,100%,0,220,220,0,0,0,220
0xa66139,100%,0,113,113,0,0,0,113
0x4b7a91,100%,0,2,2,0,0,0,2
0xa961d8,100%,0,2,2,0,0,0,2
0x640560,100%,0,200,200,200,0,0,0
0x5089c8,100%,0,4,4,0,0,0,4
0x4092ae,100%,0,2,2,0,0,0,2
0x8e9392,100%,0,4,4,0,0,0,4
0xaa81a5,100%,0,5,5,5,0,0,0
0x811b02,100%,0,2,2,0,0,0,2
0x4be453,100%,0,4,4,0,0,0,4
0xa066ec,100%,0,45,45,0,0,0,45
0x54fcc1,100%,0,1,1,1,0,0,0
0x4be42d,100%,0,4,4,0,0,0,4
0x9a8cc0,100%,0,62,62,62,0,0,0
0x4be411,100%,0,4,4,0,0,0,4
0x9a898e,100%,0,62,62,0,0,0,62
0x4be8c1,100%,0,1,1,0,0,0,1
0x7afc42,100%,0,2,2,2,0,0,0
0x4b7a69,100%,0,2,2,2,0,0,0
0x809d8f,100%,0,561,561,0,0,0,561
0x78e136,100%,0,2,2,2,0,0,0
0xa44ddc,100%,0,433,433,433,0,0,0
0x78e11d,100%,0,2,2,0,0,0,2
0x811e9b,100%,0,2413,2413,0,0,0,2413
0x78e0da,100%,0,2,2,0,0,0,2
0x9ff7a1,100%,0,2,2,0,0,0,2
0xa07800,100%,0,2,2,2,0,0,0
0x9aa132,100%,0,33,33,0,0,0,33
0x78e0b8,100%,0,2,2,0,0,0,2
0xa04fa8,100%,0,5,5,0,0,0,5
0x81fc8b,100%,0,98,98,0,0,0,98
0xaa9f36,100%,0,27,27,0,0,0,27
0x4b5ccd,100%,0,28,28,28,0,0,0
0x94d180,100%,0,47,47,0,0,0,47
0x40a566,100%,0,2,2,2,0,0,0
0x7c7bfb,100%,0,1,1,0,0,0,1
0xa8e6c7,100%,0,2,2,0,0,0,2
0x61153e,100%,0,65,65,0,0,0,65
0x5bd12e,100%,0,44,44,0,0,0,44
0xa02a89,100%,0,12,12,0,0,0,12
0x5baa0c,100%,0,34,34,34,0,0,0
0xa02a6f,100%,0,12,12,0,0,0,12
0x670ff1,100%,0,2,2,0,0,0,2
0x5bd11e,100%,0,44,44,0,0,0,44
0x9aae05,100%,0,37,37,0,0,0,37
0x674fe0,100%,0,32,32,0,0,0,32
0x639b82,100%,0,65,65,0,0,0,65
0x8f5481,100%,0,12,12,0,0,0,12
0x4c642d,100%,0,2,2,0,0,0,2
0x4b85f6,100%,0,2,2,2,0,0,0
0x9a979d,100%,0,30,30,0,0,0,30
0x811c7a,100%,0,55,55,0,0,0,55
0x9a7edc,100%,0,25,25,0,0,0,25
0x4b854e,100%,0,2,2,0,0,0,2
0x822456,100%,0,186,186,186,0,0,0
0x8e1cc4,100%,0,4,4,4,0,0,0
0x8be2af,100%,0,2,2,0,0,0,2
0x58be40,100%,0,76,76,0,0,0,76
0x96e3ad,100%,0,1,1,0,0,0,1
0x4b84cc,100%,0,2,2,0,0,0,2
0x99e21e,100%,0,15,15,0,0,0,15
0xa943c5,100%,0,224,224,0,0,0,224
0x4bdc88,100%,0,10,10,0,0,0,10
0x65ad7e,100%,0,1,1,1,0,0,0
0x695f71,100%,0,24,24,0,0,0,24
0x8161af,100%,0,2,2,0,0,0,2
0x99e6b9,100%,0,13,13,0,0,0,13
0x4be4fd,100%,0,7,7,7,0,0,0
0x4be4e1,100%,0,7,7,0,0,0,7
0x5bd0e5,100%,0,11,11,0,0,0,11
0x4c664e,100%,0,2,2,2,0,0,0
0x6663fe,100%,0,2,2,0,0,0,2
0x90f8be,100%,0,2,2,0,0,0,2
0x812775,100%,0,52,52,0,0,0,52
0x503268,100%,0,2,2,2,0,0,0
0x81c13c,100%,0,96,96,0,0,0,96
0x7c685a,100%,0,2,2,0,0,0,2
0x53373b,100%,0,7,7,0,0,0,7
0x5510b9,100%,0,6,6,0,0,0,6
0x4c3892,100%,0,13,13,13,0,0,0
0x5af391,100%,0,62,62,0,0,0,62
0x597115,100%,0,48,48,0,0,0,48
0x4c3881,100%,0,13,13,0,0,0,13
0x40d53e,100%,0,172,172,0,0,0,172
0x4c3833,100%,0,13,13,0,0,0,13
0x4c3826,100%,0,13,13,0,0,0,13
0x4c26c8,100%,0,13,13,13,0,0,0
0x48e5bc,100%,0,48,48,0,0,0,48
0x4c2f9f,100%,0,13,13,0,0,0,13
0x4c2f89,100%,0,13,13,13,0,0,0
0xa508d0,100%,0,4,4,0,0,0,4
0xa04bb4,100%,0,38,38,0,0,0,38
0x490608,100%,0,3,3,0,0,0,3
0x81e180,100%,0,215,215,0,0,0,215
0x8e3e5b,100%,0,4,4,0,0,0,4
0x9a9f2f,100%,0,28,28,28,0,0,0
0x9a9f28,100%,0,28,28,0,0,0,28
0x8ec976,100%,0,4,4,0,0,0,4
0x7c7a7b,100%,0,32,32,0,0,0,32
0x959138,100%,0,2,2,0,0,0,2
0x8ec9bf,100%,0,4,4,0,0,0,4
0x97827e,100%,0,6,6,6,0,0,0
0x5bd116,100%,0,44,44,0,0,0,44
0x81e3b4,100%,0,215,215,215,0,0,0
0x97824b,100%,0,19,19,0,0,0,19
0x4b8ea1,100%,0,4,4,0,0,0,4
0xa5b302,100%,0,3,3,3,0,0,0
0xa9a142,100%,0,15,15,0,0,0,15
0x794209,100%,0,5,5,5,0,0,0
0x81f849,100%,0,47,47,0,0,0,47
0x97336f,100%,0,9,9,0,0,0,9
0x7941da,100%,0,5,5,0,0,0,5
0x4ab1b6,100%,0,37,37,0,0,0,37
0xa069b3,100%,0,2,2,0,0,0,2
0xa478c8,100%,0,22,22,22,0,0,0
0x409f5d,100%,0,30,30,0,0,0,30
0xa04bf5,100%,0,38,38,38,0,0,0
0x4c4fca,100%,0,17,17,17,0,0,0
0x9fc0f4,100%,0,306,306,0,0,0,306
0x619ad0,100%,0,5,5,0,0,0,5
0x550a88,100%,0,51,51,0,0,0,51
0x4b7e28,100%,0,11,11,11,0,0,0
0x5bc531,100%,0,119,119,0,0,0,119
0x597ef7,100%,0,15,15,0,0,0,15
0x600275,100%,0,23,23,0,0,0,23
0x820a32,100%,0,8,8,0,0,0,8
0x5e78b6,100%,0,73,73,0,0,0,73
0x94edff,100%,0,30,30,30,0,0,0
0xa06f56,100%,0,9,9,0,0,0,9
0x5c834b,100%,0,6,6,6,0,0,0
0x5bc358,100%,0,119,119,0,0,0,119
0xa589c7,100%,0,146,146,0,0,0,146
0x4b8061,100%,0,11,11,0,0,0,11
0x4be5ac,100%,0,11,11,11,0,0,0
0x4be362,100%,0,11,11,0,0,0,11
0x4be300,100%,0,15,15,15,0,0,0
0xa99c4e,100%,0,4,4,0,0,0,4
0xa588c2,100%,0,146,146,0,0,0,146
0x4b7d94,100%,0,11,11,11,0,0,0
0x48db7f,100%,0,329,329,0,0,0,329
0x4b7a49,100%,0,11,11,0,0,0,11
0x4b755d,100%,0,11,11,11,0,0,0
0xa5884c,100%,0,146,146,0,0,0,146
0xa33eac,100%,0,52,52,52,0,0,0
0x4c5494,100%,0,1,1,0,0,0,1
0x487091,100%,0,138,138,138,0,0,0
0x95a936,100%,0,4,4,0,0,0,4
0x97b871,100%,0,9,9,9,0,0,0
0x4414f7,100%,0,11,11,0,0,0,11
0x5e3ae0,100%,0,3,3,3,0,0,0
0x7ba328,100%,0,4,4,4,0,0,0
0x4ba9cc,100%,0,31,31,0,0,0,31
0x60bbe7,100%,0,9,9,0,0,0,9
0xaa141d,100%,0,195,195,0,0,0,195
0x509ac0,100%,0,520,520,0,0,0,520
0xaa1348,100%,0,195,195,0,0,0,195
0x5bd729,100%,0,145,145,145,0,0,0
0xa91bc0,100%,0,137,137,0,0,0,137
0x4b8683,100%,0,11,11,0,0,0,11
0x4b8637,100%,0,11,11,0,0,0,11
0xaa4cc3,100%,0,3,3,0,0,0,3
0x40a4b3,100%,0,2,2,0,0,0,2
0xa02d9b,100%,0,107,107,107,0,0,0
0x53dcac,100%,0,10,10,0,0,0,10
0xa9eaee,100%,0,85,85,85,0,0,0
0x7f370d,100%,0,15,15,11,0,0,4
0x7ba310,100%,0,4,4,0,0,0,4
0x9a106f,100%,0,15,15,15,0,0,0
0x7d447a,100%,0,2,2,0,0,0,2
0x4ba832,100%,0,31,31,31,0,0,0
0xa47c2d,100%,0,39,39,0,0,0,39
0x809fa1,100%,0,327,327,0,0,0,327
0x4b82fa,100%,0,11,11,0,0,0,11
0x4be887,100%,0,9,9,0,0,0,9
0x7effff,100%,0,19,19,19,0,0,0
0x4be83b,100%,0,18,18,18,0,0,0
0x8e4c9e,100%,0,44,44,0,0,0,44
0x4be836,100%,0,15,15,0,0,0,15
0xa58da6,100%,0,116,116,0,0,0,116
0xa58d6d,100%,0,146,146,0,0,0,146
0x5c4beb,100%,0,1829,1829,0,0,0,1829
0x40eda6,100%,0,8,8,0,0,0,8
0x54144f,100%,0,40,40,0,0,0,40
0x4a01e4,100%,0,101,101,0,0,0,101
0x4b9c9d,100%,0,10,10,0,0,0,10
0x7cf7f2,100%,0,8,8,0,0,0,8
0x50520b,100%,0,740,740,0,0,0,740
0x80e541,100%,0,73,73,0,0,0,73
0x9e6292,100%,0,72,72,0,0,0,72
0x98b3db,100%,0,53,53,0,0,0,53
0x4b5aa8,100%,0,27,27,0,0,0,27
0x4c2325,100%,0,16,16,16,0,0,0
0x944fbe,100%,0,9,9,9,0,0,0
0xa06fb6,100%,0,9,9,0,0,0,9
0x4c2318,100%,0,8,8,0,0,0,8
0x8f639e,100%,0,12,12,12,0,0,0
0xa59301,100%,0,15,15,0,0,0,15
0x99aa6d,100%,0,102,102,0,0,0,102
0xa5968b,100%,0,29,29,0,0,0,29
0x8a64a5,100%,0,254,254,0,0,0,254
0x4bbc8b,100%,0,121,121,121,0,0,0
0x8127ee,100%,0,15,15,0,0,0,15
0x4b7977,100%,0,27,27,27,0,0,0
0x97a464,100%,0,18,18,0,0,0,18
0xa58fbc,100%,0,119,119,0,0,0,119
0x58d42c,100%,0,12,12,0,0,0,12
0x6753e7,100%,0,1,1,0,0,0,1
0x95b656,100%,0,4,4,4,0,0,0
0xa58f00,100%,0,119,119,0,0,0,119
0x7c6f21,100%,0,4,4,4,0,0,0
0x48bf6e,100%,0,10,10,0,0,0,10
0x9e2a68,100%,0,74,74,0,0,0,74
0x8f4626,100%,0,12,12,12,0,0,0
0x7b5dc9,100%,0,4,4,0,0,0,4
0x8e421b,100%,0,373,373,373,0,0,0
0x9ff63b,100%,0,13,13,0,0,0,13
0x7b5db2,100%,0,4,4,0,0,0,4
0x5f0ab1,100%,0,3,3,0,0,0,3
0x785832,100%,0,2,2,0,0,0,2
0x5905bc,100%,0,16,16,0,0,0,16
0xa5927f,100%,0,10,10,0,0,0,10
0x4bcd12,100%,0,42,42,0,0,0,42
0x7ac776,100%,0,12,12,0,0,0,12
0x5bc58f,100%,0,119,119,119,0,0,0
0x80a7ae,100%,0,1,1,0,0,0,1
0x8109b4,100%,0,20,20,0,0,0,20
0x4c203e,100%,0,104,104,0,0,0,104
0x814bff,100%,0,41,41,41,0,0,0
0x4c454a,100%,0,17,17,0,0,0,17
0x4bf75f,100%,0,4,4,4,0,0,0
0xa91986,100%,0,42,42,0,0,0,42
0x8f35e5,100%,0,26,26,26,0,0,0
0x402d59,100%,0,34,34,0,0,0,34
0x4c8034,100%,0,69,69,0,0,0,69
0x61f3b2,100%,0,20,20,0,0,0,20
0xa50d8f,100%,0,4,4,0,0,0,4
0x9a1e61,100%,0,81,81,0,0,0,81
0x5920c5,100%,0,4,4,0,0,0,4
0x814c6e,100%,0,41,41,0,0,0,41
0x4bb67b,100%,0,52,52,0,0,0,52
0x49d7ca,100%,0,93,93,93,0,0,0
0x4a7d1d,100%,0,274,274,0,0,0,274
0x7955dd,100%,0,13,13,0,0,0,13
0x5a61dd,100%,0,4,4,0,0,0,4
0xa5b4f3,100%,0,9,9,0,0,0,9
0xb49c27,100%,0,5,5,0,0,0,5
0x5f14ec,100%,0,38,38,0,0,0,38
0x4c68b6,100%,0,8,8,0,0,0,8
0x4c2fd6,100%,0,7,7,7,0,0,0
0xa8a7e0,100%,0,175,175,175,0,0,0
0x9ede99,100%,0,2,2,2,0,0,0
0x4c6797,100%,0,14,14,0,0,0,14
0x4c673a,100%,0,22,22,0,0,0,22
0xa5af20,100%,0,2,2,0,0,0,2
0x9e73e1,100%,0,400,400,0,0,0,400
0x4b9743,100%,0,10,10,0,0,0,10
0x48bb9d,100%,0,10,10,0,0,0,10
0x8dc44e,100%,0,4,4,0,0,0,4
0x4c6566,100%,0,28,28,0,0,0,28
0x48783f,100%,0,1,1,0,0,0,1
0x4877e2,100%,0,1,1,0,0,0,1
0x4bf78a,100%,0,34,34,0,0,0,34
0x5be09e,100%,0,78,78,0,0,0,78
0x8deea3,100%,0,8,8,0,0,0,8
0x9a945c,100%,0,2,2,0,0,0,2
0x4bf1f8,100%,0,86,86,0,0,0,86
0x80b609,100%,0,2,2,1,0,0,1
0x541bf5,100%,0,54,54,0,0,0,54
0x48778e,100%,0,24,24,0,0,0,24
0x816231,100%,0,2,2,0,0,0,2
0x5b2323,100%,0,240,240,0,0,0,240
0x9ff586,100%,0,40,40,0,0,0,40
0xa5b2be,100%,0,3,3,0,0,0,3
0x6b465a,100%,0,1,1,0,0,0,1
0xa3554d,100%,0,8,8,8,0,0,0
0x48ee54,100%,0,331,331,0,0,0,331
0x8be63f,100%,0,18,18,18,0,0,0
0x5f5606,100%,0,60,60,0,0,0,60
0x4c7f15,100%,0,4,4,0,0,0,4
0x60b2f1,100%,0,62,62,0,0,0,62
0x4c76dd,100%,0,4,4,0,0,0,4
0x4c769b,100%,0,4,4,0,0,0,4
0x948909,100%,0,22,22,22,0,0,0
0x610ba1,100%,0,158,158,0,0,0,158
0x9488ed,100%,0,22,22,0,0,0,22
0xa5b369,100%,0,11,11,0,0,0,11
0x5c6c2a,100%,0,2148,2148,2148,0,0,0
0x59fd04,100%,0,2,2,0,0,0,2
0x9f0e3f,100%,0,36,36,0,0,0,36
0xa075e9,100%,0,6,6,0,0,0,6
0x9487b9,100%,0,39,39,0,0,0,39
0x4b9748,100%,0,10,10,10,0,0,0
0x94879d,100%,0,39,39,0,0,0,39
0x911d1f,100%,0,436,436,0,0,0,436
0xa5b187,100%,0,11,11,0,0,0,11
0xa411e5,100%,0,25,25,25,0,0,0
0xa34214,100%,0,170,170,0,0,0,170
0xa0762e,100%,0,6,6,0,0,0,6
0x7955e6,100%,0,13,13,13,0,0,0
0x547a3c,100%,0,4,4,0,0,0,4
0xa5b54e,100%,0,19,19,0,0,0,19
0x4c060f,100%,0,42,42,0,0,0,42
0x9f4eb2,100%,0,121,121,0,0,0,121
0x5b272a,100%,0,47,47,0,0,0,47
0x4bc175,100%,0,112,112,0,0,0,112
0x5d8c55,100%,0,10,10,0,0,0,10
0x5d8c2f,100%,0,10,10,0,0,0,10
0x99e9ec,100%,0,15,15,15,0,0,0
0xa07a6b,100%,0,59,59,0,0,0,59
0x8c82f1,100%,0,30,30,0,0,0,30
0x493fe5,100%,0,2,2,2,0,0,0
0xaa14ca,100%,0,26,26,26,0,0,0
0x4bb903,100%,0,56,56,0,0,0,56
0x639b86,100%,0,65,65,65,0,0,0
0x591bd3,100%,0,164,164,0,0,0,164
0x7c67f4,100%,0,2,2,0,0,0,2
0x5d8d91,100%,0,10,10,0,0,0,10
0x54d808,100%,0,16,16,0,0,0,16
0xaa12bb,100%,0,63,63,0,0,0,63
0x58e517,100%,0,12,12,0,0,0,12
0x4c05f9,100%,0,42,42,0,0,0,42
0x9f8486,100%,0,2,2,2,0,0,0
0x610d27,100%,0,808,808,0,0,0,808
0x6f09e1,100%,0,16,16,0,0,0,16
0x50d0d3,100%,0,82,82,0,0,0,82
0x4a1d52,100%,0,23,23,0,0,0,23
0x8f1f92,100%,0,113,113,0,0,0,113
0x4c20ea,100%,0,159,159,0,0,0,159
0x5f8105,100%,0,150,150,0,0,0,150
0x60bb59,100%,0,18,18,0,0,0,18
0xa9ff3a,100%,0,3,3,0,0,0,3
0x99e928,100%,0,55,55,0,0,0,55
0x9849d0,100%,0,4,4,4,0,0,0
0x4c545f,100%,0,1,1,0,0,0,1
0x4c4455,100%,0,80,80,0,0,0,80
0x680df8,100%,0,95,95,95,0,0,0
0x487673,100%,0,15,15,15,0,0,0
0xa4cebf,100%,0,4,4,0,0,0,4
0xa5abca,100%,0,15,15,0,0,0,15
0xa5ab96,100%,0,28,28,0,0,0,28
0x94d7b4,100%,0,564,564,0,0,0,564
0x8f2668,100%,0,1,1,0,0,0,1
0xb18277,100%,0,202,202,0,0,0,202
0x506eac,100%,0,1,1,0,0,0,1
0x692404,100%,0,10,10,0,0,0,10
0x60bb0d,100%,0,17,17,0,0,0,17
0x4b78e6,100%,0,28,28,0,0,0,28
0x81ea56,100%,0,3,3,3,0,0,0
0x4c8e0d,100%,0,133,133,0,0,0,133
0x8a78f5,100%,0,3,3,3,0,0,0
0x5cba2b,100%,0,131,131,0,0,0,131
0x5f1187,100%,0,7,7,7,0,0,0
0x80e738,100%,0,150,150,150,0,0,0
0x59e6a2,100%,0,8,8,8,0,0,0
0x4c56a2,100%,0,55,55,0,0,0,55
0x95b382,100%,0,4,4,0,0,0,4
0x4fdc2d,100%,0,367,367,0,0,0,367
0xa06033,100%,0,5,5,5,0,0,0
0x489e07,100%,0,2176,2176,0,0,0,2176
0x8e4b60,100%,0,178,178,0,0,0,178
0x7c76c8,100%,0,4,4,0,0,0,4
0x9f5d5b,100%,0,181,181,0,0,0,181
0x80b856,100%,0,34,34,34,0,0,0
0x533dce,100%,0,2,2,0,0,0,2
0x5fa74b,100%,0,215,215,0,0,0,215
0x8061b8,100%,0,2,2,0,0,0,2
0x5f55f3,100%,0,56,56,56,0,0,0
0x67a09a,100%,0,6,6,0,0,0,6
0x5508cf,100%,0,21,21,21,0,0,0
0x7d09d4,100%,0,628,628,0,0,0,628
0x99dc71,100%,0,15,15,0,0,0,15
0x906d80,100%,0,196,196,0,0,0,196
0x4b93c4,100%,0,16,16,0,0,0,16
0x906d5e,100%,0,196,196,0,0,0,196
0x9a11eb,100%,0,81,81,0,0,0,81
0xa94ced,100%,0,4,4,4,0,0,0
0x8e120b,100%,0,4020,4020,0,0,0,4020
0x5fa92c,100%,0,30,30,0,0,0,30
0xa8fbe3,100%,0,224,224,224,0,0,0
0x833e62,100%,0,8,8,8,0,0,0
0x6712e8,100%,0,2,2,0,0,0,2
0x94afcc,100%,0,16,16,0,0,0,16
0x7899df,100%,0,6,6,0,0,0,6
0x649c7e,100%,0,2,2,2,0,0,0
0xb14866,100%,0,824,824,0,0,0,824
0x5ff656,100%,0,101,101,0,0,0,101
0x5ff98e,100%,0,184,184,0,0,0,184
0x4bae07,100%,0,304,304,0,0,0,304
0x40396c,100%,0,37,37,0,0,0,37
0x5f78fd,100%,0,4,4,0,0,0,4
0x7c75e9,100%,0,4,4,0,0,0,4
0xa983c2,100%,0,4,4,4,0,0,0
0x969986,100%,0,39,39,0,0,0,39
0x793e69,100%,0,6,6,6,0,0,0
0x8aad57,100%,0,22,22,0,0,0,22
0x8bb677,100%,0,23,23,0,0,0,23
0x8bba44,100%,0,13,13,0,0,0,13
0x8bb6ea,100%,0,13,13,0,0,0,13
0x8e535d,100%,0,16,16,0,0,0,16
0x8bb621,100%,0,95,95,0,0,0,95
0x80aede,100%,0,1,1,0,0,0,1
0xa9458b,100%,0,27,27,27,0,0,0
0x9f40c8,100%,0,3,3,0,0,0,3
0x8ec8e3,100%,0,2,2,0,0,0,2
0x6a3aea,100%,0,12,12,12,0,0,0
0x5faad7,100%,0,1,1,0,0,0,1
0x647552,100%,0,21,21,21,0,0,0
0xa9019a,100%,0,63,63,0,0,0,63
0xa94548,100%,0,29,29,0,0,0,29
0xa94511,100%,0,27,27,27,0,0,0
0x8f2418,100%,0,16,16,0,0,0,16
0x5faabd,100%,0,1,1,0,0,0,1
0x99d843,100%,0,2,2,0,0,0,2
0x973b7e,100%,0,10,10,0,0,0,10
0xa944bd,100%,0,29,29,0,0,0,29
0x8bcc06,100%,0,26,26,0,0,0,26
0x66f6b6,100%,0,10,10,10,0,0,0
0x5fa85d,100%,0,69,69,0,0,0,69
0x5fa838,100%,0,69,69,0,0,0,69
0x8fd2c0,100%,0,4,4,0,0,0,4
0x99f81a,100%,0,13,13,13,0,0,0
0xa26c27,100%,0,10,10,0,0,0,10
0x7c762f,100%,0,4,4,4,0,0,0
0x679b4b,100%,0,2757,2757,2757,0,0,0
0x4b8f13,100%,0,4,4,0,0,0,4
0xa2de08,100%,0,17,17,0,0,0,17
0x8ddef7,100%,0,54,54,0,0,0,54
0xa0854d,100%,0,5,5,0,0,0,5
0x403973,100%,0,37,37,0,0,0,37
0xa085b7,100%,0,5,5,0,0,0,5
0x648c2d,100%,0,13,13,13,0,0,0
0x5f875e,100%,0,88,88,0,0,0,88
0x5fa1ba,100%,0,27,27,0,0,0,27
0x8f1f1c,100%,0,40,40,0,0,0,40
0x81281b,100%,0,15,15,0,0,0,15
0x5f9edf,100%,0,6,6,6,0,0,0
0x9a317b,100%,0,270,270,0,0,0,270
0x5fa452,100%,0,75,75,75,0,0,0
0x4997e7,100%,0,43,43,0,0,0,43
0x7c76e7,100%,0,4,4,0,0,0,4
0xa50e8f,100%,0,358,358,0,0,0,358
0xa088fb,100%,0,5,5,0,0,0,5
0x8eed56,100%,0,140,140,0,0,0,140
0x8063fd,100%,0,1,1,1,0,0,0
0x5f7a97,100%,0,1,1,1,0,0,0
0xa08b67,100%,0,5,5,0,0,0,5
0x49af47,100%,0,149,149,0,0,0,149
0x81bccf,100%,0,521,521,0,0,0,521
0x7b71be,100%,0,32,32,0,0,0,32
0xa418d1,100%,0,9,9,0,0,0,9
0x4bb2e6,100%,0,30,30,30,0,0,0
0x5bd3de,100%,0,839,839,0,0,0,839
0x8065f9,100%,0,27,27,0,0,0,27
0x5d90b2,100%,0,137,137,0,0,0,137
0x97742a,100%,0,12,12,0,0,0,12
0x5fa673,100%,0,6,6,0,0,0,6
0x820a55,100%,0,8,8,8,0,0,0
0x5fe614,100%,0,16,16,16,0,0,0
0x5fe31d,100%,0,16,16,0,0,0,16
0x5fe355,100%,0,108,108,108,0,0,0
0x908299,100%,0,2148,2148,0,0,0,2148
0x7c7608,100%,0,4,4,0,0,0,4
0x506ec4,100%,0,1,1,0,0,0,1
0x53efd5,100%,0,183,183,0,0,0,183
0x5fea14,100%,0,62,62,0,0,0,62
0x9799f7,100%,0,8,8,0,0,0,8
0x5fd686,100%,0,76,76,0,0,0,76
0x4c6508,100%,0,28,28,0,0,0,28
0x5fe294,100%,0,220,220,220,0,0,0
0x5b61b8,100%,0,1,1,1,0,0,0
0x5b074e,100%,0,2,2,2,0,0,0
0x4097c7,100%,0,2,2,2,0,0,0
0xa5bdea,100%,0,32,32,0,0,0,32
0x55de25,100%,0,2,2,2,0,0,0
0x4821a9,100%,0,19,19,0,0,0,19
0x5fe13c,100%,0,231,231,0,0,0,231
0xa900da,100%,0,274,274,0,0,0,274
0x5be24b,100%,0,78,78,0,0,0,78
0x5fe15b,100%,0,231,231,231,0,0,0
0x7c7625,100%,0,4,4,0,0,0,4
0x4c297c,100%,0,1,1,0,0,0,1
0xa35382,100%,0,922,922,0,0,0,922
0x4037fc,100%,0,531,531,0,0,0,531
0x5090da,100%,0,5,5,5,0,0,0
0x8df5be,100%,0,40,40,0,0,0,40
0x643a11,100%,0,24,24,0,0,0,24
0x643990,100%,0,34,34,34,0,0,0
0x6708e8,100%,0,20,20,0,0,0,20
0x808c93,100%,0,1228,1228,0,0,0,1228
0x8e5992,100%,0,451,451,0,0,0,451
0x70e926,100%,0,2,2,0,0,0,2
0x7a3c73,100%,0,133,133,133,0,0,0
0x5a60d7,100%,0,4,4,0,0,0,4
0xa02764,100%,0,27,27,27,0,0,0
0x63ebac,100%,0,2818,2818,0,0,0,2818
0x7942e4,100%,0,16,16,0,0,0,16
0x40378c,100%,0,791,791,791,0,0,0
0x5fbc47,100%,0,2,2,0,0,0,2
0x557e4d,100%,0,771,771,771,0,0,0
0x9a6f52,100%,0,9,9,0,0,0,9
0x7911e6,100%,0,22,22,0,0,0,22
0xa02d5e,100%,0,181,181,0,0,0,181
0xa90bb2,100%,0,137,137,0,0,0,137
0xa63b02,100%,0,4,4,0,0,0,4
0x771479,100%,0,21,21,0,0,0,21
0x9091fd,100%,0,1857,1857,1857,0,0,0
0xa90a13,100%,0,4,4,0,0,0,4
0x9bd441,100%,0,12,12,0,0,0,12
0x5ff364,100%,0,102,102,0,0,0,102
0xaa7f08,100%,0,12,12,0,0,0,12
0x8ee546,100%,0,42,42,0,0,0,42
0xa94b37,100%,0,4,4,0,0,0,4
0xa264d2,100%,0,2,2,0,0,0,2
0xa9956e,100%,0,11,11,11,0,0,0
0x64b9ff,100%,0,1397,1397,0,0,0,1397
0xa55071,100%,0,291,291,0,0,0,291
0x8340ee,100%,0,4,4,0,0,0,4
0x61141f,100%,0,73,73,0,0,0,73
0x64b9cc,100%,0,1397,1397,1397,0,0,0
0x8340bd,100%,0,6,6,0,0,0,6
0xa99fab,100%,0,2,2,0,0,0,2
0x908a22,100%,0,961,961,961,0,0,0
0x81ed70,100%,0,248,248,0,0,0,248
0x80b8fc,100%,0,208,208,208,0,0,0
0x90487c,100%,0,185,185,0,0,0,185
0x8fda2b,100%,0,4,4,0,0,0,4
0x5fbe1d,100%,0,112,112,112,0,0,0
0x5fe83c,100%,0,3,3,0,0,0,3
0x8ee93a,100%,0,3,3,0,0,0,3
0x5fbe15,100%,0,112,112,0,0,0,112
0x8da940,100%,0,2,2,2,0,0,0
0x9a1bfa,100%,0,203,203,0,0,0,203
0x9e7dad,100%,0,3,3,0,0,0,3
0x402e16,100%,0,4,4,0,0,0,4
0x550e57,100%,0,34,34,0,0,0,34
0x5b2938,100%,0,2,2,2,0,0,0
0x49b0e9,100%,0,2,2,0,0,0,2
0xa438b2,100%,0,12,12,12,0,0,0
0x5ffb39,100%,0,46,46,0,0,0,46
0x9f5bbe,100%,0,4,4,0,0,0,4
0xa0299d,100%,0,24,24,0,0,0,24
0x5ff81f,100%,0,46,46,0,0,0,46
0x5a8959,100%,0,2,2,0,0,0,2
0x5faf37,100%,0,12,12,12,0,0,0
0x983a67,100%,0,47,47,0,0,0,47
0x50c5e7,100%,0,616,616,0,0,0,616
0x5fb183,100%,0,33,33,0,0,0,33
0x90cb1a,100%,0,119,119,119,0,0,0
0x5fae9d,100%,0,33,33,0,0,0,33
0x58ec3b,100%,0,30,30,0,0,0,30
0x81d3e4,100%,0,182,182,0,0,0,182
0x7c5d86,100%,0,14,14,14,0,0,0
0x5fadbd,100%,0,33,33,33,0,0,0
0xa47070,100%,0,22,22,0,0,0,22
0x9ab58f,100%,0,200,200,0,0,0,200
0x991302,100%,0,108,108,0,0,0,108
0x942c50,100%,0,75,75,0,0,0,75
0x8bb2e0,100%,0,2,2,0,0,0,2
0x8ea729,100%,0,4,4,4,0,0,0
0x973da1,100%,0,126,126,126,0,0,0
0x441857,100%,0,11,11,0,0,0,11
0x607022,100%,0,134,134,134,0,0,0
0x5fac03,100%,0,1,1,0,0,0,1
0x4ab161,100%,0,6,6,6,0,0,0
0x4926d0,100%,0,1,1,1,0,0,0
0x80b7f5,100%,0,1,1,1,0,0,0
0x8dad1a,100%,0,44,44,44,0,0,0
0xa15f6f,100%,0,12,12,12,0,0,0
0x5fdc74,100%,0,1,1,0,0,0,1
0x5fdc5f,100%,0,1,1,0,0,0,1
0x533a49,100%,0,9,9,0,0,0,9
0x8bbafc,100%,0,37,37,37,0,0,0
0x9595ec,100%,0,4,4,0,0,0,4
0x5fe7a5,100%,0,105,105,0,0,0,105
0x94b456,100%,0,53,53,53,0,0,0
0x90bd77,100%,0,176,176,176,0,0,0
0xa9491f,100%,0,24,24,0,0,0,24
0x5fb9d8,100%,0,26,26,0,0,0,26
0x5fb9c4,100%,0,26,26,0,0,0,26
0x40945f,100%,0,4,4,0,0,0,4
0x80b8b4,100%,0,208,208,208,0,0,0
0xb497bc,100%,0,5,5,0,0,0,5
0xa94977,100%,0,24,24,0,0,0,24
0xa50c44,100%,0,66,66,0,0,0,66
0xa345fc,100%,0,91,91,0,0,0,91
0x81d3ea,100%,0,182,182,0,0,0,182
0x6000d7,100%,0,27,27,0,0,0,27
0x5576f5,100%,0,72,72,0,0,0,72
0x5fb841,100%,0,55,55,0,0,0,55
0xa94257,100%,0,2,2,0,0,0,2
0xa94246,100%,0,2,2,0,0,0,2
0x5fb768,100%,0,55,55,55,0,0,0
0xa0676f,100%,0,2,2,2,0,0,0
0x53dc6b,100%,0,10,10,0,0,0,10
0x7899f4,100%,0,6,6,6,0,0,0
0x8f4c61,100%,0,176,176,0,0,0,176
0xa94a82,100%,0,76,76,0,0,0,76
0x5fb6c6,100%,0,388,388,0,0,0,388
0x9bea28,100%,0,12,12,12,0,0,0
0x811b72,100%,0,204,204,0,0,0,204
0xb230ec,100%,0,154,154,0,0,0,154
0x5fb4b9,100%,0,2,2,2,0,0,0
0x9112f9,100%,0,1035,1035,1035,0,0,0
0x50b615,100%,0,4,4,0,0,0,4
0x814d21,100%,0,1,1,0,0,0,1
0xa39f13,100%,0,30,30,30,0,0,0
0x9c50ba,100%,0,8,8,0,0,0,8
0x821ece,100%,0,144,144,0,0,0,144
0xa8a771,100%,0,83,83,0,0,0,83
0x5d60de,100%,0,133,133,133,0,0,0
0x9bda33,100%,0,59,59,0,0,0,59
0x611539,100%,0,65,65,0,0,0,65
0x816c80,100%,0,641,641,0,0,0,641
0x50b47f,100%,0,4,4,4,0,0,0
0x99af7c,100%,0,7,7,0,0,0,7
0xa01ceb,100%,0,2,2,2,0,0,0
0x95b342,100%,0,4,4,0,0,0,4
0xa39db2,100%,0,41,41,0,0,0,41
0x5bacf1,100%,0,129,129,129,0,0,0
0x4bf186,100%,0,15,15,0,0,0,15
0x50b2dd,100%,0,4,4,0,0,0,4
0xa63ca9,100%,0,2,2,2,0,0,0
0xa46a4b,100%,0,96,96,0,0,0,96
0xa39a59,100%,0,19,19,0,0,0,19
0x78b6ab,100%,0,12,12,0,0,0,12
0x8df894,100%,0,2,2,0,0,0,2
0x8f2f54,100%,0,2,2,2,0,0,0
0x50b20b,100%,0,4,4,0,0,0,4
0xa9c94b,100%,0,46,46,0,0,0,46
0x9a6ac0,100%,0,1,1,0,0,0,1
0x50b152,100%,0,4,4,0,0,0,4
0x9a3a91,100%,0,2,2,0,0,0,2
0x50c696,100%,0,10,10,0,0,0,10
0xa0606e,100%,0,1,1,0,0,0,1
0x53e8d0,100%,0,154,154,154,0,0,0
0xa3eef7,100%,0,8,8,0,0,0,8
0x53e797,100%,0,4,4,0,0,0,4
0x8a676c,100%,0,5,5,0,0,0,5
0xa30e1d,100%,0,192,192,0,0,0,192
0x54393f,100%,0,13,13,0,0,0,13
0x503214,100%,0,2,2,0,0,0,2
0x99886f,100%,0,2,2,0,0,0,2
0xa08f59,100%,0,6,6,6,0,0,0
0x9f8360,100%,0,2,2,0,0,0,2
0x9595cc,100%,0,4,4,0,0,0,4
0x97265d,100%,0,273,273,0,0,0,273
0x4bb910,100%,0,56,56,0,0,0,56
0x97724d,100%,0,2,2,0,0,0,2
0x8f2e2e,100%,0,561,561,0,0,0,561
0x99cf4a,100%,0,9,9,0,0,0,9
0x504e7d,100%,0,38,38,0,0,0,38
0x50403f,100%,0,27,27,27,0,0,0
0x9c50ea,100%,0,8,8,0,0,0,8
0x50167f,100%,0,106,106,106,0,0,0
0x99af69,100%,0,7,7,0,0,0,7
0xa2f7f3,100%,0,145,145,145,0,0,0
0x977012,100%,0,2,2,0,0,0,2
0x503f31,100%,0,7,7,7,0,0,0
0x9e2d81,100%,0,16,16,0,0,0,16
0xa9df89,100%,0,2,2,0,0,0,2
0x807060,100%,0,392,392,0,0,0,392
0xa60c61,100%,0,237,237,0,0,0,237
0x8373f2,100%,0,1,1,1,0,0,0
0x50cbe5,100%,0,19,19,0,0,0,19
0x5febcf,100%,0,62,62,62,0,0,0
0x505b13,100%,0,11,11,0,0,0,11
0xb4989d,100%,0,10,10,0,0,0,10
0x65c325,100%,0,63,63,0,0,0,63
0x9be545,100%,0,2,2,0,0,0,2
0xa6b470,100%,0,4,4,4,0,0,0
0xa94227,100%,0,2,2,2,0,0,0
0x64cbb2,100%,0,563,563,563,0,0,0
0x8a7466,100%,0,144,144,0,0,0,144
0xb18230,100%,0,986,986,986,0,0,0
0x5afe69,100%,0,21,21,0,0,0,21
0x8ec75f,100%,0,2,2,0,0,0,2
0x5a89b1,100%,0,2,2,0,0,0,2
0x983bbd,100%,0,2,2,2,0,0,0
0x8dcb77,100%,0,509,509,0,0,0,509
0x9bde45,100%,0,2,2,0,0,0,2
0xaa7d06,100%,0,10,10,0,0,0,10
0x8a62c8,100%,0,136,136,0,0,0,136
0x50974b,100%,0,10,10,10,0,0,0
0x4b8878,100%,0,8,8,0,0,0,8
0x409369,100%,0,2,2,0,0,0,2
0x80d933,100%,0,106,106,0,0,0,106
0x66647f,100%,0,30,30,0,0,0,30
0x942c7f,100%,0,75,75,0,0,0,75
0x9ee3e2,100%,0,22,22,0,0,0,22
0x504212,100%,0,62,62,62,0,0,0
0x505239,100%,0,27,27,0,0,0,27
0xa9c9b5,100%,0,34,34,0,0,0,34
0x9ee48f,100%,0,123,123,123,0,0,0
0x53c79b,100%,0,837,837,837,0,0,0
0x99af9a,100%,0,7,7,0,0,0,7
0x506f1e,100%,0,20,20,0,0,0,20
0x97a037,100%,0,51,51,51,0,0,0
0x50e4d7,100%,0,18,18,0,0,0,18
0x95ad2f,100%,0,4,4,0,0,0,4
0xa60c90,100%,0,237,237,0,0,0,237
0x49c819,100%,0,18,18,0,0,0,18
0x63ec1c,100%,0,731,731,0,0,0,731
0xa63cf9,100%,0,2,2,0,0,0,2
0x60b53e,100%,0,386,386,0,0,0,386
0x4c69d5,100%,0,28,28,0,0,0,28
0xa9861a,100%,0,2,2,0,0,0,2
0x50885d,100%,0,11,11,0,0,0,11
0x63f427,100%,0,2,2,0,0,0,2
0x53e94e,100%,0,154,154,154,0,0,0
0x9eccf4,100%,0,110,110,0,0,0,110
0x90e874,100%,0,30,30,0,0,0,30
0x508771,100%,0,11,11,11,0,0,0
0x50876c,100%,0,11,11,0,0,0,11
0x4c6048,100%,0,16,16,16,0,0,0
0x50626a,100%,0,11,11,0,0,0,11
0x5d147f,100%,0,4,4,0,0,0,4
0x506242,100%,0,7,7,0,0,0,7
0x9eca09,100%,0,152,152,0,0,0,152
0xaada98,100%,0,288,288,0,0,0,288
0x506229,100%,0,11,11,4,0,0,7
0xa9a2be,100%,0,5,5,0,0,0,5
0x9c4d5c,100%,0,5,5,0,0,0,5
0x804057,100%,0,3,3,0,0,0,3
0x7d3e66,100%,0,3,3,0,0,0,3
0x90c8d2,100%,0,78,78,0,0,0,78
0x8f48bd,100%,0,1383,1383,1383,0,0,0
0x5904ba,100%,0,2,2,0,0,0,2
0x8bdd5f,100%,0,5,5,0,0,0,5
0x809ed1,100%,0,2,2,0,0,0,2
0x5fae67,100%,0,33,33,0,0,0,33
0xa18002,100%,0,399,399,0,0,0,399
0x53584d,100%,0,5,5,0,0,0,5
0x5f75cb,100%,0,30,30,30,0,0,0
0x5f8d1f,100%,0,31,31,0,0,0,31
0xa43d65,100%,0,7,7,7,0,0,0
0xa50d36,100%,0,88,88,0,0,0,88
0x9e15e6,100%,0,27,27,0,0,0,27
0x5f92b4,100%,0,61,61,0,0,0,61
0x5414bf,100%,0,8,8,0,0,0,8
0x6dceb6,100%,0,4,4,0,0,0,4
0x5f87fc,100%,0,1,1,0,0,0,1
0x4c4c8f,100%,0,15,15,0,0,0,15
0x4a9bbd,100%,0,2,2,0,0,0,2
0x5f8784,100%,0,57,57,0,0,0,57
0x541ad2,100%,0,834,834,834,0,0,0
0x5f8cf7,100%,0,89,89,0,0,0,89
0x5f7b1a,100%,0,160,160,0,0,0,160
0x5f7a29,100%,0,207,207,0,0,0,207
0x806914,100%,0,12,12,0,0,0,12
0x972cbd,100%,0,140,140,0,0,0,140
0x5f7a06,100%,0,207,207,0,0,0,207
0x822286,100%,0,273,273,0,0,0,273
0x5f7560,100%,0,659,659,0,0,0,659
0xa45c5a,100%,0,1218,1218,0,0,0,1218
0x81fb3d,100%,0,323,323,0,0,0,323
0x8066f9,100%,0,5,5,0,0,0,5
0x8ee732,100%,0,371,371,371,0,0,0
0xa08e63,100%,0,45,45,0,0,0,45
0x5f7afe,100%,0,7,7,0,0,0,7
0x8a672c,100%,0,90,90,0,0,0,90
0x63f88c,100%,0,2,2,2,0,0,0
0x90218b,100%,0,203,203,0,0,0,203
0x5f7f10,100%,0,8,8,8,0,0,0
0x404012,100%,0,10,10,0,0,0,10
0x555c11,100%,0,38,38,0,0,0,38
0x806719,100%,0,10,10,0,0,0,10
0x81fcda,100%,0,14,14,0,0,0,14
0x5f968a,100%,0,8,8,0,0,0,8
0x48d1f1,100%,0,6,6,6,0,0,0
0xa8f74e,100%,0,4,4,0,0,0,4
0xa4ff3b,100%,0,14,14,0,0,0,14
0x540fde,100%,0,8,8,0,0,0,8
0x540f43,100%,0,8,8,0,0,0,8
0xa160df,100%,0,6,6,0,0,0,6
0x494fe1,100%,0,2,2,0,0,0,2
0xa08e92,100%,0,45,45,0,0,0,45
0x94cece,100%,0,47,47,47,0,0,0
0xa08ea1,100%,0,45,45,0,0,0,45
0x5f617b,100%,0,12,12,0,0,0,12
0xa984c3,100%,0,4,4,4,0,0,0
0xa91e1e,100%,0,101,101,0,0,0,101
0x5417b4,100%,0,8,8,8,0,0,0
0x5416f9,100%,0,8,8,0,0,0,8
0xa04413,100%,0,1,1,0,0,0,1
0x49cd29,100%,0,5,5,0,0,0,5
0x99b0ad,100%,0,40,40,0,0,0,40
0x81f48a,100%,0,4,4,0,0,0,4
0x8e4b4a,100%,0,178,178,0,0,0,178
0x5ebedd,100%,0,14,14,0,0,0,14
0x9c3a0a,100%,0,246,246,0,0,0,246
0x547a5b,100%,0,4,4,0,0,0,4
0x8a6076,100%,0,2,2,0,0,0,2
0x9742e5,100%,0,246,246,0,0,0,246
0x972740,100%,0,273,273,0,0,0,273
0x53f16b,100%,0,4,4,4,0,0,0
0x40e2a2,100%,0,3,3,0,0,0,3
0x9d1221,100%,0,120,120,0,0,0,120
0x8d279c,100%,0,3,3,0,0,0,3
0x9c3bb4,100%,0,36,36,36,0,0,0
0x53f31b,100%,0,429,429,0,0,0,429
0x58d43b,100%,0,12,12,12,0,0,0
0x8e2028,100%,0,1485,1485,0,0,0,1485
0x550e8c,100%,0,7,7,0,0,0,7
0x94f191,100%,0,1,1,0,0,0,1
0x53f036,100%,0,183,183,0,0,0,183
0x9fdb5d,100%,0,25,25,0,0,0,25
0x7ce7da,100%,0,12,12,0,0,0,12
0x969266,100%,0,199,199,0,0,0,199
0x98409f,100%,0,74,74,74,0,0,0
0x8a60a6,100%,0,216,216,0,0,0,216
0x8a60af,100%,0,216,216,0,0,0,216
0xa41887,100%,0,8,8,0,0,0,8
0x4bb2ef,100%,0,17,17,2,0,0,15
0x59c90e,100%,0,2,2,2,0,0,0
0x5357cc,100%,0,5,5,0,0,0,5
0x815fd2,100%,0,9,9,0,0,0,9
0xa038d8,100%,0,76,76,76,0,0,0
0xa04bea,100%,0,38,38,0,0,0,38
0x4b3922,100%,0,4,4,4,0,0,0
0x5f1f96,100%,0,36,36,36,0,0,0
0xa08eea,100%,0,65,65,0,0,0,65
0x5f8437,100%,0,584,584,0,0,0,584
0x5f82a6,100%,0,633,633,0,0,0,633
0x7be0a2,100%,0,4,4,0,0,0,4
0x5f8140,100%,0,150,150,150,0,0,0
0x8ea4a9,100%,0,16,16,16,0,0,0
0x5f80f2,100%,0,150,150,0,0,0,150
0x9774b1,100%,0,2,2,0,0,0,2
0x6117be,100%,0,33,33,0,0,0,33
0x8ddaac,100%,0,412,412,0,0,0,412
0x547e87,100%,0,545,545,0,0,0,545
0x804be1,100%,0,1,1,1,0,0,0
0x403fab,100%,0,10,10,0,0,0,10
0x54534b,100%,0,4,4,0,0,0,4
0x9c3d11,100%,0,45,45,45,0,0,0
0x404004,100%,0,10,10,0,0,0,10
0x9f7c39,100%,0,13,13,0,0,0,13
0xa5b2fd,100%,0,3,3,0,0,0,3
0x69dd24,100%,0,12,12,0,0,0,12
0x49039d,100%,0,79,79,0,0,0,79
0x918f34,100%,0,200,200,0,0,0,200
0x547a93,100%,0,338,338,0,0,0,338
0x547a79,100%,0,338,338,0,0,0,338
0xa48ac8,100%,0,167,167,0,0,0,167
0x4c535e,100%,0,3,3,0,0,0,3
0x8386e2,100%,0,5,5,5,0,0,0
0x814f0f,100%,0,59,59,0,0,0,59
0x944359,100%,0,76,76,0,0,0,76
0x9d3154,100%,0,3,3,0,0,0,3
0x9e5e6b,100%,0,17,17,17,0,0,0
0x83812d,100%,0,5,5,0,0,0,5
0x648648,100%,0,56,56,56,0,0,0
0x481707,100%,0,19,19,0,0,0,19
0x83902f,100%,0,16,16,0,0,0,16
0x8ebcce,100%,0,2,2,2,0,0,0
0x837a63,100%,0,16,16,0,0,0,16
0x8aadb9,100%,0,5,5,5,0,0,0
0x837a11,100%,0,20,20,0,0,0,20
0x5352c6,100%,0,32,32,0,0,0,32
0x8387c3,100%,0,5,5,5,0,0,0
0x47ffb6,100%,0,19,19,0,0,0,19
0x620fc9,100%,0,5,5,5,0,0,0
0xa46804,100%,0,328,328,0,0,0,328
0x837dec,100%,0,93,93,93,0,0,0
0x837d88,100%,0,93,93,93,0,0,0
0x5aefeb,100%,0,22,22,22,0,0,0
0x5b3768,100%,0,2,2,2,0,0,0
0x4bddfd,100%,0,14,14,0,0,0,14
0x550db0,100%,0,24,24,0,0,0,24
0xb17ade,100%,0,346,346,0,0,0,346
0x63f847,100%,0,3445,3445,3445,0,0,0
0xa237e9,100%,0,2,2,2,0,0,0
0x5121d2,100%,0,37,37,0,0,0,37
0xa22d5e,100%,0,65,65,0,0,0,65
0x784ada,100%,0,8,8,0,0,0,8
0x9f7b50,100%,0,4,4,0,0,0,4
0x81e743,100%,0,139,139,139,0,0,0
0x80c284,100%,0,34,34,34,0,0,0
0x8b94dd,100%,0,613,613,0,0,0,613
0x590008,100%,0,99,99,0,0,0,99
0x8ec102,100%,0,1236,1236,1236,0,0,0
0x9d0baf,100%,0,51,51,0,0,0,51
0x94ed85,100%,0,30,30,0,0,0,30
0x9d0ba6,100%,0,51,51,0,0,0,51
0x40477d,100%,0,602,602,0,0,0,602
0x805566,100%,0,89,89,0,0,0,89
0x6109fa,100%,0,13,13,0,0,0,13
0x97a01b,100%,0,51,51,0,0,0,51
0x5338a1,100%,0,18,18,0,0,0,18
0xa96ecf,100%,0,17,17,0,0,0,17
0x8fd6c8,100%,0,10,10,0,0,0,10
0x5b9e92,100%,0,8,8,0,0,0,8
0xa56f01,100%,0,258,258,0,0,0,258
0xa92a09,100%,0,6,6,0,0,0,6
0x4c6768,100%,0,4,4,0,0,0,4
0x9d3419,100%,0,55,55,55,0,0,0
0xaab7fd,100%,0,99,99,0,0,0,99
0x99c5ba,100%,0,151,151,151,0,0,0
0x8f445e,100%,0,1,1,0,0,0,1
0x533c3d,100%,0,9,9,0,0,0,9
0xa63c8d,100%,0,3,3,3,0,0,0
0x837439,100%,0,4,4,0,0,0,4
0xa96887,100%,0,226,226,0,0,0,226
0x838815,100%,0,5,5,0,0,0,5
0x538fda,100%,0,11,11,11,0,0,0
0xa98638,100%,0,2,2,2,0,0,0
0x787c01,100%,0,6,6,6,0,0,0
0xa9ec17,100%,0,4,4,4,0,0,0
0x5391dd,100%,0,11,11,0,0,0,11
0x48eb55,100%,0,83,83,0,0,0,83
0xa984e4,100%,0,4,4,4,0,0,0
0xa984a1,100%,0,4,4,0,0,0,4
0x9a4904,100%,0,16,16,0,0,0,16
0x8a5cb0,100%,0,2,2,0,0,0,2
0x5391fb,100%,0,11,11,11,0,0,0
0x8ee82e,100%,0,3,3,0,0,0,3
0x803807,100%,0,394,394,0,0,0,394
0x538fbc,100%,0,11,11,0,0,0,11
0xa64c38,100%,0,2,2,0,0,0,2
0x63c8aa,100%,0,383,383,383,0,0,0
0x4c4dd1,100%,0,2,2,0,0,0,2
0xa97ac9,100%,0,5,5,0,0,0,5
0x4b5f25,100%,0,4,4,0,0,0,4
0x80e866,100%,0,24,24,0,0,0,24
0xa9749e,100%,0,39,39,0,0,0,39
0xa086a3,100%,0,4,4,0,0,0,4
0x675713,100%,0,1,1,0,0,0,1
0x534703,100%,0,101,101,101,0,0,0
0x804112,100%,0,60,60,0,0,0,60
0x8e5faa,100%,0,269,269,0,0,0,269
0x544d98,100%,0,132,132,132,0,0,0
0x590e82,100%,0,23,23,0,0,0,23
0x5905a5,100%,0,13,13,0,0,0,13
0x8101ed,100%,0,798,798,0,0,0,798
0x4a988e,100%,0,34,34,0,0,0,34
0x944204,100%,0,826,826,0,0,0,826
0x837954,100%,0,45,45,0,0,0,45
0x837946,100%,0,45,45,0,0,0,45
0x6486a3,100%,0,2,2,0,0,0,2
0x805f41,100%,0,226,226,0,0,0,226
0x53b8ec,100%,0,11,11,0,0,0,11
0xa27773,100%,0,4,4,0,0,0,4
0xa05117,100%,0,1,1,0,0,0,1
0x5ff49f,100%,0,10,10,0,0,0,10
0x977770,100%,0,882,882,0,0,0,882
0x6486ad,100%,0,2,2,2,0,0,0
0x53c649,100%,0,741,741,0,0,0,741
0xa464aa,100%,0,10,10,0,0,0,10
0x49c8bd,100%,0,8,8,8,0,0,0
0xa25e4e,100%,0,78,78,0,0,0,78
0x5c9b88,100%,0,6,6,0,0,0,6
0x5c9b7f,100%,0,6,6,0,0,0,6
0x8e204c,100%,0,290,290,290,0,0,0
0x5510e2,100%,0,2,2,2,0,0,0
0xa058ea,100%,0,5,5,5,0,0,0
0x9fe56b,100%,0,134,134,0,0,0,134
0xa446ec,100%,0,52,52,0,0,0,52
0xa99fb3,100%,0,2,2,2,0,0,0
0x8ad8fb,100%,0,19,19,0,0,0,19
0x612845,100%,0,70,70,0,0,0,70
0x4b84e1,100%,0,3,3,0,0,0,3
0x4b5ede,100%,0,4,4,0,0,0,4
0x4b5eea,100%,0,4,4,0,0,0,4
0xa08380,100%,0,7,7,0,0,0,7
0x64ce6c,100%,0,538,538,0,0,0,538
0x50ee60,100%,0,44,44,0,0,0,44
0x9f5168,100%,0,11,11,0,0,0,11
0x4c186a,100%,0,16,16,0,0,0,16
0x50ee39,100%,0,88,88,0,0,0,88
0x8fdd21,100%,0,48,48,0,0,0,48
0x8fdd18,100%,0,48,48,0,0,0,48
0xa9bd08,100%,0,10,10,10,0,0,0
0x50339b,100%,0,37,37,0,0,0,37
0x8162ce,100%,0,45,45,0,0,0,45
0x8e50fe,100%,0,1977,1977,0,0,0,1977
0x5032bd,100%,0,2,2,0,0,0,2
0x83be87,100%,0,5,5,5,0,0,0
0x83be6e,100%,0,1,1,0,0,0,1
0x65c2e0,100%,0,16,16,16,0,0,0
0x8fdd42,100%,0,85,85,0,0,0,85
0x83be26,100%,0,1,1,1,0,0,0
0x83a938,100%,0,3,3,3,0,0,0
0x8a6057,100%,0,2,2,0,0,0,2
0x819e2e,100%,0,16,16,16,0,0,0
0x5f6338,100%,0,2,2,2,0,0,0
0x843904,100%,0,4,4,4,0,0,0
0xa319c5,100%,0,213,213,0,0,0,213
0xa99478,100%,0,3,3,0,0,0,3
0x78918e,100%,0,10,10,0,0,0,10
0x4c2ae7,100%,0,84,84,0,0,0,84
0x649413,100%,0,2,2,0,0,0,2
0xa9946f,100%,0,3,3,0,0,0,3
0x60c647,100%,0,4,4,4,0,0,0
0xa92ad3,100%,0,43,43,0,0,0,43
0x4c03f5,100%,0,86,86,0,0,0,86
0x666c62,100%,0,2,2,2,0,0,0
0x666c4b,100%,0,2,2,2,0,0,0
0x8f0d2e,100%,0,40,40,40,0,0,0
0xa31283,100%,0,52,52,52,0,0,0
0xa969ba,100%,0,16,16,16,0,0,0
0x48782d,100%,0,1,1,0,0,0,1
0xa99e31,100%,0,15,15,0,0,0,15
0x8d4319,100%,0,12,12,0,0,0,12
0xa075f7,100%,0,6,6,6,0,0,0
0x973805,100%,0,38,38,0,0,0,38
0x8fdb79,100%,0,9,9,0,0,0,9
0x4c7536,100%,0,2,2,0,0,0,2
0x8fd78f,100%,0,15,15,15,0,0,0
0xa99b7b,100%,0,15,15,0,0,0,15
0xa92864,100%,0,49,49,0,0,0,49
0x53de43,100%,0,526,526,0,0,0,526
0x610f08,100%,0,2,2,0,0,0,2
0x50f0f0,100%,0,88,88,88,0,0,0
0x8ff0ad,100%,0,88,88,0,0,0,88
0xb6a0fd,100%,0,5,5,0,0,0,5
0x5ae5bc,100%,0,25,25,0,0,0,25
0x8dae9b,100%,0,2,2,2,0,0,0
0x8fdd3b,100%,0,85,85,0,0,0,85
0x8ff586,100%,0,2,2,0,0,0,2
0xa9a124,100%,0,5,5,0,0,0,5
0xa9a0f2,100%,0,5,5,5,0,0,0
0x9f950c,100%,0,134,134,0,0,0,134
0xaa2848,100%,0,43,43,0,0,0,43
0x50ef35,100%,0,19,19,0,0,0,19
0x977b7c,100%,0,7,7,0,0,0,7
0x811462,100%,0,2,2,0,0,0,2
0x84349b,100%,0,1,1,0,0,0,1
0x9c4cfa,100%,0,6,6,6,0,0,0
0x835fbc,100%,0,2,2,1,0,0,1
0x835fb7,100%,0,2,2,0,0,0,2
0x491fa7,100%,0,1,1,1,0,0,0
0x533e53,100%,0,2,2,0,0,0,2
0xa96df0,100%,0,21,21,0,0,0,21
0xa96de1,100%,0,21,21,0,0,0,21
0x4ad2ec,100%,0,20,20,0,0,0,20
0x533dbd,100%,0,2,2,0,0,0,2
0x539743,100%,0,4,4,0,0,0,4
0x94e7a5,100%,0,30,30,0,0,0,30
0x5500b4,100%,0,56,56,56,0,0,0
0xa4cb86,100%,0,4,4,0,0,0,4
0xa96a6a,100%,0,21,21,0,0,0,21
0x8dd0a8,100%,0,101,101,0,0,0,101
0x9f4980,100%,0,4,4,0,0,0,4
0x63b270,100%,0,821,821,821,0,0,0
0x901c38,100%,0,1,1,0,0,0,1
0x67178a,100%,0,2,2,2,0,0,0
0x8d43b2,100%,0,1,1,1,0,0,0
0x4c72ea,100%,0,18,18,0,0,0,18
0x54daf0,100%,0,39,39,0,0,0,39
0xa08309,100%,0,1,1,0,0,0,1
0x6780c6,100%,0,246,246,0,0,0,246
0x8377c3,100%,0,3,3,3,0,0,0
0x4877d9,100%,0,1,1,0,0,0,1
0x8ece04,100%,0,995,995,0,0,0,995
0xa2b343,100%,0,2,2,0,0,0,2
0x40e249,100%,0,74,74,0,0,0,74
0x5da977,100%,0,133,133,133,0,0,0
0xa9941b,100%,0,3,3,0,0,0,3
0x6084a1,100%,0,48,48,0,0,0,48
0x8436ee,100%,0,12,12,0,0,0,12
0x9f63b7,100%,0,3,3,0,0,0,3
0x65ad44,100%,0,14,14,0,0,0,14
0x441ae4,100%,0,11,11,11,0,0,0
0x808c3d,100%,0,2,2,0,0,0,2
0x843680,100%,0,4,4,0,0,0,4
0xa97e50,100%,0,15,15,15,0,0,0
0x817072,100%,0,2,2,2,0,0,0
0x9e8a02,100%,0,145,145,145,0,0,0
0x8f34e8,100%,0,12,12,0,0,0,12
0x959382,100%,0,4,4,0,0,0,4
0x4a2159,100%,0,4,4,4,0,0,0
0x556d78,100%,0,105,105,0,0,0,105
0x402d8d,100%,0,63,63,0,0,0,63
0xa96f81,100%,0,15,15,15,0,0,0
0x97ac7c,100%,0,14,14,14,0,0,0
0xa96f6d,100%,0,15,15,0,0,0,15
0x9f03a7,100%,0,383,383,0,0,0,383
0x808304,100%,0,27,27,0,0,0,27
0xa96f65,100%,0,15,15,0,0,0,15
0xa3f079,100%,0,8,8,0,0,0,8
0xa96f56,100%,0,15,15,0,0,0,15
0x843502,100%,0,1,1,0,0,0,1
0x4c92eb,100%,0,16,16,0,0,0,16
0x5fbdfe,100%,0,187,187,0,0,0,187
0xa50a85,100%,0,14,14,0,0,0,14
0xa5375c,100%,0,8,8,0,0,0,8
0x66f65f,100%,0,3,3,1,0,0,2
0xa589ab,100%,0,146,146,0,0,0,146
0x8126db,100%,0,52,52,52,0,0,0
0x66f62a,100%,0,59,59,0,0,0,59
0xaa002c,100%,0,3,3,0,0,0,3
0x9f0e4a,100%,0,36,36,0,0,0,36
0x5f7b32,100%,0,167,167,0,0,0,167
0x9ab5de,100%,0,139,139,0,0,0,139
0x9848e5,100%,0,4,4,0,0,0,4
0x503676,100%,0,1,1,0,0,0,1
0xa06a64,100%,0,2,2,0,0,0,2
0x820c62,100%,0,2,2,2,0,0,0
0xa06a78,100%,0,2,2,2,0,0,0
0x66f7aa,100%,0,19,19,0,0,0,19
0x5c4fcc,100%,0,144,144,0,0,0,144
0xa5611f,100%,0,184,184,0,0,0,184
0x60e520,100%,0,81,81,0,0,0,81
0x5bd262,100%,0,964,964,964,0,0,0
0x61082c,100%,0,13,13,0,0,0,13
0xaa2cb4,100%,0,226,226,0,0,0,226
0xa0671a,100%,0,1,1,0,0,0,1
0x9197a5,100%,0,961,961,0,0,0,961
0x8d3a55,100%,0,10,10,10,0,0,0
0xa35e9b,100%,0,398,398,398,0,0,0
0xa084bf,100%,0,5,5,5,0,0,0
0x5fc477,100%,0,116,116,0,0,0,116
0x79482f,100%,0,6,6,6,0,0,0
0x9a4685,100%,0,688,688,0,0,0,688
0x670aa5,100%,0,2,2,2,0,0,0
0x65af91,100%,0,13,13,0,0,0,13
0xa9103b,100%,0,202,202,0,0,0,202
0x5bbb8d,100%,0,435,435,435,0,0,0
0x670d8d,100%,0,2,2,0,0,0,2
0x670d24,100%,0,2,2,0,0,0,2
0xa95dd9,100%,0,574,574,0,0,0,574
0x670d16,100%,0,2,2,2,0,0,0
0x670b50,100%,0,2,2,0,0,0,2
0x670b43,100%,0,2,2,0,0,0,2
0xa06a42,100%,0,2,2,0,0,0,2
0x77d861,100%,0,6,6,0,0,0,6
0xa95d42,100%,0,574,574,0,0,0,574
0x837452,100%,0,5,5,0,0,0,5
0x5c525d,100%,0,8,8,8,0,0,0
0x5c83b1,100%,0,6,6,6,0,0,0
0x8a7033,100%,0,43,43,43,0,0,0
0x670a76,100%,0,2,2,0,0,0,2
0x8a70ae,100%,0,56,56,0,0,0,56
0x80f6dd,100%,0,74,74,0,0,0,74
0x8a710c,100%,0,56,56,56,0,0,0
0x670a4d,100%,0,19,19,0,0,0,19
0x959364,100%,0,4,4,0,0,0,4
0x9812e0,100%,0,13,13,13,0,0,0
0x9ab854,100%,0,144,144,0,0,0,144
0x64af0c,100%,0,64,64,0,0,0,64
0x66f7c6,100%,0,19,19,0,0,0,19
0x610508,100%,0,543,543,0,0,0,543
0x8a97e6,100%,0,13052,13052,0,0,0,13052
0x77adad,100%,0,522,522,522,0,0,0
0x906a00,100%,0,79,79,0,0,0,79
0xa287d5,100%,0,16,16,0,0,0,16
0x95b517,100%,0,4,4,4,0,0,0
0x904c41,100%,0,301,301,301,0,0,0
0x7bae9b,100%,0,2,2,2,0,0,0
0x9e2236,100%,0,2,2,2,0,0,0
0xa086bc,100%,0,4,4,0,0,0,4
0x4b49f4,100%,0,10,10,0,0,0,10
0x4a8133,100%,0,92,92,92,0,0,0
0x973ca4,100%,0,84,84,0,0,0,84
0x959f4d,100%,0,4,4,0,0,0,4
0x90d052,100%,0,163,163,163,0,0,0
0x8a51ca,100%,0,217,217,0,0,0,217
0xa06e25,100%,0,38,38,0,0,0,38
0x94d117,100%,0,47,47,0,0,0,47
0x7bae7d,100%,0,2,2,0,0,0,2
0x8dba4a,100%,0,16,16,0,0,0,16
0x64baab,100%,0,1397,1397,1397,0,0,0
0x9e5da2,100%,0,4,4,4,0,0,0
0x610316,100%,0,33,33,0,0,0,33
0x905f47,100%,0,128,128,0,0,0,128
0x590705,100%,0,3,3,0,0,0,3
0x905d11,100%,0,128,128,0,0,0,128
0x783d2b,100%,0,156,156,156,0,0,0
0xa5a03e,100%,0,3,3,0,0,0,3
0x80b951,100%,0,24,24,24,0,0,0
0x4418ce,100%,0,11,11,0,0,0,11
0x90678c,100%,0,124,124,0,0,0,124
0xa086df,100%,0,4,4,4,0,0,0
0x906776,100%,0,124,124,124,0,0,0
0x4b56b4,100%,0,102,102,0,0,0,102
0x40ac95,100%,0,7,7,0,0,0,7
0x4bb26f,100%,0,461,461,0,0,0,461
0xa05c68,100%,0,5,5,5,0,0,0
0x9042ba,100%,0,9,9,9,0,0,0
0xa2e88d,100%,0,53,53,0,0,0,53
0x8c83d9,100%,0,2,2,2,0,0,0
0x68a993,100%,0,76,76,0,0,0,76
0x4ca696,100%,0,2,2,0,0,0,2
0x9e125a,100%,0,27,27,0,0,0,27
0x99e76a,100%,0,13,13,13,0,0,0
0xa05c2f,100%,0,29,29,0,0,0,29
0x90ec52,100%,0,200,200,0,0,0,200
0x64bb80,100%,0,1397,1397,1397,0,0,0
0x833a3f,100%,0,218,218,0,0,0,218
0x670db4,100%,0,2,2,0,0,0,2
0x83396a,100%,0,133,133,133,0,0,0
0x7bad32,100%,0,2,2,2,0,0,0
0x9d0469,100%,0,36,36,0,0,0,36
0x905279,100%,0,137,137,137,0,0,0
0xa073e6,100%,0,2,2,0,0,0,2
0xa04aa5,100%,0,74,74,0,0,0,74
0x905051,100%,0,137,137,0,0,0,137
0x8bb2b0,100%,0,2,2,2,0,0,0
0x833884,100%,0,2,2,0,0,0,2
0x808343,100%,0,4,4,0,0,0,4
0x5d8e21,100%,0,10,10,10,0,0,0
0x804136,100%,0,60,60,0,0,0,60
0x7be0ce,100%,0,4,4,0,0,0,4
0x8337cd,100%,0,2,2,0,0,0,2
0xa970fd,100%,0,37,37,0,0,0,37
0x8171ec,100%,0,160,160,0,0,0,160
0x5f59a2,100%,0,2,2,0,0,0,2
0x837777,100%,0,5,5,0,0,0,5
0x837715,100%,0,5,5,0,0,0,5
0x8376a3,100%,0,5,5,0,0,0,5
0x83765b,100%,0,53,53,53,0,0,0
0xa97e48,100%,0,15,15,0,0,0,15
0x8f4dd8,100%,0,6,6,0,0,0,6
0x8375b6,100%,0,128,128,128,0,0,0
0x606eb7,100%,0,3,3,3,0,0,0
0x9a1339,100%,0,30,30,0,0,0,30
0x5f2b2f,100%,0,2,2,0,0,0,2
0x83757a,100%,0,33,33,0,0,0,33
0x9e2262,100%,0,2,2,0,0,0,2
0xa962a8,100%,0,8,8,0,0,0,8
0x8374c9,100%,0,5,5,0,0,0,5
0x838ba2,100%,0,2,2,0,0,0,2
0x951859,100%,0,341,341,0,0,0,341
0x8be8d0,100%,0,23,23,23,0,0,0
0x81f839,100%,0,47,47,0,0,0,47
0x8f4c99,100%,0,2464,2464,2464,0,0,0
0xa9a151,100%,0,15,15,15,0,0,0
0x81ffcc,100%,0,323,323,0,0,0,323
0xa06826,100%,0,2,2,0,0,0,2
0xa97f3b,100%,0,2,2,0,0,0,2
0x5f1896,100%,0,2,2,0,0,0,2
0x835f6e,100%,0,2,2,0,0,0,2
0x838f70,100%,0,10,10,0,0,0,10
0x8ea1ff,100%,0,144,144,0,0,0,144
0x544118,100%,0,9,9,0,0,0,9
0x592084,100%,0,4,4,0,0,0,4
0x544ad3,100%,0,57,57,57,0,0,0
0x8deaeb,100%,0,200,200,0,0,0,200
0xa073d8,100%,0,2,2,0,0,0,2
0x54499b,100%,0,9,9,0,0,0,9
0x8dec8e,100%,0,6,6,0,0,0,6
0xa9d2cc,100%,0,22,22,22,0,0,0
0x9a12b9,100%,0,152,152,0,0,0,152
0x65bde6,100%,0,12,12,12,0,0,0
0xa37917,100%,0,10,10,10,0,0,0
0x54420b,100%,0,9,9,9,0,0,0
0x80b0f0,100%,0,2,2,0,0,0,2
0x49b2e3,100%,0,913,913,0,0,0,913
0x50331b,100%,0,39,39,39,0,0,0
0x69769e,100%,0,28,28,0,0,0,28
0x5925a4,100%,0,120,120,0,0,0,120
0x809076,100%,0,2,2,0,0,0,2
0x5442ed,100%,0,57,57,0,0,0,57
0x533ad3,100%,0,9,9,0,0,0,9
0xa07791,100%,0,2,2,0,0,0,2
0x504d47,100%,0,2,2,0,0,0,2
0x533975,100%,0,2,2,0,0,0,2
0x833dd9,100%,0,8,8,0,0,0,8
0x908b9b,100%,0,562,562,562,0,0,0
0xa96678,100%,0,8,8,8,0,0,0
0x5de78b,100%,0,1241,1241,0,0,0,1241
0x5bb462,100%,0,119,119,119,0,0,0
0xaef70c,100%,0,4,4,0,0,0,4
0x8038a3,100%,0,2,2,0,0,0,2
0x5f94f1,100%,0,3,3,0,0,0,3
0x533894,100%,0,18,18,0,0,0,18
0x441deb,100%,0,11,11,0,0,0,11
0xa06991,100%,0,2,2,0,0,0,2
0x6722dc,100%,0,2,2,0,0,0,2
0x5d0908,100%,0,18,18,18,0,0,0
0x4c52f1,100%,0,18,18,18,0,0,0
0x4c6597,100%,0,12,12,0,0,0,12
0x9f274d,100%,0,85,85,85,0,0,0
0x803e85,100%,0,17,17,0,0,0,17
0x67181a,100%,0,2,2,2,0,0,0
0x6983a9,100%,0,13,13,0,0,0,13
0x67177f,100%,0,2,2,0,0,0,2
0x80b3a2,100%,0,5,5,0,0,0,5
0x81ea4b,100%,0,86,86,0,0,0,86
0x64f4eb,100%,0,12,12,12,0,0,0
0xa96977,100%,0,149,149,149,0,0,0
0xa0699a,100%,0,2,2,0,0,0,2
0xa9688c,100%,0,226,226,0,0,0,226
0x40ae02,100%,0,4,4,0,0,0,4
0x8d209c,100%,0,96,96,0,0,0,96
0xa92c5b,100%,0,226,226,0,0,0,226
0x7d2c8f,100%,0,4,4,0,0,0,4
0x6711b6,100%,0,2,2,2,0,0,0
0x9cfc6f,100%,0,8,8,0,0,0,8
0x4b5f7b,100%,0,4,4,0,0,0,4
0x670e69,100%,0,2,2,0,0,0,2
0xa5084e,100%,0,4,4,4,0,0,0
0xa910f0,100%,0,134,134,134,0,0,0
0x8e26b8,100%,0,2023,2023,0,0,0,2023
0x5fe9b4,100%,0,22,22,0,0,0,22
0x4ab2f8,100%,0,1,1,0,0,0,1
0x5d0193,100%,0,8,8,8,0,0,0
0xa0689c,100%,0,2,2,2,0,0,0
0x7acd6a,100%,0,2,2,0,0,0,2
0x8f6852,100%,0,109,109,0,0,0,109
0x80b487,100%,0,1,1,0,0,0,1
0x5916d6,100%,0,3,3,0,0,0,3
0x4a59d9,100%,0,4,4,0,0,0,4
0x959129,100%,0,2,2,0,0,0,2
0x4a97f9,100%,0,4,4,0,0,0,4
0x8e53c8,100%,0,16,16,0,0,0,16
0x554cf4,100%,0,289,289,0,0,0,289
0xa92ec2,100%,0,88,88,0,0,0,88
0x58d1ca,100%,0,20,20,0,0,0,20
0xa93782,100%,0,29,29,29,0,0,0
0x835ead,100%,0,2,2,2,0,0,0
0x835e97,100%,0,2,2,0,0,0,2
0x49037d,100%,0,79,79,0,0,0,79
0x78169c,100%,0,9,9,9,0,0,0
0x672a8f,100%,0,2,2,2,0,0,0
0x62291e,100%,0,10,10,0,0,0,10
0x672a85,100%,0,2,2,0,0,0,2
0x90867d,100%,0,1611,1611,1611,0,0,0
0xa64bf0,100%,0,6,6,0,0,0,6
0x48f10d,100%,0,129,129,0,0,0,129
0xa980c8,100%,0,149,149,0,0,0,149
0xa2a984,100%,0,1,1,1,0,0,0
0x6724db,100%,0,2,2,2,0,0,0
0xa8ef73,100%,0,14,14,14,0,0,0
0xa2de18,100%,0,39,39,39,0,0,0
0x9f66e9,100%,0,153,153,153,0,0,0
0xa2f4be,100%,0,261,261,0,0,0,261
0x792211,100%,0,21,21,21,0,0,0
0x8e0313,100%,0,570,570,570,0,0,0
0xa2f19f,100%,0,1,1,0,0,0,1
0xa2f156,100%,0,1,1,0,0,0,1
0xa415a7,100%,0,8,8,0,0,0,8
0x821294,100%,0,2,2,0,0,0,2
0xa561ec,100%,0,419,419,0,0,0,419
0xa0383c,100%,0,5328,5328,0,0,0,5328
0x9ee364,100%,0,110,110,0,0,0,110
0x95b814,100%,0,4,4,0,0,0,4
0x4aad84,100%,0,30,30,0,0,0,30
0x95b7f2,100%,0,4,4,0,0,0,4
0x95608f,100%,0,1,1,1,0,0,0
0xaac3f3,100%,0,4,4,0,0,0,4
0x81e3ab,100%,0,215,215,0,0,0,215
0xa2ed7e,100%,0,29,29,0,0,0,29
0xa2ed71,100%,0,29,29,0,0,0,29
0x95b796,100%,0,4,4,4,0,0,0
0x8a5fa3,100%,0,2,2,2,0,0,0
0xa5f58b,100%,0,174,174,0,0,0,174
0xa2aa80,100%,0,1,1,1,0,0,0
0x673daf,100%,0,5,5,0,0,0,5
0x5f46fc,100%,0,2,2,0,0,0,2
0x7b0158,100%,0,6,6,0,0,0,6
0x4c6639,100%,0,2,2,0,0,0,2
0x9fb006,100%,0,313,313,0,0,0,313
0x5a0774,100%,0,2,2,2,0,0,0
0x502f13,100%,0,47,47,47,0,0,0
0x959f67,100%,0,4,4,0,0,0,4
0x9f2aa2,100%,0,5,5,0,0,0,5
0x8e9a0e,100%,0,2,2,0,0,0,2
0x9eca92,100%,0,5,5,0,0,0,5
0x4900e4,100%,0,10,10,0,0,0,10
0xa2f271,100%,0,38,38,0,0,0,38
0x65c6b3,100%,0,4,4,0,0,0,4
0x65c6ae,100%,0,4,4,0,0,0,4
0x5bc3ab,100%,0,23,23,0,0,0,23
0x51b85c,100%,0,960,960,0,0,0,960
0x90ab2e,100%,0,27,27,0,0,0,27
0x9be502,100%,0,2,2,2,0,0,0
0x959377,100%,0,4,4,0,0,0,4
0x724c87,100%,0,2,2,0,0,0,2
0x959f78,100%,0,4,4,0,0,0,4
0x9a8995,100%,0,62,62,62,0,0,0
0xa2621b,100%,0,404,404,0,0,0,404
0x9a0bf8,100%,0,28,28,0,0,0,28
0x40e8c5,100%,0,5,5,5,0,0,0
0x40a167,100%,0,11,11,11,0,0,0
0x5f07ba,100%,0,2,2,0,0,0,2
0x9e4ebb,100%,0,60,60,0,0,0,60
0x99e69b,100%,0,13,13,0,0,0,13
0x8f3da2,100%,0,174,174,0,0,0,174
0xa2f67a,100%,0,5,5,5,0,0,0
0xa2f4df,100%,0,150,150,0,0,0,150
0x4b55b0,100%,0,2,2,0,0,0,2
0x5f27f1,100%,0,5,5,0,0,0,5
0xa4288f,100%,0,175,175,0,0,0,175
0xa90775,100%,0,147,147,0,0,0,147
0x64f282,100%,0,4,4,4,0,0,0
0x65ae07,100%,0,13,13,0,0,0,13
0x95a7d1,100%,0,4,4,4,0,0,0
0x9e1160,100%,0,2,2,0,0,0,2
0x9ff6a9,100%,0,5,5,5,0,0,0
0x5fbdcc,100%,0,2,2,0,0,0,2
0x974662,100%,0,2,2,0,0,0,2
0x9e1115,100%,0,2,2,0,0,0,2
0x683147,100%,0,37,37,37,0,0,0
0x9e1097,100%,0,29,29,0,0,0,29
0x9f8298,100%,0,1,1,1,0,0,0
0x6774b9,100%,0,71,71,0,0,0,71
0x9f824b,100%,0,1,1,0,0,0,1
0xa0306a,100%,0,160,160,0,0,0,160
0x9f81da,100%,0,1,1,1,0,0,0
0x5a6504,100%,0,2,2,0,0,0,2
0x723572,100%,0,1446,1446,0,0,0,1446
0x9f63ee,100%,0,1,1,0,0,0,1
0x81283b,100%,0,15,15,0,0,0,15
0x974636,100%,0,40,40,40,0,0,0
0x8fd2dd,100%,0,2,2,2,0,0,0
0x5969ef,100%,0,16,16,16,0,0,0
0x611473,100%,0,11,11,0,0,0,11
0x99dd23,100%,0,15,15,0,0,0,15
0x4a2653,100%,0,472,472,472,0,0,0
0xaef71b,100%,0,4,4,0,0,0,4
0x9f62aa,100%,0,8,8,0,0,0,8
0x48fb1c,100%,0,3,3,0,0,0,3
0x5fe7c3,100%,0,105,105,0,0,0,105
0x9f6a00,100%,0,20,20,0,0,0,20
0x49a332,100%,0,5,5,5,0,0,0
0x8e935b,100%,0,3,3,3,0,0,0
0xa64cac,100%,0,6,6,0,0,0,6
0x843462,100%,0,1,1,0,0,0,1
0x95b322,100%,0,4,4,4,0,0,0
0xab1bde,100%,0,4,4,4,0,0,0
0x90415f,100%,0,692,692,0,0,0,692
0x8ede5e,100%,0,42,42,0,0,0,42
0x6105bb,100%,0,6,6,0,0,0,6
0xa33ac0,100%,0,72,72,72,0,0,0
0x4a73d8,100%,0,60,60,0,0,0,60
0x5dee9b,100%,0,1,1,0,0,0,1
0x649cb2,100%,0,2,2,0,0,0,2
0xab1bd9,100%,0,4,4,0,0,0,4
0xab1bd4,100%,0,4,4,0,0,0,4
0x620fa7,100%,0,5,5,5,0,0,0
0x5dd9fd,100%,0,1,1,0,0,0,1
0x61095f,100%,0,13,13,0,0,0,13
0xa7224e,100%,0,7,7,0,0,0,7
0xa34475,100%,0,3,3,0,0,0,3
0xa33fc4,100%,0,3,3,3,0,0,0
0xa53828,100%,0,7,7,7,0,0,0
0xa22e73,100%,0,8,8,0,0,0,8
0x8148de,100%,0,2,2,0,0,0,2
0x490c66,100%,0,26,26,0,0,0,26
0x815c85,100%,0,41,41,41,0,0,0
0x9f9008,100%,0,10,10,10,0,0,0
0x9e11d6,100%,0,26,26,26,0,0,0
0x9e1547,100%,0,2,2,0,0,0,2
0x806289,100%,0,2,2,0,0,0,2
0xa4200a,100%,0,376,376,0,0,0,376
0x548a94,100%,0,4,4,0,0,0,4
0xa6b78d,100%,0,4,4,0,0,0,4
0xa3899c,100%,0,10,10,10,0,0,0
0x819875,100%,0,827,827,0,0,0,827
0xa6b784,100%,0,4,4,0,0,0,4
0x8a9e7d,100%,0,192,192,192,0,0,0
0x8e02ea,100%,0,285,285,0,0,0,285
0xa8a8bf,100%,0,4,4,0,0,0,4
0xa6a31b,100%,0,4,4,0,0,0,4
0xa2f853,100%,0,83,83,0,0,0,83
0xa69f6b,100%,0,4,4,0,0,0,4
0x55761e,100%,0,2,2,2,0,0,0
0xa42093,100%,0,1017,1017,0,0,0,1017
0x81afd1,100%,0,5,5,5,0,0,0
0xa6b7d8,100%,0,4,4,4,0,0,0
0xa41fd2,100%,0,289,289,0,0,0,289
0xa69ebc,100%,0,4,4,4,0,0,0
0xa69de0,100%,0,4,4,4,0,0,0
0xa8a8ad,100%,0,4,4,0,0,0,4
0x9d0b5a,100%,0,51,51,0,0,0,51
0x80e000,100%,0,220,220,220,0,0,0
0x7afd64,100%,0,28,28,0,0,0,28
0xa6b468,100%,0,4,4,0,0,0,4
0x533c92,100%,0,3,3,0,0,0,3
0xaaaf2d,100%,0,8,8,8,0,0,0
0x60e00e,100%,0,98,98,0,0,0,98
0x558db1,100%,0,75,75,0,0,0,75
0xa35928,100%,0,1001,1001,0,0,0,1001
0xa6b372,100%,0,4,4,4,0,0,0
0xa302d5,100%,0,195,195,0,0,0,195
0x63fb92,100%,0,1857,1857,0,0,0,1857
0x65bc54,100%,0,505,505,0,0,0,505
0xa9c981,100%,0,36,36,0,0,0,36
0x4951b8,100%,0,1,1,0,0,0,1
0xa394a2,100%,0,14,14,14,0,0,0
0xa02f1c,100%,0,2,2,0,0,0,2
0x9f3ce1,100%,0,10,10,0,0,0,10
0xa159be,100%,0,375,375,375,0,0,0
0x5f2b26,100%,0,2,2,0,0,0,2
0x4871f5,100%,0,2,2,0,0,0,2
0x511dcf,100%,0,384,384,0,0,0,384
0x980887,100%,0,3,3,0,0,0,3
0x63e02c,100%,0,961,961,961,0,0,0
0x7efba6,100%,0,2,2,2,0,0,0
0x4418d7,100%,0,11,11,0,0,0,11
0xa1d737,100%,0,2,2,0,0,0,2
0xa33978,100%,0,554,554,0,0,0,554
0x402fde,100%,0,69,69,0,0,0,69
0x8e3df8,100%,0,4,4,0,0,0,4
0xa04f6d,100%,0,62,62,0,0,0,62
0x49a07e,100%,0,16,16,0,0,0,16
0xa8aa0f,100%,0,4,4,4,0,0,0
0xa8a8d1,100%,0,4,4,4,0,0,0
0x5bedb4,100%,0,2,2,0,0,0,2
0xa6bdd9,100%,0,4,4,0,0,0,4
0x94ac52,100%,0,80,80,0,0,0,80
0xa2f99f,100%,0,83,83,0,0,0,83
0x8ed399,100%,0,6,6,0,0,0,6
0xaaaed0,100%,0,4,4,4,0,0,0
0x95a6cf,100%,0,4,4,0,0,0,4
0xa55918,100%,0,2,2,0,0,0,2
0x95a8fc,100%,0,4,4,0,0,0,4
0x95ac25,100%,0,4,4,4,0,0,0
0x95abee,100%,0,4,4,4,0,0,0
0x95ab88,100%,0,4,4,4,0,0,0
0x5c4742,100%,0,8,8,0,0,0,8
0x9746be,100%,0,68,68,0,0,0,68
0xa4a15b,100%,0,46,46,0,0,0,46
0x95b12b,100%,0,4,4,4,0,0,0
0x686db6,100%,0,83,83,0,0,0,83
0x65bc36,100%,0,505,505,0,0,0,505
0x95a77c,100%,0,4,4,0,0,0,4
0x7d4149,100%,0,12,12,0,0,0,12
0x7921e3,100%,0,21,21,0,0,0,21
0x8a8f27,100%,0,140,140,0,0,0,140
0x5ff4f5,100%,0,4,4,4,0,0,0
0x5908ed,100%,0,22,22,0,0,0,22
0x78b6b6,100%,0,12,12,0,0,0,12
0x9be3f0,100%,0,2,2,0,0,0,2
0x95a40d,100%,0,4,4,4,0,0,0
0x95a269,100%,0,4,4,0,0,0,4
0x811b0b,100%,0,2,2,0,0,0,2
0x95a25c,100%,0,4,4,0,0,0,4
0x8e419d,100%,0,246,246,246,0,0,0
0x63e060,100%,0,961,961,961,0,0,0
0x95a12d,100%,0,4,4,4,0,0,0
0x63f838,100%,0,3445,3445,3445,0,0,0
0x6625cb,100%,0,16,16,16,0,0,0
0x59f060,100%,0,4,4,0,0,0,4
0x81ecfb,100%,0,1599,1599,0,0,0,1599
0xa6b2e4,100%,0,4,4,4,0,0,0
0xa358f6,100%,0,1001,1001,0,0,0,1001
0xa6b2de,100%,0,4,4,0,0,0,4
0xa6b2a4,100%,0,4,4,0,0,0,4
0x9aae12,100%,0,37,37,0,0,0,37
0x8089fa,100%,0,9,9,0,0,0,9
0xa72427,100%,0,4,4,4,0,0,0
0x95ae85,100%,0,23,23,0,0,0,23
0x9be9b6,100%,0,2,2,0,0,0,2
0xa72364,100%,0,4,4,0,0,0,4
0xa7234a,100%,0,4,4,0,0,0,4
0x8eb047,100%,0,6,6,0,0,0,6
0xa7233d,100%,0,4,4,0,0,0,4
0x51b5ec,100%,0,5,5,0,0,0,5
0x9f6998,100%,0,8,8,8,0,0,0
0xab1e56,100%,0,4,4,4,0,0,0
0xa0822f,100%,0,4,4,4,0,0,0
0x4ada90,100%,0,5,5,0,0,0,5
0x81ef63,100%,0,4,4,4,0,0,0
0x972548,100%,0,221,221,0,0,0,221
0x95acda,100%,0,4,4,0,0,0,4
0x81e5a4,100%,0,12,12,0,0,0,12
0x53d9b4,100%,0,4883,4883,0,0,0,4883
0x812033,100%,0,4,4,0,0,0,4
0xa05f4e,100%,0,5,5,0,0,0,5
0xa33f29,100%,0,109,109,0,0,0,109
0x65a308,100%,0,48,48,48,0,0,0
0x95a9c9,100%,0,4,4,0,0,0,4
0x95a995,100%,0,4,4,0,0,0,4
0x8ffee7,100%,0,10,10,0,0,0,10
0xa4cf6d,100%,0,8,8,0,0,0,8
0xa06009,100%,0,11,11,0,0,0,11
0x50fb37,100%,0,10,10,0,0,0,10
0x4b38a0,100%,0,4,4,0,0,0,4
0x58f3cd,100%,0,52,52,0,0,0,52
0x8df2a9,100%,0,8,8,0,0,0,8
0x441d22,100%,0,11,11,11,0,0,0
0x8ffecd,100%,0,6,6,0,0,0,6
0x9d2f32,100%,0,61,61,61,0,0,0
0x4bffc3,100%,0,24,24,0,0,0,24
0x441c4c,100%,0,11,11,11,0,0,0
0x8dc3fa,100%,0,4,4,0,0,0,4
0x4c9e95,100%,0,4,4,0,0,0,4
0x9e1221,100%,0,27,27,0,0,0,27
0x441b86,100%,0,11,11,11,0,0,0
0xa32f47,100%,0,78,78,0,0,0,78
0xaa81d3,100%,0,5,5,0,0,0,5
0x9e1036,100%,0,27,27,0,0,0,27
0x812675,100%,0,5853,5853,0,0,0,5853
0x8c726a,100%,0,212,212,0,0,0,212
0xa3d06d,100%,0,8,8,8,0,0,0
0x9a3f4b,100%,0,28,28,0,0,0,28
0x9e0fc4,100%,0,80,80,0,0,0,80
0x4419de,100%,0,11,11,0,0,0,11
0xa25807,100%,0,5,5,5,0,0,0
0x956372,100%,0,1,1,1,0,0,0
0x4bb166,100%,0,18,18,0,0,0,18
0x78a39a,100%,0,3,3,0,0,0,3
0x4418f7,100%,0,11,11,0,0,0,11
0x4418b7,100%,0,11,11,0,0,0,11
0x95ae4f,100%,0,23,23,0,0,0,23
0xaa23ef,100%,0,34,34,0,0,0,34
0x499314,100%,0,42,42,0,0,0,42
0xa2e889,100%,0,53,53,0,0,0,53
0xaa2368,100%,0,45,45,0,0,0,45
0x4096d8,100%,0,58,58,58,0,0,0
0xa349f1,100%,0,177,177,0,0,0,177
0xaabe03,100%,0,11,11,0,0,0,11
0x95aed1,100%,0,23,23,23,0,0,0
0x9ed974,100%,0,126,126,0,0,0,126
0x95aec8,100%,0,23,23,0,0,0,23
0x911742,100%,0,56,56,0,0,0,56
0x50e366,100%,0,18,18,0,0,0,18
0x5ec317,100%,0,31,31,0,0,0,31
0x8aac09,100%,0,10,10,0,0,0,10
0x8e1519,100%,0,1990,1990,0,0,0,1990
0x9fc743,100%,0,14,14,14,0,0,0
0xa3b230,100%,0,228,228,0,0,0,228
0x95ad9f,100%,0,23,23,0,0,0,23
0x49cf98,100%,0,1,1,0,0,0,1
0x822395,100%,0,273,273,0,0,0,273
0x4043cd,100%,0,2386,2386,0,0,0,2386
0x4bd4bb,100%,0,1,1,0,0,0,1
0x404fd1,100%,0,42,42,0,0,0,42
0x95b406,100%,0,11,11,11,0,0,0
0x8f1b92,100%,0,134,134,0,0,0,134
0xa064f7,100%,0,35,35,0,0,0,35
0x490e01,100%,0,6,6,6,0,0,0
0xa3aba0,100%,0,4,4,0,0,0,4
0x69de1a,100%,0,12,12,12,0,0,0
0xa5bad2,100%,0,72,72,0,0,0,72
0x90f2e9,100%,0,200,200,0,0,0,200
0x4b6961,100%,0,155,155,0,0,0,155
0x503580,100%,0,2,2,0,0,0,2
0x4945ec,100%,0,2,2,0,0,0,2
0x9a0a80,100%,0,28,28,28,0,0,0
0x4415f7,100%,0,11,11,0,0,0,11
0xa0508e,100%,0,1,1,0,0,0,1
0x951bf9,100%,0,9,9,9,0,0,0
0x8f1fb2,100%,0,39,39,39,0,0,0
0xa06feb,100%,0,9,9,9,0,0,0
0x4415ee,100%,0,11,11,0,0,0,11
0x820008,100%,0,323,323,0,0,0,323
0x4415b7,100%,0,11,11,0,0,0,11
0x9eb7a9,100%,0,5,5,0,0,0,5
0x48b340,100%,0,321,321,0,0,0,321
0x81f993,100%,0,9,9,0,0,0,9
0x80b7c2,100%,0,2,2,0,0,0,2
0x8dfdc0,100%,0,32,32,32,0,0,0
0x44152e,100%,0,11,11,0,0,0,11
0x815cfe,100%,0,41,41,0,0,0,41
0x441517,100%,0,11,11,0,0,0,11
0xb49749,100%,0,16,16,0,0,0,16
0x9e2d60,100%,0,16,16,0,0,0,16
0x9e2d15,100%,0,13,13,0,0,0,13
0x59f221,100%,0,2,2,2,0,0,0
0x838b99,100%,0,2,2,0,0,0,2
0x7f0c2c,100%,0,1,1,0,0,0,1
0x786957,100%,0,12,12,0,0,0,12
0xa608b3,100%,0,5,5,0,0,0,5
0x8ef3dc,100%,0,48,48,0,0,0,48
0x9692b4,100%,0,86,86,0,0,0,86
0x48f420,100%,0,3,3,0,0,0,3
0xa543e8,100%,0,107,107,0,0,0,107
0x4418ae,100%,0,11,11,0,0,0,11
0x5557af,100%,0,4,4,0,0,0,4
0x9f9543,100%,0,25,25,0,0,0,25
0x9f9bfa,100%,0,19,19,19,0,0,0
0xa959c6,100%,0,4,4,0,0,0,4
0x9ecc29,100%,0,5,5,5,0,0,0
0x441877,100%,0,11,11,0,0,0,11
0x44186e,100%,0,11,11,0,0,0,11
0x44182e,100%,0,11,11,0,0,0,11
0x441817,100%,0,11,11,0,0,0,11
0x4417d7,100%,0,11,11,0,0,0,11
0xaa2402,100%,0,34,34,0,0,0,34
0x4417ce,100%,0,11,11,0,0,0,11
0x58e7b2,100%,0,6,6,6,0,0,0
0x4417ae,100%,0,11,11,0,0,0,11
0x441797,100%,0,11,11,0,0,0,11
0x8d402a,100%,0,13,13,0,0,0,13
0x4b4acf,100%,0,2,2,0,0,0,2
0x441777,100%,0,11,11,0,0,0,11
0xa52125,100%,0,77,77,77,0,0,0
0x441737,100%,0,11,11,0,0,0,11
0x44172e,100%,0,11,11,0,0,0,11
0x4416d7,100%,0,11,11,0,0,0,11
0x8e339a,100%,0,16,16,0,0,0,16
0x4416b7,100%,0,11,11,0,0,0,11
0x7c7455,100%,0,6,6,6,0,0,0
0x5e1f02,100%,0,6,6,6,0,0,0
0x5b1772,100%,0,10,10,0,0,0,10
0x5d7f4f,100%,0,4,4,0,0,0,4
0x5d7b07,100%,0,4,4,0,0,0,4
0x9f2ab6,100%,0,5,5,0,0,0,5
0x9f2a6b,100%,0,5,5,0,0,0,5
0xa4a000,100%,0,6,6,0,0,0,6
0x9bd6a5,100%,0,24,24,0,0,0,24
0x48398e,100%,0,29,29,0,0,0,29
0xa9db2e,100%,0,14,14,0,0,0,14
0xa9cdb4,100%,0,4,4,0,0,0,4
0x4ac860,100%,0,15,15,15,0,0,0
0xa3f072,100%,0,8,8,0,0,0,8
0x5eed94,100%,0,2,2,2,0,0,0
0xa92d5d,100%,0,148,148,0,0,0,148
0x9f1182,100%,0,5,5,5,0,0,0
0x8e5f76,100%,0,269,269,269,0,0,0
0xa972f9,100%,0,3,3,3,0,0,0
0x9bd0e1,100%,0,2,2,0,0,0,2
0xa3eebf,100%,0,8,8,8,0,0,0
0xa972e5,100%,0,3,3,0,0,0,3
0xa3cab2,100%,0,8,8,0,0,0,8
0xa96e4a,100%,0,3,3,3,0,0,0
0x4ca42a,100%,0,212,212,212,0,0,0
0x99dea8,100%,0,15,15,0,0,0,15
0x48fa7c,100%,0,6,6,0,0,0,6
0xa97e91,100%,0,20,20,20,0,0,0
0xa3e393,100%,0,8,8,8,0,0,0
0x8122d6,100%,0,81,81,81,0,0,0
0x9ea19f,100%,0,2,2,0,0,0,2
0x60c4f8,100%,0,134,134,134,0,0,0
0xa237bf,100%,0,2,2,0,0,0,2
0xa237a0,100%,0,2,2,0,0,0,2
0x648594,100%,0,56,56,56,0,0,0
0x9f6984,100%,0,8,8,0,0,0,8
0x5c6566,100%,0,117,117,0,0,0,117
0x9f691f,100%,0,8,8,8,0,0,0
0xa42e97,100%,0,4,4,0,0,0,4
0x9f6904,100%,0,8,8,8,0,0,0
0xa22d90,100%,0,62,62,0,0,0,62
0x9fb1aa,100%,0,37,37,0,0,0,37
0x60b6c2,100%,0,18,18,18,0,0,0
0x9e2d78,100%,0,16,16,0,0,0,16
0xa22d67,100%,0,65,65,0,0,0,65
0xa961e2,100%,0,2,2,0,0,0,2
0xa90222,100%,0,38,38,38,0,0,0
0xa2a876,100%,0,1,1,1,0,0,0
0xa0437c,100%,0,1,1,1,0,0,0
0x5bbfae,100%,0,2,2,2,0,0,0
0x4a9c88,100%,0,16,16,16,0,0,0
0x4ca0e2,100%,0,2,2,0,0,0,2
0x9f2b4d,100%,0,5,5,5,0,0,0
0x5fa1ac,100%,0,27,27,0,0,0,27
0xa31afd,100%,0,3,3,0,0,0,3
0x8ffde7,100%,0,8,8,0,0,0,8
0x50ce84,100%,0,31,31,0,0,0,31
0x9bb3b4,100%,0,2,2,0,0,0,2
0xa8e5d4,100%,0,1,1,1,0,0,0
0xa48b6b,100%,0,167,167,0,0,0,167
0x9f2b1c,100%,0,5,5,5,0,0,0
0xa3d0e7,100%,0,8,8,0,0,0,8
0xa3fcda,100%,0,56,56,0,0,0,56
0x956028,100%,0,1,1,0,0,0,1
0xa3fca5,100%,0,56,56,56,0,0,0
0x4094ed,100%,0,2,2,2,0,0,0
0xa3d476,100%,0,8,8,0,0,0,8
0xa05fdf,100%,0,20,20,0,0,0,20
0x9e1aa3,100%,0,8,8,8,0,0,0
0xa3d1a5,100%,0,8,8,0,0,0,8
0x490f06,100%,0,41,41,0,0,0,41
0xa3d192,100%,0,8,8,0,0,0,8
0xa3d182,100%,0,8,8,0,0,0,8
0x50ff98,100%,0,290,290,0,0,0,290
0x81b8c3,100%,0,29,29,0,0,0,29
0x4a853f,100%,0,8,8,0,0,0,8
0x7f130f,100%,0,7,7,0,0,0,7
0xa530e2,100%,0,192,192,0,0,0,192
0x9e2e78,100%,0,13,13,13,0,0,0
0x5d309e,100%,0,4,4,4,0,0,0
0xa3d095,100%,0,8,8,0,0,0,8
0x9e2e4f,100%,0,13,13,0,0,0,13
0xa3d059,100%,0,8,8,0,0,0,8
0x94e0ef,100%,0,7,7,7,0,0,0
0x816557,100%,0,52,52,0,0,0,52
0x8ffe06,100%,0,6,6,6,0,0,0
0xaa262c,100%,0,11,11,0,0,0,11
0x9f948b,100%,0,103,103,0,0,0,103
0xaa25ea,100%,0,22,22,0,0,0,22
0xaa25d0,100%,0,22,22,0,0,0,22
0xaa2410,100%,0,34,34,0,0,0,34
0xa3bdb0,100%,0,8,8,0,0,0,8
0x9ed388,100%,0,27,27,0,0,0,27
0x9ed33b,100%,0,27,27,0,0,0,27
0x5fe812,100%,0,28,28,28,0,0,0
0xa31a29,100%,0,3,3,3,0,0,0
0xa3dca6,100%,0,8,8,8,0,0,0
0xa49590,100%,0,404,404,404,0,0,0
0xa31a04,100%,0,3,3,0,0,0,3
0x675702,100%,0,1,1,0,0,0,1
0x7d420d,100%,0,1,1,0,0,0,1
0xa3d901,100%,0,8,8,0,0,0,8
0x4b8e99,100%,0,4,4,0,0,0,4
0xa3d8f8,100%,0,8,8,0,0,0,8
0x99df13,100%,0,28,28,0,0,0,28
0xa3d81e,100%,0,8,8,0,0,0,8
0x49522e,100%,0,1,1,1,0,0,0
0xa312ee,100%,0,23,23,0,0,0,23
0x49f5c0,100%,0,18,18,18,0,0,0
0x5fc9a4,100%,0,2,2,0,0,0,2
0xa3fd25,100%,0,32,32,32,0,0,0
0xa4a86e,100%,0,2,2,0,0,0,2
0x96c211,100%,0,26,26,0,0,0,26
0xa3fe84,100%,0,18,18,0,0,0,18
0x9a0a30,100%,0,28,28,0,0,0,28
0x9e0daf,100%,0,5,5,0,0,0,5
0xa99c3c,100%,0,15,15,0,0,0,15
0xa9ff49,100%,0,3,3,0,0,0,3
0x9e217d,100%,0,7,7,0,0,0,7
0x5dd9b6,100%,0,1,1,0,0,0,1
0xa63c51,100%,0,2,2,1,0,0,1
0xa37ad9,100%,0,10,10,0,0,0,10
0x8d24a0,100%,0,2,2,0,0,0,2
0x6667cc,100%,0,2,2,0,0,0,2
0xa2f143,100%,0,1,1,0,0,0,1
0xa37f16,100%,0,5,5,0,0,0,5
0x58c5fa,100%,0,1,1,1,0,0,0
0x78998a,100%,0,2,2,0,0,0,2
0x5be7d8,100%,0,2,2,0,0,0,2
0x7b013c,100%,0,6,6,0,0,0,6
0xa34884,100%,0,527,527,0,0,0,527
0x8388e4,100%,0,5,5,5,0,0,0
0x7b00db,100%,0,8,8,0,0,0,8
0x7b00c4,100%,0,8,8,0,0,0,8
0xa36e3f,100%,0,10,10,10,0,0,0
0x4b654d,100%,0,46,46,0,0,0,46
0x9ea419,100%,0,304,304,0,0,0,304
0x60e7ae,100%,0,79,79,79,0,0,0
0x81628f,100%,0,2,2,0,0,0,2
0x7869d5,100%,0,6,6,0,0,0,6
0x9ed8da,100%,0,64,64,0,0,0,64
0xa3799d,100%,0,10,10,0,0,0,10
0x8118c7,100%,0,41,41,41,0,0,0
0x7aee5e,100%,0,6,6,0,0,0,6
0x98ca13,100%,0,109,109,0,0,0,109
0xa6b8e1,100%,0,4,4,0,0,0,4
0xa37953,100%,0,10,10,10,0,0,0
0x991328,100%,0,17,17,17,0,0,0
0xa378c5,100%,0,4,4,0,0,0,4
0x6491d7,100%,0,2,2,0,0,0,2
0xa3774b,100%,0,10,10,10,0,0,0
0x5ba907,100%,0,2,2,2,0,0,0
0x50b791,100%,0,4,4,0,0,0,4
0x97ab10,100%,0,18,18,0,0,0,18
0x619ada,100%,0,5,5,0,0,0,5
0x503937,100%,0,46,46,46,0,0,0
0x8f2fce,100%,0,84,84,0,0,0,84
0x619e55,100%,0,5,5,0,0,0,5
0x64c779,100%,0,7,7,0,0,0,7
0x501a3d,100%,0,6,6,6,0,0,0
0x619e07,100%,0,5,5,0,0,0,5
0x5089b9,100%,0,4,4,0,0,0,4
0x8ea61e,100%,0,4,4,4,0,0,0
0xa4e631,100%,0,76,76,0,0,0,76
0x50b7ae,100%,0,4,4,0,0,0,4
0xa96e01,100%,0,21,21,0,0,0,21
0x619db7,100%,0,5,5,0,0,0,5
0x5f0bc2,100%,0,2,2,0,0,0,2
0x9591bc,100%,0,3,3,0,0,0,3
0x99aa46,100%,0,102,102,0,0,0,102
0xa352db,100%,0,3,3,0,0,0,3
0x5e205e,100%,0,3,3,0,0,0,3
0x98b3ec,100%,0,53,53,0,0,0,53
0xaa81e5,100%,0,5,5,0,0,0,5
0x4ac58c,100%,0,8,8,0,0,0,8
0x505a81,100%,0,4,4,4,0,0,0
0xaa818b,100%,0,5,5,0,0,0,5
0xaa8fe2,100%,0,23,23,0,0,0,23
0x8bae19,100%,0,18,18,0,0,0,18
0x505a75,100%,0,4,4,0,0,0,4
0x9a5e06,100%,0,10,10,0,0,0,10
0xa043bb,100%,0,1,1,0,0,0,1
0x675350,100%,0,1,1,0,0,0,1
0x7ad549,100%,0,26,26,0,0,0,26
0x815f29,100%,0,2,2,2,0,0,0
0x942bd9,100%,0,75,75,0,0,0,75
0x81a7b6,100%,0,447,447,0,0,0,447
0x66f6f7,100%,0,1,1,1,0,0,0
0xa6b6b7,100%,0,4,4,0,0,0,4
0xaa88de,100%,0,124,124,0,0,0,124
0x789893,100%,0,37,37,0,0,0,37
0x66f719,100%,0,1,1,0,0,0,1
0x78451e,100%,0,29,29,0,0,0,29
0x4a5c4a,100%,0,6,6,0,0,0,6
0xa9f3b8,100%,0,3,3,0,0,0,3
0x557f82,100%,0,370,370,0,0,0,370
0x7e1c99,100%,0,2,2,0,0,0,2
0xa36dbc,100%,0,10,10,10,0,0,0
0x7e1c7e,100%,0,2,2,0,0,0,2
0x90c21b,100%,0,842,842,842,0,0,0
0xa3727f,100%,0,6,6,0,0,0,6
0x7aed97,100%,0,11,11,0,0,0,11
0x7aeafd,100%,0,21,21,0,0,0,21
0x8a95a4,100%,0,12,12,0,0,0,12
0x8e9334,100%,0,3,3,0,0,0,3
0x5342aa,100%,0,101,101,0,0,0,101
0xa36bf5,100%,0,7,7,0,0,0,7
0xa50b97,100%,0,16,16,0,0,0,16
0x7d4496,100%,0,2,2,2,0,0,0
0xa36be3,100%,0,10,10,3,0,0,7
0x5f9172,100%,0,46,46,0,0,0,46
0x9f5cce,100%,0,19,19,0,0,0,19
0x61dc58,100%,0,20,20,20,0,0,0
0x6229d4,100%,0,10,10,10,0,0,0
0x4a61e1,100%,0,3,3,0,0,0,3
0x4b6788,100%,0,11,11,0,0,0,11
0x62299a,100%,0,10,10,0,0,0,10
0x5f0bb9,100%,0,2,2,0,0,0,2
0x5f0bac,100%,0,2,2,0,0,0,2
0x6112ab,100%,0,76,76,0,0,0,76
0x61f35b,100%,0,10,10,0,0,0,10
0x620f6f,100%,0,5,5,5,0,0,0
0x5f0b33,100%,0,2,2,0,0,0,2
0x620f68,100%,0,5,5,0,0,0,5
0xa2fce4,100%,0,43,43,0,0,0,43
0xa93e0b,100%,0,12,12,12,0,0,0
0x5efa12,100%,0,3,3,0,0,0,3
0x50901a,100%,0,6,6,6,0,0,0
0x619be7,100%,0,20,20,0,0,0,20
0x8dcaa9,100%,0,4,4,0,0,0,4
0xb30439,100%,0,5,5,0,0,0,5
0x8ec617,100%,0,2,2,0,0,0,2
0xa60c20,100%,0,5,5,0,0,0,5
0x7b063b,100%,0,3,3,0,0,0,3
0x619a44,100%,0,20,20,0,0,0,20
0x8f1134,100%,0,40,40,0,0,0,40
0x99d9d3,100%,0,37,37,0,0,0,37
0x99a094,100%,0,5,5,5,0,0,0
0x7afd26,100%,0,28,28,0,0,0,28
0x6228d5,100%,0,10,10,0,0,0,10
0xa442cf,100%,0,49,49,49,0,0,0
0x9f6473,100%,0,179,179,179,0,0,0
0xa4a57d,100%,0,8,8,0,0,0,8
0x78a69f,100%,0,10,10,0,0,0,10
0xa4a876,100%,0,2,2,0,0,0,2
0xa4a83b,100%,0,2,2,0,0,0,2
0x99eb49,100%,0,13,13,0,0,0,13
0x8bdcc8,100%,0,1,1,0,0,0,1
0x67c172,100%,0,24,24,0,0,0,24
0x8087b6,100%,0,231,231,0,0,0,231
0x9c507e,100%,0,8,8,8,0,0,0
0xa4a737,100%,0,8,8,0,0,0,8
0x786937,100%,0,12,12,0,0,0,12
0x8dc3a3,100%,0,4,4,0,0,0,4
0xa06f6a,100%,0,9,9,9,0,0,0
0x5fa960,100%,0,27,27,0,0,0,27
0xa4a636,100%,0,33,33,0,0,0,33
0xa4a8cb,100%,0,2,2,2,0,0,0
0xa50180,100%,0,148,148,0,0,0,148
0x65afd2,100%,0,13,13,0,0,0,13
0x70e95d,100%,0,2,2,0,0,0,2
0x5415ea,100%,0,5,5,0,0,0,5
0xa4a316,100%,0,18,18,0,0,0,18
0x943e3b,100%,0,10,10,0,0,0,10
0xa4a2ee,100%,0,18,18,0,0,0,18
0x99dac7,100%,0,21,21,0,0,0,21
0xa4a2e1,100%,0,18,18,0,0,0,18
0x815c63,100%,0,41,41,0,0,0,41
0x7c9b2d,100%,0,4,4,0,0,0,4
0x50a767,100%,0,51,51,0,0,0,51
0x8ec558,100%,0,2,2,0,0,0,2
0x9fe3fa,100%,0,131,131,0,0,0,131
0x9a493e,100%,0,16,16,16,0,0,0
0x9ed41d,100%,0,261,261,0,0,0,261
0xa5be8d,100%,0,32,32,0,0,0,32
0x8f45fe,100%,0,12,12,0,0,0,12
0x792205,100%,0,21,21,0,0,0,21
0xa4bb15,100%,0,4,4,0,0,0,4
0xa1609c,100%,0,12,12,0,0,0,12
0xa1606f,100%,0,24,24,0,0,0,24
0x9e0fb4,100%,0,80,80,0,0,0,80
0x7cf687,100%,0,8,8,0,0,0,8
0x53dd04,100%,0,8,8,8,0,0,0
0x53dcd9,100%,0,10,10,10,0,0,0
0x8fce93,100%,0,44,44,44,0,0,0
0x78f637,100%,0,14,14,0,0,0,14
0x9ede75,100%,0,2,2,0,0,0,2
0x5efa1c,100%,0,3,3,3,0,0,0
0x5d1b1c,100%,0,110,110,0,0,0,110
0x9a48ac,100%,0,16,16,0,0,0,16
0x5ff4c5,100%,0,4,4,0,0,0,4
0x78a373,100%,0,3,3,0,0,0,3
0x789b18,100%,0,28,28,0,0,0,28
0x99f672,100%,0,102,102,0,0,0,102
0x9ebd0a,100%,0,63,63,0,0,0,63
0x6cec65,100%,0,13,13,13,0,0,0
0x8f1b19,100%,0,141,141,0,0,0,141
0x78a6b4,100%,0,10,10,0,0,0,10
0x5faf5b,100%,0,12,12,12,0,0,0
0x64ba9d,100%,0,1397,1397,0,0,0,1397
0x610f00,100%,0,2,2,0,0,0,2
0x49c957,100%,0,18,18,18,0,0,0
0x8ad77e,100%,0,2,2,0,0,0,2
0x506e20,100%,0,1,1,0,0,0,1
0x611479,100%,0,11,11,0,0,0,11
0xa36cd6,100%,0,1,1,1,0,0,0
0x506e15,100%,0,1,1,0,0,0,1
0x8bb2ee,100%,0,1,1,0,0,0,1
0x4ace36,100%,0,62,62,62,0,0,0
0x9f483b,100%,0,8,8,0,0,0,8
0x8a956f,100%,0,36,36,0,0,0,36
0x54d092,100%,0,3,3,0,0,0,3
0x61a39d,100%,0,5,5,0,0,0,5
0x819aac,100%,0,34,34,0,0,0,34
0x622e7e,100%,0,5,5,5,0,0,0
0x61a38a,100%,0,5,5,0,0,0,5
0x5049f6,100%,0,7,7,0,0,0,7
0x81be8b,100%,0,204,204,0,0,0,204
0x60c5b1,100%,0,5,5,0,0,0,5
0xa15b23,100%,0,2,2,2,0,0,0
0x5049f1,100%,0,7,7,0,0,0,7
0x50479c,100%,0,7,7,7,0,0,0
0x60c40c,100%,0,5,5,0,0,0,5
0x49e987,100%,0,161,161,161,0,0,0
0x504787,100%,0,7,7,0,0,0,7
0xa6b9bc,100%,0,4,4,4,0,0,0
0x7c7188,100%,0,44,44,0,0,0,44
0x943a2f,100%,0,2,2,0,0,0,2
0xa3bb27,100%,0,18,18,0,0,0,18
0xa5f325,100%,0,4,4,0,0,0,4
0x7d33e7,100%,0,12,12,0,0,0,12
0x99da49,100%,0,36,36,36,0,0,0
0x670639,100%,0,41,41,0,0,0,41
0x906c06,100%,0,196,196,196,0,0,0
0x94445b,100%,0,2,2,0,0,0,2
0x8d39d9,100%,0,10,10,10,0,0,0
0x506ad5,100%,0,2,2,0,0,0,2
0x94f1a1,100%,0,1,1,0,0,0,1
0xa60c07,100%,0,5,5,5,0,0,0
0x44192e,100%,0,11,11,0,0,0,11
0x9a6ab7,100%,0,1,1,0,0,0,1
0x804f66,100%,0,2,2,0,0,0,2
0xa329ba,100%,0,1,1,0,0,0,1
0x7860fd,100%,0,2,2,0,0,0,2
0x8ea0fa,100%,0,2474,2474,0,0,0,2474
0x9a3edf,100%,0,28,28,0,0,0,28
0x80411e,100%,0,60,60,0,0,0,60
0x943837,100%,0,40,40,0,0,0,40
0x490bb1,100%,0,41,41,0,0,0,41
0x5f3e4f,100%,0,1,1,0,0,0,1
0xa3288a,100%,0,124,124,124,0,0,0
0x843744,100%,0,8,8,8,0,0,0
0x48de9d,100%,0,105,105,0,0,0,105
0x67985f,100%,0,6,6,0,0,0,6
0xa2f113,100%,0,2,2,2,0,0,0
0x814637,100%,0,429,429,0,0,0,429
0x50dae8,100%,0,4,4,0,0,0,4
0x9780f3,100%,0,133,133,0,0,0,133
0x50da93,100%,0,4,4,0,0,0,4
0x67083f,100%,0,6,6,6,0,0,0
0xa8e3b5,100%,0,1,1,0,0,0,1
0xa3266c,100%,0,2,2,0,0,0,2
0x58e5ea,100%,0,3,3,3,0,0,0
0x95c493,100%,0,12,12,0,0,0,12
0x5e4348,100%,0,3,3,0,0,0,3
0x555fc9,100%,0,3,3,0,0,0,3
0x59fccb,100%,0,1,1,0,0,0,1
0x817066,100%,0,2,2,0,0,0,2
0xa4c7da,100%,0,4,4,0,0,0,4
0x9fe375,100%,0,134,134,0,0,0,134
0x81d40c,100%,0,182,182,0,0,0,182
0xa420bb,100%,0,11,11,11,0,0,0
0x5f5baa,100%,0,2,2,0,0,0,2
0x4ace68,100%,0,62,62,0,0,0,62
0x80624a,100%,0,2,2,0,0,0,2
0xa35c96,100%,0,1215,1215,0,0,0,1215
0xa9c646,100%,0,46,46,46,0,0,0
0xa4c8eb,100%,0,4,4,0,0,0,4
0x60bb2b,100%,0,17,17,17,0,0,0
0x50e34f,100%,0,18,18,0,0,0,18
0xa35dbf,100%,0,448,448,0,0,0,448
0x98d022,100%,0,12,12,0,0,0,12
0x9a7a90,100%,0,35,35,0,0,0,35
0x8e39a7,100%,0,32,32,0,0,0,32
0x556147,100%,0,861,861,0,0,0,861
0xa53504,100%,0,2,2,0,0,0,2
0x8f120f,100%,0,40,40,0,0,0,40
0x7d23a8,100%,0,1,1,0,0,0,1
0x446556,100%,0,587,587,0,0,0,587
0x4c4dbf,100%,0,11,11,11,0,0,0
0x5b26c9,100%,0,1,1,1,0,0,0
0x7b8bae,100%,0,1,1,0,0,0,1
0xa6c6a6,100%,0,43,43,0,0,0,43
0xa350ae,100%,0,148,148,148,0,0,0
0xa3022a,100%,0,195,195,0,0,0,195
0x5b5b10,100%,0,2,2,0,0,0,2
0xa92cb7,100%,0,8,8,8,0,0,0
0x69e68e,100%,0,1,1,1,0,0,0
0x5b49dc,100%,0,2,2,0,0,0,2
0x59fdf8,100%,0,2,2,2,0,0,0
0x9be9bb,100%,0,2,2,2,0,0,0
0x918cd3,100%,0,200,200,200,0,0,0
0x5a64b1,100%,0,2,2,2,0,0,0
0xa2fa04,100%,0,4,4,4,0,0,0
0x5a6497,100%,0,2,2,0,0,0,2
0x7d416a,100%,0,12,12,0,0,0,12
0xb30706,100%,0,5,5,0,0,0,5
0x5a6477,100%,0,2,2,0,0,0,2
0x7879af,100%,0,2,2,0,0,0,2
0x40576c,100%,0,122,122,122,0,0,0
0xae701a,100%,0,2,2,0,0,0,2
0x49322b,100%,0,39,39,39,0,0,0
0xa34e98,100%,0,148,148,0,0,0,148
0x59f2ed,100%,0,2,2,2,0,0,0
0x59f1ca,100%,0,2,2,1,0,0,1
0x820d67,100%,0,33,33,0,0,0,33
0xa34e81,100%,0,148,148,0,0,0,148
0x58d41d,100%,0,12,12,0,0,0,12
0x5cd32c,100%,0,3,3,3,0,0,0
0x8a6988,100%,0,1,1,0,0,0,1
0x95c4e6,100%,0,12,12,0,0,0,12
0x8be81a,100%,0,23,23,0,0,0,23
0x609db6,100%,0,194,194,0,0,0,194
0x495366,100%,0,1,1,0,0,0,1
0x78d234,100%,0,2,2,0,0,0,2
0x7e81a8,100%,0,2,2,2,0,0,0
0x94b757,100%,0,32,32,0,0,0,32
0xa4ed26,100%,0,160,160,160,0,0,0
0x94cc74,100%,0,32,32,0,0,0,32
0x5f3e42,100%,0,1,1,0,0,0,1
0x5ff492,100%,0,10,10,0,0,0,10
0x593564,100%,0,2,2,0,0,0,2
0xa35896,100%,0,1233,1233,0,0,0,1233
0x610a5b,100%,0,13,13,0,0,0,13
0x7817f8,100%,0,4,4,4,0,0,0
0x48f413,100%,0,3,3,0,0,0,3
0x492852,100%,0,1,1,0,0,0,1
0x64b9c0,100%,0,1397,1397,0,0,0,1397
0x8e3e97,100%,0,4,4,4,0,0,0
0x540c3c,100%,0,293,293,0,0,0,293
0xaabdfb,100%,0,11,11,0,0,0,11
0x9f5668,100%,0,80,80,80,0,0,0
0xa32b60,100%,0,7,7,0,0,0,7
0x49531e,100%,0,1,1,1,0,0,0
0x9bdd73,100%,0,55,55,55,0,0,0
0x4952fa,100%,0,1,1,0,0,0,1
0x8ffb3e,100%,0,115,115,0,0,0,115
0xa5a0cd,100%,0,4,4,0,0,0,4
0xa2f029,100%,0,84,84,0,0,0,84
0x7d2b28,100%,0,13,13,0,0,0,13
0xa32a97,100%,0,11,11,0,0,0,11
0x495297,100%,0,1,1,0,0,0,1
0x40f6d9,100%,0,268,268,268,0,0,0
0x4b3869,100%,0,20,20,0,0,0,20
0x4a657d,100%,0,145,145,145,0,0,0
0x482a27,100%,0,9,9,0,0,0,9
0x972fce,100%,0,73,73,0,0,0,73
0xa34c0c,100%,0,60,60,0,0,0,60
0xa34c04,100%,0,60,60,0,0,0,60
0xa31b55,100%,0,213,213,0,0,0,213
0xa5066b,100%,0,1,1,0,0,0,1
0xa25ae9,100%,0,1013,1013,0,0,0,1013
0x58c099,100%,0,70,70,0,0,0,70
0x65bda9,100%,0,12,12,12,0,0,0
0xa64c18,100%,0,6,6,0,0,0,6
0x618aad,100%,0,70,70,0,0,0,70
0x480c45,100%,0,9,9,0,0,0,9
0x808496,100%,0,4,4,0,0,0,4
0x50a6fb,100%,0,70,70,0,0,0,70
0x8dd929,100%,0,44,44,44,0,0,0
0x9f455e,100%,0,80,80,80,0,0,0
0x99b003,100%,0,40,40,0,0,0,40
0x4a65b6,100%,0,3,3,0,0,0,3
0x5efc78,100%,0,1,1,0,0,0,1
0x8119fd,100%,0,2,2,0,0,0,2
0x5ae49f,100%,0,9,9,0,0,0,9
0x5ae466,100%,0,9,9,0,0,0,9
0x8ed304,100%,0,6,6,0,0,0,6
0x5f138c,100%,0,16,16,0,0,0,16
0x8a6996,100%,0,12,12,12,0,0,0
0x5f12eb,100%,0,9,9,0,0,0,9
0x9ee40d,100%,0,22,22,22,0,0,0
0xaa4cf9,100%,0,3,3,0,0,0,3
0xa58c1d,100%,0,29,29,29,0,0,0
0x5a5e0f,100%,0,2,2,0,0,0,2
0x59edd4,100%,0,4,4,0,0,0,4
0x8c748a,100%,0,943,943,943,0,0,0
0x8170b0,100%,0,2,2,2,0,0,0
0x59ea10,100%,0,2,2,2,0,0,0
0x8f1434,100%,0,451,451,0,0,0,451
0x8fcc99,100%,0,348,348,348,0,0,0
0x59f023,100%,0,4,4,0,0,0,4
0x7d400e,100%,0,3,3,0,0,0,3
0xa3666d,100%,0,294,294,0,0,0,294
0x59f015,100%,0,2,2,0,0,0,2
0x6823d4,100%,0,34,34,34,0,0,0
0x59f005,100%,0,2,2,0,0,0,2
0xa2dc1a,100%,0,194,194,0,0,0,194
0xa3629b,100%,0,297,297,0,0,0,297
0x6753bd,100%,0,3,3,0,0,0,3
0xa30cfa,100%,0,19,19,0,0,0,19
0x50f09e,100%,0,12,12,12,0,0,0
0x9f3f58,100%,0,165,165,165,0,0,0
0x5eed78,100%,0,2,2,0,0,0,2
0x65a065,100%,0,253,253,0,0,0,253
0x67540f,100%,0,3,3,3,0,0,0
0xace075,100%,0,2,2,2,0,0,0
0xaabd18,100%,0,4,4,0,0,0,4
0x8f38be,100%,0,116,116,0,0,0,116
0x90a768,100%,0,74,74,0,0,0,74
0x9f50fa,100%,0,52,52,52,0,0,0
0x9f592c,100%,0,25,25,0,0,0,25
0x65a123,100%,0,1463,1463,0,0,0,1463
0x59e62e,100%,0,4,4,0,0,0,4
0x97a028,100%,0,51,51,0,0,0,51
0x67538e,100%,0,1,1,1,0,0,0
0x7aeacc,100%,0,21,21,0,0,0,21
0x5916ee,100%,0,3,3,0,0,0,3
0x4bb923,100%,0,56,56,56,0,0,0
0x9be996,100%,0,14,14,14,0,0,0
0xa337ca,100%,0,25,25,0,0,0,25
0x78abee,100%,0,3,3,3,0,0,0
0x492e6f,100%,0,1,1,0,0,0,1
0x492e2a,100%,0,1,1,0,0,0,1
0xa97547,100%,0,149,149,0,0,0,149
0xa3692a,100%,0,432,432,0,0,0,432
0x54d925,100%,0,16,16,16,0,0,0
0xa36912,100%,0,432,432,0,0,0,432
0x5b0039,100%,0,4,4,4,0,0,0
0x4bbce6,100%,0,825,825,0,0,0,825
0x5a61a7,100%,0,4,4,0,0,0,4
0xa368c2,100%,0,435,435,0,0,0,435
0x8f12a9,100%,0,40,40,0,0,0,40
0x5a608a,100%,0,4,4,0,0,0,4
0x911752,100%,0,56,56,0,0,0,56
0xa07384,100%,0,9,9,9,0,0,0
0x8dc385,100%,0,4,4,0,0,0,4
0x60700b,100%,0,293,293,0,0,0,293
0xa077c3,100%,0,2,2,2,0,0,0
0xa36465,100%,0,130,130,130,0,0,0
0x7e8180,100%,0,2,2,0,0,0,2
0x81a319,100%,0,827,827,0,0,0,827
0x4094c1,100%,0,2,2,0,0,0,2
0x5a899c,100%,0,2,2,2,0,0,0
0x59fb2c,100%,0,1,1,1,0,0,0
0x9ff5be,100%,0,40,40,0,0,0,40
0x486e6a,100%,0,2,2,2,0,0,0
0xa3038e,100%,0,85,85,0,0,0,85
0xa30384,100%,0,85,85,0,0,0,85
0x51060f,100%,0,16,16,0,0,0,16
0x9f40dd,100%,0,3,3,0,0,0,3
0x81857a,100%,0,34,34,34,0,0,0
0x959245,100%,0,128,128,0,0,0,128
0xa3035e,100%,0,170,170,0,0,0,170
0xa30341,100%,0,170,170,0,0,0,170
0x5111f8,100%,0,734,734,734,0,0,0
0x88de9a,100%,0,2,2,2,0,0,0
0x5a89a9,100%,0,2,2,0,0,0,2
0x7c7236,100%,0,9,9,0,0,0,9
0xa30b33,100%,0,1688,1688,0,0,0,1688
0x5a8989,100%,0,2,2,0,0,0,2
0x5d1555,100%,0,3,3,3,0,0,0
0x5faeaa,100%,0,33,33,0,0,0,33
0x5a8877,100%,0,2,2,0,0,0,2
0x4b67a5,100%,0,11,11,0,0,0,11
0x8165c7,100%,0,39,39,0,0,0,39
0x8a5e17,100%,0,314,314,0,0,0,314
0x9f5944,100%,0,2,2,0,0,0,2
0x5a883d,100%,0,2,2,0,0,0,2
0x5a8808,100%,0,2,2,2,0,0,0
0x5a87db,100%,0,2,2,2,0,0,0
0x675581,100%,0,1,1,0,0,0,1
0x8fda7e,100%,0,17,17,0,0,0,17
0x7808d0,100%,0,2,2,0,0,0,2
0x590597,100%,0,2,2,0,0,0,2
0xa42ea6,100%,0,4,4,0,0,0,4
0x675406,100%,0,1,1,0,0,0,1
0x4a62ea,100%,0,8,8,0,0,0,8
0x8da539,100%,0,1142,1142,0,0,0,1142
0x5f26fd,100%,0,2,2,2,0,0,0
0xb467ba,100%,0,1,1,1,0,0,0
0x606a5a,100%,0,225,225,0,0,0,225
0x9510c4,100%,0,1,1,0,0,0,1
0x9510c0,100%,0,1,1,0,0,0,1
0x80c344,100%,0,1,1,1,0,0,0
0x90f23b,100%,0,200,200,200,0,0,0
0x8435a6,100%,0,4,4,4,0,0,0
0x40bbfc,100%,0,104,104,0,0,0,104
0x9e2c60,100%,0,23,23,0,0,0,23
0xa069e5,100%,0,2,2,2,0,0,0
0xa3595f,100%,0,175,175,0,0,0,175
0x8fd6d5,100%,0,10,10,0,0,0,10
0x8e170b,100%,0,32,32,0,0,0,32
0x9e2f3d,100%,0,263,263,0,0,0,263
0x901310,100%,0,50,50,0,0,0,50
0x47f95a,100%,0,1,1,1,0,0,0
0x8bc845,100%,0,32,32,32,0,0,0
0xa30c4b,100%,0,157,157,0,0,0,157
0x900761,100%,0,1,1,0,0,0,1
0x8f5044,100%,0,12,12,0,0,0,12
0x4bbb51,100%,0,204,204,204,0,0,0
0x592535,100%,0,4618,4618,0,0,0,4618
0x54464f,100%,0,2,2,2,0,0,0
0xa05705,100%,0,4,4,0,0,0,4
0x806ecb,100%,0,110,110,0,0,0,110
0x64c82d,100%,0,4,4,4,0,0,0
0xa64c57,100%,0,2,2,0,0,0,2
0xa64c31,100%,0,2,2,0,0,0,2
0xa64be7,100%,0,6,6,0,0,0,6
0xa63ce2,100%,0,2,2,0,0,0,2
0x80bb16,100%,0,5,5,0,0,0,5
0x80babd,100%,0,44,44,0,0,0,44
0xa63cbe,100%,0,4,4,0,0,0,4
0x77d380,100%,0,6,6,0,0,0,6
0xb3abd8,100%,0,1,1,1,0,0,0
0x4a9a71,100%,0,2,2,0,0,0,2
0xa63be8,100%,0,123,123,123,0,0,0
0x805dde,100%,0,4,4,0,0,0,4
0x809b50,100%,0,75,75,75,0,0,0
0x80bc88,100%,0,75,75,75,0,0,0
0x81c081,100%,0,85,85,0,0,0,85
0x809b28,100%,0,75,75,0,0,0,75
0x809ac0,100%,0,2,2,0,0,0,2
0xa238b3,100%,0,62,62,0,0,0,62
0xa37cb4,100%,0,5,5,0,0,0,5
0x809a65,100%,0,3,3,0,0,0,3
0x805de7,100%,0,4,4,0,0,0,4
0xaadb75,100%,0,54,54,0,0,0,54
0x809e07,100%,0,561,561,0,0,0,561
0xa29f47,100%,0,16,16,16,0,0,0
0x809a48,100%,0,3,3,0,0,0,3
0x548aae,100%,0,4,4,4,0,0,0
0xaadbae,100%,0,325,325,0,0,0,325
0xb3abae,100%,0,1,1,0,0,0,1
0x9d04cd,100%,0,298,298,0,0,0,298
0x80d7a5,100%,0,4,4,0,0,0,4
0x80d73f,100%,0,4,4,0,0,0,4
0x80d6a0,100%,0,2,2,0,0,0,2
0x819bc3,100%,0,282,282,0,0,0,282
0x99f64b,100%,0,102,102,0,0,0,102
0x80a434,100%,0,5,5,5,0,0,0
0x80d600,100%,0,2,2,0,0,0,2
0xa92632,100%,0,189,189,0,0,0,189
0x9a97d4,100%,0,20,20,20,0,0,0
0x5db599,100%,0,4,4,0,0,0,4
0x499387,100%,0,16,16,16,0,0,0
0x8ed0e5,100%,0,9,9,0,0,0,9
0x492bb3,100%,0,2,2,2,0,0,0
0x8d2868,100%,0,17,17,0,0,0,17
0x813804,100%,0,2,2,0,0,0,2
0xa7223f,100%,0,7,7,0,0,0,7
0x81fcac,100%,0,98,98,0,0,0,98
0x4b5eca,100%,0,4,4,0,0,0,4
0x80be67,100%,0,5,5,0,0,0,5
0xa0562c,100%,0,1,1,0,0,0,1
0x80bdca,100%,0,5,5,0,0,0,5
0x80c046,100%,0,53,53,0,0,0,53
0x9e6e7b,100%,0,8,8,0,0,0,8
0xacfaeb,100%,0,21,21,21,0,0,0
0xa64f57,100%,0,4,4,0,0,0,4
0x788dbb,100%,0,9,9,9,0,0,0
0x44158e,100%,0,11,11,0,0,0,11
0x60c37c,100%,0,5,5,5,0,0,0
0xa64d68,100%,0,4,4,0,0,0,4
0x9ff74d,100%,0,2,2,0,0,0,2
0x40af6c,100%,0,2,2,2,0,0,0
0x8434f0,100%,0,1,1,0,0,0,1
0x8ec9e1,100%,0,4,4,0,0,0,4
0x5a05d0,100%,0,2,2,0,0,0,2
0x803987,100%,0,2,2,2,0,0,0
0x9e2a6f,100%,0,74,74,0,0,0,74
0x8038fe,100%,0,2,2,2,0,0,0
0xaadc61,100%,0,325,325,325,0,0,0
0x6664b2,100%,0,30,30,0,0,0,30
0x9e2a7d,100%,0,74,74,0,0,0,74
0xa286dc,100%,0,21,21,21,0,0,0
0x80a210,100%,0,4,4,0,0,0,4
0x9ff778,100%,0,2,2,0,0,0,2
0x9ff75a,100%,0,2,2,0,0,0,2
0xa31b78,100%,0,25,25,25,0,0,0
0xa466ee,100%,0,16,16,16,0,0,0
0x506a6e,100%,0,53,53,0,0,0,53
0x77b9fd,100%,0,2,2,0,0,0,2
0x9ff723,100%,0,2,2,2,0,0,0
0x9ff71a,100%,0,2,2,0,0,0,2
0x8036a4,100%,0,2,2,2,0,0,0
0x804c9a,100%,0,2,2,2,0,0,0
0x9ff6ba,100%,0,5,5,0,0,0,5
0x804c67,100%,0,17,17,0,0,0,17
0x9ff65c,100%,0,5,5,0,0,0,5
0x80536f,100%,0,2,2,0,0,0,2
0x8eca90,100%,0,11,11,0,0,0,11
0x507415,100%,0,50,50,0,0,0,50
0xaa8fb4,100%,0,23,23,0,0,0,23
0xb3aba7,100%,0,1,1,0,0,0,1
0xa29cd2,100%,0,16,16,16,0,0,0
0xa29762,100%,0,4,4,0,0,0,4
0x804757,100%,0,2,2,0,0,0,2
0xa29751,100%,0,4,4,0,0,0,4
0x5a93d7,100%,0,33,33,33,0,0,0
0x809862,100%,0,5,5,0,0,0,5
0x80976d,100%,0,5,5,5,0,0,0
0xa29520,100%,0,16,16,16,0,0,0
0xa60c6a,100%,0,237,237,0,0,0,237
0x61a6bc,100%,0,5,5,0,0,0,5
0x80974d,100%,0,15,15,0,0,0,15
0x66f6dc,100%,0,19,19,0,0,0,19
0x9a3f5a,100%,0,28,28,0,0,0,28
0x97384f,100%,0,40,40,0,0,0,40
0x80f0a8,100%,0,788,788,0,0,0,788
0x8096d2,100%,0,2,2,0,0,0,2
0x6964ea,100%,0,1056,1056,0,0,0,1056
0x48d24a,100%,0,6,6,0,0,0,6
0x4904cc,100%,0,3,3,0,0,0,3
0x9f5b86,100%,0,8,8,0,0,0,8
0x80966e,100%,0,2,2,0,0,0,2
0x402b23,100%,0,928,928,0,0,0,928
0xa29046,100%,0,16,16,16,0,0,0
0x811898,100%,0,2,2,0,0,0,2
0x99f222,100%,0,20,20,20,0,0,0
0x556bcc,100%,0,247,247,247,0,0,0
0x804d56,100%,0,2,2,0,0,0,2
0xa28a46,100%,0,16,16,0,0,0,16
0x8039cc,100%,0,2,2,0,0,0,2
0x503357,100%,0,41,41,0,0,0,41
0x80d971,100%,0,106,106,0,0,0,106
0x5c4ff8,100%,0,31,31,0,0,0,31
0x80d912,100%,0,106,106,0,0,0,106
0x80dda7,100%,0,114,114,114,0,0,0
0x99cf6d,100%,0,9,9,0,0,0,9
0xb4988c,100%,0,5,5,0,0,0,5
0x80a51e,100%,0,561,561,0,0,0,561
0x99cf58,100%,0,9,9,0,0,0,9
0x99cf0b,100%,0,9,9,0,0,0,9
0x9c3e7e,100%,0,54,54,0,0,0,54
0x44198e,100%,0,11,11,0,0,0,11
0x48e947,100%,0,2,2,2,0,0,0
0x8059c3,100%,0,224,224,0,0,0,224
0x5f40b8,100%,0,6,6,6,0,0,0
0x99d3a3,100%,0,9,9,9,0,0,0
0xa042da,100%,0,2,2,0,0,0,2
0x5ec2b2,100%,0,54,54,0,0,0,54
0x6108b2,100%,0,13,13,0,0,0,13
0x4ca06d,100%,0,8,8,0,0,0,8
0x8099e2,100%,0,7,7,7,0,0,0
0x908980,100%,0,961,961,961,0,0,0
0x80d8d9,100%,0,220,220,0,0,0,220
0x69dd43,100%,0,12,12,12,0,0,0
0xb34473,100%,0,128,128,0,0,0,128
0x8434a1,100%,0,1,1,0,0,0,1
0xa02ade,100%,0,12,12,0,0,0,12
0xa26c33,100%,0,10,10,0,0,0,10
0x7c7ad9,100%,0,24,24,0,0,0,24
0xa9ce5a,100%,0,144,144,0,0,0,144
0x5bc0cc,100%,0,2,2,0,0,0,2
0x40b06f,100%,0,2,2,0,0,0,2
0x96e7b5,100%,0,1,1,0,0,0,1
0x80ab08,100%,0,2,2,0,0,0,2
0xa53061,100%,0,8,8,0,0,0,8
0x96e840,100%,0,1,1,1,0,0,0
0x8108c4,100%,0,75,75,75,0,0,0
0xa3fdb8,100%,0,18,18,0,0,0,18
0x9698e5,100%,0,72,72,0,0,0,72
0xa723e6,100%,0,4,4,0,0,0,4
0x96e779,100%,0,1,1,0,0,0,1
0x6114f1,100%,0,31,31,0,0,0,31
0x972795,100%,0,264,264,0,0,0,264
0x8a6cab,100%,0,2,2,2,0,0,0
0x544a5b,100%,0,9,9,9,0,0,0
0xa04132,100%,0,2,2,2,0,0,0
0x590739,100%,0,3,3,0,0,0,3
0xa335ee,100%,0,1428,1428,1428,0,0,0
0x49cdec,100%,0,35,35,0,0,0,35
0x48fe1b,100%,0,10,10,0,0,0,10
0x67ac0e,100%,0,6,6,6,0,0,0
0x8ef5d3,100%,0,135,135,0,0,0,135
0x5bc06a,100%,0,2,2,0,0,0,2
0xa5ce56,100%,0,165,165,165,0,0,0
0xb498ad,100%,0,10,10,0,0,0,10
0x49cd89,100%,0,5,5,0,0,0,5
0x4c76cb,100%,0,4,4,0,0,0,4
0xa3b239,100%,0,228,228,0,0,0,228
0x59259b,100%,0,3,3,0,0,0,3
0x80d981,100%,0,106,106,0,0,0,106
0x4a0318,100%,0,28,28,0,0,0,28
0x973b8b,100%,0,10,10,0,0,0,10
0x81063e,100%,0,164,164,0,0,0,164
0x4fdb8c,100%,0,319,319,0,0,0,319
0x679798,100%,0,6,6,6,0,0,0
0x80ebdf,100%,0,368,368,0,0,0,368
0x405063,100%,0,21,21,0,0,0,21
0x8e11b8,100%,0,37,37,37,0,0,0
0x64cd4d,100%,0,25,25,25,0,0,0
0x805af3,100%,0,84,84,0,0,0,84
0x810760,100%,0,742,742,742,0,0,0
0x80e64c,100%,0,83,83,0,0,0,83
0xa3641d,100%,0,7,7,0,0,0,7
0x4c5d27,100%,0,21,21,0,0,0,21
0xaa2fea,100%,0,102,102,0,0,0,102
0x4a03c4,100%,0,16,16,16,0,0,0
0xa90fd2,100%,0,195,195,0,0,0,195
0xaa3065,100%,0,102,102,0,0,0,102
0x49a099,100%,0,16,16,0,0,0,16
0x904227,100%,0,20,20,0,0,0,20
0xa477a8,100%,0,19,19,19,0,0,0
0x5511ea,100%,0,17,17,0,0,0,17
0xa06831,100%,0,2,2,0,0,0,2
0x550e5d,100%,0,34,34,0,0,0,34
0x59f99c,100%,0,4,4,0,0,0,4
0x48d24f,100%,0,6,6,6,0,0,0
0x4992ac,100%,0,17,17,0,0,0,17
0x499226,100%,0,17,17,17,0,0,0
0x9ecedf,100%,0,43,43,0,0,0,43
0x499fff,100%,0,16,16,16,0,0,0
0xa7befc,100%,0,5,5,5,0,0,0
0x78d265,100%,0,2,2,0,0,0,2
0x80985b,100%,0,5,5,0,0,0,5
0x8aebce,100%,0,346,346,0,0,0,346
0x78d24c,100%,0,2,2,0,0,0,2
0x98cdec,100%,0,12,12,0,0,0,12
0x4b9ae5,100%,0,7,7,0,0,0,7
0x8ba05f,100%,0,1,1,1,0,0,0
0x78d16c,100%,0,2,2,0,0,0,2
0x4aaf0f,100%,0,11,11,0,0,0,11
0x59e972,100%,0,8,8,8,0,0,0
0x8a91fe,100%,0,9,9,9,0,0,0
0x80f427,100%,0,4,4,0,0,0,4
0x8dc33d,100%,0,4,4,0,0,0,4
0x5f3eff,100%,0,4,4,4,0,0,0
0x590aa6,100%,0,20,20,20,0,0,0
0x973e33,100%,0,12,12,0,0,0,12
0x80f217,100%,0,4,4,4,0,0,0
0x49a154,100%,0,32,32,0,0,0,32
0x4c475a,100%,0,2,2,0,0,0,2
0x9a659e,100%,0,4,4,0,0,0,4
0xa0678a,100%,0,2,2,0,0,0,2
0xa02a05,100%,0,12,12,0,0,0,12
0xa99f77,100%,0,10,10,0,0,0,10
0x959611,100%,0,4,4,4,0,0,0
0x80f771,100%,0,74,74,0,0,0,74
0x80f47a,100%,0,176,176,0,0,0,176
0x5bc9aa,100%,0,4,4,4,0,0,0
0x4419cb,100%,0,11,11,0,0,0,11
0x80e856,100%,0,24,24,0,0,0,24
0x4c4c7b,100%,0,15,15,0,0,0,15
0x8ee5ed,100%,0,42,42,0,0,0,42
0x8ad6a0,100%,0,2,2,0,0,0,2
0x8118a6,100%,0,2,2,0,0,0,2
0x8d3d53,100%,0,31,31,0,0,0,31
0x9fb5e3,100%,0,306,306,0,0,0,306
0x48d988,100%,0,884,884,0,0,0,884
0x667395,100%,0,40,40,0,0,0,40
0x4bac6d,100%,0,579,579,0,0,0,579
0x9f5b31,100%,0,12,12,0,0,0,12
0x977df7,100%,0,133,133,0,0,0,133
0xa1a02f,100%,0,13,13,0,0,0,13
0x9a3ad2,100%,0,13,13,0,0,0,13
0x5f4f8c,100%,0,1,1,1,0,0,0
0xa2f92f,100%,0,83,83,0,0,0,83
0x8d4110,100%,0,11,11,0,0,0,11
0x70c1cf,100%,0,6,6,0,0,0,6
0x9c5013,100%,0,4,4,0,0,0,4
0x9e29d3,100%,0,173,173,0,0,0,173
0x8d3f9e,100%,0,13,13,0,0,0,13
0x5ef9f1,100%,0,1,1,0,0,0,1
0xa5c4fe,100%,0,56,56,0,0,0,56
0x806689,100%,0,4,4,0,0,0,4
0x8d3f55,100%,0,13,13,0,0,0,13
0x8d3f3d,100%,0,13,13,0,0,0,13
0x5b15e2,100%,0,10,10,0,0,0,10
0x90a87b,100%,0,74,74,0,0,0,74
0x8ea774,100%,0,4,4,4,0,0,0
0x8dc583,100%,0,4,4,4,0,0,0
0x8d3e4e,100%,0,15,15,0,0,0,15
0x8d3c09,100%,0,2,2,2,0,0,0
0x7c6899,100%,0,2,2,0,0,0,2
0x5f2b1a,100%,0,2,2,0,0,0,2
0x590a45,100%,0,2,2,2,0,0,0
0x942be2,100%,0,75,75,0,0,0,75
0x95b38f,100%,0,4,4,0,0,0,4
0x99aa30,100%,0,102,102,0,0,0,102
0x8114b1,100%,0,5,5,5,0,0,0
0x7c692d,100%,0,2,2,0,0,0,2
0x4c00c1,100%,0,2,2,0,0,0,2
0x7c6916,100%,0,2,2,0,0,0,2
0x7c68d3,100%,0,2,2,0,0,0,2
0x7c68bb,100%,0,2,2,0,0,0,2
0x4ac84f,100%,0,15,15,0,0,0,15
0xa058cb,100%,0,5,5,0,0,0,5
0x5040bd,100%,0,62,62,0,0,0,62
0x5b52ed,100%,0,2,2,0,0,0,2
0x4c00e6,100%,0,2,2,2,0,0,0
0xa5b05a,100%,0,15,15,15,0,0,0
0x9f0e28,100%,0,288,288,0,0,0,288
0x4a61ea,100%,0,3,3,0,0,0,3
0x4adc9c,100%,0,40,40,40,0,0,0
0x556df8,100%,0,8,8,0,0,0,8
0x5d68bc,100%,0,3,3,0,0,0,3
0x49c3f3,100%,0,2,2,0,0,0,2
0x99aa41,100%,0,102,102,0,0,0,102
0x8d48a2,100%,0,2,2,0,0,0,2
0x956440,100%,0,1,1,1,0,0,0
0x4997ec,100%,0,43,43,43,0,0,0
0x8d3dbf,100%,0,31,31,0,0,0,31
0x48010b,100%,0,19,19,0,0,0,19
0x9a39a2,100%,0,21,21,0,0,0,21
0x8ebed3,100%,0,8,8,0,0,0,8
0x4bc101,100%,0,15,15,0,0,0,15
0x820cd7,100%,0,11,11,11,0,0,0
0x7be056,100%,0,4,4,0,0,0,4
0x8a8971,100%,0,7,7,7,0,0,0
0x482155,100%,0,19,19,19,0,0,0
0xa39302,100%,0,14,14,0,0,0,14
0x4c280d,100%,0,1,1,0,0,0,1
0x4c2803,100%,0,1,1,0,0,0,1
0x4c7527,100%,0,2,2,0,0,0,2
0x4b6013,100%,0,1,1,1,0,0,0
0x9f05c2,100%,0,770,770,770,0,0,0
0x7d3df8,100%,0,3,3,0,0,0,3
0x5dda06,100%,0,1,1,0,0,0,1
0x5459d2,100%,0,8,8,8,0,0,0
0x95a9a2,100%,0,4,4,0,0,0,4
0xa723bf,100%,0,4,4,0,0,0,4
0x9190a3,100%,0,2,2,0,0,0,2
0x9f03c0,100%,0,383,383,0,0,0,383
0xa503b5,100%,0,4,4,4,0,0,0
0x9d0c1d,100%,0,51,51,51,0,0,0
0x556efd,100%,0,247,247,0,0,0,247
0x49b1a7,100%,0,2,2,0,0,0,2
0x5f5945,100%,0,2,2,0,0,0,2
0x9810c4,100%,0,63,63,0,0,0,63
0xa9942b,100%,0,3,3,0,0,0,3
0xa2f6af,100%,0,5,5,0,0,0,5
0x843728,100%,0,8,8,0,0,0,8
0x8eca65,100%,0,70,70,0,0,0,70
0x919f87,100%,0,961,961,0,0,0,961
0x4bb784,100%,0,86,86,0,0,0,86
0x9a34f0,100%,0,118,118,118,0,0,0
0x9f4f9b,100%,0,227,227,0,0,0,227
0x8ba2dd,100%,0,27,27,0,0,0,27
0x8b9a4a,100%,0,472,472,0,0,0,472
0x5f7630,100%,0,607,607,0,0,0,607
0x816752,100%,0,68,68,0,0,0,68
0x903315,100%,0,12,12,0,0,0,12
0x96ec1b,100%,0,1,1,0,0,0,1
0x8d3343,100%,0,3,3,0,0,0,3
0x9f09f6,100%,0,140,140,0,0,0,140
0x538dde,100%,0,129,129,129,0,0,0
0x915c66,100%,0,2,2,0,0,0,2
0x901038,100%,0,37,37,0,0,0,37
0x9f1738,100%,0,90,90,0,0,0,90
0x782814,100%,0,2,2,2,0,0,0
0x8ecc75,100%,0,13,13,0,0,0,13
0x7c20ae,100%,0,14,14,2,0,0,12
0x5fb71b,100%,0,55,55,0,0,0,55
0x8d2f03,100%,0,2,2,2,0,0,0
0x816456,100%,0,2,2,2,0,0,0
0x40a904,100%,0,89,89,0,0,0,89
0x66f3b9,100%,0,2,2,0,0,0,2
0xa355d7,100%,0,302,302,0,0,0,302
0x554c6c,100%,0,64,64,0,0,0,64
0x7a1148,100%,0,6,6,6,0,0,0
0x64b4e2,100%,0,3,3,3,0,0,0
0x9f08ee,100%,0,10,10,0,0,0,10
0x8e7e5b,100%,0,224,224,0,0,0,224
0x9177c6,100%,0,162,162,0,0,0,162
0x8068d4,100%,0,24,24,24,0,0,0
0x915a0d,100%,0,2,2,2,0,0,0
0x9f507b,100%,0,52,52,0,0,0,52
0x80689b,100%,0,17,17,0,0,0,17
0x80a3a5,100%,0,4,4,0,0,0,4
0x973bb9,100%,0,10,10,0,0,0,10
0x8ec547,100%,0,2,2,0,0,0,2
0x48bc13,100%,0,1,1,0,0,0,1
0x804492,100%,0,2,2,0,0,0,2
0x917905,100%,0,680,680,0,0,0,680
0x80666e,100%,0,4,4,0,0,0,4
0x97723d,100%,0,2,2,0,0,0,2
0x5fa908,100%,0,487,487,0,0,0,487
0x804200,100%,0,4,4,0,0,0,4
0x58dbcf,100%,0,1,1,0,0,0,1
0x9a65c1,100%,0,176,176,176,0,0,0
0xa05940,100%,0,21,21,0,0,0,21
0x80643e,100%,0,16,16,0,0,0,16
0xa28118,100%,0,3,3,0,0,0,3
0x803fae,100%,0,17,17,0,0,0,17
0xa282c6,100%,0,332,332,332,0,0,0
0x555d3c,100%,0,38,38,0,0,0,38
0x80441c,100%,0,6,6,0,0,0,6
0x9f4adb,100%,0,38,38,0,0,0,38
0x4b9c5f,100%,0,2,2,2,0,0,0
0x4047c7,100%,0,614,614,614,0,0,0
0x80431d,100%,0,6,6,0,0,0,6
0x811552,100%,0,2,2,0,0,0,2
0x49c1c5,100%,0,95,95,0,0,0,95
0x6809f8,100%,0,491,491,0,0,0,491
0x80a1c9,100%,0,4,4,0,0,0,4
0x8ee721,100%,0,371,371,0,0,0,371
0x53f372,100%,0,4,4,0,0,0,4
0x590575,100%,0,2,2,0,0,0,2
0x8bc0ac,100%,0,2,2,0,0,0,2
0x99a908,100%,0,61,61,61,0,0,0
0x8bc099,100%,0,2,2,0,0,0,2
0x63af4c,100%,0,821,821,0,0,0,821
0x9ff61a,100%,0,22,22,0,0,0,22
0x90a67f,100%,0,44,44,0,0,0,44
0x80a19b,100%,0,4,4,0,0,0,4
0x9ff5b4,100%,0,40,40,0,0,0,40
0x402dd8,100%,0,59,59,0,0,0,59
0x9ff58f,100%,0,40,40,0,0,0,40
0x8ebe62,100%,0,2,2,2,0,0,0
0x5f0f9a,100%,0,34,34,34,0,0,0
0x7f374b,100%,0,15,15,0,0,0,15
0x804798,100%,0,2,2,0,0,0,2
0x90f21d,100%,0,200,200,0,0,0,200
0x5a5edd,100%,0,4,4,0,0,0,4
0x556152,100%,0,861,861,0,0,0,861
0xa2862f,100%,0,1,1,1,0,0,0
0x8f67a3,100%,0,16,16,0,0,0,16
0x804618,100%,0,7,7,0,0,0,7
0x49c920,100%,0,18,18,0,0,0,18
0x666d77,100%,0,3,3,0,0,0,3
0x4c9e85,100%,0,4,4,0,0,0,4
0xa285c7,100%,0,30,30,0,0,0,30
0xa285a5,100%,0,30,30,0,0,0,30
0x9f2304,100%,0,10,10,0,0,0,10
0x8f34fe,100%,0,12,12,0,0,0,12
0x9f3909,100%,0,4,4,4,0,0,0
0x975148,100%,0,19,19,0,0,0,19
0x5f7d33,100%,0,119,119,0,0,0,119
0x803d27,100%,0,2,2,2,0,0,0
0x8ea167,100%,0,2474,2474,2474,0,0,0
0xa05af7,100%,0,29,29,29,0,0,0
0x815892,100%,0,9,9,0,0,0,9
0x96ad5c,100%,0,7,7,0,0,0,7
0x759489,100%,0,5,5,0,0,0,5
0xa501ff,100%,0,74,74,74,0,0,0
0x97344b,100%,0,7,7,0,0,0,7
0x9bea04,100%,0,12,12,0,0,0,12
0x8d207f,100%,0,902,902,0,0,0,902
0xaadb0b,100%,0,64,64,0,0,0,64
0x533cdc,100%,0,60,60,0,0,0,60
0x5f674e,100%,0,2,2,2,0,0,0
0x863252,100%,0,2,2,2,0,0,0
0x9f1da5,100%,0,78,78,78,0,0,0
0xa05c24,100%,0,29,29,0,0,0,29
0x86321f,100%,0,2,2,2,0,0,0
0x80b3ba,100%,0,5,5,0,0,0,5
0x8631a3,100%,0,2,2,2,0,0,0
0x952433,100%,0,2,2,0,0,0,2
0x952403,100%,0,264,264,0,0,0,264
0x9edfb9,100%,0,298,298,298,0,0,0
0x9523d2,100%,0,75,75,0,0,0,75
0x5b6e94,100%,0,8,8,0,0,0,8
0x96ea7d,100%,0,1,1,0,0,0,1
0x8040ee,100%,0,60,60,0,0,0,60
0x80639a,100%,0,24,24,0,0,0,24
0x806321,100%,0,6,6,0,0,0,6
0x7c8389,100%,0,4,4,0,0,0,4
0xa2aac2,100%,0,113,113,0,0,0,113
0x485d3b,100%,0,306,306,0,0,0,306
0x8043c7,100%,0,9,9,0,0,0,9
0x804375,100%,0,9,9,0,0,0,9
0x80417a,100%,0,60,60,0,0,0,60
0x495ee7,100%,0,55,55,0,0,0,55
0x80412a,100%,0,60,60,0,0,0,60
0xa2a9df,100%,0,113,113,0,0,0,113
0x77cc67,100%,0,16,16,0,0,0,16
0xa49650,100%,0,55,55,55,0,0,0
0xa2a8c7,100%,0,66,66,0,0,0,66
0x54fbd8,100%,0,1,1,0,0,0,1
0xb179a5,100%,0,1061,1061,0,0,0,1061
0xaadb02,100%,0,64,64,0,0,0,64
0x4bfffa,100%,0,24,24,0,0,0,24
0x96aec9,100%,0,38,38,38,0,0,0
0x681648,100%,0,1,1,1,0,0,0
0x803ddf,100%,0,75,75,0,0,0,75
0x96aea1,100%,0,46,46,46,0,0,0
0x8d20eb,100%,0,2,2,0,0,0,2
0x96ae62,100%,0,19,19,0,0,0,19
0x96ad9c,100%,0,21,21,21,0,0,0
0x8ddc41,100%,0,112,112,112,0,0,0
0x5b6b03,100%,0,5,5,5,0,0,0
0x4c00ab,100%,0,2,2,0,0,0,2
0x96ad7f,100%,0,7,7,0,0,0,7
0xa54a96,100%,0,8,8,0,0,0,8
0x65c0b4,100%,0,452,452,0,0,0,452
0x485f14,100%,0,17,17,0,0,0,17
0x9f6ae8,100%,0,36,36,0,0,0,36
0x9f6ad9,100%,0,36,36,0,0,0,36
0xa535c2,100%,0,8,8,0,0,0,8
0x4a64e6,100%,0,10,10,0,0,0,10
0x9f40ea,100%,0,3,3,0,0,0,3
0xa534ef,100%,0,2,2,2,0,0,0
0x9f6a9d,100%,0,36,36,0,0,0,36
0xa534db,100%,0,2,2,0,0,0,2
0x8c87c3,100%,0,442,442,442,0,0,0
0x4c7748,100%,0,8,8,0,0,0,8
0x80671e,100%,0,10,10,0,0,0,10
0x8f5f8b,100%,0,40,40,0,0,0,40
0xa4ece9,100%,0,22,22,22,0,0,0
0x9f6e0f,100%,0,14,14,14,0,0,0
0xb306c2,100%,0,5,5,5,0,0,0
0x4ba745,100%,0,31,31,0,0,0,31
0xa4f8e2,100%,0,14,14,0,0,0,14
0x675684,100%,0,1,1,1,0,0,0
0x4c52b4,100%,0,24,24,0,0,0,24
0x5bee3f,100%,0,2,2,2,0,0,0
0x4b9610,100%,0,13,13,13,0,0,0
0xa538f1,100%,0,7,7,0,0,0,7
0xa01704,100%,0,40,40,40,0,0,0
0x8ffdd5,100%,0,8,8,0,0,0,8
0xaa4a6e,100%,0,3,3,3,0,0,0
0x80a9bc,100%,0,3,3,3,0,0,0
0x81caa2,100%,0,172,172,0,0,0,172
0x9f41a6,100%,0,33,33,0,0,0,33
0xaab94b,100%,0,95,95,0,0,0,95
0x9f3b9c,100%,0,17,17,17,0,0,0
0x5488ec,100%,0,8,8,0,0,0,8
0x5beec7,100%,0,2,2,0,0,0,2
0xa0650b,100%,0,35,35,35,0,0,0
0x8fc4dd,100%,0,1,1,1,0,0,0
0x8c8732,100%,0,40,40,0,0,0,40
0xa5312c,100%,0,2,2,2,0,0,0
0x9f870f,100%,0,3,3,3,0,0,0
0xa53119,100%,0,2,2,0,0,0,2
0x69235c,100%,0,22,22,0,0,0,22
0xa53636,100%,0,6,6,0,0,0,6
0x9a0acc,100%,0,28,28,0,0,0,28
0x9f5be3,100%,0,12,12,0,0,0,12
0x9f5bdd,100%,0,12,12,0,0,0,12
0x9f40b6,100%,0,3,3,0,0,0,3
0xa53764,100%,0,8,8,0,0,0,8
0xa08f4d,100%,0,7,7,1,0,0,6
0x551060,100%,0,21,21,21,0,0,0
0x807684,100%,0,286,286,0,0,0,286
0x9a0ae4,100%,0,28,28,0,0,0,28
0x9f5b6c,100%,0,12,12,0,0,0,12
0xa53736,100%,0,8,8,0,0,0,8
0x5910d6,100%,0,1,1,1,0,0,0
0x9f5b38,100%,0,12,12,12,0,0,0
0xa536fd,100%,0,8,8,0,0,0,8
0xb304f8,100%,0,5,5,0,0,0,5
0x490386,100%,0,79,79,0,0,0,79
0xb30701,100%,0,5,5,0,0,0,5
0xa5364a,100%,0,8,8,0,0,0,8
0x8082d6,100%,0,27,27,0,0,0,27
0x811911,100%,0,24,24,24,0,0,0
0x8089a2,100%,0,21,21,0,0,0,21
0x9e7e6e,100%,0,4,4,0,0,0,4
0x4b53b6,100%,0,2,2,0,0,0,2
0xa26c5d,100%,0,10,10,0,0,0,10
0xa6b4c4,100%,0,4,4,0,0,0,4
0xa3d170,100%,0,8,8,0,0,0,8
0x9e3d30,100%,0,2,2,2,0,0,0
0x80ea8a,100%,0,526,526,0,0,0,526
0x9e3d15,100%,0,2,2,2,0,0,0
0x9e3d02,100%,0,2,2,0,0,0,2
0x6923da,100%,0,10,10,0,0,0,10
0xa957c4,100%,0,4,4,0,0,0,4
0x9e7b4a,100%,0,2,2,2,0,0,0
0xa01abf,100%,0,2,2,2,0,0,0
0x9f5917,100%,0,181,181,0,0,0,181
0x53b2ff,100%,0,2,2,0,0,0,2
0xa59550,100%,0,21,21,0,0,0,21
0x50c10c,100%,0,20,20,0,0,0,20
0x80a4b1,100%,0,5,5,5,0,0,0
0x50b95d,100%,0,40,40,40,0,0,0
0x9f6dd4,100%,0,160,160,0,0,0,160
0x5c7f90,100%,0,80,80,0,0,0,80
0x670d2d,100%,0,2,2,2,0,0,0
0x8e91a4,100%,0,2,2,0,0,0,2
0x9a97ce,100%,0,20,20,0,0,0,20
0x50c75a,100%,0,20,20,0,0,0,20
0x8ad8af,100%,0,2,2,2,0,0,0
0x495b56,100%,0,19,19,19,0,0,0
0x972cf7,100%,0,6,6,6,0,0,0
0x9f40a3,100%,0,3,3,0,0,0,3
0xa2f77a,100%,0,228,228,0,0,0,228
0x814c9e,100%,0,41,41,0,0,0,41
0xa4f7da,100%,0,16,16,16,0,0,0
0xa0653f,100%,0,31,31,0,0,0,31
0x4045af,100%,0,224,224,0,0,0,224
0x64c79c,100%,0,5,5,5,0,0,0
0xa4f7c6,100%,0,16,16,0,0,0,16
0x598ea8,100%,0,5,5,0,0,0,5
0x9aa3db,100%,0,15,15,0,0,0,15
0xa60cdc,100%,0,3,3,0,0,0,3
0x972d89,100%,0,6,6,0,0,0,6
0x972d83,100%,0,6,6,0,0,0,6
0x972d7a,100%,0,6,6,0,0,0,6
0x8bc091,100%,0,2,2,0,0,0,2
0x606f16,100%,0,10,10,0,0,0,10
0x9e8816,100%,0,3,3,3,0,0,0
0x9e880e,100%,0,3,3,0,0,0,3
0x9e8450,100%,0,3,3,0,0,0,3
0x9e8447,100%,0,3,3,0,0,0,3
0x4b8640,100%,0,11,11,0,0,0,11
0x8ad7ee,100%,0,2,2,2,0,0,0
0x9e84e9,100%,0,21,21,0,0,0,21
0x5cf34b,100%,0,4,4,4,0,0,0
0xaa81c3,100%,0,5,5,0,0,0,5
0x918e2a,100%,0,200,200,0,0,0,200
0x90be59,100%,0,119,119,0,0,0,119
0x9e7f1e,100%,0,4,4,0,0,0,4
0x9e7e99,100%,0,4,4,0,0,0,4
0xa55905,100%,0,2,2,0,0,0,2
0x40ee7f,100%,0,126,126,126,0,0,0
0x55118e,100%,0,21,21,0,0,0,21
0x6f45d2,100%,0,6,6,0,0,0,6
0xa2a93f,100%,0,1,1,0,0,0,1
0xa55a74,100%,0,2,2,2,0,0,0
0xa55a67,100%,0,2,2,0,0,0,2
0xa55a52,100%,0,2,2,0,0,0,2
0xa4a91b,100%,0,2,2,0,0,0,2
0x49ff83,100%,0,1457,1457,0,0,0,1457
0x9bc833,100%,0,172,172,0,0,0,172
0xa55969,100%,0,4,4,0,0,0,4
0x9f36ca,100%,0,4,4,0,0,0,4
0x5fe51c,100%,0,4,4,4,0,0,0
0x959259,100%,0,128,128,0,0,0,128
0x4c7ef4,100%,0,4,4,0,0,0,4
0x5afec6,100%,0,21,21,0,0,0,21
0x9a6568,100%,0,4,4,0,0,0,4
0x81d546,100%,0,60,60,60,0,0,0
0xa558e4,100%,0,2,2,0,0,0,2
0xa55890,100%,0,4,4,0,0,0,4
0x8eaed6,100%,0,72,72,0,0,0,72
0xa55b27,100%,0,6,6,0,0,0,6
0x502cf9,100%,0,190,190,0,0,0,190
0x4c2421,100%,0,9,9,9,0,0,0
0x8fcdc3,100%,0,44,44,0,0,0,44
0xa551de,100%,0,8,8,8,0,0,0
0xa55151,100%,0,8,8,0,0,0,8
0xa55115,100%,0,2,2,2,0,0,0
0xa58c09,100%,0,29,29,0,0,0,29
0x9f7aaa,100%,0,20,20,0,0,0,20
0x49d00f,100%,0,1,1,0,0,0,1
0x90226b,100%,0,12,12,0,0,0,12
0x502c09,100%,0,13,13,0,0,0,13
0x9f887c,100%,0,19,19,19,0,0,0
0x5bc583,100%,0,119,119,0,0,0,119
0x9f866a,100%,0,11,11,0,0,0,11
0xa46ef7,100%,0,18,18,0,0,0,18
0xa46e56,100%,0,18,18,18,0,0,0
0xa46e14,100%,0,18,18,0,0,0,18
0x8def97,100%,0,16,16,16,0,0,0
0xa41ee4,100%,0,31,31,0,0,0,31
0x9e10fb,100%,0,29,29,0,0,0,29
0x9f7c72,100%,0,13,13,0,0,0,13
0x9f7c62,100%,0,13,13,0,0,0,13
0x4b9d2f,100%,0,21,21,0,0,0,21
0x610cd9,100%,0,30,30,0,0,0,30
0x819402,100%,0,776,776,0,0,0,776
0x80abde,100%,0,2,2,0,0,0,2
0x90d45a,100%,0,302,302,0,0,0,302
0x811af9,100%,0,2,2,0,0,0,2
0xa4bbae,100%,0,14,14,14,0,0,0
0xa4bb63,100%,0,14,14,0,0,0,14
0xa4b682,100%,0,20,20,0,0,0,20
0x9f6d54,100%,0,218,218,0,0,0,218
0x911a82,100%,0,1847,1847,0,0,0,1847
0xa050ee,100%,0,1,1,0,0,0,1
0x7c680a,100%,0,2,2,0,0,0,2
0xa56794,100%,0,18,18,0,0,0,18
0xa0510e,100%,0,1,1,0,0,0,1
0xa54534,100%,0,2,2,0,0,0,2
0x9ecb41,100%,0,4,4,4,0,0,0
0x542f99,100%,0,8,8,0,0,0,8
0x5bef09,100%,0,2,2,0,0,0,2
0x817e19,100%,0,12,12,0,0,0,12
0x619dc0,100%,0,5,5,5,0,0,0
0x9439b8,100%,0,2,2,0,0,0,2
0x4c3cd5,100%,0,7,7,7,0,0,0
0x8f1a9a,100%,0,144,144,0,0,0,144
0x815e7b,100%,0,9,9,0,0,0,9
0xa545d7,100%,0,8,8,0,0,0,8
0xa58ff5,100%,0,41,41,0,0,0,41
0x9f5d16,100%,0,28,28,0,0,0,28
0x8f3061,100%,0,17,17,17,0,0,0
0x9f5c9f,100%,0,28,28,0,0,0,28
0x9ecb87,100%,0,4,4,0,0,0,4
0x9f448f,100%,0,22,22,0,0,0,22
0x6d1eea,100%,0,33,33,0,0,0,33
0xa533c0,100%,0,4,4,4,0,0,0
0x65bf44,100%,0,12,12,12,0,0,0
0x811634,100%,0,2,2,0,0,0,2
0x9f3cf4,100%,0,10,10,10,0,0,0
0xa0647f,100%,0,35,35,0,0,0,35
0xa53224,100%,0,2,2,0,0,0,2
0x65bf7c,100%,0,12,12,0,0,0,12
0x9f3c34,100%,0,17,17,0,0,0,17
0x8fcfb1,100%,0,71,71,0,0,0,71
0xaa12c8,100%,0,63,63,63,0,0,0
0xa41b0f,100%,0,267,267,0,0,0,267
0xa543f1,100%,0,107,107,0,0,0,107
0xa4ed87,100%,0,2,2,0,0,0,2
0x8a652d,100%,0,10,10,10,0,0,0
0x5a87ff,100%,0,2,2,0,0,0,2
0xa051db,100%,0,7,7,0,0,0,7
0x8a9813,100%,0,13052,13052,0,0,0,13052
0xa58b61,100%,0,29,29,0,0,0,29
0xa58cd3,100%,0,13,13,13,0,0,0
0xa58cbf,100%,0,13,13,0,0,0,13
0xa52e13,100%,0,9,9,0,0,0,9
0x6515a9,100%,0,74,74,74,0,0,0
0xa58ba6,100%,0,13,13,0,0,0,13
0xa58e27,100%,0,42,42,0,0,0,42
0xa4f82a,100%,0,2,2,0,0,0,2
0x48f8d0,100%,0,16,16,0,0,0,16
0x9f4a0c,100%,0,1,1,0,0,0,1
0x49c192,100%,0,95,95,0,0,0,95
0x9f4a43,100%,0,3,3,0,0,0,3
0xa97df8,100%,0,37,37,0,0,0,37
0x9f491a,100%,0,4,4,0,0,0,4
0x81692e,100%,0,59,59,0,0,0,59
0xa4ed81,100%,0,2,2,0,0,0,2
0x9f4848,100%,0,8,8,0,0,0,8
0x9f482c,100%,0,8,8,0,0,0,8
0xa263f0,100%,0,108,108,0,0,0,108
0x9f527d,100%,0,11,11,11,0,0,0
0xaa0171,100%,0,3,3,0,0,0,3
0xa5465b,100%,0,2,2,0,0,0,2
0x9f4df4,100%,0,9,9,0,0,0,9
0x9439c5,100%,0,2,2,2,0,0,0
0xa545ea,100%,0,6,6,6,0,0,0
0x5bc03b,100%,0,2,2,2,0,0,0
0xa3572e,100%,0,297,297,297,0,0,0
0x805303,100%,0,2,2,0,0,0,2
0x9750bb,100%,0,8,8,0,0,0,8
0x8ec321,100%,0,1,1,0,0,0,1
0x97506a,100%,0,5,5,5,0,0,0
0x9f7c26,100%,0,13,13,0,0,0,13
0x975023,100%,0,6,6,0,0,0,6
0x97500c,100%,0,6,6,0,0,0,6
0x8325a5,100%,0,1,1,1,0,0,0
0x4ca4bf,100%,0,10,10,0,0,0,10
0xa05321,100%,0,4,4,0,0,0,4
0x81aeda,100%,0,2,2,0,0,0,2
0xa041b1,100%,0,4,4,0,0,0,4
0xa96954,100%,0,149,149,149,0,0,0
0x4fdbe3,100%,0,60,60,60,0,0,0
0x9f0db6,100%,0,418,418,0,0,0,418
0x49214a,100%,0,1,1,0,0,0,1
0x8e21af,100%,0,4,4,0,0,0,4
0x51b1f3,100%,0,2,2,0,0,0,2
0x96ec41,100%,0,1,1,0,0,0,1
0x8decc1,100%,0,6,6,6,0,0,0
0x96ebc6,100%,0,1,1,0,0,0,1
0x8dec7f,100%,0,6,6,0,0,0,6
0x5b5f9d,100%,0,1,1,1,0,0,0
0x96e49f,100%,0,1,1,0,0,0,1
0x96e3a2,100%,0,1,1,0,0,0,1
0x8a63c2,100%,0,136,136,0,0,0,136
0x8dec0a,100%,0,6,6,6,0,0,0
0xa318e1,100%,0,134,134,0,0,0,134
0x4c83b3,100%,0,3,3,0,0,0,3
0x9e046d,100%,0,211,211,0,0,0,211
0x97b9ac,100%,0,83,83,83,0,0,0
0x59073e,100%,0,3,3,0,0,0,3
0x590719,100%,0,3,3,0,0,0,3
0x679c73,100%,0,1720,1720,1720,0,0,0
0x8f28d0,100%,0,44,44,44,0,0,0
0x813491,100%,0,2,2,0,0,0,2
0xb49ca7,100%,0,3,3,0,0,0,3
0x63bbd6,100%,0,3,3,0,0,0,3
0x63bb7f,100%,0,3,3,3,0,0,0
0x96e7d9,100%,0,1,1,0,0,0,1
0x68056f,100%,0,19,19,0,0,0,19
0x9f1cc4,100%,0,10,10,0,0,0,10
0x6388aa,100%,0,11,11,11,0,0,0
0x9fe4c3,100%,0,3,3,3,0,0,0
0x5fb43d,100%,0,2,2,0,0,0,2
0xa2f03c,100%,0,84,84,0,0,0,84
0x49bec7,100%,0,2,2,2,0,0,0
0x97b6f7,100%,0,2,2,0,0,0,2
0x9752ca,100%,0,3,3,3,0,0,0
0x68161c,100%,0,6,6,0,0,0,6
0x49be87,100%,0,2,2,0,0,0,2
0x59388d,100%,0,2,2,2,0,0,0
0x82103c,100%,0,86,86,0,0,0,86
0xa95d94,100%,0,16,16,0,0,0,16
0x592db3,100%,0,2,2,0,0,0,2
0x600258,100%,0,23,23,0,0,0,23
0x99dfac,100%,0,15,15,15,0,0,0
0x97531b,100%,0,6,6,0,0,0,6
0x49cfeb,100%,0,1,1,0,0,0,1
0xaad9c1,100%,0,120,120,120,0,0,0
0x5f0da3,100%,0,5,5,0,0,0,5
0x49d224,100%,0,1,1,1,0,0,0
0x81e28b,100%,0,1,1,0,0,0,1
0xace627,100%,0,2,2,2,0,0,0
0x49d204,100%,0,1,1,0,0,0,1
0x40e409,100%,0,4,4,4,0,0,0
0x49d137,100%,0,2,2,0,0,0,2
0x608502,100%,0,10,10,0,0,0,10
0x8055aa,100%,0,19,19,0,0,0,19
0x49d06f,100%,0,3,3,0,0,0,3
0xace5b9,100%,0,2,2,0,0,0,2
0x80568e,100%,0,2,2,2,0,0,0
0x54142c,100%,0,40,40,0,0,0,40
0x8deb71,100%,0,6,6,0,0,0,6
0x49cfc6,100%,0,1,1,1,0,0,0
0x5dd9d4,100%,0,1,1,0,0,0,1
0x49cf8e,100%,0,1,1,0,0,0,1
0xa91142,100%,0,4,4,4,0,0,0
0x8a34a3,100%,0,241,241,241,0,0,0
0x96e8c8,100%,0,1,1,1,0,0,0
0x8108f8,100%,0,264,264,0,0,0,264
0x54fe41,100%,0,1,1,0,0,0,1
0x8a77df,100%,0,521,521,0,0,0,521
0x9698f2,100%,0,72,72,0,0,0,72
0x54fdc3,100%,0,1,1,0,0,0,1
0x53b2f5,100%,0,2,2,0,0,0,2
0xa969e1,100%,0,16,16,0,0,0,16
0x54fca0,100%,0,1,1,0,0,0,1
0x96eac3,100%,0,1,1,0,0,0,1
0x8dffd0,100%,0,6,6,0,0,0,6
0x96eb9b,100%,0,2,2,0,0,0,2
0x511b65,100%,0,384,384,0,0,0,384
0x96e38b,100%,0,2,2,0,0,0,2
0x5ae45e,100%,0,9,9,0,0,0,9
0xa0783e,100%,0,5,5,0,0,0,5
0x5f600d,100%,0,2,2,0,0,0,2
0xaa5d16,100%,0,1,1,0,0,0,1
0x96eb50,100%,0,1,1,0,0,0,1
0x812728,100%,0,52,52,0,0,0,52
0xa3188f,100%,0,216,216,0,0,0,216
0x8a7773,100%,0,87,87,0,0,0,87
0x5101ba,100%,0,426,426,0,0,0,426
0xa42724,100%,0,225,225,0,0,0,225
0x97b9cd,100%,0,114,114,0,0,0,114
0x81f458,100%,0,4,4,0,0,0,4
0x8ed32d,100%,0,9,9,9,0,0,0
0x49e630,100%,0,42,42,42,0,0,0
0x991286,100%,0,13,13,0,0,0,13
0xa062b7,100%,0,2,2,0,0,0,2
0x96ea0b,100%,0,1,1,0,0,0,1
0x6704e0,100%,0,2,2,0,0,0,2
0x7f0aba,100%,0,1,1,0,0,0,1
0x487a00,100%,0,2,2,0,0,0,2
0x8dc4e5,100%,0,4,4,0,0,0,4
0x4879ce,100%,0,4,4,4,0,0,0
0x8d4391,100%,0,1,1,1,0,0,0
0x5e78a0,100%,0,73,73,0,0,0,73
0x539123,100%,0,132,132,0,0,0,132
0x9f6d1c,100%,0,218,218,218,0,0,0
0xa9f3a7,100%,0,3,3,0,0,0,3
0x405b8c,100%,0,427,427,0,0,0,427
0x485823,100%,0,12,12,0,0,0,12
0x5bebca,100%,0,2,2,2,0,0,0
0x9f4faa,100%,0,227,227,0,0,0,227
0x969805,100%,0,72,72,0,0,0,72
0x60baa2,100%,0,5,5,5,0,0,0
0x9e5960,100%,0,3,3,3,0,0,0
0x9e6178,100%,0,12,12,0,0,0,12
0x5beb9f,100%,0,2,2,2,0,0,0
0x9e52ca,100%,0,12,12,0,0,0,12
0x5501b7,100%,0,136,136,0,0,0,136
0x9f4c38,100%,0,307,307,0,0,0,307
0x50efcc,100%,0,2,2,0,0,0,2
0x5d1139,100%,0,3,3,3,0,0,0
0x9e5149,100%,0,18,18,18,0,0,0
0x9e5120,100%,0,18,18,18,0,0,0
0x4b1604,100%,0,2,2,2,0,0,0
0x8a67b2,100%,0,9,9,9,0,0,0
0x9e48ce,100%,0,18,18,18,0,0,0
0xa05345,100%,0,29,29,0,0,0,29
0x4bfecd,100%,0,3,3,0,0,0,3
0x55773e,100%,0,516,516,0,0,0,516
0x9f64ef,100%,0,118,118,118,0,0,0
0x9e604f,100%,0,18,18,0,0,0,18
0xa42b1b,100%,0,860,860,0,0,0,860
0x9e5f5c,100%,0,18,18,0,0,0,18
0xa97b01,100%,0,2,2,0,0,0,2
0x49bf87,100%,0,6,6,0,0,0,6
0xa955c1,100%,0,4,4,0,0,0,4
0x49bf27,100%,0,12,12,0,0,0,12
0x8f3130,100%,0,889,889,0,0,0,889
0x5c787f,100%,0,80,80,80,0,0,0
0xa9f0d7,100%,0,4,4,4,0,0,0
0x69767e,100%,0,28,28,0,0,0,28
0xa31886,100%,0,216,216,0,0,0,216
0x9e5ba0,100%,0,4,4,0,0,0,4
0x9f83ef,100%,0,2,2,2,0,0,0
0x819175,100%,0,34,34,0,0,0,34
0xa389af,100%,0,3,3,3,0,0,0
0x5cfc60,100%,0,12,12,0,0,0,12
0x9f63db,100%,0,3,3,0,0,0,3
0x9f556f,100%,0,80,80,80,0,0,0
0xa06e14,100%,0,38,38,0,0,0,38
0x8194f5,100%,0,80,80,80,0,0,0
0x9f99f8,100%,0,41,41,41,0,0,0
0x5e2084,100%,0,3,3,3,0,0,0
0x98b5b7,100%,0,161,161,0,0,0,161
0x8eb0b4,100%,0,6,6,0,0,0,6
0x4c169a,100%,0,3,3,0,0,0,3
0x4ac74a,100%,0,20,20,0,0,0,20
0x9a0b37,100%,0,28,28,28,0,0,0
0x5d20aa,100%,0,3,3,0,0,0,3
0x4c16c4,100%,0,3,3,3,0,0,0
0x596114,100%,0,11,11,0,0,0,11
0x5baeed,100%,0,102,102,0,0,0,102
0x5d202d,100%,0,3,3,0,0,0,3
0x649ce8,100%,0,2,2,0,0,0,2
0x5d2026,100%,0,3,3,0,0,0,3
0x4c81bd,100%,0,22,22,0,0,0,22
0x9a0c75,100%,0,28,28,0,0,0,28
0x9d6845,100%,0,2,2,2,0,0,0
0x8d9a11,100%,0,6,6,0,0,0,6
0x670e58,100%,0,2,2,0,0,0,2
0x40e6f9,100%,0,83,83,0,0,0,83
0xaa63ea,100%,0,26,26,0,0,0,26
0x48d932,100%,0,2,2,0,0,0,2
0x9a30d4,100%,0,1,1,1,0,0,0
0xa08c85,100%,0,4,4,0,0,0,4
0x4c83ab,100%,0,3,3,0,0,0,3
0x4858ea,100%,0,3,3,3,0,0,0
0x97bb33,100%,0,34,34,0,0,0,34
0x403032,100%,0,80,80,0,0,0,80
0x8dae59,100%,0,2,2,2,0,0,0
0x54087b,100%,0,6,6,0,0,0,6
0x97701c,100%,0,2,2,0,0,0,2
0x48586e,100%,0,6,6,0,0,0,6
0xa052fd,100%,0,4,4,0,0,0,4
0x4857f9,100%,0,15,15,0,0,0,15
0x4857aa,100%,0,3,3,0,0,0,3
0xb306b6,100%,0,5,5,0,0,0,5
0x4ad9c1,100%,0,3,3,3,0,0,0
0x4aca51,100%,0,6,6,6,0,0,0
0x8f0aab,100%,0,42,42,0,0,0,42
0x666eaa,100%,0,3,3,0,0,0,3
0x97b9e4,100%,0,114,114,0,0,0,114
0x9f4bf3,100%,0,175,175,0,0,0,175
0x97b9df,100%,0,114,114,0,0,0,114
0x81ced4,100%,0,177,177,0,0,0,177
0x67f320,100%,0,134,134,134,0,0,0
0xa63bbd,100%,0,123,123,123,0,0,0
0xa6cc50,100%,0,23,23,23,0,0,0
0x5eb99a,100%,0,2,2,0,0,0,2
0x60b63c,100%,0,248,248,248,0,0,0
0x60b5ff,100%,0,227,227,0,0,0,227
0x4b9cae,100%,0,10,10,0,0,0,10
0x782674,100%,0,240,240,0,0,0,240
0x4b9cb7,100%,0,10,10,0,0,0,10
0x7d2fd9,100%,0,65,65,0,0,0,65
0x5cfda7,100%,0,24,24,0,0,0,24
0x80a98a,100%,0,3,3,0,0,0,3
0x980fd9,100%,0,66,66,0,0,0,66
0x8d2247,100%,0,2,2,0,0,0,2
0x640519,100%,0,200,200,200,0,0,0
0x9e8aa6,100%,0,145,145,145,0,0,0
0x805e06,100%,0,4,4,0,0,0,4
0x984685,100%,0,95,95,0,0,0,95
0x40452f,100%,0,729,729,729,0,0,0
0x4ad03e,100%,0,4,4,4,0,0,0
0x8e386e,100%,0,48,48,48,0,0,0
0x9e830e,100%,0,25,25,0,0,0,25
0x4ad029,100%,0,4,4,0,0,0,4
0x671c6b,100%,0,2,2,2,0,0,0
0x4c8396,100%,0,3,3,0,0,0,3
0x4ac596,100%,0,8,8,0,0,0,8
0x9f3e71,100%,0,159,159,0,0,0,159
0x4ac554,100%,0,8,8,8,0,0,0
0x53415f,100%,0,101,101,0,0,0,101
0xaa5d0a,100%,0,1,1,0,0,0,1
0x49ffdc,100%,0,37,37,0,0,0,37
0xa18ac0,100%,0,43,43,43,0,0,0
0x8ed108,100%,0,6,6,0,0,0,6
0x619b9e,100%,0,20,20,20,0,0,0
0x502f98,100%,0,97,97,0,0,0,97
0x5d344d,100%,0,133,133,133,0,0,0
0xa088b5,100%,0,5,5,0,0,0,5
0xa7b40f,100%,0,1,1,0,0,0,1
0x822265,100%,0,273,273,273,0,0,0
0x9a7ce3,100%,0,12,12,0,0,0,12
0xa7bef3,100%,0,5,5,0,0,0,5
0x555ef9,100%,0,2,2,0,0,0,2
0x718104,100%,0,1,1,0,0,0,1
0x49ffea,100%,0,42,42,42,0,0,0
0xa85431,100%,0,5,5,0,0,0,5
0xa85403,100%,0,5,5,0,0,0,5
0xa18aef,100%,0,43,43,0,0,0,43
0x590e15,100%,0,1,1,0,0,0,1
0xa853e4,100%,0,5,5,5,0,0,0
0xa50121,100%,0,148,148,0,0,0,148
0x9cfbd1,100%,0,123,123,123,0,0,0
0x81f4bd,100%,0,4,4,0,0,0,4
0x7942cc,100%,0,29,29,0,0,0,29
0x9d003a,100%,0,5,5,5,0,0,0
0x48740e,100%,0,138,138,0,0,0,138
0xa853d7,100%,0,5,5,0,0,0,5
0x723521,100%,0,1446,1446,0,0,0,1446
0xa8e530,100%,0,5,5,0,0,0,5
0xa0a5ed,100%,0,4,4,0,0,0,4
0x5c7559,100%,0,3,3,3,0,0,0
0x9111c0,100%,0,76,76,0,0,0,76
0x8dfa20,100%,0,5,5,5,0,0,0
0x5e211a,100%,0,3,3,3,0,0,0
0x807774,100%,0,169,169,0,0,0,169
0xa50f70,100%,0,38,38,0,0,0,38
0x9d0f07,100%,0,269,269,0,0,0,269
0xa661d3,100%,0,27,27,27,0,0,0
0x404b2c,100%,0,120,120,0,0,0,120
0xa669fd,100%,0,175,175,175,0,0,0
0x9bd40f,100%,0,12,12,12,0,0,0
0x485f20,100%,0,17,17,17,0,0,0
0xa2ab00,100%,0,82,82,82,0,0,0
0x5ae250,100%,0,66,66,0,0,0,66
0x9d030a,100%,0,422,422,0,0,0,422
0xa6613d,100%,0,113,113,0,0,0,113
0x4b3a1e,100%,0,4,4,4,0,0,0
0x90a9f5,100%,0,57,57,0,0,0,57
0xa660ce,100%,0,83,83,0,0,0,83
0x99bb74,100%,0,20,20,0,0,0,20
0xa8e634,100%,0,1,1,0,0,0,1
0xa34f86,100%,0,32,32,0,0,0,32
0xa8e604,100%,0,1,1,0,0,0,1
0x4935d3,100%,0,17,17,0,0,0,17
0xa50da6,100%,0,4,4,0,0,0,4
0x8ed07c,100%,0,194,194,0,0,0,194
0x901276,100%,0,40,40,40,0,0,0
0x94c936,100%,0,64,64,0,0,0,64
0xa28817,100%,0,16,16,0,0,0,16
0xa8e54f,100%,0,5,5,5,0,0,0
0xa7c781,100%,0,5,5,5,0,0,0
0x540a6a,100%,0,6,6,6,0,0,0
0x9d1ea7,100%,0,101,101,0,0,0,101
0xa18afd,100%,0,43,43,0,0,0,43
0xa89543,100%,0,83,83,0,0,0,83
0xa8e467,100%,0,1,1,0,0,0,1
0x8e6966,100%,0,160,160,0,0,0,160
0xa8e3e4,100%,0,1,1,1,0,0,0
0x7c79aa,100%,0,32,32,0,0,0,32
0xa8e3df,100%,0,1,1,0,0,0,1
0xa8e3c2,100%,0,1,1,0,0,0,1
0x491952,100%,0,72,72,0,0,0,72
0x96b118,100%,0,90,90,90,0,0,0
0x9f636c,100%,0,3,3,3,0,0,0
0x40b451,100%,0,2,2,0,0,0,2
0xa8e3a8,100%,0,1,1,0,0,0,1
0x485cee,100%,0,3,3,0,0,0,3
0x60e0a3,100%,0,131,131,0,0,0,131
0x8e2b0e,100%,0,2143,2143,0,0,0,2143
0x63af09,100%,0,821,821,0,0,0,821
0x8aac36,100%,0,10,10,10,0,0,0
0x619a8c,100%,0,15,15,0,0,0,15
0xa06ab1,100%,0,2,2,0,0,0,2
0x67978b,100%,0,6,6,0,0,0,6
0xa369c5,100%,0,16,16,0,0,0,16
0x998971,100%,0,4,4,0,0,0,4
0x63b264,100%,0,821,821,0,0,0,821
0x678ca3,100%,0,1794,1794,0,0,0,1794
0x9bde79,100%,0,2,2,0,0,0,2
0x63b53e,100%,0,1306,1306,0,0,0,1306
0x5b14c1,100%,0,520,520,520,0,0,0
0xa1595e,100%,0,10,10,0,0,0,10
0x63b574,100%,0,1306,1306,1306,0,0,0
0xa09615,100%,0,4,4,0,0,0,4
0x951e65,100%,0,6,6,6,0,0,0
0xa1ab2f,100%,0,9,9,9,0,0,0
0x723670,100%,0,1446,1446,0,0,0,1446
0x44160e,100%,0,11,11,0,0,0,11
0x8051f4,100%,0,2,2,0,0,0,2
0x8aae23,100%,0,5,5,0,0,0,5
0x67531f,100%,0,1,1,0,0,0,1
0x9f2afa,100%,0,5,5,0,0,0,5
0x8aae19,100%,0,5,5,0,0,0,5
0x59f8dc,100%,0,4,4,4,0,0,0
0x54fc3a,100%,0,1,1,0,0,0,1
0x5fa7cd,100%,0,69,69,0,0,0,69
0x8e4c64,100%,0,99,99,0,0,0,99
0x8aae12,100%,0,5,5,0,0,0,5
0x8aadfc,100%,0,5,5,5,0,0,0
0x819072,100%,0,34,34,34,0,0,0
0xa3da0a,100%,0,8,8,8,0,0,0
0x944eba,100%,0,8,8,0,0,0,8
0x5f553f,100%,0,4,4,0,0,0,4
0x8aad9f,100%,0,5,5,0,0,0,5
0xa0a52c,100%,0,2,2,0,0,0,2
0x8aad92,100%,0,5,5,0,0,0,5
0xa8e521,100%,0,1,1,0,0,0,1
0xa8e502,100%,0,1,1,0,0,0,1
0x5b27f5,100%,0,2,2,2,0,0,0
0x4c59d8,100%,0,24,24,0,0,0,24
0xa8e4ea,100%,0,1,1,0,0,0,1
0x5579dd,100%,0,296,296,296,0,0,0
0xa8e4e2,100%,0,2,2,2,0,0,0
0xa8e4d6,100%,0,2,2,0,0,0,2
0x976e15,100%,0,246,246,0,0,0,246
0x6ed743,100%,0,1,1,0,0,0,1
0xa8e476,100%,0,1,1,0,0,0,1
0x4bfd19,100%,0,86,86,86,0,0,0
0x8e39fa,100%,0,32,32,32,0,0,0
0x5f405d,100%,0,4,4,0,0,0,4
0x510bff,100%,0,312,312,312,0,0,0
0x981358,100%,0,80,80,0,0,0,80
0x8f2cf1,100%,0,2,2,0,0,0,2
0x9812fe,100%,0,80,80,0,0,0,80
0x983b33,100%,0,92,92,0,0,0,92
0xa0a64d,100%,0,6,6,0,0,0,6
0x984929,100%,0,4,4,0,0,0,4
0x9069de,100%,0,79,79,0,0,0,79
0x50d93b,100%,0,26,26,0,0,0,26
0x8c93b5,100%,0,576,576,576,0,0,0
0x9d1181,100%,0,104,104,104,0,0,0
0x70c2d8,100%,0,6,6,6,0,0,0
0x9d16d6,100%,0,104,104,0,0,0,104
0x9813a9,100%,0,75,75,0,0,0,75
0x98490a,100%,0,12,12,0,0,0,12
0x8f39e8,100%,0,174,174,0,0,0,174
0x9843a8,100%,0,8,8,8,0,0,0
0x9843a1,100%,0,8,8,0,0,0,8
0x815250,100%,0,6,6,0,0,0,6
0x984388,100%,0,8,8,8,0,0,0
0x80f963,100%,0,2,2,2,0,0,0
0x8378ff,100%,0,5,5,0,0,0,5
0xa067e7,100%,0,2,2,0,0,0,2
0x981060,100%,0,8,8,8,0,0,0
0xa06402,100%,0,2,2,0,0,0,2
0x40ffe8,100%,0,42,42,0,0,0,42
0x50340b,100%,0,2,2,2,0,0,0
0x9d2f2a,100%,0,61,61,0,0,0,61
0x8dd0d9,100%,0,4,4,0,0,0,4
0x8df8f1,100%,0,4,4,0,0,0,4
0x9c501c,100%,0,4,4,0,0,0,4
0x9e3fbd,100%,0,87,87,0,0,0,87
0x63f335,100%,0,2,2,0,0,0,2
0xa37259,100%,0,6,6,0,0,0,6
0xa4c71d,100%,0,4,4,0,0,0,4
0xb314c7,100%,0,423,423,0,0,0,423
0x8efa02,100%,0,451,451,0,0,0,451
0x983fcf,100%,0,8,8,0,0,0,8
0x7cf701,100%,0,14,14,0,0,0,14
0xa90ed3,100%,0,4,4,0,0,0,4
0x5b2346,100%,0,41,41,0,0,0,41
0x983f2e,100%,0,8,8,0,0,0,8
0x65c352,100%,0,1,1,1,0,0,0
0x9e3e6d,100%,0,4,4,0,0,0,4
0x8e0219,100%,0,4,4,0,0,0,4
0x50a057,100%,0,491,491,0,0,0,491
0x49fe4f,100%,0,13,13,0,0,0,13
0x9a1d62,100%,0,15,15,0,0,0,15
0x9f38bd,100%,0,4,4,0,0,0,4
0x983f17,100%,0,8,8,0,0,0,8
0x8a5d42,100%,0,218,218,0,0,0,218
0x5108fd,100%,0,327,327,0,0,0,327
0x983f00,100%,0,64,64,0,0,0,64
0xa097e9,100%,0,1,1,0,0,0,1
0x81c7f2,100%,0,177,177,0,0,0,177
0x4824fb,100%,0,9,9,9,0,0,0
0x981dae,100%,0,4,4,4,0,0,0
0x5b0e94,100%,0,55,55,0,0,0,55
0x67b325,100%,0,2757,2757,0,0,0,2757
0xa1b597,100%,0,5,5,0,0,0,5
0x9c4df1,100%,0,2,2,0,0,0,2
0x81b7ab,100%,0,19,19,0,0,0,19
0x4a63db,100%,0,2,2,0,0,0,2
0x9199bc,100%,0,961,961,961,0,0,0
0x4c711e,100%,0,18,18,0,0,0,18
0x404236,100%,0,475,475,0,0,0,475
0x8f6ae1,100%,0,336,336,0,0,0,336
0xa4eec3,100%,0,22,22,0,0,0,22
0x9c4e70,100%,0,1,1,0,0,0,1
0x69768f,100%,0,28,28,0,0,0,28
0x9c4e40,100%,0,2,2,0,0,0,2
0x9c4e17,100%,0,5,5,1,0,0,4
0xa58450,100%,0,10,10,0,0,0,10
0x83423d,100%,0,272,272,0,0,0,272
0x8f6abe,100%,0,336,336,0,0,0,336
0x9c4df7,100%,0,2,2,0,0,0,2
0x98485f,100%,0,4,4,0,0,0,4
0x63ff4b,100%,0,961,961,961,0,0,0
0x5de6e9,100%,0,810,810,810,0,0,0
0x803b4b,100%,0,2,2,0,0,0,2
0x9c4db6,100%,0,2,2,0,0,0,2
0xa6634c,100%,0,9,9,0,0,0,9
0x5bb315,100%,0,2,2,2,0,0,0
0xa1b470,100%,0,1,1,0,0,0,1
0x97a639,100%,0,36,36,0,0,0,36
0x9bd59d,100%,0,12,12,0,0,0,12
0xa6633a,100%,0,9,9,0,0,0,9
0x806927,100%,0,24,24,0,0,0,24
0xb306e4,100%,0,5,5,5,0,0,0
0x8f1606,100%,0,38,38,38,0,0,0
0x9d0f32,100%,0,269,269,0,0,0,269
0x96e95c,100%,0,1,1,0,0,0,1
0x9d0620,100%,0,62,62,62,0,0,0
0xaa6424,100%,0,8,8,0,0,0,8
0x5c51e0,100%,0,8,8,0,0,0,8
0xa3e2f9,100%,0,8,8,0,0,0,8
0x8eefe1,100%,0,84,84,84,0,0,0
0x4b78aa,100%,0,28,28,0,0,0,28
0x980f8f,100%,0,8,8,0,0,0,8
0xa4a4fb,100%,0,10,10,10,0,0,0
0x9ec491,100%,0,5,5,0,0,0,5
0x980bda,100%,0,24,24,24,0,0,0
0x8ecc2d,100%,0,1,1,0,0,0,1
0x4bf74b,100%,0,24,24,0,0,0,24
0xa34a61,100%,0,41,41,0,0,0,41
0x9ecd23,100%,0,110,110,0,0,0,110
0x980acc,100%,0,74,74,0,0,0,74
0x984310,100%,0,8,8,0,0,0,8
0xaa25a8,100%,0,22,22,0,0,0,22
0x8c90be,100%,0,2,2,0,0,0,2
0x63baea,100%,0,1306,1306,1306,0,0,0
0xa4a1c7,100%,0,63,63,0,0,0,63
0x9e2db2,100%,0,16,16,16,0,0,0
0x5cf8b9,100%,0,1836,1836,1836,0,0,0
0x81b476,100%,0,6,6,0,0,0,6
0xa4507f,100%,0,141,141,141,0,0,0
0x8325d9,100%,0,1,1,0,0,0,1
0x984113,100%,0,55,55,0,0,0,55
0x5fb41a,100%,0,2,2,0,0,0,2
0xa325a4,100%,0,4,4,0,0,0,4
0x5dea2e,100%,0,1,1,1,0,0,0
0x984675,100%,0,95,95,0,0,0,95
0x97826a,100%,0,19,19,0,0,0,19
0xa5670d,100%,0,8,8,0,0,0,8
0x640053,100%,0,650,650,0,0,0,650
0xa52a3e,100%,0,95,95,0,0,0,95
0xa05eca,100%,0,1,1,0,0,0,1
0x8f3e65,100%,0,295,295,295,0,0,0
0xa2f152,100%,0,1,1,0,0,0,1
0xa05e8a,100%,0,1,1,0,0,0,1
0xa05e6c,100%,0,6,6,6,0,0,0
0x63d4ed,100%,0,778,778,778,0,0,0
0xa05dff,100%,0,1,1,0,0,0,1
0x68a8ef,100%,0,76,76,76,0,0,0
0xb4695e,100%,0,1,1,1,0,0,0
0x649921,100%,0,12,12,0,0,0,12
0x60e34b,100%,0,445,445,0,0,0,445
0xa5405c,100%,0,22,22,22,0,0,0
0x81edc3,100%,0,248,248,0,0,0,248
0x504db8,100%,0,38,38,38,0,0,0
0x5b2868,100%,0,2,2,0,0,0,2
0x499e48,100%,0,16,16,16,0,0,0
0xa39f49,100%,0,30,30,0,0,0,30
0x81b72a,100%,0,19,19,19,0,0,0
0x918d94,100%,0,200,200,0,0,0,200
0x63e532,100%,0,958,958,0,0,0,958
0x8f6389,100%,0,12,12,0,0,0,12
0xa33b98,100%,0,72,72,72,0,0,0
0x4b396d,100%,0,4,4,0,0,0,4
0x9049d9,100%,0,185,185,0,0,0,185
0xa5f6fd,100%,0,8,8,0,0,0,8
0x63c84d,100%,0,961,961,0,0,0,961
0x8adccc,100%,0,21,21,0,0,0,21
0x5bab3b,100%,0,119,119,0,0,0,119
0x838f61,100%,0,28,28,28,0,0,0
0x6f558f,100%,0,173,173,0,0,0,173
0x9d2694,100%,0,28,28,0,0,0,28
0x8eed3a,100%,0,338,338,0,0,0,338
0x9d25fa,100%,0,1,1,0,0,0,1
0x60e6fa,100%,0,79,79,79,0,0,0
0xa63a17,100%,0,4,4,0,0,0,4
0xa47948,100%,0,9,9,0,0,0,9
0x7d402a,100%,0,3,3,0,0,0,3
0x591f74,100%,0,70,70,0,0,0,70
0x65a115,100%,0,1463,1463,0,0,0,1463
0x9a9ed4,100%,0,26,26,26,0,0,0
0x8efa2e,100%,0,192,192,0,0,0,192
0xa211b1,100%,0,4,4,4,0,0,0
0xb498ec,100%,0,12,12,0,0,0,12
0xa0950c,100%,0,12,12,0,0,0,12
0x4c281c,100%,0,1,1,1,0,0,0
0x9fe71f,100%,0,40,40,0,0,0,40
0x48781b,100%,0,2,2,0,0,0,2
0x5ffa5b,100%,0,46,46,0,0,0,46
0xa094e1,100%,0,4,4,0,0,0,4
0x4831f8,100%,0,29,29,0,0,0,29
0xa21143,100%,0,4,4,4,0,0,0
0x65a239,100%,0,3,3,0,0,0,3
0x63f419,100%,0,2,2,0,0,0,2
0x5f7f52,100%,0,7,7,7,0,0,0
0xaa2593,100%,0,22,22,0,0,0,22
0x5d17a3,100%,0,24,24,24,0,0,0
0x5fba3b,100%,0,2,2,0,0,0,2
0x944319,100%,0,638,638,0,0,0,638
0x90c899,100%,0,78,78,0,0,0,78
0xa21bbe,100%,0,2,2,0,0,0,2
0x4873ee,100%,0,229,229,0,0,0,229
0x8ad796,100%,0,2,2,0,0,0,2
0x6f5515,100%,0,40,40,40,0,0,0
0x8dcb83,100%,0,509,509,0,0,0,509
0x80a66a,100%,0,210,210,0,0,0,210
0x63ece3,100%,0,731,731,0,0,0,731
0xa465f2,100%,0,112,112,0,0,0,112
0x9e5301,100%,0,12,12,12,0,0,0
0x63bc22,100%,0,345,345,345,0,0,0
0xa360cc,100%,0,301,301,0,0,0,301
0x90271b,100%,0,1067,1067,0,0,0,1067
0x8a6a3f,100%,0,1,1,1,0,0,0
0x639c7b,100%,0,600,600,0,0,0,600
0x8e442a,100%,0,2299,2299,0,0,0,2299
0x8103dd,100%,0,554,554,0,0,0,554
0x65ad58,100%,0,1,1,0,0,0,1
0x5430a1,100%,0,356,356,0,0,0,356
0x7c68fe,100%,0,2,2,0,0,0,2
0x90bf3c,100%,0,119,119,0,0,0,119
0x70c193,100%,0,6,6,0,0,0,6
0x64b48e,100%,0,303,303,0,0,0,303
0x95190d,100%,0,91,91,91,0,0,0
0x4b8942,100%,0,11,11,0,0,0,11
0x441bf9,100%,0,11,11,11,0,0,0
0xa48ad2,100%,0,167,167,0,0,0,167
0x8ad62f,100%,0,2,2,0,0,0,2
0x90191c,100%,0,377,377,0,0,0,377
0x5f0ca4,100%,0,34,34,0,0,0,34
0x8a905d,100%,0,2,2,0,0,0,2
0x8fd9e5,100%,0,5,5,0,0,0,5
0x951bd9,100%,0,9,9,0,0,0,9
0x70c21c,100%,0,6,6,0,0,0,6
0x66709e,100%,0,149,149,149,0,0,0
0x4a040e,100%,0,16,16,0,0,0,16
0x83381e,100%,0,4,4,0,0,0,4
0x8094f1,100%,0,2,2,0,0,0,2
0x4c776a,100%,0,8,8,8,0,0,0
0x817115,100%,0,2,2,0,0,0,2
0xb37344,100%,0,14,14,0,0,0,14
0xa531bd,100%,0,2,2,0,0,0,2
0x550edf,100%,0,49,49,0,0,0,49
0x5f061a,100%,0,122,122,0,0,0,122
0xa3eab7,100%,0,8,8,0,0,0,8
0xa3ac31,100%,0,4,4,4,0,0,0
0x9eee5e,100%,0,26,26,0,0,0,26
0x64c770,100%,0,7,7,0,0,0,7
0xa69e1d,100%,0,4,4,0,0,0,4
0x8f61f9,100%,0,14,14,0,0,0,14
0x489a45,100%,0,569,569,569,0,0,0
0x6f54df,100%,0,522,522,0,0,0,522
0x9bc4ae,100%,0,2,2,2,0,0,0
0xa595b4,100%,0,202,202,0,0,0,202
0x8e9a33,100%,0,2,2,0,0,0,2
0x8f4344,100%,0,1452,1452,1452,0,0,0
0xa72214,100%,0,27,27,0,0,0,27
0x9bc497,100%,0,2,2,0,0,0,2
0xae705e,100%,0,1,1,0,0,0,1
0x69dd39,100%,0,12,12,0,0,0,12
0x8a246d,100%,0,2,2,0,0,0,2
0x65a0cd,100%,0,1504,1504,0,0,0,1504
0x718093,100%,0,1,1,0,0,0,1
0x8e920d,100%,0,1412,1412,0,0,0,1412
0xa3418b,100%,0,94,94,0,0,0,94
0xa1d7db,100%,0,2,2,0,0,0,2
0x9d071a,100%,0,51,51,51,0,0,0
0xaa7de5,100%,0,47,47,0,0,0,47
0x5cd6d6,100%,0,5,5,0,0,0,5
0xa096c0,100%,0,1,1,0,0,0,1
0xa096a7,100%,0,1,1,0,0,0,1
0x640443,100%,0,433,433,0,0,0,433
0x5fa534,100%,0,54,54,0,0,0,54
0x8f5720,100%,0,767,767,767,0,0,0
0xa4ed8f,100%,0,162,162,0,0,0,162
0xa21d57,100%,0,2,2,0,0,0,2
0xa4e89d,100%,0,2,2,0,0,0,2
0xa1b4b4,100%,0,4,4,0,0,0,4
0xa1b4be,100%,0,5,5,5,0,0,0
0xa1b1c1,100%,0,5,5,5,0,0,0
0x8f4b18,100%,0,6,6,6,0,0,0
0x8ee56a,100%,0,42,42,42,0,0,0
0x6d9a86,100%,0,8,8,0,0,0,8
0x8c73a3,100%,0,413,413,413,0,0,0
0xa1d776,100%,0,2,2,2,0,0,0
0x507817,100%,0,18,18,18,0,0,0
0x8f58d3,100%,0,2612,2612,2612,0,0,0
0x94ee6f,100%,0,30,30,30,0,0,0
0x48180e,100%,0,29,29,0,0,0,29
0x72286d,100%,0,1303,1303,1303,0,0,0
0xa1d705,100%,0,2,2,0,0,0,2
0x9ef382,100%,0,60,60,0,0,0,60
0xa1d6fa,100%,0,2,2,0,0,0,2
0xa1b095,100%,0,1,1,1,0,0,0
0xa4cf29,100%,0,8,8,8,0,0,0
0x5ef962,100%,0,83,83,83,0,0,0
0xa1b031,100%,0,5,5,0,0,0,5
0x53c46d,100%,0,132,132,0,0,0,132
0x5dd939,100%,0,133,133,133,0,0,0
0xa7b408,100%,0,1,1,0,0,0,1
0xa953aa,100%,0,4,4,4,0,0,0
0xb316a2,100%,0,59,59,0,0,0,59
0xa1d4f4,100%,0,5,5,5,0,0,0
0x4a5917,100%,0,55,55,0,0,0,55
0xa065a1,100%,0,31,31,0,0,0,31
0xa9db67,100%,0,48,48,0,0,0,48
0x9fc8ae,100%,0,7,7,7,0,0,0
0x4a58cf,100%,0,55,55,55,0,0,0
0xa083c1,100%,0,7,7,0,0,0,7
0x80c972,100%,0,10,10,0,0,0,10
0x80daea,100%,0,220,220,0,0,0,220
0xa1a38a,100%,0,9,9,0,0,0,9
0xa1a351,100%,0,9,9,9,0,0,0
0x976fbc,100%,0,2,2,0,0,0,2
0x97519a,100%,0,5,5,0,0,0,5
0x7ce568,100%,0,12,12,0,0,0,12
0xa1a2b4,100%,0,9,9,0,0,0,9
0x8dbd85,100%,0,186,186,186,0,0,0
0xa1a29e,100%,0,9,9,9,0,0,0
0xa2f082,100%,0,38,38,0,0,0,38
0x9f66d5,100%,0,153,153,0,0,0,153
0x95a909,100%,0,4,4,0,0,0,4
0x512802,100%,0,397,397,0,0,0,397
0xa0a580,100%,0,2,2,0,0,0,2
0x95a24d,100%,0,4,4,0,0,0,4
0xa1aab7,100%,0,5,5,0,0,0,5
0xa098c7,100%,0,5,5,5,0,0,0
0x900fb4,100%,0,37,37,0,0,0,37
0xb4a162,100%,0,958,958,0,0,0,958
0xa05d84,100%,0,1,1,0,0,0,1
0xa5f9fe,100%,0,435,435,435,0,0,0
0x9d2782,100%,0,1,1,1,0,0,0
0x64752b,100%,0,21,21,0,0,0,21
0x97ab1d,100%,0,18,18,0,0,0,18
0x969812,100%,0,72,72,0,0,0,72
0x80a1c5,100%,0,4,4,0,0,0,4
0x674fc3,100%,0,39,39,39,0,0,0
0x6670f8,100%,0,119,119,0,0,0,119
0xa5f8e5,100%,0,8,8,8,0,0,0
0x9461f1,100%,0,19,19,19,0,0,0
0x97a480,100%,0,14,14,0,0,0,14
0xa5f8bd,100%,0,8,8,0,0,0,8
0x9f4a24,100%,0,1,1,1,0,0,0
0xa34c32,100%,0,60,60,0,0,0,60
0x4beb26,100%,0,175,175,0,0,0,175
0x8dc554,100%,0,4,4,0,0,0,4
0x97a40f,100%,0,52,52,0,0,0,52
0x9cfd5b,100%,0,36,36,0,0,0,36
0x50cdec,100%,0,321,321,0,0,0,321
0x60e3a3,100%,0,5,5,1,0,0,4
0x4bc869,100%,0,94,94,94,0,0,0
0x9d0685,100%,0,34,34,0,0,0,34
0x7d4160,100%,0,12,12,0,0,0,12
0xa5400a,100%,0,22,22,22,0,0,0
0x81eb0e,100%,0,550,550,0,0,0,550
0x9d318a,100%,0,3,3,0,0,0,3
0xa92943,100%,0,6,6,0,0,0,6
0x8f63aa,100%,0,2,2,2,0,0,0
0x9d269a,100%,0,28,28,0,0,0,28
0x9bd1b5,100%,0,55,55,0,0,0,55
0xa48875,100%,0,178,178,0,0,0,178
0x9ef2b8,100%,0,141,141,0,0,0,141
0x480f03,100%,0,19,19,19,0,0,0
0x673d57,100%,0,19,19,0,0,0,19
0xa1b009,100%,0,11,11,0,0,0,11
0x4ba345,100%,0,32,32,0,0,0,32
0x838707,100%,0,5,5,5,0,0,0
0xa1af10,100%,0,44,44,0,0,0,44
0x6964db,100%,0,56,56,56,0,0,0
0x90a61e,100%,0,44,44,44,0,0,0
0x9198c2,100%,0,961,961,961,0,0,0
0x5937c6,100%,0,19,19,0,0,0,19
0xa1ac8a,100%,0,11,11,11,0,0,0
0x4b67ab,100%,0,11,11,0,0,0,11
0xa1ac4e,100%,0,5,5,0,0,0,5
0x951a31,100%,0,152,152,0,0,0,152
0x7817bd,100%,0,63,63,0,0,0,63
0x6097e7,100%,0,101,101,0,0,0,101
0x9d2929,100%,0,4,4,0,0,0,4
0x8a8bc5,100%,0,24,24,0,0,0,24
0x60a8e3,100%,0,790,790,0,0,0,790
0x59c83f,100%,0,1,1,1,0,0,0
0x889fb7,100%,0,22,22,22,0,0,0
0xa97b51,100%,0,2,2,2,0,0,0
0x5d1d2c,100%,0,145,145,145,0,0,0
0xa0683e,100%,0,2,2,0,0,0,2
0x9d1c81,100%,0,2,2,2,0,0,0
0x9ebbea,100%,0,7,7,7,0,0,0
0x81b812,100%,0,12,12,0,0,0,12
0x99d992,100%,0,127,127,0,0,0,127
0x858e1d,100%,0,8,8,0,0,0,8
0x7d41da,100%,0,1,1,0,0,0,1
0xa961ea,100%,0,2,2,0,0,0,2
0x7c9e1a,100%,0,4,4,0,0,0,4
0x5dfd38,100%,0,4,4,0,0,0,4
0x4c2309,100%,0,16,16,0,0,0,16
0x551104,100%,0,2,2,2,0,0,0
0x5510ff,100%,0,2,2,0,0,0,2
0x9fb824,100%,0,306,306,0,0,0,306
0x978541,100%,0,459,459,0,0,0,459
0x5ea9d6,100%,0,8,8,8,0,0,0
0x8ddc29,100%,0,112,112,0,0,0,112
0xa9d36b,100%,0,2,2,0,0,0,2
0xa92327,100%,0,4,4,0,0,0,4
0x4a7b5c,100%,0,331,331,0,0,0,331
0x60dfc0,100%,0,9,9,0,0,0,9
0xa9ef3a,100%,0,2,2,0,0,0,2
0x4898dc,100%,0,382,382,0,0,0,382
0x81e08f,100%,0,2,2,2,0,0,0
0x817213,100%,0,157,157,0,0,0,157
0x9f38ff,100%,0,4,4,0,0,0,4
0x8f1295,100%,0,40,40,0,0,0,40
0x9fb6c0,100%,0,246,246,246,0,0,0
0x9f4fc5,100%,0,169,169,0,0,0,169
0xa9ca48,100%,0,10,10,0,0,0,10
0x6a3a74,100%,0,26,26,26,0,0,0
0xa9ca28,100%,0,10,10,0,0,0,10
0xa58507,100%,0,181,181,181,0,0,0
0x67f70a,100%,0,106,106,106,0,0,0
0xa473c2,100%,0,36,36,36,0,0,0
0x7236b0,100%,0,1446,1446,0,0,0,1446
0x648f8b,100%,0,2,2,2,0,0,0
0x6d4b85,100%,0,16,16,0,0,0,16
0x90ca02,100%,0,105,105,0,0,0,105
0xa64cec,100%,0,4,4,4,0,0,0
0x9fe33c,100%,0,134,134,0,0,0,134
0x7d2c67,100%,0,4,4,0,0,0,4
0xa1a1a4,100%,0,5,5,0,0,0,5
0x5f0b92,100%,0,2,2,0,0,0,2
0xa1a15a,100%,0,5,5,0,0,0,5
0xa1a149,100%,0,5,5,0,0,0,5
0x9f080d,100%,0,1,1,0,0,0,1
0xa3638a,100%,0,5,5,0,0,0,5
0x48e8e8,100%,0,2,2,0,0,0,2
0x81f431,100%,0,4,4,0,0,0,4
0xa316d5,100%,0,2,2,0,0,0,2
0x5f0680,100%,0,80,80,0,0,0,80
0x64a7de,100%,0,2,2,2,0,0,0
0x9f02f7,100%,0,2,2,2,0,0,0
0x5eb2d6,100%,0,2,2,0,0,0,2
0x8f1307,100%,0,40,40,0,0,0,40
0x7be071,100%,0,4,4,0,0,0,4
0x9f026a,100%,0,94,94,0,0,0,94
0x8eda76,100%,0,126,126,126,0,0,0
0xa2aabe,100%,0,113,113,0,0,0,113
0x8b9b32,100%,0,58,58,58,0,0,0
0x5a91b2,100%,0,33,33,0,0,0,33
0xa34020,100%,0,300,300,0,0,0,300
0x9d098e,100%,0,51,51,0,0,0,51
0x5babb0,100%,0,759,759,0,0,0,759
0x608571,100%,0,10,10,0,0,0,10
0x50ac93,100%,0,21,21,0,0,0,21
0x9f238f,100%,0,2,2,0,0,0,2
0xa3baa9,100%,0,228,228,0,0,0,228
0x8ee659,100%,0,42,42,0,0,0,42
0x9a8ad0,100%,0,331,331,331,0,0,0
0x488d5b,100%,0,57,57,0,0,0,57
0x815b3d,100%,0,41,41,41,0,0,0
0x808c9a,100%,0,1228,1228,0,0,0,1228
0x8bd9f2,100%,0,13,13,13,0,0,0
0x9e85b4,100%,0,167,167,0,0,0,167
0xb499cb,100%,0,3,3,0,0,0,3
0xa9558a,100%,0,4,4,0,0,0,4
0x61145a,100%,0,42,42,0,0,0,42
0x53fef7,100%,0,426,426,0,0,0,426
0x99e115,100%,0,15,15,0,0,0,15
0x5f61dd,100%,0,4,4,0,0,0,4
0xa953a4,100%,0,4,4,0,0,0,4
0x9f0760,100%,0,2,2,0,0,0,2
0xa53a38,100%,0,2,2,0,0,0,2
0xa956d4,100%,0,4,4,0,0,0,4
0xa428ba,100%,0,175,175,175,0,0,0
0x5908dd,100%,0,22,22,0,0,0,22
0xa945c2,100%,0,2,2,0,0,0,2
0x678bec,100%,0,18,18,0,0,0,18
0xa9815b,100%,0,3,3,0,0,0,3
0xa956bd,100%,0,4,4,0,0,0,4
0x5ef98a,100%,0,17,17,0,0,0,17
0xa32c91,100%,0,95,95,0,0,0,95
0x5d2f52,100%,0,4,4,4,0,0,0
0xa2ecac,100%,0,22,22,0,0,0,22
0xa0ba5c,100%,0,4,4,0,0,0,4
0xa53658,100%,0,8,8,0,0,0,8
0x9edcfb,100%,0,64,64,0,0,0,64
0x81f503,100%,0,4,4,0,0,0,4
0x70e8ed,100%,0,4,4,4,0,0,0
0x81bed8,100%,0,1144,1144,0,0,0,1144
0x5cd473,100%,0,67,67,67,0,0,0
0x5e1add,100%,0,2,2,0,0,0,2
0x8a935f,100%,0,363,363,0,0,0,363
0x677b66,100%,0,357,357,357,0,0,0
0x8ea18f,100%,0,2474,2474,0,0,0,2474
0x8f1fcc,100%,0,265,265,265,0,0,0
0x9e6099,100%,0,18,18,0,0,0,18
0x4a86e0,100%,0,2,2,2,0,0,0
0xa97b3b,100%,0,2,2,0,0,0,2
0xaa81ef,100%,0,5,5,0,0,0,5
0x8f26f8,100%,0,451,451,451,0,0,0
0xa95ab9,100%,0,2,2,0,0,0,2
0x88e23c,100%,0,98,98,98,0,0,0
0xa95ae4,100%,0,2,2,2,0,0,0
0x4a871c,100%,0,2,2,0,0,0,2
0x9f0819,100%,0,5,5,0,0,0,5
0xa95b45,100%,0,2,2,2,0,0,0
0xa95b31,100%,0,2,2,0,0,0,2
0x4b3941,100%,0,4,4,0,0,0,4
0xa95a39,100%,0,4,4,0,0,0,4
0x99f772,100%,0,13,13,0,0,0,13
0xa959ec,100%,0,4,4,4,0,0,0
0x5ba035,100%,0,22,22,0,0,0,22
0xa95960,100%,0,4,4,4,0,0,0
0x9e8680,100%,0,79,79,0,0,0,79
0x9f5a14,100%,0,47,47,0,0,0,47
0xa95900,100%,0,4,4,0,0,0,4
0xa958fb,100%,0,4,4,0,0,0,4
0x9e8620,100%,0,41,41,41,0,0,0
0x96e759,100%,0,1,1,0,0,0,1
0x7efcf1,100%,0,2,2,0,0,0,2
0x7f0d0f,100%,0,50,50,50,0,0,0
0x821c6b,100%,0,71,71,71,0,0,0
0x4c63fd,100%,0,2,2,2,0,0,0
0x959803,100%,0,48,48,48,0,0,0
0x649e17,100%,0,2,2,2,0,0,0
0x8f5f52,100%,0,708,708,0,0,0,708
0x60e54d,100%,0,81,81,0,0,0,81
0xa2ddd9,100%,0,36,36,0,0,0,36
0x60e528,100%,0,81,81,0,0,0,81
0x60ddc4,100%,0,81,81,0,0,0,81
0xa46658,100%,0,232,232,232,0,0,0
0x7efda7,100%,0,168,168,0,0,0,168
0x9d1057,100%,0,8,8,0,0,0,8
0xa5ac77,100%,0,15,15,0,0,0,15
0x7efd14,100%,0,72,72,0,0,0,72
0x58e5c9,100%,0,6,6,0,0,0,6
0x9aa126,100%,0,33,33,0,0,0,33
0x7efca4,100%,0,2,2,2,0,0,0
0x4a780e,100%,0,53,53,53,0,0,0
0x4ae59c,100%,0,1,1,0,0,0,1
0x4ae593,100%,0,1,1,0,0,0,1
0x402f5f,100%,0,6,6,0,0,0,6
0xa06f45,100%,0,9,9,0,0,0,9
0x490c96,100%,0,20,20,0,0,0,20
0x80401a,100%,0,3,3,3,0,0,0
0x9fe886,100%,0,40,40,0,0,0,40
0x95192a,100%,0,91,91,0,0,0,91
0x837f9a,100%,0,4,4,4,0,0,0
0x58f90f,100%,0,114,114,0,0,0,114
0x7eeb87,100%,0,2,2,0,0,0,2
0x40ed8d,100%,0,8,8,8,0,0,0
0x592585,100%,0,120,120,0,0,0,120
0x98d079,100%,0,7,7,0,0,0,7
0x5ffd53,100%,0,80,80,80,0,0,0
0x7f03dc,100%,0,19,19,19,0,0,0
0x6d9f37,100%,0,1,1,0,0,0,1
0x9e5433,100%,0,39,39,0,0,0,39
0xa482d0,100%,0,8,8,0,0,0,8
0x60c67d,100%,0,3,3,3,0,0,0
0x7f036c,100%,0,19,19,19,0,0,0
0x7f0327,100%,0,19,19,19,0,0,0
0x4903d4,100%,0,3,3,0,0,0,3
0x8f2827,100%,0,942,942,0,0,0,942
0xa951a7,100%,0,4,4,4,0,0,0
0xa4e8fe,100%,0,160,160,0,0,0,160
0x60e69d,100%,0,38,38,0,0,0,38
0xa1d4ec,100%,0,5,5,0,0,0,5
0xa51671,100%,0,42,42,0,0,0,42
0x803758,100%,0,75,75,0,0,0,75
0xaa460d,100%,0,99,99,0,0,0,99
0x550954,100%,0,72,72,0,0,0,72
0x8f4142,100%,0,318,318,318,0,0,0
0x9f2231,100%,0,2,2,0,0,0,2
0x4be79b,100%,0,9,9,0,0,0,9
0x5d002f,100%,0,4,4,0,0,0,4
0x7f0c0a,100%,0,4,4,4,0,0,0
0x7f0c05,100%,0,5,5,1,0,0,4
0x8ee090,100%,0,42,42,0,0,0,42
0x7c7ac9,100%,0,24,24,0,0,0,24
0x678dcc,100%,0,23,23,0,0,0,23
0x90bef6,100%,0,119,119,0,0,0,119
0x7efe05,100%,0,149,149,149,0,0,0
0x8d2eca,100%,0,2,2,0,0,0,2
0xa5bf0c,100%,0,32,32,32,0,0,0
0x4ba35d,100%,0,326,326,326,0,0,0
0x806732,100%,0,10,10,10,0,0,0
0x8ee1e2,100%,0,241,241,0,0,0,241
0xa5bdfa,100%,0,32,32,32,0,0,0
0x94b198,100%,0,107,107,107,0,0,0
0x7ad519,100%,0,26,26,0,0,0,26
0xa5bb3e,100%,0,32,32,0,0,0,32
0xa5baa6,100%,0,2,2,0,0,0,2
0x8ed56c,100%,0,4,4,4,0,0,0
0x8e0da8,100%,0,229,229,229,0,0,0
0x8f19a0,100%,0,48,48,0,0,0,48
0x8db8a5,100%,0,66,66,0,0,0,66
0x944ec6,100%,0,30,30,30,0,0,0
0x962ef3,100%,0,2,2,2,0,0,0
0x9f5cd6,100%,0,19,19,0,0,0,19
0x9f0ac0,100%,0,4,4,4,0,0,0
0x9f0e8f,100%,0,59,59,0,0,0,59
0x8c8f77,100%,0,6,6,0,0,0,6
0x5086c2,100%,0,38,38,0,0,0,38
0x9f086d,100%,0,4,4,0,0,0,4
0x9067a8,100%,0,124,124,0,0,0,124
0x9fe439,100%,0,94,94,94,0,0,0
0x9be6ec,100%,0,24,24,0,0,0,24
0x9f2630,100%,0,39,39,0,0,0,39
0x5cf4d8,100%,0,39,39,39,0,0,0
0x7c753a,100%,0,8,8,0,0,0,8
0x8fcec2,100%,0,44,44,0,0,0,44
0x9a3a80,100%,0,2,2,0,0,0,2
0x818821,100%,0,827,827,0,0,0,827
0x9f2470,100%,0,82,82,82,0,0,0
0x533bfd,100%,0,9,9,0,0,0,9
0xa5c2f2,100%,0,109,109,109,0,0,0
0xa31112,100%,0,38,38,0,0,0,38
0x9fe71a,100%,0,40,40,0,0,0,40
0x9f8075,100%,0,3,3,0,0,0,3
0xa5c34b,100%,0,12,12,0,0,0,12
0x9fe710,100%,0,40,40,0,0,0,40
0x6499e7,100%,0,2,2,2,0,0,0
0x8f75bb,100%,0,157,157,157,0,0,0
0x9fe6cf,100%,0,40,40,0,0,0,40
0x803df8,100%,0,18,18,0,0,0,18
0x9fe6be,100%,0,40,40,0,0,0,40
0xa69f41,100%,0,4,4,0,0,0,4
0x7d1ef1,100%,0,4,4,0,0,0,4
0x55de0d,100%,0,2,2,0,0,0,2
0xa5c6b7,100%,0,98,98,0,0,0,98
0xa0f386,100%,0,6,6,0,0,0,6
0xa5c498,100%,0,50,50,0,0,0,50
0xa9033c,100%,0,38,38,38,0,0,0
0x546764,100%,0,10,10,0,0,0,10
0x9fe5ed,100%,0,44,44,0,0,0,44
0x58d422,100%,0,12,12,0,0,0,12
0x9fe5de,100%,0,44,44,0,0,0,44
0xa077f6,100%,0,2,2,0,0,0,2
0x7d4043,100%,0,3,3,0,0,0,3
0x9fe4aa,100%,0,3,3,0,0,0,3
0xa95a46,100%,0,4,4,0,0,0,4
0xa662f1,100%,0,1,1,1,0,0,0
0x9fb2d1,100%,0,41,41,41,0,0,0
0x9fb2bd,100%,0,41,41,0,0,0,41
0x9fb283,100%,0,41,41,41,0,0,0
0xa6c66f,100%,0,43,43,0,0,0,43
0xa52ba0,100%,0,212,212,0,0,0,212
0xa4e982,100%,0,138,138,0,0,0,138
0x8efe77,100%,0,26,26,0,0,0,26
0x9e7fd2,100%,0,123,123,0,0,0,123
0xa6c712,100%,0,27,27,0,0,0,27
0xa6c706,100%,0,27,27,0,0,0,27
0xa6c6f0,100%,0,27,27,0,0,0,27
0x9e7a83,100%,0,141,141,0,0,0,141
0x94bcb7,100%,0,16,16,0,0,0,16
0x9e7a75,100%,0,141,141,0,0,0,141
0x9e7a52,100%,0,141,141,141,0,0,0
0x9e7a3e,100%,0,141,141,0,0,0,141
0xa6c6ba,100%,0,43,43,43,0,0,0
0xa6c6b4,100%,0,43,43,0,0,0,43
0xa6c68e,100%,0,43,43,0,0,0,43
0x5f5a2e,100%,0,2,2,2,0,0,0
0x5bb776,100%,0,2,2,0,0,0,2
0x99eb5f,100%,0,13,13,0,0,0,13
0x9814de,100%,0,29,29,0,0,0,29
0x9814d6,100%,0,29,29,0,0,0,29
0x60c42e,100%,0,5,5,0,0,0,5
0x81b508,100%,0,6,6,0,0,0,6
0x815e87,100%,0,9,9,9,0,0,0
0x984442,100%,0,66,66,66,0,0,0
0x980dcd,100%,0,47,47,47,0,0,0
0xa2f21c,100%,0,1,1,0,0,0,1
0x980d68,100%,0,47,47,0,0,0,47
0x4ae783,100%,0,2,2,0,0,0,2
0xa9d283,100%,0,4,4,4,0,0,0
0xa94764,100%,0,29,29,0,0,0,29
0x980563,100%,0,97,97,0,0,0,97
0x94e8f1,100%,0,30,30,30,0,0,0
0x4a7467,100%,0,39,39,0,0,0,39
0x814bf3,100%,0,41,41,0,0,0,41
0x9e01f4,100%,0,28,28,0,0,0,28
0xa48ddf,100%,0,178,178,0,0,0,178
0xa2d42c,100%,0,4,4,0,0,0,4
0x4b51a5,100%,0,1,1,0,0,0,1
0x94377a,100%,0,75,75,0,0,0,75
0x4a97cc,100%,0,4,4,4,0,0,0
0x8ef273,100%,0,48,48,0,0,0,48
0x63bbb9,100%,0,3,3,0,0,0,3
0x9a9236,100%,0,248,248,0,0,0,248
0xa9ca5f,100%,0,10,10,0,0,0,10
0x4b9fab,100%,0,76,76,0,0,0,76
0x8ede77,100%,0,42,42,0,0,0,42
0x7c7427,100%,0,16,16,0,0,0,16
0x63eaca,100%,0,37,37,0,0,0,37
0xa8ac08,100%,0,83,83,0,0,0,83
0xa8abf2,100%,0,83,83,0,0,0,83
0xa7a1f7,100%,0,175,175,0,0,0,175
0xaa7d0e,100%,0,10,10,0,0,0,10
0xa7a1b2,100%,0,175,175,175,0,0,0
0xa2cb53,100%,0,892,892,0,0,0,892
0xa853f4,100%,0,5,5,0,0,0,5
0x9e3950,100%,0,308,308,0,0,0,308
0xa8ab6d,100%,0,83,83,0,0,0,83
0x5e032c,100%,0,145,145,145,0,0,0
0x7b8b94,100%,0,1,1,0,0,0,1
0x81b40e,100%,0,11,11,0,0,0,11
0xa721e0,100%,0,27,27,27,0,0,0
0xa6cb16,100%,0,27,27,0,0,0,27
0x48f80b,100%,0,18,18,0,0,0,18
0xa52f57,100%,0,20,20,0,0,0,20
0x81c553,100%,0,22,22,0,0,0,22
0x5467a0,100%,0,2,2,0,0,0,2
0x8ef063,100%,0,84,84,0,0,0,84
0xa1d7d2,100%,0,2,2,0,0,0,2
0x9c549e,100%,0,4,4,4,0,0,0
0xa9262b,100%,0,189,189,0,0,0,189
0x510bd5,100%,0,312,312,0,0,0,312
0x9c53a1,100%,0,8,8,8,0,0,0
0x610629,100%,0,4,4,4,0,0,0
0x9c535b,100%,0,4,4,0,0,0,4
0x9c5352,100%,0,4,4,0,0,0,4
0x5fb424,100%,0,2,2,0,0,0,2
0x7b0ab4,100%,0,22,22,0,0,0,22
0x9c532d,100%,0,4,4,0,0,0,4
0xaa5be2,100%,0,20,20,0,0,0,20
0x5f35a6,100%,0,7,7,7,0,0,0
0x5a9181,100%,0,29,29,29,0,0,0
0x6823a1,100%,0,34,34,0,0,0,34
0x9c51dc,100%,0,8,8,0,0,0,8
0x5bb550,100%,0,2,2,2,0,0,0
0x9c5187,100%,0,4,4,0,0,0,4
0x9c517c,100%,0,4,4,0,0,0,4
0x5bb540,100%,0,2,2,0,0,0,2
0x5bbd2b,100%,0,4,4,4,0,0,0
0x50779d,100%,0,18,18,18,0,0,0
0xa392b9,100%,0,14,14,0,0,0,14
0x4bf2eb,100%,0,30,30,30,0,0,0
0x9f4d01,100%,0,227,227,227,0,0,0
0xb31698,100%,0,59,59,0,0,0,59
0x9c50be,100%,0,8,8,8,0,0,0
0x9c7543,100%,0,1,1,1,0,0,0
0x9843e9,100%,0,66,66,0,0,0,66
0xa6c5e0,100%,0,83,83,83,0,0,0
0x8f77b3,100%,0,157,157,0,0,0,157
0x5356c2,100%,0,61,61,0,0,0,61
0xa8a78a,100%,0,83,83,0,0,0,83
0xa8a6d7,100%,0,83,83,0,0,0,83
0x90ab92,100%,0,27,27,0,0,0,27
0xa8955a,100%,0,83,83,0,0,0,83
0xa89552,100%,0,83,83,0,0,0,83
0x9e3ce7,100%,0,14,14,0,0,0,14
0xa50d22,100%,0,88,88,0,0,0,88
0x900a07,100%,0,438,438,0,0,0,438
0x8d236a,100%,0,5,5,5,0,0,0
0xa21dd7,100%,0,2,2,0,0,0,2
0x5f8cdc,100%,0,44,44,0,0,0,44
0x9814b4,100%,0,18,18,0,0,0,18
0x5bb730,100%,0,23,23,0,0,0,23
0x5bb680,100%,0,23,23,0,0,0,23
0xa282ff,100%,0,10,10,10,0,0,0
0x83a9f9,100%,0,4,4,0,0,0,4
0xa374ab,100%,0,10,10,0,0,0,10
0x976e81,100%,0,34,34,34,0,0,0
0x901aa4,100%,0,252,252,0,0,0,252
0x90a18d,100%,0,1026,1026,1026,0,0,0
0x5bb64a,100%,0,23,23,0,0,0,23
0x985125,100%,0,4,4,0,0,0,4
0x9850e9,100%,0,4,4,0,0,0,4
0x64f215,100%,0,17,17,0,0,0,17
0xad6c5a,100%,0,2,2,0,0,0,2
0xa06039,100%,0,4,4,0,0,0,4
0xa4736c,100%,0,11,11,0,0,0,11
0xa0b938,100%,0,1,1,0,0,0,1
0xa96b27,100%,0,3,3,3,0,0,0
0xa90fc5,100%,0,195,195,0,0,0,195
0x679f1d,100%,0,6,6,0,0,0,6
0xa3295a,100%,0,1,1,1,0,0,0
0x491bf4,100%,0,1,1,1,0,0,0
0xa21f37,100%,0,2,2,0,0,0,2
0x5467f5,100%,0,2,2,0,0,0,2
0x5575fc,100%,0,27,27,0,0,0,27
0x4878ec,100%,0,2,2,0,0,0,2
0x98133c,100%,0,13,13,13,0,0,0
0x5af26f,100%,0,6,6,0,0,0,6
0x5eb90a,100%,0,854,854,0,0,0,854
0x542be7,100%,0,2,2,2,0,0,0
0x98c98d,100%,0,109,109,0,0,0,109
0x9e3d6c,100%,0,174,174,174,0,0,0
0x543f5f,100%,0,218,218,218,0,0,0
0x8f5634,100%,0,191,191,0,0,0,191
0x81396f,100%,0,44,44,0,0,0,44
0x647933,100%,0,64,64,64,0,0,0
0x5dfaab,100%,0,14,14,14,0,0,0
0x5dfa8d,100%,0,14,14,14,0,0,0
0x9e7223,100%,0,33,33,0,0,0,33
0xa96a42,100%,0,37,37,0,0,0,37
0x5f8af7,100%,0,8,8,8,0,0,0
0x681591,100%,0,144,144,0,0,0,144
0xaa40de,100%,0,14,14,0,0,0,14
0x5df81d,100%,0,14,14,14,0,0,0
0x5df7fd,100%,0,14,14,0,0,0,14
0x48f4a0,100%,0,3,3,3,0,0,0
0x8f11e9,100%,0,40,40,0,0,0,40
0x533a73,100%,0,9,9,9,0,0,0
0x5f0cf7,100%,0,34,34,0,0,0,34
0xa0f30c,100%,0,6,6,0,0,0,6
0xa0f283,100%,0,6,6,6,0,0,0
0xa0f27c,100%,0,6,6,0,0,0,6
0xa0f1cc,100%,0,6,6,0,0,0,6
0xa96617,100%,0,8,8,0,0,0,8
0x50ce44,100%,0,52,52,0,0,0,52
0x81e418,100%,0,215,215,0,0,0,215
0xa0f18c,100%,0,6,6,0,0,0,6
0x649424,100%,0,2,2,2,0,0,0
0x98b383,100%,0,5,5,0,0,0,5
0xa3fd57,100%,0,6,6,0,0,0,6
0xa3992c,100%,0,14,14,0,0,0,14
0x5bbaba,100%,0,6,6,0,0,0,6
0x5467d2,100%,0,2,2,0,0,0,2
0x8f6469,100%,0,371,371,0,0,0,371
0x54678c,100%,0,2,2,0,0,0,2
0xa0b9fd,100%,0,1,1,0,0,0,1
0x9e4139,100%,0,613,613,0,0,0,613
0xa0b9e2,100%,0,1,1,0,0,0,1
0xa0b9c9,100%,0,2,2,2,0,0,0
0xa39715,100%,0,14,14,0,0,0,14
0x7b0179,100%,0,6,6,0,0,0,6
0x78189f,100%,0,4,4,4,0,0,0
0xa39499,100%,0,14,14,0,0,0,14
0x8e3dac,100%,0,159,159,0,0,0,159
0xa0b9aa,100%,0,3,3,0,0,0,3
0x9ff5ca,100%,0,40,40,0,0,0,40
0x918a9c,100%,0,200,200,0,0,0,200
0x9e54bf,100%,0,169,169,169,0,0,0
0x80ad3b,100%,0,2,2,2,0,0,0
0x5d0c95,100%,0,8,8,8,0,0,0
0x65170d,100%,0,39,39,39,0,0,0
0x8ef6d6,100%,0,135,135,0,0,0,135
0x81afa9,100%,0,2,2,0,0,0,2
0x8e4a72,100%,0,178,178,0,0,0,178
0x8dfe6f,100%,0,260,260,0,0,0,260
0x98146b,100%,0,8,8,8,0,0,0
0x8fd20f,100%,0,6,6,0,0,0,6
0xa95e31,100%,0,12,12,0,0,0,12
0x9799ef,100%,0,8,8,0,0,0,8
0x9cfc7d,100%,0,8,8,0,0,0,8
0x9cfc3c,100%,0,8,8,8,0,0,0
0x8dc46f,100%,0,4,4,0,0,0,4
0xa7238b,100%,0,4,4,0,0,0,4
0x9e6e1b,100%,0,6,6,6,0,0,0
0x5d2a81,100%,0,8,8,8,0,0,0
0x5bb7a6,100%,0,967,967,0,0,0,967
0xb22fdd,100%,0,154,154,0,0,0,154
0x4c403f,100%,0,204,204,204,0,0,0
0x810450,100%,0,554,554,0,0,0,554
0x6f1721,100%,0,12,12,0,0,0,12
0x97ac8d,100%,0,14,14,14,0,0,0
0x97abd1,100%,0,14,14,0,0,0,14
0x97ab38,100%,0,14,14,14,0,0,0
0xb30533,100%,0,5,5,0,0,0,5
0x80a37b,100%,0,4,4,0,0,0,4
0x8f38a1,100%,0,116,116,0,0,0,116
0x94c8e6,100%,0,40,40,0,0,0,40
0x98082a,100%,0,11,11,0,0,0,11
0x980821,100%,0,11,11,0,0,0,11
0x65c6c1,100%,0,4,4,0,0,0,4
0x489f99,100%,0,155,155,0,0,0,155
0xa56168,100%,0,126,126,0,0,0,126
0x677d19,100%,0,819,819,819,0,0,0
0x5f2f3b,100%,0,1,1,0,0,0,1
0x7d4185,100%,0,12,12,0,0,0,12
0x8f6e0f,100%,0,22,22,22,0,0,0
0x5e5ce3,100%,0,3,3,3,0,0,0
0x5d98d6,100%,0,8,8,8,0,0,0
0x8ddc0f,100%,0,112,112,0,0,0,112
0x5ffb9e,100%,0,46,46,0,0,0,46
0xa35cb9,100%,0,836,836,0,0,0,836
0x5ec559,100%,0,8,8,0,0,0,8
0x5ec539,100%,0,8,8,8,0,0,0
0x5ec518,100%,0,8,8,8,0,0,0
0x9e7cfe,100%,0,24,24,0,0,0,24
0x4a9bd7,100%,0,10,10,0,0,0,10
0xa925a7,100%,0,10,10,0,0,0,10
0x555f03,100%,0,2,2,0,0,0,2
0x4b5228,100%,0,260,260,0,0,0,260
0x5ecdc0,100%,0,8,8,0,0,0,8
0x5ec5d6,100%,0,8,8,8,0,0,0
0x4ada4f,100%,0,5,5,5,0,0,0
0x5f9599,100%,0,8,8,8,0,0,0
0x4a04ac,100%,0,16,16,0,0,0,16
0x5d981d,100%,0,8,8,0,0,0,8
0x5d980e,100%,0,8,8,0,0,0,8
0x5d4b44,100%,0,8,8,8,0,0,0
0x8f0d89,100%,0,40,40,0,0,0,40
0x5d3d3a,100%,0,8,8,8,0,0,0
0x4a97b0,100%,0,4,4,0,0,0,4
0xaa034d,100%,0,121,121,0,0,0,121
0xa01914,100%,0,4,4,4,0,0,0
0x699443,100%,0,1,1,1,0,0,0
0x699471,100%,0,1,1,0,0,0,1
0x9d0e17,100%,0,22,22,22,0,0,0
0x7d1d9b,100%,0,1,1,0,0,0,1
0x9f7d8a,100%,0,9,9,0,0,0,9
0x8a5125,100%,0,2,2,0,0,0,2
0xa459b0,100%,0,33,33,33,0,0,0
0x9e16e0,100%,0,2,2,2,0,0,0
0x4951e8,100%,0,1,1,0,0,0,1
0x7d29d9,100%,0,5,5,0,0,0,5
0x7817ed,100%,0,4,4,0,0,0,4
0x98d0bb,100%,0,7,7,0,0,0,7
0x50250a,100%,0,223,223,223,0,0,0
0x506ae0,100%,0,2,2,2,0,0,0
0xa33c48,100%,0,72,72,0,0,0,72
0xb90265,100%,0,5,5,0,0,0,5
0x8be63a,100%,0,18,18,0,0,0,18
0x99131a,100%,0,17,17,0,0,0,17
0x7d2b86,100%,0,13,13,13,0,0,0
0x9e052e,100%,0,58,58,0,0,0,58
0x8bd9ba,100%,0,13,13,13,0,0,0
0x7e207f,100%,0,13,13,0,0,0,13
0x7d2b49,100%,0,13,13,0,0,0,13
0x482eb7,100%,0,19,19,0,0,0,19
0x9d0b15,100%,0,51,51,0,0,0,51
0x7d27ed,100%,0,4,4,0,0,0,4
0x7d21c5,100%,0,4,4,0,0,0,4
0xa37425,100%,0,32,32,32,0,0,0
0x9f6510,100%,0,179,179,0,0,0,179
0x50aac7,100%,0,10,10,0,0,0,10
0x9eaaa9,100%,0,2,2,0,0,0,2
0x554797,100%,0,63,63,63,0,0,0
0x8d429a,100%,0,11,11,11,0,0,0
0x4a25af,100%,0,6,6,0,0,0,6
0xa042de,100%,0,2,2,0,0,0,2
0x4a25a2,100%,0,6,6,0,0,0,6
0x53e8a0,100%,0,5,5,0,0,0,5
0xa3eee7,100%,0,8,8,0,0,0,8
0x815b64,100%,0,41,41,0,0,0,41
0x780225,100%,0,156,156,156,0,0,0
0x47f8c2,100%,0,18,18,0,0,0,18
0x69904a,100%,0,1,1,1,0,0,0
0x9fe90b,100%,0,37,37,0,0,0,37
0x9a7bb4,100%,0,288,288,0,0,0,288
0x487e3f,100%,0,14,14,0,0,0,14
0x5f391b,100%,0,3,3,0,0,0,3
0x9ff6b3,100%,0,5,5,0,0,0,5
0x7d33fe,100%,0,12,12,0,0,0,12
0x7d3ea2,100%,0,3,3,0,0,0,3
0x8e483b,100%,0,1790,1790,0,0,0,1790
0x8c938c,100%,0,5,5,0,0,0,5
0xa478fd,100%,0,14,14,0,0,0,14
0x811e07,100%,0,3126,3126,0,0,0,3126
0x40497f,100%,0,259,259,0,0,0,259
0x5424c2,100%,0,1135,1135,1135,0,0,0
0x618a08,100%,0,70,70,70,0,0,0
0x808188,100%,0,27,27,0,0,0,27
0xa64c41,100%,0,2,2,2,0,0,0
0x67f40d,100%,0,2,2,0,0,0,2
0xaab489,100%,0,748,748,748,0,0,0
0x9913b2,100%,0,108,108,108,0,0,0
0x8bd769,100%,0,20,20,18,0,0,2
0x5b2c20,100%,0,2,2,0,0,0,2
0x7817c8,100%,0,63,63,0,0,0,63
0x7d1e4c,100%,0,65,65,0,0,0,65
0x68b11a,100%,0,4,4,0,0,0,4
0x6dce96,100%,0,4,4,0,0,0,4
0xa4eed3,100%,0,22,22,0,0,0,22
0x7d3746,100%,0,106,106,0,0,0,106
0x5fe7bb,100%,0,105,105,0,0,0,105
0x7d40bb,100%,0,53,53,0,0,0,53
0x8a6946,100%,0,152,152,0,0,0,152
0x4b5f99,100%,0,4,4,0,0,0,4
0x9e0543,100%,0,58,58,0,0,0,58
0x96c226,100%,0,26,26,0,0,0,26
0x973a30,100%,0,40,40,0,0,0,40
0x5f547a,100%,0,2,2,2,0,0,0
0x5b22e0,100%,0,6,6,0,0,0,6
0x7d1eeb,100%,0,4,4,0,0,0,4
0x509564,100%,0,7,7,7,0,0,0
0x96eb2a,100%,0,1,1,0,0,0,1
0x7d4400,100%,0,2,2,0,0,0,2
0x6dcec8,100%,0,4,4,4,0,0,0
0x692361,100%,0,22,22,22,0,0,0
0x9739b6,100%,0,40,40,0,0,0,40
0x6ebfdb,100%,0,1,1,0,0,0,1
0x793081,100%,0,10,10,0,0,0,10
0x9739a5,100%,0,40,40,0,0,0,40
0x918aee,100%,0,200,200,0,0,0,200
0x9fb010,100%,0,313,313,0,0,0,313
0x7efd2d,100%,0,72,72,0,0,0,72
0x97385b,100%,0,40,40,0,0,0,40
0x592580,100%,0,120,120,0,0,0,120
0xa8fb28,100%,0,170,170,0,0,0,170
0x977d57,100%,0,143,143,0,0,0,143
0xa98d8e,100%,0,2,2,0,0,0,2
0x6ed6dd,100%,0,1,1,1,0,0,0
0xa4a7c3,100%,0,2,2,2,0,0,0
0x59e8ef,100%,0,4,4,4,0,0,0
0x90bc37,100%,0,176,176,176,0,0,0
0x7d33b2,100%,0,12,12,0,0,0,12
0x97861c,100%,0,10,10,0,0,0,10
0xa99949,100%,0,2,2,0,0,0,2
0x641021,100%,0,2,2,2,0,0,0
0x6ed74e,100%,0,1,1,1,0,0,0
0x901fe4,100%,0,461,461,0,0,0,461
0x6ed76b,100%,0,1,1,0,0,0,1
0x8222c4,100%,0,273,273,0,0,0,273
0x6ed770,100%,0,1,1,1,0,0,0
0x7d3f20,100%,0,3,3,3,0,0,0
0x67ec55,100%,0,122,122,0,0,0,122
0x977d3a,100%,0,143,143,143,0,0,0
0x977d19,100%,0,149,149,149,0,0,0
0x977d11,100%,0,149,149,0,0,0,149
0x5b2b94,100%,0,2,2,2,0,0,0
0x7d3e1b,100%,0,3,3,3,0,0,0
0xa06049,100%,0,4,4,0,0,0,4
0x66f384,100%,0,2,2,2,0,0,0
0x977c55,100%,0,143,143,0,0,0,143
0xa47ac2,100%,0,19,19,0,0,0,19
0x9eca88,100%,0,9,9,4,0,0,5
0x6f09fc,100%,0,16,16,0,0,0,16
0x6d45bb,100%,0,145,145,0,0,0,145
0x8bbb9d,100%,0,37,37,0,0,0,37
0x409b74,100%,0,22,22,0,0,0,22
0xa017c2,100%,0,2,2,0,0,0,2
0x5f568a,100%,0,4,4,4,0,0,0
0x8c82d1,100%,0,32,32,0,0,0,32
0x8fcdd1,100%,0,44,44,0,0,0,44
0xa5eb38,100%,0,5,5,0,0,0,5
0xa5ebd4,100%,0,290,290,0,0,0,290
0x8fcde5,100%,0,44,44,44,0,0,0
0x82213d,100%,0,306,306,0,0,0,306
0x8172bb,100%,0,25,25,0,0,0,25
0xa974a5,100%,0,39,39,0,0,0,39
0x7d4257,100%,0,1,1,1,0,0,0
0x48b17b,100%,0,43,43,0,0,0,43
0xa55925,100%,0,2,2,2,0,0,0
0x9ea1af,100%,0,2,2,2,0,0,0
0x8fcea6,100%,0,44,44,0,0,0,44
0x8df8b4,100%,0,4,4,0,0,0,4
0x649c6c,100%,0,2,2,0,0,0,2
0x543860,100%,0,61,61,0,0,0,61
0x78079d,100%,0,8,8,0,0,0,8
0xa37251,100%,0,6,6,0,0,0,6
0x5a9678,100%,0,3,3,3,0,0,0
0x679821,100%,0,6,6,0,0,0,6
0xa99ca6,100%,0,4,4,0,0,0,4
0x8c7117,100%,0,2,2,2,0,0,0
0xa396f6,100%,0,14,14,0,0,0,14
0x69242e,100%,0,10,10,0,0,0,10
0x670826,100%,0,6,6,6,0,0,0
0x558e27,100%,0,88,88,0,0,0,88
0xa41213,100%,0,25,25,0,0,0,25
0x679fbe,100%,0,1794,1794,0,0,0,1794
0x66f64d,100%,0,3,3,0,0,0,3
0xa8abdf,100%,0,175,175,0,0,0,175
0xaa2f20,100%,0,102,102,0,0,0,102
0x9f16fa,100%,0,95,95,95,0,0,0
0x4a8539,100%,0,8,8,0,0,0,8
0x7e20a7,100%,0,13,13,13,0,0,0
0x8061c4,100%,0,2,2,2,0,0,0
0x96e816,100%,0,1,1,0,0,0,1
0x8c91f7,100%,0,2,2,2,0,0,0
0x809338,100%,0,2,2,0,0,0,2
0x49c849,100%,0,1,1,0,0,0,1
0x7dfc56,100%,0,8,8,0,0,0,8
0x8886a6,100%,0,22,22,22,0,0,0
0x833cbe,100%,0,2,2,0,0,0,2
0xa21062,100%,0,1,1,0,0,0,1
0x9e1a19,100%,0,46,46,0,0,0,46
0x4104d4,100%,0,22,22,0,0,0,22
0x540926,100%,0,12,12,12,0,0,0
0xaa571f,100%,0,93,93,0,0,0,93
0x5fe510,100%,0,4,4,0,0,0,4
0x8c8af7,100%,0,80,80,0,0,0,80
0xa21bc7,100%,0,2,2,0,0,0,2
0x90a405,100%,0,44,44,0,0,0,44
0x7be0b9,100%,0,4,4,0,0,0,4
0x7be088,100%,0,4,4,0,0,0,4
0x48fbd6,100%,0,4,4,0,0,0,4
0x90a410,100%,0,44,44,0,0,0,44
0x7bb927,100%,0,4,4,4,0,0,0
0x647976,100%,0,64,64,0,0,0,64
0xa596f9,100%,0,10,10,0,0,0,10
0x555b49,100%,0,3,3,0,0,0,3
0x63f6ce,100%,0,2,2,2,0,0,0
0x8c82fe,100%,0,30,30,0,0,0,30
0x5d8c3f,100%,0,10,10,10,0,0,0
0x90ab6a,100%,0,27,27,0,0,0,27
0x5beca2,100%,0,2,2,2,0,0,0
0x9117a7,100%,0,31,31,0,0,0,31
0x9117e5,100%,0,31,31,0,0,0,31
0x9e1616,100%,0,27,27,27,0,0,0
0xa052e7,100%,0,4,4,0,0,0,4
0x9aadd5,100%,0,79,79,0,0,0,79
0x686dc8,100%,0,83,83,0,0,0,83
0x6d44a7,100%,0,11,11,0,0,0,11
0x9e53ea,100%,0,39,39,0,0,0,39
0x9fc4f1,100%,0,14,14,14,0,0,0
0x49b053,100%,0,2,2,0,0,0,2
0x66f52a,100%,0,377,377,0,0,0,377
0x8aa859,100%,0,735,735,0,0,0,735
0x7829d3,100%,0,19,19,0,0,0,19
0xa528b9,100%,0,2,2,2,0,0,0
0x5afd04,100%,0,25,25,0,0,0,25
0x900b23,100%,0,336,336,336,0,0,0
0x99cf8f,100%,0,9,9,0,0,0,9
0x619ddd,100%,0,5,5,0,0,0,5
0x9f8392,100%,0,2,2,2,0,0,0
0x488e5c,100%,0,156,156,0,0,0,156
0xa35cce,100%,0,1215,1215,0,0,0,1215
0xa95b91,100%,0,130,130,0,0,0,130
0x67e33f,100%,0,80,80,0,0,0,80
0x810b87,100%,0,16,16,0,0,0,16
0x5d0fb5,100%,0,20,20,0,0,0,20
0x63f3de,100%,0,2,2,0,0,0,2
0x50a48c,100%,0,136,136,136,0,0,0
0x9eb06a,100%,0,109,109,0,0,0,109
0xa94b2a,100%,0,4,4,0,0,0,4
0xa5d1d5,100%,0,24,24,0,0,0,24
0x6752e2,100%,0,3,3,0,0,0,3
0x951cd1,100%,0,637,637,0,0,0,637
0xa06ac5,100%,0,2,2,2,0,0,0
0x64c26d,100%,0,118,118,0,0,0,118
0xa587db,100%,0,116,116,116,0,0,0
0x9ecdd4,100%,0,21,21,0,0,0,21
0x815256,100%,0,6,6,6,0,0,0
0x78949f,100%,0,8,8,0,0,0,8
0xa99f55,100%,0,10,10,0,0,0,10
0xa2124e,100%,0,8,8,0,0,0,8
0x9725db,100%,0,10,10,0,0,0,10
0xa3789f,100%,0,10,10,0,0,0,10
0x9a9f8c,100%,0,13,13,0,0,0,13
0x81c35b,100%,0,234,234,234,0,0,0
0x8ff96d,100%,0,96,96,96,0,0,0
0x973781,100%,0,40,40,40,0,0,0
0x9a9f84,100%,0,13,13,0,0,0,13
0x60c65d,100%,0,4,4,0,0,0,4
0xa90606,100%,0,57,57,0,0,0,57
0x90a66e,100%,0,44,44,0,0,0,44
0x9495cc,100%,0,564,564,0,0,0,564
0x7d1ed8,100%,0,4,4,0,0,0,4
0x60c3a9,100%,0,5,5,5,0,0,0
0x9a7ad9,100%,0,87,87,0,0,0,87
0x4c6d1a,100%,0,91,91,0,0,0,91
0x90a677,100%,0,44,44,0,0,0,44
0x8df628,100%,0,23,23,0,0,0,23
0x675106,100%,0,3,3,0,0,0,3
0x911217,100%,0,76,76,0,0,0,76
0x911226,100%,0,76,76,76,0,0,0
0x5f9262,100%,0,3,3,0,0,0,3
0x49022b,100%,0,54,54,0,0,0,54
0x5bce17,100%,0,964,964,964,0,0,0
0x4bc0e7,100%,0,15,15,15,0,0,0
0x60dc21,100%,0,60,60,0,0,0,60
0x670429,100%,0,133,133,0,0,0,133
0x490246,100%,0,6,6,0,0,0,6
0x80b86f,100%,0,2,2,0,0,0,2
0xa91876,100%,0,14,14,0,0,0,14
0xaa46a4,100%,0,245,245,245,0,0,0
0x480989,100%,0,19,19,0,0,0,19
0x5fbd10,100%,0,2,2,0,0,0,2
0x48f3da,100%,0,12,12,0,0,0,12
0x8089b4,100%,0,9,9,0,0,0,9
0x65b061,100%,0,13,13,13,0,0,0
0xa04216,100%,0,2,2,0,0,0,2
0x8eca48,100%,0,70,70,0,0,0,70
0x808af2,100%,0,2,2,0,0,0,2
0x48d786,100%,0,21,21,21,0,0,0
0x80d499,100%,0,110,110,0,0,0,110
0x48d719,100%,0,21,21,0,0,0,21
0xa721fe,100%,0,27,27,0,0,0,27
0x4850bc,100%,0,45,45,45,0,0,0
0x9f12f3,100%,0,10,10,0,0,0,10
0x490325,100%,0,54,54,0,0,0,54
0xa4d873,100%,0,121,121,0,0,0,121
0xa2d76c,100%,0,85,85,85,0,0,0
0x4beeea,100%,0,25,25,0,0,0,25
0x900ffa,100%,0,37,37,0,0,0,37
0xa2975a,100%,0,4,4,0,0,0,4
0x5f26af,100%,0,2,2,0,0,0,2
0xa3d0e3,100%,0,8,8,0,0,0,8
0x8a23ff,100%,0,2,2,0,0,0,2
0x5f648a,100%,0,2,2,0,0,0,2
0x8a8e9b,100%,0,4,4,0,0,0,4
0x835fae,100%,0,2,2,0,0,0,2
0x8d22bb,100%,0,249,249,0,0,0,249
0x6e4454,100%,0,16,16,0,0,0,16
0xa54308,100%,0,19,19,0,0,0,19
0x4a9b53,100%,0,2,2,2,0,0,0
0x83904b,100%,0,16,16,16,0,0,0
0x4a9aa0,100%,0,2,2,2,0,0,0
0xa4724b,100%,0,167,167,0,0,0,167
0x58d61f,100%,0,3,3,0,0,0,3
0x809375,100%,0,330,330,0,0,0,330
0x808191,100%,0,27,27,0,0,0,27
0x8081a8,100%,0,27,27,27,0,0,0
0x4859c7,100%,0,42,42,0,0,0,42
0x9a274d,100%,0,15,15,0,0,0,15
0x4a7da6,100%,0,1,1,1,0,0,0
0x9a3a35,100%,0,13,13,0,0,0,13
0x4a7d38,100%,0,1,1,1,0,0,0
0x9fc7f6,100%,0,220,220,0,0,0,220
0xa96921,100%,0,149,149,149,0,0,0
0xa28802,100%,0,16,16,0,0,0,16
0x69ddb9,100%,0,12,12,0,0,0,12
0x48fb0f,100%,0,3,3,0,0,0,3
0x808fb7,100%,0,223,223,223,0,0,0
0x5fa7f3,100%,0,69,69,0,0,0,69
0x48fabd,100%,0,3,3,0,0,0,3
0x48f5f1,100%,0,3,3,0,0,0,3
0x9bc758,100%,0,21,21,0,0,0,21
0x48f5d0,100%,0,3,3,3,0,0,0
0x4905cf,100%,0,3,3,0,0,0,3
0x48f977,100%,0,10,10,10,0,0,0
0x48f931,100%,0,10,10,0,0,0,10
0x6ec03d,100%,0,1,1,0,0,0,1
0xa58f0e,100%,0,119,119,0,0,0,119
0x6dcc06,100%,0,42,42,0,0,0,42
0x67ac40,100%,0,6,6,0,0,0,6
0x7d442b,100%,0,2,2,0,0,0,2
0x48f810,100%,0,18,18,0,0,0,18
0x48361e,100%,0,27,27,27,0,0,0
0x9d1c71,100%,0,2,2,0,0,0,2
0x6cfc35,100%,0,4,4,0,0,0,4
0x4905ef,100%,0,3,3,0,0,0,3
0x49c189,100%,0,95,95,0,0,0,95
0xa6553b,100%,0,4,4,4,0,0,0
0x6b45e9,100%,0,1,1,0,0,0,1
0x8063f3,100%,0,1,1,0,0,0,1
0xa9460f,100%,0,2,2,0,0,0,2
0x6ebffe,100%,0,1,1,0,0,0,1
0x9ea529,100%,0,108,108,0,0,0,108
0x5e206f,100%,0,3,3,0,0,0,3
0x6b45fa,100%,0,1,1,0,0,0,1
0x90bb59,100%,0,22,22,0,0,0,22
0x6ebfec,100%,0,1,1,0,0,0,1
0x5e4542,100%,0,121,121,121,0,0,0
0x8c9256,100%,0,2,2,2,0,0,0
0x6b4641,100%,0,1,1,0,0,0,1
0x4bc758,100%,0,94,94,0,0,0,94
0x58e744,100%,0,6,6,0,0,0,6
0x9a3a71,100%,0,2,2,0,0,0,2
0x4c74aa,100%,0,18,18,0,0,0,18
0x6ebdb8,100%,0,1,1,1,0,0,0
0x48f88b,100%,0,16,16,0,0,0,16
0x63f24b,100%,0,2,2,0,0,0,2
0xa94cb2,100%,0,4,4,0,0,0,4
0x96925d,100%,0,199,199,0,0,0,199
0x5fc09f,100%,0,2,2,0,0,0,2
0x677b81,100%,0,78,78,0,0,0,78
0xa470d2,100%,0,22,22,22,0,0,0
0x9bc6d5,100%,0,127,127,0,0,0,127
0xa584a1,100%,0,10,10,0,0,0,10
0x9bc692,100%,0,2,2,0,0,0,2
0x7180a4,100%,0,1,1,0,0,0,1
0x99ccef,100%,0,18,18,0,0,0,18
0x48f8dc,100%,0,22,22,0,0,0,22
0x6664c1,100%,0,30,30,0,0,0,30
0x48fac3,100%,0,3,3,0,0,0,3
0x4900f6,100%,0,10,10,0,0,0,10
0x58e2fa,100%,0,75,75,75,0,0,0
0x6a7864,100%,0,1,1,1,0,0,0
0xa2fcae,100%,0,224,224,0,0,0,224
0xa8fa73,100%,0,85,85,0,0,0,85
0x8e3606,100%,0,2,2,0,0,0,2
0x9f3cc6,100%,0,10,10,0,0,0,10
0x59611c,100%,0,13,13,0,0,0,13
0x900c01,100%,0,334,334,334,0,0,0
0xa9f0cf,100%,0,4,4,0,0,0,4
0x6497ef,100%,0,2,2,2,0,0,0
0x6a78b5,100%,0,1,1,0,0,0,1
0x99f307,100%,0,127,127,127,0,0,0
0x510249,100%,0,236,236,0,0,0,236
0x48fd60,100%,0,10,10,10,0,0,0
0x48fa26,100%,0,10,10,10,0,0,0
0x8c832d,100%,0,11,11,0,0,0,11
0x900be5,100%,0,334,334,0,0,0,334
0x491c93,100%,0,1,1,1,0,0,0
0x545a7a,100%,0,8,8,0,0,0,8
0x8a34f8,100%,0,2,2,0,0,0,2
0xa46bfe,100%,0,217,217,217,0,0,0
0x58d925,100%,0,6,6,6,0,0,0
0x97b79e,100%,0,69,69,0,0,0,69
0x5d68cd,100%,0,3,3,3,0,0,0
0x99f1df,100%,0,20,20,0,0,0,20
0x70e8cf,100%,0,6,6,0,0,0,6
0x9731c7,100%,0,42,42,0,0,0,42
0x70d740,100%,0,3,3,3,0,0,0
0x7d1648,100%,0,65,65,65,0,0,0
0x4ca6ec,100%,0,2,2,0,0,0,2
0x483c4d,100%,0,19,19,19,0,0,0
0x4023c0,100%,0,53,53,0,0,0,53
0x6d11de,100%,0,4,4,0,0,0,4
0x9ecefc,100%,0,33,33,0,0,0,33
0x682cf7,100%,0,12,12,12,0,0,0
0x48ae09,100%,0,891,891,0,0,0,891
0xa58c4d,100%,0,29,29,0,0,0,29
0x682e5a,100%,0,12,12,0,0,0,12
0x502dda,100%,0,19,19,0,0,0,19
0x64b53a,100%,0,12,12,0,0,0,12
0xa063f9,100%,0,2,2,0,0,0,2
0x99f200,100%,0,20,20,20,0,0,0
0x9a1be5,100%,0,203,203,0,0,0,203
0x80f196,100%,0,442,442,0,0,0,442
0x48ef16,100%,0,331,331,0,0,0,331
0x67e4f2,100%,0,22,22,0,0,0,22
0xa5f29e,100%,0,4,4,0,0,0,4
0x441597,100%,0,11,11,0,0,0,11
0x4b589f,100%,0,270,270,0,0,0,270
0x5d1373,100%,0,4,4,4,0,0,0
0xa36d85,100%,0,42,42,0,0,0,42
0x9ecbed,100%,0,4,4,4,0,0,0
0x7d3dc0,100%,0,3,3,0,0,0,3
0x48eadc,100%,0,1103,1103,0,0,0,1103
0x5a875f,100%,0,2,2,0,0,0,2
0x81f620,100%,0,4,4,0,0,0,4
0x666114,100%,0,1,1,1,0,0,0
0x5bc176,100%,0,1402,1402,0,0,0,1402
0x69243b,100%,0,10,10,0,0,0,10
0xa3d6a6,100%,0,8,8,0,0,0,8
0x5f53ef,100%,0,12,12,0,0,0,12
0x977f3a,100%,0,40,40,0,0,0,40
0xa2d2ef,100%,0,4,4,0,0,0,4
0xa1a302,100%,0,9,9,0,0,0,9
0x55723f,100%,0,18,18,0,0,0,18
0x67cf01,100%,0,14,14,14,0,0,0
0x6071f7,100%,0,20,20,0,0,0,20
0x8c8852,100%,0,4,4,4,0,0,0
0x8f201d,100%,0,39,39,39,0,0,0
0x5f5467,100%,0,25,25,25,0,0,0
0x5f5395,100%,0,2,2,0,0,0,2
0xa985fa,100%,0,2,2,2,0,0,0
0x973285,100%,0,40,40,0,0,0,40
0xa06a1d,100%,0,2,2,0,0,0,2
0x6cfbef,100%,0,4,4,4,0,0,0
0x973222,100%,0,40,40,0,0,0,40
0x4ab518,100%,0,6,6,0,0,0,6
0x5f3e48,100%,0,1,1,0,0,0,1
0xa31084,100%,0,4,4,0,0,0,4
0xa31fae,100%,0,36,36,0,0,0,36
0x4c3b82,100%,0,4,4,4,0,0,0
0x8f3232,100%,0,12,12,0,0,0,12
0xa993dc,100%,0,3,3,0,0,0,3
0xa5130d,100%,0,12,12,0,0,0,12
0x5e06c6,100%,0,4,4,0,0,0,4
0xa15a21,100%,0,476,476,476,0,0,0
0xa311f2,100%,0,216,216,216,0,0,0
0xa5493f,100%,0,452,452,452,0,0,0
0xa95d50,100%,0,574,574,0,0,0,574
0x9d0016,100%,0,5,5,5,0,0,0
0x648e8f,100%,0,2,2,2,0,0,0
0x402f18,100%,0,6,6,0,0,0,6
0x65a077,100%,0,253,253,0,0,0,253
0x6675b9,100%,0,2,2,2,0,0,0
0x81e9d1,100%,0,76,76,0,0,0,76
0x8f6cb8,100%,0,45,45,0,0,0,45
0x6deb4f,100%,0,4,4,4,0,0,0
0x9f0e55,100%,0,36,36,0,0,0,36
0x6196d3,100%,0,75,75,0,0,0,75
0x90f89f,100%,0,2,2,2,0,0,0
0x9fe196,100%,0,25,25,0,0,0,25
0x9e790e,100%,0,122,122,0,0,0,122
0x6e4474,100%,0,16,16,16,0,0,0
0x5f8a0f,100%,0,8,8,8,0,0,0
0x4aae24,100%,0,40,40,0,0,0,40
0x40f83b,100%,0,212,212,0,0,0,212
0x816515,100%,0,52,52,52,0,0,0
0x9027d0,100%,0,12,12,0,0,0,12
0x53ef5d,100%,0,154,154,0,0,0,154
0x48fca1,100%,0,4,4,4,0,0,0
0x4a659b,100%,0,3,3,0,0,0,3
0x9a67e4,100%,0,2,2,0,0,0,2
0x809156,100%,0,513,513,0,0,0,513
0x90a907,100%,0,83,83,83,0,0,0
0x9784ae,100%,0,459,459,459,0,0,0
0x4ab4d7,100%,0,31,31,31,0,0,0
0x9aae2a,100%,0,37,37,0,0,0,37
0x9d1cd2,100%,0,22,22,22,0,0,0
0xa97af7,100%,0,2,2,0,0,0,2
0xa398ac,100%,0,14,14,14,0,0,0
0x978476,100%,0,459,459,0,0,0,459
0x686832,100%,0,159,159,0,0,0,159
0x552b22,100%,0,28,28,0,0,0,28
0x6d1ef3,100%,0,33,33,0,0,0,33
0x5f7595,100%,0,129,129,0,0,0,129
0x5b4306,100%,0,20,20,0,0,0,20
0x88dede,100%,0,2,2,0,0,0,2
0x590465,100%,0,430,430,0,0,0,430
0x409d2e,100%,0,21,21,0,0,0,21
0x5c4fa9,100%,0,166,166,0,0,0,166
0x486ef2,100%,0,2,2,0,0,0,2
0x48f018,100%,0,129,129,0,0,0,129
0x639c85,100%,0,600,600,600,0,0,0
0x48f0fe,100%,0,129,129,0,0,0,129
0xa18aac,100%,0,43,43,0,0,0,43
0x813166,100%,0,846,846,0,0,0,846
0x50d673,100%,0,575,575,0,0,0,575
0x5c4585,100%,0,876,876,0,0,0,876
0x48f120,100%,0,129,129,0,0,0,129
0x904998,100%,0,185,185,185,0,0,0
0x90e7e8,100%,0,30,30,0,0,0,30
0xa8540b,100%,0,5,5,0,0,0,5
0x7c9d1f,100%,0,4,4,0,0,0,4
0x5f4d5d,100%,0,2,2,2,0,0,0
0x44154e,100%,0,11,11,0,0,0,11
0x4946a7,100%,0,2,2,2,0,0,0
0x666d49,100%,0,4,4,0,0,0,4
0x9cfcb8,100%,0,36,36,0,0,0,36
0x67564c,100%,0,1,1,0,0,0,1
0x90fd56,100%,0,280,280,0,0,0,280
0x7c8398,100%,0,4,4,4,0,0,0
0x722e4b,100%,0,22,22,0,0,0,22
0x8fce4b,100%,0,215,215,0,0,0,215
0x49cb36,100%,0,6,6,6,0,0,0
0x80a489,100%,0,2,2,0,0,0,2
0xa94cae,100%,0,4,4,0,0,0,4
0x49caf5,100%,0,216,216,216,0,0,0
0x6ccfec,100%,0,6,6,0,0,0,6
0x9c3b4b,100%,0,8,8,0,0,0,8
0x4c72f9,100%,0,18,18,18,0,0,0
0x99f454,100%,0,13,13,0,0,0,13
0xa06551,100%,0,31,31,0,0,0,31
0x9bd665,100%,0,24,24,0,0,0,24
0x67553d,100%,0,2,2,0,0,0,2
0x49c724,100%,0,457,457,0,0,0,457
0x4a1b55,100%,0,23,23,0,0,0,23
0x951da4,100%,0,11,11,11,0,0,0
0x49c3b2,100%,0,6,6,6,0,0,0
0x4c8ac8,100%,0,133,133,133,0,0,0
0x9a62b0,100%,0,137,137,137,0,0,0
0x49eed9,100%,0,56,56,0,0,0,56
0x68a9b3,100%,0,1,1,0,0,0,1
0x5b9b59,100%,0,56,56,0,0,0,56
0x63f204,100%,0,2,2,2,0,0,0
0xa36c52,100%,0,2,2,0,0,0,2
0x641108,100%,0,2,2,2,0,0,0
0x682360,100%,0,34,34,0,0,0,34
0x90f897,100%,0,2,2,0,0,0,2
0x682371,100%,0,34,34,0,0,0,34
0x50a117,100%,0,9,9,0,0,0,9
0x682380,100%,0,34,34,0,0,0,34
0x40ceda,100%,0,2,2,2,0,0,0
0x63f38c,100%,0,1379,1379,0,0,0,1379
0x495121,100%,0,1,1,1,0,0,0
0x63f2e9,100%,0,2,2,0,0,0,2
0x63f298,100%,0,2,2,0,0,0,2
0x666f5e,100%,0,2,2,0,0,0,2
0x5f1371,100%,0,3,3,0,0,0,3
0x80e6de,100%,0,83,83,0,0,0,83
0x4ab159,100%,0,6,6,0,0,0,6
0xa69e14,100%,0,4,4,0,0,0,4
0x8dacfb,100%,0,44,44,0,0,0,44
0x6ccfab,100%,0,6,6,0,0,0,6
0x9a80b1,100%,0,90,90,0,0,0,90
0x8edac7,100%,0,126,126,0,0,0,126
0x6ccfbc,100%,0,6,6,0,0,0,6
0x6ccfcb,100%,0,6,6,0,0,0,6
0x666f4d,100%,0,2,2,0,0,0,2
0x8088aa,100%,0,231,231,0,0,0,231
0x6389a6,100%,0,1204,1204,1204,0,0,0
0x91896f,100%,0,2,2,0,0,0,2
0x81e7d2,100%,0,5177,5177,0,0,0,5177
0x98c733,100%,0,36,36,0,0,0,36
0x9edd7d,100%,0,138,138,138,0,0,0
0x98c94a,100%,0,109,109,0,0,0,109
0x44168e,100%,0,11,11,0,0,0,11
0xb3041c,100%,0,5,5,0,0,0,5
0x5c7898,100%,0,80,80,0,0,0,80
0x4a7d76,100%,0,1,1,1,0,0,0
0x4bbc67,100%,0,121,121,121,0,0,0
0x638df0,100%,0,547,547,0,0,0,547
0x99cf99,100%,0,9,9,0,0,0,9
0x98c9f0,100%,0,109,109,0,0,0,109
0xa5ebe1,100%,0,280,280,0,0,0,280
0x5556ae,100%,0,55,55,55,0,0,0
0x943a16,100%,0,5,5,0,0,0,5
0x5c7951,100%,0,80,80,80,0,0,0
0x94d856,100%,0,30,30,30,0,0,0
0x5089d7,100%,0,4,4,0,0,0,4
0x944a5c,100%,0,70,70,70,0,0,0
0x6815c2,100%,0,6,6,0,0,0,6
0x917af1,100%,0,200,200,0,0,0,200
0x98c944,100%,0,109,109,0,0,0,109
0x5b605e,100%,0,1,1,0,0,0,1
0x4b9472,100%,0,2,2,0,0,0,2
0x40b042,100%,0,2,2,0,0,0,2
0xa0263e,100%,0,27,27,27,0,0,0
0x4c76f4,100%,0,4,4,4,0,0,0
0xa8ab7a,100%,0,83,83,0,0,0,83
0x8aab30,100%,0,19,19,0,0,0,19
0x4c3441,100%,0,23,23,23,0,0,0
0x404727,100%,0,8,8,8,0,0,0
0x809e1a,100%,0,151,151,0,0,0,151
0xaadde0,100%,0,2,2,2,0,0,0
0xa31507,100%,0,52,52,44,0,0,8
0xa2e2a4,100%,0,64,64,0,0,0,64
0x9ee018,100%,0,165,165,0,0,0,165
0xacda59,100%,0,2,2,0,0,0,2
0x666cf5,100%,0,6,6,6,0,0,0
0x481c92,100%,0,9,9,9,0,0,0
0x49de5a,100%,0,98,98,0,0,0,98
0x49ad33,100%,0,6,6,0,0,0,6
0x4ca0b3,100%,0,2,2,2,0,0,0
0x557205,100%,0,160,160,160,0,0,0
0x402e36,100%,0,172,172,0,0,0,172
0x8d3fe8,100%,0,13,13,0,0,0,13
0xa39a49,100%,0,19,19,0,0,0,19
0x8df5c3,100%,0,40,40,0,0,0,40
0x482a08,100%,0,9,9,9,0,0,0
0x627e5b,100%,0,23,23,0,0,0,23
0x490ddf,100%,0,6,6,0,0,0,6
0x99e2d2,100%,0,13,13,13,0,0,0
0x9498fa,100%,0,53,53,0,0,0,53
0x8bd66f,100%,0,6,6,0,0,0,6
0xb2e6c7,100%,0,46,46,0,0,0,46
0x40bd9b,100%,0,4,4,0,0,0,4
0x4bd113,100%,0,10,10,10,0,0,0
0x8a34fd,100%,0,2,2,0,0,0,2
0x975000,100%,0,6,6,0,0,0,6
0x65bc8c,100%,0,505,505,0,0,0,505
0x639ae6,100%,0,200,200,0,0,0,200
0x8080dc,100%,0,2,2,0,0,0,2
0x90b866,100%,0,961,961,961,0,0,0
0x80d530,100%,0,88,88,88,0,0,0
0x666cc6,100%,0,2,2,0,0,0,2
0x54430e,100%,0,57,57,57,0,0,0
0x404976,100%,0,9,9,0,0,0,9
0x503585,100%,0,2,2,2,0,0,0
0x8173b9,100%,0,92,92,0,0,0,92
0x9fbf97,100%,0,306,306,0,0,0,306
0x8fd4f6,100%,0,273,273,0,0,0,273
0x5ebdab,100%,0,7,7,0,0,0,7
0x9f3904,100%,0,4,4,0,0,0,4
0xa380e5,100%,0,5,5,0,0,0,5
0x48ec92,100%,0,15,15,0,0,0,15
0x9d0644,100%,0,62,62,0,0,0,62
0x9e88b2,100%,0,5,5,0,0,0,5
0x40b029,100%,0,2,2,2,0,0,0
0x5d19bc,100%,0,110,110,110,0,0,0
0x6663ed,100%,0,2,2,0,0,0,2
0xa302cb,100%,0,195,195,0,0,0,195
0x5b067f,100%,0,2,2,0,0,0,2
0x8aeb4b,100%,0,7,7,0,0,0,7
0x90aebb,100%,0,119,119,119,0,0,0
0x8ae92b,100%,0,7,7,0,0,0,7
0x5f0ae0,100%,0,1,1,0,0,0,1
0x606f1a,100%,0,10,10,0,0,0,10
0x88e620,100%,0,25,25,0,0,0,25
0x9091b9,100%,0,1126,1126,1126,0,0,0
0xa36777,100%,0,54,54,0,0,0,54
0x485831,100%,0,12,12,0,0,0,12
0x59f59a,100%,0,4,4,0,0,0,4
0x8aea2f,100%,0,217,217,217,0,0,0
0x90d4dd,100%,0,599,599,0,0,0,599
0x8f3a71,100%,0,174,174,0,0,0,174
0x90d472,100%,0,302,302,302,0,0,0
0x63aea7,100%,0,241,241,241,0,0,0
0x7807a9,100%,0,8,8,0,0,0,8
0x8f54b0,100%,0,12,12,0,0,0,12
0x6f1646,100%,0,12,12,12,0,0,0
0x951b61,100%,0,9,9,0,0,0,9
0x8e9cd9,100%,0,5,5,0,0,0,5
0x9782c1,100%,0,19,19,0,0,0,19
0x78e057,100%,0,43,43,0,0,0,43
0xa3ef2c,100%,0,8,8,0,0,0,8
0xaa6407,100%,0,90,90,0,0,0,90
0xaa640c,100%,0,90,90,0,0,0,90
0x904214,100%,0,20,20,0,0,0,20
0x70c2b5,100%,0,6,6,0,0,0,6
0xa95683,100%,0,4,4,4,0,0,0
0x5bc237,100%,0,283,283,0,0,0,283
0x7b8905,100%,0,2,2,2,0,0,0
0x672323,100%,0,2,2,0,0,0,2
0x998913,100%,0,1,1,0,0,0,1
0x9abe6e,100%,0,180,180,0,0,0,180
0x63ce47,100%,0,200,200,200,0,0,0
0x90bf5b,100%,0,119,119,119,0,0,0
0xa2e035,100%,0,249,249,0,0,0,249
0x550fff,100%,0,21,21,0,0,0,21
0x90b30a,100%,0,131,131,0,0,0,131
0x5bd6fc,100%,0,315,315,0,0,0,315
0x88e53b,100%,0,39,39,39,0,0,0
0xa96522,100%,0,4,4,0,0,0,4
0x722a5f,100%,0,81,81,0,0,0,81
0x5f53ea,100%,0,12,12,0,0,0,12
0x8ad409,100%,0,2,2,2,0,0,0
0xa18028,100%,0,261,261,0,0,0,261
0x492e5a,100%,0,1,1,0,0,0,1
0x506e36,100%,0,1,1,0,0,0,1
0x5905d5,100%,0,18,18,0,0,0,18
0x8c8e3f,100%,0,8,8,0,0,0,8
0xa15f3e,100%,0,12,12,0,0,0,12
0x486d2a,100%,0,93,93,93,0,0,0
0x4a7696,100%,0,403,403,0,0,0,403
0x8ee779,100%,0,170,170,0,0,0,170
0x91165d,100%,0,201,201,0,0,0,201
0x9f015b,100%,0,2,2,0,0,0,2
0x8bdcb3,100%,0,7,7,0,0,0,7
0x5df0ec,100%,0,1552,1552,0,0,0,1552
0x908b27,100%,0,961,961,961,0,0,0
0x72363b,100%,0,1446,1446,0,0,0,1446
0x8fcd6b,100%,0,357,357,0,0,0,357
0x534ce1,100%,0,20,20,20,0,0,0
0x8ad520,100%,0,2,2,0,0,0,2
0x5ff5ab,100%,0,8,8,0,0,0,8
0x90aaa7,100%,0,961,961,961,0,0,0
0x9089cb,100%,0,961,961,961,0,0,0
0x9eefb1,100%,0,6,6,6,0,0,0
0x49ce10,100%,0,22,22,22,0,0,0
0x9fe5a9,100%,0,94,94,94,0,0,0
0x403cb5,100%,0,105,105,0,0,0,105
0xa04c44,100%,0,38,38,38,0,0,0
0x409f76,100%,0,14,14,14,0,0,0
0x7c7551,100%,0,6,6,6,0,0,0
0x403ce1,100%,0,113,113,0,0,0,113
0xa042c1,100%,0,1,1,0,0,0,1
0x90fd9f,100%,0,16,16,16,0,0,0
0x918a7e,100%,0,2,2,0,0,0,2
0x95b86c,100%,0,4,4,4,0,0,0
0x980794,100%,0,11,11,11,0,0,0
0x81ae88,100%,0,2,2,0,0,0,2
0x915830,100%,0,2,2,2,0,0,0
0x951868,100%,0,341,341,0,0,0,341
0x8ee7b3,100%,0,170,170,0,0,0,170
0x4858cc,100%,0,3,3,0,0,0,3
0x5ba095,100%,0,10,10,0,0,0,10
0x8164b9,100%,0,2,2,2,0,0,0
0x8ddb19,100%,0,112,112,0,0,0,112
0x590cd9,100%,0,20,20,20,0,0,0
0x8ad608,100%,0,2,2,0,0,0,2
0x554eda,100%,0,142,142,0,0,0,142
0x8ad5ff,100%,0,2,2,0,0,0,2
0x96ebcf,100%,0,1,1,1,0,0,0
0x4914de,100%,0,1,1,0,0,0,1
0x665a07,100%,0,130,130,0,0,0,130
0x90d03a,100%,0,163,163,0,0,0,163
0x610220,100%,0,33,33,33,0,0,0
0xa8a873,100%,0,83,83,0,0,0,83
0x9064d5,100%,0,110,110,110,0,0,0
0x81b143,100%,0,32,32,0,0,0,32
0x7f37a2,100%,0,15,15,0,0,0,15
0x8bf154,100%,0,2,2,0,0,0,2
0xa5b01f,100%,0,3,3,0,0,0,3
0xa340ac,100%,0,25,25,25,0,0,0
0x8a612c,100%,0,270,270,0,0,0,270
0x7e1cb0,100%,0,2,2,0,0,0,2
0x49146d,100%,0,158,158,0,0,0,158
0x918e37,100%,0,200,200,200,0,0,0
0x5576db,100%,0,444,444,0,0,0,444
0x54fcbc,100%,0,1,1,0,0,0,1
0x554f00,100%,0,142,142,0,0,0,142
0x48719c,100%,0,2,2,0,0,0,2
0xa48d00,100%,0,167,167,167,0,0,0
0x510524,100%,0,1248,1248,0,0,0,1248
0x9e21ea,100%,0,104,104,0,0,0,104
0xa51936,100%,0,17,17,0,0,0,17
0x7d23c7,100%,0,1,1,1,0,0,0
0xb6a10d,100%,0,5,5,0,0,0,5
0x5ff24e,100%,0,117,117,0,0,0,117
0x90a74a,100%,0,74,74,0,0,0,74
0x409d01,100%,0,91,91,0,0,0,91
0xaa25b4,100%,0,22,22,0,0,0,22
0x5bad98,100%,0,2,2,0,0,0,2
0x8bf18c,100%,0,2,2,0,0,0,2
0xace0d3,100%,0,2,2,0,0,0,2
0x9ec45a,100%,0,3,3,3,0,0,0
0xa99f45,100%,0,10,10,0,0,0,10
0x409bad,100%,0,20,20,20,0,0,0
0x8df5e1,100%,0,40,40,0,0,0,40
0x4c1058,100%,0,24,24,0,0,0,24
0x9f7c11,100%,0,13,13,0,0,0,13
0x822254,100%,0,273,273,0,0,0,273
0x8d9d99,100%,0,83,83,83,0,0,0
0xa2eab6,100%,0,4,4,4,0,0,0
0x4aaf09,100%,0,11,11,0,0,0,11
0x7c5d50,100%,0,14,14,0,0,0,14
0x9a8220,100%,0,14,14,14,0,0,0
0x90a984,100%,0,74,74,0,0,0,74
0x8bf170,100%,0,2,2,0,0,0,2
0x972c90,100%,0,28,28,0,0,0,28
0x9ecd88,100%,0,10,10,10,0,0,0
0x5fc4d5,100%,0,48,48,48,0,0,0
0x5904a3,100%,0,71,71,0,0,0,71
0x80badb,100%,0,119,119,0,0,0,119
0x40995c,100%,0,177,177,0,0,0,177
0xa44015,100%,0,64,64,64,0,0,0
0x94bc5c,100%,0,16,16,0,0,0,16
0x5b9e11,100%,0,53,53,53,0,0,0
0x83be07,100%,0,1,1,0,0,0,1
0x64abdf,100%,0,8,8,0,0,0,8
0x4c5161,100%,0,1,1,1,0,0,0
0x5baa65,100%,0,397,397,0,0,0,397
0xa2f3d6,100%,0,2,2,0,0,0,2
0x5bae3f,100%,0,2,2,2,0,0,0
0x97340c,100%,0,40,40,0,0,0,40
0x90e4a4,100%,0,603,603,0,0,0,603
0x65a0df,100%,0,1504,1504,1504,0,0,0
0x97ba8e,100%,0,12,12,0,0,0,12
0x901a42,100%,0,252,252,0,0,0,252
0x5ff4f0,100%,0,4,4,0,0,0,4
0x5dcebc,100%,0,133,133,0,0,0,133
0x78e8e0,100%,0,56,56,56,0,0,0
0x984184,100%,0,9,9,0,0,0,9
0x9f802c,100%,0,14,14,0,0,0,14
0x9f5aa4,100%,0,80,80,0,0,0,80
0x4c70c5,100%,0,18,18,0,0,0,18
0x8e02dd,100%,0,285,285,0,0,0,285
0x9fe6c7,100%,0,40,40,0,0,0,40
0x8ee224,100%,0,183,183,0,0,0,183
0x496233,100%,0,6,6,0,0,0,6
0x9e11bc,100%,0,26,26,0,0,0,26
0xa9b90b,100%,0,6,6,6,0,0,0
0x5f07fc,100%,0,2,2,0,0,0,2
0x7cf679,100%,0,8,8,0,0,0,8
0x99cf17,100%,0,9,9,0,0,0,9
0x90e11c,100%,0,30,30,0,0,0,30
0x5dec50,100%,0,1241,1241,0,0,0,1241
0x504a18,100%,0,7,7,7,0,0,0
0x5eb870,100%,0,44,44,44,0,0,0
0x9ed88a,100%,0,64,64,0,0,0,64
0x90139b,100%,0,50,50,0,0,0,50
0x983f92,100%,0,64,64,0,0,0,64
0x64ba16,100%,0,1397,1397,0,0,0,1397
0x558dd6,100%,0,22,22,0,0,0,22
0x49c1e4,100%,0,95,95,95,0,0,0
0x8f1884,100%,0,192,192,0,0,0,192
0x9012c2,100%,0,180,180,180,0,0,0
0x558e5c,100%,0,22,22,0,0,0,22
0x6f4611,100%,0,6,6,0,0,0,6
0x6b4668,100%,0,1,1,0,0,0,1
0x49bf36,100%,0,6,6,6,0,0,0
0x8be45c,100%,0,18,18,0,0,0,18
0x5c33d7,100%,0,8,8,0,0,0,8
0x7dfc8b,100%,0,8,8,0,0,0,8
0x90e27f,100%,0,160,160,160,0,0,0
0x4b8330,100%,0,9,9,0,0,0,9
0x647577,100%,0,21,21,0,0,0,21
0x8f1034,100%,0,40,40,0,0,0,40
0xb313dd,100%,0,225,225,0,0,0,225
0x5f1fc0,100%,0,3,3,3,0,0,0
0xa37980,100%,0,10,10,10,0,0,0
0x639006,100%,0,18,18,0,0,0,18
0x4a868d,100%,0,5,5,5,0,0,0
0x4bd23b,100%,0,2,2,0,0,0,2
0x9e88cc,100%,0,30,30,30,0,0,0
0xa55d63,100%,0,4,4,0,0,0,4
0x7dfc3f,100%,0,8,8,0,0,0,8
0x9049fc,100%,0,185,185,0,0,0,185
0x6a3ac7,100%,0,38,38,0,0,0,38
0xb4a007,100%,0,1,1,0,0,0,1
0x90a9c2,100%,0,57,57,0,0,0,57
0x6750ed,100%,0,3,3,0,0,0,3
0x8fd297,100%,0,2,2,2,0,0,0
0x81d0f5,100%,0,6,6,0,0,0,6
0xa02cdf,100%,0,63,63,0,0,0,63
0x5095cd,100%,0,160,160,160,0,0,0
0x96e88d,100%,0,1,1,1,0,0,0
0xb14838,100%,0,4258,4258,0,0,0,4258
0x9ec01a,100%,0,10,10,10,0,0,0
0xb23bb2,100%,0,346,346,0,0,0,346
0x7aca7e,100%,0,32,32,0,0,0,32
0x969287,100%,0,175,175,0,0,0,175
0xa9d18e,100%,0,165,165,0,0,0,165
0x9fcc6b,100%,0,7,7,0,0,0,7
0x9ab2e3,100%,0,916,916,0,0,0,916
0x404c12,100%,0,21,21,0,0,0,21
0x5eb8e1,100%,0,854,854,0,0,0,854
0x95b7c5,100%,0,4,4,4,0,0,0
0x6667e1,100%,0,2,2,0,0,0,2
0x6994a9,100%,0,1,1,0,0,0,1
0x9c3eea,100%,0,32,32,0,0,0,32
0x679115,100%,0,61,61,0,0,0,61
0x9d0696,100%,0,34,34,0,0,0,34
0xa5c88f,100%,0,18,18,0,0,0,18
0x7aee2b,100%,0,6,6,0,0,0,6
0xa58c74,100%,0,29,29,29,0,0,0
0x6a3b08,100%,0,26,26,0,0,0,26
0x9a9467,100%,0,2,2,2,0,0,0
0x9a944a,100%,0,20,20,18,0,0,2
0xa021eb,100%,0,27,27,0,0,0,27
0x8df376,100%,0,24,24,24,0,0,0
0x78086d,100%,0,18,18,0,0,0,18
0xa535b5,100%,0,8,8,0,0,0,8
0xa944ca,100%,0,29,29,0,0,0,29
0x80512e,100%,0,2,2,0,0,0,2
0x67ac2b,100%,0,6,6,0,0,0,6
0x680591,100%,0,19,19,0,0,0,19
0x99c658,100%,0,151,151,0,0,0,151
0x945290,100%,0,226,226,0,0,0,226
0x680584,100%,0,19,19,0,0,0,19
0x4c9300,100%,0,16,16,0,0,0,16
0x4a64c6,100%,0,8,8,0,0,0,8
0x919192,100%,0,200,200,200,0,0,0
0x49056c,100%,0,3,3,0,0,0,3
0x90f892,100%,0,2,2,0,0,0,2
0x9f55c7,100%,0,66,66,66,0,0,0
0x58cd39,100%,0,51,51,0,0,0,51
0x90d08e,100%,0,163,163,0,0,0,163
0x65af2e,100%,0,13,13,0,0,0,13
0x590c35,100%,0,20,20,20,0,0,0
0x68373b,100%,0,81,81,0,0,0,81
0x4c8b10,100%,0,133,133,0,0,0,133
0x4ba04e,100%,0,24,24,0,0,0,24
0x6809e1,100%,0,491,491,0,0,0,491
0x88e981,100%,0,39,39,0,0,0,39
0xa6c6fb,100%,0,27,27,0,0,0,27
0x4ad2d3,100%,0,20,20,0,0,0,20
0xa9cd58,100%,0,8,8,0,0,0,8
0x6797c1,100%,0,6,6,0,0,0,6
0x6a3a4f,100%,0,64,64,0,0,0,64
0x48737d,100%,0,2,2,0,0,0,2
0x80c9b5,100%,0,10,10,0,0,0,10
0x9173b8,100%,0,2,2,0,0,0,2
0x80ca78,100%,0,282,282,0,0,0,282
0x40ab45,100%,0,6,6,0,0,0,6
0x4415ae,100%,0,11,11,0,0,0,11
0xa0248e,100%,0,470,470,0,0,0,470
0xa4116d,100%,0,8,8,0,0,0,8
0x8ef2b0,100%,0,48,48,48,0,0,0
0x4048a7,100%,0,29,29,0,0,0,29
0xa48dba,100%,0,178,178,178,0,0,0
0x8e9630,100%,0,2,2,0,0,0,2
0x904251,100%,0,410,410,410,0,0,0
0xa02511,100%,0,1763,1763,1763,0,0,0
0x494d9c,100%,0,158,158,0,0,0,158
0x973716,100%,0,5,5,5,0,0,0
0x8e03b0,100%,0,1140,1140,0,0,0,1140
0x67a005,100%,0,6,6,6,0,0,0
0x40a382,100%,0,2,2,2,0,0,0
0x4a57c8,100%,0,55,55,0,0,0,55
0x680de9,100%,0,95,95,0,0,0,95
0x5e5f0f,100%,0,1003,1003,1003,0,0,0
0x678df7,100%,0,23,23,0,0,0,23
0x638f91,100%,0,338,338,338,0,0,0
0x4ba6d5,100%,0,31,31,31,0,0,0
0x48701e,100%,0,138,138,0,0,0,138
0x8089c0,100%,0,9,9,9,0,0,0
0x814959,100%,0,330,330,0,0,0,330
0x90cafb,100%,0,119,119,0,0,0,119
0x60e5d0,100%,0,1,1,0,0,0,1
0x4ad31c,100%,0,20,20,0,0,0,20
0x59f5b8,100%,0,4,4,4,0,0,0
0x9fe8e9,100%,0,40,40,0,0,0,40
0x6d04e3,100%,0,50,50,0,0,0,50
0x9be96d,100%,0,16,16,0,0,0,16
0x9f588f,100%,0,394,394,0,0,0,394
0xa97661,100%,0,114,114,114,0,0,0
0x5915f9,100%,0,3,3,0,0,0,3
0x9a1486,100%,0,69,69,0,0,0,69
0x90dca1,100%,0,30,30,0,0,0,30
0x556045,100%,0,242,242,0,0,0,242
0x402256,100%,0,1710,1710,0,0,0,1710
0x9ab8aa,100%,0,255,255,255,0,0,0
0x7b30d8,100%,0,36,36,36,0,0,0
0x9f876a,100%,0,3,3,0,0,0,3
0xa36ca0,100%,0,4,4,4,0,0,0
0x9fe548,100%,0,134,134,134,0,0,0
0x558026,100%,0,1141,1141,1141,0,0,0
0x49c7ee,100%,0,56,56,0,0,0,56
0x409e7a,100%,0,16,16,16,0,0,0
0xa52e66,100%,0,9,9,0,0,0,9
0xa45e95,100%,0,64,64,0,0,0,64
0x8aaad2,100%,0,19,19,19,0,0,0
0x90e2fd,100%,0,603,603,0,0,0,603
0x409d42,100%,0,13,13,0,0,0,13
0x9782cf,100%,0,19,19,19,0,0,0
0xa2827b,100%,0,126,126,126,0,0,0
0x4a8782,100%,0,53,53,0,0,0,53
0x901ca5,100%,0,234,234,0,0,0,234
0x90e347,100%,0,67,67,0,0,0,67
0x90e6c3,100%,0,911,911,911,0,0,0
0xa021c5,100%,0,27,27,0,0,0,27
0x678c8c,100%,0,1794,1794,0,0,0,1794
0x6a3a96,100%,0,26,26,0,0,0,26
0x49985a,100%,0,33,33,0,0,0,33
0x5cd6a7,100%,0,5,5,5,0,0,0
0x81c665,100%,0,1167,1167,0,0,0,1167
0x8e4da6,100%,0,509,509,509,0,0,0
0xa04248,100%,0,2,2,0,0,0,2
0x8f392e,100%,0,803,803,803,0,0,0
0x65a1f7,100%,0,254,254,0,0,0,254
0x5465ee,100%,0,4,4,0,0,0,4
0xa90286,100%,0,38,38,38,0,0,0
0x495b0f,100%,0,1,1,0,0,0,1
0x61026e,100%,0,33,33,0,0,0,33
0xa997bb,100%,0,2,2,2,0,0,0
0x490da9,100%,0,6,6,0,0,0,6
0x54d9c6,100%,0,39,39,0,0,0,39
0x5bae68,100%,0,2,2,0,0,0,2
0x9e5404,100%,0,39,39,39,0,0,0
0x8eb038,100%,0,6,6,0,0,0,6
0x4c2738,100%,0,49,49,49,0,0,0
0x51061e,100%,0,1,1,0,0,0,1
0x8dee48,100%,0,14,14,14,0,0,0
0x492df1,100%,0,2,2,2,0,0,0
0x8da82a,100%,0,6,6,6,0,0,0
0x488c43,100%,0,196,196,0,0,0,196
0x8f5024,100%,0,9,9,0,0,0,9
0x681e39,100%,0,144,144,144,0,0,0
0x4bf0d5,100%,0,188,188,0,0,0,188
0x9c539c,100%,0,8,8,0,0,0,8
0x6a3aa7,100%,0,26,26,26,0,0,0
0x9aaefa,100%,0,45,45,0,0,0,45
0x53903e,100%,0,132,132,0,0,0,132
0x5b2827,100%,0,2,2,0,0,0,2
0x58ee43,100%,0,2,2,0,0,0,2
0x8fe93a,100%,0,28,28,0,0,0,28
0x58ee2f,100%,0,2,2,2,0,0,0
0x58ee06,100%,0,2,2,0,0,0,2
0x58edef,100%,0,2,2,0,0,0,2
0x8f1969,100%,0,48,48,0,0,0,48
0x9f5af8,100%,0,12,12,0,0,0,12
0x9fc6c9,100%,0,10,10,0,0,0,10
0x5fa54a,100%,0,40,40,0,0,0,40
0x58ed88,100%,0,2,2,2,0,0,0
0x58ed44,100%,0,2,2,0,0,0,2
0xa482d9,100%,0,8,8,0,0,0,8
0x5b2878,100%,0,2,2,0,0,0,2
0x5b2851,100%,0,2,2,0,0,0,2
0xaa4a4f,100%,0,3,3,0,0,0,3
0xa60cd2,100%,0,3,3,0,0,0,3
0x5b27e1,100%,0,2,2,0,0,0,2
0x5b5d46,100%,0,2,2,2,0,0,0
0xa39fb9,100%,0,65,65,0,0,0,65
0x49bcdc,100%,0,35,35,0,0,0,35
0x9f830e,100%,0,11,11,0,0,0,11
0x5b4a1a,100%,0,2,2,0,0,0,2
0x5df7f5,100%,0,14,14,0,0,0,14
0x5b1bf0,100%,0,2,2,0,0,0,2
0x5b33fd,100%,0,2,2,2,0,0,0
0x5b33cd,100%,0,2,2,0,0,0,2
0x63aa66,100%,0,200,200,0,0,0,200
0x8f3039,100%,0,17,17,0,0,0,17
0x638e0e,100%,0,547,547,0,0,0,547
0x490ded,100%,0,6,6,0,0,0,6
0x490dbd,100%,0,6,6,6,0,0,0
0x99f0fc,100%,0,12,12,12,0,0,0
0x647d05,100%,0,27,27,0,0,0,27
0xad0630,100%,0,2,2,0,0,0,2
0xa47c35,100%,0,39,39,0,0,0,39
0x7cf742,100%,0,14,14,14,0,0,0
0x9f6c80,100%,0,10,10,0,0,0,10
0x58be96,100%,0,12,12,12,0,0,0
0x8ea07e,100%,0,3,3,0,0,0,3
0xa0b9ce,100%,0,1,1,0,0,0,1
0x606df0,100%,0,8,8,0,0,0,8
0xa02423,100%,0,539,539,0,0,0,539
0x99bdf0,100%,0,13,13,0,0,0,13
0x96b1b8,100%,0,907,907,907,0,0,0
0xa4ff97,100%,0,76,76,0,0,0,76
0x9ed867,100%,0,64,64,64,0,0,0
0x98515a,100%,0,4,4,0,0,0,4
0x490d7f,100%,0,6,6,6,0,0,0
0x9b909e,100%,0,9,9,9,0,0,0
0xa33f19,100%,0,109,109,0,0,0,109
0x47f32c,100%,0,33,33,33,0,0,0
0x58d1d3,100%,0,20,20,20,0,0,0
0x58dd34,100%,0,2,2,2,0,0,0
0x4024c5,100%,0,2,2,2,0,0,0
0xa486c6,100%,0,242,242,0,0,0,242
0x58d17c,100%,0,2,2,0,0,0,2
0xa47489,100%,0,42,42,42,0,0,0
0x5b292a,100%,0,2,2,0,0,0,2
0xa472d1,100%,0,42,42,0,0,0,42
0x5f1046,100%,0,36,36,36,0,0,0
0x58ee97,100%,0,2,2,2,0,0,0
0xa96211,100%,0,24,24,0,0,0,24
0x8f12c4,100%,0,40,40,40,0,0,0
0x8e72e8,100%,0,331,331,0,0,0,331
0x54cf1f,100%,0,3,3,3,0,0,0
0x59fc21,100%,0,1,1,1,0,0,0
0x494017,100%,0,2,2,0,0,0,2
0x6105c7,100%,0,93,93,0,0,0,93
0xa48597,100%,0,41,41,0,0,0,41
0xace383,100%,0,2,2,0,0,0,2
0x5018af,100%,0,1,1,1,0,0,0
0x493ea4,100%,0,2,2,2,0,0,0
0xa96d44,100%,0,21,21,0,0,0,21
0xa8f808,100%,0,4,4,0,0,0,4
0xa48541,100%,0,56,56,0,0,0,56
0x9a1e1e,100%,0,126,126,0,0,0,126
0x94edc2,100%,0,30,30,0,0,0,30
0x54d024,100%,0,4,4,0,0,0,4
0xa52dc4,100%,0,354,354,0,0,0,354
0xace0fb,100%,0,2,2,2,0,0,0
0xa9f366,100%,0,3,3,0,0,0,3
0xaa5d5b,100%,0,1,1,0,0,0,1
0x54d433,100%,0,7,7,0,0,0,7
0x97351a,100%,0,12,12,0,0,0,12
0x44659d,100%,0,586,586,0,0,0,586
0x5b5eba,100%,0,4,4,4,0,0,0
0x5f2f8e,100%,0,1,1,0,0,0,1
0x9f645c,100%,0,179,179,0,0,0,179
0x5be815,100%,0,21,21,21,0,0,0
0x44148e,100%,0,582,582,0,0,0,582
0x5a96f4,100%,0,8,8,0,0,0,8
0x44146e,100%,0,582,582,0,0,0,582
0x8e799a,100%,0,240,240,0,0,0,240
0xace0ea,100%,0,2,2,0,0,0,2
0xa63cdd,100%,0,2,2,0,0,0,2
0x490d32,100%,0,6,6,6,0,0,0
0xa39f9a,100%,0,65,65,0,0,0,65
0x505a67,100%,0,4,4,0,0,0,4
0xa46cd0,100%,0,96,96,0,0,0,96
0x490c0e,100%,0,6,6,0,0,0,6
0xaa1273,100%,0,4,4,0,0,0,4
0x490bf1,100%,0,6,6,0,0,0,6
0x8dc453,100%,0,4,4,4,0,0,0
0xa9a1f9,100%,0,15,15,0,0,0,15
0x5b0190,100%,0,21,21,0,0,0,21
0x51b1e9,100%,0,2,2,0,0,0,2
0x5afee4,100%,0,21,21,21,0,0,0
0x5bb70c,100%,0,23,23,0,0,0,23
0x5afe97,100%,0,21,21,0,0,0,21
0x5afe86,100%,0,21,21,0,0,0,21
0x4c8b1e,100%,0,133,133,133,0,0,0
0x5abdf0,100%,0,9,9,0,0,0,9
0xa5432f,100%,0,19,19,0,0,0,19
0x5afe40,100%,0,21,21,0,0,0,21
0x9a0a3b,100%,0,28,28,0,0,0,28
0xa53aa6,100%,0,2,2,0,0,0,2
0x8dc275,100%,0,324,324,0,0,0,324
0x5afdd9,100%,0,25,25,25,0,0,0
0x6ed6c0,100%,0,1,1,0,0,0,1
0xb23001,100%,0,154,154,154,0,0,0
0x4bee2b,100%,0,58,58,0,0,0,58
0x58deff,100%,0,16,16,0,0,0,16
0x5ae2dc,100%,0,25,25,25,0,0,0
0x9d37cf,100%,0,51,51,51,0,0,0
0x8a5e86,100%,0,139,139,0,0,0,139
0x95605d,100%,0,1,1,1,0,0,0
0x8deb46,100%,0,6,6,6,0,0,0
0x8d467d,100%,0,10,10,10,0,0,0
0x9564a7,100%,0,1,1,1,0,0,0
0x9e4904,100%,0,18,18,18,0,0,0
0x5ef756,100%,0,1,1,0,0,0,1
0x5ef72c,100%,0,1,1,1,0,0,0
0x5ef716,100%,0,1,1,1,0,0,0
0x8e48d5,100%,0,260,260,260,0,0,0
0xaaaab7,100%,0,1,1,0,0,0,1
0xaaaae7,100%,0,21,21,21,0,0,0
0x8f3dfb,100%,0,386,386,0,0,0,386
0x49491e,100%,0,209,209,0,0,0,209
0x9e21d7,100%,0,104,104,0,0,0,104
0xad6e37,100%,0,2,2,2,0,0,0
0x95609f,100%,0,1,1,1,0,0,0
0x9bdeb4,100%,0,2,2,0,0,0,2
0x956049,100%,0,1,1,0,0,0,1
0x9e1af6,100%,0,118,118,0,0,0,118
0xa5bac5,100%,0,72,72,0,0,0,72
0x9e1a37,100%,0,120,120,0,0,0,120
0x9735ff,100%,0,9,9,0,0,0,9
0x8f3e31,100%,0,295,295,0,0,0,295
0x4886db,100%,0,1069,1069,0,0,0,1069
0x781868,100%,0,500,500,0,0,0,500
0x6673de,100%,0,40,40,0,0,0,40
0x495a9d,100%,0,1,1,1,0,0,0
0x492d99,100%,0,2,2,0,0,0,2
0x481c6d,100%,0,1,1,1,0,0,0
0x9fb884,100%,0,306,306,0,0,0,306
0x8f5385,100%,0,185,185,185,0,0,0
0x5fa7ee,100%,0,69,69,0,0,0,69
0xb22bc1,100%,0,1868,1868,0,0,0,1868
0x8df6a9,100%,0,2,2,0,0,0,2
0x4946bd,100%,0,4,4,0,0,0,4
0xa4710b,100%,0,19,19,0,0,0,19
0x4945f7,100%,0,2,2,0,0,0,2
0xa47102,100%,0,19,19,0,0,0,19
0xa470f8,100%,0,19,19,0,0,0,19
0x9ab32c,100%,0,420,420,0,0,0,420
0x593003,100%,0,1,1,0,0,0,1
0x7bb9fc,100%,0,8,8,0,0,0,8
0xa41533,100%,0,25,25,0,0,0,25
0x9fcf11,100%,0,25,25,0,0,0,25
0x54053a,100%,0,2,2,0,0,0,2
0xa414d9,100%,0,25,25,0,0,0,25
0x5f4c17,100%,0,1,1,1,0,0,0
0x67329e,100%,0,19,19,19,0,0,0
0xaadd89,100%,0,2,2,0,0,0,2
0xb22b85,100%,0,1868,1868,1868,0,0,0
0x5f4c92,100%,0,1,1,0,0,0,1
0x487e08,100%,0,14,14,0,0,0,14
0xa4feda,100%,0,4,4,0,0,0,4
0xa160c9,100%,0,8,8,0,0,0,8
0x5f4f22,100%,0,1,1,0,0,0,1
0x81b81b,100%,0,12,12,12,0,0,0
0xa65536,100%,0,4,4,0,0,0,4
0x5f1c84,100%,0,7,7,7,0,0,0
0x40b4e7,100%,0,2,2,2,0,0,0
0x81a92a,100%,0,827,827,0,0,0,827
0x8ebb78,100%,0,487,487,487,0,0,0
0x5f4dcc,100%,0,2,2,0,0,0,2
0xab5b3e,100%,0,2,2,2,0,0,0
0xa410ad,100%,0,35,35,0,0,0,35
0xa44138,100%,0,86,86,86,0,0,0
0x8ade04,100%,0,2,2,2,0,0,0
0x48a615,100%,0,45,45,0,0,0,45
0x9a9135,100%,0,14,14,0,0,0,14
0x6116b9,100%,0,10,10,0,0,0,10
0x6514b1,100%,0,82,82,82,0,0,0
0x5efb53,100%,0,5,5,0,0,0,5
0x6514f9,100%,0,82,82,0,0,0,82
0x481c1e,100%,0,9,9,0,0,0,9
0x815a60,100%,0,139,139,0,0,0,139
0x7ce7eb,100%,0,12,12,12,0,0,0
0xa06a4b,100%,0,2,2,0,0,0,2
0x9ec377,100%,0,40,40,40,0,0,0
0xa5956a,100%,0,21,21,21,0,0,0
0xa41106,100%,0,27,27,27,0,0,0
0xa44170,100%,0,64,64,0,0,0,64
0xa39488,100%,0,14,14,0,0,0,14
0x73d8f9,100%,0,3,3,3,0,0,0
0x97136f,100%,0,5,5,0,0,0,5
0xa41054,100%,0,45,45,45,0,0,0
0xa0298b,100%,0,229,229,229,0,0,0
0x8e363a,100%,0,4,4,0,0,0,4
0xa47316,100%,0,42,42,0,0,0,42
0xa074cd,100%,0,46,46,0,0,0,46
0x88e06f,100%,0,6,6,6,0,0,0
0x8162da,100%,0,45,45,45,0,0,0
0x8e16bf,100%,0,32,32,32,0,0,0
0x678e32,100%,0,23,23,0,0,0,23
0xa41011,100%,0,45,45,45,0,0,0
0x8f6a0b,100%,0,363,363,0,0,0,363
0x95b89c,100%,0,4,4,0,0,0,4
0xa344b0,100%,0,170,170,170,0,0,0
0xa474ce,100%,0,42,42,0,0,0,42
0x5086f5,100%,0,11,11,11,0,0,0
0x5c6cd0,100%,0,583,583,0,0,0,583
0x481d2f,100%,0,2,2,2,0,0,0
0xa4677c,100%,0,12,12,0,0,0,12
0xb3042e,100%,0,5,5,0,0,0,5
0x5b33e6,100%,0,2,2,0,0,0,2
0x5efdf8,100%,0,1,1,0,0,0,1
0xaa2e46,100%,0,620,620,0,0,0,620
0x8ebf6f,100%,0,2,2,0,0,0,2
0xa44917,100%,0,52,52,52,0,0,0
0xaadd96,100%,0,2,2,2,0,0,0
0x5efb73,100%,0,1,1,1,0,0,0
0x9a0fa4,100%,0,6,6,0,0,0,6
0xa44855,100%,0,52,52,0,0,0,52
0x5a963e,100%,0,8,8,0,0,0,8
0x5abdf6,100%,0,9,9,9,0,0,0
0x8b9fda,100%,0,40,40,0,0,0,40
0x482393,100%,0,9,9,9,0,0,0
0x482328,100%,0,9,9,9,0,0,0
0xa446f1,100%,0,52,52,0,0,0,52
0xa6b664,100%,0,4,4,0,0,0,4
0x8e0e9b,100%,0,321,321,0,0,0,321
0x8a629e,100%,0,136,136,0,0,0,136
0xa1d74c,100%,0,2,2,0,0,0,2
0x983fc7,100%,0,8,8,0,0,0,8
0x5faacc,100%,0,1,1,0,0,0,1
0x8e9de8,100%,0,4,4,4,0,0,0
0x480975,100%,0,19,19,0,0,0,19
0x60bc37,100%,0,18,18,18,0,0,0
0x96a11c,100%,0,2,2,0,0,0,2
0xa480a1,100%,0,224,224,224,0,0,0
0x4c976a,100%,0,10,10,0,0,0,10
0x6672f0,100%,0,31,31,31,0,0,0
0x81e9d6,100%,0,76,76,76,0,0,0
0x9e2a8d,100%,0,74,74,74,0,0,0
0x4834f1,100%,0,27,27,27,0,0,0
0x483337,100%,0,29,29,29,0,0,0
0x9e8ad2,100%,0,145,145,0,0,0,145
0x4c680a,100%,0,12,12,0,0,0,12
0xa47263,100%,0,167,167,167,0,0,0
0x5b907f,100%,0,4,4,4,0,0,0
0xa4720e,100%,0,167,167,0,0,0,167
0x590d51,100%,0,20,20,0,0,0,20
0x9842e0,100%,0,12,12,12,0,0,0
0x5b8e42,100%,0,4,4,0,0,0,4
0x64decd,100%,0,4,4,4,0,0,0
0x487264,100%,0,138,138,138,0,0,0
0xa46df4,100%,0,257,257,0,0,0,257
0x5b8e14,100%,0,4,4,4,0,0,0
0xa39abf,100%,0,18,18,18,0,0,0
0x90eef8,100%,0,961,961,0,0,0,961
0x65be40,100%,0,12,12,12,0,0,0
0xa467f5,100%,0,328,328,0,0,0,328
0xa4675a,100%,0,346,346,346,0,0,0
0x666125,100%,0,1,1,0,0,0,1
0x58dbd5,100%,0,1,1,1,0,0,0
0xa33817,100%,0,4,4,0,0,0,4
0x9a6fd9,100%,0,9,9,0,0,0,9
0x8ebe0a,100%,0,18,18,0,0,0,18
0x8e38e3,100%,0,48,48,0,0,0,48
0xa4963c,100%,0,55,55,0,0,0,55
0xa99c8c,100%,0,4,4,0,0,0,4
0x9eeedc,100%,0,6,6,0,0,0,6
0x90be35,100%,0,961,961,0,0,0,961
0xa48b3e,100%,0,167,167,167,0,0,0
0x590ca2,100%,0,20,20,0,0,0,20
0x80947a,100%,0,848,848,848,0,0,0
0xa482e8,100%,0,8,8,0,0,0,8
0x8f6ce0,100%,0,45,45,0,0,0,45
0x483ba7,100%,0,19,19,0,0,0,19
0x9e0460,100%,0,211,211,0,0,0,211
0x590cb8,100%,0,18,18,0,0,0,18
0xa58343,100%,0,8,8,0,0,0,8
0xa29221,100%,0,16,16,0,0,0,16
0xad6e54,100%,0,2,2,0,0,0,2
0xad6dd9,100%,0,2,2,2,0,0,0
0x9ed9b4,100%,0,126,126,0,0,0,126
0x9a3a89,100%,0,2,2,0,0,0,2
0x96e75e,100%,0,1,1,0,0,0,1
0x8f6cc2,100%,0,45,45,0,0,0,45
0x590d21,100%,0,22,22,0,0,0,22
0x5b8f7b,100%,0,2,2,2,0,0,0
0x8f6cae,100%,0,45,45,0,0,0,45
0xa486bc,100%,0,242,242,0,0,0,242
0xa4836f,100%,0,242,242,242,0,0,0
0x483999,100%,0,29,29,0,0,0,29
0xa379a8,100%,0,10,10,0,0,0,10
0x4836b9,100%,0,27,27,0,0,0,27
0x976fe8,100%,0,2,2,2,0,0,0
0x5ae0ae,100%,0,27,27,27,0,0,0
0xa9ca3a,100%,0,10,10,0,0,0,10
0x49b1b1,100%,0,14,14,14,0,0,0
0x8ddf28,100%,0,46,46,0,0,0,46
0x808b81,100%,0,5,5,5,0,0,0
0x50a656,100%,0,14,14,0,0,0,14
0x9e408c,100%,0,4,4,0,0,0,4
0x8e39c5,100%,0,32,32,32,0,0,0
0x6674e9,100%,0,2,2,0,0,0,2
0xa4588c,100%,0,41,41,0,0,0,41
0x58bc90,100%,0,64,64,0,0,0,64
0x4825ed,100%,0,19,19,0,0,0,19
0x481929,100%,0,29,29,0,0,0,29
0xa45982,100%,0,51,51,51,0,0,0
0xaabb9c,100%,0,4,4,4,0,0,0
0x9f8546,100%,0,9,9,0,0,0,9
0xaabb7d,100%,0,8,8,0,0,0,8
0x446590,100%,0,4,4,0,0,0,4
0x446588,100%,0,4,4,0,0,0,4
0x483178,100%,0,29,29,0,0,0,29
0xa45a78,100%,0,86,86,86,0,0,0
0x99e552,100%,0,13,13,13,0,0,0
0x814912,100%,0,330,330,0,0,0,330
0x8ddf64,100%,0,32,32,0,0,0,32
0xa55d56,100%,0,4,4,0,0,0,4
0x590e98,100%,0,23,23,0,0,0,23
0x88a042,100%,0,17,17,0,0,0,17
0x481592,100%,0,19,19,19,0,0,0
0xa29495,100%,0,16,16,16,0,0,0
0xa4959c,100%,0,102,102,102,0,0,0
0x9a2373,100%,0,20,20,0,0,0,20
0x8efeae,100%,0,9,9,9,0,0,0
0x4813e0,100%,0,19,19,19,0,0,0
0x4813d3,100%,0,19,19,0,0,0,19
0x946178,100%,0,19,19,0,0,0,19
0x96999a,100%,0,39,39,39,0,0,0
0xa066dd,100%,0,45,45,0,0,0,45
0x8bd8a1,100%,0,20,20,0,0,0,20
0x9a3183,100%,0,270,270,0,0,0,270
0x5c3649,100%,0,718,718,718,0,0,0
0xa06fc5,100%,0,9,9,0,0,0,9
0x81e4d0,100%,0,13,13,13,0,0,0
0x8a8853,100%,0,12,12,0,0,0,12
0x4b75e5,100%,0,11,11,11,0,0,0
0xa4670a,100%,0,16,16,16,0,0,0
0x8bd887,100%,0,19,19,19,0,0,0
0x5b8d34,100%,0,4,4,0,0,0,4
0x4b6ef1,100%,0,28,28,0,0,0,28
0xa3d911,100%,0,8,8,0,0,0,8
0xaaae32,100%,0,186,186,0,0,0,186
0x555e16,100%,0,420,420,0,0,0,420
0x9a8a50,100%,0,62,62,62,0,0,0
0x5408a8,100%,0,6,6,0,0,0,6
0x5e353e,100%,0,1519,1519,0,0,0,1519
0xa45643,100%,0,12,12,0,0,0,12
0xa58773,100%,0,116,116,116,0,0,0
0x90d227,100%,0,599,599,0,0,0,599
0x8e39af,100%,0,32,32,0,0,0,32
0x6432a3,100%,0,34,34,0,0,0,34
0x804e5b,100%,0,2,2,0,0,0,2
0x61dc4f,100%,0,20,20,0,0,0,20
0xa05e2c,100%,0,6,6,6,0,0,0
0x67f3dd,100%,0,2,2,0,0,0,2
0x4831d4,100%,0,116,116,0,0,0,116
0x7d2fc5,100%,0,65,65,0,0,0,65
0x80b11c,100%,0,2,2,0,0,0,2
0x4bbd45,100%,0,56,56,56,0,0,0
0x64f3a6,100%,0,22,22,22,0,0,0
0x94357a,100%,0,75,75,0,0,0,75
0x4a5c61,100%,0,4,4,0,0,0,4
0x80af42,100%,0,35,35,35,0,0,0
0xa97473,100%,0,20,20,0,0,0,20
0xb17ad4,100%,0,715,715,715,0,0,0
0x9f5bc7,100%,0,4,4,0,0,0,4
0x88a11d,100%,0,22,22,0,0,0,22
0xa491a6,100%,0,30,30,30,0,0,0
0x88a109,100%,0,22,22,0,0,0,22
0x48067a,100%,0,9,9,0,0,0,9
0x815f1d,100%,0,2,2,0,0,0,2
0x8eb027,100%,0,6,6,0,0,0,6
0x494e4d,100%,0,1,1,0,0,0,1
0x889ff1,100%,0,22,22,0,0,0,22
0xa07fee,100%,0,1,1,0,0,0,1
0x8f28c7,100%,0,44,44,0,0,0,44
0x88a22c,100%,0,39,39,0,0,0,39
0x8886e9,100%,0,22,22,0,0,0,22
0x8878c4,100%,0,1,1,0,0,0,1
0xa99963,100%,0,1,1,0,0,0,1
0x4bcb3b,100%,0,12,12,0,0,0,12
0x5960c1,100%,0,13,13,0,0,0,13
0x80af06,100%,0,2,2,0,0,0,2
0x943ae8,100%,0,9,9,9,0,0,0
0x99ce6f,100%,0,9,9,9,0,0,0
0xa43a2d,100%,0,201,201,201,0,0,0
0x5b1017,100%,0,9,9,9,0,0,0
0x98cb07,100%,0,226,226,0,0,0,226
0x5b613c,100%,0,1,1,0,0,0,1
0x63f420,100%,0,2,2,0,0,0,2
0xa2e2cf,100%,0,38,38,38,0,0,0
0x5a9632,100%,0,8,8,0,0,0,8
0x8e11a9,100%,0,37,37,0,0,0,37
0x8fd240,100%,0,2,2,2,0,0,0
0x60850e,100%,0,10,10,0,0,0,10
0xa48667,100%,0,4,4,4,0,0,0
0x9ff766,100%,0,2,2,0,0,0,2
0x833bb5,100%,0,4,4,4,0,0,0
0x558d4c,100%,0,20,20,0,0,0,20
0x5b5daa,100%,0,4,4,0,0,0,4
0xa48625,100%,0,4,4,0,0,0,4
0x8df02b,100%,0,16,16,0,0,0,16
0x5f8b2b,100%,0,8,8,0,0,0,8
0x49c7c8,100%,0,277,277,0,0,0,277
0x815f0b,100%,0,2,2,0,0,0,2
0x8a9170,100%,0,27,27,0,0,0,27
0x950138,100%,0,2169,2169,0,0,0,2169
0x50e55a,100%,0,42,42,42,0,0,0
0x8f6cd6,100%,0,45,45,0,0,0,45
0x8def65,100%,0,16,16,16,0,0,0
0x67a02e,100%,0,6,6,0,0,0,6
0x8d2268,100%,0,2,2,0,0,0,2
0x8c93ea,100%,0,576,576,0,0,0,576
0xa1af24,100%,0,44,44,44,0,0,0
0x5089aa,100%,0,4,4,0,0,0,4
0x5b5e2c,100%,0,5,5,5,0,0,0
0x4bbf55,100%,0,56,56,0,0,0,56
0x88a189,100%,0,22,22,0,0,0,22
0x661afc,100%,0,2,2,0,0,0,2
0x50154f,100%,0,272,272,272,0,0,0
0xa48210,100%,0,60,60,60,0,0,0
0x65bbf6,100%,0,505,505,0,0,0,505
0x8db66e,100%,0,252,252,252,0,0,0
0x4b5fc3,100%,0,110,110,0,0,0,110
0x5fab2c,100%,0,1,1,1,0,0,0
0x592ca4,100%,0,36,36,0,0,0,36
0x53f225,100%,0,425,425,0,0,0,425
0xa4c831,100%,0,4,4,0,0,0,4
0xa9dec1,100%,0,41,41,0,0,0,41
0x482e7e,100%,0,19,19,19,0,0,0
0x482cf4,100%,0,19,19,0,0,0,19
0x5547b8,100%,0,1154,1154,0,0,0,1154
0x817da9,100%,0,36,36,0,0,0,36
0x98cc44,100%,0,18,18,18,0,0,0
0x48288a,100%,0,19,19,19,0,0,0
0x80b744,100%,0,1,1,0,0,0,1
0x8e3e39,100%,0,4,4,0,0,0,4
0x80bb0a,100%,0,5,5,0,0,0,5
0xa0405c,100%,0,2,2,1,0,0,1
0xae6fee,100%,0,2,2,0,0,0,2
0x590a9d,100%,0,18,18,0,0,0,18
0x4826ff,100%,0,19,19,0,0,0,19
0x483d85,100%,0,19,19,19,0,0,0
0x908735,100%,0,1611,1611,0,0,0,1611
0x4aaed3,100%,0,11,11,11,0,0,0
0x591502,100%,0,19,19,19,0,0,0
0xab1cdd,100%,0,4,4,0,0,0,4
0x5914dd,100%,0,19,19,0,0,0,19
0xa4376c,100%,0,424,424,424,0,0,0
0xa43758,100%,0,424,424,0,0,0,424
0xa48ce8,100%,0,167,167,0,0,0,167
0x96c08d,100%,0,203,203,203,0,0,0
0x592c77,100%,0,19,19,0,0,0,19
0x8a9f5c,100%,0,27,27,0,0,0,27
0x5b60ca,100%,0,1,1,0,0,0,1
0x67048d,100%,0,9,9,0,0,0,9
0x75882c,100%,0,1,1,0,0,0,1
0x5b60b9,100%,0,1,1,0,0,0,1
0x81f5a9,100%,0,4,4,0,0,0,4
0xacfbee,100%,0,40,40,40,0,0,0
0x555d78,100%,0,56,56,0,0,0,56
0xa32723,100%,0,29,29,0,0,0,29
0x7180b8,100%,0,1,1,0,0,0,1
0x4961b0,100%,0,12,12,12,0,0,0
0x535020,100%,0,64,64,0,0,0,64
0x917778,100%,0,188,188,0,0,0,188
0x81f41d,100%,0,4,4,0,0,0,4
0x9e6be5,100%,0,53,53,53,0,0,0
0x49c286,100%,0,6,6,0,0,0,6
0x9782b7,100%,0,19,19,0,0,0,19
0x4960a4,100%,0,12,12,12,0,0,0
0x495f67,100%,0,12,12,0,0,0,12
0x50adb6,100%,0,109,109,0,0,0,109
0x9a6573,100%,0,4,4,0,0,0,4
0x595df4,100%,0,210,210,0,0,0,210
0x60b99b,100%,0,85,85,0,0,0,85
0x5ef819,100%,0,60,60,60,0,0,0
0x4bd507,100%,0,3,3,3,0,0,0
0xa05396,100%,0,8,8,0,0,0,8
0x88ea28,100%,0,39,39,39,0,0,0
0xa557d8,100%,0,2,2,0,0,0,2
0x8ddb7c,100%,0,112,112,112,0,0,0
0xa05661,100%,0,5,5,0,0,0,5
0x81b41f,100%,0,11,11,0,0,0,11
0x8d2172,100%,0,2,2,0,0,0,2
0x50e519,100%,0,91,91,0,0,0,91
0x50e3e9,100%,0,49,49,49,0,0,0
0x50e3d7,100%,0,53,53,0,0,0,53
0x50e39c,100%,0,97,97,0,0,0,97
0x5fac8a,100%,0,1,1,0,0,0,1
0xa722d6,100%,0,4,4,0,0,0,4
0x50e1d0,100%,0,45,45,45,0,0,0
0x956451,100%,0,1,1,0,0,0,1
0x5f95ee,100%,0,8,8,0,0,0,8
0xaa4a2e,100%,0,3,3,0,0,0,3
0x90c1fc,100%,0,842,842,0,0,0,842
0x78bfef,100%,0,2,2,0,0,0,2
0x50291d,100%,0,97,97,97,0,0,0
0x8f5415,100%,0,12,12,12,0,0,0
0xa31b49,100%,0,182,182,0,0,0,182
0x50e52e,100%,0,97,97,0,0,0,97
0x55de08,100%,0,2,2,0,0,0,2
0x8f4a13,100%,0,6,6,0,0,0,6
0x48e0f8,100%,0,15,15,0,0,0,15
0xa353db,100%,0,922,922,0,0,0,922
0x5072f4,100%,0,136,136,136,0,0,0
0x5ef75b,100%,0,1,1,1,0,0,0
0x944a86,100%,0,70,70,70,0,0,0
0x944999,100%,0,70,70,0,0,0,70
0xa281d5,100%,0,209,209,209,0,0,0
0x8de913,100%,0,200,200,200,0,0,0
0x441dfd,100%,0,11,11,0,0,0,11
0x50d0a6,100%,0,82,82,82,0,0,0
0xa3118d,100%,0,141,141,0,0,0,141
0xa64bf8,100%,0,6,6,0,0,0,6
0x8d3d3b,100%,0,31,31,0,0,0,31
0xa6500f,100%,0,4,4,0,0,0,4
0x50a9c2,100%,0,36,36,0,0,0,36
0x590d92,100%,0,169,169,169,0,0,0
0x50c65b,100%,0,41,41,0,0,0,41
0x673854,100%,0,2,2,2,0,0,0
0x50cbb1,100%,0,66,66,66,0,0,0
0x59c540,100%,0,89,89,89,0,0,0
0x80fab9,100%,0,2,2,2,0,0,0
0x494195,100%,0,22,22,22,0,0,0
0x5f55e9,100%,0,4,4,4,0,0,0
0x9439f2,100%,0,5,5,0,0,0,5
0x67c99b,100%,0,1265,1265,1265,0,0,0
0x50b118,100%,0,40,40,0,0,0,40
0x50b0a9,100%,0,42,42,0,0,0,42
0x8e1631,100%,0,32,32,0,0,0,32
0x50eba7,100%,0,38,38,38,0,0,0
0x8f5f6e,100%,0,708,708,0,0,0,708
0x50e54b,100%,0,42,42,0,0,0,42
0x5f45fa,100%,0,2,2,2,0,0,0
0x8dd2db,100%,0,2299,2299,0,0,0,2299
0x50f149,100%,0,2,2,0,0,0,2
0x838829,100%,0,80,80,80,0,0,0
0xa06920,100%,0,2,2,0,0,0,2
0x503d6d,100%,0,46,46,46,0,0,0
0x81fb1d,100%,0,323,323,323,0,0,0
0x8a6b1c,100%,0,1,1,1,0,0,0
0x4b5f41,100%,0,4,4,0,0,0,4
0x81e690,100%,0,553,553,553,0,0,0
0x9ecedb,100%,0,43,43,0,0,0,43
0x8dec87,100%,0,6,6,0,0,0,6
0x5bbfda,100%,0,2,2,2,0,0,0
0x809d71,100%,0,5,5,5,0,0,0
0x9ff72c,100%,0,2,2,2,0,0,0
0x5f3e65,100%,0,1,1,1,0,0,0
0x50d5a1,100%,0,161,161,0,0,0,161
0x50d2db,100%,0,298,298,0,0,0,298
0x509d9c,100%,0,491,491,0,0,0,491
0x8f613f,100%,0,194,194,0,0,0,194
0x95a273,100%,0,4,4,4,0,0,0
0x977050,100%,0,6,6,0,0,0,6
0x509d06,100%,0,1114,1114,0,0,0,1114
0x8c714f,100%,0,2,2,0,0,0,2
0x50d98b,100%,0,396,396,0,0,0,396
0x50d968,100%,0,557,557,0,0,0,557
0x50d6d4,100%,0,499,499,0,0,0,499
0x7d3fee,100%,0,3,3,0,0,0,3
0x49b187,100%,0,2,2,0,0,0,2
0x503e4b,100%,0,311,311,0,0,0,311
0xa2ec5d,100%,0,64,64,0,0,0,64
0x9f574a,100%,0,80,80,0,0,0,80
0x50801e,100%,0,528,528,528,0,0,0
0x77fde3,100%,0,474,474,474,0,0,0
0xa55b80,100%,0,83,83,83,0,0,0
0x80a657,100%,0,210,210,0,0,0,210
0x54225c,100%,0,219,219,0,0,0,219
0xa2e29b,100%,0,64,64,0,0,0,64
0x8fd807,100%,0,6,6,0,0,0,6
0xa3e454,100%,0,16,16,16,0,0,0
0xa72398,100%,0,4,4,0,0,0,4
0x482913,100%,0,9,9,9,0,0,0
0x7f0ad1,100%,0,1,1,1,0,0,0
0x507c51,100%,0,438,438,0,0,0,438
0xa07660,100%,0,5,5,5,0,0,0
0x9f2a01,100%,0,104,104,0,0,0,104
0x806085,100%,0,2,2,0,0,0,2
0x5bbf5a,100%,0,2,2,0,0,0,2
0xa310be,100%,0,194,194,0,0,0,194
0xa65002,100%,0,4,4,0,0,0,4
0x50aa77,100%,0,69,69,0,0,0,69
0x50a86d,100%,0,100,100,100,0,0,0
0xa310b2,100%,0,194,194,0,0,0,194
0x50a81f,100%,0,51,51,0,0,0,51
0x910fbd,100%,0,436,436,436,0,0,0
0xa00257,100%,0,9,9,9,0,0,0
0x5bdf69,100%,0,517,517,0,0,0,517
0x5ec32a,100%,0,31,31,31,0,0,0
0xa3ff17,100%,0,12,12,12,0,0,0
0x8e1f44,100%,0,393,393,0,0,0,393
0x9f966e,100%,0,68,68,0,0,0,68
0x8e966d,100%,0,2,2,0,0,0,2
0x556a99,100%,0,4,4,0,0,0,4
0xa05203,100%,0,1,1,1,0,0,0
0x9f9405,100%,0,52,52,0,0,0,52
0x59c43c,100%,0,23,23,0,0,0,23
0x501bb3,100%,0,775,775,0,0,0,775
0x8e9e1d,100%,0,4,4,0,0,0,4
0xa2e7cd,100%,0,85,85,0,0,0,85
0x60c5cd,100%,0,10,10,0,0,0,10
0x917ac9,100%,0,200,200,0,0,0,200
0x59f1d0,100%,0,1,1,0,0,0,1
0x60bc01,100%,0,9,9,9,0,0,0
0x50cdf8,100%,0,321,321,0,0,0,321
0x50ccbf,100%,0,233,233,0,0,0,233
0x81f57a,100%,0,4,4,0,0,0,4
0x508dd9,100%,0,34,34,0,0,0,34
0x502763,100%,0,50,50,0,0,0,50
0x8ec4dc,100%,0,2,2,0,0,0,2
0x5f0996,100%,0,296,296,0,0,0,296
0xa15f23,100%,0,12,12,0,0,0,12
0x50773c,100%,0,44,44,0,0,0,44
0xaa7db4,100%,0,7,7,0,0,0,7
0x9ed8ee,100%,0,64,64,64,0,0,0
0xa34ff3,100%,0,32,32,32,0,0,0
0x507486,100%,0,8,8,0,0,0,8
0x7f0b68,100%,0,5,5,0,0,0,5
0x8ecdb3,100%,0,995,995,0,0,0,995
0x534bf3,100%,0,20,20,0,0,0,20
0x9edbd8,100%,0,126,126,126,0,0,0
0x508e34,100%,0,34,34,34,0,0,0
0x8212b0,100%,0,2,2,0,0,0,2
0xa54dcd,100%,0,116,116,0,0,0,116
0x8f6ccc,100%,0,45,45,0,0,0,45
0x8e358e,100%,0,1977,1977,0,0,0,1977
0x8114f6,100%,0,843,843,843,0,0,0
0x977297,100%,0,2,2,0,0,0,2
0x508124,100%,0,136,136,136,0,0,0
0xaa58b1,100%,0,49,49,49,0,0,0
0x9f388b,100%,0,387,387,0,0,0,387
0xa08057,100%,0,4,4,0,0,0,4
0x67f435,100%,0,2,2,0,0,0,2
0x90aa3d,100%,0,74,74,0,0,0,74
0x9fcf44,100%,0,18,18,0,0,0,18
0x508eac,100%,0,76,76,76,0,0,0
0x40bae6,100%,0,150,150,0,0,0,150
0x503d12,100%,0,52,52,0,0,0,52
0x59119e,100%,0,54,54,54,0,0,0
0x949f88,100%,0,223,223,0,0,0,223
0x8f3f6f,100%,0,91,91,0,0,0,91
0x97375e,100%,0,40,40,40,0,0,0
0x66612a,100%,0,1,1,1,0,0,0
0xa4430e,100%,0,22,22,22,0,0,0
0x8fd4e0,100%,0,113,113,0,0,0,113
0x8ae848,100%,0,5,5,0,0,0,5
0xaa7d1e,100%,0,10,10,0,0,0,10
0x9841d4,100%,0,12,12,0,0,0,12
0x94a009,100%,0,223,223,223,0,0,0
0x5d6c5c,100%,0,3,3,3,0,0,0
0x83899c,100%,0,5,5,5,0,0,0
0x7c761f,100%,0,4,4,0,0,0,4
0x9f47ae,100%,0,8,8,8,0,0,0
0xa21e3b,100%,0,2,2,0,0,0,2
0xa5b053,100%,0,15,15,0,0,0,15
0xa06e33,100%,0,4,4,4,0,0,0
0x81f161,100%,0,861,861,861,0,0,0
0x9ed1db,100%,0,6,6,0,0,0,6
0x8e3f1d,100%,0,4,4,0,0,0,4
0x50e706,100%,0,20,20,20,0,0,0
0x50b7f0,100%,0,28,28,28,0,0,0
0x70c28c,100%,0,6,6,6,0,0,0
0x9d270c,100%,0,28,28,28,0,0,0
0x99ce5b,100%,0,9,9,0,0,0,9
0x50cedb,100%,0,124,124,0,0,0,124
0xaa7d8c,100%,0,54,54,0,0,0,54
0x4bda83,100%,0,42,42,0,0,0,42
0xa96a72,100%,0,21,21,0,0,0,21
0xa2f15f,100%,0,1,1,0,0,0,1
0xa2de5a,100%,0,35,35,0,0,0,35
0x4c2f73,100%,0,13,13,0,0,0,13
0xad0689,100%,0,2,2,0,0,0,2
0xa1d49a,100%,0,5,5,0,0,0,5
0xa4b68b,100%,0,20,20,0,0,0,20
0x6116be,100%,0,10,10,10,0,0,0
0x504892,100%,0,126,126,0,0,0,126
0x504370,100%,0,62,62,0,0,0,62
0x99bb46,100%,0,21,21,21,0,0,0
0x9850c0,100%,0,4,4,0,0,0,4
0xa9edbb,100%,0,12,12,12,0,0,0
0x50a627,100%,0,14,14,0,0,0,14
0x50a4c2,100%,0,14,14,14,0,0,0
0x50a3cf,100%,0,14,14,14,0,0,0
0xa9421e,100%,0,26,26,26,0,0,0
0x7808ab,100%,0,2,2,0,0,0,2
0x5fb434,100%,0,2,2,0,0,0,2
0xa37ca7,100%,0,5,5,0,0,0,5
0x441a72,100%,0,11,11,11,0,0,0
0x8dc3be,100%,0,4,4,0,0,0,4
0x8ebe31,100%,0,18,18,0,0,0,18
0xa9ff5d,100%,0,3,3,3,0,0,0
0xa31497,100%,0,52,52,0,0,0,52
0x50e835,100%,0,14,14,0,0,0,14
0x50e4ee,100%,0,6,6,0,0,0,6
0x9b9068,100%,0,9,9,9,0,0,0
0x97130c,100%,0,7,7,0,0,0,7
0xa050b7,100%,0,1,1,0,0,0,1
0xa31ef4,100%,0,36,36,0,0,0,36
0x7c6841,100%,0,2,2,0,0,0,2
0x8e9323,100%,0,3,3,0,0,0,3
0x5b2932,100%,0,2,2,0,0,0,2
0x8a69e1,100%,0,5,5,0,0,0,5
0x5d1724,100%,0,24,24,24,0,0,0
0x485e4e,100%,0,82,82,82,0,0,0
0x9fca4c,100%,0,25,25,0,0,0,25
0x8c8806,100%,0,4,4,4,0,0,0
0x8a63ec,100%,0,136,136,0,0,0,136
0x7c6944,100%,0,2,2,2,0,0,0
0x501fcf,100%,0,91,91,0,0,0,91
0x8ec45c,100%,0,2,2,2,0,0,0
0xa271e5,100%,0,275,275,275,0,0,0
0x811959,100%,0,3,3,0,0,0,3
0x80df5f,100%,0,2420,2420,0,0,0,2420
0x9ed23e,100%,0,259,259,0,0,0,259
0x50bd35,100%,0,18,18,18,0,0,0
0x81e2c2,100%,0,215,215,215,0,0,0
0x40974c,100%,0,7,7,7,0,0,0
0x491468,100%,0,158,158,0,0,0,158
0x49a2a0,100%,0,116,116,0,0,0,116
0x50b903,100%,0,40,40,0,0,0,40
0xa32516,100%,0,4,4,0,0,0,4
0x803cfb,100%,0,2,2,2,0,0,0
0x50b893,100%,0,40,40,0,0,0,40
0x50b885,100%,0,40,40,0,0,0,40
0xa44aa9,100%,0,4,4,0,0,0,4
0x9cfc50,100%,0,8,8,0,0,0,8
0x818c4e,100%,0,827,827,0,0,0,827
0xa4cfa9,100%,0,8,8,0,0,0,8
0xa324d7,100%,0,4,4,0,0,0,4
0xa06afd,100%,0,2,2,2,0,0,0
0x505842,100%,0,81,81,0,0,0,81
0xa96a4a,100%,0,37,37,0,0,0,37
0x9f9930,100%,0,25,25,0,0,0,25
0x5f0acd,100%,0,1,1,0,0,0,1
0x8436d1,100%,0,4,4,0,0,0,4
0x49bf55,100%,0,6,6,0,0,0,6
0x7e0553,100%,0,9,9,0,0,0,9
0x81c75e,100%,0,70,70,0,0,0,70
0xa46954,100%,0,230,230,230,0,0,0
0xa47ec5,100%,0,12,12,12,0,0,0
0x8d2f58,100%,0,71,71,71,0,0,0
0x64b47c,100%,0,303,303,0,0,0,303
0xa47e9f,100%,0,12,12,0,0,0,12
0x985160,100%,0,4,4,0,0,0,4
0x5db4e0,100%,0,4,4,4,0,0,0
0xa47e92,100%,0,12,12,0,0,0,12
0x4ad40a,100%,0,20,20,0,0,0,20
0x543754,100%,0,34,34,0,0,0,34
0x8f1623,100%,0,134,134,0,0,0,134
0x783df1,100%,0,11,11,0,0,0,11
0x60e670,100%,0,38,38,0,0,0,38
0x5f0a79,100%,0,3,3,0,0,0,3
0x5f0a68,100%,0,3,3,0,0,0,3
0x8f2bd2,100%,0,68,68,0,0,0,68
0x78ad5f,100%,0,21,21,0,0,0,21
0x95a9e8,100%,0,4,4,0,0,0,4
0x5f10f9,100%,0,306,306,0,0,0,306
0x5f109a,100%,0,306,306,306,0,0,0
0x4afb84,100%,0,20,20,0,0,0,20
0x98cee8,100%,0,12,12,0,0,0,12
0x60a6bb,100%,0,50,50,0,0,0,50
0x98ced5,100%,0,12,12,0,0,0,12
0x8e4138,100%,0,373,373,0,0,0,373
0x98cea7,100%,0,12,12,12,0,0,0
0xa3f099,100%,0,8,8,0,0,0,8
0x9ecb8f,100%,0,4,4,4,0,0,0
0x488ea1,100%,0,4,4,0,0,0,4
0x50338f,100%,0,37,37,0,0,0,37
0x9e05d6,100%,0,58,58,0,0,0,58
0x4ab20b,100%,0,5,5,0,0,0,5
0x48d056,100%,0,1,1,0,0,0,1
0x9e05c7,100%,0,58,58,0,0,0,58
0x9850ee,100%,0,4,4,4,0,0,0
0x50903e,100%,0,6,6,0,0,0,6
0x9e05bc,100%,0,58,58,0,0,0,58
0x4b3876,100%,0,20,20,0,0,0,20
0x5f6c91,100%,0,15,15,0,0,0,15
0x81287e,100%,0,37,37,0,0,0,37
0x9e04b3,100%,0,58,58,0,0,0,58
0xa955a1,100%,0,4,4,0,0,0,4
0xace175,100%,0,2,2,2,0,0,0
0x5f0d17,100%,0,283,283,0,0,0,283
0x5f1171,100%,0,2,2,0,0,0,2
0xa440ba,100%,0,2,2,2,0,0,0
0xa49a6d,100%,0,4,4,0,0,0,4
0xa4784c,100%,0,4,4,4,0,0,0
0xa47837,100%,0,4,4,0,0,0,4
0x5f0db0,100%,0,5,5,0,0,0,5
0x9435a1,100%,0,75,75,75,0,0,0
0x7dff3e,100%,0,8,8,0,0,0,8
0x9f5b9b,100%,0,8,8,0,0,0,8
0x487f40,100%,0,1,1,1,0,0,0
0x918eba,100%,0,200,200,0,0,0,200
0x5cd319,100%,0,3,3,0,0,0,3
0xaa8278,100%,0,5,5,0,0,0,5
0x48ef84,100%,0,55,55,0,0,0,55
0x48bcb7,100%,0,1,1,0,0,0,1
0x649e00,100%,0,2,2,2,0,0,0
0x48c60e,100%,0,3,3,0,0,0,3
0xa41299,100%,0,8,8,0,0,0,8
0x44188e,100%,0,11,11,0,0,0,11
0xa31313,100%,0,52,52,52,0,0,0
0xa2d293,100%,0,334,334,334,0,0,0
0x8ade70,100%,0,2,2,2,0,0,0
0x81f4ed,100%,0,4,4,0,0,0,4
0xa90b94,100%,0,78,78,0,0,0,78
0x8addfe,100%,0,2,2,0,0,0,2
0xace146,100%,0,2,2,0,0,0,2
0x8ab630,100%,0,2,2,2,0,0,0
0x48bd96,100%,0,1,1,1,0,0,0
0xa498a7,100%,0,22,22,0,0,0,22
0x48bccd,100%,0,1,1,1,0,0,0
0x48ec79,100%,0,15,15,0,0,0,15
0xa64c7e,100%,0,8,8,0,0,0,8
0xa5686f,100%,0,6,6,0,0,0,6
0xa49878,100%,0,22,22,22,0,0,0
0x9a0adb,100%,0,28,28,0,0,0,28
0x48ba5b,100%,0,2,2,2,0,0,0
0xa47911,100%,0,14,14,14,0,0,0
0xa478ef,100%,0,14,14,0,0,0,14
0x6796b4,100%,0,112,112,0,0,0,112
0xa478b4,100%,0,22,22,0,0,0,22
0x49492e,100%,0,123,123,0,0,0,123
0x608d44,100%,0,162,162,162,0,0,0
0x4948e2,100%,0,2,2,0,0,0,2
0x81d17c,100%,0,60,60,60,0,0,0
0x814603,100%,0,18,18,0,0,0,18
0x814ed2,100%,0,18,18,0,0,0,18
0x5cb099,100%,0,886,886,0,0,0,886
0x9f11b3,100%,0,5,5,0,0,0,5
0x5f09bf,100%,0,296,296,0,0,0,296
0x649cef,100%,0,2,2,2,0,0,0
0xb46799,100%,0,1,1,0,0,0,1
0x8e24e3,100%,0,110,110,0,0,0,110
0xa51f8e,100%,0,2,2,0,0,0,2
0x9a1944,100%,0,20,20,20,0,0,0
0x4414ae,100%,0,57,57,0,0,0,57
0xa98dbb,100%,0,2,2,2,0,0,0
0x5f087a,100%,0,296,296,0,0,0,296
0x5f0795,100%,0,2,2,2,0,0,0
0x4b3848,100%,0,20,20,20,0,0,0
0x97a684,100%,0,8,8,0,0,0,8
0xa2d5fb,100%,0,477,477,0,0,0,477
0x556da3,100%,0,105,105,0,0,0,105
0x8e5ed7,100%,0,32,32,0,0,0,32
0x5cfb4b,100%,0,24,24,24,0,0,0
0x48277f,100%,0,7,7,0,0,0,7
0x494a5b,100%,0,2,2,2,0,0,0
0x815e4b,100%,0,9,9,9,0,0,0
0x494a4f,100%,0,2,2,0,0,0,2
0x5beb89,100%,0,2,2,0,0,0,2
0x9ecb59,100%,0,5,5,5,0,0,0
0x66750e,100%,0,2,2,0,0,0,2
0x6674f8,100%,0,2,2,2,0,0,0
0xa47972,100%,0,9,9,9,0,0,0
0x4949ec,100%,0,2,2,0,0,0,2
0xa49a0f,100%,0,10,10,10,0,0,0
0x816870,100%,0,226,226,0,0,0,226
0xa413b2,100%,0,8,8,8,0,0,0
0x9a618d,100%,0,39,39,15,0,0,24
0x977417,100%,0,12,12,0,0,0,12
0x8dc403,100%,0,4,4,0,0,0,4
0x69de4d,100%,0,12,12,0,0,0,12
0x8e739a,100%,0,323,323,0,0,0,323
0x63baca,100%,0,1306,1306,1306,0,0,0
0x4050ce,100%,0,11,11,0,0,0,11
0x88e009,100%,0,6,6,0,0,0,6
0x943d77,100%,0,8,8,0,0,0,8
0x55b399,100%,0,1049,1049,0,0,0,1049
0x94c620,100%,0,2,2,0,0,0,2
0x60b988,100%,0,38,38,0,0,0,38
0xa50c51,100%,0,66,66,0,0,0,66
0x8fcc1a,100%,0,576,576,0,0,0,576
0xa2db0b,100%,0,14,14,0,0,0,14
0x405ec3,100%,0,178,178,0,0,0,178
0x5f7ac6,100%,0,7,7,0,0,0,7
0x7c7a02,100%,0,24,24,0,0,0,24
0x673d1e,100%,0,19,19,19,0,0,0
0x8e373c,100%,0,1977,1977,1977,0,0,0
0x8221bc,100%,0,273,273,0,0,0,273
0x9a18db,100%,0,21,21,0,0,0,21
0x405c5c,100%,0,24,24,24,0,0,0
0x405e59,100%,0,24,24,0,0,0,24
0x6ed718,100%,0,1,1,1,0,0,0
0x404ea4,100%,0,72,72,0,0,0,72
0x8ec62b,100%,0,2,2,0,0,0,2
0x8d2639,100%,0,56,56,0,0,0,56
0x441697,100%,0,11,11,0,0,0,11
0x971193,100%,0,5,5,0,0,0,5
0x8bd71a,100%,0,20,20,0,0,0,20
0x8d23ea,100%,0,56,56,56,0,0,0
0xa2e74b,100%,0,134,134,0,0,0,134
0x49ce67,100%,0,5,5,5,0,0,0
0x60c598,100%,0,5,5,0,0,0,5
0x5f13ba,100%,0,40,40,0,0,0,40
0x4858de,100%,0,3,3,0,0,0,3
0x5070f8,100%,0,574,574,0,0,0,574
0x81fd00,100%,0,14,14,0,0,0,14
0x5f60dd,100%,0,2,2,0,0,0,2
0xace0c2,100%,0,2,2,0,0,0,2
0xa4e830,100%,0,138,138,138,0,0,0
0x50627a,100%,0,647,647,0,0,0,647
0x5fe7cb,100%,0,105,105,105,0,0,0
0x591389,100%,0,223,223,223,0,0,0
0xa2e763,100%,0,134,134,134,0,0,0
0x944ab1,100%,0,222,222,0,0,0,222
0x5c475c,100%,0,8,8,0,0,0,8
0x9613fb,100%,0,8,8,8,0,0,0
0x77ccdb,100%,0,12,12,12,0,0,0
0x81dd85,100%,0,9,9,0,0,0,9
0x48e8ce,100%,0,1,1,1,0,0,0
0x5415c6,100%,0,8,8,0,0,0,8
0x4bb959,100%,0,204,204,0,0,0,204
0xa21220,100%,0,4,4,0,0,0,4
0x4fd949,100%,0,107,107,0,0,0,107
0x5373c2,100%,0,128,128,0,0,0,128
0x50226e,100%,0,126,126,126,0,0,0
0xa210bb,100%,0,3,3,0,0,0,3
0x50e317,100%,0,97,97,0,0,0,97
0x502195,100%,0,67,67,0,0,0,67
0x90ab35,100%,0,27,27,27,0,0,0
0xa2df56,100%,0,194,194,0,0,0,194
0x67549b,100%,0,1,1,0,0,0,1
0xa5460b,100%,0,2,2,2,0,0,0
0x8ec921,100%,0,2,2,0,0,0,2
0x48e197,100%,0,25,25,25,0,0,0
0xa06ebe,100%,0,25,25,25,0,0,0
0x99f036,100%,0,96,96,0,0,0,96
0xa0534e,100%,0,29,29,0,0,0,29
0x8eb0aa,100%,0,6,6,0,0,0,6
0x6405e9,100%,0,200,200,0,0,0,200
0x81f466,100%,0,4,4,0,0,0,4
0x48ed25,100%,0,25,25,25,0,0,0
0xa97726,100%,0,4,4,4,0,0,0
0x4be36c,100%,0,11,11,11,0,0,0
0x9fcb2f,100%,0,25,25,0,0,0,25
0x905cd3,100%,0,128,128,128,0,0,0
0x67a066,100%,0,6,6,0,0,0,6
0x8e4b3c,100%,0,178,178,0,0,0,178
0xa45dd5,100%,0,52,52,0,0,0,52
0x4b4eb8,100%,0,2,2,0,0,0,2
0x5ffb34,100%,0,46,46,0,0,0,46
0xa45d62,100%,0,4,4,0,0,0,4
0x50fe47,100%,0,2,2,0,0,0,2
0x48e01d,100%,0,25,25,0,0,0,25
0x67ac00,100%,0,6,6,0,0,0,6
0x48a1bb,100%,0,68,68,68,0,0,0
0x480329,100%,0,38,38,38,0,0,0
0x4ad36a,100%,0,20,20,0,0,0,20
0x8e72f3,100%,0,331,331,0,0,0,331
0x9c5068,100%,0,4,4,0,0,0,4
0x94323e,100%,0,75,75,75,0,0,0
0x4ad3d8,100%,0,20,20,20,0,0,0
0x4aaf2b,100%,0,1,1,0,0,0,1
0x4416ce,100%,0,11,11,0,0,0,11
0x8d25f8,100%,0,56,56,0,0,0,56
0xaa4cc8,100%,0,3,3,3,0,0,0
0x58c559,100%,0,12,12,0,0,0,12
0xa9194d,100%,0,59,59,0,0,0,59
0xa312b8,100%,0,23,23,0,0,0,23
0x5ff28f,100%,0,117,117,117,0,0,0
0x405dcb,100%,0,8,8,0,0,0,8
0x58c548,100%,0,34,34,0,0,0,34
0x977005,100%,0,2,2,0,0,0,2
0x7809f6,100%,0,8,8,0,0,0,8
0x8ea37d,100%,0,1225,1225,0,0,0,1225
0x78582a,100%,0,4,4,2,0,0,2
0xa311c3,100%,0,141,141,0,0,0,141
0x8d23d0,100%,0,448,448,0,0,0,448
0x84355c,100%,0,3,3,0,0,0,3
0x98b3e4,100%,0,53,53,0,0,0,53
0x8dc3f2,100%,0,4,4,0,0,0,4
0x546a52,100%,0,146,146,0,0,0,146
0x98064d,100%,0,53,53,0,0,0,53
0x53493b,100%,0,66,66,0,0,0,66
0xa0788b,100%,0,6,6,0,0,0,6
0x533f8d,100%,0,2,2,2,0,0,0
0x533ef8,100%,0,2,2,0,0,0,2
0x533e99,100%,0,2,2,2,0,0,0
0x64a28c,100%,0,2,2,2,0,0,0
0x670ad0,100%,0,2,2,2,0,0,0
0xa2d6bf,100%,0,283,283,0,0,0,283
0x503123,100%,0,190,190,0,0,0,190
0x40293d,100%,0,312,312,0,0,0,312
0xa0672d,100%,0,2,2,2,0,0,0
0x80dcfc,100%,0,627,627,0,0,0,627
0x8ddb71,100%,0,112,112,0,0,0,112
0xa53325,100%,0,6,6,0,0,0,6
0x80ba52,100%,0,2,2,0,0,0,2
0xa5a018,100%,0,7,7,0,0,0,7
0x49b077,100%,0,319,319,0,0,0,319
0x4918f3,100%,0,2,2,0,0,0,2
0x4918e5,100%,0,2,2,0,0,0,2
0x7c74bc,100%,0,16,16,0,0,0,16
0x4419fd,100%,0,11,11,0,0,0,11
0xa91a84,100%,0,195,195,0,0,0,195
0x998933,100%,0,1,1,0,0,0,1
0x8ec007,100%,0,66,66,0,0,0,66
0x9be599,100%,0,384,384,0,0,0,384
0x6f1730,100%,0,12,12,0,0,0,12
0x9a4938,100%,0,16,16,0,0,0,16
0x9bb46f,100%,0,18,18,18,0,0,0
0x79306b,100%,0,10,10,0,0,0,10
0x541f91,100%,0,848,848,0,0,0,848
0x814e95,100%,0,22,22,0,0,0,22
0xa5797f,100%,0,43,43,0,0,0,43
0xa544ae,100%,0,112,112,112,0,0,0
0x9aafa4,100%,0,548,548,0,0,0,548
0x973b44,100%,0,10,10,0,0,0,10
0x593537,100%,0,2,2,0,0,0,2
0xa576d1,100%,0,24,24,0,0,0,24
0x8ef52c,100%,0,9,9,9,0,0,0
0xa976f2,100%,0,10,10,10,0,0,0
0x4c8bc9,100%,0,133,133,133,0,0,0
0xa499c3,100%,0,10,10,0,0,0,10
0x7c7bec,100%,0,1,1,0,0,0,1
0x5962e7,100%,0,19,19,0,0,0,19
0xa01847,100%,0,4,4,0,0,0,4
0xa4d5d8,100%,0,160,160,0,0,0,160
0x9fe785,100%,0,37,37,0,0,0,37
0x7f36f5,100%,0,15,15,0,0,0,15
0x70e950,100%,0,2,2,0,0,0,2
0x9ed28a,100%,0,57,57,0,0,0,57
0xa4d59f,100%,0,160,160,0,0,0,160
0x666d13,100%,0,6,6,0,0,0,6
0x5908a1,100%,0,2151,2151,0,0,0,2151
0x9a8b8e,100%,0,62,62,0,0,0,62
0x5f146f,100%,0,158,158,0,0,0,158
0x5f1460,100%,0,159,159,0,0,0,159
0x4914f6,100%,0,159,159,0,0,0,159
0x8f56ab,100%,0,12,12,12,0,0,0
0x4994df,100%,0,260,260,0,0,0,260
0x494b4c,100%,0,2,2,2,0,0,0
0xa571c4,100%,0,14,14,0,0,0,14
0xa3681f,100%,0,441,441,0,0,0,441
0xa4f715,100%,0,38,38,0,0,0,38
0xa4e70a,100%,0,38,38,38,0,0,0
0xb1c39f,100%,0,102,102,0,0,0,102
0xa4e6ee,100%,0,38,38,38,0,0,0
0x8ee10f,100%,0,8,8,8,0,0,0
0xa4e6d6,100%,0,38,38,0,0,0,38
0x618613,100%,0,2,2,2,0,0,0
0x4913ae,100%,0,161,161,0,0,0,161
0x606c74,100%,0,8,8,8,0,0,0
0x670608,100%,0,133,133,0,0,0,133
0x491a7d,100%,0,165,165,165,0,0,0
0x491a49,100%,0,165,165,0,0,0,165
0x7f3795,100%,0,15,15,0,0,0,15
0x50d093,100%,0,84,84,0,0,0,84
0xa07f32,100%,0,1,1,0,0,0,1
0x9f11d3,100%,0,5,5,0,0,0,5
0x4c4ffa,100%,0,17,17,17,0,0,0
0x4c240f,100%,0,168,168,0,0,0,168
0x7c7ab6,100%,0,24,24,0,0,0,24
0xa56fbf,100%,0,108,108,0,0,0,108
0x9f83db,100%,0,2,2,0,0,0,2
0x8f2423,100%,0,1,1,0,0,0,1
0xa56f79,100%,0,168,168,0,0,0,168
0xa051cd,100%,0,7,7,0,0,0,7
0x9a1209,100%,0,81,81,0,0,0,81
0xa4ba76,100%,0,194,194,0,0,0,194
0xa3d156,100%,0,8,8,0,0,0,8
0xa97e6c,100%,0,2,2,0,0,0,2
0xa4d1a2,100%,0,4,4,0,0,0,4
0x81c721,100%,0,70,70,0,0,0,70
0xa56f4f,100%,0,72,72,0,0,0,72
0xa4a84e,100%,0,2,2,0,0,0,2
0x491646,100%,0,1,1,1,0,0,0
0x50321d,100%,0,2,2,0,0,0,2
0xa56ed6,100%,0,258,258,258,0,0,0
0xa46916,100%,0,16,16,0,0,0,16
0xa4cfb1,100%,0,8,8,0,0,0,8
0x4a2171,100%,0,12,12,0,0,0,12
0x8a5a63,100%,0,2,2,0,0,0,2
0x81c05a,100%,0,85,85,0,0,0,85
0x80a7eb,100%,0,2,2,0,0,0,2
0x590dea,100%,0,1,1,0,0,0,1
0x9ec44c,100%,0,3,3,0,0,0,3
0xa37042,100%,0,32,32,0,0,0,32
0x4acb0c,100%,0,15,15,0,0,0,15
0x8ec992,100%,0,4,4,0,0,0,4
0x9ed82a,100%,0,64,64,64,0,0,0
0xa571aa,100%,0,41,41,0,0,0,41
0x8f1809,100%,0,397,397,0,0,0,397
0x4ac741,100%,0,20,20,0,0,0,20
0xa08cd3,100%,0,8,8,8,0,0,0
0xa570c8,100%,0,41,41,0,0,0,41
0xa570b6,100%,0,41,41,0,0,0,41
0x8c87d3,100%,0,454,454,0,0,0,454
0x7840d5,100%,0,8,8,0,0,0,8
0xa5751b,100%,0,41,41,0,0,0,41
0x8217e3,100%,0,584,584,0,0,0,584
0x5fff99,100%,0,836,836,0,0,0,836
0xa4de1f,100%,0,38,38,38,0,0,0
0xa0981a,100%,0,1,1,1,0,0,0
0x8bb93f,100%,0,37,37,0,0,0,37
0x7e079f,100%,0,20,20,0,0,0,20
0xa57386,100%,0,41,41,0,0,0,41
0xa57381,100%,0,41,41,0,0,0,41
0xa57377,100%,0,41,41,0,0,0,41
0x8f457f,100%,0,88,88,0,0,0,88
0x8eb0d9,100%,0,6,6,0,0,0,6
0x94385c,100%,0,40,40,0,0,0,40
0xa572a5,100%,0,41,41,0,0,0,41
0xa574ef,100%,0,91,91,0,0,0,91
0xa574bc,100%,0,91,91,0,0,0,91
0x8f4969,100%,0,16,16,16,0,0,0
0x4ac804,100%,0,15,15,15,0,0,0
0x4ca4b3,100%,0,10,10,0,0,0,10
0x8e5346,100%,0,32,32,0,0,0,32
0x8e2539,100%,0,2,2,0,0,0,2
0x4c5203,100%,0,339,339,0,0,0,339
0xaa57e6,100%,0,2,2,0,0,0,2
0x8f4c13,100%,0,40,40,0,0,0,40
0x81d383,100%,0,176,176,176,0,0,0
0xaa57c8,100%,0,2,2,0,0,0,2
0x59f9f5,100%,0,2,2,0,0,0,2
0xa98174,100%,0,2,2,0,0,0,2
0x81b67c,100%,0,2,2,0,0,0,2
0xa53a22,100%,0,2,2,0,0,0,2
0x8f4c1f,100%,0,40,40,0,0,0,40
0xa41b76,100%,0,757,757,757,0,0,0
0x540e49,100%,0,8,8,0,0,0,8
0x9d0806,100%,0,1,1,0,0,0,1
0xa4e87a,100%,0,2,2,2,0,0,0
0x610f12,100%,0,2,2,0,0,0,2
0xa3fe2f,100%,0,28,28,0,0,0,28
0x5f1e75,100%,0,33,33,33,0,0,0
0x49cff4,100%,0,1,1,0,0,0,1
0x8dba66,100%,0,8,8,8,0,0,0
0x5f3a5a,100%,0,7,7,7,0,0,0
0xa5413e,100%,0,2,2,2,0,0,0
0x4b68fa,100%,0,49,49,0,0,0,49
0x4a9ef7,100%,0,185,185,0,0,0,185
0x53c3bb,100%,0,22,22,0,0,0,22
0x40f6b1,100%,0,272,272,4,0,0,268
0xa17f69,100%,0,546,546,0,0,0,546
0x90f7fa,100%,0,2,2,0,0,0,2
0x647c38,100%,0,43,43,0,0,0,43
0x5bd001,100%,0,642,642,642,0,0,0
0x8dba9d,100%,0,8,8,8,0,0,0
0xa02a77,100%,0,12,12,0,0,0,12
0x5f398d,100%,0,7,7,0,0,0,7
0x5f21a7,100%,0,36,36,0,0,0,36
0x58dc46,100%,0,6,6,0,0,0,6
0xacc2f8,100%,0,2,2,0,0,0,2
0x8f56c2,100%,0,164,164,0,0,0,164
0x58db9b,100%,0,151,151,0,0,0,151
0x7e8154,100%,0,2,2,0,0,0,2
0x7dfa72,100%,0,2,2,0,0,0,2
0x58d8f0,100%,0,209,209,0,0,0,209
0x677b76,100%,0,78,78,0,0,0,78
0x5ffe39,100%,0,129,129,129,0,0,0
0x8f56d9,100%,0,164,164,0,0,0,164
0x48736e,100%,0,2,2,0,0,0,2
0xa31fb8,100%,0,36,36,36,0,0,0
0x9fc5ac,100%,0,14,14,0,0,0,14
0x490419,100%,0,3,3,3,0,0,0
0xa3611f,100%,0,301,301,0,0,0,301
0x9497c9,100%,0,79,79,0,0,0,79
0x4c2aec,100%,0,84,84,84,0,0,0
0x44166e,100%,0,11,11,0,0,0,11
0xb46954,100%,0,1,1,0,0,0,1
0x4ba5de,100%,0,2,2,2,0,0,0
0xa4e035,100%,0,2,2,0,0,0,2
0x812849,100%,0,15,15,0,0,0,15
0x5f2176,100%,0,36,36,0,0,0,36
0xa34089,100%,0,94,94,0,0,0,94
0x5f2138,100%,0,36,36,0,0,0,36
0x911679,100%,0,201,201,201,0,0,0
0x58b8d0,100%,0,110,110,0,0,0,110
0x5f1fa6,100%,0,36,36,36,0,0,0
0x5f1f51,100%,0,36,36,36,0,0,0
0x5f890d,100%,0,8,8,0,0,0,8
0xa53e00,100%,0,164,164,0,0,0,164
0xad438d,100%,0,3,3,2,0,0,1
0x8170a4,100%,0,2,2,0,0,0,2
0x8f45e3,100%,0,12,12,0,0,0,12
0xa4eda0,100%,0,162,162,0,0,0,162
0x48fae9,100%,0,3,3,3,0,0,0
0x7cf665,100%,0,8,8,0,0,0,8
0x4928ef,100%,0,1,1,1,0,0,0
0x7f3e84,100%,0,15,15,0,0,0,15
0x88a26a,100%,0,17,17,17,0,0,0
0x7f367d,100%,0,15,15,0,0,0,15
0x8a8baf,100%,0,24,24,0,0,0,24
0x906a78,100%,0,358,358,358,0,0,0
0x494dc4,100%,0,20,20,20,0,0,0
0x5936f4,100%,0,11,11,0,0,0,11
0x58cbec,100%,0,27,27,27,0,0,0
0x813696,100%,0,61,61,0,0,0,61
0x8f504e,100%,0,12,12,12,0,0,0
0x4c076c,100%,0,86,86,0,0,0,86
0x9190c8,100%,0,2,2,2,0,0,0
0x78b6dc,100%,0,12,12,0,0,0,12
0x5e7790,100%,0,4,4,0,0,0,4
0x99ec1a,100%,0,2,2,2,0,0,0
0x58c8aa,100%,0,297,297,0,0,0,297
0xa410a9,100%,0,35,35,0,0,0,35
0x64ce1b,100%,0,439,439,439,0,0,0
0x494d7b,100%,0,158,158,0,0,0,158
0x494d64,100%,0,158,158,0,0,0,158
0xa4e7f1,100%,0,162,162,0,0,0,162
0x4bfcb1,100%,0,16,16,16,0,0,0
0xa4e7ed,100%,0,162,162,0,0,0,162
0x59c983,100%,0,162,162,0,0,0,162
0x6472c8,100%,0,20,20,0,0,0,20
0x5f1d05,100%,0,7,7,7,0,0,0
0x600127,100%,0,27,27,27,0,0,0
0xa29219,100%,0,16,16,0,0,0,16
0x550a54,100%,0,13,13,0,0,0,13
0xa4d3bd,100%,0,67,67,67,0,0,0
0x5f1c40,100%,0,7,7,0,0,0,7
0xa69e61,100%,0,4,4,0,0,0,4
0x4c4dd6,100%,0,2,2,2,0,0,0
0x647637,100%,0,20,20,0,0,0,20
0x9a45b3,100%,0,535,535,0,0,0,535
0xa4d345,100%,0,36,36,0,0,0,36
0x4be8fc,100%,0,1,1,1,0,0,0
0x9698d3,100%,0,2,2,0,0,0,2
0xa3481c,100%,0,1298,1298,0,0,0,1298
0xa9732d,100%,0,3,3,0,0,0,3
0xa6cb5c,100%,0,12,12,12,0,0,0
0x8f49bf,100%,0,6,6,0,0,0,6
0x5d1be5,100%,0,110,110,0,0,0,110
0x6472ab,100%,0,20,20,0,0,0,20
0x647299,100%,0,21,21,0,0,0,21
0xab330e,100%,0,42,42,0,0,0,42
0xaa259c,100%,0,22,22,0,0,0,22
0xa5469c,100%,0,102,102,0,0,0,102
0x99e92e,100%,0,55,55,0,0,0,55
0x64751d,100%,0,21,21,0,0,0,21
0x78c056,100%,0,2,2,2,0,0,0
0xa64fa4,100%,0,4,4,4,0,0,0
0x80aeda,100%,0,1,1,0,0,0,1
0x8f4b8c,100%,0,6,6,0,0,0,6
0x5beada,100%,0,2,2,2,0,0,0
0x9fceb3,100%,0,25,25,0,0,0,25
0x9fd24f,100%,0,7,7,7,0,0,0
0x58c37e,100%,0,1,1,1,0,0,0
0x67044b,100%,0,133,133,0,0,0,133
0x781070,100%,0,7,7,7,0,0,0
0x816009,100%,0,9,9,0,0,0,9
0x8aa9c9,100%,0,63,63,0,0,0,63
0x88a03e,100%,0,17,17,0,0,0,17
0x6757c5,100%,0,1,1,1,0,0,0
0x4a6439,100%,0,8,8,8,0,0,0
0xa3d1ae,100%,0,8,8,0,0,0,8
0x8161b5,100%,0,2,2,0,0,0,2
0x65b1da,100%,0,13,13,0,0,0,13
0x9eb815,100%,0,108,108,0,0,0,108
0x5b9e33,100%,0,8,8,0,0,0,8
0x5040c5,100%,0,62,62,62,0,0,0
0x815ff2,100%,0,9,9,0,0,0,9
0x815f91,100%,0,2,2,0,0,0,2
0x9eb7b6,100%,0,79,79,0,0,0,79
0xa53593,100%,0,8,8,0,0,0,8
0xb1b034,100%,0,433,433,0,0,0,433
0x9eb6de,100%,0,72,72,0,0,0,72
0x9eb340,100%,0,2,2,0,0,0,2
0x9fc568,100%,0,14,14,0,0,0,14
0x5bb66c,100%,0,23,23,0,0,0,23
0x5f4e4e,100%,0,1,1,0,0,0,1
0x9e9ffc,100%,0,2,2,0,0,0,2
0x8f21c2,100%,0,17,17,0,0,0,17
0xa9d1a3,100%,0,148,148,0,0,0,148
0x9fcc80,100%,0,7,7,0,0,0,7
0x9be47f,100%,0,32,32,0,0,0,32
0x9b8ff3,100%,0,19,19,19,0,0,0
0x9eb85d,100%,0,26,26,26,0,0,0
0x9f0ad2,100%,0,864,864,0,0,0,864
0x9fec8c,100%,0,30,30,30,0,0,0
0x4a6416,100%,0,8,8,0,0,0,8
0x9fc59b,100%,0,14,14,0,0,0,14
0x9fc593,100%,0,14,14,0,0,0,14
0x64866c,100%,0,56,56,0,0,0,56
0x8dce49,100%,0,61,61,0,0,0,61
0x973759,100%,0,40,40,0,0,0,40
0x4bedc8,100%,0,58,58,0,0,0,58
0xa963b5,100%,0,2,2,0,0,0,2
0x9fc52d,100%,0,14,14,0,0,0,14
0x8195e9,100%,0,329,329,0,0,0,329
0x9eb686,100%,0,4,4,4,0,0,0
0x62293b,100%,0,10,10,10,0,0,0
0xa361b8,100%,0,5,5,5,0,0,0
0xa3d47e,100%,0,8,8,8,0,0,0
0x9ebd44,100%,0,7,7,0,0,0,7
0xa2fe7d,100%,0,277,277,0,0,0,277
0x4c4c2a,100%,0,13,13,0,0,0,13
0x9ebccc,100%,0,56,56,56,0,0,0
0x9fe8f9,100%,0,37,37,0,0,0,37
0x48069f,100%,0,29,29,0,0,0,29
0x9ebcaf,100%,0,63,63,0,0,0,63
0x9fb707,100%,0,7,7,7,0,0,0
0x9eb56c,100%,0,63,63,0,0,0,63
0x8eb04f,100%,0,6,6,0,0,0,6
0x9fcf9f,100%,0,18,18,18,0,0,0
0x8efb4a,100%,0,4,4,0,0,0,4
0xb47654,100%,0,16,16,0,0,0,16
0x8aaa50,100%,0,63,63,0,0,0,63
0x50c129,100%,0,7,7,7,0,0,0
0x677baa,100%,0,78,78,78,0,0,0
0x783dfb,100%,0,11,11,0,0,0,11
0x77cc70,100%,0,16,16,16,0,0,0
0x610cfd,100%,0,244,244,0,0,0,244
0x90ca11,100%,0,105,105,105,0,0,0
0x6477ec,100%,0,136,136,136,0,0,0
0x7c71a1,100%,0,44,44,0,0,0,44
0x5f6ca7,100%,0,15,15,0,0,0,15
0x9d126c,100%,0,16,16,0,0,0,16
0x9fde0e,100%,0,25,25,0,0,0,25
0x9aaf40,100%,0,124,124,124,0,0,0
0x4c0422,100%,0,86,86,0,0,0,86
0x9fe1ae,100%,0,25,25,0,0,0,25
0x9fe78e,100%,0,37,37,0,0,0,37
0x9fe1a7,100%,0,25,25,0,0,0,25
0x49d0fc,100%,0,2,2,0,0,0,2
0x7efa39,100%,0,2,2,2,0,0,0
0x7efa35,100%,0,2,2,0,0,0,2
0xa91964,100%,0,42,42,0,0,0,42
0x7f0618,100%,0,2,2,0,0,0,2
0x9fe10f,100%,0,25,25,0,0,0,25
0x9fe0f0,100%,0,25,25,25,0,0,0
0x9fddf4,100%,0,25,25,0,0,0,25
0x9fc91b,100%,0,7,7,0,0,0,7
0x8375fe,100%,0,86,86,0,0,0,86
0x9fc8a5,100%,0,7,7,0,0,0,7
0x60e5a8,100%,0,1,1,0,0,0,1
0x8f1dbe,100%,0,40,40,0,0,0,40
0x9fb6f4,100%,0,7,7,0,0,0,7
0x7f0427,100%,0,155,155,0,0,0,155
0x649d96,100%,0,2,2,2,0,0,0
0x7c74d9,100%,0,16,16,0,0,0,16
0x8f0b6b,100%,0,16,16,16,0,0,0
0x81682e,100%,0,226,226,0,0,0,226
0x488e41,100%,0,4,4,0,0,0,4
0x5f5d19,100%,0,2,2,0,0,0,2
0xa44982,100%,0,4,4,0,0,0,4
0x9e37bf,100%,0,25,25,0,0,0,25
0x5d7ddd,100%,0,4,4,4,0,0,0
0x8f0b4e,100%,0,16,16,0,0,0,16
0x96a674,100%,0,65,65,0,0,0,65
0x8a61ad,100%,0,154,154,0,0,0,154
0x96a657,100%,0,72,72,0,0,0,72
0x504934,100%,0,15,15,0,0,0,15
0x54cdcb,100%,0,19,19,19,0,0,0
0x4a203b,100%,0,4,4,0,0,0,4
0x96a10f,100%,0,2,2,0,0,0,2
0x9ff7a8,100%,0,2,2,0,0,0,2
0x90e268,100%,0,160,160,0,0,0,160
0x4b5efb,100%,0,4,4,0,0,0,4
0x9fcb75,100%,0,25,25,0,0,0,25
0x9699b8,100%,0,39,39,39,0,0,0
0x980eba,100%,0,74,74,0,0,0,74
0xa92897,100%,0,6,6,0,0,0,6
0x8e92bb,100%,0,3,3,0,0,0,3
0x81691c,100%,0,59,59,0,0,0,59
0x502d65,100%,0,190,190,190,0,0,0
0x9fcb09,100%,0,25,25,0,0,0,25
0x49c859,100%,0,1,1,0,0,0,1
0x99f029,100%,0,96,96,0,0,0,96
0x647db8,100%,0,51,51,0,0,0,51
0x9fcac4,100%,0,25,25,0,0,0,25
0x4bf1e9,100%,0,86,86,0,0,0,86
0xa4cd8f,100%,0,4,4,0,0,0,4
0x816881,100%,0,226,226,0,0,0,226
0x9f9764,100%,0,32,32,0,0,0,32
0xa3bc1b,100%,0,18,18,18,0,0,0
0x9ea570,100%,0,26,26,26,0,0,0
0x9f96dc,100%,0,42,42,0,0,0,42
0x9ebffc,100%,0,10,10,0,0,0,10
0x9ec054,100%,0,10,10,0,0,0,10
0x9ec01e,100%,0,10,10,0,0,0,10
0x8ddb34,100%,0,112,112,0,0,0,112
0xaccba8,100%,0,3,3,3,0,0,0
0x94c57a,100%,0,4,4,0,0,0,4
0xaccb9a,100%,0,3,3,0,0,0,3
0x494383,100%,0,70,70,0,0,0,70
0x9ea7a3,100%,0,32,32,32,0,0,0
0x7c79e9,100%,0,24,24,0,0,0,24
0x8ddf11,100%,0,46,46,46,0,0,0
0x7826ca,100%,0,6,6,0,0,0,6
0xa4ca16,100%,0,4,4,0,0,0,4
0x9ebeee,100%,0,61,61,0,0,0,61
0x9ea6ff,100%,0,97,97,0,0,0,97
0x8eaee2,100%,0,72,72,0,0,0,72
0xa32c4e,100%,0,927,927,0,0,0,927
0x649169,100%,0,2,2,0,0,0,2
0x9ea4fb,100%,0,108,108,108,0,0,0
0x9ea6ec,100%,0,190,190,0,0,0,190
0x67967a,100%,0,112,112,0,0,0,112
0x5fa527,100%,0,54,54,0,0,0,54
0x9ea678,100%,0,168,168,0,0,0,168
0xa52d11,100%,0,363,363,0,0,0,363
0x9ea60b,100%,0,168,168,0,0,0,168
0x9eb0b4,100%,0,2,2,0,0,0,2
0xa01767,100%,0,40,40,0,0,0,40
0x508934,100%,0,41,41,0,0,0,41
0x90f011,100%,0,200,200,200,0,0,0
0x675170,100%,0,1,1,0,0,0,1
0xa52b69,100%,0,212,212,0,0,0,212
0xa59668,100%,0,29,29,29,0,0,0
0x9ec281,100%,0,50,50,50,0,0,0
0xa55827,100%,0,2,2,0,0,0,2
0x9a8d89,100%,0,14,14,0,0,0,14
0x9ec147,100%,0,56,56,0,0,0,56
0xab32db,100%,0,20,20,0,0,0,20
0x5b6058,100%,0,1,1,0,0,0,1
0x814e69,100%,0,2,2,0,0,0,2
0x6083a7,100%,0,126,126,0,0,0,126
0x9eb235,100%,0,56,56,56,0,0,0
0x9ea4a7,100%,0,72,72,0,0,0,72
0x7cc161,100%,0,12,12,0,0,0,12
0x9a322d,100%,0,56,56,0,0,0,56
0xa45f32,100%,0,4,4,0,0,0,4
0x804761,100%,0,2,2,0,0,0,2
0x9ead24,100%,0,2,2,0,0,0,2
0x48f5de,100%,0,3,3,0,0,0,3
0xacce9e,100%,0,3,3,3,0,0,0
0x9eaa84,100%,0,2,2,2,0,0,0
0x4b847c,100%,0,11,11,0,0,0,11
0xaa2adb,100%,0,3,3,2,0,0,1
0xa9c5d1,100%,0,42,42,0,0,0,42
0x97514d,100%,0,19,19,0,0,0,19
0x6f454f,100%,0,28,28,0,0,0,28
0x48c380,100%,0,7,7,0,0,0,7
0xa02ec2,100%,0,2,2,0,0,0,2
0x6498b9,100%,0,2,2,0,0,0,2
0x8bdc67,100%,0,15,15,0,0,0,15
0x99b8da,100%,0,26,26,0,0,0,26
0xaccb36,100%,0,3,3,3,0,0,0
0x8e9e83,100%,0,4,4,0,0,0,4
0x81589e,100%,0,9,9,9,0,0,0
0x5a6071,100%,0,4,4,0,0,0,4
0xa4a811,100%,0,2,2,2,0,0,0
0xa03053,100%,0,68,68,0,0,0,68
0xa03003,100%,0,68,68,0,0,0,68
0xa4a353,100%,0,20,20,20,0,0,0
0xa02ff6,100%,0,68,68,0,0,0,68
0x49535c,100%,0,1,1,0,0,0,1
0x5e3904,100%,0,3,3,0,0,0,3
0xa02f73,100%,0,2,2,0,0,0,2
0xa03ae4,100%,0,119,119,119,0,0,0
0xa44a52,100%,0,4,4,4,0,0,0
0x5e3888,100%,0,3,3,0,0,0,3
0xa57324,100%,0,41,41,41,0,0,0
0x643b3a,100%,0,2,2,2,0,0,0
0xa01cd9,100%,0,2,2,0,0,0,2
0x5e3802,100%,0,3,3,3,0,0,0
0xa44a8d,100%,0,4,4,0,0,0,4
0xaa7f90,100%,0,3,3,0,0,0,3
0x99b946,100%,0,26,26,26,0,0,0
0x61f3d5,100%,0,20,20,0,0,0,20
0xa01c14,100%,0,2,2,0,0,0,2
0x609e19,100%,0,115,115,115,0,0,0
0x9ff670,100%,0,5,5,0,0,0,5
0xa01af5,100%,0,2,2,0,0,0,2
0x9fb7ba,100%,0,3,3,3,0,0,0
0x781673,100%,0,56,56,56,0,0,0
0x9ea489,100%,0,72,72,0,0,0,72
0xa2b30c,100%,0,2,2,0,0,0,2
0x9ea3db,100%,0,72,72,72,0,0,0
0xa4c68e,100%,0,4,4,0,0,0,4
0x64a50f,100%,0,2,2,2,0,0,0
0x8edb83,100%,0,2,2,0,0,0,2
0x619ab2,100%,0,5,5,0,0,0,5
0x8c838d,100%,0,30,30,0,0,0,30
0x97112a,100%,0,5,5,0,0,0,5
0x5dae10,100%,0,4,4,4,0,0,0
0x60e2e8,100%,0,526,526,0,0,0,526
0xa992bb,100%,0,3,3,0,0,0,3
0xa96f11,100%,0,21,21,0,0,0,21
0x4419ae,100%,0,11,11,0,0,0,11
0x8a3479,100%,0,4,4,0,0,0,4
0x58dc6e,100%,0,6,6,0,0,0,6
0x8eb11b,100%,0,6,6,6,0,0,0
0x816cc2,100%,0,240,240,0,0,0,240
0xa9578a,100%,0,4,4,4,0,0,0
0x97aceb,100%,0,8,8,8,0,0,0
0x96607d,100%,0,10,10,10,0,0,0
0x8f5bbe,100%,0,9,9,0,0,0,9
0xa6b98a,100%,0,4,4,0,0,0,4
0xaa037b,100%,0,121,121,0,0,0,121
0x965fd0,100%,0,83,83,0,0,0,83
0xa2cc4f,100%,0,892,892,0,0,0,892
0xa9c95d,100%,0,44,44,0,0,0,44
0xb6a0f3,100%,0,5,5,0,0,0,5
0xa920ec,100%,0,4,4,0,0,0,4
0x649aeb,100%,0,32,32,32,0,0,0
0x4b9476,100%,0,2,2,0,0,0,2
0x8d3b83,100%,0,2,2,2,0,0,0
0x7bccbf,100%,0,2,2,0,0,0,2
0xa51ce0,100%,0,12,12,0,0,0,12
0xa35e5b,100%,0,14,14,0,0,0,14
0x88e94f,100%,0,39,39,0,0,0,39
0x81cef7,100%,0,60,60,0,0,0,60
0x9f2183,100%,0,10,10,10,0,0,0
0x8f34ce,100%,0,12,12,0,0,0,12
0xa37cbd,100%,0,5,5,5,0,0,0
0x8e0fa2,100%,0,16,16,0,0,0,16
0x99ea96,100%,0,15,15,0,0,0,15
0x8e5350,100%,0,16,16,0,0,0,16
0x54daa5,100%,0,39,39,0,0,0,39
0x9ed91e,100%,0,64,64,0,0,0,64
0xa05245,100%,0,45,45,0,0,0,45
0x9730a6,100%,0,12,12,12,0,0,0
0x94548b,100%,0,529,529,529,0,0,0
0x8e54c1,100%,0,16,16,16,0,0,0
0xa51aa6,100%,0,12,12,0,0,0,12
0x8e9cca,100%,0,5,5,5,0,0,0
0x50aa22,100%,0,111,111,0,0,0,111
0x8df6b4,100%,0,2,2,0,0,0,2
0x944cc5,100%,0,723,723,0,0,0,723
0x8dfdba,100%,0,32,32,0,0,0,32
0x90adb3,100%,0,149,149,0,0,0,149
0x94e1f8,100%,0,411,411,0,0,0,411
0x8fcf5e,100%,0,230,230,0,0,0,230
0xa4689c,100%,0,26,26,0,0,0,26
0x54fd0b,100%,0,1,1,0,0,0,1
0x67382f,100%,0,2,2,2,0,0,0
0x507d53,100%,0,31,31,31,0,0,0
0xa5271e,100%,0,12,12,0,0,0,12
0x94ee3d,100%,0,30,30,0,0,0,30
0x60e3d3,100%,0,66,66,66,0,0,0
0x8df8e3,100%,0,4,4,0,0,0,4
0x490eda,100%,0,9,9,9,0,0,0
0x490ec6,100%,0,9,9,0,0,0,9
0x64abd3,100%,0,8,8,0,0,0,8
0x8dc40c,100%,0,4,4,0,0,0,4
0x6dcc26,100%,0,1,1,0,0,0,1
0x490ce8,100%,0,9,9,0,0,0,9
0xa5283c,100%,0,188,188,0,0,0,188
0xa95dce,100%,0,16,16,0,0,0,16
0x8df8c9,100%,0,4,4,0,0,0,4
0x8e0c57,100%,0,124,124,124,0,0,0
0x54d472,100%,0,6,6,6,0,0,0
0x8e451c,100%,0,32,32,0,0,0,32
0xa26b55,100%,0,26,26,0,0,0,26
0x489c0c,100%,0,68,68,0,0,0,68
0xa567c7,100%,0,8,8,2,0,0,6
0x54c6a3,100%,0,89,89,89,0,0,0
0x9fb35b,100%,0,3,3,3,0,0,0
0x54db5e,100%,0,39,39,0,0,0,39
0x7b30bb,100%,0,36,36,0,0,0,36
0x48f492,100%,0,3,3,0,0,0,3
0x80b5f8,100%,0,2,2,1,0,0,1
0x5f4e03,100%,0,2,2,2,0,0,0
0x54db26,100%,0,78,78,0,0,0,78
0x54db05,100%,0,39,39,0,0,0,39
0x652028,100%,0,39,39,0,0,0,39
0x8e4691,100%,0,16,16,0,0,0,16
0x8e4696,100%,0,16,16,0,0,0,16
0x496002,100%,0,87,87,87,0,0,0
0xb497cd,100%,0,5,5,0,0,0,5
0x49635c,100%,0,34,34,0,0,0,34
0x496354,100%,0,34,34,0,0,0,34
0x4ac895,100%,0,15,15,0,0,0,15
0x619cc2,100%,0,20,20,0,0,0,20
0x98cbd4,100%,0,7,7,0,0,0,7
0xa51752,100%,0,77,77,0,0,0,77
0x493dd2,100%,0,39,39,0,0,0,39
0xa34492,100%,0,125,125,125,0,0,0
0x493575,100%,0,15,15,0,0,0,15
0x9e82b5,100%,0,4,4,4,0,0,0
0x812132,100%,0,4,4,0,0,0,4
0x4931eb,100%,0,39,39,39,0,0,0
0x8ff2f9,100%,0,60,60,60,0,0,0
0x4c5d21,100%,0,21,21,0,0,0,21
0x54ce83,100%,0,39,39,0,0,0,39
0xb49ff6,100%,0,1,1,0,0,0,1
0xa277ba,100%,0,5,5,5,0,0,0
0xa565bc,100%,0,261,261,0,0,0,261
0x5af975,100%,0,53,53,0,0,0,53
0x59bfda,100%,0,53,53,53,0,0,0
0x59bf8f,100%,0,53,53,53,0,0,0
0x7d1fe3,100%,0,555,555,555,0,0,0
0x9fb74e,100%,0,306,306,0,0,0,306
0x49be7a,100%,0,2,2,0,0,0,2
0xaa58a1,100%,0,49,49,0,0,0,49
0x80c27d,100%,0,34,34,0,0,0,34
0x491b8b,100%,0,1,1,0,0,0,1
0x8e8de2,100%,0,2,2,2,0,0,0
0x7d1efa,100%,0,4,4,0,0,0,4
0xa63dc7,100%,0,2,2,2,0,0,0
0x8e1639,100%,0,32,32,0,0,0,32
0x900ba4,100%,0,336,336,0,0,0,336
0xa95a42,100%,0,4,4,0,0,0,4
0xa46b00,100%,0,18,18,0,0,0,18
0x67a22d,100%,0,23,23,0,0,0,23
0x94dd23,100%,0,587,587,0,0,0,587
0xa521bc,100%,0,77,77,0,0,0,77
0x9f69e1,100%,0,8,8,0,0,0,8
0x50aaa8,100%,0,4,4,0,0,0,4
0x78182e,100%,0,6,6,0,0,0,6
0x8ff71e,100%,0,7,7,0,0,0,7
0x4bcad2,100%,0,10,10,0,0,0,10
0x900c64,100%,0,334,334,0,0,0,334
0x495ad6,100%,0,1,1,0,0,0,1
0xa08e82,100%,0,45,45,0,0,0,45
0x816879,100%,0,226,226,0,0,0,226
0x9c3da9,100%,0,346,346,346,0,0,0
0x7b00a8,100%,0,8,8,0,0,0,8
0x7f0b75,100%,0,5,5,5,0,0,0
0x9ed358,100%,0,27,27,27,0,0,0
0x88e2cf,100%,0,98,98,98,0,0,0
0x7d3ec4,100%,0,3,3,0,0,0,3
0x53e8c1,100%,0,154,154,0,0,0,154
0x8be493,100%,0,18,18,0,0,0,18
0x54d813,100%,0,16,16,16,0,0,0
0x81980b,100%,0,34,34,0,0,0,34
0x50774c,100%,0,26,26,0,0,0,26
0xaabd21,100%,0,4,4,0,0,0,4
0x95b647,100%,0,4,4,4,0,0,0
0x7d403d,100%,0,3,3,0,0,0,3
0x486f6b,100%,0,2,2,2,0,0,0
0xa99c72,100%,0,4,4,0,0,0,4
0x5db021,100%,0,4,4,4,0,0,0
0x9c3ea2,100%,0,54,54,0,0,0,54
0x9a23ef,100%,0,57,57,0,0,0,57
0xa91a5a,100%,0,4,4,0,0,0,4
0x8e0c85,100%,0,112,112,0,0,0,112
0x47fe39,100%,0,19,19,19,0,0,0
0x9a241f,100%,0,40,40,40,0,0,0
0x47fe2f,100%,0,19,19,0,0,0,19
0x5f8742,100%,0,88,88,0,0,0,88
0x47fc95,100%,0,18,18,0,0,0,18
0x4ade2a,100%,0,18,18,0,0,0,18
0x47f8cd,100%,0,18,18,0,0,0,18
0x49ce4a,100%,0,8,8,8,0,0,0
0x47f82a,100%,0,19,19,19,0,0,0
0x9ed90d,100%,0,64,64,0,0,0,64
0x480240,100%,0,19,19,0,0,0,19
0x4bf0db,100%,0,188,188,0,0,0,188
0xaae7b2,100%,0,44,44,44,0,0,0
0x49946c,100%,0,28,28,0,0,0,28
0x83373a,100%,0,2,2,0,0,0,2
0x90cedc,100%,0,842,842,0,0,0,842
0xb1c3db,100%,0,82,82,0,0,0,82
0x9a392e,100%,0,21,21,21,0,0,0
0xa9c61b,100%,0,46,46,0,0,0,46
0xa41175,100%,0,8,8,0,0,0,8
0xaae780,100%,0,47,47,0,0,0,47
0x5ee16b,100%,0,242,242,0,0,0,242
0x5b177f,100%,0,10,10,0,0,0,10
0x8dea48,100%,0,130,130,0,0,0,130
0x98bc17,100%,0,425,425,0,0,0,425
0x618999,100%,0,11,11,0,0,0,11
0x8fc44d,100%,0,66,66,0,0,0,66
0x4812ba,100%,0,19,19,19,0,0,0
0xa9818b,100%,0,2,2,0,0,0,2
0xa51091,100%,0,257,257,0,0,0,257
0xa05dd7,100%,0,1,1,0,0,0,1
0xa31fde,100%,0,36,36,36,0,0,0
0x5fa240,100%,0,253,253,0,0,0,253
0x4809a6,100%,0,19,19,19,0,0,0
0x65ad6f,100%,0,1,1,0,0,0,1
0x48099d,100%,0,19,19,0,0,0,19
0x502713,100%,0,351,351,351,0,0,0
0x972f14,100%,0,6,6,0,0,0,6
0x5f922d,100%,0,7,7,0,0,0,7
0xa9222e,100%,0,4,4,0,0,0,4
0x59609a,100%,0,19,19,0,0,0,19
0x8ded80,100%,0,440,440,0,0,0,440
0x5b1645,100%,0,10,10,10,0,0,0
0x8047d8,100%,0,2,2,2,0,0,0
0x95b806,100%,0,4,4,0,0,0,4
0x4a65cc,100%,0,3,3,0,0,0,3
0x48064a,100%,0,38,38,0,0,0,38
0x952473,100%,0,55,55,55,0,0,0
0x5f1505,100%,0,38,38,38,0,0,0
0x8ea0b0,100%,0,3,3,3,0,0,0
0x8a874b,100%,0,2,2,0,0,0,2
0x7807c0,100%,0,8,8,0,0,0,8
0x5f14df,100%,0,38,38,0,0,0,38
0x978415,100%,0,780,780,0,0,0,780
0x4802e6,100%,0,38,38,38,0,0,0
0x4802c9,100%,0,38,38,38,0,0,0
0x50b33b,100%,0,2,2,0,0,0,2
0xa58a20,100%,0,40,40,0,0,0,40
0x809a96,100%,0,1,1,0,0,0,1
0x8f2171,100%,0,37,37,0,0,0,37
0x9b8fe0,100%,0,19,19,0,0,0,19
0x965f37,100%,0,2,2,0,0,0,2
0x619b26,100%,0,10,10,10,0,0,0
0x9b8f95,100%,0,83,83,0,0,0,83
0x7d3e86,100%,0,3,3,0,0,0,3
0x9b8f71,100%,0,2,2,0,0,0,2
0x59aadb,100%,0,2,2,2,0,0,0
0x5960c9,100%,0,13,13,0,0,0,13
0x9497d8,100%,0,79,79,79,0,0,0
0x54d760,100%,0,20,20,20,0,0,0
0xa4bde9,100%,0,4,4,0,0,0,4
0x8e2f95,100%,0,209,209,209,0,0,0
0x5b5d32,100%,0,20,20,0,0,0,20
0x4ca656,100%,0,46,46,0,0,0,46
0x65bb22,100%,0,1776,1776,1776,0,0,0
0xa4bcea,100%,0,4,4,4,0,0,0
0x9e614a,100%,0,12,12,0,0,0,12
0x5b39f1,100%,0,4,4,0,0,0,4
0x80a6a7,100%,0,3,3,0,0,0,3
0x58d865,100%,0,69,69,0,0,0,69
0x9f4fe2,100%,0,169,169,169,0,0,0
0xb0a149,100%,0,345,345,0,0,0,345
0x817e09,100%,0,12,12,0,0,0,12
0x490c88,100%,0,20,20,0,0,0,20
0x8d3cc0,100%,0,473,473,0,0,0,473
0x490c2c,100%,0,26,26,0,0,0,26
0x5b478e,100%,0,20,20,20,0,0,0
0x8db92e,100%,0,16,16,16,0,0,0
0xa52aea,100%,0,24,24,24,0,0,0
0xa2b40a,100%,0,31,31,0,0,0,31
0x49cf60,100%,0,1,1,1,0,0,0
0xa4d367,100%,0,28,28,0,0,0,28
0x5b1633,100%,0,10,10,0,0,0,10
0x991345,100%,0,91,91,0,0,0,91
0x5b15ed,100%,0,10,10,10,0,0,0
0x5fad39,100%,0,6,6,0,0,0,6
0x8bd8ca,100%,0,18,18,0,0,0,18
0xa44c10,100%,0,4,4,0,0,0,4
0xb14920,100%,0,3745,3745,0,0,0,3745
0xa448d5,100%,0,52,52,52,0,0,0
0xa92ace,100%,0,43,43,0,0,0,43
0x495d7a,100%,0,38,38,0,0,0,38
0x60a8a8,100%,0,113,113,0,0,0,113
0x495bc7,100%,0,19,19,0,0,0,19
0x495ba1,100%,0,19,19,19,0,0,0
0x5b34fc,100%,0,45,45,45,0,0,0
0x9a24b2,100%,0,4,4,4,0,0,0
0x495b8d,100%,0,19,19,0,0,0,19
0xa48da6,100%,0,178,178,0,0,0,178
0xb30426,100%,0,5,5,0,0,0,5
0x94acff,100%,0,56,56,56,0,0,0
0x6797f9,100%,0,6,6,0,0,0,6
0x79218f,100%,0,6,6,6,0,0,0
0x48d221,100%,0,6,6,0,0,0,6
0x495959,100%,0,19,19,19,0,0,0
0x4c8044,100%,0,69,69,69,0,0,0
0x590e5c,100%,0,18,18,0,0,0,18
0x94d13c,100%,0,47,47,0,0,0,47
0x9e7db9,100%,0,24,24,0,0,0,24
0x591f2e,100%,0,52,52,0,0,0,52
0xaac3e9,100%,0,4,4,0,0,0,4
0x9be6f3,100%,0,24,24,24,0,0,0
0x9a3a7a,100%,0,2,2,0,0,0,2
0x5f0474,100%,0,105,105,105,0,0,0
0xa50b8b,100%,0,16,16,0,0,0,16
0x7d448a,100%,0,2,2,0,0,0,2
0x557ae3,100%,0,3,3,3,0,0,0
0x9bd5b5,100%,0,24,24,0,0,0,24
0x9bd5ac,100%,0,12,12,0,0,0,12
0x81e580,100%,0,8,8,0,0,0,8
0x9f0507,100%,0,95,95,95,0,0,0
0x441997,100%,0,11,11,0,0,0,11
0x4c4c1a,100%,0,13,13,0,0,0,13
0x9bd446,100%,0,12,12,12,0,0,0
0xaa127b,100%,0,4,4,0,0,0,4
0x64a4f0,100%,0,2,2,0,0,0,2
0xa50937,100%,0,358,358,0,0,0,358
0x4bc964,100%,0,12,12,0,0,0,12
0x90c9c9,100%,0,105,105,0,0,0,105
0x9bd3a9,100%,0,12,12,0,0,0,12
0x9bd375,100%,0,12,12,12,0,0,0
0x9bd347,100%,0,12,12,0,0,0,12
0xa4d40f,100%,0,67,67,0,0,0,67
0x9bd323,100%,0,63,63,0,0,0,63
0x9bd31b,100%,0,63,63,0,0,0,63
0x9a0a43,100%,0,28,28,0,0,0,28
0x8e6935,100%,0,148,148,148,0,0,0
0x9bd236,100%,0,67,67,67,0,0,0
0x8d3c04,100%,0,2,2,0,0,0,2
0xa553ad,100%,0,114,114,0,0,0,114
0x49fec4,100%,0,856,856,0,0,0,856
0x9bd1d5,100%,0,55,55,0,0,0,55
0x9be8ab,100%,0,12,12,12,0,0,0
0xa21027,100%,0,4,4,0,0,0,4
0x7b6462,100%,0,1,1,0,0,0,1
0x9bdd0a,100%,0,55,55,0,0,0,55
0xa50a24,100%,0,358,358,0,0,0,358
0x9bdcf5,100%,0,83,83,0,0,0,83
0x6809cf,100%,0,491,491,0,0,0,491
0x9bd6c2,100%,0,12,12,0,0,0,12
0x9bea0d,100%,0,12,12,12,0,0,0
0x8dcd4c,100%,0,509,509,509,0,0,0
0xa5579f,100%,0,83,83,83,0,0,0
0x639b09,100%,0,65,65,0,0,0,65
0xa30bd9,100%,0,207,207,0,0,0,207
0x9be98f,100%,0,14,14,0,0,0,14
0x9be975,100%,0,16,16,0,0,0,16
0x9be964,100%,0,16,16,0,0,0,16
0x81492d,100%,0,330,330,0,0,0,330
0x8b9fca,100%,0,40,40,0,0,0,40
0x8a75ad,100%,0,147,147,0,0,0,147
0xaa6432,100%,0,90,90,0,0,0,90
0x53eea0,100%,0,5,5,0,0,0,5
0x9bd9fa,100%,0,12,12,12,0,0,0
0xa43faa,100%,0,64,64,64,0,0,0
0x651709,100%,0,39,39,0,0,0,39
0xa08696,100%,0,4,4,0,0,0,4
0x5fc9b4,100%,0,2,2,0,0,0,2
0x780a36,100%,0,14,14,0,0,0,14
0x9bd66e,100%,0,24,24,0,0,0,24
0x70c282,100%,0,6,6,0,0,0,6
0x9f2a8a,100%,0,5,5,5,0,0,0
0x8eee12,100%,0,140,140,0,0,0,140
0x409289,100%,0,2,2,2,0,0,0
0x99ebb2,100%,0,13,13,0,0,0,13
0x5f38ff,100%,0,3,3,0,0,0,3
0x5f37fd,100%,0,3,3,0,0,0,3
0x60c708,100%,0,7,7,0,0,0,7
0x5f37d7,100%,0,3,3,0,0,0,3
0x541e75,100%,0,80,80,80,0,0,0
0xaa826d,100%,0,5,5,0,0,0,5
0x5a9473,100%,0,67,67,67,0,0,0
0xa4e5f3,100%,0,76,76,76,0,0,0
0x7c7acf,100%,0,24,24,0,0,0,24
0x66f6f2,100%,0,1,1,0,0,0,1
0x9117f4,100%,0,31,31,31,0,0,0
0x5f30e0,100%,0,6,6,6,0,0,0
0xa54aa6,100%,0,8,8,0,0,0,8
0x8a51f1,100%,0,26,26,0,0,0,26
0xa34ba4,100%,0,75,75,0,0,0,75
0x48f8f3,100%,0,6,6,0,0,0,6
0x9fec31,100%,0,30,30,0,0,0,30
0x5f421b,100%,0,7,7,0,0,0,7
0x5f4124,100%,0,7,7,7,0,0,0
0x4aaf78,100%,0,11,11,11,0,0,0
0x4c3858,100%,0,13,13,0,0,0,13
0x781dec,100%,0,2771,2771,0,0,0,2771
0x5f5a91,100%,0,2,2,2,0,0,0
0x99ebbb,100%,0,13,13,0,0,0,13
0x81a127,100%,0,87,87,0,0,0,87
0x58cbc7,100%,0,7,7,0,0,0,7
0x5f3f4e,100%,0,4,4,4,0,0,0
0x5b2efa,100%,0,199,199,0,0,0,199
0x4b3938,100%,0,4,4,0,0,0,4
0x58df33,100%,0,209,209,0,0,0,209
0x9f5ab2,100%,0,80,80,0,0,0,80
0x9bd192,100%,0,55,55,0,0,0,55
0xa554fd,100%,0,89,89,89,0,0,0
0x9bd16d,100%,0,55,55,55,0,0,0
0x8ee826,100%,0,3,3,0,0,0,3
0x5bd0e0,100%,0,11,11,0,0,0,11
0x4aaca9,100%,0,9,9,9,0,0,0
0x6108ec,100%,0,13,13,0,0,0,13
0xa4dc3e,100%,0,38,38,38,0,0,0
0xa085ab,100%,0,5,5,0,0,0,5
0x492a30,100%,0,7,7,0,0,0,7
0x813067,100%,0,846,846,0,0,0,846
0x9fe325,100%,0,134,134,0,0,0,134
0x99f737,100%,0,13,13,0,0,0,13
0x4022e9,100%,0,55,55,0,0,0,55
0x6108f4,100%,0,13,13,0,0,0,13
0x9bd4b7,100%,0,4,4,0,0,0,4
0x809e95,100%,0,2,2,0,0,0,2
0x8c87f6,100%,0,4,4,0,0,0,4
0x80db3c,100%,0,220,220,0,0,0,220
0x6108fe,100%,0,13,13,0,0,0,13
0x8dd890,100%,0,200,200,0,0,0,200
0x5f4629,100%,0,1,1,1,0,0,0
0xacdf93,100%,0,2,2,2,0,0,0
0x534999,100%,0,9,9,0,0,0,9
0x8ad5c7,100%,0,138,138,0,0,0,138
0x5f45ee,100%,0,2,2,0,0,0,2
0x59c8f5,100%,0,3,3,3,0,0,0
0x593100,100%,0,30,30,0,0,0,30
0xa59287,100%,0,10,10,0,0,0,10
0xa575fc,100%,0,14,14,0,0,0,14
0x58d9ba,100%,0,145,145,145,0,0,0
0x5b2ade,100%,0,45,45,0,0,0,45
0x5b28fb,100%,0,47,47,0,0,0,47
0x7c7b8f,100%,0,97,97,0,0,0,97
0x8e3371,100%,0,16,16,0,0,0,16
0x99d300,100%,0,9,9,9,0,0,0
0xa95fa2,100%,0,8,8,0,0,0,8
0xb90273,100%,0,5,5,0,0,0,5
0x952427,100%,0,2,2,0,0,0,2
0x94c925,100%,0,64,64,0,0,0,64
0x4a772f,100%,0,2,2,0,0,0,2
0x65b013,100%,0,13,13,0,0,0,13
0x58e27d,100%,0,75,75,0,0,0,75
0x58df3f,100%,0,139,139,139,0,0,0
0xa50fb8,100%,0,6,6,0,0,0,6
0xa586db,100%,0,8,8,8,0,0,0
0xa26c68,100%,0,10,10,0,0,0,10
0x5b2d65,100%,0,75,75,75,0,0,0
0xa902df,100%,0,38,38,38,0,0,0
0x7e2c89,100%,0,2,2,2,0,0,0
0x96c0d5,100%,0,21,21,0,0,0,21
0x82273e,100%,0,4,4,0,0,0,4
0x80a02c,100%,0,4,4,4,0,0,0
0x8df1e0,100%,0,55,55,55,0,0,0
0x5af54d,100%,0,62,62,62,0,0,0
0x97baa2,100%,0,12,12,12,0,0,0
0x5af3a1,100%,0,62,62,62,0,0,0
0x5ae4c3,100%,0,41,41,41,0,0,0
0xa29d1d,100%,0,16,16,0,0,0,16
0x9e10ab,100%,0,29,29,29,0,0,0
0x7810cd,100%,0,51,51,0,0,0,51
0x5b2f05,100%,0,199,199,199,0,0,0
0x7c7b78,100%,0,97,97,0,0,0,97
0x619d9d,100%,0,10,10,0,0,0,10
0x58e023,100%,0,70,70,0,0,0,70
0xae709d,100%,0,69,69,0,0,0,69
0x97115b,100%,0,10,10,0,0,0,10
0x8e0fac,100%,0,16,16,16,0,0,0
0x55597c,100%,0,55,55,0,0,0,55
0x90670c,100%,0,124,124,0,0,0,124
0xa51209,100%,0,12,12,0,0,0,12
0xa2587f,100%,0,5,5,0,0,0,5
0xa2780b,100%,0,8,8,0,0,0,8
0x5d87e7,100%,0,30,30,30,0,0,0
0x815a8a,100%,0,31,31,31,0,0,0
0x81f03c,100%,0,4,4,4,0,0,0
0x7e1cba,100%,0,2,2,0,0,0,2
0x813771,100%,0,2,2,0,0,0,2
0x990ab1,100%,0,102,102,0,0,0,102
0x5feef8,100%,0,48,48,48,0,0,0
0x40ee1f,100%,0,8,8,0,0,0,8
0x60bdae,100%,0,10,10,10,0,0,0
0x5b305e,100%,0,45,45,45,0,0,0
0x8ff08a,100%,0,88,88,0,0,0,88
0x9a2540,100%,0,40,40,0,0,0,40
0x9e6e52,100%,0,8,8,8,0,0,0
0x8e16a7,100%,0,32,32,0,0,0,32
0xa1ad96,100%,0,74,74,0,0,0,74
0x5b2b47,100%,0,45,45,0,0,0,45
0x63ae45,100%,0,241,241,241,0,0,0
0x8a2865,100%,0,131,131,131,0,0,0
0x94d5f6,100%,0,564,564,0,0,0,564
0x5b2afe,100%,0,45,45,0,0,0,45
0x8ee959,100%,0,3,3,0,0,0,3
0x5a94c7,100%,0,5,5,0,0,0,5
0x51b469,100%,0,71,71,0,0,0,71
0x4a21bd,100%,0,8,8,0,0,0,8
0x99eb73,100%,0,13,13,13,0,0,0
0xa5d1e5,100%,0,24,24,0,0,0,24
0xa57586,100%,0,41,41,0,0,0,41
0x7c6608,100%,0,24,24,24,0,0,0
0xa50cdf,100%,0,88,88,0,0,0,88
0x5f3ca9,100%,0,3,3,3,0,0,0
0x651697,100%,0,56,56,0,0,0,56
0xb17a3d,100%,0,715,715,0,0,0,715
0xa90309,100%,0,38,38,0,0,0,38
0x9bdbd7,100%,0,4,4,4,0,0,0
0xb17a0f,100%,0,715,715,715,0,0,0
0x9bdbc7,100%,0,4,4,0,0,0,4
0x5a94d7,100%,0,5,5,5,0,0,0
0x838108,100%,0,5,5,0,0,0,5
0x78070b,100%,0,54,54,0,0,0,54
0x9714f2,100%,0,7,7,0,0,0,7
0x9bdb41,100%,0,4,4,4,0,0,0
0x9bdb0b,100%,0,4,4,0,0,0,4
0xa50b9f,100%,0,16,16,0,0,0,16
0x9bdacf,100%,0,4,4,4,0,0,0
0x9bd52e,100%,0,4,4,4,0,0,0
0xa95e80,100%,0,12,12,0,0,0,12
0x9bd4fb,100%,0,4,4,4,0,0,0
0x4c65f5,100%,0,2,2,0,0,0,2
0xa91854,100%,0,14,14,14,0,0,0
0x494a3d,100%,0,2,2,0,0,0,2
0x9bd4be,100%,0,4,4,4,0,0,0
0xa06958,100%,0,2,2,0,0,0,2
0x610f4e,100%,0,2,2,0,0,0,2
0xa55f14,100%,0,17,17,0,0,0,17
0x5ae277,100%,0,41,41,41,0,0,0
0x495fb6,100%,0,55,55,0,0,0,55
0x6667d6,100%,0,2,2,0,0,0,2
0x495a70,100%,0,41,41,0,0,0,41
0x495a67,100%,0,41,41,0,0,0,41
0x8ee993,100%,0,3,3,0,0,0,3
0x59f196,100%,0,4,4,0,0,0,4
0xa08f2f,100%,0,5,5,0,0,0,5
0xa26ce8,100%,0,4,4,0,0,0,4
0x8ee98b,100%,0,3,3,0,0,0,3
0x7f3708,100%,0,15,15,0,0,0,15
0x4936dc,100%,0,125,125,0,0,0,125
0xa3bc07,100%,0,18,18,0,0,0,18
0x8e2ff3,100%,0,1977,1977,0,0,0,1977
0x492d1f,100%,0,72,72,0,0,0,72
0x5f0d54,100%,0,283,283,0,0,0,283
0x60de43,100%,0,81,81,0,0,0,81
0x65a133,100%,0,1463,1463,0,0,0,1463
0x4a768a,100%,0,78,78,0,0,0,78
0x95b375,100%,0,4,4,0,0,0,4
0x492b36,100%,0,2,2,0,0,0,2
0x81ece1,100%,0,1599,1599,0,0,0,1599
0x9bde2b,100%,0,2,2,0,0,0,2
0x441da5,100%,0,11,11,11,0,0,0
0x9bdddd,100%,0,2,2,0,0,0,2
0x5a9505,100%,0,5,5,5,0,0,0
0xa50d5d,100%,0,4,4,0,0,0,4
0x5a94f1,100%,0,5,5,0,0,0,5
