Branch PC,Accuracy,Mispredictions,Correct Predictions,Total,dir_t_pred_t,dir_t_pred_nt,dir_nt_pred_t,dir_nt_pred_nt
aggregate,99.6198%,87139,22829835,22916974,12922061,41313,45826,9907774
0xa39395,90.1511%,2841,26005,28846,13571,1420,1421,12434
0x62358e,95.1654%,2514,49486,52000,38765,1810,704,10721
0xa7838e,98.142%,2168,114517,116685,99160,701,1467,15357
0x64dac3,99.1954%,1931,238069,240000,200983,931,1000,37086
0xa39282,94.176%,1680,27166,28846,17848,930,750,9318
0xa305cd,97.3377%,1452,53088,54540,22836,774,678,30252
0x64dace,96.8807%,1188,36898,38086,21561,525,663,15337
0xa7827d,97.85%,755,34362,35117,14091,407,348,20271
0x652b74,99.1811%,738,89379,90117,32136,510,228,57243
0x927d6c,98.939%,707,65926,66633,63209,240,467,2717
0xa77da5,98.9849%,700,68256,68956,20864,328,372,47392
0xa77dc5,98.6098%,664,47100,47764,14676,330,334,32424
0x8bff21,94.0385%,620,9780,10400,5984,370,250,3796
0x8bf414,94.3942%,583,9817,10400,5974,380,203,3843
0xa77fb5,98.8743%,557,48924,49481,26053,266,291,22871
0xa39234,98.2832%,554,31716,32270,14387,244,310,17329
0xa76290,96.3638%,543,14390,14933,5342,309,234,9048
0xa76a95,97.5327%,525,20753,21278,7164,256,269,13589
0xa77fec,97.6879%,521,22013,22534,18374,210,311,3639
0x65df04,95.0288%,517,9883,10400,9366,220,297,517
0x8bfe9c,95.0673%,513,9887,10400,8950,309,204,937
0x65245a,99.1066%,513,56909,57422,48999,220,293,7910
0x65ddb4,95.125%,507,9893,10400,9404,182,325,489
0x65db63,95.1346%,506,9894,10400,9392,194,312,502
0x65d9f3,95.2212%,497,9903,10400,9394,192,305,509
0x8bf3dc,95.2404%,495,9905,10400,8970,289,206,935
0x6433f4,95.4038%,478,9922,10400,964,177,301,8958
0x642e26,95.4135%,477,9923,10400,8958,301,176,965
0x643324,95.4231%,476,9924,10400,972,169,307,8952
0x6429c6,95.4615%,472,9928,10400,8960,299,173,968
0x6434c4,95.4712%,471,9929,10400,975,166,305,8954
0x6437af,95.4808%,470,9930,10400,8957,302,168,973
0x643206,95.5%,468,9932,10400,8965,294,174,967
0x642bd6,95.5481%,463,9937,10400,8978,281,182,959
0x643654,95.5577%,462,9938,10400,969,172,290,8969
0x6435a4,95.5962%,458,9942,10400,977,164,294,8965
0x926a76,90.6531%,458,4442,4900,3838,248,210,604
0x643016,95.6442%,453,9947,10400,8970,289,164,977
0x63da28,95.6538%,452,9948,10400,8982,277,175,966
0x65c91d,95.6731%,450,9950,10400,9347,239,211,603
0x63d558,95.7212%,445,9955,10400,8985,274,171,970
0x63d678,95.7404%,443,9957,10400,8988,271,172,969
0x63d8c9,95.7885%,438,9962,10400,8979,280,158,983
0x63c258,95.8942%,427,9973,10400,8986,273,154,987
0xa762de,96.7956%,392,11841,12233,3252,229,163,8589
0x63b1c3,97.6905%,388,16412,16800,14790,211,177,1622
0xa761d8,99.211%,387,48663,49050,9085,223,164,39578
0xa78397,97.7057%,386,16438,16824,7853,171,215,8585
0x65c95b,96.3365%,381,10019,10400,6382,221,160,3637
0x429839,96.5481%,359,10041,10400,9087,172,187,954
0xa77ffd,97.8186%,359,16098,16457,2075,244,115,14023
0x926a87,91.4831%,348,3738,4086,1142,231,117,2596
0xa39242,98.9247%,347,31923,32270,3208,216,131,28715
0x645310,96.7212%,341,10059,10400,6154,200,141,3905
0x655562,99.8632%,333,243120,243453,229747,191,142,13373
0xa768f5,99.5243%,328,68628,68956,21132,146,182,47496
0x645e98,96.8558%,327,10073,10400,6144,210,117,3929
0xa8dbfc,94.8653%,322,5949,6271,5559,140,182,390
0xa76aa1,97.7053%,318,13540,13858,8027,136,182,5513
0x9fb655,95.2466%,318,6372,6690,5423,156,162,949
0x64bee9,98.075%,308,15692,16000,10340,203,105,5352
0x637cc2,95.5253%,299,6383,6682,5423,156,143,960
0x8c0c84,95.4615%,295,6205,6500,1994,187,108,4211
0xa8dc23,95.4074%,288,5983,6271,5449,125,163,534
0xa8dc0c,95.5191%,281,5990,6271,5596,123,158,394
0xa77e20,99.232%,278,35920,36198,860,159,119,35060
0x658b1c,97.3654%,274,10126,10400,3426,94,180,6700
0xa76269,97.7847%,271,11962,12233,6565,128,143,5397
0xa8dc34,95.822%,262,6009,6271,1831,125,137,4178
0x638441,96.1239%,259,6423,6682,5440,139,120,983
0x92c61a,97.5481%,255,10145,10400,9898,119,136,247
0xa762d6,98.3125%,252,14681,14933,2546,154,98,12135
0x652462,96.928%,252,7951,8203,3964,138,114,3987
0xa2e900,99.342%,248,37441,37689,34696,114,134,2745
0xa304ef,99.5998%,248,61728,61976,7310,126,122,54418
0x637d80,96.4083%,240,6442,6682,5463,116,124,979
0x638515,96.4083%,240,6442,6682,5455,124,116,987
0xa76a4a,98.9379%,226,21052,21278,17896,96,130,3156
0x652bf9,95.1923%,225,4455,4680,1754,107,118,2701
0xa78154,97.8966%,216,10053,10269,3430,134,82,6623
0x64cb91,98.65%,216,15784,16000,241,125,91,15543
0x7a9862,97.9519%,213,10187,10400,9646,54,159,541
0x64c024,95.5625%,213,4587,4800,72,157,56,4515
0x65e983,97.9904%,209,10191,10400,6370,132,77,3821
0x75af72,83.4796%,207,1046,1253,395,119,88,651
0xa78147,98.9453%,196,18388,18584,8228,87,109,10160
0xa9168c,94.5409%,195,3377,3572,3181,65,130,196
0xa78296,99.0325%,195,19959,20154,1115,126,69,18844
0xa30530,99.6535%,189,54351,54540,3757,94,95,50594
0x62359a,99.5367%,188,40387,40575,40001,69,119,386
0x9282b4,99.3439%,188,28468,28656,23716,93,95,4752
0x64ef36,98.2692%,180,10220,10400,6746,134,46,3474
0x9283a5,96.307%,179,4668,4847,1134,112,67,3534
0x652ac5,99.8124%,175,93115,93290,88309,134,41,4806
0xa8209e,99.9719%,171,607761,607932,604220,63,108,3541
0xa30629,99.703%,162,54378,54540,19539,88,74,34839
0xa81ffc,99.8326%,160,95440,95600,8241,78,82,87199
0x64f015,98.4904%,157,10243,10400,6789,91,66,3454
0xa304d2,99.7628%,156,65600,65756,20227,132,24,45373
0xa7697f,99.677%,154,47524,47678,25623,73,81,21901
0x64f0b3,98.5192%,154,10246,10400,3466,54,100,6780
0x65ead3,98.6154%,144,10256,10400,6425,77,67,3831
0x65ec23,98.6538%,140,10260,10400,6419,83,57,3841
0x429895,98.6538%,140,10260,10400,6200,44,96,4060
0x8c0c74,98.63%,137,9863,10000,3431,69,68,6432
0xa77e3a,99.6333%,129,35050,35179,34272,52,77,778
0xa393c3,99.5528%,129,28717,28846,8665,73,56,20052
0xa3885d,99.869%,127,96792,96919,356,81,46,96436
0xa8dbf7,99.8505%,127,84849,84976,81468,62,65,3381
0xa82002,99.8591%,123,87158,87281,14962,47,76,72196
0x63afb3,95.7143%,120,2680,2800,1755,44,76,925
0x655319,99.1195%,119,13396,13515,6863,8,111,6533
0x63ae73,95.2083%,115,2285,2400,1511,31,84,774
0xa76b08,99.1702%,115,13743,13858,10311,50,65,3432
0x92629d,71.5%,114,286,400,11,79,35,275
0x9f9955,96.8404%,114,3494,3608,1508,58,56,1986
0xa91682,96.5737%,113,3185,3298,3134,20,93,51
0x9f5cbb,98.8648%,112,9754,9866,8377,31,81,1377
0xa7800a,99.2149%,111,14027,14138,12587,49,62,1440
0x64ed4f,91.266%,109,1139,1248,532,44,65,607
0x92851b,97.7924%,107,4740,4847,3055,43,64,1685
0x63b1ca,94.0523%,107,1692,1799,202,55,52,1490
0x64ed43,99.3117%,106,15294,15400,14118,34,72,1176
0xa76ad3,98.1563%,105,5590,5695,3488,47,58,2102
0x5e8463,89.9232%,105,937,1042,465,56,49,472
0xa77ea3,89.7939%,104,915,1019,257,58,46,658
0xa782af,99.4452%,103,18461,18564,763,64,39,17698
0x64b89d,99.3563%,103,15897,16000,3765,59,44,12132
0x63a734,74.5%,102,298,400,105,64,38,193
0x639563,74.5%,102,298,400,95,74,28,203
0x8c39f1,99.1667%,100,11900,12000,9953,47,53,1947
0x64f2b6,99.375%,100,15900,16000,10094,80,20,5806
0xa393dc,99.6568%,99,28747,28846,6372,45,54,22375
0x756357,68.6901%,98,215,313,52,53,45,163
0x63a593,75.75%,97,303,400,106,63,34,197
0x5e8d7a,96.6249%,97,2777,2874,2245,50,47,532
0x63a124,75.75%,97,303,400,107,62,35,196
0x9f5df8,89.8747%,97,861,958,151,49,48,710
0x8c07c9,88.125%,95,705,800,162,58,37,543
0x636d6c,91.3871%,95,1008,1103,807,39,56,201
0x5e8d62,96.7989%,92,2782,2874,1386,51,41,1396
0x63ab14,77.25%,91,309,400,106,63,28,203
0xa2e87b,99.7586%,91,37598,37689,36077,45,46,1521
0x5e847b,91.4587%,89,953,1042,778,39,50,175
0xa782bb,99.5039%,88,17649,17737,3085,53,35,14564
0x636523,89.5981%,88,758,846,560,34,54,198
0x7a8dde,78%,88,312,400,106,42,46,206
0x65b02c,78.25%,87,313,400,261,29,58,52
0x8c0688,78.25%,87,313,400,54,56,31,259
0x63a317,78.5%,86,314,400,105,38,48,209
0x8c13ad,78.5%,86,314,400,58,52,34,256
0x64cbfe,99.4688%,85,15915,16000,1078,47,38,14837
0x926b53,75.7143%,85,265,350,10,59,26,255
0x636e3a,92.2937%,85,1018,1103,827,19,66,191
0x62364f,99.3462%,85,12915,13000,12739,1,84,176
0x8c72fb,99.8024%,84,42416,42500,41999,1,83,417
0x7a9233,77.7174%,82,286,368,121,40,42,165
0x8c3404,79.75%,81,319,400,60,50,31,259
0x928665,98.3289%,81,4766,4847,4646,42,39,120
0x92a4a9,99.7208%,80,28576,28656,25437,35,45,3139
0x5e8069,87.5583%,80,563,643,439,31,49,124
0x64b8a7,99.343%,80,12096,12176,116,48,32,11980
0x5f1b3a,96.1501%,79,1973,2052,1085,40,39,888
0x9f5e8b,81.713%,79,353,432,104,46,33,249
0x5943b3,97.2222%,78,2730,2808,146,62,16,2584
0x5a8d05,91.21%,77,799,876,3,47,30,796
0x92813a,99.1884%,77,9410,9487,6271,33,44,3139
0x8a7bca,99.2978%,77,10888,10965,10831,5,72,57
0x639c03,80.75%,77,323,400,98,45,32,225
0x5f1b7e,96.2476%,77,1975,2052,84,49,28,1891
0x639a13,81%,76,324,400,102,41,35,222
0xa7631b,99.8451%,76,48974,49050,44127,18,58,4847
0xa8dc4a,98.7881%,76,6195,6271,1549,33,43,4646
0x7a96ae,79.6196%,75,293,368,117,30,45,176
0x8c6707,97%,75,2425,2500,2396,4,71,29
0x75631a,81.0606%,75,321,396,266,24,51,55
0xa785f9,98.9205%,74,6781,6855,387,37,37,6394
0xa7817d,98.8963%,74,6631,6705,5252,31,43,1379
0x5e8d2f,96.6195%,74,2115,2189,1408,29,45,707
0x429ea4,81.5%,74,326,400,57,53,21,269
0xa78574,99.0902%,73,7951,8024,6633,41,32,1318
0x5e8054,88.647%,73,570,643,506,31,42,64
0x639f84,81.75%,73,327,400,102,41,32,225
0xa762c3,99.2243%,72,9210,9282,8559,33,39,651
0x638880,98.7821%,72,5840,5912,5785,25,47,55
0xa7807b,93.0569%,72,965,1037,660,35,37,305
0x92c5ee,99.3077%,72,10328,10400,1108,42,30,9220
0x6393f4,82.5%,70,330,400,96,47,23,234
0xa820aa,99.5336%,70,14939,15009,14835,28,42,104
0x9f5cff,98.6762%,70,5218,5288,4812,24,46,406
0xa90e28,92.3913%,70,850,920,749,25,45,101
0x8c5e99,97.24%,69,2431,2500,2398,2,67,33
0x652b7f,99.9257%,67,90050,90117,85395,42,25,4655
0x7785ae,89.6875%,66,574,640,457,31,35,117
0x64daf9,99.8917%,65,59935,60000,58790,10,55,1145
0x63cfb5,83.75%,65,335,400,105,38,27,230
0x64ede2,99.8047%,65,33215,33280,31994,6,59,1221
0x92c608,99.3846%,64,10336,10400,1421,29,35,8915
0x89fe03,80.9524%,64,272,336,10,44,20,262
0x7a94fd,82.6087%,64,304,368,45,36,28,259
0x654ed5,99.3502%,63,9632,9695,1453,39,24,8179
0x63c285,99.3942%,63,10337,10400,10176,16,47,161
0x65da24,97.6154%,62,2538,2600,2490,10,52,48
0x63a413,84.5%,62,338,400,100,43,19,238
0x63d90b,99.4038%,62,10338,10400,10178,14,48,160
0x8c104c,84.5%,62,338,400,267,23,39,71
0x63cf38,84.75%,61,339,400,232,25,36,107
0x63a8c3,84.75%,61,339,400,96,47,14,243
0x5e8432,92.7096%,60,763,823,501,20,40,262
0x64ef65,99.4231%,60,10340,10400,10180,12,48,160
0x5f3579,96.9636%,60,1916,1976,1660,12,48,256
0xa77ec2,94.1119%,60,959,1019,854,18,42,105
0xa82075,99.2788%,60,8259,8319,4647,23,37,3612
0x637d18,99.117%,59,6623,6682,6403,22,37,220
0x636c53,77.0428%,59,198,257,93,38,21,105
0x5e8a9a,79.5848%,59,230,289,194,18,41,36
0x63d584,99.4327%,59,10341,10400,10181,11,48,160
0xa77eb4,91.6193%,59,645,704,86,20,39,559
0x7a9c72,85.25%,59,341,400,18,35,24,323
0x7a8edc,84.6354%,59,325,384,57,27,32,268
0x8a7a33,62.8931%,59,100,159,9,45,14,91
0x63c6e6,85.5%,58,342,400,230,27,31,112
0x755feb,88.1148%,58,430,488,60,32,26,370
0x5e8ca3,92.5532%,56,696,752,558,21,35,138
0x756349,85.8586%,56,340,396,48,35,21,292
0xa22380,99.7312%,55,20403,20458,728,33,22,19675
0x64f32f,99.8346%,54,32586,32640,31816,8,46,770
0x6464a9,97.9231%,54,2546,2600,2546,2,52,0
0x656519,81.3793%,54,236,290,89,36,18,147
0xa76a81,98.3567%,54,3232,3286,2456,24,30,776
0x8bf475,97.9231%,54,2546,2600,2540,8,46,6
0x8c001b,97.9615%,53,2547,2600,2543,5,48,4
0x6468c9,97.9615%,53,2547,2600,2547,1,52,0
0x7a9339,85.5978%,53,315,368,40,31,22,275
0xa78289,99.7478%,52,20567,20619,436,29,23,20131
0x8c090d,87%,52,348,400,85,25,27,263
0x92c938,98.0385%,51,2549,2600,2544,4,47,5
0x64bf77,98.75%,50,3950,4000,3903,17,33,47
0x5f1b98,97.3945%,50,1869,1919,112,40,10,1757
0x96108b,99.5294%,50,10575,10625,10496,4,46,79
0x8c075b,87.75%,49,351,400,86,24,25,265
0x59907c,88.4615%,48,368,416,39,25,23,329
0x5e682c,96.4444%,48,1302,1350,1287,13,35,15
0xa90e38,99.0847%,48,5196,5244,4808,18,30,388
0x42989b,98.845%,48,4108,4156,4025,21,27,83
0xa7801b,96.8708%,47,1455,1502,1020,17,30,435
0xa78246,99.8214%,47,26272,26319,992,27,20,25280
0x5e8a85,83.737%,47,242,289,166,17,30,76
0x8c0e2b,54%,46,54,100,31,22,24,23
0xa8dce8,99.9464%,46,85776,85822,78836,34,12,6940
0x926ab4,99.0816%,45,4855,4900,4795,7,38,60
0x5f1a6b,97.807%,45,2007,2052,103,21,24,1904
0x7aaf99,78.3654%,45,163,208,143,23,22,20
0x6429f0,98.3077%,44,2556,2600,2542,6,38,14
0x75c7fc,75.5682%,43,133,176,124,8,35,9
0x638482,99.3565%,43,6639,6682,6411,14,29,228
0x6561d9,99.6818%,43,13472,13515,646,18,25,12826
0x9f5de8,83.7209%,42,216,258,179,21,21,37
0x642c21,98.3846%,42,2558,2600,2539,9,33,19
0x7b28f9,79.8077%,42,166,208,144,20,22,22
0x598dfc,90.1442%,41,375,416,28,28,13,347
0xa7621a,98.8222%,41,3440,3481,3281,16,25,159
0x7a95ba,88.8587%,41,327,368,40,24,17,287
0x669c2c,80.2885%,41,167,208,152,14,27,15
0x9281ad,99.5784%,40,9447,9487,9111,11,29,336
0x655da6,99.9248%,40,53182,53222,39695,12,28,13487
0x42a6b6,67.7419%,40,84,124,31,21,19,53
0x75a868,93.5897%,40,584,624,504,17,23,80
0x63731c,84.8249%,39,218,257,58,22,17,160
0xa90f3a,87.3377%,39,269,308,263,11,28,6
0x75c3ae,77.8409%,39,137,176,125,7,32,12
0x637dc0,99.4313%,38,6644,6682,6266,9,29,378
0x7aae28,81.7308%,38,170,208,144,22,16,26
0x65fbd0,81.7308%,38,170,208,18,16,22,152
0x5e8bcb,88.0878%,38,281,319,149,14,24,132
0x643061,98.5385%,38,2562,2600,2542,6,32,20
0x928531,97.8273%,38,1711,1749,1013,21,17,698
0x6373e7,95.0202%,37,706,743,231,26,11,475
0x7b2fac,82.2115%,37,171,208,27,15,22,144
0x64531c,99.4177%,37,6317,6354,6232,15,22,85
0x8c737b,99.9129%,37,42463,42500,41999,1,36,464
0x652bb6,99.9601%,36,90081,90117,85407,30,6,4674
0x7a9566,90.2174%,36,332,368,24,20,16,308
0x6527eb,99.9669%,36,108844,108880,24581,28,8,84263
0x64334b,98.6154%,36,2564,2600,2545,3,33,19
0x75d4e5,95.8621%,36,834,870,776,25,11,58
0x769842,91.3462%,36,380,416,35,16,20,345
0x5ea34c,80.1105%,36,145,181,128,11,25,17
0xa90eac,96.2343%,36,920,956,6,24,12,914
0x4299b5,99.6538%,36,10364,10400,9994,6,30,370
0x7b0b3f,82.6923%,36,172,208,24,20,16,148
0x6e698e,82.6923%,36,172,208,108,12,24,64
0x5f468c,91.358%,35,370,405,199,11,24,171
0x64cc92,99.125%,35,3965,4000,3905,15,20,60
0x7575be,61.9565%,35,57,92,49,11,24,8
0x645fe1,98.6538%,35,2565,2600,2540,8,27,25
0xa39c2e,99.007%,34,3390,3424,2339,10,24,1051
0x758ead,83.6538%,34,174,208,139,14,20,35
0x667038,83.6538%,34,174,208,151,15,19,23
0x64f358,95.8333%,34,782,816,773,11,23,9
0x7684c8,89.4231%,33,279,312,210,15,18,69
0x7a9458,91.0326%,33,335,368,61,14,19,274
0x89fd99,96.0337%,33,799,832,367,11,22,432
0x7582b6,84.1346%,33,175,208,150,14,19,25
0x5e8397,89.404%,32,270,302,216,9,23,54
0x64db04,97.3333%,32,1168,1200,1115,5,27,53
0x6e6914,84.6154%,32,176,208,10,16,16,166
0x5f4668,92.0988%,32,373,405,4,17,15,369
0x5e8190,76.6423%,32,105,137,48,17,15,57
0x92c653,99.6923%,32,10368,10400,7781,19,13,2587
0xa76b45,99.5701%,32,7412,7444,4733,25,7,2679
0x76850f,90.0641%,31,281,312,137,13,18,144
0x65db9c,98.8077%,31,2569,2600,2492,8,23,77
0x4298f1,99.7019%,31,10369,10400,8244,19,12,2125
0x75d38a,77.6978%,31,108,139,93,14,17,15
0x759059,85.0962%,31,177,208,27,15,16,150
0x5e83d4,89.7351%,31,271,302,61,16,15,210
0x63b1e6,99.8155%,31,16769,16800,12581,19,12,4188
0x759245,85.0962%,31,177,208,150,18,13,27
0x7588ba,85.0962%,31,177,208,166,14,17,11
0x6550d1,98.6148%,31,2207,2238,1102,17,14,1105
0x9f995a,98.4819%,31,2011,2042,1767,16,15,244
0x5e4f67,63.9535%,31,55,86,41,7,24,14
0x637dd8,99.5361%,31,6651,6682,6419,6,25,232
0x658608,96.337%,30,789,819,726,2,28,63
0x8bff2d,99.5279%,30,6324,6354,6238,9,21,86
0x64c042,97.5%,30,1170,1200,1110,10,20,60
0x75a884,94.2418%,30,491,521,75,8,22,416
0x643810,98.8462%,30,2570,2600,2545,3,27,25
0x63c9c5,99.4926%,30,5882,5912,5799,11,19,83
0x63da7b,99.7115%,30,10370,10400,10188,4,26,182
0x5e785c,86.0577%,29,179,208,154,12,17,25
0x5f017f,92.8571%,29,377,406,348,8,21,29
0x645ea6,99.5436%,29,6325,6354,6233,14,15,92
0x756cce,86.0577%,29,179,208,104,12,17,75
0x926a44,86%,28,172,200,89,13,15,83
0x76990b,93.2692%,28,388,416,6,13,15,382
0x6e6a2a,86.5385%,28,180,208,166,13,15,14
0x927ec1,99.7049%,28,9459,9487,201,7,21,9258
0x8c0e6e,90.6667%,28,272,300,93,17,11,179
0x64f0c6,99.7308%,28,10372,10400,10182,10,18,190
0x643676,98.9231%,28,2572,2600,2544,4,24,28
0xa24148,99.8721%,28,21865,21893,10646,14,14,11219
0x63ca32,89.0196%,28,227,255,216,15,13,11
0x8c3524,93%,28,372,400,276,14,14,96
0x65ff1c,86.5385%,28,180,208,48,11,17,132
0x75a8b4,95.2862%,28,566,594,28,14,14,538
0x7563c6,94.2623%,28,460,488,358,8,20,102
0x9282db,99.4223%,28,4819,4847,3642,8,20,1177
0x8bffd1,99.7308%,28,10372,10400,7786,14,14,2586
0x65ddf0,98.9231%,28,2572,2600,2498,2,26,74
0xa91675,98.7336%,27,2105,2132,2103,7,20,2
0x8c0cca,99.73%,27,9973,10000,7486,14,13,2487
0xa245a3,97.479%,27,1044,1071,60,12,15,984
0x598006,55%,27,33,60,15,11,16,18
0x6435cb,98.9615%,27,2573,2600,2543,5,22,30
0xa77fe7,99.8834%,27,23135,23162,614,14,13,22521
0x926a93,98.0335%,27,1346,1373,1278,15,12,68
0x4298e3,99.7404%,27,10373,10400,287,3,24,10086
0x64f032,99.7404%,27,10373,10400,10182,10,17,191
0x9f5cde,94.2797%,27,445,472,6,14,13,439
0x5986f9,71.875%,27,69,96,32,16,11,37
0x8c163b,74%,26,74,100,70,9,17,4
0x7586c7,87.5%,26,182,208,144,12,14,38
0x8c5308,99.95%,26,51974,52000,10383,17,9,41591
0x64ec52,99.8775%,26,21190,21216,20375,9,17,815
0x64324c,99%,26,2574,2600,2546,2,24,28
0x5ea767,87.5%,26,182,208,147,9,17,35
0xa76b39,99.8778%,26,21252,21278,13824,10,16,7428
0x654545,99.9811%,26,137428,137454,128920,13,13,8508
0xa90ced,98.6052%,26,1838,1864,1829,7,19,9
0xa782c8,99.8219%,26,14573,14599,236,22,4,14337
0x63858b,99.6109%,26,6656,6682,6416,9,17,240
0x64341b,99%,26,2574,2600,2547,1,25,27
0x5f5a79,92.0973%,26,303,329,208,13,13,95
0x9f5cc3,94.4915%,26,446,472,327,11,15,119
0xa79ec3,99.9622%,26,68757,68783,0,0,26,68757
0x6e6ac5,87.9808%,25,183,208,116,8,17,67
0x64533d,99.7596%,25,10375,10400,7791,9,16,2584
0x6e6b61,87.9808%,25,183,208,148,8,17,35
0x8c3504,93.75%,25,375,400,276,14,11,99
0x8bf420,99.6065%,25,6329,6354,6240,7,18,89
0x65494c,99.9792%,25,120383,120408,111878,10,15,8505
0x75c75b,92.4699%,25,307,332,155,11,14,152
0x598c23,73.9583%,25,71,96,58,6,19,13
0x757fa9,87.9808%,25,183,208,155,13,12,28
0x5f15aa,97.5634%,25,1001,1026,987,1,24,14
0x75d3da,85.119%,25,143,168,116,10,15,27
0x75a8df,95.9936%,25,599,624,457,11,14,142
0x9f99be,99.8554%,25,17266,17291,16712,12,13,554
0x7699f6,93.9904%,25,391,416,302,10,15,89
0x928fe0,84.2767%,25,134,159,16,18,7,118
0x8c08c2,87.5%,25,175,200,86,14,11,89
0x926c49,99.1525%,25,2925,2950,2891,0,25,34
0x960d34,84.2767%,25,134,159,23,11,14,111
0x6434ed,99.0385%,25,2575,2600,2545,3,22,30
0x65ddcf,99.7692%,24,10376,10400,7783,17,7,2593
0x652ae9,99.5048%,24,4823,4847,147,20,4,4676
0x7a9cbd,94%,24,376,400,6,14,10,370
0x75efea,81.8182%,24,108,132,79,9,15,29
0x5e4f26,72.093%,24,62,86,2,14,10,60
0x9fa8f5,99.8327%,24,14323,14347,14146,10,14,177
0x8c34c4,94%,24,376,400,98,12,12,278
0xa78606,99.6499%,24,6831,6855,5615,14,10,1216
0x768529,92.3077%,24,288,312,129,7,17,159
0x5e8c6c,96.8085%,24,728,752,102,7,17,626
0x7664f1,91.6667%,24,264,288,200,12,12,64
0x64b8ed,99.85%,24,15976,16000,15591,9,15,385
0xa90c69,86.6667%,24,156,180,152,10,14,4
0x407406,33.3333%,24,12,36,10,14,10,2
0x8c5a7e,95.4%,23,477,500,395,5,18,82
0x658b2c,99.7788%,23,10377,10400,7785,15,8,2592
0x9f5cbf,98.4225%,23,1435,1458,973,13,10,462
0x9e16a8,99.8802%,23,19177,19200,18800,16,7,377
0x778b85,97.125%,23,777,800,592,8,15,185
0x8c0c9e,98.9454%,23,2158,2181,2067,14,9,91
0x64edf5,98.2031%,23,1257,1280,1239,9,14,18
0xa3077f,99.9578%,23,54517,54540,3847,4,19,50670
0x5f5439,88.2051%,23,172,195,74,13,10,98
0x769734,94.4712%,23,393,416,385,11,12,8
0x5f4934,82.5758%,23,109,132,80,7,16,29
0x6d8d9d,87.2222%,23,157,180,154,10,13,3
0x778651,86.25%,22,138,160,120,14,8,18
0x5f5a66,71.0526%,22,54,76,34,9,13,20
0x762992,82.5397%,22,104,126,74,10,12,30
0x643801,99.7885%,22,10378,10400,7788,12,10,2590
0x5f5426,89.5238%,22,188,210,120,9,13,68
0x613d1a,99.1214%,22,2482,2504,2395,13,9,87
0x75983c,89.4231%,22,186,208,116,13,9,70
0x5e8a5b,89.4231%,22,186,208,122,9,13,64
0x758612,86.5854%,22,142,164,71,8,14,71
0xa246c9,96.6717%,22,639,661,150,15,7,489
0xa24136,99.9091%,22,24184,24206,2300,13,9,21884
0x5f0cb4,99.5205%,22,4566,4588,4397,7,15,169
0x65ffca,89.4231%,22,186,208,147,9,13,39
0x643337,99.7981%,21,10379,10400,7790,10,11,2589
0x766402,93%,21,279,300,212,12,9,67
0x5f1ee7,92.6316%,21,264,285,120,13,8,144
0x8c140c,92.7586%,21,269,290,19,14,7,250
0x7560f6,94.4%,21,354,375,269,3,18,85
0x7684db,93.2692%,21,291,312,52,15,6,239
0x608be0,88.0682%,21,155,176,118,14,7,37
0x8bec59,89.9038%,21,187,208,12,7,14,175
0x65fe54,89.9038%,21,187,208,89,9,12,98
0x768932,92.7083%,21,267,288,202,10,11,65
0x5f1fdb,97.9532%,21,1005,1026,983,5,16,22
0x5f4910,84.0909%,21,111,132,10,11,10,101
0x76b129,83.3333%,21,105,126,94,12,9,11
0x42a6c1,83.0645%,21,103,124,68,10,11,35
0x652717,99.9502%,21,42113,42134,13414,11,10,28699
0x5e8cd4,97.2074%,21,731,752,158,15,6,573
0x760712,83.3333%,21,105,126,78,6,15,27
0xa76302,99.2222%,21,2679,2700,71,14,7,2608
0x8bec5d,88.8889%,21,168,189,62,8,13,106
0x5e8d34,97.2074%,21,731,752,157,16,5,574
0x5e802b,90.3846%,20,188,208,28,7,13,160
0xa79ed7,99.9709%,20,68763,68783,0,0,20,68763
0x632dfa,95.7265%,20,448,468,448,2,18,0
0x65df3f,99.2308%,20,2580,2600,2496,4,16,84
0x5f4767,89.7436%,20,175,195,76,11,9,99
0x7563d8,83.6066%,20,102,122,80,7,13,22
0x9f9a2b,93.8272%,20,304,324,4,12,8,300
0x926e11,90%,20,180,200,144,6,14,36
0x76982b,95.1923%,20,396,416,2,14,6,394
0x597f86,98.6264%,20,1436,1456,1384,16,4,52
0x654fbe,99.9832%,20,118925,118945,110731,11,9,8194
0x65274e,99.9879%,20,165544,165564,140944,11,9,24600
0x5e8ad2,88.4393%,20,153,173,101,7,13,52
0x755fa8,90.3846%,20,188,208,147,9,11,41
0x642e55,99.8077%,20,10380,10400,7792,8,12,2588
0x92a3fa,87.4214%,20,139,159,19,11,9,120
0x618fd4,92.4812%,20,246,266,246,6,14,0
0x7a8dff,95%,20,380,400,294,6,14,86
0x64304a,99.8077%,20,10380,10400,7790,10,10,2590
0x642e6c,99.2308%,20,2580,2600,2548,0,20,32
0xa78507,81.1321%,20,86,106,84,8,12,2
0x8c06ec,95.25%,19,381,400,289,11,8,92
0x65ec3c,99.8173%,19,10381,10400,7784,16,3,2597
0x9f5e96,96.2745%,19,491,510,425,7,12,66
0x761182,64.1509%,19,34,53,16,14,5,18
0x926c0b,99.3529%,19,2917,2936,2837,11,8,80
0x92cb0d,99.2692%,19,2581,2600,2547,1,18,34
0x5e6b1c,98.5926%,19,1331,1350,1299,1,18,32
0x758082,90.8654%,19,189,208,159,9,10,30
0x5e773c,86.8056%,19,125,144,0,13,6,125
0x7697a3,95.4327%,19,397,416,1,9,10,396
0xa393d1,99.9341%,19,28827,28846,18773,5,14,10054
0x618bc4,92.8571%,19,247,266,247,5,14,0
0x65c9c0,99.8173%,19,10381,10400,10182,10,9,199
0x639a23,92.607%,19,238,257,85,5,14,153
0x632d7a,95.9402%,19,449,468,449,1,18,0
0xa7a543,99.9724%,19,68762,68781,0,0,19,68762
0x65c995,99.8173%,19,10381,10400,10286,13,6,95
0x5f5817,94.2249%,19,310,329,307,6,13,3
0x75988e,90.8654%,19,189,208,89,6,13,100
0x7560cf,95.202%,19,377,396,7,14,5,370
0x8c159f,81%,19,81,100,1,9,10,80
0xa245b8,97.1256%,19,642,661,363,9,10,279
0x758104,90.8654%,19,189,208,154,2,17,35
0x76884a,93.6667%,19,281,300,214,10,9,67
0x64cc67,99.8875%,18,15982,16000,11993,7,11,3989
0x9283f9,99.5001%,18,3583,3601,598,12,6,2985
0x8c56ef,99.8615%,18,12982,13000,12497,3,15,485
0x778578,97.75%,18,782,800,149,11,7,633
0x9ff032,99.9753%,18,72782,72800,71338,6,12,1444
0x8c0979,93.7931%,18,272,290,91,9,9,181
0x618d1b,93.2331%,18,248,266,248,4,14,0
0x8c3a41,99.85%,18,11982,12000,9989,11,7,1993
0x645368,99.3077%,18,2582,2600,2544,4,14,38
0x669c5e,91.3462%,18,190,208,151,5,13,39
0x62362e,99.9654%,18,51982,52000,38990,10,8,12992
0x5f3fe1,55%,18,22,40,20,4,14,2
0x926af5,95.5%,18,382,400,381,9,9,1
0xa24415,99.2218%,18,2295,2313,1058,13,5,1237
0x8c037b,95.5%,18,382,400,294,6,12,88
0x76b260,85.7143%,18,108,126,74,10,8,34
0xa39c18,99.4743%,18,3406,3424,2566,14,4,840
0xa30a98,99.8966%,18,17393,17411,16780,7,11,613
0x429f84,82%,18,82,100,1,9,9,81
0x7590f3,91.8269%,17,191,208,42,10,7,149
0x89fda9,96.2555%,17,437,454,108,10,7,329
0x64c3bd,95.75%,17,383,400,383,9,8,0
0x609109,92.3423%,17,205,222,161,7,10,44
0x9f5dd6,93.4109%,17,241,258,224,8,9,17
0x75ea27,86.5079%,17,109,126,87,7,10,22
0x89fe21,97.9567%,17,815,832,617,7,10,198
0x5e8ea6,91.8269%,17,191,208,191,4,13,0
0xa78123,97.554%,17,678,695,90,8,9,588
0x5e84e5,91.8269%,17,191,208,189,6,11,2
0x429b43,81.9149%,17,77,94,0,11,6,77
0xa782a2,99.9101%,17,18896,18913,335,14,3,18561
0x618e7b,93.609%,17,249,266,249,3,14,0
0x5f4b52,93.7729%,17,256,273,191,9,8,65
0x5f5197,91.2821%,17,178,195,171,8,9,7
0x614e95,93.609%,17,249,266,249,3,14,0
0x7612b1,86.5079%,17,109,126,79,5,12,30
0x759274,91.8269%,17,191,208,151,5,12,40
0x7622ec,87.1212%,17,115,132,81,7,10,34
0x5f1988,99.1715%,17,2035,2052,6,7,10,2029
0x5e76f4,62.2222%,17,28,45,2,11,6,26
0x42992a,97.7058%,17,724,741,611,6,11,113
0x761852,87.1212%,17,115,132,82,6,11,33
0x64d353,95.75%,17,383,400,383,9,8,0
0x8bf458,99.8365%,17,10383,10400,7791,9,8,2592
0x598f7c,91.8269%,17,191,208,120,9,8,71
0x8beb75,82.2917%,17,79,96,46,14,3,33
0x7b0bb4,91.8269%,17,191,208,153,3,14,38
0x8c4831,99.8692%,17,12983,13000,12493,7,10,490
0x5980de,71.6667%,17,43,60,33,7,10,10
0x8c0c93,99.7385%,17,6483,6500,4318,1,16,2165
0x7a9cd4,95.75%,17,383,400,292,8,9,91
0x7615ab,87.1212%,17,115,132,77,11,6,38
0x760fa1,61.3636%,17,27,44,13,7,10,14
0x757fd5,91.8269%,17,191,208,21,5,12,170
0xa79f40,99.9753%,17,68766,68783,0,0,17,68766
0xa393a0,99.9411%,17,28829,28846,28829,13,4,0
0x7a9881,99.3462%,17,2583,2600,2496,4,13,87
0x8c50e3,99.3846%,16,2584,2600,2494,6,10,90
0x63d6a0,99.8462%,16,10384,10400,10189,3,13,195
0x759865,92.3077%,16,192,208,54,8,8,138
0x5f3664,99.1903%,16,1960,1976,983,5,11,977
0x64c036,99.6667%,16,4784,4800,3595,5,11,1189
0x76e4e9,90%,16,144,160,112,8,8,32
0x778cdd,98%,16,784,800,634,6,10,150
0x761e03,87.8788%,16,116,132,81,7,9,35
0x75ce6a,90.9091%,16,160,176,146,10,6,14
0x5f1fbd,99.2203%,16,2036,2052,1021,5,11,1015
0x92917d,99.8207%,16,8909,8925,8814,6,10,95
0x761d63,72.8814%,16,43,59,32,6,10,11
0x75d376,90.4762%,16,152,168,17,12,4,135
0x8c3a95,96.8%,16,484,500,394,6,10,90
0x5f0ce7,91.3043%,16,168,184,139,5,11,29
0xa768dd,99.9768%,16,68940,68956,0,0,16,68940
0x7563f5,81.6092%,16,71,87,41,11,5,30
0xa79f13,99.9767%,16,68767,68783,0,0,16,68767
0x5f558e,94.386%,16,269,285,201,8,8,68
0x5e809c,79.2208%,16,61,77,47,8,8,14
0x65c977,99.8462%,16,10384,10400,10374,9,7,10
0xa7a553,99.9767%,16,68765,68781,0,0,16,68765
0x64bf69,99.9%,16,15984,16000,11990,10,6,3994
0x5980d1,88.2353%,16,120,136,96,6,10,24
0xa0ebc8,99.9815%,16,86278,86294,0,0,16,86278
0xa8dd12,99.7699%,16,6936,6952,4285,7,9,2651
0x598cfc,92.3077%,16,192,208,92,10,6,100
0x5e8ab9,92.3077%,16,192,208,25,10,6,167
0x76202a,87.8788%,16,116,132,92,8,8,24
0x598f8c,92.3077%,16,192,208,152,4,12,40
0xa769a9,99.9664%,16,47662,47678,0,0,16,47662
0x926bb9,92%,16,184,200,138,3,13,46
0x8bebaa,92.3077%,16,192,208,151,5,11,41
0x63b1f9,99.619%,16,4184,4200,4113,3,13,71
0x6369a9,99.7606%,16,6666,6682,6418,7,9,248
0x6d8f6b,69.2308%,16,36,52,7,9,7,29
0x63a133,96.25%,15,385,400,385,7,8,0
0x5e8437,95.0331%,15,287,302,64,13,2,223
0xa24c41,94.7368%,15,270,285,188,5,10,82
0x642c0a,99.8558%,15,10385,10400,7794,6,9,2591
0x66ecf2,99.4231%,15,2585,2600,2543,5,10,42
0x64ecb5,98.8281%,15,1265,1280,1242,6,9,23
0x5f5397,92.3077%,15,180,195,108,6,9,72
0x929015,88%,15,110,125,100,5,10,10
0x64e79e,99.8162%,15,8145,8160,7835,5,10,310
0x76898f,94.7917%,15,273,288,182,10,5,91
0x639f93,96.25%,15,385,400,385,7,8,0
0x608aaa,91.4773%,15,161,176,123,7,8,38
0x63daaf,92.7885%,15,193,208,193,7,8,0
0x65efb3,99.8558%,15,10385,10400,10374,9,6,11
0x8c08b4,98.125%,15,785,800,593,7,8,192
0xa7a55c,99.9782%,15,68766,68781,68766,15,0,0
0x65fc07,99.1176%,15,1685,1700,1656,10,5,29
0x7b29b0,92.7885%,15,193,208,150,6,9,43
0x5f5da4,96.4286%,15,405,420,400,5,10,5
0x658b38,99.4231%,15,2585,2600,2543,5,10,42
0x76f34f,95.1923%,15,297,312,296,4,11,1
0x8c3a7a,99.5%,15,2985,3000,2493,7,8,492
0x9f7cf7,99.2683%,15,2035,2050,0,8,7,2035
0x9e0d58,83.6957%,15,77,92,29,5,10,48
0x637716,99.6109%,15,3840,3855,3598,0,15,242
0x76984e,96.3942%,15,401,416,358,3,12,43
0x7a9875,99.8558%,15,10385,10400,7793,7,8,2592
0x92904d,99.1176%,15,1685,1700,1677,3,12,8
0x9ff0d1,96.1538%,14,350,364,0,14,0,350
0x429fc7,96.5%,14,386,400,250,10,4,136
0x6311f1,93.2692%,14,194,208,151,5,9,43
0x5e788a,93.2692%,14,194,208,192,3,11,2
0x75d391,56.25%,14,18,32,13,9,5,5
0x8c4ef9,99.9731%,14,51986,52000,10390,10,4,41596
0x761bf6,63.1579%,14,24,38,23,6,8,1
0x6434d7,99.8654%,14,10386,10400,7792,8,6,2594
0x9271cf,99.0028%,14,1390,1404,1390,5,9,0
0x590ae9,96.6346%,14,402,416,379,5,9,23
0x6035bf,99.1587%,14,1650,1664,1242,6,8,408
0x63c2fa,99.8654%,14,10386,10400,9994,6,8,392
0x608ac2,92.0455%,14,162,176,160,6,8,2
0x590ad3,98.3173%,14,818,832,407,9,5,411
0xa39958,99.9515%,14,28832,28846,0,7,7,28832
0x65c376,93.2692%,14,194,208,149,7,7,45
0x429a0d,96.5%,14,386,400,386,6,8,0
0x9270d4,99.7507%,14,5602,5616,5602,4,10,0
0x758955,93.2692%,14,194,208,151,5,9,43
0x778148,98.3173%,14,818,832,619,5,9,199
0x8c1068,96.5%,14,386,400,292,8,6,94
0x64ec65,98.3173%,14,818,832,796,4,10,22
0x63a341,96.5%,14,386,400,291,9,5,95
0x654ffe,99.9882%,14,118931,118945,110736,6,8,8195
0x617f9b,90.7895%,14,138,152,138,6,8,0
0x927368,99.0028%,14,1390,1404,1345,5,9,45
0x63d6c1,93.2692%,14,194,208,194,6,8,0
0x756e72,84.7826%,14,78,92,52,8,6,26
0x607fcf,93.2692%,14,194,208,150,6,8,44
0x5f43ff,96.4103%,14,376,390,368,4,10,8
0x8c4f66,99.8923%,14,12986,13000,12496,4,10,490
0x7a9bc7,96.5%,14,386,400,382,4,10,4
0x762ebe,88.8889%,14,112,126,84,4,10,28
0xa768c9,99.9797%,14,68942,68956,0,0,14,68942
0x64daef,99.9942%,14,239986,240000,179994,6,8,59992
0x5f3d8e,86.5385%,14,90,104,10,6,8,80
0x5e81f6,93.2692%,14,194,208,0,8,6,194
0x65ee93,99.8654%,14,10386,10400,10375,8,6,11
0x42991e,98.2412%,14,782,796,50,5,9,732
0xa39385,99.9515%,14,28832,28846,18771,5,9,10061
0x64de2c,99.65%,14,3986,4000,3898,2,12,88
0x6429df,99.8654%,14,10386,10400,7795,5,9,2591
0xa77d7a,99.9797%,14,68942,68956,0,0,14,68942
0x75ed91,77.9661%,13,46,59,3,12,1,43
0x60864c,97.2222%,13,455,468,448,2,11,7
0x5f4997,71.1111%,13,32,45,22,7,6,10
0x6490f3,96.131%,13,323,336,246,6,7,77
0x62339c,95%,13,247,260,247,3,10,0
0x761634,90.1515%,13,119,132,85,3,10,34
0x64b976,96.75%,13,387,400,387,5,8,0
0xa768e5,99.9811%,13,68943,68956,0,0,13,68943
0xa79eeb,99.9811%,13,68770,68783,68770,13,0,0
0xa79f1c,99.9811%,13,68770,68783,68770,13,0,0
0x647691,96.75%,13,387,400,295,5,8,92
0x63bedf,99.875%,13,10387,10400,10189,3,10,198
0x761bb8,75.9259%,13,41,54,11,5,8,30
0x762fe5,89.6825%,13,113,126,78,6,7,35
0x5f341a,95.7237%,13,291,304,284,4,9,7
0xa30b01,99.9338%,13,19614,19627,19609,6,7,5
0x63a5a2,96.75%,13,387,400,387,5,8,0
0x8c59c4,99.9%,13,12987,13000,12492,8,5,495
0x7ede0a,93.75%,13,195,208,145,11,2,50
0x8c34dd,96.75%,13,387,400,296,4,9,91
0xa82018,99.982%,13,72259,72272,0,0,13,72259
0x64efa3,93.75%,13,195,208,195,5,8,0
0x64cb36,99.9188%,13,15987,16000,10294,6,7,5693
0xa90d38,78.3333%,13,47,60,31,5,8,16
0x65da0d,99.875%,13,10387,10400,7796,4,9,2591
0x756ce4,93.75%,13,195,208,154,2,11,41
0x62368c,95%,13,247,260,247,3,10,0
0x5f59f6,96.0486%,13,316,329,292,4,9,24
0x760f87,90.1515%,13,119,132,84,4,9,35
0x42964e,93.5%,13,187,200,0,8,5,187
0x64f058,93.75%,13,195,208,195,5,8,0
0x755f14,93.75%,13,195,208,2,8,5,193
0x65caec,93.75%,13,195,208,93,5,8,102
0x609228,94.1441%,13,209,222,161,3,10,48
0x8c0d07,96.75%,13,387,400,290,10,3,97
0x5e8080,93.75%,13,195,208,128,3,10,67
0x7590e7,93.75%,13,195,208,8,6,7,187
0x5e8be5,93.75%,13,195,208,26,9,4,169
0x64cf12,95.9375%,13,307,320,233,7,6,74
0x429996,99.3917%,13,2124,2137,2032,5,8,92
0xa0eea9,99.9802%,13,65743,65756,58311,9,4,7432
0x617e11,99.6711%,13,3939,3952,3797,3,10,142
0x644751,99.5%,13,2587,2600,2543,5,8,44
0xa22300,99.9463%,13,24201,24214,3754,2,11,20447
0x762442,90.4762%,12,114,126,85,3,9,29
0x75d4df,98.6364%,12,868,880,3,7,5,865
0x652614,99.9512%,12,24597,24609,18642,2,10,5955
0xa0ebd9,99.9861%,12,86282,86294,86244,10,2,38
0x64cbbf,99.925%,12,15988,16000,251,6,6,15737
0x6886f4,94.2308%,12,196,208,156,0,12,40
0x63bf6f,99.8846%,12,10388,10400,10186,6,6,202
0x7aafb5,71.4286%,12,30,42,15,9,3,15
0x63dbdb,99.8846%,12,10388,10400,10189,3,9,199
0x7aae93,94.2308%,12,196,208,151,5,7,45
0x5f691c,98.8304%,12,1014,1026,984,4,8,30
0x8c1527,95.3307%,12,245,257,156,1,11,89
0x762d48,90.4762%,12,114,126,83,1,11,31
0x64f0d4,94.2308%,12,196,208,196,4,8,0
0x63bbe2,81.25%,12,52,64,3,5,7,49
0x643235,99.8846%,12,10388,10400,7795,5,7,2593
0xa76224,93.4783%,12,172,184,93,5,7,79
0x63ab33,97%,12,388,400,388,4,8,0
0x5f4b6d,96.5318%,12,334,346,264,9,3,70
0x5e74c8,94%,12,188,200,187,5,7,1
0x65506d,99.1957%,12,1480,1492,365,8,4,1115
0x75e85d,90.4762%,12,114,126,78,6,6,36
0x615198,99.9241%,12,15796,15808,15196,4,8,600
0x5a6363,94.4444%,12,204,216,157,5,7,47
0x4abb35,97.6096%,12,490,502,123,1,11,367
0x927103,99.1453%,12,1392,1404,1349,1,11,43
0x617e44,92.1053%,12,140,152,140,4,8,0
0x760d3f,90.9091%,12,120,132,84,4,8,36
0x6180c0,99.6964%,12,3940,3952,3796,4,8,144
0xa246eb,98.1846%,12,649,661,547,2,10,102
0x75f167,90.9091%,12,120,132,113,4,8,7
0x8bec72,94.2308%,12,196,208,151,5,7,45
0x7621d5,90.9091%,12,120,132,86,2,10,34
0x63cf59,97%,12,388,400,388,4,8,0
0x762a3f,90.4762%,12,114,126,76,6,6,38
0x8c0e9f,96%,12,288,300,187,3,9,101
0x63dc0f,94.2308%,12,196,208,196,4,8,0
0x617f60,99.6964%,12,3940,3952,3797,3,9,143
0x9fb682,99.8206%,12,6678,6690,6425,6,6,253
0x75ceed,93.1818%,12,164,176,129,3,9,35
0x76991a,97.1154%,12,404,416,0,6,6,404
0x767759,92.3077%,12,144,156,97,7,5,47
0x760b46,90.9091%,12,120,132,88,0,12,32
0xa30954,99.9411%,12,20347,20359,17404,7,5,2943
0x64ed64,99.9633%,12,32692,32704,14820,4,8,17872
0x64593d,99.5385%,12,2588,2600,2542,6,6,46
0x63a743,97%,12,388,400,388,4,8,0
0x615223,92.1053%,12,140,152,140,4,8,0
0x762b1e,90.4762%,12,114,126,81,3,9,33
0xa3920f,99.9628%,12,32258,32270,0,0,12,32258
0x761c7a,77.7778%,12,42,54,33,3,9,9
0x7a924b,96.7391%,12,356,368,274,2,10,82
0x75d594,94.5455%,12,208,220,206,4,8,2
0x597f12,40%,12,8,20,3,3,9,5
0x756de2,86.9565%,12,80,92,77,5,7,3
0x62338a,99.9077%,12,12988,13000,12738,2,10,250
0x61724b,99.4755%,12,2276,2288,1710,6,6,566
0x5f4f14,91.8519%,11,124,135,114,6,5,10
0x636bbe,99.8354%,11,6671,6682,6422,3,8,249
0x63c3bd,87.7778%,11,79,90,67,5,6,12
0x63d947,94.7115%,11,197,208,197,3,8,0
0x5f75b1,98.9279%,11,1015,1026,985,3,8,30
0x926b66,96.8571%,11,339,350,339,4,7,0
0x631281,94.7115%,11,197,208,150,6,5,47
0x5ea36b,93.4524%,11,157,168,153,2,9,4
0x5f5ce3,99.709%,11,3769,3780,3356,4,7,413
0x7587a6,94.7115%,11,197,208,149,7,4,48
0x5ea40e,78.4314%,11,40,51,35,4,7,5
0x64c8ed,97.25%,11,389,400,389,3,8,0
0x598831,99.1186%,11,1237,1248,1196,4,7,41
0xa224f5,99.5244%,11,2302,2313,1064,7,4,1238
0x5999b9,65.625%,11,21,32,9,7,4,12
0x89fe36,94.7115%,11,197,208,197,3,8,0
0x8c3535,97.25%,11,389,400,298,2,9,91
0x768642,89.4231%,11,93,104,93,7,4,0
0x75f2c9,91.6667%,11,121,132,82,6,5,39
0x634a7d,99.5769%,11,2589,2600,2544,4,7,45
0x63a673,97.25%,11,389,400,389,3,8,0
0x665fa2,94.7115%,11,197,208,149,7,4,48
0x646bde,99.5769%,11,2589,2600,2548,0,11,41
0x63a4e2,97.25%,11,389,400,389,3,8,0
0x7613ba,81.3559%,11,48,59,30,8,3,18
0x76e348,93.125%,11,149,160,136,6,5,13
0x7605b9,91.2698%,11,115,126,1,4,7,114
0x8c43be,99.5769%,11,2589,2600,2497,3,8,92
0x42996f,99.4853%,11,2126,2137,1954,4,7,172
0x6031db,99.5192%,11,2277,2288,2194,6,5,83
0x64da93,99.9817%,11,59989,60000,0,0,11,59989
0x63a063,97.25%,11,389,400,389,3,8,0
0x8c341e,97.25%,11,389,400,293,7,4,96
0xa30839,99.946%,11,20348,20359,20348,11,0,0
0xa7623d,99.9101%,11,12222,12233,11541,6,5,681
0x769021,65.625%,11,21,32,0,7,4,21
0x64425d,99.5769%,11,2589,2600,2545,3,8,44
0x6180fb,92.7632%,11,141,152,141,3,8,0
0xa8dcb7,99.9865%,11,81519,81530,0,0,11,81519
0x64f3a2,65.625%,11,21,32,21,3,8,0
0x64dab9,99.9954%,11,239989,240000,239989,11,0,0
0x760e7e,91.2698%,11,115,126,78,6,5,37
0x7a96cf,97.0109%,11,357,368,272,4,7,85
0x63c297,94.7115%,11,197,208,197,3,8,0
0x669986,94.7115%,11,197,208,153,3,8,44
0x7724f7,94.7115%,11,197,208,195,5,6,2
0x8c46ba,99.5769%,11,2589,2600,2492,8,3,97
0x63d7d1,94.7115%,11,197,208,197,3,8,0
0x7a8efe,97.1354%,11,373,384,286,2,9,87
0x64c994,97.25%,11,389,400,388,4,7,1
0x59951b,98.2372%,11,613,624,597,3,8,16
0x42a246,97.25%,11,389,400,389,3,8,0
0x670222,94.7115%,11,197,208,197,3,8,0
0xa90c5b,50%,11,11,22,10,4,7,1
0x618ce0,99.8409%,11,6905,6916,6648,2,9,257
0x63bcaf,94.7115%,11,197,208,193,7,4,4
0x926bff,99.6271%,11,2939,2950,2930,6,5,9
0x64f20b,99.9987%,11,848629,848640,815991,9,2,32638
0x65ca5c,94.7115%,11,197,208,197,3,8,0
0x7628fe,91.2698%,11,115,126,85,3,8,30
0x64f1e0,99.9663%,11,32629,32640,0,0,11,32629
0x929945,99.9186%,11,13504,13515,13351,5,6,153
0x75818c,94.7115%,11,197,208,5,5,6,192
0x65a3a0,88.7755%,11,87,98,79,5,6,8
0x75d56a,98.75%,11,869,880,653,7,4,216
0x65d084,99.5769%,11,2589,2600,2546,2,9,43
0x64e7bc,96.5625%,11,309,320,309,3,8,0
0x765c72,89.4231%,11,93,104,93,7,4,0
0x649ff2,99.8942%,11,10389,10400,7792,8,3,2597
0x95a412,94.7115%,11,197,208,154,2,9,43
0x7627a6,38.8889%,11,7,18,6,6,5,1
0x65a72c,96.5625%,11,309,320,308,8,3,1
0xa224de,99.2377%,11,1432,1443,101,4,7,1331
0x63bd50,94.7115%,11,197,208,197,3,8,0
0x596f10,92.9487%,11,145,156,145,5,6,0
0x8c534a,99.9788%,11,51989,52000,38995,5,6,12994
0x8c5364,99.9154%,11,12989,13000,12497,3,8,492
0x6535a2,99.4124%,11,1861,1872,1657,7,4,204
0xa8dc7a,99.9865%,11,81519,81530,81519,11,0,0
0x762356,75%,11,33,44,2,4,7,31
0x63be60,94.7115%,11,197,208,197,3,8,0
0x616b46,99.0253%,10,1016,1026,982,6,4,34
0x63c010,95.1923%,10,198,208,198,2,8,0
0xa3882f,99.9897%,10,96909,96919,0,0,10,96909
0x7a925d,89.1304%,10,82,92,82,6,4,0
0x5ea89e,95.1923%,10,198,208,150,6,4,48
0x6638a6,99.6154%,10,2590,2600,2542,6,4,48
0x76595f,90.3846%,10,94,104,94,6,4,0
0x649106,88.0952%,10,74,84,63,7,3,11
0x63bef0,95.1923%,10,198,208,198,2,8,0
0x64eeb3,95.1923%,10,198,208,198,2,8,0
0x650094,99.1667%,10,1190,1200,1117,3,7,73
0x75e78c,92.0635%,10,116,126,116,4,6,0
0x758787,95.1923%,10,198,208,198,5,5,0
0x6471c9,99.6154%,10,2590,2600,2547,1,9,43
0x64b257,99.6154%,10,2590,2600,2543,5,5,47
0x60911d,95.4955%,10,212,222,206,5,5,6
0xa77fc9,99.9568%,10,23152,23162,0,0,10,23152
0x429eee,96.5517%,10,280,290,29,4,6,251
0xa7a53a,99.9855%,10,68771,68781,0,0,10,68771
0x8c3a56,99.9167%,10,11990,12000,8993,7,3,2997
0x5f46f6,94.8718%,10,185,195,177,2,8,8
0xa2280c,99.0663%,10,1061,1071,70,2,8,991
0x652817,99.9881%,10,84261,84271,84261,10,0,0
0x926b0f,97.5%,10,390,400,386,6,4,4
0xa389c0,99.9897%,10,96909,96919,0,0,10,96909
0x76e51e,93.75%,10,150,160,149,4,6,1
0x761101,83.0508%,10,49,59,1,5,5,48
0x65db7d,99.9038%,10,10390,10400,7796,4,6,2594
0x598087,99.7172%,10,3526,3536,3394,6,4,132
0x6d9264,94.898%,10,186,196,9,7,3,177
0xa79efc,99.9855%,10,68773,68783,0,0,10,68773
0x5e8487,96.6887%,10,292,302,221,4,6,71
0x760cde,92.4242%,10,122,132,70,3,7,52
0x768fd1,68.75%,10,22,32,3,7,3,19
0x66995e,95.1923%,10,198,208,195,5,5,3
0x5e7598,52.381%,10,11,21,7,6,4,4
0x777d57,95.1923%,10,198,208,198,2,8,0
0x66fd6f,99.5994%,10,2486,2496,2281,7,3,205
0x8c617c,99.9231%,10,12990,13000,12496,4,6,494
0x75a8a4,98.3974%,10,614,624,592,2,8,22
0x5f3fe8,37.5%,10,6,16,6,5,5,0
0x76afe1,92.4242%,10,122,132,82,6,4,40
0x761588,92.4242%,10,122,132,83,5,5,39
0x64b396,99.6154%,10,2590,2600,2547,1,9,43
0x6678d6,95.1923%,10,198,208,150,6,4,48
0x655d4f,99.9906%,10,106434,106444,53215,7,3,53219
0x65a741,96.875%,10,310,320,236,4,6,74
0x65a263,97.449%,10,382,392,293,1,9,89
0x598e0c,97.5962%,10,406,416,309,3,7,97
0x639584,97.5%,10,390,400,299,1,9,91
0x76224a,92.4242%,10,122,132,86,2,8,36
0x778d46,98.75%,10,790,800,595,5,5,195
0x75ebb3,92.0635%,10,116,126,82,2,8,34
0xa389b1,99.9896%,10,96472,96482,0,0,10,96472
0xa78036,99.1379%,10,1150,1160,1150,6,4,0
0x631301,95.1923%,10,198,208,150,6,4,48
0x5f4938,77.7778%,10,35,45,0,5,5,35
0xa223b5,99.7338%,10,3746,3756,2309,4,6,1437
0x597fcc,82.1429%,10,46,56,37,5,5,9
0x644dc4,95.1923%,10,198,208,152,4,6,46
0x6314b0,95.1923%,10,198,208,153,3,7,45
0x64c779,99.75%,10,3990,4000,3914,6,4,76
0x9f5cf6,99.7932%,10,4826,4836,0,0,10,4826
0x64a062,99.9038%,10,10390,10400,7795,5,5,2595
0xa230ba,97.561%,10,400,410,155,4,6,245
0x403153,61.5385%,10,16,26,13,7,3,3
0x76ccdb,77.2727%,10,34,44,34,8,2,0
0x63d5a5,95.1923%,10,198,208,198,2,8,0
0x643638,99.6154%,10,2590,2600,0,0,10,2590
0x761d72,52.381%,10,11,21,0,0,10,11
0x5fca83,88.6364%,10,78,88,72,8,2,6
0x65efcc,99.9038%,10,10390,10400,7794,6,4,2596
0x77903e,95.1923%,10,198,208,196,4,6,2
0x6210fb,73.6842%,10,28,38,25,5,5,3
0x645c15,99.6154%,10,2590,2600,2546,2,8,44
0x75c643,96.9136%,10,314,324,286,8,2,28
0x663806,99.6154%,10,2590,2600,2544,4,6,46
0x4299d6,94.7368%,10,180,190,148,4,6,32
0x63b2d6,88.0952%,10,74,84,69,1,9,5
0x643ebd,99.6154%,10,2590,2600,2543,5,5,47
0x8c4f52,99.9827%,9,51991,52000,38995,5,4,12996
0x760fdd,93.1818%,9,123,132,88,0,9,35
0x63bf80,95.6731%,9,199,208,199,1,8,0
0x63d7b0,99.9135%,9,10391,10400,10189,3,6,202
0x6088ca,94.8864%,9,167,176,129,3,6,38
0x7edd5b,95.6731%,9,199,208,151,5,4,48
0x7692dc,25%,9,3,12,2,6,3,1
0x5f4eb4,93.3333%,9,126,135,117,3,6,9
0x5f5e94,99.1071%,9,999,1008,894,2,7,105
0x593966,98.9183%,9,823,832,795,5,4,28
0x6474b9,99.6538%,9,2591,2600,2546,2,7,45
0x643cb0,99.6538%,9,2591,2600,2546,2,7,45
0x768f96,71.875%,9,23,32,22,4,5,1
0xa232a0,98.3209%,9,527,536,282,3,6,245
0xa389e6,80.4348%,9,37,46,33,7,2,4
0x63cec6,97.75%,9,391,400,391,1,8,0
0x9fb87b,96.5517%,9,252,261,1,1,8,251
0x5f6139,96.8421%,9,276,285,204,5,4,72
0x636af9,99.8653%,9,6673,6682,6422,3,6,251
0xa2e1da,99.9835%,9,54531,54540,0,0,9,54531
0x63c395,91.5094%,9,97,106,2,4,5,95
0x593aba,95.6731%,9,199,208,196,4,5,3
0x64deda,99.775%,9,3991,4000,3897,3,6,94
0x66fb97,99.8125%,9,4791,4800,4477,3,6,314
0x65b041,97.75%,9,391,400,297,3,6,94
0xa9007e,99.9088%,9,9857,9866,0,0,9,9857
0x762bc8,92.8571%,9,117,126,75,7,2,42
0x5d3c75,91.6667%,9,99,108,22,4,5,77
0x5e8b8a,94.7977%,9,164,173,16,1,8,148
0x609140,95.9459%,9,213,222,163,5,4,50
0x659ba6,99.6538%,9,2591,2600,2544,4,5,47
0x778ced,94.375%,9,151,160,0,0,9,151
0x92a583,97.5342%,9,356,365,272,2,7,84
0x6461b9,99.6538%,9,2591,2600,2544,4,5,47
0x6637b6,99.6538%,9,2591,2600,2544,4,5,47
0x618254,94.0789%,9,143,152,143,1,8,0
0x92c725,99.9135%,9,10391,10400,7797,3,6,2594
0x7613b5,92.8571%,9,117,126,64,3,6,53
0x761729,84.7458%,9,50,59,1,5,4,49
0x768ff5,71.875%,9,23,32,14,8,1,9
0x7d0803,95.6731%,9,199,208,153,3,6,46
0x598d0c,95.6731%,9,199,208,155,1,8,44
0x6e6b10,95.6731%,9,199,208,196,2,7,3
0x649f80,99.6538%,9,2591,2600,2494,6,3,97
0x645cc5,99.6538%,9,2591,2600,2546,2,7,45
0x7ab007,95.6731%,9,199,208,154,2,7,45
0x63c4a4,90%,9,81,90,77,7,2,4
0x761d5e,93.1818%,9,123,132,67,6,3,56
0x63a664,97.75%,9,391,400,391,7,2,0
0x64ce65,97.1875%,9,311,320,238,2,7,73
0x608612,99.5192%,9,1863,1872,1396,8,1,467
0x63be4f,99.9135%,9,10391,10400,10189,3,6,202
0x63a422,97.75%,9,391,400,391,1,8,0
0x7619cb,83.0189%,9,44,53,39,3,6,5
0x64a8e0,99.6538%,9,2591,2600,2496,4,5,95
0x63c464,90%,9,81,90,79,5,4,2
0xa8dd28,99.989%,9,81521,81530,2821,4,5,78700
0x6475d1,97.75%,9,391,400,294,6,3,97
0x66fbf7,99.8125%,9,4791,4800,4478,2,7,313
0x5f3dc0,91.3462%,9,95,104,95,4,5,0
0x64cf93,97.1875%,9,311,320,311,5,4,0
0x8c484e,98.2%,9,491,500,396,4,5,95
0x75c50a,94.8864%,9,167,176,8,2,7,159
0x63cb7a,99.8653%,9,6673,6682,6420,5,4,253
0xa2e4e8,99.9835%,9,54531,54540,0,0,9,54531
0x76e489,94.375%,9,151,160,150,3,6,1
0x5f4a01,80%,9,36,45,4,6,3,32
0x618e40,99.8699%,9,6907,6916,6648,2,7,259
0x755f3b,95.4545%,9,189,198,160,2,7,29
0x5f42b5,59.0909%,9,13,22,2,5,4,11
0x636c7e,98.8327%,9,762,771,509,5,4,253
0x5f367c,99.0891%,9,979,988,948,2,7,31
0x7624d5,92.8571%,9,117,126,78,6,3,39
0x7688a8,91%,9,91,100,91,5,4,0
0xa79f37,99.9869%,9,68774,68783,0,0,9,68774
0x9e0d5a,84.4828%,9,49,58,32,4,5,17
0x8c66b0,99.91%,9,9991,10000,7494,6,3,2497
0xa762cc,98.6957%,9,681,690,47,5,4,634
0x8c3512,97.75%,9,391,400,295,5,4,96
0x76a3b6,94.6429%,9,159,168,125,1,8,34
0x63c19d,95.6731%,9,199,208,199,1,8,0
0x647099,99.6538%,9,2591,2600,2545,3,6,46
0x609015,95.9459%,9,213,222,162,2,7,51
0x5f3239,76.3158%,9,29,38,9,5,4,20
0x64c649,99.775%,9,3991,4000,3916,4,5,75
0x64eea0,99.9135%,9,10391,10400,10188,4,5,203
0x65eaec,99.9135%,9,10391,10400,7792,8,1,2599
0x66e6c2,97.1875%,9,311,320,236,4,5,75
0x655a8e,99.9831%,9,53213,53222,13513,2,7,39700
0x8bfedd,99.9028%,9,9250,9259,9250,9,0,0
0x613d2c,90.625%,9,87,96,69,3,6,18
0x7b164e,95.6731%,9,199,208,150,6,3,49
0x63178d,98.0769%,9,459,468,447,3,6,12
0x63aa13,97.75%,9,391,400,390,2,7,1
0x8c16f6,97.75%,9,391,400,297,3,6,94
0x76a39a,94.6429%,9,159,168,155,5,4,4
0x659a77,99.6538%,9,2591,2600,2545,3,6,46
0x643667,99.9135%,9,10391,10400,7795,5,4,2596
0x7bcf8d,98.2692%,9,511,520,255,5,4,256
0x926c4e,84.7458%,9,50,59,49,2,7,1
0x63bdd0,95.6731%,9,199,208,199,1,8,0
0xa0ee60,99.9863%,9,65747,65756,65747,9,0,0
0x649f72,99.9135%,9,10391,10400,7794,6,3,2597
0x63cfe3,97.75%,9,391,400,391,1,8,0
0x9f8d92,99.8656%,9,6689,6698,6435,2,7,254
0x7582c4,79.5455%,9,35,44,1,4,5,34
0x596f4f,94.2308%,9,147,156,147,3,6,0
0x64cef5,97.1875%,9,311,320,1,3,6,310
0x646da9,99.6538%,9,2591,2600,2546,2,7,45
0x5f47d3,79.0698%,9,34,43,0,4,5,34
0x6491e5,89.2857%,9,75,84,65,5,4,10
0xa8dcbe,99.989%,9,81521,81530,0,0,9,81521
0x641f6b,99.6538%,9,2591,2600,2546,2,7,45
0x7aa5a4,91.3462%,9,95,104,44,8,1,51
0x620a5b,99.0891%,9,979,988,947,3,6,32
0x756337,97.9798%,8,388,396,286,4,4,102
0x75c62f,97.5904%,8,324,332,4,4,4,320
0x76e534,95%,8,152,160,119,1,7,33
0x633221,99.9231%,8,10392,10400,7795,5,3,2597
0x761614,93.9394%,8,124,132,41,3,5,83
0x66eed2,99.3333%,8,1192,1200,1119,1,7,73
0x761db3,93.9394%,8,124,132,123,3,5,1
0x60367b,99.5192%,8,1656,1664,1596,4,4,60
0x7615be,81.8182%,8,36,44,36,6,2,0
0x8c4a1d,99.9385%,8,12992,13000,12496,4,4,496
0x7598c4,96.1538%,8,200,208,154,2,6,46
0x63afe9,99.7143%,8,2792,2800,2095,5,3,697
0x76fbad,66.6667%,8,16,24,15,2,6,1
0x63a9f3,98%,8,392,400,392,6,2,0
0xa79697,96.8872%,8,249,257,79,3,5,170
0x76f7a9,33.3333%,8,4,12,0,6,2,4
0x5e752f,96.1538%,8,200,208,197,3,5,3
0x63a8d2,98%,8,392,400,392,0,8,0
0x618221,99.7976%,8,3944,3952,3798,2,6,146
0xa782d0,99.9442%,8,14333,14341,14333,8,0,0
0x929b09,99.7604%,8,3331,3339,3176,4,4,155
0x620a6e,78.9474%,8,30,38,30,2,6,0
0x7e749b,94.8718%,8,148,156,148,2,6,0
0x92a51a,97.8082%,8,357,365,351,6,2,6
0x6539d2,96.1538%,8,200,208,150,6,2,50
0x66e8e3,98%,8,392,400,296,4,4,96
0xa30897,99.8924%,8,7428,7436,0,0,8,7428
0x7689b7,91.6667%,8,88,96,88,4,4,0
0xa307f2,99.9853%,8,54532,54540,0,0,8,54532
0x66ede2,99.6923%,8,2592,2600,2547,1,7,45
0x961249,99.9408%,8,13507,13515,13354,2,6,153
0x5e8250,93.8931%,8,123,131,4,4,4,119
0xa0f95a,97.619%,8,328,336,157,3,5,171
0x9270ef,99.8575%,8,5608,5616,4208,4,4,1400
0x66ec02,99.6923%,8,2592,2600,2545,3,5,47
0x643407,99.9231%,8,10392,10400,7798,2,6,2594
0x762a49,81.8182%,8,36,44,3,3,5,33
0xa389ab,99.9917%,8,96474,96482,0,0,8,96474
0x7610ef,93.6508%,8,118,126,66,1,7,52
0x64fb0d,99.8%,8,3992,4000,3918,2,6,74
0x63c317,98%,8,392,400,392,0,8,0
0x643944,99.9231%,8,10392,10400,7797,3,5,2595
0x76a22b,92.3077%,8,96,104,48,4,4,48
0x7a9181,50%,8,8,16,7,5,3,1
0x5e8d85,98.9362%,8,744,752,575,4,4,169
0x616a86,99.2203%,8,1018,1026,984,4,4,34
0x663a09,99.3333%,8,1192,1200,1192,6,2,0
0x75ed7f,93.9394%,8,124,132,70,3,5,54
0x66ebf3,99.9231%,8,10392,10400,7796,4,4,2596
0x64c01c,99.8333%,8,4792,4800,4792,8,0,0
0x646a9e,99.6923%,8,2592,2600,2548,0,8,44
0x63a4d3,98%,8,392,400,392,6,2,0
0x65263b,99.8659%,8,5957,5965,4098,3,5,1859
0x64ed94,99.975%,8,32024,32032,17207,1,7,14817
0x8c462a,99.6923%,8,2592,2600,2495,5,3,97
0x659243,96.1538%,8,200,208,152,4,4,48
0x644438,99.6923%,8,2592,2600,2546,2,6,46
0x65cb9c,96.1538%,8,200,208,200,0,8,0
0x7b3472,96.1538%,8,200,208,156,0,8,44
0x6f4c69,96.1538%,8,200,208,155,1,7,45
0x5ea07b,96.2963%,8,208,216,161,1,7,47
0x5f30e3,78.9474%,8,30,38,14,4,4,16
0x64cfa7,97.5%,8,312,320,238,2,6,74
0x646799,99.6923%,8,2592,2600,2545,3,5,47
0x63649c,96.8872%,8,249,257,2,3,5,247
0x8c165b,61.9048%,8,13,21,11,4,4,2
0x5ea32b,96.2963%,8,208,216,203,5,3,5
0x75f966,85.1852%,8,46,54,32,4,4,14
0x686f8a,92.3077%,8,96,104,96,4,4,0
0x64c31d,98%,8,392,400,388,4,4,4
0x768f53,75%,8,24,32,5,5,3,19
0x595689,98.7179%,8,616,624,598,2,6,18
0x5957e3,80.9524%,8,34,42,34,8,0,0
0x614b30,99.8843%,8,6908,6916,6647,3,5,261
0x766548,97.2222%,8,280,288,186,6,2,94
0x4abb44,97.8836%,8,370,378,312,2,6,58
0x65acd1,97.619%,8,328,336,251,1,7,77
0xa76e0e,99.9624%,8,21270,21278,0,2,6,21270
0x599099,92.3077%,8,96,104,96,4,4,0
0x8c078d,98%,8,392,400,299,1,7,93
0xa227f7,99.253%,8,1063,1071,7,5,3,1056
0x65aa41,97.9592%,8,384,392,291,3,5,93
0x5f4ecc,46.6667%,8,7,15,7,4,4,0
0x9262c9,98%,8,392,400,0,8,0,392
0x644aa4,96.1538%,8,200,208,150,6,2,50
0x5f548a,92.5926%,8,100,108,100,4,4,0
0x5f5a41,99.446%,8,1436,1444,1364,4,4,72
0x63aeaa,99.6667%,8,2392,2400,1798,2,6,594
0x6310b1,96.1538%,8,200,208,154,2,6,46
0x5f3279,78.9474%,8,30,38,4,2,6,26
0x5f1586,99.6101%,8,2044,2052,1024,2,6,1020
0x6457f1,99.6923%,8,2592,2600,2547,1,7,45
0x65a8e1,97.5%,8,312,320,237,3,5,75
0x6870bb,84.6154%,8,44,52,42,6,2,2
0x64f288,99.9755%,8,32632,32640,16635,5,3,15997
0x6512b8,99.3333%,8,1192,1200,1119,1,7,73
0x6035d3,98.0769%,8,408,416,396,4,4,12
0xa76957,99.9832%,8,47670,47678,0,0,8,47670
0x64fa8d,99.8%,8,3992,4000,3917,3,5,75
0x63696b,96.8872%,8,249,257,0,0,8,249
0x645fb0,99.9231%,8,10392,10400,7799,1,7,2593
0x429f09,96.8872%,8,249,257,152,5,3,97
0x64eab2,99.0385%,8,824,832,796,4,4,28
0xa303fd,99.9156%,8,9466,9474,0,0,8,9466
0xa79f45,99.9884%,8,68775,68783,0,0,8,68775
0x66754a,96.1538%,8,200,208,154,2,6,46
0xa22523,99.3559%,8,1234,1242,601,1,7,633
0x766443,97.3333%,8,292,300,199,1,7,93
0x638321,99.8803%,8,6674,6682,6420,5,3,254
0x766981,75%,8,24,32,24,4,4,0
0x5983e0,92.3077%,8,96,104,96,4,4,0
0x5ea2a4,92.3077%,8,96,104,93,3,5,3
0x67019f,99.6795%,8,2488,2496,2283,5,3,205
0x6388e7,99.8623%,8,5802,5810,5651,4,4,151
0x663746,99.3333%,8,1192,1200,1115,5,3,77
0x66722a,96.1538%,8,200,208,154,2,6,46
0x6670d8,96.1538%,8,200,208,155,1,7,45
0x778d5a,96%,8,192,200,190,2,6,2
0xa3a763,99.7664%,8,3416,3424,0,4,4,3416
0x8c13d1,98%,8,392,400,106,4,4,286
0x7b0a6c,0%,8,0,8,0,6,2,0
0xa43d8d,99.9247%,8,10617,10625,0,0,8,10617
0x64cc2d,99.95%,8,15992,16000,399,1,7,15593
0x64ed75,99.9553%,8,17872,17880,61,3,5,17811
0x596e62,94.8718%,8,148,156,148,2,6,0
0x631437,96.1538%,8,200,208,152,4,4,48
0xa762b1,99.9138%,8,9274,9282,0,0,8,9274
0x8c5517,99.92%,8,9992,10000,7496,4,4,2496
0xa90dbd,96.3964%,8,214,222,213,5,3,1
0x598ecb,78.125%,7,25,32,16,2,5,9
0x5fcbb4,92.0455%,7,81,88,70,4,3,11
0x64bd8d,99.8542%,7,4793,4800,3596,4,3,1197
0x5ea352,83.3333%,7,35,42,7,6,1,28
0x760b20,92.2222%,7,83,90,71,2,5,12
0xa3942e,99.9757%,7,28839,28846,28839,7,0,0
0x7a919a,56.25%,7,9,16,9,3,4,0
0x5f0b1d,99.9237%,7,9169,9176,4588,0,7,4581
0x645b24,99.9327%,7,10393,10400,7794,6,1,2599
0x8beb6a,94.8529%,7,129,136,38,2,5,91
0x65eeac,99.9327%,7,10393,10400,7800,0,7,2593
0x603133,98.7762%,7,565,572,548,2,5,17
0x5ac70b,99.0566%,7,735,742,735,3,4,0
0xa233a0,98.694%,7,529,536,278,0,7,251
0x67a41c,97.8125%,7,313,320,313,3,4,0
0x636c86,97.2763%,7,250,257,0,0,7,250
0x63fc79,12.5%,7,1,8,1,5,2,0
0x63c9fc,99.8795%,7,5803,5810,5652,3,4,151
0x596c60,70.8333%,7,17,24,14,4,3,3
0x643ea2,99.9327%,7,10393,10400,7798,2,5,2595
0x5f76f3,93.2692%,7,97,104,97,3,4,0
0x634b4d,98.6%,7,493,500,489,1,6,4
0x63c8c4,99.0921%,7,764,771,510,4,3,254
0x7a9f1a,93%,7,93,100,93,3,4,0
0x64dbcb,99.8542%,7,4793,4800,3598,2,5,1195
0x7bd049,97.3077%,7,253,260,247,3,4,6
0x76815d,93.2692%,7,97,104,97,3,4,0
0x403292,73.0769%,7,19,26,2,4,3,17
0x774952,96.6346%,7,201,208,153,3,4,48
0x64b073,96.6346%,7,201,208,153,3,4,48
0x761e6c,84.0909%,7,37,44,37,5,2,0
0x5f32a6,81.5789%,7,31,38,0,4,3,31
0x593d4e,96.6346%,7,201,208,195,5,2,6
0x7e7bce,96.6346%,7,201,208,154,2,5,47
0x618b91,99.8988%,7,6909,6916,6649,1,6,260
0x7b3392,96.6346%,7,201,208,155,1,6,46
0x603ab8,84.0909%,7,37,44,32,4,3,5
0x688836,96.6346%,7,201,208,155,1,6,46
0x75875f,96.6346%,7,201,208,201,4,3,0
0x8c0cd2,99.72%,7,2493,2500,2397,3,4,96
0x597ec6,96.6346%,7,201,208,197,3,4,4
0x634b41,99.65%,7,1993,2000,1493,7,0,500
0x639a3e,98.25%,7,393,400,297,3,4,96
0x7edc69,96.6346%,7,201,208,151,5,2,50
0xa0ebd2,99.9919%,7,86287,86294,86287,7,0,0
0x66f5b2,12.5%,7,1,8,1,5,2,0
0x6435b7,99.9327%,7,10393,10400,7796,4,3,2597
0x64ed38,99.979%,7,33273,33280,17876,4,3,15397
0x6575bd,96.6346%,7,201,208,155,1,6,46
0x75c289,95.4839%,7,148,155,142,5,2,6
0x75a8f8,95.5128%,7,149,156,145,5,2,4
0x618fa1,99.8988%,7,6909,6916,6650,0,7,259
0x762462,81.5789%,7,31,38,0,0,7,31
0x76706f,78.125%,7,25,32,25,3,4,0
0x5e66a1,93%,7,93,100,45,5,2,48
0x639c2f,98.25%,7,393,400,300,0,7,93
0x616c89,99.3177%,7,1019,1026,986,2,5,33
0x766454,93%,7,93,100,93,3,4,0
0x68706b,86.5385%,7,45,52,45,3,4,0
0x778b9f,96.5%,7,193,200,189,3,4,4
0x5da473,96.6346%,7,201,208,155,1,6,46
0x76fc32,70.8333%,7,17,24,17,1,6,0
0xa76984,99.9682%,7,21975,21982,21812,6,1,163
0x8bf741,96.6346%,7,201,208,152,4,3,49
0x5e6abf,99.8704%,7,5393,5400,4046,4,3,1347
0x8c00a6,86.5385%,7,45,52,45,5,2,0
0x75c48e,96.0227%,7,169,176,164,4,3,5
0x75f17c,53.3333%,7,8,15,3,3,4,5
0x759629,96.6346%,7,201,208,45,7,0,156
0x616df8,86.5385%,7,45,52,45,5,2,0
0x645b38,99.7308%,7,2593,2600,2546,2,5,47
0x7b29c7,86.5385%,7,45,52,45,5,2,0
0xa77dd7,99.9786%,7,32751,32758,32751,7,0,0
0xa77e7d,99.9888%,7,62244,62251,0,0,7,62244
0x7cc9d9,95.5128%,7,149,156,149,1,6,0
0x65ed39,99.9327%,7,10393,10400,7795,5,2,2598
0x652437,99.9878%,7,57415,57422,0,0,7,57415
0x63bdbf,99.9327%,7,10393,10400,10190,2,5,203
0x59908c,98.3173%,7,409,416,310,2,5,99
0x762bda,84.0909%,7,37,44,3,3,4,34
0x7620f1,94.697%,7,125,132,86,2,5,39
0x5949a1,96.6346%,7,201,208,199,1,6,2
0x64a0e0,99.7308%,7,2593,2600,2497,3,4,96
0x643955,99.7308%,7,2593,2600,2548,0,7,45
0x8a7a39,93.3333%,7,98,105,98,3,4,0
0x637267,99.8184%,7,3848,3855,3595,3,4,253
0x6636e6,99.4167%,7,1193,1200,1116,4,3,77
0x6445db,99.7308%,7,2593,2600,2547,1,6,46
0x762ecf,81.5789%,7,31,38,2,4,3,29
0xa3050a,99.9872%,7,54533,54540,0,0,7,54533
0x75bec9,96.0227%,7,169,176,7,3,4,162
0x75bbfa,96.0227%,7,169,176,163,5,2,6
0x6d8850,56.25%,7,9,16,0,4,3,9
0x9e0cf0,79.4118%,7,27,34,25,5,2,2
0x66ffbf,99.7196%,7,2489,2496,2286,2,5,203
0x59985a,78.125%,7,25,32,23,5,2,2
0x7b3ffb,96.6346%,7,201,208,152,4,3,49
0x765c28,97.7564%,7,305,312,207,1,6,98
0x9f5e6e,96.9828%,7,225,232,1,3,4,224
0x64a8d2,99.9327%,7,10393,10400,7793,7,0,2600
0xa22846,98.941%,7,654,661,530,6,1,124
0x7694ee,93.2692%,7,97,104,97,3,4,0
0x64d5a3,78.125%,7,25,32,21,3,4,4
0x64bd99,99.4167%,7,1193,1200,1117,3,4,76
0x64f266,99.9992%,7,848633,848640,815998,2,5,32635
0x650455,96.6346%,7,201,208,154,2,5,47
0xa30596,99.9872%,7,54533,54540,54533,7,0,0
0x67a42e,97.8125%,7,313,320,240,0,7,73
0x64df26,99.825%,7,3993,4000,3897,3,4,96
0x64ae52,96.6346%,7,201,208,154,2,5,47
0x663c39,99.7308%,7,2593,2600,2593,5,2,0
0x630fcd,86.5385%,7,45,52,45,5,2,0
0x76f9c4,0%,7,0,7,0,1,6,0
0x631101,96.6346%,7,201,208,154,2,5,47
0x7613ed,94.4444%,7,119,126,81,3,4,38
0x65a392,98.2143%,7,385,392,288,6,1,97
0x64d415,78.125%,7,25,32,23,1,6,2
0x8c185c,12.5%,7,1,8,1,5,2,0
0x669d42,86.5385%,7,45,52,45,5,2,0
0x8c3a06,99.9417%,7,11993,12000,8998,2,5,2995
0x6457d5,99.9327%,7,10393,10400,7799,1,6,2594
0x76e548,82.5%,7,33,40,33,1,6,0
0x64e25b,98.6%,7,493,500,489,1,6,4
0x763564,94.697%,7,125,132,84,4,3,41
0x76888e,97.6667%,7,293,300,199,1,6,94
0x649f00,99.7308%,7,2593,2600,2498,2,5,95
0x7581d5,96.6346%,7,201,208,152,4,3,49
0x65df1e,99.9327%,7,10393,10400,7798,2,5,2595
0x92b0ba,93%,7,93,100,93,5,2,0
0x9283ff,99.766%,7,2984,2991,2984,3,4,0
0x66675f,96.7593%,7,209,216,158,4,3,51
0x9ff049,99.5192%,7,1449,1456,1088,4,3,361
0x6663e6,86.5385%,7,45,52,45,5,2,0
0x76237e,94.697%,7,125,132,87,1,6,38
0x597e06,96.6346%,7,201,208,197,3,4,4
0x5943a8,99.7507%,7,2801,2808,0,0,7,2801
0x614bbe,99.8988%,7,6909,6916,0,0,7,6909
0x8c15dc,97.5862%,7,283,290,156,3,4,127
0x595626,99.7196%,7,2489,2496,1871,1,6,618
0x65517a,99.9041%,7,7295,7302,3661,0,7,3634
0x65271e,99.9756%,7,28702,28709,17524,1,6,11178
0x9f7cca,99.6589%,7,2045,2052,0,0,7,2045
0x66b142,96.6346%,7,201,208,151,5,2,50
0x596db2,98.9198%,7,641,648,483,3,4,158
0x59822c,78.125%,7,25,32,24,4,3,1
0x6593a6,96.6346%,7,201,208,154,2,5,47
0x9e16ba,98.1771%,7,377,384,285,3,4,92
0x641a84,12.5%,7,1,8,1,5,2,0
0x65acdd,91.6667%,7,77,84,67,3,4,10
0x645cb6,99.9327%,7,10393,10400,7799,1,6,2594
0x7a96e0,92.3913%,7,85,92,85,3,4,0
0x6311a1,96.6346%,7,201,208,154,2,5,47
0x8c4a3f,98.6%,7,493,500,396,4,3,97
0x926ab8,92.8571%,7,91,98,84,6,1,7
0x63133f,96.6346%,7,201,208,151,5,2,50
0x63137d,96.6346%,7,201,208,151,5,2,50
0x5993be,99.1587%,7,825,832,799,1,6,26
0x5f5a61,99.5152%,7,1437,1444,1365,3,4,72
0x5ea161,86.5385%,7,45,52,45,7,0,0
0x5f4b80,90.411%,7,66,73,66,3,4,0
0x8c10cd,93%,7,93,100,93,5,2,0
0x667a56,96.6346%,7,201,208,155,1,6,46
0x63190d,86.5385%,7,45,52,45,5,2,0
0x648891,12.5%,7,1,8,1,5,2,0
0x5f55ce,90.7895%,7,69,76,69,3,4,0
0x5a8d13,99.2009%,7,869,876,869,7,0,0
0x640ff9,12.5%,7,1,8,1,5,2,0
0x642de2,99.7308%,7,2593,2600,0,0,7,2593
0x6679ef,96.6346%,7,201,208,155,1,6,46
0x631521,96.6346%,7,201,208,151,5,2,50
0x7b0b58,84.0909%,7,37,44,1,4,3,36
0x64a000,99.7308%,7,2593,2600,2499,1,6,94
0xa2424c,99.968%,7,21886,21893,21384,4,3,502
0x66e612,97.8125%,7,313,320,238,2,5,75
0x75cead,65%,7,13,20,8,3,4,5
0x66e843,96.6346%,7,201,208,154,2,5,47
0x63115d,86.5385%,7,45,52,45,5,2,0
0x632429,81.5789%,7,31,38,31,5,2,0
0x67a4de,99.8542%,7,4793,4800,3598,2,5,1195
0x63a23e,93%,7,93,100,93,5,2,0
0x7679fd,41.6667%,7,5,12,2,6,1,3
0x596d56,95.5128%,7,149,156,149,1,6,0
0x5e7a2d,46.1538%,7,6,13,1,4,3,5
0x636b7b,99.8952%,7,6675,6682,6423,2,5,252
0x659932,96.6346%,7,201,208,151,5,2,50
0x7b1f29,86.5385%,7,45,52,45,5,2,0
0x8bf983,96.6346%,7,201,208,152,4,3,49
0x63bfff,99.9327%,7,10393,10400,10191,1,6,202
0xa24a29,99.3301%,7,1038,1045,564,4,3,474
0x5ed462,88.4615%,6,46,52,46,4,2,0
0x7e7c99,88.4615%,6,46,52,46,4,2,0
0x7e7f22,88.4615%,6,46,52,46,4,2,0
0x590b16,97.1154%,6,202,208,198,2,4,4
0x926e28,88%,6,44,50,44,4,2,0
0x7625dc,66.6667%,6,12,18,4,2,4,8
0x8c5a3b,99.952%,6,12494,12500,11998,2,4,496
0x647389,99.7692%,6,2594,2600,2547,1,5,47
0x60610a,76.9231%,6,20,26,19,3,3,1
0x5ed324,88.4615%,6,46,52,46,4,2,0
0x760301,96.1538%,6,150,156,100,4,2,50
0xa77fd6,99.9741%,6,23156,23162,0,0,6,23156
0x644766,88.4615%,6,46,52,46,4,2,0
0x7b3025,97.1154%,6,202,208,154,2,4,48
0x655c34,99.9944%,6,106438,106444,53219,3,3,53219
0x5ea2eb,94.2308%,6,98,104,95,1,5,3
0x7580e6,97.1154%,6,202,208,1,4,2,201
0x926a89,99.7788%,6,2707,2713,2707,6,0,0
0x926a78,99.2629%,6,808,814,808,6,0,0
0x5e9e0e,97.1154%,6,202,208,98,6,0,104
0x595831,85.7143%,6,36,42,0,4,2,36
0x6595d1,88.4615%,6,46,52,46,4,2,0
0x669c9b,88.4615%,6,46,52,46,4,2,0
0x5f6bd8,99.4152%,6,1020,1026,984,4,2,36
0x599a2a,81.25%,6,26,32,15,3,3,11
0x618c44,99.9132%,6,6910,6916,0,0,6,6910
0x77347f,88.4615%,6,46,52,46,4,2,0
0x4298a8,99.9056%,6,6348,6354,6245,2,4,103
0x5f59ed,99.904%,6,6245,6251,5920,2,4,325
0x65c4c3,88.4615%,6,46,52,46,4,2,0
0x596eb2,99.0741%,6,642,648,486,0,6,156
0x5f55be,97.8947%,6,279,285,206,3,3,73
0x757027,88.4615%,6,46,52,18,2,4,28
0x949fcc,25%,6,2,8,0,4,2,2
0xa78386,99.994%,6,99855,99861,0,0,6,99855
0x761714,95.4545%,6,126,132,69,4,2,57
0x8c459a,99.7692%,6,2594,2600,2499,1,5,95
0x640dc9,25%,6,2,8,1,5,1,1
0x5f5401,99.8496%,6,3984,3990,3777,3,3,207
0x6312c1,97.1154%,6,202,208,152,4,2,50
0x762395,86.3636%,6,38,44,38,4,2,0
0x637b83,99.8204%,6,3335,3341,3082,2,4,253
0x5f4f2c,60%,6,9,15,7,4,2,2
0x7650de,94.2308%,6,98,104,98,2,4,0
0x66b482,98.7179%,6,462,468,446,4,2,16
0x8c572f,98.8%,6,494,500,397,3,3,97
0x6662b6,88.4615%,6,46,52,46,4,2,0
0x67b344,25%,6,2,8,2,4,2,0
0x63c9f5,99.8985%,6,5906,5912,100,2,4,5806
0x8c5496,99.7692%,6,2594,2600,2499,1,5,95
0x5f5ac3,94.4444%,6,102,108,102,2,4,0
0x8c14df,97.931%,6,284,290,29,4,2,255
0x6525eb,99.9777%,6,26841,26847,2234,4,2,24607
0x659681,88.4615%,6,46,52,46,4,2,0
0x765034,94.2308%,6,98,104,98,2,4,0
0x63110d,88.4615%,6,46,52,46,4,2,0
0x616ae6,99.4152%,6,1020,1026,986,2,4,34
0x76bc92,0%,6,0,6,0,4,2,0
0x63106d,88.4615%,6,46,52,46,4,2,0
0x639af6,25%,6,2,8,2,4,2,0
0x636d76,97.6654%,6,251,257,0,0,6,251
0x631241,97.1154%,6,202,208,152,4,2,50
0x8c087e,98.9655%,6,574,580,572,4,2,2
0x768770,50%,6,6,12,5,3,3,1
0x67adfb,25%,6,2,8,2,4,2,0
0x5994f1,99.7596%,6,2490,2496,1872,0,6,618
0x76afc3,95.4545%,6,126,132,126,0,6,0
0x5f47c2,94.4444%,6,102,108,102,2,4,0
0x92795f,99.7253%,6,2178,2184,728,0,6,1450
0x926294,99.9423%,6,10394,10400,9994,6,0,400
0x8bf4df,88.4615%,6,46,52,46,4,2,0
0x7b3051,88.4615%,6,46,52,46,4,2,0
0x614de6,99.9132%,6,6910,6916,6910,6,0,0
0x404a90,72.7273%,6,16,22,4,2,4,12
0x7bd517,85%,6,34,40,26,4,2,8
0x64cac6,92.5%,6,74,80,0,0,6,74
0x760b1c,95.4545%,6,126,132,39,3,3,87
0x652541,99.9777%,6,26841,26847,0,0,6,26841
0x659a63,99.9423%,6,10394,10400,7799,1,5,2595
0x5f5db6,60%,6,9,15,9,2,4,0
0x404a85,72.7273%,6,16,22,4,2,4,12
0x639e18,25%,6,2,8,2,4,2,0
0x6314e7,97.1154%,6,202,208,153,3,3,49
0x762147,86.3636%,6,38,44,38,4,2,0
0x5f1149,94.4444%,6,102,108,50,4,2,52
0x658b49,88.4615%,6,46,52,46,4,2,0
0x63cd8a,99.9102%,6,6676,6682,6422,3,3,254
0x960df0,99.9556%,6,13509,13515,13355,1,5,154
0x76fc56,85%,6,34,40,34,4,2,0
0x7bd25f,97.6923%,6,254,260,249,1,5,5
0x64eba3,98.125%,6,314,320,285,3,3,29
0x6409a9,25%,6,2,8,2,4,2,0
0x64d982,99.5%,6,1194,1200,1119,1,5,75
0x8c613b,99.9769%,6,25994,26000,12997,3,3,12997
0x7cdc5b,97.1154%,6,202,208,153,3,3,49
0x8c552b,99.76%,6,2494,2500,2397,3,3,97
0x640029,25%,6,2,8,2,4,2,0
0x76854b,96.5909%,6,170,176,0,2,4,170
0x6676df,97.1154%,6,202,208,155,1,5,47
0x5f4481,72.7273%,6,16,22,15,3,3,1
0x8c5f13,99.7692%,6,2594,2600,2497,3,3,97
0x761b66,66.6667%,6,12,18,0,0,6,12
0x76affc,86.3636%,6,38,44,38,4,2,0
0x76603c,93.75%,6,90,96,90,2,4,0
0xa39203,99.9814%,6,32264,32270,0,0,6,32264
0x65c95d,99.842%,6,3791,3797,0,0,6,3791
0xa0edb8,99.9367%,6,9468,9474,0,0,6,9468
0x6398d6,25%,6,2,8,2,4,2,0
0x5e8533,53.8462%,6,7,13,2,3,3,5
0x59586a,85.7143%,6,36,42,35,5,1,1
0x763450,96.1538%,6,150,156,100,4,2,50
0x89fb76,25%,6,2,8,0,0,6,2
0x5f5421,99.8496%,6,3984,3990,3778,2,4,206
0x404b55,72.7273%,6,16,22,5,3,3,11
0x63fe59,25%,6,2,8,2,4,2,0
0x63c174,99.9423%,6,10394,10400,10192,0,6,202
0x656ae3,84.2105%,6,32,38,32,4,2,0
0x5f14d8,99.7076%,6,2046,2052,73,3,3,1973
0x63fdb9,25%,6,2,8,2,4,2,0
0x5f1e0f,97.8947%,6,279,285,0,3,3,279
0x631581,99.6795%,6,1866,1872,1400,4,2,466
0x9f5e57,97.4138%,6,226,232,0,0,6,226
0x6445cc,99.9423%,6,10394,10400,7797,3,3,2597
0x5f3a10,90%,6,54,60,27,3,3,27
0x407473,83.3333%,6,30,36,8,4,2,22
0x64a0d2,99.9423%,6,10394,10400,7796,4,2,2598
0x760c6d,0%,6,0,6,0,4,2,0
0x6410a9,25%,6,2,8,2,4,2,0
0x767c7e,25%,6,2,8,0,4,2,2
0x63391d,92.5%,6,74,80,74,4,2,0
0x63158d,98.7179%,6,462,468,449,1,5,13
0x8c71d1,70%,6,14,20,14,4,2,0
0x666902,88.8889%,6,48,54,48,4,2,0
0x648d5f,89.2857%,6,50,56,39,3,3,11
0x769810,98.5577%,6,410,416,405,1,5,5
0xa30bbd,50%,6,6,12,6,6,0,0
0x635b9e,25%,6,2,8,2,4,2,0
0x640679,25%,6,2,8,2,4,2,0
0x5e8d0c,99.2021%,6,746,752,0,0,6,746
0x7685ed,98.0769%,6,306,312,206,2,4,100
0x659730,88.4615%,6,46,52,46,4,2,0
0x76289e,95.2381%,6,120,126,120,0,6,0
0x429b58,92.7711%,6,77,83,72,3,3,5
0x9f7da5,25%,6,2,8,0,0,6,2
0x761f83,0%,6,0,6,0,4,2,0
0x5e63ae,94%,6,94,100,47,3,3,47
0x8a4c0a,62.5%,6,10,16,10,2,4,0
0x608afa,86.9565%,6,40,46,5,5,1,35
0x8c4473,99.7692%,6,2594,2600,2497,3,3,97
0x658936,99.7464%,6,2360,2366,2273,2,4,87
0x5e7f15,88.4615%,6,46,52,0,0,6,46
0x4298ff,99.7192%,6,2131,2137,792,4,2,1339
0x64441d,99.9423%,6,10394,10400,7795,5,1,2599
0x639ef8,25%,6,2,8,2,4,2,0
0x5e7f81,88.4615%,6,46,52,35,4,2,11
0x6491d2,98.2143%,6,330,336,250,2,4,80
0x9fb64c,99.9137%,6,6943,6949,257,2,4,6686
0x7633b5,95.2381%,6,120,126,82,2,4,38
0x596ec2,96.2963%,6,156,162,156,0,6,0
0x75f9c8,0%,6,0,6,0,6,0,0
0x599947,81.25%,6,26,32,14,0,6,12
0x429646,97.1154%,6,202,208,6,2,4,196
0x65a271,93.8776%,6,92,98,81,3,3,11
0x75d714,25%,6,2,8,2,4,2,0
0x641cef,97.1154%,6,202,208,154,2,4,48
0x5f3f47,71.4286%,6,15,21,15,1,5,0
0x7612d6,85.7143%,6,36,42,36,4,2,0
0x9e1612,93.75%,6,90,96,84,4,2,6
0x5e899c,62.5%,6,10,16,9,2,4,1
0x4031fa,76.9231%,6,20,26,9,3,3,11
0x670053,97.1154%,6,202,208,198,2,4,4
0x63aec0,99%,6,594,600,585,3,3,9
0x63c420,93.3333%,6,84,90,82,2,4,2
0x636a79,99.9102%,6,6676,6682,6422,3,3,254
0x6394d5,98.5%,6,394,400,297,3,3,97
0x5f4a5b,82.8571%,6,29,35,29,2,4,0
0x641c2f,97.1154%,6,202,208,153,3,3,49
0x653832,97.1154%,6,202,208,152,4,2,50
0x644088,99.7692%,6,2594,2600,2547,1,5,47
0x5da411,88.4615%,6,46,52,0,0,6,46
0x644f84,97.1154%,6,202,208,153,3,3,49
0xa2e8d5,99.9841%,6,37683,37689,0,0,6,37683
0xa2458d,99.4398%,6,1065,1071,4,0,6,1061
0x762c09,84.2105%,6,32,38,2,4,2,30
0x8bef85,97.1154%,6,202,208,153,3,3,49
0x6465d9,99.7692%,6,2594,2600,2547,1,5,47
0x65aa4d,93.8776%,6,92,98,82,2,4,10
0x653680,97.1154%,6,202,208,154,2,4,48
0x756ce8,88.4615%,6,46,52,19,1,5,27
0x5e8ef3,53.8462%,6,7,13,1,4,2,6
0x75c268,96.3855%,6,160,166,8,3,3,152
0x773a7d,88.4615%,6,46,52,46,4,2,0
0x648c17,25%,6,2,8,2,4,2,0
0x65a469,25%,6,2,8,2,4,2,0
0x64baa4,92.5%,6,74,80,74,4,2,0
0x95a135,88.4615%,6,46,52,46,4,2,0
0x63cc7a,99.9102%,6,6676,6682,6423,2,4,253
0x761653,86.3636%,6,38,44,38,4,2,0
0x64afc3,97.1154%,6,202,208,151,5,1,51
0x590b0e,99.2788%,6,826,832,624,0,6,202
0x778498,97.1154%,6,202,208,198,2,4,4
0x616b99,99.4152%,6,1020,1026,987,1,5,33
0x7b2416,97.1154%,6,202,208,154,2,4,48
0x760ffc,86.3636%,6,38,44,38,4,2,0
0x8c4b1d,99.9423%,6,10394,10400,7798,2,4,2596
0x5e9c2e,97.1154%,6,202,208,154,2,4,48
0x7b3965,88.4615%,6,46,52,46,4,2,0
0x6462e9,99.7692%,6,2594,2600,2547,1,5,47
0x76a528,94.2308%,6,98,104,49,3,3,49
0x7694dd,98.0769%,6,306,312,205,3,3,101
0x63c7c2,99.9102%,6,6676,6682,6422,3,3,254
0x60311f,99.7378%,6,2282,2288,1712,4,2,570
0x64cd65,98.125%,6,314,320,240,0,6,74
0x596e52,99.0385%,6,618,624,468,0,6,150
0x64f3ec,25%,6,2,8,0,0,6,2
0x66747a,97.1154%,6,202,208,155,1,5,47
0xa782f7,99.9672%,6,18287,18293,18287,6,0,0
0x63fa89,25%,6,2,8,2,4,2,0
0x6d8754,62.5%,6,10,16,0,4,2,10
0x6031f0,93.1818%,6,82,88,63,3,3,19
0x7b1f12,97.1154%,6,202,208,153,3,3,49
0x5ac65a,99.1914%,6,736,742,736,6,0,0
0x77472d,97.1154%,6,202,208,154,2,4,48
0x614d38,99.9132%,6,6910,6916,6647,3,3,263
0x667736,97.1154%,6,202,208,154,2,4,48
0x66e983,98.5%,6,394,400,296,4,2,98
0x7e639c,92.3077%,6,72,78,69,3,3,3
0x6394b4,98.5%,6,394,400,394,4,2,0
0x66efb2,99.875%,6,4794,4800,3600,0,6,1194
0x65487f,99.995%,6,120402,120408,8520,1,5,111882
0x5a636e,88.8889%,6,48,54,48,2,4,0
0x7579f6,88.4615%,6,46,52,46,4,2,0
0x774268,88.4615%,6,46,52,46,4,2,0
0x95a129,97.1154%,6,202,208,155,1,5,47
0x7b2432,88.4615%,6,46,52,46,4,2,0
0x686fd1,94.2308%,6,98,104,98,2,4,0
0x8c51f3,99.7692%,6,2594,2600,2499,1,5,95
0x65137c,98.125%,6,314,320,238,2,4,76
0x5ac76b,81.25%,6,26,32,23,5,1,3
0x66efc2,99.5%,6,1194,1200,1119,1,5,75
0x778457,97%,6,194,200,190,2,4,4
0x5f016a,99.2611%,6,806,812,404,2,4,402
0x646ed9,99.7692%,6,2594,2600,2548,0,6,46
0x65b638,88.4615%,6,46,52,46,4,2,0
0x66fe4f,95.3125%,6,122,128,116,4,2,6
0x76bbe1,85.7143%,6,36,42,4,5,1,32
0x64fb5d,92.5%,6,74,80,74,4,2,0
0xa0ee56,99.9909%,6,65750,65756,0,0,6,65750
0x608f1e,97.2973%,6,216,222,0,0,6,216
0x608aef,96.5909%,6,170,176,130,0,6,40
0x6512ac,99.875%,6,4794,4800,3596,4,2,1198
0x64c228,93.75%,5,75,80,75,3,2,0
0x64c3a3,98.75%,5,395,400,0,0,5,395
0x687e22,90.3846%,5,47,52,47,3,2,0
0x64d424,37.5%,5,3,8,3,3,2,0
0x5f2406,90.7407%,5,49,54,49,3,2,0
0x5f2376,90.3846%,5,47,52,47,3,2,0
0x648e1f,91.0714%,5,51,56,39,3,2,12
0x4299cc,98.75%,5,395,400,206,4,1,189
0x7b27f2,90.3846%,5,47,52,47,3,2,0
0x616c39,99.5127%,5,1021,1026,987,1,4,34
0x616a26,99.5127%,5,1021,1026,987,1,4,34
0x66e1d2,37.5%,5,3,8,3,3,2,0
0x6446aa,90.3846%,5,47,52,0,0,5,47
0x648935,37.5%,5,3,8,2,4,1,1
0x63b2aa,98.5119%,5,331,336,250,2,3,81
0x7731fd,90.3846%,5,47,52,0,0,5,47
0x762d60,88.0952%,5,37,42,37,3,2,0
0x66e452,37.5%,5,3,8,3,3,2,0
0x7a9666,98.6413%,5,363,368,1,3,2,362
0xa90078,99.9493%,5,9861,9866,0,0,5,9861
0x7b154e,97.5962%,5,203,208,155,1,4,48
0x686efa,90.3846%,5,47,52,47,3,2,0
0x76ebaf,28.5714%,5,2,7,1,3,2,1
0x75fc7f,90.3846%,5,47,52,47,3,2,0
0x6316fe,37.5%,5,3,8,3,3,2,0
0x5f3a76,83.3333%,5,25,30,25,3,2,0
0x65eec3,99.8077%,5,2595,2600,2498,2,3,97
0xa76199,99.8981%,5,4900,4905,0,0,5,4900
0x6699d2,90.3846%,5,47,52,47,3,2,0
0x5f63b9,93.4211%,5,71,76,38,0,5,33
0x67a27b,37.5%,5,3,8,3,3,2,0
0x5acbf4,84.375%,5,27,32,27,1,4,0
0x63acab,37.5%,5,3,8,3,3,2,0
0x66ea52,37.5%,5,3,8,3,3,2,0
0x76dea7,94.0476%,5,79,84,38,4,1,41
0x8c629b,99.9615%,5,12995,13000,12499,1,4,496
0x8c62f9,99%,5,495,500,397,3,2,98
0xa24931,99.5215%,5,1040,1045,439,4,1,601
0x76d614,90.3846%,5,47,52,47,3,2,0
0x67a68c,99.8958%,5,4795,4800,4795,5,0,0
0x60852f,99.7329%,5,1867,1872,0,0,5,1867
0x762e9f,88.0952%,5,37,42,0,0,5,37
0x7a9dc4,98.7981%,5,411,416,311,1,4,100
0xa244db,97.4619%,5,192,197,33,5,0,159
0x66edbc,99.8077%,5,2595,2600,0,0,5,2595
0x65654d,99.8182%,5,2745,2750,121,4,1,2624
0x42a817,88.0952%,5,37,42,0,0,5,37
0x8a88e5,97.0588%,5,165,170,165,3,2,0
0x76696b,84.375%,5,27,32,0,0,5,27
0x405097,77.2727%,5,17,22,12,4,1,5
0x8c4cce,99.8077%,5,2595,2600,2498,2,3,97
0x639e98,37.5%,5,3,8,3,3,2,0
0x66fbaa,98.4375%,5,315,320,311,1,4,4
0x63c36f,98.75%,5,395,400,390,2,3,5
0x66f182,97.7679%,5,219,224,191,1,4,28
0x669d72,90.3846%,5,47,52,47,3,2,0
0x685aed,37.5%,5,3,8,0,4,1,3
0x8c09d0,98.75%,5,395,400,297,3,2,98
0x639dd3,37.5%,5,3,8,3,3,2,0
0x633ede,99.5833%,5,1195,1200,1120,0,5,75
0x5e4f7c,86.8421%,5,33,38,24,2,3,9
0x7732d1,90.3846%,5,47,52,47,3,2,0
0x757a33,90.3846%,5,47,52,0,0,5,47
0x9f8cc0,98.0843%,5,256,261,0,4,1,256
0x75fa05,16.6667%,5,1,6,1,3,2,0
0x64a980,99.8077%,5,2595,2600,2499,1,4,96
0x5f4697,97.4359%,5,190,195,0,5,0,190
0x429868,99.9519%,5,10395,10400,10395,5,0,0
0x5e6b57,90%,5,45,50,45,3,2,0
0x8c0c25,99.8%,5,2495,2500,0,0,5,2495
0x64cf29,93.75%,5,75,80,75,3,2,0
0x65b0ac,37.5%,5,3,8,3,3,2,0
0x644740,99.9519%,5,10395,10400,7799,1,4,2596
0x927d8e,99.9921%,5,63444,63449,57141,5,0,6303
0x6405c9,37.5%,5,3,8,3,3,2,0
0x76a976,37.5%,5,3,8,3,3,2,0
0x7af727,90.3846%,5,47,52,47,3,2,0
0x7627bf,16.6667%,5,1,6,0,2,3,1
0x6313c7,90.3846%,5,47,52,47,3,2,0
0x7a9605,98.6413%,5,363,368,0,0,5,363
0x66f923,91.0714%,5,51,56,41,1,4,10
0x65136c,98.4375%,5,315,320,315,1,4,0
0x8c60ff,99.9615%,5,12995,13000,0,0,5,12995
0x8beb60,97.5962%,5,203,208,67,5,0,136
0x640489,37.5%,5,3,8,3,3,2,0
0x77468a,90.3846%,5,47,52,47,3,2,0
0x633f07,93.75%,5,75,80,0,0,5,75
0x8c11d9,94.898%,5,93,98,82,2,3,11
0x66ad3c,37.5%,5,3,8,3,3,2,0
0x8c0270,97.5%,5,195,200,99,1,4,96
0x5a8bbd,99.4292%,5,871,876,0,0,5,871
0x64b123,97.5962%,5,203,208,154,2,3,49
0x774c60,90.3846%,5,47,52,47,3,2,0
0x757a86,90.3846%,5,47,52,47,3,2,0
0x7a9801,98.75%,5,395,400,299,1,4,96
0x75e876,88.0952%,5,37,42,37,3,2,0
0x960bdf,99.8503%,5,3334,3339,3175,5,0,159
0x66f3d2,37.5%,5,3,8,3,3,2,0
0x64335b,90.3846%,5,47,52,47,3,2,0
0x653b02,97.5962%,5,203,208,152,4,1,51
0x653b0d,90.3846%,5,47,52,47,3,2,0
0x6597d2,97.5962%,5,203,208,153,3,2,50
0x9ff1a7,83.3333%,5,25,30,17,3,2,8
0xa39c40,99.854%,5,3419,3424,2344,5,0,1075
0x7aa06d,95%,5,95,100,94,2,3,1
0x65a821,84.375%,5,27,32,21,3,2,6
0x65b678,90.3846%,5,47,52,47,3,2,0
0x7603bd,37.5%,5,3,8,3,3,2,0
0x7e7f12,97.5962%,5,203,208,152,4,1,51
0x762a5c,86.8421%,5,33,38,0,0,5,33
0x63ad55,37.5%,5,3,8,3,3,2,0
0x95a532,97.5962%,5,203,208,156,0,5,47
0x614c24,99.9277%,5,6911,6916,6648,2,3,263
0x5e8224,97.5962%,5,203,208,74,3,2,129
0x63cdf9,98.0545%,5,252,257,0,0,5,252
0x7a8c26,95.1923%,5,99,104,0,0,5,99
0x7e63a3,16.6667%,5,1,6,1,3,2,0
0x64520d,90.3846%,5,47,52,47,5,0,0
0x6317e1,97.6852%,5,211,216,196,2,3,15
0x769876,90.9091%,5,50,55,1,3,2,49
0x6639d6,93.75%,5,75,80,75,3,2,0
0xa30547,99.9908%,5,54535,54540,0,0,5,54535
0x63bc51,97.5962%,5,203,208,198,2,3,5
0xa24101,99.9793%,5,24201,24206,0,0,5,24201
0x63385f,83.3333%,5,25,30,25,3,2,0
0x6338ce,99.5833%,5,1195,1200,1118,2,3,77
0x76d6ac,90.7407%,5,49,54,49,3,2,0
0x65aea1,37.5%,5,3,8,3,3,2,0
0x663b59,99.8077%,5,2595,2600,2595,3,2,0
0x633951,84.375%,5,27,32,21,3,2,6
0xa768d3,99.9927%,5,68951,68956,0,0,5,68951
0x593d2e,97.5962%,5,203,208,199,1,4,4
0x756151,98.7374%,5,391,396,290,3,2,101
0x6d8d88,97.449%,5,191,196,13,3,2,178
0x67b554,37.5%,5,3,8,3,3,2,0
0x75cf49,88.6364%,5,39,44,39,3,2,0
0x64aa42,98.75%,5,395,400,297,3,2,98
0x644460,90.3846%,5,47,52,47,3,2,0
0x645ec9,99.8796%,5,4148,4153,4148,5,0,0
0x5eccbe,90.3846%,5,47,52,47,3,2,0
0x9fef8d,58.3333%,5,7,12,3,5,0,4
0x76d76e,90.3846%,5,47,52,47,3,2,0
0x63a054,98.75%,5,395,400,395,3,2,0
0x652482,99.939%,5,8198,8203,0,0,5,8198
0x6f4ae7,90.3846%,5,47,52,47,3,2,0
0x665fb5,90.3846%,5,47,52,47,3,2,0
0x64ab02,98.75%,5,395,400,296,4,1,99
0x5985a0,95.1923%,5,99,104,99,1,4,0
0x67aafc,37.5%,5,3,8,3,3,2,0
0x665ac2,90.3846%,5,47,52,47,3,2,0
0x92c6d6,99.9519%,5,10395,10400,7798,2,3,2597
0x75f000,88.6364%,5,39,44,39,3,2,0
0x596f8e,96.7949%,5,151,156,148,2,3,3
0xa3082b,99.9754%,5,20354,20359,0,0,5,20354
0xa76a07,99.9765%,5,21273,21278,21273,5,0,0
0x641f57,99.9519%,5,10395,10400,7797,3,2,2598
0x643c9f,99.9519%,5,10395,10400,7798,2,3,2597
0x5e7152,89.5833%,5,43,48,43,3,2,0
0x639415,98.75%,5,395,400,297,3,2,98
0x5e6f56,90.7407%,5,49,54,0,0,5,49
0x645312,99.8764%,5,4041,4046,4041,5,0,0
0x8c4dee,99.8077%,5,2595,2600,2498,2,3,97
0xa24b47,98.7805%,5,405,410,281,4,1,124
0xa24d33,98.2456%,5,280,285,86,2,3,194
0x429791,97.5962%,5,203,208,197,3,2,6
0x665cec,95.1923%,5,99,104,52,0,5,47
0x7a8f1b,94.7917%,5,91,96,91,1,4,0
0x5dad44,97.5962%,5,203,208,154,2,3,49
0x5daa66,37.5%,5,3,8,3,3,2,0
0x64d646,37.5%,5,3,8,3,3,2,0
0x95a23b,90.3846%,5,47,52,0,0,5,47
0x659512,97.5962%,5,203,208,153,3,2,50
0x5e6fca,90.7407%,5,49,54,49,5,0,0
0x64dbd7,99.5833%,5,1195,1200,1119,1,4,76
0x76ca89,16.6667%,5,1,6,1,3,2,0
0x761279,78.2609%,5,18,23,0,3,2,18
0x643302,99.8077%,5,2595,2600,0,0,5,2595
0x64eda1,99.9663%,5,14819,14824,14151,1,4,668
0xa820af,96.5753%,5,141,146,97,3,2,44
0x652c31,99.8968%,5,4842,4847,4842,5,0,0
0x7cc919,96.7949%,5,151,156,0,0,5,151
0x75a84f,96.7949%,5,151,156,0,0,5,151
0x66634f,90.3846%,5,47,52,47,3,2,0
0xa307fa,99.9908%,5,54535,54540,0,0,5,54535
0x66ed06,90.3846%,5,47,52,47,3,2,0
0x42a9c7,64.2857%,5,9,14,0,0,5,9
0x64fd05,93.75%,5,75,80,75,3,2,0
0x5e7291,37.5%,5,3,8,3,5,0,0
0x5f23cf,90.7407%,5,49,54,49,3,2,0
0x7b4493,97.5962%,5,203,208,154,2,3,49
0x7e8001,90.3846%,5,47,52,47,3,2,0
0x7cdc6c,90.3846%,5,47,52,47,3,2,0
0x681bcf,90.3846%,5,47,52,47,5,0,0
0x8c0a30,95%,5,95,100,95,3,2,0
0x6475e2,95%,5,95,100,95,3,2,0
0xa90c41,90%,5,45,50,33,1,4,12
0x6527bb,99.9797%,5,24604,24609,0,0,5,24604
0xa78514,64.2857%,5,9,14,0,4,1,9
0x7cdeb2,90.3846%,5,47,52,47,5,0,0
0x766cca,95.1923%,5,99,104,99,1,4,0
0x8c5174,99.8077%,5,2595,2600,2498,2,3,97
0x631851,97.5962%,5,203,208,153,3,2,50
0x659882,97.5962%,5,203,208,153,3,2,50
0x64554f,97.5962%,5,203,208,154,2,3,49
0x768348,95.1923%,5,99,104,99,1,4,0
0x77827c,84.375%,5,27,32,21,3,2,6
0x6315e1,97.5962%,5,203,208,155,1,4,48
0x67a5ae,37.5%,5,3,8,3,3,2,0
0x766570,94.7917%,5,91,96,91,1,4,0
0x761b0c,16.6667%,5,1,6,1,3,2,0
0x621601,37.5%,5,3,8,0,0,5,3
0x649ef2,99.9519%,5,10395,10400,7797,3,2,2598
0x8c16a8,98.2759%,5,285,290,0,0,5,285
0x631405,90.3846%,5,47,52,47,3,2,0
0x5f1b80,99.7394%,5,1914,1919,0,0,5,1914
0x5e8164,93.5065%,5,72,77,2,3,2,70
0x6312cd,90.3846%,5,47,52,47,3,2,0
0x927d77,99.843%,5,3179,3184,3179,5,0,0
0x64a070,99.8077%,5,2595,2600,2498,2,3,97
0x64ae65,90.3846%,5,47,52,47,3,2,0
0x631151,97.5962%,5,203,208,153,3,2,50
0xa0ed58,99.9589%,5,12166,12171,0,0,5,12166
0x631061,97.5962%,5,203,208,154,2,3,49
0x8bf416,99.8764%,5,4041,4046,4041,5,0,0
0x7725fe,90.3846%,5,47,52,47,3,2,0
0x762de8,16.6667%,5,1,6,1,3,2,0
0x642842,90.3846%,5,47,52,47,3,2,0
0x640529,37.5%,5,3,8,3,3,2,0
0xa30847,99.9713%,5,17406,17411,17406,5,0,0
0x63534c,93.75%,5,75,80,75,3,2,0
0x638378,99.9252%,5,6677,6682,6423,2,3,254
0x92737b,90.7407%,5,49,54,45,2,3,4
0x643973,90.3846%,5,47,52,47,3,2,0
0x9e095c,99.3316%,5,743,748,0,0,5,743
0x6400f9,37.5%,5,3,8,3,3,2,0
0x63329d,99.8077%,5,2595,2600,2545,3,2,50
0x63a387,95%,5,95,100,95,3,2,0
0x7616b1,16.6667%,5,1,6,1,3,2,0
0x41cbdf,92.1875%,5,59,64,59,5,0,0
0x645eac,95.3271%,5,102,107,0,0,5,102
0x7cdad0,90.3846%,5,47,52,47,3,2,0
0x760a94,16.6667%,5,1,6,1,3,2,0
0xa77fa8,99.9646%,5,14133,14138,0,0,5,14133
0x7653bb,16.6667%,5,1,6,1,3,2,0
0x666384,90.3846%,5,47,52,47,3,2,0
0x66786f,97.5962%,5,203,208,152,4,1,51
0x75fc67,96.7949%,5,151,156,101,3,2,50
0x66a6c2,97.5962%,5,203,208,156,0,5,47
0x66b2d2,90.3846%,5,47,52,47,3,2,0
0x667bb3,97.5962%,5,203,208,203,5,0,0
0x5e6e28,97.5%,5,195,200,147,3,2,48
0x642837,97.5962%,5,203,208,155,1,4,48
0x6d926f,97.2222%,5,175,180,175,5,0,0
0x774b09,90.3846%,5,47,52,47,5,0,0
0x8bebc6,90.3846%,5,47,52,47,3,2,0
0x75cac0,37.5%,5,3,8,3,3,2,0
0x667599,90.3846%,5,47,52,47,3,2,0
0x66732a,97.5962%,5,203,208,154,2,3,49
0x618c23,99.9277%,5,6911,6916,0,0,5,6911
0x65b04d,95%,5,95,100,95,3,2,0
0x928883,99.8933%,5,4683,4688,1215,1,4,3468
0x5f4cad,90.7407%,5,49,54,49,3,2,0
0x63a52a,37.5%,5,3,8,3,3,2,0
0x7b33a2,90.3846%,5,47,52,47,3,2,0
0x648ebf,91.0714%,5,51,56,39,3,2,12
0x41cc0f,92.1875%,5,59,64,59,5,0,0
0x639431,95%,5,95,100,95,3,2,0
0x67b205,37.5%,5,3,8,3,3,2,0
0x5f004a,99.3842%,5,807,812,404,2,3,403
0x778e3b,84.375%,5,27,32,27,5,0,0
0x596d42,99.1987%,5,619,624,465,3,2,154
0x5f4e64,66.6667%,5,10,15,10,1,4,0
0x616be9,99.5127%,5,1021,1026,988,0,5,33
0x66f0a2,94.898%,5,93,98,82,2,3,11
0x64b382,99.9519%,5,10395,10400,7799,1,4,2596
0x8c537d,99%,5,495,500,396,4,1,99
0x760b58,88.6364%,5,39,44,39,3,2,0
0x5f3a3d,91.6667%,5,55,60,27,3,2,28
0x64d50f,37.5%,5,3,8,3,3,2,0
0x4074f1,86.1111%,5,31,36,31,5,0,0
0x67af05,37.5%,5,3,8,3,3,2,0
0xa0efef,99.8716%,5,3889,3894,0,0,5,3889
0x681fb1,95.1923%,5,99,104,99,1,4,0
0x7b3181,90.3846%,5,47,52,47,3,2,0
0x7e88ef,90.3846%,5,47,52,47,3,2,0
0x5ea392,61.5385%,5,8,13,8,3,2,0
0x598e19,95.1923%,5,99,104,98,2,3,1
0x5f6ffd,99.5301%,5,1059,1064,1024,2,3,35
0x65845c,99.9941%,5,85171,85176,63877,5,0,21294
0x63da32,99.5618%,5,1136,1141,0,0,5,1136
0x768408,95.1923%,5,99,104,0,0,5,99
0x5f4cfd,90.7407%,5,49,54,49,3,2,0
0x64ce23,98.4375%,5,315,320,314,2,3,1
0x5f4d7d,90.7407%,5,49,54,49,3,2,0
0x6397c6,37.5%,5,3,8,3,3,2,0
0x66ece3,99.9519%,5,10395,10400,7798,2,3,2597
0x63806a,99.9252%,5,6677,6682,6423,2,3,254
0x9fef88,37.5%,5,3,8,2,2,3,1
0x766eee,84.375%,5,27,32,27,1,4,0
0x65ec58,99.8077%,5,2595,2600,2496,4,1,99
0x632dee,99.9786%,5,23395,23400,22932,0,5,463
0x961a24,37.5%,5,3,8,3,3,2,0
0x7cdf01,90.3846%,5,47,52,47,3,2,0
0x960e74,99.963%,5,13510,13515,13351,5,0,159
0x590bf8,84.375%,5,27,32,21,3,2,6
0x5f439a,66.6667%,5,10,15,0,0,5,10
0x659521,90.3846%,5,47,52,47,3,2,0
0x6395a0,95%,5,95,100,95,3,2,0
0x650085,99.8958%,5,4795,4800,3598,2,3,1197
0x5f3d2e,54.5455%,5,6,11,3,2,3,3
0x7a8e09,95%,5,95,100,95,1,4,0
0x6d872d,68.75%,5,11,16,11,5,0,0
0x7a8d31,95.1923%,5,99,104,2,2,3,97
0x5ea412,61.5385%,5,8,13,6,2,3,2
0x65e47d,99.9519%,5,10395,10400,7795,5,0,2600
0x6151e9,99.1776%,5,603,608,454,2,3,149
0x8c3b68,99.5%,5,995,1000,495,5,0,500
0x63bd3f,99.9519%,5,10395,10400,10190,2,3,205
0x5ea7a7,90.3846%,5,47,52,47,3,2,0
0x63171e,37.5%,5,3,8,3,3,2,0
0x7e7789,16.6667%,5,1,6,1,3,2,0
0x5f6159,93.4211%,5,71,76,37,1,4,34
0x5ea098,92.5926%,4,50,54,50,2,2,0
0x9e16d7,95.8333%,4,92,96,92,4,0,0
0x8c469a,99.8462%,4,2596,2600,0,0,4,2596
0x64ed81,99.9775%,4,17812,17816,17207,1,3,605
0x7b2fe8,90.2439%,4,37,41,37,4,0,0
0x6038aa,90.9091%,4,40,44,19,3,1,21
0x67abfd,50%,4,4,8,4,4,0,0
0x64e646,50%,4,4,8,3,3,1,1
0x8c14b2,99%,4,396,400,106,4,0,290
0x7cc661,92.3077%,4,48,52,0,0,4,48
0x762279,90.9091%,4,40,44,40,2,2,0
0x63afff,99.4286%,4,696,700,685,1,3,11
0x645ac8,99.8462%,4,2596,2600,0,0,4,2596
0x7cd7b0,92.3077%,4,48,52,48,2,2,0
0x42a0d3,98.4615%,4,256,260,0,3,1,256
0x7749fa,92.3077%,4,48,52,48,4,0,0
0x76a238,92.3077%,4,48,52,48,4,0,0
0x6f53c9,98.0769%,4,204,208,154,2,2,50
0x64faa5,95%,4,76,80,76,2,2,0
0x7d0813,92.3077%,4,48,52,48,2,2,0
0x616bd3,99.6101%,4,1022,1026,0,0,4,1022
0x75d99c,33.3333%,4,2,6,2,2,2,0
0x7afb83,92.3077%,4,48,52,0,0,4,48
0x5943bc,99.8462%,4,2596,2600,2596,4,0,0
0xa76d40,99.9812%,4,21272,21276,21272,4,0,0
0x7ccfd3,92.3077%,4,48,52,0,0,4,48
0x5f538e,99.892%,4,3701,3705,3508,2,2,193
0x76951b,50%,4,4,8,4,0,4,0
0x6486fe,50%,4,4,8,4,2,2,0
0x659b92,99.9615%,4,10396,10400,7798,2,2,2598
0x76ecda,42.8571%,4,3,7,3,4,0,0
0x64362e,92.3077%,4,48,52,0,0,4,48
0x59588f,90.4762%,4,38,42,38,4,0,0
0x7a9d2d,0%,4,0,4,0,0,4,0
0x8c5064,99.8462%,4,2596,2600,2499,1,3,97
0x8c450a,99.8462%,4,2596,2600,2499,1,3,97
0x6412c9,50%,4,4,8,3,3,1,1
0x64bdae,95%,4,76,80,76,2,2,0
0xa796a3,97.7143%,4,171,175,171,2,2,0
0x648a7d,50%,4,4,8,4,2,2,0
0x429936,96.7742%,4,120,124,0,0,4,120
0x66fb57,50%,4,4,8,0,0,4,4
0x5f4438,81.8182%,4,18,22,16,0,4,2
0x67b0d4,50%,4,4,8,3,3,1,1
0x9279a3,99.8168%,4,2180,2184,2089,4,0,91
0xa38b78,90%,4,36,40,0,0,4,36
0x669e02,92.3077%,4,48,52,48,2,2,0
0x7aa155,92.3077%,4,48,52,48,2,2,0
0x63b026,71.4286%,4,10,14,10,2,2,0
0x617ea3,99.8988%,4,3948,3952,0,0,4,3948
0x8bec44,92.3077%,4,48,52,0,0,4,48
0x616d94,92.3077%,4,48,52,0,0,4,48
0x7629b5,90.4762%,4,38,42,38,2,2,0
0x761618,95.4545%,4,84,88,69,4,0,15
0x5e908d,0%,4,0,4,0,2,2,0
0x7a9dd8,96.1538%,4,100,104,100,0,4,0
0x7e886f,92.3077%,4,48,52,48,2,2,0
0x64aa02,99%,4,396,400,298,2,2,98
0x6595c2,98.0769%,4,204,208,154,2,2,50
0xa2e335,99.9927%,4,54536,54540,54536,4,0,0
0x64c303,99%,4,396,400,0,0,4,396
0x761a62,92.5926%,4,50,54,36,0,4,14
0x659672,98.0769%,4,204,208,155,1,3,49
0x758940,98.0769%,4,204,208,0,0,4,204
0x5da53f,50%,4,4,8,4,2,2,0
0x42a6cc,96.7742%,4,120,124,116,2,2,4
0x769085,87.5%,4,28,32,27,1,3,1
0x77467e,98.0769%,4,204,208,154,2,2,50
0xa79f2b,99.9942%,4,68779,68783,0,0,4,68779
0x5f62e9,94.7368%,4,72,76,36,4,0,36
0x778fb1,98.0769%,4,204,208,204,4,0,0
0x64dec3,99.975%,4,15996,16000,11998,2,2,3998
0x778fa7,99.0385%,4,412,416,207,1,3,205
0x95a85c,92.3077%,4,48,52,48,2,2,0
0x64d85e,50%,4,4,8,4,2,2,0
0x75d624,50%,4,4,8,4,2,2,0
0x6583d8,99.5116%,4,815,819,0,0,4,815
0xa303b2,99.9578%,4,9470,9474,9470,4,0,0
0x773c43,92.3077%,4,48,52,0,0,4,48
0x95a252,98.0769%,4,204,208,155,1,3,49
0x64afd2,92.3077%,4,48,52,48,2,2,0
0x757936,92.3077%,4,48,52,48,2,2,0
0xa762a7,99.9569%,4,9278,9282,0,0,4,9278
0x8c0f01,99%,4,396,400,299,1,3,97
0x8bfe9e,99.6494%,4,1137,1141,0,0,4,1137
0x637f10,99.8803%,4,3337,3341,3082,2,2,255
0x76a3c8,90.4762%,4,38,42,38,2,2,0
0x643ae4,98.0769%,4,204,208,154,2,2,50
0x7588ff,85.7143%,4,24,28,0,1,3,24
0x7cd933,92.3077%,4,48,52,0,0,4,48
0x65e1ad,99.9615%,4,10396,10400,7796,4,0,2600
0x64c3ce,50%,4,4,8,4,2,2,0
0x66f732,50%,4,4,8,4,2,2,0
0x8c11ce,98.9796%,4,388,392,292,2,2,96
0x63a6ba,50%,4,4,8,4,2,2,0
0x8bf028,98.0769%,4,204,208,153,3,1,51
0x7aa3a2,92%,4,46,50,0,0,4,46
0x647de2,50%,4,4,8,4,2,2,0
0x5f3629,99.7976%,4,1972,1976,0,0,4,1972
0x597e4c,50%,4,4,8,4,2,2,0
0x766a99,66.6667%,4,8,12,4,4,0,4
0x8c72eb,99.9991%,4,424996,425000,382499,1,3,42497
0x64b132,92.3077%,4,48,52,48,2,2,0
0x76076a,90.4762%,4,38,42,38,2,2,0
0x67a1c4,50%,4,4,8,4,2,2,0
0x63fbd9,50%,4,4,8,3,3,1,1
0x6660e3,92.3077%,4,48,52,0,0,4,48
0x757ab6,92.3077%,4,48,52,48,2,2,0
0x758989,92.3077%,4,48,52,0,0,4,48
0x756427,92.3077%,4,48,52,48,4,0,0
0x76681b,87.5%,4,28,32,0,0,4,28
0x66eeac,99.6667%,4,1196,1200,0,0,4,1196
0x75978b,98.0769%,4,204,208,155,1,3,49
0x9260f4,99.8462%,4,2596,2600,2546,2,2,50
0x65ad61,50%,4,4,8,4,2,2,0
0x65a3bd,71.4286%,4,10,14,10,2,2,0
0x5f75f9,89.4737%,4,34,38,34,2,2,0
0x594433,98.0769%,4,204,208,199,1,3,5
0x92d59b,92.3077%,4,48,52,48,2,2,0
0x76ca00,90.9091%,4,40,44,40,2,2,0
0x66fc05,98.75%,4,316,320,311,1,3,5
0x778ed7,87.5%,4,28,32,22,2,2,6
0x67a045,50%,4,4,8,4,2,2,0
0x8c5b33,99%,4,396,400,300,0,4,96
0x92ca65,99.8462%,4,2596,2600,2596,4,0,0
0x8bf422,96.2617%,4,103,107,0,0,4,103
0x8c11e6,71.4286%,4,10,14,10,2,2,0
0x63a91f,50%,4,4,8,4,2,2,0
0x659722,98.0769%,4,204,208,154,2,2,50
0x6388dd,99.9323%,4,5908,5912,100,2,2,5808
0x75f8b1,33.3333%,4,2,6,2,2,2,0
0x63ff49,50%,4,4,8,4,2,2,0
0x5e9f4f,96.1538%,4,100,104,100,0,4,0
0xa244f3,97.9695%,4,193,197,193,4,0,0
0x7e89c9,92.3077%,4,48,52,48,4,0,0
0x64c05e,95%,4,76,80,76,2,2,0
0x7b3433,92.3077%,4,48,52,48,2,2,0
0x59801a,88.2353%,4,30,34,0,0,4,30
0x5e61e8,50%,4,4,8,4,2,2,0
0x667888,92.3077%,4,48,52,48,2,2,0
0x64b26f,92.3077%,4,48,52,48,2,2,0
0x5f7244,99.6101%,4,1022,1026,988,0,4,34
0x8c73da,99.9906%,4,42496,42500,41998,2,2,498
0x658a2a,95.6044%,4,87,91,87,2,2,0
0x644285,92.3077%,4,48,52,48,2,2,0
0x642ba2,99.8462%,4,2596,2600,0,0,4,2596
0x6da487,50%,4,4,8,4,2,2,0
0x8c5943,99.9692%,4,12996,13000,12996,4,0,0
0x641219,50%,4,4,8,4,2,2,0
0x5ef9c7,0%,4,0,4,0,2,2,0
0x8c5e40,99.96%,4,9996,10000,7498,2,2,2498
0x77247c,50%,4,4,8,4,4,0,0
0x63935e,99%,4,396,400,298,2,2,98
0x66367d,71.4286%,4,10,14,10,2,2,0
0x8c07f6,99.3103%,4,576,580,0,0,4,576
0x76f60f,71.4286%,4,10,14,9,4,0,1
0x9274da,92.5926%,4,50,54,2,2,2,48
0x645c25,92.3077%,4,48,52,48,2,2,0
0x769a0a,96.1538%,4,100,104,100,0,4,0
0x6317ed,77.7778%,4,14,18,14,2,2,0
0x63b312,71.4286%,4,10,14,10,2,2,0
0x6311ad,92.3077%,4,48,52,48,2,2,0
0x646ddf,92.3077%,4,48,52,48,2,2,0
0x6372e7,99.8962%,4,3851,3855,3596,2,2,255
0x76578e,96.1538%,4,100,104,0,0,4,100
0x5f45a1,96.2963%,4,104,108,0,0,4,104
0x6487ed,50%,4,4,8,3,3,1,1
0x639207,90%,4,36,40,0,2,2,36
0x6440b0,92.3077%,4,48,52,48,2,2,0
0x76e79e,42.8571%,4,3,7,1,0,4,2
0x592cbc,50%,4,4,8,0,0,4,4
0x646c14,92.3077%,4,48,52,48,2,2,0
0xa76af3,99.9711%,4,13854,13858,0,0,4,13854
0x64b91c,99%,4,396,400,136,1,3,260
0x648dc0,92.8571%,4,52,56,41,1,3,11
0x76037c,92.3077%,4,48,52,48,2,2,0
0x5f4490,0%,4,0,4,0,4,0,0
0x6512ce,95%,4,76,80,76,2,2,0
0x608004,92.3077%,4,48,52,48,2,2,0
0x8bfde9,98.0769%,4,204,208,154,2,2,50
0x617047,98.0769%,4,204,208,155,1,3,49
0x75c685,98.7654%,4,320,324,292,2,2,28
0x643156,92.3077%,4,48,52,48,4,0,0
0xa76a13,99.9812%,4,21274,21278,0,0,4,21274
0x597e52,80%,4,16,20,16,2,2,0
0x7bd1cd,99.2308%,4,516,520,257,3,1,259
0x8bf3f6,99.9615%,4,10396,10400,10396,4,0,0
0x6500ad,95%,4,76,80,76,2,2,0
0x64349b,92.3077%,4,48,52,0,0,4,48
0x757a56,92.3077%,4,48,52,48,2,2,0
0x5f2cb3,92.5926%,4,50,54,0,0,4,50
0x7afe77,92.3077%,4,48,52,48,2,2,0
0x5fcabb,95.4545%,4,84,88,79,1,3,5
0xa78555,99.9501%,4,8020,8024,0,0,4,8020
0x76fbe2,42.8571%,4,3,7,3,3,1,0
0x642a1d,92.3077%,4,48,52,48,2,2,0
0x641189,50%,4,4,8,4,2,2,0
0x631837,92.3077%,4,48,52,0,0,4,48
0xa7a647,99.2278%,4,514,518,255,2,2,259
0x637405,98.4436%,4,253,257,229,2,2,24
0x9f7ce8,99.8051%,4,2048,2052,0,2,2,2048
0x63abf9,50%,4,4,8,4,2,2,0
0x6552cf,99.9704%,4,13511,13515,13511,4,0,0
0x9fb7f0,98.4674%,4,257,261,257,4,0,0
0x641daf,98.0769%,4,204,208,154,2,2,50
0xa7a6a3,98.4436%,4,253,257,0,0,4,253
0x643ce5,92.3077%,4,48,52,48,2,2,0
0x63ab8a,50%,4,4,8,4,2,2,0
0x631799,77.7778%,4,14,18,14,2,2,0
0x6394f1,96%,4,96,100,96,2,2,0
0xa76939,99.9916%,4,47674,47678,47674,4,0,0
0x42a258,50%,4,4,8,0,2,2,4
0x618b38,99.9422%,4,6912,6916,6912,4,0,0
0x92b1cc,92.3077%,4,48,52,48,2,2,0
0x760db7,96.8254%,4,122,126,69,4,0,53
0x4031e3,84.6154%,4,22,26,22,4,0,0
0x688848,92.3077%,4,48,52,48,2,2,0
0x8c5d84,99.84%,4,2496,2500,0,0,4,2496
0x64dbee,95%,4,76,80,76,2,2,0
0x67a254,50%,4,4,8,4,2,2,0
0x76f786,71.4286%,4,10,14,1,1,3,9
0x757913,92.3077%,4,48,52,0,0,4,48
0x5ea00e,50%,4,4,8,4,2,2,0
0x76d746,92.3077%,4,48,52,48,2,2,0
0xa30863,99.9759%,4,16575,16579,0,0,4,16575
0x681f12,98.0769%,4,204,208,104,0,4,100
0x643686,92.3077%,4,48,52,48,2,2,0
0x8c5f82,99.8462%,4,2596,2600,2499,1,3,97
0x5958e9,90.4762%,4,38,42,38,4,0,0
0x649123,71.4286%,4,10,14,10,2,2,0
0x637d34,98.4436%,4,253,257,0,0,4,253
0x7a9b87,99%,4,396,400,396,4,0,0
0x66eec2,99.9167%,4,4796,4800,3598,2,2,1198
0x641cff,92.3077%,4,48,52,48,2,2,0
0x5f1241,92.5926%,4,50,54,0,0,4,50
0x64cd74,95%,4,76,80,76,2,2,0
0x8c4fe3,99.8462%,4,2596,2600,2499,1,3,97
0x6535cd,92.3077%,4,48,52,48,2,2,0
0x663755,95%,4,76,80,76,2,2,0
0x640d09,50%,4,4,8,4,2,2,0
0x67b685,50%,4,4,8,4,2,2,0
0x66999f,92.3077%,4,48,52,48,2,2,0
0x760d61,90.9091%,4,40,44,40,2,2,0
0x598f0c,66.6667%,4,8,12,0,2,2,8
0x64d89e,33.3333%,4,2,6,2,2,2,0
0x634a4b,92.3077%,4,48,52,0,0,4,48
0x64db26,95%,4,76,80,76,2,2,0
0xa24423,99.6779%,4,1238,1242,0,2,2,1238
0x7b3482,92.3077%,4,48,52,48,2,2,0
0x64b243,99.9615%,4,10396,10400,7798,2,2,2598
0x7656cd,0%,4,0,4,0,0,4,0
0x9f9a30,98.7013%,4,304,308,304,4,0,0
0x76db8f,90.9091%,4,40,44,40,4,0,0
0x60326d,81.8182%,4,18,22,18,2,2,0
0xa76e3a,99.9812%,4,21272,21276,0,0,4,21272
0x76b8be,90.9091%,4,40,44,40,2,2,0
0x65142c,87.5%,4,28,32,22,2,2,6
0x762770,66.6667%,4,8,12,6,0,4,2
0x6491fd,71.4286%,4,10,14,10,2,2,0
0x5e72a8,50%,4,4,8,4,2,2,0
0x5a8e6c,99.5434%,4,872,876,0,0,4,872
0x648a2b,50%,4,4,8,4,2,2,0
0x9f9a56,99.9761%,4,16720,16724,16720,4,0,0
0x429e54,50%,4,4,8,0,0,4,4
0x8c6a74,96%,4,96,100,0,0,4,96
0x640c59,50%,4,4,8,4,2,2,0
0x92a2a2,97.4843%,4,155,159,0,0,4,155
0x636c9e,99.2218%,4,510,514,253,4,0,257
0x65c939,99.9615%,4,10396,10400,10396,4,0,0
0x64bf9d,95%,4,76,80,76,2,2,0
0x772b2f,92.3077%,4,48,52,0,0,4,48
0x9feeef,71.4286%,4,10,14,9,1,3,1
0x77293f,92.3077%,4,48,52,0,0,4,48
0x65aa5b,71.4286%,4,10,14,10,2,2,0
0x76713a,0%,4,0,4,0,2,2,0
0x772903,92.3077%,4,48,52,0,0,4,48
0x4b9e34,93.75%,4,60,64,0,0,4,60
0x75f137,90.9091%,4,40,44,40,4,0,0
0x63e31b,50%,4,4,8,0,0,4,4
0x64d05d,50%,4,4,8,4,2,2,0
0x9f7cf1,99.8049%,4,2046,2050,0,0,4,2046
0x76290f,89.4737%,4,34,38,8,4,0,26
0x75f936,92.5926%,4,50,54,0,1,3,50
0x92cbab,99.9615%,4,10396,10400,7796,4,0,2600
0x8c0c14,99.84%,4,2496,2500,0,0,4,2496
0x64ab75,96%,4,96,100,96,2,2,0
0x598c44,87.5%,4,28,32,14,2,2,14
0x7aa5b4,92.3077%,4,48,52,48,4,0,0
0x66f0b5,71.4286%,4,10,14,10,2,2,0
0x66f195,87.5%,4,28,32,28,2,2,0
0x76b2a7,90.4762%,4,38,42,38,2,2,0
0x76db78,95.4545%,4,84,88,44,0,4,40
0x762516,90.4762%,4,38,42,38,2,2,0
0x6415dc,50%,4,4,8,4,2,2,0
0x76deb7,90.4762%,4,38,42,38,4,0,0
0x8c4b2e,99.8462%,4,2596,2600,2499,1,3,97
0x7aa17d,92.3077%,4,48,52,48,2,2,0
0x65d7e1,99.9615%,4,10396,10400,7796,4,0,2600
0x648acf,50%,4,4,8,4,2,2,0
0x7b4353,98.0769%,4,204,208,154,2,2,50
0x60346e,75%,4,12,16,1,1,3,11
0x67b57b,50%,4,4,8,4,2,2,0
0x687b9a,98.0769%,4,204,208,156,0,4,48
0x5e9ae0,92.3077%,4,48,52,48,2,2,0
0x5f0746,0%,4,0,4,0,2,2,0
0x67b505,50%,4,4,8,4,2,2,0
0x5e8f12,50%,4,4,8,4,2,2,0
0x5e8beb,97.6879%,4,169,173,0,0,4,169
0x40312c,84.6154%,4,22,26,22,4,0,0
0x5e840b,98.6755%,4,298,302,0,0,4,298
0x75abd0,99.2218%,4,510,514,510,4,0,0
0x5e7fcd,69.2308%,4,9,13,0,0,4,9
0x5e79f6,69.2308%,4,9,13,0,0,4,9
0x7b435e,92.3077%,4,48,52,48,2,2,0
0x67b3fb,50%,4,4,8,4,2,2,0
0x603690,93.75%,4,60,64,46,2,2,14
0x7b4233,98.0769%,4,204,208,153,3,1,51
0x5e6f7b,92.5926%,4,50,54,0,0,4,50
0x7b3fc2,98.0769%,4,204,208,154,2,2,50
0x76506f,0%,4,0,4,0,2,2,0
0x5e68de,98%,4,196,200,148,2,2,48
0x5e6877,98%,4,196,200,148,2,2,48
0x635c78,96%,4,96,100,0,0,4,96
0x5dad5e,92.3077%,4,48,52,48,2,2,0
0x686fd9,0%,4,0,4,0,2,2,0
0x590c24,50%,4,4,8,0,0,4,4
0x949cc9,50%,4,4,8,4,2,2,0
0x590b6e,87.5%,4,28,32,0,0,4,28
0x67b27b,50%,4,4,8,4,2,2,0
0x64660f,92.3077%,4,48,52,48,2,2,0
0x687d14,92.3077%,4,48,52,0,0,4,48
0x593e70,98.0769%,4,204,208,199,1,3,5
0x667bc6,98.0769%,4,204,208,155,1,3,49
0x667ba3,92.3077%,4,48,52,0,0,4,48
0x667b86,92.3077%,4,48,52,48,2,2,0
0x6675f1,92.3077%,4,48,52,48,2,2,0
0x6675d4,92.3077%,4,48,52,0,0,4,48
0x6675c9,92.3077%,4,48,52,48,2,2,0
0x6673b9,92.3077%,4,48,52,48,2,2,0
0x666f0e,50%,4,4,8,4,2,2,0
0x666ef7,98.0769%,4,204,208,199,1,3,5
0x67b085,50%,4,4,8,4,2,2,0
0x669f04,92.3077%,4,48,52,48,2,2,0
0x76ec0d,42.8571%,4,3,7,3,4,0,0
0x9f8108,97.9058%,4,187,191,0,0,4,187
0x59486f,98.0769%,4,204,208,0,0,4,204
0x598f68,92.3077%,4,48,52,0,0,4,48
0x653380,92.3077%,4,48,52,48,2,2,0
0x75cb60,92.3077%,4,48,52,48,2,2,0
0x6668ea,98.1481%,4,212,216,162,0,4,50
0x6661f2,92.3077%,4,48,52,48,2,2,0
0x666102,92.3077%,4,48,52,48,2,2,0
0x75ccef,92.3077%,4,48,52,48,2,2,0
0x665c26,92.3077%,4,48,52,48,2,2,0
0x663cab,98.2143%,4,220,224,220,2,2,0
0x663c75,92.3077%,4,48,52,48,2,2,0
0x665f12,92.3077%,4,48,52,48,2,2,0
0x7ccdd5,33.3333%,4,2,6,2,2,2,0
0x6638b7,92.3077%,4,48,52,48,2,2,0
0x66357a,92.3077%,4,48,52,48,2,2,0
0x65cd94,99.8462%,4,2596,2600,2548,0,4,48
0xa30c08,99.9762%,4,16783,16787,16575,4,0,208
0x89fc43,93.75%,4,60,64,47,1,3,13
0xa0eeb6,99.9462%,4,7432,7436,0,0,4,7432
0x5f5eef,0%,4,0,4,0,2,2,0
0x7590d0,98.0769%,4,204,208,0,2,2,204
0x92b2b3,92.3077%,4,48,52,48,2,2,0
0xa7a63e,99.2278%,4,514,518,0,0,4,514
0x75d658,50%,4,4,8,4,4,0,0
0x6435db,92.3077%,4,48,52,48,2,2,0
0x95a065,92.3077%,4,48,52,48,2,2,0
0x7aaeb0,92.3077%,4,48,52,48,2,2,0
0x7587d7,92.3077%,4,48,52,0,0,4,48
0x766c7b,98.7179%,4,308,312,207,1,3,101
0x669da2,92.3077%,4,48,52,48,2,2,0
0x76fdd0,96.1538%,4,100,104,100,0,4,0
0x66f9b6,92.8571%,4,52,56,41,1,3,11
0x646ad4,92.3077%,4,48,52,48,2,2,0
0x66f432,50%,4,4,8,4,2,2,0
0x772698,50%,4,4,8,4,2,2,0
0x66ec16,92.3077%,4,48,52,48,2,2,0
0x6431c2,99.8462%,4,2596,2600,0,0,4,2596
0x648f0b,92.8571%,4,52,56,40,2,2,12
0x5f1083,92.5926%,4,50,54,50,4,0,0
0x66e572,50%,4,4,8,4,2,2,0
0x7b28e1,92.3077%,4,48,52,0,0,4,48
0x656327,99.9704%,4,13511,13515,0,0,4,13511
0x75684e,98.0769%,4,204,208,154,2,2,50
0x959fc5,92.3077%,4,48,52,48,2,2,0
0x8c5a27,99.992%,4,49996,50000,37499,1,3,12497
0x6083aa,99.7537%,4,1620,1624,0,0,4,1620
0x757a26,92.3077%,4,48,52,48,2,2,0
0x757bd6,92.3077%,4,48,52,48,2,2,0
0x65ab4d,98.2143%,4,220,224,191,1,3,29
0x65aae8,87.5%,4,28,32,0,0,4,28
0x5f30fb,80%,4,16,20,16,2,2,0
0x6f4c7c,92.3077%,4,48,52,48,2,2,0
0x5f5ed5,96.4286%,4,108,112,108,0,4,0
0x5f5b22,0%,4,0,4,0,2,2,0
0x5f5562,94.7368%,4,72,76,0,0,4,72
0x65dd98,99.8462%,4,2596,2600,0,0,4,2596
0x5f4d3d,92.5926%,4,50,54,50,2,2,0
0x67b0fb,50%,4,4,8,4,2,2,0
0x7cd492,92.3077%,4,48,52,0,0,4,48
0x755ecb,98.0769%,4,204,208,0,0,4,204
0x7b2792,92.3077%,4,48,52,48,2,2,0
0x603708,75%,4,12,16,12,2,2,0
0x5e4ea9,66.6667%,4,8,12,0,0,4,8
0x75c81b,90.9091%,4,40,44,40,2,2,0
0x5f39e0,93.3333%,4,56,60,26,4,0,30
0x67aefd,50%,4,4,8,4,4,0,0
0x7c8a5e,0%,4,0,4,0,2,2,0
0x5f396e,89.4737%,4,34,38,34,2,2,0
0x5f150b,99.7976%,4,1972,1976,0,0,4,1972
0x5f35cd,99.7976%,4,1972,1976,0,0,4,1972
0x7b21a2,98.0769%,4,204,208,155,1,3,49
0x75d2fb,97.7273%,4,172,176,131,1,3,41
0x67aab9,50%,4,4,8,0,0,4,4
0x62109b,99.5951%,4,984,988,950,0,4,34
0x67a43b,95%,4,76,80,76,2,2,0
0x7582f8,89.7436%,4,35,39,35,4,0,0
0x67a127,50%,4,4,8,4,2,2,0
0x6445fb,92.3077%,4,48,52,48,2,2,0
0x64af13,98.0769%,4,204,208,153,3,1,51
0x67a001,50%,4,4,8,4,2,2,0
0x756d39,87.5%,4,28,32,0,0,4,28
0x67b87b,50%,4,4,8,4,2,2,0
0x92610b,92.3077%,4,48,52,48,2,2,0
0x657d35,98.0769%,4,204,208,152,4,0,52
0x657a6c,92.3077%,4,48,52,48,2,2,0
0x404c5c,81.8182%,4,18,22,18,4,0,0
0x616a95,89.4737%,4,34,38,34,2,2,0
0x616951,92.3077%,4,48,52,48,4,0,0
0x65efe3,99.8462%,4,2596,2600,2499,1,3,97
0x642c42,92.3077%,4,48,52,48,2,2,0
0x63fd19,50%,4,4,8,4,2,2,0
0x659257,92.3077%,4,48,52,48,2,2,0
0x596dc2,97.5309%,4,158,162,155,1,3,3
0x66f552,50%,4,4,8,4,2,2,0
0x65c979,76.4706%,4,13,17,0,0,4,13
0x65ca84,50%,4,4,8,4,2,2,0
0x926cee,99%,4,396,400,392,0,4,4
0x926317,50%,4,4,8,4,2,2,0
0x4a223a,0%,4,0,4,0,4,0,0
0x5ecd1e,92.3077%,4,48,52,48,2,2,0
0x92bd55,99%,4,396,400,299,1,3,97
0x65a82d,50%,4,4,8,4,2,2,0
0x5e75af,50%,4,4,8,3,3,1,1
0x7ce4b7,98%,4,196,200,149,1,3,47
0xa2237a,99.9804%,4,20454,20458,0,0,4,20454
0x75e583,33.3333%,4,2,6,2,2,2,0
0xa230e1,99.0244%,4,406,410,336,2,2,70
0x929567,96.8%,4,121,125,121,4,0,0
0x621153,99.5192%,4,828,832,620,4,0,208
0x62108f,99.8988%,4,3948,3952,2961,3,1,987
0x6215fc,66.6667%,4,8,12,2,2,2,6
0x7b10e3,92.3077%,4,48,52,48,4,0,0
0x595182,99.359%,4,620,624,599,1,3,21
0x7e8110,92.3077%,4,48,52,48,2,2,0
0x7d0716,92.3077%,4,48,52,48,2,2,0
0x95a9af,92.3077%,4,48,52,48,4,0,0
0x8a4c1e,0%,4,0,4,0,2,2,0
0x6f4aca,98.0769%,4,204,208,155,1,3,49
0xa38bd6,33.3333%,4,2,6,0,3,1,2
0x6514e8,60%,4,6,10,6,2,2,0
0xa0f621,88.2353%,4,30,34,0,0,4,30
0x95a733,92.3077%,4,48,52,0,0,4,48
0x92935f,99.7647%,4,1696,1700,1676,4,0,20
0x66f8f5,92.8571%,4,52,56,42,0,4,10
0x95a622,98.0769%,4,204,208,154,2,2,50
0x95a60c,92.3077%,4,48,52,0,0,4,48
0x8c172e,96%,4,96,100,96,2,2,0
0x96168f,99.8802%,4,3335,3339,3178,2,2,157
0x961635,97.4843%,4,155,159,0,0,4,155
0x613cd2,83.3333%,4,20,24,0,0,4,20
0x64c7ba,95%,4,76,80,76,2,2,0
0x7cd3e1,92.3077%,4,48,52,48,4,0,0
0x429a44,50%,4,4,8,4,2,2,0
0x598eed,71.4286%,4,10,14,1,1,3,9
0x5e84ff,69.2308%,4,9,13,0,0,4,9
0x8c1678,33.3333%,4,2,6,2,3,1,0
0x960c6d,97.4843%,4,155,159,154,3,1,1
0x7bc8bc,92.3077%,4,48,52,48,2,2,0
0x75cd1d,92.3077%,4,48,52,48,2,2,0
0x92984e,99.8476%,4,2621,2625,2496,4,0,125
0x95a059,98.0769%,4,204,208,155,1,3,49
0x603ed2,90.9091%,4,40,44,27,3,1,13
0x9274e3,92%,4,46,50,0,0,4,46
0x65393c,92.3077%,4,48,52,0,0,4,48
0x65369d,92.3077%,4,48,52,48,2,2,0
0x61725f,99.3007%,4,568,572,549,1,3,19
0x618163,99.8988%,4,3948,3952,0,0,4,3948
0x631901,98.0769%,4,204,208,155,1,3,49
0x8a0e25,50%,4,4,8,4,2,2,0
0x631781,99.7863%,4,1868,1872,1402,2,2,466
0x6316de,50%,4,4,8,4,2,2,0
0x8b8036,99.9359%,4,6236,6240,6031,1,3,205
0x6315ed,92.3077%,4,48,52,48,2,2,0
0x631599,77.7778%,4,14,18,14,2,2,0
0x6314bc,92.3077%,4,48,52,48,2,2,0
0x631475,98.0769%,4,204,208,156,0,4,48
0x6313f9,98.0769%,4,204,208,155,1,3,49
0x63128d,92.3077%,4,48,52,48,2,2,0
0x6311d7,92.3077%,4,48,52,0,0,4,48
0x630fc1,98.0769%,4,204,208,154,2,2,50
0x7ce140,92.3077%,4,48,52,48,2,2,0
0x75e297,33.3333%,4,2,6,2,2,2,0
0x8c729f,77.7778%,4,14,18,14,2,2,0
0x635c91,99%,4,396,400,299,1,3,97
0x7cddd0,92.3077%,4,48,52,48,2,2,0
0x6867ac,0%,4,0,4,0,2,2,0
0x7cdc2b,92.3077%,4,48,52,0,0,4,48
0x595915,90.4762%,4,38,42,38,2,2,0
0x5958b3,90.4762%,4,38,42,38,4,0,0
0x7cdb33,92.3077%,4,48,52,0,0,4,48
0x640ae5,50%,4,4,8,4,2,2,0
0x636171,99.5536%,4,892,896,668,4,0,224
0x6361e7,87.5%,4,28,32,0,0,4,28
0x7cd690,92.3077%,4,48,52,48,2,2,0
0x7cd56c,92.3077%,4,48,52,48,2,2,0
0x7cd4ac,92.3077%,4,48,52,0,0,4,48
0x669e68,92.3077%,4,48,52,48,2,2,0
0x669bd8,92.3077%,4,48,52,0,0,4,48
0x63322d,99.8462%,4,2596,2600,2548,0,4,48
0x6361ce,50%,4,4,8,4,2,2,0
0x7cc0f9,92.3077%,4,48,52,48,2,2,0
0x635cbe,50%,4,4,8,4,2,2,0
0x6464df,92.3077%,4,48,52,48,2,2,0
0x635bfe,50%,4,4,8,3,3,1,1
0x60353f,75%,4,12,16,0,0,4,12
0x63395e,50%,4,4,8,4,2,2,0
0x9f99d4,99.2945%,4,563,567,253,2,2,310
0xa22637,99.6779%,4,1238,1242,31,3,1,1207
0x686a8b,92.3077%,4,48,52,48,2,2,0
0xa223c5,99.7228%,4,1439,1443,0,2,2,1439
0x633f8e,50%,4,4,8,4,2,2,0
0x769e15,92.3077%,4,48,52,48,2,2,0
0x65890c,99.8309%,4,2362,2366,0,0,4,2362
0x7aa192,92.3077%,4,48,52,0,0,4,48
0x7b0dbb,92.3077%,4,48,52,48,2,2,0
0x5a6323,92.5926%,4,50,54,0,0,4,50
0x6351b2,92%,4,46,50,46,2,2,0
0x8c3c68,99.2%,4,496,500,398,2,2,98
0x8a87f1,60%,4,6,10,5,3,1,1
0xa22643,99.6689%,4,1204,1208,1204,2,2,0
0x66b923,92.3077%,4,48,52,48,2,2,0
0x7af5cc,92.3077%,4,48,52,48,2,2,0
0x6350e5,92.3077%,4,48,52,48,2,2,0
0x64631f,92.3077%,4,48,52,48,2,2,0
0x76c1ca,90.9091%,4,40,44,40,2,2,0
0x634a89,92.3077%,4,48,52,48,2,2,0
0x66a533,98.0769%,4,204,208,154,2,2,50
0x5993d3,87.5%,4,28,32,6,2,2,22
0x8c736b,99.9991%,4,424996,425000,382498,2,2,42498
0x65ab5c,87.5%,4,28,32,28,2,2,0
0x67aa46,50%,4,4,8,4,2,2,0
0x7b0e83,92.3077%,4,48,52,0,0,4,48
0x643ee5,92.3077%,4,48,52,48,2,2,0
0x757ba6,92.5926%,4,50,54,50,2,2,0
0x777e87,98.0769%,4,204,208,198,2,2,6
0x5f3aff,0%,4,0,4,0,2,2,0
0x7b1562,92.3077%,4,48,52,48,2,2,0
0x64d637,87.5%,4,28,32,24,0,4,4
0x7b403e,92.3077%,4,48,52,48,2,2,0
0x64c8fe,50%,4,4,8,4,2,2,0
0x64e296,60%,4,6,10,6,2,2,0
0x64e4a4,60%,4,6,10,6,2,2,0
0x67ac54,50%,4,4,8,4,2,2,0
0x6870c2,0%,4,0,4,0,2,2,0
0x64b831,99%,4,396,400,396,4,0,0
0x65a94c,50%,4,4,8,4,4,0,0
0x92724d,60%,4,6,10,0,1,3,6
0x7bd322,80%,4,16,20,10,0,4,6
0xa8dc69,99.9147%,4,4685,4689,0,0,4,4685
0x616ba9,89.4737%,4,34,38,34,2,2,0
0x63ad99,50%,4,4,8,4,2,2,0
0x7787c0,99.625%,3,797,800,0,0,3,797
0x7af857,94.2308%,3,49,52,49,1,2,0
0x8c543e,99.9423%,3,5197,5200,2598,2,1,2599
0x75cb0f,94.2308%,3,49,52,49,1,2,0
0x7aa8b8,97.1154%,3,101,104,51,1,2,50
0x66a602,98.5577%,3,205,208,155,1,2,50
0x9f8110,98.4293%,3,188,191,0,0,3,188
0xa0f1fc,99.9718%,3,10622,10625,0,0,3,10622
0x631481,94.2308%,3,49,52,49,1,2,0
0x926d9c,81.25%,3,13,16,13,0,3,0
0x8c3c25,99.4%,3,497,500,0,0,3,497
0x76fa90,57.1429%,3,4,7,4,3,0,0
0x762054,90.625%,3,29,32,0,0,3,29
0x640a49,62.5%,3,5,8,5,1,2,0
0x64b082,94.2308%,3,49,52,49,1,2,0
0x926575,62.5%,3,5,8,5,3,0,0
0x76d666,94.2308%,3,49,52,49,1,2,0
0x658b1e,99.9564%,3,6877,6880,0,0,3,6877
0x769250,75%,3,9,12,7,3,0,2
0x66755f,94.2308%,3,49,52,49,1,2,0
0xa308a5,99.9597%,3,7433,7436,0,0,3,7433
0x643278,94.2308%,3,49,52,49,1,2,0
0x654552,99.9648%,3,8518,8521,8518,3,0,0
0x7b1662,94.2308%,3,49,52,49,1,2,0
0x6678b3,94.2308%,3,49,52,0,0,3,49
0x667a6b,94.2308%,3,49,52,49,1,2,0
0x667b32,94.2308%,3,49,52,0,0,3,49
0x648b21,62.5%,3,5,8,5,1,2,0
0x631389,94.2308%,3,49,52,49,1,2,0
0x66fa18,78.5714%,3,11,14,11,1,2,0
0x666286,94.2308%,3,49,52,49,1,2,0
0x7e6781,94.2308%,3,49,52,49,1,2,0
0x666072,94.2308%,3,49,52,49,1,2,0
0x63a5e2,62.5%,3,5,8,5,1,2,0
0x6660a2,94.2308%,3,49,52,49,1,2,0
0x6660d2,94.2308%,3,49,52,49,1,2,0
0x666162,94.2308%,3,49,52,49,1,2,0
0x6f522c,94.2308%,3,49,52,49,1,2,0
0x603fd8,93.1818%,3,41,44,29,1,2,12
0x64ba24,96.25%,3,77,80,0,0,3,77
0x687db9,94.2308%,3,49,52,49,3,0,0
0xa76e27,99.9859%,3,21273,21276,21273,3,0,0
0x663bf6,96.25%,3,77,80,77,1,2,0
0x666222,94.2308%,3,49,52,49,1,2,0
0x8bec86,94.2308%,3,49,52,49,1,2,0
0x7cd5d3,94.2308%,3,49,52,0,0,3,49
0x67ac7b,62.5%,3,5,8,5,1,2,0
0x76d716,94.2308%,3,49,52,49,1,2,0
0x66631f,94.2308%,3,49,52,49,1,2,0
0x7b0e1d,94.2308%,3,49,52,49,1,2,0
0x5f310c,83.3333%,3,15,18,7,3,0,8
0x6663b4,94.2308%,3,49,52,49,1,2,0
0x639a56,97%,3,97,100,97,1,2,0
0x772947,94.2308%,3,49,52,49,3,0,0
0x66679f,94.4444%,3,51,54,51,1,2,0
0x75e9f8,92.8571%,3,39,42,39,3,0,0
0x65846b,99.9859%,3,21291,21294,20474,1,2,817
0x593baf,62.5%,3,5,8,0,0,3,5
0x64d505,90.625%,3,29,32,24,0,3,5
0x9f5830,78.5714%,3,11,14,11,3,0,0
0x6488e3,62.5%,3,5,8,5,1,2,0
0x5e99c3,97.1154%,3,101,104,49,3,0,52
0x7e84a3,94.2308%,3,49,52,49,1,2,0
0x64dbb8,99.9375%,3,4797,4800,4797,3,0,0
0x630f73,81.25%,3,13,16,13,1,2,0
0x649ca1,94.2308%,3,49,52,49,1,2,0
0x75c98d,70%,3,7,10,7,1,2,0
0x649c92,98.5577%,3,205,208,154,2,1,51
0x8c12d3,62.5%,3,5,8,5,1,2,0
0x757b16,94.2308%,3,49,52,49,1,2,0
0x7ce020,94.2308%,3,49,52,49,1,2,0
0x598369,97.1154%,3,101,104,101,3,0,0
0xa22505,99.7585%,3,1239,1242,0,2,1,1239
0x4048f1,50%,3,3,6,0,0,3,3
0x766322,75%,3,9,12,7,1,2,2
0x7e75cf,94.2308%,3,49,52,0,0,3,49
0x631011,98.5577%,3,205,208,155,1,2,50
0x63101d,94.2308%,3,49,52,49,1,2,0
0x773061,94.2308%,3,49,52,49,1,2,0
0xa0efdd,99.923%,3,3891,3894,0,0,3,3891
0x631097,94.2308%,3,49,52,0,0,3,49
0x6310bd,94.2308%,3,49,52,49,1,2,0
0x42a291,62.5%,3,5,8,5,1,2,0
0x64f2aa,99.9813%,3,15997,16000,15997,3,0,0
0x7e8a10,94.2308%,3,49,52,49,1,2,0
0x63c4f0,96.6667%,3,87,90,83,1,2,4
0x63bfed,98.5577%,3,205,208,0,0,3,205
0x669e32,94.2308%,3,49,52,49,1,2,0
0x63134b,94.2308%,3,49,52,49,1,2,0
0x64342b,94.2308%,3,49,52,49,1,2,0
0x6313bb,98.5577%,3,205,208,156,0,3,49
0x7675a3,81.25%,3,13,16,13,1,2,0
0x75af86,99.594%,3,736,739,736,3,0,0
0x7ce4c3,94%,3,47,50,47,1,2,0
0x8bf3de,99.7371%,3,1138,1141,0,0,3,1138
0x64aac2,99.25%,3,397,400,299,1,2,98
0x64bef8,99.945%,3,5454,5457,0,0,3,5454
0x5998d0,90.625%,3,29,32,26,2,1,3
0x648f36,78.5714%,3,11,14,11,1,2,0
0x5f4f53,25%,3,1,4,1,1,2,0
0x75d244,98.2955%,3,173,176,0,2,1,173
0x64e432,85%,3,17,20,9,1,2,8
0x669dd2,94.2308%,3,49,52,49,1,2,0
0x66b6e2,94.2308%,3,49,52,49,1,2,0
0x63169e,62.5%,3,5,8,5,1,2,0
0x65a8ed,96.25%,3,77,80,77,1,2,0
0x7edd6b,94.2308%,3,49,52,49,1,2,0
0x68887d,62.5%,3,5,8,5,1,2,0
0x7cd813,94.2308%,3,49,52,0,0,3,49
0xa76203,99.9138%,3,3478,3481,0,0,3,3478
0x77298e,94.2308%,3,49,52,49,1,2,0
0x7cd8bc,94.2308%,3,49,52,49,1,2,0
0x59587d,92.8571%,3,39,42,39,3,0,0
0x66e192,62.5%,3,5,8,5,1,2,0
0x772513,62.5%,3,5,8,5,1,2,0
0x5f1318,94.4444%,3,51,54,51,1,2,0
0x65ae31,62.5%,3,5,8,5,1,2,0
0x65bf04,94.2308%,3,49,52,49,1,2,0
0x67a8d6,62.5%,3,5,8,5,1,2,0
0x63ca0f,98.8327%,3,254,257,0,2,1,254
0xa389de,99.3135%,3,434,437,389,2,1,45
0x7618cc,50%,3,3,6,3,1,2,0
0x63e32d,62.5%,3,5,8,0,0,3,5
0x64e08e,70%,3,7,10,7,1,2,0
0x65a296,78.5714%,3,11,14,11,1,2,0
0x64592c,99.9712%,3,10397,10400,7798,2,1,2599
0x7cd971,94.2308%,3,49,52,49,3,0,0
0x5e6e46,94%,3,47,50,47,1,2,0
0x5f6cb3,99.8538%,3,2049,2052,1025,1,2,1024
0x76b0d4,97.619%,3,123,126,0,1,2,123
0x645836,94.2308%,3,49,52,49,1,2,0
0x5e6899,99.7692%,3,1297,1300,1249,1,2,48
0x5da781,98.5577%,3,205,208,156,0,3,49
0x6550dc,99.9691%,3,9691,9694,0,0,3,9691
0x60914f,94.4444%,3,51,54,8,3,0,43
0x661c10,62.5%,3,5,8,5,1,2,0
0x64308d,94.2308%,3,49,52,49,1,2,0
0x5da641,94%,3,47,50,47,1,2,0
0x6453a1,94.2308%,3,49,52,49,1,2,0
0x6871c3,62.5%,3,5,8,5,3,0,0
0xa769ae,99.9937%,3,47675,47678,25694,2,1,21981
0x6343ac,94.2308%,3,49,52,49,1,2,0
0x757996,94.2308%,3,49,52,49,1,2,0
0x9e1b18,62.5%,3,5,8,5,1,2,0
0x6474ef,94.2308%,3,49,52,49,1,2,0
0x659300,94.2308%,3,49,52,49,1,2,0
0x7cd42c,94.2308%,3,49,52,49,1,2,0
0x5e7f5a,94.2308%,3,49,52,49,3,0,0
0x64b3a9,94.2308%,3,49,52,49,1,2,0
0x757906,94.2308%,3,49,52,49,1,2,0
0x7b45b3,98.5577%,3,205,208,154,2,1,51
0x63a472,62.5%,3,5,8,4,2,1,1
0x76fdef,25%,3,1,4,1,1,2,0
0x7b449e,94.2308%,3,49,52,49,1,2,0
0x63bdb4,99.9712%,3,10397,10400,0,0,3,10397
0x66f8d6,78.5714%,3,11,14,0,0,3,11
0x644f8f,94.2308%,3,49,52,49,1,2,0
0x7578c6,94.2308%,3,49,52,49,1,2,0
0x67b3d4,62.5%,3,5,8,5,1,2,0
0x9e0957,99.6%,3,747,750,0,2,1,747
0x5f5e1c,25%,3,1,4,1,1,2,0
0x429b65,96.875%,3,93,96,93,1,2,0
0x95a779,94.2308%,3,49,52,49,1,2,0
0x632525,92.5%,3,37,40,37,1,2,0
0x7b2fc8,92.8571%,3,39,42,0,1,2,39
0x646f0f,94.2308%,3,49,52,49,1,2,0
0x643e42,99.8846%,3,2597,2600,0,0,3,2597
0x647078,99.8846%,3,2597,2600,0,0,3,2597
0x429e1d,94.6429%,3,53,56,46,2,1,7
0x9e1618,62.5%,3,5,8,0,0,3,5
0x645b5d,94.2308%,3,49,52,49,1,2,0
0x5f5592,96.0526%,3,73,76,0,0,3,73
0x644242,99.9712%,3,10397,10400,7799,1,2,2598
0x651388,96.25%,3,77,80,77,1,2,0
0x64eb66,90.625%,3,29,32,0,0,3,29
0x6311fd,94.2308%,3,49,52,49,1,2,0
0x7b0be1,94.2308%,3,49,52,49,1,2,0
0x646488,99.8846%,3,2597,2600,0,0,3,2597
0x590a6c,90.625%,3,29,32,23,1,2,6
0x7733a2,94.2308%,3,49,52,0,0,3,49
0x6461ef,94.2308%,3,49,52,49,1,2,0
0x66a252,62.5%,3,5,8,5,1,2,0
0x959e22,94.2308%,3,49,52,0,0,3,49
0x76fe46,25%,3,1,4,1,3,0,0
0x7b3813,97.1154%,3,101,104,49,3,0,52
0x5efae7,25%,3,1,4,0,2,1,1
0x76f7c9,50%,3,3,6,0,0,3,3
0x429901,99.7763%,3,1338,1341,1338,3,0,0
0x76f4d2,62.5%,3,5,8,5,3,0,0
0x7ede1a,94.2308%,3,49,52,49,1,2,0
0x67b1fd,62.5%,3,5,8,5,3,0,0
0x5f7430,99.7076%,3,1023,1026,0,0,3,1023
0x7724fd,62.5%,3,5,8,2,2,1,3
0x76cc07,96.5909%,3,85,88,41,3,0,44
0x6637c7,94.2308%,3,49,52,49,1,2,0
0x76dadd,93.1818%,3,41,44,0,0,3,41
0x5e6d23,94%,3,47,50,0,0,3,47
0x663a76,97%,3,97,100,97,1,2,0
0x76ddb9,92.8571%,3,39,42,0,0,3,39
0x8c686e,97%,3,97,100,97,3,0,0
0x76ad6d,94.2308%,3,49,52,49,1,2,0
0x641f79,94.2308%,3,49,52,49,1,2,0
0x63167e,62.5%,3,5,8,5,1,2,0
0x7b175f,98.5577%,3,205,208,154,2,1,51
0x647368,99.8846%,3,2597,2600,0,0,3,2597
0x76dfe3,92.8571%,3,39,42,39,1,2,0
0x6636f5,96.25%,3,77,80,77,1,2,0
0x757b46,94.2308%,3,49,52,49,1,2,0
0x75e5f2,93.1818%,3,41,44,0,0,3,41
0x404c15,86.3636%,3,19,22,19,3,0,0
0x777ebd,98.5577%,3,205,208,199,1,2,6
0x6403e9,62.5%,3,5,8,5,1,2,0
0x760f29,50%,3,3,6,3,1,2,0
0x8c63b3,99.25%,3,397,400,299,1,2,98
0x666042,94.2308%,3,49,52,49,1,2,0
0x5fcd11,96.5909%,3,85,88,85,3,0,0
0x6f4d1a,98.5577%,3,205,208,155,1,2,50
0x8c6578,99.88%,3,2497,2500,2497,3,0,0
0x665d00,94.2308%,3,49,52,49,3,0,0
0x608907,93.1818%,3,41,44,41,1,2,0
0x75d368,92.8571%,3,39,42,0,0,3,39
0x67b854,62.5%,3,5,8,5,1,2,0
0x665a63,94.2308%,3,49,52,0,0,3,49
0x6550ec,99.9691%,3,9691,9694,0,0,3,9691
0x608b58,98.2955%,3,173,176,0,0,3,173
0xa0f956,99.1071%,3,333,336,0,0,3,333
0x64fb8d,96.25%,3,77,80,77,1,2,0
0x67b838,62.5%,3,5,8,0,0,3,5
0x5e97d8,94.4444%,3,51,54,51,1,2,0
0x404893,50%,3,3,6,0,0,3,3
0x687905,25%,3,1,4,0,2,1,1
0x76ee7c,57.1429%,3,4,7,3,2,1,1
0x667b6f,98.5577%,3,205,208,155,1,2,50
0x42a93e,92.1053%,3,35,38,35,3,0,0
0x669c32,92.8571%,3,39,42,39,3,0,0
0x6434fd,94.2308%,3,49,52,49,1,2,0
0x76f3f3,78.5714%,3,11,14,0,0,3,11
0x76e8c2,57.1429%,3,4,7,1,0,3,3
0x76f40c,78.5714%,3,11,14,0,0,3,11
0x4031aa,88.4615%,3,23,26,18,2,1,5
0x8bf04e,94.2308%,3,49,52,49,1,2,0
0x64b6c4,96.25%,3,77,80,77,1,2,0
0x40313e,88.4615%,3,23,26,23,3,0,0
0x66a323,94.2308%,3,49,52,49,1,2,0
0x6592f2,98.5577%,3,205,208,156,0,3,49
0x76e68c,57.1429%,3,4,7,3,2,1,1
0x64a972,99.9712%,3,10397,10400,7798,2,1,2599
0x76e336,98.125%,3,157,160,0,0,3,157
0x8bef44,98.5577%,3,205,208,205,3,0,0
0x643aef,94.2308%,3,49,52,49,1,2,0
0x949f8a,62.5%,3,5,8,5,3,0,0
0x89fe46,62.5%,3,5,8,0,0,3,5
0x5e889f,76.9231%,3,10,13,7,1,2,3
0x757866,94.2308%,3,49,52,49,1,2,0
0x66f953,94.6429%,3,53,56,41,1,2,12
0x67b6d4,62.5%,3,5,8,4,2,1,1
0x645328,99.9278%,3,4150,4153,4150,3,0,0
0x89fc2f,95.3125%,3,61,64,61,3,0,0
0x76f6b9,78.5714%,3,11,14,11,2,1,0
0x67b644,62.5%,3,5,8,5,1,2,0
0x75f976,83.3333%,3,15,18,15,1,2,0
0x67a0c5,62.5%,3,5,8,4,2,1,1
0x7aa422,94%,3,47,50,0,0,3,47
0x7aa68d,94.2308%,3,49,52,49,1,2,0
0x66748f,94.2308%,3,49,52,49,1,2,0
0x616bf9,92.1053%,3,35,38,35,1,2,0
0x66e2d2,62.5%,3,5,8,4,2,1,1
0x67a915,62.5%,3,5,8,5,1,2,0
0x616b55,92.1053%,3,35,38,35,1,2,0
0x616af5,92.1053%,3,35,38,35,1,2,0
0x65fbd2,98.2759%,3,171,174,171,3,0,0
0x666363,94.2308%,3,49,52,0,0,3,49
0x7e67ad,94.2308%,3,49,52,49,1,2,0
0x65e99c,99.9712%,3,10397,10400,7798,2,1,2599
0x8c17a4,62.5%,3,5,8,0,2,1,5
0x65e5c3,99.8846%,3,2597,2600,2497,3,0,100
0x6467cf,94.2308%,3,49,52,49,1,2,0
0x5f6cd4,99.7076%,3,1023,1026,988,0,3,35
0x65e499,99.8846%,3,2597,2600,2497,3,0,100
0x66b392,94.2308%,3,49,52,49,1,2,0
0x647202,94.2308%,3,49,52,49,1,2,0
0x64c268,96.25%,3,77,80,77,1,2,0
0x65780d,98.5577%,3,205,208,154,2,1,51
0x605cbf,86.3636%,3,19,22,0,0,3,19
0x6575cd,94.2308%,3,49,52,49,1,2,0
0x64b410,62.5%,3,5,8,5,1,2,0
0x6316be,62.5%,3,5,8,5,1,2,0
0x66a79c,94.2308%,3,49,52,0,0,3,49
0x64b9a5,62.5%,3,5,8,5,1,2,0
0x682223,94.2308%,3,49,52,49,1,2,0
0x5982ec,97.1154%,3,101,104,0,0,3,101
0x9f5ecb,97.5806%,3,121,124,121,3,0,0
0x616f46,94.2308%,3,49,52,49,1,2,0
0x616e53,94.2308%,3,49,52,0,0,3,49
0x652c4a,99.9381%,3,4844,4847,0,0,3,4844
0x64e74c,99.9632%,3,8157,8160,0,0,3,8157
0x9f7d17,99.8531%,3,2039,2042,2039,3,0,0
0x5ea1be,94.2308%,3,49,52,49,1,2,0
0x7e7281,50%,3,3,6,2,2,1,1
0x7658e2,97.1154%,3,101,104,0,0,3,101
0x774739,94.2308%,3,49,52,49,1,2,0
0x65cd13,94.2308%,3,49,52,0,0,3,49
0x7e72ec,94.2308%,3,49,52,0,0,3,49
0x7b1773,94.2308%,3,49,52,49,1,2,0
0x7e737c,94.2308%,3,49,52,49,1,2,0
0x67a5de,62.5%,3,5,8,5,1,2,0
0x65cea3,99.8846%,3,2597,2600,2547,1,2,50
0x8bfadf,62.5%,3,5,8,5,1,2,0
0x926b18,62.5%,3,5,8,0,1,2,5
0x7733c5,94.2308%,3,49,52,0,0,3,49
0x596e8a,98.1481%,3,159,162,0,0,3,159
0x669ed4,94.2308%,3,49,52,49,1,2,0
0x641dbb,94.2308%,3,49,52,49,1,2,0
0x5ed051,94.2308%,3,49,52,49,1,2,0
0x7cca1f,50%,3,3,6,0,2,1,3
0x681fd1,25%,3,1,4,0,0,3,1
0x8bf28e,97%,3,97,100,97,1,2,0
0x9f5dda,88.4615%,3,23,26,0,0,3,23
0x7e88b4,94.2308%,3,49,52,49,1,2,0
0x67a56c,62.5%,3,5,8,5,3,0,0
0x6597bc,94.2308%,3,49,52,0,0,3,49
0x632de2,99.9968%,3,93597,93600,70197,3,0,23400
0x5acaf2,25%,3,1,4,1,3,0,0
0x762225,93.1818%,3,41,44,41,3,0,0
0x76cf19,94.2308%,3,49,52,49,1,2,0
0x64fb25,96.25%,3,77,80,77,1,2,0
0x6489d9,62.5%,3,5,8,5,1,2,0
0x75ebd1,92.8571%,3,39,42,39,1,2,0
0x65d166,99.9712%,3,10397,10400,7799,1,2,2598
0x681c27,94.2308%,3,49,52,49,1,2,0
0x65d0a2,94.2308%,3,49,52,49,1,2,0
0x763464,94.2308%,3,49,52,49,1,2,0
0x761a75,83.3333%,3,15,18,15,1,2,0
0x6597e0,94.2308%,3,49,52,49,1,2,0
0x631535,94.2308%,3,49,52,49,1,2,0
0x95a542,94.2308%,3,49,52,49,1,2,0
0xa783c4,99.8706%,3,2316,2319,0,0,3,2316
0x8c137f,97%,3,97,100,0,0,3,97
0x659940,94.2308%,3,49,52,49,1,2,0
0x4073d7,91.6667%,3,33,36,33,3,0,0
0x7e7bda,94.2308%,3,49,52,49,1,2,0
0x772f72,94.2308%,3,49,52,0,0,3,49
0x762a6c,92.1053%,3,35,38,3,3,0,32
0x655488,99.9778%,3,13512,13515,0,0,3,13512
0x642fd2,99.8846%,3,2597,2600,0,0,3,2597
0x76b642,93.1818%,3,41,44,0,0,3,41
0x7e8220,94.2308%,3,49,52,49,1,2,0
0x762b3c,92.8571%,3,39,42,39,1,2,0
0x639ee8,62.5%,3,5,8,5,1,2,0
0x8a88fe,70%,3,7,10,0,0,3,7
0x95aa08,94.2308%,3,49,52,49,1,2,0
0x66f252,62.5%,3,5,8,3,3,0,2
0xa7a716,98.8327%,3,254,257,0,0,3,254
0x5f0970,92.5%,3,37,40,0,0,3,37
0x95a824,94.2308%,3,49,52,49,1,2,0
0x75ccb5,94.2308%,3,49,52,49,1,2,0
0x7e8467,94.2308%,3,49,52,49,1,2,0
0x618f04,99.9566%,3,6913,6916,0,0,3,6913
0x66733f,94.2308%,3,49,52,49,1,2,0
0x66e8cc,97%,3,97,100,0,0,3,97
0x9e1cd6,98.5577%,3,205,208,199,1,2,6
0x64c80d,96.25%,3,77,80,77,1,2,0
0x7aaa15,94.2308%,3,49,52,49,1,2,0
0x76332c,97.619%,3,123,126,0,0,3,123
0x7633cc,92.8571%,3,39,42,39,1,2,0
0x648e6f,94.6429%,3,53,56,42,0,3,11
0x8bea2c,25%,3,1,4,0,2,1,1
0x65b0c1,62.5%,3,5,8,5,1,2,0
0x766f66,90.625%,3,29,32,0,0,3,29
0x632e06,83.3333%,3,15,18,15,1,2,0
0x63c796,98.8327%,3,254,257,0,0,3,254
0x75f5fe,50%,3,3,6,2,2,1,1
0x64cfb8,96.25%,3,77,80,77,1,2,0
0x5fcc28,96.5909%,3,85,88,73,1,2,12
0x778df6,90.625%,3,29,32,23,1,2,6
0x765016,97.1154%,3,101,104,0,0,3,101
0x926f59,94%,3,47,50,0,0,3,47
0x6e6b6e,94.2308%,3,49,52,49,1,2,0
0x6537b2,98.5577%,3,205,208,156,0,3,49
0x773cb0,94.2308%,3,49,52,0,0,3,49
0x75f91b,83.3333%,3,15,18,15,3,0,0
0x653352,94.2308%,3,49,52,0,0,3,49
0x5d2865,99.8851%,3,2609,2612,45,1,2,2564
0x642e98,94.2308%,3,49,52,49,1,2,0
0x593dfe,98.5577%,3,205,208,205,3,0,0
0x617eff,99.9241%,3,3949,3952,0,0,3,3949
0xa2e8e0,99.992%,3,37686,37689,0,0,3,37686
0x64b941,99.25%,3,397,400,136,3,0,261
0xa31c0d,99.993%,3,42565,42568,42565,3,0,0
0x66a2fc,94.2308%,3,49,52,0,0,3,49
0x7cc018,94.2308%,3,49,52,0,0,3,49
0x76fc9f,94.2308%,3,49,52,49,1,2,0
0x8bfbbd,97%,3,97,100,0,0,3,97
0x9fb58a,98.8506%,3,258,261,258,3,0,0
0x6d92f5,81.25%,3,13,16,12,0,3,1
0x659890,94.2308%,3,49,52,49,1,2,0
0x75d4b1,98.6364%,3,217,220,0,0,3,217
0x652b8c,99.9359%,3,4677,4680,0,0,3,4677
0x659c20,62.5%,3,5,8,5,1,2,0
0x6418ad,62.5%,3,5,8,5,1,2,0
0x9fb719,98.8417%,3,256,259,256,3,0,0
0x402806,83.3333%,3,15,18,0,0,3,15
0xa769d2,99.9859%,3,21275,21278,0,0,3,21275
0x63521e,96.25%,3,77,80,77,1,2,0
0x76e6aa,57.1429%,3,4,7,3,3,0,1
0x64a712,97%,3,97,100,97,3,0,0
0x63e33f,62.5%,3,5,8,0,0,3,5
0x76d572,94.2308%,3,49,52,49,1,2,0
0x66fdda,98.5577%,3,205,208,200,0,3,5
0x67abc4,62.5%,3,5,8,5,1,2,0
0x761c9b,83.3333%,3,15,18,15,1,2,0
0x76e731,57.1429%,3,4,7,4,3,0,0
0x64c026,99.9344%,3,4568,4571,4568,3,0,0
0x65a44c,62.5%,3,5,8,5,1,2,0
0x6366a6,99.9222%,3,3852,3855,0,0,3,3852
0x66b49a,83.3333%,3,15,18,15,1,2,0
0x7e7faf,94.2308%,3,49,52,0,0,3,49
0x66b382,98.5577%,3,205,208,153,3,0,52
0xa7692a,99.9937%,3,47675,47678,0,0,3,47675
0xa76e1a,99.9859%,3,21273,21276,0,0,3,21273
0x64ee13,90.625%,3,29,32,22,2,1,7
0x616a36,92.1053%,3,35,38,35,1,2,0
0x959e05,94.2308%,3,49,52,49,1,2,0
0x41cc01,95.3125%,3,61,64,0,0,3,61
0x65289f,99.9982%,3,165561,165564,140955,0,3,24606
0x7cd092,94.2308%,3,49,52,49,1,2,0
0x65e578,99.8846%,3,2597,2600,0,0,3,2597
0x65af81,62.5%,3,5,8,5,1,2,0
0x66ea92,62.5%,3,5,8,5,1,2,0
0x63936d,97%,3,97,100,97,1,2,0
0x765942,99.0385%,3,309,312,207,1,2,102
0xa243fb,99.9876%,3,24203,24206,0,0,3,24203
0x927295,66.6667%,3,6,9,6,3,0,0
0x638010,99.9551%,3,6679,6682,6679,3,0,0
0x613d7e,93.75%,3,45,48,22,2,1,23
0x429987,98.324%,3,176,179,175,2,1,1
0x8bfe87,99.8846%,3,2597,2600,0,0,3,2597
0x76a5f9,94.2308%,3,49,52,49,1,2,0
0x66aa12,62.5%,3,5,8,5,1,2,0
0x645cd5,94.2308%,3,49,52,49,1,2,0
0x667111,94.2308%,3,49,52,49,1,2,0
0x658651,96.7033%,3,88,91,88,1,2,0
0x67a15b,62.5%,3,5,8,5,1,2,0
0x63a78a,62.5%,3,5,8,5,1,2,0
0x659bbe,94.2308%,3,49,52,49,1,2,0
0x5f42ab,89.2857%,3,25,28,3,3,0,22
0x66a3d3,94.2308%,3,49,52,49,1,2,0
0x778465,62.5%,3,5,8,0,0,3,5
0x774193,94.2308%,3,49,52,0,0,3,49
0x66ea12,62.5%,3,5,8,5,1,2,0
0x67a53c,62.5%,3,5,8,5,3,0,0
0x63ac4d,62.5%,3,5,8,5,1,2,0
0x66e96c,97%,3,97,100,0,0,3,97
0x66b12c,94.2308%,3,49,52,0,0,3,49
0x65084e,96.25%,3,77,80,77,1,2,0
0x7662ec,75%,3,9,12,9,3,0,0
0x66afc3,94.2308%,3,49,52,49,1,2,0
0x7579a3,94.2308%,3,49,52,0,0,3,49
0x5e9766,94.4444%,3,51,54,0,0,3,51
0x774962,94.2308%,3,49,52,49,1,2,0
0x7cf3c3,94%,3,47,50,47,1,2,0
0x8c095f,98.9655%,3,287,290,0,0,3,287
0x778679,98.125%,3,157,160,0,0,3,157
0x756ba9,94.2308%,3,49,52,49,1,2,0
0x9fb69e,98.8417%,3,256,259,256,3,0,0
0x6407b9,62.5%,3,5,8,5,1,2,0
0x7cf0dc,94.2308%,3,49,52,49,1,2,0
0x763588,93.1818%,3,41,44,41,1,2,0
0x7cf053,94.2308%,3,49,52,0,0,3,49
0x621084,99.9241%,3,3949,3952,0,0,3,3949
0xa2bc10,25%,3,1,4,0,0,3,1
0x4ba168,25%,3,1,4,0,2,1,1
0x59806b,97.7941%,3,133,136,0,0,3,133
0x6da657,62.5%,3,5,8,5,1,2,0
0x7b03af,94.2308%,3,49,52,49,1,2,0
0xa230d3,99.2683%,3,407,410,34,0,3,373
0x645e9a,99.9259%,3,4043,4046,4043,3,0,0
0x62115f,98.5577%,3,205,208,200,0,3,5
0x42a9fa,78.5714%,3,11,14,11,3,0,0
0x621846,75%,3,9,12,9,3,0,0
0x6da38d,81.25%,3,13,16,2,2,1,11
0x7cdbdc,94.2308%,3,49,52,49,1,2,0
0x76f24b,57.1429%,3,4,7,0,1,2,4
0x7cc629,94.2308%,3,49,52,0,0,3,49
0x663d89,99.8846%,3,2597,2600,2597,1,2,0
0x7cc409,94.2308%,3,49,52,49,1,2,0
0x5f3f2b,85.7143%,3,18,21,0,0,3,18
0x92c592,99.8846%,3,2597,2600,0,0,3,2597
0x5eced9,97.1154%,3,101,104,50,2,1,51
0x6678eb,94.2308%,3,49,52,49,1,2,0
0x614e4c,99.9566%,3,6913,6916,6650,0,3,263
0x92c1c5,94.2308%,3,49,52,0,0,3,49
0x67af54,62.5%,3,5,8,5,1,2,0
0x66a543,94.2308%,3,49,52,49,1,2,0
0x5eca81,94.2308%,3,49,52,49,1,2,0
0x6361ae,62.5%,3,5,8,5,1,2,0
0x6476a2,97%,3,97,100,97,1,2,0
0x92b195,99.8846%,3,2597,2600,2547,1,2,50
0x67a4eb,99.75%,3,1197,1200,1197,1,2,0
0x8c38d0,99.5%,3,597,600,499,1,2,98
0x5f55e4,25%,3,1,4,1,1,2,0
0x926db2,81.25%,3,13,16,7,1,2,6
0x9e0d07,91.1765%,3,31,34,0,0,3,31
0xa79040,99.7778%,3,1347,1350,0,0,3,1347
0x75d919,93.1818%,3,41,44,41,1,2,0
0xa22393,99.9876%,3,24211,24214,0,0,3,24211
0x8c4f78,99.4%,3,497,500,398,2,1,99
0x659162,98.5577%,3,205,208,155,1,2,50
0x634add,99.8846%,3,2597,2600,2547,1,2,50
0x634ad1,99.9712%,3,10397,10400,7797,3,0,2600
0x634a71,99.9712%,3,10397,10400,7797,3,0,2600
0x6416ce,62.5%,3,5,8,5,1,2,0
0x8c0392,97%,3,97,100,97,1,2,0
0x7cbae8,94.2308%,3,49,52,49,1,2,0
0x6457b4,99.9712%,3,10397,10400,10397,3,0,0
0x6470cf,94.2308%,3,49,52,49,1,2,0
0x659170,94.2308%,3,49,52,49,1,2,0
0x763005,92.8571%,3,39,42,39,1,2,0
0x633f6e,62.5%,3,5,8,5,1,2,0
0x757818,94.2308%,3,49,52,49,1,2,0
0x5f3473,99.8482%,3,1973,1976,1973,3,0,0
0x774a41,94.2308%,3,49,52,49,1,2,0
0x650464,94.2308%,3,49,52,49,1,2,0
0x8c0322,97%,3,97,100,0,0,3,97
0x8bff23,99.9259%,3,4043,4046,4043,3,0,0
0x75e074,78.5714%,3,11,14,11,1,2,0
0x685b2b,62.5%,3,5,8,5,1,2,0
0x66601b,62.5%,3,5,8,5,1,2,0
0x8c02cc,97%,3,97,100,97,1,2,0
0x63185d,94.2308%,3,49,52,49,1,2,0
0x7d06a7,94.2308%,3,49,52,49,1,2,0
0x653b82,98.5577%,3,205,208,156,0,3,49
0x5f61f7,96.0526%,3,73,76,73,3,0,0
0x5a8e45,90%,3,27,30,27,3,0,0
0x9f99ff,81.25%,3,13,16,1,3,0,12
0x927252,66.6667%,3,6,9,1,0,3,5
0x633911,99.0625%,3,317,320,240,0,3,77
0x5a8f4d,97.7612%,3,131,134,131,3,0,0
0x66edf6,94.2308%,3,49,52,49,1,2,0
0x7bdb5f,92.5%,3,37,40,29,1,2,8
0x66f7f2,62.5%,3,5,8,5,1,2,0
0x9f8117,98.4293%,3,188,191,0,0,3,188
0x76d5ae,94.2308%,3,49,52,49,1,2,0
0xa24399,99.4059%,3,502,505,502,3,0,0
0x7657d4,97.1154%,3,101,104,101,3,0,0
0xa7a650,99.4208%,3,515,518,260,1,2,255
0x5fc9ed,96.5909%,3,85,88,65,1,2,20
0x6383b5,98.8327%,3,254,257,0,0,3,254
0x5f4078,84.2105%,3,16,19,15,0,3,1
0x66f964,78.5714%,3,11,14,0,0,3,11
0x7cf3b7,98.5%,3,197,200,150,0,3,47
0x7cda33,94.2308%,3,49,52,0,0,3,49
0x76af62,50%,3,3,6,2,2,1,1
0x5f3b26,25%,3,1,4,1,1,2,0
0x665b52,94.2308%,3,49,52,49,1,2,0
0x67b044,62.5%,3,5,8,5,1,2,0
0x67add4,62.5%,3,5,8,5,1,2,0
0xa308c3,99.9597%,3,7433,7436,7433,3,0,0
0x949fa0,62.5%,3,5,8,5,3,0,0
0x75d6a8,62.5%,3,5,8,5,3,0,0
0x65a8cc,99.0625%,3,317,320,317,3,0,0
0x67aa85,62.5%,3,5,8,5,1,2,0
0x7b27c2,94.2308%,3,49,52,49,1,2,0
0x65ae1c,62.5%,3,5,8,5,3,0,0
0x5958c5,92.8571%,3,39,42,39,3,0,0
0x774b50,94.2308%,3,49,52,49,1,2,0
0x6314f3,94.2308%,3,49,52,49,1,2,0
0x75d3ec,92.8571%,3,39,42,39,1,2,0
0x643c85,99.9712%,3,10397,10400,10397,3,0,0
0x766dfb,90.625%,3,29,32,0,0,3,29
0x5f1d28,98.9474%,3,282,285,0,1,2,282
0x429fc9,97.8571%,3,137,140,137,3,0,0
0x65af11,62.5%,3,5,8,5,1,2,0
0x63ad05,62.5%,3,5,8,5,1,2,0
0x75c687,90%,3,27,30,27,3,0,0
0x63956d,98.7013%,3,228,231,228,3,0,0
0x66e993,97%,3,97,100,97,1,2,0
0x6429a3,99.8846%,3,2597,2600,0,0,3,2597
0x67a085,62.5%,3,5,8,5,1,2,0
0x667a43,98.5577%,3,205,208,205,3,0,0
0x618da4,99.9566%,3,6913,6916,0,0,3,6913
0x76203c,90.625%,3,29,32,0,0,3,29
0x76bb9b,92.8571%,3,39,42,0,0,3,39
0x6f4d2e,94.2308%,3,49,52,49,1,2,0
0x5ea8ae,94.2308%,3,49,52,49,1,2,0
0x773bb1,94.2308%,3,49,52,49,1,2,0
0x75d764,62.5%,3,5,8,5,1,2,0
0x642997,94.2308%,3,49,52,0,0,3,49
0x5f3f8a,81.25%,3,13,16,13,3,0,0
0x6593b4,94.2308%,3,49,52,49,1,2,0
0x606113,25%,3,1,4,1,3,0,0
0x63cfc4,98.8327%,3,254,257,254,2,1,0
0x7aad3d,94.2308%,3,49,52,49,1,2,0
0x6535b0,98.5577%,3,205,208,154,2,1,51
0x76140d,92.8571%,3,39,42,39,1,2,0
0x7aa121,94.4444%,3,51,54,51,1,2,0
0x75928d,94.2308%,3,49,52,0,0,3,49
0xa233c6,99.4403%,3,533,536,248,3,0,285
0x959e75,94.2308%,3,49,52,49,1,2,0
0x67a963,62.5%,3,5,8,5,1,2,0
0x64fcbd,96.25%,3,77,80,77,1,2,0
0x640339,62.5%,3,5,8,5,1,2,0
0x645c06,99.9712%,3,10397,10400,7799,1,2,2598
0x64df65,97%,3,97,100,97,1,2,0
0x773318,94.2308%,3,49,52,49,1,2,0
0x66ecb5,94.2308%,3,49,52,0,0,3,49
0x616fcb,94.2308%,3,49,52,49,1,2,0
0x7749b2,94.2308%,3,49,52,0,0,3,49
0x76776a,94.2308%,3,49,52,49,1,2,0
0x64406d,99.9712%,3,10397,10400,7799,1,2,2598
0x63cc54,98.8327%,3,254,257,0,0,3,254
0x63439d,99.8846%,3,2597,2600,2547,1,2,50
0x6448df,94.2308%,3,49,52,49,1,2,0
0x63819e,99.9102%,3,3338,3341,3083,1,2,255
0x5da61e,98.5%,3,197,200,150,0,3,47
0x66f792,62.5%,3,5,8,5,1,2,0
0x7aa1e9,94.2308%,3,49,52,49,1,2,0
0x67a98a,62.5%,3,5,8,5,1,2,0
0x63cf02,62.5%,3,5,8,0,0,3,5
0x643dd5,94.2308%,3,49,52,49,3,0,0
0x7aaeef,94.4444%,3,51,54,51,1,2,0
0x5ed215,94.2308%,3,49,52,49,1,2,0
0x6401c9,62.5%,3,5,8,5,1,2,0
0x640e79,62.5%,3,5,8,5,1,2,0
0x66f172,99.6652%,3,893,896,671,1,2,222
0x7cc719,94.2308%,3,49,52,49,1,2,0
0x63c8a2,99.8054%,3,1539,1542,1285,0,3,254
0x64d5b3,62.5%,3,5,8,5,1,2,0
0x66e212,62.5%,3,5,8,5,1,2,0
0x773852,94.2308%,3,49,52,0,0,3,49
0x66f9e6,94.6429%,3,53,56,41,1,2,12
0x66fdc2,99.2788%,3,413,416,208,0,3,205
0x429fd3,98.8462%,3,257,260,257,3,0,0
0x618c87,99.9566%,3,6913,6916,6913,3,0,0
0x64152c,62.5%,3,5,8,3,3,0,2
0x66385e,90.625%,3,29,32,29,1,2,0
0x7b3423,98.5577%,3,205,208,155,1,2,50
0x651438,62.5%,3,5,8,5,1,2,0
0x77415b,94.2308%,3,49,52,49,1,2,0
0x66e4b2,62.5%,3,5,8,5,1,2,0
0x5f4c1c,25%,3,1,4,0,2,1,1
0x66f2b2,62.5%,3,5,8,5,1,2,0
0x7b2208,94.2308%,3,49,52,49,1,2,0
0x66f1f2,62.5%,3,5,8,5,1,2,0
0x404aa0,86.3636%,3,19,22,4,2,1,15
0x665d79,94.2308%,3,49,52,49,1,2,0
0x66afb3,98.5577%,3,205,208,156,0,3,49
0x65aa2c,99.2347%,3,389,392,389,3,0,0
0x595989,92.8571%,3,39,42,39,3,0,0
0x75d5ba,70%,3,7,10,7,1,2,0
0x652564,99.9888%,3,26844,26847,0,0,3,26844
0x634a1d,94.2308%,3,49,52,49,1,2,0
0x755dfd,98.5577%,3,205,208,0,0,3,205
0x66edd3,99.9712%,3,10397,10400,7799,1,2,2598
0x64c5d2,99.925%,3,3997,4000,3997,3,0,0
0x596f32,98.0769%,3,153,156,0,0,3,153
0x9fb4e8,98.8506%,3,258,261,2,2,1,256
0x639e28,62.5%,3,5,8,5,1,2,0
0x63c977,98.8327%,3,254,257,0,0,3,254
0x63fb39,62.5%,3,5,8,5,1,2,0
0x63a17a,62.5%,3,5,8,5,1,2,0
0x634341,98.5577%,3,205,208,153,3,0,52
0x7aa1b5,94.2308%,3,49,52,49,1,2,0
0x66b152,94.2308%,3,49,52,49,1,2,0
0x6417b4,62.5%,3,5,8,5,1,2,0
0x7a993d,97%,3,97,100,0,0,3,97
0x63a8f0,62.5%,3,5,8,5,1,2,0
0x67ad2e,62.5%,3,5,8,5,3,0,0
0xa77e4e,99.6491%,3,852,855,0,0,3,852
0xa90f18,98.4536%,3,191,194,191,3,0,0
0x639c46,97%,3,97,100,97,1,2,0
0x66f312,62.5%,3,5,8,4,2,1,1
0x5ed419,94.2308%,3,49,52,49,3,0,0
0x64c97a,99.25%,3,397,400,0,0,3,397
0x7edc9e,94.2308%,3,49,52,49,1,2,0
0x5f2f12,97.1154%,3,101,104,50,2,1,51
0x5997d9,90.625%,3,29,32,7,1,2,22
0x5f3712,85%,3,17,20,0,0,3,17
0x76f560,78.5714%,3,11,14,11,3,0,0
0x670032,99.2788%,3,413,416,206,2,1,207
0x5f42de,80%,3,12,15,0,0,3,12
0x95a262,94.2308%,3,49,52,49,1,2,0
0x757c06,94.2308%,3,49,52,49,1,2,0
0x59851d,97.1154%,3,101,104,0,0,3,101
0x614ade,99.9566%,3,6913,6916,6913,3,0,0
0x75ddd5,78.5714%,3,11,14,0,0,3,11
0x598ca7,75%,3,9,12,8,2,1,1
0x7b32a1,94.2308%,3,49,52,49,1,2,0
0x773941,94.2308%,3,49,52,49,1,2,0
0x63d788,99.9712%,3,10397,10400,10397,3,0,0
0x5e78f3,75%,3,9,12,0,3,0,9
0x67a6ab,99.75%,3,1197,1200,1197,1,2,0
0x641c3f,94.2308%,3,49,52,49,1,2,0
0x760e9f,92.8571%,3,39,42,39,1,2,0
0x639c14,98.8327%,3,254,257,0,1,2,254
0x614c6d,99.9566%,3,6913,6916,0,0,3,6913
0x67ad85,62.5%,3,5,8,5,1,2,0
0x648747,62.5%,3,5,8,5,1,2,0
0x96115f,98.7421%,2,157,159,0,0,2,157
0x6662e6,96.1538%,2,50,52,50,0,2,0
0x659466,99.0385%,2,206,208,155,1,1,51
0x630ec4,0%,2,0,2,0,0,2,0
0x92a286,98.7421%,2,157,159,0,0,2,157
0x67a07d,75%,2,6,8,6,2,0,0
0x5e9e52,98.0769%,2,102,104,102,2,0,0
0x633239,96.1538%,2,50,52,50,0,2,0
0x65e02b,99.9808%,2,10398,10400,7798,2,0,2600
0x64d674,0%,2,0,2,0,0,2,0
0x65a72e,50%,2,2,4,2,2,0,0
0x7bd584,95%,2,38,40,30,0,2,8
0x7b04cf,0%,2,0,2,0,0,2,0
0x65aeaa,0%,2,0,2,0,0,2,0
0x761f54,66.6667%,2,4,6,0,0,2,4
0x6354a2,0%,2,0,2,0,0,2,0
0x7d0001,0%,2,0,2,0,0,2,0
0x7cb493,0%,2,0,2,0,2,0,0
0x7729c1,0%,2,0,2,0,0,2,0
0x6341ba,0%,2,0,2,0,0,2,0
0xa0ec03,95%,2,38,40,0,0,2,38
0x8c3ca1,98%,2,98,100,0,0,2,98
0x5ac453,0%,2,0,2,0,0,2,0
0x640719,75%,2,6,8,5,1,1,1
0x63c86f,99.2218%,2,255,257,161,0,2,94
0x765add,98.0769%,2,102,104,102,2,0,0
0x635c1e,75%,2,6,8,6,0,2,0
0xa78410,99.8037%,2,1017,1019,1017,0,2,0
0x7b1013,96.1538%,2,50,52,0,0,2,50
0x607dda,0%,2,0,2,0,0,2,0
0x63434d,96.1538%,2,50,52,50,0,2,0
0x769ef9,0%,2,0,2,0,2,0,0
0x66eb12,75%,2,6,8,5,1,1,1
0x6332a9,96.1538%,2,50,52,50,0,2,0
0x5f69d8,97.3684%,2,74,76,36,2,0,38
0x7d0014,0%,2,0,2,0,2,0,0
0xa246dc,99.6974%,2,659,661,0,0,2,659
0x7cb631,0%,2,0,2,0,0,2,0
0x92b08b,98%,2,98,100,98,2,0,0
0x7cb6a4,0%,2,0,2,0,0,2,0
0x926cf2,75%,2,6,8,0,0,2,6
0x633574,0%,2,0,2,0,0,2,0
0x657de5,96.1538%,2,50,52,0,0,2,50
0x6313cc,0%,2,0,2,0,0,2,0
0x6336cd,0%,2,0,2,0,0,2,0
0x6d9121,87.5%,2,14,16,0,0,2,14
0x9e1530,97.9167%,2,94,96,94,2,0,0
0xa3a134,50%,2,2,4,2,1,1,0
0x633660,0%,2,0,2,0,0,2,0
0x76cd70,50%,2,2,4,0,2,0,2
0x64883f,75%,2,6,8,6,0,2,0
0x7e80c9,96.1538%,2,50,52,50,2,0,0
0x75c3dc,95.4545%,2,42,44,42,0,2,0
0x66e627,97.5%,2,78,80,78,0,2,0
0x6334fb,0%,2,0,2,0,0,2,0
0x643ef5,0%,2,0,2,0,0,2,0
0x6356f8,0%,2,0,2,0,0,2,0
0x634b5d,80%,2,8,10,8,0,2,0
0x758120,96.1538%,2,50,52,0,0,2,50
0x6039ad,95.4545%,2,42,44,36,0,2,6
0x642d76,96.1538%,2,50,52,50,2,0,0
0x65a057,0%,2,0,2,0,2,0,0
0xa224d8,99.8614%,2,1441,1443,0,0,2,1441
0x8c4ceb,98%,2,98,100,0,0,2,98
0x7cc792,0%,2,0,2,0,0,2,0
0x8c4302,99.9231%,2,2598,2600,0,0,2,2598
0x403ece,66.6667%,2,4,6,4,2,0,0
0x66e8f3,98%,2,98,100,98,0,2,0
0x66fd7f,99.0385%,2,206,208,0,0,2,206
0x66e392,75%,2,6,8,6,0,2,0
0x635724,0%,2,0,2,0,0,2,0
0x619f2c,90.9091%,2,20,22,20,0,2,0
0x63399d,80%,2,8,10,8,0,2,0
0x65d645,0%,2,0,2,0,0,2,0
0xa2424a,99.9909%,2,21891,21893,0,0,2,21891
0x64ce72,97.5%,2,78,80,78,0,2,0
0x603bbf,95.4545%,2,42,44,35,1,1,7
0x632d2e,88.8889%,2,16,18,0,0,2,16
0x64b10c,96.1538%,2,50,52,0,0,2,50
0x6338e1,0%,2,0,2,0,0,2,0
0x76ffec,96.1538%,2,50,52,0,0,2,50
0x7cb76c,0%,2,0,2,0,2,0,0
0xa785dc,99.9708%,2,6853,6855,0,0,2,6853
0x769a7e,50%,2,2,4,0,0,2,2
0x6338da,97.5%,2,78,80,78,0,2,0
0x5fcafb,97.7273%,2,86,88,86,2,0,0
0x633869,0%,2,0,2,0,0,2,0
0xa77e43,99.7661%,2,853,855,0,0,2,853
0x65397a,0%,2,0,2,0,0,2,0
0x404001,66.6667%,2,4,6,4,2,0,0
0x647498,99.9231%,2,2598,2600,0,0,2,2598
0x5e9c3f,96.1538%,2,50,52,50,0,2,0
0x633f4e,75%,2,6,8,6,0,2,0
0x7cba04,96.1538%,2,50,52,0,0,2,50
0x633f2d,97.5%,2,78,80,78,0,2,0
0x64c85d,97.5%,2,78,80,78,0,2,0
0x633f21,99.375%,2,318,320,238,2,0,80
0x67a5fc,75%,2,6,8,6,2,0,0
0x765114,0%,2,0,2,0,0,2,0
0x757b76,96.2963%,2,52,54,52,0,2,0
0x76b8a3,95.4545%,2,42,44,0,0,2,42
0x633ef4,0%,2,0,2,0,0,2,0
0x8bf819,0%,2,0,2,0,0,2,0
0x6539dd,96.1538%,2,50,52,50,0,2,0
0x6528bf,99.9886%,2,17523,17525,9694,1,1,7829
0x6da354,50%,2,2,4,1,1,1,1
0x7b1170,96.1538%,2,50,52,50,0,2,0
0x76e86d,66.6667%,2,4,6,4,1,1,0
0x67aad5,75%,2,6,8,5,1,1,1
0x65b684,0%,2,0,2,0,0,2,0
0x8c3a66,99.9333%,2,2998,3000,0,0,2,2998
0x6349ce,0%,2,0,2,0,0,2,0
0x7590f5,98.7179%,2,154,156,154,2,0,0
0x68873c,96.1538%,2,50,52,50,0,2,0
0x770058,96.1538%,2,50,52,50,0,2,0
0x8bf9d1,96.1538%,2,50,52,50,0,2,0
0x65af1a,0%,2,0,2,0,0,2,0
0x66e153,75%,2,6,8,6,0,2,0
0xa24a4d,99.8496%,2,1328,1330,692,2,0,636
0x75ed57,95.4545%,2,42,44,42,2,0,0
0x7b3293,99.0385%,2,206,208,155,1,1,51
0x65d102,96.1538%,2,50,52,0,0,2,50
0x634649,0%,2,0,2,0,0,2,0
0x772a0f,0%,2,0,2,0,0,2,0
0x7ce1a3,96.1538%,2,50,52,0,0,2,50
0x634561,0%,2,0,2,0,0,2,0
0x6392c8,0%,2,0,2,0,0,2,0
0x7726ec,75%,2,6,8,6,0,2,0
0x658922,99.9789%,2,9462,9464,7096,2,0,2366
0x76fe62,75%,2,6,8,6,0,2,0
0x670310,75%,2,6,8,6,0,2,0
0x621587,83.3333%,2,10,12,0,0,2,10
0x6468ff,96.1538%,2,50,52,50,0,2,0
0x6349f8,96.1538%,2,50,52,0,0,2,50
0x8a4b47,0%,2,0,2,0,0,2,0
0x6325df,98.8095%,2,166,168,166,0,2,0
0x63256b,0%,2,0,2,0,0,2,0
0x665b22,96.1538%,2,50,52,50,0,2,0
0x632472,0%,2,0,2,0,0,2,0
0x8c73ec,99.6%,2,498,500,498,0,2,0
0x8c738d,99.6%,2,498,500,498,0,2,0
0x8c71d7,0%,2,0,2,0,0,2,0
0x7738de,96.1538%,2,50,52,50,2,0,0
0x9fb643,99.9701%,2,6688,6690,0,0,2,6688
0x767295,87.5%,2,14,16,0,0,2,14
0x634352,0%,2,0,2,0,0,2,0
0x8beeda,99.0385%,2,206,208,206,2,0,0
0xa7980a,98.8439%,2,171,173,171,2,0,0
0x75c94d,80%,2,8,10,0,0,2,8
0x670202,99.5192%,2,414,416,207,1,1,207
0x639cf6,75%,2,6,8,6,0,2,0
0x75935d,99.0385%,2,206,208,156,0,2,50
0x960e7e,98.7421%,2,157,159,34,0,2,123
0x7cea2e,0%,2,0,2,0,0,2,0
0x66a7c0,96.1538%,2,50,52,50,0,2,0
0xa78048,50%,2,2,4,0,0,2,2
0x7b2f98,96.1538%,2,50,52,0,0,2,50
0x5f40cd,50%,2,2,4,2,2,0,0
0x7cf39b,96%,2,48,50,0,0,2,48
0x66a8b0,96.1538%,2,50,52,50,0,2,0
0xa7841a,0%,2,0,2,0,0,2,0
0x7b0f14,96.1538%,2,50,52,0,0,2,50
0x95af7c,0%,2,0,2,0,2,0,0
0x76a6df,0%,2,0,2,0,2,0,0
0x5ea629,99.0385%,2,206,208,206,2,0,0
0x7ceb9d,0%,2,0,2,0,2,0,0
0x66a6d2,96.1538%,2,50,52,50,0,2,0
0x5f2c13,50%,2,2,4,2,0,2,0
0x7b131e,0%,2,0,2,0,0,2,0
0x66a51c,96.1538%,2,50,52,0,0,2,50
0x66a492,96.1538%,2,50,52,50,0,2,0
0x42aa6d,85.7143%,2,12,14,12,2,0,0
0x927d2e,99.9789%,2,9485,9487,0,0,2,9485
0x757c36,96.1538%,2,50,52,50,0,2,0
0x66a3c3,99.0385%,2,206,208,156,0,2,50
0x7b232e,0%,2,0,2,0,2,0,0
0x7e89be,96.1538%,2,50,52,0,0,2,50
0xa76abd,99.9649%,2,5693,5695,0,0,2,5693
0x66a1e2,75%,2,6,8,6,0,2,0
0x653840,96.1538%,2,50,52,50,0,2,0
0x767156,0%,2,0,2,0,0,2,0
0x6871fa,75%,2,6,8,6,0,2,0
0x644355,96.1538%,2,50,52,50,2,0,0
0x658cb9,0%,2,0,2,0,2,0,0
0x7ce680,0%,2,0,2,0,0,2,0
0x64bac7,0%,2,0,2,0,0,2,0
0x64984e,0%,2,0,2,0,0,2,0
0xa796eb,0%,2,0,2,0,0,2,0
0x64ebad,93.75%,2,30,32,30,2,0,0
0x64b8f6,99.5%,2,398,400,135,2,0,263
0xa3979b,71.4286%,2,5,7,5,2,0,0
0x7bc8c1,0%,2,0,2,0,0,2,0
0x63ee5c,0%,2,0,2,0,0,2,0
0x65067e,0%,2,0,2,0,2,0,0
0x66abe0,96.1538%,2,50,52,50,0,2,0
0x64ddf3,99.95%,2,3998,4000,0,0,2,3998
0x7aa472,96%,2,48,50,48,0,2,0
0x65c91f,99.7543%,2,812,814,0,0,2,812
0x7ccb39,0%,2,0,2,0,2,0,0
0x635e5b,0%,2,0,2,0,0,2,0
0x7597b0,96.1538%,2,50,52,50,0,2,0
0x95ab10,96.1538%,2,50,52,50,0,2,0
0x7ce2f1,0%,2,0,2,0,2,0,0
0x661abc,0%,2,0,2,0,2,0,0
0x774cff,0%,2,0,2,0,2,0,0
0x6312ac,96.1538%,2,50,52,0,0,2,50
0x7ce28b,0%,2,0,2,0,2,0,0
0x64f3b3,75%,2,6,8,0,0,2,6
0x658c5f,0%,2,0,2,0,2,0,0
0x960ea4,98.4%,2,123,125,0,0,2,123
0x642f66,96.1538%,2,50,52,50,2,0,0
0x403109,92.3077%,2,24,26,24,2,0,0
0x7ed6c1,0%,2,0,2,0,0,2,0
0x760398,0%,2,0,2,0,0,2,0
0x65ab2c,99.7768%,2,894,896,894,2,0,0
0xa31c26,99.9953%,2,42566,42568,42566,2,0,0
0x63ed7c,0%,2,0,2,0,0,2,0
0x75940c,99.0385%,2,206,208,156,0,2,50
0x767432,87.5%,2,14,16,0,0,2,14
0x67a8b0,75%,2,6,8,6,2,0,0
0x7cbde9,96.1538%,2,50,52,50,0,2,0
0x6338c1,99.9583%,2,4798,4800,3598,2,0,1200
0x631662,0%,2,0,2,0,0,2,0
0x663a49,99.8333%,2,1198,1200,1198,0,2,0
0x65081a,0%,2,0,2,0,0,2,0
0x6605c1,0%,2,0,2,0,2,0,0
0x7629db,0%,2,0,2,0,0,2,0
0x92739a,71.4286%,2,5,7,5,2,0,0
0x65056e,0%,2,0,2,0,2,0,0
0x631567,99.5726%,2,466,468,0,0,2,466
0x63153a,0%,2,0,2,0,0,2,0
0x666333,96.1538%,2,50,52,0,0,2,50
0x76d8b6,95.4545%,2,42,44,42,0,2,0
0x635698,0%,2,0,2,0,0,2,0
0x66b7a2,96.1538%,2,50,52,50,0,2,0
0x65a80c,93.75%,2,30,32,30,2,0,0
0x9f5d7b,98.5075%,2,132,134,132,2,0,0
0x765dbd,97.9167%,2,94,96,0,0,2,94
0x8c3058,98%,2,98,100,0,0,2,98
0x7cf609,0%,2,0,2,0,2,0,0
0x9f7e06,75%,2,6,8,0,0,2,6
0x761c01,77.7778%,2,7,9,3,1,1,4
0xa7a72b,99.2218%,2,255,257,0,0,2,255
0x66b622,96.1538%,2,50,52,50,0,2,0
0x66b57f,0%,2,0,2,0,0,2,0
0x66b562,96.1538%,2,50,52,50,0,2,0
0x65a079,0%,2,0,2,0,2,0,0
0x429f58,98%,2,98,100,0,0,2,98
0x638719,99.2218%,2,255,257,0,0,2,255
0x643b66,0%,2,0,2,0,0,2,0
0x772a17,0%,2,0,2,0,2,0,0
0x635462,0%,2,0,2,0,0,2,0
0x6392a7,66.6667%,2,4,6,0,2,0,4
0x66b44c,88.8889%,2,16,18,0,0,2,16
0x9f5e00,99.7912%,2,956,958,956,2,0,0
0x766060,50%,2,2,4,0,0,2,2
0x926b6f,71.4286%,2,5,7,5,2,0,0
0x929798,98.4%,2,123,125,123,2,0,0
0x62eade,0%,2,0,2,0,0,2,0
0x67a947,75%,2,6,8,0,0,2,6
0x635350,0%,2,0,2,0,0,2,0
0x65d7ef,99.9231%,2,2598,2600,2500,0,2,98
0x7b3bdf,0%,2,0,2,0,0,2,0
0x8c460a,99.9231%,2,2598,2600,0,0,2,2598
0x429b38,97.9167%,2,94,96,1,1,1,93
0x63950a,0%,2,0,2,0,0,2,0
0x63525f,97.5%,2,78,80,78,0,2,0
0x89fbc3,75%,2,6,8,0,0,2,6
0x6357d2,0%,2,0,2,0,0,2,0
0x8bea3c,0%,2,0,2,0,2,0,0
0x63520a,0%,2,0,2,0,0,2,0
0x5e9d12,98.0769%,2,102,104,0,0,2,102
0x646c87,0%,2,0,2,0,0,2,0
0x7bc951,0%,2,0,2,0,2,0,0
0x598f99,96.1538%,2,50,52,50,0,2,0
0x63516f,0%,2,0,2,0,0,2,0
0x76a300,96.1538%,2,50,52,50,0,2,0
0x95a048,96.1538%,2,50,52,0,0,2,50
0x64da53,97.5%,2,78,80,0,0,2,78
0x64f566,0%,2,0,2,0,0,2,0
0x634df0,0%,2,0,2,0,0,2,0
0x5f752f,99.8051%,2,1024,1026,1024,2,0,0
0x64dfe3,0%,2,0,2,0,0,2,0
0x7cc75d,0%,2,0,2,0,2,0,0
0x9274f0,96%,2,48,50,0,0,2,48
0x66acc2,75%,2,6,8,6,0,2,0
0x7cf1d2,96.1538%,2,50,52,50,0,2,0
0x66ac52,75%,2,6,8,6,0,2,0
0x65be62,0%,2,0,2,0,0,2,0
0x63d005,75%,2,6,8,0,0,2,6
0x5983f2,93.75%,2,30,32,27,1,1,3
0x66aaf2,75%,2,6,8,6,0,2,0
0x7aa3aa,96%,2,48,50,48,2,0,0
0x92990d,98.7421%,2,157,159,0,0,2,157
0x605c29,0%,2,0,2,0,2,0,0
0x66aa82,75%,2,6,8,6,0,2,0
0x92b05d,98%,2,98,100,0,0,2,98
0x7b0f26,96.1538%,2,50,52,50,2,0,0
0x7cee08,0%,2,0,2,0,2,0,0
0x63cf44,98.6014%,2,141,143,141,2,0,0
0x75959a,99.0385%,2,206,208,206,1,1,0
0x8c61ca,99.9846%,2,12998,13000,0,0,2,12998
0x66a9a0,96.1538%,2,50,52,50,0,2,0
0x6302ca,0%,2,0,2,0,0,2,0
0x7ceccf,0%,2,0,2,0,2,0,0
0x64d2cf,99.5%,2,398,400,0,0,2,398
0x7cec69,0%,2,0,2,0,2,0,0
0x7a9e52,98%,2,98,100,0,0,2,98
0x604b1a,95.4545%,2,42,44,42,2,0,0
0x9297d0,98.4%,2,123,125,0,0,2,123
0x66b212,96.1538%,2,50,52,50,0,2,0
0x7cf48c,0%,2,0,2,0,0,2,0
0x92a2b8,98.7421%,2,157,159,0,0,2,157
0x64187b,0%,2,0,2,0,0,2,0
0x66b092,96.1538%,2,50,52,50,0,2,0
0x648bd7,0%,2,0,2,0,0,2,0
0x6f3e71,0%,2,0,2,0,0,2,0
0x42af2c,66.6667%,2,4,6,4,2,0,0
0x7aad6e,96.2963%,2,52,54,52,0,2,0
0x76608b,50%,2,2,4,0,0,2,2
0x63f3c3,0%,2,0,2,0,0,2,0
0x9f5e21,99.1379%,2,230,232,230,2,0,0
0x66a612,96.1538%,2,50,52,50,0,2,0
0x640909,75%,2,6,8,6,0,2,0
0x7b281d,96.1538%,2,50,52,50,0,2,0
0x66aea3,96.1538%,2,50,52,50,0,2,0
0x64c32e,75%,2,6,8,6,0,2,0
0x960b89,98.7421%,2,157,159,0,0,2,157
0x7b2224,0%,2,0,2,0,0,2,0
0x8c0712,98%,2,98,100,0,0,2,98
0x595472,99.6795%,2,622,624,622,2,0,0
0x66ae12,96.1538%,2,50,52,50,0,2,0
0x66ae02,99.0385%,2,206,208,154,2,0,52
0x632d93,0%,2,0,2,0,0,2,0
0x66509b,0%,2,0,2,0,2,0,0
0x64abd1,0%,2,0,2,0,0,2,0
0x7b0fa7,96.1538%,2,50,52,50,0,2,0
0x7aa1b9,0%,2,0,2,0,0,2,0
0x7a9648,99.4565%,2,366,368,0,0,2,366
0x685cf7,0%,2,0,2,0,2,0,0
0x6571c3,0%,2,0,2,0,0,2,0
0x76ceb0,96.1538%,2,50,52,50,2,0,0
0x8c6563,99.92%,2,2498,2500,0,0,2,2498
0x65ab6f,0%,2,0,2,0,0,2,0
0x7c894f,50%,2,2,4,2,2,0,0
0x6316c2,0%,2,0,2,0,0,2,0
0x64d26f,99.5%,2,398,400,0,0,2,398
0x7742de,0%,2,0,2,0,2,0,0
0x63538f,97.5%,2,78,80,78,0,2,0
0x632d8e,88.8889%,2,16,18,16,0,2,0
0x6537c0,96.1538%,2,50,52,50,0,2,0
0x8c47dc,99.9846%,2,12998,13000,12998,2,0,0
0x632d6e,99.9915%,2,23398,23400,22932,0,2,466
0x4074ab,94.4444%,2,34,36,34,2,0,0
0x5daa74,0%,2,0,2,0,0,2,0
0x65af8a,0%,2,0,2,0,0,2,0
0x65a961,75%,2,6,8,6,0,2,0
0x7eb95f,0%,2,0,2,0,2,0,0
0x5f419b,60%,2,3,5,0,1,1,3
0x632b34,0%,2,0,2,0,0,2,0
0x631486,0%,2,0,2,0,0,2,0
0x404ab0,90.9091%,2,20,22,20,2,0,0
0x65365c,99.0385%,2,206,208,0,0,2,206
0x653672,99.8932%,2,1870,1872,1664,0,2,206
0x65e762,99.9231%,2,2598,2600,2500,0,2,98
0x6315ab,0%,2,0,2,0,0,2,0
0x64d217,99.5%,2,398,400,398,2,0,0
0x5949aa,75%,2,6,8,6,2,0,0
0x682235,0%,2,0,2,0,0,2,0
0x65b432,0%,2,0,2,0,0,2,0
0x65e5ac,99.9808%,2,10398,10400,7798,2,0,2600
0x76ccfb,0%,2,0,2,0,0,2,0
0x5f73f0,97.3684%,2,74,76,38,0,2,36
0x7ce455,96.1538%,2,50,52,50,0,2,0
0x636a3c,99.2218%,2,255,257,0,0,2,255
0x62e99e,0%,2,0,2,0,0,2,0
0x65c1a1,0%,2,0,2,0,2,0,0
0x63ae2d,83.3333%,2,10,12,0,0,2,10
0x66e1d7,0%,2,0,2,0,0,2,0
0x8bf1f6,98%,2,98,100,0,0,2,98
0x763473,0%,2,0,2,0,0,2,0
0x76ce9c,96.1538%,2,50,52,0,0,2,50
0x8c32ac,98%,2,98,100,98,2,0,0
0xa78491,0%,2,0,2,0,2,0,0
0x659a8f,96.1538%,2,50,52,50,0,2,0
0x65e193,99.9808%,2,10398,10400,10398,2,0,0
0x65db38,99.9231%,2,2598,2600,0,0,2,2598
0x8c33e5,99.5%,2,398,400,300,0,2,98
0x8a010d,0%,2,0,2,0,2,0,0
0x65cdbb,96.1538%,2,50,52,50,0,2,0
0x66eef7,0%,2,0,2,0,0,2,0
0x65cc4a,0%,2,0,2,0,0,2,0
0x6489eb,0%,2,0,2,0,0,2,0
0x65cbbc,75%,2,6,8,6,0,2,0
0x65caee,98.1818%,2,108,110,108,2,0,0
0x64d28f,99.5%,2,398,400,0,0,2,398
0x6538b3,0%,2,0,2,0,0,2,0
0x76239f,0%,2,0,2,0,0,2,0
0x66efdb,97.5%,2,78,80,78,0,2,0
0x68853d,0%,2,0,2,0,2,0,0
0x634a24,0%,2,0,2,0,0,2,0
0x65c997,98.0198%,2,99,101,0,0,2,99
0x8bf348,96.1538%,2,50,52,0,0,2,50
0x65c785,0%,2,0,2,0,2,0,0
0x657354,0%,2,0,2,0,0,2,0
0x7ca9d9,0%,2,0,2,0,0,2,0
0x7b35ef,0%,2,0,2,0,2,0,0
0x7cf531,0%,2,0,2,0,2,0,0
0x6393e7,98%,2,98,100,0,0,2,98
0x926c0d,97.7273%,2,86,88,0,0,2,86
0x926d74,75%,2,6,8,0,0,2,6
0x5fd136,97.7273%,2,86,88,86,2,0,0
0xa39f7e,50%,2,2,4,2,2,0,0
0x632a28,0%,2,0,2,0,0,2,0
0x773693,0%,2,0,2,0,2,0,0
0x65d5d0,0%,2,0,2,0,0,2,0
0x76cf29,0%,2,0,2,0,0,2,0
0x5ed5e2,96.1538%,2,50,52,50,0,2,0
0x65d174,99.9231%,2,2598,2600,2548,0,2,50
0x631443,96.1538%,2,50,52,50,0,2,0
0x5ac5bf,0%,2,0,2,0,2,0,0
0x95a66c,0%,2,0,2,0,2,0,0
0x66f672,75%,2,6,8,5,1,1,1
0xa39f8c,50%,2,2,4,2,1,1,0
0x927068,96.2963%,2,52,54,0,0,2,52
0x64d99b,97.5%,2,78,80,78,0,2,0
0x7c8d1c,0%,2,0,2,0,0,2,0
0x8bf7e5,0%,2,0,2,0,0,2,0
0x65cf7c,0%,2,0,2,0,0,2,0
0x5ea1fc,0%,2,0,2,0,0,2,0
0x631723,0%,2,0,2,0,0,2,0
0x7e719a,0%,2,0,2,0,2,0,0
0x634e92,0%,2,0,2,0,0,2,0
0x655432,99.9852%,2,13513,13515,13513,2,0,0
0x67b67d,75%,2,6,8,6,2,0,0
0x641be8,96.1538%,2,50,52,0,0,2,50
0x65ce95,99.9808%,2,10398,10400,7798,2,0,2600
0x66af33,96.1538%,2,50,52,50,0,2,0
0x7cf8a3,0%,2,0,2,0,2,0,0
0x7b0d54,96.1538%,2,50,52,0,0,2,50
0x7d04dd,0%,2,0,2,0,2,0,0
0x61c474,0%,2,0,2,0,2,0,0
0x6056cf,0%,2,0,2,0,2,0,0
0x643830,96.1538%,2,50,52,50,0,2,0
0x6053e3,0%,2,0,2,0,2,0,0
0x9e097b,99.7333%,2,748,750,0,0,2,748
0x65849d,99.7558%,2,817,819,0,0,2,817
0x75e02b,85.7143%,2,12,14,0,0,2,12
0x657143,0%,2,0,2,0,0,2,0
0x59446e,75%,2,6,8,6,2,0,0
0xa3a3a2,50%,2,2,4,0,0,2,2
0x7613d5,90.4762%,2,19,21,1,1,1,18
0x7b0035,0%,2,0,2,0,0,2,0
0x653b8d,96.1538%,2,50,52,50,0,2,0
0x76af83,0%,2,0,2,0,0,2,0
0x65b2aa,0%,2,0,2,0,0,2,0
0x62f57b,0%,2,0,2,0,0,2,0
0x66e82c,96.1538%,2,50,52,0,0,2,50
0x67b7fd,75%,2,6,8,6,2,0,0
0xa228de,98.4%,2,123,125,0,0,2,123
0x6417f1,0%,2,0,2,0,0,2,0
0x657d44,96.1538%,2,50,52,50,0,2,0
0x66e51f,0%,2,0,2,0,0,2,0
0x66e272,75%,2,6,8,6,0,2,0
0x7b0a2c,0%,2,0,2,0,0,2,0
0x605afa,0%,2,0,2,0,2,0,0
0x6d9215,87.5%,2,14,16,0,0,2,14
0x65781c,96.1538%,2,50,52,50,0,2,0
0x7cb653,0%,2,0,2,0,0,2,0
0x767712,96.1538%,2,50,52,0,0,2,50
0x77319d,96.1538%,2,50,52,50,0,2,0
0x6577ec,96.1538%,2,50,52,0,0,2,50
0x67a1eb,75%,2,6,8,5,1,1,1
0x6170d6,0%,2,0,2,0,0,2,0
0x7740eb,96.1538%,2,50,52,0,0,2,50
0x66e332,75%,2,6,8,6,0,2,0
0x75d02c,50%,2,2,4,1,1,1,1
0x7579c6,96.1538%,2,50,52,50,0,2,0
0x7d005a,0%,2,0,2,0,2,0,0
0x65a74d,97.5%,2,78,80,78,0,2,0
0xa31cc4,99.9812%,2,10623,10625,0,0,2,10623
0x7cd913,96.1538%,2,50,52,0,0,2,50
0x76bc10,95.2381%,2,40,42,40,0,2,0
0x67aa4b,0%,2,0,2,0,0,2,0
0x644dcf,96.1538%,2,50,52,50,0,2,0
0x5e5ab2,0%,2,0,2,0,2,0,0
0x6572e4,0%,2,0,2,0,0,2,0
0x76bcb0,0%,2,0,2,0,2,0,0
0x657c96,0%,2,0,2,0,0,2,0
0x658be2,0%,2,0,2,0,0,2,0
0x6572c0,0%,2,0,2,0,0,2,0
0x65f98f,98%,2,98,100,98,0,2,0
0x657e3e,96.1538%,2,50,52,50,0,2,0
0x7b10c9,96.1538%,2,50,52,0,0,2,50
0x8c3616,98%,2,98,100,98,2,0,0
0x62336d,99.2308%,2,258,260,0,0,2,258
0x8c47d4,99.9846%,2,12998,13000,0,0,2,12998
0x65fe56,98.1818%,2,108,110,108,2,0,0
0x685d4b,0%,2,0,2,0,2,0,0
0x66f983,96.4286%,2,54,56,42,0,2,12
0x66003a,96.1538%,2,50,52,50,0,2,0
0x4a3f78,0%,2,0,2,0,2,0,0
0x65fb18,96.1538%,2,50,52,0,0,2,50
0x4023a2,90.9091%,2,20,22,20,2,0,0
0x5f3dc5,60%,2,3,5,3,1,1,0
0x7b0828,0%,2,0,2,0,2,0,0
0xa820bb,95.6522%,2,44,46,6,2,0,38
0x959e3d,96.1538%,2,50,52,50,0,2,0
0x959c9c,0%,2,0,2,0,2,0,0
0x75f983,0%,2,0,2,0,0,2,0
0x76cc21,95.4545%,2,42,44,42,2,0,0
0x653411,96.1538%,2,50,52,50,0,2,0
0x5e6eee,75%,2,6,8,6,0,2,0
0x6430ad,0%,2,0,2,0,0,2,0
0xa79712,0%,2,0,2,0,2,0,0
0x65ece9,99.9231%,2,2598,2600,0,0,2,2598
0x6037e5,95.4545%,2,42,44,42,2,0,0
0x6607fb,0%,2,0,2,0,2,0,0
0x616c99,94.7368%,2,36,38,36,0,2,0
0x65513d,99.9451%,2,3639,3641,0,0,2,3639
0x660d34,0%,2,0,2,0,2,0,0
0x64bc3a,0%,2,0,2,0,2,0,0
0x8c4fef,98%,2,98,100,0,0,2,98
0x75fb49,0%,2,0,2,0,0,2,0
0x66e853,96.1538%,2,50,52,50,0,2,0
0x7625b8,88.8889%,2,16,18,0,0,2,16
0x404b01,90.9091%,2,20,22,20,2,0,0
0x62e9fe,0%,2,0,2,0,0,2,0
0x7e8482,96.1538%,2,50,52,0,0,2,50
0x7cb708,0%,2,0,2,0,0,2,0
0x63ab0c,75%,2,6,8,0,0,2,6
0x616c49,94.7368%,2,36,38,36,0,2,0
0x605e18,90.9091%,2,20,22,0,0,2,20
0x7e7243,0%,2,0,2,0,0,2,0
0x7a9d8f,98.0769%,2,102,104,0,0,2,102
0x7aacd8,96.1538%,2,50,52,50,2,0,0
0x7b3beb,0%,2,0,2,0,2,0,0
0x7cee70,0%,2,0,2,0,2,0,0
0x59897a,95.8333%,2,46,48,46,2,0,0
0x64b05c,96.1538%,2,50,52,0,0,2,50
0x7b45be,96.1538%,2,50,52,50,0,2,0
0x64aefc,96.1538%,2,50,52,0,0,2,50
0x7cf4b2,0%,2,0,2,0,2,0,0
0x6da384,87.5%,2,14,16,0,0,2,14
0x64e392,80%,2,8,10,8,2,0,0
0x929952,98.7421%,2,157,159,157,2,0,0
0x656522,98.7879%,2,163,165,163,2,0,0
0x641b49,0%,2,0,2,0,0,2,0
0x8c69a2,98%,2,98,100,98,2,0,0
0x639fd9,75%,2,6,8,6,0,2,0
0x960e0e,98.7421%,2,157,159,157,2,0,0
0x8c39ac,99.9833%,2,11998,12000,8999,1,1,2999
0x92c343,99.9231%,2,2598,2600,0,0,2,2598
0x650664,0%,2,0,2,0,2,0,0
0x6215b4,95.8333%,2,46,48,0,0,2,46
0x5da656,0%,2,0,2,0,0,2,0
0x63f7b5,0%,2,0,2,0,0,2,0
0x92afdc,0%,2,0,2,0,0,2,0
0xa781c8,99.9702%,2,6703,6705,6703,2,0,0
0x616ed6,96.1538%,2,50,52,50,2,0,0
0xa0eed8,99.9731%,2,7434,7436,0,0,2,7434
0x646029,96.1538%,2,50,52,50,0,2,0
0x66b6d2,99.0385%,2,206,208,156,0,2,50
0x64693b,0%,2,0,2,0,0,2,0
0x6d882b,87.5%,2,14,16,14,2,0,0
0x630b0d,0%,2,0,2,0,0,2,0
0x6455ba,0%,2,0,2,0,0,2,0
0x95aabf,96.1538%,2,50,52,50,2,0,0
0x7ef49b,0%,2,0,2,0,2,0,0
0x648bcd,75%,2,6,8,6,0,2,0
0x7cb982,96.1538%,2,50,52,0,0,2,50
0x7cd1ae,0%,2,0,2,0,2,0,0
0x661a63,75%,2,6,8,6,0,2,0
0x661928,0%,2,0,2,0,0,2,0
0xa769de,99.9906%,2,21276,21278,21276,0,2,0
0x5fcf6a,97.7273%,2,86,88,86,2,0,0
0x634c30,0%,2,0,2,0,0,2,0
0x4a2ee8,66.6667%,2,4,6,4,2,0,0
0x76167d,66.6667%,2,4,6,0,0,2,4
0xa77de5,99.9939%,2,32756,32758,0,0,2,32756
0x67a90d,75%,2,6,8,6,2,0,0
0x650778,0%,2,0,2,0,2,0,0
0x620c44,66.6667%,2,4,6,4,2,0,0
0x648e74,85.7143%,2,12,14,0,0,2,12
0x620afe,66.6667%,2,4,6,4,2,0,0
0xa233b3,99.6269%,2,534,536,0,0,2,534
0x608469,88.8889%,2,16,18,0,0,2,16
0x64f08d,75%,2,6,8,0,0,2,6
0x66b8fc,96.1538%,2,50,52,0,0,2,50
0xa761a8,99.9592%,2,4903,4905,4903,2,0,0
0x76fd82,98.0769%,2,102,104,102,2,0,0
0x6491a7,85.7143%,2,12,14,0,0,2,12
0x769f72,0%,2,0,2,0,0,2,0
0xa22815,99.7998%,2,997,999,338,0,2,659
0x778d11,98.75%,2,158,160,158,2,0,0
0x7cbd8e,96.1538%,2,50,52,50,2,0,0
0x5fd010,97.7273%,2,86,88,86,2,0,0
0x635e2c,0%,2,0,2,0,0,2,0
0x5958d7,95.2381%,2,40,42,40,2,0,0
0x635c9d,98%,2,98,100,98,0,2,0
0x928a4f,98.7421%,2,157,159,0,0,2,157
0x76f740,85.7143%,2,12,14,0,1,1,12
0x5fd07f,97.7273%,2,86,88,86,2,0,0
0x635c5d,98%,2,98,100,98,0,2,0
0x928b70,98.7421%,2,157,159,157,2,0,0
0x7cf2c0,96.1538%,2,50,52,50,2,0,0
0xa43e5a,99.9812%,2,10623,10625,0,0,2,10623
0x7cbe47,0%,2,0,2,0,0,2,0
0x65aa84,0%,2,0,2,0,0,2,0
0x65c758,0%,2,0,2,0,2,0,0
0x6f54da,0%,2,0,2,0,2,0,0
0x635be3,0%,2,0,2,0,0,2,0
0x8c027f,98%,2,98,100,98,2,0,0
0x66f6d2,75%,2,6,8,6,0,2,0
0x638050,99.9701%,2,6680,6682,6680,2,0,0
0x635b6b,85.7143%,2,12,14,12,0,2,0
0x635b5e,97.9592%,2,96,98,84,0,2,12
0x635b51,99.4898%,2,390,392,294,0,2,96
0x6359dd,0%,2,0,2,0,0,2,0
0x7728b2,96.1538%,2,50,52,50,0,2,0
0x7724af,75%,2,6,8,6,2,0,0
0xa7a678,99.2218%,2,255,257,0,0,2,255
0x6436ad,0%,2,0,2,0,0,2,0
0x7cc566,0%,2,0,2,0,0,2,0
0x5f41c3,50%,2,2,4,2,2,0,0
0x63f0ab,0%,2,0,2,0,0,2,0
0x42b911,75%,2,6,8,6,2,0,0
0x7aa0f1,96.2963%,2,52,54,52,0,2,0
0x8c0514,75%,2,6,8,6,0,2,0
0x7cd143,0%,2,0,2,0,2,0,0
0x63620d,93.75%,2,30,32,30,0,2,0
0x635b83,0%,2,0,2,0,0,2,0
0x75d769,0%,2,0,2,0,0,2,0
0x7aa0d2,96.2963%,2,52,54,0,0,2,52
0x685cc1,0%,2,0,2,0,2,0,0
0x774884,0%,2,0,2,0,2,0,0
0x636189,93.75%,2,30,32,30,0,2,0
0x63617d,99.1071%,2,222,224,190,2,0,32
0x7b4241,96.1538%,2,50,52,50,0,2,0
0x6d8f58,96.1538%,2,50,52,0,0,2,50
0xa39744,71.4286%,2,5,7,5,2,0,0
0x92cb98,99.9808%,2,10398,10400,10398,2,0,0
0x640859,75%,2,6,8,6,0,2,0
0x6702bf,96.4286%,2,54,56,47,1,1,7
0x76d86a,95.4545%,2,42,44,0,0,2,42
0x6428b9,0%,2,0,2,0,0,2,0
0x659474,96.1538%,2,50,52,50,0,2,0
0x7af9d5,0%,2,0,2,0,2,0,0
0x7aa2fd,75%,2,6,8,6,0,2,0
0x75d24e,98.8506%,2,172,174,172,2,0,0
0x5993ee,91.6667%,2,22,24,0,0,2,22
0x63163e,75%,2,6,8,6,0,2,0
0x640b89,75%,2,6,8,6,0,2,0
0x5ed1bb,96.1538%,2,50,52,50,2,0,0
0x7e7689,0%,2,0,2,0,0,2,0
0x92d5ea,0%,2,0,2,0,0,2,0
0x644893,96.1538%,2,50,52,0,0,2,50
0x92d5ac,0%,2,0,2,0,0,2,0
0x7cb4d1,0%,2,0,2,0,0,2,0
0x92c620,99.4778%,2,381,383,0,0,2,381
0x63efd1,0%,2,0,2,0,0,2,0
0x65c39e,96.1538%,2,50,52,50,0,2,0
0x653975,0%,2,0,2,0,0,2,0
0x92ca56,99.9231%,2,2598,2600,0,0,2,2598
0x949f74,75%,2,6,8,6,2,0,0
0x8a5248,75%,2,6,8,6,0,2,0
0x7aeebd,0%,2,0,2,0,2,0,0
0x75f366,0%,2,0,2,0,2,0,0
0x66e512,75%,2,6,8,6,0,2,0
0x66ef9c,99.8333%,2,1198,1200,0,0,2,1198
0xa46938,99.9812%,2,10623,10625,0,0,2,10623
0x763016,0%,2,0,2,0,0,2,0
0x5ecab7,0%,2,0,2,0,2,0,0
0xa24b35,99.5122%,2,408,410,70,2,0,338
0x92679c,75%,2,6,8,6,0,2,0
0x8c5446,99.9231%,2,2598,2600,2598,2,0,0
0x65a4a4,0%,2,0,2,0,0,2,0
0x63aa65,75%,2,6,8,6,0,2,0
0x5ea155,96.1538%,2,50,52,0,0,2,50
0x65a56d,0%,2,0,2,0,0,2,0
0x65a5c5,0%,2,0,2,0,0,2,0
0x650a85,0%,2,0,2,0,2,0,0
0x653960,96.1538%,2,50,52,50,0,2,0
0x64baad,0%,2,0,2,0,0,2,0
0x9267aa,0%,2,0,2,0,0,2,0
0xa76907,99.9958%,2,47676,47678,0,0,2,47676
0x658c9b,0%,2,0,2,0,2,0,0
0x5ecaad,96.1538%,2,50,52,50,0,2,0
0x5f0615,50%,2,2,4,0,2,0,2
0x64d3a1,75%,2,6,8,6,0,2,0
0x64c9a0,75%,2,6,8,6,0,2,0
0x8c730d,99.6%,2,498,500,498,0,2,0
0x92605f,0%,2,0,2,0,0,2,0
0x926051,0%,2,0,2,0,0,2,0
0x65c3aa,0%,2,0,2,0,0,2,0
0x8c20c0,0%,2,0,2,0,0,2,0
0xa76918,99.9958%,2,47676,47678,0,0,2,47676
0x757966,96.1538%,2,50,52,50,0,2,0
0x6605a4,0%,2,0,2,0,2,0,0
0x7a8c55,98.0769%,2,102,104,0,0,2,102
0x63efef,0%,2,0,2,0,0,2,0
0x65b5f8,96.1538%,2,50,52,50,0,2,0
0x65b571,0%,2,0,2,0,0,2,0
0x65e31a,98%,2,98,100,0,0,2,98
0x5f126a,98.1481%,2,106,108,53,1,1,53
0x75685d,96.1538%,2,50,52,0,0,2,50
0xa7853b,99.9751%,2,8022,8024,0,0,2,8022
0x65b450,0%,2,0,2,0,0,2,0
0x7cf64f,0%,2,0,2,0,2,0,0
0x65b38d,0%,2,0,2,0,0,2,0
0x634ae9,96.1538%,2,50,52,50,0,2,0
0x7cd046,96.1538%,2,50,52,50,2,0,0
0x65d8cd,98%,2,98,100,0,0,2,98
0x8c0221,98%,2,98,100,0,0,2,98
0x75f2e4,95.4545%,2,42,44,42,0,2,0
0x8c334c,98%,2,98,100,98,2,0,0
0x7ccf12,0%,2,0,2,0,0,2,0
0xa308b5,99.9731%,2,7434,7436,0,0,2,7434
0x636608,99.9481%,2,3853,3855,3853,2,0,0
0x76a018,0%,2,0,2,0,2,0,0
0x8beef4,99.0385%,2,206,208,0,0,2,206
0x64546f,0%,2,0,2,0,0,2,0
0x8be9a8,0%,2,0,2,0,2,0,0
0x9260b7,96.1538%,2,50,52,0,0,2,50
0x75fc9d,0%,2,0,2,0,0,2,0
0x8c49b6,99.9846%,2,12998,13000,0,0,2,12998
0x92b202,0%,2,0,2,0,0,2,0
0x620a4f,99.9494%,2,3950,3952,2964,0,2,986
0x76fb48,71.4286%,2,5,7,0,1,1,5
0x64fc45,99.0385%,2,206,208,156,0,2,50
0x75cd3d,0%,2,0,2,0,0,2,0
0x92be10,98%,2,98,100,0,2,0,98
0x76a95e,75%,2,6,8,0,2,0,6
0x7a9d68,87.5%,2,14,16,12,0,2,2
0x75990d,0%,2,0,2,0,2,0,0
0x67a69e,99.9583%,2,4798,4800,3599,1,1,1199
0x949d67,0%,2,0,2,0,0,2,0
0x769043,93.75%,2,30,32,2,2,0,28
0x685a9e,0%,2,0,2,0,2,0,0
0x75d6f8,75%,2,6,8,6,2,0,0
0x5fc94a,97.7273%,2,86,88,86,2,0,0
0x606050,92.3077%,2,24,26,0,0,2,24
0x8bfcab,98%,2,98,100,98,0,2,0
0x9f91f3,0%,2,0,2,0,0,2,0
0x9f7d5a,0%,2,0,2,0,2,0,0
0x62ea7e,0%,2,0,2,0,0,2,0
0x7aff6c,0%,2,0,2,0,2,0,0
0x8c4357,99.9231%,2,2598,2600,2598,2,0,0
0xa246e2,99.6974%,2,659,661,0,0,2,659
0x617d74,99.9494%,2,3950,3952,0,0,2,3950
0x5ea481,75%,2,6,8,6,0,2,0
0xa24461,99.839%,2,1240,1242,1045,0,2,195
0x6498e6,0%,2,0,2,0,0,2,0
0x667bd6,96.1538%,2,50,52,50,0,2,0
0x7bd5bf,80%,2,8,10,8,2,0,0
0x8c0167,75%,2,6,8,6,0,2,0
0x67a148,75%,2,6,8,0,0,2,6
0x62ec5e,0%,2,0,2,0,0,2,0
0x6876fc,0%,2,0,2,0,2,0,0
0x6876c6,0%,2,0,2,0,2,0,0
0x9f7e72,75%,2,6,8,6,2,0,0
0x687695,0%,2,0,2,0,2,0,0
0x7edfe7,0%,2,0,2,0,2,0,0
0x8c418e,98%,2,98,100,98,2,0,0
0x5ed21e,0%,2,0,2,0,0,2,0
0x639674,0%,2,0,2,0,0,2,0
0x66b852,99.0385%,2,206,208,154,2,0,52
0x5e99db,96.1538%,2,50,52,50,2,0,0
0x67b385,75%,2,6,8,6,0,2,0
0x8a881a,0%,2,0,2,0,0,2,0
0x650815,97.5%,2,78,80,78,0,2,0
0x65adac,75%,2,6,8,6,2,0,0
0xa222f5,99.9917%,2,24212,24214,0,0,2,24212
0x42a8de,94.7368%,2,36,38,36,2,0,0
0x67a60e,75%,2,6,8,6,0,2,0
0x5e9b98,0%,2,0,2,0,0,2,0
0x42a8b1,94.7368%,2,36,38,36,2,0,0
0x646ae4,0%,2,0,2,0,0,2,0
0x763261,0%,2,0,2,0,0,2,0
0x64016c,0%,2,0,2,0,0,2,0
0x9277ee,97.8022%,2,89,91,87,2,0,2
0x8c3cca,98%,2,98,100,0,0,2,98
0x4b9bf8,83.3333%,2,10,12,10,2,0,0
0xa78051,50%,2,2,4,0,0,2,2
0x65053a,0%,2,0,2,0,2,0,0
0x4049bd,66.6667%,2,4,6,4,2,0,0
0x9fb5b0,99.2337%,2,259,261,0,0,2,259
0x661b1c,0%,2,0,2,0,2,0,0
0x76e769,71.4286%,2,5,7,0,1,1,5
0x63436e,96.1538%,2,50,52,0,0,2,50
0x65eb1b,98%,2,98,100,0,0,2,98
0x643d2b,0%,2,0,2,0,0,2,0
0x63c95a,99.2218%,2,255,257,0,0,2,255
0x67b559,0%,2,0,2,0,0,2,0
0x67ae00,0%,2,0,2,0,0,2,0
0x761343,66.6667%,2,4,6,4,2,0,0
0x687c02,0%,2,0,2,0,0,2,0
0x687ba8,96.1538%,2,50,52,50,0,2,0
0x7729a7,0%,2,0,2,0,0,2,0
0x773f21,0%,2,0,2,0,2,0,0
0x4a2c43,66.6667%,2,4,6,4,2,0,0
0x642cbb,0%,2,0,2,0,0,2,0
0x773413,96.1538%,2,50,52,0,0,2,50
0x667c06,0%,2,0,2,0,2,0,0
0x67a51d,0%,2,0,2,0,0,2,0
0x5f3b09,0%,2,0,2,0,0,2,0
0x650792,0%,2,0,2,0,2,0,0
0x64bbfb,0%,2,0,2,0,0,2,0
0x663bc6,0%,2,0,2,0,0,2,0
0x763223,0%,2,0,2,0,0,2,0
0xa90ebd,99.784%,2,924,926,0,0,2,924
0x5e8356,99.3377%,2,300,302,0,0,2,300
0x8bf78f,96.1538%,2,50,52,50,0,2,0
0x6052df,0%,2,0,2,0,2,0,0
0x4030cc,92.3077%,2,24,26,4,2,0,20
0x76d6e6,96.1538%,2,50,52,50,0,2,0
0x7cfc4b,0%,2,0,2,0,2,0,0
0x65a02d,0%,2,0,2,0,2,0,0
0x8c676f,99.6%,2,498,500,399,1,1,99
0x95a76a,99.0385%,2,206,208,156,0,2,50
0x5e7e99,84.6154%,2,11,13,0,0,2,11
0x92985e,98.4%,2,123,125,0,0,2,123
0x92c7df,99.9615%,2,5198,5200,2600,0,2,2598
0x598c66,87.5%,2,14,16,2,0,2,12
0x5e7b40,84.6154%,2,11,13,11,2,0,0
0x4a2b0d,66.6667%,2,4,6,4,2,0,0
0x766d76,93.75%,2,30,32,0,0,2,30
0x64188b,0%,2,0,2,0,0,2,0
0x4b9bec,83.3333%,2,10,12,0,0,2,10
0x76d914,96.1538%,2,50,52,50,0,2,0
0x5e76fe,93.75%,2,30,32,30,2,0,0
0x7b2288,0%,2,0,2,0,2,0,0
0x65064a,0%,2,0,2,0,2,0,0
0x64997e,0%,2,0,2,0,0,2,0
0x63c060,75%,2,6,8,0,0,2,6
0x6304db,0%,2,0,2,0,0,2,0
0x5e8f29,0%,2,0,2,0,0,2,0
0x8c6a89,98%,2,98,100,0,0,2,98
0x652875,99.9919%,2,24607,24609,0,0,2,24607
0x757896,96.1538%,2,50,52,50,0,2,0
0x5e7f71,94.8718%,2,37,39,37,2,0,0
0x67b4c4,75%,2,6,8,4,2,0,2
0x5f41a5,50%,2,2,4,0,0,2,2
0x4299e0,94.7368%,2,36,38,31,2,0,5
0x75d6c4,75%,2,6,8,5,1,1,1
0x5e8cf4,99.734%,2,750,752,750,2,0,0
0x63c044,96.875%,2,62,64,6,2,0,56
0x772681,75%,2,6,8,6,0,2,0
0x7b44c4,0%,2,0,2,0,0,2,0
0x769e1e,0%,2,0,2,0,0,2,0
0x64bb02,0%,2,0,2,0,0,2,0
0x666132,96.1538%,2,50,52,50,0,2,0
0xa3a484,50%,2,2,4,2,1,1,0
0x429a6a,0%,2,0,2,0,2,0,0
0x77289b,99.0385%,2,206,208,156,0,2,50
0x8c04a2,0%,2,0,2,0,0,2,0
0x8beb4d,96.1538%,2,50,52,0,0,2,50
0x5f30a3,50%,2,2,4,0,2,0,2
0x64675f,96.1538%,2,50,52,0,0,2,50
0x5f4d5b,96.2963%,2,52,54,0,0,2,52
0x7bcfa0,99.2308%,2,258,260,258,2,0,0
0x63c39d,98%,2,98,100,0,2,0,98
0x64ccd2,97.5%,2,78,80,78,0,2,0
0x959fb9,99.0385%,2,206,208,156,0,2,50
0xa7a682,99.2218%,2,255,257,0,0,2,255
0x9f7d04,99.9021%,2,2040,2042,0,0,2,2040
0x7563a9,99.4949%,2,394,396,394,2,0,0
0x64199e,75%,2,6,8,6,0,2,0
0x89fca3,75%,2,6,8,6,2,0,0
0x663817,96.1538%,2,50,52,50,0,2,0
0x66b612,99.0385%,2,206,208,156,0,2,50
0x757ae6,96.1538%,2,50,52,50,0,2,0
0xa78e79,0%,2,0,2,0,0,2,0
0xa76a40,99.9906%,2,21276,21278,0,0,2,21276
0x5ac4fa,0%,2,0,2,0,2,0,0
0x76e11d,0%,2,0,2,0,2,0,0
0xa78e5f,0%,2,0,2,0,0,2,0
0x5e8ec8,84.6154%,2,11,13,0,0,2,11
0x7cfb37,0%,2,0,2,0,0,2,0
0x6514cc,95%,2,38,40,38,2,0,0
0xa7843a,0%,2,0,2,0,0,2,0
0x761366,66.6667%,2,4,6,4,0,2,0
0x8c6b7c,98%,2,98,100,0,0,2,98
0x6640cd,85.7143%,2,12,14,12,0,2,0
0x63130d,96.1538%,2,50,52,50,0,2,0
0x778155,99.0385%,2,206,208,200,0,2,6
0x7740f3,96.1538%,2,50,52,50,2,0,0
0x66e6d7,97.5%,2,78,80,78,0,2,0
0x639791,0%,2,0,2,0,0,2,0
0x63ecd7,0%,2,0,2,0,0,2,0
0x663ab6,98%,2,98,100,98,0,2,0
0x5f2ceb,96.2963%,2,52,54,52,0,2,0
0x7cbd31,96.1538%,2,50,52,0,0,2,50
0x663a7a,0%,2,0,2,0,0,2,0
0x598851,95.8333%,2,46,48,46,2,0,0
0x4a2e95,66.6667%,2,4,6,4,2,0,0
0x773d05,96.1538%,2,50,52,50,0,2,0
0xa0eed2,99.9731%,2,7434,7436,0,0,2,7434
0x5f2e15,50%,2,2,4,1,1,1,1
0x5f2f22,96.1538%,2,50,52,50,0,2,0
0x633e3b,0%,2,0,2,0,0,2,0
0x67b805,75%,2,6,8,6,0,2,0
0x76a6d2,0%,2,0,2,0,0,2,0
0x5e96fd,96.2963%,2,52,54,0,0,2,52
0x5f2f6b,0%,2,0,2,0,2,0,0
0x76abdf,96.1538%,2,50,52,0,0,2,50
0x6605ef,0%,2,0,2,0,2,0,0
0x4a3d5b,0%,2,0,2,0,2,0,0
0x598fb6,0%,2,0,2,0,2,0,0
0x7b07da,0%,2,0,2,0,2,0,0
0x95a632,96.1538%,2,50,52,50,0,2,0
0x5d3c80,97.561%,2,80,82,80,2,0,0
0x76e674,71.4286%,2,5,7,0,2,0,5
0x89fdb9,99.4048%,2,334,336,334,2,0,0
0x65d195,96.1538%,2,50,52,50,0,2,0
0x67add9,0%,2,0,2,0,0,2,0
0x5f36bb,94.7368%,2,36,38,18,2,0,18
0x7d0092,0%,2,0,2,0,2,0,0
0x63869f,99.2218%,2,255,257,0,0,2,255
0x89fc99,75%,2,6,8,0,0,2,6
0x7cc319,96.1538%,2,50,52,0,0,2,50
0x76cf7a,0%,2,0,2,0,0,2,0
0x666143,96.1538%,2,50,52,0,0,2,50
0x42a6d1,66.6667%,2,4,6,4,2,0,0
0x7ce201,96.1538%,2,50,52,50,2,0,0
0x89fc4a,87.5%,2,14,16,7,1,1,7
0x770e9f,0%,2,0,2,0,0,2,0
0x6f54f1,0%,2,0,2,0,2,0,0
0x6335d3,0%,2,0,2,0,0,2,0
0x773b3c,96.1538%,2,50,52,0,0,2,50
0x66ead2,75%,2,6,8,5,1,1,1
0x631802,0%,2,0,2,0,0,2,0
0x618ad3,99.9711%,2,6914,6916,0,0,2,6914
0x89fabd,75%,2,6,8,6,0,2,0
0x769298,83.3333%,2,10,12,0,0,2,10
0x4a2e1a,66.6667%,2,4,6,4,2,0,0
0x6882ef,0%,2,0,2,0,2,0,0
0x772c93,0%,2,0,2,0,2,0,0
0x68201b,50%,2,2,4,2,2,0,0
0x64f7b5,0%,2,0,2,0,0,2,0
0x5e7814,84.6154%,2,11,13,11,2,0,0
0x403fae,66.6667%,2,4,6,4,2,0,0
0x76e363,88.8889%,2,16,18,0,2,0,16
0x67b6fb,75%,2,6,8,6,0,2,0
0x76aeeb,66.6667%,2,4,6,4,0,2,0
0x8a0116,0%,2,0,2,0,0,2,0
0x8a00a8,0%,2,0,2,0,0,2,0
0x5e7744,98.4733%,2,129,131,129,2,0,0
0x40281f,88.8889%,2,16,18,0,0,2,16
0x8c3c3a,99.6%,2,498,500,498,2,0,0
0x65a51b,0%,2,0,2,0,0,2,0
0xa78445,0%,2,0,2,0,2,0,0
0x89ffc2,0%,2,0,2,0,2,0,0
0x9f98f2,99.9021%,2,2040,2042,0,0,2,2040
0xa222d1,99.9917%,2,24212,24214,0,0,2,24212
0x75d7c4,0%,2,0,2,0,0,2,0
0x598529,98.0769%,2,102,104,102,2,0,0
0x635165,96.1538%,2,50,52,50,0,2,0
0x89fed8,0%,2,0,2,0,0,2,0
0x66b472,99.8932%,2,1870,1872,1402,2,0,468
0x5ed57f,96.1538%,2,50,52,50,2,0,0
0x64d689,0%,2,0,2,0,0,2,0
0x7700b5,0%,2,0,2,0,2,0,0
0x8a8938,80%,2,8,10,0,0,2,8
0x67b228,0%,2,0,2,0,0,2,0
0x64664a,0%,2,0,2,0,0,2,0
0x645962,96.1538%,2,50,52,50,0,2,0
0x92823a,98.4496%,2,127,129,0,0,2,127
0x64fe05,0%,2,0,2,0,2,0,0
0x771f2a,0%,2,0,2,0,2,0,0
0x63f3e8,0%,2,0,2,0,0,2,0
0x6453de,0%,2,0,2,0,0,2,0
0x66ba5e,0%,2,0,2,0,2,0,0
0x643693,0%,2,0,2,0,0,2,0
0x5eff33,99.5074%,2,404,406,0,0,2,404
0x769b39,50%,2,2,4,2,2,0,0
0x77325b,96.1538%,2,50,52,0,0,2,50
0x630b89,0%,2,0,2,0,0,2,0
0x7b3173,99.0385%,2,206,208,155,1,1,51
0x66a482,99.0385%,2,206,208,154,2,0,52
0x7b315c,96.1538%,2,50,52,0,0,2,50
0x5f4b41,97.2603%,2,71,73,0,0,2,71
0x653403,99.0385%,2,206,208,156,0,2,50
0x5f729e,94.7368%,2,36,38,0,0,2,36
0x7cf219,96.1538%,2,50,52,0,0,2,50
0x76188b,0%,2,0,2,0,0,2,0
0x5f4085,50%,2,2,4,2,2,0,0
0x7affe6,0%,2,0,2,0,2,0,0
0x7b0801,0%,2,0,2,0,2,0,0
0x616d56,96.1538%,2,50,52,0,0,2,50
0x6448d4,99.0385%,2,206,208,156,0,2,50
0x686544,0%,2,0,2,0,2,0,0
0xa3a060,50%,2,2,4,0,1,1,2
0x6323e3,0%,2,0,2,0,2,0,0
0x64af27,0%,2,0,2,0,0,2,0
0x6864ef,0%,2,0,2,0,2,0,0
0x643fa5,96.1538%,2,50,52,50,2,0,0
0x63bad7,97.7273%,2,86,88,6,2,0,80
0x65c0a4,96.1538%,2,50,52,50,0,2,0
0x7b1d1a,0%,2,0,2,0,2,0,0
0x645bf3,99.9808%,2,10398,10400,0,0,2,10398
0x5ef9dc,0%,2,0,2,0,0,2,0
0xa394dc,71.4286%,2,5,7,0,0,2,5
0x9e14e5,97.9167%,2,94,96,0,0,2,94
0x5ef8d7,0%,2,0,2,0,2,0,0
0x76fec6,0%,2,0,2,0,0,2,0
0x639bf8,98%,2,98,100,0,0,2,98
0x5ef73c,0%,2,0,2,0,0,2,0
0x75c439,0%,2,0,2,0,0,2,0
0x64bb0e,0%,2,0,2,0,2,0,0
0xa3a2ce,50%,2,2,4,2,2,0,0
0x643863,0%,2,0,2,0,0,2,0
0x5f60f9,97.3684%,2,74,76,0,0,2,74
0x64995a,0%,2,0,2,0,0,2,0
0xa38b13,66.6667%,2,4,6,4,2,0,0
0x772d5b,0%,2,0,2,0,2,0,0
0x64747f,96.1538%,2,50,52,0,0,2,50
0x598f2e,80%,2,8,10,8,0,2,0
0x64e193,99.6%,2,498,500,0,0,2,498
0x76b0f5,98.4127%,2,124,126,124,2,0,0
0x5990b6,50%,2,2,4,2,2,0,0
0x772e34,0%,2,0,2,0,2,0,0
0x4ba392,0%,2,0,2,0,0,2,0
0x67abc9,0%,2,0,2,0,0,2,0
0x64e3c8,80%,2,8,10,0,0,2,8
0x772ffe,96.1538%,2,50,52,50,2,0,0
0x6f56f2,0%,2,0,2,0,2,0,0
0x64d2d7,99.5%,2,398,400,398,2,0,0
0x9ff013,99.8626%,2,1454,1456,0,0,2,1454
0x5f4cdb,96.2963%,2,52,54,0,0,2,52
0x598d19,96.1538%,2,50,52,50,0,2,0
0x7b3551,0%,2,0,2,0,2,0,0
0x63becd,99.0385%,2,206,208,0,0,2,206
0x599068,98.0769%,2,102,104,0,0,2,102
0x605599,0%,2,0,2,0,2,0,0
0x7b0ea5,96.1538%,2,50,52,0,0,2,50
0x7b001b,0%,2,0,2,0,0,2,0
0x5e7388,75%,2,6,8,6,0,2,0
0x66774b,96.1538%,2,50,52,50,0,2,0
0x5f239e,96.1538%,2,50,52,50,0,2,0
0xa39603,71.4286%,2,5,7,5,2,0,0
0x66e3f2,75%,2,6,8,6,0,2,0
0x5f6a87,94.7368%,2,36,38,0,0,2,36
0x646c58,0%,2,0,2,0,0,2,0
0x5f051f,0%,2,0,2,0,0,2,0
0x75fb8a,66.6667%,2,4,6,4,0,2,0
0xa43c98,99.9812%,2,10623,10625,0,0,2,10623
0x5f6a77,97.3684%,2,74,76,38,0,2,36
0x5f6a5f,94.7368%,2,36,38,0,0,2,36
0x7b2d2f,0%,2,0,2,0,2,0,0
0x7b3ab8,0%,2,0,2,0,2,0,0
0x75f8b9,0%,2,0,2,0,0,2,0
0x5f15c2,94.7368%,2,36,38,0,0,2,36
0x5f69e5,94.7368%,2,36,38,36,2,0,0
0x7b2aea,0%,2,0,2,0,0,2,0
0x76fe38,75%,2,6,8,2,2,0,4
0x5f6637,99.8051%,2,1024,1026,0,0,2,1024
0x64705f,96.1538%,2,50,52,0,0,2,50
0x8c50c3,99.9231%,2,2598,2600,0,0,2,2598
0x67b1c4,75%,2,6,8,6,0,2,0
0x5f4467,33.3333%,2,1,3,1,1,1,0
0x64996c,0%,2,0,2,0,0,2,0
0x772b81,96.1538%,2,50,52,50,0,2,0
0x67af7b,75%,2,6,8,6,0,2,0
0x64879b,75%,2,6,8,6,0,2,0
0x5f54f8,50%,2,2,4,2,0,2,0
0x6427f3,96.1538%,2,50,52,0,0,2,50
0x5e6e62,0%,2,0,2,0,0,2,0
0x6454cc,0%,2,0,2,0,0,2,0
0x8bf3c2,99.9231%,2,2598,2600,0,0,2,2598
0xa39de1,50%,2,2,4,2,1,1,0
0x63be44,99.9808%,2,10398,10400,0,0,2,10398
0x5f3aad,50%,2,2,4,0,2,0,2
0x4b9ed8,96.875%,2,62,64,62,2,0,0
0x5e6cb1,75%,2,6,8,6,0,2,0
0x608fd2,99.0991%,2,220,222,220,2,0,0
0x63be84,75%,2,6,8,0,0,2,6
0xa22c32,98.0952%,2,103,105,103,2,0,0
0x64555a,96.1538%,2,50,52,50,0,2,0
0x598c85,85.7143%,2,12,14,0,2,0,12
0x5e6a42,99.8519%,2,1348,1350,0,0,2,1348
0x7ceed8,0%,2,0,2,0,2,0,0
0x63bd6c,75%,2,6,8,0,0,2,6
0x66f372,75%,2,6,8,5,1,1,1
0x64e189,80%,2,8,10,0,0,2,8
0x66f906,85.7143%,2,12,14,0,0,2,12
0x5e64b5,96%,2,48,50,48,0,2,0
0x5e6107,0%,2,0,2,0,0,2,0
0x64d00d,75%,2,6,8,6,0,2,0
0x7735cc,0%,2,0,2,0,2,0,0
0x76f85b,71.4286%,2,5,7,0,1,1,5
0x63859f,99.2218%,2,255,257,0,0,2,255
0x5e76cf,84.6154%,2,11,13,0,0,2,11
0x644bfc,0%,2,0,2,0,0,2,0
0x65fc59,99.0385%,2,206,208,0,0,2,206
0x5e74d3,75%,2,6,8,0,0,2,6
0x5e738c,0%,2,0,2,0,0,2,0
0xa43d79,99.9812%,2,10623,10625,0,0,2,10623
0x5e72b0,0%,2,0,2,0,2,0,0
0x7b0b78,94.8718%,2,37,39,37,2,0,0
0x65ae3a,0%,2,0,2,0,0,2,0
0x927356,80%,2,8,10,0,1,1,8
0x6458ec,96.1538%,2,50,52,0,0,2,50
0x9610a3,98.7421%,2,157,159,0,0,2,157
0x778cc3,99%,2,198,200,0,0,2,198
0x77341b,96.1538%,2,50,52,50,2,0,0
0x63523e,97.5%,2,78,80,78,0,2,0
0x64b67f,0%,2,0,2,0,0,2,0
0x650ba8,0%,2,0,2,0,2,0,0
0x9f8cce,99.2337%,2,259,261,0,0,2,259
0x67b3d9,0%,2,0,2,0,0,2,0
0x5e708f,0%,2,0,2,0,2,0,0
0x5e7069,50%,2,2,4,2,0,2,0
0x5e7028,96.2963%,2,52,54,52,0,2,0
0x64f983,0%,2,0,2,0,0,2,0
0x686a7b,99.0385%,2,206,208,156,0,2,50
0x6873a3,0%,2,0,2,0,2,0,0
0x76dc65,95.4545%,2,42,44,42,0,2,0
0x687176,0%,2,0,2,0,0,2,0
0x6490dc,97.619%,2,82,84,0,0,2,82
0x64718f,96.1538%,2,50,52,0,0,2,50
0x7651fd,0%,2,0,2,0,2,0,0
0x8beefe,99.0385%,2,206,208,206,2,0,0
0x686eab,96.1538%,2,50,52,50,0,2,0
0x686b49,96.1538%,2,50,52,50,2,0,0
0x4030f7,92.3077%,2,24,26,24,2,0,0
0x597d85,90%,2,18,20,18,0,2,0
0x598ebf,93.75%,2,30,32,0,0,2,30
0x66eeeb,97.5%,2,78,80,78,0,2,0
0x5f770f,50%,2,2,4,2,0,2,0
0x5f3fae,87.5%,2,14,16,0,0,2,14
0x7b0104,0%,2,0,2,0,0,2,0
0x63a0aa,75%,2,6,8,6,0,2,0
0x646047,0%,2,0,2,0,0,2,0
0x42a848,95.2381%,2,40,42,40,2,0,0
0x64faf8,99.95%,2,3998,4000,0,0,2,3998
0x64609e,0%,2,0,2,0,0,2,0
0x9e1b35,0%,2,0,2,0,2,0,0
0x7e70ed,0%,2,0,2,0,2,0,0
0x67b254,75%,2,6,8,6,0,2,0
0x65a782,0%,2,0,2,0,0,2,0
0x663fda,97.619%,2,82,84,82,0,2,0
0x7b3fa0,96.1538%,2,50,52,0,0,2,50
0x76fa7a,71.4286%,2,5,7,5,2,0,0
0x7b0510,0%,2,0,2,0,2,0,0
0x5f3ad5,50%,2,2,4,0,2,0,2
0x760c10,0%,2,0,2,0,0,2,0
0x681fb9,50%,2,2,4,0,0,2,2
0x7e883c,0%,2,0,2,0,0,2,0
0x645913,99.9808%,2,10398,10400,10398,2,0,0
0x8bf223,98%,2,98,100,98,2,0,0
0x5f3cdc,60%,2,3,5,0,0,2,3
0x8a4a96,50%,2,2,4,1,1,1,1
0x96139f,98.7421%,2,157,159,0,0,2,157
0x773fe8,0%,2,0,2,0,2,0,0
0x5da555,0%,2,0,2,0,0,2,0
0x645bdb,96.1538%,2,50,52,0,0,2,50
0x5da4b3,0%,2,0,2,0,0,2,0
0x5da492,96.1538%,2,50,52,50,0,2,0
0x5da32a,0%,2,0,2,0,2,0,0
0x6346ad,0%,2,0,2,0,0,2,0
0x66b552,99.0385%,2,206,208,156,0,2,50
0x75d114,0%,2,0,2,0,0,2,0
0x5da31a,50%,2,2,4,0,2,0,2
0x7b3f92,99.0385%,2,206,208,156,0,2,50
0x76fc06,71.4286%,2,5,7,4,0,2,1
0x7cb5ef,0%,2,0,2,0,2,0,0
0x8c4140,98%,2,98,100,0,0,2,98
0x62f88f,0%,2,0,2,0,0,2,0
0x67a0e8,0%,2,0,2,0,0,2,0
0x7cd641,96.1538%,2,50,52,50,2,0,0
0x63c843,99.2218%,2,255,257,0,0,2,255
0x76873a,83.3333%,2,10,12,10,2,0,0
0x7634c6,95.4545%,2,42,44,0,0,2,42
0x75d7d0,0%,2,0,2,0,2,0,0
0x635bde,75%,2,6,8,6,0,2,0
0x6400a6,0%,2,0,2,0,0,2,0
0x6181c8,99.9494%,2,3950,3952,3950,2,0,0
0xa0eee8,99.9731%,2,7434,7436,7434,2,0,0
0x8c1493,99.5%,2,398,400,398,2,0,0
0x67ad7d,75%,2,6,8,6,2,0,0
0x62f560,0%,2,0,2,0,0,2,0
0x6552c3,99.9852%,2,13513,13515,0,0,2,13513
0x9ff099,85.7143%,2,12,14,12,2,0,0
0x62f49b,0%,2,0,2,0,0,2,0
0x62f47c,0%,2,0,2,0,0,2,0
0x62f267,0%,2,0,2,0,0,2,0
0x92a3e2,99.9587%,2,4845,4847,4686,2,0,159
0x62f3d6,0%,2,0,2,0,0,2,0
0x665b33,96.1538%,2,50,52,0,0,2,50
0x62f2c7,0%,2,0,2,0,0,2,0
0x65abbc,75%,2,6,8,6,2,0,0
0x60879b,95.4545%,2,42,44,0,0,2,42
0x65fce8,99.0385%,2,206,208,206,2,0,0
0x6051cc,0%,2,0,2,0,2,0,0
0x646def,0%,2,0,2,0,0,2,0
0x949ff0,75%,2,6,8,6,0,2,0
0x75d674,75%,2,6,8,6,0,2,0
0x62fe52,0%,2,0,2,0,0,2,0
0x761877,95.4545%,2,42,44,42,0,2,0
0x75ca14,0%,2,0,2,0,2,0,0
0x7ab027,96.1538%,2,50,52,50,0,2,0
0x7cd871,96.1538%,2,50,52,50,2,0,0
0x42962f,75%,2,6,8,0,0,2,6
0x59584b,95.2381%,2,40,42,40,2,0,0
0x632459,95%,2,38,40,38,0,2,0
0x62fc4d,0%,2,0,2,0,0,2,0
0x640f39,75%,2,6,8,6,0,2,0
0x94a0b1,0%,2,0,2,0,2,0,0
0x5984ac,98.0769%,2,102,104,0,0,2,102
0x64c2f0,75%,2,6,8,0,0,2,6
0x63ed44,0%,2,0,2,0,0,2,0
0x68884d,0%,2,0,2,0,0,2,0
0x639e50,0%,2,0,2,0,0,2,0
0xa30825,99.9902%,2,20357,20359,0,0,2,20357
0x652698,99.8927%,2,1862,1864,0,0,2,1862
0x62f9fe,0%,2,0,2,0,0,2,0
0x89fbed,93.75%,2,30,32,24,0,2,6
0x7d0636,96.1538%,2,50,52,50,0,2,0
0xa7a6dd,99.2218%,2,255,257,0,0,2,255
0x7cdb91,96.1538%,2,50,52,50,2,0,0
0x667a08,96.1538%,2,50,52,50,0,2,0
0x6679b3,96.1538%,2,50,52,0,0,2,50
0x7afd9d,98.0769%,2,102,104,51,1,1,51
0x76a612,0%,2,0,2,0,0,2,0
0x5e83f1,99.3377%,2,300,302,300,2,0,0
0x65139b,0%,2,0,2,0,0,2,0
0x769172,50%,2,2,4,2,2,0,0
0x5da79e,96.1538%,2,50,52,50,0,2,0
0x76fb0a,71.4286%,2,5,7,5,2,0,0
0x7bd545,80%,2,8,10,0,0,2,8
0x667723,99.0385%,2,206,208,206,2,0,0
0x6676f8,96.1538%,2,50,52,50,0,2,0
0x64357b,96.1538%,2,50,52,0,0,2,50
0x7cf2b8,98.0769%,2,102,104,50,2,0,52
0x656a93,95%,2,38,40,38,0,2,0
0x5f404b,60%,2,3,5,0,1,1,3
0x6473bf,96.1538%,2,50,52,50,0,2,0
0x605d5d,90.9091%,2,20,22,20,2,0,0
0x7cc13d,0%,2,0,2,0,2,0,0
0x649891,0%,2,0,2,0,0,2,0
0x6514dc,95%,2,38,40,30,0,2,8
0x686b90,96.1538%,2,50,52,50,0,2,0
0x8c4adf,99.9231%,2,2598,2600,0,0,2,2598
0x62f1a2,0%,2,0,2,0,0,2,0
0x681cee,0%,2,0,2,0,0,2,0
0x8c4765,99.6%,2,498,500,0,0,2,498
0x77857e,99.6875%,2,638,640,0,0,2,638
0x7cd0d3,0%,2,0,2,0,2,0,0
0x681c6c,0%,2,0,2,0,0,2,0
0x7a9816,98%,2,98,100,0,0,2,98
0x7cd03b,96.1538%,2,50,52,0,0,2,50
0x7e7621,96.1538%,2,50,52,50,0,2,0
0x64aacc,98%,2,98,100,0,0,2,98
0x65564f,99.9926%,2,27028,27030,13515,0,2,13513
0x648b73,75%,2,6,8,6,0,2,0
0x65adc1,75%,2,6,8,6,0,2,0
0x62e97e,0%,2,0,2,0,0,2,0
0x7b27a3,96.1538%,2,50,52,0,0,2,50
0x5fca4b,97.7273%,2,86,88,80,0,2,6
0x7e7c8d,99.0385%,2,206,208,156,0,2,50
0x7780a3,99.7596%,2,830,832,830,2,0,0
0x8a00b2,0%,2,0,2,0,2,0,0
0x76cf86,0%,2,0,2,0,2,0,0
0x761bd0,94.7368%,2,36,38,0,0,2,36
0x67a54e,75%,2,6,8,6,0,2,0
0x632c42,0%,2,0,2,0,0,2,0
0x667a70,0%,2,0,2,0,0,2,0
0x7ce0f1,96.1538%,2,50,52,50,2,0,0
0x659f8d,0%,2,0,2,0,2,0,0
0x630fa7,96.1538%,2,50,52,0,0,2,50
0x658c7d,0%,2,0,2,0,2,0,0
0x8c3213,98%,2,98,100,98,2,0,0
0x76779f,0%,2,0,2,0,0,2,0
0x630f80,0%,2,0,2,0,0,2,0
0x7b1454,96.1538%,2,50,52,50,0,2,0
0x630f51,87.5%,2,14,16,13,1,1,1
0x6443f6,99.9808%,2,10398,10400,10398,2,0,0
0x618024,99.9494%,2,3950,3952,0,0,2,3950
0x64af22,96.1538%,2,50,52,50,0,2,0
0x6867bc,0%,2,0,2,0,2,0,0
0x635978,0%,2,0,2,0,0,2,0
0x648987,75%,2,6,8,6,0,2,0
0xa394d2,71.4286%,2,5,7,5,2,0,0
0x75863c,97.6471%,2,83,85,83,2,0,0
0x64eff3,99.0385%,2,206,208,0,0,2,206
0x66b862,96.1538%,2,50,52,50,0,2,0
0x6509a6,0%,2,0,2,0,2,0,0
0x636f1c,99.2218%,2,255,257,0,0,2,255
0x5ed0db,0%,2,0,2,0,2,0,0
0x630a36,0%,2,0,2,0,0,2,0
0x5efca6,96%,2,48,50,0,0,2,48
0x616fba,99.0385%,2,206,208,156,0,2,50
0x7619a0,96.2963%,2,52,54,0,1,1,52
0xa43be4,99.9812%,2,10623,10625,10623,2,0,0
0x7ce24c,96.1538%,2,50,52,50,0,2,0
0x7cf6bf,0%,2,0,2,0,2,0,0
0x59877b,99.8397%,2,1246,1248,0,0,2,1246
0x65129c,99.9583%,2,4798,4800,4798,2,0,0
0x926b2b,71.4286%,2,5,7,5,2,0,0
0x631252,0%,2,0,2,0,0,2,0
0x63124d,96.1538%,2,50,52,50,0,2,0
0x5f53e1,99.9499%,2,3988,3990,3780,0,2,208
0x5ef85b,0%,2,0,2,0,0,2,0
0x631162,0%,2,0,2,0,0,2,0
0x631137,96.1538%,2,50,52,0,0,2,50
0xa3a5cc,50%,2,2,4,0,0,2,2
0x7cdfd1,96.1538%,2,50,52,50,2,0,0
0x75c97c,95%,2,38,40,29,1,1,9
0x597eac,75%,2,6,8,0,0,2,6
0x6300c6,0%,2,0,2,0,0,2,0
0xa90ecb,99.784%,2,924,926,0,0,2,924
0x774c19,96.1538%,2,50,52,50,2,0,0
0x8c11a3,99.4898%,2,390,392,390,2,0,0
0x6550f6,99.9794%,2,9693,9695,0,0,2,9693
0x597f0c,75%,2,6,8,6,0,2,0
0x630fd2,0%,2,0,2,0,0,2,0
0x7607e0,0%,2,0,2,0,2,0,0
0x660860,0%,2,0,2,0,2,0,0
0x42ae7d,91.6667%,2,22,24,0,0,2,22
0x928d7c,98.7421%,2,157,159,0,0,2,157
0x65aefc,75%,2,6,8,6,2,0,0
0x595958,95.2381%,2,40,42,40,2,0,0
0x7562eb,99.4949%,2,394,396,0,0,2,394
0x6303e6,0%,2,0,2,0,0,2,0
0x64f1f3,99.9939%,2,32638,32640,0,0,2,32638
0x6303bf,0%,2,0,2,0,0,2,0
0x62f3b7,0%,2,0,2,0,0,2,0
0x631600,0%,2,0,2,0,0,2,0
0x6181c0,99.9494%,2,3950,3952,0,0,2,3950
0x63027f,0%,2,0,2,0,0,2,0
0x5f4849,94.2857%,2,33,35,0,0,2,33
0x59596a,95.2381%,2,40,42,40,2,0,0
0x644aaf,96.1538%,2,50,52,50,0,2,0
0x7cd2ef,0%,2,0,2,0,2,0,0
0x6573a2,0%,2,0,2,0,0,2,0
0x7cd9bc,96.1538%,2,50,52,50,0,2,0
0x669e98,96.1538%,2,50,52,50,0,2,0
0x5fcdf9,97.7273%,2,86,88,86,2,0,0
0x42bc5c,66.6667%,2,4,6,4,2,0,0
0x63f6fc,0%,2,0,2,0,0,2,0
0x761c2c,94.5946%,2,35,37,31,1,1,4
0x62ff3f,0%,2,0,2,0,0,2,0
0x949fdb,75%,2,6,8,6,2,0,0
0x630719,0%,2,0,2,0,0,2,0
0x5f327b,93.75%,2,30,32,0,0,2,30
0x62ebde,0%,2,0,2,0,0,2,0
0x7b43bd,0%,2,0,2,0,0,2,0
0x76780f,50%,2,2,4,2,2,0,0
0x65a84b,0%,2,0,2,0,0,2,0
0x62ebbe,0%,2,0,2,0,0,2,0
0x633291,99.9808%,2,10398,10400,7800,0,2,2598
0x403ff4,66.6667%,2,4,6,4,2,0,0
0x636548,99.2218%,2,255,257,0,0,2,255
0x65b067,0%,2,0,2,0,0,2,0
0x8a7ca5,80%,2,8,10,0,0,2,8
0x7679b4,50%,2,2,4,2,2,0,0
0x6579bd,0%,2,0,2,0,0,2,0
0x767a26,50%,2,2,4,0,0,2,2
0x630699,0%,2,0,2,0,0,2,0
0x7785ff,98.75%,2,158,160,158,2,0,0
0x76adc8,0%,2,0,2,0,2,0,0
0xa22493,99.8614%,2,1441,1443,0,2,0,1441
0x76f4bd,85.7143%,2,12,14,4,2,0,8
0xa48252,99.9812%,2,10623,10625,0,0,2,10623
0x59597c,95.2381%,2,40,42,40,2,0,0
0x649a07,0%,2,0,2,0,0,2,0
0x5ac6d3,99.7305%,2,740,742,0,0,2,740
0x640279,75%,2,6,8,6,0,2,0
0x63f2e0,0%,2,0,2,0,0,2,0
0x63b371,0%,2,0,2,0,0,2,0
0x65abd1,75%,2,6,8,6,0,2,0
0x7cd284,0%,2,0,2,0,2,0,0
0x686ae3,96.1538%,2,50,52,0,0,2,50
0x41cbc7,96.875%,2,62,64,0,0,2,62
0x637d00,99.9701%,2,6680,6682,6680,2,0,0
0x65922c,96.1538%,2,50,52,0,0,2,50
0x7cf091,96.1538%,2,50,52,50,2,0,0
0x63aee6,83.3333%,2,10,12,10,0,2,0
0x65bf89,0%,2,0,2,0,0,2,0
0x8c53e3,99.9231%,2,2598,2600,0,0,2,2598
0x666293,96.1538%,2,50,52,0,0,2,50
0x67ac05,75%,2,6,8,6,0,2,0
0x65c1ca,0%,2,0,2,0,0,2,0
0x650bca,0%,2,0,2,0,2,0,0
0x7b3843,96.1538%,2,50,52,50,2,0,0
0x75d31c,95.4545%,2,42,44,42,0,2,0
0x6e67ad,0%,2,0,2,0,0,2,0
0x666252,96.1538%,2,50,52,50,0,2,0
0x5ecdb2,96.1538%,2,50,52,0,0,2,50
0x8befbb,96.1538%,2,50,52,50,2,0,0
0x7cf687,0%,2,0,2,0,2,0,0
0x614a7a,99.2481%,2,264,266,0,0,2,264
0x65cec4,96.1538%,2,50,52,50,0,2,0
0x650a14,0%,2,0,2,0,2,0,0
0x7598e6,96.1538%,2,50,52,50,0,2,0
0x593a77,75%,2,6,8,0,0,2,6
0x593a43,75%,2,6,8,6,2,0,0
0x7b1c40,0%,2,0,2,0,2,0,0
0x67a268,75%,2,6,8,0,0,2,6
0x593a0c,75%,2,6,8,6,2,0,0
0x6031b6,90.9091%,2,20,22,0,0,2,20
0x613d86,91.6667%,2,22,24,0,2,0,22
0x659f06,0%,2,0,2,0,2,0,0
0x66fe80,99.0385%,2,206,208,0,0,2,206
0x75d32a,0%,2,0,2,0,0,2,0
0x635222,0%,2,0,2,0,0,2,0
0x8c59f2,99.6%,2,498,500,0,0,2,498
0x657466,0%,2,0,2,0,0,2,0
0xa3958f,71.4286%,2,5,7,5,2,0,0
0x67aa7d,75%,2,6,8,6,2,0,0
0x7e7dba,0%,2,0,2,0,2,0,0
0x8c5620,99.6%,2,498,500,0,0,2,498
0x64f216,99.9939%,2,32638,32640,0,0,2,32638
0x687718,0%,2,0,2,0,2,0,0
0x6e6814,0%,2,0,2,0,2,0,0
0x64fc54,96.1538%,2,50,52,50,0,2,0
0x8bcf0d,0%,2,0,2,0,2,0,0
0x42a9cd,85.7143%,2,12,14,12,2,0,0
0x7cde43,96.1538%,2,50,52,0,0,2,50
0x62ea9e,0%,2,0,2,0,0,2,0
0x7aff86,0%,2,0,2,0,0,2,0
0x660ccf,0%,2,0,2,0,2,0,0
0x614b7d,99.9711%,2,6914,6916,0,0,2,6914
0x6087f3,98.8636%,2,174,176,0,0,2,174
0x6f53dc,96.1538%,2,50,52,50,0,2,0
0xa38b76,95%,2,38,40,0,0,2,38
0x4ba178,0%,2,0,2,0,2,0,0
0x605294,0%,2,0,2,0,2,0,0
0x7b2d08,0%,2,0,2,0,2,0,0
0x5f0825,0%,2,0,2,0,0,2,0
0x62f765,0%,2,0,2,0,0,2,0
0x65acec,85.7143%,2,12,14,12,0,2,0
0x5f2ac9,0%,2,0,2,0,2,0,0
0x7b44bb,0%,2,0,2,0,0,2,0
0x665a82,96.1538%,2,50,52,50,0,2,0
0x7b3a69,0%,2,0,2,0,2,0,0
0x75e61e,95.4545%,2,42,44,42,0,2,0
0x614bc6,99.9711%,2,6914,6916,6914,2,0,0
0x9ff0d6,99.4286%,2,348,350,348,2,0,0
0x660d1d,0%,2,0,2,0,2,0,0
0x634af5,0%,2,0,2,0,0,2,0
0x66f737,0%,2,0,2,0,0,2,0
0x7cf357,96.1538%,2,50,52,50,0,2,0
0x66549e,0%,2,0,2,0,0,2,0
0x96139a,98.7421%,2,157,159,0,0,2,157
0xa30869,99.9879%,2,16577,16579,16577,2,0,0
0x6d8e4b,87.5%,2,14,16,0,0,2,14
0x5f12ab,96.2963%,2,52,54,0,0,2,52
0x6661c2,96.2963%,2,52,54,52,0,2,0
0x75f627,0%,2,0,2,0,2,0,0
0x666192,96.2963%,2,52,54,52,0,2,0
0x65a003,0%,2,0,2,0,2,0,0
0x685157,66.6667%,2,4,6,4,2,0,0
0x95a422,96.1538%,2,50,52,50,0,2,0
0x64ed03,99.8438%,2,1278,1280,0,0,2,1278
0x608c0a,95.4545%,2,42,44,42,0,2,0
0x9e1582,97.9167%,2,94,96,94,2,0,0
0x7b1c8e,0%,2,0,2,0,2,0,0
0x959e52,96.1538%,2,50,52,0,0,2,50
0x8c5f1f,98%,2,98,100,0,0,2,98
0xa7699f,99.9958%,2,47676,47678,47676,2,0,0
0x8bee58,96.1538%,2,50,52,0,0,2,50
0x5f065e,0%,2,0,2,0,2,0,0
0x632545,94.7368%,2,36,38,36,0,2,0
0x7bc81c,0%,2,0,2,0,0,2,0
0x7afc91,96.1538%,2,50,52,50,2,0,0
0x76154b,0%,2,0,2,0,0,2,0
0x7d05a5,96.1538%,2,50,52,50,0,2,0
0x666023,96.1538%,2,50,52,0,0,2,50
0x633eed,97.5%,2,78,80,78,0,2,0
0x5f0787,0%,2,0,2,0,0,2,0
0xa24bc2,98.4%,2,123,125,123,2,0,0
0x65ab41,99.7768%,2,894,896,671,1,1,223
0x7bc88c,96.1538%,2,50,52,50,2,0,0
0x666d50,75%,2,6,8,0,0,2,6
0x9ff19f,93.3333%,2,28,30,9,1,1,19
0x6432fb,96.1538%,2,50,52,0,0,2,50
0x7aab54,0%,2,0,2,0,2,0,0
0x63bc46,99.0385%,2,206,208,0,0,2,206
0x772a64,0%,2,0,2,0,2,0,0
0x5aca8b,50%,2,2,4,2,2,0,0
0x75f309,0%,2,0,2,0,2,0,0
0x62ea1e,0%,2,0,2,0,0,2,0
0x9fa965,99.9859%,2,14154,14156,14154,2,0,0
0x666d68,75%,2,6,8,0,0,2,6
0x659263,0%,2,0,2,0,0,2,0
0x66b06c,96.1538%,2,50,52,0,0,2,50
0x7d013a,0%,2,0,2,0,2,0,0
0x774d46,0%,2,0,2,0,2,0,0
0x643a11,0%,2,0,2,0,0,2,0
0x597a7b,94.1176%,2,32,34,0,0,2,32
0x66f317,0%,2,0,2,0,0,2,0
0x7ccc8c,0%,2,0,2,0,2,0,0
0x7615c3,0%,2,0,2,0,0,2,0
0x64fd17,0%,2,0,2,0,0,2,0
0x7ebc6d,0%,2,0,2,0,2,0,0
0x646e9f,96.1538%,2,50,52,0,0,2,50
0x62103e,94.7368%,2,36,38,0,0,2,36
0x42a4d8,75%,2,6,8,6,2,0,0
0x8c494c,99.9846%,2,12998,13000,0,0,2,12998
0x64185c,75%,2,6,8,6,0,2,0
0x65532f,99.9699%,2,6642,6644,6576,0,2,66
0x76920c,83.3333%,2,10,12,0,0,2,10
0x667389,96.1538%,2,50,52,50,0,2,0
0x61705c,96.1538%,2,50,52,50,0,2,0
0x7616b6,0%,2,0,2,0,0,2,0
0x66730b,96.1538%,2,50,52,0,0,2,50
0x66723f,96.1538%,2,50,52,50,0,2,0
0x656e65,0%,2,0,2,0,0,2,0
0x667200,96.1538%,2,50,52,0,0,2,50
0x67a57e,75%,2,6,8,5,1,1,1
0x666f85,96.1538%,2,50,52,0,0,2,50
0x7748ab,0%,2,0,2,0,2,0,0
0x6678f0,0%,2,0,2,0,0,2,0
0x7a90aa,87.5%,2,14,16,0,2,0,14
0x7b009b,0%,2,0,2,0,0,2,0
0x7ccd8a,66.6667%,2,4,6,0,0,2,4
0x63ecf0,0%,2,0,2,0,0,2,0
0x635bbe,75%,2,6,8,6,0,2,0
0x765108,50%,2,2,4,2,0,2,0
0x772b3a,96.1538%,2,50,52,50,2,0,0
0x5f7bbe,0%,2,0,2,0,2,0,0
0x961333,98.7421%,2,157,159,0,0,2,157
0x7e6608,0%,2,0,2,0,0,2,0
0x669db3,96.1538%,2,50,52,0,0,2,50
0x6f5561,0%,2,0,2,0,2,0,0
0x6f5508,0%,2,0,2,0,2,0,0
0x757bb3,96.1538%,2,50,52,0,0,2,50
0x644d48,0%,2,0,2,0,0,2,0
0x665af2,96.1538%,2,50,52,50,0,2,0
0x5f0a4c,98.913%,2,182,184,0,0,2,182
0x6464ef,0%,2,0,2,0,0,2,0
0x594231,75%,2,6,8,6,2,0,0
0x65cd86,99.9808%,2,10398,10400,7798,2,0,2600
0x6e6b4d,80%,2,8,10,8,2,0,0
0x8c5402,99.9231%,2,2598,2600,0,0,2,2598
0x6509f2,0%,2,0,2,0,2,0,0
0x593d6c,75%,2,6,8,0,0,2,6
0x5f240f,0%,2,0,2,0,2,0,0
0x8c6143,99.9846%,2,12998,13000,12998,2,0,0
0x6da745,0%,2,0,2,0,2,0,0
0x65a49a,0%,2,0,2,0,0,2,0
0x593c43,75%,2,6,8,0,0,2,6
0x65b6b8,96.1538%,2,50,52,50,0,2,0
0x659fe1,0%,2,0,2,0,2,0,0
0xa769fb,99.9906%,2,21276,21278,0,0,2,21276
0x593acd,75%,2,6,8,0,0,2,6
0x6f4cef,96.1538%,2,50,52,0,0,2,50
0x5f30fd,0%,2,0,2,0,2,0,0
0x75d6c9,0%,2,0,2,0,0,2,0
0x8c4f88,98%,2,98,100,0,0,2,98
0x61699c,96.1538%,2,50,52,50,0,2,0
0x7e74aa,66.6667%,2,4,6,4,0,2,0
0x6f5219,99.0385%,2,206,208,156,0,2,50
0x8a004a,0%,2,0,2,0,0,2,0
0x598847,97.9167%,1,47,48,0,0,1,47
0xa397b3,85.7143%,1,6,7,6,1,0,0
0x7af874,50%,1,1,2,0,0,1,1
0x5ea44c,99.422%,1,172,173,172,1,0,0
0x66b53c,98.0769%,1,51,52,0,0,1,51
0x9f7e6d,87.5%,1,7,8,0,0,1,7
0x95a803,98.0769%,1,51,52,0,0,1,51
0x7d06f7,98.0769%,1,51,52,0,0,1,51
0x95a7b3,50%,1,1,2,1,1,0,0
0x642b4a,98.0769%,1,51,52,51,1,0,0
0x65986c,98.0769%,1,51,52,0,0,1,51
0x8bf001,98.0769%,1,51,52,0,0,1,51
0x6699b3,98.0769%,1,51,52,0,0,1,51
0x64b61a,50%,1,1,2,0,0,1,1
0x64460b,50%,1,1,2,0,0,1,1
0x95aa1f,50%,1,1,2,0,0,1,1
0x7d0617,98.0769%,1,51,52,0,0,1,51
0x926c1a,99.0196%,1,101,102,88,0,1,13
0x76bee8,97.7273%,1,43,44,0,0,1,43
0x8a4cac,87.5%,1,7,8,7,1,0,0
0x64f15a,99.8775%,1,815,816,0,0,1,815
0x64d623,96.875%,1,31,32,31,1,0,0
0x95aa64,98.0769%,1,51,52,0,0,1,51
0x7b2cd9,50%,1,1,2,1,1,0,0
0x95aab7,98.0769%,1,51,52,0,0,1,51
0x658a51,50%,1,1,2,0,0,1,1
0x758826,98.0769%,1,51,52,51,1,0,0
0x762df2,50%,1,1,2,0,0,1,1
0x65141c,96.875%,1,31,32,31,1,0,0
0x76aeb0,50%,1,1,2,1,1,0,0
0x62f2f2,50%,1,1,2,0,0,1,1
0x5f63cd,99.9025%,1,1025,1026,0,0,1,1025
0x640619,50%,1,1,2,0,0,1,1
0x75d782,50%,1,1,2,0,0,1,1
0xa3098b,99.9866%,1,7435,7436,7435,1,0,0
0x63ecab,50%,1,1,2,0,0,1,1
0x644a21,50%,1,1,2,0,0,1,1
0x64de98,99.9938%,1,15999,16000,0,0,1,15999
0x65b51a,50%,1,1,2,0,0,1,1
0x641674,50%,1,1,2,1,1,0,0
0x64193e,50%,1,1,2,1,1,0,0
0xa3a620,75%,1,3,4,0,0,1,3
0x63a119,87.5%,1,7,8,0,0,1,7
0x5ed4ef,50%,1,1,2,0,0,1,1
0x6415c5,50%,1,1,2,0,0,1,1
0x5987c7,99.9199%,1,1247,1248,0,0,1,1247
0x8c202f,50%,1,1,2,0,0,1,1
0x659f33,50%,1,1,2,1,1,0,0
0x67ba39,50%,1,1,2,0,0,1,1
0x67ac8d,50%,1,1,2,0,0,1,1
0x59863a,96.875%,1,31,32,31,1,0,0
0x7afdd0,98.0769%,1,51,52,51,1,0,0
0x75cbc2,98.0769%,1,51,52,0,0,1,51
0x645cda,50%,1,1,2,0,0,1,1
0x63a1c8,99%,1,99,100,0,0,1,99
0x641b27,50%,1,1,2,1,1,0,0
0x75ccca,98.0769%,1,51,52,0,0,1,51
0x6507bc,50%,1,1,2,0,0,1,1
0x614dde,99.9855%,1,6915,6916,0,0,1,6915
0x7b161f,98.0769%,1,51,52,0,0,1,51
0x596c8a,99.359%,1,155,156,0,0,1,155
0x762425,97.619%,1,41,42,0,0,1,41
0x6359fa,50%,1,1,2,0,0,1,1
0x63f69d,50%,1,1,2,0,0,1,1
0x67a238,87.5%,1,7,8,0,0,1,7
0x761419,50%,1,1,2,0,0,1,1
0x65a4dd,50%,1,1,2,0,0,1,1
0x76fffd,98.0769%,1,51,52,51,1,0,0
0x7cd6f3,98.0769%,1,51,52,0,0,1,51
0x67b828,50%,1,1,2,0,0,1,1
0x65a3ce,50%,1,1,2,0,0,1,1
0x64b8ac,99.9917%,1,12011,12012,12011,1,0,0
0x66f492,87.5%,1,7,8,6,0,1,1
0x65a333,92.8571%,1,13,14,0,0,1,13
0x660832,50%,1,1,2,1,1,0,0
0x763275,50%,1,1,2,0,0,1,1
0x7614f8,50%,1,1,2,0,0,1,1
0x64bfaf,50%,1,1,2,0,0,1,1
0x659fb7,50%,1,1,2,1,1,0,0
0x7cd504,98.0769%,1,51,52,51,1,0,0
0x5e7896,92.3077%,1,12,13,12,0,1,0
0x67b8f6,50%,1,1,2,0,0,1,1
0x9f7ce2,99.9513%,1,2051,2052,0,0,1,2051
0x75d18e,50%,1,1,2,0,0,1,1
0x5958ff,97.619%,1,41,42,41,1,0,0
0x8c1535,99%,1,99,100,0,0,1,99
0x6042ea,97.7273%,1,43,44,43,1,0,0
0x649136,50%,1,1,2,0,0,1,1
0x688782,50%,1,1,2,0,0,1,1
0x9f8d5e,99.6169%,1,260,261,0,0,1,260
0x598aa0,97.9167%,1,47,48,0,0,1,47
0x6443c2,99.9615%,1,2599,2600,0,0,1,2599
0x64bba2,50%,1,1,2,0,0,1,1
0x65b054,50%,1,1,2,0,0,1,1
0x67abae,87.5%,1,7,8,7,1,0,0
0x595946,97.619%,1,41,42,41,1,0,0
0x9f7d0a,99.951%,1,2041,2042,0,0,1,2041
0x6461ff,50%,1,1,2,0,0,1,1
0x7b223e,50%,1,1,2,0,0,1,1
0x7cdd13,98.0769%,1,51,52,0,0,1,51
0x7b04da,50%,1,1,2,1,1,0,0
0x76ff87,98.0769%,1,51,52,0,0,1,51
0x634391,99.9904%,1,10399,10400,7799,1,0,2600
0xa0eee2,99.9866%,1,7435,7436,0,0,1,7435
0x4298af,99.0654%,1,106,107,0,0,1,106
0x661acd,50%,1,1,2,0,0,1,1
0x8c1f70,50%,1,1,2,0,0,1,1
0x8c187b,50%,1,1,2,1,1,0,0
0x8c1695,0%,1,0,1,0,1,0,0
0x760b0a,97.7273%,1,43,44,0,0,1,43
0x681b8d,98.0769%,1,51,52,0,0,1,51
0x65b4a2,50%,1,1,2,0,0,1,1
0x7616e3,97.7273%,1,43,44,0,0,1,43
0xa7a66e,99.6109%,1,256,257,0,0,1,256
0x761cab,50%,1,1,2,0,0,1,1
0x597bdc,97.0588%,1,33,34,0,0,1,33
0x8c1582,99%,1,99,100,0,0,1,99
0x7edccb,50%,1,1,2,0,0,1,1
0x8c15ab,98.8889%,1,89,90,0,0,1,89
0x8c1565,99%,1,99,100,0,0,1,99
0x6336a1,50%,1,1,2,0,0,1,1
0x8a897e,99.5238%,1,209,210,199,1,0,10
0x7e8e7c,50%,1,1,2,0,0,1,1
0x641b53,50%,1,1,2,0,0,1,1
0x67b32e,87.5%,1,7,8,7,1,0,0
0x760f7d,97.7273%,1,43,44,0,0,1,43
0x75c465,97.7273%,1,43,44,0,0,1,43
0xa79792,98.7805%,1,81,82,81,1,0,0
0x760cb3,97.7273%,1,43,44,0,0,1,43
0x599488,99.8397%,1,623,624,0,0,1,623
0x66e633,50%,1,1,2,0,0,1,1
0x926c63,87.5%,1,7,8,0,0,1,7
0x75d748,87.5%,1,7,8,7,1,0,0
0x7627d6,75%,1,3,4,3,1,0,0
0x8c3344,99%,1,99,100,0,0,1,99
0x646f4e,50%,1,1,2,0,0,1,1
0x67ba81,50%,1,1,2,0,0,1,1
0x8c0bc1,99%,1,99,100,0,0,1,99
0x6354c2,50%,1,1,2,0,0,1,1
0x6637e8,98.0769%,1,51,52,0,0,1,51
0x9f581e,92.8571%,1,13,14,0,0,1,13
0x67b049,50%,1,1,2,0,0,1,1
0x7b1406,98.0769%,1,51,52,51,1,0,0
0x429efc,99.6109%,1,256,257,0,0,1,256
0x67b100,50%,1,1,2,0,0,1,1
0xa39934,85.7143%,1,6,7,0,0,1,6
0x9f5812,92.8571%,1,13,14,0,0,1,13
0x635dca,50%,1,1,2,0,0,1,1
0x8c1283,87.5%,1,7,8,7,1,0,0
0x67b1ae,87.5%,1,7,8,7,1,0,0
0x67b0b8,87.5%,1,7,8,0,0,1,7
0x67aeae,87.5%,1,7,8,7,1,0,0
0x76f2d4,91.6667%,1,11,12,11,1,0,0
0x760d95,97.619%,1,41,42,0,0,1,41
0x7ccc58,50%,1,1,2,0,0,1,1
0x67ac38,87.5%,1,7,8,0,0,1,7
0x7cd833,98.0769%,1,51,52,0,0,1,51
0x7699af,99.7596%,1,415,416,0,0,1,415
0x7b26dd,50%,1,1,2,1,1,0,0
0x5da3bd,50%,1,1,2,0,0,1,1
0x67b70d,50%,1,1,2,0,0,1,1
0x67b6b8,87.5%,1,7,8,0,0,1,7
0x7b010f,50%,1,1,2,1,1,0,0
0x7affa0,50%,1,1,2,0,0,1,1
0x7595a1,0%,1,0,1,0,0,1,0
0x64b5dd,50%,1,1,2,0,0,1,1
0x7ccc81,50%,1,1,2,0,0,1,1
0x403158,83.3333%,1,5,6,5,1,0,0
0x8bf7b9,50%,1,1,2,0,0,1,1
0x9f7dd7,87.5%,1,7,8,0,0,1,7
0x66ebdc,99.9615%,1,2599,2600,0,0,1,2599
0x4b9b2d,91.6667%,1,11,12,0,0,1,11
0x92d5d5,50%,1,1,2,0,0,1,1
0x618003,99.9747%,1,3951,3952,0,0,1,3951
0x60309a,95.4545%,1,21,22,0,0,1,21
0x64599d,50%,1,1,2,0,0,1,1
0x65a4ef,50%,1,1,2,0,0,1,1
0x643b47,50%,1,1,2,0,0,1,1
0xa0f979,99.4318%,1,175,176,175,1,0,0
0x7a911b,93.75%,1,15,16,0,0,1,15
0x67ae9e,87.5%,1,7,8,7,1,0,0
0x76a93d,50%,1,1,2,0,0,1,1
0x429f9b,98.8889%,1,89,90,0,0,1,89
0x67b49e,87.5%,1,7,8,7,1,0,0
0x9277a7,98.9011%,1,90,91,2,0,1,88
0x64458f,99.9904%,1,10399,10400,10399,1,0,0
0x63fd5a,50%,1,1,2,0,0,1,1
0x641a32,50%,1,1,2,0,0,1,1
0x8c5180,99%,1,99,100,0,0,1,99
0x6402d9,50%,1,1,2,0,0,1,1
0xa43bb7,99.9906%,1,10624,10625,0,0,1,10624
0x6585a0,99.9953%,1,21293,21294,20474,1,0,819
0xa309d4,99.9866%,1,7435,7436,7435,1,0,0
0x67ae68,50%,1,1,2,0,0,1,1
0x76b0a0,99.2063%,1,125,126,125,1,0,0
0x949fb6,87.5%,1,7,8,7,1,0,0
0x67b62e,87.5%,1,7,8,7,1,0,0
0x596dc6,83.3333%,1,5,6,0,0,1,5
0x9e0d26,98.913%,1,91,92,0,0,1,91
0x949ee3,50%,1,1,2,0,0,1,1
0x636c5b,99.2063%,1,125,126,0,0,1,125
0x63a852,50%,1,1,2,0,0,1,1
0x656bf0,50%,1,1,2,0,0,1,1
0x95b30c,50%,1,1,2,0,0,1,1
0x8c4c51,99.9615%,1,2599,2600,2599,1,0,0
0x8a4aab,50%,1,1,2,1,1,0,0
0x94a110,50%,1,1,2,0,0,1,1
0x5f41e6,75%,1,3,4,0,0,1,3
0x7aa42a,98%,1,49,50,49,1,0,0
0x61700f,98.0769%,1,51,52,0,0,1,51
0x7cc967,99.359%,1,155,156,0,0,1,155
0x688554,50%,1,1,2,1,1,0,0
0x640f98,50%,1,1,2,0,0,1,1
0x7aaab2,50%,1,1,2,1,1,0,0
0x8bf87a,50%,1,1,2,0,0,1,1
0x6317a1,50%,1,1,2,0,0,1,1
0x5efb22,50%,1,1,2,0,0,1,1
0x641861,50%,1,1,2,0,0,1,1
0x62ed1e,50%,1,1,2,0,0,1,1
0x6d8855,91.6667%,1,11,12,0,0,1,11
0x778284,87.5%,1,7,8,7,1,0,0
0x8bf1c4,99%,1,99,100,0,0,1,99
0x64bff4,98.75%,1,79,80,0,0,1,79
0x95a8ec,50%,1,1,2,0,0,1,1
0x7e75da,98.0769%,1,51,52,51,1,0,0
0x66fa48,50%,1,1,2,0,0,1,1
0x8bf573,98.0769%,1,51,52,0,0,1,51
0x593c67,87.5%,1,7,8,0,0,1,7
0x9e0cdb,97.0588%,1,33,34,0,0,1,33
0x7b3aff,50%,1,1,2,1,1,0,0
0x62f160,50%,1,1,2,0,0,1,1
0x5f3b30,50%,1,1,2,0,0,1,1
0xa394c4,85.7143%,1,6,7,0,0,1,6
0x763293,50%,1,1,2,0,0,1,1
0x8bfda6,98.0769%,1,51,52,0,0,1,51
0x8beeab,99.5192%,1,207,208,207,1,0,0
0x42ae8d,95.8333%,1,23,24,16,0,1,7
0x771ef3,50%,1,1,2,1,1,0,0
0x7ebbab,50%,1,1,2,0,0,1,1
0x76a16c,98.0769%,1,51,52,0,0,1,51
0x598a93,97.9167%,1,47,48,0,0,1,47
0x75d230,97.7273%,1,43,44,0,0,1,43
0x8c31c3,99%,1,99,100,0,0,1,99
0x7cdd76,98.0769%,1,51,52,0,0,1,51
0x8bef68,99.5192%,1,207,208,207,1,0,0
0xa30855,99.994%,1,16786,16787,16786,1,0,0
0x618d83,99.9855%,1,6915,6916,0,0,1,6915
0x404b90,92.8571%,1,13,14,0,0,1,13
0x404bbc,95.4545%,1,21,22,21,1,0,0
0x773a26,98.0769%,1,51,52,0,0,1,51
0x667394,98.0769%,1,51,52,0,0,1,51
0x89fb91,87.5%,1,7,8,7,1,0,0
0x92a5b1,98.9011%,1,90,91,0,0,1,90
0x9feed6,92.8571%,1,13,14,0,0,1,13
0x643518,50%,1,1,2,0,0,1,1
0x407444,97.2222%,1,35,36,35,1,0,0
0x65965c,98.0769%,1,51,52,0,0,1,51
0x64b57c,50%,1,1,2,1,1,0,0
0x64b55a,50%,1,1,2,1,1,0,0
0x67ab69,50%,1,1,2,0,0,1,1
0x66e337,50%,1,1,2,0,0,1,1
0x645091,50%,1,1,2,0,0,1,1
0x40752e,97.2222%,1,35,36,35,1,0,0
0x6d91fc,93.75%,1,15,16,0,0,1,15
0x67aec9,50%,1,1,2,0,0,1,1
0x75942f,98.0769%,1,51,52,0,0,1,51
0x8c32fb,99%,1,99,100,0,0,1,99
0x6d90ea,75%,1,3,4,0,0,1,3
0x42a5c5,99.1935%,1,123,124,123,1,0,0
0x42a4e9,93.75%,1,15,16,15,1,0,0
0x76ed1a,85.7143%,1,6,7,6,1,0,0
0x7e6792,98.0769%,1,51,52,0,0,1,51
0x9e197c,50%,1,1,2,1,1,0,0
0x614ad6,99.9855%,1,6915,6916,0,0,1,6915
0x76f725,92.8571%,1,13,14,0,0,1,13
0x9e17f5,98.9583%,1,95,96,95,1,0,0
0x599157,96.875%,1,31,32,31,1,0,0
0x429b71,50%,1,1,2,0,0,1,1
0x66a62f,50%,1,1,2,0,0,1,1
0x67a938,50%,1,1,2,0,0,1,1
0x64d518,50%,1,1,2,0,0,1,1
0xa230cd,99.7561%,1,409,410,0,0,1,409
0x8bf829,50%,1,1,2,1,1,0,0
0x6459d2,50%,1,1,2,0,0,1,1
0x757c7f,50%,1,1,2,0,0,1,1
0x646c25,50%,1,1,2,0,0,1,1
0x7cc44d,50%,1,1,2,1,1,0,0
0x63cff5,87.5%,1,7,8,0,0,1,7
0x761be6,97.3684%,1,37,38,0,0,1,37
0x761c1e,97.3684%,1,37,38,0,1,0,37
0x7cec03,50%,1,1,2,1,1,0,0
0x761a99,50%,1,1,2,1,1,0,0
0x64a806,99%,1,99,100,99,1,0,0
0x8bfcdc,50%,1,1,2,0,0,1,1
0x402290,95%,1,19,20,19,1,0,0
0x645be3,99.9615%,1,2599,2600,0,0,1,2599
0x6498f8,50%,1,1,2,0,0,1,1
0x75d4d1,99.8864%,1,879,880,0,0,1,879
0x929b3a,99.3711%,1,158,159,0,0,1,158
0x76fb20,85.7143%,1,6,7,6,1,0,0
0x8c5efa,99.9615%,1,2599,2600,0,0,1,2599
0x64d1a3,87.5%,1,7,8,0,0,1,7
0xa76a6b,99.9696%,1,3285,3286,0,0,1,3285
0x67a03d,87.5%,1,7,8,7,1,0,0
0x4abb54,98.4375%,1,63,64,63,1,0,0
0x9f4f8c,99.6169%,1,260,261,0,0,1,260
0x8c51d3,99.9615%,1,2599,2600,0,0,1,2599
0x5f1b5c,99.9513%,1,2051,2052,0,0,1,2051
0xa3a212,75%,1,3,4,0,0,1,3
0x641127,50%,1,1,2,0,0,1,1
0x8c08f2,99%,1,99,100,0,0,1,99
0x6da31c,75%,1,3,4,0,0,1,3
0x6523b8,99.9878%,1,8202,8203,0,0,1,8202
0x63cfeb,87.5%,1,7,8,0,0,1,7
0x65bef5,99.5192%,1,207,208,156,0,1,51
0x769c5e,50%,1,1,2,0,0,1,1
0x65a476,50%,1,1,2,0,0,1,1
0x8c0456,50%,1,1,2,1,1,0,0
0x617ec4,99.9747%,1,3951,3952,0,0,1,3951
0x590a05,87.5%,1,7,8,7,1,0,0
0x644175,98.0769%,1,51,52,51,1,0,0
0x6d8dc2,93.75%,1,15,16,0,0,1,15
0x63165e,87.5%,1,7,8,6,0,1,1
0x8bff2f,99.0654%,1,106,107,0,0,1,106
0x63809c,99.6109%,1,256,257,0,0,1,256
0x6d8e6e,93.75%,1,15,16,0,0,1,15
0x640c03,50%,1,1,2,0,0,1,1
0x641d68,98.0769%,1,51,52,0,0,1,51
0x5ea6b0,99.5192%,1,207,208,0,0,1,207
0xa76a8a,99.8759%,1,805,806,0,0,1,805
0x5997a6,95.8333%,1,23,24,23,1,0,0
0x5997bd,95.8333%,1,23,24,23,1,0,0
0x616946,98.0769%,1,51,52,0,0,1,51
0x7aaaeb,50%,1,1,2,0,0,1,1
0x6360aa,50%,1,1,2,0,0,1,1
0x7a98a2,99%,1,99,100,99,1,0,0
0x76a545,98.0769%,1,51,52,51,1,0,0
0x774206,98.0769%,1,51,52,51,1,0,0
0x5ac5b8,50%,1,1,2,0,0,1,1
0x7aa353,98%,1,49,50,0,0,1,49
0x768561,99.4318%,1,175,176,0,0,1,175
0x75cfae,50%,1,1,2,0,0,1,1
0x7bd29e,90%,1,9,10,0,0,1,9
0x63428a,50%,1,1,2,0,0,1,1
0x64f94b,50%,1,1,2,0,0,1,1
0x7625f5,91.6667%,1,11,12,0,0,1,11
0x7634ea,97.7273%,1,43,44,43,1,0,0
0x7aaccb,98.0769%,1,51,52,0,0,1,51
0x636c45,99.6109%,1,256,257,0,0,1,256
0x7e70c6,50%,1,1,2,1,1,0,0
0x772617,50%,1,1,2,0,0,1,1
0x66f2b7,50%,1,1,2,0,0,1,1
0x9613ff,99.9701%,1,3338,3339,3179,1,0,159
0x657ea9,50%,1,1,2,0,0,1,1
0x8be97f,50%,1,1,2,0,0,1,1
0x641763,50%,1,1,2,0,0,1,1
0x762ee2,96.875%,1,31,32,0,0,1,31
0x648dc8,92.8571%,1,13,14,0,0,1,13
0x63188d,50%,1,1,2,0,0,1,1
0x76bb8f,97.619%,1,41,42,0,0,1,41
0x62ec7e,50%,1,1,2,0,0,1,1
0x7b0076,50%,1,1,2,1,1,0,0
0x5f4407,94.4444%,1,17,18,2,1,0,15
0x64f919,50%,1,1,2,0,0,1,1
0x6437b1,99.9124%,1,1140,1141,0,0,1,1140
0x634aab,98.0769%,1,51,52,0,0,1,51
0x778bd5,87.5%,1,7,8,0,0,1,7
0x7b0df3,98.0769%,1,51,52,0,0,1,51
0x926d70,99.75%,1,399,400,392,0,1,7
0x7b0c72,50%,1,1,2,0,0,1,1
0x681e59,99.0385%,1,103,104,0,0,1,103
0x926bed,99.9661%,1,2949,2950,2949,1,0,0
0x778d63,87.5%,1,7,8,0,0,1,7
0x650554,50%,1,1,2,1,1,0,0
0x4a3e99,50%,1,1,2,1,1,0,0
0x7621ec,97.7273%,1,43,44,0,0,1,43
0x5a8dcd,98%,1,49,50,0,0,1,49
0x657a5d,99.5192%,1,207,208,155,1,0,52
0x65ad14,50%,1,1,2,0,0,1,1
0x68224d,50%,1,1,2,0,0,1,1
0x67ad49,50%,1,1,2,0,0,1,1
0x6da1a8,75%,1,3,4,3,1,0,0
0x9fefc6,92.8571%,1,13,14,0,0,1,13
0x64f234,99.9969%,1,32639,32640,32639,1,0,0
0x76b4e9,50%,1,1,2,0,0,1,1
0x8a49ef,50%,1,1,2,0,0,1,1
0x642eb8,50%,1,1,2,0,0,1,1
0x63b35f,50%,1,1,2,0,0,1,1
0x63b258,98.8095%,1,83,84,83,1,0,0
0x63b241,98.8095%,1,83,84,0,0,1,83
0x63af6d,92.8571%,1,13,14,0,0,1,13
0x686fe8,50%,1,1,2,0,0,1,1
0xa79690,99.6109%,1,256,257,0,0,1,256
0x7a900e,93.75%,1,15,16,0,0,1,15
0x648ec4,92.8571%,1,13,14,0,0,1,13
0x63ad60,50%,1,1,2,0,0,1,1
0x65addd,50%,1,1,2,0,0,1,1
0x42ae9f,93.75%,1,15,16,15,1,0,0
0x64f77b,50%,1,1,2,0,0,1,1
0x4abb49,98.4375%,1,63,64,0,0,1,63
0x7aa102,98.1481%,1,53,54,0,0,1,53
0x67a59c,87.5%,1,7,8,7,1,0,0
0x65345b,50%,1,1,2,0,0,1,1
0x6499d3,50%,1,1,2,0,0,1,1
0x67b700,50%,1,1,2,0,0,1,1
0x64f749,50%,1,1,2,0,0,1,1
0x64f5d5,50%,1,1,2,0,0,1,1
0x64f4f2,50%,1,1,2,0,0,1,1
0x64f4bc,50%,1,1,2,0,0,1,1
0x7aa022,99%,1,99,100,99,1,0,0
0x649a3d,50%,1,1,2,0,0,1,1
0x649a19,50%,1,1,2,0,0,1,1
0x5e9fd6,87.5%,1,7,8,0,0,1,7
0x633a82,50%,1,1,2,0,0,1,1
0x6309ac,50%,1,1,2,0,0,1,1
0x64989e,50%,1,1,2,0,0,1,1
0x649808,50%,1,1,2,0,0,1,1
0x644012,99.9615%,1,2599,2600,0,0,1,2599
0x7a9734,99%,1,99,100,0,0,1,99
0x649228,50%,1,1,2,1,1,0,0
0x404954,83.3333%,1,5,6,5,1,0,0
0x76bd0d,50%,1,1,2,0,0,1,1
0x650b83,50%,1,1,2,1,1,0,0
0x772ad3,98.0769%,1,51,52,0,0,1,51
0x403f90,83.3333%,1,5,6,5,1,0,0
0x5ea3ef,92.3077%,1,12,13,0,1,0,12
0x66f612,87.5%,1,7,8,6,0,1,1
0x75683c,99.5192%,1,207,208,207,1,0,0
0x66f377,50%,1,1,2,0,0,1,1
0x64f695,50%,1,1,2,0,0,1,1
0x6499e0,50%,1,1,2,0,0,1,1
0x6701b7,99.5192%,1,207,208,0,0,1,207
0x5ecef1,98.0769%,1,51,52,51,1,0,0
0x66ee02,50%,1,1,2,0,0,1,1
0x64f5fa,50%,1,1,2,0,0,1,1
0x66ea97,50%,1,1,2,0,0,1,1
0x63140a,50%,1,1,2,0,0,1,1
0x756229,99.7475%,1,395,396,0,0,1,395
0x64bbaa,50%,1,1,2,1,1,0,0
0x75cd7a,97.7273%,1,43,44,0,0,1,43
0x63570c,50%,1,1,2,0,0,1,1
0x63ee08,50%,1,1,2,0,0,1,1
0x63edb4,50%,1,1,2,0,0,1,1
0x63ed60,50%,1,1,2,0,0,1,1
0x64cf53,50%,1,1,2,0,0,1,1
0xa77e69,99.883%,1,854,855,854,1,0,0
0x635516,50%,1,1,2,0,0,1,1
0x635482,50%,1,1,2,0,0,1,1
0x9fefb0,75%,1,3,4,0,0,1,3
0x66e4b7,50%,1,1,2,0,0,1,1
0x758e77,99.5192%,1,207,208,0,0,1,207
0x682193,98.0769%,1,51,52,0,0,1,51
0x634be5,50%,1,1,2,0,0,1,1
0x5a32af,50%,1,1,2,1,1,0,0
0xa31e0f,99.9906%,1,10624,10625,0,0,1,10624
0x62ec1e,50%,1,1,2,0,0,1,1
0x62e8be,50%,1,1,2,0,0,1,1
0x62e87e,50%,1,1,2,0,0,1,1
0x8c1fdc,50%,1,1,2,0,0,1,1
0x590ade,99.7596%,1,415,416,0,0,1,415
0x7578a3,98.0769%,1,51,52,0,0,1,51
0x63bff4,99.9904%,1,10399,10400,0,0,1,10399
0x64b9d3,50%,1,1,2,0,0,1,1
0x767848,75%,1,3,4,3,1,0,0
0x632e4b,50%,1,1,2,0,0,1,1
0x6d92b2,93.75%,1,15,16,0,0,1,15
0x60539d,50%,1,1,2,0,0,1,1
0x64e4b2,50%,1,1,2,0,0,1,1
0x7bd113,99.6154%,1,259,260,0,0,1,259
0x960be7,99.3711%,1,158,159,0,0,1,158
0x64d864,50%,1,1,2,0,0,1,1
0x643e76,99.9904%,1,10399,10400,10399,1,0,0
0x75cc44,98.0769%,1,51,52,51,1,0,0
0x64d4c3,96.875%,1,31,32,31,1,0,0
0x7a9eb7,99%,1,99,100,99,1,0,0
0x927233,90%,1,9,10,0,1,0,9
0x630545,50%,1,1,2,0,0,1,1
0x66f437,50%,1,1,2,0,0,1,1
0x5f0c47,99.9782%,1,4587,4588,4587,1,0,0
0x64f9b5,50%,1,1,2,0,0,1,1
0x7d07e0,98.0769%,1,51,52,0,0,1,51
0x63f0d0,50%,1,1,2,0,0,1,1
0x6488f5,50%,1,1,2,0,0,1,1
0x65b0ae,50%,1,1,2,1,1,0,0
0x6083c4,99.9384%,1,1623,1624,0,0,1,1623
0x63009b,50%,1,1,2,0,0,1,1
0x7aaa61,50%,1,1,2,0,0,1,1
0x757c13,98.0769%,1,51,52,0,0,1,51
0x65ad4c,87.5%,1,7,8,7,1,0,0
0x7b3f6c,98.0769%,1,51,52,0,0,1,51
0x63cde7,99.6109%,1,256,257,0,0,1,256
0x757b83,98.1481%,1,53,54,0,0,1,53
0x65a8b9,98.75%,1,79,80,0,0,1,79
0x66f9c7,92.8571%,1,13,14,0,0,1,13
0x65bf7f,50%,1,1,2,0,0,1,1
0x63d664,99.5192%,1,207,208,0,0,1,207
0x773833,98.0769%,1,51,52,0,0,1,51
0x6465b8,99.9615%,1,2599,2600,0,0,1,2599
0x64659f,98.0769%,1,51,52,0,0,1,51
0x66a991,99.5192%,1,207,208,155,1,0,52
0x65abfe,50%,1,1,2,0,0,1,1
0x636201,99.2188%,1,127,128,95,1,0,32
0x64635b,50%,1,1,2,0,0,1,1
0x42a4cd,95.8333%,1,23,24,16,0,1,7
0x76e9c3,85.7143%,1,6,7,6,1,0,0
0x64667b,50%,1,1,2,0,0,1,1
0x76fe3a,75%,1,3,4,3,1,0,0
0x616f7c,98.0769%,1,51,52,0,0,1,51
0x64603a,50%,1,1,2,0,0,1,1
0x777f84,99.5192%,1,207,208,0,0,1,207
0x76fcad,50%,1,1,2,0,0,1,1
0x7b1cf3,50%,1,1,2,1,1,0,0
0x8c13bd,99.6552%,1,289,290,0,0,1,289
0x645b83,50%,1,1,2,0,0,1,1
0x647658,99%,1,99,100,0,0,1,99
0x67ade8,87.5%,1,7,8,0,0,1,7
0x666d7d,87.5%,1,7,8,0,0,1,7
0x403186,96.1538%,1,25,26,25,1,0,0
0x929adc,99.3711%,1,158,159,0,0,1,158
0x63825b,99.6109%,1,256,257,0,0,1,256
0x63d8d3,99.9124%,1,1140,1141,0,0,1,1140
0x429910,99.9532%,1,2136,2137,1340,1,0,796
0x63d544,99.5192%,1,207,208,0,0,1,207
0x64fdeb,50%,1,1,2,1,1,0,0
0x65fc5b,99.5192%,1,207,208,207,1,0,0
0x7e81ce,98.0769%,1,51,52,0,0,1,51
0x772563,98.0769%,1,51,52,0,0,1,51
0x646c54,50%,1,1,2,0,0,1,1
0x646bb5,99.9615%,1,2599,2600,0,0,1,2599
0x7a9a6f,99%,1,99,100,0,0,1,99
0x593b06,87.5%,1,7,8,0,0,1,7
0x6386d6,99.6109%,1,256,257,0,0,1,256
0x9e0e40,96.6667%,1,29,30,0,0,1,29
0xa76a24,99.9953%,1,21277,21278,0,0,1,21277
0x65a53f,50%,1,1,2,0,0,1,1
0x76f64f,0%,1,0,1,0,1,0,0
0x76f5e4,92.8571%,1,13,14,0,0,1,13
0x7cfd14,50%,1,1,2,1,1,0,0
0x76f4ae,92.8571%,1,13,14,0,0,1,13
0x76f420,92.8571%,1,13,14,0,0,1,13
0x5fcf28,98.8636%,1,87,88,87,1,0,0
0x650060,99.9167%,1,1199,1200,0,0,1,1199
0x633f52,50%,1,1,2,0,0,1,1
0xa76619,98.9796%,1,97,98,0,0,1,97
0x928ae9,99.3711%,1,158,159,0,0,1,158
0x405440,95.4545%,1,21,22,0,0,1,21
0x5e63c2,98%,1,49,50,49,1,0,0
0x8c5cc1,99.96%,1,2499,2500,0,0,1,2499
0x7cf732,50%,1,1,2,1,1,0,0
0x65973c,50%,1,1,2,0,0,1,1
0x9ff0fd,99.9084%,1,1091,1092,1091,1,0,0
0x644f04,50%,1,1,2,0,0,1,1
0x5f1124,98.1481%,1,53,54,0,0,1,53
0x66f092,99.7449%,1,391,392,294,0,1,97
0x6470e7,50%,1,1,2,0,0,1,1
0x645513,98.0769%,1,51,52,0,0,1,51
0x6091a8,99.5495%,1,221,222,0,0,1,221
0x6453cc,50%,1,1,2,0,0,1,1
0x64ba52,98.75%,1,79,80,0,0,1,79
0x645100,50%,1,1,2,0,0,1,1
0x7b046b,50%,1,1,2,0,0,1,1
0x609040,98.2759%,1,57,58,57,1,0,0
0x648851,50%,1,1,2,0,0,1,1
0x655152,99.9725%,1,3640,3641,0,0,1,3640
0x644cf9,50%,1,1,2,0,0,1,1
0x644cf4,50%,1,1,2,0,0,1,1
0x644bea,50%,1,1,2,0,0,1,1
0xa797e1,99.422%,1,172,173,0,0,1,172
0x643582,99.9615%,1,2599,2600,0,0,1,2599
0xa7a6b0,99.6109%,1,256,257,256,1,0,0
0x64bfe3,98.75%,1,79,80,0,0,1,79
0x6372ef,99.6109%,1,256,257,256,1,0,0
0x637295,99.6109%,1,256,257,256,1,0,0
0x5f0128,99.7537%,1,405,406,0,0,1,405
0x67aa1e,87.5%,1,7,8,7,1,0,0
0x92a306,99.3711%,1,158,159,158,1,0,0
0x6386e3,99.6109%,1,256,257,0,0,1,256
0x641ef8,99.9615%,1,2599,2600,0,0,1,2599
0xa39eb8,75%,1,3,4,0,1,0,3
0x8c2110,50%,1,1,2,0,0,1,1
0x636ba3,99.6109%,1,256,257,0,0,1,256
0x636b32,99.6109%,1,256,257,0,0,1,256
0x7b3fd3,98.0769%,1,51,52,0,0,1,51
0x636ab6,99.6109%,1,256,257,0,0,1,256
0x76a325,50%,1,1,2,0,0,1,1
0x65944c,98.0769%,1,51,52,0,0,1,51
0x64986a,50%,1,1,2,0,0,1,1
0x77485d,50%,1,1,2,1,1,0,0
0x7aae45,97.619%,1,41,42,0,0,1,41
0x64be77,99.975%,1,3999,4000,0,0,1,3999
0x64e1fe,99.8%,1,499,500,499,1,0,0
0x639afb,50%,1,1,2,0,0,1,1
0x755cb7,98.0769%,1,51,52,0,0,1,51
0x64ae3c,98.0769%,1,51,52,0,0,1,51
0x75fa62,50%,1,1,2,0,0,1,1
0x7aaed3,98.1481%,1,53,54,0,0,1,53
0x6337ad,50%,1,1,2,0,0,1,1
0x926a95,98.75%,1,79,80,0,0,1,79
0x639557,99%,1,99,100,0,0,1,99
0x76047b,50%,1,1,2,0,0,1,1
0x774967,50%,1,1,2,0,0,1,1
0x6392a1,83.3333%,1,5,6,0,0,1,5
0x63c877,98.9583%,1,95,96,0,0,1,95
0x7e7fba,98.0769%,1,51,52,51,1,0,0
0x639d1e,50%,1,1,2,0,0,1,1
0x7e81d9,98.0769%,1,51,52,51,1,0,0
0x63bcd4,87.5%,1,7,8,0,0,1,7
0x660acd,50%,1,1,2,1,1,0,0
0x63bd23,99.5192%,1,207,208,0,0,1,207
0x6487ff,50%,1,1,2,0,0,1,1
0x42992e,99.1935%,1,123,124,0,0,1,123
0x75fbe2,98.0769%,1,51,52,51,1,0,0
0x64b13e,50%,1,1,2,0,0,1,1
0x8c568f,99.9923%,1,12999,13000,12999,1,0,0
0x67a977,87.5%,1,7,8,0,0,1,7
0x8c0b98,99%,1,99,100,0,0,1,99
0x65075e,50%,1,1,2,1,1,0,0
0x8c5659,99.9923%,1,12999,13000,0,0,1,12999
0x63bc11,87.5%,1,7,8,0,0,1,7
0x768dcb,96.875%,1,31,32,0,0,1,31
0x638820,99.6109%,1,256,257,0,0,1,256
0x773266,98.0769%,1,51,52,51,1,0,0
0x602fd3,95.4545%,1,21,22,0,0,1,21
0x648b8d,50%,1,1,2,0,0,1,1
0x64646f,98.0769%,1,51,52,0,0,1,51
0x6360d6,50%,1,1,2,0,0,1,1
0x64cf73,98.75%,1,79,80,0,0,1,79
0x67a782,50%,1,1,2,0,0,1,1
0x4a4410,75%,1,3,4,3,1,0,0
0x5f23e3,98.1481%,1,53,54,0,0,1,53
0x63c9aa,99.6109%,1,256,257,0,0,1,256
0x649ca9,50%,1,1,2,0,0,1,1
0x67b649,50%,1,1,2,0,0,1,1
0xa7965d,99.6109%,1,256,257,0,0,1,256
0x63ee78,50%,1,1,2,0,0,1,1
0x64c3d7,50%,1,1,2,0,0,1,1
0xa7a6cc,99.6109%,1,256,257,256,1,0,0
0x773cbb,98.0769%,1,51,52,51,1,0,0
0x4a4a1a,95%,1,19,20,19,1,0,0
0xa7a87b,99.6109%,1,256,257,256,1,0,0
0x63c502,87.5%,1,7,8,0,0,1,7
0x773c63,98.0769%,1,51,52,0,0,1,51
0x669f17,50%,1,1,2,1,1,0,0
0x633602,50%,1,1,2,0,0,1,1
0x636197,50%,1,1,2,0,0,1,1
0x7cc328,98.0769%,1,51,52,0,0,1,51
0x635edb,50%,1,1,2,0,0,1,1
0x7cc009,98.0769%,1,51,52,0,0,1,51
0x7cbe2d,50%,1,1,2,1,1,0,0
0x6358ed,50%,1,1,2,0,0,1,1
0x7cbcf9,98.0769%,1,51,52,0,0,1,51
0x66f257,50%,1,1,2,0,0,1,1
0x5e6319,98%,1,49,50,0,0,1,49
0x63f154,50%,1,1,2,0,0,1,1
0x63487b,50%,1,1,2,0,0,1,1
0x634792,50%,1,1,2,0,0,1,1
0x6344a6,50%,1,1,2,0,0,1,1
0x7cb99b,98.0769%,1,51,52,0,0,1,51
0x633eb7,99.9167%,1,1199,1200,0,0,1,1199
0x67b79e,87.5%,1,7,8,7,1,0,0
0x65239e,99.9878%,1,8202,8203,8202,1,0,0
0x633d44,50%,1,1,2,0,0,1,1
0xa22631,99.9195%,1,1241,1242,0,0,1,1241
0x926bd5,98.3051%,1,58,59,0,0,1,58
0x9268e0,98%,1,49,50,0,0,1,49
0x5ed3b3,98.0769%,1,51,52,0,0,1,51
0x5ed153,98.0769%,1,51,52,0,0,1,51
0x92c7eb,99.9615%,1,2599,2600,2599,1,0,0
0x92c5ca,99.9615%,1,2599,2600,0,0,1,2599
0x92bdb0,99.5%,1,199,200,99,1,0,100
0x64126c,50%,1,1,2,0,0,1,1
0x7cb5e4,50%,1,1,2,0,0,1,1
0x65b4dd,50%,1,1,2,0,0,1,1
0x64ec97,96.875%,1,31,32,0,0,1,31
0x65b35a,50%,1,1,2,0,0,1,1
0x65b341,50%,1,1,2,0,0,1,1
0x661bc4,50%,1,1,2,0,0,1,1
0x7cb6f1,50%,1,1,2,0,0,1,1
0x6858f0,50%,1,1,2,1,1,0,0
0x63f1f9,50%,1,1,2,0,0,1,1
0x630ff7,98.0769%,1,51,52,0,0,1,51
0x66a179,50%,1,1,2,0,0,1,1
0x7cea9a,50%,1,1,2,0,0,1,1
0x8a0cd1,87.5%,1,7,8,0,0,1,7
0x64688f,98.0769%,1,51,52,0,0,1,51
0x63161e,87.5%,1,7,8,6,0,1,1
0x63155b,94.4444%,1,17,18,0,0,1,17
0x6313e6,98.0769%,1,51,52,0,0,1,51
0x63126c,98.0769%,1,51,52,0,0,1,51
0x631187,98.0769%,1,51,52,0,0,1,51
0x66a313,99.5192%,1,207,208,155,1,0,52
0xa31d37,99.9906%,1,10624,10625,10624,1,0,0
0x630c82,50%,1,1,2,0,0,1,1
0x630ae1,50%,1,1,2,0,0,1,1
0x7cdf63,98.0769%,1,51,52,0,0,1,51
0x6305f7,50%,1,1,2,0,0,1,1
0x7cdc9f,50%,1,1,2,1,1,0,0
0x63044d,50%,1,1,2,0,0,1,1
0xa24d46,99.6491%,1,284,285,0,0,1,284
0x634d0c,50%,1,1,2,0,0,1,1
0x67b61e,87.5%,1,7,8,7,1,0,0
0x7e7da3,50%,1,1,2,1,1,0,0
0x7cb407,50%,1,1,2,0,0,1,1
0x7d04ca,50%,1,1,2,0,0,1,1
0x6330ae,50%,1,1,2,0,0,1,1
0x632fb6,50%,1,1,2,0,0,1,1
0x635112,50%,1,1,2,0,0,1,1
0x634f3e,50%,1,1,2,0,0,1,1
0x65ce77,99.9615%,1,2599,2600,0,0,1,2599
0x63f27d,50%,1,1,2,0,0,1,1
0xa0f5f9,97.0588%,1,33,34,0,0,1,33
0x66b16f,50%,1,1,2,0,0,1,1
0x66afe8,50%,1,1,2,0,0,1,1
0x7cf086,98.0769%,1,51,52,0,0,1,51
0x7cefa4,50%,1,1,2,1,1,0,0
0x66a88c,98.0769%,1,51,52,0,0,1,51
0x66a560,50%,1,1,2,0,0,1,1
0x960a99,99.9701%,1,3338,3339,3179,1,0,159
0xa43c7e,99.9906%,1,10624,10625,0,0,1,10624
0x617f07,99.9747%,1,3951,3952,3951,1,0,0
0xa31e15,99.9906%,1,10624,10625,0,0,1,10624
0xa31cf9,99.9906%,1,10624,10625,10624,1,0,0
0xa31cd4,99.9906%,1,10624,10625,0,0,1,10624
0x960c2b,99.3711%,1,158,159,0,0,1,158
0x960b37,99.3711%,1,158,159,0,0,1,158
0x605038,97.7273%,1,43,44,43,1,0,0
0x604f32,97.7273%,1,43,44,43,1,0,0
0xa43d93,99.9906%,1,10624,10625,10624,1,0,0
0x604a14,97.7273%,1,43,44,43,1,0,0
0x9298ca,99.3711%,1,158,159,0,0,1,158
0x9295ae,99.2%,1,124,125,0,0,1,124
0x92949a,99.0476%,1,104,105,0,0,1,104
0x929486,99.9546%,1,2204,2205,2099,1,0,105
0x92943d,99.0476%,1,104,105,104,1,0,0
0x604808,97.7273%,1,43,44,43,1,0,0
0x9291ac,99.0476%,1,104,105,104,1,0,0
0xa0f578,97.0588%,1,33,34,0,0,1,33
0xa3a5b4,75%,1,3,4,2,1,0,1
0xa3a476,75%,1,3,4,3,1,0,0
0xa3a3b0,75%,1,3,4,0,1,0,3
0xa3a2dc,75%,1,3,4,2,1,0,1
0x7cc366,98.0769%,1,51,52,0,0,1,51
0xa38cb0,83.3333%,1,5,6,0,0,1,5
0xa23636,97.0588%,1,33,34,33,1,0,0
0xa0f65c,97.0588%,1,33,34,33,1,0,0
0xa26876,97.5%,1,39,40,0,0,1,39
0x929250,95%,1,19,20,0,0,1,19
0x9290a2,95%,1,19,20,19,1,0,0
0x6551d2,98.75%,1,79,80,60,0,1,19
0x614cc6,99.9855%,1,6915,6916,0,0,1,6915
0xa2425a,99.802%,1,504,505,254,1,0,250
0x6555ec,99.9926%,1,13514,13515,13514,1,0,0
0x961116,99.9701%,1,3338,3339,3179,1,0,159
0xa31c59,99.9906%,1,10624,10625,10624,1,0,0
0x7730e2,98.0769%,1,51,52,0,0,1,51
0x65fc1c,97.0588%,1,33,34,0,0,1,33
0x6168f3,98.0769%,1,51,52,0,0,1,51
0x65f026,99%,1,99,100,99,1,0,0
0x66f4f7,50%,1,1,2,0,0,1,1
0x65ef93,99.9615%,1,2599,2600,0,0,1,2599
0x65c4ad,99.5192%,1,207,208,155,1,0,52
0x68229a,50%,1,1,2,1,1,0,0
0x65ebf8,99.9615%,1,2599,2600,0,0,1,2599
0x65e9bd,99.9615%,1,2599,2600,2499,1,0,100
0x623451,90%,1,9,10,0,0,1,9
0x65e593,99.9904%,1,10399,10400,10399,1,0,0
0x65e043,99.9615%,1,2599,2600,2499,1,0,100
0x685d16,50%,1,1,2,1,1,0,0
0x632d62,99.9989%,1,93599,93600,70199,1,0,23400
0x632cf4,50%,1,1,2,0,0,1,1
0x632b02,50%,1,1,2,0,0,1,1
0x65d0f6,98.0769%,1,51,52,0,0,1,51
0x65d076,99.9904%,1,10399,10400,7799,1,0,2600
0x657a3c,98.0769%,1,51,52,0,0,1,51
0x8a7b73,99.2248%,1,128,129,0,0,1,128
0x5fd0bc,98.8636%,1,87,88,87,1,0,0
0x5fce66,98.8636%,1,87,88,87,1,0,0
0x5fcd85,98.8636%,1,87,88,87,1,0,0
0x653865,50%,1,1,2,0,0,1,1
0x653575,98.0769%,1,51,52,0,0,1,51
0x64056a,50%,1,1,2,0,0,1,1
0x5e62f2,98%,1,49,50,0,0,1,49
0x7cdb86,98.0769%,1,51,52,0,0,1,51
0x6059dd,50%,1,1,2,1,1,0,0
0x605809,50%,1,1,2,1,1,0,0
0x6572a3,50%,1,1,2,0,0,1,1
0x5d2873,99.961%,1,2565,2566,2565,1,0,0
0x6570a6,50%,1,1,2,0,0,1,1
0x660a65,50%,1,1,2,1,1,0,0
0x66084c,50%,1,1,2,1,1,0,0
0x660311,50%,1,1,2,1,1,0,0
0x5f4d1b,98.1481%,1,53,54,0,0,1,53
0x960df4,99.3711%,1,158,159,0,0,1,158
0x5f0009,99.7537%,1,405,406,405,1,0,0
0x5efdcc,98%,1,49,50,0,0,1,49
0x7a995c,99%,1,99,100,0,0,1,99
0x65fc35,99.9412%,1,1699,1700,1665,1,0,34
0x5f71b4,99.9025%,1,1025,1026,1025,1,0,0
0x5f692a,97.3684%,1,37,38,37,1,0,0
0x5e68a4,98%,1,49,50,0,0,1,49
0x5f5f72,50%,1,1,2,0,0,1,1
0x686506,50%,1,1,2,1,1,0,0
0x5f3de2,0%,1,0,1,0,1,0,0
0x5f3d3a,83.3333%,1,5,6,5,1,0,0
0xa245ad,99.8999%,1,998,999,337,1,0,661
0x64a95c,99.9615%,1,2599,2600,0,0,1,2599
0x5f47de,97.4359%,1,38,39,38,1,0,0
0x5f4290,95.4545%,1,21,22,0,0,1,21
0x5f4201,80%,1,4,5,0,1,0,4
0x5e4ecb,97.3684%,1,37,38,0,0,1,37
0x5e6846,98%,1,49,50,0,0,1,49
0x5e8041,99.422%,1,172,173,0,0,1,172
0x5e7de8,92.3077%,1,12,13,0,0,1,12
0x4a261c,83.3333%,1,5,6,5,1,0,0
0x641828,50%,1,1,2,0,0,1,1
0x9e19ce,50%,1,1,2,0,0,1,1
0x666e98,87.5%,1,7,8,0,0,1,7
0x5e7038,50%,1,1,2,0,0,1,1
0x5e6cbd,50%,1,1,2,0,0,1,1
0x7b2773,98.0769%,1,51,52,0,0,1,51
0x5e68f2,99.92%,1,1249,1250,0,0,1,1249
0x687b7c,98.0769%,1,51,52,0,0,1,51
0x5da7ae,50%,1,1,2,0,0,1,1
0x5da6d6,98.0769%,1,51,52,0,0,1,51
0x5da276,50%,1,1,2,0,0,1,1
0x62f32c,50%,1,1,2,0,0,1,1
0x598de8,99.0385%,1,103,104,0,0,1,103
0x5e9685,50%,1,1,2,0,0,1,1
0x67a4cc,99.9792%,1,4799,4800,4799,1,0,0
0x5f0721,50%,1,1,2,0,0,1,1
0x5f0533,50%,1,1,2,1,1,0,0
0x5f12c5,98.1481%,1,53,54,0,0,1,53
0x67ab9e,87.5%,1,7,8,7,1,0,0
0x7a8cc5,99.0385%,1,103,104,0,0,1,103
0x67a8c0,87.5%,1,7,8,7,1,0,0
0x67a882,50%,1,1,2,0,0,1,1
0x645793,99.9615%,1,2599,2600,0,0,1,2599
0x605240,50%,1,1,2,1,1,0,0
0x5f07a1,50%,1,1,2,0,0,1,1
0x5a8e3a,98.75%,1,79,80,49,1,0,30
0x635094,50%,1,1,2,0,0,1,1
0x76ed5c,85.7143%,1,6,7,0,1,0,6
0x8bef22,99.5192%,1,207,208,207,1,0,0
0x67a04a,50%,1,1,2,0,0,1,1
0x7b1035,98.0769%,1,51,52,0,0,1,51
0x64beb5,99.9938%,1,15999,16000,15999,1,0,0
0x6703b6,50%,1,1,2,1,1,0,0
0x5f1b08,99.9513%,1,2051,2052,0,0,1,2051
0x5f3a84,50%,1,1,2,0,0,1,1
0x5f3a5c,98.3333%,1,59,60,29,1,0,30
0x5f3a4d,96.6667%,1,29,30,0,0,1,29
0x5f3a20,96.6667%,1,29,30,0,0,1,29
0x652582,99.9963%,1,26846,26847,0,0,1,26846
0x5f1eaf,99.6491%,1,284,285,0,0,1,284
0x5f1b9a,99.9434%,1,1766,1767,1766,1,0,0
0x645a53,98.0769%,1,51,52,51,1,0,0
0x5e8e51,97.1429%,1,34,35,34,1,0,0
0x5f1465,97.3684%,1,37,38,0,0,1,37
0x62f7af,50%,1,1,2,0,0,1,1
0x648cfc,92.8571%,1,13,14,0,0,1,13
0x5f3584,99.6711%,1,303,304,303,1,0,0
0x5f34cc,99.9494%,1,1975,1976,1975,1,0,0
0x5f323b,95.8333%,1,23,24,0,0,1,23
0x5f3023,50%,1,1,2,0,0,1,1
0x5f0810,50%,1,1,2,0,0,1,1
0x7e660d,50%,1,1,2,0,0,1,1
0x5a8fae,99.2537%,1,133,134,0,0,1,133
0x6676b3,98.0769%,1,51,52,0,0,1,51
0x926d44,99.75%,1,399,400,399,1,0,0
0x7ccde3,50%,1,1,2,1,1,0,0
0x592cd1,87.5%,1,7,8,0,0,1,7
0x666e85,87.5%,1,7,8,0,0,1,7
0x9fa8a5,99.4764%,1,190,191,0,0,1,190
0x640b28,50%,1,1,2,0,0,1,1
0x7ccc3e,50%,1,1,2,0,0,1,1
0x8c10f8,50%,1,1,2,1,1,0,0
0x63f4cb,50%,1,1,2,0,0,1,1
0x593d7b,87.5%,1,7,8,0,0,1,7
0x593d19,87.5%,1,7,8,0,0,1,7
0x632401,50%,1,1,2,0,0,1,1
0x5ed2d1,98.0769%,1,51,52,51,1,0,0
0x6e6a96,99.5192%,1,207,208,0,0,1,207
0x593a24,87.5%,1,7,8,7,1,0,0
0x6662c3,98.0769%,1,51,52,0,0,1,51
0x62fc68,50%,1,1,2,0,0,1,1
0x6301ae,50%,1,1,2,0,0,1,1
0x5f0b23,99.9782%,1,4587,4588,0,0,1,4587
0x62ff17,50%,1,1,2,0,0,1,1
0x64e03d,50%,1,1,2,0,0,1,1
0x63308e,50%,1,1,2,0,0,1,1
0x62fdb8,50%,1,1,2,0,0,1,1
0x62fd8d,50%,1,1,2,0,0,1,1
0x62fd12,50%,1,1,2,0,0,1,1
0x76d983,50%,1,1,2,0,0,1,1
0x62fc2e,50%,1,1,2,0,0,1,1
0x949ddb,50%,1,1,2,1,1,0,0
0x637c93,99.6109%,1,256,257,0,0,1,256
0x62f874,50%,1,1,2,0,0,1,1
0x62f6cb,50%,1,1,2,0,0,1,1
0x655734,99.9926%,1,13514,13515,0,0,1,13514
0x62f516,50%,1,1,2,0,0,1,1
0x62f311,50%,1,1,2,0,0,1,1
0x4048b0,83.3333%,1,5,6,0,0,1,5
0x89fc5c,87.5%,1,7,8,0,0,1,7
0x635a9a,50%,1,1,2,0,0,1,1
0x89fbff,87.5%,1,7,8,0,0,1,7
0x6036f3,93.75%,1,15,16,0,0,1,15
0x603624,93.75%,1,15,16,0,0,1,15
0x687d52,98.0769%,1,51,52,0,0,1,51
0x40492a,83.3333%,1,5,6,5,1,0,0
0x4048c7,83.3333%,1,5,6,5,1,0,0
0x42a6e7,83.3333%,1,5,6,0,0,1,5
0x687915,50%,1,1,2,1,1,0,0
0x6d9045,97.2222%,1,35,36,35,1,0,0
0x76f6fb,0%,1,0,1,0,1,0,0
0x681f28,99.0385%,1,103,104,103,1,0,0
0x5e9726,98.1481%,1,53,54,0,0,1,53
0x40324f,96.1538%,1,25,26,25,1,0,0
0x5e8979,93.75%,1,15,16,15,1,0,0
0x40320d,96.1538%,1,25,26,25,1,0,0
0x663c04,50%,1,1,2,0,0,1,1
0x666113,98.0769%,1,51,52,0,0,1,51
0x6636fa,50%,1,1,2,0,0,1,1
0x665c63,98.0769%,1,51,52,0,0,1,51
0xa395f5,85.7143%,1,6,7,6,1,0,0
0x665aa3,98.0769%,1,51,52,0,0,1,51
0x8c6852,99%,1,99,100,0,0,1,99
0x6640f0,50%,1,1,2,1,1,0,0
0x657128,50%,1,1,2,0,0,1,1
0x5aca0d,75%,1,3,4,3,1,0,0
0xa43c35,99.9906%,1,10624,10625,10624,1,0,0
0x4a4322,50%,1,1,2,1,1,0,0
0xa78de4,50%,1,1,2,0,0,1,1
0xa78487,50%,1,1,2,0,0,1,1
0x68820a,50%,1,1,2,1,1,0,0
0x8a01a2,50%,1,1,2,1,1,0,0
0x403f98,83.3333%,1,5,6,0,0,1,5
0x8a0030,50%,1,1,2,0,0,1,1
0x648b33,50%,1,1,2,0,0,1,1
0x5957fd,97.619%,1,41,42,41,1,0,0
0x67ac28,50%,1,1,2,0,0,1,1
0x603dcc,97.7273%,1,43,44,30,0,1,13
0x773a2e,98.0769%,1,51,52,51,1,0,0
0x640eda,50%,1,1,2,0,0,1,1
0x64f67c,50%,1,1,2,0,0,1,1
0x76ad30,98.0769%,1,51,52,0,0,1,51
0x7ced3a,50%,1,1,2,1,1,0,0
0x595275,99.8397%,1,623,624,623,1,0,0
0x5fcb38,98.8636%,1,87,88,74,0,1,13
0xa76ef4,99.9866%,1,7443,7444,7443,1,0,0
0x8c5747,99%,1,99,100,0,0,1,99
0x95ac4c,50%,1,1,2,0,0,1,1
0x67a754,50%,1,1,2,0,0,1,1
0x8c34ad,99%,1,99,100,0,0,1,99
0x646f20,50%,1,1,2,0,0,1,1
0x961395,99.3711%,1,158,159,0,0,1,158
0x5987d4,99.9199%,1,1247,1248,1247,1,0,0
0x76066d,99.2063%,1,125,126,0,0,1,125
0x640cb4,50%,1,1,2,0,0,1,1
0x8c1fba,50%,1,1,2,0,0,1,1
0x76744a,93.75%,1,15,16,0,0,1,15
0x5ed280,98.0769%,1,51,52,0,0,1,51
0x5fc9b8,98.8636%,1,87,88,87,1,0,0
0x63f2bb,50%,1,1,2,0,0,1,1
0x64566d,50%,1,1,2,0,0,1,1
0x63bd34,99.9904%,1,10399,10400,0,0,1,10399
0x4031c1,96.1538%,1,25,26,25,1,0,0
0x652c57,99.9794%,1,4846,4847,0,0,1,4846
0xa7857e,99.9259%,1,1349,1350,1349,1,0,0
0xa7660e,98.9796%,1,97,98,0,0,1,97
0x649f0e,99%,1,99,100,0,0,1,99
0x7663a7,99%,1,99,100,0,0,1,99
0x64f993,50%,1,1,2,0,0,1,1
0x8c5d03,99.96%,1,2499,2500,0,0,1,2499
0xa3a208,75%,1,3,4,0,1,0,3
0x7664d3,98.9583%,1,95,96,0,0,1,95
0x659b7c,99.9615%,1,2599,2600,0,0,1,2599
0x65e464,99.9904%,1,10399,10400,10399,1,0,0
0x75e081,50%,1,1,2,0,0,1,1
0xa76a32,99.9953%,1,21277,21278,0,0,1,21277
0x8c4045,99%,1,99,100,99,1,0,0
0x630e42,50%,1,1,2,0,0,1,1
0x64165b,50%,1,1,2,0,0,1,1
0x6041e4,97.7273%,1,43,44,43,1,0,0
0x647508,50%,1,1,2,0,0,1,1
0x8c32e1,99%,1,99,100,0,0,1,99
0x646970,50%,1,1,2,0,0,1,1
0x7cc976,99.359%,1,155,156,155,1,0,0
0xa7a730,99.6109%,1,256,257,0,0,1,256
0x8c20ec,50%,1,1,2,0,0,1,1
0x7b006a,50%,1,1,2,0,0,1,1
0x639a08,99%,1,99,100,0,0,1,99
0x9fb59e,99.6169%,1,260,261,260,1,0,0
0x7e893f,50%,1,1,2,0,0,1,1
0x66a3f0,50%,1,1,2,0,0,1,1
0x64d5c0,50%,1,1,2,0,0,1,1
0x62f202,50%,1,1,2,0,0,1,1
0x76e0ea,50%,1,1,2,0,0,1,1
0x67a8de,50%,1,1,2,0,0,1,1
0x767ce2,75%,1,3,4,3,1,0,0
0x75ea39,96.875%,1,31,32,0,0,1,31
0x641847,50%,1,1,2,0,0,1,1
0x7682c0,99.0385%,1,103,104,0,0,1,103
0x7682dc,99.0385%,1,103,104,0,0,1,103
0x6616b6,50%,1,1,2,1,1,0,0
0x7a9623,99.7283%,1,367,368,0,0,1,367
0x7684e9,99.6795%,1,311,312,0,0,1,311
0x63806f,99.6109%,1,256,257,0,0,1,256
0x590c01,87.5%,1,7,8,7,1,0,0
0x67ab01,50%,1,1,2,0,0,1,1
0x76891a,98.9583%,1,95,96,0,0,1,95
0x66eda5,98.0769%,1,51,52,0,0,1,51
0x659bcf,50%,1,1,2,0,0,1,1
0x658561,99.9953%,1,21293,21294,0,0,1,21293
0x62e9de,50%,1,1,2,0,0,1,1
0x6394be,50%,1,1,2,1,1,0,0
0x926af7,90%,1,9,10,0,0,1,9
0x766201,75%,1,3,4,0,0,1,3
0x7cf412,50%,1,1,2,0,0,1,1
0x67a652,50%,1,1,2,0,0,1,1
0x648f97,50%,1,1,2,0,0,1,1
0x641341,50%,1,1,2,0,0,1,1
0x6051fe,50%,1,1,2,1,1,0,0
0x40400c,83.3333%,1,5,6,5,1,0,0
0x63db88,99.9904%,1,10399,10400,10399,1,0,0
0x63bad1,98.8636%,1,87,88,0,0,1,87
0x597e64,50%,1,1,2,0,0,1,1
0x604c20,97.7273%,1,43,44,43,1,0,0
0x67b07d,87.5%,1,7,8,7,1,0,0
0x755c89,50%,1,1,2,0,0,1,1
0x8c3c92,99%,1,99,100,0,0,1,99
0x63feef,50%,1,1,2,0,0,1,1
0x63b34d,50%,1,1,2,0,0,1,1
0x67aec4,87.5%,1,7,8,6,0,1,1
0x5fd042,98.8636%,1,87,88,87,1,0,0
0x768650,75%,1,3,4,0,0,1,3
0x60889d,99.4318%,1,175,176,175,1,0,0
0x7b2696,50%,1,1,2,1,1,0,0
0x5eff63,99.7537%,1,405,406,405,1,0,0
0x760b76,50%,1,1,2,1,1,0,0
0x75f01d,50%,1,1,2,0,0,1,1
0x7cf7da,50%,1,1,2,1,1,0,0
0x8c3516,99%,1,99,100,0,0,1,99
0x649bfd,50%,1,1,2,0,0,1,1
0x623590,99.9912%,1,11424,11425,11424,1,0,0
0x64c22d,50%,1,1,2,0,0,1,1
0x8c457a,99.9615%,1,2599,2600,0,0,1,2599
0x64aa82,99.75%,1,399,400,300,0,1,99
0x7aad53,98.1481%,1,53,54,0,0,1,53
0x8c45a6,99%,1,99,100,0,0,1,99
0x64a7ad,99%,1,99,100,99,1,0,0
0x7695d5,75%,1,3,4,3,1,0,0
0x65af6c,87.5%,1,7,8,7,1,0,0
0x62f4b6,50%,1,1,2,0,0,1,1
0x64a77b,99%,1,99,100,99,1,0,0
0xa79047,99.9259%,1,1349,1350,0,0,1,1349
0x645973,50%,1,1,2,0,0,1,1
0x8c4bd3,99.9615%,1,2599,2600,0,0,1,2599
0x66f07c,98.9796%,1,97,98,0,0,1,97
0x9f9941,99.9361%,1,1565,1566,0,0,1,1565
0x67ab0e,50%,1,1,2,0,0,1,1
0x5e69c6,99.92%,1,1249,1250,1249,1,0,0
0x8c12ef,50%,1,1,2,0,0,1,1
0x64e3de,90%,1,9,10,0,0,1,9
0xa783dd,99.9969%,1,32757,32758,32757,1,0,0
0xa397a5,85.7143%,1,6,7,6,1,0,0
0x64038e,50%,1,1,2,0,0,1,1
0x769706,99.0385%,1,103,104,0,0,1,103
0x639e88,87.5%,1,7,8,0,1,0,7
0x8c2065,50%,1,1,2,0,0,1,1
0x645788,98.0769%,1,51,52,0,0,1,51
0x596ef2,99.359%,1,155,156,0,0,1,155
0x64b6d1,50%,1,1,2,0,0,1,1
0x636555,99.6109%,1,256,257,0,0,1,256
0x9285e3,99.9794%,1,4846,4847,4846,1,0,0
0x7b426f,50%,1,1,2,0,0,1,1
0x92ca0b,99.9615%,1,2599,2600,0,0,1,2599
0x650b60,50%,1,1,2,1,1,0,0
0x9f8d0e,99.6169%,1,260,261,0,0,1,260
0x641e76,50%,1,1,2,0,0,1,1
0x646a75,99.9615%,1,2599,2600,0,0,1,2599
0x929304,95%,1,19,20,0,0,1,19
0x8c6b46,99%,1,99,100,0,0,1,99
0x597f24,92.8571%,1,13,14,0,0,1,13
0x597aec,97.0588%,1,33,34,0,0,1,33
0x64f24c,99.9969%,1,32639,32640,0,0,1,32639
0x5e9c63,75%,1,3,4,0,0,1,3
0x63f48d,50%,1,1,2,0,0,1,1
0x6497d4,50%,1,1,2,0,0,1,1
0x8c49be,99.9923%,1,12999,13000,12999,1,0,0
0xa769b3,99.9955%,1,21982,21983,21819,0,1,163
0x7698f5,99.7596%,1,415,416,0,0,1,415
0x5f3e32,75%,1,3,4,0,1,0,3
0x64cb2a,99.9938%,1,15999,16000,0,0,1,15999
0x66af23,99.5192%,1,207,208,155,1,0,52
0x75ebf8,50%,1,1,2,0,0,1,1
0x76a4a3,98.0769%,1,51,52,0,0,1,51
0x5f1192,98.1481%,1,53,54,53,1,0,0
0x67b31e,87.5%,1,7,8,7,1,0,0
0x76d646,98.0769%,1,51,52,0,0,1,51
0x949d91,50%,1,1,2,0,0,1,1
0x92a516,99.726%,1,364,365,0,0,1,364
0x63734a,99.6109%,1,256,257,0,0,1,256
0xa3a2e6,75%,1,3,4,0,0,1,3
0x7e7593,98.0769%,1,51,52,0,0,1,51
0xa2e96b,99.9973%,1,37688,37689,37688,1,0,0
0x76507f,50%,1,1,2,0,0,1,1
0xa76a61,99.9696%,1,3285,3286,0,0,1,3285
0x7693db,99.0385%,1,103,104,103,1,0,0
0x7650c3,99.0385%,1,103,104,0,0,1,103
0x63a659,87.5%,1,7,8,0,0,1,7
0x7affda,50%,1,1,2,0,0,1,1
0x67aae9,87.5%,1,7,8,0,0,1,7
0x76c7cc,97.7273%,1,43,44,0,0,1,43
0x65248d,99.9878%,1,8202,8203,0,0,1,8202
0x62ecfe,50%,1,1,2,0,0,1,1
0x9fb727,99.6139%,1,258,259,258,1,0,0
0x641d09,50%,1,1,2,0,0,1,1
0x5f48e0,97.7778%,1,44,45,44,1,0,0
0x64f82c,50%,1,1,2,0,0,1,1
0x403f44,83.3333%,1,5,6,5,1,0,0
0x76158e,97.7273%,1,43,44,0,0,1,43
0x765bba,99.0385%,1,103,104,0,0,1,103
0x6546da,99.9883%,1,8520,8521,8520,1,0,0
0x652b24,99.9786%,1,4679,4680,0,0,1,4679
0x4a29f3,83.3333%,1,5,6,0,0,1,5
0x75e1a9,50%,1,1,2,1,1,0,0
0x765d5f,98.9583%,1,95,96,0,0,1,95
0x7619b3,98.1132%,1,52,53,0,0,1,52
0x602f3d,95.4545%,1,21,22,21,1,0,0
0xa76d55,99.9953%,1,21275,21276,0,0,1,21275
0x651359,98.75%,1,79,80,0,0,1,79
0x765eff,98.9583%,1,95,96,0,0,1,95
0x7cba7a,98.0769%,1,51,52,51,1,0,0
0x66fea4,99.5192%,1,207,208,0,0,1,207
0x429af0,50%,1,1,2,0,0,1,1
0x7cc09e,98.0769%,1,51,52,51,1,0,0
0x9283d1,99.9722%,1,3600,3601,0,0,1,3600
0x8c355c,99%,1,99,100,0,0,1,99
0x7d0203,50%,1,1,2,1,1,0,0
0x64de88,99.9938%,1,15999,16000,0,0,1,15999
0x89fee2,50%,1,1,2,1,1,0,0
0x641b87,50%,1,1,2,0,0,1,1
0x7749ef,98.0769%,1,51,52,0,0,1,51
0x76cd2e,50%,1,1,2,0,0,1,1
0x8c52f2,99.9923%,1,12999,13000,0,0,1,12999
0x646198,99.9615%,1,2599,2600,0,0,1,2599
0x67a0bd,87.5%,1,7,8,7,1,0,0
0x658cd7,50%,1,1,2,1,1,0,0
0x8c4d96,99.9615%,1,2599,2600,0,0,1,2599
0x65dee8,99.9615%,1,2599,2600,0,0,1,2599
0x7ce40a,98.0769%,1,51,52,51,1,0,0
0x652b09,99.9786%,1,4679,4680,0,0,1,4679
0x62f790,50%,1,1,2,0,0,1,1
0x599527,87.5%,1,7,8,7,1,0,0
0x65afa1,50%,1,1,2,0,0,1,1
0x639b83,50%,1,1,2,0,0,1,1
0x64afac,98.0769%,1,51,52,0,0,1,51
0x65858d,99.9988%,1,85175,85176,63881,1,0,21294
0x7ebc94,50%,1,1,2,1,1,0,0
0x8c358a,99%,1,99,100,0,0,1,99
0x77259f,98.0769%,1,51,52,0,0,1,51
0x76c4ae,97.7273%,1,43,44,0,0,1,43
0x95ac32,50%,1,1,2,0,0,1,1
0x7aae15,98.0769%,1,51,52,0,0,1,51
0x66a6ac,98.0769%,1,51,52,0,0,1,51
0x5fcc9c,98.8636%,1,87,88,87,1,0,0
0x63c03e,98.4375%,1,63,64,0,0,1,63
0x66f1f7,50%,1,1,2,0,0,1,1
0x64e665,87.5%,1,7,8,0,0,1,7
0x66e397,50%,1,1,2,0,0,1,1
0x5f32a8,97.0588%,1,33,34,33,1,0,0
0x8c4636,99%,1,99,100,0,0,1,99
0x64fc69,50%,1,1,2,0,0,1,1
0x758a2b,99.0385%,1,103,104,52,0,1,51
0x65a754,50%,1,1,2,1,1,0,0
0x657f82,98.9011%,1,90,91,90,1,0,0
0x66600c,87.5%,1,7,8,7,1,0,0
0x8c33ad,99%,1,99,100,0,0,1,99
0x64bdbc,50%,1,1,2,0,0,1,1
0x76e3a1,93.75%,1,15,16,0,0,1,15
0x67a160,50%,1,1,2,0,0,1,1
0x403226,96.1538%,1,25,26,25,1,0,0
0x5e90ab,50%,1,1,2,1,1,0,0
0x62ed3e,50%,1,1,2,0,0,1,1
0x7e8e77,50%,1,1,2,0,0,1,1
0x8c6521,99.96%,1,2499,2500,0,0,1,2499
0x6e69fa,99.5192%,1,207,208,0,0,1,207
0x64a64b,99%,1,99,100,99,1,0,0
0x66e6ac,98.75%,1,79,80,0,0,1,79
0x67b9e9,50%,1,1,2,0,0,1,1
0x64f78b,50%,1,1,2,0,0,1,1
0x598ad4,98.9583%,1,95,96,0,0,1,95
0x598d36,50%,1,1,2,1,1,0,0
0x8c3cbd,99%,1,99,100,0,0,1,99
0x65a686,50%,1,1,2,0,0,1,1
0x9f8da8,99.6169%,1,260,261,260,1,0,0
0x7562a7,99.7475%,1,395,396,0,0,1,395
0x66640c,50%,1,1,2,0,0,1,1
0x66996b,99.5192%,1,207,208,207,1,0,0
0x635f06,50%,1,1,2,0,0,1,1
0x4030de,96.1538%,1,25,26,25,1,0,0
0x8c60db,99.9923%,1,12999,13000,0,0,1,12999
0x8c6237,99.9923%,1,12999,13000,12999,1,0,0
0x63a589,87.5%,1,7,8,0,0,1,7
0x8c07a2,99.5%,1,199,200,0,0,1,199
0xa30524,99.9982%,1,54539,54540,0,0,1,54539
0x63401b,50%,1,1,2,0,0,1,1
0x685204,50%,1,1,2,0,0,1,1
0x608a5d,97.7273%,1,43,44,0,0,1,43
0x64efd4,87.5%,1,7,8,7,1,0,0
0x63a308,99%,1,99,100,0,0,1,99
0x62e95e,50%,1,1,2,0,0,1,1
0x67b3a8,50%,1,1,2,0,0,1,1
0x64e350,90%,1,9,10,0,0,1,9
0x6433d2,99.9615%,1,2599,2600,0,0,1,2599
0x64dd20,50%,1,1,2,0,0,1,1
0x6490c2,92.8571%,1,13,14,0,0,1,13
0x646c4f,50%,1,1,2,0,0,1,1
0x7aa162,98.0769%,1,51,52,0,0,1,51
0x64b5cb,50%,1,1,2,0,0,1,1
0x641ac9,50%,1,1,2,0,0,1,1
0x63f0f1,50%,1,1,2,0,0,1,1
0x649860,50%,1,1,2,0,0,1,1
0x89fd13,87.5%,1,7,8,7,1,0,0
0x64db92,98.75%,1,79,80,0,0,1,79
0x64723c,50%,1,1,2,0,0,1,1
0x64983c,50%,1,1,2,0,0,1,1
0x8c1628,99%,1,99,100,0,0,1,99
0x7bced0,99.6154%,1,259,260,0,0,1,259
0x8c5d0d,99.96%,1,2499,2500,2499,1,0,0
0x644295,50%,1,1,2,0,0,1,1
0x761ae5,50%,1,1,2,0,0,1,1
0x4b9e0d,98.4375%,1,63,64,0,0,1,63
0x6373f0,99.7942%,1,485,486,485,1,0,0
0x614a94,99.9855%,1,6915,6916,0,0,1,6915
0x7bdb21,90%,1,9,10,0,0,1,9
0x8c1506,99.6552%,1,289,290,33,0,1,256
0x76ea03,85.7143%,1,6,7,0,1,0,6
0x64f80c,50%,1,1,2,0,0,1,1
0x76f323,91.6667%,1,11,12,0,0,1,11
0x67b0d9,50%,1,1,2,0,0,1,1
0x8c103d,99%,1,99,100,0,0,1,99
0x6314d4,98.0769%,1,51,52,0,0,1,51
0x65883f,98.9011%,1,90,91,90,1,0,0
0x64a7dc,99%,1,99,100,99,1,0,0
0x8c4da3,99.9615%,1,2599,2600,2599,1,0,0
0x6036e6,93.75%,1,15,16,0,0,1,15
0x8c03cd,50%,1,1,2,0,0,1,1
0x6367a1,99.9093%,1,1102,1103,1102,1,0,0
0x769498,99.0385%,1,103,104,0,0,1,103
0x5e769a,92.3077%,1,12,13,0,0,1,12
0x9288ab,99.9712%,1,3471,3472,0,0,1,3471
0x75d679,50%,1,1,2,0,0,1,1
0x8c5633,99.9923%,1,12999,13000,0,0,1,12999
0xa39cf7,99.9708%,1,3423,3424,3423,1,0,0
0xa3087e,99.9866%,1,7435,7436,0,0,1,7435
0x760c75,50%,1,1,2,0,0,1,1
0x63bf9c,87.5%,1,7,8,0,0,1,7
0x64a749,99%,1,99,100,99,1,0,0
0x639e8a,85.7143%,1,6,7,0,0,1,6
0x8c160b,99.2366%,1,130,131,30,1,0,100
0x63f385,50%,1,1,2,0,0,1,1
0x8c3b73,99.8%,1,499,500,499,1,0,0
0x8c2134,50%,1,1,2,0,0,1,1
0x658b9e,50%,1,1,2,0,0,1,1
0x64c390,87.5%,1,7,8,0,0,1,7
0x637e0a,99.6109%,1,256,257,0,0,1,256
0x650630,50%,1,1,2,1,1,0,0
0x646b9f,98.0769%,1,51,52,0,0,1,51
0x634944,50%,1,1,2,0,0,1,1
0x6040de,97.7273%,1,43,44,43,1,0,0
0x8bf073,50%,1,1,2,0,0,1,1
0x8c6aec,99%,1,99,100,0,0,1,99
0x75e768,97.619%,1,41,42,41,1,0,0
0x76130e,50%,1,1,2,0,0,1,1
0x64a6b4,99%,1,99,100,99,1,0,0
0x59870d,100%,0,48,48,0,0,0,48
0x632d3b,100%,0,468,468,0,0,0,468
0x75c9aa,100%,0,2,2,0,0,0,2
0x617db8,100%,0,3952,3952,3952,0,0,0
0x65888b,100%,0,91,91,0,0,0,91
0x42a6dc,100%,0,6,6,6,0,0,0
0x75fbc3,100%,0,52,52,0,0,0,52
0x65144b,100%,0,2,2,0,0,0,2
0x928982,100%,0,159,159,0,0,0,159
0x64f8d8,100%,0,2,2,0,0,0,2
0x5f0c2c,100%,0,4588,4588,0,0,0,4588
0x7cd636,100%,0,52,52,0,0,0,52
0x618184,100%,0,3952,3952,0,0,0,3952
0x7cd713,100%,0,52,52,0,0,0,52
0x7a999b,100%,0,100,100,100,0,0,0
0x7cd761,100%,0,52,52,52,0,0,0
0x64f885,100%,0,2,2,0,0,0,2
0x9f9222,100%,0,2,2,0,0,0,2
0x67b538,100%,0,8,8,0,0,0,8
0x762c03,100%,0,38,38,0,0,0,38
0x926c88,100%,0,8,8,0,0,0,8
0x7cd866,100%,0,52,52,0,0,0,52
0x635aae,100%,0,2,2,0,0,0,2
0x40518c,100%,0,6,6,6,0,0,0
0x42a2ac,100%,0,2,2,0,0,0,2
0x5f0e62,100%,0,2,2,0,0,0,2
0x7cdf83,100%,0,52,52,0,0,0,52
0x4049a6,100%,0,6,6,6,0,0,0
0x65aa66,100%,0,2,2,0,0,0,2
0x5e98f2,100%,0,52,52,0,0,0,52
0x8c5936,100%,0,13000,13000,0,0,0,13000
0xa3a62a,100%,0,4,4,0,0,0,4
0x644ebf,100%,0,2,2,0,0,0,2
0x614fc5,100%,0,152,152,0,0,0,152
0x76601e,100%,0,96,96,0,0,0,96
0x772af3,100%,0,52,52,0,0,0,52
0x7b436a,100%,0,2,2,0,0,0,2
0x404941,100%,0,6,6,0,0,0,6
0x7cc6b6,100%,0,52,52,0,0,0,52
0x6f50a7,100%,0,2,2,0,0,0,2
0x5f0f3c,100%,0,2,2,0,0,0,2
0x75e2b8,100%,0,2,2,0,0,0,2
0x762467,100%,0,38,38,0,0,0,38
0x617d53,100%,0,3952,3952,0,0,0,3952
0x7cdb53,100%,0,52,52,0,0,0,52
0x5e663b,100%,0,50,50,0,0,0,50
0x766f96,100%,0,32,32,0,0,0,32
0x7cc676,100%,0,52,52,0,0,0,52
0x67ba1a,100%,0,2,2,0,0,0,2
0x7e7748,100%,0,6,6,0,0,0,6
0x7628ad,100%,0,6,6,0,0,0,6
0x762305,100%,0,44,44,0,0,0,44
0x7cda13,100%,0,52,52,0,0,0,52
0x64289a,100%,0,2,2,0,0,0,2
0x76c30c,100%,0,2,2,0,0,0,2
0x4049e2,100%,0,6,6,6,0,0,0
0x65a656,100%,0,2,2,0,0,0,2
0x7cc351,100%,0,52,52,0,0,0,52
0x7e76db,100%,0,2,2,0,0,0,2
0x7cdd33,100%,0,52,52,0,0,0,52
0x76bc30,100%,0,2,2,0,0,0,2
0x7e7573,100%,0,52,52,0,0,0,52
0x4ba05f,100%,0,2,2,0,0,0,2
0x614d7d,100%,0,6916,6916,0,0,0,6916
0x63cdd5,100%,0,257,257,0,0,0,257
0x64fe1f,100%,0,2,2,2,0,0,0
0x618f48,100%,0,6916,6916,6916,0,0,0
0x6e6803,100%,0,2,2,0,0,0,2
0x6e688a,100%,0,52,52,0,0,0,52
0x4a2ede,100%,0,6,6,0,0,0,6
0xa39803,100%,0,7,7,7,0,0,0
0x593d32,100%,0,8,8,0,0,0,8
0x614d63,100%,0,6916,6916,0,0,0,6916
0x64e725,100%,0,320,320,0,0,0,320
0x62fdf2,100%,0,2,2,0,0,0,2
0x8bef93,100%,0,52,52,0,0,0,52
0x614c53,100%,0,6916,6916,0,0,0,6916
0x64b59b,100%,0,2,2,0,0,0,2
0x6381ad,100%,0,257,257,257,0,0,0
0x618b30,100%,0,6916,6916,0,0,0,6916
0x7cf577,100%,0,2,2,0,0,0,2
0x7e72d2,100%,0,52,52,0,0,0,52
0x75bb5e,100%,0,2,2,0,0,0,2
0x7e733d,100%,0,52,52,52,0,0,0
0x7e73a0,100%,0,2,2,0,0,0,2
0x7afcca,100%,0,52,52,0,0,0,52
0x639aba,100%,0,2,2,0,0,0,2
0x5f4182,100%,0,4,4,0,0,0,4
0x6f4d69,100%,0,2,2,2,0,0,0
0x403fd4,100%,0,6,6,6,0,0,0
0x5f616b,100%,0,38,38,0,0,0,38
0x92a5c8,100%,0,91,91,0,0,0,91
0x67af59,100%,0,2,2,0,0,0,2
0x64f62c,100%,0,2,2,0,0,0,2
0xa24515,100%,0,1071,1071,0,0,0,1071
0x66752b,100%,0,52,52,0,0,0,52
0x6f5259,100%,0,2,2,0,0,0,2
0xa22cea,100%,0,34,34,0,0,0,34
0x656fe1,100%,0,2,2,0,0,0,2
0x613caf,100%,0,24,24,0,0,0,24
0x778f03,100%,0,208,208,0,0,0,208
0x75ce78,100%,0,20,20,0,0,0,20
0x7c88ef,100%,0,2,2,0,0,0,2
0x757b23,100%,0,52,52,0,0,0,52
0x40280b,100%,0,18,18,0,0,0,18
0x763122,100%,0,2,2,0,0,0,2
0x4ba091,100%,0,2,2,0,0,0,2
0x7ccfed,100%,0,52,52,0,0,0,52
0x763049,100%,0,2,2,0,0,0,2
0x685130,100%,0,6,6,6,0,0,0
0x63f237,100%,0,2,2,0,0,0,2
0x6851c8,100%,0,2,2,0,0,0,2
0x7cd3a3,100%,0,52,52,0,0,0,52
0x66ae7c,100%,0,52,52,0,0,0,52
0x763149,100%,0,2,2,0,0,0,2
0xa244f1,100%,0,197,197,0,0,0,197
0x404a27,100%,0,6,6,0,0,0,6
0x669e73,100%,0,52,52,0,0,0,52
0x63a534,100%,0,2,2,0,0,0,2
0x76e40f,100%,0,16,16,0,0,0,16
0x5f2527,100%,0,2,2,0,0,0,2
0x614b63,100%,0,6916,6916,0,0,0,6916
0x758c63,100%,0,52,52,0,0,0,52
0x8c50ef,100%,0,100,100,0,0,0,100
0x7577cb,100%,0,52,52,0,0,0,52
0x7e7e08,100%,0,2,2,2,0,0,0
0x65acbc,100%,0,336,336,336,0,0,0
0x7cd3d6,100%,0,52,52,0,0,0,52
0x766a44,100%,0,12,12,0,0,0,12
0x5aca87,100%,0,4,4,0,0,0,4
0x661323,100%,0,2,2,0,0,0,2
0x769303,100%,0,4,4,0,0,0,4
0x639e1a,100%,0,2,2,0,0,0,2
0x75caea,100%,0,52,52,0,0,0,52
0x5a62f6,100%,0,4,4,0,0,0,4
0x613cc2,100%,0,24,24,0,0,0,24
0x7cc8fc,100%,0,156,156,0,0,0,156
0x616d9c,100%,0,52,52,52,0,0,0
0x616d33,100%,0,52,52,0,0,0,52
0x7cc3a6,100%,0,52,52,0,0,0,52
0x7afb9a,100%,0,52,52,52,0,0,0
0x7cc467,100%,0,2,2,0,0,0,2
0x596f72,100%,0,156,156,0,0,0,156
0x7cc525,100%,0,2,2,0,0,0,2
0x7cf5f6,100%,0,2,2,0,0,0,2
0x405432,100%,0,6,6,6,0,0,0
0x65c853,100%,0,208,208,0,0,0,208
0x7cc6be,100%,0,52,52,52,0,0,0
0x7cc777,100%,0,2,2,0,0,0,2
0x616e33,100%,0,52,52,0,0,0,52
0x5f1349,100%,0,2,2,0,0,0,2
0x7cca83,100%,0,2,2,2,0,0,0
0x7cbd08,100%,0,52,52,0,0,0,52
0x7ccabc,100%,0,2,2,0,0,0,2
0x7ccb2f,100%,0,2,2,0,0,0,2
0xa2412b,100%,0,24206,24206,0,0,0,24206
0xa22775,100%,0,1071,1071,0,0,0,1071
0x6594fc,100%,0,52,52,0,0,0,52
0x4048a6,100%,0,6,6,0,0,0,6
0x7cef3e,100%,0,2,2,2,0,0,0
0x8bf50e,100%,0,2,2,0,0,0,2
0x8c123c,100%,0,2,2,0,0,0,2
0x96197b,100%,0,159,159,0,0,0,159
0x7cbd86,100%,0,52,52,0,0,0,52
0x65e2d3,100%,0,10400,10400,10400,0,0,0
0x655358,100%,0,68,68,0,0,0,68
0x8c61ef,100%,0,13000,13000,0,0,0,13000
0x60532f,100%,0,2,2,2,0,0,0
0x8c58ae,100%,0,500,500,0,0,0,500
0x7aae33,100%,0,42,42,0,0,0,42
0x7bd288,100%,0,10,10,0,0,0,10
0x64d7ae,100%,0,2,2,0,0,0,2
0x656d77,100%,0,2,2,0,0,0,2
0xa22827,100%,0,661,661,108,0,0,553
0x63fad8,100%,0,2,2,0,0,0,2
0x7cbc2f,100%,0,2,2,0,0,0,2
0x655577,100%,0,13515,13515,0,0,0,13515
0x63ef3a,100%,0,2,2,0,0,0,2
0x75f93c,100%,0,53,53,0,0,0,53
0x75f88d,100%,0,2,2,0,0,0,2
0x7cbf46,100%,0,2,2,0,0,0,2
0x616ece,100%,0,52,52,0,0,0,52
0x7cc041,100%,0,52,52,0,0,0,52
0x6851bd,100%,0,2,2,0,0,0,2
0x8c6b72,100%,0,100,100,0,0,0,100
0x596bd6,100%,0,6,6,0,0,0,6
0x62f954,100%,0,2,2,0,0,0,2
0x75e8b5,100%,0,2,2,0,0,0,2
0x8a0027,100%,0,2,2,2,0,0,0
0x62fa79,100%,0,2,2,0,0,0,2
0x5ed176,100%,0,52,52,0,0,0,52
0x763215,100%,0,2,2,0,0,0,2
0x5ea0fc,100%,0,52,52,0,0,0,52
0x68228e,100%,0,2,2,0,0,0,2
0x8c1778,100%,0,2,2,0,0,0,2
0x64ec00,100%,0,32,32,0,0,0,32
0x5ea0a7,100%,0,2,2,0,0,0,2
0x6491bc,100%,0,84,84,0,0,0,84
0x64f89e,100%,0,2,2,0,0,0,2
0x5ea5d2,100%,0,52,52,0,0,0,52
0x685cd8,100%,0,2,2,2,0,0,0
0x63306d,100%,0,2,2,0,0,0,2
0x429843,100%,0,1141,1141,0,0,0,1141
0x7cf203,100%,0,52,52,0,0,0,52
0x6821a4,100%,0,52,52,52,0,0,0
0x8c4b3d,100%,0,100,100,0,0,0,100
0x5f2153,100%,0,2,2,0,0,0,2
0x64eb38,100%,0,32,32,0,0,0,32
0x5ea3cc,100%,0,2,2,0,0,0,2
0x641816,100%,0,2,2,0,0,0,2
0x42ae98,100%,0,8,8,8,0,0,0
0x8c0102,100%,0,2,2,0,0,0,2
0xa233b9,100%,0,536,536,0,0,0,536
0x8bfb16,100%,0,2,2,0,0,0,2
0xa22fa9,100%,0,410,410,322,0,0,88
0x64dbf3,100%,0,2,2,0,0,0,2
0x63abbf,100%,0,2,2,0,0,0,2
0xa2b798,100%,0,4,4,0,0,0,4
0x7e6762,100%,0,52,52,0,0,0,52
0x763534,100%,0,44,44,0,0,0,44
0x9619eb,100%,0,2,2,0,0,0,2
0x76a353,100%,0,42,42,0,0,0,42
0x76b748,100%,0,44,44,0,0,0,44
0x7b0d61,100%,0,52,52,52,0,0,0
0x65a452,100%,0,2,2,0,0,0,2
0x68522d,100%,0,2,2,0,0,0,2
0x6851f9,100%,0,2,2,0,0,0,2
0x76b763,100%,0,44,44,0,0,0,44
0x685b7d,100%,0,2,2,0,0,0,2
0x5eca2b,100%,0,2,2,0,0,0,2
0x7725a7,100%,0,52,52,52,0,0,0
0x5eca85,100%,0,2,2,0,0,0,2
0x8c4e7a,100%,0,500,500,0,0,0,500
0x61737c,100%,0,22,22,22,0,0,0
0x7ceb37,100%,0,2,2,2,0,0,0
0x92b038,100%,0,100,100,0,0,0,100
0x686560,100%,0,2,2,2,0,0,0
0x7e8173,100%,0,52,52,0,0,0,52
0x63f657,100%,0,2,2,0,0,0,2
0x64cd43,100%,0,80,80,0,0,0,80
0x603cc6,100%,0,44,44,44,0,0,0
0x5e7053,100%,0,4,4,0,0,0,4
0x76c04a,100%,0,44,44,0,0,0,44
0x7cf033,100%,0,52,52,0,0,0,52
0x9289bd,100%,0,159,159,0,0,0,159
0x8c6785,100%,0,100,100,0,0,0,100
0x76a75a,100%,0,2,2,2,0,0,0
0x5f23b3,100%,0,54,54,0,0,0,54
0x7cf429,100%,0,2,2,0,0,0,2
0x76c02a,100%,0,44,44,0,0,0,44
0x7cf466,100%,0,2,2,0,0,0,2
0x7cc256,100%,0,2,2,0,0,0,2
0x667364,100%,0,52,52,0,0,0,52
0x614cce,100%,0,6916,6916,6916,0,0,0
0x7cf49f,100%,0,2,2,0,0,0,2
0x5fd0f9,100%,0,88,88,88,0,0,0
0x66f79f,100%,0,2,2,0,0,0,2
0x762b46,100%,0,2,2,0,0,0,2
0x89f9c1,100%,0,2,2,0,0,0,2
0x7728e3,100%,0,52,52,0,0,0,52
0x7ce1c3,100%,0,52,52,0,0,0,52
0x7625a9,100%,0,6,6,0,0,0,6
0x6571b0,100%,0,2,2,0,0,0,2
0x778c39,100%,0,8,8,0,0,0,8
0x7ce3ad,100%,0,52,52,0,0,0,52
0x596e0a,100%,0,156,156,0,0,0,156
0x7ce3ff,100%,0,52,52,0,0,0,52
0x65e9d7,100%,0,100,100,0,0,0,100
0x60490e,100%,0,44,44,44,0,0,0
0x7632fb,100%,0,42,42,0,0,0,42
0x7cf4f8,100%,0,2,2,0,0,0,2
0x603191,100%,0,22,22,0,0,0,22
0xa24d48,100%,0,285,285,285,0,0,0
0x7ce693,100%,0,2,2,0,0,0,2
0x89f9d4,100%,0,2,2,0,0,0,2
0x7ce6a6,100%,0,2,2,2,0,0,0
0x7633dd,100%,0,2,2,0,0,0,2
0x8a0c61,100%,0,2,2,0,0,0,2
0x5f7520,100%,0,1026,1026,0,0,0,1026
0x6043f0,100%,0,44,44,44,0,0,0
0x75c8da,100%,0,10,10,0,0,0,10
0x62fcc8,100%,0,2,2,0,0,0,2
0x620a44,100%,0,3952,3952,0,0,0,3952
0x76a00c,100%,0,2,2,0,0,0,2
0x759378,100%,0,52,52,0,0,0,52
0x5fc942,100%,0,88,88,0,0,0,88
0x7731e3,100%,0,52,52,0,0,0,52
0x7cb534,100%,0,2,2,0,0,0,2
0x59896c,100%,0,48,48,0,0,0,48
0x63fb7a,100%,0,2,2,0,0,0,2
0x61721f,100%,0,572,572,0,0,0,572
0x76d753,100%,0,52,52,0,0,0,52
0x7b2102,100%,0,52,52,0,0,0,52
0x75f9ec,100%,0,6,6,0,0,0,6
0x778556,100%,0,200,200,0,0,0,200
0x769ee3,100%,0,2,2,0,0,0,2
0x760794,100%,0,2,2,0,0,0,2
0x42ab47,100%,0,14,14,0,0,0,14
0x75f603,100%,0,2,2,0,0,0,2
0x7cb6af,100%,0,2,2,2,0,0,0
0x769cb3,100%,0,52,52,0,0,0,52
0x63f409,100%,0,2,2,0,0,0,2
0x7ce508,100%,0,2,2,2,0,0,0
0x7cb764,100%,0,2,2,0,0,0,2
0x605d57,100%,0,22,22,0,0,0,22
0x5989f6,100%,0,48,48,0,0,0,48
0x7783a2,100%,0,200,200,0,0,0,200
0x7cf51e,100%,0,2,2,0,0,0,2
0x64990a,100%,0,2,2,0,0,0,2
0x7cf6f7,100%,0,2,2,2,0,0,0
0x7cfb4a,100%,0,2,2,0,0,0,2
0x76d589,100%,0,52,52,0,0,0,52
0x67a346,100%,0,2,2,0,0,0,2
0x5fcfde,100%,0,88,88,88,0,0,0
0x5fced2,100%,0,88,88,88,0,0,0
0x76341f,100%,0,52,52,0,0,0,52
0x5ed0d3,100%,0,2,2,0,0,0,2
0x635202,100%,0,2,2,0,0,0,2
0x635a1a,100%,0,2,2,0,0,0,2
0x66ae93,100%,0,208,208,156,0,0,52
0x7cc8a6,100%,0,156,156,0,0,0,156
0x7cfb5d,100%,0,2,2,2,0,0,0
0x7cfba3,100%,0,2,2,2,0,0,0
0x76baca,100%,0,2,2,0,0,0,2
0x62eafe,100%,0,2,2,0,0,0,2
0x63a94a,100%,0,2,2,0,0,0,2
0x7e8063,100%,0,52,52,0,0,0,52
0x76a183,100%,0,52,52,0,0,0,52
0x928a35,100%,0,159,159,0,0,0,159
0x7cb43e,100%,0,2,2,0,0,0,2
0x63583f,100%,0,2,2,0,0,0,2
0x7690c0,100%,0,4,4,0,0,0,4
0x76906b,100%,0,32,32,0,0,0,32
0x633474,100%,0,2,2,0,0,0,2
0x75fd93,100%,0,52,52,0,0,0,52
0x770da8,100%,0,2,2,2,0,0,0
0x761702,100%,0,132,132,0,0,0,132
0x653952,100%,0,208,208,156,0,0,52
0x7aaf88,100%,0,52,52,0,0,0,52
0x778d88,100%,0,32,32,0,0,0,32
0x8c5a97,100%,0,100,100,0,0,0,100
0x75e59b,100%,0,2,2,0,0,0,2
0x42a8ab,100%,0,38,38,0,0,0,38
0xa22afc,100%,0,105,105,0,0,0,105
0x63bdad,100%,0,208,208,0,0,0,208
0x7cb59b,100%,0,2,2,0,0,0,2
0x666c18,100%,0,8,8,0,0,0,8
0x757b53,100%,0,54,54,0,0,0,54
0x768dff,100%,0,32,32,0,0,0,32
0x7aa1ed,100%,0,2,2,0,0,0,2
0x403265,100%,0,26,26,26,0,0,0
0x7a8cd2,100%,0,104,104,104,0,0,0
0x768aea,100%,0,32,32,0,0,0,32
0x7b3c8f,100%,0,2,2,0,0,0,2
0x7689c5,100%,0,4,4,0,0,0,4
0x7a8d4b,100%,0,100,100,0,0,0,100
0x76bc7c,100%,0,6,6,0,0,0,6
0x65b26f,100%,0,2,2,0,0,0,2
0x6044f6,100%,0,44,44,44,0,0,0
0x5f6620,100%,0,1026,1026,0,0,0,1026
0x7cdd81,100%,0,52,52,52,0,0,0
0x774846,100%,0,2,2,2,0,0,0
0x646357,100%,0,2,2,0,0,0,2
0x598ce8,100%,0,52,52,0,0,0,52
0x760a21,100%,0,2,2,0,0,0,2
0x76e3fd,100%,0,16,16,0,0,0,16
0x77493c,100%,0,52,52,0,0,0,52
0x961497,100%,0,159,159,0,0,0,159
0x9f80cf,100%,0,191,191,191,0,0,0
0x5e882b,100%,0,13,13,0,0,0,13
0x7b30a8,100%,0,2,2,0,0,0,2
0x774b86,100%,0,2,2,0,0,0,2
0x666173,100%,0,54,54,0,0,0,54
0x63132c,100%,0,52,52,0,0,0,52
0x95adfe,100%,0,2,2,0,0,0,2
0x7693ae,100%,0,104,104,0,0,0,104
0x769276,100%,0,12,12,0,0,0,12
0x8c46c6,100%,0,100,100,0,0,0,100
0x64982a,100%,0,2,2,0,0,0,2
0x67b6d9,100%,0,2,2,0,0,0,2
0x7603a3,100%,0,8,8,0,0,0,8
0x95ae74,100%,0,2,2,0,0,0,2
0x7aac7e,100%,0,52,52,0,0,0,52
0x65ad77,100%,0,2,2,0,0,0,2
0x593d8e,100%,0,8,8,0,0,0,8
0x657af1,100%,0,2,2,0,0,0,2
0x7691df,100%,0,12,12,0,0,0,12
0x660ce9,100%,0,2,2,2,0,0,0
0x7aa370,100%,0,50,50,0,0,0,50
0x64d953,100%,0,80,80,0,0,0,80
0x7aa3f5,100%,0,50,50,0,0,0,50
0x7aa722,100%,0,52,52,0,0,0,52
0x7e898a,100%,0,52,52,0,0,0,52
0x5e6b6d,100%,0,2,2,0,0,0,2
0x7618d9,100%,0,2,2,0,0,0,2
0x7aa74a,100%,0,52,52,0,0,0,52
0x7aaa2e,100%,0,2,2,0,0,0,2
0x7aaaa6,100%,0,2,2,0,0,0,2
0x598486,100%,0,104,104,0,0,0,104
0x7aab05,100%,0,2,2,0,0,0,2
0x76d773,100%,0,2,2,0,0,0,2
0x76b1e1,100%,0,126,126,0,0,0,126
0x639dde,100%,0,2,2,0,0,0,2
0x7b02b2,100%,0,2,2,0,0,0,2
0x7b045a,100%,0,2,2,0,0,0,2
0xa22e4f,100%,0,34,34,34,0,0,0
0x64920a,100%,0,2,2,0,0,0,2
0x778171,100%,0,8,8,0,0,0,8
0x41cbf7,100%,0,64,64,0,0,0,64
0x67a280,100%,0,2,2,0,0,0,2
0x597dec,100%,0,8,8,0,0,0,8
0x7781de,100%,0,32,32,0,0,0,32
0x634d80,100%,0,2,2,0,0,0,2
0x7aa8d3,100%,0,52,52,52,0,0,0
0x77826a,100%,0,32,32,32,0,0,0
0x4aba64,100%,0,16,16,0,0,0,16
0x7687e7,100%,0,100,100,0,0,0,100
0x768701,100%,0,12,12,0,0,0,12
0x7a91cc,100%,0,92,92,0,0,0,92
0x928ab2,100%,0,159,159,0,0,0,159
0x7603c2,100%,0,2,2,0,0,0,2
0x64fa60,100%,0,80,80,0,0,0,80
0x76832a,100%,0,104,104,0,0,0,104
0x75fc28,100%,0,52,52,0,0,0,52
0x7a9e33,100%,0,100,100,0,0,0,100
0x64ae86,100%,0,2,2,0,0,0,2
0xa38c92,100%,0,6,6,0,0,0,6
0x768082,100%,0,104,104,0,0,0,104
0x75fad4,100%,0,2,2,2,0,0,0
0x7cf3fb,100%,0,2,2,0,0,0,2
0x636b9a,100%,0,257,257,0,0,0,257
0x65a4b9,100%,0,2,2,0,0,0,2
0x63d774,100%,0,208,208,0,0,0,208
0x7a9fa9,100%,0,100,100,0,0,0,100
0x643d0b,100%,0,2,2,0,0,0,2
0x7a9fd2,100%,0,100,100,0,0,0,100
0x7611a2,100%,0,23,23,0,0,0,23
0x650828,100%,0,80,80,0,0,0,80
0x7aa013,100%,0,100,100,0,0,0,100
0x76198f,100%,0,54,54,0,0,0,54
0x598ac1,100%,0,96,96,0,0,0,96
0x7741fb,100%,0,52,52,0,0,0,52
0x7aa287,100%,0,2,2,0,0,0,2
0x76fed4,100%,0,2,2,2,0,0,0
0x760f3d,100%,0,2,2,0,0,0,2
0x65c07c,100%,0,52,52,0,0,0,52
0x760ec8,100%,0,2,2,2,0,0,0
0x76e109,100%,0,2,2,0,0,0,2
0x76fd24,100%,0,104,104,0,0,0,104
0x76dff7,100%,0,2,2,0,0,0,2
0x65710f,100%,0,2,2,0,0,0,2
0x7a8f24,100%,0,4,4,0,0,0,4
0x76136b,100%,0,2,2,0,0,0,2
0x6361b2,100%,0,2,2,0,0,0,2
0x42a81d,100%,0,42,42,42,0,0,0
0x760eac,100%,0,2,2,0,0,0,2
0x76fe77,100%,0,2,2,0,0,0,2
0x7cba69,100%,0,52,52,0,0,0,52
0x65c484,100%,0,52,52,0,0,0,52
0x6699f5,100%,0,2,2,0,0,0,2
0x76dc93,100%,0,2,2,0,0,0,2
0x760da6,100%,0,126,126,0,0,0,126
0x76dac2,100%,0,44,44,0,0,0,44
0x645293,100%,0,2600,2600,0,0,0,2600
0x62eb3e,100%,0,2,2,0,0,0,2
0x63edec,100%,0,2,2,0,0,0,2
0x772543,100%,0,52,52,0,0,0,52
0x602e17,100%,0,2,2,0,0,0,2
0x8c1fa1,100%,0,2,2,0,0,0,2
0x8a001d,100%,0,2,2,0,0,0,2
0x64c1b9,100%,0,2,2,0,0,0,2
0x67a65e,100%,0,2,2,0,0,0,2
0x63413f,100%,0,2,2,0,0,0,2
0x598c38,100%,0,32,32,0,0,0,32
0x67b2e8,100%,0,2,2,0,0,0,2
0x76ebcb,100%,0,7,7,0,0,0,7
0x761328,100%,0,6,6,0,0,0,6
0x8c5dd6,100%,0,10000,10000,0,0,0,10000
0x63c14b,100%,0,208,208,0,0,0,208
0x63fcbc,100%,0,2,2,0,0,0,2
0x949ffc,100%,0,2,2,0,0,0,2
0x761118,100%,0,53,53,0,0,0,53
0x76f62a,100%,0,1,1,0,0,0,1
0x63461f,100%,0,2,2,0,0,0,2
0x617db0,100%,0,3952,3952,0,0,0,3952
0x772f53,100%,0,52,52,0,0,0,52
0xa797b7,100%,0,173,173,0,0,0,173
0x616c73,100%,0,1026,1026,0,0,0,1026
0x621133,100%,0,208,208,0,0,0,208
0x60902a,100%,0,58,58,0,0,0,58
0x949bc3,100%,0,2,2,0,0,0,2
0x6639a6,100%,0,2,2,0,0,0,2
0x778c09,100%,0,8,8,0,0,0,8
0x404b8b,100%,0,14,14,0,0,0,14
0x5a6378,100%,0,4,4,4,0,0,0
0x63ac0c,100%,0,2,2,0,0,0,2
0xa7849b,100%,0,2,2,2,0,0,0
0x76fb78,100%,0,6,6,0,0,0,6
0x76e15b,100%,0,2,2,0,0,0,2
0x76d686,100%,0,54,54,0,0,0,54
0x5f117e,100%,0,54,54,0,0,0,54
0x618f40,100%,0,6916,6916,0,0,0,6916
0x7739c2,100%,0,52,52,0,0,0,52
0x76d723,100%,0,52,52,0,0,0,52
0x760b5d,100%,0,2,2,0,0,0,2
0x773add,100%,0,52,52,0,0,0,52
0x763245,100%,0,2,2,0,0,0,2
0x760b25,100%,0,17,17,0,0,0,17
0x685faa,100%,0,2,2,0,0,0,2
0x76d6f3,100%,0,52,52,0,0,0,52
0x773b47,100%,0,52,52,52,0,0,0
0x65989c,100%,0,2,2,0,0,0,2
0x76d6c3,100%,0,52,52,0,0,0,52
0x77375a,100%,0,2,2,2,0,0,0
0x76d5e9,100%,0,52,52,0,0,0,52
0x7596a1,100%,0,52,52,0,0,0,52
0x770f36,100%,0,2,2,2,0,0,0
0x6600d4,100%,0,2,2,0,0,0,2
0x63d7df,100%,0,8,8,0,0,0,8
0x63081b,100%,0,2,2,0,0,0,2
0x95aca4,100%,0,2,2,0,0,0,2
0x77409d,100%,0,52,52,0,0,0,52
0x76a988,100%,0,2,2,0,0,0,2
0x7741ad,100%,0,52,52,0,0,0,52
0x926a58,100%,0,98,98,0,0,0,98
0x774669,100%,0,52,52,0,0,0,52
0x660815,100%,0,2,2,2,0,0,0
0x76d7bb,100%,0,2,2,0,0,0,2
0x760d6d,100%,0,2,2,0,0,0,2
0x5fcfa4,100%,0,88,88,88,0,0,0
0x608940,100%,0,2,2,2,0,0,0
0x64e4c1,100%,0,2,2,0,0,0,2
0x5f6afb,100%,0,1026,1026,0,0,0,1026
0x6393fe,100%,0,257,257,257,0,0,0
0x7730c3,100%,0,52,52,0,0,0,52
0x7b0344,100%,0,2,2,0,0,0,2
0x77314e,100%,0,52,52,52,0,0,0
0x669cca,100%,0,2,2,2,0,0,0
0x761546,100%,0,2,2,0,0,0,2
0x65a3f6,100%,0,2,2,0,0,0,2
0x76d809,100%,0,2,2,0,0,0,2
0x64fb62,100%,0,2,2,0,0,0,2
0x760ce4,100%,0,59,59,0,0,0,59
0x606284,100%,0,4,4,0,0,0,4
0x76d7ab,100%,0,2,2,0,0,0,2
0x76157b,100%,0,44,44,0,0,0,44
0x7732f3,100%,0,52,52,0,0,0,52
0x774c0e,100%,0,52,52,0,0,0,52
0x635acb,100%,0,2,2,0,0,0,2
0x7b27f7,100%,0,2,2,0,0,0,2
0x64c69d,100%,0,4000,4000,0,0,0,4000
0x67ba4b,100%,0,2,2,0,0,0,2
0x770061,100%,0,2,2,0,0,0,2
0x7afcc1,100%,0,52,52,0,0,0,52
0x636d38,100%,0,257,257,0,0,0,257
0x593cb9,100%,0,8,8,0,0,0,8
0x7b1c67,100%,0,2,2,2,0,0,0
0x7e7f53,100%,0,52,52,0,0,0,52
0x648710,100%,0,2,2,0,0,0,2
0x67b280,100%,0,2,2,0,0,0,2
0x7e7efc,100%,0,52,52,0,0,0,52
0x7b1cb8,100%,0,2,2,2,0,0,0
0x7b1cd7,100%,0,2,2,2,0,0,0
0x769a2d,100%,0,4,4,0,0,0,4
0x404c2b,100%,0,22,22,22,0,0,0
0x8c4e13,100%,0,100,100,0,0,0,100
0x769a13,100%,0,4,4,0,0,0,4
0x60894f,100%,0,2,2,0,0,0,2
0x7b227a,100%,0,2,2,0,0,0,2
0x8c5eb9,100%,0,100,100,0,0,0,100
0x75f5d1,100%,0,2,2,2,0,0,0
0x769995,100%,0,416,416,0,0,0,416
0xa24bd5,100%,0,125,125,0,0,0,125
0x6053ca,100%,0,2,2,2,0,0,0
0xa38c90,100%,0,6,6,0,0,0,6
0x603184,100%,0,22,22,0,0,0,22
0x7b22bc,100%,0,2,2,0,0,0,2
0x5ed32d,100%,0,2,2,0,0,0,2
0x92a594,100%,0,91,91,0,0,0,91
0x7b22db,100%,0,2,2,0,0,0,2
0x594378,100%,0,208,208,0,0,0,208
0x7b23b5,100%,0,52,52,0,0,0,52
0x95ae7f,100%,0,2,2,2,0,0,0
0x773146,100%,0,52,52,0,0,0,52
0x7588cf,100%,0,28,28,0,0,0,28
0x640945,100%,0,2,2,0,0,0,2
0x6398e3,100%,0,2,2,0,0,0,2
0x65ac73,100%,0,14,14,0,0,0,14
0x762555,100%,0,2,2,0,0,0,2
0xa0eec3,100%,0,7436,7436,0,0,0,7436
0x764f92,100%,0,2,2,0,0,0,2
0x66f934,100%,0,14,14,0,0,0,14
0x7cbf05,100%,0,2,2,0,0,0,2
0x6f551f,100%,0,2,2,2,0,0,0
0x75d478,100%,0,10,10,0,0,0,10
0x7582db,100%,0,39,39,0,0,0,39
0x5e8de3,100%,0,35,35,35,0,0,0
0x429f18,100%,0,100,100,0,0,0,100
0xa78597,100%,0,1169,1169,0,0,0,1169
0x769aea,100%,0,4,4,0,0,0,4
0x6301f1,100%,0,2,2,0,0,0,2
0x7e82eb,100%,0,2,2,2,0,0,0
0x75d380,100%,0,139,139,0,0,0,139
0x8c60c3,100%,0,500,500,0,0,0,500
0x403f2e,100%,0,6,6,6,0,0,0
0x62f9b4,100%,0,2,2,0,0,0,2
0x8c32a4,100%,0,100,100,0,0,0,100
0x5efaaa,100%,0,2,2,0,0,0,2
0x7ce49b,100%,0,50,50,0,0,0,50
0x7b1c2c,100%,0,2,2,2,0,0,0
0x7e7f73,100%,0,52,52,0,0,0,52
0x67b259,100%,0,2,2,0,0,0,2
0x634c14,100%,0,2,2,0,0,0,2
0x7b3b88,100%,0,2,2,0,0,0,2
0x7b3c2b,100%,0,2,2,0,0,0,2
0x686a5c,100%,0,52,52,0,0,0,52
0x7b3c45,100%,0,2,2,0,0,0,2
0x769590,100%,0,4,4,0,0,0,4
0x761fe3,100%,0,44,44,0,0,0,44
0x6820bf,100%,0,2,2,0,0,0,2
0x648fe1,100%,0,2,2,0,0,0,2
0x68200f,100%,0,4,4,0,0,0,4
0x7e7c79,100%,0,52,52,0,0,0,52
0x961697,100%,0,159,159,0,0,0,159
0x6434a2,100%,0,2600,2600,0,0,0,2600
0x7b40d7,100%,0,2,2,2,0,0,0
0x761f91,100%,0,2,2,0,0,0,2
0x75af7c,100%,0,739,739,0,0,0,739
0x7b45cb,100%,0,2,2,0,0,0,2
0x7e7bb9,100%,0,52,52,0,0,0,52
0x4a2689,100%,0,6,6,6,0,0,0
0x8c434c,100%,0,2600,2600,0,0,0,2600
0x75bbb0,100%,0,44,44,0,0,0,44
0x76cb5a,100%,0,44,44,0,0,0,44
0x75d04c,100%,0,2,2,2,0,0,0
0x7621b8,100%,0,44,44,0,0,0,44
0x75cf7b,100%,0,2,2,0,0,0,2
0x64ee5c,100%,0,8,8,8,0,0,0
0x7aa4ca,100%,0,52,52,0,0,0,52
0x64bc32,100%,0,2,2,0,0,0,2
0x7b30d9,100%,0,2,2,0,0,0,2
0x6396b6,100%,0,8,8,6,0,0,2
0xa22c4a,100%,0,105,105,0,0,0,105
0x761ea4,100%,0,2,2,0,0,0,2
0x65eb09,100%,0,2600,2600,2500,0,0,100
0x666ead,100%,0,8,8,0,0,0,8
0x598e36,100%,0,4,4,4,0,0,0
0x657370,100%,0,2,2,0,0,0,2
0x7738d6,100%,0,52,52,0,0,0,52
0x63326b,100%,0,52,52,0,0,0,52
0x8c671b,100%,0,100,100,0,0,0,100
0xa39752,100%,0,7,7,7,0,0,0
0x6085e7,100%,0,1872,1872,1872,0,0,0
0x8a862b,100%,0,20,20,0,0,0,20
0x759685,100%,0,52,52,0,0,0,52
0x60845a,100%,0,18,18,0,0,0,18
0x5f3adf,100%,0,2,2,0,0,0,2
0x7cf5b0,100%,0,2,2,2,0,0,0
0x7b31ac,100%,0,2,2,0,0,0,2
0x5ea7fb,100%,0,2,2,0,0,0,2
0xa395a7,100%,0,7,7,0,0,0,7
0x7b327c,100%,0,52,52,0,0,0,52
0x8c0a65,100%,0,2,2,0,0,0,2
0x7b340c,100%,0,52,52,0,0,0,52
0x7b3715,100%,0,52,52,0,0,0,52
0x7b3b5d,100%,0,2,2,0,0,0,2
0xa78466,100%,0,2,2,0,0,0,2
0x7b3b6e,100%,0,2,2,0,0,0,2
0x766ece,100%,0,32,32,0,0,0,32
0x76704e,100%,0,32,32,0,0,0,32
0x7b1393,100%,0,52,52,0,0,0,52
0x62e91e,100%,0,2,2,0,0,0,2
0x65b02e,100%,0,110,110,110,0,0,0
0x762183,100%,0,2,2,0,0,0,2
0x76ada7,100%,0,2,2,0,0,0,2
0x644e2d,100%,0,2,2,0,0,0,2
0x766fe7,100%,0,32,32,0,0,0,32
0x679f53,100%,0,2,2,0,0,0,2
0x761b17,100%,0,2,2,0,0,0,2
0x5f2353,100%,0,52,52,0,0,0,52
0x773ac3,100%,0,52,52,0,0,0,52
0x663798,100%,0,52,52,0,0,0,52
0x927338,100%,0,9,9,0,0,0,9
0x7578e3,100%,0,52,52,0,0,0,52
0x7b421c,100%,0,52,52,0,0,0,52
0x9e1621,100%,0,96,96,0,0,0,96
0x7579d3,100%,0,52,52,0,0,0,52
0x76abc5,100%,0,52,52,0,0,0,52
0x7560b8,100%,0,396,396,0,0,0,396
0x757a03,100%,0,52,52,0,0,0,52
0x92bd75,100%,0,100,100,0,0,0,100
0x761258,100%,0,23,23,0,0,0,23
0x76aa47,100%,0,52,52,0,0,0,52
0x757ac3,100%,0,52,52,0,0,0,52
0x766ab3,100%,0,4,4,0,0,0,4
0x76a97a,100%,0,2,2,0,0,0,2
0x7cf50b,100%,0,2,2,0,0,0,2
0x65ec79,100%,0,100,100,0,0,0,100
0x7b172f,100%,0,52,52,0,0,0,52
0x67a1a8,100%,0,8,8,0,0,0,8
0x767655,100%,0,52,52,52,0,0,0
0xa3087a,100%,0,7436,7436,0,0,0,7436
0x7cdfc6,100%,0,52,52,0,0,0,52
0x778bcc,100%,0,8,8,0,0,0,8
0x65cf3c,100%,0,2,2,0,0,0,2
0x778c4b,100%,0,8,8,8,0,0,0
0x63f04c,100%,0,2,2,0,0,0,2
0x929818,100%,0,125,125,0,0,0,125
0x76afb5,100%,0,44,44,0,0,0,44
0x778dd3,100%,0,32,32,32,0,0,0
0x76683f,100%,0,32,32,0,0,0,32
0x8a4c48,100%,0,2,2,0,0,0,2
0x926ac6,100%,0,8,8,0,0,0,8
0x7aa4fe,100%,0,52,52,0,0,0,52
0x6345ec,100%,0,2,2,0,0,0,2
0x65d8db,100%,0,100,100,0,0,0,100
0x7b0cf3,100%,0,52,52,0,0,0,52
0x7b0d16,100%,0,52,52,0,0,0,52
0x618ddf,100%,0,6916,6916,0,0,0,6916
0xa27e34,100%,0,40,40,40,0,0,0
0x8c13e4,100%,0,290,290,290,0,0,0
0x7cc638,100%,0,52,52,0,0,0,52
0x65ad07,100%,0,2,2,0,0,0,2
0x92a5ef,100%,0,91,91,0,0,0,91
0x758a37,100%,0,52,52,52,0,0,0
0x75641d,100%,0,52,52,0,0,0,52
0x765ed3,100%,0,96,96,0,0,0,96
0x7567ea,100%,0,52,52,0,0,0,52
0x8c3071,100%,0,100,100,0,0,0,100
0x757ea5,100%,0,52,52,0,0,0,52
0x5e64e0,100%,0,2,2,0,0,0,2
0x766d9a,100%,0,32,32,0,0,0,32
0x761d03,100%,0,44,44,0,0,0,44
0x765c7e,100%,0,4,4,0,0,0,4
0x769a8a,100%,0,4,4,4,0,0,0
0x7586e6,100%,0,52,52,0,0,0,52
0x75881a,100%,0,52,52,0,0,0,52
0x7a9266,100%,0,4,4,0,0,0,4
0x7aafa3,100%,0,42,42,0,0,0,42
0x756c16,100%,0,52,52,0,0,0,52
0x9f5cd6,100%,0,472,472,0,0,0,472
0x7cc157,100%,0,2,2,0,0,0,2
0x6661d3,100%,0,52,52,0,0,0,52
0x75d629,100%,0,2,2,0,0,0,2
0x76287e,100%,0,42,42,0,0,0,42
0x75d608,100%,0,8,8,0,0,0,8
0xa90dcd,100%,0,4,4,0,0,0,4
0x75d5d6,100%,0,2,2,0,0,0,2
0x6f4c3f,100%,0,52,52,0,0,0,52
0x7653cf,100%,0,2,2,0,0,0,2
0x7b27d3,100%,0,52,52,0,0,0,52
0x7651cb,100%,0,2,2,0,0,0,2
0x6086eb,100%,0,2,2,0,0,0,2
0xa43c8a,100%,0,10625,10625,0,0,0,10625
0x634212,100%,0,2,2,0,0,0,2
0x6330c4,100%,0,2,2,0,0,0,2
0x757be3,100%,0,52,52,0,0,0,52
0x7666d8,100%,0,32,32,0,0,0,32
0x7622d3,100%,0,44,44,0,0,0,44
0x961938,100%,0,159,159,0,0,0,159
0x8c4bf6,100%,0,2600,2600,0,0,0,2600
0x766693,100%,0,32,32,0,0,0,32
0x7cf440,100%,0,2,2,0,0,0,2
0x960e8c,100%,0,125,125,0,0,0,125
0x755e99,100%,0,208,208,0,0,0,208
0x7a9891,100%,0,100,100,0,0,0,100
0x92b28a,100%,0,52,52,0,0,0,52
0x755eb9,100%,0,208,208,0,0,0,208
0x5f2f2b,100%,0,2,2,0,0,0,2
0x67b3e8,100%,0,8,8,0,0,0,8
0x8a0198,100%,0,2,2,0,0,0,2
0x5f0ade,100%,0,4588,4588,0,0,0,4588
0x7661f8,100%,0,4,4,0,0,0,4
0x755fb6,100%,0,52,52,0,0,0,52
0x766e06,100%,0,32,32,0,0,0,32
0x404b86,100%,0,14,14,0,0,0,14
0x76614d,100%,0,4,4,0,0,0,4
0x63f4f0,100%,0,2,2,0,0,0,2
0x681df3,100%,0,4,4,0,0,0,4
0x7563e2,100%,0,70,70,0,0,0,70
0x7625ca,100%,0,18,18,0,0,0,18
0xa78e6e,100%,0,2,2,0,0,0,2
0x5f6ecb,100%,0,1064,1064,0,0,0,1064
0x66fc6c,100%,0,208,208,0,0,0,208
0x631227,100%,0,52,52,0,0,0,52
0x62e89e,100%,0,2,2,0,0,0,2
0x62e8de,100%,0,2,2,0,0,0,2
0x62e93e,100%,0,2,2,0,0,0,2
0x639a9b,100%,0,2,2,0,0,0,2
0x644bd8,100%,0,2,2,0,0,0,2
0x5ed573,100%,0,52,52,0,0,0,52
0x6528cc,100%,0,8203,8203,0,0,0,8203
0x634bcb,100%,0,2,2,0,0,0,2
0x66eccc,100%,0,2600,2600,0,0,0,2600
0x64f6b0,100%,0,2,2,0,0,0,2
0x64abaa,100%,0,2,2,0,0,0,2
0x634c4c,100%,0,2,2,0,0,0,2
0x762d8c,100%,0,2,2,0,0,0,2
0x635ba3,100%,0,2,2,0,0,0,2
0x633a66,100%,0,2,2,0,0,0,2
0x64a8e5,100%,0,100,100,0,0,0,100
0x6573c1,100%,0,2,2,0,0,0,2
0x7ce393,100%,0,52,52,0,0,0,52
0x9f4f98,100%,0,261,261,261,0,0,0
0x635b38,100%,0,98,98,0,0,0,98
0x67b58d,100%,0,2,2,0,0,0,2
0x7aa3d8,100%,0,50,50,0,0,0,50
0x638341,100%,0,257,257,0,0,0,257
0x5e91d7,100%,0,2,2,2,0,0,0
0x646778,100%,0,2600,2600,0,0,0,2600
0x65358c,100%,0,208,208,0,0,0,208
0x6499aa,100%,0,2,2,0,0,0,2
0x66f49f,100%,0,2,2,0,0,0,2
0x66f4f2,100%,0,8,8,6,0,0,2
0x9fef9e,100%,0,4,4,4,0,0,0
0x66f557,100%,0,2,2,0,0,0,2
0x666303,100%,0,52,52,0,0,0,52
0x63d492,100%,0,8,8,0,0,0,8
0x7783fe,100%,0,200,200,200,0,0,0
0x960ce3,100%,0,2,2,2,0,0,0
0x63ee24,100%,0,2,2,0,0,0,2
0x593bde,100%,0,8,8,0,0,0,8
0x7cdea7,100%,0,52,52,0,0,0,52
0x8c4d43,100%,0,2600,2600,0,0,0,2600
0x679fd1,100%,0,2,2,0,0,0,2
0x5f4dfb,100%,0,4,4,0,0,0,4
0x760abe,100%,0,2,2,0,0,0,2
0x63061e,100%,0,2,2,0,0,0,2
0x65b623,100%,0,52,52,0,0,0,52
0x67a1c9,100%,0,2,2,0,0,0,2
0x631871,100%,0,2,2,0,0,0,2
0x634b28,100%,0,500,500,0,0,0,500
0x67a1d8,100%,0,8,8,0,0,0,8
0x685238,100%,0,2,2,0,0,0,2
0x59835d,100%,0,104,104,0,0,0,104
0x67a28d,100%,0,2,2,0,0,0,2
0x7b40fe,100%,0,2,2,2,0,0,0
0x635d9b,100%,0,2,2,0,0,0,2
0x633a34,100%,0,2,2,0,0,0,2
0x7cf59d,100%,0,2,2,0,0,0,2
0x6343fb,100%,0,2,2,0,0,0,2
0x64bcdb,100%,0,2,2,0,0,0,2
0x634446,100%,0,2,2,0,0,0,2
0x6332fb,100%,0,2,2,0,0,0,2
0x66b0af,100%,0,2,2,0,0,0,2
0x63542b,100%,0,2,2,0,0,0,2
0x66e998,100%,0,2,2,0,0,0,2
0x6d90de,100%,0,4,4,0,0,0,4
0x635de6,100%,0,2,2,0,0,0,2
0x63ecc1,100%,0,2,2,0,0,0,2
0x65b530,100%,0,2,2,0,0,0,2
0x63ed28,100%,0,2,2,0,0,0,2
0x661b05,100%,0,2,2,0,0,0,2
0x4b9b54,100%,0,12,12,0,0,0,12
0x63ed98,100%,0,2,2,0,0,0,2
0x686525,100%,0,2,2,2,0,0,0
0x64ba5a,100%,0,80,80,80,0,0,0
0x62f38c,100%,0,2,2,0,0,0,2
0x641052,100%,0,2,2,0,0,0,2
0x64c702,100%,0,4000,4000,4000,0,0,0
0x651253,100%,0,80,80,0,0,0,80
0x651289,100%,0,1200,1200,0,0,0,1200
0x7622f6,100%,0,44,44,0,0,0,44
0x64e076,100%,0,10,10,0,0,0,10
0x681cfd,100%,0,2,2,2,0,0,0
0x66f994,100%,0,14,14,0,0,0,14
0x76bb18,100%,0,42,42,0,0,0,42
0x76bb34,100%,0,42,42,0,0,0,42
0x651462,100%,0,2,2,0,0,0,2
0x67baa5,100%,0,2,2,0,0,0,2
0x7edb34,100%,0,2,2,0,0,0,2
0x65a719,100%,0,80,80,0,0,0,80
0x75e1cf,100%,0,6,6,0,0,0,6
0x6314c1,100%,0,2,2,0,0,0,2
0x65759c,100%,0,52,52,0,0,0,52
0x9e1a19,100%,0,2,2,0,0,0,2
0x64d9a0,100%,0,2,2,0,0,0,2
0x64da77,100%,0,1200,1200,0,0,0,1200
0x76cd84,100%,0,2,2,2,0,0,0
0x64db37,100%,0,2,2,0,0,0,2
0x63ed0c,100%,0,2,2,0,0,0,2
0x65a4cb,100%,0,2,2,0,0,0,2
0x6045fc,100%,0,44,44,44,0,0,0
0x64e1f1,100%,0,500,500,0,0,0,500
0x65a96d,100%,0,2,2,0,0,0,2
0x5f4219,100%,0,4,4,0,0,0,4
0x64e43f,100%,0,10,10,10,0,0,0
0x632f24,100%,0,2,2,0,0,0,2
0x636c2c,100%,0,257,257,0,0,0,257
0x7b337c,100%,0,52,52,0,0,0,52
0x66e5fc,100%,0,80,80,0,0,0,80
0x6509d0,100%,0,2,2,2,0,0,0
0x650aa1,100%,0,2,2,0,0,0,2
0x66e217,100%,0,2,2,0,0,0,2
0x8c3b21,100%,0,500,500,0,0,0,500
0x63297b,100%,0,2,2,0,0,0,2
0x64ced3,100%,0,80,80,0,0,0,80
0x5f42cf,100%,0,15,15,0,0,0,15
0x662e4d,100%,0,2,2,0,0,0,2
0x66e0f2,100%,0,2,2,0,0,0,2
0x67aa30,100%,0,8,8,8,0,0,0
0x66e158,100%,0,2,2,0,0,0,2
0x7e8442,100%,0,52,52,0,0,0,52
0x6649e9,100%,0,2,2,0,0,0,2
0x66ace7,100%,0,2,2,0,0,0,2
0x75cb3a,100%,0,52,52,0,0,0,52
0x75752d,100%,0,92,92,0,0,0,92
0x65b46d,100%,0,2,2,0,0,0,2
0x66e586,100%,0,2,2,0,0,0,2
0x635765,100%,0,2,2,0,0,0,2
0x66e85f,100%,0,2,2,0,0,0,2
0x63ad18,100%,0,2,2,0,0,0,2
0x649998,100%,0,2,2,0,0,0,2
0x631622,100%,0,2,2,0,0,0,2
0x65a9e3,100%,0,14,14,0,0,0,14
0x7b0b2a,100%,0,52,52,0,0,0,52
0x631702,100%,0,2,2,0,0,0,2
0x65aae3,100%,0,32,32,0,0,0,32
0x762527,100%,0,2,2,0,0,0,2
0x65ac78,100%,0,14,14,0,0,0,14
0x633a1b,100%,0,2,2,0,0,0,2
0x65adca,100%,0,2,2,0,0,0,2
0x8c6a6a,100%,0,100,100,0,0,0,100
0x634d2d,100%,0,2,2,0,0,0,2
0x64b323,100%,0,52,52,0,0,0,52
0x65ae4d,100%,0,2,2,0,0,0,2
0x9fefa2,100%,0,4,4,0,0,0,4
0x76a659,100%,0,2,2,0,0,0,2
0x639fe3,100%,0,2,2,0,0,0,2
0x8c2072,100%,0,2,2,0,0,0,2
0x5da298,100%,0,2,2,0,0,0,2
0x590b5d,100%,0,32,32,0,0,0,32
0x590b65,100%,0,32,32,0,0,0,32
0x63f175,100%,0,2,2,0,0,0,2
0x590c38,100%,0,8,8,0,0,0,8
0x686607,100%,0,2,2,0,0,0,2
0x686625,100%,0,2,2,0,0,0,2
0x686b3e,100%,0,52,52,0,0,0,52
0x657290,100%,0,2,2,0,0,0,2
0x686f07,100%,0,2,2,0,0,0,2
0x590a8a,100%,0,8,8,0,0,0,8
0x5da5b4,100%,0,50,50,0,0,0,50
0x5daab6,100%,0,52,52,0,0,0,52
0x5e69b7,100%,0,1250,1250,0,0,0,1250
0x5e6ef3,100%,0,2,2,0,0,0,2
0x5e6fb6,100%,0,54,54,0,0,0,54
0x5e70ff,100%,0,2,2,0,0,0,2
0x5e7133,100%,0,48,48,0,0,0,48
0x9e1939,100%,0,2,2,0,0,0,2
0x6618f8,100%,0,2,2,0,0,0,2
0x5f7387,100%,0,76,76,76,0,0,0
0x5f7410,100%,0,1026,1026,0,0,0,1026
0x5f7616,100%,0,2,2,0,0,0,2
0x5efeea,100%,0,406,406,0,0,0,406
0x635bc3,100%,0,2,2,0,0,0,2
0x5f005e,100%,0,406,406,0,0,0,406
0x5f007d,100%,0,406,406,406,0,0,0
0x5f019b,100%,0,50,50,0,0,0,50
0x5f01b3,100%,0,50,50,0,0,0,50
0x9e1977,100%,0,2,2,0,0,0,2
0x5ef8a5,100%,0,2,2,0,0,0,2
0x5ef98b,100%,0,2,2,2,0,0,0
0x66b36c,100%,0,52,52,0,0,0,52
0x5efb3a,100%,0,2,2,0,0,0,2
0x6864d8,100%,0,2,2,2,0,0,0
0x5909c0,100%,0,8,8,0,0,0,8
0x590a45,100%,0,8,8,0,0,0,8
0x590a81,100%,0,8,8,0,0,0,8
0x5e9af1,100%,0,2,2,2,0,0,0
0x5e8a71,100%,0,77,77,0,0,0,77
0x63501b,100%,0,2,2,0,0,0,2
0x5e82b1,100%,0,8,8,0,0,0,8
0x5e88ae,100%,0,5,5,0,0,0,5
0x5e898c,100%,0,11,11,11,0,0,0
0x5e977a,100%,0,54,54,54,0,0,0
0xa0f551,100%,0,34,34,0,0,0,34
0x5e97ea,100%,0,2,2,0,0,0,2
0x5e990e,100%,0,52,52,0,0,0,52
0x5e89ff,100%,0,13,13,0,0,0,13
0x68767e,100%,0,2,2,2,0,0,0
0x6876dd,100%,0,2,2,2,0,0,0
0x68772c,100%,0,2,2,2,0,0,0
0x687ada,100%,0,2,2,0,0,0,2
0x687b13,100%,0,2,2,0,0,0,2
0x687be8,100%,0,2,2,2,0,0,0
0x62effe,100%,0,2,2,0,0,0,2
0x687c74,100%,0,2,2,0,0,0,2
0x5e7491,100%,0,8,8,0,0,0,8
0x634328,100%,0,52,52,0,0,0,52
0x9e19de,100%,0,2,2,0,0,0,2
0x9e19fa,100%,0,2,2,0,0,0,2
0x9e1a5c,100%,0,2,2,0,0,0,2
0x9e1adb,100%,0,8,8,0,0,0,8
0x9e1cab,100%,0,8,8,0,0,0,8
0x5e7268,100%,0,2,2,0,0,0,2
0x5e7371,100%,0,8,8,0,0,0,8
0x6661a3,100%,0,54,54,0,0,0,54
0x5e770b,100%,0,13,13,0,0,0,13
0x5e79b0,100%,0,12,12,0,0,0,12
0x653644,100%,0,52,52,0,0,0,52
0x5e7e5d,100%,0,13,13,0,0,0,13
0x634378,100%,0,2600,2600,0,0,0,2600
0x5e82d4,100%,0,77,77,0,0,0,77
0x5e8146,100%,0,22,22,0,0,0,22
0x5e858a,100%,0,13,13,13,0,0,0
0x5f2be7,100%,0,2,2,0,0,0,2
0x5f1334,100%,0,2,2,0,0,0,2
0x9fa83e,100%,0,191,191,0,0,0,191
0x5f0312,100%,0,2,2,0,0,0,2
0x5f03ec,100%,0,2,2,0,0,0,2
0x5f05f5,100%,0,2,2,0,0,0,2
0x5f064a,100%,0,2,2,0,0,0,2
0x5f6bb8,100%,0,2052,2052,1026,0,0,1026
0x5f0752,100%,0,2,2,0,0,0,2
0x5f07f4,100%,0,2,2,0,0,0,2
0x5f1276,100%,0,54,54,0,0,0,54
0x661aec,100%,0,2,2,2,0,0,0
0x687dae,100%,0,52,52,0,0,0,52
0x5f3331,100%,0,304,304,304,0,0,0
0x5f3390,100%,0,304,304,304,0,0,0
0x5f36bf,100%,0,18,18,0,0,0,18
0x5f1b21,100%,0,2052,2052,0,0,0,2052
0x5f1ecb,100%,0,285,285,0,0,0,285
0x5f1eff,100%,0,285,285,0,0,0,285
0x65038f,100%,0,2,2,0,0,0,2
0x67a408,100%,0,80,80,0,0,0,80
0x67a41e,100%,0,4,4,0,0,0,4
0x64b512,100%,0,2,2,2,0,0,0
0x67a63c,100%,0,2,2,0,0,0,2
0x604e2c,100%,0,44,44,44,0,0,0
0x7b13f7,100%,0,52,52,0,0,0,52
0x8c5687,100%,0,13000,13000,0,0,0,13000
0x661a90,100%,0,2,2,0,0,0,2
0x961715,100%,0,159,159,159,0,0,0
0x67a968,100%,0,2,2,0,0,0,2
0x634dd0,100%,0,2,2,0,0,0,2
0x669de3,100%,0,52,52,0,0,0,52
0x667a33,100%,0,52,52,0,0,0,52
0x67aaa8,100%,0,2,2,0,0,0,2
0x67aada,100%,0,2,2,0,0,0,2
0x7cda76,100%,0,52,52,0,0,0,52
0x646f49,100%,0,2,2,0,0,0,2
0x5f642a,100%,0,1026,1026,0,0,0,1026
0x631112,100%,0,2,2,0,0,0,2
0x5f4d8f,100%,0,2,2,0,0,0,2
0x5f4e68,100%,0,4,4,0,0,0,4
0x926ad6,100%,0,8,8,0,0,0,8
0x660ab6,100%,0,2,2,2,0,0,0
0x5f4ed0,100%,0,4,4,0,0,0,4
0x5f5b79,100%,0,4,4,0,0,0,4
0x5ef60b,100%,0,2,2,0,0,0,2
0x5f63fe,100%,0,1026,1026,0,0,0,1026
0x5f4c8b,100%,0,54,54,0,0,0,54
0x5f69c0,100%,0,38,38,0,0,0,38
0x62fac3,100%,0,2,2,0,0,0,2
0x5f6a2a,100%,0,38,38,38,0,0,0
0x961776,100%,0,159,159,159,0,0,0
0x5f6d48,100%,0,1064,1064,0,0,0,1064
0x5f7042,100%,0,1026,1026,0,0,0,1026
0x5f7060,100%,0,1026,1026,0,0,0,1026
0x5f71a5,100%,0,1026,1026,0,0,0,1026
0x5f4454,100%,0,6,6,3,0,0,3
0x5f310e,100%,0,8,8,8,0,0,0
0x5f39be,100%,0,30,30,0,0,0,30
0x5f39f0,100%,0,30,30,0,0,0,30
0x5f3ab7,100%,0,2,2,0,0,0,2
0x5f3c87,100%,0,4,4,0,0,0,4
0x5f3cb6,100%,0,4,4,0,0,0,4
0x5f3cfd,100%,0,5,5,0,0,0,5
0x5f3d5d,100%,0,5,5,0,0,0,5
0x6475ee,100%,0,2,2,0,0,0,2
0x5f463d,100%,0,195,195,0,0,0,195
0x5f47f4,100%,0,4,4,0,0,0,4
0x669d83,100%,0,52,52,0,0,0,52
0x630ca5,100%,0,2,2,0,0,0,2
0x5f4a90,100%,0,4,4,0,0,0,4
0x5f4b5c,100%,0,73,73,0,0,0,73
0x5f4b8b,100%,0,4,4,0,0,0,4
0x5f4477,100%,0,1,1,0,0,0,1
0xa761f9,100%,0,3481,3481,0,0,0,3481
0x9e17ca,100%,0,96,96,0,0,0,96
0x9e15ae,100%,0,96,96,0,0,0,96
0x650a39,100%,0,2,2,2,0,0,0
0x9e15c8,100%,0,96,96,0,0,0,96
0x6507e8,100%,0,80,80,0,0,0,80
0x67b928,100%,0,2,2,0,0,0,2
0x7cf479,100%,0,2,2,0,0,0,2
0x59811e,100%,0,32,32,32,0,0,0
0x7739a3,100%,0,52,52,0,0,0,52
0x66f5b7,100%,0,2,2,0,0,0,2
0x95ae18,100%,0,2,2,0,0,0,2
0x639ea3,100%,0,2,2,0,0,0,2
0x7b416d,100%,0,2,2,0,0,0,2
0x639f02,100%,0,2,2,0,0,0,2
0x639f7a,100%,0,8,8,0,0,0,8
0x63a049,100%,0,8,8,0,0,0,8
0x65ce26,100%,0,52,52,0,0,0,52
0x9261d8,100%,0,8,8,0,0,0,8
0x9fa90b,100%,0,191,191,191,0,0,0
0x63cf42,100%,0,143,143,0,0,0,143
0x639c8b,100%,0,2,2,0,0,0,2
0x618de7,100%,0,6916,6916,6916,0,0,0
0x646620,100%,0,2,2,0,0,0,2
0x63cf7e,100%,0,8,8,0,0,0,8
0x7aac63,100%,0,52,52,0,0,0,52
0x8a8593,100%,0,20,20,0,0,0,20
0xa796b1,100%,0,2,2,0,0,0,2
0x64a005,100%,0,100,100,0,0,0,100
0x598756,100%,0,1248,1248,0,0,0,1248
0xa781f3,100%,0,98,98,0,0,0,98
0x650aaf,100%,0,2,2,0,0,0,2
0x639334,100%,0,100,100,0,0,0,100
0x7b0393,100%,0,52,52,0,0,0,52
0x6394a7,100%,0,100,100,0,0,0,100
0x64c1e2,100%,0,2,2,0,0,0,2
0x64452a,100%,0,52,52,0,0,0,52
0x92bb8f,100%,0,52,52,50,0,0,2
0x63b2b8,100%,0,84,84,0,0,0,84
0x63ae53,100%,0,12,12,0,0,0,12
0x630e10,100%,0,2,2,0,0,0,2
0xa0eb64,100%,0,4,4,0,0,0,4
0x67a5cc,100%,0,8,8,8,0,0,0
0x63175b,100%,0,18,18,0,0,0,18
0x6546c7,100%,0,8521,8521,0,0,0,8521
0x63b18e,100%,0,84,84,0,0,0,84
0x62e8fe,100%,0,2,2,0,0,0,2
0x7cffee,100%,0,2,2,0,0,0,2
0x63ac68,100%,0,2,2,0,0,0,2
0x634f6c,100%,0,2,2,0,0,0,2
0x6486c3,100%,0,2,2,0,0,0,2
0x6233b2,100%,0,10,10,0,0,0,10
0x655223,100%,0,500,500,480,0,0,20
0x67b7c9,100%,0,2,2,0,0,0,2
0x648761,100%,0,2,2,0,0,0,2
0x648a3d,100%,0,2,2,0,0,0,2
0x648ae1,100%,0,2,2,0,0,0,2
0xa2b7a3,100%,0,4,4,0,0,0,4
0x7bc8e2,100%,0,2,2,0,0,0,2
0x63a1e1,100%,0,100,100,0,0,0,100
0x63a214,100%,0,100,100,100,0,0,0
0x63a4c9,100%,0,8,8,0,0,0,8
0x63003b,100%,0,2,2,0,0,0,2
0x63a5ec,100%,0,2,2,0,0,0,2
0x67ae0d,100%,0,2,2,0,0,0,2
0x63a8ba,100%,0,8,8,0,0,0,8
0x7e62cd,100%,0,2,2,0,0,0,2
0x92703f,100%,0,54,54,0,0,0,54
0x63a933,100%,0,2,2,0,0,0,2
0x63a9ed,100%,0,8,8,0,0,0,8
0x8c440f,100%,0,100,100,0,0,0,100
0x7b345c,100%,0,52,52,0,0,0,52
0x772ff6,100%,0,52,52,0,0,0,52
0x7ce083,100%,0,52,52,0,0,0,52
0x62ecde,100%,0,2,2,0,0,0,2
0x635445,100%,0,2,2,0,0,0,2
0x63c324,100%,0,8,8,0,0,0,8
0x603246,100%,0,22,22,0,0,0,22
0x63c37e,100%,0,8,8,0,0,0,8
0x76fc69,100%,0,2,2,0,0,0,2
0x65a203,100%,0,14,14,0,0,0,14
0x9fb4f7,100%,0,261,261,0,0,0,261
0x65e178,100%,0,2600,2600,0,0,0,2600
0x669d23,100%,0,52,52,0,0,0,52
0xa79647,100%,0,257,257,0,0,0,257
0x64d6a8,100%,0,2,2,0,0,0,2
0x76d8f2,100%,0,52,52,0,0,0,52
0x5e66b0,100%,0,50,50,50,0,0,0
0x9fb582,100%,0,261,261,0,0,0,261
0xa7a70d,100%,0,257,257,0,0,0,257
0x64ac19,100%,0,2,2,0,0,0,2
0xa7a722,100%,0,257,257,0,0,0,257
0x65e1ce,100%,0,2600,2600,2500,0,0,100
0x65a563,100%,0,2,2,0,0,0,2
0xa76ab3,100%,0,5695,5695,0,0,0,5695
0x7631a8,100%,0,2,2,0,0,0,2
0x63eec8,100%,0,2,2,0,0,0,2
0x634ab8,100%,0,2600,2600,0,0,0,2600
0x64b7f3,100%,0,8,8,0,0,0,8
0x67a9f7,100%,0,2,2,0,0,0,2
0x63bed4,100%,0,10400,10400,0,0,0,10400
0x63bf11,100%,0,8,8,0,0,0,8
0x63bf5a,100%,0,208,208,0,0,0,208
0x762f43,100%,0,32,32,0,0,0,32
0x63cb55,100%,0,257,257,0,0,0,257
0x404016,100%,0,6,6,0,0,0,6
0x6506a3,100%,0,2,2,2,0,0,0
0x5f0b50,100%,0,4588,4588,0,0,0,4588
0x5f3303,100%,0,988,988,0,0,0,988
0x63da1a,100%,0,208,208,0,0,0,208
0x63c244,100%,0,208,208,0,0,0,208
0x63c2a9,100%,0,8,8,0,0,0,8
0x63c2e2,100%,0,400,400,0,0,0,400
0x64ea96,100%,0,32,32,0,0,0,32
0x95a51c,100%,0,52,52,0,0,0,52
0x620a24,100%,0,38,38,0,0,0,38
0x636f29,100%,0,257,257,0,0,0,257
0x636f3b,100%,0,257,257,0,0,0,257
0x6595d6,100%,0,2,2,0,0,0,2
0x65b4c0,100%,0,2,2,0,0,0,2
0x638702,100%,0,257,257,0,0,0,257
0x76291e,100%,0,26,26,0,0,0,26
0x6354de,100%,0,2,2,0,0,0,2
0x634e11,100%,0,2,2,0,0,0,2
0x64d20f,100%,0,400,400,0,0,0,400
0x9fa85e,100%,0,191,191,191,0,0,0
0xa39eaa,100%,0,4,4,0,0,0,4
0x76f689,100%,0,14,14,0,0,0,14
0x65043c,100%,0,52,52,0,0,0,52
0x759815,100%,0,52,52,0,0,0,52
0x6333c2,100%,0,2,2,0,0,0,2
0x65afb8,100%,0,2,2,0,0,0,2
0x657250,100%,0,2,2,0,0,0,2
0x66fc53,100%,0,208,208,0,0,0,208
0x6379a8,100%,0,257,257,0,0,0,257
0x769b2e,100%,0,4,4,0,0,0,4
0x92a2e4,100%,0,159,159,0,0,0,159
0x9f9285,100%,0,2,2,0,0,0,2
0x64cff3,100%,0,8,8,0,0,0,8
0x637fd6,100%,0,257,257,0,0,0,257
0x63828f,100%,0,257,257,0,0,0,257
0x648e24,100%,0,14,14,0,0,0,14
0x688576,100%,0,2,2,2,0,0,0
0x63149d,100%,0,52,52,0,0,0,52
0x64b1da,100%,0,52,52,0,0,0,52
0x67a259,100%,0,2,2,0,0,0,2
0x8c0628,100%,0,100,100,0,0,0,100
0x9fb4ee,100%,0,257,257,0,0,0,257
0x636d20,100%,0,257,257,0,0,0,257
0xa79687,100%,0,257,257,0,0,0,257
0x6415ba,100%,0,2,2,0,0,0,2
0x6503c3,100%,0,2,2,0,0,0,2
0x650520,100%,0,2,2,2,0,0,0
0x6511dd,100%,0,2,2,0,0,0,2
0x650744,100%,0,2,2,2,0,0,0
0x630c52,100%,0,2,2,0,0,0,2
0x9f928a,100%,0,2,2,2,0,0,0
0xa0f58b,100%,0,34,34,34,0,0,0
0x7cc3ae,100%,0,52,52,52,0,0,0
0x95a829,100%,0,2,2,0,0,0,2
0x67a99c,100%,0,2,2,0,0,0,2
0x75d719,100%,0,2,2,0,0,0,2
0x62e9be,100%,0,2,2,0,0,0,2
0x64c253,100%,0,80,80,0,0,0,80
0x64db83,100%,0,80,80,0,0,0,80
0x635f67,100%,0,2,2,0,0,0,2
0x660d03,100%,0,2,2,2,0,0,0
0x64c5ca,100%,0,4000,4000,0,0,0,4000
0x64c674,100%,0,80,80,0,0,0,80
0x64cd0f,100%,0,2,2,0,0,0,2
0x64eef3,100%,0,208,208,0,0,0,208
0x64d653,100%,0,2,2,0,0,0,2
0x66ffda,100%,0,208,208,0,0,0,208
0x64f0a3,100%,0,208,208,0,0,0,208
0x8bf900,100%,0,52,52,0,0,0,52
0x64f106,100%,0,32,32,0,0,0,32
0x67b19e,100%,0,8,8,8,0,0,0
0x5e6205,100%,0,2,2,0,0,0,2
0x6355e4,100%,0,2,2,0,0,0,2
0x6312d2,100%,0,2,2,0,0,0,2
0x64f3cd,100%,0,8,8,0,0,0,8
0x64f3f6,100%,0,8,8,0,0,0,8
0x64ff2c,100%,0,2,2,0,0,0,2
0x64bd53,100%,0,80,80,0,0,0,80
0x64be27,100%,0,80,80,0,0,0,80
0x76a453,100%,0,52,52,0,0,0,52
0x659a4c,100%,0,2600,2600,0,0,0,2600
0x64b859,100%,0,400,400,0,0,0,400
0x64d450,100%,0,2,2,0,0,0,2
0x64cfc2,100%,0,2,2,0,0,0,2
0x5f43be,100%,0,18,18,0,0,0,18
0x762bee,100%,0,38,38,0,0,0,38
0x64d043,100%,0,8,8,0,0,0,8
0x759571,100%,0,208,208,0,0,0,208
0x64d068,100%,0,2,2,0,0,0,2
0x7cd966,100%,0,52,52,0,0,0,52
0x5f2383,100%,0,52,52,0,0,0,52
0x6876af,100%,0,2,2,2,0,0,0
0x64cf2e,100%,0,2,2,0,0,0,2
0x7631ce,100%,0,2,2,0,0,0,2
0x8c42da,100%,0,2600,2600,0,0,0,2600
0x669ee3,100%,0,52,52,0,0,0,52
0x621072,100%,0,988,988,0,0,0,988
0x64d6ba,100%,0,2,2,0,0,0,2
0x7cb484,100%,0,2,2,0,0,0,2
0x657089,100%,0,2,2,0,0,0,2
0x64d966,100%,0,1200,1200,0,0,0,1200
0x633346,100%,0,2,2,0,0,0,2
0x64c7ca,100%,0,2,2,0,0,0,2
0x665d82,100%,0,2,2,0,0,0,2
0x64c7f3,100%,0,80,80,0,0,0,80
0x64c843,100%,0,80,80,0,0,0,80
0x64c8d3,100%,0,400,400,0,0,0,400
0x7574db,100%,0,92,92,0,0,0,92
0x9293f0,100%,0,105,105,0,0,0,105
0x7aa772,100%,0,52,52,0,0,0,52
0x64d585,100%,0,32,32,0,0,0,32
0x64c960,100%,0,8,8,0,0,0,8
0x64c9a9,100%,0,2,2,0,0,0,2
0x9fef00,100%,0,4,4,0,0,0,4
0x8c201d,100%,0,2,2,0,0,0,2
0x64cd7b,100%,0,2,2,0,0,0,2
0x8c06a6,100%,0,400,400,0,0,0,400
0x64cdbe,100%,0,2,2,0,0,0,2
0x64ce82,100%,0,2,2,0,0,0,2
0x658bc0,100%,0,2,2,0,0,0,2
0x649948,100%,0,2,2,0,0,0,2
0x682138,100%,0,52,52,0,0,0,52
0x8c447f,100%,0,100,100,0,0,0,100
0x660084,100%,0,2,2,0,0,0,2
0x6499bc,100%,0,2,2,0,0,0,2
0x6499c6,100%,0,2,2,0,0,0,2
0x757873,100%,0,52,52,0,0,0,52
0x649a4f,100%,0,2,2,0,0,0,2
0x62e85e,100%,0,2,2,0,0,0,2
0x64992e,100%,0,2,2,0,0,0,2
0x64f51e,100%,0,2,2,0,0,0,2
0x635fae,100%,0,2,2,0,0,0,2
0x67b4c9,100%,0,2,2,0,0,0,2
0x63601d,100%,0,2,2,0,0,0,2
0x64f60a,100%,0,2,2,0,0,0,2
0x64f658,100%,0,2,2,0,0,0,2
0x64604b,100%,0,2,2,0,0,0,2
0x65c34c,100%,0,52,52,0,0,0,52
0x6498b0,100%,0,2,2,0,0,0,2
0x76e88b,100%,0,1,1,0,0,0,1
0xa24b18,100%,0,505,505,0,0,0,505
0x65930c,100%,0,2,2,0,0,0,2
0x6497fe,100%,0,2,2,0,0,0,2
0x67a12c,100%,0,2,2,0,0,0,2
0x8c68da,100%,0,100,100,0,0,0,100
0x6e671d,100%,0,2,2,0,0,0,2
0x926d9e,100%,0,3,3,3,0,0,0
0x64f6ed,100%,0,2,2,0,0,0,2
0x6498c2,100%,0,2,2,0,0,0,2
0x76d549,100%,0,52,52,0,0,0,52
0x67a1f0,100%,0,2,2,0,0,0,2
0x644d83,100%,0,52,52,0,0,0,52
0x66ae17,100%,0,2,2,0,0,0,2
0x634ff0,100%,0,2,2,0,0,0,2
0x6498d4,100%,0,2,2,0,0,0,2
0x65fbe7,100%,0,34,34,0,0,0,34
0x8c58e8,100%,0,13000,13000,0,0,0,13000
0x66e457,100%,0,2,2,0,0,0,2
0x76bc4c,100%,0,6,6,0,0,0,6
0x64fba8,100%,0,2,2,0,0,0,2
0x64e761,100%,0,8160,8160,0,0,0,8160
0x6354fa,100%,0,2,2,0,0,0,2
0x64b9ca,100%,0,2,2,0,0,0,2
0x6582a2,100%,0,91,91,0,0,0,91
0x603755,100%,0,44,44,0,0,0,44
0x594850,100%,0,208,208,208,0,0,0
0x429b51,100%,0,83,83,0,0,0,83
0xa3975c,100%,0,7,7,7,0,0,0
0x64ecf7,100%,0,32,32,0,0,0,32
0x64ed8c,100%,0,608,608,608,0,0,0
0x62eb5e,100%,0,2,2,0,0,0,2
0x75cc37,100%,0,52,52,0,0,0,52
0x63f7e1,100%,0,2,2,0,0,0,2
0x63442a,100%,0,2,2,0,0,0,2
0x402813,100%,0,18,18,0,0,0,18
0x64fa78,100%,0,4000,4000,0,0,0,4000
0x65a7f9,100%,0,8,8,0,0,0,8
0x64f83c,100%,0,2,2,0,0,0,2
0x63f619,100%,0,2,2,0,0,0,2
0x64f8b6,100%,0,2,2,0,0,0,2
0x65a834,100%,0,2,2,0,0,0,2
0x64f8fb,100%,0,2,2,0,0,0,2
0x64adc8,100%,0,2,2,0,0,0,2
0x64f9d4,100%,0,2,2,0,0,0,2
0x687d02,100%,0,52,52,0,0,0,52
0x62ebfe,100%,0,2,2,0,0,0,2
0x63cd61,100%,0,257,257,0,0,0,257
0x67b9a2,100%,0,2,2,0,0,0,2
0x64fb32,100%,0,2,2,0,0,0,2
0x64fb48,100%,0,80,80,0,0,0,80
0x641985,100%,0,2,2,0,0,0,2
0x927c68,100%,0,365,365,0,0,0,365
0x64fb78,100%,0,80,80,0,0,0,80
0x65c812,100%,0,8,8,0,0,0,8
0x9261f5,100%,0,8,8,0,0,0,8
0x9262ad,100%,0,400,400,400,0,0,0
0x926466,100%,0,8,8,8,0,0,0
0xa43ee9,100%,0,10625,10625,10625,0,0,0
0x657233,100%,0,2,2,0,0,0,2
0x926cbd,100%,0,400,400,400,0,0,0
0x926d2f,100%,0,8,8,0,0,0,8
0x926c1c,100%,0,14,14,0,0,0,14
0x926e4c,100%,0,2,2,0,0,0,2
0x926129,100%,0,2,2,0,0,0,2
0x65cb2c,100%,0,98,98,98,0,0,0
0x65cc41,100%,0,2,2,0,0,0,2
0x65cc46,100%,0,2,2,0,0,0,2
0x65cc84,100%,0,2,2,0,0,0,2
0x65cdcb,100%,0,2,2,0,0,0,2
0x65cedd,100%,0,2,2,0,0,0,2
0x65cf41,100%,0,2,2,0,0,0,2
0x65d003,100%,0,52,52,0,0,0,52
0x92c684,100%,0,2600,2600,0,0,0,2600
0x92bc65,100%,0,2,2,0,0,0,2
0x92bd1c,100%,0,400,400,300,0,0,100
0x92bdbf,100%,0,100,100,100,0,0,0
0x92be4e,100%,0,2,2,2,0,0,0
0x92c374,100%,0,2600,2600,0,0,0,2600
0x92c3c5,100%,0,2600,2600,0,0,0,2600
0x92c3d1,100%,0,2600,2600,2600,0,0,0
0x92c461,100%,0,2600,2600,2600,0,0,0
0x92c541,100%,0,2600,2600,2600,0,0,0
0x65d013,100%,0,52,52,0,0,0,52
0x92c9e8,100%,0,2600,2600,0,0,0,2600
0x92cb85,100%,0,2600,2600,0,0,0,2600
0x9298ce,100%,0,159,159,159,0,0,0
0x92cbde,100%,0,52,52,52,0,0,0
0x92c0c4,100%,0,50,50,50,0,0,0
0x92d5cb,100%,0,2,2,0,0,0,2
0x92d60e,100%,0,2,2,0,0,0,2
0x65c177,100%,0,2,2,2,0,0,0
0x65ed5e,100%,0,100,100,0,0,0,100
0x65e2ec,100%,0,10400,10400,7800,0,0,2600
0x65e308,100%,0,2600,2600,2500,0,0,100
0x65e448,100%,0,2600,2600,0,0,0,2600
0x65e4a3,100%,0,100,100,0,0,0,100
0x65e5c8,100%,0,100,100,0,0,0,100
0x65e754,100%,0,10400,10400,7800,0,0,2600
0x65e830,100%,0,100,100,0,0,0,100
0x65e968,100%,0,2600,2600,0,0,0,2600
0x65eaa8,100%,0,2600,2600,0,0,0,2600
0x65e1d8,100%,0,100,100,0,0,0,100
0x65eecd,100%,0,100,100,0,0,0,100
0x65eff0,100%,0,100,100,0,0,0,100
0x65f9ad,100%,0,2,2,0,0,0,2
0x66010b,100%,0,2,2,0,0,0,2
0x62330e,100%,0,10,10,0,0,0,10
0x623375,100%,0,13000,13000,0,0,0,13000
0x623507,100%,0,260,260,0,0,0,260
0x62353a,100%,0,13000,13000,0,0,0,13000
0x632dab,100%,0,18,18,0,0,0,18
0x65d1a6,100%,0,2,2,0,0,0,2
0x65d5e6,100%,0,2,2,0,0,0,2
0x632a04,100%,0,2,2,0,0,0,2
0x632a67,100%,0,2,2,0,0,0,2
0x632bb7,100%,0,2,2,0,0,0,2
0x632bd7,100%,0,2,2,0,0,0,2
0x632c64,100%,0,2,2,0,0,0,2
0x632d47,100%,0,23400,23400,0,0,0,23400
0x92bc53,100%,0,2,2,0,0,0,2
0x632dbb,100%,0,468,468,0,0,0,468
0x65d731,100%,0,100,100,0,0,0,100
0x65da3e,100%,0,100,100,0,0,0,100
0x657882,100%,0,2,2,0,0,0,2
0x65df4a,100%,0,100,100,0,0,0,100
0xa27e08,100%,0,40,40,40,0,0,0
0x65dfe9,100%,0,2600,2600,0,0,0,2600
0x65e055,100%,0,100,100,0,0,0,100
0x63f5d3,100%,0,2,2,0,0,0,2
0x63f06d,100%,0,2,2,0,0,0,2
0x63f1b3,100%,0,2,2,0,0,0,2
0x63f1d8,100%,0,2,2,0,0,0,2
0x63f25c,100%,0,2,2,0,0,0,2
0x63f301,100%,0,2,2,0,0,0,2
0x63f364,100%,0,2,2,0,0,0,2
0x63f511,100%,0,2,2,0,0,0,2
0x63f54f,100%,0,2,2,0,0,0,2
0x63f595,100%,0,2,2,0,0,0,2
0x63f027,100%,0,2,2,0,0,0,2
0x63f5f8,100%,0,2,2,0,0,0,2
0x63f67c,100%,0,2,2,0,0,0,2
0x63f6db,100%,0,2,2,0,0,0,2
0x63f71d,100%,0,2,2,0,0,0,2
0x63f76a,100%,0,2,2,0,0,0,2
0x63f7c0,100%,0,2,2,0,0,0,2
0x62167a,100%,0,12,12,12,0,0,0
0x62102f,100%,0,38,38,0,0,0,38
0x635fec,100%,0,2,2,0,0,0,2
0x63586b,100%,0,2,2,0,0,0,2
0x6358b9,100%,0,2,2,0,0,0,2
0x63593f,100%,0,2,2,0,0,0,2
0x635c03,100%,0,2,2,0,0,0,2
0x635c22,100%,0,2,2,0,0,0,2
0x63f447,100%,0,2,2,0,0,0,2
0x635c38,100%,0,100,100,0,0,0,100
0x635c51,100%,0,400,400,300,0,0,100
0x635f8b,100%,0,2,2,0,0,0,2
0x621394,100%,0,38,38,38,0,0,0
0x636000,100%,0,2,2,0,0,0,2
0x63605b,100%,0,2,2,0,0,0,2
0x636157,100%,0,224,224,0,0,0,224
0x63eea2,100%,0,2,2,0,0,0,2
0x63eeed,100%,0,2,2,0,0,0,2
0x63ef0b,100%,0,2,2,0,0,0,2
0x63ef5f,100%,0,2,2,0,0,0,2
0x63efac,100%,0,2,2,0,0,0,2
0x65c005,100%,0,2,2,0,0,0,2
0x65b3ca,100%,0,2,2,0,0,0,2
0x65b3fd,100%,0,2,2,0,0,0,2
0x65b421,100%,0,2,2,0,0,0,2
0x65b491,100%,0,2,2,0,0,0,2
0x65b501,100%,0,2,2,0,0,0,2
0x65b54d,100%,0,2,2,0,0,0,2
0x65b595,100%,0,2,2,0,0,0,2
0x65b663,100%,0,52,52,0,0,0,52
0x65b759,100%,0,2,2,0,0,0,2
0x65b31d,100%,0,2,2,0,0,0,2
0x65c095,100%,0,208,208,156,0,0,52
0x9f7d47,100%,0,2,2,0,0,0,2
0x9f7d4d,100%,0,2,2,0,0,0,2
0x92b081,100%,0,100,100,0,0,0,100
0x92b141,100%,0,52,52,0,0,0,52
0x92b23c,100%,0,2,2,0,0,0,2
0x92b93a,100%,0,2,2,0,0,0,2
0x92bbad,100%,0,2,2,2,0,0,0
0x66136c,100%,0,2,2,2,0,0,0
0x621103,100%,0,8,8,0,0,0,8
0x621148,100%,0,832,832,0,0,0,832
0x6209c7,100%,0,6,6,0,0,0,6
0x6209d5,100%,0,6,6,0,0,0,6
0x620a31,100%,0,988,988,0,0,0,988
0x620e1c,100%,0,6,6,6,0,0,0
0x6612be,100%,0,2,2,0,0,0,2
0x661352,100%,0,2,2,0,0,0,2
0x62359c,100%,0,505,505,0,0,0,505
0x661919,100%,0,2,2,0,0,0,2
0x6619c4,100%,0,2,2,0,0,0,2
0x661b17,100%,0,2,2,0,0,0,2
0x65b182,100%,0,2,2,0,0,0,2
0x65b1a2,100%,0,2,2,0,0,0,2
0x65b1d8,100%,0,2,2,0,0,0,2
0x65b2ce,100%,0,2,2,0,0,0,2
0x65b2ea,100%,0,2,2,0,0,0,2
0xa22c44,100%,0,105,105,0,0,0,105
0xa43d7f,100%,0,10625,10625,10625,0,0,0
0xa0f205,100%,0,10625,10625,0,0,0,10625
0xa0f222,100%,0,10625,10625,0,0,0,10625
0xa0f24b,100%,0,10625,10625,0,0,0,10625
0xa0f28c,100%,0,10625,10625,0,0,0,10625
0x9610bd,100%,0,159,159,0,0,0,159
0x65562f,100%,0,13515,13515,0,0,0,13515
0xa2270d,100%,0,761,761,761,0,0,0
0xa22ad0,100%,0,761,761,0,0,0,761
0xa43cb4,100%,0,10625,10625,10625,0,0,0
0xa22c54,100%,0,105,105,105,0,0,0
0xa24a3f,100%,0,1045,1045,0,0,0,1045
0xa24a45,100%,0,1045,1045,0,0,0,1045
0xa24bd7,100%,0,125,125,125,0,0,0
0x961262,100%,0,159,159,159,0,0,0
0x961350,100%,0,159,159,0,0,0,159
0x961407,100%,0,159,159,0,0,0,159
0x961508,100%,0,159,159,159,0,0,0
0x960e49,100%,0,159,159,159,0,0,0
0x960aa8,100%,0,159,159,0,0,0,159
0x960ada,100%,0,159,159,0,0,0,159
0x960af4,100%,0,159,159,0,0,0,159
0x960b2f,100%,0,3339,3339,3180,0,0,159
0x960b6b,100%,0,159,159,0,0,0,159
0x960b6f,100%,0,159,159,0,0,0,159
0x960d07,100%,0,159,159,0,0,0,159
0x65644f,100%,0,125,125,125,0,0,0
0x656556,100%,0,2625,2625,2625,0,0,0
0x9615b9,100%,0,159,159,0,0,0,159
0xa31ccc,100%,0,10625,10625,0,0,0,10625
0xa31d19,100%,0,10625,10625,10625,0,0,0
0xa31dfb,100%,0,10625,10625,0,0,0,10625
0xa2e8ee,100%,0,37689,37689,0,0,0,37689
0xa43be0,100%,0,10625,10625,0,0,0,10625
0xa43c29,100%,0,10625,10625,0,0,0,10625
0xa43c66,100%,0,10625,10625,0,0,0,10625
0xa43ca6,100%,0,10625,10625,10625,0,0,0
0xa39dd3,100%,0,4,4,4,0,0,0
0x8a7c73,100%,0,10,10,0,0,0,10
0x8a898a,100%,0,10,10,0,0,0,10
0xa0f52a,100%,0,34,34,0,0,0,34
0xa0f53f,100%,0,34,34,0,0,0,34
0xa0f548,100%,0,34,34,0,0,0,34
0xa22e2d,100%,0,34,34,34,0,0,0
0xa22e3f,100%,0,34,34,0,0,0,34
0xa23621,100%,0,34,34,0,0,0,34
0xa38be2,100%,0,6,6,6,0,0,0
0x8a85de,100%,0,420,420,400,0,0,20
0xa39deb,100%,0,4,4,0,0,0,4
0xa39ec2,100%,0,4,4,0,0,0,4
0xa39f96,100%,0,4,4,0,0,0,4
0xa3a052,100%,0,4,4,0,0,0,4
0xa3a06a,100%,0,4,4,0,0,0,4
0xa3a126,100%,0,4,4,4,0,0,0
0xa3a13e,100%,0,4,4,0,0,0,4
0xa3a48e,100%,0,4,4,0,0,0,4
0x92a2ce,100%,0,159,159,0,0,0,159
0x9615d6,100%,0,159,159,0,0,0,159
0x96161e,100%,0,159,159,159,0,0,0
0x961628,100%,0,159,159,159,0,0,0
0x9616c8,100%,0,159,159,0,0,0,159
0x96172f,100%,0,159,159,0,0,0,159
0x961917,100%,0,159,159,0,0,0,159
0x961926,100%,0,159,159,0,0,0,159
0x96196e,100%,0,159,159,0,0,0,159
0x960a72,100%,0,159,159,0,0,0,159
0x92a433,100%,0,159,159,30,0,0,129
0x92a43b,100%,0,129,129,129,0,0,0
0x8a7a8d,100%,0,20,20,0,0,0,20
0x8a844b,100%,0,20,20,0,0,0,20
0x6551a9,100%,0,20,20,0,0,0,20
0x655239,100%,0,20,20,0,0,0,20
0x8a84b3,100%,0,20,20,0,0,0,20
0x8a8544,100%,0,1700,1700,1680,0,0,20
0x65752a,100%,0,2,2,0,0,0,2
0x6570df,100%,0,2,2,0,0,0,2
0x657170,100%,0,2,2,0,0,0,2
0x6571e0,100%,0,2,2,0,0,0,2
0x657204,100%,0,2,2,0,0,0,2
0x657220,100%,0,2,2,0,0,0,2
0x657274,100%,0,2,2,0,0,0,2
0x657313,100%,0,2,2,0,0,0,2
0x657330,100%,0,2,2,0,0,0,2
0x6573e2,100%,0,2,2,0,0,0,2
0x656fa8,100%,0,2,2,0,0,0,2
0x657633,100%,0,2,2,0,0,0,2
0x65765d,100%,0,2,2,0,0,0,2
0x65776e,100%,0,2,2,0,0,0,2
0x657899,100%,0,2,2,0,0,0,2
0x6578ac,100%,0,2,2,0,0,0,2
0x657ad2,100%,0,2,2,0,0,0,2
0x657b04,100%,0,2,2,0,0,0,2
0x657d68,100%,0,2,2,0,0,0,2
0x656c61,100%,0,2,2,0,0,0,2
0x66032b,100%,0,2,2,2,0,0,0
0x660348,100%,0,2,2,2,0,0,0
0x660362,100%,0,2,2,2,0,0,0
0x66058a,100%,0,2,2,2,0,0,0
0x6605db,100%,0,2,2,2,0,0,0
0x660a7f,100%,0,2,2,2,0,0,0
0x660a9c,100%,0,2,2,2,0,0,0
0x656bc3,100%,0,2,2,0,0,0,2
0x657dfb,100%,0,208,208,0,0,0,208
0x656c7e,100%,0,2,2,0,0,0,2
0x656cc3,100%,0,2,2,0,0,0,2
0x656d36,100%,0,2,2,0,0,0,2
0x656d53,100%,0,2,2,0,0,0,2
0x656e20,100%,0,2,2,0,0,0,2
0x656e44,100%,0,2,2,0,0,0,2
0x656f0a,100%,0,2,2,0,0,0,2
0x656f35,100%,0,2,2,0,0,0,2
0x8a7b4a,100%,0,129,129,0,0,0,129
0x928676,100%,0,159,159,159,0,0,0
0x92895b,100%,0,159,159,0,0,0,159
0x9289e5,100%,0,159,159,0,0,0,159
0x928a02,100%,0,159,159,0,0,0,159
0x928a8a,100%,0,159,159,0,0,0,159
0x928ada,100%,0,159,159,0,0,0,159
0x928b1b,100%,0,159,159,0,0,0,159
0x928db6,100%,0,159,159,0,0,0,159
0x8a7a5c,100%,0,159,159,0,0,0,159
0x927f11,100%,0,208,208,208,0,0,0
0xa38b82,100%,0,40,40,40,0,0,0
0xa0ebfa,100%,0,40,40,0,0,0,40
0x929159,100%,0,105,105,0,0,0,105
0x929277,100%,0,105,105,0,0,0,105
0x92940d,100%,0,105,105,105,0,0,0
0x9294e9,100%,0,125,125,125,0,0,0
0x929b1e,100%,0,159,159,0,0,0,159
0x960a58,100%,0,159,159,0,0,0,159
0x6535da,100%,0,2,2,0,0,0,2
0x657e1e,100%,0,208,208,156,0,0,52
0x8a89cb,100%,0,10,10,0,0,0,10
0x65311c,100%,0,2,2,0,0,0,2
0x65328e,100%,0,2,2,0,0,0,2
0x6532ca,100%,0,2,2,0,0,0,2
0x653398,100%,0,2,2,0,0,0,2
0x6533e2,100%,0,52,52,0,0,0,52
0x6534a1,100%,0,2,2,0,0,0,2
0x6357e6,100%,0,2,2,0,0,0,2
0x6536de,100%,0,2,2,0,0,0,2
0x65379c,100%,0,52,52,0,0,0,52
0x6537d5,100%,0,2,2,0,0,0,2
0x653a4f,100%,0,2,2,0,0,0,2
0x653a58,100%,0,2,2,0,0,0,2
0x653b25,100%,0,2,2,0,0,0,2
0x653b2a,100%,0,2,2,0,0,0,2
0x653b98,100%,0,2,2,0,0,0,2
0x667750,100%,0,2,2,0,0,0,2
0x8a7b6a,100%,0,129,129,0,0,0,129
0x666d55,100%,0,8,8,0,0,0,8
0x666e80,100%,0,8,8,0,0,0,8
0x592c8b,100%,0,8,8,0,0,0,8
0x6310e7,100%,0,52,52,0,0,0,52
0x66745b,100%,0,52,52,0,0,0,52
0x667574,100%,0,52,52,0,0,0,52
0x6675a4,100%,0,52,52,0,0,0,52
0x667713,100%,0,52,52,0,0,0,52
0x666c4d,100%,0,8,8,0,0,0,8
0x667833,100%,0,52,52,0,0,0,52
0x667bdb,100%,0,2,2,0,0,0,2
0x669932,100%,0,52,52,0,0,0,52
0x669e13,100%,0,52,52,0,0,0,52
0x669e43,100%,0,52,52,0,0,0,52
0x669eb3,100%,0,52,52,0,0,0,52
0x669f9c,100%,0,2,2,0,0,0,2
0x62f02f,100%,0,2,2,0,0,0,2
0x9f8120,100%,0,191,191,0,0,0,191
0x594879,100%,0,208,208,208,0,0,0
0x66b202,100%,0,208,208,156,0,0,52
0xa31e09,100%,0,10625,10625,0,0,0,10625
0x666afc,100%,0,8,8,0,0,0,8
0x666b01,100%,0,8,8,0,0,0,8
0x666b18,100%,0,8,8,0,0,0,8
0x9f80ca,100%,0,191,191,0,0,0,191
0x9f80f7,100%,0,191,191,0,0,0,191
0x9f80fd,100%,0,191,191,0,0,0,191
0x63559d,100%,0,2,2,0,0,0,2
0x9f812b,100%,0,191,191,191,0,0,0
0x9fa803,100%,0,191,191,0,0,0,191
0x9fa80d,100%,0,191,191,0,0,0,191
0x9fa897,100%,0,191,191,191,0,0,0
0x9fa8b3,100%,0,191,191,0,0,0,191
0x666b28,100%,0,8,8,0,0,0,8
0x666c13,100%,0,8,8,0,0,0,8
0x630dec,100%,0,2,2,0,0,0,2
0x62ffd9,100%,0,2,2,0,0,0,2
0x62fc03,100%,0,2,2,0,0,0,2
0x62fd2d,100%,0,2,2,0,0,0,2
0x62fdd7,100%,0,2,2,0,0,0,2
0x62fe7d,100%,0,2,2,0,0,0,2
0x928a0d,100%,0,159,159,0,0,0,159
0x62feb7,100%,0,2,2,0,0,0,2
0x928aa7,100%,0,159,159,0,0,0,159
0x62ff5e,100%,0,2,2,0,0,0,2
0x62ff79,100%,0,2,2,0,0,0,2
0x62fba3,100%,0,2,2,0,0,0,2
0x630001,100%,0,2,2,0,0,0,2
0x630020,100%,0,2,2,0,0,0,2
0x6300e5,100%,0,2,2,0,0,0,2
0x63015e,100%,0,2,2,0,0,0,2
0x630215,100%,0,2,2,0,0,0,2
0x63023c,100%,0,2,2,0,0,0,2
0x6302a3,100%,0,2,2,0,0,0,2
0x630331,100%,0,2,2,0,0,0,2
0x62f705,100%,0,2,2,0,0,0,2
0x62f097,100%,0,2,2,0,0,0,2
0x62f13d,100%,0,2,2,0,0,0,2
0x62f17f,100%,0,2,2,0,0,0,2
0x62f24c,100%,0,2,2,0,0,0,2
0x62f541,100%,0,2,2,0,0,0,2
0x62f625,100%,0,2,2,0,0,0,2
0x6556b9,100%,0,13515,13515,0,0,0,13515
0x62f6a0,100%,0,2,2,0,0,0,2
0x594848,100%,0,208,208,0,0,0,208
0x62f7ca,100%,0,2,2,0,0,0,2
0x961438,100%,0,159,159,0,0,0,159
0x62f82a,100%,0,2,2,0,0,0,2
0x62fa19,100%,0,2,2,0,0,0,2
0x62faa4,100%,0,2,2,0,0,0,2
0x62fb3e,100%,0,2,2,0,0,0,2
0x62fb69,100%,0,2,2,0,0,0,2
0x62fb88,100%,0,2,2,0,0,0,2
0xa78dcb,100%,0,2,2,0,0,0,2
0x62f8ef,100%,0,2,2,0,0,0,2
0x8a0130,100%,0,2,2,0,0,0,2
0xa22cd8,100%,0,34,34,0,0,0,34
0x8a01fd,100%,0,2,2,0,0,0,2
0x62f606,100%,0,2,2,0,0,0,2
0x688305,100%,0,2,2,0,0,0,2
0x68834a,100%,0,2,2,0,0,0,2
0xa78470,100%,0,2,2,0,0,0,2
0x62f91a,100%,0,2,2,0,0,0,2
0x89ffb8,100%,0,2,2,0,0,0,2
0x663699,100%,0,2,2,0,0,0,2
0x663888,100%,0,52,52,0,0,0,52
0x663a0e,100%,0,2,2,0,0,0,2
0x663a4d,100%,0,2,2,0,0,0,2
0x663b2a,100%,0,2,2,0,0,0,2
0x926e36,100%,0,2,2,0,0,0,2
0x6654b1,100%,0,2,2,0,0,0,2
0xa22e45,100%,0,34,34,0,0,0,34
0x89fbf5,100%,0,8,8,0,0,0,8
0x687d73,100%,0,52,52,0,0,0,52
0x687e66,100%,0,2,2,2,0,0,0
0x632a94,100%,0,2,2,0,0,0,2
0x603253,100%,0,22,22,0,0,0,22
0x62f855,100%,0,2,2,0,0,0,2
0x60329f,100%,0,2,2,0,0,0,2
0x6033e5,100%,0,16,16,16,0,0,0
0x603631,100%,0,16,16,0,0,0,16
0x665b03,100%,0,52,52,0,0,0,52
0x89fc7b,100%,0,8,8,0,0,0,8
0x89fccf,100%,0,8,8,0,0,0,8
0x89fd09,100%,0,8,8,0,0,0,8
0x89fd67,100%,0,208,208,0,0,0,208
0x928266,100%,0,129,129,0,0,0,129
0x89fe56,100%,0,2,2,0,0,0,2
0x89fe70,100%,0,2,2,0,0,0,2
0x89ff5b,100%,0,2,2,0,0,0,2
0x6668c9,100%,0,54,54,0,0,0,54
0x666263,100%,0,52,52,0,0,0,52
0x6337df,100%,0,2,2,0,0,0,2
0x666393,100%,0,52,52,0,0,0,52
0x6663c3,100%,0,52,52,0,0,0,52
0x6663f9,100%,0,2,2,0,0,0,2
0x66671f,100%,0,54,54,0,0,0,54
0x92c73f,100%,0,2600,2600,0,0,0,2600
0x9fa7f6,100%,0,191,191,191,0,0,0
0x653715,100%,0,2,2,0,0,0,2
0xa23634,100%,0,34,34,0,0,0,34
0x66690d,100%,0,2,2,0,0,0,2
0x5939f4,100%,0,8,8,8,0,0,0
0x593b2a,100%,0,8,8,0,0,0,8
0x593b4e,100%,0,8,8,0,0,0,8
0x593b8b,100%,0,8,8,0,0,0,8
0x593c1f,100%,0,8,8,0,0,0,8
0x65b74c,100%,0,2,2,0,0,0,2
0x593df2,100%,0,208,208,0,0,0,208
0x665fba,100%,0,2,2,0,0,0,2
0x96194a,100%,0,159,159,0,0,0,159
0x665b73,100%,0,52,52,0,0,0,52
0x665c7e,100%,0,52,52,0,0,0,52
0x607de9,100%,0,2,2,0,0,0,2
0x607fa7,100%,0,208,208,208,0,0,0
0x665ef3,100%,0,52,52,0,0,0,52
0x665f6f,100%,0,52,52,0,0,0,52
0x633445,100%,0,2,2,0,0,0,2
0x630358,100%,0,2,2,0,0,0,2
0x665fd3,100%,0,2,2,0,0,0,2
0x666053,100%,0,52,52,0,0,0,52
0x666083,100%,0,52,52,0,0,0,52
0x6660b3,100%,0,52,52,0,0,0,52
0x63039b,100%,0,2,2,0,0,0,2
0x65642f,100%,0,125,125,0,0,0,125
0x666203,100%,0,52,52,0,0,0,52
0x666233,100%,0,52,52,0,0,0,52
0x634167,100%,0,2,2,0,0,0,2
0x65b3e0,100%,0,2,2,0,0,0,2
0x632ecc,100%,0,2,2,0,0,0,2
0x632ef0,100%,0,2,2,0,0,0,2
0x633031,100%,0,2,2,0,0,0,2
0x633122,100%,0,2,2,0,0,0,2
0x633208,100%,0,2600,2600,0,0,0,2600
0x633277,100%,0,2600,2600,0,0,0,2600
0x63408a,100%,0,2,2,0,0,0,2
0x6340bf,100%,0,2,2,0,0,0,2
0x635266,100%,0,2,2,0,0,0,2
0xa3a3ba,100%,0,4,4,0,0,0,4
0x6341ed,100%,0,2,2,0,0,0,2
0x929ac6,100%,0,159,159,0,0,0,159
0x634267,100%,0,2,2,0,0,0,2
0x634304,100%,0,2,2,0,0,0,2
0x633aea,100%,0,2,2,0,0,0,2
0x633b1f,100%,0,2,2,0,0,0,2
0x633b4f,100%,0,2,2,0,0,0,2
0x63ef7d,100%,0,2,2,0,0,0,2
0x66194a,100%,0,2,2,0,0,0,2
0x66b1ec,100%,0,52,52,0,0,0,52
0x66b22f,100%,0,2,2,0,0,0,2
0x66b2ac,100%,0,52,52,0,0,0,52
0x66b2c2,100%,0,208,208,156,0,0,52
0x66b2ef,100%,0,2,2,0,0,0,2
0x635673,100%,0,2,2,0,0,0,2
0x655199,100%,0,20,20,0,0,0,20
0x66b4bf,100%,0,2,2,0,0,0,2
0x92c6df,100%,0,2600,2600,0,0,0,2600
0x66b63f,100%,0,2,2,0,0,0,2
0x66b6ff,100%,0,2,2,0,0,0,2
0x66b77c,100%,0,52,52,0,0,0,52
0x66b7bf,100%,0,2,2,0,0,0,2
0x66b87f,100%,0,2,2,0,0,0,2
0x634e67,100%,0,2,2,0,0,0,2
0x634ebb,100%,0,2,2,0,0,0,2
0x635242,100%,0,2,2,0,0,0,2
0x6338a8,100%,0,1200,1200,0,0,0,1200
0x6347f5,100%,0,2,2,0,0,0,2
0x6348d1,100%,0,2,2,0,0,0,2
0x63491b,100%,0,2,2,0,0,0,2
0x634a11,100%,0,208,208,156,0,0,52
0x6334c8,100%,0,2,2,0,0,0,2
0x65643d,100%,0,125,125,0,0,0,125
0x928fa6,100%,0,159,159,0,0,0,159
0x633732,100%,0,2,2,0,0,0,2
0x633762,100%,0,2,2,0,0,0,2
0x6347d2,100%,0,2,2,0,0,0,2
0x6338f8,100%,0,80,80,0,0,0,80
0x633938,100%,0,8,8,0,0,0,8
0x633968,100%,0,2,2,0,0,0,2
0x633978,100%,0,10,10,0,0,0,10
0x635575,100%,0,2,2,0,0,0,2
0x6355ef,100%,0,2,2,0,0,0,2
0x635779,100%,0,2,2,0,0,0,2
0x635791,100%,0,2,2,0,0,0,2
0x633dcf,100%,0,2,2,0,0,0,2
0x633ba8,100%,0,2,2,0,0,0,2
0x633bd6,100%,0,2,2,0,0,0,2
0x633cc2,100%,0,2,2,0,0,0,2
0x633d1d,100%,0,2,2,0,0,0,2
0x656b21,100%,0,2,2,0,0,0,2
0x633d65,100%,0,2,2,0,0,0,2
0x633da3,100%,0,2,2,0,0,0,2
0x633db7,100%,0,2,2,0,0,0,2
0x66b082,100%,0,208,208,156,0,0,52
0x633e23,100%,0,2,2,0,0,0,2
0x633e82,100%,0,2,2,0,0,0,2
0x633ed1,100%,0,4800,4800,3600,0,0,1200
0x9297fa,100%,0,125,125,0,0,0,125
0x633f36,100%,0,2,2,0,0,0,2
0x6344e5,100%,0,2,2,0,0,0,2
0x63450c,100%,0,2,2,0,0,0,2
0x6347b3,100%,0,2,2,0,0,0,2
0x657300,100%,0,2,2,0,0,0,2
0x630bae,100%,0,2,2,0,0,0,2
0x630bd7,100%,0,2,2,0,0,0,2
0x630cff,100%,0,2,2,0,0,0,2
0x630d31,100%,0,2,2,0,0,0,2
0x630f24,100%,0,2,2,0,0,0,2
0x630f55,100%,0,2,2,0,0,0,2
0x631022,100%,0,2,2,0,0,0,2
0x6310c2,100%,0,2,2,0,0,0,2
0x6311b2,100%,0,2,2,0,0,0,2
0x630988,100%,0,2,2,0,0,0,2
0x631292,100%,0,2,2,0,0,0,2
0x631350,100%,0,2,2,0,0,0,2
0x63136a,100%,0,52,52,0,0,0,52
0x63138e,100%,0,2,2,0,0,0,2
0x66a46c,100%,0,52,52,0,0,0,52
0x6313a8,100%,0,52,52,0,0,0,52
0x621628,100%,0,32,32,0,0,0,32
0x65747a,100%,0,2,2,2,0,0,0
0x630666,100%,0,2,2,0,0,0,2
0x630429,100%,0,2,2,0,0,0,2
0x630474,100%,0,2,2,0,0,0,2
0x6304b7,100%,0,2,2,0,0,0,2
0x630502,100%,0,2,2,0,0,0,2
0x630569,100%,0,2,2,0,0,0,2
0x630595,100%,0,2,2,0,0,0,2
0x653372,100%,0,208,208,156,0,0,52
0x6305d3,100%,0,2,2,0,0,0,2
0x631424,100%,0,52,52,0,0,0,52
0x63074e,100%,0,2,2,0,0,0,2
0x6307f6,100%,0,2,2,0,0,0,2
0x630871,100%,0,2,2,0,0,0,2
0x63089b,100%,0,2,2,0,0,0,2
0x630914,100%,0,2,2,0,0,0,2
0x630947,100%,0,2,2,0,0,0,2
0x9294d7,100%,0,105,105,0,0,0,105
0x630968,100%,0,2,2,0,0,0,2
0x634ce8,100%,0,2,2,0,0,0,2
0x66a7dd,100%,0,2,2,0,0,0,2
0x66a8a1,100%,0,208,208,156,0,0,52
0x66a8cd,100%,0,2,2,0,0,0,2
0x66a97c,100%,0,52,52,0,0,0,52
0x66a9a5,100%,0,2,2,0,0,0,2
0x66aa17,100%,0,2,2,0,0,0,2
0x66aa87,100%,0,2,2,0,0,0,2
0x8a85ea,100%,0,20,20,0,0,0,20
0x66ab0f,100%,0,2,2,0,0,0,2
0x66a7b1,100%,0,208,208,156,0,0,52
0x66abbc,100%,0,52,52,0,0,0,52
0x66abd1,100%,0,208,208,156,0,0,52
0x66abe5,100%,0,2,2,0,0,0,2
0x66ac57,100%,0,2,2,0,0,0,2
0x66ad59,100%,0,2,2,0,0,0,2
0x66af0c,100%,0,52,52,0,0,0,52
0x66af38,100%,0,2,2,0,0,0,2
0x66af9c,100%,0,52,52,0,0,0,52
0x63182b,100%,0,2,2,0,0,0,2
0x631448,100%,0,2,2,0,0,0,2
0x6314f8,100%,0,2,2,0,0,0,2
0x6315c7,100%,0,52,52,0,0,0,52
0x631642,100%,0,2,2,0,0,0,2
0x6316a2,100%,0,2,2,0,0,0,2
0x6316e2,100%,0,2,2,0,0,0,2
0x631767,100%,0,468,468,0,0,0,468
0x6317c8,100%,0,18,18,0,0,0,18
0x772da2,100%,0,2,2,2,0,0,0
0x631892,100%,0,2,2,0,0,0,2
0x6318c1,100%,0,2,2,0,0,0,2
0x6318db,100%,0,2,2,0,0,0,2
0x6318e7,100%,0,52,52,0,0,0,52
0x631930,100%,0,2,2,0,0,0,2
0x6324c6,100%,0,2,2,0,0,0,2
0x66a1e7,100%,0,2,2,0,0,0,2
0x66a3ac,100%,0,52,52,0,0,0,52
0x8c1fe6,100%,0,2,2,0,0,0,2
0x8c20fe,100%,0,2,2,0,0,0,2
0x595383,100%,0,624,624,0,0,0,624
0x8c20a6,100%,0,2,2,0,0,0,2
0x67ad1e,100%,0,8,8,8,0,0,0
0x7cd4fc,100%,0,52,52,0,0,0,52
0x66f677,100%,0,2,2,0,0,0,2
0x633c5a,100%,0,2,2,0,0,0,2
0x8c2003,100%,0,2,2,0,0,0,2
0x766ff2,100%,0,32,32,0,0,0,32
0xa308ab,100%,0,7436,7436,0,0,0,7436
0x8c1f8f,100%,0,2,2,0,0,0,2
0x644f48,100%,0,52,52,0,0,0,52
0x65b249,100%,0,2,2,0,0,0,2
0x631682,100%,0,2,2,0,0,0,2
0x63bf64,100%,0,10400,10400,0,0,0,10400
0x59924c,100%,0,32,32,0,0,0,32
0x592ca4,100%,0,8,8,0,0,0,8
0x631462,100%,0,52,52,0,0,0,52
0x6211c7,100%,0,38,38,38,0,0,0
0x65a501,100%,0,2,2,0,0,0,2
0x686b03,100%,0,52,52,0,0,0,52
0x64d1b3,100%,0,400,400,0,0,0,400
0x65cf46,100%,0,2,2,0,0,0,2
0x64b535,100%,0,2,2,2,0,0,0
0x75ddfa,100%,0,14,14,0,0,0,14
0x631047,100%,0,52,52,0,0,0,52
0x75d19a,100%,0,2,2,2,0,0,0
0x65a2a5,100%,0,2,2,0,0,0,2
0x649f05,100%,0,100,100,0,0,0,100
0x63a0b4,100%,0,2,2,0,0,0,2
0x646910,100%,0,2,2,0,0,0,2
0x7681fe,100%,0,104,104,0,0,0,104
0x8c6b34,100%,0,100,100,0,0,0,100
0x643298,100%,0,2,2,0,0,0,2
0x928dde,100%,0,159,159,0,0,0,159
0x65ae8c,100%,0,8,8,8,0,0,0
0x65a108,100%,0,2,2,0,0,0,2
0x631072,100%,0,2,2,0,0,0,2
0x65b5a8,100%,0,2,2,0,0,0,2
0xa79665,100%,0,257,257,0,0,0,257
0x644216,100%,0,10400,10400,10400,0,0,0
0x653877,100%,0,2,2,0,0,0,2
0x429815,100%,0,400,400,0,0,0,400
0x8c0bef,100%,0,100,100,0,0,0,100
0x63d5b0,100%,0,8,8,0,0,0,8
0x76778d,100%,0,2,2,0,0,0,2
0x9e1685,100%,0,384,384,0,0,0,384
0x64d819,100%,0,2,2,0,0,0,2
0xa43da1,100%,0,10625,10625,0,0,0,10625
0x64cd88,100%,0,2,2,0,0,0,2
0x778d78,100%,0,32,32,0,0,0,32
0x63bdfc,100%,0,8,8,0,0,0,8
0x65968d,100%,0,2,2,0,0,0,2
0x9fb508,100%,0,261,261,0,0,0,261
0x646937,100%,0,2,2,0,0,0,2
0x757714,100%,0,2,2,0,0,0,2
0x92b17a,100%,0,2600,2600,0,0,0,2600
0x8c1648,100%,0,21,21,0,0,0,21
0x65a62f,100%,0,2,2,0,0,0,2
0x637ddd,100%,0,257,257,0,0,0,257
0x92a3ff,100%,0,129,129,0,0,0,129
0x618067,100%,0,3952,3952,3952,0,0,0
0x758928,100%,0,208,208,0,0,0,208
0x64e7e4,100%,0,8,8,0,0,0,8
0x62ecbe,100%,0,2,2,0,0,0,2
0x756813,100%,0,208,208,0,0,0,208
0x634fc0,100%,0,2,2,0,0,0,2
0x76fe00,100%,0,2,2,0,0,0,2
0x604d26,100%,0,44,44,44,0,0,0
0x926c01,100%,0,14,14,14,0,0,0
0x63a480,100%,0,2,2,0,0,0,2
0x8c3204,100%,0,100,100,0,0,0,100
0x634598,100%,0,2,2,0,0,0,2
0x8c445a,100%,0,2600,2600,0,0,0,2600
0x645c31,100%,0,2,2,0,0,0,2
0x67a485,100%,0,2,2,0,0,0,2
0x66a6f2,100%,0,2,2,0,0,0,2
0x65267b,100%,0,1864,1864,0,0,0,1864
0x644471,100%,0,2,2,0,0,0,2
0x8c6b15,100%,0,100,100,0,0,0,100
0x42a2a2,100%,0,2,2,0,0,0,2
0x4a48e1,100%,0,4,4,4,0,0,0
0x653a19,100%,0,2,2,0,0,0,2
0x429f78,100%,0,100,100,0,0,0,100
0x774afe,100%,0,52,52,0,0,0,52
0x429f64,100%,0,100,100,0,0,0,100
0x7b151f,100%,0,52,52,0,0,0,52
0xa796e2,100%,0,2,2,0,0,0,2
0x429f38,100%,0,100,100,0,0,0,100
0x64b22c,100%,0,2600,2600,0,0,0,2600
0x8beec4,100%,0,208,208,208,0,0,0
0x6d9286,100%,0,16,16,0,0,0,16
0x8bf148,100%,0,100,100,0,0,0,100
0x637f1f,100%,0,257,257,257,0,0,0
0x632dc7,100%,0,23400,23400,0,0,0,23400
0x8c4d68,100%,0,2600,2600,0,0,0,2600
0x64f9ed,100%,0,2,2,0,0,0,2
0x63ffc9,100%,0,2,2,0,0,0,2
0x63fdf3,100%,0,2,2,0,0,0,2
0xa76adc,100%,0,2160,2160,0,0,0,2160
0x64c683,100%,0,4000,4000,0,0,0,4000
0x7621dd,100%,0,44,44,0,0,0,44
0x67b6a8,100%,0,2,2,0,0,0,2
0x6583e6,100%,0,819,819,0,0,0,819
0x769ad0,100%,0,4,4,0,0,0,4
0x63fc1f,100%,0,2,2,0,0,0,2
0x42a2c8,100%,0,2,2,0,0,0,2
0x66adec,100%,0,52,52,0,0,0,52
0x6639db,100%,0,2,2,0,0,0,2
0x8a7aac,100%,0,20,20,0,0,0,20
0x65b370,100%,0,2,2,0,0,0,2
0x960aca,100%,0,159,159,0,0,0,159
0x64b087,100%,0,2,2,0,0,0,2
0x75ccfb,100%,0,2,2,0,0,0,2
0x429fb4,100%,0,400,400,0,0,0,400
0x757943,100%,0,52,52,0,0,0,52
0x9ff1db,100%,0,10,10,0,0,0,10
0x65b3b1,100%,0,2,2,0,0,0,2
0x64b28f,100%,0,2,2,0,0,0,2
0x9f7d9f,100%,0,8,8,0,0,0,8
0x6441e2,100%,0,2600,2600,0,0,0,2600
0x64b27f,100%,0,2,2,0,0,0,2
0x64b3be,100%,0,2,2,0,0,0,2
0x67b37d,100%,0,8,8,8,0,0,0
0x960ec3,100%,0,125,125,0,0,0,125
0x7cda81,100%,0,52,52,52,0,0,0
0x655131,100%,0,3661,3661,20,0,0,3641
0x63b388,100%,0,2,2,0,0,0,2
0x65a551,100%,0,2,2,0,0,0,2
0x42bc79,100%,0,6,6,6,0,0,0
0x8c65ec,100%,0,2500,2500,0,0,0,2500
0x7cb4eb,100%,0,2,2,0,0,0,2
0x7cc096,100%,0,52,52,0,0,0,52
0x64abf5,100%,0,2,2,0,0,0,2
0x65a988,100%,0,2,2,0,0,0,2
0x64c543,100%,0,80,80,0,0,0,80
0x62ea5e,100%,0,2,2,0,0,0,2
0x641b00,100%,0,2,2,0,0,0,2
0x9feee2,100%,0,14,14,0,0,0,14
0x8b7dca,100%,0,9984,9984,9776,0,0,208
0x8c0556,100%,0,2,2,0,0,0,2
0x66b792,100%,0,208,208,156,0,0,52
0x67b859,100%,0,2,2,0,0,0,2
0xa76b52,100%,0,7444,7444,7444,0,0,0
0x64c8c0,100%,0,8,8,0,0,0,8
0x646352,100%,0,2,2,0,0,0,2
0x9f5d57,100%,0,134,134,0,0,0,134
0x77286f,100%,0,52,52,0,0,0,52
0x602d83,100%,0,2,2,0,0,0,2
0x66a26f,100%,0,2,2,2,0,0,0
0x8c15f8,100%,0,131,131,0,0,0,131
0x5f3ee2,100%,0,4,4,0,0,0,4
0x6595ac,100%,0,52,52,0,0,0,52
0x8c5070,100%,0,100,100,0,0,0,100
0x76b006,100%,0,2,2,0,0,0,2
0x757af3,100%,0,52,52,0,0,0,52
0x768b59,100%,0,32,32,0,0,0,32
0x761c0f,100%,0,5,5,0,0,0,5
0x92d5b6,100%,0,2,2,0,0,0,2
0x7aa132,100%,0,52,52,0,0,0,52
0x6458f3,100%,0,2600,2600,0,0,0,2600
0x661c25,100%,0,2,2,2,0,0,0
0x63c1cf,100%,0,8,8,0,0,0,8
0x635c61,100%,0,2,2,0,0,0,2
0x9279d1,100%,0,91,91,91,0,0,0
0x64fca8,100%,0,80,80,0,0,0,80
0x630182,100%,0,2,2,0,0,0,2
0xa79031,100%,0,1350,1350,0,0,0,1350
0x64d3f3,100%,0,8,8,0,0,0,8
0x6529a6,100%,0,4847,4847,4847,0,0,0
0xa769b7,100%,0,164,164,0,0,0,164
0x6599fa,100%,0,52,52,0,0,0,52
0x659954,100%,0,2,2,0,0,0,2
0x960f60,100%,0,125,125,0,0,0,125
0x65991c,100%,0,52,52,0,0,0,52
0x5f6c18,100%,0,1026,1026,0,0,0,1026
0x9ff065,100%,0,364,364,0,0,0,364
0x6449cf,100%,0,2,2,0,0,0,2
0x8c15c9,100%,0,290,290,0,0,0,290
0x7cbbee,100%,0,2,2,0,0,0,2
0x640d6f,100%,0,2,2,0,0,0,2
0x641ca8,100%,0,52,52,0,0,0,52
0x66e3f7,100%,0,2,2,0,0,0,2
0x6d88ad,100%,0,4,4,0,0,0,4
0x40526d,100%,0,6,6,6,0,0,0
0x63c862,100%,0,257,257,0,0,0,257
0x7587b6,100%,0,52,52,0,0,0,52
0x67a491,100%,0,2,2,0,0,0,2
0x64ead7,100%,0,32,32,0,0,0,32
0x769576,100%,0,4,4,0,0,0,4
0x64f3d7,100%,0,8,8,0,0,0,8
0x7cbd46,100%,0,52,52,0,0,0,52
0x603656,100%,0,16,16,0,0,0,16
0x6438e8,100%,0,2600,2600,0,0,0,2600
0x66ea57,100%,0,2,2,0,0,0,2
0x598415,100%,0,4,4,0,0,0,4
0x65ff1e,100%,0,149,149,149,0,0,0
0x645848,100%,0,2,2,0,0,0,2
0x7c8d4b,100%,0,2,2,0,0,0,2
0x67b0e8,100%,0,8,8,0,0,0,8
0x6449d4,100%,0,2,2,0,0,0,2
0x65a8f9,100%,0,2,2,0,0,0,2
0x8c5f5a,100%,0,2600,2600,0,0,0,2600
0x6d9201,100%,0,16,16,0,0,0,16
0x64c553,100%,0,4000,4000,0,0,0,4000
0x6503aa,100%,0,2,2,0,0,0,2
0x5e8252,100%,0,123,123,123,0,0,0
0x64617f,100%,0,52,52,0,0,0,52
0x64aa0c,100%,0,100,100,0,0,0,100
0x8c5207,100%,0,100,100,0,0,0,100
0x639cb2,100%,0,2,2,0,0,0,2
0x92901d,100%,0,20,20,0,0,0,20
0x92b2f5,100%,0,2,2,2,0,0,0
0x655133,100%,0,3641,3641,0,0,0,3641
0x63560d,100%,0,2,2,0,0,0,2
0x76142f,100%,0,2,2,0,0,0,2
0x89ff41,100%,0,2,2,0,0,0,2
0x7cffdb,100%,0,2,2,0,0,0,2
0x7b1e60,100%,0,52,52,0,0,0,52
0x63f574,100%,0,2,2,0,0,0,2
0x661a29,100%,0,2,2,0,0,0,2
0x8c6644,100%,0,10000,10000,0,0,0,10000
0x640425,100%,0,2,2,0,0,0,2
0xa7809d,100%,0,342,342,0,0,0,342
0x6678c3,100%,0,208,208,208,0,0,0
0x7ce4f1,100%,0,2,2,0,0,0,2
0x6356ba,100%,0,2,2,0,0,0,2
0x64ec21,100%,0,32,32,0,0,0,32
0x5f503e,100%,0,108,108,0,0,0,108
0x64ffb4,100%,0,2,2,0,0,0,2
0x642015,100%,0,2,2,0,0,0,2
0x8bfe23,100%,0,52,52,0,0,0,52
0x63be3d,100%,0,208,208,0,0,0,208
0x7ed6b0,100%,0,2,2,0,0,0,2
0x8c0183,100%,0,2,2,0,0,0,2
0x61690d,100%,0,52,52,0,0,0,52
0x64f0d9,100%,0,8,8,0,0,0,8
0x63aa83,100%,0,2,2,0,0,0,2
0x65a69f,100%,0,2,2,0,0,0,2
0x76050b,100%,0,42,42,0,0,0,42
0x64e333,100%,0,10,10,0,0,0,10
0x8bef5e,100%,0,208,208,0,0,0,208
0x7cf453,100%,0,2,2,0,0,0,2
0x649815,100%,0,2,2,0,0,0,2
0x76722b,100%,0,16,16,0,0,0,16
0x62fcf3,100%,0,2,2,0,0,0,2
0x961961,100%,0,159,159,0,0,0,159
0x634411,100%,0,2,2,0,0,0,2
0x5ed1b3,100%,0,52,52,0,0,0,52
0x8c4c44,100%,0,2600,2600,0,0,0,2600
0x6386c3,100%,0,257,257,0,0,0,257
0x62f5db,100%,0,2,2,0,0,0,2
0x6d8dd9,100%,0,16,16,0,0,0,16
0x65a149,100%,0,2,2,0,0,0,2
0x64f85e,100%,0,2,2,0,0,0,2
0x8c0442,100%,0,2,2,0,0,0,2
0x64343a,100%,0,2,2,0,0,0,2
0x5e757f,100%,0,8,8,0,0,0,8
0x63b37b,100%,0,2,2,0,0,0,2
0xa773f3,100%,0,21278,21278,21278,0,0,0
0x8c020d,100%,0,100,100,0,0,0,100
0x63af93,100%,0,14,14,0,0,0,14
0x594829,100%,0,8,8,0,0,0,8
0x66ea17,100%,0,2,2,0,0,0,2
0x8beea1,100%,0,208,208,0,0,0,208
0x5e6625,100%,0,50,50,0,0,0,50
0x64f4a5,100%,0,2,2,0,0,0,2
0x649e8c,100%,0,100,100,0,0,0,100
0x7700aa,100%,0,2,2,0,0,0,2
0x8c1514,100%,0,257,257,0,0,0,257
0x777ee1,100%,0,8,8,8,0,0,0
0x76ff63,100%,0,52,52,0,0,0,52
0x6593c0,100%,0,2,2,0,0,0,2
0x8bebfd,100%,0,2,2,0,0,0,2
0x64fcc9,100%,0,2,2,0,0,0,2
0x63bca4,100%,0,208,208,0,0,0,208
0x5f2e33,100%,0,52,52,0,0,0,52
0x5f60ea,100%,0,38,38,0,0,0,38
0x634da1,100%,0,2,2,0,0,0,2
0x9f8cc5,100%,0,257,257,0,0,0,257
0x8bf02f,100%,0,52,52,0,0,0,52
0x8c52d5,100%,0,500,500,0,0,0,500
0x608926,100%,0,2,2,0,0,0,2
0x63c782,100%,0,257,257,0,0,0,257
0x76dd9b,100%,0,42,42,0,0,0,42
0x8bf9fc,100%,0,2,2,0,0,0,2
0x8c1552,100%,0,100,100,0,0,0,100
0x9f580c,100%,0,14,14,0,0,0,14
0x8c158c,100%,0,100,100,0,0,0,100
0x66f15c,100%,0,224,224,0,0,0,224
0x8beccf,100%,0,2,2,0,0,0,2
0x654528,100%,0,137454,137454,0,0,0,137454
0x7e88c1,100%,0,2,2,0,0,0,2
0x64e1b3,100%,0,500,500,0,0,0,500
0x634bfb,100%,0,2,2,0,0,0,2
0x7b0485,100%,0,2,2,0,0,0,2
0x652726,100%,0,24609,24609,0,0,0,24609
0x632c00,100%,0,2,2,0,0,0,2
0x757843,100%,0,52,52,0,0,0,52
0x762b8b,100%,0,42,42,0,0,0,42
0x595460,100%,0,624,624,0,0,0,624
0x64d1d6,100%,0,400,400,0,0,0,400
0x5953be,100%,0,624,624,0,0,0,624
0x42c08e,100%,0,26,26,0,0,0,26
0x64de92,100%,0,16000,16000,0,0,0,16000
0x59925f,100%,0,32,32,32,0,0,0
0x926d88,100%,0,8,8,0,0,0,8
0x599144,100%,0,32,32,0,0,0,32
0x75cb9a,100%,0,52,52,0,0,0,52
0x76aa19,100%,0,52,52,0,0,0,52
0x62f0d7,100%,0,2,2,0,0,0,2
0xa0f296,100%,0,10625,10625,10625,0,0,0
0x5f6eea,100%,0,1064,1064,1064,0,0,0
0x5e7157,100%,0,2,2,0,0,0,2
0x6d8ba6,100%,0,16,16,0,0,0,16
0x6416b5,100%,0,2,2,0,0,0,2
0x761dc2,100%,0,6,6,0,0,0,6
0x9e1787,100%,0,96,96,0,0,0,96
0x66b45c,100%,0,468,468,0,0,0,468
0x6da344,100%,0,4,4,4,0,0,0
0x5ed411,100%,0,52,52,0,0,0,52
0x6da2fe,100%,0,4,4,0,0,0,4
0x637987,100%,0,257,257,0,0,0,257
0x64752a,100%,0,2,2,0,0,0,2
0x7bd32e,100%,0,10,10,10,0,0,0
0xa43c72,100%,0,10625,10625,0,0,0,10625
0x7bd1dc,100%,0,260,260,260,0,0,0
0x5958a1,100%,0,42,42,42,0,0,0
0x7bd097,100%,0,10,10,0,0,0,10
0x6372aa,100%,0,257,257,0,0,0,257
0x7bd089,100%,0,10,10,0,0,0,10
0x404972,100%,0,6,6,6,0,0,0
0x66ead7,100%,0,2,2,0,0,0,2
0x7bd077,100%,0,10,10,0,0,0,10
0x92d5fc,100%,0,2,2,0,0,0,2
0x7bce77,100%,0,10,10,0,0,0,10
0x67b868,100%,0,8,8,0,0,0,8
0x41cbd1,100%,0,64,64,0,0,0,64
0x67baaf,100%,0,2,2,0,0,0,2
0x645c88,100%,0,2600,2600,0,0,0,2600
0x67ba6f,100%,0,2,2,0,0,0,2
0x7e82a4,100%,0,2,2,2,0,0,0
0x75d92b,100%,0,2,2,0,0,0,2
0x67b9fb,100%,0,2,2,0,0,0,2
0x634cc0,100%,0,2,2,0,0,0,2
0x67b88d,100%,0,2,2,0,0,0,2
0x5d283e,100%,0,46,46,0,0,0,46
0x7b231a,100%,0,2,2,0,0,0,2
0x632994,100%,0,2,2,0,0,0,2
0x67b7c4,100%,0,8,8,6,0,0,2
0x67b7ae,100%,0,8,8,8,0,0,0
0x5eca62,100%,0,52,52,0,0,0,52
0x67b6e8,100%,0,8,8,0,0,0,8
0x63f33f,100%,0,2,2,0,0,0,2
0x67b580,100%,0,2,2,0,0,0,2
0x681b22,100%,0,2,2,0,0,0,2
0x7cf1b3,100%,0,52,52,0,0,0,52
0xa3a1fa,100%,0,4,4,0,0,0,4
0x6087d5,100%,0,176,176,0,0,0,176
0x67af28,100%,0,2,2,0,0,0,2
0x681c53,100%,0,2,2,0,0,0,2
0x602fbb,100%,0,22,22,0,0,0,22
0x681bc5,100%,0,52,52,0,0,0,52
0x95b598,100%,0,2,2,0,0,0,2
0x8bf2c0,100%,0,2,2,0,0,0,2
0x75c675,100%,0,30,30,0,0,0,30
0x597b60,100%,0,34,34,0,0,0,34
0x8c3260,100%,0,100,100,0,0,0,100
0x632f82,100%,0,2,2,0,0,0,2
0x9f7dbf,100%,0,8,8,8,0,0,0
0x761658,100%,0,2,2,0,0,0,2
0x9f7db2,100%,0,8,8,0,0,0,8
0x773e5a,100%,0,2,2,2,0,0,0
0x59824f,100%,0,4,4,0,0,0,4
0x7bc864,100%,0,52,52,0,0,0,52
0x5ed080,100%,0,2,2,0,0,0,2
0x95a275,100%,0,2,2,0,0,0,2
0x7c8d8d,100%,0,2,2,0,0,0,2
0x95a118,100%,0,52,52,0,0,0,52
0x959fa8,100%,0,52,52,0,0,0,52
0x64cb19,100%,0,4000,4000,0,0,0,4000
0x959de2,100%,0,52,52,0,0,0,52
0x76b65e,100%,0,44,44,0,0,0,44
0x7bc881,100%,0,52,52,0,0,0,52
0x7c9e11,100%,0,2,2,2,0,0,0
0x8becc7,100%,0,2,2,0,0,0,2
0x6512e4,100%,0,2,2,0,0,0,2
0x5ac4d9,100%,0,2,2,0,0,0,2
0x5ac4b8,100%,0,2,2,0,0,0,2
0x8c20da,100%,0,2,2,0,0,0,2
0x5ac497,100%,0,2,2,0,0,0,2
0x404e5c,100%,0,22,22,22,0,0,0
0xa2b825,100%,0,4,4,4,0,0,0
0x8a4bf0,100%,0,16,16,0,0,0,16
0x8a4bb9,100%,0,16,16,0,0,0,16
0x774719,100%,0,52,52,0,0,0,52
0x95a6d6,100%,0,2,2,0,0,0,2
0x95a3fc,100%,0,52,52,0,0,0,52
0x762453,100%,0,38,38,0,0,0,38
0x6215bf,100%,0,48,48,36,0,0,12
0x7d0587,100%,0,52,52,0,0,0,52
0x65a52d,100%,0,2,2,0,0,0,2
0x657d1c,100%,0,52,52,0,0,0,52
0x7bc946,100%,0,2,2,0,0,0,2
0x8c07e4,100%,0,580,580,0,0,0,580
0x65cbed,100%,0,2,2,0,0,0,2
0x65cb68,100%,0,98,98,98,0,0,0
0x65a488,100%,0,2,2,0,0,0,2
0x75e668,100%,0,2,2,0,0,0,2
0x76c82b,100%,0,44,44,0,0,0,44
0x67b9d7,100%,0,2,2,0,0,0,2
0x634b1b,100%,0,10,10,0,0,0,10
0x64ff27,100%,0,2,2,0,0,0,2
0x928f91,100%,0,159,159,0,0,0,159
0x9e0e4f,100%,0,30,30,0,0,0,30
0x949cd2,100%,0,2,2,0,0,0,2
0x6da61d,100%,0,2,2,0,0,0,2
0x76c44d,100%,0,44,44,0,0,0,44
0x635a3f,100%,0,2,2,0,0,0,2
0x6da57e,100%,0,2,2,2,0,0,0
0x6da46c,100%,0,8,8,0,0,0,8
0x618af4,100%,0,6916,6916,0,0,0,6916
0x634a90,100%,0,2,2,0,0,0,2
0x6d921a,100%,0,16,16,0,0,0,16
0x67a08a,100%,0,2,2,0,0,0,2
0x6d9038,100%,0,36,36,0,0,0,36
0x63d8bb,100%,0,208,208,0,0,0,208
0x9f9979,100%,0,259,259,0,0,0,259
0x65d740,100%,0,100,100,0,0,0,100
0x6da361,100%,0,4,4,0,0,0,4
0x40753f,100%,0,36,36,0,0,0,36
0x7613a4,100%,0,42,42,0,0,0,42
0x63a729,100%,0,8,8,0,0,0,8
0xa43c33,100%,0,10625,10625,0,0,0,10625
0x76537e,100%,0,2,2,0,0,0,2
0x42a4bd,100%,0,24,24,0,0,0,24
0x75bd00,100%,0,8,8,0,0,0,8
0x8c1fc7,100%,0,2,2,0,0,0,2
0x4a447d,100%,0,4,4,4,0,0,0
0x67b568,100%,0,8,8,0,0,0,8
0x76b081,100%,0,42,42,0,0,0,42
0xa0eecc,100%,0,7436,7436,0,0,0,7436
0x407485,100%,0,36,36,36,0,0,0
0xa43e48,100%,0,10625,10625,0,0,0,10625
0x94a11d,100%,0,2,2,2,0,0,0
0x5f56c5,100%,0,108,108,0,0,0,108
0x94a0be,100%,0,2,2,0,0,0,2
0x64e09c,100%,0,2,2,0,0,0,2
0x6438b0,100%,0,52,52,0,0,0,52
0x67ba24,100%,0,2,2,0,0,0,2
0x65aa19,100%,0,98,98,0,0,0,98
0x63edd0,100%,0,2,2,0,0,0,2
0x6427ba,100%,0,2,2,0,0,0,2
0x64021f,100%,0,2,2,0,0,0,2
0x64fcd3,100%,0,2,2,0,0,0,2
0x65c7af,100%,0,2,2,0,0,0,2
0x8c1682,100%,0,1,1,0,0,0,1
0x7cd383,100%,0,52,52,0,0,0,52
0x632c22,100%,0,2,2,0,0,0,2
0x669944,100%,0,208,208,208,0,0,0
0x927a52,100%,0,91,91,0,0,0,91
0x61805f,100%,0,3952,3952,0,0,0,3952
0x65914c,100%,0,52,52,0,0,0,52
0x64fae0,100%,0,80,80,0,0,0,80
0x641925,100%,0,2,2,0,0,0,2
0x8bead4,100%,0,2,2,0,0,0,2
0x75d878,100%,0,2,2,0,0,0,2
0x5f6d6d,100%,0,1064,1064,0,0,0,1064
0x6536ca,100%,0,2,2,0,0,0,2
0x76b149,100%,0,126,126,0,0,0,126
0x7cd219,100%,0,2,2,2,0,0,0
0x64a6e3,100%,0,100,100,100,0,0,0
0x7b4194,100%,0,2,2,0,0,0,2
0x6471a8,100%,0,2600,2600,0,0,0,2600
0x75d8d6,100%,0,44,44,0,0,0,44
0x634a58,100%,0,2600,2600,0,0,0,2600
0x77007e,100%,0,2,2,0,0,0,2
0x7621f1,100%,0,44,44,0,0,0,44
0x6435ea,100%,0,2,2,0,0,0,2
0x429ecc,100%,0,110,110,0,0,0,110
0x642a40,100%,0,2,2,0,0,0,2
0x8c425b,100%,0,100,100,0,0,0,100
0x9f5824,100%,0,14,14,0,0,0,14
0x76cab8,100%,0,2,2,0,0,0,2
0x644046,100%,0,10400,10400,10400,0,0,0
0x67ba93,100%,0,2,2,0,0,0,2
0x64991c,100%,0,2,2,0,0,0,2
0x65a90c,100%,0,2,2,0,0,0,2
0x6409eb,100%,0,2,2,0,0,0,2
0x4297ae,100%,0,8,8,0,0,0,8
0x64b5b9,100%,0,2,2,0,0,0,2
0x641558,100%,0,2,2,0,0,0,2
0x8c1665,100%,0,6,6,0,0,0,6
0x6411c5,100%,0,2,2,0,0,0,2
0x6346e9,100%,0,2,2,0,0,0,2
0x645e19,100%,0,52,52,0,0,0,52
0x650a5b,100%,0,2,2,2,0,0,0
0x9e19ec,100%,0,2,2,0,0,0,2
0x95a9a7,100%,0,52,52,0,0,0,52
0x94a03f,100%,0,2,2,2,0,0,0
0x7e8193,100%,0,52,52,0,0,0,52
0x7b34bc,100%,0,2,2,2,0,0,0
0x633c3d,100%,0,2,2,0,0,0,2
0x6406b5,100%,0,2,2,0,0,0,2
0x8c3570,100%,0,100,100,0,0,0,100
0x9fb7d8,100%,0,261,261,261,0,0,0
0x63fa35,100%,0,2,2,0,0,0,2
0x766cdc,100%,0,4,4,0,0,0,4
0x757a93,100%,0,52,52,0,0,0,52
0x64511e,100%,0,2,2,0,0,0,2
0x75c006,100%,0,166,166,0,0,0,166
0x633050,100%,0,2,2,0,0,0,2
0x67009c,100%,0,208,208,0,0,0,208
0x7b00b5,100%,0,2,2,0,0,0,2
0x631919,100%,0,2,2,0,0,0,2
0x76100a,100%,0,2,2,0,0,0,2
0x7d0687,100%,0,52,52,0,0,0,52
0xa797ea,100%,0,173,173,0,0,0,173
0x7b35a0,100%,0,2,2,2,0,0,0
0x64fe39,100%,0,2,2,2,0,0,0
0xa43d5e,100%,0,10625,10625,0,0,0,10625
0x9f4f86,100%,0,261,261,0,0,0,261
0x9f4f37,100%,0,261,261,261,0,0,0
0x63bbdc,100%,0,64,64,0,0,0,64
0x8a8559,100%,0,20,20,0,0,0,20
0x67b3b8,100%,0,8,8,0,0,0,8
0x6357fe,100%,0,2,2,0,0,0,2
0x67b349,100%,0,2,2,0,0,0,2
0x7ce1f6,100%,0,52,52,0,0,0,52
0x67b28d,100%,0,2,2,0,0,0,2
0x67b268,100%,0,8,8,0,0,0,8
0x618ee3,100%,0,6916,6916,0,0,0,6916
0x67b238,100%,0,8,8,0,0,0,8
0x66e8f8,100%,0,2,2,0,0,0,2
0x75d12d,100%,0,2,2,0,0,0,2
0x6331fb,100%,0,52,52,0,0,0,52
0x67b1c9,100%,0,2,2,0,0,0,2
0x65b6a3,100%,0,52,52,0,0,0,52
0x76cb81,100%,0,44,44,0,0,0,44
0x67b168,100%,0,2,2,0,0,0,2
0x960cae,100%,0,2,2,0,0,0,2
0x630ea0,100%,0,2,2,0,0,0,2
0x67b4ae,100%,0,8,8,8,0,0,0
0x404913,100%,0,6,6,6,0,0,0
0x67b528,100%,0,2,2,0,0,0,2
0x76cf43,100%,0,2,2,0,0,0,2
0x6462c8,100%,0,2600,2600,0,0,0,2600
0x67b4fd,100%,0,8,8,8,0,0,0
0x761f45,100%,0,6,6,0,0,0,6
0x634d5c,100%,0,2,2,0,0,0,2
0x63f12f,100%,0,2,2,0,0,0,2
0x67b0a8,100%,0,2,2,0,0,0,2
0x766a3a,100%,0,4,4,4,0,0,0
0x67b468,100%,0,2,2,0,0,0,2
0x774bd2,100%,0,52,52,0,0,0,52
0x67b40d,100%,0,2,2,0,0,0,2
0x635853,100%,0,2,2,0,0,0,2
0x67b400,100%,0,2,2,0,0,0,2
0x76ce39,100%,0,52,52,0,0,0,52
0x960f1f,100%,0,125,125,0,0,0,125
0x774a77,100%,0,2,2,0,0,0,2
0x7695ca,100%,0,4,4,0,0,0,4
0x595927,100%,0,42,42,42,0,0,0
0x6340e5,100%,0,2,2,0,0,0,2
0x644855,100%,0,2,2,0,0,0,2
0x687158,100%,0,2,2,0,0,0,2
0x644806,100%,0,2,2,0,0,0,2
0x637238,100%,0,257,257,0,0,0,257
0x6446f8,100%,0,2600,2600,0,0,0,2600
0x5e6916,100%,0,1250,1250,0,0,0,1250
0x64eec5,100%,0,8,8,0,0,0,8
0x639444,100%,0,2,2,0,0,0,2
0x76e425,100%,0,16,16,0,0,0,16
0x63acce,100%,0,2,2,0,0,0,2
0x7e716d,100%,0,2,2,0,0,0,2
0x6440c0,100%,0,2,2,0,0,0,2
0x67af68,100%,0,8,8,0,0,0,8
0x64987f,100%,0,2,2,0,0,0,2
0x64cdfa,100%,0,80,80,0,0,0,80
0x67adb8,100%,0,8,8,0,0,0,8
0x618c7f,100%,0,6916,6916,0,0,0,6916
0x7601aa,100%,0,156,156,0,0,0,156
0x67b02e,100%,0,8,8,8,0,0,0
0x67b01e,100%,0,8,8,8,0,0,0
0x67afe8,100%,0,2,2,0,0,0,2
0x67af8d,100%,0,2,2,0,0,0,2
0x67af38,100%,0,8,8,0,0,0,8
0x60854d,100%,0,1872,1872,0,0,0,1872
0x8c68f1,100%,0,100,100,0,0,0,100
0x67ada8,100%,0,2,2,0,0,0,2
0xa31c1c,100%,0,42568,42568,0,0,0,42568
0x67ad44,100%,0,8,8,6,0,0,2
0x67ace8,100%,0,2,2,0,0,0,2
0x7cc215,100%,0,2,2,0,0,0,2
0x67ac68,100%,0,8,8,0,0,0,8
0x67ac59,100%,0,2,2,0,0,0,2
0x762fa1,100%,0,32,32,0,0,0,32
0x76f6d4,100%,0,1,1,0,0,0,1
0x64ab86,100%,0,2,2,0,0,0,2
0x645c7b,100%,0,52,52,0,0,0,52
0x76e196,100%,0,40,40,0,0,0,40
0x8c6ab5,100%,0,100,100,0,0,0,100
0x7783f4,100%,0,200,200,0,0,0,200
0xa228f9,100%,0,125,125,0,0,0,125
0x659479,100%,0,2,2,0,0,0,2
0x66f617,100%,0,2,2,0,0,0,2
0x7b2b01,100%,0,2,2,0,0,0,2
0x766b9d,100%,0,104,104,0,0,0,104
0x5ed2c3,100%,0,52,52,0,0,0,52
0x76331d,100%,0,126,126,0,0,0,126
0x8c5b40,100%,0,100,100,0,0,0,100
0x64f073,100%,0,8,8,0,0,0,8
0x8c5c92,100%,0,2500,2500,0,0,0,2500
0x961199,100%,0,159,159,0,0,0,159
0x633591,100%,0,2,2,0,0,0,2
0x7cde63,100%,0,52,52,0,0,0,52
0x62f451,100%,0,2,2,0,0,0,2
0x649f93,100%,0,100,100,0,0,0,100
0x646d6f,100%,0,52,52,0,0,0,52
0xa765e1,100%,0,52,52,0,0,0,52
0x7631b8,100%,0,2,2,0,0,0,2
0x5f6983,100%,0,38,38,38,0,0,0
0x64c6fa,100%,0,4000,4000,0,0,0,4000
0x8c54ae,100%,0,100,100,0,0,0,100
0x65b5e3,100%,0,52,52,0,0,0,52
0x7cb53f,100%,0,2,2,2,0,0,0
0x62eabe,100%,0,2,2,0,0,0,2
0x8c33e9,100%,0,100,100,0,0,0,100
0x5e9f8f,100%,0,2,2,0,0,0,2
0x8c207f,100%,0,2,2,0,0,0,2
0x6877d3,100%,0,2,2,0,0,0,2
0x639201,100%,0,40,40,0,0,0,40
0x8c54fc,100%,0,2500,2500,0,0,0,2500
0xa31d31,100%,0,10625,10625,0,0,0,10625
0x62e83e,100%,0,2,2,0,0,0,2
0x9e096d,100%,0,748,748,0,0,0,748
0x8c6b5d,100%,0,100,100,0,0,0,100
0x5f4061,100%,0,4,4,0,0,0,4
0x8c3bed,100%,0,500,500,0,0,0,500
0x64aba0,100%,0,2,2,0,0,0,2
0x608f38,100%,0,222,222,0,0,0,222
0x64493a,100%,0,2,2,0,0,0,2
0x640a8d,100%,0,2,2,0,0,0,2
0x66e197,100%,0,2,2,0,0,0,2
0x62ea3e,100%,0,2,2,0,0,0,2
0x7aab46,100%,0,2,2,0,0,0,2
0x8c67ce,100%,0,100,100,0,0,0,100
0x63d95e,100%,0,8,8,0,0,0,8
0x656ee5,100%,0,2,2,0,0,0,2
0x8c485e,100%,0,100,100,0,0,0,100
0x65e2b8,100%,0,2600,2600,0,0,0,2600
0x8bedf5,100%,0,2,2,0,0,0,2
0x595817,100%,0,42,42,42,0,0,0
0x8c0402,100%,0,2,2,0,0,0,2
0x6590d6,100%,0,2,2,0,0,0,2
0x62fade,100%,0,2,2,0,0,0,2
0x67b880,100%,0,2,2,0,0,0,2
0x62ec9e,100%,0,2,2,0,0,0,2
0x8c622f,100%,0,13000,13000,0,0,0,13000
0x643a5f,100%,0,2,2,0,0,0,2
0x657194,100%,0,2,2,0,0,0,2
0x77242b,100%,0,2,2,0,0,0,2
0x8c64f2,100%,0,2500,2500,0,0,0,2500
0x65136e,100%,0,4,4,0,0,0,4
0x66f3d7,100%,0,2,2,0,0,0,2
0x66b913,100%,0,208,208,156,0,0,52
0x7b3619,100%,0,2,2,0,0,0,2
0x8c5f8e,100%,0,100,100,0,0,0,100
0x762287,100%,0,2,2,0,0,0,2
0x757a63,100%,0,52,52,0,0,0,52
0x762a20,100%,0,42,42,0,0,0,42
0x641eb8,100%,0,52,52,0,0,0,52
0x65b604,100%,0,2,2,0,0,0,2
0x65d0ba,100%,0,2,2,0,0,0,2
0x64a075,100%,0,100,100,0,0,0,100
0x660376,100%,0,2,2,2,0,0,0
0x64a0bc,100%,0,2600,2600,0,0,0,2600
0x8c4fc3,100%,0,2600,2600,0,0,0,2600
0x64e382,100%,0,10,10,0,0,0,10
0x5951a5,100%,0,24,24,0,0,0,24
0x5982c6,100%,0,104,104,0,0,0,104
0x65abda,100%,0,2,2,0,0,0,2
0x8c618c,100%,0,500,500,0,0,0,500
0x7e8893,100%,0,52,52,0,0,0,52
0x7a97e1,100%,0,400,400,0,0,0,400
0x65cad2,100%,0,8,8,0,0,0,8
0x7e8419,100%,0,2,2,0,0,0,2
0x66b5fc,100%,0,52,52,0,0,0,52
0x63489b,100%,0,2,2,0,0,0,2
0x63530e,100%,0,2,2,0,0,0,2
0x6499f5,100%,0,2,2,0,0,0,2
0x92a5dd,100%,0,91,91,0,0,0,91
0x767633,100%,0,52,52,0,0,0,52
0x653a02,100%,0,2,2,0,0,0,2
0x64de6f,100%,0,4000,4000,0,0,0,4000
0x5938bd,100%,0,32,32,0,0,0,32
0x7610d2,100%,0,42,42,0,0,0,42
0x649d0c,100%,0,2,2,0,0,0,2
0x659a9f,100%,0,2,2,0,0,0,2
0x648d64,100%,0,14,14,0,0,0,14
0x5ed066,100%,0,2,2,0,0,0,2
0x64fa0f,100%,0,2,2,0,0,0,2
0x8c0c8b,100%,0,4319,4319,0,0,0,4319
0x630a92,100%,0,2,2,0,0,0,2
0x760f8e,100%,0,44,44,0,0,0,44
0x5e761a,100%,0,8,8,0,0,0,8
0x649e83,100%,0,100,100,0,0,0,100
0x757973,100%,0,52,52,0,0,0,52
0x9280ab,100%,0,9487,9487,9487,0,0,0
0xa796cd,100%,0,2,2,0,0,0,2
0x8bf52a,100%,0,2,2,0,0,0,2
0x6462af,100%,0,52,52,0,0,0,52
0x961954,100%,0,159,159,0,0,0,159
0x67b5e8,100%,0,2,2,0,0,0,2
0x5e77a3,100%,0,13,13,0,0,0,13
0x8c479c,100%,0,13000,13000,0,0,0,13000
0x6312ec,100%,0,52,52,0,0,0,52
0x657380,100%,0,2,2,0,0,0,2
0x8bfc60,100%,0,100,100,100,0,0,0
0x608ed0,100%,0,58,58,0,0,0,58
0x7669bc,100%,0,4,4,0,0,0,4
0x8c699a,100%,0,100,100,0,0,0,100
0x75c645,100%,0,30,30,0,0,0,30
0x65c1ef,100%,0,2,2,0,0,0,2
0x639cfb,100%,0,2,2,0,0,0,2
0x8c4a58,100%,0,100,100,0,0,0,100
0xa3a5c2,100%,0,4,4,4,0,0,0
0x66e277,100%,0,2,2,0,0,0,2
0x62eb1e,100%,0,2,2,0,0,0,2
0x7b4266,100%,0,2,2,0,0,0,2
0x64bb62,100%,0,2,2,0,0,0,2
0x593dec,100%,0,208,208,0,0,0,208
0x596d7a,100%,0,162,162,0,0,0,162
0x9fb5c1,100%,0,261,261,261,0,0,0
0x637b9d,100%,0,257,257,257,0,0,0
0x62ec3e,100%,0,2,2,0,0,0,2
0x644a63,100%,0,52,52,0,0,0,52
0x62f9df,100%,0,2,2,0,0,0,2
0x8c4eec,100%,0,13000,13000,0,0,0,13000
0x616b83,100%,0,1026,1026,0,0,0,1026
0x9e1af0,100%,0,8,8,8,0,0,0
0x8be96a,100%,0,2,2,0,0,0,2
0x76ba97,100%,0,2,2,0,0,0,2
0x67b974,100%,0,2,2,0,0,0,2
0x594345,100%,0,8,8,0,0,0,8
0x63e351,100%,0,8,8,0,0,0,8
0x643c63,100%,0,2600,2600,0,0,0,2600
0x5ecdcd,100%,0,52,52,0,0,0,52
0x8c4a93,100%,0,100,100,0,0,0,100
0x633362,100%,0,2,2,0,0,0,2
0x64f96a,100%,0,2,2,0,0,0,2
0x646330,100%,0,2,2,0,0,0,2
0x633311,100%,0,2,2,0,0,0,2
0x66e2d7,100%,0,2,2,0,0,0,2
0x62eb7e,100%,0,2,2,0,0,0,2
0x685ad4,100%,0,2,2,0,0,0,2
0x65621b,100%,0,13515,13515,0,0,0,13515
0x4049d6,100%,0,6,6,0,0,0,6
0x75d9a5,100%,0,2,2,0,0,0,2
0x647241,100%,0,2,2,0,0,0,2
0x646642,100%,0,2,2,0,0,0,2
0x646646,100%,0,2,2,0,0,0,2
0x67a198,100%,0,2,2,0,0,0,2
0x8c6ad7,100%,0,100,100,0,0,0,100
0x6467df,100%,0,2,2,0,0,0,2
0x6468a8,100%,0,2600,2600,0,0,0,2600
0x65bedc,100%,0,52,52,0,0,0,52
0xa3959d,100%,0,7,7,0,0,0,7
0x7cc056,100%,0,52,52,0,0,0,52
0x8c3241,100%,0,100,100,0,0,0,100
0x64def6,100%,0,100,100,0,0,0,100
0x64561f,100%,0,2,2,0,0,0,2
0x65343e,100%,0,2,2,0,0,0,2
0x635db1,100%,0,2,2,0,0,0,2
0x7b32a6,100%,0,2,2,0,0,0,2
0x645af6,100%,0,10400,10400,10400,0,0,0
0x63870c,100%,0,257,257,0,0,0,257
0x92a5bb,100%,0,91,91,91,0,0,0
0x6386ed,100%,0,257,257,0,0,0,257
0x64d9d5,100%,0,2,2,0,0,0,2
0x7b1d63,100%,0,2,2,0,0,0,2
0x62f22d,100%,0,2,2,0,0,0,2
0x645ceb,100%,0,2,2,0,0,0,2
0xa7a6fe,100%,0,257,257,257,0,0,0
0xa820b4,100%,0,46,46,0,0,0,46
0x5f2c33,100%,0,2,2,2,0,0,0
0x6473cf,100%,0,2,2,0,0,0,2
0xa24387,100%,0,505,505,485,0,0,20
0x76e369,100%,0,16,16,0,0,0,16
0x76e56c,100%,0,6,6,0,0,0,6
0x647598,100%,0,100,100,0,0,0,100
0x67a108,100%,0,8,8,0,0,0,8
0x75d203,100%,0,2,2,0,0,0,2
0x961122,100%,0,159,159,0,0,0,159
0x6397cb,100%,0,2,2,0,0,0,2
0x647245,100%,0,2,2,0,0,0,2
0x63a40a,100%,0,8,8,0,0,0,8
0x75c919,100%,0,10,10,10,0,0,0
0x63d6cc,100%,0,8,8,0,0,0,8
0x67a98f,100%,0,2,2,0,0,0,2
0x403e9f,100%,0,6,6,0,0,0,6
0x62f3f1,100%,0,2,2,0,0,0,2
0x67ba05,100%,0,2,2,0,0,0,2
0x6591b3,100%,0,2,2,0,0,0,2
0xa228f3,100%,0,125,125,0,0,0,125
0x646932,100%,0,2,2,0,0,0,2
0x8c2127,100%,0,2,2,0,0,0,2
0x63a187,100%,0,2,2,0,0,0,2
0x646a5f,100%,0,52,52,0,0,0,52
0x666c38,100%,0,8,8,0,0,0,8
0x7b13b1,100%,0,52,52,0,0,0,52
0x646d88,100%,0,2600,2600,0,0,0,2600
0x62f6ea,100%,0,2,2,0,0,0,2
0x645474,100%,0,2,2,0,0,0,2
0x658ac3,100%,0,52,52,0,0,0,52
0x646eb8,100%,0,2600,2600,0,0,0,2600
0x656ca2,100%,0,2,2,0,0,0,2
0x7edd70,100%,0,2,2,0,0,0,2
0x6544e9,100%,0,8521,8521,0,0,0,8521
0x646f7e,100%,0,2,2,0,0,0,2
0x64bd64,100%,0,80,80,0,0,0,80
0x647213,100%,0,2,2,0,0,0,2
0x8c2044,100%,0,2,2,0,0,0,2
0x9f57fe,100%,0,14,14,0,0,0,14
0x8c6aa3,100%,0,100,100,0,0,0,100
0x6f4a9f,100%,0,52,52,0,0,0,52
0x6da2dc,100%,0,4,4,0,0,0,4
0x5ef9f6,100%,0,2,2,2,0,0,0
0x65b644,100%,0,2,2,0,0,0,2
0x643a16,100%,0,2,2,0,0,0,2
0x774083,100%,0,52,52,0,0,0,52
0x9289b2,100%,0,159,159,0,0,0,159
0x8c0738,100%,0,100,100,0,0,0,100
0x649a2b,100%,0,2,2,0,0,0,2
0x8c675a,100%,0,500,500,0,0,0,500
0x639899,100%,0,2,2,0,0,0,2
0x64a8bc,100%,0,2600,2600,0,0,0,2600
0x670083,100%,0,208,208,0,0,0,208
0x64aa4c,100%,0,100,100,0,0,0,100
0x63c8aa,100%,0,257,257,0,0,0,257
0x64fc2c,100%,0,52,52,0,0,0,52
0x64ac07,100%,0,2,2,0,0,0,2
0x63b184,100%,0,84,84,0,0,0,84
0x63684a,100%,0,1103,1103,0,0,0,1103
0x67b768,100%,0,2,2,0,0,0,2
0x62f640,100%,0,2,2,0,0,0,2
0x63b395,100%,0,2,2,0,0,0,2
0x67ba5d,100%,0,2,2,0,0,0,2
0x7cf58a,100%,0,2,2,0,0,0,2
0x8c63be,100%,0,100,100,0,0,0,100
0x64aa8c,100%,0,100,100,0,0,0,100
0x778383,100%,0,200,200,0,0,0,200
0x65af2d,100%,0,2,2,0,0,0,2
0x6333fa,100%,0,2,2,0,0,0,2
0x8c39b0,100%,0,3000,3000,0,0,0,3000
0x63a24c,100%,0,2,2,0,0,0,2
0x8c3a0a,100%,0,3000,3000,0,0,0,3000
0xa796c3,100%,0,2,2,0,0,0,2
0xa79702,100%,0,2,2,0,0,0,2
0x92b0e0,100%,0,2,2,0,0,0,2
0x6592dc,100%,0,52,52,0,0,0,52
0x633248,100%,0,2,2,0,0,0,2
0x8c4516,100%,0,100,100,0,0,0,100
0x64c816,100%,0,2,2,0,0,0,2
0x5e8b73,100%,0,65,65,0,0,0,65
0x663d64,100%,0,2,2,0,0,0,2
0x8c3cb0,100%,0,100,100,0,0,0,100
0x67b10d,100%,0,2,2,0,0,0,2
0x67a228,100%,0,2,2,0,0,0,2
0x7614e8,100%,0,2,2,0,0,0,2
0x65381c,100%,0,52,52,0,0,0,52
0x644eba,100%,0,2,2,0,0,0,2
0x8c6b27,100%,0,100,100,0,0,0,100
0x65b285,100%,0,2,2,0,0,0,2
0x65cd67,100%,0,2600,2600,0,0,0,2600
0x64e76c,100%,0,8160,8160,8160,0,0,0
0x64531e,100%,0,107,107,0,0,0,107
0x66ebc5,100%,0,52,52,0,0,0,52
0x597f6c,100%,0,56,56,0,0,0,56
0x76758e,100%,0,16,16,0,0,0,16
0x6306c9,100%,0,2,2,0,0,0,2
0x63a3c5,100%,0,2,2,0,0,0,2
0x64d5e5,100%,0,2,2,0,0,0,2
0x8a4a17,100%,0,2,2,0,0,0,2
0x76c1af,100%,0,44,44,0,0,0,44
0xa765ff,100%,0,98,98,0,0,0,98
0x634031,100%,0,2,2,0,0,0,2
0x9e152b,100%,0,96,96,0,0,0,96
0x659180,100%,0,2,2,0,0,0,2
0xa765d6,100%,0,52,52,0,0,0,52
0x636f0a,100%,0,257,257,0,0,0,257
0x7cb581,100%,0,2,2,0,0,0,2
0x65ed4c,100%,0,2600,2600,2500,0,0,100
0x64abe3,100%,0,2,2,0,0,0,2
0x6396c3,100%,0,2,2,0,0,0,2
0x65a5fa,100%,0,2,2,0,0,0,2
0x66b6bc,100%,0,52,52,0,0,0,52
0x62eb9e,100%,0,2,2,0,0,0,2
0x62f939,100%,0,2,2,0,0,0,2
0x63db7a,100%,0,208,208,0,0,0,208
0x8c6a5d,100%,0,100,100,0,0,0,100
0x5ea02a,100%,0,54,54,0,0,0,54
0x8c211a,100%,0,2,2,0,0,0,2
0x621633,100%,0,32,32,8,0,0,24
0x7b43ec,100%,0,2,2,0,0,0,2
0x64b5aa,100%,0,2,2,0,0,0,2
0x648947,100%,0,2,2,0,0,0,2
0x928590,100%,0,4847,4847,0,0,0,4847
0x4b9ecc,100%,0,64,64,0,0,0,64
0x6d9242,100%,0,16,16,0,0,0,16
0x66aea8,100%,0,2,2,0,0,0,2
0x613d45,100%,0,24,24,0,0,0,24
0xa7967e,100%,0,257,257,0,0,0,257
0x63150e,100%,0,52,52,0,0,0,52
0x66a5ec,100%,0,52,52,0,0,0,52
0x7b36fa,100%,0,52,52,0,0,0,52
0x643c4f,100%,0,52,52,0,0,0,52
0x76ce13,100%,0,52,52,0,0,0,52
0x5e8fd1,100%,0,2,2,0,0,0,2
0x7cd5f3,100%,0,52,52,0,0,0,52
0x7e80be,100%,0,52,52,0,0,0,52
0x64b601,100%,0,2,2,0,0,0,2
0x64c56d,100%,0,4000,4000,0,0,0,4000
0x67a3e6,100%,0,2,2,0,0,0,2
0x688412,100%,0,2,2,2,0,0,0
0x7e8083,100%,0,52,52,0,0,0,52
0x64d433,100%,0,2,2,0,0,0,2
0x774ac2,100%,0,52,52,0,0,0,52
0x8bfc03,100%,0,100,100,0,0,0,100
0x927c15,100%,0,365,365,0,0,0,365
0x7662b1,100%,0,12,12,0,0,0,12
0x65848d,100%,0,819,819,0,0,0,819
0x65aebd,100%,0,2,2,0,0,0,2
0xa7855f,100%,0,8024,8024,0,0,0,8024
0x8c074d,100%,0,400,400,0,0,0,400
0x64d693,100%,0,2,2,0,0,0,2
0x637392,100%,0,257,257,0,0,0,257
0x652c3d,100%,0,4847,4847,0,0,0,4847
0x64fe53,100%,0,2,2,2,0,0,0
0x75e31e,100%,0,2,2,0,0,0,2
0x8c0cf4,100%,0,100,100,0,0,0,100
0x928a62,100%,0,159,159,0,0,0,159
0x63bc71,100%,0,8,8,0,0,0,8
0x639382,100%,0,2,2,0,0,0,2
0x9f98c3,100%,0,2042,2042,0,0,0,2042
0x8bfc29,100%,0,100,100,0,0,0,100
0x8c477a,100%,0,13000,13000,0,0,0,13000
0x92c954,100%,0,52,52,0,0,0,52
0x765a53,100%,0,104,104,0,0,0,104
0x63f46c,100%,0,2,2,0,0,0,2
0xa30899,100%,0,7436,7436,0,0,0,7436
0x64a985,100%,0,100,100,0,0,0,100
0x8c5a0c,100%,0,12500,12500,0,0,0,12500
0x92a601,100%,0,91,91,91,0,0,0
0x65e709,100%,0,2600,2600,0,0,0,2600
0x8c4915,100%,0,500,500,0,0,0,500
0x7e7332,100%,0,52,52,0,0,0,52
0x658a68,100%,0,2,2,0,0,0,2
0x7bd55d,100%,0,40,40,0,0,0,40
0x631202,100%,0,2,2,0,0,0,2
0x6037e1,100%,0,44,44,0,0,0,44
0x5e8939,100%,0,16,16,0,0,0,16
0x8c6b50,100%,0,100,100,0,0,0,100
0x643aa3,100%,0,52,52,0,0,0,52
0x630a59,100%,0,2,2,0,0,0,2
0x640759,100%,0,2,2,0,0,0,2
0x8c44ea,100%,0,2600,2600,0,0,0,2600
0x652c18,100%,0,4847,4847,4847,0,0,0
0x769e8c,100%,0,2,2,0,0,0,2
0x6597ec,100%,0,2,2,0,0,0,2
0x65a616,100%,0,2,2,0,0,0,2
0x659526,100%,0,2,2,0,0,0,2
0x658b7c,100%,0,2,2,0,0,0,2
0xa797cd,100%,0,173,173,0,0,0,173
0x687fa2,100%,0,2,2,0,0,0,2
0x65970c,100%,0,52,52,0,0,0,52
0x9f8cdf,100%,0,261,261,0,0,0,261
0x659b3a,100%,0,52,52,0,0,0,52
0x6600a8,100%,0,2,2,0,0,0,2
0x6404c9,100%,0,2,2,0,0,0,2
0x8c1548,100%,0,100,100,0,0,0,100
0x633c9b,100%,0,2,2,0,0,0,2
0x616c23,100%,0,1026,1026,0,0,0,1026
0x8a4b34,100%,0,2,2,0,0,0,2
0x648999,100%,0,2,2,0,0,0,2
0x89fcea,100%,0,8,8,0,0,0,8
0x65ab82,100%,0,2,2,0,0,0,2
0x8bef18,100%,0,208,208,0,0,0,208
0x604702,100%,0,44,44,44,0,0,0
0x656d98,100%,0,2,2,0,0,0,2
0x593c99,100%,0,8,8,0,0,0,8
0x631312,100%,0,2,2,0,0,0,2
0x8c492a,100%,0,13000,13000,0,0,0,13000
0x6da44d,100%,0,2,2,0,0,0,2
0x655247,100%,0,20,20,20,0,0,0
0x8c156f,100%,0,100,100,0,0,0,100
0x63ee40,100%,0,2,2,0,0,0,2
0x7b43f5,100%,0,2,2,0,0,0,2
0x755e1b,100%,0,208,208,0,0,0,208
0x929894,100%,0,125,125,0,0,0,125
0x6408a9,100%,0,2,2,0,0,0,2
0x62ed5a,100%,0,2,2,0,0,0,2
0x6399a2,100%,0,2,2,0,0,0,2
0x62fe9c,100%,0,2,2,0,0,0,2
0x95acaf,100%,0,2,2,2,0,0,0
0x65ee68,100%,0,2600,2600,0,0,0,2600
0x649f9c,100%,0,100,100,0,0,0,100
0x63a209,100%,0,100,100,0,0,0,100
0x8c5542,100%,0,100,100,0,0,0,100
0x4293a1,100%,0,2,2,0,0,0,2
0x68859d,100%,0,2,2,0,0,0,2
0x649bf1,100%,0,2,2,0,0,0,2
0x7cd756,100%,0,52,52,0,0,0,52
0x65dc6a,100%,0,100,100,0,0,0,100
0x76777b,100%,0,2,2,0,0,0,2
0x631869,100%,0,2,2,0,0,0,2
0x76bbf1,100%,0,42,42,0,0,0,42
0x8c360a,100%,0,100,100,0,0,0,100
0x63726c,100%,0,257,257,0,0,0,257
0x642004,100%,0,2,2,0,0,0,2
0x8c58c3,100%,0,13000,13000,0,0,0,13000
0x64ec82,100%,0,32,32,0,0,0,32
0x644801,100%,0,2,2,0,0,0,2
0x76ebd2,100%,0,7,7,7,0,0,0
0x634f0d,100%,0,2,2,0,0,0,2
0x9f5804,100%,0,14,14,0,0,0,14
0x687801,100%,0,2,2,0,0,0,2
0x960da4,100%,0,159,159,0,0,0,159
0x8c5153,100%,0,2600,2600,0,0,0,2600
0x645ca3,100%,0,10400,10400,0,0,0,10400
0x64a67d,100%,0,100,100,100,0,0,0
0x8c5043,100%,0,2600,2600,0,0,0,2600
0x64d8ed,100%,0,2,2,0,0,0,2
0x768233,100%,0,104,104,0,0,0,104
0x65764a,100%,0,2,2,0,0,0,2
0x7597c9,100%,0,2,2,0,0,0,2
0x960f13,100%,0,2625,2625,2500,0,0,125
0x65a24c,100%,0,98,98,0,0,0,98
0x64c213,100%,0,80,80,0,0,0,80
0x769669,100%,0,4,4,0,0,0,4
0x5efb06,100%,0,2,2,0,0,0,2
0x76bec2,100%,0,44,44,0,0,0,44
0x760f05,100%,0,2,2,0,0,0,2
0x9fef0e,100%,0,4,4,0,0,0,4
0x9e1604,100%,0,96,96,0,0,0,96
0x633f72,100%,0,2,2,0,0,0,2
0x7ce0e6,100%,0,52,52,0,0,0,52
0x64ee2c,100%,0,8,8,8,0,0,0
0x63b323,100%,0,2,2,0,0,0,2
0x646f52,100%,0,2,2,0,0,0,2
0x76657e,100%,0,4,4,0,0,0,4
0x64d66a,100%,0,2,2,0,0,0,2
0x651409,100%,0,8,8,0,0,0,8
0x8c1fb0,100%,0,2,2,0,0,0,2
0x66f1a2,100%,0,2,2,0,0,0,2
0x63332a,100%,0,2,2,0,0,0,2
0x598627,100%,0,32,32,0,0,0,32
0x7cb9e2,100%,0,52,52,0,0,0,52
0x630c1f,100%,0,2,2,0,0,0,2
0x7ceda0,100%,0,2,2,2,0,0,0
0x647274,100%,0,2,2,0,0,0,2
0xa765c8,100%,0,52,52,0,0,0,52
0x64e70a,100%,0,320,320,0,0,0,320
0x8c2094,100%,0,2,2,0,0,0,2
0x659f58,100%,0,2,2,2,0,0,0
0x67ac80,100%,0,2,2,0,0,0,2
0x5e672b,100%,0,50,50,0,0,0,50
0x636d9f,100%,0,257,257,0,0,0,257
0x8c205b,100%,0,2,2,0,0,0,2
0x8c3976,100%,0,3000,3000,0,0,0,3000
0x6386b1,100%,0,257,257,0,0,0,257
0x9f4f31,100%,0,261,261,0,0,0,261
0x64de50,100%,0,100,100,0,0,0,100
0x75826e,100%,0,52,52,0,0,0,52
0x6488a3,100%,0,2,2,0,0,0,2
0x64a04c,100%,0,2600,2600,0,0,0,2600
0x8c34e1,100%,0,100,100,0,0,0,100
0x60904a,100%,0,58,58,0,0,0,58
0x64448b,100%,0,2,2,0,0,0,2
0x669951,100%,0,208,208,208,0,0,0
0x92cbc4,100%,0,2600,2600,2548,0,0,52
0x64df03,100%,0,4000,4000,0,0,0,4000
0x64abbf,100%,0,2,2,0,0,0,2
0x641c44,100%,0,2,2,0,0,0,2
0x65de02,100%,0,100,100,0,0,0,100
0x89faa2,100%,0,2,2,0,0,0,2
0x778f25,100%,0,208,208,0,0,0,208
0x6d8e63,100%,0,16,16,0,0,0,16
0x5e4d58,100%,0,12,12,12,0,0,0
0x630e80,100%,0,2,2,0,0,0,2
0x7edeed,100%,0,2,2,2,0,0,0
0x7a8e1a,100%,0,4,4,0,0,0,4
0x603507,100%,0,2,2,0,0,0,2
0x65e688,100%,0,100,100,0,0,0,100
0xa31b96,100%,0,27030,27030,0,0,0,27030
0x639eea,100%,0,2,2,0,0,0,2
0x633991,100%,0,40,40,30,0,0,10
0x429f45,100%,0,100,100,0,0,0,100
0x64638c,100%,0,2,2,0,0,0,2
0x66f6d7,100%,0,2,2,0,0,0,2
0x5f106f,100%,0,54,54,0,0,0,54
0x5e78b3,100%,0,1,1,1,0,0,0
0x8c3aa2,100%,0,100,100,0,0,0,100
0x64bb48,100%,0,2,2,0,0,0,2
0x590b1b,100%,0,8,8,0,0,0,8
0x7627e4,100%,0,2,2,0,0,0,2
0x5f2cf8,100%,0,2,2,0,0,0,2
0x633e0f,100%,0,2,2,0,0,0,2
0x6384ad,100%,0,257,257,0,0,0,257
0x66b83c,100%,0,52,52,0,0,0,52
0x64374a,100%,0,52,52,0,0,0,52
0x75dc47,100%,0,14,14,0,0,0,14
0x65885c,100%,0,91,91,0,0,0,91
0x593ce0,100%,0,8,8,0,0,0,8
0x656b5b,100%,0,2,2,0,0,0,2
0x63dacb,100%,0,8,8,0,0,0,8
0x7615ff,100%,0,44,44,0,0,0,44
0x63a6c4,100%,0,2,2,0,0,0,2
0x7b3c9d,100%,0,2,2,2,0,0,0
0x64f929,100%,0,2,2,0,0,0,2
0x654718,100%,0,8521,8521,0,0,0,8521
0x64734f,100%,0,52,52,0,0,0,52
0x76ca45,100%,0,2,2,0,0,0,2
0x755f02,100%,0,208,208,0,0,0,208
0x7e7dd1,100%,0,2,2,2,0,0,0
0x65938c,100%,0,52,52,0,0,0,52
0x63030d,100%,0,2,2,0,0,0,2
0x637300,100%,0,257,257,0,0,0,257
0xa78588,100%,0,8024,8024,6855,0,0,1169
0x636d5c,100%,0,257,257,0,0,0,257
0x64bbe8,100%,0,2,2,0,0,0,2
0x64b687,100%,0,2,2,0,0,0,2
0xa31db4,100%,0,10625,10625,10625,0,0,0
0x64fab2,100%,0,2,2,0,0,0,2
0x6549b1,100%,0,8520,8520,8520,0,0,0
0x6407fa,100%,0,2,2,0,0,0,2
0x8c539a,100%,0,100,100,0,0,0,100
0x595534,100%,0,624,624,0,0,0,624
0x960f5b,100%,0,125,125,0,0,0,125
0x642aa2,100%,0,2,2,0,0,0,2
0x64afd7,100%,0,2,2,0,0,0,2
0x65ad6a,100%,0,2,2,0,0,0,2
0x597d97,100%,0,2,2,0,0,0,2
0x76c9cf,100%,0,44,44,0,0,0,44
0x652a89,100%,0,4847,4847,0,0,0,4847
0x665ad3,100%,0,52,52,0,0,0,52
0x9e0de7,100%,0,30,30,30,0,0,0
0x64336a,100%,0,2,2,0,0,0,2
0x8c6311,100%,0,100,100,0,0,0,100
0x603456,100%,0,16,16,0,0,0,16
0x755db7,100%,0,208,208,0,0,0,208
0x64b5ef,100%,0,2,2,0,0,0,2
0x654734,100%,0,8521,8521,8521,0,0,0
0x65a2ae,100%,0,2,2,0,0,0,2
0x658b5a,100%,0,2,2,0,0,0,2
0x96147d,100%,0,159,159,159,0,0,0
0x64a840,100%,0,100,100,0,0,0,100
0x429f25,100%,0,100,100,0,0,0,100
0x5a8e8b,100%,0,876,876,876,0,0,0
0x8c6b00,100%,0,100,100,0,0,0,100
0x75ca74,100%,0,2,2,0,0,0,2
0x949d9f,100%,0,2,2,2,0,0,0
0x9284d3,100%,0,4847,4847,4847,0,0,0
0x6433cb,100%,0,52,52,0,0,0,52
0x63476d,100%,0,2,2,0,0,0,2
0x67a006,100%,0,2,2,0,0,0,2
0x76fd77,100%,0,104,104,0,0,0,104
0x641ae6,100%,0,2,2,0,0,0,2
0x64e4d0,100%,0,2,2,0,0,0,2
0x7a9eab,100%,0,100,100,0,0,0,100
0x6526c5,100%,0,8203,8203,373,0,0,7830
0x5ed53c,100%,0,52,52,0,0,0,52
0x65a5e1,100%,0,2,2,0,0,0,2
0x656e03,100%,0,2,2,0,0,0,2
0x67af80,100%,0,2,2,0,0,0,2
0x64ddde,100%,0,100,100,0,0,0,100
0x669d53,100%,0,52,52,0,0,0,52
0x632e61,100%,0,2,2,0,0,0,2
0x6d9067,100%,0,180,180,180,0,0,0
0x95a944,100%,0,52,52,0,0,0,52
0x6da63c,100%,0,8,8,0,0,0,8
0xa3960d,100%,0,7,7,0,0,0,7
0x630103,100%,0,2,2,0,0,0,2
0x7ce0a3,100%,0,52,52,0,0,0,52
0x65b300,100%,0,2,2,0,0,0,2
0x62158f,100%,0,12,12,0,0,0,12
0x648a8f,100%,0,2,2,0,0,0,2
0x766142,100%,0,4,4,0,0,0,4
0x635ca2,100%,0,2,2,0,0,0,2
0x6487ad,100%,0,2,2,0,0,0,2
0x5f3f58,100%,0,5,5,0,0,0,5
0xa234f6,100%,0,34,34,0,0,0,34
0x633a4d,100%,0,2,2,0,0,0,2
0x640e1f,100%,0,2,2,0,0,0,2
