Branch PC,Accuracy,Mispredictions,Correct Predictions,Total,dir_t_pred_t,dir_t_pred_nt,dir_nt_pred_t,dir_nt_pred_nt
aggregate,99.861%,15478,11117398,11132876,7661315,3506,11972,3456083
0x46f721,98.5244%,1745,116515,118260,116515,125,1620,0
0x162634e,99.0487%,1125,117135,118260,29324,598,527,87811
0x1626359,99.4838%,456,87882,88338,43237,227,229,44645
0x507487,94.1279%,436,6989,7425,6989,161,275,0
0x507935,95.1724%,378,7452,7830,7452,88,290,0
0xf30baf,95.5939%,345,7485,7830,7485,55,290,0
0xf30dcc,95.8889%,333,7767,8100,7767,33,300,0
0xf313ca,95.9259%,330,7770,8100,7770,30,300,0
0x50832e,96.2099%,307,7793,8100,7793,7,300,0
0x4f9b7c,96.2593%,303,7797,8100,7797,3,300,0
0x4f9894,95.8056%,302,6898,7200,6898,2,300,0
0x50898b,96.2963%,300,7800,8100,7800,0,300,0
0x1626664,99.7742%,267,117993,118260,47336,144,123,70657
0x8defc2,97.5013%,197,7687,7884,1737,95,102,5950
0x140aced,94.2848%,179,2953,3132,2953,63,116,0
0x14085ae,94.5402%,171,2961,3132,2961,55,116,0
0x140823d,95.0597%,149,2867,3016,2867,33,116,0
0x1407bf9,95.0928%,148,2868,3016,2868,32,116,0
0x14033f3,95.5556%,144,3096,3240,3096,24,120,0
0x141112a,95.5864%,143,3097,3240,3097,23,120,0
0x140f371,94.3329%,127,2114,2241,2114,44,83,0
0x1409b50,95.9218%,123,2893,3016,2893,7,116,0
0x1410aae,96.2654%,121,3119,3240,3119,1,120,0
0x140a6f2,95.9881%,121,2895,3016,2895,5,116,0
0x15d8015,89.3143%,120,1003,1123,582,54,66,421
0x14081a2,96.1686%,120,3012,3132,3012,4,116,0
0x1409c78,96.1686%,120,3012,3132,3012,4,116,0
0x1406cc9,96.2005%,119,3013,3132,3013,3,116,0
0x140689c,96.2005%,119,3013,3132,3013,3,116,0
0x140984b,96.2324%,118,3014,3132,3014,2,116,0
0x1406a6f,96.1207%,117,2899,3016,2899,1,116,0
0x140a02f,96.2963%,116,3016,3132,3016,0,116,0
0x8df004,98.6301%,108,7776,7884,7772,4,104,4
0x930f53,93.6855%,104,1543,1647,1543,43,61,0
0x52ad0e,93.5802%,104,1516,1620,1516,44,60,0
0x901cd8,99.7588%,103,42597,42700,41160,15,88,1437
0x140efe5,95.2271%,103,2055,2158,2055,20,83,0
0x140e20a,95.4931%,101,2140,2241,2140,18,83,0
0x93669c,93.7654%,101,1519,1620,1519,41,60,0
0x93312f,93.8272%,100,1520,1620,1520,40,60,0
0x1411a3b,94.1358%,95,1525,1620,1525,35,60,0
0x8ded74,98.8584%,90,7794,7884,7766,10,80,28
0x8ded3c,98.8584%,90,7794,7884,4222,86,4,3572
0x140cb5d,94.0981%,89,1419,1508,1419,31,58,0
0x140f4f9,96.26%,84,2162,2246,2162,0,84,0
0x140e9a6,96.2963%,83,2158,2241,2158,0,83,0
0x140d0d9,94.9553%,79,1487,1566,1487,21,58,0
0x16744be,99.9653%,75,216105,216180,155092,37,38,61013
0x1412180,95.4321%,74,1546,1620,1546,14,60,0
0x92d0fa,95.4321%,74,1546,1620,1546,14,60,0
0x140bf5a,95.3384%,73,1493,1566,1493,15,58,0
0x529dd7,95.5939%,69,1497,1566,1497,11,58,0
0x8df243,98.9464%,66,6198,6264,5581,31,35,617
0x52a6c5,96.1111%,63,1557,1620,1557,3,60,0
0x9308f8,96.1111%,63,1557,1620,1557,3,60,0
0x92faef,96.1728%,62,1558,1620,1558,2,60,0
0x93324b,96.0256%,62,1498,1560,1498,2,60,0
0x14116bf,96.2356%,62,1585,1647,1585,1,61,0
0x1411e34,96.3095%,62,1618,1680,1618,2,60,0
0x8fa5d4,96.1728%,62,1558,1620,1558,2,60,0
0x92e31e,96.1728%,62,1558,1620,1558,2,60,0
0x931570,96.0256%,62,1498,1560,1498,2,60,0
0x93695b,96.2356%,62,1585,1647,1585,1,61,0
0x1402eeb,96.4286%,61,1647,1708,1647,0,61,0
0x93013b,96.2963%,60,1560,1620,1560,0,60,0
0x1404032,96.2963%,60,1560,1620,1560,0,60,0
0x936bfd,96.4286%,60,1620,1680,1620,0,60,0
0x528f77,96.0269%,59,1426,1485,1426,4,55,0
0x140cf2c,96.2324%,59,1507,1566,1507,1,58,0
0x140c50d,96.2963%,58,1508,1566,1508,0,58,0
0x8df4d0,99.09%,57,6207,6264,1630,14,43,4577
0x8df270,99.1858%,51,6213,6264,6145,11,40,68
0xf30975,99.4074%,48,8052,8100,7787,13,35,265
0x8df500,99.2497%,47,6217,6264,6153,3,44,64
0x51c573,95.3908%,46,952,998,952,5,41,0
0x52a9d4,97.4074%,42,1578,1620,414,16,26,1164
0x51c87b,96.2963%,41,1066,1107,1066,0,41,0
0x52aa06,97.5309%,40,1580,1620,1549,11,29,31
0x52a7a6,97.5926%,39,1581,1620,1551,9,30,30
0x8e0a09,99.6075%,38,9644,9682,9509,7,31,135
0x8e082c,99.6282%,36,9646,9682,9512,4,32,134
0x8e7354,98.0611%,33,1669,1702,1669,8,25,0
0x901cf4,97.9672%,31,1494,1525,1494,6,25,0
0x8e88f4,95.2305%,30,599,629,599,7,23,0
0x51c537,99.9597%,29,71887,71916,70913,5,24,974
0x4f9858,99.9945%,29,525571,525600,518395,5,24,7176
0x8e8544,96.0469%,27,656,683,656,2,25,0
0x8e7654,98.3397%,26,1540,1566,1540,3,23,0
0x140365b,99.2901%,23,3217,3240,3115,5,18,102
0x528f3c,99.9785%,23,106897,106920,105433,2,21,1464
0x5072ad,99.7666%,23,9832,9855,9719,1,22,113
0x507460,99.9959%,22,542003,542025,534596,4,18,7407
0x52a6a4,99.9803%,22,111758,111780,110153,7,15,1605
0x50711d,99.7768%,22,9833,9855,9714,6,16,119
0x1409b36,99.9902%,21,214115,214136,211117,3,18,2998
0x93322b,99.9816%,21,113859,113880,112318,2,19,1541
0x1669e15,80.3738%,21,86,107,23,13,8,63
0x1408225,99.9902%,21,214115,214136,211115,5,16,3000
0x8e88e9,99.9565%,20,45951,45971,45338,4,16,613
0x529610,99.0226%,19,1925,1944,1912,5,14,13
0x1408197,99.9919%,18,222354,222372,219236,4,14,3118
0x8df8a2,99.5597%,18,4070,4088,4027,5,13,43
0x8e8539,99.9639%,18,49895,49913,49229,1,17,666
0x507861,99.9879%,17,140923,140940,133101,9,8,7822
0x508308,99.9969%,17,550783,550800,542698,2,15,8085
0x8f7422,99.4766%,17,3231,3248,3187,5,12,44
0x9300c1,99.8903%,16,14564,14580,12950,10,6,1614
0x4f99a5,99.9269%,16,21884,21900,21598,2,14,286
0x14043e0,99.0123%,16,1604,1620,1559,1,15,45
0x1669c80,73.6842%,15,42,57,29,7,8,13
0x1411d33,99.9504%,15,30225,30240,28552,8,7,1673
0x930d82,99.9899%,15,148215,148230,139988,7,8,8227
0x92f830,99.9486%,15,29145,29160,27533,7,8,1612
0x1669e6a,77.6119%,15,52,67,6,13,2,46
0x5297c0,99.2284%,15,1929,1944,1912,5,10,17
0x9368e8,99.9494%,15,29631,29646,27991,8,7,1640
0x1668901,71.1538%,15,37,52,14,8,7,23
0x8dff3c,99.5382%,15,3233,3248,3188,4,11,45
0x8dfd0b,99.569%,14,3234,3248,3187,5,9,47
0x506b43,95.0877%,14,271,285,2,8,6,269
0x8dfad2,99.6575%,14,4074,4088,4030,2,12,44
0x52a773,99.1358%,14,1606,1620,1494,7,7,112
0x8e7343,99.9699%,14,46484,46498,44793,3,11,1691
0x1409f91,99.9737%,14,53230,53244,50105,7,7,3125
0x52ac52,99.952%,14,29146,29160,27534,6,8,1612
0x932c66,99.6847%,14,4426,4440,4377,3,11,49
0xf30afd,99.9895%,14,133096,133110,125274,6,8,7822
0x936b87,99.957%,13,30227,30240,28554,6,7,1673
0x140958f,99.9756%,13,53231,53244,50107,5,8,3124
0x14032e2,99.9777%,13,58307,58320,55073,7,6,3234
0x51c7c5,99.9348%,13,19913,19926,18812,7,6,1101
0x932f8f,99.9554%,13,29147,29160,27533,7,6,1614
0x51c6bd,99.5596%,13,2939,2952,2909,2,11,30
0x930701,99.9911%,13,145787,145800,137695,5,8,8092
0x936627,99.9554%,13,29147,29160,27533,7,6,1614
0x140a642,99.9746%,13,51259,51272,48251,5,8,3008
0x9313b2,99.9915%,12,140388,140400,132595,5,7,7793
0x1411621,99.9595%,12,29634,29646,27993,6,6,1641
0x14119a1,99.9588%,12,29148,29160,27533,7,5,1615
0x9387fe,98.8889%,12,1068,1080,1013,7,5,55
0x931427,99.8462%,12,7788,7800,6236,4,8,1552
0x8f6923,98.8095%,12,996,1008,945,7,5,51
0x5293dd,97.5309%,12,474,486,451,8,4,23
0x140a4b6,99.8543%,12,8224,8236,8115,5,7,109
0x932526,98.9071%,12,1086,1098,1031,6,6,55
0x92d06d,99.9623%,11,29149,29160,27536,4,7,1613
0x52912c,97.7366%,11,475,486,455,4,7,20
0x506f22,99.5473%,11,2419,2430,2291,4,7,128
0x92e24e,99.9623%,11,29149,29160,27537,3,8,1612
0x8f6d53,98.9087%,11,997,1008,947,5,6,50
0x8e083f,93.9759%,10,156,166,153,3,7,3
0x529d01,99.9645%,10,28178,28188,26618,4,6,1560
0xf31830,96.6667%,10,290,300,290,5,5,0
0x14084ee,99.9812%,10,53234,53244,50109,3,7,3125
0x9394a1,99.0584%,10,1052,1062,998,5,5,54
0xf31305,99.9931%,10,145790,145800,137697,3,7,8093
0x1406c1a,99.9812%,10,53234,53244,50108,4,6,3126
0x4f9ab6,99.9931%,10,145790,145800,137696,4,6,8094
0xf30d3f,99.9931%,10,145790,145800,137698,2,8,8092
0x8f7124,99.6921%,10,3238,3248,3190,2,8,48
0x506dff,0%,10,0,10,0,5,5,0
0x8fa561,99.9657%,10,29150,29160,27537,3,7,1613
0x930798,99.8765%,10,8090,8100,6476,4,6,1614
0x8e9cf4,98.3361%,10,591,601,589,2,8,2
0x50770f,96.6102%,10,285,295,285,5,5,0
0x8e0a1c,94.5783%,9,157,166,155,1,8,2
0x1669e7b,81.25%,9,39,48,31,5,4,8
0xf30e1d,97%,9,291,300,291,4,5,0
0x5088be,99.9935%,9,137691,137700,129597,3,6,8094
0x8e0643,94.5783%,9,157,166,155,1,8,2
0x930df7,99.8907%,9,8226,8235,6587,1,8,1639
0x92f9fd,99.9383%,9,14571,14580,12955,5,4,1616
0x8ead84,98.9286%,9,831,840,829,1,8,2
0x1406579,99.9831%,9,53235,53244,50109,3,6,3126
0x8e0381,94.5783%,9,157,166,154,2,7,3
0x936e23,98.5185%,8,532,540,476,4,4,56
0x508a37,97.3333%,8,292,300,292,3,5,0
0x8e062b,96.3636%,8,212,220,50,4,4,162
0x1409c0c,99.9681%,8,25048,25056,21919,5,3,3129
0x1403e94,99.9726%,8,29152,29160,27536,4,4,1616
0x140779a,99.9844%,8,51264,51272,48253,3,5,3011
0x1669edb,77.7778%,8,28,36,15,3,5,13
0x930e8f,99.973%,8,29638,29646,27993,6,2,1645
0x52a8f3,99.5062%,8,1612,1620,1555,5,3,57
0x8eaf45,98.9418%,8,748,756,745,2,6,3
0x9378d0,99.2467%,8,1054,1062,998,5,3,56
0x4f9bf2,97.6667%,7,293,300,293,2,5,0
0x506d02,99.7119%,7,2423,2430,2293,2,5,130
0x14110b7,99.976%,7,29153,29160,25917,3,4,3236
0x8e64e0,72%,7,18,25,14,3,4,4
0x14046e1,98.5597%,7,479,486,457,2,5,22
0x4f88c6,98.0822%,7,358,365,358,2,5,0
0x50866c,99.9136%,7,8093,8100,7796,4,3,297
0x52ab76,99.5679%,7,1613,1620,1557,3,4,56
0x8e032d,99.5315%,7,1487,1494,1327,1,6,160
0x8e036a,96.8182%,7,213,220,52,2,5,161
0x8e874f,99.8224%,7,3935,3942,3886,2,5,49
0x93219b,99.3519%,7,1073,1080,1017,3,4,56
0x506dbe,94.8148%,7,128,135,128,2,5,0
0x140620a,99.645%,7,1965,1972,1854,2,5,111
0x8e9ee4,98.7061%,7,534,541,531,1,6,3
0x1412105,99.9794%,6,29154,29160,27538,2,4,1616
0x1669c9a,71.4286%,6,15,21,0,4,2,15
0x50877d,99.9259%,6,8094,8100,7797,3,3,297
0x50713f,95.5556%,6,129,135,129,1,5,0
0x140496d,98.8889%,6,534,540,477,3,3,57
0x1669e47,91.5493%,6,65,71,61,2,4,4
0x1669e96,80%,6,24,30,20,4,2,4
0x1669d14,83.3333%,6,30,36,9,4,2,21
0x93082e,99.9794%,6,29154,29160,27537,3,3,1617
0x14126cb,98.8889%,6,534,540,477,3,3,57
0x1409c58,99.9726%,6,21918,21924,18788,4,2,3130
0x90ce21,99.0741%,5,535,540,477,3,2,58
0x1403a18,99.537%,5,1075,1080,958,2,3,117
0x5072d4,96.2963%,5,130,135,130,0,5,0
0x166893c,83.3333%,5,25,30,14,4,1,11
0x936f78,91.6667%,5,55,60,55,4,1,0
0x166a0dd,87.1795%,5,34,39,31,3,2,3
0x9314b4,99.9822%,5,28075,28080,26517,3,2,1558
0x50841c,99.9383%,5,8095,8100,7799,1,4,296
0x8df285,95.3704%,5,103,108,103,1,4,0
0x14069a7,99.9902%,5,51267,51272,48253,3,2,3014
0x8df019,95.3704%,5,103,108,103,1,4,0
0x1407e99,99.7465%,5,1967,1972,1853,3,2,114
0x1409987,99.7465%,5,1967,1972,1854,2,3,113
0x8e6475,80%,5,20,25,0,2,3,20
0xf310b2,99.9074%,5,5395,5400,5099,1,4,296
0x8e05ef,99.6653%,5,1489,1494,1326,2,3,163
0x507a36,98.3051%,5,290,295,290,0,5,0
0xf30c38,98.2759%,5,285,290,285,0,5,0
0x506fce,96.2963%,5,130,135,130,0,5,0
0x8df515,95.3704%,5,103,108,103,1,4,0
0xf3099b,98.3333%,5,295,300,295,0,5,0
0x52a9c9,99.7531%,4,1616,1620,0,0,4,1616
0x508539,99.9506%,4,8096,8100,7800,0,4,296
0x930d28,99.9514%,4,8231,8235,0,0,4,8231
0x1403817,99.177%,4,482,486,431,1,3,51
0x14043b6,99.7531%,4,1616,1620,0,0,4,1616
0x166a1ee,95.5556%,4,86,90,55,1,3,31
0x528fc2,0%,4,0,4,0,3,1,0
0x14070b9,99.7972%,4,1968,1972,1853,3,1,115
0x8e63fd,84%,4,21,25,20,3,1,1
0x156b80f,88.2353%,4,30,34,30,4,0,0
0x92d35f,77.7778%,4,14,18,14,3,1,0
0x8ded8a,96.2963%,4,104,108,104,0,4,0
0x8f6e32,92.8571%,4,52,56,52,2,2,0
0x140aae0,99.9925%,4,53240,53244,50110,2,2,3130
0x1407b98,99.9558%,4,9044,9048,6030,2,2,3014
0x8e73b0,84%,4,21,25,0,2,2,21
0x901bad,84%,4,21,25,0,0,4,21
0x8e9e34,95%,3,57,60,57,2,1,0
0x506ea6,97.7778%,3,132,135,0,0,3,132
0x8e7643,99.993%,3,42823,42826,41259,1,2,1564
0x8fa517,99.8148%,3,1617,1620,0,0,3,1617
0x1668999,94.7368%,3,54,57,50,2,1,4
0x1409a62,99.1379%,3,345,348,230,2,1,115
0x937039,95%,3,57,60,57,2,1,0
0x140ad30,97.4138%,3,113,116,113,1,2,0
0x508874,99.963%,3,8097,8100,0,0,3,8097
0x8e02bb,98.1928%,3,163,166,0,0,3,163
0x92d0f3,99.8148%,3,1617,1620,0,0,3,1617
0x1403aa7,97.5%,3,117,120,117,1,2,0
0x936889,99.8179%,3,1644,1647,0,0,3,1644
0x166a270,91.6667%,3,33,36,27,1,2,6
0x901b67,97.541%,3,119,122,119,1,2,0
0x9387bf,95%,3,57,60,0,0,3,57
0x1406a3e,99.9668%,3,9045,9048,6030,2,1,3015
0x939858,83.3333%,3,15,18,15,2,1,0
0x8e925e,70%,3,7,10,0,1,2,7
0x9390f4,95%,3,57,60,57,2,1,0
0x9365c9,99.8148%,3,1617,1620,0,0,3,1617
0x937c13,83.3333%,3,15,18,15,2,1,0
0x8dfd20,94.6429%,3,53,56,53,1,2,0
0x16265dd,99.9975%,3,118257,118260,118257,3,0,0
0x93211d,95%,3,57,60,0,0,3,57
0x166a367,76.9231%,3,10,13,6,2,1,4
0x1403686,97.5%,3,117,120,117,1,2,0
0x140f650,96.4286%,3,81,84,81,1,2,0
0x8df8b6,94.6429%,3,53,56,53,1,2,0
0x8e875a,94.4444%,3,51,54,51,1,2,0
0x8eae95,96.4286%,3,81,84,81,2,1,0
0xf30b7a,99.9872%,3,23487,23490,15658,2,1,7829
0x936998,95.082%,3,58,61,58,2,1,0
0x150ede2,40%,3,2,5,2,2,1,0
0x8e85a2,88%,3,22,25,0,2,1,22
0x166c3a3,94.7368%,3,54,57,0,0,3,54
0x529cac,99.8084%,3,1563,1566,0,0,3,1563
0x1403d4f,99.8148%,3,1617,1620,0,0,3,1617
0xf31270,99.963%,3,8097,8100,0,0,3,8097
0x1412729,95%,3,57,60,57,2,1,0
0x162624d,99.9975%,3,118257,118260,118257,3,0,0
0x8e011a,70%,3,7,10,0,0,3,7
0x8dff51,94.6429%,3,53,56,53,1,2,0
0x166acbf,62.5%,3,5,8,0,0,3,5
0x529eb1,94.9153%,3,56,59,56,2,1,0
0x8e00bd,70%,3,7,10,7,1,2,0
0xf332a9,40%,3,2,5,0,0,3,2
0x9391d3,95%,3,57,60,57,2,1,0
0x8dfae7,94.6429%,3,53,56,53,1,2,0
0x8f6ca0,94.6429%,3,53,56,0,0,3,53
0x1409cf5,97.4138%,3,113,116,113,1,2,0
0x8e7503,99.9183%,3,3669,3672,3536,0,3,133
0x92cff9,99.8148%,3,1617,1620,0,0,3,1617
0x8f7073,94.6429%,3,53,56,0,0,3,53
0x140360b,99.9074%,3,3237,3240,0,0,3,3237
0x92f9a3,99.8765%,2,1618,1620,0,0,2,1618
0x8e06b8,80%,2,8,10,0,0,2,8
0x8e0667,80%,2,8,10,0,0,2,8
0x14061bb,98.2759%,2,114,116,0,0,2,114
0xf308df,99.3333%,2,298,300,0,0,2,298
0x8e9274,80%,2,8,10,1,0,2,7
0x1412695,96.6667%,2,58,60,0,0,2,58
0x51c701,99.8193%,2,1105,1107,0,0,2,1105
0x1403646,99.9383%,2,3238,3240,0,0,2,3238
0x937951,96.6102%,2,57,59,57,1,1,0
0x140420f,96.6667%,2,58,60,0,0,2,58
0x528e26,99.8653%,2,1483,1485,0,0,2,1483
0x8f714e,96.4286%,2,54,56,54,0,2,0
0x14087ad,98.2759%,2,114,116,114,0,2,0
0x936bd9,99.881%,2,1678,1680,0,0,2,1678
0x8e013f,80%,2,8,10,0,0,2,8
0x528d5e,96.6102%,2,57,59,0,2,0,57
0x931358,99.9744%,2,7798,7800,0,0,2,7798
0x90cebf,96.6667%,2,58,60,58,1,1,0
0x528d6b,96.4912%,2,55,57,0,2,0,55
0x141101d,98.3333%,2,118,120,0,0,2,118
0x52a593,99.8765%,2,1618,1620,0,0,2,1618
0x529076,92.5926%,2,25,27,0,0,2,25
0x1411c19,96.6667%,2,58,60,0,0,2,58
0xf31023,99.3333%,2,298,300,0,0,2,298
0x1411947,99.8765%,2,1618,1620,0,0,2,1618
0x1409bcb,99.9361%,2,3130,3132,0,0,2,3130
0x901b53,98.3607%,2,120,122,0,0,2,120
0x1406849,99.9787%,2,9394,9396,6263,1,1,3131
0x52aa2f,96.6667%,2,58,60,0,0,2,58
0x1409ad6,99.9337%,2,3014,3016,0,0,2,3014
0x140d204,96.5517%,2,56,58,56,1,1,0
0x15086b0,0%,2,0,2,0,1,1,0
0x166891d,93.3333%,2,28,30,0,0,2,28
0x52a90b,96.6667%,2,58,60,0,0,2,58
0x140a8ee,99.9361%,2,3130,3132,0,0,2,3130
0x1403d81,99.8765%,2,1618,1620,0,0,2,1618
0x1409316,99.9361%,2,3130,3132,0,0,2,3130
0x9324b5,96.7213%,2,59,61,0,0,2,59
0x46f6f4,99.8765%,2,1618,1620,0,0,2,1618
0x936dc8,96.6667%,2,58,60,0,0,2,58
0x938878,96.6667%,2,58,60,58,1,1,0
0x1506e36,0%,2,0,2,0,2,0,0
0x166a1f7,94.1176%,2,32,34,22,1,1,10
0x93333e,96.6667%,2,58,60,58,1,1,0
0x14049fe,96.6667%,2,58,60,58,1,1,0
0x1669e5d,97.1831%,2,69,71,2,2,0,67
0x8e05fa,98.7952%,2,164,166,0,0,2,164
0x930d49,99.9757%,2,8233,8235,0,0,2,8233
0x140345e,98.3333%,2,118,120,118,0,2,0
0x8e00e6,50%,2,2,4,1,1,1,1
0x506b3a,99.322%,2,293,295,9,1,1,284
0x93262b,96.7213%,2,59,61,59,1,1,0
0x1404433,96.6667%,2,58,60,58,1,1,0
0x52ac04,99.8765%,2,1618,1620,0,0,2,1618
0x14119be,99.8765%,2,1618,1620,0,0,2,1618
0x506ed6,98.5185%,2,133,135,0,0,2,133
0x529bc7,96.6102%,2,57,59,1,0,2,56
0x1403259,99.9383%,2,3238,3240,0,0,2,3238
0x1668933,93.3333%,2,28,30,0,0,2,28
0x1411059,99.9383%,2,3238,3240,0,0,2,3238
0x1411c7c,99.881%,2,1678,1680,0,0,2,1678
0x140409e,96.6667%,2,58,60,58,1,1,0
0x529326,92.5926%,2,25,27,0,0,2,25
0x936c42,96.6667%,2,58,60,58,1,1,0
0x937a4a,88.8889%,2,16,18,16,1,1,0
0x1506f86,0%,2,0,2,0,2,0,0
0x8f69f0,96.4286%,2,54,56,54,0,2,0
0x1506d5e,0%,2,0,2,0,2,0,0
0xf30a35,99.3103%,2,288,290,0,0,2,288
0x1626307,99.9983%,2,118258,118260,118258,2,0,0
0x140a0b0,98.2759%,2,114,116,114,0,2,0
0x1411592,99.8786%,2,1645,1647,0,0,2,1645
0x930fa0,96.7213%,2,59,61,59,1,1,0
0x52adb1,96.6667%,2,58,60,58,1,1,0
0xf30cb9,99.3333%,2,298,300,0,0,2,298
0x16688f5,96.4912%,2,55,57,3,2,0,52
0x1403866,96.2963%,2,52,54,0,0,2,52
0x8f68a2,96.4286%,2,54,56,0,0,2,54
0x1410b12,98.3333%,2,118,120,118,0,2,0
0x9305e2,99.8765%,2,1618,1620,0,0,2,1618
0x8e7514,98.5294%,2,134,136,134,0,2,0
0x529158,92.5926%,2,25,27,25,2,0,0
0x8e648f,92%,2,23,25,1,1,1,22
0x1669cdd,96.4912%,2,55,57,0,0,2,55
0x1411703,96.7213%,2,59,61,59,1,1,0
0x140ad53,0%,2,0,2,0,0,2,0
0x14069b6,99.9337%,2,3014,3016,0,0,2,3014
0x93070c,99.9753%,2,8098,8100,0,0,2,8098
0x931342,99.8718%,2,1558,1560,0,0,2,1558
0x8e07f3,98.7952%,2,164,166,0,0,2,164
0x150db30,60%,2,3,5,3,2,0,0
0x8fa607,96.6667%,2,58,60,58,1,1,0
0x141115f,98.3333%,2,118,120,118,0,2,0
0x1404348,99.8765%,2,1618,1620,0,0,2,1618
0xf30a75,99.9745%,2,7828,7830,0,0,2,7828
0x1669e4c,75%,2,6,8,1,2,0,5
0x4f9a19,99.9753%,2,8098,8100,0,0,2,8098
0x4f99eb,99.9753%,2,8098,8100,0,0,2,8098
0x1669d22,94.4444%,2,34,36,34,2,0,0
0x140acc4,99.9787%,2,9394,9396,6263,1,1,3131
0xf30a56,99.9745%,2,7828,7830,0,0,2,7828
0x8f7454,96.4286%,2,54,56,54,0,2,0
0x4f972f,99.3333%,2,298,300,0,0,2,298
0x1409eee,99.9361%,2,3130,3132,0,0,2,3130
0x1506fd9,0%,2,0,2,0,2,0,0
0x1412066,96.6667%,2,58,60,0,0,2,58
0x1506e06,0%,2,0,2,0,2,0,0
0x1506e5b,0%,2,0,2,0,2,0,0
0x93879d,96.6667%,2,58,60,0,0,2,58
0x14039e4,98.3333%,2,118,120,0,0,2,118
0x1402fae,0%,2,0,2,0,0,2,0
0x162623c,99.9983%,2,118258,118260,0,0,2,118258
0x930e52,99.8786%,2,1645,1647,0,0,2,1645
0x90ce7b,96.6667%,2,58,60,0,0,2,58
0x92f71b,99.8765%,2,1618,1620,1618,2,0,0
0x931506,99.8718%,2,1558,1560,0,0,2,1558
0x1403147,98.3333%,2,118,120,0,0,2,118
0x16262b4,99.9983%,2,118258,118260,0,0,2,118258
0x529209,92.5926%,2,25,27,25,1,1,0
0x1668f14,88.8889%,2,16,18,0,0,2,16
0x930058,99.8765%,2,1618,1620,0,0,2,1618
0x1626633,99.9983%,2,118258,118260,0,0,2,118258
0x8def68,98.1481%,2,106,108,0,0,2,106
0x1626658,99.9983%,2,118258,118260,0,0,2,118258
0x1411a7c,96.6667%,2,58,60,58,1,1,0
0x1411038,99.9383%,2,3238,3240,0,0,2,3238
0x8e92b1,80%,2,8,10,8,2,0,0
0x15f3cfe,99.9983%,2,118258,118260,118258,2,0,0
0x150eb4f,60%,2,3,5,0,1,1,3
0x150eb1a,60%,2,3,5,3,2,0,0
0x1668d54,60%,2,3,5,3,2,0,0
0x14081fe,99.9337%,2,3014,3016,0,0,2,3014
0x52a70f,96.6667%,2,58,60,0,0,2,58
0x1506d7e,0%,2,0,2,0,2,0,0
0x8e64b6,92%,2,23,25,23,2,0,0
0x16263a0,99.9983%,2,118258,118260,118258,2,0,0
0xf30d96,99.9753%,2,8098,8100,0,0,2,8098
0x9330c0,99.8765%,2,1618,1620,0,0,2,1618
0xf30d53,99.9753%,2,8098,8100,0,0,2,8098
0x930943,96.6667%,2,58,60,58,1,1,0
0x8fa56c,99.8765%,2,1618,1620,0,0,2,1618
0x1402e46,96.7213%,2,59,61,0,0,2,59
0x90cd5e,96.6667%,2,58,60,0,0,2,58
0x506cb2,98.5185%,2,133,135,0,0,2,133
0x14048cb,96.6667%,2,58,60,0,0,2,58
0x939437,96.6102%,2,57,59,0,0,2,57
0x932dcf,99.8765%,2,1618,1620,0,0,2,1618
0x8e05a3,98.7952%,2,164,166,0,0,2,164
0x162629c,99.9983%,2,118258,118260,0,0,2,118258
0x507806,99.9745%,2,7828,7830,0,0,2,7828
0x507058,98.5185%,2,133,135,0,0,2,133
0x9394b8,96.6102%,2,57,59,0,0,2,57
0x529370,92.5926%,2,25,27,0,0,2,25
0x939668,88.8889%,2,16,18,16,1,1,0
0x9365e7,99.8765%,2,1618,1620,0,0,2,1618
0x8e02e1,98.7952%,2,164,166,0,0,2,164
0x5290c8,92.5926%,2,25,27,0,0,2,25
0x166a2f1,75%,2,6,8,6,2,0,0
0x140a006,99.9787%,2,9394,9396,6263,1,1,3131
0x166a2d0,75%,2,6,8,0,0,2,6
0x1402d60,0%,2,0,2,0,1,1,0
0x140783b,99.9337%,2,3014,3016,3014,2,0,0
0x1407484,99.9337%,2,3014,3016,0,0,2,3014
0x1406c94,99.9787%,2,9394,9396,6262,2,0,3132
0x901c7d,99.8689%,2,1523,1525,0,0,2,1523
0x150d4d4,60%,2,3,5,0,0,2,3
0xf31885,60%,2,3,5,0,0,2,3
0x14120ae,99.8765%,2,1618,1620,0,0,2,1618
0x92f79b,99.8765%,2,1618,1620,0,0,2,1618
0x92d126,96.6667%,2,58,60,58,1,1,0
0x92cfc8,99.8765%,2,1618,1620,1618,2,0,0
0x5083cb,99.6667%,2,598,600,299,1,1,299
0x156b801,94.1176%,2,32,34,0,0,2,32
0x140387e,96.2963%,2,52,54,52,0,2,0
0x8e04e4,90%,1,9,10,0,0,1,9
0x15063e6,50%,1,1,2,1,1,0,0
0x14110c6,99.9691%,1,3239,3240,0,0,1,3239
0x8f6e8d,50%,1,1,2,0,0,1,1
0x8dfd7e,50%,1,1,2,0,0,1,1
0x93226d,98.3333%,1,59,60,59,0,1,0
0x8e8366,96%,1,24,25,24,1,0,0
0x16689a5,80%,1,4,5,0,0,1,4
0x937930,98.3051%,1,58,59,0,0,1,58
0x92e0ff,98.3333%,1,59,60,0,0,1,59
0x1516fc0,0%,1,0,1,0,1,0,0
0x8f6ecf,50%,1,1,2,0,0,1,1
0x1409a84,99.1379%,1,115,116,0,0,1,115
0x14fa406,0%,1,0,1,0,1,0,0
0x1626279,99.9992%,1,118259,118260,0,0,1,118259
0x1516909,0%,1,0,1,0,1,0,0
0x140ad69,50%,1,1,2,0,0,1,1
0x150dec8,80%,1,4,5,4,1,0,0
0x930dde,99.9879%,1,8234,8235,0,0,1,8234
0x15078fa,50%,1,1,2,1,1,0,0
0x140be55,98.2759%,1,57,58,0,0,1,57
0x1503c2b,50%,1,1,2,1,1,0,0
0x8e00da,87.5%,1,7,8,4,0,1,3
0x1504853,50%,1,1,2,0,0,1,1
0x1402f16,98.3607%,1,60,61,60,0,1,0
0x1503c5b,50%,1,1,2,1,1,0,0
0x8f6d6c,98.2143%,1,55,56,0,0,1,55
0x1669fa7,66.6667%,1,2,3,2,1,0,0
0x8f6a40,50%,1,1,2,0,0,1,1
0x1517174,0%,1,0,1,0,0,1,0
0x166a0e9,80%,1,4,5,4,1,0,0
0x151715e,0%,1,0,1,0,0,1,0
0x8f6ea9,50%,1,1,2,0,0,1,1
0x529666,0%,1,0,1,0,0,1,0
0xb762d5,0%,1,0,1,0,1,0,0
0x1503f16,50%,1,1,2,1,1,0,0
0x151825f,0%,1,0,1,0,1,0,0
0x8eac8c,90%,1,9,10,0,0,1,9
0x9331c8,99.9359%,1,1559,1560,0,0,1,1559
0x8e0048,90%,1,9,10,0,0,1,9
0x1669eb1,83.3333%,1,5,6,0,0,1,5
0x150dc70,80%,1,4,5,4,1,0,0
0x523793,0%,1,0,1,0,0,1,0
0x9368f9,99.9393%,1,1646,1647,0,0,1,1646
0xad61c2,50%,1,1,2,1,1,0,0
0x936d11,0%,1,0,1,0,0,1,0
0x140a5da,99.9668%,1,3015,3016,0,0,1,3015
0x92d30a,0%,1,0,1,0,0,1,0
0x140923e,99.1379%,1,115,116,0,0,1,115
0x93334f,0%,1,0,1,0,0,1,0
0x1504e6e,50%,1,1,2,1,1,0,0
0x1668f06,94.4444%,1,17,18,0,0,1,17
0x1504733,50%,1,1,2,0,0,1,1
0x1506d9e,50%,1,1,2,1,1,0,0
0x1409fb0,99.9681%,1,3131,3132,0,0,1,3131
0x1506e85,50%,1,1,2,1,1,0,0
0x1508ed3,0%,1,0,1,0,1,0,0
0x8df68f,50%,1,1,2,1,1,0,0
0x1504f70,50%,1,1,2,1,1,0,0
0x8eade9,0%,1,0,1,0,0,1,0
0x1668953,98.0769%,1,51,52,0,0,1,51
0x51a6d9,0%,1,0,1,0,0,1,0
0x150a91c,0%,1,0,1,0,1,0,0
0x167441c,99.9984%,1,61050,61051,61050,1,0,0
0x1406281,99.7126%,1,347,348,232,0,1,115
0x8df2e9,75%,1,3,4,0,0,1,3
0x1504ee3,50%,1,1,2,1,1,0,0
0x8df2cb,75%,1,3,4,0,0,1,3
0x936d27,0%,1,0,1,0,0,1,0
0x1503d36,50%,1,1,2,1,1,0,0
0x4f899e,80%,1,4,5,0,0,1,4
0x1404cf8,50%,1,1,2,1,1,0,0
0x1406aff,99.9681%,1,3131,3132,3131,1,0,0
0x939512,98.3051%,1,58,59,0,0,1,58
0x1505008,50%,1,1,2,1,1,0,0
0x1409ed2,99.1379%,1,115,116,0,0,1,115
0x4f9ac5,99.9877%,1,8099,8100,0,0,1,8099
0x140736e,99.7126%,1,347,348,232,0,1,115
0x1406ade,99.9681%,1,3131,3132,0,0,1,3131
0xdea638,94.4444%,1,17,18,8,1,0,9
0x1503d66,50%,1,1,2,1,1,0,0
0x8dedc0,75%,1,3,4,0,0,1,3
0xf30e31,80%,1,4,5,0,0,1,4
0xf310bd,99.6667%,1,299,300,0,0,1,299
0xf31166,99.6667%,1,299,300,0,0,1,299
0xf3129e,99.9877%,1,8099,8100,0,0,1,8099
0x15152a4,0%,1,0,1,0,1,0,0
0x8dfb17,50%,1,1,2,0,0,1,1
0x15086d2,0%,1,0,1,0,0,1,0
0x150eb2e,80%,1,4,5,0,0,1,4
0x8deb83,75%,1,3,4,0,0,1,3
0xb75625,0%,1,0,1,0,1,0,0
0x8deba8,75%,1,3,4,0,0,1,3
0x16262ef,99.9992%,1,118259,118260,0,0,1,118259
0x8dece4,99.0741%,1,107,108,0,0,1,107
0x931f6e,0%,1,0,1,0,0,1,0
0x8dee98,75%,1,3,4,3,1,0,0
0x506f40,99.2593%,1,134,135,0,0,1,134
0x1503c7e,50%,1,1,2,1,1,0,0
0x8df53b,75%,1,3,4,0,0,1,3
0x150911a,0%,1,0,1,0,1,0,0
0x14068af,99.1379%,1,115,116,0,0,1,115
0x92d38e,50%,1,1,2,0,1,0,1
0x92e36f,98.3333%,1,59,60,59,0,1,0
0x92f390,0%,1,0,1,0,0,1,0
0x92f886,99.9383%,1,1619,1620,1619,1,0,0
0x162626e,99.9992%,1,118259,118260,0,0,1,118259
0x1516664,80%,1,4,5,4,0,1,0
0x92f92b,99.9383%,1,1619,1620,0,0,1,1619
0x508836,99.9877%,1,8099,8100,0,0,1,8099
0x936e2f,98.3333%,1,59,60,59,1,0,0
0x4f8829,80%,1,4,5,0,0,1,4
0x1508fc8,0%,1,0,1,0,1,0,0
0x4f9748,99.9861%,1,7199,7200,0,0,1,7199
0x936b95,99.9405%,1,1679,1680,0,0,1,1679
0x4f99d9,99.6667%,1,299,300,0,0,1,299
0x4f8984,80%,1,4,5,0,0,1,4
0x4f89a8,80%,1,4,5,0,0,1,4
0xf32b14,80%,1,4,5,0,0,1,4
0x14faa1b,0%,1,0,1,0,1,0,0
0x8fa3a8,0%,1,0,1,0,0,1,0
0x8fa48e,98.3333%,1,59,60,0,0,1,59
0x150923e,0%,1,0,1,0,1,0,0
0x93337d,0%,1,0,1,0,0,1,0
0x92f973,99.9383%,1,1619,1620,0,0,1,1619
0xf319d3,80%,1,4,5,0,0,1,4
0x1412716,98.3333%,1,59,60,0,0,1,59
0x150dedf,80%,1,4,5,4,1,0,0
0x150e6f1,80%,1,4,5,0,0,1,4
0x166a374,80%,1,4,5,4,1,0,0
0xf2e95c,80%,1,4,5,4,1,0,0
0xf2febf,80%,1,4,5,0,0,1,4
0xf30856,80%,1,4,5,0,0,1,4
0xf30cd1,99.9877%,1,8099,8100,0,0,1,8099
0x150931e,0%,1,0,1,0,1,0,0
0xf30cf8,99.9877%,1,8099,8100,0,0,1,8099
0x936b2a,99.9405%,1,1679,1680,0,0,1,1679
0x151767b,0%,1,0,1,0,0,1,0
0x14f95e5,0%,1,0,1,0,1,0,0
0x90cdb8,98.3333%,1,59,60,0,0,1,59
0x90ce9b,98.3333%,1,59,60,0,0,1,59
0x51c3fa,97.619%,1,41,42,0,0,1,41
0x93945c,98.3051%,1,58,59,0,0,1,58
0xdea6de,94.4444%,1,17,18,17,1,0,0
0x939679,0%,1,0,1,0,0,1,0
0x939762,0%,1,0,1,0,1,0,0
0x939863,0%,1,0,1,0,0,1,0
0x93667a,99.9691%,1,3239,3240,1620,0,1,1619
0x93681e,98.3607%,1,60,61,0,0,1,60
0x936ab9,98.3333%,1,59,60,0,0,1,59
0x507172,80%,1,4,5,0,0,1,4
0x14083c4,99.1379%,1,115,116,0,0,1,115
0x93214a,98.3333%,1,59,60,0,0,1,59
0x932219,99.1667%,1,119,120,60,0,1,59
0x939561,0%,1,0,1,0,0,1,0
0x932490,98.3607%,1,60,61,0,0,1,60
0x932540,98.3607%,1,60,61,0,0,1,60
0x9312f7,99.9359%,1,1559,1560,0,0,1,1559
0x932c09,98.3333%,1,59,60,0,0,1,59
0x932e31,99.9383%,1,1619,1620,0,0,1,1619
0x930839,99.9383%,1,1619,1620,0,0,1,1619
0x930bcf,98.3607%,1,60,61,0,0,1,60
0x51c7d5,99.9097%,1,1106,1107,1106,1,0,0
0x936b49,99.9405%,1,1679,1680,0,0,1,1679
0xb52130,50%,1,1,2,1,1,0,0
0x1515456,0%,1,0,1,0,0,1,0
0x1626284,99.9992%,1,118259,118260,0,0,1,118259
0x8df90e,50%,1,1,2,0,0,1,1
0x1626290,99.9992%,1,118259,118260,0,0,1,118259
0x16262fb,99.9992%,1,118259,118260,0,0,1,118259
0x1626320,99.9992%,1,118259,118260,118259,1,0,0
0x8df190,75%,1,3,4,0,0,1,3
0x162679b,99.9992%,1,118259,118260,0,0,1,118259
0x15f3cb5,99.9992%,1,118259,118260,0,0,1,118259
0x92fa0b,99.9383%,1,1619,1620,0,0,1,1619
0x15174b1,0%,1,0,1,0,0,1,0
0x92fb57,98.3333%,1,59,60,59,0,1,0
0x14125cf,0%,1,0,1,0,0,1,0
0x140618b,99.1379%,1,115,116,0,0,1,115
0x92fe8e,0%,1,0,1,0,0,1,0
0x15138e3,0%,1,0,1,0,1,0,0
0xac0f42,0%,1,0,1,0,1,0,0
0x508203,99.9877%,1,8099,8100,0,0,1,8099
0xb73cc5,0%,1,0,1,0,1,0,0
0x9395a4,0%,1,0,1,0,0,1,0
0x8e73ff,50%,1,1,2,0,0,1,1
0x166ac2b,87.5%,1,7,8,0,0,1,7
0x1503f46,50%,1,1,2,1,1,0,0
0xae928d,0%,1,0,1,0,1,0,0
0x15174c4,0%,1,0,1,0,1,0,0
0x937af8,0%,1,0,1,0,0,1,0
0x8df043,75%,1,3,4,0,0,1,3
0x936ea7,0%,1,0,1,0,0,1,0
0x8df1f3,99.0741%,1,107,108,0,0,1,107
0x8df2b4,75%,1,3,4,0,0,1,3
0x9306ac,99.9877%,1,8099,8100,0,0,1,8099
0x93777d,0%,1,0,1,0,0,1,0
0x9377ac,0%,1,0,1,0,0,1,0
0x9378e1,98.3051%,1,58,59,0,0,1,58
0x14fb289,0%,1,0,1,0,1,0,0
0x937965,0%,1,0,1,0,0,1,0
0x8df036,75%,1,3,4,0,0,1,3
0x9379ad,0%,1,0,1,0,0,1,0
0x166a2c6,87.5%,1,7,8,0,0,1,7
0x936d03,0%,1,0,1,0,0,1,0
0x141152d,98.3607%,1,60,61,0,0,1,60
0x141163e,99.9393%,1,1646,1647,0,0,1,1646
0x1411698,99.9393%,1,1646,1647,0,0,1,1646
0x4f7e0e,80%,1,4,5,4,1,0,0
0x1669c05,98.2456%,1,56,57,56,1,0,0
0x1411a17,99.9691%,1,3239,3240,1619,1,0,1620
0x92d331,0%,1,0,1,0,0,1,0
0x1412084,99.9383%,1,1619,1620,0,0,1,1619
0x8df6e2,50%,1,1,2,0,0,1,1
0x1408a99,50%,1,1,2,1,1,0,0
0x141267b,98.3333%,1,59,60,0,0,1,59
0x1508e5c,0%,1,0,1,0,1,0,0
0x1403fcb,99.9383%,1,1619,1620,0,0,1,1619
0x14121d8,98.3333%,1,59,60,59,0,1,0
0x140a703,99.1379%,1,115,116,0,0,1,115
0x140c63e,99.9761%,1,4175,4176,4118,0,1,57
0xf309e8,80%,1,4,5,0,0,1,4
0x529f07,0%,1,0,1,0,0,1,0
0x150369a,0%,1,0,1,0,0,1,0
0x93670a,0%,1,0,1,0,0,1,0
0x150eae5,80%,1,4,5,4,1,0,0
0x1409f30,99.9681%,1,3131,3132,0,0,1,3131
0x1403ae8,0%,1,0,1,0,0,1,0
0x1403c34,98.3333%,1,59,60,0,0,1,59
0x166a224,75%,1,3,4,0,0,1,3
0x1403eb8,99.9383%,1,1619,1620,0,0,1,1619
0x1508e81,0%,1,0,1,0,1,0,0
0x14040c7,0%,1,0,1,0,0,1,0
0x4f85b4,80%,1,4,5,4,1,0,0
0xdead4f,94.4444%,1,17,18,8,1,0,9
0x140465f,96.2963%,1,26,27,0,0,1,26
0x508613,99.8333%,1,599,600,300,0,1,299
0x140468c,96.2963%,1,26,27,0,0,1,26
0x140f66d,50%,1,1,2,1,1,0,0
0x14046ef,96.2963%,1,26,27,0,0,1,26
0x140492e,98.3333%,1,59,60,0,0,1,59
0x14049ba,98.3333%,1,59,60,0,0,1,59
0x14049ce,98.3333%,1,59,60,0,0,1,59
0x936cfa,0%,1,0,1,0,0,1,0
0x5081dd,99.6667%,1,299,300,0,0,1,299
0x5011e8,80%,1,4,5,0,0,1,4
0x501206,80%,1,4,5,4,1,0,0
0x501217,80%,1,4,5,0,0,1,4
0x151642f,0%,1,0,1,0,0,1,0
0x506c76,99.2593%,1,134,135,0,0,1,134
0x52ac66,99.9383%,1,1619,1620,1619,1,0,0
0x506bc8,93.3333%,1,14,15,10,0,1,4
0x14fa120,0%,1,0,1,0,1,0,0
0x5078f2,99.9872%,1,7829,7830,0,0,1,7829
0x507360,99.9865%,1,7424,7425,0,0,1,7424
0x506b63,99.6364%,1,274,275,274,1,0,0
0x15138a7,0%,1,0,1,0,1,0,0
0x508453,99.8333%,1,599,600,300,0,1,299
0x5011a9,80%,1,4,5,0,0,1,4
0x150796e,50%,1,1,2,1,1,0,0
0x50835a,99.6667%,1,299,300,0,0,1,299
0x8df708,50%,1,1,2,0,0,1,1
0x508369,99.6667%,1,299,300,0,0,1,299
0x5083e9,99.6667%,1,299,300,0,0,1,299
0x508566,99.8333%,1,599,600,300,0,1,299
0x50859e,99.6667%,1,299,300,0,0,1,299
0x5085ad,99.6667%,1,299,300,0,0,1,299
0x50869e,99.8333%,1,599,600,300,0,1,299
0x5086b3,99.6667%,1,299,300,0,0,1,299
0x5087cf,99.8333%,1,599,600,300,0,1,299
0x16262a8,99.9992%,1,118259,118260,0,0,1,118259
0x150be75,0%,1,0,1,0,0,1,0
0x14098c8,99.1379%,1,115,116,0,0,1,115
0x1508f3e,0%,1,0,1,0,1,0,0
0x15090be,0%,1,0,1,0,1,0,0
0x1507954,50%,1,1,2,1,1,0,0
0x15092fe,0%,1,0,1,0,1,0,0
0x1508259,50%,1,1,2,1,1,0,0
0x506e1a,80%,1,4,5,0,0,1,4
0x1509e0a,0%,1,0,1,0,0,1,0
0x1509e13,0%,1,0,1,0,0,1,0
0x150a908,0%,1,0,1,0,0,1,0
0x162625a,99.9992%,1,118259,118260,118259,1,0,0
0x9366de,98.3333%,1,59,60,59,0,1,0
0x8e0224,90%,1,9,10,0,0,1,9
0x92d07c,99.9383%,1,1619,1620,0,0,1,1619
0x140f839,50%,1,1,2,0,0,1,1
0x8e6482,95.6522%,1,22,23,22,1,0,0
0xb3e86b,0%,1,0,1,0,1,0,0
0xb3fb45,0%,1,0,1,0,1,0,0
0x901cc3,99.9977%,1,42699,42700,0,0,1,42699
0x14fab16,0%,1,0,1,0,1,0,0
0x166a29a,87.5%,1,7,8,0,0,1,7
0xf313d8,99.6667%,1,299,300,299,1,0,0
0x166acce,87.5%,1,7,8,0,0,1,7
0x166acd9,87.5%,1,7,8,0,0,1,7
0x4f7e67,80%,1,4,5,0,0,1,4
0x507a59,80%,1,4,5,0,0,1,4
0x14062d3,99.9681%,1,3131,3132,0,0,1,3131
0x1409382,99.9681%,1,3131,3132,0,0,1,3131
0x14087f8,50%,1,1,2,0,0,1,1
0x8e6499,95.6522%,1,22,23,22,1,0,0
0x1503bde,50%,1,1,2,1,1,0,0
0x14081e3,99.1379%,1,115,116,0,0,1,115
0x1406a8f,99.1379%,1,115,116,0,0,1,115
0x1406d6e,99.1379%,1,115,116,0,0,1,115
0x1406bd2,99.9681%,1,3131,3132,0,0,1,3131
0x140691e,99.9668%,1,3015,3016,0,0,1,3015
0x8e71e5,96%,1,24,25,24,1,0,0
0x92e1b4,99.9383%,1,1619,1620,0,0,1,1619
0x14065cf,99.9681%,1,3131,3132,3131,1,0,0
0x930d12,99.9393%,1,1646,1647,0,0,1,1646
0x1406218,99.1379%,1,115,116,0,0,1,115
0x8e0692,90%,1,9,10,0,0,1,9
0x140628d,99.1379%,1,115,116,0,0,1,115
0x933373,0%,1,0,1,0,0,1,0
0xf318a8,80%,1,4,5,0,0,1,4
0x92fe7c,0%,1,0,1,0,0,1,0
0x1508670,50%,1,1,2,1,1,0,0
0x8dfb5d,50%,1,1,2,0,0,1,1
0x166a1e6,98.2143%,1,55,56,0,0,1,55
0x1506476,50%,1,1,2,1,1,0,0
0x8e0338,99.3976%,1,165,166,0,0,1,165
0x1408436,99.9681%,1,3131,3132,0,0,1,3131
0x150d4b2,80%,1,4,5,4,1,0,0
0x1403ac1,50%,1,1,2,1,0,1,0
0x8f7483,50%,1,1,2,0,0,1,1
0x14039c7,99.1667%,1,119,120,0,0,1,119
0x8e927e,88.8889%,1,8,9,8,1,0,0
0x14037d7,98.1481%,1,53,54,0,0,1,53
0x140a6a6,99.9889%,1,9047,9048,6031,1,0,3016
0x14fa436,0%,1,0,1,0,1,0,0
0x1403496,50%,1,1,2,0,0,1,1
0x1503dc6,50%,1,1,2,1,1,0,0
0x15d7f83,99.7947%,1,486,487,0,0,1,486
0x1402e97,99.9415%,1,1707,1708,0,0,1,1707
0x162664d,99.9992%,1,118259,118260,0,0,1,118259
0x1408487,99.9681%,1,3131,3132,0,0,1,3131
0x1506566,50%,1,1,2,1,1,0,0
0x1506536,50%,1,1,2,1,1,0,0
0x9302fe,0%,1,0,1,0,0,1,0
0x8f71af,50%,1,1,2,0,0,1,1
0x1403a68,99.1667%,1,119,120,0,0,1,119
0x93888c,0%,1,0,1,0,1,0,0
0x1506346,50%,1,1,2,1,1,0,0
0x1404ddc,50%,1,1,2,0,0,1,1
0x92f5ef,98.3333%,1,59,60,0,0,1,59
0x1506315,50%,1,1,2,1,1,0,0
0x150576b,50%,1,1,2,1,1,0,0
0x1668f1b,94.4444%,1,17,18,0,0,1,17
0x8e871b,98.1481%,1,53,54,0,0,1,53
0x166a466,95.6522%,1,22,23,0,1,0,22
0x150905a,0%,1,0,1,0,1,0,0
0x501183,80%,1,4,5,4,1,0,0
0x5071e8,99.2593%,1,134,135,0,0,1,134
0x166c3bc,98.2456%,1,56,57,56,1,0,0
0x15d6552,99.7947%,1,486,487,0,0,1,486
0x150c91d,0%,1,0,1,0,0,1,0
0x15d653a,99.7947%,1,486,487,0,0,1,486
0x140635b,99.9681%,1,3131,3132,0,0,1,3131
0x529f4f,0%,1,0,1,0,0,1,0
0x507724,99.6552%,1,289,290,289,1,0,0
0x1404747,96.2963%,1,26,27,0,0,1,26
0x166ac44,87.5%,1,7,8,0,0,1,7
0x1504290,50%,1,1,2,0,0,1,1
0x90ce2c,98.3333%,1,59,60,0,0,1,59
0x15052f5,50%,1,1,2,0,0,1,1
0x15079c6,50%,1,1,2,1,1,0,0
0x1403230,99.9691%,1,3239,3240,0,0,1,3239
0x1503ca6,50%,1,1,2,1,1,0,0
0x508631,99.6667%,1,299,300,0,0,1,299
0x1406c4b,99.9681%,1,3131,3132,0,0,1,3131
0xad08f5,0%,1,0,1,0,1,0,0
0x1404cf3,50%,1,1,2,0,0,1,1
0x8e0050,90%,1,9,10,0,0,1,9
0x1410938,99.9983%,1,58319,58320,55080,0,1,3239
0x140815a,99.1379%,1,115,116,0,0,1,115
0x1410e9a,50%,1,1,2,0,0,1,1
0x939547,98.3051%,1,58,59,58,0,1,0
0x1507cdb,50%,1,1,2,0,0,1,1
0x14080ab,99.7126%,1,347,348,232,0,1,115
0x93655e,98.3333%,1,59,60,0,0,1,59
0x166ae91,95.6522%,1,22,23,0,0,1,22
0x166a2e7,87.5%,1,7,8,0,0,1,7
0x14fa466,0%,1,0,1,0,1,0,0
0x1409c1b,99.9681%,1,3131,3132,0,0,1,3131
0x1504f18,50%,1,1,2,1,1,0,0
0x1517155,0%,1,0,1,0,0,1,0
0x1406ce5,99.1379%,1,115,116,0,0,1,115
0x1504f3b,50%,1,1,2,1,1,0,0
0x1411d44,99.9405%,1,1679,1680,0,0,1,1679
0x140f84b,50%,1,1,2,0,0,1,1
0x14118be,98.3333%,1,59,60,0,0,1,59
0x15050e6,50%,1,1,2,1,1,0,0
0x1505752,50%,1,1,2,0,0,1,1
0xdea681,88.8889%,1,8,9,8,1,0,0
0x1506596,50%,1,1,2,1,1,0,0
0x1503c0b,50%,1,1,2,1,1,0,0
0x52967a,0%,1,0,1,0,0,1,0
0x150471f,50%,1,1,2,1,1,0,0
0x14fa496,0%,1,0,1,0,1,0,0
0x523814,0%,1,0,1,0,0,1,0
0x523803,0%,1,0,1,0,0,1,0
0x5237cf,0%,1,0,1,0,0,1,0
0x523782,0%,1,0,1,0,0,1,0
0x523753,0%,1,0,1,0,0,1,0
0x901ae2,50%,1,1,2,0,0,1,1
0x14fbdd4,0%,1,0,1,0,0,1,0
0x8e9d92,0%,1,0,1,0,0,1,0
0xb6a731,0%,1,0,1,0,1,0,0
0xa5f89f,0%,1,0,1,0,1,0,0
0x14fa4c5,0%,1,0,1,0,0,1,0
0x5296e6,96.2963%,1,26,27,0,0,1,26
0x5238fb,0%,1,0,1,0,0,1,0
0x14fa3d6,0%,1,0,1,0,1,0,0
0x14fa3a6,0%,1,0,1,0,1,0,0
0x14fa316,0%,1,0,1,0,1,0,0
0x14fa2e6,0%,1,0,1,0,1,0,0
0x14fa14a,0%,1,0,1,0,1,0,0
0x14fa077,0%,1,0,1,0,1,0,0
0x14fa023,0%,1,0,1,0,1,0,0
0x14f9ffe,0%,1,0,1,0,1,0,0
0x92cf8e,98.3333%,1,59,60,0,0,1,59
0x93015f,98.3333%,1,59,60,59,0,1,0
0x9300cc,99.9383%,1,1619,1620,0,0,1,1619
0x930077,99.9383%,1,1619,1620,0,0,1,1619
0x52a724,98.3333%,1,59,60,0,0,1,59
0x51c73b,99.9097%,1,1106,1107,0,0,1,1106
0x51c6e1,97.561%,1,40,41,0,0,1,40
0x51c5a7,97.561%,1,40,41,0,0,1,40
0x51c407,99.8999%,1,998,999,0,0,1,998
0x51b486,98.6111%,1,71,72,71,0,1,0
0x51b01c,0%,1,0,1,0,1,0,0
0x51ac29,0%,1,0,1,0,1,0,0
0x51a9d1,0%,1,0,1,0,0,1,0
0x51a7d7,0%,1,0,1,0,1,0,0
0x52abd1,99.9383%,1,1619,1620,0,0,1,1619
0x52abb1,98.3333%,1,59,60,0,0,1,59
0x52a767,99.9383%,1,1619,1620,0,0,1,1619
0x523855,0%,1,0,1,0,0,1,0
0x52a58a,98.3333%,1,59,60,0,0,1,59
0x5294af,96.2963%,1,26,27,26,0,1,0
0x529411,96.2963%,1,26,27,26,1,0,0
0x52929b,0%,1,0,1,0,0,1,0
0x529280,50%,1,1,2,1,0,1,0
0x529bd4,98.2759%,1,57,58,0,0,1,57
0x529637,96.2963%,1,26,27,26,0,1,0
0x529267,0%,1,0,1,0,1,0,0
0x52981f,98.3051%,1,58,59,58,1,0,0
0x528fe1,0%,1,0,1,0,0,1,0
0x52391b,0%,1,0,1,0,0,1,0
0x140369a,50%,1,1,2,0,0,1,1
0x1411117,99.9691%,1,3239,3240,0,0,1,3239
0x150c931,0%,1,0,1,0,1,0,0
0x50120d,80%,1,4,5,0,0,1,4
0x8dfd49,50%,1,1,2,0,0,1,1
0x150edbc,80%,1,4,5,0,0,1,4
0x8dfca3,98.2143%,1,55,56,0,0,1,55
0x936e7e,98.3333%,1,59,60,59,0,1,0
0x8df8da,50%,1,1,2,0,0,1,1
0x8df7cf,50%,1,1,2,0,0,1,1
0x936f7f,0%,1,0,1,0,0,1,0
0x937b29,0%,1,0,1,0,1,0,0
0x8e0861,90%,1,9,10,0,0,1,9
0x8e88bb,99.841%,1,628,629,0,0,1,628
0x1508f8b,0%,1,0,1,0,1,0,0
0x52a954,98.3333%,1,59,60,0,0,1,59
0x150db4e,80%,1,4,5,4,1,0,0
0x8f719a,50%,1,1,2,0,0,1,1
0x8f6fd8,50%,1,1,2,0,0,1,1
0x8f6dff,98.2143%,1,55,56,0,0,1,55
0x1508692,50%,1,1,2,0,0,1,1
0x8f6a52,50%,1,1,2,0,0,1,1
0x8fa4a4,98.3333%,1,59,60,0,0,1,59
0x8f6e7f,50%,1,1,2,0,0,1,1
0x8e9bd6,90%,1,9,10,0,0,1,9
0x8f6870,98.2143%,1,55,56,0,0,1,55
0x8e9502,90%,1,9,10,9,1,0,0
0x92fffe,98.3333%,1,59,60,0,0,1,59
0x92ff28,0%,1,0,1,0,0,1,0
0x9315c3,98.3333%,1,59,60,59,0,1,0
0x5297e7,96.2963%,1,26,27,26,0,1,0
0x931478,99.9359%,1,1559,1560,0,0,1,1559
0x93140e,99.9872%,1,7799,7800,0,0,1,7799
0xb54f60,0%,1,0,1,0,1,0,0
0x15083b6,50%,1,1,2,1,1,0,0
0x8eaddb,90%,1,9,10,0,1,0,9
0x1506626,50%,1,1,2,1,1,0,0
0x8e9d85,90%,1,9,10,0,1,0,9
0x8e9c0c,90%,1,9,10,0,0,1,9
0x140bef4,99.9929%,1,14093,14094,12528,0,1,1565
0x1669e29,98.5915%,1,70,71,0,0,1,70
0x93868f,0%,1,0,1,0,0,1,0
0x8e9268,88.8889%,1,8,9,8,1,0,0
0x8e922a,90%,1,9,10,9,1,0,0
0x140c32a,99.9965%,1,28187,28188,26622,0,1,1565
0x8e850b,99.8536%,1,682,683,0,0,1,682
0x8e7ea4,96%,1,24,25,24,1,0,0
0x8e731b,99.9412%,1,1701,1702,0,0,1,1701
0x8e71d7,96%,1,24,25,0,0,1,24
0x507ab7,80%,1,4,5,0,0,1,4
0x8e64ca,96%,1,24,25,24,1,0,0
0x1507eab,50%,1,1,2,1,1,0,0
0x15044e8,50%,1,1,2,1,1,0,0
0x8e0676,90%,1,9,10,0,0,1,9
0x1504f96,50%,1,1,2,1,1,0,0
0x931379,99.9872%,1,7799,7800,0,0,1,7799
0x9369a6,0%,1,0,1,0,0,1,0
0x8e03a5,90%,1,9,10,0,0,1,9
0x939305,0%,1,0,1,0,0,1,0
0x1403385,99.9691%,1,3239,3240,0,0,1,3239
0xf32b6e,80%,1,4,5,3,1,0,1
0x140f864,50%,1,1,2,0,0,1,1
0x92d420,0%,1,0,1,0,0,1,0
0x8e0062,90%,1,9,10,0,0,1,9
0x166bd23,98.2456%,1,56,57,0,0,1,56
0x8dfd62,50%,1,1,2,0,0,1,1
0x8dede2,75%,1,3,4,0,0,1,3
0x8e057b,99.3976%,1,165,166,0,0,1,165
0x140f1eb,99.9974%,1,38096,38097,35855,1,0,2241
0x90cc88,0%,1,0,1,0,0,1,0
0x15f3cbd,99.9992%,1,118259,118260,118259,1,0,0
0x501234,80%,1,4,5,4,1,0,0
0x1403485,50%,1,1,2,0,0,1,1
0x150a8ff,0%,1,0,1,0,0,1,0
0x14087cd,50%,1,1,2,0,0,1,1
0x1411e71,98.3333%,1,59,60,59,0,1,0
0x8eaf54,90%,1,9,10,9,1,0,0
0xa96d80,0%,1,0,1,0,1,0,0
0x140ab14,99.9681%,1,3131,3132,3131,1,0,0
0xad4262,50%,1,1,2,1,1,0,0
0x14faad9,0%,1,0,1,0,1,0,0
0xb587a0,0%,1,0,1,0,1,0,0
0x166a2a5,87.5%,1,7,8,7,1,0,0
0x14fabb7,0%,1,0,1,0,1,0,0
0x140354f,99.1667%,1,119,120,0,0,1,119
0x9392fc,0%,1,0,1,0,0,1,0
0x8e7667,96%,1,24,25,24,1,0,0
0x93265a,0%,1,0,1,0,0,1,0
0x140477a,96.2963%,1,26,27,26,0,1,0
0x1507ab5,50%,1,1,2,0,0,1,1
0x9368a8,99.9393%,1,1646,1647,0,0,1,1646
0x936de2,98.3333%,1,59,60,0,0,1,59
0xad6e2d,50%,1,1,2,1,1,0,0
0x1404451,0%,1,0,1,0,0,1,0
0x8f6556,50%,1,1,2,0,0,1,1
0x150de76,100%,0,5,5,5,0,0,0
0xf30b19,100%,0,7830,7830,0,0,0,7830
0x8dfe79,100%,0,2,2,0,0,0,2
0x140b212,100%,0,1,1,1,0,0,0
0x150de16,100%,0,5,5,5,0,0,0
0x939744,100%,0,1,1,0,0,0,1
0x1403822,100%,0,54,54,0,0,0,54
0x1668913,100%,0,30,30,0,0,0,30
0x140b109,100%,0,1,1,0,0,0,1
0x150dde6,100%,0,5,5,5,0,0,0
0x52a6f3,100%,0,60,60,0,0,0,60
0x8df6bb,100%,0,2,2,0,0,0,2
0x151761b,100%,0,1,1,0,0,0,1
0x150dea6,100%,0,5,5,5,0,0,0
0x151769a,100%,0,1,1,0,0,0,1
0xf30953,100%,0,8100,8100,0,0,0,8100
0x8e03b7,100%,0,10,10,0,0,0,10
0x508954,100%,0,24300,24300,16200,0,0,8100
0x15d65dd,100%,0,487,487,0,0,0,487
0x140e9dd,100%,0,83,83,0,0,0,83
0xf2e884,100%,0,5,5,0,0,0,5
0xf2e834,100%,0,5,5,0,0,0,5
0x1404281,100%,0,1620,1620,1620,0,0,0
0x150e6d7,100%,0,5,5,0,0,0,5
0x140f451,100%,0,38170,38170,35924,0,0,2246
0x8eadd2,100%,0,10,10,0,0,0,10
0x8e855a,100%,0,25,25,0,0,0,25
0x140b1b9,100%,0,1,1,0,0,0,1
0x939925,100%,0,1,1,0,0,0,1
0x140f400,100%,0,2245,2245,0,0,0,2245
0x8e7370,100%,0,25,25,25,0,0,0
0x150698a,100%,0,2,2,0,0,0,2
0x8e73a0,100%,0,25,25,0,0,0,25
0x140e192,100%,0,17928,17928,15687,0,0,2241
0x150eb3c,100%,0,5,5,0,0,0,5
0x8e835d,100%,0,25,25,0,0,0,25
0x140f09b,100%,0,2241,2241,0,0,0,2241
0x150503a,100%,0,2,2,2,0,0,0
0xf31387,100%,0,8100,8100,0,0,0,8100
0x8e8765,100%,0,23,23,0,0,0,23
0x1505176,100%,0,2,2,2,0,0,0
0x1668ba0,100%,0,57,57,57,0,0,0
0x1506fb6,100%,0,2,2,2,0,0,0
0x150b3bf,100%,0,1,1,0,0,0,1
0xf34a5e,100%,0,1,1,0,0,0,1
0x140a4c3,100%,0,116,116,0,0,0,116
0xdea655,100%,0,9,9,9,0,0,0
0x8e9be0,100%,0,10,10,10,0,0,0
0x9302e1,100%,0,1,1,0,0,0,1
0xb75c12,100%,0,1,1,1,0,0,0
0x1507a56,100%,0,2,2,2,0,0,0
0x1503e86,100%,0,2,2,2,0,0,0
0x931457,100%,0,1560,1560,0,0,0,1560
0x8e83a6,100%,0,25,25,0,0,0,25
0x166bd4b,100%,0,57,57,57,0,0,0
0x1506371,100%,0,2,2,2,0,0,0
0x937cca,100%,0,1,1,0,0,0,1
0x140ef5e,100%,0,2158,2158,0,0,0,2158
0x15078d0,100%,0,2,2,2,0,0,0
0x9305fb,100%,0,1620,1620,0,0,0,1620
0x140f467,100%,0,2246,2246,0,0,0,2246
0x1507927,100%,0,2,2,2,0,0,0
0x1507a26,100%,0,2,2,2,0,0,0
0xb53821,100%,0,2,2,2,0,0,0
0xf3114a,100%,0,300,300,0,0,0,300
0x8e00d6,100%,0,8,8,0,0,0,8
0x14115bd,100%,0,1647,1647,0,0,0,1647
0x8eaccc,100%,0,10,10,0,0,0,10
0x1668884,100%,0,57,57,0,0,0,57
0x936939,100%,0,1647,1647,0,0,0,1647
0x52376d,100%,0,1,1,1,0,0,0
0x8f6630,100%,0,2,2,0,0,0,2
0x5088d2,100%,0,8100,8100,0,0,0,8100
0x4f7fe5,100%,0,5,5,5,0,0,0
0x1506ec2,100%,0,2,2,2,0,0,0
0x4f83ec,100%,0,5,5,5,0,0,0
0x506b9f,100%,0,20,20,15,0,0,5
0x1506ff5,100%,0,2,2,0,0,0,2
0x8f6534,100%,0,2,2,2,0,0,0
0x4f88d5,100%,0,5,5,5,0,0,0
0x51bebb,100%,0,1,1,0,0,0,1
0x8f65d6,100%,0,2,2,2,0,0,0
0x166bd73,100%,0,57,57,0,0,0,57
0x51b3e4,100%,0,1,1,0,0,0,1
0x150de46,100%,0,5,5,5,0,0,0
0x140a95c,100%,0,3132,3132,0,0,0,3132
0x92dfa6,100%,0,1,1,0,0,0,1
0x166bd97,100%,0,57,57,0,0,0,57
0x8f69bf,100%,0,56,56,0,0,0,56
0x523831,100%,0,1,1,1,0,0,0
0x1516dbc,100%,0,1,1,1,0,0,0
0xb478d0,100%,0,1,1,1,0,0,0
0x4f98f2,100%,0,300,300,0,0,0,300
0x1403a7c,100%,0,120,120,0,0,0,120
0x1668832,100%,0,57,57,0,0,0,57
0x140c543,100%,0,58,58,0,0,0,58
0x8e858e,100%,0,25,25,0,0,0,25
0x166bd7c,100%,0,57,57,57,0,0,0
0x14097c8,100%,0,9396,9396,6264,0,0,3132
0x140eea2,100%,0,2158,2158,0,0,0,2158
0x932c90,100%,0,60,60,0,0,0,60
0x1505146,100%,0,2,2,2,0,0,0
0x14038ca,100%,0,2,2,0,0,0,2
0x8f67a3,100%,0,2,2,0,0,0,2
0x8e003f,100%,0,10,10,10,0,0,0
0x8e8551,100%,0,25,25,0,0,0,25
0x1403766,100%,0,2,2,0,0,0,2
0xdead5e,100%,0,9,9,0,0,0,9
0x150ed88,100%,0,4,4,4,0,0,0
0x14fa1b1,100%,0,1,1,1,0,0,0
0x166a3b5,100%,0,23,23,0,0,0,23
0x150eda2,100%,0,4,4,4,0,0,0
0x1506f56,100%,0,2,2,2,0,0,0
0x50880d,100%,0,300,300,0,0,0,300
0x1506d3b,100%,0,2,2,2,0,0,0
0x150dbee,100%,0,5,5,5,0,0,0
0x14105b1,100%,0,2,2,0,0,0,2
0x1669bda,100%,0,57,57,0,0,0,57
0x140e1a3,100%,0,2241,2241,0,0,0,2241
0xf32c58,100%,0,5,5,5,0,0,0
0x8df6a2,100%,0,2,2,2,0,0,0
0x1509296,100%,0,1,1,1,0,0,0
0x150db6e,100%,0,5,5,5,0,0,0
0x140c0b8,100%,0,58,58,0,0,0,58
0x16688aa,100%,0,57,57,57,0,0,0
0x150dbb6,100%,0,5,5,5,0,0,0
0xf31896,100%,0,5,5,0,0,0,5
0x150dc16,100%,0,5,5,5,0,0,0
0x150dc3b,100%,0,5,5,5,0,0,0
0x151398b,100%,0,1,1,1,0,0,0
0x150dc9e,100%,0,5,5,5,0,0,0
0x507ae2,100%,0,5,5,0,0,0,5
0x150dcf6,100%,0,5,5,5,0,0,0
0x8e682f,100%,0,25,25,25,0,0,0
0x150dd56,100%,0,5,5,5,0,0,0
0x92dfb6,100%,0,1,1,0,0,0,1
0x140ef2b,100%,0,36686,36686,34528,0,0,2158
0x1669d03,100%,0,36,36,0,0,0,36
0x8f6a70,100%,0,2,2,0,0,0,2
0x1516b6e,100%,0,1,1,1,0,0,0
0x140b14f,100%,0,1,1,1,0,0,0
0x1506696,100%,0,2,2,2,0,0,0
0x140eafe,100%,0,5893,5893,5810,0,0,83
0x8f6cd6,100%,0,56,56,0,0,0,56
0x166a3e8,100%,0,23,23,23,0,0,0
0x1506ef7,100%,0,2,2,2,0,0,0
0x15091a6,100%,0,1,1,1,0,0,0
0x140eb0b,100%,0,83,83,83,0,0,0
0x150dd86,100%,0,5,5,5,0,0,0
0xf32b24,100%,0,5,5,0,0,0,5
0x8f717a,100%,0,2,2,0,0,0,2
0xf32b32,100%,0,5,5,5,0,0,0
0xf32b5b,100%,0,5,5,0,0,0,5
0x140e34b,100%,0,83,83,0,0,0,83
0x15079f6,100%,0,2,2,2,0,0,0
0x140e6fe,100%,0,2241,2241,2241,0,0,0
0x150730b,100%,0,2,2,2,0,0,0
0x8fa5ba,100%,0,1620,1620,0,0,0,1620
0x9386b1,100%,0,1,1,0,0,0,1
0x14fadbb,100%,0,1,1,1,0,0,0
0x1517684,100%,0,1,1,0,0,0,1
0x930891,100%,0,3240,3240,1620,0,0,1620
0x14f93f8,100%,0,1,1,1,0,0,0
0x14f941a,100%,0,1,1,1,0,0,0
0x14f94de,100%,0,1,1,1,0,0,0
0x14faf8d,100%,0,1,1,1,0,0,0
0x14fafb4,100%,0,1,1,1,0,0,0
0x14fb27b,100%,0,1,1,0,0,0,1
0x1407125,100%,0,116,116,0,0,0,116
0x14fab7a,100%,0,1,1,1,0,0,0
0x15063b6,100%,0,2,2,2,0,0,0
0x1669cae,100%,0,17,17,0,0,0,17
0x51a678,100%,0,1,1,1,0,0,0
0x1404806,100%,0,1,1,0,0,0,1
0x1505064,100%,0,2,2,2,0,0,0
0x93051c,100%,0,60,60,0,0,0,60
0x1507996,100%,0,2,2,2,0,0,0
0x140bfd8,100%,0,58,58,0,0,0,58
0x8df08c,100%,0,4,4,0,0,0,4
0x52388c,100%,0,1,1,0,0,0,1
0x93778e,100%,0,1,1,0,0,0,1
0x14fa376,100%,0,1,1,1,0,0,0
0x14038db,100%,0,2,2,0,0,0,2
0x8eac96,100%,0,10,10,0,0,0,10
0x8e9875,100%,0,10,10,10,0,0,0
0x140e330,100%,0,249,249,166,0,0,83
0x1668745,100%,0,57,57,0,0,0,57
0x8e85b1,100%,0,2,2,0,0,0,2
0xb67a00,100%,0,1,1,1,0,0,0
0x1515f60,100%,0,1,1,1,0,0,0
0x15170df,100%,0,1,1,0,0,0,1
0x939116,100%,0,1,1,1,0,0,0
0x1515f95,100%,0,1,1,1,0,0,0
0x1515fc7,100%,0,1,1,1,0,0,0
0x1509176,100%,0,1,1,1,0,0,0
0x151668f,100%,0,1,1,1,0,0,0
0x140e2cb,100%,0,83,83,0,0,0,83
0x1516fad,100%,0,1,1,0,0,0,1
0xae8622,100%,0,1,1,1,0,0,0
0x14faa45,100%,0,1,1,1,0,0,0
0x14faa75,100%,0,1,1,1,0,0,0
0x93869c,100%,0,1,1,0,0,0,1
0x51b40e,100%,0,1,1,0,0,0,1
0x52a937,100%,0,60,60,0,0,0,60
0x150722a,100%,0,2,2,2,0,0,0
0x15065c6,100%,0,2,2,2,0,0,0
0x140e2bd,100%,0,1411,1411,1328,0,0,83
0x166aea0,100%,0,23,23,0,0,0,23
0x1668873,100%,0,57,57,0,0,0,57
0x51a9d9,100%,0,1,1,1,0,0,0
0x140be66,100%,0,1566,1566,0,0,0,1566
0x51ac5c,100%,0,1,1,1,0,0,0
0x51b3b8,100%,0,1,1,0,0,0,1
0x52a7b7,100%,0,60,60,0,0,0,60
0x1669253,100%,0,57,57,57,0,0,0
0x1504e27,100%,0,2,2,2,0,0,0
0x933361,100%,0,1,1,0,0,0,1
0x150d495,100%,0,1,1,0,0,0,1
0x9307d7,100%,0,1620,1620,0,0,0,1620
0x9309ad,100%,0,1,1,0,0,0,1
0xdeb0f5,100%,0,9,9,9,0,0,0
0x9325d9,100%,0,61,61,0,0,0,61
0x930cc7,100%,0,1647,1647,0,0,0,1647
0x930d8d,100%,0,8235,8235,0,0,0,8235
0x51b495,100%,0,1,1,1,0,0,0
0x1505206,100%,0,2,2,2,0,0,0
0x140c02e,100%,0,1044,1044,986,0,0,58
0x525775,100%,0,1,1,1,0,0,0
0x1503df6,100%,0,2,2,2,0,0,0
0x140e13a,100%,0,2241,2241,0,0,0,2241
0x939799,100%,0,1,1,0,0,0,1
0x529257,100%,0,3,3,2,0,0,1
0x8e0795,100%,0,10,10,0,0,0,10
0x14f9f9e,100%,0,1,1,1,0,0,0
0x508468,100%,0,300,300,0,0,0,300
0x14fa346,100%,0,1,1,1,0,0,0
0x166885b,100%,0,57,57,0,0,0,57
0x529c76,100%,0,1566,1566,0,0,0,1566
0x529d15,100%,0,1566,1566,1566,0,0,0
0x140f203,100%,0,2241,2241,2241,0,0,0
0x4f81ba,100%,0,5,5,5,0,0,0
0x8e9e3d,100%,0,9,9,0,0,0,9
0x140f347,100%,0,6723,6723,4482,0,0,2241
0x140e263,100%,0,83,83,0,0,0,83
0x140efaf,100%,0,6474,6474,4316,0,0,2158
0x8e9d8a,100%,0,9,9,9,0,0,0
0x8ea750,100%,0,10,10,10,0,0,0
0x92f3a5,100%,0,1,1,0,0,0,1
0x150508e,100%,0,2,2,2,0,0,0
0x8eada6,100%,0,10,10,10,0,0,0
0x150eacb,100%,0,5,5,5,0,0,0
0x8df8ec,100%,0,2,2,0,0,0,2
0x8eade0,100%,0,9,9,9,0,0,0
0x1517dcd,100%,0,1,1,1,0,0,0
0x140e37c,100%,0,83,83,0,0,0,83
0x937884,100%,0,59,59,0,0,0,59
0x15134dc,100%,0,1,1,0,0,0,1
0x930e2e,100%,0,1647,1647,0,0,0,1647
0x930e9a,100%,0,1647,1647,0,0,0,1647
0x15050c3,100%,0,2,2,2,0,0,0
0x930ef1,100%,0,1647,1647,0,0,0,1647
0x930fcc,100%,0,1,1,0,0,0,1
0x9311ff,100%,0,60,60,0,0,0,60
0x529f6f,100%,0,1,1,0,0,0,1
0x936477,100%,0,1,1,0,0,0,1
0x8df9f1,100%,0,2,2,0,0,0,2
0x1626373,100%,0,118260,118260,118260,0,0,0
0x8e9d41,100%,0,10,10,0,0,0,10
0x8e9c4b,100%,0,10,10,0,0,0,10
0x15052c6,100%,0,2,2,2,0,0,0
0x9321b8,100%,0,60,60,0,0,0,60
0x8e9d03,100%,0,10,10,0,0,0,10
0x8df066,100%,0,4,4,0,0,0,4
0x8e9d11,100%,0,10,10,10,0,0,0
0x8df3de,100%,0,4,4,4,0,0,0
0x8df484,100%,0,108,108,0,0,0,108
0x9313bd,100%,0,7800,7800,0,0,0,7800
0x1506656,100%,0,2,2,2,0,0,0
0x140f00a,100%,0,83,83,0,0,0,83
0x150edf7,100%,0,1,1,1,0,0,0
0x1511a87,100%,0,1,1,1,0,0,0
0x140e10b,100%,0,2241,2241,0,0,0,2241
0x15d6558,100%,0,487,487,487,0,0,0
0x92d367,100%,0,1,1,0,0,0,1
0x8e9f57,100%,0,10,10,10,0,0,0
0x8ea202,100%,0,10,10,10,0,0,0
0xf30c76,100%,0,5,5,0,0,0,5
0x92e16a,100%,0,1620,1620,1620,0,0,0
0x92e25d,100%,0,1620,1620,0,0,0,1620
0x14fa256,100%,0,1,1,1,0,0,0
0x140afe1,100%,0,1,1,0,0,0,1
0x1513956,100%,0,1,1,1,0,0,0
0x15d7fb2,100%,0,487,487,0,0,0,487
0x92fa4a,100%,0,1620,1620,0,0,0,1620
0x14fa0b4,100%,0,1,1,1,0,0,0
0x14fa0ee,100%,0,1,1,1,0,0,0
0x1669e36,100%,0,71,71,0,0,0,71
0xb768c2,100%,0,1,1,1,0,0,0
0x14fa17c,100%,0,1,1,1,0,0,0
0x14fa200,100%,0,1,1,1,0,0,0
0x140e4db,100%,0,2241,2241,0,0,0,2241
0x14fa286,100%,0,1,1,1,0,0,0
0x14fa2b6,100%,0,1,1,1,0,0,0
0x151392c,100%,0,1,1,1,0,0,0
0x939750,100%,0,1,1,0,0,0,1
0x15139cf,100%,0,1,1,1,0,0,0
0x1513a13,100%,0,1,1,1,0,0,0
0x529536,100%,0,27,27,0,0,0,27
0x1513a35,100%,0,1,1,1,0,0,0
0x1513a78,100%,0,1,1,0,0,0,1
0x1513aad,100%,0,1,1,0,0,0,1
0x1410a8d,100%,0,3240,3240,0,0,0,3240
0x15139f1,100%,0,1,1,1,0,0,0
0x9314bf,100%,0,1560,1560,0,0,0,1560
0x140e971,100%,0,6723,6723,4482,0,0,2241
0x931c9a,100%,0,1,1,0,0,0,1
0x16262c7,100%,0,118260,118260,0,0,0,118260
0x140f0e5,100%,0,2241,2241,0,0,0,2241
0x140d03b,100%,0,1566,1566,1566,0,0,0
0x1408505,100%,0,3132,3132,0,0,0,3132
0x1507a86,100%,0,2,2,2,0,0,0
0x93011b,100%,0,1620,1620,0,0,0,1620
0x1515c57,100%,0,1,1,0,0,0,1
0x92ce9a,100%,0,1,1,0,0,0,1
0x93931b,100%,0,1,1,0,0,0,1
0xdeadb0,100%,0,9,9,9,0,0,0
0x14095b3,100%,0,3132,3132,0,0,0,3132
0x14f9f5e,100%,0,1,1,1,0,0,0
0x14f9f7e,100%,0,1,1,1,0,0,0
0x14f9fc6,100%,0,1,1,1,0,0,0
0x140cdd9,100%,0,28188,28188,26622,0,0,1566
0x15046f5,100%,0,2,2,2,0,0,0
0x5011de,100%,0,5,5,0,0,0,5
0x1669ca3,100%,0,17,17,0,0,0,17
0x140cfe7,100%,0,1566,1566,0,0,0,1566
0x140d030,100%,0,28188,28188,26622,0,0,1566
0x5012b3,100%,0,5,5,0,0,0,5
0x151793b,100%,0,1,1,1,0,0,0
0x140d220,100%,0,1,1,0,0,0,1
0x8e09d3,100%,0,166,166,0,0,0,166
0x8e0972,100%,0,10,10,0,0,0,10
0x166873d,100%,0,57,57,0,0,0,57
0x150dcc6,100%,0,5,5,5,0,0,0
0x1411e9a,100%,0,1,1,0,0,0,1
0x140cfa6,100%,0,1566,1566,0,0,0,1566
0x1503d96,100%,0,2,2,2,0,0,0
0x1668c87,100%,0,57,57,57,0,0,0
0x1410950,100%,0,3240,3240,0,0,0,3240
0x8e8354,100%,0,25,25,0,0,0,25
0x1409278,100%,0,116,116,0,0,0,116
0x1668c7a,100%,0,57,57,0,0,0,57
0x14040e7,100%,0,1,1,0,0,0,1
0x1513ac5,100%,0,1,1,1,0,0,0
0x5237ad,100%,0,1,1,1,0,0,0
0xac46df,100%,0,1,1,1,0,0,0
0x140999a,100%,0,116,116,0,0,0,116
0x140c141,100%,0,1566,1566,0,0,0,1566
0x140c182,100%,0,1566,1566,0,0,0,1566
0x1408168,100%,0,3132,3132,0,0,0,3132
0x14fab48,100%,0,1,1,1,0,0,0
0x15090f0,100%,0,1,1,1,0,0,0
0x140c35c,100%,0,1566,1566,1566,0,0,0
0x936635,100%,0,1620,1620,0,0,0,1620
0x140c523,100%,0,58,58,0,0,0,58
0xdeb112,100%,0,18,18,18,0,0,0
0x1509b81,100%,0,1,1,1,0,0,0
0x166a157,100%,0,5,5,5,0,0,0
0x140c64b,100%,0,58,58,58,0,0,0
0x14107cb,100%,0,3240,3240,3240,0,0,0
0x140c8e8,100%,0,58,58,0,0,0,58
0x140caa1,100%,0,27144,27144,25636,0,0,1508
0x1505116,100%,0,2,2,2,0,0,0
0x8dfed2,100%,0,56,56,0,0,0,56
0x140e9bf,100%,0,83,83,0,0,0,83
0x140cc8b,100%,0,1566,1566,0,0,0,1566
0x140cb77,100%,0,58,58,0,0,0,58
0x140cf81,100%,0,58,58,0,0,0,58
0x939337,100%,0,1,1,0,0,0,1
0x1503e56,100%,0,2,2,2,0,0,0
0x9378a0,100%,0,59,59,0,0,0,59
0x140cab8,100%,0,1508,1508,1508,0,0,0
0x1503cd6,100%,0,2,2,2,0,0,0
0x1668755,100%,0,57,57,57,0,0,0
0x936fa5,100%,0,1,1,1,0,0,0
0xf31deb,100%,0,5,5,5,0,0,0
0x51c8e9,100%,0,41,41,41,0,0,0
0x528d8f,100%,0,55,55,0,0,0,55
0x166a43c,100%,0,23,23,0,0,0,23
0x14107af,100%,0,120,120,0,0,0,120
0x932fae,100%,0,1620,1620,0,0,0,1620
0x140c03c,100%,0,58,58,58,0,0,0
0x140f3d0,100%,0,2245,2245,0,0,0,2245
0x15d65ea,100%,0,487,487,0,0,0,487
0x501169,100%,0,5,5,0,0,0,5
0x8e650c,100%,0,25,25,25,0,0,0
0x1505b47,100%,0,2,2,2,0,0,0
0x140e6ce,100%,0,38097,38097,35856,0,0,2241
0x937a55,100%,0,1,1,0,0,0,1
0x166a0a6,100%,0,36,36,36,0,0,0
0xb74f62,100%,0,1,1,1,0,0,0
0xdead83,100%,0,9,9,9,0,0,0
0x4f91e8,100%,0,5,5,0,0,0,5
0x1506f26,100%,0,2,2,2,0,0,0
0x8f72bb,100%,0,2,2,0,0,0,2
0x1504fce,100%,0,2,2,2,0,0,0
0x14fa6f9,100%,0,1,1,0,0,0,1
0x1668c9a,100%,0,57,57,0,0,0,57
0x14fa226,100%,0,1,1,1,0,0,0
0x15065f6,100%,0,2,2,2,0,0,0
0x14047ee,100%,0,1,1,0,0,0,1
0x16262dc,100%,0,118260,118260,0,0,0,118260
0x1404978,100%,0,60,60,0,0,0,60
0x1507254,100%,0,2,2,2,0,0,0
0x1408a63,100%,0,2,2,2,0,0,0
0x5237e0,100%,0,1,1,0,0,0,1
0x15042b2,100%,0,2,2,2,0,0,0
0x1410ea4,100%,0,2,2,0,0,0,2
0x15139ad,100%,0,1,1,1,0,0,0
0x1408a55,100%,0,2,2,2,0,0,0
0x1669cc9,100%,0,17,17,17,0,0,0
0x14f98f0,100%,0,1,1,0,0,0,1
0x140a660,100%,0,3016,3016,0,0,0,3016
0x15d65d0,100%,0,487,487,0,0,0,487
0x150ea97,100%,0,5,5,5,0,0,0
0x8dff7e,100%,0,2,2,0,0,0,2
0x1409b7f,100%,0,116,116,0,0,0,116
0x8e03d4,100%,0,10,10,0,0,0,10
0x1510260,100%,0,1,1,1,0,0,0
0x140a58e,100%,0,3016,3016,0,0,0,3016
0x150400a,100%,0,2,2,2,0,0,0
0x506d25,100%,0,135,135,0,0,0,135
0x140358f,100%,0,3240,3240,3240,0,0,0
0x15064d6,100%,0,2,2,2,0,0,0
0x9307fb,100%,0,1620,1620,0,0,0,1620
0x150908c,100%,0,1,1,1,0,0,0
0x1503d06,100%,0,2,2,2,0,0,0
0x14087df,100%,0,2,2,0,0,0,2
0x8f6656,100%,0,2,2,0,0,0,2
0x166c3b3,100%,0,57,57,0,0,0,57
0x15d65bd,100%,0,487,487,0,0,0,487
0x93776c,100%,0,1,1,0,0,0,1
0x15d801a,100%,0,487,487,487,0,0,0
0x140856f,100%,0,9396,9396,6264,0,0,3132
0xf34aa0,100%,0,1,1,1,0,0,0
0x140cc31,100%,0,1566,1566,0,0,0,1566
0x15051d6,100%,0,2,2,2,0,0,0
0x140e35f,100%,0,83,83,0,0,0,83
0x1505968,100%,0,2,2,2,0,0,0
0x1668892,100%,0,57,57,0,0,0,57
0x1409b9e,100%,0,3132,3132,0,0,0,3132
0x15092c6,100%,0,1,1,1,0,0,0
0x8dfa63,100%,0,56,56,0,0,0,56
0x166c39a,100%,0,57,57,0,0,0,57
0x1410596,100%,0,2,2,0,0,0,2
0x8e8391,100%,0,25,25,0,0,0,25
0x8e88fb,100%,0,25,25,25,0,0,0
0x1503f76,100%,0,2,2,2,0,0,0
0x166a459,100%,0,23,23,23,0,0,0
0x930682,100%,0,8100,8100,0,0,0,8100
0x8ead9c,100%,0,10,10,0,0,0,10
0x140b11a,100%,0,1,1,1,0,0,0
0x92d42d,100%,0,1,1,1,0,0,0
0x14126d7,100%,0,60,60,0,0,0,60
0x14038ac,100%,0,2,2,0,0,0,2
0x14037ba,100%,0,54,54,0,0,0,54
0x140c9a9,100%,0,1508,1508,0,0,0,1508
0x166aea7,100%,0,23,23,0,0,0,23
0x1505312,100%,0,2,2,2,0,0,0
0x1504e54,100%,0,2,2,2,0,0,0
0x150be6c,100%,0,1,1,0,0,0,1
0x8e7215,100%,0,25,25,0,0,0,25
0x140b178,100%,0,1,1,0,0,0,1
0x1409877,100%,0,116,116,0,0,0,116
0x140b189,100%,0,1,1,1,0,0,0
0x140b1af,100%,0,1,1,0,0,0,1
0x140b255,100%,0,1,1,1,0,0,0
0x15051a6,100%,0,2,2,2,0,0,0
0x1668729,100%,0,57,57,0,0,0,57
0x1404d8b,100%,0,2,2,0,0,0,2
0x140b294,100%,0,1,1,0,0,0,1
0x1503e26,100%,0,2,2,2,0,0,0
0x8e724d,100%,0,25,25,0,0,0,25
0x1668c6e,100%,0,57,57,0,0,0,57
0x8e74db,100%,0,136,136,0,0,0,136
0x140bf08,100%,0,1566,1566,1566,0,0,0
0x140bf86,100%,0,58,58,0,0,0,58
0x140e0ec,100%,0,83,83,0,0,0,83
0x140b13d,100%,0,1,1,0,0,0,1
0x1669ea8,100%,0,6,6,0,0,0,6
0x140be9c,100%,0,1566,1566,0,0,0,1566
0x8e761b,100%,0,1566,1566,0,0,0,1566
0x1508f03,100%,0,1,1,1,0,0,0
0x1504e91,100%,0,2,2,2,0,0,0
0x15075ad,100%,0,2,2,2,0,0,0
0x1408ac8,100%,0,2,2,0,0,0,2
0x1410822,100%,0,3240,3240,0,0,0,3240
0x166bd5c,100%,0,57,57,0,0,0,57
0x1669e08,100%,0,67,67,0,0,0,67
0x937b0c,100%,0,1,1,0,0,0,1
0xf318c1,100%,0,5,5,0,0,0,5
0xf2e8a9,100%,0,5,5,5,0,0,0
0x8e0a3d,100%,0,10,10,0,0,0,10
0x1668867,100%,0,57,57,57,0,0,0
0x8eacd5,100%,0,10,10,0,0,0,10
0x166883e,100%,0,57,57,57,0,0,0
0x16688a0,100%,0,57,57,0,0,0,57
0x1504eb6,100%,0,2,2,2,0,0,0
0x1505296,100%,0,2,2,2,0,0,0
0x1503ee6,100%,0,2,2,2,0,0,0
0x5077d6,100%,0,7830,7830,0,0,0,7830
0x15044be,100%,0,2,2,2,0,0,0
0x15d8001,100%,0,636,636,0,0,0,636
0x1403a23,100%,0,120,120,0,0,0,120
0x166a2fb,100%,0,8,8,8,0,0,0
0x140f4b6,100%,0,6738,6738,4492,0,0,2246
0x1626639,100%,0,118260,118260,0,0,0,118260
0xb493d3,100%,0,1,1,1,0,0,0
0x1408247,100%,0,116,116,116,0,0,0
0x50115f,100%,0,5,5,0,0,0,5
0x50119f,100%,0,5,5,0,0,0,5
0x140ee0b,100%,0,83,83,0,0,0,83
0x15064ab,100%,0,2,2,2,0,0,0
0xa9650e,100%,0,1,1,1,0,0,0
0x5011c3,100%,0,5,5,5,0,0,0
0x1503fd5,100%,0,2,2,0,0,0,2
0x14087bb,100%,0,2,2,0,0,0,2
0x8f6bd3,100%,0,2,2,0,0,0,2
0x15062f0,100%,0,2,2,2,0,0,0
0x506baf,100%,0,5,5,5,0,0,0
0x5014b7,100%,0,5,5,5,0,0,0
0x8f6545,100%,0,2,2,0,0,0,2
0x1515ff1,100%,0,1,1,1,0,0,0
0x15066c2,100%,0,2,2,0,0,0,2
0x14068c3,100%,0,3016,3016,0,0,0,3016
0x150c914,100%,0,1,1,0,0,0,1
0xacef05,100%,0,1,1,1,0,0,0
0x1515eda,100%,0,1,1,1,0,0,0
0x9390fd,100%,0,1,1,0,0,0,1
0x8f693b,100%,0,56,56,0,0,0,56
0x1407c1f,100%,0,116,116,0,0,0,116
0x141215f,100%,0,1620,1620,0,0,0,1620
0x14073e3,100%,0,3016,3016,0,0,0,3016
0x1407cc7,100%,0,116,116,0,0,0,116
0x506d75,100%,0,135,135,0,0,0,135
0xf3131b,100%,0,8100,8100,0,0,0,8100
0x1668968,100%,0,52,52,22,0,0,30
0x166a27a,100%,0,8,8,0,0,0,8
0x140ad41,100%,0,2,2,0,0,0,2
0xb74975,100%,0,1,1,1,0,0,0
0x1407f0f,100%,0,116,116,0,0,0,116
0x140a466,100%,0,116,116,0,0,0,116
0x8eae9f,100%,0,9,9,0,0,0,9
0x1407c0e,100%,0,116,116,0,0,0,116
0x1668733,100%,0,57,57,0,0,0,57
0x150dd26,100%,0,5,5,5,0,0,0
0x150638e,100%,0,2,2,2,0,0,0
0x93314d,100%,0,60,60,0,0,0,60
0x150db8e,100%,0,5,5,5,0,0,0
0x507186,100%,0,5,5,0,0,0,5
0x166bd8b,100%,0,57,57,0,0,0,57
0x8e6d07,100%,0,25,25,25,0,0,0
0x506f85,100%,0,135,135,0,0,0,135
0x14047d0,100%,0,1,1,0,0,0,1
0x1402d7b,100%,0,1,1,0,0,0,1
0x8e79f4,100%,0,25,25,25,0,0,0
0x1506506,100%,0,2,2,2,0,0,0
0x8ead92,100%,0,10,10,0,0,0,10
0x8e754b,100%,0,23,23,0,0,0,23
0x150ddb6,100%,0,5,5,5,0,0,0
0x14032fd,100%,0,3240,3240,0,0,0,3240
0x14fabe1,100%,0,1,1,1,0,0,0
0x8dfb37,100%,0,2,2,0,0,0,2
0x90cdd7,100%,0,60,60,0,0,0,60
0x151387a,100%,0,1,1,1,0,0,0
0x4f9b61,100%,0,8100,8100,0,0,0,8100
0x150eab1,100%,0,5,5,5,0,0,0
0x1668bb5,100%,0,57,57,0,0,0,57
0xf31054,100%,0,300,300,0,0,0,300
0x5237fd,100%,0,1,1,1,0,0,0
0x5074b9,100%,0,295,295,0,0,0,295
0x140b089,100%,0,1,1,1,0,0,0
0x15091d6,100%,0,1,1,1,0,0,0
0x140cdf9,100%,0,1566,1566,1566,0,0,0
0x140e227,100%,0,83,83,0,0,0,83
0x93076e,100%,0,16200,16200,8100,0,0,8100
0x506be4,100%,0,5,5,5,0,0,0
0x5012e6,100%,0,5,5,0,0,0,5
0x1513902,100%,0,1,1,1,0,0,0
0x8dedae,100%,0,4,4,0,0,0,4
0x140b1d1,100%,0,1,1,1,0,0,0
0x1506416,100%,0,2,2,2,0,0,0
0x9322a2,100%,0,1,1,1,0,0,0
0x166bda5,100%,0,57,57,0,0,0,57
0x140c955,100%,0,1508,1508,0,0,0,1508
0x166bd37,100%,0,57,57,0,0,0,57
0x1506446,100%,0,2,2,2,0,0,0
0x51abe5,100%,0,1,1,1,0,0,0
0x14045d6,100%,0,1,1,0,0,0,1
0x140e4ab,100%,0,2241,2241,0,0,0,2241
0x8df644,100%,0,2,2,2,0,0,0
0x166a3d4,100%,0,23,23,0,0,0,23
0x8e087c,100%,0,10,10,0,0,0,10
0x8f653c,100%,0,2,2,0,0,0,2
0x140afd7,100%,0,1,1,0,0,0,1
0x1506dc6,100%,0,2,2,2,0,0,0
0xdeb102,100%,0,9,9,0,0,0,9
0x1411cac,100%,0,1680,1680,0,0,0,1680
0x938812,100%,0,60,60,60,0,0,0
0xad23f5,100%,0,2,2,2,0,0,0
0x1674495,100%,0,61051,61051,0,0,0,61051
0x1411e09,100%,0,1680,1680,0,0,0,1680
0x8e8563,100%,0,25,25,25,0,0,0
0x1411e8b,100%,0,1,1,0,0,0,1
0x166a39b,100%,0,23,23,0,0,0,23
0x1515f2e,100%,0,1,1,1,0,0,0
0x15066f0,100%,0,2,2,2,0,0,0
0xa5c2f8,100%,0,1,1,1,0,0,0
0x140f3b8,100%,0,83,83,0,0,0,83
0x1508ebe,100%,0,1,1,1,0,0,0
0x166bda0,100%,0,57,57,0,0,0,57
0x1508f73,100%,0,1,1,1,0,0,0
0x937b5a,100%,0,1,1,0,0,0,1
0x1503fa6,100%,0,2,2,2,0,0,0
0x1513a57,100%,0,1,1,1,0,0,0
0x937c1e,100%,0,1,1,0,0,0,1
0x15186ec,100%,0,1,1,1,0,0,0
0x150885f,100%,0,1,1,1,0,0,0
0x523742,100%,0,1,1,0,0,0,1
0x1515f04,100%,0,1,1,1,0,0,0
0x8e85a7,100%,0,23,23,23,0,0,0
0x140e1ea,100%,0,15687,15687,13446,0,0,2241
0x1412119,100%,0,1620,1620,0,0,0,1620
0x140b1f6,100%,0,1,1,1,0,0,0
0x15138c1,100%,0,1,1,1,0,0,0
0x140b16e,100%,0,1,1,0,0,0,1
0x14073a3,100%,0,116,116,0,0,0,116
0x15d65ca,100%,0,487,487,0,0,0,487
0x1508082,100%,0,2,2,2,0,0,0
0x8df655,100%,0,2,2,0,0,0,2
0x166a3de,100%,0,23,23,23,0,0,0
0x1411732,100%,0,1,1,0,0,0,1
0x141191c,100%,0,1620,1620,0,0,0,1620
0x140b22a,100%,0,1,1,1,0,0,0
0x1509b6b,100%,0,1,1,0,0,0,1
0x1404d28,100%,0,2,2,2,0,0,0
0x15d65b7,100%,0,487,487,0,0,0,487
0x14113a2,100%,0,1,1,0,0,0,1
0x8e7362,100%,0,25,25,0,0,0,25
0x1509e27,100%,0,1,1,1,0,0,0
0x8df834,100%,0,56,56,0,0,0,56
0x14fa1cb,100%,0,1,1,1,0,0,0
0x1669f83,100%,0,18,18,0,0,0,18
0x92e304,100%,0,1620,1620,0,0,0,1620
0x1505d63,100%,0,2,2,0,0,0,2
0x1505266,100%,0,2,2,2,0,0,0
0x938687,100%,0,1,1,0,0,0,1
0x150b3c8,100%,0,1,1,0,0,0,1
0x150b3dc,100%,0,1,1,1,0,0,0
0x166a3bf,100%,0,23,23,0,0,0,23
0x14faaaf,100%,0,1,1,1,0,0,0
0x8f65b2,100%,0,2,2,2,0,0,0
0x1505236,100%,0,2,2,2,0,0,0
0x8f7363,100%,0,56,56,0,0,0,56
0x150be89,100%,0,1,1,1,0,0,0
0x8dfb0e,100%,0,2,2,0,0,0,2
0x1508513,100%,0,2,2,2,0,0,0
0x8eaca0,100%,0,10,10,10,0,0,0
0x14f9f3e,100%,0,1,1,1,0,0,0
0x16689b2,100%,0,5,5,5,0,0,0
0x1503eb6,100%,0,2,2,2,0,0,0
0x1669efd,100%,0,18,18,0,0,0,18
0x1508e2f,100%,0,1,1,1,0,0,0
0x8e0891,100%,0,10,10,0,0,0,10
0xb742b2,100%,0,1,1,1,0,0,0
0x140ee31,100%,0,2158,2158,0,0,0,2158
0x14fa04d,100%,0,1,1,1,0,0,0
0x1508ffe,100%,0,1,1,1,0,0,0
0x1509028,100%,0,1,1,1,0,0,0
0x1505d26,100%,0,2,2,2,0,0,0
0x150914f,100%,0,1,1,1,0,0,0
0x8dec6f,100%,0,4,4,0,0,0,4
0x1509206,100%,0,1,1,1,0,0,0
0x50786c,100%,0,7830,7830,0,0,0,7830
0x8e73b4,100%,0,23,23,23,0,0,0
0x1509266,100%,0,1,1,1,0,0,0
0x8dfc48,100%,0,2,2,0,0,0,2
