Branch PC,Accuracy,Mispredictions,Correct Predictions,Total,dir_t_pred_t,dir_t_pred_nt,dir_nt_pred_t,dir_nt_pred_nt
aggregate,99.815%,18797,10142255,10161052,6933485,5656,13141,3208770
0x91614b,96.0494%,4499,109381,113880,51680,2555,1944,57701
0x46f721,98.5405%,1726,116534,118260,116534,106,1620,0
0x91634b,98.5959%,1599,112281,113880,112280,40,1559,1
0x162634e,99.069%,1101,117159,118260,29288,577,524,87871
0x1626359,99.466%,472,87923,88395,43253,238,234,44670
0x4f9894,94.1146%,339,5421,5760,5421,99,240,0
0xf2f571,93.5504%,303,4395,4698,4395,129,174,0
0x50832e,95.4012%,298,6182,6480,6182,58,240,0
0x50898b,95.5401%,289,6191,6480,6191,49,240,0
0x507935,95.3863%,289,5975,6264,5975,57,232,0
0x4f9b7c,95.8951%,266,6214,6480,6214,26,240,0
0x1626664,99.7793%,261,117999,118260,47333,140,121,70666
0xf2f79c,96.1502%,241,6019,6260,6019,9,232,0
0xf2fd89,96.2963%,240,6240,6480,6240,0,240,0
0x507487,96.2963%,220,5720,5940,5720,0,220,0
0x8defc2,97.4252%,203,7681,7884,1605,87,116,6076
0x91585d,96.2963%,174,4524,4698,4524,0,174,0
0x916155,99.8937%,121,113759,113880,113655,38,83,104
0x4f6d45,92.8205%,112,1448,1560,1448,52,60,0
0x8df004,98.6428%,107,7777,7884,7773,3,104,4
0x8ded3c,98.8204%,93,7791,7884,3955,85,8,3836
0x8ded74,98.8458%,91,7793,7884,7766,10,81,27
0x93669c,94.5679%,88,1532,1620,1532,28,60,0
0x91abf9,94.6296%,87,1533,1620,1533,27,60,0
0x93324b,94.5513%,85,1475,1560,1475,25,60,0
0x529dd7,94.7637%,82,1484,1566,1484,24,58,0
0x528f77,94.7475%,78,1407,1485,1407,23,55,0
0x5123f4,96.0934%,77,1894,1971,458,41,36,1436
0x8df4d0,98.7867%,76,6188,6264,1644,28,48,4544
0x50b113,94.774%,74,1342,1416,1342,15,59,0
0x92faef,95.4321%,74,1546,1620,1546,14,60,0
0x93312f,95.4938%,73,1547,1620,1547,13,60,0
0x91b4e5,95.6173%,71,1549,1620,1549,11,60,0
0x8df243,98.8665%,71,6193,6264,5728,32,39,465
0x930f53,96.0534%,65,1582,1647,1582,4,61,0
0x4ed45c,95.9132%,64,1502,1566,1502,6,58,0
0x91a5a6,95.8974%,64,1496,1560,1496,4,60,0
0x91636a,95.8974%,64,1496,1560,1496,4,60,0
0x9308f8,96.1111%,63,1557,1620,1557,3,60,0
0x931570,95.9615%,63,1497,1560,1497,3,60,0
0x51c573,95.625%,63,1377,1440,1377,3,60,0
0x916ff3,95.9615%,63,1497,1560,1497,3,60,0
0x9160af,99.9447%,63,113817,113880,113807,12,51,10
0x512986,96.0452%,63,1530,1593,1530,4,59,0
0x92d0fa,96.1111%,63,1557,1620,1557,3,60,0
0x93695b,96.2356%,62,1585,1647,1585,1,61,0
0x52ad0e,96.1728%,62,1558,1620,1558,2,60,0
0x92e31e,96.1728%,62,1558,1620,1558,2,60,0
0x51889d,96.1707%,61,1532,1593,1532,2,59,0
0x518f28,96.1707%,61,1532,1593,1532,2,59,0
0x52a6c5,96.2346%,61,1559,1620,1559,1,60,0
0x9289d7,96.0897%,61,1499,1560,1499,1,60,0
0x4f7b3c,96.2346%,61,1559,1620,1559,1,60,0
0x93013b,96.2346%,61,1559,1620,1559,1,60,0
0x51c87b,96.2346%,61,1559,1620,1559,1,60,0
0x4ded1c,96.0897%,61,1499,1560,1499,1,60,0
0x918ac4,96.0887%,60,1474,1534,1474,1,59,0
0x4deab3,96%,60,1440,1500,1440,0,60,0
0x936bfd,96.4286%,60,1620,1680,1620,0,60,0
0x91bbc9,96.2963%,60,1560,1620,1560,0,60,0
0x9192f1,96.2335%,60,1533,1593,1533,1,59,0
0x50b47c,96.2335%,60,1533,1593,1533,1,59,0
0x91b6e8,96.1538%,60,1500,1560,1500,0,60,0
0x8df500,99.0741%,58,6206,6264,6147,9,49,59
0x51208f,96.2302%,57,1455,1512,1455,1,56,0
0x9238da,96.0826%,55,1349,1404,1349,1,54,0
0x4ebabb,96.1538%,55,1375,1430,1375,0,55,0
0x52a9d4,97.284%,44,1576,1620,421,19,25,1155
0x8df270,99.2976%,44,6220,6264,6149,7,37,71
0x90b823,96.309%,43,1122,1165,1122,0,43,0
0x15d8015,90.8705%,43,428,471,248,18,25,180
0x901cd8,99.8706%,42,32410,32452,31284,9,33,1126
0x52aa06,97.716%,37,1583,1620,1547,13,24,36
0x512186,98.1735%,36,1935,1971,1935,9,27,0
0x512426,98.1735%,36,1935,1971,1935,9,27,0
0x512153,98.3257%,33,1938,1971,997,28,5,941
0x52a7a6,98.0864%,31,1589,1620,1554,6,25,35
0x8e88e9,99.9118%,30,33969,33999,33532,2,28,437
0x528f3c,99.9719%,30,106890,106920,105423,12,18,1467
0x51c537,99.9711%,30,103650,103680,102230,10,20,1420
0x8e8544,94.4123%,29,490,519,490,10,19,0
0x93322b,99.9763%,27,113853,113880,112310,10,17,1543
0x8e8539,99.9315%,26,37915,37941,37420,2,24,495
0x901cf4,97.843%,25,1134,1159,1134,6,19,0
0x8e88f4,94.8387%,24,441,465,441,7,17,0
0x4dea73,99.979%,23,109477,109500,107998,2,21,1479
0x52a6a4,99.9812%,21,111759,111780,110156,4,17,1603
0x8e874f,99.4673%,21,3921,3942,3885,3,18,36
0x529610,98.9198%,21,1923,1944,1908,9,12,15
0x5297c0,98.9198%,21,1923,1944,1913,4,17,10
0x8e7343,99.9406%,21,35325,35346,34047,5,16,1278
0x8e7354,98.4544%,20,1274,1294,1274,1,19,0
0x16744be,99.9867%,20,150786,150806,108417,8,12,42369
0x4eba95,99.9818%,19,104371,104390,102956,4,15,1415
0x50b0d5,99.9816%,19,103349,103368,101946,6,13,1403
0x4debb5,99.5662%,19,4361,4380,4310,10,9,51
0x4f6d2d,99.983%,18,106062,106080,104512,8,10,1550
0x51231a,99.0868%,18,1953,1971,1940,4,14,13
0x8e7654,98.532%,17,1141,1158,1141,0,17,0
0x512060,99.9855%,16,110360,110376,108859,5,11,1501
0x5125ac,99.1882%,16,1955,1971,1941,3,13,14
0x4ed390,99.9432%,16,28172,28188,26613,9,7,1559
0x9313b2,99.9886%,16,140384,140400,132591,9,7,7793
0x930701,99.989%,16,145784,145800,137693,7,9,8091
0x52a773,99.0123%,16,1604,1620,1516,8,8,88
0x518877,99.9852%,16,108308,108324,106728,3,13,1580
0x4ec004,99.2097%,15,1883,1898,1872,0,15,11
0x91a4ff,99.9466%,15,28065,28080,26512,8,7,1553
0x4f6ecf,99.6324%,15,4065,4080,4016,4,11,49
0x50b26d,99.6749%,14,4293,4307,4245,3,11,48
0x51c7c5,99.952%,14,29146,29160,27532,8,6,1614
0x4eca62,99.2624%,14,1884,1898,1870,2,12,14
0x50b388,99.9547%,13,28661,28674,27073,8,5,1588
0x9287d0,99.9479%,13,24947,24960,23395,5,8,1552
0x929fc2,99.1667%,13,1547,1560,1493,7,6,54
0x52ac52,99.9554%,13,29147,29160,27533,7,6,1614
0x51c6bd,99.6991%,13,4307,4320,4258,2,11,49
0x932f8f,99.9588%,12,29148,29160,27533,7,5,1615
0x91a0f3,99.7222%,12,4308,4320,4253,7,5,55
0x4ecddd,99.7011%,12,4003,4015,3954,6,6,49
0x9394a1,98.8701%,12,1050,1062,996,7,5,54
0x931427,99.8462%,12,7788,7800,6235,5,7,1553
0x91b3c4,99.9588%,12,29148,29160,27535,5,7,1613
0x92359d,99.9525%,12,25260,25272,23863,5,7,1397
0x506b43,94.7368%,12,216,228,3,5,7,213
0x9185d0,99.7446%,11,4296,4307,4242,6,5,54
0x9368e8,99.9629%,11,29635,29646,27996,3,8,1639
0x5128b0,99.9616%,11,28663,28674,27076,5,6,1587
0x92a632,99.2949%,11,1549,1560,1495,5,6,54
0x91bb36,99.9623%,11,29149,29160,27537,3,8,1612
0x9300c1,99.9246%,11,14569,14580,12954,6,5,1615
0x930d82,99.9926%,11,148219,148230,139991,4,7,8228
0x4f72f9,99.2949%,11,1549,1560,1493,7,4,56
0x4ec41b,97.6496%,11,457,468,437,5,6,20
0x92e24e,99.9657%,10,29150,29160,27537,3,7,1613
0x92f830,99.9657%,10,29150,29160,27537,3,7,1613
0x92473b,97.8632%,10,458,468,436,6,4,22
0x8e7503,99.7277%,10,3662,3672,3535,1,9,127
0x529d01,99.9645%,10,28178,28188,26619,3,7,1559
0x927648,97.8632%,10,458,468,436,6,4,22
0x918a0a,99.9638%,10,27602,27612,26074,4,6,1528
0x4f7a83,99.9637%,10,27530,27540,25916,4,6,1614
0x92d06d,99.9657%,10,29150,29160,27536,4,6,1614
0x936627,99.9657%,10,29150,29160,27537,3,7,1613
0x518d47,99.3723%,10,1583,1593,1527,7,3,56
0x932c66,99.7748%,10,4430,4440,4377,3,7,53
0x91a8d3,99.9657%,10,29150,29160,27535,5,5,1615
0x90b617,99.9571%,9,20965,20974,19809,0,9,1156
0x91b623,99.9679%,9,28071,28080,26518,2,7,1553
0x930798,99.8889%,9,8091,8100,6477,3,6,1614
0x930df7,99.8907%,9,8226,8235,6587,1,8,1639
0x918eed,99.9686%,9,28665,28674,27077,4,5,1588
0x1669c80,79.4872%,8,31,39,25,4,4,6
0x4ebd1e,98.2906%,8,460,468,439,3,5,21
0x9387fe,99.2593%,8,1072,1080,1016,4,4,56
0x92f9fd,99.9451%,8,14572,14580,12955,5,3,1617
0x9257cd,98.2906%,8,460,468,438,4,4,22
0x4dec87,99.9715%,8,28072,28080,26517,3,5,1555
0x5293dd,98.3539%,8,478,486,455,4,4,23
0x508a37,96.6667%,8,232,240,232,4,4,0
0x1669edb,78.125%,7,25,32,13,3,4,12
0x518e6e,99.9742%,7,27074,27081,25488,0,7,1586
0x4f9bf2,97.0833%,7,233,240,233,3,4,0
0x92677e,98.5043%,7,461,468,441,1,6,20
0x8e7643,99.9779%,7,31667,31674,30515,1,6,1152
0x507a36,97.0339%,7,229,236,229,3,4,0
0x932526,99.3625%,7,1091,1098,1034,3,4,57
0x8e9cf4,97.0954%,7,234,241,234,3,4,0
0x52ab76,99.5679%,7,1613,1620,1556,4,3,57
0x52a8f3,99.5679%,7,1613,1620,1557,3,4,56
0x923caf,99.2798%,7,965,972,912,6,1,53
0xf2f31a,99.856%,7,4853,4860,4680,0,7,173
0x916eca,99.9751%,7,28073,28080,26516,4,3,1557
0x506dff,12.5%,7,1,8,0,4,3,1
0x4f70e4,99.6154%,6,1554,1560,1498,2,4,56
0xf2f7ed,97.4138%,6,226,232,226,2,4,0
0x1668901,84.2105%,6,32,38,8,4,2,24
0x916170,99.9947%,6,113874,113880,113874,6,0,0
0x91602f,99.9947%,6,113874,113880,113874,6,0,0
0x8e64e0,68.4211%,6,13,19,11,2,4,2
0x93082e,99.9794%,6,29154,29160,27536,4,2,1618
0xf2fe44,97.5%,6,234,240,234,2,4,0
0x50770f,97.4576%,6,230,236,226,6,0,4
0x928d03,99.375%,6,954,960,896,4,2,58
0x8ead84,98.2143%,6,330,336,330,2,4,0
0x936b87,99.9802%,6,30234,30240,28559,1,5,1675
0x518bff,99.6234%,6,1587,1593,1531,3,3,56
0x1669e6a,88.2353%,6,45,51,6,5,1,39
0x166893c,75%,6,18,24,13,2,4,5
0x518ad6,99.6234%,6,1587,1593,1530,4,2,57
0x8df019,94.4444%,6,102,108,102,2,4,0
0x1669d14,79.3103%,6,23,29,11,1,5,12
0x5189a2,99.6234%,6,1587,1593,1531,3,3,56
0x90ce21,99.0741%,5,535,540,478,2,3,57
0x509ce6,93.1507%,5,68,73,68,4,1,0
0x50711d,99.9366%,5,7879,7884,7776,0,5,103
0x4f7818,99.6795%,5,1555,1560,1499,1,4,56
0x8df515,95.3704%,5,103,108,103,1,4,0
0x5072d4,95.3704%,5,103,108,103,1,4,0
0x9391d3,91.6667%,5,55,60,55,4,1,0
0x9158bb,97.1264%,5,169,174,169,2,3,0
0x930e8f,99.9831%,5,29641,29646,27996,3,2,1645
0x8df285,95.3704%,5,103,108,103,1,4,0
0x5072ad,99.9366%,5,7879,7884,7774,2,3,105
0x52912c,98.9712%,5,481,486,458,1,4,23
0x92a988,91.6667%,5,55,60,55,4,1,0
0x916bec,99.537%,5,1075,1080,1018,2,3,57
0x506dbe,96.2963%,4,104,108,104,0,4,0
0x4dd5f6,94.5205%,4,69,73,69,3,1,0
0x924de6,77.7778%,4,14,18,14,3,1,0
0x8e9ee4,97.7901%,4,177,181,177,1,3,0
0x4f88c6,98.6301%,4,288,292,288,0,4,0
0x4f7617,99.7436%,4,1556,1560,1499,1,3,57
0x8e85a2,78.9474%,4,15,19,0,2,2,15
0x16265dd,99.9966%,4,118256,118260,118256,4,0,0
0x8eae95,95.2381%,4,80,84,80,3,1,0
0x4f9858,99.999%,4,420476,420480,414720,0,4,5756
0x936889,99.7571%,4,1643,1647,0,0,4,1643
0x8e73b0,78.9474%,4,15,19,0,2,2,15
0x93219b,99.6296%,4,1076,1080,1020,0,4,56
0x8ded8a,96.2963%,4,104,108,104,0,4,0
0xf2f5fc,97.7011%,4,170,174,170,1,3,0
0x506fce,96.2963%,4,104,108,104,0,4,0
0x928993,99.9145%,4,4676,4680,3117,3,1,1559
0x50713f,96.2963%,4,104,108,104,0,4,0
0x8e63fd,78.9474%,4,15,19,14,3,1,1
0x52a9c9,99.7531%,4,1616,1620,0,0,4,1616
0x939668,77.7778%,4,14,18,14,3,1,0
0x91b308,99.8148%,3,1617,1620,0,0,3,1617
0x1669e15,96.3415%,3,79,82,26,3,0,53
0x4dedbb,99.7222%,3,1077,1080,1019,1,2,58
0x92337f,99.7863%,3,1401,1404,0,0,3,1401
0x512766,95%,3,57,60,56,3,0,1
0x4f798f,97.5%,3,117,120,59,1,2,58
0x8e875a,94.4444%,3,51,54,51,1,2,0
0x512248,88.8889%,3,24,27,0,0,3,24
0x4ecbff,95.8904%,3,70,73,70,2,1,0
0x16688f5,92.8571%,3,39,42,2,2,1,37
0x8def68,97.2222%,3,105,108,0,0,3,105
0x5123e9,99.8478%,3,1968,1971,0,0,3,1968
0x4ed592,94.9153%,3,56,59,56,2,1,0
0x927c47,83.3333%,3,15,18,15,2,1,0
0x93211d,95%,3,57,60,0,0,3,57
0x518ef0,99.9372%,3,4776,4779,3184,2,1,1592
0x9368f9,99.8179%,3,1644,1647,0,0,3,1644
0x8e6499,82.3529%,3,14,17,14,3,0,0
0x926d88,83.3333%,3,15,18,15,2,1,0
0x9390f4,95%,3,57,60,57,2,1,0
0x15f3cfe,99.9975%,3,118257,118260,118257,3,0,0
0x1669e96,87.5%,3,21,24,14,2,1,7
0x92562f,88.4615%,3,23,26,0,0,3,23
0x1669e7b,92.5%,3,37,40,30,2,1,7
0x9314b4,99.9893%,3,28077,28080,26519,1,2,1558
0x51875b,99.8117%,3,1590,1593,0,0,3,1590
0x927861,88.4615%,3,23,26,0,0,3,23
0x91939e,94.9153%,3,56,59,56,2,1,0
0x529eb1,94.9153%,3,56,59,56,2,1,0
0x8e648f,84.2105%,3,16,19,1,1,2,15
0x901b53,97.541%,3,119,122,0,0,3,119
0x8e925e,25%,3,1,4,0,1,2,1
0x4ec34b,88.4615%,3,23,26,0,0,3,23
0x1669c9a,70%,3,7,10,0,2,1,7
0x92665b,88.4615%,3,23,26,0,0,3,23
0x93076e,99.9815%,3,16197,16200,8098,2,1,8099
0x8e64b6,84.2105%,3,16,19,16,3,0,0
0x528fc2,25%,3,1,4,1,2,1,0
0x9233c1,99.7863%,3,1401,1404,0,0,3,1401
0xf2f345,98.3333%,3,177,180,177,0,3,0
0x1669e47,94.3396%,3,50,53,50,1,2,0
0x92a317,96.6667%,2,58,60,58,1,1,0
0x529cac,99.8723%,2,1564,1566,0,0,2,1564
0x166bd37,94.8718%,2,37,39,0,0,2,37
0x166a224,0%,2,0,2,0,0,2,0
0x92cfc8,99.8765%,2,1618,1620,1618,2,0,0
0x930d8d,99.9757%,2,8233,8235,0,0,2,8233
0x936c42,96.6667%,2,58,60,58,1,1,0
0x166a0dd,92.3077%,2,24,26,21,2,0,3
0x930058,99.8765%,2,1618,1620,0,0,2,1618
0x932219,98.3333%,2,118,120,59,1,1,59
0x8eaddb,50%,2,2,4,0,1,1,2
0x8e927e,33.3333%,2,1,3,1,2,0,0
0x9324b5,96.7213%,2,59,61,0,0,2,59
0x8e6475,89.4737%,2,17,19,1,1,1,16
0x51b486,97.2222%,2,70,72,70,1,1,0
0x91705c,96.6667%,2,58,60,58,1,1,0
0x901b67,98.3607%,2,120,122,120,0,2,0
0x939437,96.6102%,2,57,59,0,0,2,57
0x50b460,99.8745%,2,1591,1593,0,0,2,1591
0x92d126,96.6667%,2,58,60,58,1,1,0
0x93879d,96.6667%,2,58,60,0,0,2,58
0x1668933,92.3077%,2,24,26,0,2,0,24
0x50b2a2,99.8745%,2,1591,1593,0,0,2,1591
0x939858,88.8889%,2,16,18,16,1,1,0
0x92d0f3,99.8765%,2,1618,1620,0,0,2,1618
0xdea638,75%,2,6,8,2,2,0,4
0x162679b,99.9983%,2,118258,118260,0,0,2,118258
0x930fa0,96.7213%,2,59,61,59,1,1,0
0x50af7c,96.6102%,2,57,59,0,0,2,57
0x4ec132,88.8889%,2,16,18,16,1,1,0
0x916c07,96.6667%,2,58,60,0,0,2,58
0x166a270,93.1034%,2,27,29,19,0,2,8
0x931342,99.8718%,2,1558,1560,0,0,2,1558
0x931506,99.8718%,2,1558,1560,0,0,2,1558
0x1669e5d,96.2264%,2,51,53,0,2,0,51
0x512148,99.8985%,2,1969,1971,0,0,2,1969
0x8e7514,98.5294%,2,134,136,134,0,2,0
0x91ba75,96.6667%,2,58,60,0,0,2,58
0x511eb6,96.6667%,2,58,60,1,1,1,57
0x918bcd,99.8745%,2,1591,1593,0,0,2,1591
0x52a767,99.8765%,2,1618,1620,0,0,2,1618
0x9305e2,99.8765%,2,1618,1620,0,0,2,1618
0x932e31,99.8765%,2,1618,1620,0,0,2,1618
0x518fb3,96.6102%,2,57,59,57,1,1,0
0x931379,99.9744%,2,7798,7800,0,0,2,7798
0x923040,96.2963%,2,52,54,0,0,2,52
0x930943,96.6667%,2,58,60,58,1,1,0
0x51c701,99.8765%,2,1618,1620,0,0,2,1618
0x930bcf,96.7213%,2,59,61,0,0,2,59
0x92f71b,99.8765%,2,1618,1620,1618,2,0,0
0x92660f,92.3077%,2,24,26,0,0,2,24
0x9300cc,99.8765%,2,1618,1620,0,0,2,1618
0x93262b,96.7213%,2,59,61,59,1,1,0
0x5124d3,92.5926%,2,25,27,0,0,2,25
0x91b352,99.8765%,2,1618,1620,0,0,2,1618
0x512358,0%,2,0,2,0,1,1,0
0x93011b,99.8765%,2,1618,1620,0,0,2,1618
0x518e1f,99.8745%,2,1591,1593,0,0,2,1591
0x51894a,98.3051%,2,116,118,58,1,1,58
0x511f50,99.8677%,2,1510,1512,0,0,2,1510
0x511ec3,96.5517%,2,56,58,0,2,0,56
0x932540,96.7213%,2,59,61,0,0,2,59
0x5128c7,99.8745%,2,1591,1593,0,0,2,1591
0x512826,99.8745%,2,1591,1593,0,0,2,1591
0x528d6b,96.4912%,2,55,57,0,2,0,55
0x529536,92.5926%,2,25,27,0,0,2,25
0x930077,99.8765%,2,1618,1620,0,0,2,1618
0x4f7018,98.3333%,2,118,120,59,1,1,59
0x9315c3,96.6667%,2,58,60,58,1,1,0
0x5296e6,92.5926%,2,25,27,0,0,2,25
0x512449,92.5926%,2,25,27,25,1,1,0
0x91890e,99.8696%,2,1532,1534,0,0,2,1532
0x1626284,99.9983%,2,118258,118260,0,0,2,118258
0x5121a9,92.5926%,2,25,27,25,1,1,0
0x8e9274,50%,2,2,4,1,0,2,1
0x162624d,99.9983%,2,118258,118260,118258,2,0,0
0x91bc41,96.6667%,2,58,60,58,1,1,0
0x508874,99.9691%,2,6478,6480,0,0,2,6478
0x928598,99.8718%,2,1558,1560,0,0,2,1558
0x52aa2f,96.6667%,2,58,60,0,0,2,58
0x4f7b10,99.9588%,2,4858,4860,3240,0,2,1618
0xdea6de,75%,2,6,8,6,2,0,0
0x528d5e,96.6102%,2,57,59,0,2,0,57
0x8e922a,50%,2,2,4,2,2,0,0
0x4f6bcd,96.6667%,2,58,60,0,0,2,58
0x8e92b1,50%,2,2,4,2,2,0,0
0x512130,92.5926%,2,25,27,0,0,2,25
0x93070c,99.9753%,2,8098,8100,0,0,2,8098
0x938878,96.6667%,2,58,60,58,1,1,0
0x9394b8,96.6102%,2,57,59,0,0,2,57
0x4f79fe,99.8765%,2,1618,1620,0,0,2,1618
0x916ce6,96.6667%,2,58,60,0,0,2,58
0x9249e9,92.3077%,2,24,26,24,1,1,0
0x9249a1,92.3077%,2,24,26,0,0,2,24
0x931358,99.9744%,2,7798,7800,0,0,2,7798
0x92cff9,99.8765%,2,1618,1620,0,0,2,1618
0x91897f,99.8696%,2,1532,1534,0,0,2,1532
0x925a89,92.3077%,2,24,26,24,1,1,0
0x925e96,88.8889%,2,16,18,16,1,1,0
0x91badf,99.8765%,2,1618,1620,0,0,2,1618
0x5121cd,33.3333%,2,1,3,1,1,1,0
0x8e871b,96.2963%,2,52,54,0,0,2,52
0x4ec01d,92.3077%,2,24,26,24,1,1,0
0x939547,96.6102%,2,57,59,57,1,1,0
0x91b548,99.8718%,2,1558,1560,1558,2,0,0
0x9284c0,96.6667%,2,58,60,0,0,2,58
0x4de929,96.6667%,2,58,60,0,0,2,58
0x929e98,96.6667%,2,58,60,0,0,2,58
0x91b478,99.8765%,2,1618,1620,0,0,2,1618
0x929fed,96.6667%,2,58,60,58,1,1,0
0x5189ea,98.3051%,2,116,118,58,1,1,58
0x92a508,96.6667%,2,58,60,0,0,2,58
0x8eaf45,99.2063%,2,250,252,249,0,2,1
0x507460,99.9995%,2,433618,433620,427680,0,2,5938
0x4ece10,96.6102%,2,57,59,57,2,0,0
0x9278a9,92.3077%,2,24,26,24,1,1,0
0x51c73b,99.8765%,2,1618,1620,0,0,2,1618
0x4eb833,96.4912%,2,55,57,1,1,1,54
0x90cebf,96.6667%,2,58,60,58,1,1,0
0x4ec85a,97.2603%,2,71,73,71,1,1,0
0x162626e,99.9983%,2,118258,118260,0,0,2,118258
0x4ebc41,92.3077%,2,24,26,0,0,2,24
0x4ec1fd,0%,2,0,2,0,1,1,0
0x90ce7b,96.6667%,2,58,60,0,0,2,58
0x166a3e8,87.5%,2,14,16,14,2,0,0
0x91acd4,96.6667%,2,58,60,58,1,1,0
0x8e731b,99.8454%,2,1292,1294,0,0,2,1292
0xf2fa62,99.9537%,2,4318,4320,4080,0,2,238
0x166a1f7,91.3043%,2,21,23,15,1,1,6
0x4f9748,99.9653%,2,5758,5760,0,0,2,5758
0x928831,99.8718%,2,1558,1560,0,0,2,1558
0x4ebdf2,92.3077%,2,24,26,24,1,1,0
0x4ed218,96.6102%,2,57,59,1,0,2,56
0x91a62e,99.8765%,2,1618,1620,0,0,2,1618
0x92d35f,88.8889%,2,16,18,16,1,1,0
0x92459f,92.3077%,2,24,26,0,0,2,24
0x4ed336,99.8723%,2,1564,1566,0,0,2,1564
0x150ede2,50%,2,2,4,2,1,1,0
0x4ed238,96.5517%,2,56,58,0,0,2,56
0x930d28,99.9757%,2,8233,8235,0,0,2,8233
0x92fb57,96.6667%,2,58,60,58,1,1,0
0x529158,92.5926%,2,25,27,25,2,0,0
0x9365e7,99.8765%,2,1618,1620,0,0,2,1618
0x9302e1,0%,1,0,1,0,0,1,0
0x15174b1,0%,1,0,1,0,0,1,0
0x14fa077,0%,1,0,1,0,1,0,0
0x166a2d0,90%,1,9,10,0,0,1,9
0x919ff5,98.3333%,1,59,60,0,0,1,59
0x1515f95,0%,1,0,1,0,1,0,0
0x9392fc,0%,1,0,1,0,0,1,0
0x4ec398,96.1538%,1,25,26,0,0,1,25
0x52391b,0%,1,0,1,0,0,1,0
0x51f4cc,0%,1,0,1,0,0,1,0
0x931478,99.9359%,1,1559,1560,0,0,1,1559
0x4dec0b,99.9359%,1,1559,1560,0,0,1,1559
0x518b03,99.1525%,1,117,118,59,0,1,58
0x52388c,0%,1,0,1,0,0,1,0
0x917226,0%,1,0,1,0,1,0,0
0x4f74c5,98.3333%,1,59,60,0,0,1,59
0x4f89a8,75%,1,3,4,0,0,1,3
0xdead83,75%,1,3,4,3,1,0,0
0x529370,96.2963%,1,26,27,0,0,1,26
0x9278d7,0%,1,0,1,0,0,1,0
0x918a3d,99.9348%,1,1533,1534,0,0,1,1533
0x511edf,98.2143%,1,55,56,0,0,1,55
0x4f6071,0%,1,0,1,0,0,1,0
0x8e9e34,98.3333%,1,59,60,59,0,1,0
0x92cf8e,98.3333%,1,59,60,0,0,1,59
0x5077d6,99.984%,1,6263,6264,0,0,1,6263
0x51b495,0%,1,0,1,0,1,0,0
0x14fa120,0%,1,0,1,0,1,0,0
0x51285e,99.9372%,1,1592,1593,0,0,1,1592
0x9188f6,98.3051%,1,58,59,0,0,1,58
0x1669e4c,50%,1,1,2,0,1,0,1
0x4ed2fe,99.9361%,1,1565,1566,0,0,1,1565
0x14fa14a,0%,1,0,1,0,1,0,0
0x8e9875,75%,1,3,4,3,1,0,0
0x529280,50%,1,1,2,1,0,1,0
0x93051c,98.3333%,1,59,60,0,0,1,59
0x91a512,99.9359%,1,1559,1560,1559,1,0,0
0x9302fe,0%,1,0,1,0,0,1,0
0x93334f,0%,1,0,1,0,0,1,0
0x51a7d7,0%,1,0,1,0,1,0,0
0x4f7483,99.1667%,1,119,120,59,1,0,60
0x166a3d4,93.75%,1,15,16,0,0,1,15
0x4e5d72,0%,1,0,1,0,0,1,0
0x151387a,0%,1,0,1,0,1,0,0
0x915fab,99.9359%,1,1559,1560,1559,1,0,0
0x508836,99.9846%,1,6479,6480,0,0,1,6479
0x1626279,99.9992%,1,118259,118260,0,0,1,118259
0x93265a,0%,1,0,1,0,0,1,0
0x9306ac,99.9877%,1,8099,8100,0,0,1,8099
0x932490,98.3607%,1,60,61,0,0,1,60
0x939561,0%,1,0,1,0,0,1,0
0x14fa2b6,0%,1,0,1,0,1,0,0
0x936b95,99.9405%,1,1679,1680,0,0,1,1679
0x936b2a,99.9405%,1,1679,1680,0,0,1,1679
0x936998,98.3607%,1,60,61,60,0,1,0
0x9163a3,0%,1,0,1,0,1,0,0
0x4e5e48,0%,1,0,1,0,0,1,0
0x166c3a3,97.619%,1,41,42,0,0,1,41
0x14f9f9e,0%,1,0,1,0,1,0,0
0x9270d6,0%,1,0,1,0,0,1,0
0x923d05,98.1481%,1,53,54,53,1,0,0
0x929d0b,0%,1,0,1,0,0,1,0
0x8e88bb,99.7849%,1,464,465,0,0,1,464
0x14fa376,0%,1,0,1,0,1,0,0
0x4dd6b2,0%,1,0,1,0,0,1,0
0x9184ba,98.3051%,1,58,59,0,0,1,58
0x529f6f,0%,1,0,1,0,0,1,0
0x90b450,99.9142%,1,1165,1166,0,0,1,1165
0x9238e7,98.1481%,1,53,54,53,1,0,0
0x4ed3ab,99.9361%,1,1565,1566,0,0,1,1565
0x1516909,0%,1,0,1,0,1,0,0
0x927132,0%,1,0,1,0,0,1,0
0x4f7a9d,99.9383%,1,1619,1620,0,0,1,1619
0x930e52,99.9393%,1,1646,1647,0,0,1,1646
0x8e74db,99.2647%,1,135,136,0,0,1,135
0x930dde,99.9879%,1,8234,8235,0,0,1,8234
0x930cc7,99.9393%,1,1646,1647,0,0,1,1646
0x931457,99.9359%,1,1559,1560,0,0,1,1559
0x150eda2,75%,1,3,4,3,1,0,0
0x512475,0%,1,0,1,0,0,1,0
0x1516dbc,0%,1,0,1,0,1,0,0
0x925ab7,0%,1,0,1,0,0,1,0
0x9309ad,0%,1,0,1,0,0,1,0
0x15174c4,0%,1,0,1,0,1,0,0
0x92f79b,99.9383%,1,1619,1620,0,0,1,1619
0x92f9a3,99.9383%,1,1619,1620,0,0,1,1619
0x90ce2c,98.3333%,1,59,60,0,0,1,59
0x8eac96,75%,1,3,4,0,0,1,3
0x928089,0%,1,0,1,0,0,1,0
0x14fa0b4,0%,1,0,1,0,1,0,0
0x509d18,0%,1,0,1,0,1,0,0
0x4f7bee,98.3333%,1,59,60,59,0,1,0
0x4eca80,96.1538%,1,25,26,25,0,1,0
0x4ecaa7,0%,1,0,1,0,0,1,0
0x4ec50a,96.1538%,1,25,26,25,0,1,0
0x4ec622,94.4444%,1,17,18,17,0,1,0
0x4ec638,0%,1,0,1,0,0,1,0
0x4ed5c3,0%,1,0,1,0,0,1,0
0x9235c1,99.9288%,1,1403,1404,0,0,1,1403
0x4f6d5e,98.3333%,1,59,60,0,0,1,59
0x4f74b6,98.3333%,1,59,60,0,0,1,59
0x4f756c,99.1667%,1,119,120,59,1,0,60
0x92419b,0%,1,0,1,0,0,1,0
0x4f7a2f,99.9383%,1,1619,1620,0,0,1,1619
0x4ec95b,96.1538%,1,25,26,0,0,1,25
0x4de223,0%,1,0,1,0,0,1,0
0x166a2f1,90%,1,9,10,9,1,0,0
0x14fa286,0%,1,0,1,0,1,0,0
0x93140e,99.9872%,1,7799,7800,0,0,1,7799
0x16262fb,99.9992%,1,118259,118260,0,0,1,118259
0x4ded7d,98.3333%,1,59,60,0,0,1,59
0x93945c,98.3051%,1,58,59,0,0,1,58
0x4dedc9,98.3333%,1,59,60,0,0,1,59
0x4dee0a,98.3333%,1,59,60,0,0,1,59
0x4dd6d9,0%,1,0,1,0,0,1,0
0x927107,0%,1,0,1,0,0,1,0
0x4dece6,99.9359%,1,1559,1560,0,0,1,1559
0x9387bf,98.3333%,1,59,60,0,0,1,59
0x4ec4a7,96.1538%,1,25,26,0,0,1,25
0x93655e,98.3333%,1,59,60,0,0,1,59
0x4db87d,0%,1,0,1,0,0,1,0
0x50e829,0%,1,0,1,0,0,1,0
0x50e84d,0%,1,0,1,0,0,1,0
0xf359c8,0%,1,0,1,0,1,0,0
0x14f941a,0%,1,0,1,0,0,1,0
0x4e5ced,0%,1,0,1,0,0,1,0
0x8deba8,75%,1,3,4,0,0,1,3
0x4e5d33,0%,1,0,1,0,0,1,0
0x4e5d83,0%,1,0,1,0,0,1,0
0x91af43,0%,1,0,1,0,0,1,0
0x4eb826,98.3051%,1,58,59,1,1,0,57
0x4ebaff,75%,1,3,4,3,0,1,0
0x4f6031,0%,1,0,1,0,0,1,0
0x4ebd3c,96.1538%,1,25,26,0,0,1,25
0x52967a,0%,1,0,1,0,0,1,0
0x4ec13d,0%,1,0,1,0,0,1,0
0x916aec,98.3333%,1,59,60,0,0,1,59
0x936bd9,99.9405%,1,1679,1680,0,0,1,1679
0x4ebe25,66.6667%,1,2,3,2,0,1,0
0x511163,0%,1,0,1,0,0,1,0
0x51f4d6,0%,1,0,1,0,0,1,0
0x916390,98.3333%,1,59,60,59,0,1,0
0x927533,96.1538%,1,25,26,0,0,1,25
0x939762,0%,1,0,1,0,1,0,0
0x928ecf,99.4444%,1,179,180,120,0,1,59
0x92a00a,0%,1,0,1,0,0,1,0
0x92a376,0%,1,0,1,0,0,1,0
0x9365c9,99.9383%,1,1619,1620,0,0,1,1619
0x92a673,0%,1,0,1,0,0,1,0
0x92b5d2,0%,1,0,1,0,1,0,0
0x918a90,99.9348%,1,1533,1534,0,0,1,1533
0x918b6e,99.9372%,1,1592,1593,0,0,1,1592
0x151398b,0%,1,0,1,0,1,0,0
0x93681e,98.3607%,1,60,61,0,0,1,60
0x927170,0%,1,0,1,0,0,1,0
0x8e724d,94.7368%,1,18,19,0,0,1,18
0x91948d,0%,1,0,1,0,1,0,0
0xf362c0,0%,1,0,1,0,1,0,0
0x90b0cc,0%,1,0,1,0,1,0,0
0x92ba4d,0%,1,0,1,0,1,0,0
0x90b2b7,97.7273%,1,43,44,43,1,0,0
0x90b421,99.9142%,1,1165,1166,1165,1,0,0
0x8e682f,94.7368%,1,18,19,18,1,0,0
0xf35fad,0%,1,0,1,0,0,1,0
0x916dd8,99.9359%,1,1559,1560,0,0,1,1559
0x90b647,99.9142%,1,1164,1165,1164,1,0,0
0xac0f42,0%,1,0,1,0,1,0,0
0x91b503,98.3333%,1,59,60,0,0,1,59
0x91b6d9,99.9359%,1,1559,1560,0,0,1,1559
0x91b73b,98.3333%,1,59,60,59,0,1,0
0x91b754,0%,1,0,1,0,0,1,0
0x91ba0b,98.3333%,1,59,60,0,0,1,59
0xb762d5,0%,1,0,1,0,1,0,0
0x92794d,0%,1,0,1,0,0,1,0
0x91bd46,0%,1,0,1,0,1,0,0
0x928f3a,98.3333%,1,59,60,59,0,1,0
0x9240ef,98.1481%,1,53,54,0,0,1,53
0x924118,98.1481%,1,53,54,53,0,1,0
0x50b39a,99.9372%,1,1592,1593,0,0,1,1592
0x92413b,0%,1,0,1,0,0,1,0
0x9245fa,96.1538%,1,25,26,0,0,1,25
0x9251a6,0%,1,0,1,0,0,1,0
0x9251f2,0%,1,0,1,0,0,1,0
0x9257f2,96.1538%,1,25,26,0,0,1,25
0x90b10d,0%,1,0,1,0,1,0,0
0x926241,0%,1,0,1,0,0,1,0
0x926281,0%,1,0,1,0,0,1,0
0x926990,96.1538%,1,25,26,0,0,1,25
0x926a96,0%,1,0,1,0,0,1,0
0x926dc4,0%,1,0,1,0,0,1,0
0x4ebe5d,0%,1,0,1,0,0,1,0
0x4f76b9,99.1667%,1,119,120,60,0,1,59
0x529209,96.2963%,1,26,27,26,0,1,0
0x529bc7,98.3051%,1,58,59,1,0,1,57
0x14fa2e6,0%,1,0,1,0,1,0,0
0x15170df,0%,1,0,1,0,0,1,0
0x528e26,99.9327%,1,1484,1485,0,0,1,1484
0x1515fc7,0%,1,0,1,0,1,0,0
0x14fa496,0%,1,0,1,0,1,0,0
0x5297e7,96.2963%,1,26,27,26,0,1,0
0x52929b,0%,1,0,1,0,0,1,0
0x529326,96.2963%,1,26,27,0,0,1,26
0x4ec533,0%,1,0,1,0,0,1,0
0x52a724,98.3333%,1,59,60,0,0,1,59
0x52a58a,98.3333%,1,59,60,0,0,1,59
0x151668f,0%,1,0,1,0,1,0,0
0x52a6f3,98.3333%,1,59,60,0,0,1,59
0x52a90b,98.3333%,1,59,60,0,0,1,59
0x52a954,98.3333%,1,59,60,0,0,1,59
0x939925,0%,1,0,1,0,0,1,0
0x52abb1,98.3333%,1,59,60,0,0,1,59
0x51a9d9,0%,1,0,1,0,1,0,0
0x51b3b8,0%,1,0,1,0,0,1,0
0x1516b6e,0%,1,0,1,0,1,0,0
0x51b3e4,0%,1,0,1,0,0,1,0
0x915f80,98.3333%,1,59,60,0,0,1,59
0x14fa316,0%,1,0,1,0,1,0,0
0x922aa5,0%,1,0,1,0,0,1,0
0x14fa3d6,0%,1,0,1,0,1,0,0
0x92e0ff,98.3333%,1,59,60,0,0,1,59
0x14fa466,0%,1,0,1,0,1,0,0
0x14fa4c5,0%,1,0,1,0,0,1,0
0xa5f89f,0%,1,0,1,0,1,0,0
0xb67a00,0%,1,0,1,0,1,0,0
0xb6a731,0%,1,0,1,0,1,0,0
0x4ec1e7,0%,1,0,1,0,0,1,0
0x92766d,96.1538%,1,25,26,0,0,1,25
0x529637,96.2963%,1,26,27,26,0,1,0
0x529076,96.2963%,1,26,27,0,0,1,26
0x14faad9,0%,1,0,1,0,1,0,0
0x14fabb7,0%,1,0,1,0,1,0,0
0x90cdd7,98.3333%,1,59,60,0,0,1,59
0x14fb27b,0%,1,0,1,0,0,1,0
0x14fbdd4,0%,1,0,1,0,0,1,0
0xf34a5e,0%,1,0,1,0,1,0,0
0x51a6d9,0%,1,0,1,0,0,1,0
0x5120b6,75%,1,3,4,2,1,0,1
0x916b2c,98.3333%,1,59,60,0,0,1,59
0x523855,0%,1,0,1,0,0,1,0
0x517f14,0%,1,0,1,0,0,1,0
0x5121e2,0%,1,0,1,0,0,1,0
0x512341,96.2963%,1,26,27,26,0,1,0
0x4dcc2b,0%,1,0,1,0,1,0,0
0x4ebefb,96.1538%,1,25,26,0,0,1,25
0x5125d5,96.2963%,1,26,27,26,0,1,0
0x51236d,0%,1,0,1,0,0,1,0
0x15186ec,0%,1,0,1,0,1,0,0
0x50b51a,98.3051%,1,58,59,58,0,1,0
0x166bd23,97.4359%,1,38,39,0,0,1,38
0x90cc88,0%,1,0,1,0,0,1,0
0x938687,0%,1,0,1,0,0,1,0
0x4ec57d,0%,1,0,1,0,0,1,0
0x512a66,98.3333%,1,59,60,59,0,1,0
0x518733,98.3051%,1,58,59,0,0,1,58
0x518b3f,98.3051%,1,58,59,0,0,1,58
0x518b4e,98.3051%,1,58,59,0,0,1,58
0x518ba2,99.1525%,1,117,118,59,0,1,58
0x518c4f,99.1525%,1,117,118,58,1,0,59
0x936ab9,98.3333%,1,59,60,0,0,1,59
0x14f9ffe,0%,1,0,1,0,1,0,0
0x509d4c,0%,1,0,1,0,1,0,0
0x50afa7,99.9294%,1,1415,1416,0,0,1,1415
0x93868f,0%,1,0,1,0,0,1,0
0x92a65d,98.3333%,1,59,60,59,0,1,0
0x51c8e9,98.3333%,1,59,60,59,0,1,0
0x93667a,99.9691%,1,3239,3240,1620,0,1,1619
0x51c407,99.9306%,1,1439,1440,0,0,1,1439
0x5094c3,0%,1,0,1,0,1,0,0
0x1516fc0,0%,1,0,1,0,1,0,0
0x51c5a7,98.3333%,1,59,60,0,0,1,59
0x51c6e1,98.3333%,1,59,60,0,0,1,59
0x4eb963,99.9301%,1,1429,1430,0,0,1,1429
0x51c7d5,99.9383%,1,1619,1620,1619,1,0,0
0x9251d1,0%,1,0,1,0,0,1,0
0x933373,0%,1,0,1,0,0,1,0
0x1517684,0%,1,0,1,0,0,1,0
0x14fa17c,0%,1,0,1,0,1,0,0
0x508c96,0%,1,0,1,0,1,0,0
0x508cf4,0%,1,0,1,0,0,1,0
0x506d75,99.0741%,1,107,108,0,0,1,107
0x5110b3,0%,1,0,1,0,0,1,0
0x5110c4,0%,1,0,1,0,0,1,0
0x5110e7,0%,1,0,1,0,0,1,0
0x511117,0%,1,0,1,0,1,0,0
0x511186,0%,1,0,1,0,0,1,0
0x93214a,98.3333%,1,59,60,0,0,1,59
0x916ccb,98.3333%,1,59,60,0,0,1,59
0xa9771e,0%,1,0,1,0,1,0,0
0x90cd5e,98.3333%,1,59,60,0,0,1,59
0x4ebac9,98.1818%,1,54,55,54,1,0,0
0x518bc0,98.3051%,1,58,59,0,0,1,58
0xae9fa2,0%,1,0,1,0,1,0,0
0xb493d3,0%,1,0,1,0,1,0,0
0x8e73ff,50%,1,1,2,0,0,1,1
0x5237ad,0%,1,0,1,0,1,0,0
0x1517174,0%,1,0,1,0,1,0,0
0x932c90,98.3333%,1,59,60,0,0,1,59
0x150edf7,0%,1,0,1,0,1,0,0
0x51c3fa,98.3333%,1,59,60,0,0,1,59
0x92417e,0%,1,0,1,0,0,1,0
0xf32b6e,66.6667%,1,2,3,2,1,0,0
0x4dd55d,0%,1,0,1,0,0,1,0
0x936b49,99.9405%,1,1679,1680,0,0,1,1679
0x5125e8,98.3333%,1,59,60,0,0,1,59
0x8e9d85,75%,1,3,4,0,1,0,3
0x90b180,0%,1,0,1,0,0,1,0
0x517ecd,0%,1,0,1,0,0,1,0
0x8df3de,75%,1,3,4,3,1,0,0
0x9368a8,99.9393%,1,1646,1647,0,0,1,1646
0x52a70f,98.3333%,1,59,60,0,0,1,59
0x8df1f3,99.0741%,1,107,108,0,0,1,107
0x932dcf,99.9383%,1,1619,1620,0,0,1,1619
0x4dee8c,98.3333%,1,59,60,59,0,1,0
0x8df036,75%,1,3,4,0,0,1,3
0x8df53b,75%,1,3,4,0,0,1,3
0x8e88fb,94.7368%,1,18,19,18,1,0,0
0xac46df,0%,1,0,1,0,1,0,0
0xb74975,0%,1,0,1,0,1,0,0
0xf359be,0%,1,0,1,0,0,1,0
0x8dece4,99.0741%,1,107,108,0,0,1,107
0x8e850b,99.8073%,1,518,519,0,0,1,518
0x52981f,98.3051%,1,58,59,58,1,0,0
0x1515f04,0%,1,0,1,0,1,0,0
0x8e9268,66.6667%,1,2,3,2,1,0,0
0x529f4f,0%,1,0,1,0,0,1,0
0x46f6f4,99.9383%,1,1619,1620,0,0,1,1619
0x930d12,99.9393%,1,1646,1647,0,0,1,1646
0x166a367,91.6667%,1,11,12,8,1,0,3
0x512943,99.9372%,1,1592,1593,0,0,1,1592
0x918ae6,98.3051%,1,58,59,0,0,1,58
0x16263a0,99.9992%,1,118259,118260,118259,1,0,0
0x1668873,97.619%,1,41,42,0,0,1,41
0x507724,99.569%,1,231,232,231,1,0,0
0x150edbc,75%,1,3,4,0,0,1,3
0x930d49,99.9879%,1,8234,8235,0,0,1,8234
0x15d6558,99.5122%,1,204,205,204,1,0,0
0x8e9f57,75%,1,3,4,3,1,0,0
0x162625a,99.9992%,1,118259,118260,118259,1,0,0
0x508539,99.9846%,1,6479,6480,6240,0,1,239
0x9366de,98.3333%,1,59,60,59,0,1,0
0x166a1ee,98.3333%,1,59,60,36,1,0,23
0x166a466,93.75%,1,15,16,0,1,0,15
0x1515f60,0%,1,0,1,0,1,0,0
0x1515ff1,0%,1,0,1,0,1,0,0
0x508308,99.9998%,1,440639,440640,434160,0,1,6479
0x92e1b4,99.9383%,1,1619,1620,0,0,1,1619
0x166ac44,90%,1,9,10,0,1,0,9
0x93931b,0%,1,0,1,0,0,1,0
0x922ad3,0%,1,0,1,0,0,1,0
0x1515c57,0%,1,0,1,0,0,1,0
0x162629c,99.9992%,1,118259,118260,0,0,1,118259
0x928d6f,98.3333%,1,59,60,0,0,1,59
0x92f390,0%,1,0,1,0,0,1,0
0x924163,0%,1,0,1,0,0,1,0
0x1516664,80%,1,4,5,4,0,1,0
0x92d42d,0%,1,0,1,0,1,0,0
0x936477,0%,1,0,1,0,0,1,0
0x925185,0%,1,0,1,0,0,1,0
0x162623c,99.9992%,1,118259,118260,0,0,1,118259
0x93337d,0%,1,0,1,0,0,1,0
0x91b76d,0%,1,0,1,0,0,1,0
0x92e36f,98.3333%,1,59,60,59,0,1,0
0x1668bb5,97.619%,1,41,42,0,0,1,41
0x92e16a,99.9383%,1,1619,1620,1619,1,0,0
0x1515456,0%,1,0,1,0,0,1,0
0x925a41,96.1538%,1,25,26,0,0,1,25
0x8e71e5,94.7368%,1,18,19,18,1,0,0
0x92d38e,50%,1,1,2,0,1,0,1
0x9192cb,99.9372%,1,1592,1593,0,0,1,1592
0x529666,0%,1,0,1,0,0,1,0
0x1510260,0%,1,0,1,0,1,0,0
0x9312f7,99.9359%,1,1559,1560,0,0,1,1559
0x529c76,99.9361%,1,1565,1566,0,0,1,1565
0x1626373,99.9992%,1,118259,118260,118259,1,0,0
0x4debf9,98.3333%,1,59,60,0,0,1,59
0x939679,0%,1,0,1,0,0,1,0
0x1626290,99.9992%,1,118259,118260,0,0,1,118259
0x529267,0%,1,0,1,0,1,0,0
0x1626633,99.9992%,1,118259,118260,0,0,1,118259
0x1626658,99.9992%,1,118259,118260,0,0,1,118259
0x15f3cb5,99.9992%,1,118259,118260,0,0,1,118259
0x92f973,99.9383%,1,1619,1620,0,0,1,1619
0x9395a4,0%,1,0,1,0,0,1,0
0x1513902,0%,1,0,1,0,1,0,0
0x14fa0ee,0%,1,0,1,0,1,0,0
0x151392c,0%,1,0,1,0,1,0,0
0x9369a6,0%,1,0,1,0,0,1,0
0x92fa0b,99.9383%,1,1619,1620,0,0,1,1619
0x901bad,94.7368%,1,18,19,0,0,1,18
0x5188d8,98.3051%,1,58,59,0,0,1,58
0x1517dcd,0%,1,0,1,0,1,0,0
0x1668729,97.619%,1,41,42,0,0,1,41
0x90b0c2,0%,1,0,1,0,0,1,0
0x14fb289,0%,1,0,1,0,1,0,0
0x8e7ea4,94.7368%,1,18,19,18,1,0,0
0x4f79e5,98.3333%,1,59,60,0,0,1,59
0x8e6482,94.1176%,1,16,17,16,1,0,0
0x523814,0%,1,0,1,0,0,1,0
0x924760,96.1538%,1,25,26,0,0,1,25
0x512460,0%,1,0,1,0,0,1,0
0x4ec431,96.1538%,1,25,26,0,0,1,25
0x5110f8,0%,1,0,1,0,0,1,0
0x509c54,0%,1,0,1,0,0,1,0
0x15139cf,0%,1,0,1,0,1,0,0
0x93670a,0%,1,0,1,0,0,1,0
0x4f75c0,98.3333%,1,59,60,0,0,1,59
0x151715e,0%,1,0,1,0,0,1,0
0x92ff28,0%,1,0,1,0,0,1,0
0x93015f,98.3333%,1,59,60,59,0,1,0
0x92d420,0%,1,0,1,0,0,1,0
0x1513a57,0%,1,0,1,0,1,0,0
0x4ed424,99.9361%,1,1565,1566,0,0,1,1565
0x14fa1b1,0%,1,0,1,0,1,0,0
0x16262a8,99.9992%,1,118259,118260,0,0,1,118259
0x52adb1,98.3333%,1,59,60,59,0,1,0
0xa97f90,0%,1,0,1,0,1,0,0
0x51b01c,0%,1,0,1,0,1,0,0
0x919b00,98.3333%,1,59,60,59,1,0,0
0x93333e,98.3333%,1,59,60,59,0,1,0
0x93226d,98.3333%,1,59,60,59,0,1,0
0x5294af,96.2963%,1,26,27,26,0,1,0
0x9269d8,96.1538%,1,25,26,25,0,1,0
0x14fadbb,0%,1,0,1,0,1,0,0
0x52376d,0%,1,0,1,0,1,0,0
0x9172d0,0%,1,0,1,0,1,0,0
0x15138e3,0%,1,0,1,0,1,0,0
0x16262b4,99.9992%,1,118259,118260,0,0,1,118259
0x8df2e9,75%,1,3,4,0,0,1,3
0x529bd4,98.2759%,1,57,58,0,0,1,57
0x1668968,97.3684%,1,37,38,12,0,1,25
0x4e5da0,0%,1,0,1,0,1,0,0
0x523742,0%,1,0,1,0,0,1,0
0x51278b,98.3051%,1,58,59,58,1,0,0
0x4ec88f,0%,1,0,1,0,0,1,0
0x14fab16,0%,1,0,1,0,1,0,0
0x916ed8,99.9359%,1,1559,1560,0,0,1,1559
0x92fa4a,99.9383%,1,1619,1620,0,0,1,1619
0x509493,0%,1,0,1,0,1,0,0
0x508453,99.7917%,1,479,480,240,0,1,239
0x14fa256,100%,0,1,1,1,0,0,0
0x4ebe08,100%,0,1,1,1,0,0,0
0x4e5dd8,100%,0,1,1,1,0,0,0
0x91bc51,100%,0,1,1,1,0,0,0
0x4e5e76,100%,0,1,1,0,0,0,1
0x166a2e7,100%,0,10,10,0,0,0,10
0x4ebda7,100%,0,26,26,0,0,0,26
0x8eade9,100%,0,1,1,0,0,0,1
0x506d02,100%,0,1944,1944,1836,0,0,108
0xf32c70,100%,0,3,3,0,0,0,3
0x4ebc92,100%,0,26,26,0,0,0,26
0x8e7215,100%,0,19,19,0,0,0,19
0x1513a35,100%,0,1,1,1,0,0,0
0x913f61,100%,0,3,3,0,0,0,3
0x507186,100%,0,4,4,0,0,0,4
0x166a0a6,100%,0,29,29,29,0,0,0
0x4dbf31,100%,0,1,1,1,0,0,0
0x5086b3,100%,0,240,240,0,0,0,240
0x924a17,100%,0,1,1,0,0,0,1
0x166a3b5,100%,0,16,16,0,0,0,16
0xdeadb0,100%,0,4,4,4,0,0,0
0x8ea750,100%,0,4,4,4,0,0,0
0xf35398,100%,0,1,1,0,0,0,1
0xf353f3,100%,0,1,1,1,0,0,0
0x4e5db7,100%,0,1,1,0,0,0,1
0x4e5ce4,100%,0,1,1,0,0,0,1
0x166bd4b,100%,0,39,39,39,0,0,0
0x150de16,100%,0,3,3,3,0,0,0
0x166a39b,100%,0,16,16,0,0,0,16
0x4e5d06,100%,0,1,1,1,0,0,0
0x4e5d22,100%,0,1,1,0,0,0,1
0x913f3b,100%,0,3,3,0,0,0,3
0x4e5d4d,100%,0,1,1,1,0,0,0
0x166a3de,100%,0,16,16,16,0,0,0
0x8e83a6,100%,0,19,19,0,0,0,19
0x150dc16,100%,0,3,3,3,0,0,0
0x1674495,100%,0,42381,42381,0,0,0,42381
0x150dcc6,100%,0,3,3,3,0,0,0
0x150dd26,100%,0,3,3,3,0,0,0
0x1513aad,100%,0,1,1,0,0,0,1
0x5081dd,100%,0,240,240,0,0,0,240
0x150ddb6,100%,0,3,3,3,0,0,0
0x1669ca3,100%,0,8,8,0,0,0,8
0x1668f06,100%,0,15,15,0,0,0,15
0x14fafb4,100%,0,1,1,1,0,0,0
0xdead4f,100%,0,8,8,4,0,0,4
0x501234,100%,0,4,4,4,0,0,0
0x4f6bee,100%,0,1560,1560,0,0,0,1560
0x929ce1,100%,0,1,1,0,0,0,1
0x8eaca0,100%,0,4,4,4,0,0,0
0x4f702d,100%,0,60,60,0,0,0,60
0x150dde6,100%,0,3,3,3,0,0,0
0x8e73a0,100%,0,19,19,0,0,0,19
0x150def2,100%,0,3,3,0,0,0,3
0x92962d,100%,0,1,1,1,0,0,0
0x508613,100%,0,480,480,240,0,0,240
0x4ec08a,100%,0,1,1,0,0,0,1
0x915555,100%,0,4698,4698,0,0,0,4698
0xf359c3,100%,0,1,1,0,0,0,1
0x8e855a,100%,0,19,19,0,0,0,19
0x50120d,100%,0,4,4,0,0,0,4
0x915f42,100%,0,1,1,0,0,0,1
0xf33136,100%,0,3,3,3,0,0,0
0x8e761b,100%,0,1158,1158,0,0,0,1158
0x166aea7,100%,0,16,16,0,0,0,16
0x166a27a,100%,0,10,10,0,0,0,10
0x150db30,100%,0,3,3,3,0,0,0
0x1668832,100%,0,42,42,0,0,0,42
0x9390fd,100%,0,1,1,0,0,0,1
0x8e8563,100%,0,19,19,19,0,0,0
0x150db4e,100%,0,3,3,3,0,0,0
0x150dbb6,100%,0,3,3,3,0,0,0
0x1515eda,100%,0,1,1,1,0,0,0
0x4ec8b1,100%,0,1,1,0,0,0,1
0x529f07,100%,0,1,1,0,0,0,1
0xf2f710,100%,0,112680,112680,106420,0,0,6260
0x166a1e6,100%,0,37,37,0,0,0,37
0x91253e,100%,0,3,3,3,0,0,0
0x1669eb1,100%,0,8,8,0,0,0,8
0x5011de,100%,0,4,4,0,0,0,4
0x913134,100%,0,3,3,3,0,0,0
0x4f6ef3,100%,0,60,60,0,0,0,60
0x5011e8,100%,0,4,4,0,0,0,4
0x166bd7c,100%,0,39,39,39,0,0,0
0x506cb2,100%,0,108,108,0,0,0,108
0x151825f,100%,0,1,1,1,0,0,0
0x927c73,100%,0,1,1,0,0,0,1
0x1511a87,100%,0,1,1,1,0,0,0
0x150d4b2,100%,0,3,3,3,0,0,0
0x517f79,100%,0,1,1,0,0,0,1
0x939116,100%,0,1,1,1,0,0,0
0x918f25,100%,0,1593,1593,1593,0,0,0
0x1669e29,100%,0,53,53,0,0,0,53
0x92388f,100%,0,1404,1404,0,0,0,1404
0x5188c9,100%,0,59,59,0,0,0,59
0x16262dc,100%,0,118260,118260,0,0,0,118260
0x9185dd,100%,0,59,59,59,0,0,0
0x507360,100%,0,5940,5940,0,0,0,5940
0x5120d3,100%,0,1,1,0,0,0,1
0x517e57,100%,0,1,1,1,0,0,0
0x913202,100%,0,3,3,3,0,0,0
0xdeb102,100%,0,4,4,0,0,0,4
0x166bd73,100%,0,39,39,0,0,0,39
0x8df066,100%,0,4,4,0,0,0,4
0x92d07c,100%,0,1620,1620,0,0,0,1620
0xdeb0f5,100%,0,4,4,4,0,0,0
0x509d14,100%,0,1,1,0,0,0,1
0x8df08c,100%,0,4,4,0,0,0,4
0x8e8354,100%,0,19,19,0,0,0,19
0xf2e8a9,100%,0,3,3,3,0,0,0
0x151793b,100%,0,1,1,1,0,0,0
0x8e835d,100%,0,19,19,0,0,0,19
0x506ea6,100%,0,108,108,0,0,0,108
0x507a59,100%,0,4,4,0,0,0,4
0x150dd56,100%,0,3,3,3,0,0,0
0x1513956,100%,0,1,1,1,0,0,0
0x1669cdd,100%,0,39,39,0,0,0,39
0x51ac5c,100%,0,1,1,1,0,0,0
0x509896,100%,0,1,1,1,0,0,0
0x508203,100%,0,6480,6480,0,0,0,6480
0x8e650c,100%,0,19,19,19,0,0,0
0x901c7d,100%,0,1159,1159,0,0,0,1159
0x92e304,100%,0,1620,1620,0,0,0,1620
0x523753,100%,0,1,1,0,0,0,1
0x15d653a,100%,0,205,205,0,0,0,205
0x92bef9,100%,0,1,1,0,0,0,1
0xb73cc5,100%,0,1,1,1,0,0,0
0x166bd97,100%,0,39,39,0,0,0,39
0xb74f62,100%,0,1,1,1,0,0,0
0x1668c6e,100%,0,42,42,0,0,0,42
0x166bd5c,100%,0,39,39,0,0,0,39
0x523831,100%,0,1,1,1,0,0,0
0x939863,100%,0,1,1,0,0,0,1
0x166a459,100%,0,16,16,16,0,0,0
0x50786c,100%,0,6264,6264,0,0,0,6264
0x166bda5,100%,0,39,39,0,0,0,39
0x92621f,100%,0,1,1,0,0,0,1
0x92a9c7,100%,0,1,1,1,0,0,0
0x914f47,100%,0,174,174,174,0,0,0
0xf2feb1,100%,0,4,4,0,0,0,4
0x150d4d4,100%,0,3,3,0,0,0,3
0x506b63,100%,0,220,220,220,0,0,0
0x518c64,100%,0,59,59,0,0,0,59
0x8e9502,100%,0,4,4,4,0,0,0
0x51107b,100%,0,1,1,0,0,0,1
0x8dedae,100%,0,4,4,0,0,0,4
0x518dd5,100%,0,59,59,0,0,0,59
0x4f6f02,100%,0,60,60,0,0,0,60
0x166ae91,100%,0,16,16,0,0,0,16
0x518df1,100%,0,1593,1593,0,0,0,1593
0x92afb8,100%,0,1,1,1,0,0,0
0x9305fb,100%,0,1620,1620,0,0,0,1620
0x518e7a,100%,0,1593,1593,0,0,0,1593
0xf319d3,100%,0,3,3,0,0,0,3
0x150dea6,100%,0,3,3,3,0,0,0
0x508def,100%,0,1,1,1,0,0,0
0x509030,100%,0,1,1,1,0,0,0
0x509233,100%,0,1,1,0,0,0,1
0x939799,100%,0,1,1,0,0,0,1
0x5087cf,100%,0,480,480,240,0,0,240
0x92854e,100%,0,1560,1560,0,0,0,1560
0x8e85b1,100%,0,2,2,0,0,0,2
0x8e8551,100%,0,19,19,0,0,0,19
0x91cfbc,100%,0,1,1,0,0,0,1
0x9330c0,100%,0,1620,1620,0,0,0,1620
0x929cc1,100%,0,1,1,0,0,0,1
0x929d03,100%,0,1,1,0,0,0,1
0x8e7362,100%,0,19,19,0,0,0,19
0x8e9be0,100%,0,4,4,4,0,0,0
0xdead5e,100%,0,4,4,0,0,0,4
0x506baf,100%,0,4,4,4,0,0,0
0x151642f,100%,0,1,1,0,0,0,1
0x5014b7,100%,0,4,4,4,0,0,0
0x92a37e,100%,0,1,1,0,0,0,1
0x914d11,100%,0,3,3,0,0,0,3
0x506c76,100%,0,108,108,0,0,0,108
0x501217,100%,0,4,4,0,0,0,4
0x166acbf,100%,0,10,10,0,0,0,10
0xdeb112,100%,0,8,8,8,0,0,0
0x166a3bf,100%,0,16,16,0,0,0,16
0xdea655,100%,0,4,4,4,0,0,0
0x925eca,100%,0,1,1,0,0,0,1
0x166acce,100%,0,10,10,0,0,0,10
0x9311ff,100%,0,60,60,0,0,0,60
0x1668733,100%,0,42,42,0,0,0,42
0x51ac29,100%,0,1,1,1,0,0,0
0x9267a3,100%,0,26,26,0,0,0,26
0x91a100,100%,0,60,60,60,0,0,0
0x15139f1,100%,0,1,1,1,0,0,0
0x92e25d,100%,0,1620,1620,0,0,0,1620
0x16262c7,100%,0,118260,118260,0,0,0,118260
0x9172fd,100%,0,1,1,1,0,0,0
0x92f5ef,100%,0,60,60,0,0,0,60
0x9321b8,100%,0,60,60,0,0,0,60
0x51101f,100%,0,1,1,0,0,0,1
0x915812,100%,0,14094,14094,9396,0,0,4698
0x4dbf1b,100%,0,1,1,0,0,0,1
0x151769a,100%,0,1,1,1,0,0,0
0x927f7e,100%,0,1,1,0,0,0,1
0x92800c,100%,0,1,1,0,0,0,1
0x1516fad,100%,0,1,1,0,0,0,1
0xf2fcb7,100%,0,116640,116640,110160,0,0,6480
0x51a9d1,100%,0,1,1,0,0,0,1
0xb768c2,100%,0,1,1,1,0,0,0
0x91a687,100%,0,1620,1620,0,0,0,1620
0x92fe7c,100%,0,1,1,0,0,0,1
0x91a922,100%,0,1620,1620,0,0,0,1620
0x8eaf54,100%,0,4,4,4,0,0,0
0x15138a7,100%,0,1,1,1,0,0,0
0xf2f286,100%,0,180,180,0,0,0,180
0x91acec,100%,0,1,1,0,0,0,1
0x167441c,100%,0,42381,42381,42381,0,0,0
0x4f71a4,100%,0,120,120,60,0,0,60
0x150dc70,100%,0,3,3,3,0,0,0
0x9167fa,100%,0,1,1,0,0,0,1
0x166acd9,100%,0,10,10,0,0,0,10
0x926269,100%,0,1,1,0,0,0,1
0x915a1c,100%,0,1,1,1,0,0,0
0x915a69,100%,0,1,1,1,0,0,0
0x8e71d7,100%,0,19,19,0,0,0,19
0x4f9b61,100%,0,6480,6480,0,0,0,6480
0x939512,100%,0,59,59,0,0,0,59
0x917297,100%,0,1,1,1,0,0,0
0x917de0,100%,0,59,59,59,0,0,0
0xf2fa04,100%,0,240,240,0,0,0,240
0x8eadd2,100%,0,4,4,0,0,0,4
0x151761b,100%,0,1,1,0,0,0,1
0x936635,100%,0,1620,1620,0,0,0,1620
0x15139ad,100%,0,1,1,1,0,0,0
0x50115f,100%,0,4,4,0,0,0,4
0x917290,100%,0,1,1,0,0,0,1
0x925b3f,100%,0,1,1,0,0,0,1
0x162664d,100%,0,118260,118260,0,0,0,118260
0x50b289,100%,0,59,59,0,0,0,59
0x5123d0,100%,0,27,27,0,0,0,27
0x919454,100%,0,1,1,1,0,0,0
0x8e9d11,100%,0,4,4,4,0,0,0
0x150dc3b,100%,0,3,3,3,0,0,0
0x8e8366,100%,0,19,19,19,0,0,0
0x8e79f4,100%,0,19,19,19,0,0,0
0x50866c,100%,0,6480,6480,6240,0,0,240
0x4dd6cf,100%,0,1,1,0,0,0,1
0x4ded3d,100%,0,60,60,0,0,0,60
0x150e6f1,100%,0,3,3,0,0,0,3
0x1669cae,100%,0,8,8,0,0,0,8
0x1669cc9,100%,0,8,8,8,0,0,0
0x166a374,100%,0,3,3,3,0,0,0
0x15d65d0,100%,0,205,205,0,0,0,205
0x150de46,100%,0,3,3,3,0,0,0
0x92a331,100%,0,1,1,0,0,0,1
0x1626307,100%,0,118260,118260,118260,0,0,0
0xb75c12,100%,0,1,1,1,0,0,0
0x150e6d7,100%,0,3,3,0,0,0,3
0x166a0e9,100%,0,3,3,3,0,0,0
0xf2e884,100%,0,3,3,0,0,0,3
0xf2e95c,100%,0,3,3,0,0,0,3
0x91ae9d,100%,0,1,1,1,0,0,0
0x91b233,100%,0,60,60,0,0,0,60
0xf2e965,100%,0,3,3,0,0,0,3
0x4f99d9,100%,0,240,240,0,0,0,240
0x15d7f83,100%,0,205,205,0,0,0,205
0x507861,100%,0,112752,112752,106488,0,0,6264
0xf2f6c8,100%,0,6259,6259,0,0,0,6259
0x1513a78,100%,0,1,1,0,0,0,1
0x507ab7,100%,0,4,4,0,0,0,4
0x4ea305,100%,0,1,1,1,0,0,0
0x1669e36,100%,0,53,53,0,0,0,53
0x939305,100%,0,1,1,0,0,0,1
0x93869c,100%,0,1,1,0,0,0,1
0x151767b,100%,0,1,1,0,0,0,1
0x507172,100%,0,4,4,0,0,0,4
0x4dc4ab,100%,0,1,1,1,0,0,0
0x91b596,100%,0,1560,1560,0,0,0,1560
0x4dd605,100%,0,1,1,1,0,0,0
0x91a5d2,100%,0,60,60,0,0,0,60
0x150deff,100%,0,3,3,0,0,0,3
0x4de958,100%,0,1500,1500,0,0,0,1500
0x4f99eb,100%,0,6480,6480,0,0,0,6480
0x4deae4,100%,0,60,60,0,0,0,60
0x150df0c,100%,0,3,3,3,0,0,0
0x4dec92,100%,0,1560,1560,0,0,0,1560
0x50835a,100%,0,240,240,0,0,0,240
0x92d30a,100%,0,1,1,0,0,0,1
0x932c09,100%,0,60,60,0,0,0,60
0x16689a5,100%,0,4,4,0,0,0,4
0x926a0e,100%,0,1,1,0,0,0,1
0xa5c2f8,100%,0,1,1,1,0,0,0
0x923971,100%,0,54,54,0,0,0,54
0x4e5da6,100%,0,1,1,0,0,0,1
0x15d65bd,100%,0,205,205,0,0,0,205
0x15134dc,100%,0,1,1,0,0,0,1
0x506ed6,100%,0,108,108,0,0,0,108
0x924a9f,100%,0,1,1,0,0,0,1
0x14f98f0,100%,0,1,1,0,0,0,1
0x92d331,100%,0,1,1,0,0,0,1
0x930fcc,100%,0,1,1,0,0,0,1
0x8df2cb,100%,0,4,4,0,0,0,4
0x91bba3,100%,0,1620,1620,0,0,0,1620
0x92520f,100%,0,1,1,0,0,0,1
0x507058,100%,0,108,108,0,0,0,108
0x1669253,100%,0,42,42,42,0,0,0
0x5083cb,100%,0,480,480,240,0,0,240
0x92dfb6,100%,0,1,1,0,0,0,1
0x91bb4c,100%,0,1620,1620,0,0,0,1620
0x507ae2,100%,0,4,4,0,0,0,4
0x91a417,100%,0,1560,1560,0,0,0,1560
0x91b632,100%,0,1560,1560,0,0,0,1560
0xf2f3a3,100%,0,3,3,0,0,0,3
0x150dcf6,100%,0,3,3,3,0,0,0
0x1517155,100%,0,1,1,0,0,0,1
0xf2f3f3,100%,0,174,174,0,0,0,174
0xf2f435,100%,0,4698,4698,0,0,0,4698
0x1626639,100%,0,118260,118260,0,0,0,118260
0x8e7667,100%,0,19,19,19,0,0,0
0x166a2a5,100%,0,10,10,10,0,0,0
0x939744,100%,0,1,1,0,0,0,1
0xf2fc18,100%,0,6480,6480,0,0,0,6480
0x16688aa,100%,0,42,42,42,0,0,0
0x507806,100%,0,6264,6264,0,0,0,6264
0xf2f4d9,100%,0,4698,4698,0,0,0,4698
0x91d03f,100%,0,1,1,0,0,0,1
0xf2f801,100%,0,4,4,0,0,0,4
0xf32e60,100%,0,3,3,3,0,0,0
0x5238fb,100%,0,1,1,0,0,0,1
0x930e2e,100%,0,1647,1647,0,0,0,1647
0x8e754b,100%,0,17,17,0,0,0,17
0x509d64,100%,0,1,1,1,0,0,0
0x932fae,100%,0,1620,1620,0,0,0,1620
0x156b801,100%,0,20,20,0,0,0,20
0x924e1a,100%,0,1,1,0,0,0,1
0x930e9a,100%,0,1647,1647,0,0,0,1647
0x8eacd5,100%,0,4,4,0,0,0,4
0x52a937,100%,0,60,60,0,0,0,60
0x930ef1,100%,0,1647,1647,0,0,0,1647
0x518d7e,100%,0,118,118,59,0,0,59
0x913f86,100%,0,3,3,0,0,0,3
0x91a3ce,100%,0,1560,1560,0,0,0,1560
0x91522a,100%,0,4698,4698,0,0,0,4698
0x5088d2,100%,0,6480,6480,0,0,0,6480
0xf2f640,100%,0,3,3,0,0,0,3
0x8eada6,100%,0,4,4,4,0,0,0
0x1668f14,100%,0,15,15,0,0,0,15
0x166873d,100%,0,42,42,0,0,0,42
0x9313bd,100%,0,7800,7800,0,0,0,7800
0x915522,100%,0,79866,79866,75168,0,0,4698
0x9274df,100%,0,26,26,0,0,0,26
0x15d65dd,100%,0,205,205,0,0,0,205
0x92a350,100%,0,1,1,0,0,0,1
0x4db830,100%,0,1,1,1,0,0,0
0x150dd86,100%,0,3,3,3,0,0,0
0x1669d22,100%,0,29,29,29,0,0,0
0x9307d7,100%,0,1620,1620,0,0,0,1620
0x150defb,100%,0,3,3,0,0,0,3
0xf2fb16,100%,0,240,240,0,0,0,240
0x930839,100%,0,1620,1620,0,0,0,1620
0x930682,100%,0,8100,8100,0,0,0,8100
0x912513,100%,0,3,3,3,0,0,0
0x15138c1,100%,0,1,1,1,0,0,0
0x506e1a,100%,0,4,4,0,0,0,4
0x15d65b7,100%,0,205,205,0,0,0,205
0x4f7e0e,100%,0,4,4,4,0,0,0
0x9325d9,100%,0,61,61,0,0,0,61
0xf2e834,100%,0,3,3,0,0,0,3
0xf2f4bd,100%,0,79866,79866,75168,0,0,4698
0x4f899e,100%,0,4,4,0,0,0,4
0x166a43c,100%,0,16,16,0,0,0,16
0x8e64ca,100%,0,19,19,19,0,0,0
0x501183,100%,0,4,4,4,0,0,0
0xf2f6a1,100%,0,6259,6259,0,0,0,6259
0xf318c1,100%,0,4,4,0,0,0,4
0x1668f1b,100%,0,15,15,0,0,0,15
0x14fa04d,100%,0,1,1,1,0,0,0
0x15d801a,100%,0,205,205,205,0,0,0
0x8df190,100%,0,4,4,0,0,0,4
0x501169,100%,0,4,4,0,0,0,4
0x50a8bb,100%,0,1,1,0,0,0,1
0x15d65ea,100%,0,205,205,0,0,0,205
0x8e8391,100%,0,19,19,0,0,0,19
0x16689b2,100%,0,4,4,4,0,0,0
0x14f9f3e,100%,0,1,1,1,0,0,0
0x14f9f5e,100%,0,1,1,1,0,0,0
0x14fa023,100%,0,1,1,1,0,0,0
0x1668999,100%,0,42,42,38,0,0,4
0x150db6e,100%,0,3,3,3,0,0,0
0x150ea97,100%,0,4,4,4,0,0,0
0x50877d,100%,0,6480,6480,6240,0,0,240
0x15f3cbd,100%,0,118260,118260,118260,0,0,0
0x166ac2b,100%,0,10,10,0,0,0,10
0x90ce9b,100%,0,60,60,0,0,0,60
0x166c3b3,100%,0,42,42,0,0,0,42
0x8eaccc,100%,0,4,4,0,0,0,4
0x166a157,100%,0,3,3,3,0,0,0
0x4f71b9,100%,0,60,60,0,0,0,60
0x506f40,100%,0,108,108,0,0,0,108
0x931c9a,100%,0,1,1,0,0,0,1
0x8eac8c,100%,0,4,4,0,0,0,4
0x92fffe,100%,0,60,60,0,0,0,60
0x14f9f7e,100%,0,1,1,1,0,0,0
0xf31deb,100%,0,3,3,3,0,0,0
0x509243,100%,0,1,1,1,0,0,0
0x1668ba0,100%,0,42,42,42,0,0,0
0x150eb3c,100%,0,4,4,0,0,0,4
0x927153,100%,0,1,1,0,0,0,1
0x9331c8,100%,0,1560,1560,0,0,0,1560
0x9307fb,100%,0,1620,1620,0,0,0,1620
0x92ce9a,100%,0,1,1,0,0,0,1
0x150dec8,100%,0,3,3,3,0,0,0
0x8e8765,100%,0,17,17,0,0,0,17
0x1668892,100%,0,42,42,0,0,0,42
0x14fab48,100%,0,1,1,1,0,0,0
0x1668c87,100%,0,42,42,42,0,0,0
0x93888c,100%,0,1,1,1,0,0,0
0x506d25,100%,0,108,108,0,0,0,108
0xf32b24,100%,0,3,3,0,0,0,3
0x1669e08,100%,0,51,51,0,0,0,51
0x501206,100%,0,4,4,4,0,0,0
0xf2f416,100%,0,4698,4698,0,0,0,4698
0x9151e6,100%,0,4698,4698,0,0,0,4698
0x51abe5,100%,0,1,1,1,0,0,0
0x1626320,100%,0,118260,118260,118260,0,0,0
0x1668867,100%,0,42,42,42,0,0,0
0xf32c58,100%,0,3,3,0,0,0,3
0x1669ea8,100%,0,8,8,0,0,0,8
0x92805c,100%,0,1,1,0,0,0,1
0x14f93f8,100%,0,1,1,1,0,0,0
0x914d74,100%,0,3,3,0,0,0,3
0x92f886,100%,0,1620,1620,1620,0,0,0
0x8e9bd6,100%,0,4,4,0,0,0,4
0x91a367,100%,0,60,60,0,0,0,60
0x518961,100%,0,59,59,0,0,0,59
0xf2f1ee,100%,0,3,3,0,0,0,3
0x4f88d5,100%,0,4,4,4,0,0,0
0x150db8e,100%,0,3,3,3,0,0,0
0x92629e,100%,0,1,1,0,0,0,1
0x4f91e8,100%,0,4,4,0,0,0,4
0x4f83ec,100%,0,4,4,4,0,0,0
0x92dfa6,100%,0,1,1,0,0,0,1
0x92d367,100%,0,1,1,0,0,0,1
0x91babb,100%,0,1620,1620,0,0,0,1620
0x1513a13,100%,0,1,1,1,0,0,0
0x4f7e67,100%,0,4,4,0,0,0,4
0x16688a0,100%,0,42,42,0,0,0,42
0x4f9a19,100%,0,6480,6480,0,0,0,6480
0x4f9ab6,100%,0,116640,116640,110160,0,0,6480
0x4f7fe5,100%,0,4,4,4,0,0,0
0x512a9d,100%,0,1,1,1,0,0,0
0x525775,100%,0,1,1,1,0,0,0
0x508468,100%,0,240,240,0,0,0,240
0x4f8984,100%,0,4,4,0,0,0,4
0x150dedf,100%,0,3,3,0,0,0,3
0x8df484,100%,0,108,108,0,0,0,108
0x50880d,100%,0,240,240,0,0,0,240
0x508954,100%,0,19440,19440,12960,0,0,6480
0x5012e6,100%,0,4,4,0,0,0,4
0x1668c7a,100%,0,42,42,0,0,0,42
0x8ead92,100%,0,4,4,0,0,0,4
0xf32b5b,100%,0,3,3,0,0,0,3
0x50841c,100%,0,6480,6480,6240,0,0,240
0x8e9d03,100%,0,4,4,0,0,0,4
0x8e9d41,100%,0,4,4,0,0,0,4
0x1668913,100%,0,26,26,0,0,0,26
0x166891d,100%,0,26,26,0,0,0,26
0x933361,100%,0,1,1,0,0,0,1
0x8e73b4,100%,0,17,17,17,0,0,0
0x8e858e,100%,0,19,19,0,0,0,19
0x14fa436,100%,0,1,1,1,0,0,0
0x15d8001,100%,0,266,266,0,0,0,266
0x5189f8,100%,0,59,59,0,0,0,59
0x506b3a,100%,0,236,236,8,0,0,228
0xf2fafa,100%,0,240,240,0,0,0,240
0x166885b,100%,0,42,42,0,0,0,42
0x916e35,100%,0,1560,1560,0,0,0,1560
0x166a2c6,100%,0,10,10,0,0,0,10
0xb478d0,100%,0,1,1,1,0,0,0
0x528d8f,100%,0,55,55,0,0,0,55
0xf31896,100%,0,4,4,0,0,0,4
0x509467,100%,0,1,1,1,0,0,0
0x4f81ba,100%,0,4,4,4,0,0,0
0x8e9c0c,100%,0,4,4,0,0,0,4
0x8e85a7,100%,0,17,17,17,0,0,0
0x931f6e,100%,0,1,1,0,0,0,1
0x506be4,100%,0,4,4,4,0,0,0
0x166bd8b,100%,0,39,39,0,0,0,39
0x8df2b4,100%,0,4,4,0,0,0,4
0x9322a2,100%,0,1,1,1,0,0,0
0xf2f53a,100%,0,14094,14094,9396,0,0,4698
0x509d48,100%,0,1,1,0,0,0,1
0x15d65ca,100%,0,205,205,0,0,0,205
0x4f99a5,100%,0,17520,17520,17280,0,0,240
0xf2f724,100%,0,6260,6260,0,0,0,6260
0x8e9c4b,100%,0,4,4,0,0,0,4
0x52ac04,100%,0,1620,1620,0,0,0,1620
0x52a7b7,100%,0,60,60,0,0,0,60
0x528fe1,100%,0,1,1,0,0,0,1
0x150eab1,100%,0,4,4,4,0,0,0
0x9289fb,100%,0,60,60,0,0,0,60
0xf2fcc5,100%,0,6480,6480,0,0,0,6480
0x939337,100%,0,1,1,0,0,0,1
0x50e843,100%,0,1,1,0,0,0,1
0x4eb863,100%,0,55,55,0,0,0,55
0x8e6d07,100%,0,19,19,19,0,0,0
0x52abd1,100%,0,1620,1620,0,0,0,1620
0x9314bf,100%,0,1560,1560,0,0,0,1560
0x5085ad,100%,0,240,240,0,0,0,240
0x14f95e5,100%,0,1,1,1,0,0,0
0x1669efd,100%,0,16,16,0,0,0,16
0x1669d03,100%,0,29,29,0,0,0,29
0x166aea0,100%,0,16,16,0,0,0,16
0x51b40e,100%,0,1,1,0,0,0,1
0x5083e9,100%,0,240,240,0,0,0,240
0x5012b3,100%,0,4,4,0,0,0,4
0x4f972f,100%,0,240,240,0,0,0,240
0x166883e,100%,0,42,42,42,0,0,0
0x92568a,100%,0,26,26,0,0,0,26
0x50119f,100%,0,4,4,0,0,0,4
0x4ec6d7,100%,0,1,1,0,0,0,1
0x50b2d7,100%,0,1593,1593,0,0,0,1593
0x1669f83,100%,0,16,16,0,0,0,16
0x508369,100%,0,240,240,0,0,0,240
0x150eb1a,100%,0,4,4,4,0,0,0
0x928a6a,100%,0,60,60,0,0,0,60
0x1668745,100%,0,42,42,0,0,0,42
0x4f9ac5,100%,0,6480,6480,0,0,0,6480
0x51bebb,100%,0,1,1,0,0,0,1
0x529411,100%,0,27,27,27,0,0,0
0x91b3d2,100%,0,1620,1620,0,0,0,1620
0x1513ac5,100%,0,1,1,1,0,0,0
0xdea681,100%,0,4,4,4,0,0,0
0x5011a9,100%,0,4,4,0,0,0,4
0x52a593,100%,0,1620,1620,0,0,0,1620
0x4f98f2,100%,0,240,240,0,0,0,240
0x936939,100%,0,1647,1647,0,0,0,1647
0x506f85,100%,0,108,108,0,0,0,108
0x5110e1,100%,0,1,1,1,0,0,0
0x92f3a5,100%,0,1,1,0,0,0,1
0x928f5d,100%,0,1,1,1,0,0,0
0xf318a8,100%,0,4,4,0,0,0,4
0x51106a,100%,0,1,1,0,0,0,1
0x1668d54,100%,0,4,4,4,0,0,0
0x511099,100%,0,1,1,1,0,0,0
0xb742b2,100%,0,1,1,1,0,0,0
0x15152a4,100%,0,1,1,1,0,0,0
0x150eb4f,100%,0,4,4,0,0,0,4
0x8e9d92,100%,0,1,1,0,0,0,1
0x511046,100%,0,1,1,1,0,0,0
0x1669bda,100%,0,39,39,0,0,0,39
0xf2f9d3,100%,0,240,240,0,0,0,240
0x90b856,100%,0,43,43,43,0,0,0
0x8e9e3d,100%,0,3,3,0,0,0,3
0x166c39a,100%,0,42,42,0,0,0,42
0x51135d,100%,0,1,1,0,0,0,1
0x508631,100%,0,240,240,0,0,0,240
0x4f8829,100%,0,4,4,0,0,0,4
0x4ec02e,100%,0,1,1,1,0,0,0
0x15d7fb2,100%,0,205,205,0,0,0,205
0x506f22,100%,0,1944,1944,1836,0,0,108
0x16262ef,100%,0,118260,118260,0,0,0,118260
0x50b140,100%,0,59,59,0,0,0,59
0xaeac0d,100%,0,1,1,1,0,0,0
0x8dedc0,100%,0,4,4,0,0,0,4
0x4db9c5,100%,0,1,1,1,0,0,0
0x8dec6f,100%,0,4,4,0,0,0,4
0x930891,100%,0,3240,3240,1620,0,0,1620
0x150dc9e,100%,0,3,3,3,0,0,0
0x938812,100%,0,60,60,60,0,0,0
0x916fa4,100%,0,1560,1560,0,0,0,1560
0x166a29a,100%,0,10,10,0,0,0,10
0x506b9f,100%,0,16,16,12,0,0,4
0x8df043,100%,0,4,4,0,0,0,4
0x51f4b2,100%,0,1,1,0,0,0,1
0x166a2fb,100%,0,10,10,10,0,0,0
0x93314d,100%,0,60,60,0,0,0,60
0x90b068,100%,0,1,1,1,0,0,0
0x511028,100%,0,1,1,0,0,0,1
0x150dbee,100%,0,3,3,3,0,0,0
0x4ebb27,100%,0,1,1,0,0,0,1
0x150de76,100%,0,3,3,3,0,0,0
0x8deb83,100%,0,4,4,0,0,0,4
0x14fa6f9,100%,0,1,1,0,0,0,1
0x14faf8d,100%,0,1,1,1,0,0,0
0x15d6552,100%,0,205,205,0,0,0,205
0xf32b32,100%,0,3,3,3,0,0,0
0x14faa1b,100%,0,1,1,1,0,0,0
0x4f76da,100%,0,60,60,0,0,0,60
0x14faa45,100%,0,1,1,1,0,0,0
0x14faa75,100%,0,1,1,1,0,0,0
0x8e9d8a,100%,0,3,3,3,0,0,0
0xf2fc45,100%,0,6480,6480,0,0,0,6480
0xf2f766,100%,0,6260,6260,0,0,0,6260
0x14faaaf,100%,0,1,1,1,0,0,0
0x939750,100%,0,1,1,0,0,0,1
0x1515f2e,100%,0,1,1,1,0,0,0
0xf2fa6d,100%,0,240,240,0,0,0,240
0x14fab7a,100%,0,1,1,1,0,0,0
0xf2fd3b,100%,0,6480,6480,0,0,0,6480
0x1669c05,100%,0,39,39,39,0,0,0
0x14fa346,100%,0,1,1,1,0,0,0
0x5088be,100%,0,110160,110160,103680,0,0,6480
0x5078f2,100%,0,6264,6264,0,0,0,6264
0x14fa1cb,100%,0,1,1,1,0,0,0
0x14fa200,100%,0,1,1,1,0,0,0
0x150ed88,100%,0,4,4,4,0,0,0
0x8eade0,100%,0,3,3,3,0,0,0
0x1668c9a,100%,0,42,42,0,0,0,42
0x14fa226,100%,0,1,1,1,0,0,0
0xf32b14,100%,0,3,3,0,0,0,3
0x50869e,100%,0,480,480,240,0,0,240
0x8eae9f,100%,0,3,3,0,0,0,3
0x506bc8,100%,0,12,12,8,0,0,4
0x52ac66,100%,0,1620,1620,1620,0,0,0
0x14fa3a6,100%,0,1,1,1,0,0,0
0x5071e8,100%,0,108,108,0,0,0,108
0xb75625,100%,0,1,1,1,0,0,0
0x8e7370,100%,0,19,19,19,0,0,0
0x14fa406,100%,0,1,1,1,0,0,0
0x166c3bc,100%,0,42,42,42,0,0,0
0x92f92b,100%,0,1620,1620,0,0,0,1620
0x14f9fc6,100%,0,1,1,1,0,0,0
0x523803,100%,0,1,1,0,0,0,1
0x50859e,100%,0,240,240,0,0,0,240
0xf2f689,100%,0,231,231,0,0,0,231
0x8ead9c,100%,0,4,4,0,0,0,4
0x5237cf,100%,0,1,1,0,0,0,1
0x5290c8,100%,0,27,27,0,0,0,27
0x1668884,100%,0,42,42,0,0,0,42
0x150eae5,100%,0,4,4,4,0,0,0
0x156b80f,100%,0,20,20,20,0,0,0
0x529257,100%,0,3,3,2,0,0,1
0x8dede2,100%,0,4,4,0,0,0,4
0x92fe8e,100%,0,1,1,0,0,0,1
0x4ec228,100%,0,1,1,0,0,0,1
0x508566,100%,0,480,480,240,0,0,240
0x529d15,100%,0,1566,1566,1566,0,0,0
0x901cc3,100%,0,32452,32452,0,0,0,32452
0x9194d1,100%,0,1,1,0,0,0,1
0x90cdb8,100%,0,60,60,0,0,0,60
0x9386b1,100%,0,1,1,0,0,0,1
0x1668953,100%,0,38,38,0,0,0,38
0x4f85b4,100%,0,4,4,4,0,0,0
0xf332a9,100%,0,3,3,0,0,0,3
0x14fabe1,100%,0,1,1,1,0,0,0
0x4dec47,100%,0,1560,1560,0,0,0,1560
0xf2f2f6,100%,0,4860,4860,0,0,0,4860
0x5011c3,100%,0,4,4,4,0,0,0
0x901ae2,100%,0,2,2,0,0,0,2
0x8dee98,100%,0,4,4,4,0,0,0
0x1669fa7,100%,0,1,1,1,0,0,0
0x51a678,100%,0,1,1,1,0,0,0
0x150eb2e,100%,0,4,4,0,0,0,4
0x150eacb,100%,0,4,4,4,0,0,0
0x523782,100%,0,1,1,0,0,0,1
0x523793,100%,0,1,1,0,0,0,1
0x166bda0,100%,0,39,39,0,0,0,39
0x5237e0,100%,0,1,1,0,0,0,1
0x5074b9,100%,0,236,236,0,0,0,236
0x5237fd,100%,0,1,1,1,0,0,0
0x8ea202,100%,0,4,4,4,0,0,0
0x1668755,100%,0,42,42,42,0,0,0
