Branch PC,Accuracy,Mispredictions,Correct Predictions,Total,dir_t_pred_t,dir_t_pred_nt,dir_nt_pred_t,dir_nt_pred_nt
aggregate,98.84%,232386,19801252,20033638,10629981,113174,119212,9171271
0x1147781,83.944%,20351,106399,126750,71539,11293,9058,34860
0x1147007,92.598%,16112,201560,217672,100679,7464,8648,100881
0x114836b,92.3821%,12559,152303,164862,57696,7610,4949,94607
0x11479b8,97.6977%,11727,497634,509361,119618,7131,4596,378016
0x162634e,75.4416%,7772,23875,31647,4805,5679,2093,19070
0x1148112,95.3464%,7672,157190,164862,129673,4488,3184,27517
0x114821f,96.081%,6461,158401,164862,127659,3161,3300,30742
0x11477b5,86.5818%,5893,38025,43918,9599,3591,2302,28426
0x1148356,96.4303%,5885,158977,164862,48478,3402,2483,110499
0x1626359,73.3072%,5649,15514,21163,3340,3873,1776,12174
0x1146216,89.1781%,5350,44087,49437,19396,3114,2236,24691
0x114b11d,91.1264%,4763,48913,53676,19200,2709,2054,29713
0x11477ba,85.3293%,4508,26220,30728,19815,2387,2121,6405
0x11479c2,98.8461%,4415,378197,382612,377454,282,4133,743
0x1625fec,98.8455%,3884,332548,336432,332520,79,3805,28
0x114ad85,92.9727%,3772,49904,53676,32545,1755,2017,17359
0x11477ef,97.1763%,3579,123171,126750,121261,614,2965,1910
0x1146117,93.0154%,3453,45984,49437,36377,1834,1619,9607
0x114701e,98.4775%,3314,214358,217672,208719,581,2733,5639
0x114e7fb,94.2493%,3197,52396,55593,10505,1543,1654,41891
0x11473f9,62.4224%,3146,5226,8372,3307,1568,1578,1919
0x114e1a5,93.4154%,2771,39312,42083,23064,826,1945,16248
0x1146501,94.0133%,2694,42306,45000,16812,1135,1559,25494
0x114d779,95.2044%,2666,52927,55593,43650,1541,1125,9277
0x114b111,95.674%,2322,51354,53676,16092,1222,1100,35262
0x114f207,95.8736%,2294,53299,55593,35844,1199,1095,17455
0x114e100,89.5031%,2216,18895,21111,6331,1189,1027,12564
0x1148384,98.7098%,2127,162735,164862,162421,119,2008,314
0x114be27,96.3718%,2017,53576,55593,22697,1095,922,30879
0x1146426,95.6733%,1947,43053,45000,33439,1333,614,9614
0x114d7e3,96.7154%,1826,53767,55593,38550,767,1059,15217
0x1148102,98.8985%,1816,163046,164862,37898,1178,638,125148
0x114dff7,83.6518%,1805,9236,11041,5977,857,948,3259
0x114cb3f,95.7512%,1799,40542,42341,33635,934,865,6907
0x11462bb,96.6462%,1658,47779,49437,47481,125,1533,298
0x114e991,96.0936%,1654,40687,42341,40367,309,1345,320
0x114de33,96.1409%,1634,40707,42341,31118,963,671,9589
0x114adc2,97.0042%,1608,52068,53676,43288,754,854,8780
0x114dd53,97.1291%,1596,53997,55593,38974,739,857,15023
0x114f369,97.1579%,1580,54013,55593,10940,972,608,43073
0x114f25c,97.1579%,1580,54013,55593,9,1524,56,54004
0x114dd98,97.2407%,1534,54059,55593,44935,810,724,9124
0x114f35d,97.2694%,1518,54075,55593,1176,992,526,52899
0x114b9cf,88.9979%,1458,11794,13252,6365,830,628,5429
0x114ebb3,96.5613%,1456,40885,42341,13320,742,714,27565
0x114ecd3,96.6227%,1430,40911,42341,277,1353,77,40634
0x114d783,86.541%,1400,9002,10402,1341,907,493,7661
0x114d872,92.32%,1250,15026,16276,709,841,409,14317
0x114cc82,97.0643%,1243,41098,42341,35544,468,775,5554
0x114eb3a,97.0785%,1237,41104,42341,3180,735,502,37924
0x114e977,97.0997%,1228,41113,42341,15122,758,470,25991
0x114f1eb,97.8019%,1222,54371,55593,53579,480,742,792
0x114e150,91.7666%,1119,12472,13591,4035,602,517,8437
0x11465b1,97.5689%,1094,43906,45000,43071,262,832,835
0x114be56,96.8712%,995,30806,31801,610,667,328,30196
0x114debe,90.2776%,991,9202,10193,580,659,332,8622
0x114ca7d,92.8539%,947,12305,13252,2634,603,344,9671
0x114cd7a,86.0641%,882,5447,6329,1602,424,458,3845
0x114e082,97.9901%,851,41490,42341,21013,217,634,20477
0x114caea,96.1102%,837,20681,21518,19422,364,473,1259
0x114f294,98.5664%,797,54796,55593,54794,16,781,2
0x114cdf6,98.579%,790,54803,55593,54785,25,765,18
0x114e52f,98.579%,790,54803,55593,54803,7,783,0
0x114bec5,98.5826%,788,54805,55593,54793,17,771,12
0x114bc78,98.5862%,786,54807,55593,54807,3,783,0
0x114d8e8,98.5862%,786,54807,55593,54774,36,750,33
0x114a932,98.5412%,783,52893,53676,52893,27,756,0
0x114d3c9,98.5915%,783,54810,55593,54810,0,783,0
0x114efbc,98.5915%,783,54810,55593,54810,0,783,0
0x114b466,98.5915%,783,54810,55593,54810,0,783,0
0x114f37c,98.5933%,782,54811,55593,54808,2,780,3
0x114adf5,98.5673%,769,52907,53676,52902,18,751,5
0x1148aaa,98.5766%,764,52912,53676,52912,8,756,0
0x114be71,97.5976%,764,31037,31801,120,615,149,30917
0x114b13c,98.5841%,760,52916,53676,52888,32,728,28
0x114ecfc,98.2499%,741,41600,42341,6,711,30,41594
0x114ed85,98.6707%,739,54854,55593,54762,48,691,92
0x1147bd9,85.3128%,716,4159,4875,1685,393,323,2474
0x1146133,93.9694%,677,10549,11226,610,480,197,9939
0x114ebbc,98.4814%,643,41698,42341,41696,50,593,2
0x114e813,98.8668%,630,54963,55593,42124,217,413,12839
0x114ca66,98.8919%,616,54977,55593,42138,203,413,12839
0x114a60c,98.858%,613,53063,53676,12134,423,190,40929
0x114b985,98.9495%,584,55009,55593,12853,399,185,42156
0x114d896,96.1225%,571,14155,14726,5533,344,227,8622
0x114e285,95.2978%,514,10417,10931,6950,181,333,3467
0x114bbc8,91.8607%,493,5564,6057,4978,242,251,586
0x114f228,97.4553%,433,16583,17016,16520,62,371,63
0x114e8c1,96.7401%,432,12820,13252,10623,136,296,2197
0x114dfe0,99.2535%,415,55178,55593,44357,195,220,10821
0x1146c50,93.7014%,389,5787,6176,1065,237,152,4722
0x114e419,95.0289%,361,6901,7262,2920,209,152,3981
0x114de15,99.401%,333,55260,55593,13076,176,157,42184
0x1148a5d,99.4113%,316,53360,53676,0,309,7,53360
0x114a658,99.4802%,279,53397,53676,52908,12,267,489
0x1674495,97.9717%,271,13090,13361,3069,139,132,10021
0x1148a84,99.5473%,243,53433,53676,0,241,2,53433
0x1148a96,99.5883%,221,53455,53676,0,219,2,53455
0x1147412,94.9385%,177,3320,3497,1735,96,81,1585
0x1148a70,99.6889%,167,53509,53676,0,161,6,53509
0x114eb43,99.6221%,160,42181,42341,42181,7,153,0
0x114e49e,81.4815%,155,682,837,96,96,59,586
0x114e8d2,98.8605%,151,13101,13252,13100,6,145,1
0x16744be,99.5207%,148,30730,30878,20686,39,109,10044
0x11470a0,99.9354%,146,225898,226044,217651,21,125,8247
0x114cade,99.7805%,122,55471,55593,34023,52,70,21448
0x114c7b2,94.3176%,117,1942,2059,1482,65,52,460
0x16688f5,93.9655%,98,1526,1624,777,6,92,749
0x166a1f7,94.3539%,97,1621,1718,1238,4,93,383
0x11483a8,96.081%,91,2231,2322,2231,5,86,0
0x1147d0d,98.5915%,87,6090,6177,6090,0,87,0
0x114707e,99.962%,86,225958,226044,225936,12,74,22
0x1668755,97.2285%,86,3017,3103,1594,30,56,1423
0x114c771,96.6974%,68,1991,2059,703,28,40,1288
0x114eaaf,99.5321%,62,13190,13252,0,60,2,13190
0x1669c25,96.8816%,59,1833,1892,848,58,1,985
0x114e488,99.5699%,57,13195,13252,12414,1,56,781
0x1669c80,97.371%,54,2000,2054,923,1,53,1077
0x114d6ea,99.9083%,51,55542,55593,55527,8,43,15
0x1669e4c,94.8296%,44,807,851,568,22,22,239
0x1668901,95.0059%,42,799,841,500,22,20,299
0x114ae22,95.1058%,37,719,756,719,9,28,0
0x114a985,95.3704%,35,721,756,721,7,28,0
0x114ce49,95.7854%,33,750,783,750,4,29,0
0x166a1ee,99.2785%,33,4541,4574,2851,5,28,1690
0x1148abe,95.6349%,33,723,756,723,5,28,0
0x114f398,95.9132%,32,751,783,751,3,29,0
0x114cf40,99.9442%,31,55562,55593,54808,2,29,754
0x114f2d3,96.0409%,31,752,783,752,2,29,0
0x114eff5,96.1686%,30,753,783,753,1,29,0
0x114d93a,96.1686%,30,753,783,753,1,29,0
0x114b159,96.0317%,30,726,756,726,2,28,0
0x114bcf0,96.1686%,30,753,783,753,1,29,0
0x114c4c8,96.2963%,29,754,783,754,0,29,0
0x1148eee,96.164%,29,727,756,727,1,28,0
0x114b54f,98.5915%,29,2030,2059,2030,0,29,0
0x114b497,96.2963%,29,754,783,754,0,29,0
0x114c1ce,96.2963%,29,754,783,754,0,29,0
0x114cf4b,96.2963%,29,754,783,754,0,29,0
0x114d423,96.2963%,29,754,783,754,0,29,0
0x16680c9,94.1176%,29,464,493,0,29,0,464
0x114bf1c,96.2963%,29,754,783,751,3,26,3
0x114b62c,96.2963%,29,754,783,754,0,29,0
0x114edd3,96.424%,28,755,783,749,5,23,6
0x1148ffb,98.5915%,28,1960,1988,1960,0,28,0
0x1148da5,96.2963%,28,728,756,728,0,28,0
0x114ac7e,96.2963%,28,728,756,728,0,28,0
0x114aeef,96.2963%,28,728,756,728,0,28,0
0x1150646,96.3158%,28,732,760,732,0,28,0
0x1669e6a,98.5794%,28,1943,1971,1719,0,28,224
0x114a437,96.2963%,28,728,756,728,0,28,0
0x114feb7,96.2963%,28,728,756,728,0,28,0
0x114c86a,98.6401%,28,2031,2059,2027,3,25,4
0x114d6c8,99.9514%,27,55566,55593,0,26,1,55566
0x1669d14,97.0779%,27,897,924,225,27,0,672
0x114dd08,99.9532%,26,55567,55593,0,26,0,55567
0x114f166,99.9532%,26,55567,55593,0,26,0,55567
0x1668933,92.163%,25,294,319,145,0,25,149
0x114fe67,99.9627%,20,53656,53676,52920,0,20,736
0x114c0e9,99.8648%,18,13293,13311,12526,2,16,767
0x1147ae1,99.9855%,17,117472,117489,113102,1,16,4370
0x114aee0,99.9683%,17,53659,53676,52920,0,17,739
0x114a817,99.9702%,16,53660,53676,0,15,1,53660
0x114ec9c,99.9646%,15,42326,42341,0,13,2,42326
0x114cb26,99.9784%,12,55581,55593,13247,5,7,42334
0x1669c05,99.6053%,12,3028,3040,1147,1,11,1881
0x16260ca,99.9967%,11,332588,332599,109259,10,1,223329
0x46f1a6,99.9795%,11,53665,53676,52920,0,11,745
0x114f1da,99.9802%,11,55582,55593,4,8,3,55578
0x114b621,99.982%,10,55583,55593,54810,0,10,773
0x1147958,99.9973%,10,372850,372860,131616,9,1,241234
0x114c413,99.9781%,6,27399,27405,26622,0,6,777
0x16687df,99.5943%,6,1473,1479,81,6,0,1392
0x114e06f,99.9892%,6,55587,55593,13246,6,0,42341
0x11479cf,99.9954%,6,131619,131625,122365,0,6,9254
0x114ac60,99.9907%,5,53671,53676,52920,0,5,751
0x114ca07,99.4891%,4,779,783,0,0,4,779
0x114e47e,99.9928%,4,55589,55593,42339,2,2,13250
0x114ccf8,99.9526%,3,6326,6329,0,2,1,6326
0x114c89f,89.6552%,3,26,29,0,0,3,26
0x114de41,99.9708%,3,10257,10260,64,3,0,10193
0x114de26,99.9964%,2,55591,55593,13251,1,1,42340
0x1148cb0,99.9844%,2,12850,12852,12096,0,2,754
0x114e442,99.9953%,2,42339,42341,21228,2,0,21111
0x114e42c,99.9725%,2,7260,7262,3127,0,2,4133
0x114c7ec,99.6094%,2,510,512,0,0,2,510
0x1669e15,99.9496%,2,3967,3969,1996,2,0,1971
0x1147b93,99.9985%,2,131623,131625,126748,2,0,4875
0x114d745,96.5517%,2,56,58,0,0,2,56
0x114c83e,99.9029%,2,2057,2059,731,0,2,1326
0x1626373,99.9968%,1,31646,31647,31646,1,0,0
0x114f10b,99.8723%,1,782,783,0,0,1,782
0x1146557,99.9978%,1,44999,45000,0,0,1,44999
0x1147131,99.996%,1,25115,25116,16744,0,1,8371
0x166893c,99.4253%,1,173,174,86,1,0,87
0x1148a40,99.8677%,1,755,756,0,0,1,755
0x1625f37,99.9997%,1,336432,336433,336432,0,1,0
0x1147192,99.997%,1,33487,33488,25116,0,1,8371
0x1669e47,99.9493%,1,1970,1971,1119,1,0,851
0x114a5fa,99.8677%,1,755,756,0,0,1,755
0x114e162,99.9867%,1,7519,7520,258,0,1,7261
0x1669edb,99.6032%,1,251,252,168,0,1,83
0x114702e,99.9881%,1,8371,8372,0,0,1,8371
0x114c020,99.8723%,1,782,783,0,0,1,782
0x114ea18,99.9925%,1,13251,13252,13251,1,0,0
0x11472b0,99.9881%,1,8371,8372,0,0,1,8371
0x114e331,99.9945%,1,18192,18193,10930,1,0,7262
0x46ef96,99.8677%,1,755,756,0,0,1,755
0x114e2fb,99.9945%,1,18192,18193,0,0,1,18192
0x166a0dd,99.9596%,1,2473,2474,1717,1,0,756
0x1626004,99.9739%,1,3832,3833,3832,1,0,0
0x16263a0,99.9968%,1,31646,31647,31646,1,0,0
0x114e581,99.8723%,1,782,783,753,1,0,29
0x114addd,99.9981%,1,53675,53676,0,0,1,53675
0x1149055,96.4286%,1,27,28,27,1,0,0
0x114e503,99.9925%,1,13251,13252,0,0,1,13251
0x114808e,99.9569%,1,2321,2322,0,0,1,2321
0x1626045,0%,1,0,1,0,1,0,0
0x114d7c7,99.9877%,1,8153,8154,0,0,1,8153
0x1147906,100%,0,131625,131625,0,0,0,131625
0x1147a70,100%,0,122365,122365,4876,0,0,117489
0x11476f4,100%,0,4875,4875,0,0,0,4875
0x114c429,100%,0,783,783,0,0,0,783
0x15f479d,100%,0,28,28,0,0,0,28
0x114b40e,100%,0,55593,55593,0,0,0,55593
0x114c290,100%,0,29,29,0,0,0,29
0x114763d,100%,0,3498,3498,0,0,0,3498
0x1150960,100%,0,28,28,28,0,0,0
0x168001c,100%,0,12928,12928,12928,0,0,0
0x1668873,100%,0,1624,1624,0,0,0,1624
0x114a319,100%,0,756,756,756,0,0,0
0x114bf34,100%,0,29,29,0,0,0,29
0x114796f,100%,0,131625,131625,131625,0,0,0
0x1147be4,100%,0,2797,2797,2797,0,0,0
0x114b9a4,100%,0,55593,55593,42341,0,0,13252
0x1147b1b,100%,0,4386,4386,0,0,0,4386
0x1146b5e,100%,0,6176,6176,0,0,0,6176
0x1626664,100%,0,31647,31647,0,0,0,31647
0x166bd23,100%,0,3040,3040,0,0,0,3040
0x1668884,100%,0,1624,1624,0,0,0,1624
0x1668c6e,100%,0,1624,1624,0,0,0,1624
0x1668813,100%,0,1392,1392,1392,0,0,0
0x11470d6,100%,0,8372,8372,0,0,0,8372
0x114c46e,100%,0,783,783,0,0,0,783
0x16265dd,100%,0,31647,31647,31647,0,0,0
0x114713d,100%,0,8372,8372,0,0,0,8372
0x16800d7,100%,0,12928,12928,0,0,0,12928
0x1147e4a,100%,0,87,87,0,0,0,87
0x1680148,100%,0,12928,12928,12928,0,0,0
0x16688a0,100%,0,1624,1624,0,0,0,1624
0x1626639,100%,0,31647,31647,0,0,0,31647
0x1680043,100%,0,12928,12928,1522,0,0,11406
0x1147206,100%,0,8372,8372,0,0,0,8372
0x1147d5d,100%,0,87,87,0,0,0,87
0x114cc04,100%,0,7772,7772,0,0,0,7772
0x11475c3,100%,0,3498,3498,0,0,0,3498
0x11473a5,100%,0,25116,25116,16744,0,0,8372
0x114eea0,100%,0,783,783,0,0,0,783
0x1147266,100%,0,8372,8372,0,0,0,8372
0x1669fb4,100%,0,533,533,533,0,0,0
0x15f3ab6,100%,0,747150,747150,0,0,0,747150
0x1147237,100%,0,25116,25116,16744,0,0,8372
0x1147327,100%,0,8372,8372,0,0,0,8372
0x1147197,100%,0,8372,8372,0,0,0,8372
0x1668733,100%,0,3103,3103,0,0,0,3103
0x1146f34,100%,0,50232,50232,41860,0,0,8372
0x1669c9a,100%,0,1130,1130,1074,0,0,56
0x1626284,100%,0,31647,31647,0,0,0,31647
0x1669253,100%,0,1624,1624,1624,0,0,0
0x166878a,100%,0,1479,1479,0,0,0,1479
0x114aa7f,100%,0,756,756,0,0,0,756
0x114c35f,100%,0,783,783,0,0,0,783
0x1147856,100%,0,4875,4875,0,0,0,4875
0x114bd0c,100%,0,29,29,0,0,0,29
0x166a3d4,100%,0,1242,1242,1074,0,0,168
0x166a3bf,100%,0,1242,1242,0,0,0,1242
0x166a3b5,100%,0,1242,1242,0,0,0,1242
0x166a0a6,100%,0,1998,1998,924,0,0,1074
0x114bbd3,100%,0,6057,6057,0,0,0,6057
0x1146b82,100%,0,166752,166752,160576,0,0,6176
0x1145fad,100%,0,1831,1831,0,0,0,1831
0x1669e29,100%,0,1971,1971,0,0,0,1971
0x1669e5d,100%,0,1971,1971,0,0,0,1971
0x166891d,100%,0,319,319,0,0,0,319
0x168002c,100%,0,12928,12928,12928,0,0,0
0x114e767,100%,0,783,783,0,0,0,783
0x114a9a9,100%,0,28,28,0,0,0,28
0x16800de,100%,0,12928,12928,0,0,0,12928
0x114c18a,100%,0,2349,2349,1566,0,0,783
0x166bd7c,100%,0,3040,3040,3040,0,0,0
0x166bd73,100%,0,3040,3040,0,0,0,3040
0x1669c37,100%,0,986,986,986,0,0,0
0x114f3cb,100%,0,29,29,0,0,0,29
0x114c65e,100%,0,87,87,58,0,0,29
0x1147e5c,100%,0,87,87,0,0,0,87
0x16687b7,100%,0,1479,1479,0,0,0,1479
0x1625ef0,100%,0,336433,336433,0,0,0,336433
0x166a23d,100%,0,986,986,986,0,0,0
0x1669bda,100%,0,3040,3040,0,0,0,3040
0x166bd37,100%,0,3040,3040,0,0,0,3040
0x1669c45,100%,0,986,986,0,0,0,986
0x11505a4,100%,0,760,760,0,0,0,760
0x114b6c0,100%,0,29,29,29,0,0,0
0x1146cbe,100%,0,4874,4874,0,0,0,4874
0x114e110,100%,0,13591,13591,0,0,0,13591
0x1668f06,100%,0,87,87,0,0,0,87
0x114f454,100%,0,29,29,0,0,0,29
0x114e818,100%,0,13252,13252,13252,0,0,0
0x1146daf,100%,0,8372,8372,0,0,0,8372
0x15f3cfe,100%,0,31647,31647,31647,0,0,0
0x11480e4,100%,0,164862,164862,0,0,0,164862
0x1668953,100%,0,841,841,0,0,0,841
0x114b3ec,100%,0,55593,55593,0,0,0,55593
0x1668059,100%,0,493,493,0,0,0,493
0x114b28e,100%,0,29,29,0,0,0,29
0x114cfd8,100%,0,29,29,0,0,0,29
0x1146258,100%,0,49437,49437,0,0,0,49437
0x15f3ac6,100%,0,747150,747150,747150,0,0,0
0x15f3abf,100%,0,747150,747150,747150,0,0,0
0x1146e35,100%,0,8372,8372,0,0,0,8372
0x1625acd,100%,0,747150,747150,0,0,0,747150
0x1145f8d,100%,0,1831,1831,0,0,0,1831
0x15f3cb5,100%,0,31647,31647,0,0,0,31647
0x11467e4,100%,0,86,86,0,0,0,86
0x1668767,100%,0,1479,1479,0,0,0,1479
0x15f3cbd,100%,0,31647,31647,31647,0,0,0
0x114868c,100%,0,28,28,0,0,0,28
0x166a3f7,100%,0,458,458,0,0,0,458
0x166a3e8,100%,0,1242,1242,784,0,0,458
0x114c5e4,100%,0,29,29,0,0,0,29
0x114a1e3,100%,0,28,28,0,0,0,28
0x1668c87,100%,0,1624,1624,1624,0,0,0
0x1668c7a,100%,0,1624,1624,0,0,0,1624
0x1668999,100%,0,1624,1624,841,0,0,783
0x166873d,100%,0,3103,3103,0,0,0,3103
0x1668968,100%,0,841,841,667,0,0,174
0x1147d48,100%,0,87,87,0,0,0,87
0x114c05a,100%,0,783,783,0,0,0,783
0x166bda0,100%,0,3040,3040,0,0,0,3040
0x114aebb,100%,0,756,756,0,0,0,756
0x1147f03,100%,0,86,86,0,0,0,86
0x1147009,100%,0,109529,109529,0,0,0,109529
0x1147db2,100%,0,87,87,0,0,0,87
0x1668c9a,100%,0,1624,1624,0,0,0,1624
0x11460ff,100%,0,49437,49437,0,0,0,49437
0x1147df5,100%,0,87,87,0,0,0,87
0x114d95a,100%,0,29,29,0,0,0,29
0x1147ca4,100%,0,4875,4875,0,0,0,4875
0x1147c1b,100%,0,2797,2797,0,0,0,2797
0x114b867,100%,0,783,783,0,0,0,783
0x1668799,100%,0,1479,1479,1479,0,0,0
0x1147e7b,100%,0,87,87,0,0,0,87
0x167441c,100%,0,13361,13361,13361,0,0,0
0x114c66f,100%,0,29,29,0,0,0,29
0x168006a,100%,0,12928,12928,8372,0,0,4556
0x1626307,100%,0,31647,31647,31647,0,0,0
0x16688aa,100%,0,1624,1624,1624,0,0,0
0x166809d,100%,0,493,493,493,0,0,0
0x1147e94,100%,0,87,87,0,0,0,87
0x1147e38,100%,0,87,87,0,0,0,87
0x1147e26,100%,0,87,87,0,0,0,87
0x114c12c,100%,0,783,783,0,0,0,783
0x1147e14,100%,0,87,87,0,0,0,87
0x1680017,100%,0,12928,12928,12928,0,0,0
0x16262b4,100%,0,31647,31647,0,0,0,31647
0x166bda5,100%,0,3040,3040,0,0,0,3040
0x1147e02,100%,0,87,87,0,0,0,87
0x1669e36,100%,0,1971,1971,0,0,0,1971
0x166880e,100%,0,1479,1479,87,0,0,1392
0x1147de3,100%,0,87,87,0,0,0,87
0x166bd8b,100%,0,3040,3040,0,0,0,3040
0x1147962,100%,0,241235,241235,241235,0,0,0
0x114c4e8,100%,0,29,29,0,0,0,29
0x1147da0,100%,0,87,87,0,0,0,87
0x1147d8b,100%,0,87,87,0,0,0,87
0x11504da,100%,0,761,761,0,0,0,761
0x1147d81,100%,0,87,87,0,0,0,87
0x114c5d6,100%,0,493,493,464,0,0,29
0x114c485,100%,0,783,783,0,0,0,783
0x1147d6f,100%,0,87,87,0,0,0,87
0x114c527,100%,0,29,29,0,0,0,29
0x114e123,100%,0,13591,13591,0,0,0,13591
0x15f3be9,100%,0,336433,336433,0,0,0,336433
0x16687e4,100%,0,1392,1392,1392,0,0,0
0x166813e,100%,0,493,493,493,0,0,0
0x114f430,100%,0,29,29,0,0,0,29
0x114f41e,100%,0,29,29,0,0,0,29
0x114f409,100%,0,29,29,0,0,0,29
0x1148acc,100%,0,28,28,0,0,0,28
0x1668913,100%,0,319,319,0,0,0,319
0x1668d54,100%,0,783,783,783,0,0,0
0x16689b2,100%,0,783,783,783,0,0,0
0x1668063,100%,0,493,493,0,0,0,493
0x114f442,100%,0,29,29,0,0,0,29
0x1668136,100%,0,493,493,0,0,0,493
0x166817b,100%,0,290,290,261,0,0,29
0x1667ff9,100%,0,29,29,0,0,0,29
0x16689a5,100%,0,783,783,29,0,0,754
0x114f3ba,100%,0,29,29,0,0,0,29
0x114f20d,100%,0,18550,18550,1534,0,0,17016
0x114f1fe,100%,0,55593,55593,0,0,0,55593
0x114f02c,100%,0,29,29,0,0,0,29
0x1669cae,100%,0,56,56,0,0,0,56
0x114f466,100%,0,29,29,0,0,0,29
0x114f487,100%,0,29,29,0,0,0,29
0x114f4a1,100%,0,29,29,0,0,0,29
0x114f4bb,100%,0,29,29,0,0,0,29
0x114f4cd,100%,0,29,29,0,0,0,29
0x114f4f4,100%,0,29,29,0,0,0,29
0x114f50b,100%,0,29,29,0,0,0,29
0x114f520,100%,0,29,29,0,0,0,29
0x114f532,100%,0,29,29,0,0,0,29
0x114f556,100%,0,29,29,0,0,0,29
0x114f57a,100%,0,29,29,0,0,0,29
0x114f5c2,100%,0,29,29,0,0,0,29
0x114f5f6,100%,0,29,29,0,0,0,29
0x114f600,100%,0,29,29,0,0,0,29
0x114e298,100%,0,10931,10931,0,0,0,10931
0x114d136,100%,0,783,783,0,0,0,783
0x114d451,100%,0,29,29,0,0,0,29
0x114d667,100%,0,783,783,0,0,0,783
0x114f63e,100%,0,29,29,0,0,0,29
0x114d8c6,100%,0,1550,1550,0,0,0,1550
0x114f478,100%,0,29,29,0,0,0,29
0x166807a,100%,0,493,493,493,0,0,0
0x114a8f9,100%,0,53676,53676,15,0,0,53661
0x11489ca,100%,0,28,28,0,0,0,28
0x114f3e5,100%,0,29,29,0,0,0,29
0x114a77c,100%,0,53676,53676,0,0,0,53676
0x114e255,100%,0,18193,18193,7262,0,0,10931
0x166a0e9,100%,0,756,756,756,0,0,0
0x166a3de,100%,0,168,168,168,0,0,0
0x114b0ab,100%,0,756,756,0,0,0,756
0x114f615,100%,0,29,29,0,0,0,29
0x114e327,100%,0,18193,18193,0,0,0,18193
0x114e2ac,100%,0,23890,23890,23890,0,0,0
0x1669e7b,100%,0,252,252,252,0,0,0
0x114e19b,100%,0,21111,21111,258,0,0,20853
0x114f4fe,100%,0,29,29,0,0,0,29
0x114e047,100%,0,4207,4207,0,0,0,4207
0x114e175,100%,0,7520,7520,258,0,0,7262
0x114e2e8,100%,0,7262,7262,0,0,0,7262
0x114e3c3,100%,0,7262,7262,0,0,0,7262
0x114e5a1,100%,0,29,29,0,0,0,29
0x114eac8,100%,0,13252,13252,0,0,0,13252
0x114f5dc,100%,0,29,29,0,0,0,29
0x114edfb,100%,0,29,29,0,0,0,29
0x114ef73,100%,0,55593,55593,0,0,0,55593
0x114efa4,100%,0,55593,55593,0,0,0,55593
0x46efe6,100%,0,6048,6048,5292,0,0,756
0x114a207,100%,0,28,28,0,0,0,28
0x15f47a1,100%,0,28,28,28,0,0,0
0x1148fd3,100%,0,1988,1988,0,0,0,1988
0x1148f0a,100%,0,28,28,0,0,0,28
0x1148e83,100%,0,756,756,0,0,0,756
0x1148ddf,100%,0,28,28,0,0,0,28
0x1148bab,100%,0,756,756,0,0,0,756
0x166a367,100%,0,252,252,252,0,0,0
0x114a23b,100%,0,476,476,448,0,0,28
0x1669f46,100%,0,28,28,0,0,0,28
0x1669f44,100%,0,28,28,0,0,0,28
0x1669f1f,100%,0,28,28,28,0,0,0
0x1669efd,100%,0,84,84,28,0,0,56
0x1669cc9,100%,0,56,56,56,0,0,0
0x1669ca3,100%,0,56,56,0,0,0,56
0x166aea0,100%,0,168,168,0,0,0,168
0x114a39f,100%,0,6048,6048,5292,0,0,756
0x114a7c5,100%,0,53676,53676,0,0,0,53676
0x114a26c,100%,0,84,84,56,0,0,28
0x114a28c,100%,0,28,28,0,0,0,28
0x46efaf,100%,0,756,756,0,0,0,756
0x46eff2,100%,0,756,756,0,0,0,756
0x114a3b6,100%,0,756,756,0,0,0,756
0x46f184,100%,0,756,756,0,0,0,756
0x114a453,100%,0,28,28,0,0,0,28
0x114aca2,100%,0,28,28,0,0,0,28
0x114a669,100%,0,756,756,0,0,0,756
0x114a8c6,100%,0,53676,53676,0,0,0,53676
0x114ad43,100%,0,756,756,0,0,0,756
0x114ae38,100%,0,28,28,0,0,0,28
0x114af9a,100%,0,28,28,0,0,0,28
0x1625f3f,100%,0,1,1,0,0,0,1
0x16800bf,100%,0,6088,6088,4566,0,0,1522
0x114f627,100%,0,29,29,0,0,0,29
0x114a3e2,100%,0,5292,5292,4536,0,0,756
0x114f634,100%,0,29,29,0,0,0,29
0x114f653,100%,0,29,29,0,0,0,29
0x114f665,100%,0,29,29,0,0,0,29
0x114f677,100%,0,29,29,0,0,0,29
0x114f689,100%,0,29,29,0,0,0,29
0x114fc13,100%,0,28,28,28,0,0,0
0x114f69b,100%,0,29,29,0,0,0,29
0x1148d5d,100%,0,2268,2268,1512,0,0,756
0x114f6ad,100%,0,29,29,0,0,0,29
0x11501e9,100%,0,29,29,0,0,0,29
0x1150388,100%,0,761,761,0,0,0,761
0x1680089,100%,0,4556,4556,0,0,0,4556
0x166aea7,100%,0,168,168,0,0,0,168
0x114cf10,100%,0,783,783,0,0,0,783
0x115056e,100%,0,12936,12936,12176,0,0,760
0x11505fa,100%,0,2280,2280,1520,0,0,760
0x114a246,100%,0,28,28,0,0,0,28
0x1150657,100%,0,28,28,28,0,0,0
0x115067b,100%,0,28,28,0,0,0,28
0x114fe01,100%,0,756,756,0,0,0,756
0x114862a,100%,0,28,28,0,0,0,28
0x1669d03,100%,0,924,924,0,0,0,924
0x1669d22,100%,0,924,924,924,0,0,0
0x1669f83,100%,0,168,168,0,0,0,168
0x1669e96,100%,0,168,168,140,0,0,28
0x1669ea8,100%,0,56,56,0,0,0,56
0x1669eb1,100%,0,56,56,28,0,0,28
0x166a270,100%,0,924,924,924,0,0,0
0x166a1e6,100%,0,2856,2856,0,0,0,2856
0x114e843,100%,0,42341,42341,42341,0,0,0
0x162629c,100%,0,31647,31647,0,0,0,31647
0x114f5b0,100%,0,29,29,0,0,0,29
0x114f2eb,100%,0,29,29,0,0,0,29
0x114790f,100%,0,131625,131625,131625,0,0,0
0x16680f0,100%,0,493,493,493,0,0,0
0x1146f46,100%,0,8372,8372,8372,0,0,0
0x166bd97,100%,0,3040,3040,0,0,0,3040
0x114cb57,100%,0,7772,7772,0,0,0,7772
0x1146de4,100%,0,8372,8372,0,0,0,8372
0x1680108,100%,0,34968,34968,8372,0,0,26596
0x1626320,100%,0,31647,31647,31647,0,0,0
0x1147631,100%,0,10494,10494,6996,0,0,3498
0x1668809,100%,0,1479,1479,0,0,0,1479
0x1626290,100%,0,31647,31647,0,0,0,31647
0x114f568,100%,0,29,29,0,0,0,29
0x1680054,100%,0,12928,12928,0,0,0,12928
0x166a43c,100%,0,784,784,0,0,0,784
0x114e4fb,100%,0,13252,13252,0,0,0,13252
0x114ea85,100%,0,13252,13252,0,0,0,13252
0x1146bfe,100%,0,6176,6176,0,0,0,6176
0x11476a2,100%,0,3498,3498,0,0,0,3498
0x114f343,100%,0,783,783,0,0,0,783
0x1146fea,100%,0,8372,8372,0,0,0,8372
0x1146b99,100%,0,6176,6176,0,0,0,6176
0x1668008,100%,0,29,29,29,0,0,0
0x1147319,100%,0,25116,25116,16744,0,0,8372
0x114ce7e,100%,0,29,29,0,0,0,29
0x114dc57,100%,0,783,783,0,0,0,783
0x114f544,100%,0,29,29,0,0,0,29
0x1147dd1,100%,0,87,87,0,0,0,87
0x11471f8,100%,0,25116,25116,16744,0,0,8372
0x1668892,100%,0,1624,1624,0,0,0,1624
0x168009a,100%,0,12928,12928,11406,0,0,1522
0x166c3a3,100%,0,3103,3103,0,0,0,3103
0x1669cdd,100%,0,3040,3040,0,0,0,3040
0x11475f4,100%,0,3498,3498,0,0,0,3498
0x114c380,100%,0,783,783,0,0,0,783
0x1146e20,100%,0,50232,50232,41860,0,0,8372
0x114630c,100%,0,1666,1666,0,0,0,1666
0x1146ec7,100%,0,8372,8372,0,0,0,8372
0x11470a5,100%,0,8372,8372,0,0,0,8372
0x162626e,100%,0,31647,31647,0,0,0,31647
0x1668729,100%,0,3103,3103,0,0,0,3103
0x1626658,100%,0,31647,31647,0,0,0,31647
0x1668bb5,100%,0,1624,1624,0,0,0,1624
0x114b967,100%,0,55593,55593,0,0,0,55593
0x1148d17,100%,0,2268,2268,0,0,0,2268
0x114b574,100%,0,29,29,0,0,0,29
0x1147cc4,100%,0,131625,131625,126750,0,0,4875
0x114b5fb,100%,0,783,783,0,0,0,783
0x166a39b,100%,0,1242,1242,0,0,0,1242
0x166bd4b,100%,0,3040,3040,3040,0,0,0
0x166885b,100%,0,1624,1624,0,0,0,1624
0x166c3b3,100%,0,3103,3103,0,0,0,3103
0x1668f14,100%,0,87,87,0,0,0,87
0x1625f45,100%,0,1,1,1,0,0,0
0x11471c0,100%,0,8372,8372,0,0,0,8372
0x1625ebb,100%,0,336433,336433,336433,0,0,0
0x114f3f7,100%,0,29,29,0,0,0,29
0x166a466,100%,0,784,784,616,0,0,168
0x114a35a,100%,0,756,756,0,0,0,756
0x166bd5c,100%,0,3040,3040,0,0,0,3040
0x1680132,100%,0,26596,26596,22040,0,0,4556
0x1146e91,100%,0,16744,16744,8372,0,0,8372
0x114ddf1,100%,0,55593,55593,0,0,0,55593
0x114d8a9,100%,0,14726,14726,0,0,0,14726
0x162623c,100%,0,31647,31647,0,0,0,31647
0x114b4b8,100%,0,29,29,0,0,0,29
0x162664d,100%,0,31647,31647,0,0,0,31647
0x162625a,100%,0,31647,31647,31647,0,0,0
0x114b3be,100%,0,783,783,0,0,0,783
0x1626279,100%,0,31647,31647,0,0,0,31647
0x11474fd,100%,0,3498,3498,3498,0,0,0
0x1147dbc,100%,0,87,87,0,0,0,87
0x16262a8,100%,0,31647,31647,0,0,0,31647
0x16262dc,100%,0,31647,31647,0,0,0,31647
0x1148c15,100%,0,756,756,0,0,0,756
0x1669fa7,100%,0,590,590,57,0,0,533
0x16262ef,100%,0,31647,31647,0,0,0,31647
0x16262fb,100%,0,31647,31647,0,0,0,31647
0x1668745,100%,0,3103,3103,0,0,0,3103
0x1626633,100%,0,31647,31647,0,0,0,31647
0x166c39a,100%,0,3103,3103,0,0,0,3103
0x166a157,100%,0,756,756,756,0,0,0
0x166c3bc,100%,0,3103,3103,3103,0,0,0
0x114a881,100%,0,53676,53676,0,0,0,53676
0x1668778,100%,0,1479,1479,0,0,0,1479
0x11478a9,100%,0,4875,4875,0,0,0,4875
0x1147d3e,100%,0,87,87,0,0,0,87
0x46f026,100%,0,5292,5292,4536,0,0,756
0x166883e,100%,0,1624,1624,1624,0,0,0
0x114f4df,100%,0,29,29,0,0,0,29
0x1625ac1,100%,0,747150,747150,0,0,0,747150
0x166ae91,100%,0,168,168,0,0,0,168
0x1668ba0,100%,0,1624,1624,1624,0,0,0
0x1147e69,100%,0,87,87,0,0,0,87
0x1146bb2,100%,0,166752,166752,160576,0,0,6176
0x114ddb3,100%,0,55593,55593,0,0,0,55593
0x16262c7,100%,0,31647,31647,0,0,0,31647
0x1146af0,100%,0,6176,6176,0,0,0,6176
0x1668832,100%,0,1624,1624,0,0,0,1624
0x114be13,100%,0,783,783,0,0,0,783
0x1146b24,100%,0,6176,6176,0,0,0,6176
0x114f59e,100%,0,29,29,0,0,0,29
0x1669e08,100%,0,1971,1971,0,0,0,1971
0x166a459,100%,0,784,784,168,0,0,616
0x1146b47,100%,0,166752,166752,160576,0,0,6176
0x1146ef0,100%,0,8372,8372,0,0,0,8372
0x162679b,100%,0,31647,31647,0,0,0,31647
0x1668f1b,100%,0,87,87,0,0,0,87
0x1147d24,100%,0,87,87,0,0,0,87
0x1668867,100%,0,1624,1624,1624,0,0,0
0x114768e,100%,0,10494,10494,6996,0,0,3498
0x1146bc9,100%,0,6176,6176,0,0,0,6176
0x1668038,100%,0,290,290,29,0,0,261
0x1146be7,100%,0,166752,166752,160576,0,0,6176
0x1147ae8,100%,0,4386,4386,0,0,0,4386
0x162624d,100%,0,31647,31647,31647,0,0,0
0x114ec75,100%,0,42341,42341,0,0,0,42341
0x1146c12,100%,0,166752,166752,160576,0,0,6176
0x1148cbb,100%,0,756,756,0,0,0,756
0x1146c2d,100%,0,6176,6176,0,0,0,6176
0x16687ff,100%,0,1479,1479,1479,0,0,0
0x1146c4b,100%,0,166752,166752,160576,0,0,6176
0x1146ca2,100%,0,131598,131598,126724,0,0,4874
0x1146b12,100%,0,166752,166752,160576,0,0,6176
0x114f58c,100%,0,29,29,0,0,0,29
0x114632c,100%,0,1666,1666,0,0,0,1666
