Branch PC,Accuracy,Mispredictions,Correct Predictions,Total,dir_t_pred_t,dir_t_pred_nt,dir_nt_pred_t,dir_nt_pred_nt
aggregate,97.0118%,801939,26035321,26837260,10105705,441122,360817,15929616
0x471355,72.8469%,279789,750624,1030413,208118,181320,98469,542506
0x471357,82.2115%,114020,526955,640975,426368,28828,85192,100587
0x471374,58.4108%,77264,108515,185779,60707,35873,41391,47808
0x471328,95.7734%,46108,1044798,1090906,7782,44971,1137,1037016
0x55bb1a,79.8013%,45551,179964,225515,74246,28117,17434,105718
0x4712b5,86.148%,42187,262369,304556,256958,3720,38467,5411
0x55bb07,86.6303%,32435,210165,242600,103432,19720,12715,106733
0x47139c,97.0155%,30984,1007169,1038153,1404,30242,742,1005765
0x55bb3b,80.1611%,24432,98720,123152,49680,11918,12514,49040
0x4712b3,95.7117%,14797,330259,345056,32842,7658,7139,297417
0x54ff31,86.9028%,10577,70181,80758,56324,2693,7884,13857
0x471334,99.2505%,7781,1030372,1038153,52,7688,93,1030320
0x5557f7,69.9882%,6349,14806,21155,8883,2989,3360,5923
0x54ff95,84.0273%,5497,28918,34415,10464,2796,2701,18454
0x6291ab,94.4424%,5141,87363,92504,5676,3335,1806,81687
0x6408b8,91.1709%,4908,50681,55589,41961,2010,2898,8720
0x47139e,99.5815%,4212,1002295,1006507,994395,55,4157,7900
0x443f3b,94.3315%,3312,55116,58428,47238,1528,1784,7878
0x64cb0d,90.4401%,3284,31068,34352,1817,2566,718,29251
0x550b40,84.8937%,3069,17247,20316,120,2899,170,17127
0x416e82,96.0276%,2891,69887,72778,51524,1426,1465,18363
0x5510fc,98.2529%,2806,157804,160610,39830,1538,1268,117974
0x416e79,97.677%,2555,107433,109988,35597,1613,942,71836
0x54517e,66.1284%,2412,4709,7121,1515,1408,1004,3194
0x558412,84.8773%,1719,9648,11367,5,1700,19,9643
0x5458ae,65.1742%,1719,3217,4936,1597,839,880,1620
0x558424,85.7069%,1381,8281,9662,369,1336,45,7912
0x54536e,82.064%,1227,5614,6841,1080,857,370,4534
0x5500d9,91.8401%,1082,12178,13260,12056,57,1025,122
0x4712e1,99.6114%,1013,259665,260678,259526,1,1012,139
0x5549b7,95.0161%,1005,19160,20165,28,988,17,19132
0x544c93,93.0859%,978,13167,14145,9,959,19,13158
0x544cc7,93.1278%,972,13172,14144,13170,6,966,2
0x550924,92.7029%,936,11891,12827,11560,33,903,331
0x55845a,92.9885%,797,10570,11367,9272,390,407,1298
0x54ff6f,99.0156%,795,79963,80758,46098,245,550,33865
0x544fa4,98.9474%,740,69560,70300,69330,267,473,230
0x64e094,92.8045%,654,8435,9089,556,466,188,7879
0x544e70,99.4588%,552,101448,102000,100721,259,293,727
0x54509a,99.2504%,527,69773,70300,69377,220,307,396
0x545187,87.7323%,515,3683,4198,3551,62,453,132
0x54519a,84.4338%,455,2468,2923,2419,68,387,49
0x4ebafe,96.8119%,423,12845,13268,823,246,177,12022
0x4ebf4b,96.7903%,412,12424,12836,538,254,158,11886
0x545377,91.6395%,410,4494,4904,4407,73,337,87
0x55bc42,65.4966%,403,765,1168,511,192,211,254
0x55bd8a,57.9459%,389,536,925,363,168,221,173
0x5458ca,84.3186%,382,2054,2436,1965,99,283,89
0x4168d2,99.523%,355,74065,74420,48695,61,294,25370
0x55083d,97.3488%,349,12815,13164,11864,8,341,951
0x5458b7,86.12%,347,2153,2500,2114,55,292,39
0x4713c3,97.2049%,337,11720,12057,11617,44,293,103
0x621e8a,99.0237%,336,34080,34416,15094,227,109,18986
0x55bd67,56.0455%,309,394,703,66,206,103,328
0x54538a,84.254%,305,1632,1937,1201,139,166,431
0x629198,99.6802%,297,92565,92862,113,245,52,92452
0x5564ba,97.6953%,295,12505,12800,604,179,116,11901
0x5451bf,71.3026%,293,728,1021,613,90,203,115
0x55baa4,58.705%,287,408,695,324,92,195,84
0x55bdff,65.5761%,242,461,703,354,96,146,107
0x55baca,70.2668%,234,553,787,388,68,166,165
0x5510f7,99.8669%,215,161301,161516,732,174,41,160569
0x63f854,99.961%,194,497725,497919,80508,143,51,417217
0x55bc4f,58.7097%,192,273,465,147,96,96,126
0x550861,98.6858%,173,12991,13164,11865,7,166,1126
0x55badb,55.7692%,161,203,364,53,112,49,150
0x62204d,99.5566%,153,34354,34507,14992,23,130,19362
0x55bde1,62.6943%,144,242,386,204,41,103,38
0x55212b,93.8114%,126,1910,2036,990,31,95,920
0x55bf83,59.5469%,125,184,309,156,49,76,28
0x6209cf,99.7388%,123,46970,47093,596,107,16,46374
0x55baeb,66.4773%,118,234,352,131,56,62,103
0x550535,57.0896%,115,153,268,46,71,44,107
0x55bc0f,83.7838%,114,589,703,272,59,55,317
0x55033b,99.4603%,114,21007,21121,26,91,23,20981
0x49bf5c,99.6775%,111,34305,34416,34283,23,88,22
0x55ba0a,68.7135%,107,235,342,176,45,62,59
0x55bc54,52.7027%,105,117,222,62,44,61,55
0x620af1,99.6896%,104,33397,33501,33397,1,103,0
0x622005,99.7099%,101,34712,34813,235,71,30,34477
0x55be4e,83.8449%,100,519,619,253,37,63,266
0x620a9a,99.7105%,97,33404,33501,33404,0,97,0
0x64cb17,99.6763%,97,29872,29969,20864,16,81,9008
0x471495,56.9507%,96,127,223,106,44,52,21
0x55bcd7,61.7284%,93,150,243,43,51,42,107
0x62203c,99.7363%,91,34416,34507,0,80,11,34416
0x55bb26,99.9288%,85,119363,119448,61505,49,36,57858
0x55ba6a,72.4907%,74,195,269,118,30,44,77
0x444158,99.801%,74,37120,37194,2709,55,19,34411
0x621df5,99.9155%,70,82786,82856,34367,49,21,48419
0x5509b3,99.5166%,62,12765,12827,12765,9,53,0
0x55bf6b,80.2589%,61,248,309,199,16,45,49
0x5453b5,92.7624%,60,769,829,769,8,52,0
0x64cb03,99.8315%,58,34367,34425,33,40,18,34334
0x55bef3,65.6442%,56,107,163,78,14,42,29
0x55be55,83.2827%,55,274,329,262,16,39,12
0x4714e8,59.0909%,54,78,132,64,12,42,14
0x550816,99.5974%,53,13111,13164,13111,0,53,0
0x55b9ef,84.7953%,52,290,342,212,23,29,78
0x54592a,92.6031%,52,651,703,351,21,31,300
0x62205a,99.7384%,51,19441,19492,19441,4,47,0
0x55bdb0,82.699%,50,239,289,235,6,44,4
0x54539a,95.2987%,48,973,1021,168,24,24,805
0x55061b,87.7922%,47,338,385,248,20,27,90
0x55bee1,80%,43,172,215,138,11,32,34
0x55bd74,90.2552%,42,389,431,0,37,5,389
0x55b6fc,99.9865%,41,303218,303259,56966,34,7,246252
0x549393,99.6983%,40,13220,13260,1,37,3,13219
0x411c63,99.8855%,38,33155,33193,33155,4,34,0
0x55be29,66.3636%,37,73,110,45,10,27,28
0x620b58,99.8925%,36,33465,33501,33455,0,36,10
0x55be5e,89.7361%,35,306,341,198,17,18,108
0x5501e7,99.6337%,34,9249,9283,9249,0,34,0
0x55be17,73.0159%,34,92,126,81,13,21,11
0x63fac2,99.974%,33,126870,126903,80620,31,2,46250
0x445101,99.9452%,32,58395,58427,35505,17,15,22890
0x44403c,99.9525%,30,63161,63191,48761,4,26,14400
0x411c48,99.9105%,30,33471,33501,276,27,3,33195
0x61d889,26.3158%,28,10,38,10,28,0,0
0x61d167,72.1649%,27,70,97,27,14,13,43
0x4714a5,82.5503%,26,123,149,120,10,16,3
0x555e9f,99.8021%,26,13111,13137,13111,0,26,0
0x552278,97.4831%,26,1007,1033,1007,0,26,0
0x55ba4f,90.7063%,25,244,269,194,8,17,50
0x5509cb,52.8302%,25,28,53,1,25,0,27
0x54989b,36.8421%,24,14,38,14,24,0,0
0x61d050,81.746%,23,103,126,66,4,19,37
0x55bed8,89.7674%,22,193,215,4,19,3,189
0x620b23,79.6117%,21,82,103,79,6,15,3
0x55bcdd,86.5772%,20,129,149,118,9,11,11
0x5505ae,82.906%,20,97,117,72,7,13,25
0x55bee6,71.2121%,19,47,66,46,6,13,1
0x6157ed,52.6316%,18,20,38,20,18,0,0
0x55be65,85.7143%,18,108,126,102,3,15,6
0x550b58,99.8959%,18,17279,17297,17279,1,17,0
0x55be1c,46.875%,17,15,32,6,10,7,9
0x55bc5a,85.3448%,17,99,116,1,15,2,98
0x552280,34.6154%,17,9,26,7,11,6,2
0x67c345,76.1194%,16,51,67,9,14,2,42
0x55bcea,87.069%,15,101,116,66,5,10,35
0x5549f6,99.9217%,15,19134,19149,0,15,0,19134
0x550254,55.8824%,15,19,34,19,15,0,0
0x620ad1,86.5979%,13,84,97,84,2,11,0
0x556f81,59.375%,13,19,32,18,5,8,1
0x544a27,98.7267%,13,1008,1021,968,1,12,40
0x55097a,98.9465%,13,1221,1234,0,0,13,1221
0x550c3b,61.7647%,13,21,34,21,13,0,0
0x55bda7,96.9543%,12,382,394,96,9,3,286
0x5525fd,98.9216%,11,1009,1020,1008,4,7,1
0x54a683,47.619%,11,10,21,10,11,0,0
0x6802cf,68.5714%,11,24,35,24,11,0,0
0x629254,96.9274%,11,347,358,0,11,0,347
0x411b0b,99.9679%,11,34295,34306,231,11,0,34064
0x55beb3,90.2655%,11,102,113,85,4,7,17
0x55bef8,85.9155%,10,61,71,55,6,4,6
0x501d75,40%,9,6,15,6,9,0,0
0x55c08d,82.6923%,9,43,52,0,9,0,43
0x550344,99.9572%,9,20995,21004,259,9,0,20736
0x4123fe,40%,9,6,15,0,7,2,6
0x4714c2,52.6316%,9,10,19,8,9,0,2
0x6802c2,79.5455%,9,35,44,0,9,0,35
0x55baba,98.8489%,8,687,695,326,5,3,361
0x55bdd3,97.9695%,8,386,394,0,8,0,386
0x68028d,81.8182%,8,36,44,36,8,0,0
0x55b1f0,99.9936%,8,124616,124624,67623,1,7,56993
0x6814e9,81.8182%,8,36,44,36,8,0,0
0x67ce77,81.8182%,8,36,44,1,8,0,35
0x556d74,11.1111%,8,1,9,1,8,0,0
0x55b7b7,99.9968%,8,246251,246259,67521,3,5,178730
0x41240d,0%,8,0,8,0,8,0,0
0x54650c,98.862%,8,695,703,0,8,0,695
0x54a512,46.6667%,8,7,15,0,0,8,7
0x55bc22,97.8495%,8,364,372,0,8,0,364
0x511c25,61.1111%,7,11,18,0,0,7,11
0x4c8cda,92.2222%,7,83,90,65,7,0,18
0x556cdf,22.2222%,7,2,9,2,7,0,0
0x4cce84,80.5556%,7,29,36,29,7,0,0
0x4c7a2f,61.1111%,7,11,18,11,7,0,0
0x61d08d,87.5%,7,49,56,49,7,0,0
0x4c74e4,61.1111%,7,11,18,11,7,0,0
0x54a69a,66.6667%,7,14,21,0,6,1,14
0x555bb9,99.9653%,7,20158,20165,19134,0,7,1024
0x67ce00,80%,7,28,35,28,7,0,0
0x511a98,61.1111%,7,11,18,11,7,0,0
0x55bfc7,56.25%,7,9,16,9,3,4,0
0x549fba,66.6667%,7,14,21,0,6,1,14
0x552290,99.3103%,7,1008,1015,1007,0,7,1
0x549fc9,53.3333%,7,8,15,0,0,7,8
0x61d115,89.2857%,6,50,56,0,0,6,50
0x55bf9b,98.0583%,6,303,309,0,6,0,303
0x439bfa,97.3094%,6,217,223,217,6,0,0
0x549749,88.6792%,6,47,53,47,6,0,0
0x590694,83.3333%,6,30,36,0,0,6,30
0x4cce53,66.6667%,6,12,18,0,0,6,12
0x549fa3,71.4286%,6,15,21,15,6,0,0
0x410776,0%,6,0,6,0,0,6,0
0x41075f,0%,6,0,6,0,6,0,0
0x550be4,79.3103%,6,23,29,11,2,4,12
0x622086,86.6667%,6,39,45,0,0,6,39
0x41074f,99.9821%,6,33495,33501,33495,0,6,0
0x5504e6,98.4416%,6,379,385,112,5,1,267
0x5493a5,84.2105%,6,32,38,32,6,0,0
0x4c2695,99.9851%,5,33496,33501,0,5,0,33496
0x411c54,99.9849%,5,33193,33198,0,5,0,33193
0x55bf91,98.3819%,5,304,309,0,5,0,304
0x4117df,90.566%,5,48,53,0,0,5,48
0x4117ee,90.566%,5,48,53,0,0,5,48
0x4c8d21,72.2222%,5,13,18,13,5,0,0
0x67ce39,88.6364%,5,39,44,39,5,0,0
0x4123df,66.6667%,5,10,15,0,0,5,10
0x41148f,89.3617%,5,42,47,42,5,0,0
0x55be2e,90.9091%,5,50,55,39,4,1,11
0x558a32,58.3333%,5,7,12,1,5,0,6
0x550ab0,99.9803%,4,20312,20316,147,4,0,20165
0x620945,99.995%,4,80590,80594,33501,0,4,47089
0x67cdf7,90.9091%,4,40,44,5,4,0,35
0x59069d,88.8889%,4,32,36,0,0,4,32
0x6220a1,91.4894%,4,43,47,43,4,0,0
0x511a70,77.7778%,4,14,18,14,4,0,0
0x61d125,92.8571%,4,52,56,52,4,0,0
0x5906fa,77.7778%,4,14,18,14,4,0,0
0x67ce30,90.9091%,4,40,44,40,4,0,0
0x4c70ae,77.7778%,4,14,18,0,0,4,14
0x4c874c,77.7778%,4,14,18,14,4,0,0
0x63fafe,99.9928%,4,55585,55589,0,0,4,55585
0x67cef3,90.9091%,4,40,44,40,4,0,0
0x558c5d,33.3333%,4,2,6,2,4,0,0
0x51a830,92.5926%,4,50,54,0,3,1,50
0x680f23,89.4737%,4,34,38,34,4,0,0
0x5500e2,99.6513%,4,1143,1147,0,4,0,1143
0x556e54,55.5556%,4,5,9,0,0,4,5
0x550cc5,88.2353%,4,30,34,30,4,0,0
0x55101c,99.9945%,4,72356,72360,72356,4,0,0
0x558ddd,33.3333%,4,2,6,2,4,0,0
0x6806b6,93.1818%,3,41,44,41,3,0,0
0x622134,94%,3,47,50,0,3,0,47
0x67c56c,92.1053%,3,35,38,0,0,3,35
0x55b77a,99.9947%,3,56997,57000,0,0,3,56997
0x552726,62.5%,3,5,8,5,3,0,0
0x67ccc4,93.1818%,3,41,44,0,0,3,41
0x61d0e4,94.6429%,3,53,56,53,3,0,0
0x61d083,94.6429%,3,53,56,0,0,3,53
0x501cf0,80%,3,12,15,0,1,2,12
0x549fd5,80%,3,12,15,0,0,3,12
0x67cd56,93.1818%,3,41,44,41,3,0,0
0x67c782,92.1053%,3,35,38,0,0,3,35
0x4c7a07,83.3333%,3,15,18,15,3,0,0
0x55261d,62.5%,3,5,8,5,3,0,0
0x61cf05,92.1053%,3,35,38,35,3,0,0
0x622296,99.0196%,3,303,306,0,0,3,303
0x552440,99.7021%,3,1004,1007,0,0,3,1004
0x41cc1d,97.0588%,3,99,102,0,0,3,99
0x4117d3,94.3396%,3,50,53,0,0,3,50
0x49814c,83.3333%,3,15,18,15,3,0,0
0x68029a,93.1818%,3,41,44,41,3,0,0
0x4714d6,97.7273%,3,129,132,0,0,3,129
0x62206b,93.617%,3,44,47,0,2,1,44
0x4c8635,83.3333%,3,15,18,15,3,0,0
0x411bdd,99.9913%,3,34413,34416,34413,3,0,0
0x55c0c1,70%,3,7,10,7,3,0,0
0x4c8931,83.3333%,3,15,18,0,0,3,15
0x4c79fd,83.3333%,3,15,18,0,0,3,15
0x5555fa,99.9774%,3,13257,13260,13222,0,3,35
0x5449be,99.7062%,3,1018,1021,1018,3,0,0
0x620b89,99.991%,3,33498,33501,33498,3,0,0
0x550e64,94.1176%,2,32,34,32,1,1,0
0x620e77,99.994%,2,33499,33501,33499,2,0,0
0x549cab,86.6667%,2,13,15,0,0,2,13
0x558b2b,66.6667%,2,4,6,0,0,2,4
0x550945,99.8379%,2,1232,1234,1232,2,0,0
0x41180d,96.2264%,2,51,53,0,0,2,51
0x55be49,99.6769%,2,617,619,0,0,2,617
0x551148,99.9952%,2,41366,41368,41366,2,0,0
0x622136,95.7447%,2,45,47,45,2,0,0
0x4cceae,94.4444%,2,34,36,0,0,2,34
0x4714b0,89.4737%,2,17,19,0,0,2,17
0x54a6a4,86.6667%,2,13,15,0,0,2,13
0x55bfcc,50%,2,2,4,1,2,0,1
0x553c23,0%,2,0,2,0,0,2,0
0x620b2c,88.8889%,2,16,18,0,0,2,16
0x4710f6,99.9977%,2,85527,85529,85527,2,0,0
0x511c33,88.8889%,2,16,18,0,0,2,16
0x4123f2,86.6667%,2,13,15,0,0,2,13
0x620b0d,98.0583%,2,101,103,0,0,2,101
0x6170f2,94.7368%,2,36,38,0,0,2,36
0x552298,75%,2,6,8,6,2,0,0
0x55930b,98%,2,98,100,98,2,0,0
0x5502e4,94.1176%,2,32,34,0,0,2,32
0x47ea9a,99.1031%,2,221,223,0,0,2,221
0x5505f3,97.4684%,2,77,79,77,2,0,0
0x555eac,92.3077%,2,24,26,24,2,0,0
0x5502a4,94.1176%,2,32,34,0,0,2,32
0x620968,99.9958%,2,47091,47093,0,0,2,47091
0x550bc2,93.1034%,2,27,29,27,2,0,0
0x511c80,88.8889%,2,16,18,0,0,2,16
0x61ec16,94.7368%,2,36,38,36,2,0,0
0x550b9b,93.1034%,2,27,29,27,2,0,0
0x67c68b,94.7368%,2,36,38,36,2,0,0
0x54a66d,86.6667%,2,13,15,0,0,2,13
0x63977d,97.561%,2,80,82,0,0,2,80
0x67cf89,95.4545%,2,42,44,0,0,2,42
0x5012c9,96.0784%,2,49,51,49,2,0,0
0x5509e5,92.5926%,2,25,27,25,2,0,0
0x6245a3,99.9975%,2,80592,80594,0,0,2,80592
0x439cda,99.997%,1,33500,33501,33500,1,0,0
0x55bf4f,98.3051%,1,58,59,4,1,0,54
0x6223de,99.6732%,1,305,306,0,0,1,305
0x444026,99.9984%,1,63191,63192,0,0,1,63191
0x55bfff,92.3077%,1,12,13,12,1,0,0
0x41211e,99.0909%,1,109,110,0,0,1,109
0x501cfb,92.8571%,1,13,14,0,0,1,13
0x47e64e,99.9979%,1,48318,48319,0,0,1,48318
0x443f1f,99.9983%,1,58427,58428,0,0,1,58427
0x471481,99.5516%,1,222,223,0,0,1,222
0x501d93,93.3333%,1,14,15,14,1,0,0
0x43ad15,98.0392%,1,50,51,0,0,1,50
0x6225af,99.6732%,1,305,306,0,0,1,305
0x4c79ea,94.4444%,1,17,18,0,0,1,17
0x54ff3d,99.9954%,1,21740,21741,19410,1,0,2330
0x551004,99.9994%,1,161514,161515,0,0,1,161514
0x54493b,99.9021%,1,1020,1021,1020,1,0,0
0x507575,99.999%,1,97637,97638,0,0,1,97637
0x67c294,97.7273%,1,43,44,43,1,0,0
0x61d06b,98.2143%,1,55,56,0,0,1,55
0x550c57,97.0588%,1,33,34,33,1,0,0
0x549a86,97.3684%,1,37,38,0,0,1,37
0x5521c6,99.9015%,1,1014,1015,1014,1,0,0
0x4ebe69,99.9975%,1,39437,39438,0,0,1,39437
0x55bc75,99.5595%,1,226,227,226,1,0,0
0x55c092,97.6744%,1,42,43,42,0,1,0
0x544ccc,99.8967%,1,967,968,0,0,1,967
0x54a6ab,93.3333%,1,14,15,0,0,1,14
0x67ccd6,97.7273%,1,43,44,38,0,1,5
0x41cc85,99.9988%,1,84571,84572,84571,1,0,0
0x67ca7a,97.3684%,1,37,38,37,1,0,0
0x550f55,96.9697%,1,32,33,32,1,0,0
0x63f879,99.9998%,1,417267,417268,0,0,1,417267
0x67ce80,97.1429%,1,34,35,34,1,0,0
0x550f17,96.9697%,1,32,33,32,1,0,0
0x6222cd,99.6732%,1,305,306,305,1,0,0
0x43b8a4,99.9988%,1,84571,84572,84571,1,0,0
0x550e68,0%,1,0,1,0,1,0,0
0x5510d8,99.9994%,1,161515,161516,161515,1,0,0
0x41d42e,97.3684%,1,37,38,0,0,1,37
0x54524e,99.8578%,1,702,703,0,0,1,702
0x47e5ce,99.9979%,1,48318,48319,0,0,1,48318
0x5502a9,97.0588%,1,33,34,33,1,0,0
0x4441b4,99.9638%,1,2763,2764,0,0,1,2763
0x544ad1,99.8968%,1,968,969,968,1,0,0
0x4c86cb,94.4444%,1,17,18,0,0,1,17
0x4c8690,98.1481%,1,53,54,0,0,1,53
0x4714b2,94.7368%,1,18,19,0,0,1,18
0x511c84,94.4444%,1,17,18,17,1,0,0
0x6209fe,99.9979%,1,47092,47093,702,1,0,46390
0x47ea71,99.5516%,1,222,223,0,0,1,222
0x55c05d,83.3333%,1,5,6,5,1,0,0
0x47e5ba,99.9979%,1,48318,48319,0,0,1,48318
0x47d480,99.9973%,1,37209,37210,0,0,1,37209
0x55642f,99.9922%,1,12826,12827,12826,1,0,0
0x43b900,99.9988%,1,84571,84572,0,0,1,84571
0x519a3f,94.4444%,1,17,18,17,1,0,0
0x4117aa,99.9973%,1,37140,37141,0,0,1,37140
0x4712c0,99.9977%,1,43877,43878,0,0,1,43877
0x5557c1,99.6269%,1,267,268,267,1,0,0
0x47ea6b,99.5516%,1,222,223,0,0,1,222
0x624593,99.9988%,1,80593,80594,0,0,1,80593
0x4ebf3e,99.9922%,1,12835,12836,0,0,1,12835
0x53f54d,99.9988%,1,84571,84572,84571,1,0,0
0x5509aa,99.9922%,1,12826,12827,0,0,1,12826
0x62458a,99.9988%,1,80593,80594,0,0,1,80593
0x622098,97.8723%,1,46,47,0,0,1,46
0x55c04a,80%,1,4,5,0,0,1,4
0x545890,99.8578%,1,702,703,0,0,1,702
0x67cd0e,97.7273%,1,43,44,37,1,0,6
0x61d86a,100%,0,38,38,38,0,0,0
0x556318,100%,0,13164,13164,0,0,0,13164
0x6225e7,100%,0,306,306,0,0,0,306
0x5521bb,100%,0,1015,1015,0,0,0,1015
0x4c79f8,100%,0,18,18,0,0,0,18
0x5432cc,100%,0,88383,88383,88383,0,0,0
0x47d5e8,100%,0,37210,37210,0,0,0,37210
0x555f16,100%,0,1234,1234,1234,0,0,0
0x5504c0,100%,0,385,385,0,0,0,385
0x433e67,100%,0,19828,19828,19828,0,0,0
0x47e636,100%,0,48319,48319,0,0,0,48319
0x5562ea,100%,0,13164,13164,13164,0,0,0
0x55571c,100%,0,21155,21155,21155,0,0,0
0x5557a8,100%,0,21155,21155,20887,0,0,268
0x4123d3,100%,0,15,15,0,0,0,15
0x550179,100%,0,21155,21155,21155,0,0,0
0x5564c7,100%,0,12017,12017,12017,0,0,0
0x433f47,100%,0,19828,19828,19828,0,0,0
0x5571a2,100%,0,9,9,0,0,0,9
0x4ccee0,100%,0,36,36,18,0,0,18
0x433f74,100%,0,19828,19828,19828,0,0,0
0x439c7e,100%,0,19828,19828,19828,0,0,0
0x5501a7,100%,0,21155,21155,0,0,0,21155
0x443f9b,100%,0,9662,9662,0,0,0,9662
0x5555d2,100%,0,13260,13260,13260,0,0,0
0x4cce5d,100%,0,18,18,0,0,0,18
0x550366,100%,0,20736,20736,20736,0,0,0
0x558e70,100%,0,6,6,6,0,0,0
0x4ebae2,100%,0,13268,13268,0,0,0,13268
0x5571bb,100%,0,9,9,0,0,0,9
0x501ccd,100%,0,15,15,0,0,0,15
0x444180,100%,0,34430,34430,0,0,0,34430
0x555618,100%,0,13260,13260,13260,0,0,0
0x4ebace,100%,0,13268,13268,0,0,0,13268
0x444260,100%,0,2764,2764,0,0,0,2764
0x5555b3,100%,0,13260,13260,0,0,0,13260
0x44419a,100%,0,34430,34430,0,0,0,34430
0x54525b,100%,0,703,703,703,0,0,0
0x620e6a,100%,0,33501,33501,0,0,0,33501
0x555548,100%,0,13260,13260,13260,0,0,0
0x55b1fe,100%,0,57000,57000,57000,0,0,0
0x44421e,100%,0,34430,34430,34430,0,0,0
0x550eb2,100%,0,33,33,33,0,0,0
0x550d16,100%,0,34,34,0,0,0,34
0x54844b,100%,0,21193,21193,0,0,0,21193
0x5504ee,100%,0,268,268,268,0,0,0
0x4ebb0b,100%,0,12199,12199,12199,0,0,0
0x55631d,100%,0,13164,13164,13164,0,0,0
0x54859b,100%,0,9,9,0,0,0,9
0x54ff59,100%,0,2330,2330,2330,0,0,0
0x54971a,100%,0,53,53,38,0,0,15
0x4713af,100%,0,12057,12057,0,0,0,12057
0x4113bd,100%,0,53,53,0,0,0,53
0x444165,100%,0,34430,34430,0,0,0,34430
0x4113dd,100%,0,53,53,53,0,0,0
0x4713ad,100%,0,12057,12057,0,0,0,12057
0x549d65,100%,0,15,15,15,0,0,0
0x5500f8,100%,0,1058,1058,1058,0,0,0
0x5500eb,100%,0,13256,13256,12198,0,0,1058
0x55578f,100%,0,21155,21155,0,0,0,21155
0x439bba,100%,0,37210,37210,37210,0,0,0
0x550225,100%,0,34,34,34,0,0,0
0x550b65,100%,0,17,17,17,0,0,0
0x5453d1,100%,0,52,52,0,0,0,52
0x5453d6,100%,0,52,52,52,0,0,0
0x53e1c0,100%,0,84572,84572,84572,0,0,0
0x55042f,100%,0,117,117,117,0,0,0
0x55bab1,100%,0,279,279,0,0,0,279
0x443f82,100%,0,9662,9662,0,0,0,9662
0x47ea77,100%,0,223,223,0,0,0,223
0x546412,100%,0,703,703,703,0,0,0
0x5463fb,100%,0,703,703,0,0,0,703
0x55112b,100%,0,906,906,906,0,0,0
0x5458e4,100%,0,703,703,0,0,0,703
0x5507da,100%,0,13164,13164,13164,0,0,0
0x545922,100%,0,703,703,0,0,0,703
0x5458d4,100%,0,703,703,0,0,0,703
0x5524f3,100%,0,1021,1021,1021,0,0,0
0x62210f,100%,0,47,47,47,0,0,0
0x4c76ae,100%,0,18,18,0,0,0,18
0x6223e7,100%,0,306,306,306,0,0,0
0x62258b,100%,0,306,306,0,0,0,306
0x54509f,100%,0,703,703,0,0,0,703
0x54a52b,100%,0,15,15,0,0,0,15
0x5451a4,100%,0,1021,1021,0,0,0,1021
0x545047,100%,0,703,703,0,0,0,703
0x5452aa,100%,0,703,703,703,0,0,0
0x544fe5,100%,0,703,703,703,0,0,0
0x556032,100%,0,12827,12827,12827,0,0,0
0x53f493,100%,0,85529,85529,85529,0,0,0
0x622019,100%,0,34507,34507,0,0,0,34507
0x621443,100%,0,33501,33501,33501,0,0,0
0x411918,100%,0,85529,85529,0,0,0,85529
0x622037,100%,0,34507,34507,0,0,0,34507
0x64cab3,100%,0,34425,34425,0,0,0,34425
0x621ff8,100%,0,19492,19492,0,0,0,19492
0x44419f,100%,0,34430,34430,34430,0,0,0
0x550400,100%,0,117,117,0,0,0,117
0x54592f,100%,0,331,331,0,0,0,331
0x549f89,100%,0,15,15,0,0,0,15
0x4ebb83,100%,0,12199,12199,12199,0,0,0
0x55109b,100%,0,12180,12180,12180,0,0,0
0x54528a,100%,0,703,703,0,0,0,703
0x550e8c,100%,0,1,1,0,0,0,1
0x67c57f,100%,0,38,38,0,0,0,38
0x620abb,100%,0,97,97,0,0,0,97
0x61ec44,100%,0,38,38,0,0,0,38
0x55bf75,100%,0,309,309,0,0,0,309
0x67c575,100%,0,38,38,0,0,0,38
0x5505b2,100%,0,38,38,38,0,0,0
0x433de9,100%,0,19828,19828,0,0,0,19828
0x55bc18,100%,0,372,372,0,0,0,372
0x501d02,100%,0,14,14,0,0,0,14
0x55c030,100%,0,5,5,5,0,0,0
0x545355,100%,0,1021,1021,0,0,0,1021
0x64cadb,100%,0,34425,34425,0,0,0,34425
0x558a74,100%,0,6,6,6,0,0,0
0x54504c,100%,0,703,703,703,0,0,0
0x443f8b,100%,0,9662,9662,0,0,0,9662
0x4113c4,100%,0,53,53,0,0,0,53
0x550f50,100%,0,33,33,0,0,0,33
0x443f5b,100%,0,9662,9662,9662,0,0,0
0x4712c2,100%,0,43878,43878,0,0,0,43878
0x54506e,100%,0,703,703,0,0,0,703
0x550b0e,100%,0,151,151,0,0,0,151
0x62212b,100%,0,3,3,0,0,0,3
0x5583e6,100%,0,1705,1705,1705,0,0,0
0x550847,100%,0,1292,1292,0,0,0,1292
0x5564fe,100%,0,783,783,0,0,0,783
0x550451,100%,0,117,117,117,0,0,0
0x55233c,100%,0,1007,1007,1007,0,0,0
0x550be8,100%,0,16,16,16,0,0,0
0x545014,100%,0,703,703,703,0,0,0
0x554a08,100%,0,19134,19134,19134,0,0,0
0x552196,100%,0,1015,1015,0,0,0,1015
0x5509e1,100%,0,27,27,0,0,0,27
0x49c1c2,100%,0,34306,34306,34306,0,0,0
0x555fd3,100%,0,12827,12827,0,0,0,12827
0x550dfd,100%,0,20736,20736,20736,0,0,0
0x5503a5,100%,0,20736,20736,20736,0,0,0
0x620ada,100%,0,11,11,0,0,0,11
0x623f63,100%,0,82856,82856,0,0,0,82856
0x55107e,100%,0,136,136,136,0,0,0
0x5451cd,100%,0,318,318,318,0,0,0
0x6225d8,100%,0,306,306,0,0,0,306
0x49bf86,100%,0,110,110,0,0,0,110
0x550d1b,100%,0,34,34,34,0,0,0
0x544ef4,100%,0,70300,70300,70300,0,0,0
0x411a8d,100%,0,34306,34306,0,0,0,34306
0x544eef,100%,0,70300,70300,0,0,0,70300
0x544eb2,100%,0,703,703,0,0,0,703
0x411476,100%,0,47,47,0,0,0,47
0x620a90,100%,0,33501,33501,0,0,0,33501
0x6225c4,100%,0,306,306,306,0,0,0
0x411812,100%,0,53,53,0,0,0,53
0x622414,100%,0,15015,15015,0,0,0,15015
0x550382,100%,0,20736,20736,20736,0,0,0
0x64e09c,100%,0,8067,8067,8067,0,0,0
0x545245,100%,0,703,703,0,0,0,703
0x67c6d3,100%,0,38,38,38,0,0,0
0x550518,100%,0,268,268,268,0,0,0
0x550546,100%,0,151,151,151,0,0,0
0x623f27,100%,0,82856,82856,0,0,0,82856
0x55097f,100%,0,1234,1234,1234,0,0,0
0x41cc2e,100%,0,102,102,0,0,0,102
0x4450e7,100%,0,9662,9662,0,0,0,9662
0x43ad0c,100%,0,51,51,0,0,0,51
0x51a682,100%,0,54,54,0,0,0,54
0x5012a4,100%,0,51,51,0,0,0,51
0x47d542,100%,0,37210,37210,0,0,0,37210
0x623f4c,100%,0,82856,82856,0,0,0,82856
0x555d84,100%,0,13137,13137,13137,0,0,0
0x4ea00f,100%,0,88383,88383,0,0,0,88383
0x55551b,100%,0,13260,13260,13260,0,0,0
0x55b704,100%,0,246259,246259,0,0,0,246259
0x54c96f,100%,0,34064,34064,0,0,0,34064
0x548432,100%,0,21193,21193,0,0,0,21193
0x55034d,100%,0,20736,20736,0,0,0,20736
0x550df8,100%,0,20736,20736,0,0,0,20736
0x621dca,100%,0,82856,82856,0,0,0,82856
0x471364,100%,0,185779,185779,0,0,0,185779
0x620ae5,100%,0,33501,33501,0,0,0,33501
0x623f95,100%,0,82856,82856,0,0,0,82856
0x4441ee,100%,0,2764,2764,2764,0,0,0
0x49bf60,100%,0,110,110,110,0,0,0
0x4441db,100%,0,2764,2764,0,0,0,2764
0x47d5db,100%,0,37210,37210,0,0,0,37210
0x44510d,100%,0,22905,22905,0,0,0,22905
0x6291f8,100%,0,9011,9011,0,0,0,9011
0x49c1e1,100%,0,34306,34306,0,0,0,34306
0x41178f,100%,0,37141,37141,0,0,0,37141
0x55581f,100%,0,9283,9283,9283,0,0,0
0x433df9,100%,0,19828,19828,0,0,0,19828
0x64cad1,100%,0,34425,34425,0,0,0,34425
0x445105,100%,0,22905,22905,0,0,0,22905
0x62242d,100%,0,48440,48440,48440,0,0,0
0x64cabd,100%,0,34425,34425,0,0,0,34425
0x621e35,100%,0,48440,48440,0,0,0,48440
0x44424d,100%,0,2764,2764,0,0,0,2764
0x555a7d,100%,0,20165,20165,0,0,0,20165
0x623f7b,100%,0,82856,82856,0,0,0,82856
0x623f6c,100%,0,82856,82856,82856,0,0,0
0x621e27,100%,0,48440,48440,48440,0,0,0
0x621ecd,100%,0,82856,82856,0,0,0,82856
0x621eb9,100%,0,19095,19095,19095,0,0,0
0x623f87,100%,0,82856,82856,0,0,0,82856
0x621e9e,100%,0,19095,19095,0,0,0,19095
0x5450b2,100%,0,703,703,703,0,0,0
0x6397a1,100%,0,82,82,0,0,0,82
0x55b283,100%,0,80594,80594,0,0,0,80594
0x67c5d1,100%,0,38,38,38,0,0,0
0x62092d,100%,0,80594,80594,0,0,0,80594
0x5592ad,100%,0,100,100,100,0,0,0
0x507664,100%,0,34306,34306,34306,0,0,0
0x6209d4,100%,0,46390,46390,46390,0,0,0
0x4441cf,100%,0,2764,2764,0,0,0,2764
0x6245ac,100%,0,80594,80594,80594,0,0,0
0x64caf9,100%,0,34425,34425,0,0,0,34425
0x55541c,100%,0,13260,13260,13260,0,0,0
0x62097a,100%,0,47093,47093,0,0,0,47093
0x439bda,100%,0,48319,48319,48319,0,0,0
0x49c0f5,100%,0,33501,33501,0,0,0,33501
0x41073e,100%,0,33501,33501,33501,0,0,0
0x551168,100%,0,161516,161516,161516,0,0,0
0x555b1f,100%,0,20165,20165,0,0,0,20165
0x544c7d,100%,0,969,969,0,0,0,969
0x4ea050,100%,0,88383,88383,0,0,0,88383
0x54eef3,100%,0,234,234,0,0,0,234
0x41179b,100%,0,37141,37141,0,0,0,37141
0x47d4fe,100%,0,37210,37210,0,0,0,37210
0x621e93,100%,0,19095,19095,0,0,0,19095
0x4450e3,100%,0,58427,58427,48765,0,0,9662
0x620a03,100%,0,46390,46390,46390,0,0,0
0x64caef,100%,0,34425,34425,0,0,0,34425
0x5453f7,100%,0,52,52,0,0,0,52
0x49c1e7,100%,0,34306,34306,0,0,0,34306
0x6209f9,100%,0,47093,47093,0,0,0,47093
0x41d41d,100%,0,38,38,0,0,0,38
0x55ba60,100%,0,269,269,0,0,0,269
0x47d503,100%,0,37210,37210,37210,0,0,0
0x4340c1,100%,0,19828,19828,0,0,0,19828
0x620e8a,100%,0,33501,33501,0,0,0,33501
0x410729,100%,0,33501,33501,0,0,0,33501
0x416ee4,100%,0,52950,52950,0,0,0,52950
0x558af2,100%,0,6,6,6,0,0,0
0x544a2f,100%,0,52,52,52,0,0,0
0x67ca5f,100%,0,38,38,38,0,0,0
0x41cc5b,100%,0,84572,84572,0,0,0,84572
0x67ccb0,100%,0,44,44,0,0,0,44
0x41d443,100%,0,38,38,0,0,0,38
0x443873,100%,0,38,38,0,0,0,38
0x41221c,100%,0,38,38,0,0,0,38
0x549b6b,100%,0,38,38,0,0,0,38
0x5498c3,100%,0,38,38,38,0,0,0
0x556ed4,100%,0,32,32,32,0,0,0
0x67c6ae,100%,0,38,38,0,0,0,38
0x67c697,100%,0,38,38,38,0,0,0
0x67ca75,100%,0,38,38,0,0,0,38
0x549b94,100%,0,38,38,38,0,0,0
0x67cc81,100%,0,44,44,0,0,0,44
0x67cc52,100%,0,44,44,0,0,0,44
0x67cf55,100%,0,44,44,0,0,0,44
0x680224,100%,0,44,44,44,0,0,0
0x68059b,100%,0,44,44,44,0,0,0
0x6802b4,100%,0,44,44,0,0,0,44
0x681467,100%,0,44,44,44,0,0,0
0x67cd2f,100%,0,44,44,44,0,0,0
0x680f78,100%,0,38,38,0,0,0,38
0x4c8510,100%,0,90,90,0,0,0,90
0x558aa7,100%,0,6,6,6,0,0,0
0x511c2e,100%,0,18,18,0,0,0,18
0x4c7049,100%,0,18,18,0,0,0,18
0x4c8ce3,100%,0,18,18,0,0,0,18
0x4c79d5,100%,0,18,18,0,0,0,18
0x558b30,100%,0,6,6,6,0,0,0
0x4cceb7,100%,0,36,36,36,0,0,0
0x4ccea0,100%,0,36,36,0,0,0,36
0x4cce65,100%,0,18,18,0,0,0,18
0x67c774,100%,0,38,38,0,0,0,38
0x680e03,100%,0,6,6,0,0,0,6
0x6220ed,100%,0,2,2,2,0,0,0
0x6220cb,100%,0,2,2,0,0,0,2
0x552721,100%,0,8,8,0,0,0,8
0x629294,100%,0,11,11,11,0,0,0
0x55c072,100%,0,6,6,0,0,0,6
0x5493b7,100%,0,38,38,38,0,0,0
0x5493ae,100%,0,38,38,38,0,0,0
0x5501ac,100%,0,21155,21155,21155,0,0,0
0x47d57e,100%,0,37210,37210,37210,0,0,0
0x47d54e,100%,0,37210,37210,37210,0,0,0
0x5482e2,100%,0,14275,14275,0,0,0,14275
0x47ec36,100%,0,37210,37210,37210,0,0,0
0x47d4e2,100%,0,37210,37210,0,0,0,37210
0x412221,100%,0,38,38,0,0,0,38
0x47d4bf,100%,0,37210,37210,37210,0,0,0
0x550209,100%,0,34,34,34,0,0,0
0x47d462,100%,0,37210,37210,0,0,0,37210
0x47d5b2,100%,0,37210,37210,0,0,0,37210
0x47d44d,100%,0,37210,37210,0,0,0,37210
0x620da5,100%,0,33501,33501,0,0,0,33501
0x559460,100%,0,82856,82856,82856,0,0,0
0x411ac5,100%,0,34306,34306,34306,0,0,0
0x41057a,100%,0,34306,34306,34306,0,0,0
0x64e088,100%,0,9089,9089,0,0,0,9089
0x47d457,100%,0,37210,37210,0,0,0,37210
0x55583f,100%,0,9283,9283,9283,0,0,0
0x55b1b1,100%,0,124624,124624,124624,0,0,0
0x552691,100%,0,1012,1012,1012,0,0,0
0x67c766,100%,0,38,38,0,0,0,38
0x67c74f,100%,0,38,38,0,0,0,38
0x55073a,100%,0,13164,13164,13164,0,0,0
0x5506b2,100%,0,13137,13137,13137,0,0,0
0x67cdd7,100%,0,44,44,0,0,0,44
0x411938,100%,0,48319,48319,0,0,0,48319
0x555e50,100%,0,13137,13137,13137,0,0,0
0x4ea0e5,100%,0,88383,88383,88383,0,0,0
0x555dd7,100%,0,13137,13137,13137,0,0,0
0x620e5e,100%,0,33501,33501,0,0,0,33501
0x544d7b,100%,0,102000,102000,102000,0,0,0
0x544d53,100%,0,1020,1020,0,0,0,1020
0x443f57,100%,0,9662,9662,0,0,0,9662
0x47ec01,100%,0,37210,37210,37210,0,0,0
0x6209a7,100%,0,47093,47093,0,0,0,47093
0x47ebe1,100%,0,37210,37210,0,0,0,37210
0x411958,100%,0,37210,37210,0,0,0,37210
0x47ec31,100%,0,37210,37210,0,0,0,37210
0x514f97,100%,0,84572,84572,0,0,0,84572
0x471401,100%,0,84572,84572,0,0,0,84572
0x55225e,100%,0,1015,1015,0,0,0,1015
0x5503e7,100%,0,117,117,0,0,0,117
0x550ae9,100%,0,20165,20165,0,0,0,20165
0x553cc3,100%,0,6,6,0,0,0,6
0x551101,100%,0,119242,119242,0,0,0,119242
0x550045,100%,0,80758,80758,80758,0,0,0
0x623f90,100%,0,82856,82856,0,0,0,82856
0x63facc,100%,0,46252,46252,0,0,0,46252
0x55ba00,100%,0,342,342,0,0,0,342
0x511c6d,100%,0,18,18,18,0,0,0
0x43b90d,100%,0,84572,84572,0,0,0,84572
0x41d1c2,100%,0,84572,84572,0,0,0,84572
0x620b43,100%,0,33501,33501,0,0,0,33501
0x43b8d4,100%,0,84572,84572,84572,0,0,0
0x551040,100%,0,26573,26573,26573,0,0,0
0x471362,100%,0,185779,185779,0,0,0,185779
0x54fea3,100%,0,80757,80757,80757,0,0,0
0x620ab1,100%,0,97,97,0,0,0,97
0x620a63,100%,0,33501,33501,0,0,0,33501
0x620989,100%,0,47093,47093,47093,0,0,0
0x620957,100%,0,47093,47093,0,0,0,47093
0x54ffb6,100%,0,46343,46343,46343,0,0,0
0x64cb35,100%,0,9089,9089,0,0,0,9089
0x620d90,100%,0,33501,33501,33501,0,0,0
0x47ebb4,100%,0,37210,37210,0,0,0,37210
0x54ff04,100%,0,80757,80757,80757,0,0,0
0x5501c9,100%,0,21155,21155,9283,0,0,11872
0x4ebf95,100%,0,12836,12836,0,0,0,12836
0x555db0,100%,0,13137,13137,13137,0,0,0
0x620a74,100%,0,33501,33501,0,0,0,33501
0x4c8926,100%,0,18,18,0,0,0,18
0x623f13,100%,0,82856,82856,0,0,0,82856
0x5482fb,100%,0,14275,14275,0,0,0,14275
0x55b734,100%,0,246259,246259,0,0,0,246259
0x4450c0,100%,0,58427,58427,0,0,0,58427
0x548582,100%,0,9,9,0,0,0,9
0x545168,100%,0,1021,1021,0,0,0,1021
0x55bc37,100%,0,941,941,0,0,0,941
0x63faf8,100%,0,55589,55589,0,0,0,55589
0x5501f0,100%,0,34,34,0,0,0,34
0x555f40,100%,0,12827,12827,12827,0,0,0
0x47d46b,100%,0,37210,37210,0,0,0,37210
0x47e5ea,100%,0,48319,48319,0,0,0,48319
0x411aa6,100%,0,34306,34306,0,0,0,34306
0x620935,100%,0,80594,80594,0,0,0,80594
0x64cac7,100%,0,34425,34425,0,0,0,34425
0x4117fc,100%,0,53,53,0,0,0,53
0x4ebf5e,100%,0,12836,12836,12836,0,0,0
0x5500d0,100%,0,13260,13260,0,0,0,13260
0x4ebf84,100%,0,12836,12836,0,0,0,12836
0x621e15,100%,0,48440,48440,0,0,0,48440
0x620919,100%,0,80594,80594,0,0,0,80594
0x445132,100%,0,35522,35522,0,0,0,35522
0x41cc7f,100%,0,84572,84572,0,0,0,84572
0x622026,100%,0,34507,34507,0,0,0,34507
0x416e88,100%,0,19828,19828,0,0,0,19828
0x550627,100%,0,117,117,0,0,0,117
0x433e11,100%,0,19828,19828,19828,0,0,0
0x444048,100%,0,14426,14426,14426,0,0,0
0x5124eb,100%,0,132054,132054,0,0,0,132054
0x549aa2,100%,0,38,38,0,0,0,38
0x43b919,100%,0,84572,84572,84572,0,0,0
0x55625a,100%,0,13108,13108,13108,0,0,0
0x4713d6,100%,0,84572,84572,0,0,0,84572
0x64cae5,100%,0,34425,34425,0,0,0,34425
0x622197,100%,0,80,80,80,0,0,0
0x680f6f,100%,0,38,38,0,0,0,38
0x443fdd,100%,0,9662,9662,9662,0,0,0
0x64cb21,100%,0,9089,9089,0,0,0,9089
0x551061,100%,0,50267,50267,50267,0,0,0
0x556e8b,100%,0,9,9,0,0,0,9
0x555ef1,100%,0,12827,12827,0,0,0,12827
0x41d184,100%,0,84572,84572,84572,0,0,0
0x44418b,100%,0,34430,34430,0,0,0,34430
0x471464,100%,0,223,223,0,0,0,223
0x67cd17,100%,0,6,6,0,0,0,6
0x555efa,100%,0,12827,12827,11593,0,0,1234
0x67c790,100%,0,38,38,0,0,0,38
0x439b9a,100%,0,84572,84572,84572,0,0,0
0x47d490,100%,0,37210,37210,37210,0,0,0
0x55b7bc,100%,0,178735,178735,0,0,0,178735
0x67cfa6,100%,0,44,44,44,0,0,0
0x550fe3,100%,0,161515,161515,161515,0,0,0
0x64caa9,100%,0,34425,34425,0,0,0,34425
0x439cba,100%,0,37210,37210,37210,0,0,0
0x552445,100%,0,1007,1007,1007,0,0,0
0x54652c,100%,0,695,695,695,0,0,0
0x620a4b,100%,0,33501,33501,0,0,0,33501
0x55bc98,100%,0,331,331,331,0,0,0
0x550a53,100%,0,20316,20316,20316,0,0,0
0x41630c,100%,0,53,53,53,0,0,0
0x550c0c,100%,0,13,13,13,0,0,0
0x549768,100%,0,38,38,0,0,0,38
0x620a82,100%,0,33501,33501,0,0,0,33501
0x4712d2,100%,0,43878,43878,43878,0,0,0
0x439c5a,100%,0,52950,52950,52950,0,0,0
0x555fec,100%,0,12827,12827,12827,0,0,0
0x621e70,100%,0,34416,34416,0,0,0,34416
0x443ffe,100%,0,48766,48766,0,0,0,48766
0x6209ef,100%,0,47093,47093,47093,0,0,0
0x550dca,100%,0,20736,20736,20736,0,0,0
0x64e08c,100%,0,9089,9089,0,0,0,9089
0x6408a8,100%,0,55589,55589,0,0,0,55589
0x443fc6,100%,0,9662,9662,0,0,0,9662
0x55bd96,100%,0,394,394,0,0,0,394
0x49c1f0,100%,0,34306,34306,0,0,0,34306
0x55606a,100%,0,12827,12827,0,0,0,12827
0x550b13,100%,0,151,151,151,0,0,0
0x556255,100%,0,13108,13108,0,0,0,13108
0x411b20,100%,0,34064,34064,34064,0,0,0
0x555a96,100%,0,20165,20165,20165,0,0,0
0x620a22,100%,0,33501,33501,0,0,0,33501
0x41d1e6,100%,0,84572,84572,0,0,0,84572
0x550aee,100%,0,20165,20165,20165,0,0,0
0x620923,100%,0,80594,80594,0,0,0,80594
0x67c555,100%,0,38,38,38,0,0,0
0x4ebae9,100%,0,13268,13268,0,0,0,13268
0x55060b,100%,0,117,117,0,0,0,117
0x471297,100%,0,85529,85529,0,0,0,85529
0x620a2e,100%,0,33501,33501,33501,0,0,0
0x41d1f2,100%,0,84572,84572,0,0,0,84572
0x544f13,100%,0,70300,70300,70300,0,0,0
0x55bca7,100%,0,122,122,63,0,0,59
0x54fff6,100%,0,46343,46343,0,0,0,46343
0x49c0fb,100%,0,33501,33501,0,0,0,33501
0x41219c,100%,0,33329,33329,0,0,0,33329
0x41052e,100%,0,34306,34306,0,0,0,34306
0x443f7d,100%,0,58428,58428,48766,0,0,9662
0x67c877,100%,0,44,44,0,0,0,44
0x64cb2b,100%,0,9089,9089,0,0,0,9089
0x53e182,100%,0,84572,84572,0,0,0,84572
0x4ea024,100%,0,88383,88383,88383,0,0,0
0x55b739,100%,0,246259,246259,246259,0,0,0
0x5521ab,100%,0,1015,1015,0,0,0,1015
0x410678,100%,0,34416,34416,34416,0,0,0
0x4ea05d,100%,0,88383,88383,88383,0,0,0
0x55110e,100%,0,119242,119242,119242,0,0,0
0x623f3b,100%,0,82856,82856,82856,0,0,0
0x5554ad,100%,0,13260,13260,13260,0,0,0
0x558355,100%,0,1705,1705,1705,0,0,0
0x63fadc,100%,0,126903,126903,126903,0,0,0
0x412241,100%,0,38,38,0,0,0,38
0x6225a5,100%,0,306,306,0,0,0,306
0x5549d3,100%,0,19149,19149,0,0,0,19149
0x47d600,100%,0,37210,37210,0,0,0,37210
0x550a88,100%,0,20316,20316,20316,0,0,0
0x433e41,100%,0,19828,19828,19828,0,0,0
0x64cb6d,100%,0,9089,9089,9089,0,0,0
0x544d09,100%,0,1020,1020,1020,0,0,0
0x54939c,100%,0,38,38,38,0,0,0
0x620a57,100%,0,33501,33501,33501,0,0,0
0x55b7e8,100%,0,178735,178735,178735,0,0,0
0x620b03,100%,0,103,103,0,0,0,103
0x47eba0,100%,0,37210,37210,0,0,0,37210
0x64cb3f,100%,0,9089,9089,0,0,0,9089
