Branch PC,Accuracy,Mispredictions,Correct Predictions,Total,dir_t_pred_t,dir_t_pred_nt,dir_nt_pred_t,dir_nt_pred_nt
aggregate,99.7719%,65003,28433604,28498607,23913088,26935,38068,4520516
0x78afb8,97.9321%,1072,50768,51840,49158,379,693,1610
0x87dd1c,95.8915%,1041,24297,25338,6322,442,599,17975
0x87a868,95.9954%,1038,24882,25920,18854,560,478,6028
0x8739c4,96.1574%,996,24924,25920,22533,436,560,2391
0x873a36,96.1651%,994,24926,25920,22502,467,527,2424
0x873961,96.2114%,982,24938,25920,21603,446,536,3335
0x873ae4,96.3927%,935,24985,25920,22537,432,503,2448
0x8e376d,98.1055%,924,47848,48772,47373,29,895,475
0x873b84,96.4622%,917,25003,25920,2438,513,404,22565
0x873b44,96.5008%,907,25013,25920,2447,504,403,22566
0x873bc4,96.5123%,904,25016,25920,2463,488,416,22553
0x873c1c,97.2994%,700,25220,25920,24757,180,520,463
0x7803bc,91.071%,682,6956,7638,6267,251,431,689
0x873783,97.6003%,622,25298,25920,906,383,239,24392
0x873825,97.6466%,610,25310,25920,24407,224,386,903
0x873905,97.6775%,602,25318,25920,24393,238,364,925
0x873664,97.7353%,587,25333,25920,24379,252,335,954
0x8736e4,97.7662%,579,25341,25920,24401,230,349,940
0x873883,97.7739%,577,25343,25920,942,347,230,24401
0x8e36ee,99.9055%,513,542555,543068,494099,197,316,48456
0x86da87,99.525%,474,99318,99792,75716,244,230,23602
0x780705,98.1795%,464,25024,25488,17824,269,195,7200
0x64a9f8,99.2052%,459,57291,57750,19610,268,191,37681
0x780378,98.207%,457,25031,25488,17544,306,151,7487
0x77e313,99.1377%,447,51393,51840,36590,215,232,14803
0x86de67,99.5541%,445,99347,99792,75090,237,208,24257
0x77e3c3,99.1454%,443,51397,51840,36593,212,231,14804
0x77e263,99.1628%,434,51406,51840,36577,228,206,14829
0x77e1b3,99.1802%,425,51415,51840,36588,217,208,14827
0x77e124,99.296%,361,50914,51275,14873,162,199,36041
0x78072c,95.2265%,353,7042,7395,5811,159,194,1231
0x780794,98.6268%,350,25138,25488,17893,200,150,7245
0x87397c,90.0145%,345,3110,3455,2857,94,251,253
0x7d4f49,98.9689%,343,32921,33264,24920,189,154,8001
0x65f8f7,98.9749%,341,32923,33264,24922,187,154,8001
0x8e3f1f,99.9065%,339,362065,362404,361649,37,302,416
0x7a8a67,98.9809%,339,32925,33264,7991,164,175,24934
0x7863fa,98.9705%,338,32494,32832,24525,201,137,7969
0x87da65,98.7013%,331,25157,25488,17661,189,142,7496
0x77b113,99.3545%,331,50944,51275,36046,194,137,14898
0x831b34,99.0109%,329,32935,33264,25140,180,149,7795
0x65f976,99.017%,327,32937,33264,24930,179,148,8007
0x831c24,99.02%,326,32938,33264,7807,137,189,25131
0x795199,99.0071%,326,32506,32832,24539,187,139,7967
0x780874,98.721%,326,25162,25488,7253,142,184,17909
0x873168,98.8053%,320,26464,26784,8446,137,183,18018
0x7eed97,98.8868%,318,28249,28567,20740,188,130,7509
0x780814,98.7524%,318,25170,25488,17901,192,126,7269
0x65f876,99.05%,316,32948,33264,24939,170,146,8009
0x794f89,99.0406%,315,32517,32832,24762,171,144,7755
0x831aa3,99.059%,313,32951,33264,7804,140,173,25147
0x7a89a7,99.062%,312,32952,33264,8024,131,181,24928
0x64b3a7,99.0711%,309,32955,33264,25352,175,134,7603
0x64ebc7,99.0494%,308,32092,32400,24283,173,135,7809
0x831b93,99.0771%,307,32957,33264,7809,135,172,25148
0x780689,98.8275%,296,24949,25245,17669,181,115,7280
0x8736a0,77.7347%,287,1002,1289,876,104,183,126
0x780a17,98.9067%,276,24969,25245,17699,151,125,7270
0x7a3b44,98.9211%,275,25213,25488,17685,165,110,7528
0x7a1c86,98.9211%,275,25213,25488,17698,152,123,7515
0x87bfc7,98.925%,274,25214,25488,18147,159,115,7067
0x87daf4,98.9328%,272,25216,25488,17686,164,108,7530
0x87beec,98.9603%,265,25223,25488,7525,113,152,17698
0x87db73,98.9721%,262,25226,25488,17703,147,115,7523
0x7db02b,98.9931%,261,25659,25920,18126,156,105,7533
0x878016,98.9838%,259,25229,25488,17696,154,105,7533
0x7a3a65,98.9917%,257,25231,25488,17697,153,104,7534
0x7a3cf5,98.9956%,256,25232,25488,17700,150,106,7532
0x7db0eb,99.0201%,254,25666,25920,17962,158,96,7704
0x7a3de4,99.0074%,253,25235,25488,17700,150,103,7535
0x879bd6,99.0355%,250,25670,25920,7695,105,145,17975
0x87b673,99.0702%,241,25679,25920,7536,102,139,18143
0x64a9c3,99.5965%,233,57517,57750,12814,98,135,44703
0x873974,94.1359%,227,3644,3871,263,153,74,3381
0x795091,97.323%,217,7889,8106,430,154,63,7459
0x794f11,97.3035%,213,7686,7899,407,161,52,7279
0x786342,97.4957%,203,7903,8106,447,137,66,7456
0x872894,99.4712%,198,37242,37440,37220,28,170,22
0x7d4e91,97.5843%,197,7958,8155,444,146,51,7514
0x8767e4,99.2593%,192,25728,25920,25453,35,157,275
0x7a1c0e,97.4993%,191,7447,7638,7051,55,136,396
0x64a0fa,99.6032%,187,46937,47124,7228,86,101,39709
0x7dafd5,97.6303%,181,7457,7638,404,128,53,7053
0x7db095,97.7692%,174,7626,7800,412,131,43,7214
0x96b86e,99.9276%,172,237518,237690,225043,50,122,12475
0x87a918,99.3135%,172,24884,25056,13,149,23,24871
0x87dd41,99.3409%,168,25320,25488,25006,10,158,314
0x78c1b3,99.3519%,168,25752,25920,25739,19,149,13
0x78c123,99.3596%,166,25754,25920,25743,15,151,11
0x87a920,99.3452%,163,24731,24894,24714,18,145,17
0x780908,99.3723%,160,25328,25488,25315,11,149,13
0x7db329,98.7083%,155,11845,12000,1580,100,55,10265
0x77ee48,99.3958%,154,25334,25488,20343,73,81,4991
0x7db33f,98.75%,150,11850,12000,2697,63,87,9153
0x794f09,99.5675%,142,32690,32832,24883,50,92,7807
0x77bf29,99.7214%,142,50834,50976,50583,69,73,251
0x87da95,98.154%,141,7497,7638,6964,74,67,533
0x77c5e7,99.7273%,139,50837,50976,50590,62,77,247
0x77cf33,99.7352%,135,50841,50976,50756,54,81,85
0x7da414,99.7415%,134,51706,51840,51294,68,66,412
0x77c4d3,99.7391%,133,50843,50976,50766,52,81,77
0x650352,99.5714%,132,30668,30800,25431,77,55,5237
0x7951c4,99.598%,132,32700,32832,32200,24,108,500
0x795089,99.598%,132,32700,32832,24696,30,102,8004
0x77cea3,99.743%,131,50845,50976,50758,52,79,87
0x78633a,99.604%,130,32702,32832,24698,28,102,8004
0x7da6f4,99.7492%,130,51710,51840,51292,70,60,418
0x7da484,99.7492%,130,51710,51840,51299,63,67,411
0x650f37,99.1558%,130,15270,15400,2592,54,76,12678
0x77c814,99.7489%,128,50848,50976,50773,37,91,75
0x77ee52,97.4763%,128,4944,5072,4841,56,72,103
0x7d4e89,99.6152%,128,33136,33264,25082,27,101,8054
0x7da654,99.7531%,128,51712,51840,51296,66,62,416
0x77b109,99.755%,127,51713,51840,508,57,70,51205
0x7da5b5,99.7569%,126,51714,51840,51298,64,62,416
0x831c4c,99.6212%,126,33138,33264,32583,65,61,555
0x77c924,99.7528%,126,50850,50976,50767,43,83,83
0x7db08b,99.5139%,126,25794,25920,18064,56,70,7730
0x77c9a4,99.7528%,126,50850,50976,50763,47,79,87
0x87de24,99.5056%,126,25362,25488,25276,50,76,86
0x77e119,99.7589%,125,51715,51840,512,53,72,51203
0x7da3b9,99.7627%,123,51717,51840,51306,56,67,411
0x797387,99.2013%,123,15277,15400,12675,79,44,2602
0x77cd35,99.7587%,123,50853,50976,50768,42,81,85
0x873732,99.5255%,123,25797,25920,25432,8,115,365
0x7da514,99.7627%,123,51717,51840,51313,49,74,404
0x77d9a5,99.7647%,122,51718,51840,51301,58,64,417
0x77da55,99.7647%,122,51718,51840,51305,54,68,413
0x77c563,99.7626%,121,50855,50976,50768,50,71,87
0x77c8b4,99.7626%,121,50855,50976,50766,44,77,89
0x77d92d,99.7685%,120,51720,51840,51301,58,62,419
0x77c774,99.7646%,120,50856,50976,50761,49,71,95
0x64a9da,99.7922%,120,57630,57750,5074,44,76,52556
0x77cba3,99.7666%,119,50857,50976,50766,44,75,91
0x87dd6d,99.5331%,119,25369,25488,25276,50,69,93
0x77cdf6,99.7666%,119,50857,50976,50766,44,75,91
0x77ae8d,99.7724%,118,51722,51840,51305,54,64,417
0x786364,99.6406%,118,32714,32832,32195,29,89,519
0x797ae7,99.2338%,118,15282,15400,12680,74,44,2602
0x7a3b66,99.537%,118,25370,25488,24988,28,90,382
0x7da794,99.7724%,118,51722,51840,51300,62,56,422
0x7db313,99.0167%,118,11882,12000,1115,85,33,10767
0x7d4eb3,99.6453%,118,33146,33264,32620,28,90,526
0x77cae4,99.7685%,118,50858,50976,50770,40,78,88
0x77aee9,99.7743%,117,51723,51840,431,50,67,51292
0x64ebec,99.6389%,117,32283,32400,31788,12,105,495
0x77dbb5,99.7762%,116,51724,51840,51304,55,61,420
0x780a34,99.5488%,115,25373,25488,24996,20,95,377
0x77dc49,99.7782%,115,51725,51840,433,48,67,51292
0x77c0c4,99.7744%,115,50861,50976,50767,51,64,94
0x77c374,99.7783%,113,50863,50976,50773,45,68,90
0x77c2d4,99.7783%,113,50863,50976,50770,48,65,93
0x794fac,99.6558%,113,32719,32832,32196,28,85,523
0x87de8e,99.5567%,113,25375,25488,25280,46,67,95
0x794f2c,99.6589%,112,32720,32832,32200,24,88,520
0x65f893,99.6633%,112,33152,33264,32627,21,91,525
0x78b037,99.784%,112,51728,51840,50863,17,95,865
0x77c436,99.7823%,111,50865,50976,50765,53,58,100
0x7a1c06,99.5684%,110,25378,25488,17809,41,69,7569
0x77ca44,99.7842%,110,50866,50976,50773,37,73,93
0x795588,99.2829%,109,15091,15200,12558,69,40,2533
0x77c165,99.7862%,109,50867,50976,50772,46,63,95
0x7dc317,99.0917%,109,11891,12000,9345,65,44,2546
0x77f438,99.5763%,108,25380,25488,25294,47,61,86
0x77db05,99.7936%,107,51733,51840,51306,53,54,427
0x7a3e06,99.588%,105,25383,25488,24971,45,60,412
0x77c226,99.796%,104,50872,50976,50776,42,62,96
0x780584,99.592%,104,25384,25488,25274,52,52,110
0x7dafcb,99.6026%,103,25817,25920,18241,41,62,7576
0x82770c,86.3818%,102,647,749,500,21,81,147
0x77cb44,99.8058%,99,50877,50976,50782,28,71,95
0x7805d4,99.6116%,99,25389,25488,25282,44,55,107
0x7dbbe7,99.1833%,98,11902,12000,9344,66,32,2558
0x8728bd,99.7382%,98,37342,37440,36705,15,83,637
0x77df45,99.8148%,96,51744,51840,51735,21,75,9
0x77af64,99.8167%,95,51745,51840,51735,21,74,10
0x64aa77,99.8355%,95,57655,57750,56576,19,76,1079
0x87bf24,99.6312%,94,25394,25488,25007,9,85,387
0x77e724,99.6451%,92,25828,25920,25723,35,57,105
0x77afe4,99.8225%,92,51748,51840,51739,17,75,9
0x77e7b4,99.6489%,91,25829,25920,25712,46,45,117
0x77e8d4,99.6489%,91,25829,25920,25713,45,46,116
0x7db348,99.2417%,91,11909,12000,9410,53,38,2499
0x77e825,99.6489%,91,25829,25920,25712,46,45,117
0x77dd65,99.8264%,90,51750,51840,51744,12,78,6
0x77e764,99.6566%,89,25831,25920,25722,36,53,109
0x77dcc4,99.8283%,89,51751,51840,51735,21,68,16
0x77b034,99.8283%,89,51751,51840,51740,16,73,11
0x77e885,99.6566%,89,25831,25920,25720,38,51,111
0x87dd0e,99.6587%,87,25401,25488,114,36,51,25287
0x7807b2,98.8235%,87,7308,7395,23,55,32,7285
0x77e045,99.8322%,87,51753,51840,51740,16,71,13
0x7eee57,99.6955%,87,28480,28567,28013,15,72,467
0x77b0b4,99.8341%,86,51754,51840,51739,17,69,15
0x77de55,99.8341%,86,51754,51840,51740,16,70,14
0x77f9c2,99.6682%,86,25834,25920,25719,39,47,115
0x7d8fc4,99.6682%,86,25834,25920,25563,45,41,271
0x7d9034,99.6721%,85,25835,25920,25570,38,47,265
0x7950b3,99.7411%,85,32747,32832,32197,27,58,550
0x7d8e44,99.6759%,84,25836,25920,25564,44,40,272
0x7d8dd4,99.6759%,84,25836,25920,25568,40,44,268
0x92a67d,98.5768%,84,5818,5902,26,55,29,5792
0x7d8ed3,99.6759%,84,25836,25920,271,41,43,25565
0x7d8c43,99.6798%,83,25837,25920,25564,44,39,273
0x77f976,99.6836%,82,25838,25920,25723,35,47,115
0x7d8f54,99.6836%,82,25838,25920,25571,37,45,267
0x87a94a,75%,81,243,324,47,38,43,196
0x7d90c3,99.6875%,81,25839,25920,274,38,43,25565
0x78050c,99.6822%,81,25407,25488,25043,40,41,364
0x77aef8,99.8442%,80,51279,51359,51239,36,44,40
0x87dc98,99.6901%,79,25409,25488,25133,43,36,276
0x77f6b8,99.847%,78,50898,50976,42,43,35,50856
0x7d91b3,99.7029%,77,25843,25920,25567,41,36,276
0x873b59,99.7068%,76,25844,25920,25428,12,64,416
0x7d8bb3,99.7106%,75,25845,25920,25566,42,33,279
0x77dc58,99.854%,75,51284,51359,51244,31,44,40
0x77c5fe,77.1605%,74,250,324,126,40,34,124
0x77f731,99.8568%,73,50903,50976,45,40,33,50858
0x7d91bd,77.2436%,71,241,312,117,33,38,124
0x77efa1,99.7214%,71,25417,25488,45,34,37,25372
0x77eaf5,99.7261%,71,25849,25920,25814,27,44,35
0x650e47,99.5333%,70,14930,15000,14923,12,58,7
0x78067d,99.7254%,70,25418,25488,218,25,45,25200
0x77e994,99.7299%,70,25850,25920,25812,29,41,38
0x780a13,99.7254%,70,25418,25488,214,29,41,25204
0x77ea95,99.7338%,69,25851,25920,25808,33,36,43
0x7d9144,99.7338%,69,25851,25920,25572,36,33,279
0x7d9d6f,99.7293%,69,25419,25488,25214,30,39,205
0x7d9c78,99.7332%,68,25420,25488,25215,29,39,205
0x77e9d4,99.7377%,68,25852,25920,25813,28,40,39
0x77bf3f,79.0123%,68,256,324,130,28,40,126
0x77e6d4,99.7377%,68,25852,25920,25561,38,30,291
0x7a1c37,99.7411%,66,25422,25488,25001,15,51,421
0x7d9bf2,99.745%,65,25423,25488,25217,27,38,206
0x87dd26,99.039%,65,6699,6764,134,28,37,6565
0x77ef28,99.745%,65,25423,25488,43,36,29,25380
0x7d8bbd,79.1667%,65,247,312,130,32,33,117
0x77e93a,99.7489%,64,25424,25488,25318,35,29,106
0x78b5d8,99.8785%,63,51777,51840,73,31,32,51704
0x87a963,99.7526%,62,24994,25056,24587,5,57,407
0x7d8c4d,80.1282%,62,250,312,123,27,35,127
0x7d9cf8,99.7567%,62,25426,25488,25215,29,33,211
0x77ea24,99.7608%,62,25858,25920,25814,27,35,44
0x78b568,99.8823%,61,51779,51840,74,30,31,51705
0x8736b9,99.7724%,59,25861,25920,25437,3,56,424
0x77f5e3,99.7724%,58,25430,25488,25406,18,40,24
0x77f508,99.7724%,58,25430,25488,25395,29,29,35
0x7daff1,99.7762%,58,25862,25920,25431,9,49,431
0x77c4f5,64.557%,56,102,158,39,26,30,63
0x872a04,99.7009%,56,18664,18720,12926,34,22,5738
0x7d9c82,77.459%,55,189,244,56,26,29,133
0x873bd9,99.7917%,54,25866,25920,25435,5,49,431
0x77f8a0,99.7921%,53,25435,25488,25405,19,34,30
0x77aeab,99.9016%,51,51789,51840,50868,12,39,921
0x77c585,68.3544%,50,108,158,55,14,36,53
0x77e943,62.963%,50,85,135,60,19,31,25
0x7d9bfc,79.5082%,50,194,244,136,26,24,58
0x77e6dd,84.7352%,49,272,321,138,24,25,134
0x650e70,99.6733%,49,14951,15000,14687,13,36,264
0x780749,99.8078%,49,25439,25488,25013,3,46,426
0x64a0dc,99.896%,49,47075,47124,9120,18,31,37955
0x7da3d7,99.9074%,48,51792,51840,50875,5,43,917
0x7a8a9b,99.8617%,46,33218,33264,32634,14,32,584
0x847ff6,98.7497%,46,3633,3679,805,16,30,2828
0x77cec5,72.2892%,46,120,166,113,12,34,7
0x780514,88.642%,46,359,405,220,23,23,139
0x7d9d79,81.5574%,45,199,244,54,28,17,145
0x786423,99.8629%,45,32787,32832,32207,17,28,580
0x77db4b,99.9151%,44,51796,51840,50872,8,36,924
0x797b16,99.7143%,44,15356,15400,15086,6,38,270
0x77f97f,72.8395%,44,118,162,64,19,25,54
0x794f91,99.4556%,43,7856,7899,2692,34,9,5164
0x77f9cb,74.0741%,42,120,162,59,20,22,61
0x7951a1,99.4819%,42,8064,8106,2772,29,13,5292
0x7da451,99.919%,42,51798,51840,50877,3,39,921
0x831bea,99.8737%,42,33222,33264,32639,9,33,583
0x879e4f,99.838%,42,25878,25920,16178,22,20,9700
0x77dc80,99.9209%,41,51799,51840,50878,2,39,921
0x7d4f73,99.8767%,41,33223,33264,32639,9,32,584
0x7955da,99.7303%,41,15159,15200,14891,5,36,268
0x7da7f2,99.9228%,40,51800,51840,50877,3,37,923
0x7a1e0c,99.6413%,40,11111,11151,10738,0,40,373
0x873993,99.8457%,40,25880,25920,25436,4,36,444
0x7db035,99.4763%,40,7598,7638,2561,25,15,5037
0x7db3b8,99.675%,39,11961,12000,11757,3,36,204
0x77b127,99.9267%,38,51802,51840,50876,4,34,926
0x7a1cb7,99.8509%,38,25450,25488,25009,7,31,441
0x77bf5f,99.9255%,38,50938,50976,50028,4,34,910
0x8740ad,99.9292%,37,52235,52272,51625,14,23,610
0x7d4f51,99.5463%,37,8118,8155,2794,28,9,5324
0x786402,99.5435%,37,8069,8106,2771,30,7,5298
0x7da4ce,99.9286%,37,51803,51840,50877,3,34,926
0x7a89d7,99.8888%,37,33227,33264,32641,7,30,586
0x77af9f,99.9286%,37,51803,51840,50876,4,33,927
0x875b27,99.8548%,37,25451,25488,25308,18,19,143
0x8747a8,99.8611%,36,25884,25920,25471,17,19,413
0x7a1c8e,99.5287%,36,7602,7638,5043,9,27,2559
0x77dbfb,99.9306%,36,51804,51840,50875,5,31,929
0x86d9a7,97.2994%,35,1261,1296,788,22,13,473
0x77e33a,99.9325%,35,51805,51840,50879,1,34,926
0x77caa3,96.2924%,35,909,944,825,1,34,84
0x7db0f5,99.5513%,35,7765,7800,2614,26,9,5151
0x65f914,99.8948%,35,33229,33264,32642,6,29,587
0x878033,99.8627%,35,25453,25488,25014,2,33,439
0x86de8c,99.9649%,35,99757,99792,97940,4,31,1817
0x831b5a,99.8978%,34,33230,33264,32644,4,30,586
0x7a3a89,99.8666%,34,25454,25488,25014,2,32,440
0x8760d2,99.8688%,34,25886,25920,25741,14,20,145
0x64b3e3,99.8978%,34,33230,33264,32640,8,26,590
0x875ede,99.8666%,34,25454,25488,25309,17,17,145
0x7d8e6e,99.8688%,34,25886,25920,25435,5,29,451
0x78054b,99.8666%,34,25454,25488,25011,5,29,443
0x77c59a,99.9333%,34,50942,50976,50030,2,32,912
0x8485fd,99.8557%,33,22837,22870,7581,17,16,15256
0x77eeb4,99.8745%,32,25456,25488,25011,5,27,445
0x87317c,99.8805%,32,26752,26784,26283,5,27,469
0x7db051,99.8765%,32,25888,25920,25437,3,29,451
0x77d9eb,99.9383%,32,51808,51840,50875,5,27,933
0x77f455,78.9116%,31,116,147,51,12,19,65
0x77dcf3,99.9402%,31,51809,51840,50878,2,29,931
0x87dcc3,99.8784%,31,25457,25488,25013,3,28,444
0x977487,99.5874%,31,7482,7513,490,15,16,6992
0x87383b,99.8804%,31,25889,25920,25436,4,27,453
0x873f2f,99.8843%,31,26753,26784,26315,13,18,438
0x77ca76,99.9411%,30,50946,50976,50028,4,26,918
0x77cb5f,99.9411%,30,50946,50976,50032,0,30,914
0x87b69c,99.8843%,30,25890,25920,25438,2,28,452
0x7d8c6f,99.8843%,30,25890,25920,25439,1,29,451
0x77dfc0,99.9421%,30,51810,51840,50878,2,28,932
0x7d9111,99.8843%,30,25890,25920,25437,3,27,453
0x78afbe,98.7408%,29,2274,2303,2272,7,22,2
0x77ce39,99.9431%,29,50947,50976,50027,5,24,920
0x78082e,99.8862%,29,25459,25488,25012,4,25,447
0x7d8f82,99.8881%,29,25891,25920,25437,3,26,454
0x8739a7,93.9583%,29,451,480,414,6,23,37
0x7803ec,99.8862%,29,25459,25488,25013,3,26,446
0x78b051,97.0833%,28,932,960,831,9,19,101
0x86dae3,98.4848%,28,1820,1848,1613,4,24,207
0x77e28a,99.946%,28,51812,51840,50878,2,26,934
0x77e7d1,99.892%,28,25892,25920,25434,6,22,458
0x87886c,99.8901%,28,25460,25488,25307,16,12,153
0x77cf55,83.1325%,28,138,166,137,5,23,1
0x87ddb0,99.8901%,28,25460,25488,25013,3,25,447
0x7d9172,99.892%,28,25892,25920,25438,2,26,454
0x77e831,99.8958%,27,25893,25920,25436,4,23,457
0x87bea3,99.8941%,27,25461,25488,155,10,17,25306
0x8fa5ea,93.75%,27,405,432,266,16,11,139
0x77c93f,99.947%,27,50949,50976,50030,2,25,919
0x78b5f7,99.9479%,27,51813,51840,50873,7,20,940
0x77affe,99.9479%,27,51813,51840,50879,1,26,934
0x77e778,99.8958%,27,25893,25920,25436,4,23,457
0x77e8e8,99.8997%,26,25894,25920,25436,4,22,458
0x830802,99.9498%,26,51814,51840,50877,3,23,937
0x8726e7,86.4583%,26,166,192,127,9,17,39
0x78059e,99.898%,26,25462,25488,25014,2,24,448
0x8306f7,99.9557%,26,58726,58752,57659,5,21,1067
0x7973b6,99.8377%,25,15375,15400,15089,3,22,286
0x77ee68,85.7143%,25,150,175,86,10,15,64
0x7d9ca9,99.9019%,25,25463,25488,25014,2,23,449
0x77e735,99.9035%,25,25895,25920,25438,2,23,457
0x7f994e,98.6472%,25,1823,1848,1374,12,13,449
0x872a4a,99.8665%,25,18695,18720,18359,1,24,336
0x77c50a,99.951%,25,50951,50976,50030,2,23,921
0x7d9a5c,94.213%,25,407,432,258,12,13,149
0x78d1d6,95.8882%,25,583,608,531,1,24,52
0x77ee84,69.6203%,24,55,79,13,12,12,42
0x8307bd,99.9537%,24,51816,51840,50949,9,15,867
0x77f4a4,99.9058%,24,25464,25488,25015,1,23,449
0x77c60f,99.9529%,24,50952,50976,50029,3,21,923
0x7d9faa,94.4444%,24,408,432,256,14,10,152
0x87dd5c,95.1271%,23,449,472,408,5,18,41
0x7d9594,94.6759%,23,409,432,261,9,14,148
0x64a0c4,99.9512%,23,47101,47124,7933,5,18,39168
0x87318f,95.3629%,23,473,496,428,6,17,45
0x7da6b1,99.9556%,23,51817,51840,50876,4,19,941
0x877c5b,99.9098%,23,25465,25488,25014,2,21,451
0x831b64,96.2662%,23,593,616,535,4,19,58
0x8307cd,97.3923%,23,859,882,438,12,11,421
0x7db36a,99.0934%,23,2514,2537,2472,11,12,42
0x77f9e6,99.9151%,22,25898,25920,25435,5,17,463
0x7a3d19,99.9137%,22,25466,25488,25015,1,21,451
0x7d91db,99.9151%,22,25898,25920,25437,3,19,461
0x7d93e4,94.9074%,22,410,432,260,10,12,150
0x78b587,99.9576%,22,51818,51840,50875,5,17,943
0x77c8d2,99.9568%,22,50954,50976,50032,0,22,922
0x7d9454,94.9074%,22,410,432,259,11,11,151
0x7d99ee,94.9074%,22,410,432,259,11,11,151
0x77e1da,99.9595%,21,51819,51840,50878,2,19,941
0x77e961,99.919%,21,25899,25920,25439,1,20,460
0x87dba5,95.5508%,21,451,472,411,2,19,40
0x77efd1,99.9176%,21,25467,25488,25015,1,20,452
0x77cb02,99.9588%,21,50955,50976,50030,2,19,925
0x7d94b3,95.1389%,21,411,432,152,10,11,259
0x873a11,95.625%,21,459,480,415,5,16,44
0x77c0ea,99.9588%,21,50955,50976,50029,3,18,926
0x77f6df,99.9588%,21,50955,50976,50030,2,19,925
0x77c957,97.7754%,21,923,944,823,3,18,100
0x7d9003,99.919%,21,25899,25920,25438,2,19,461
0x7da74e,99.9595%,21,51819,51840,50877,3,18,942
0x77e3ea,99.9595%,21,51819,51840,50876,4,17,943
0x77cd78,99.9608%,20,50956,50976,50032,0,20,924
0x77f761,99.9608%,20,50956,50976,50031,1,19,925
0x77e2b3,97.9167%,20,940,960,836,4,16,104
0x77c19b,99.9608%,20,50956,50976,50028,4,16,928
0x7d9604,95.3704%,20,412,432,261,9,11,151
0x77c471,99.9608%,20,50956,50976,50030,2,18,926
0x7f9230,99.667%,20,5986,6006,5917,11,9,69
0x831afa,99.9399%,20,33244,33264,32644,4,16,600
0x77c796,99.9608%,20,50956,50976,50029,3,17,927
0x77d167,95.3704%,20,412,432,261,9,11,151
0x7a3f15,99.8534%,19,12941,12960,12470,10,9,471
0x873c61,96.0417%,19,461,480,418,2,17,43
0x77cf6a,99.9627%,19,50957,50976,50031,1,18,926
0x875b48,99.9255%,19,25469,25488,25012,4,15,457
0x650f72,99.8766%,19,15381,15400,15088,4,15,293
0x794fca,96.875%,19,589,608,527,5,14,62
0x77faa7,95.6019%,19,413,432,153,9,10,260
0x8726c0,90.1042%,19,173,192,171,5,14,2
0x87ddc3,95.9746%,19,453,472,412,1,18,41
0x86d9c0,98.534%,19,1277,1296,1268,4,15,9
0x77fa3d,95.6019%,19,413,432,261,9,10,152
0x77d217,95.6019%,19,413,432,262,8,11,151
0x77eaa1,99.9267%,19,25901,25920,25437,3,16,464
0x77b137,98.0208%,19,941,960,839,1,18,102
0x77b0de,98.0208%,19,941,960,839,1,18,102
0x77b0ce,99.9633%,19,51821,51840,50880,0,19,941
0x878050,96.1864%,18,454,472,412,1,17,42
0x874166,99.9656%,18,52254,52272,51304,0,18,950
0x7db0c7,96.25%,18,462,480,419,1,17,43
0x77c9c6,99.9647%,18,50958,50976,50031,1,17,927
0x87664c,96.25%,18,462,480,418,2,16,44
0x65f9b1,97.0779%,18,598,616,534,5,13,64
0x873ffd,99.9328%,18,26766,26784,26285,3,15,481
0x7d9663,95.8333%,18,414,432,154,8,10,260
0x7d8f21,99.9306%,18,25902,25920,25435,5,13,467
0x8e40ab,99.9699%,17,56410,56427,754,12,5,55656
0x77e42f,85.8333%,17,103,120,54,6,11,49
0x7d9b01,96.0648%,17,415,432,155,7,10,260
0x7eee6b,96.846%,17,522,539,456,6,11,66
0x7d9534,96.0648%,17,415,432,261,9,8,154
0x77f472,79.7619%,17,67,84,14,4,13,53
0x77ebd4,96.0648%,17,415,432,261,9,8,154
0x879e98,99.9344%,17,25903,25920,25439,1,16,464
0x77ea41,99.9344%,17,25903,25920,25439,1,16,464
0x7d4f8d,97.2403%,17,599,616,537,2,15,62
0x7f939f,99.7169%,17,5989,6006,4153,5,12,1836
0x7868a3,98.2292%,17,943,960,835,5,12,108
0x77e136,99.9672%,17,51823,51840,50879,1,16,944
0x7d9ccc,96.3983%,17,455,472,408,5,12,47
0x7951e5,97.2039%,17,591,608,528,4,13,63
0x7d8993,96.0648%,17,415,432,155,7,10,260
0x876122,99.9383%,16,25904,25920,25439,1,15,465
0x7da061,96.2963%,16,416,432,261,9,7,155
0x77f62b,99.9372%,16,25472,25488,25015,1,15,457
0x7da006,96.2963%,16,416,432,261,9,7,155
0x64add3,93.0736%,16,215,231,153,1,15,62
0x87db1e,99.9372%,16,25472,25488,25014,2,14,458
0x7806b7,99.9372%,16,25472,25488,25014,2,14,458
0x7d56fb,93.0736%,16,215,231,148,6,10,67
0x87967d,96.6102%,16,456,472,411,2,14,45
0x87384c,96.6667%,16,464,480,418,2,14,46
0x87601f,99.9372%,16,25472,25488,25015,1,15,457
0x7dbc17,99.8667%,16,11984,12000,11758,2,14,226
0x873aac,96.6667%,16,464,480,417,3,13,47
0x7f95e6,99.7114%,16,5528,5544,5392,8,8,136
0x7da568,99.9711%,15,51825,51840,50876,4,11,949
0x77e894,99.9421%,15,25905,25920,25439,1,14,466
0x7807cd,99.9411%,15,25473,25488,25012,4,11,461
0x77e14a,98.4375%,15,945,960,837,3,12,108
0x87966d,99.8823%,15,12729,12744,12260,12,3,469
0x77b14a,87.5%,15,105,120,51,9,6,54
0x7d96e4,96.5278%,15,417,432,261,9,6,156
0x87be3b,96.822%,15,457,472,413,0,15,44
0x87391b,99.9421%,15,25905,25920,25438,2,13,467
0x8789f2,99.9411%,15,25473,25488,25015,1,14,458
0x7da611,99.9711%,15,51825,51840,50877,3,12,948
0x77dfe2,98.4375%,15,945,960,839,1,14,106
0x848682,99.9976%,15,617494,617509,594623,15,0,22871
0x876806,96.875%,15,465,480,417,3,12,48
0x7d9da8,96.822%,15,457,472,412,1,14,45
0x87aa7e,99.8843%,15,12945,12960,12475,5,10,470
0x879c03,99.9421%,15,25905,25920,25439,1,14,466
0x7db35a,99.4088%,15,2522,2537,133,8,7,2389
0x873bad,96.875%,15,465,480,415,5,10,50
0x872fa0,99.8898%,15,13593,13608,13099,5,10,494
0x8736cd,97.0833%,14,466,480,414,6,8,52
0x64a181,99.9703%,14,47110,47124,46196,4,10,914
0x77f814,98.5169%,14,930,944,823,3,11,107
0x77e203,98.5417%,14,946,960,837,3,11,109
0x831c56,97.7273%,14,602,616,536,3,11,66
0x8739fb,99.946%,14,25906,25920,25439,1,13,467
0x7a1c53,97.0339%,14,458,472,412,1,13,46
0x873cb8,97.0833%,14,466,480,416,4,10,50
0x87267c,97.7564%,14,610,624,185,7,7,425
0x8767fa,99.946%,14,25906,25920,25439,1,13,467
0x7d8bdc,99.946%,14,25906,25920,25439,1,13,467
0x77f704,98.5169%,14,930,944,825,1,13,105
0x7805b5,97.0339%,14,458,472,411,2,12,47
0x7a8aa8,97.7273%,14,602,616,537,2,12,65
0x77bf78,98.5169%,14,930,944,824,2,12,106
0x7da802,98.5417%,14,946,960,837,3,11,109
0x8480cd,99.7376%,14,5322,5336,26,6,8,5296
0x780562,97.0339%,14,458,472,411,2,12,47
0x77afae,98.5417%,14,946,960,836,4,10,110
0x77aec4,98.5417%,14,946,960,837,3,11,109
0x77f564,99.9451%,14,25474,25488,25015,1,13,459
0x77de01,98.5417%,14,946,960,838,2,12,108
0x77b00e,98.5417%,14,946,960,839,1,13,107
0x825cf1,99.7833%,13,5987,6000,5250,0,13,737
0x7d8e22,97.2917%,13,467,480,418,2,11,49
0x78b59e,98.6458%,13,947,960,838,2,11,109
0x87373f,97.2917%,13,467,480,419,1,12,48
0x77def2,98.6458%,13,947,960,837,3,10,110
0x77e0bf,99.9749%,13,51827,51840,50876,4,9,951
0x77ef73,97.2458%,13,459,472,407,6,7,52
0x64f858,99.9218%,13,16619,16632,16003,13,0,616
0x87a979,97.2917%,13,467,480,417,3,10,50
0x64a264,98.5931%,13,911,924,690,3,10,221
0x7d98f1,96.9907%,13,419,432,261,9,4,158
0x77c873,98.6229%,13,931,944,824,2,11,107
0x87de5f,99.949%,13,25475,25488,25014,2,11,461
0x77f8b6,99.949%,13,25475,25488,25015,1,12,460
0x64ab5a,98.8745%,13,1142,1155,922,2,11,220
0x875b6b,97.2458%,13,459,472,410,3,10,49
0x86dab6,99.987%,13,99779,99792,97944,0,13,1835
0x77c7c2,98.6229%,13,931,944,823,3,10,108
0x87aa93,97.2917%,13,467,480,416,4,9,51
0x7da3e4,98.6458%,13,947,960,839,1,12,108
0x7f93f2,99.7655%,13,5531,5544,5466,6,7,65
0x87de7b,97.2458%,13,459,472,410,3,10,49
0x86deb0,99.2965%,13,1835,1848,1616,1,12,219
0x873933,97.2917%,13,467,480,418,2,11,49
0x64ba38,99.0741%,12,1284,1296,1243,5,7,41
0x795283,98.0263%,12,596,608,532,0,12,64
0x77da08,98.75%,12,948,960,838,2,10,110
0x77dc17,98.75%,12,948,960,839,1,11,109
0x77cbca,99.9765%,12,50964,50976,50031,1,11,933
0x873beb,97.5%,12,468,480,418,2,10,50
0x87292b,98.3333%,12,708,720,597,3,9,111
0x77e0df,98.75%,12,948,960,838,2,10,110
0x7a3fb8,92.5926%,12,150,162,149,2,10,1
0x77d947,99.9769%,12,51828,51840,50879,1,11,949
0x7d9d29,99.9529%,12,25476,25488,25013,3,9,463
0x7d9d4f,97.4576%,12,460,472,412,1,11,48
0x872796,98.0769%,12,612,624,611,1,11,1
0x7a3d2c,97.4576%,12,460,472,412,1,11,48
0x7da691,97.4895%,12,466,478,444,4,8,22
0x77cda9,98.7288%,12,932,944,823,3,9,109
0x873b99,99.9537%,12,25908,25920,25440,0,12,468
0x77cf88,98.7288%,12,932,944,824,2,10,108
0x77f775,98.7288%,12,932,944,826,0,12,106
0x78a9b4,98.75%,12,948,960,835,5,7,113
0x77d963,98.75%,12,948,960,837,3,9,111
0x65037b,99.961%,12,30788,30800,30183,1,11,605
0x87dac6,97.4576%,12,460,472,410,3,9,50
0x780897,97.4576%,12,460,472,412,1,11,48
0x7da578,98.75%,12,948,960,838,2,10,110
0x848152,99.9917%,12,144060,144072,138725,11,1,5335
0x872fb7,97.619%,12,492,504,437,4,8,55
0x77f99a,99.9537%,12,25908,25920,25437,3,9,471
0x77f9f6,97.5%,12,468,480,417,3,9,51
0x7803ff,97.4576%,12,460,472,412,1,11,48
0x77f7c4,98.8347%,11,933,944,823,3,8,110
0x873b2a,97.7083%,11,469,480,417,3,8,52
0x87b419,97.7083%,11,469,480,415,5,6,54
0x77c627,98.8347%,11,933,944,824,2,9,109
0x87b6b9,97.7083%,11,469,480,419,1,10,50
0x7d8f8c,97.7083%,11,469,480,419,1,10,50
0x77efe0,97.6695%,11,461,472,412,1,10,49
0x7d905e,99.9576%,11,25909,25920,25439,1,10,470
0x77e363,98.8542%,11,949,960,838,2,9,111
0x7d8c8f,97.7083%,11,469,480,416,4,7,53
0x8737d8,97.7083%,11,469,480,418,2,9,51
0x7a5ad1,99.9137%,11,12733,12744,12265,7,4,468
0x7a1d8e,97.6695%,11,461,472,412,1,10,49
0x877c72,97.6695%,11,461,472,408,5,6,53
0x7d9b14,97.4537%,11,421,432,421,3,8,0
0x7dc347,99.9083%,11,11989,12000,11758,2,9,231
0x878a10,97.6695%,11,461,472,410,3,8,51
0x795621,96.3816%,11,293,304,226,2,9,67
0x7a401d,97.4537%,11,421,432,421,3,8,0
0x831bf4,98.2143%,11,605,616,538,1,10,67
0x7da465,98.8542%,11,949,960,837,3,8,112
0x77e9b9,97.7083%,11,469,480,418,2,9,51
0x78643d,98.1908%,11,597,608,531,1,10,66
0x77e975,97.7083%,11,469,480,418,2,9,51
0x873b6d,97.7083%,11,469,480,417,3,8,52
0x873a98,99.9576%,11,25909,25920,25440,0,11,469
0x87db91,99.9568%,11,25477,25488,25016,0,11,461
0x876eed,99.9137%,11,12733,12744,12269,3,8,464
0x78637e,98.1908%,11,597,608,530,2,9,67
0x7db0ba,99.9576%,11,25909,25920,25440,0,11,469
0x77c8e5,98.8347%,11,933,944,825,1,10,108
0x77cb14,98.8347%,11,933,944,825,1,10,108
0x78c15a,97.7083%,11,469,480,420,0,11,49
0x7a1b6c,99.9137%,11,12733,12744,12271,1,10,462
0x77c49f,98.8347%,11,933,944,823,3,8,110
0x64f7d8,99.9339%,11,16621,16632,16016,0,11,605
0x77e9fc,97.7083%,11,469,480,419,1,10,50
0x879c21,97.7083%,11,469,480,417,3,8,52
0x78b60e,98.8542%,11,949,960,836,4,7,113
0x87bf4a,97.8814%,10,462,472,411,2,8,51
0x780a55,97.8814%,10,462,472,412,1,9,50
0x7f975e,99.8196%,10,5534,5544,3691,5,5,1843
0x87bffe,97.8814%,10,462,472,412,1,9,50
0x77f7b1,99.9804%,10,50966,50976,50032,0,10,934
0x77eb04,99.9614%,10,25910,25920,25438,2,8,472
0x877668,99.9215%,10,12734,12744,12270,2,8,464
0x65f993,99.9699%,10,33254,33264,32646,2,8,608
0x77db68,98.9583%,10,950,960,837,3,7,113
0x848205,99.9699%,10,33254,33264,32645,3,7,609
0x7d6a60,58.3333%,10,14,24,14,4,6,0
0x87bfe0,99.9608%,10,25478,25488,25015,1,9,463
0x7da6c1,98.9583%,10,950,960,838,2,8,112
0x64ec11,98.3333%,10,590,600,525,0,10,65
0x7a3e19,97.8814%,10,462,472,411,2,8,51
0x831b04,98.3766%,10,606,616,536,3,7,70
0x64ff62,95.671%,10,221,231,70,7,3,151
0x65f8b1,98.3766%,10,606,616,537,2,8,69
0x77e6fd,97.9167%,10,470,480,417,3,7,53
0x7d8e13,99.9614%,10,25910,25920,25435,5,5,475
0x64bb03,79.1667%,10,38,48,38,4,6,0
0x7f956f,99.8196%,10,5534,5544,3693,3,7,1841
0x77cb75,98.9407%,10,934,944,825,1,9,109
0x7db11a,99.9614%,10,25910,25920,25439,1,9,471
0x77da9b,99.9807%,10,51830,51840,50880,0,10,950
0x64ba4f,79.1667%,10,38,48,38,4,6,0
0x7d5064,98.3766%,10,606,616,537,2,8,69
0x873c45,99.9614%,10,25910,25920,25438,2,8,472
0x87deb0,97.8814%,10,462,472,410,3,7,52
0x87a89c,97.9167%,10,470,480,419,1,9,51
0x64bae0,99.2284%,10,1286,1296,1246,2,8,40
0x77c325,98.9407%,10,934,944,826,0,10,108
0x7d89a6,97.6852%,10,422,432,422,2,8,0
0x7db18b,99.9228%,10,12950,12960,12476,4,6,474
0x77f800,99.9804%,10,50966,50976,50031,1,9,935
0x77c116,98.9407%,10,934,944,824,2,8,110
0x7d96b3,97.6852%,10,422,432,422,2,8,0
0x77c9f2,98.9407%,10,934,944,822,4,6,112
0x7d9c38,97.8814%,10,462,472,412,1,9,50
0x77e413,98.9583%,10,950,960,838,2,8,112
0x7da621,98.9583%,10,950,960,839,1,9,111
0x77ec13,97.6852%,10,422,432,422,2,8,0
0x77c5bd,98.9407%,10,934,944,824,2,8,110
0x77f9aa,97.9167%,10,470,480,418,2,8,52
0x780884,99.9608%,10,25478,25488,25014,2,8,464
0x7da4db,98.9583%,10,950,960,838,2,8,112
0x78bf71,91.6667%,10,110,120,55,5,5,55
0x7d9976,97.6852%,10,422,432,422,2,8,0
0x78020c,99.9294%,9,12735,12744,12267,5,4,468
0x77d19a,97.9167%,9,423,432,423,1,8,0
0x77c1ce,99.0466%,9,935,944,825,1,8,110
0x7d9a88,97.9167%,9,423,432,423,1,8,0
0x878128,98.0932%,9,463,472,412,1,8,51
0x77f02d,99.9647%,9,25479,25488,25015,1,8,464
0x77f668,98.0932%,9,463,472,412,1,8,51
0x7d9c1b,99.9647%,9,25479,25488,25014,2,7,465
0x77e6f0,99.9653%,9,25911,25920,25437,3,6,474
0x7806cb,98.0932%,9,463,472,413,0,9,50
0x77f039,98.0932%,9,463,472,411,2,7,52
0x7d9068,98.125%,9,471,480,419,1,8,52
0x7a3f98,97.9167%,9,423,432,156,6,3,267
0x877391,99.9162%,9,10729,10738,10323,2,7,406
0x7f9372,99.537%,9,1935,1944,1905,3,6,30
0x7f974b,99.2188%,9,1143,1152,1004,4,5,139
0x77dc9a,99.0625%,9,951,960,839,1,8,112
0x77e8f5,98.125%,9,471,480,418,2,7,53
0x77dd09,99.0625%,9,951,960,837,3,6,114
0x7da5f1,98.1172%,9,469,478,443,5,4,26
0x7da75e,99.0625%,9,951,960,840,0,9,111
0x77d04b,92.3729%,9,109,118,55,4,5,54
0x64c42e,96.1039%,9,222,231,152,2,7,70
0x77e845,98.125%,9,471,480,417,3,6,54
0x873ea4,99.9828%,9,52263,52272,51299,5,4,964
0x77c3dd,99.0466%,9,935,944,823,3,6,112
0x7d4ecd,98.539%,9,607,616,539,0,9,68
0x7a3f30,98.125%,9,471,480,420,0,9,51
0x77facb,97.9167%,9,423,432,423,1,8,0
0x77e8af,98.125%,9,471,480,418,2,7,53
0x77fa61,97.9167%,9,423,432,423,1,8,0
0x7d8e78,98.125%,9,471,480,420,0,9,51
0x77c07c,99.8588%,9,6363,6372,6251,3,6,112
0x77c52d,99.0466%,9,935,944,823,3,6,112
0x7dbc29,96.25%,9,231,240,178,2,7,53
0x7d962d,97.9167%,9,423,432,423,1,8,0
0x791a26,99.25%,9,1191,1200,1175,1,8,16
0x78c139,99.9653%,9,25911,25920,25438,2,7,473
0x7a5d23,98.0932%,9,463,472,412,1,8,51
0x77f850,99.9823%,9,50967,50976,50030,2,7,937
0x77cbe0,99.0466%,9,935,944,822,4,5,113
0x77f1e4,99.9647%,9,25479,25488,25015,1,8,464
0x87a886,99.9653%,9,25911,25920,25439,1,8,472
0x8e3508,99.6715%,9,2731,2740,1370,0,9,1361
0x64bbad,81.25%,9,39,48,39,3,6,0
0x77cefd,99.0466%,9,935,944,823,3,6,112
0x7d9181,98.125%,9,471,480,419,1,8,52
0x7d95d9,97.9167%,9,423,432,423,1,8,0
0x7d853a,99.5312%,9,1911,1920,1676,4,5,235
0x7a3a9c,98.0932%,9,463,472,411,2,7,52
0x7f9730,99.5885%,8,1936,1944,1907,1,7,29
0x87abb6,99.9372%,8,12736,12744,12269,3,5,467
0x78ad74,99.9691%,8,25912,25920,24956,4,4,956
0x77af30,99.9846%,8,51832,51840,50879,1,7,953
0x8277ee,99.7512%,8,3208,3216,2814,0,8,394
0x87b3fb,99.9691%,8,25912,25920,25437,3,5,475
0x873e21,99.9694%,8,26128,26136,25165,3,5,963
0x7dc359,96.6667%,8,232,240,179,1,7,53
0x7d9d92,99.9686%,8,25480,25488,25014,2,6,466
0x7d947d,98.1481%,8,424,432,424,0,8,0
0x87663c,99.9383%,8,12952,12960,12477,3,5,475
0x7daffe,98.3333%,8,472,480,420,0,8,52
0x77c3aa,99.9843%,8,50968,50976,50029,3,5,939
0x87bc48,99.9372%,8,12736,12744,12269,3,5,467
0x7d942a,98.1481%,8,424,432,424,0,8,0
0x780223,98.3051%,8,464,472,412,1,7,52
0x873b16,99.9691%,8,25912,25920,25440,0,8,472
0x7a37f3,99.7489%,8,3178,3186,3123,4,4,55
0x651091,98.7013%,8,608,616,539,0,8,69
0x77d247,98.1481%,8,424,432,424,0,8,0
0x873c9c,99.9383%,8,12952,12960,12477,3,5,475
0x7d9565,98.1481%,8,424,432,424,0,8,0
0x7d8f2d,98.3333%,8,472,480,419,1,7,53
0x77e78c,98.3333%,8,472,480,419,1,7,53
0x7d9017,98.3333%,8,472,480,420,0,8,52
0x77e7e4,98.3333%,8,472,480,419,1,7,53
0x77f0c8,99.9686%,8,25480,25488,25015,1,7,465
0x77ce67,99.1525%,8,936,944,824,2,6,112
0x87dcd7,98.3051%,8,464,472,411,2,6,53
0x7f965a,99.3056%,8,1144,1152,1113,3,5,31
0x9773c7,99.9985%,8,551493,551501,7510,3,5,543983
0x8fa059,99.8645%,8,5894,5902,5891,4,4,3
0x77af47,99.1667%,8,952,960,838,2,6,114
0x78b971,99.9359%,8,12472,12480,11519,1,7,953
0x735be2,99.9255%,8,10730,10738,10322,3,5,408
0x77eab5,98.3333%,8,472,480,419,1,7,53
0x7da0c8,98.1481%,8,424,432,423,1,7,1
0x8745a0,98.1481%,8,424,432,424,0,8,0
0x7dbf57,99.9383%,8,12952,12960,12476,4,4,476
0x875984,98.1481%,8,424,432,420,4,4,4
0x87988a,98.3333%,8,472,480,419,1,7,53
0x796a09,98.7013%,8,608,616,532,7,1,76
0x7d9715,98.1481%,8,424,432,424,0,8,0
0x7db1f8,98.3333%,8,472,480,420,0,8,52
0x827bc4,99.9794%,8,38872,38880,37438,2,6,1434
0x7d9503,98.1481%,8,424,432,424,0,8,0
0x7db3da,96.6667%,8,232,240,179,1,7,53
0x7a1cce,98.3051%,8,464,472,412,1,7,52
0x7a89e4,98.7013%,8,608,616,536,3,5,72
0x7da032,98.1481%,8,424,432,423,1,7,1
0x77e9a5,99.9691%,8,25912,25920,25440,0,8,472
0x64b629,96.5368%,8,223,231,11,4,4,212
0x7d8cb5,99.7531%,8,3232,3240,3177,3,5,55
0x77c290,99.1525%,8,936,944,824,2,6,112
0x65f3ba,96.5368%,8,223,231,152,2,6,71
0x87604f,98.3051%,8,464,472,411,2,6,53
0x7d9a35,98.1481%,8,424,432,424,0,8,0
0x78a9a4,99.9691%,8,25912,25920,24959,1,7,953
0x65106f,99.9519%,8,16624,16632,16008,8,0,616
0x7d6a4a,99.3333%,8,1192,1200,1174,2,6,18
0x8757a3,96.2963%,8,208,216,207,1,7,1
0x78b024,99.9846%,8,51808,51816,49533,4,4,2275
0x78c1e0,98.3333%,8,472,480,419,1,7,53
0x65dce4,96.5368%,8,223,231,151,3,5,72
0x827c81,99.4444%,8,1432,1440,1257,3,5,175
0x77dab8,99.1667%,8,952,960,840,0,8,112
0x7a24f7,96.0452%,7,170,177,115,3,4,55
0x7d91f2,98.5417%,7,473,480,419,1,6,54
0x780938,98.5169%,7,465,472,412,1,6,53
0x7a36a1,99.9451%,7,12737,12744,12271,1,6,466
0x87dab3,99.9725%,7,25481,25488,25014,2,5,467
0x827896,99.982%,7,38873,38880,37439,1,6,1434
0x87dea3,99.9725%,7,25481,25488,25015,1,6,466
0x7d8551,97.0833%,7,233,240,117,3,4,116
0x77b07b,99.2708%,7,953,960,838,2,5,115
0x7973c8,97.7273%,7,301,308,229,2,5,72
0x872bff,99.6212%,7,1841,1848,1616,1,6,225
0x7d87d6,94.1667%,7,113,120,58,2,5,55
0x87d9c3,99.7803%,7,3179,3186,3123,4,3,56
0x735dc3,99.9348%,7,10731,10738,10323,2,5,408
0x7a3b79,98.5169%,7,465,472,412,1,6,53
0x7d504e,99.9579%,7,16625,16632,16009,7,0,616
0x7d9fdf,98.3796%,7,425,432,424,0,7,1
0x7a244c,99.9791%,7,33446,33453,32212,2,5,1234
0x7db05e,98.5417%,7,473,480,420,0,7,53
0x77f195,98.5169%,7,465,472,411,2,5,54
0x77f871,94.0678%,7,111,118,58,1,6,53
0x794881,96.9298%,7,221,228,148,4,3,73
0x96b845,99.9444%,7,12590,12597,0,0,7,12590
0x77cc05,99.8901%,7,6365,6372,6253,1,6,112
0x795265,99.9574%,7,16409,16416,15805,3,4,604
0x876135,98.5417%,7,473,480,419,1,6,54
0x786903,94.1667%,7,113,120,57,3,4,56
0x87362b,99.973%,7,25913,25920,25438,2,5,475
0x7a22d3,99.5056%,7,1409,1416,1239,0,7,170
0x7d911d,98.5417%,7,473,480,419,1,6,54
0x77c260,99.9863%,7,50969,50976,50029,3,4,940
0x650e8d,97.6667%,7,293,300,222,3,4,71
0x650f9b,97.7273%,7,301,308,229,2,5,72
0x87db28,98.5169%,7,465,472,411,2,5,54
0x848698,99.9694%,7,22864,22871,20011,1,6,2853
0x873ec2,99.2769%,7,961,968,846,1,6,115
0x977404,99.9987%,7,550989,550996,7618,3,4,543371
0x65f932,98.8636%,7,609,616,537,2,5,72
0x7805f2,98.5169%,7,465,472,412,1,6,53
0x96b7cc,99.9897%,7,68138,68145,12593,4,3,55545
0x7a1d49,99.943%,7,12265,12272,11798,2,5,467
0x7f9542,99.6399%,7,1937,1944,1905,3,4,32
0x7a5ea2,98.5169%,7,465,472,412,1,6,53
0x7f92d3,99.6399%,7,1937,1944,1932,0,7,5
0x78e0b8,99.9557%,7,15801,15808,15195,5,2,606
0x77c645,99.8901%,7,6365,6372,6253,1,6,112
0x77ef4f,99.9725%,7,25481,25488,25015,1,6,466
0x87363f,98.5417%,7,473,480,419,1,6,54
0x87b373,99.946%,7,12953,12960,12479,1,6,474
0x7db1eb,99.946%,7,12953,12960,12477,3,4,476
0x64b401,98.8636%,7,609,616,538,1,6,71
0x77ceda,99.9863%,7,50969,50976,50032,0,7,937
0x65f0e0,98.9198%,7,641,648,622,2,5,19
0x78880b,99.2708%,7,953,960,839,1,6,114
0x8749fe,98.5417%,7,473,480,419,1,6,54
0x7aa47c,98.8487%,7,601,608,528,4,3,73
0x873e46,99.2769%,7,961,968,845,2,5,116
0x87b487,99.9725%,7,25481,25488,25014,2,5,467
0x77f181,99.9725%,7,25481,25488,25015,1,6,466
0x92a7fe,91.358%,7,74,81,71,3,4,3
0x827b04,99.9846%,6,38874,38880,37439,1,5,1435
0x77b06c,99.9884%,6,51834,51840,50878,2,4,956
0x7968b4,99.026%,6,610,616,0,0,6,610
0x77dddf,99.9884%,6,51834,51840,50878,2,4,956
0x7d5cb2,97.4026%,6,225,231,3,3,3,222
0x87c900,99.5763%,6,1410,1416,1236,3,3,174
0x8737cc,99.9769%,6,25914,25920,25440,0,6,474
0x77f121,99.9765%,6,25482,25488,25016,0,6,466
0x7a223e,99.9837%,6,36810,36816,35398,2,4,1412
0x87a758,99.9537%,6,12954,12960,12479,1,5,475
0x7a471c,98.9418%,6,561,567,545,1,5,16
0x64b76d,99.6528%,6,1722,1728,1512,0,6,210
0x77bff7,99.9058%,6,6366,6372,6252,2,4,114
0x77efa3,99.9764%,6,25403,25409,25403,6,0,0
0x877766,99.9529%,6,12738,12744,12271,1,5,467
0x831e93,97.2222%,6,210,216,205,3,3,5
0x77f07b,99.9765%,6,25482,25488,25016,0,6,466
0x92a7cb,99.8969%,6,5815,5821,0,0,6,5815
0x877b54,99.9529%,6,12738,12744,12270,2,4,468
0x7d8d17,99.8148%,6,3234,3240,3178,2,4,56
0x7a11fd,99.9529%,6,12738,12744,12270,2,4,468
0x77eeda,98.7288%,6,466,472,412,1,5,54
0x876efe,98.7288%,6,466,472,411,2,4,55
0x91fdf1,98.6842%,6,450,456,184,2,4,266
0x77f08c,98.7288%,6,466,472,412,1,5,54
0x82798d,99.9846%,6,38874,38880,37438,2,4,1436
0x8482c9,99.026%,6,610,616,537,2,4,73
0x7a4f1a,97.2222%,6,210,216,205,3,3,5
0x77f0d5,98.7288%,6,466,472,411,2,4,55
0x77eb18,98.75%,6,474,480,420,0,6,54
0x7a3161,98.7288%,6,466,472,412,1,5,54
0x77ea54,98.75%,6,474,480,419,1,5,55
0x77f864,99.3644%,6,938,944,826,0,6,112
0x876f7c,98.7288%,6,466,472,412,1,5,54
0x87986c,99.9537%,6,12954,12960,12480,0,6,474
0x8734ad,98.7288%,6,466,472,411,2,4,55
0x64bc58,99.0741%,6,642,648,622,2,4,20
0x794f4a,99.0132%,6,602,608,531,1,5,71
0x848168,99.8876%,6,5330,5336,4668,1,5,662
0x87513d,99.0741%,6,642,648,622,2,4,20
0x872a33,96.8912%,6,187,193,95,2,4,92
0x7a5cf0,99.9529%,6,12738,12744,12270,2,4,468
0x7db827,99.9537%,6,12954,12960,12478,2,4,476
0x780921,99.9765%,6,25482,25488,25015,1,5,467
0x64bd19,99.0741%,6,642,648,622,2,4,20
0x7a5efa,99.9529%,6,12738,12744,12270,2,4,468
0x8e4018,99.72%,6,2137,2143,760,6,0,1377
0x7daded,99.9451%,6,10914,10920,10499,1,5,415
0x878104,99.9529%,6,12738,12744,12270,2,4,468
0x78b9bc,99.375%,6,954,960,840,0,6,114
0x780846,98.7288%,6,466,472,410,3,3,56
0x87dd1e,99.9677%,6,18568,18574,18568,6,0,0
0x7a184d,99.9529%,6,12738,12744,12269,3,3,469
0x7a58cc,99.9529%,6,12738,12744,12269,3,3,469
0x7805e5,99.9765%,6,25482,25488,25014,2,4,468
0x8740bc,99.0521%,6,627,633,618,2,4,9
0x7db198,98.75%,6,474,480,419,1,5,55
0x8741a1,99.3802%,6,962,968,844,3,3,118
0x7a8922,99.6753%,6,1842,1848,1616,1,5,226
0x87c8ce,99.9843%,6,38226,38232,36814,2,4,1412
0x77c705,99.9058%,6,6366,6372,6253,1,5,113
0x8481f0,99.982%,6,33258,33264,32830,2,4,428
0x7a2f2a,99.9511%,6,12266,12272,11798,2,4,468
0x8756c0,99.9537%,6,12954,12960,12478,2,4,476
0x797b28,98.0519%,6,302,308,230,1,5,72
0x7d8cf5,99.8148%,6,3234,3240,3177,3,3,57
0x7dbb14,99.9537%,6,12954,12960,12478,2,4,476
0x77fddb,62.5%,6,10,16,8,0,6,2
0x8749ea,99.9769%,6,25914,25920,25440,0,6,474
0x77c055,99.9058%,6,6366,6372,6251,3,3,115
0x961785,99.0672%,5,531,536,228,2,3,303
0x827a58,99.6528%,5,1435,1440,1260,0,5,175
0x780762,98.9407%,5,467,472,412,1,4,55
0x78ad89,99.4792%,5,955,960,840,0,5,115
0x7a1ba6,98.9407%,5,467,472,412,1,4,55
0x65039e,99.1883%,5,611,616,461,1,4,150
0x77f8cd,98.9407%,5,467,472,412,1,4,55
0x78add4,99.4792%,5,955,960,838,2,3,117
0x87b49d,98.9407%,5,467,472,411,2,3,56
0x8482a1,99.985%,5,33259,33264,32829,3,2,430
0x7dbe15,99.9614%,5,12955,12960,12479,1,4,476
0x7dc244,99.9614%,5,12955,12960,12478,2,3,477
0x876505,95.1923%,5,99,104,96,0,5,3
0x7a1886,98.9407%,5,467,472,411,2,3,56
0x879475,97.6852%,5,211,216,206,2,3,5
0x7a1576,98.9407%,5,467,472,411,2,3,56
0x8738c8,99.9807%,5,25915,25920,25439,1,4,476
0x872a22,99.9132%,5,5755,5760,5564,3,2,191
0x77f91f,98.8426%,5,427,432,423,1,4,4
0x78881f,95.8333%,5,115,120,115,3,2,0
0x87d955,99.8431%,5,3181,3186,3127,0,5,54
0x961692,97.8261%,5,225,230,151,3,2,74
0x64b1c6,99.1883%,5,611,616,538,1,4,73
0x77f58f,98.9407%,5,467,472,412,1,4,55
0x873360,99.9608%,5,12739,12744,12271,1,4,468
0x788786,99.9599%,5,12475,12480,11519,1,4,956
0x7d8cd7,99.8457%,5,3235,3240,3179,1,4,56
0x827c55,99.9871%,5,38875,38880,37438,2,3,1437
0x873540,99.9608%,5,12739,12744,12271,1,4,468
0x87b389,98.9583%,5,475,480,418,2,3,57
0x64bf30,99.7259%,5,1819,1824,1596,0,5,223
0x87a76e,98.9583%,5,475,480,419,1,4,56
0x8738d4,98.9583%,5,475,480,419,1,4,56
0x877691,98.9407%,5,467,472,411,2,3,56
0x78ee80,99.1776%,5,603,608,532,0,5,71
0x7db6e5,99.9614%,5,12955,12960,12479,1,4,476
0x8278b4,99.6528%,5,1435,1440,1260,0,5,175
0x7f946a,99.1319%,5,571,576,537,3,2,34
0x64b97c,66.6667%,5,10,15,6,3,2,4
0x7d8d45,99.8457%,5,3235,3240,3178,2,3,57
0x78dd64,99.5777%,5,1179,1184,1036,0,5,143
0x64bdfd,79.1667%,5,19,24,19,2,3,0
0x963d23,99.5656%,5,1146,1151,0,0,5,1146
0x7d9254,98.8426%,5,427,432,423,1,4,4
0x87b890,99.9614%,5,12955,12960,12479,1,4,476
0x7a5da0,99.9608%,5,12739,12744,12272,0,5,467
0x77bf95,99.9215%,5,6367,6372,6253,1,4,114
0x873376,98.9407%,5,467,472,412,1,4,55
0x872ad4,98.6111%,5,355,360,298,2,3,57
0x78d1c0,99.9695%,5,16411,16416,15804,4,1,607
0x7dc5dd,98.9583%,5,475,480,419,1,4,56
0x793ce7,99.9887%,5,44395,44400,43507,5,0,888
0x872ddf,98.8426%,5,427,432,414,2,3,13
0x786876,99.9904%,5,51835,51840,50879,1,4,956
0x78bcf8,99.9807%,5,25915,25920,24959,1,4,956
0x7a5e8d,99.9608%,5,12739,12744,12271,1,4,468
0x87c518,79.1667%,5,19,24,19,2,3,0
0x7f938c,99.1987%,5,619,624,544,2,3,75
0x64a113,99.9894%,5,47119,47124,47119,5,0,0
0x7f955c,99.1319%,5,571,576,501,3,2,70
0x77f4cd,98.9407%,5,467,472,411,2,3,56
0x65dcc7,99.99%,5,49891,49896,48043,5,0,1848
0x77c846,99.9902%,5,50971,50976,50032,0,5,939
0x7a5f09,98.9407%,5,467,472,411,2,3,56
0x873ed1,95.8678%,5,116,121,58,1,4,58
0x77c685,99.9215%,5,6367,6372,6253,1,4,114
0x875213,98.9583%,5,475,480,419,1,4,56
0x7d87b0,97.9167%,5,235,240,117,3,2,118
0x874234,97.6852%,5,211,216,207,1,4,4
0x78be6a,99.4792%,5,955,960,840,0,5,115
0x97748e,99.9287%,5,7003,7008,0,0,5,7003
0x7a3599,99.9608%,5,12739,12744,12271,1,4,468
0x92a7e0,99.9153%,5,5897,5902,0,0,5,5897
0x78c003,99.8457%,5,3235,3240,3178,2,3,57
0x8279b6,99.6528%,5,1435,1440,1260,0,5,175
0x873565,98.9407%,5,467,472,412,1,4,55
0x78c034,99.8457%,5,3235,3240,3179,1,4,56
0x64b211,99.9699%,5,16627,16632,16014,2,3,613
0x78c189,91.6667%,5,55,60,0,0,5,55
0x874511,98.8426%,5,427,432,423,1,4,4
0x790f67,97.807%,5,223,228,3,3,2,220
0x84801b,99.8641%,5,3674,3679,0,0,5,3674
0x64ffce,99.985%,5,33259,33264,32029,3,2,1230
0x77b3ed,95.8333%,5,115,120,59,1,4,56
0x876432,98.8426%,5,427,432,423,1,4,4
0x77fafe,98.8426%,5,427,432,423,1,4,4
0x825dea,99.9969%,5,161995,162000,155995,5,0,6000
0x7d8577,95.8333%,5,115,120,57,3,2,58
0x77bfb7,99.9215%,5,6367,6372,6252,2,3,115
0x77c6c5,99.9215%,5,6367,6372,6254,0,5,113
0x877f8c,98.9407%,5,467,472,412,1,4,55
0x87d934,99.8431%,5,3181,3186,3126,1,4,55
0x7db9c5,99.9614%,5,12955,12960,12480,0,5,475
0x825d66,99.9969%,5,161995,162000,155998,2,3,5997
0x7a3799,98.9407%,5,467,472,411,2,3,56
0x87b525,99.8431%,5,3181,3186,3126,1,4,55
0x7a58e3,98.9407%,5,467,472,412,1,4,55
0x785ece,95.1923%,5,99,104,95,1,4,4
0x87bc64,98.9407%,5,467,472,413,0,5,54
0x830811,99.4792%,5,955,960,839,1,4,116
0x78c1c9,99.9807%,5,25915,25920,25439,1,4,476
0x843062,99.9395%,5,8255,8260,0,0,5,8255
0x793d18,99.4369%,5,883,888,665,1,4,218
0x7db127,98.9583%,5,475,480,417,3,2,58
0x77f1f8,98.9407%,5,467,472,412,1,4,55
0x97741a,99.9991%,5,550991,550996,543371,4,1,7620
0x87620f,98.8426%,5,427,432,423,1,4,4
0x791a7e,79.1667%,5,19,24,18,0,5,1
0x7db9d2,98.9583%,5,475,480,420,0,5,55
0x7a153d,99.9686%,4,12740,12744,12271,1,3,469
0x8756cc,99.1667%,4,476,480,419,1,3,57
0x87b4c5,99.8745%,4,3182,3186,3126,1,3,56
0x7950d4,99.3421%,4,604,608,532,0,4,72
0x7db834,99.1667%,4,476,480,419,1,3,57
0x7d8d67,99.8765%,4,3236,3240,3179,1,3,57
0x7d91c3,97.5309%,4,158,162,0,0,4,158
0x77f6c8,95.2941%,4,81,85,0,2,2,81
0x7dc0f5,99.9691%,4,12956,12960,12480,0,4,476
0x7a890c,99.992%,4,49892,49896,48047,1,3,1845
0x8482b6,99.988%,4,33260,33264,32647,1,3,613
0x7d8da5,99.8765%,4,3236,3240,3178,2,2,58
0x78adc4,99.9846%,4,25916,25920,24960,0,4,956
0x872bec,99.992%,4,49892,49896,48045,3,1,1847
0x7d8bff,99.1667%,4,476,480,419,1,3,57
0x77f135,99.1525%,4,468,472,413,0,4,55
0x77f6ba,99.9921%,4,50887,50891,50887,4,0,0
0x78bfd4,99.8765%,4,3236,3240,3179,1,3,57
0x77cc67,99.9372%,4,6368,6372,6253,1,3,115
0x78e11f,99.3421%,4,604,608,532,0,4,72
0x87cf32,99.0741%,4,428,432,423,1,3,5
0x7a40b9,98.0769%,4,204,208,200,0,4,4
0x77c6e7,99.9372%,4,6368,6372,6253,1,3,115
0x87a020,99.1667%,4,476,480,418,2,2,58
0x7a28f5,99.1525%,4,468,472,412,1,3,56
0x77cca7,99.9372%,4,6368,6372,6252,2,2,116
0x879d6b,92.5926%,4,50,54,50,3,1,0
0x827b21,99.7222%,4,1436,1440,1259,1,3,177
0x787bce,99.7917%,4,1916,1920,959,1,3,957
0x77eb50,99.0741%,4,428,432,423,1,3,5
0x77fd0e,99.1667%,4,476,480,420,0,4,56
0x77cc45,99.9372%,4,6368,6372,6254,0,4,114
0x735e2d,99.0315%,4,409,413,353,1,3,56
0x78c0a2,99.8765%,4,3236,3240,3179,1,3,57
0x827a2d,99.9897%,4,38876,38880,37440,0,4,1436
0x7dc790,99.9691%,4,12956,12960,12480,0,4,476
0x78019c,98.1481%,4,212,216,207,1,3,5
0x64bbbc,55.5556%,4,5,9,4,2,2,1
0x877f68,99.9686%,4,12740,12744,12271,1,3,469
0x65f0f6,83.3333%,4,20,24,20,1,3,0
0x8777c5,99.1525%,4,468,472,412,1,3,56
0x791990,83.3333%,4,20,24,0,0,4,20
0x7db6f2,99.1667%,4,476,480,420,0,4,56
0x830703,99.6324%,4,1084,1088,951,1,3,133
0x874039,99.1935%,4,492,496,434,0,4,58
0x875824,98.1481%,4,212,216,207,1,3,5
0x873d08,99.9691%,4,12956,12960,12479,1,3,477
0x7a35c1,99.1525%,4,468,472,413,0,4,55
0x7a3854,99.8745%,4,3182,3186,3125,2,2,57
0x77f403,96.6102%,4,114,118,58,1,3,56
0x87abcc,99.1525%,4,468,472,412,1,3,56
0x77b3c7,98.3333%,4,236,240,119,1,3,117
0x873d26,99.1667%,4,476,480,420,0,4,56
0x96154a,99.6522%,4,1146,1150,0,0,4,1146
0x97984e,99.9083%,4,4357,4361,0,0,4,4357
0x825cda,99.9975%,4,161996,162000,155996,4,0,6000
0x64bc6f,83.3333%,4,20,24,20,1,3,0
0x78c084,99.8765%,4,3236,3240,3179,1,3,57
0x77b66d,96.6667%,4,116,120,60,0,4,56
0x77c015,99.9372%,4,6368,6372,6253,1,3,115
0x78c57e,83.3333%,4,20,24,20,1,3,0
0x77f74c,95.2941%,4,81,85,0,2,2,81
0x64ad0a,99.9861%,4,28871,28875,27719,1,3,1152
0x873489,99.9686%,4,12740,12744,12272,0,4,468
0x77c667,99.9372%,4,6368,6372,6254,0,4,114
0x7a2c1b,99.9686%,4,12740,12744,12271,1,3,469
0x65e717,99.992%,4,49892,49896,48046,2,2,1846
0x7d88e5,98.1481%,4,212,216,208,0,4,4
0x7dc5d0,99.9691%,4,12956,12960,12480,0,4,476
0x87b5e5,99.8745%,4,3182,3186,3126,1,3,56
0x7d883c,98.1481%,4,212,216,207,1,3,5
0x78f3b1,99.9916%,4,47420,47424,45599,1,3,1821
0x7a2292,99.7175%,4,1412,1416,0,0,4,1412
0x87b5b5,99.8745%,4,3182,3186,3126,1,3,56
0x876303,98.1481%,4,212,216,207,1,3,5
0x87b555,99.8745%,4,3182,3186,3126,1,3,56
0x77fe3c,98.1481%,4,212,216,207,1,3,5
0x872dec,75%,4,12,16,12,2,2,0
0x735c50,99.0315%,4,409,413,353,1,3,56
0x7a3718,99.1525%,4,468,472,412,1,3,56
0x65f38c,99.992%,4,49892,49896,48045,3,1,1847
0x87888f,97.5758%,4,161,165,0,3,1,161
0x77e74a,99.1667%,4,476,480,419,1,3,57
0x7a3832,99.8745%,4,3182,3186,3127,0,4,55
0x879ccc,98.1481%,4,212,216,207,1,3,5
0x7a378a,99.9686%,4,12740,12744,12272,0,4,468
0x87b89d,99.1667%,4,476,480,420,0,4,56
0x8129e0,99.8979%,4,3912,3916,425,1,3,3487
0x879302,98.1481%,4,212,216,207,1,3,5
0x8754b1,99.1667%,4,476,480,420,0,4,56
0x8754a4,99.9691%,4,12956,12960,12480,0,4,476
0x7a3fd9,97.5309%,4,158,162,107,1,3,51
0x7a44fe,99.359%,4,620,624,598,2,2,22
0x7a459c,83.3333%,4,20,24,20,1,3,0
0x64bdd8,99.3827%,4,644,648,623,1,3,21
0x7a34ac,99.0315%,4,409,413,353,1,3,56
0x7d9df2,99.0741%,4,428,432,424,0,4,4
0x876f6c,99.9686%,4,12740,12744,12271,1,3,469
0x77ded0,99.9923%,4,51836,51840,50880,0,4,956
0x963715,99.6522%,4,1146,1150,0,0,4,1146
0x86d9dd,83.3333%,4,20,24,19,2,2,1
0x87be25,99.9686%,4,12740,12744,12272,0,4,468
0x77bfd5,99.9372%,4,6368,6372,6252,2,2,116
0x7a416c,97.8836%,4,185,189,180,2,2,5
0x7dc102,99.1667%,4,476,480,419,1,3,57
0x64bea0,99.3827%,4,644,648,622,2,2,22
0x7a2473,99.6772%,4,1235,1239,1061,1,3,174
0x827783,99.466%,4,745,749,344,3,1,401
0x64b85a,99.9914%,4,46652,46656,44925,3,1,1727
0x7dc251,99.1667%,4,476,480,420,0,4,56
0x78bd34,99.5833%,4,956,960,839,1,3,117
0x8277f3,99.466%,4,745,749,567,2,2,178
0x83073b,96.1538%,4,100,104,94,2,2,6
0x87464b,99.0741%,4,428,432,423,1,3,5
0x7a346b,99.9641%,4,11147,11151,10737,1,3,410
0x7da81f,96.6667%,4,116,120,58,2,2,58
0x7a1e29,99.0315%,4,409,413,353,1,3,56
0x7dc79d,99.1667%,4,476,480,419,1,3,57
0x872b36,94.8052%,4,73,77,0,0,4,73
0x87d973,99.8745%,4,3182,3186,3126,1,3,56
0x785bf2,96.1538%,4,100,104,95,1,3,5
0x77e5a7,75%,4,12,16,5,3,1,7
0x7a57ca,97.8836%,4,185,189,181,1,3,4
0x7a1236,99.1525%,4,468,472,412,1,3,56
0x8751fc,99.9691%,4,12956,12960,12480,0,4,476
0x77e9e8,99.9846%,4,25916,25920,25440,0,4,476
0x64ea54,99.9753%,4,16196,16200,15597,3,1,599
0x77ccc5,99.9372%,4,6368,6372,6253,1,3,115
0x785993,50%,4,4,8,0,0,4,4
0x87740c,99.0315%,4,409,413,354,0,4,55
0x87d995,99.8745%,4,3182,3186,3126,1,3,56
0x7daf89,99.0476%,4,416,420,359,1,3,57
0x7dc435,99.1667%,4,476,480,419,1,3,57
0x7d88fd,62.5%,3,5,8,5,2,1,0
0x785c1e,81.25%,3,13,16,7,1,2,6
0x7a5dbe,99.3644%,3,469,472,411,2,1,58
0x7d8924,97.1154%,3,101,104,96,0,3,5
0x7dbb21,99.375%,3,477,480,420,0,3,57
0x7d893e,81.25%,3,13,16,6,2,1,7
0x77e934,99.9884%,3,25917,25920,431,1,2,25486
0x77c6a7,99.9529%,3,6369,6372,6254,0,3,115
0x650d19,96.0526%,3,73,76,73,1,2,0
0x78fdcc,99.812%,3,1593,1596,1367,1,2,226
0x7a38b2,99.9058%,3,3183,3186,3127,0,3,56
0x8e408e,99.6739%,3,917,920,0,0,3,917
0x87293c,97.5%,3,117,120,117,1,2,0
0x77eb21,95%,3,57,60,57,2,1,0
0x7a3895,99.9058%,3,3183,3186,3127,0,3,56
0x8e340d,99.781%,3,1367,1370,0,0,3,1367
0x877773,99.3644%,3,469,472,412,1,2,57
0x7a3873,99.9058%,3,3183,3186,3127,0,3,56
0x7d9ac2,97.1154%,3,101,104,96,0,3,5
0x7a38d2,99.9058%,3,3183,3186,3127,0,3,56
0x830a21,99.982%,3,16629,16632,16013,3,0,616
0x8777b8,99.9765%,3,12741,12744,12272,0,3,469
0x77fcd9,99.9519%,3,6237,6240,5759,1,2,478
0x87514d,87.5%,3,21,24,21,0,3,0
0x7a4b69,98.6111%,3,213,216,208,0,3,5
0x7972b1,99.513%,3,613,616,538,1,2,75
0x9773dc,99.9995%,3,550993,550996,550687,2,1,306
0x7d879a,99.8438%,3,1917,1920,1679,1,2,238
0x879250,98.6111%,3,213,216,208,0,3,5
0x87b585,99.9058%,3,3183,3186,3127,0,3,56
0x77f733,99.9941%,3,50888,50891,50888,3,0,0
0x77cced,99.9529%,3,6369,6372,6254,0,3,115
0x9774e2,99.9929%,3,42045,42048,42045,3,0,0
0x77eb43,99.3056%,3,429,432,0,0,3,429
0x879dee,94.4444%,3,51,54,51,2,1,0
0x9773f3,99.9995%,3,550993,550996,550229,1,2,764
0x7dbf64,99.375%,3,477,480,420,0,3,57
0x64b130,99.982%,3,16629,16632,16013,3,0,616
0x91f8bd,99.3603%,3,466,469,4,2,1,462
0x64e571,99.975%,3,12009,12012,11547,3,0,462
0x78dc25,99.9906%,3,31965,31968,30781,3,0,1184
0x77f930,62.5%,3,5,8,5,2,1,0
0x7a5b03,99.3644%,3,469,472,413,0,3,56
0x65f3a3,99.8377%,3,1845,1848,1617,0,3,228
0x87c035,94.9153%,3,56,59,56,2,1,0
0x877b63,99.3644%,3,469,472,412,1,2,57
0x780948,94.9153%,3,56,59,56,2,1,0
0x64aa17,99.9948%,3,57747,57750,57747,3,0,0
0x8727a3,75%,3,9,12,9,1,2,0
0x84802b,99.9149%,3,3522,3525,2857,1,2,665
0x64beb7,87.5%,3,21,24,21,0,3,0
0x77e580,97.1154%,3,101,104,95,1,2,6
0x87a902,99.375%,3,477,480,16,0,3,461
0x77cc27,99.9529%,3,6369,6372,6254,0,3,115
0x7a8939,98.7013%,3,228,231,153,1,2,75
0x64bb88,99.7685%,3,1293,1296,1248,0,3,45
0x961d44,98.6957%,3,227,230,0,0,3,227
0x78c0d2,99.9074%,3,3237,3240,3180,0,3,57
0x78e30f,96.0526%,3,73,76,0,2,1,73
0x796e65,99.982%,3,16629,16632,16014,2,1,615
0x77f7f5,99.9941%,3,50973,50976,50973,1,2,0
0x77d1b1,62.5%,3,5,8,5,2,1,0
0x7858e3,62.5%,3,5,8,0,0,3,5
0x7a3814,99.9058%,3,3183,3186,3127,0,3,56
0x645684,99.6458%,3,844,847,0,0,3,844
0x77e3a3,99.6875%,3,957,960,0,0,3,957
0x78e2ec,99.4361%,3,529,532,456,0,3,73
0x77f845,99.9941%,3,50973,50976,50973,1,2,0
0x7807e0,99.3644%,3,469,472,413,0,3,56
0x665038,98.6111%,3,213,216,207,1,2,6
0x9773cc,99.9995%,3,550993,550996,550687,2,1,306
0x876530,81.25%,3,13,16,7,1,2,6
0x77b647,98.75%,3,237,240,118,2,1,119
0x7a4743,85.7143%,3,18,21,18,0,3,0
0x78be48,99.9884%,3,25917,25920,24960,0,3,957
0x86d97f,98.7013%,3,228,231,227,1,2,1
0x7a30f3,99.3644%,3,469,472,0,0,3,469
0x87c4eb,99.537%,3,645,648,624,0,3,21
0x8794c4,98.6111%,3,213,216,207,1,2,6
0x7d971f,62.5%,3,5,8,5,2,1,0
0x77cc85,99.9529%,3,6369,6372,6254,0,3,115
0x787c0f,99.6875%,3,957,960,840,0,3,117
0x64e904,96.1039%,3,74,77,0,2,1,74
0x6500a2,99.7565%,3,1229,1232,1077,1,2,152
0x86e0d4,98.7013%,3,228,231,154,0,3,74
0x873242,98.6111%,3,213,216,208,0,3,5
0x7dc41a,99.9769%,3,12957,12960,12480,0,3,477
0x961595,99.6739%,3,917,920,77,0,3,840
0x7859b0,62.5%,3,5,8,5,2,1,0
0x651a1f,96.1039%,3,74,77,74,3,0,0
0x87b4f5,99.9058%,3,3183,3186,3126,1,2,57
0x7d7850,99.6667%,3,897,900,0,0,3,897
0x87dec7,94.9153%,3,56,59,56,2,1,0
0x96164d,99.7391%,3,1147,1150,0,0,3,1147
0x64bd43,87.5%,3,21,24,21,0,3,0
0x87c949,98.3051%,3,174,177,174,0,3,0
0x78da1b,99.4932%,3,589,592,517,1,2,72
0x87da33,99.9058%,3,3183,3186,3127,0,3,56
0x7a44c7,87.5%,3,21,24,0,0,3,21
0x65e13e,96.1039%,3,74,77,74,2,1,0
0x87895e,98.1481%,3,159,162,0,0,3,159
0x78b946,99.6875%,3,957,960,0,0,3,957
0x7f929a,99.5192%,3,621,624,587,1,2,34
0x97a6e8,99.9219%,3,3836,3839,1744,1,2,2092
0x87b615,99.9058%,3,3183,3186,3126,1,2,57
0x787b43,99.976%,3,12477,12480,11520,0,3,957
0x876144,95%,3,57,60,57,2,1,0
0x795f3e,99.962%,3,7901,7904,7294,2,1,607
0x7a28aa,99.9765%,3,12741,12744,12272,0,3,469
0x8e3f16,99.9992%,3,361683,361686,0,0,3,361683
0x796fb7,99.982%,3,16629,16632,16016,0,3,613
0x7aa434,96.1039%,3,74,77,0,1,2,74
0x830e44,98.6111%,3,213,216,208,0,3,5
0x77b61e,99.8438%,3,1917,1920,1680,0,3,237
0x785ac1,97.1154%,3,101,104,95,1,2,6
0x78bfa2,99.9074%,3,3237,3240,3180,0,3,57
0x7d4dd8,87.5%,3,21,24,21,0,3,0
0x7975c5,99.982%,3,16629,16632,16016,0,3,613
0x77c037,99.9529%,3,6369,6372,6254,0,3,115
0x7dbe22,99.375%,3,477,480,419,1,2,58
0x77e44c,95%,3,57,60,57,2,1,0
0x827be2,99.7917%,3,1437,1440,1259,1,2,178
0x830966,98.6111%,3,213,216,208,0,3,5
0x77b41d,96.6667%,2,58,60,58,1,1,0
0x8e3503,99.927%,2,2738,2740,1368,2,0,1370
0x7d7439,99.9911%,2,22498,22500,21599,1,1,899
0x78f4f3,99.1228%,2,226,228,152,0,2,74
0x77e23e,98.3333%,2,118,120,0,0,2,118
0x87948b,75%,2,6,8,6,1,1,0
0x780696,99.973%,2,7393,7395,7393,2,0,0
0x960265,99.1342%,2,229,231,0,0,2,229
0x7da03c,75%,2,6,8,6,1,1,0
0x91fb59,99.5614%,2,454,456,454,2,0,0
0x7a5267,99.0385%,2,206,208,200,0,2,6
0x77e5c4,75%,2,6,8,6,1,1,0
0x7da0d5,75%,2,6,8,6,1,1,0
0x87b41f,96.6667%,2,58,60,0,1,1,58
0x7f9694,99.8971%,2,1942,1944,1942,2,0,0
0x663a22,99.6753%,2,614,616,538,1,1,76
0x8e4008,99.7826%,2,918,920,766,0,2,152
0x864e4b,99.5652%,2,458,460,0,0,2,458
0x7a44b4,91.6667%,2,22,24,0,0,2,22
0x7a14a8,99.5763%,2,470,472,0,0,2,470
0x77b599,96.6667%,2,58,60,0,0,2,58
0x785c2d,75%,2,6,8,6,1,1,0
0x879dab,96.2963%,2,52,54,52,1,1,0
0x879ebc,99.5833%,2,478,480,419,1,1,59
0x66439c,97.4026%,2,75,77,0,0,2,75
0x785bb3,75%,2,6,8,0,0,2,6
0x7d4dfc,33.3333%,2,1,3,1,1,1,0
0x80c6c4,97.3684%,2,74,76,66,1,1,8
0x7a47c7,33.3333%,2,1,3,1,1,1,0
0x78efb0,97.3684%,2,74,76,0,2,0,74
0x785aef,87.5%,2,14,16,8,0,2,6
0x97ae5c,99.9451%,2,3641,3643,3641,1,1,0
0x831a32,99.9519%,2,4156,4158,4081,0,2,75
0x7a40fd,75%,2,6,8,6,1,1,0
0x780434,96.6102%,2,57,59,57,1,1,0
0x77b319,96.6667%,2,58,60,0,0,2,58
0x785764,97.3684%,2,74,76,74,1,1,0
0x78d1e2,97.3684%,2,74,76,0,2,0,74
0x785900,75%,2,6,8,6,1,1,0
0x7a5489,75%,2,6,8,6,1,1,0
0x7a4ab5,75%,2,6,8,0,0,2,6
0x86d6b7,97.4026%,2,75,77,0,2,0,75
0x7d85a1,96.6667%,2,58,60,58,1,1,0
0x830e90,97.4026%,2,75,77,75,2,0,0
0x78dd0c,99.9937%,2,31966,31968,30782,2,0,1184
0x5e9603,99.9994%,2,323998,324000,323248,2,0,750
0x7d7918,99.9956%,2,44998,45000,44100,0,2,898
0x977534,99.604%,2,503,505,0,0,2,503
0x664600,99.988%,2,16630,16632,16014,2,0,616
0x812a47,87.5%,2,14,16,14,2,0,0
0x97ace6,88.2353%,2,15,17,15,1,1,0
0x8750d2,96.6667%,2,58,60,58,1,1,0
0x78c062,99.9383%,2,3238,3240,3180,0,2,58
0x7d9987,75%,2,6,8,6,1,1,0
0x7da871,96.6667%,2,58,60,58,1,1,0
0x796bf7,97.4026%,2,75,77,0,0,2,75
0x7d8d85,99.9383%,2,3238,3240,3180,0,2,58
0x8273d8,99.9988%,2,161998,162000,156000,0,2,5998
0x77fd32,96.6667%,2,58,60,58,1,1,0
0x65f10d,33.3333%,2,1,3,1,1,1,0
0x77fdb0,98.0769%,2,102,104,96,0,2,6
0x785f57,75%,2,6,8,6,1,1,0
0x64f8c4,97.4026%,2,75,77,0,0,2,75
0x780a6d,96.6102%,2,57,59,57,1,1,0
0x7a3f3a,96.6667%,2,58,60,58,1,1,0
0x785afe,75%,2,6,8,6,1,1,0
0x6500d4,99.1342%,2,229,231,76,1,1,153
0x64a457,99.982%,2,11086,11088,10163,1,1,923
0x786190,99.6711%,2,606,608,0,0,2,606
0x785e23,75%,2,6,8,0,0,2,6
0x7a5838,96.6667%,2,58,60,0,1,1,58
0x812a38,88.2353%,2,15,17,0,1,1,15
0x7a1191,99.5763%,2,470,472,470,2,0,0
0x665f8c,97.4026%,2,75,77,75,0,2,0
0x7a4e93,75%,2,6,8,6,2,0,0
0x86e3b7,97.4026%,2,75,77,75,0,2,0
0x78f49f,99.8904%,2,1822,1824,1596,0,2,226
0x77fdf9,75%,2,6,8,6,1,1,0
0x7d894d,75%,2,6,8,6,1,1,0
0x7d9ae3,75%,2,6,8,6,1,1,0
0x7d8b41,96.6667%,2,58,60,1,0,2,57
0x78b8b8,98.3333%,2,118,120,118,2,0,0
0x796a83,97.4026%,2,75,77,75,1,1,0
0x64b299,99.988%,2,16630,16632,16015,1,1,615
0x87b8dd,96.6667%,2,58,60,58,1,1,0
0x77ee63,98.8571%,2,173,175,0,0,2,173
0x9600b5,99.8262%,2,1149,1151,0,0,2,1149
0x78b979,99.7917%,2,958,960,0,0,2,958
0x6504c9,97.4026%,2,75,77,75,1,1,0
0x64ef54,97.4026%,2,75,77,1,0,2,74
0x977439,99.9738%,2,7619,7621,0,0,2,7619
0x780163,96.6102%,2,57,59,57,1,1,0
0x879ce5,75%,2,6,8,6,1,1,0
0x7a5c8b,99.5763%,2,470,472,0,0,2,470
0x78c193,99.5833%,2,478,480,0,0,2,478
0x8773cb,99.5157%,2,411,413,0,0,2,411
0x651107,97.4026%,2,75,77,0,0,2,75
0x7a580c,71.4286%,2,5,7,5,1,1,0
0x64b22f,99.6753%,2,614,616,538,1,1,76
0x7d9875,96.2963%,2,52,54,52,1,1,0
0x7d8800,96.6667%,2,58,60,58,1,1,0
0x77c72c,99.9686%,2,6370,6372,6254,0,2,116
0x8276a1,99.9666%,2,5990,5992,5241,2,0,749
0x8309b4,97.4026%,2,75,77,0,0,2,75
0x77f1d5,99.9922%,2,25486,25488,25486,2,0,0
0x7a2b79,99.5763%,2,470,472,0,0,2,470
0x8e5f08,99.6759%,2,615,617,0,0,2,615
0x7a4691,90.4762%,2,19,21,0,0,2,19
0x831c60,97.4026%,2,75,77,75,1,1,0
0x91fb15,99.5614%,2,454,456,0,0,2,454
0x864f86,99.5652%,2,458,460,458,2,0,0
0x97752a,99.604%,2,503,505,0,0,2,503
0x7d89bd,75%,2,6,8,6,1,1,0
0x786442,97.3684%,2,74,76,73,2,0,1
0x95f969,97.3684%,2,74,76,0,0,2,74
0x80dec2,97.3684%,2,74,76,66,1,1,8
0x77ae97,99.5842%,2,479,481,0,0,2,479
0x95f9a8,99.7368%,2,758,760,76,0,2,682
0x8d02cb,98.5401%,2,135,137,0,0,2,135
0x7d97e1,96.2963%,2,52,54,52,1,1,0
0x875997,75%,2,6,8,6,1,1,0
0x876310,75%,2,6,8,6,1,1,0
0x87d9e5,99.9372%,2,3184,3186,3127,0,2,57
0x8e3e07,99.854%,2,1368,1370,0,0,2,1368
0x7d9487,75%,2,6,8,6,1,1,0
0x797404,97.4026%,2,75,77,0,0,2,75
0x879d89,96.2963%,2,52,54,52,1,1,0
0x87da13,99.9372%,2,3184,3186,3127,0,2,57
0x7a1b0a,99.5763%,2,470,472,470,2,0,0
0x77f449,98.6395%,2,145,147,0,0,2,145
0x7d937b,96.2963%,2,52,54,52,1,1,0
0x7d939b,96.2963%,2,52,54,52,1,1,0
0x830e54,75%,2,6,8,6,1,1,0
0x92a998,71.4286%,2,5,7,0,0,2,5
0x86505b,99.5652%,2,458,460,0,0,2,458
0x8e7ae3,99.6759%,2,615,617,0,0,2,615
0x8e3edf,99.7214%,2,716,718,0,0,2,716
0x87680e,96.6667%,2,58,60,58,1,1,0
0x7d983e,96.2963%,2,52,54,52,1,1,0
0x7d81ce,99.1342%,2,229,231,154,0,2,75
0x77ec38,75%,2,6,8,6,1,1,0
0x65f05e,97.4026%,2,75,77,75,1,1,0
0x8732f9,96.6667%,2,58,60,0,1,1,58
0x7a2c5d,99.5763%,2,470,472,413,0,2,57
0x87653d,75%,2,6,8,6,1,1,0
0x665fc1,0%,2,0,2,0,2,0,0
0x77f21b,96.6102%,2,57,59,57,1,1,0
0x9774b8,99.9959%,2,49054,49056,7007,1,1,42047
0x77f9fe,96.6667%,2,58,60,58,1,1,0
0x65f7fd,97.4026%,2,75,77,75,1,1,0
0x7d981f,96.2963%,2,52,54,52,1,1,0
0x7d92d7,96.2963%,2,52,54,52,1,1,0
0x825e86,99.9667%,2,5998,6000,5250,0,2,748
0x876445,75%,2,6,8,6,1,1,0
0x865100,99.5652%,2,458,460,458,2,0,0
0x7d884c,75%,2,6,8,6,1,1,0
0x791594,99.991%,2,22198,22200,21311,1,1,887
0x77b39e,99.8958%,2,1918,1920,1680,0,2,238
0x879ecf,96.6667%,2,58,60,58,1,1,0
0x7a14b3,99.5763%,2,470,472,0,0,2,470
0x650c22,97.4026%,2,75,77,75,1,1,0
0x87930f,75%,2,6,8,6,1,1,0
0x7964f9,99.6753%,2,614,616,537,2,0,77
0x80c6a2,97.4026%,2,75,77,0,1,1,75
0x7d9ef2,96.2963%,2,52,54,52,1,1,0
0x77fab8,99.2593%,2,268,270,268,2,0,0
0x77fae2,75%,2,6,8,6,1,1,0
0x879dc9,96.2963%,2,52,54,52,1,1,0
0x872c12,99.1342%,2,229,231,153,1,1,76
0x91f7c2,99.5736%,2,467,469,455,1,1,12
0x83097a,75%,2,6,8,6,1,1,0
0x77c2f9,99.9961%,2,50974,50976,50032,0,2,942
0x879d09,96.2963%,2,52,54,52,1,1,0
0x7887da,99.8958%,2,1918,1920,960,0,2,958
0x7d4cbf,97.4026%,2,75,77,75,1,1,0
0x878ab3,96.6102%,2,57,59,57,1,1,0
0x7d988d,96.2963%,2,52,54,52,1,1,0
0x7d9c88,98.7654%,2,160,162,0,0,2,160
0x7f9777,99.8918%,2,1846,1848,1846,2,0,0
0x77c5f0,99.3827%,2,322,324,0,0,2,322
0x64a3c1,99.7835%,2,922,924,0,0,2,922
0x7d84e6,98.3333%,2,118,120,0,0,2,118
0x96184b,99.1304%,2,228,230,0,0,2,228
0x83075e,75%,2,6,8,6,1,1,0
0x7d92b8,96.2963%,2,52,54,52,1,1,0
0x77ef2a,99.9921%,2,25407,25409,25407,2,0,0
0x830e05,97.4026%,2,75,77,75,1,1,0
0x77f794,99.9961%,2,50974,50976,50974,0,2,0
0x8756f4,96.6667%,2,58,60,58,1,1,0
0x788600,98.3333%,2,118,120,0,0,2,118
0x8e4020,99.9067%,2,2141,2143,2141,2,0,0
0x787ca3,98.3333%,2,118,120,118,0,2,0
0x77fdc8,87.5%,2,14,16,1,2,0,13
0x9636a7,99.8261%,2,1148,1150,0,0,2,1148
0x9615b5,99.7628%,2,841,843,0,0,2,841
0x66df51,0%,2,0,2,0,0,2,0
0x87a8a5,96.6667%,2,58,60,0,0,2,58
0x77f51d,96.875%,2,62,64,62,1,1,0
0x7db432,96.6667%,2,58,60,58,1,1,0
0x66df59,0%,2,0,2,0,2,0,0
0x87a046,96.6667%,2,58,60,58,1,1,0
0x83074e,87.5%,2,14,16,8,0,2,6
0x65ec04,99.8918%,2,1846,1848,1616,1,1,230
0x8e3b9f,99.854%,2,1368,1370,0,0,2,1368
0x77ebda,98.7654%,2,160,162,160,2,0,0
0x77e2f3,99.7917%,2,958,960,0,0,2,958
0x865027,99.7826%,1,459,460,0,0,1,459
0x78c59c,66.6667%,1,2,3,2,0,1,0
0x77b37d,99.5833%,1,239,240,0,0,1,239
0x8797c4,98.3333%,1,59,60,0,0,1,59
0x664ec6,98.7013%,1,76,77,76,0,1,0
0x5416e1,99.7826%,1,459,460,0,0,1,459
0x664c09,99.8377%,1,615,616,538,1,0,77
0x7d4dbd,66.6667%,1,2,3,0,0,1,2
0x7a4562,95.8333%,1,23,24,0,0,1,23
0x831972,99.9759%,1,4157,4158,4080,1,0,77
0x6656b2,98.7013%,1,76,77,0,0,1,76
0x77b69d,98.3333%,1,59,60,59,0,1,0
0x7da0af,99.3827%,1,161,162,161,1,0,0
0x7a17c3,99.7881%,1,471,472,0,0,1,471
0x78c561,95.8333%,1,23,24,0,0,1,23
0x7dc45e,98.3333%,1,59,60,0,0,1,59
0x86ed3e,98.3333%,1,59,60,59,0,1,0
0x797c1c,98.7013%,1,76,77,0,0,1,76
0x796132,98.7013%,1,76,77,0,0,1,76
0x7a4f5d,87.5%,1,7,8,7,0,1,0
0x650f1b,99.6753%,1,307,308,0,0,1,307
0x7da7d2,99.7908%,1,477,478,477,1,0,0
0x8e3edb,99.9771%,1,4360,4361,3643,0,1,717
0x7da3c1,99.7908%,1,477,478,477,1,0,0
0x7968bd,99.8377%,1,615,616,0,0,1,615
0x7a4e74,87.5%,1,7,8,0,0,1,7
0x650429,98.7013%,1,76,77,76,1,0,0
0x7a87da,98.6842%,1,75,76,75,0,1,0
0x7a4e5e,87.5%,1,7,8,0,0,1,7
0x7d5a22,99.5671%,1,230,231,154,0,1,76
0x78ec6d,99.9937%,1,15807,15808,15200,0,1,607
0x7a5f21,98.3051%,1,58,59,58,1,0,0
0x7a5748,85.7143%,1,6,7,6,1,0,0
0x78c488,0%,1,0,1,0,0,1,0
0x78c2fc,98.3333%,1,59,60,59,0,1,0
0x875831,87.5%,1,7,8,7,0,1,0
0x7a5a6a,99.7881%,1,471,472,0,0,1,471
0x7a469b,95.2381%,1,20,21,0,0,1,20
0x787938,99.1667%,1,119,120,0,0,1,119
0x78c3b3,87.5%,1,7,8,7,0,1,0
0x786992,0%,1,0,1,0,0,1,0
0x665a62,98.7013%,1,76,77,76,1,0,0
0x92a9a2,85.7143%,1,6,7,6,1,0,0
0x65f11a,0%,1,0,1,0,1,0,0
0x876226,87.5%,1,7,8,7,0,1,0
0x7f93bc,99.9459%,1,1847,1848,0,0,1,1847
0x77d938,99.7921%,1,480,481,480,1,0,0
0x786963,98.3333%,1,59,60,59,0,1,0
0x91f919,99.7868%,1,468,469,455,1,0,13
0x91f886,99.7868%,1,468,469,468,1,0,0
0x91f837,99.7868%,1,468,469,0,0,1,468
0x879686,98.3051%,1,58,59,58,1,0,0
0x8480e2,99.9811%,1,5303,5304,5303,1,0,0
0x66574e,99.8377%,1,615,616,538,1,0,77
0x87cf53,0%,1,0,1,0,1,0,0
0x87893d,99.3827%,1,161,162,0,0,1,161
0x878ac0,0%,1,0,1,0,1,0,0
0x878059,98.3051%,1,58,59,0,0,1,58
0x87b72b,98.3333%,1,59,60,0,0,1,59
0x7d9b2b,87.5%,1,7,8,7,0,1,0
0x7a33d9,99.7579%,1,412,413,0,0,1,412
0x87b78d,98.3333%,1,59,60,0,0,1,59
0x7886b3,99.8958%,1,959,960,0,0,1,959
0x787a2a,99.8958%,1,959,960,0,0,1,959
0x78f181,99.9937%,1,15983,15984,15392,0,1,591
0x7d4da0,66.6667%,1,2,3,0,0,1,2
0x7d9e95,98.1481%,1,53,54,53,0,1,0
0x796b58,0%,1,0,1,0,0,1,0
0x87dbe2,98.3051%,1,58,59,58,0,1,0
0x872717,99.4792%,1,191,192,191,1,0,0
0x7d9eb4,98.1481%,1,53,54,53,0,1,0
0x7d8518,99.9479%,1,1919,1920,0,0,1,1919
0x7d956f,87.5%,1,7,8,7,0,1,0
0x879f24,0%,1,0,1,0,0,1,0
0x87a008,99.7917%,1,479,480,0,0,1,479
0x86ec95,98.3333%,1,59,60,59,0,1,0
0x831eb5,87.5%,1,7,8,7,0,1,0
0x7d9e57,98.1481%,1,53,54,53,0,1,0
0x7d9e03,87.5%,1,7,8,7,0,1,0
0x87ce40,66.6667%,1,2,3,2,0,1,0
0x7d8710,98.3333%,1,59,60,0,0,1,59
0x8723c9,0%,1,0,1,0,1,0,0
0x872141,50%,1,1,2,0,1,0,1
0x7d9dbf,98.3051%,1,58,59,58,0,1,0
0x664f1f,98.7013%,1,76,77,76,0,1,0
0x8fa052,99.9831%,1,5901,5902,5901,1,0,0
0x7d92fd,98.1481%,1,53,54,53,0,1,0
0x785bfa,87.5%,1,7,8,0,0,1,7
0x7d932c,98.1481%,1,53,54,53,0,1,0
0x8e5eea,99.8379%,1,616,617,0,0,1,616
0x7d9353,98.1481%,1,53,54,53,0,1,0
0x7d876b,99.5833%,1,239,240,0,0,1,239
0x7d9434,87.5%,1,7,8,7,0,1,0
0x8fa048,99.9831%,1,5901,5902,0,0,1,5901
0x8745cd,87.5%,1,7,8,7,0,1,0
0x7d9265,87.5%,1,7,8,7,0,1,0
0x87ba71,0%,1,0,1,0,0,1,0
0x7d96bd,87.5%,1,7,8,7,0,1,0
0x87acaa,98.3333%,1,59,60,59,1,0,0
0x7d9637,87.5%,1,7,8,7,0,1,0
0x8cff47,99.8913%,1,919,920,0,0,1,919
0x92a996,85.7143%,1,6,7,0,0,1,6
0x911306,85.7143%,1,6,7,0,0,1,6
0x7d950d,87.5%,1,7,8,7,0,1,0
0x87681e,0%,1,0,1,0,1,0,0
0x87746e,98.3051%,1,58,59,58,1,0,0
0x7dc278,98.3333%,1,59,60,0,0,1,59
0x80c636,0%,1,0,1,0,1,0,0
0x87ba34,0%,1,0,1,0,0,1,0
0x87324f,87.5%,1,7,8,7,0,1,0
0x785922,0%,1,0,1,0,0,1,0
0x8e35e6,99.927%,1,1369,1370,0,0,1,1369
0x7d9ad3,93.75%,1,15,16,8,0,1,7
0x87bbe7,98.3051%,1,58,59,0,0,1,58
0x796b4a,0%,1,0,1,0,0,1,0
0x64ef5e,98.6842%,1,75,76,0,0,1,75
0x7d98b8,98.1481%,1,53,54,53,0,1,0
0x78dd97,99.3243%,1,147,148,73,1,0,74
0x7d985d,98.1481%,1,53,54,53,0,1,0
0x872aeb,98.3333%,1,59,60,59,0,1,0
0x6656bf,98.7013%,1,76,77,0,0,1,76
0x64bf18,99.998%,1,49247,49248,47424,0,1,1823
0x65e724,99.9459%,1,1847,1848,1616,1,0,231
0x91fead,99.6296%,1,269,270,0,0,1,269
0x87cf03,99.7685%,1,431,432,431,1,0,0
0x86daf1,99.5671%,1,230,231,230,1,0,0
0x873f39,99.7807%,1,455,456,455,1,0,0
0x864fde,99.7826%,1,459,460,0,0,1,459
0x793365,99.8874%,1,887,888,666,0,1,221
0x796b02,0%,1,0,1,0,0,1,0
0x7dbbdb,99.5833%,1,239,240,0,0,1,239
0x872880,99.8611%,1,719,720,0,0,1,719
0x7a5383,87.5%,1,7,8,0,0,1,7
0x874735,98.3333%,1,59,60,0,0,1,59
0x8757b0,87.5%,1,7,8,7,0,1,0
0x794eb3,99.812%,1,531,532,456,0,1,75
0x831ef0,0%,1,0,1,0,1,0,0
0x7d690e,83.3333%,1,5,6,0,0,1,5
0x77e185,99.1667%,1,119,120,0,0,1,119
0x7f92dd,91.6667%,1,11,12,5,1,0,6
0x879d49,98.1481%,1,53,54,53,0,1,0
0x87515d,66.6667%,1,2,3,2,0,1,0
0x78e631,99.9452%,1,1823,1824,1596,0,1,227
0x645813,99.8819%,1,846,847,0,0,1,846
0x7dc621,98.3333%,1,59,60,0,0,1,59
0x78ddaf,98.6842%,1,75,76,0,0,1,75
0x7a33bf,99.7579%,1,412,413,0,0,1,412
0x87b6fd,98.3333%,1,59,60,0,0,1,59
0x91f820,99.7868%,1,468,469,0,0,1,468
0x7db209,98.3333%,1,59,60,0,0,1,59
0x7a4189,85.7143%,1,6,7,6,0,1,0
0x87db42,98.3051%,1,58,59,0,0,1,58
0x7d9800,98.1481%,1,53,54,53,0,1,0
0x77bf31,99.6914%,1,323,324,0,0,1,323
0x78e67d,98.6842%,1,75,76,75,1,0,0
0x77cbba,99.3976%,1,165,166,165,1,0,0
0x7975d2,99.8377%,1,615,616,538,1,0,77
0x65f811,0%,1,0,1,0,0,1,0
0x872308,50%,1,1,2,0,1,0,1
0x78fd81,99.9977%,1,43091,43092,41496,0,1,1595
0x7dbc78,98.3333%,1,59,60,0,0,1,59
0x77b16b,98.3333%,1,59,60,59,0,1,0
0x80c4fe,98.7013%,1,76,77,0,0,1,76
0x86e3e3,50%,1,1,2,1,1,0,0
0x86e44c,50%,1,1,2,0,0,1,1
0x77e368,99.1667%,1,119,120,0,0,1,119
0x78a3d6,98.3333%,1,59,60,59,0,1,0
0x7d95e3,87.5%,1,7,8,7,0,1,0
0x8731ae,98.3871%,1,61,62,61,0,1,0
0x7a5388,87.5%,1,7,8,7,1,0,0
0x8795d3,98.3333%,1,59,60,0,1,0,59
0x7a3672,99.7881%,1,471,472,471,1,0,0
0x86eca3,0%,1,0,1,0,0,1,0
0x796a9e,0%,1,0,1,0,0,1,0
0x879c32,98.3333%,1,59,60,59,0,1,0
0x7861d8,99.8355%,1,607,608,607,1,0,0
0x879c47,0%,1,0,1,0,0,1,0
0x7a14cf,99.7881%,1,471,472,471,1,0,0
0x7d9f30,98.1481%,1,53,54,53,0,1,0
0x879d2b,98.1481%,1,53,54,53,0,1,0
0x649c56,99.5671%,1,230,231,0,0,1,230
0x64f876,99.8377%,1,615,616,538,1,0,77
0x77d113,98.3051%,1,58,59,58,0,1,0
0x77d22a,99.3827%,1,161,162,0,0,1,161
0x8723c0,50%,1,1,2,0,1,0,1
0x77d268,87.5%,1,7,8,7,0,1,0
0x95faeb,99.8684%,1,759,760,684,0,1,75
0x796a72,98.7013%,1,76,77,0,0,1,76
0x86ebf8,0%,1,0,1,0,0,1,0
0x91fef8,99.7807%,1,455,456,455,1,0,0
0x7a1ade,99.7881%,1,471,472,0,0,1,471
0x7d9a92,87.5%,1,7,8,7,0,1,0
0x65f06b,0%,1,0,1,0,0,1,0
0x7d8746,99.1667%,1,119,120,0,0,1,119
0x961673,99.5652%,1,229,230,0,0,1,229
0x874244,87.5%,1,7,8,7,0,1,0
0x8794db,87.5%,1,7,8,7,0,1,0
0x874535,87.5%,1,7,8,7,0,1,0
0x80c628,98.7013%,1,76,77,76,0,1,0
0x77fa78,87.5%,1,7,8,7,0,1,0
0x7a5729,85.7143%,1,6,7,0,0,1,6
0x7936da,99.8874%,1,887,888,0,0,1,887
0x91fb45,99.7807%,1,455,456,455,1,0,0
0x77e208,99.1667%,1,119,120,0,0,1,119
0x786a66,0%,1,0,1,0,1,0,0
0x7db428,98.3333%,1,59,60,0,0,1,59
0x7a4030,87.5%,1,7,8,7,0,1,0
0x64f7f5,99.8377%,1,615,616,539,0,1,76
0x8730fd,99.9963%,1,26783,26784,26783,1,0,0
0x64bf9c,99.998%,1,49247,49248,47423,1,0,1824
0x961684,99.5652%,1,229,230,0,0,1,229
0x785c55,0%,1,0,1,0,0,1,0
0x979848,99.9771%,1,4360,4361,0,0,1,4360
0x788793,99.8958%,1,959,960,0,0,1,959
0x86ebd5,98.3333%,1,59,60,59,0,1,0
0x7869ea,0%,1,0,1,0,0,1,0
0x78051e,99.3827%,1,161,162,0,0,1,161
0x786a4f,0%,1,0,1,0,0,1,0
0x7805f8,98.3051%,1,58,59,58,0,1,0
0x87c800,99.9294%,1,1415,1416,0,0,1,1415
0x8e35c6,99.927%,1,1369,1370,547,1,0,822
0x77f004,99.9961%,1,25487,25488,25487,1,0,0
0x787af8,99.8958%,1,959,960,0,0,1,959
0x86ecb0,0%,1,0,1,0,0,1,0
0x96017e,99.8913%,1,919,920,919,1,0,0
0x79184e,99.8874%,1,887,888,665,1,0,222
0x797a3d,98.7013%,1,76,77,0,0,1,76
0x6650a2,87.5%,1,7,8,7,0,1,0
0x65008e,99.997%,1,33263,33264,32032,0,1,1231
0x7da72e,99.7908%,1,477,478,477,1,0,0
0x786e03,0%,1,0,1,0,1,0,0
0x65150d,98.7013%,1,76,77,76,1,0,0
0x785a83,87.5%,1,7,8,0,0,1,7
0x796ca5,98.7013%,1,76,77,0,0,1,76
0x91fa6f,99.7868%,1,468,469,0,0,1,468
0x878ee7,0%,1,0,1,0,0,1,0
0x786297,99.8355%,1,607,608,532,0,1,75
0x7dc81c,98.3333%,1,59,60,59,0,1,0
0x87294f,50%,1,1,2,0,1,0,1
0x797a11,99.8377%,1,615,616,539,0,1,76
0x7a21f9,99.9294%,1,1415,1416,0,0,1,1415
0x879ee9,0%,1,0,1,0,0,1,0
0x650e2b,99.6667%,1,299,300,0,0,1,299
0x7808b4,98.3051%,1,58,59,58,0,1,0
0x86506f,99.7826%,1,459,460,0,0,1,459
0x912898,85.7143%,1,6,7,6,1,0,0
0x650eae,98.7013%,1,76,77,0,0,1,76
0x7d9f11,98.1481%,1,53,54,53,0,1,0
0x77fcfd,99.8958%,1,959,960,480,0,1,479
0x785b1b,0%,1,0,1,0,0,1,0
0x8cff5d,99.8913%,1,919,920,0,0,1,919
0x786d2b,0%,1,0,1,0,0,1,0
0x788869,50%,1,1,2,1,0,1,0
0x8e5f17,99.8379%,1,616,617,0,0,1,616
0x77fa4c,99.3827%,1,161,162,161,1,0,0
0x78c3d5,0%,1,0,1,0,0,1,0
0x77fe4c,87.5%,1,7,8,7,0,1,0
0x64f986,99.8377%,1,615,616,615,1,0,0
0x7d9de5,99.7685%,1,431,432,0,0,1,431
0x96b7d2,99.9982%,1,55547,55548,55547,1,0,0
0x7869a3,0%,1,0,1,0,0,1,0
0x8d02f7,99.2701%,1,136,137,0,0,1,136
0x87cf4a,87.5%,1,7,8,7,0,1,0
0x878f08,0%,1,0,1,0,1,0,0
0x7801b3,87.5%,1,7,8,7,0,1,0
0x872310,0%,1,0,1,0,1,0,0
0x65f7ea,98.7013%,1,76,77,0,0,1,76
0x8d0348,99.635%,1,273,274,136,1,0,137
0x797df9,98.7013%,1,76,77,0,0,1,76
0x8fa2d6,99.7868%,1,468,469,0,0,1,468
0x77ffbb,0%,1,0,1,0,0,1,0
0x64a4c4,99.9459%,1,1847,1848,924,0,1,923
0x6636b8,99.994%,1,16631,16632,16015,1,0,616
0x64ea9d,98.6667%,1,74,75,74,1,0,0
0x9774f8,99.9857%,1,7007,7008,7007,1,0,0
0x797a04,99.994%,1,16631,16632,16015,1,0,616
0x87609d,98.3051%,1,58,59,58,0,1,0
0x97ae45,93.75%,1,15,16,15,1,0,0
0x77fcb6,99.7917%,1,479,480,0,0,1,479
0x7879f3,99.8958%,1,959,960,0,0,1,959
0x7d93bb,98.1481%,1,53,54,53,0,1,0
0x963710,99.913%,1,1149,1150,0,0,1,1149
0x7869a8,0%,1,0,1,0,0,1,0
0x872223,0%,1,0,1,0,0,1,0
0x7978b5,99.994%,1,16631,16632,16016,0,1,615
0x8e3874,99.9979%,1,48771,48772,48771,1,0,0
0x64b748,99.9979%,1,46655,46656,44927,1,0,1728
0x77fab6,99.6296%,1,269,270,0,0,1,269
0x77e2e0,99.1667%,1,119,120,0,0,1,119
0x7964d3,99.9188%,1,1231,1232,616,0,1,615
0x6651b8,98.7013%,1,76,77,76,1,0,0
0x7d9ed3,98.1481%,1,53,54,53,0,1,0
0x77fb0e,87.5%,1,7,8,7,0,1,0
0x7dc60f,98.3333%,1,59,60,0,0,1,59
0x7a8886,98.7013%,1,76,77,76,0,1,0
0x785f26,93.75%,1,15,16,7,1,0,8
0x785850,87.5%,1,7,8,7,0,1,0
0x86ebeb,0%,1,0,1,0,0,1,0
0x8fa329,99.7868%,1,468,469,468,1,0,0
0x785f75,98.6842%,1,75,76,0,0,1,75
0x8e3717,99.9979%,1,48771,48772,48771,1,0,0
0x7869f8,0%,1,0,1,0,0,1,0
0x7800ac,0%,1,0,1,0,1,0,0
0x64e9a5,99.9938%,1,16199,16200,15600,0,1,599
0x7d560c,99.9979%,1,48047,48048,46199,1,0,1848
0x64ffe2,99.9188%,1,1231,1232,1077,1,0,154
0x7a116a,99.7881%,1,471,472,0,0,1,471
0x7db3ff,98.3333%,1,59,60,0,0,1,59
0x827a69,99.8665%,1,748,749,569,0,1,179
0x64fa02,99.8377%,1,615,616,538,1,0,77
0x9636bb,99.913%,1,1149,1150,1149,1,0,0
0x64e74c,99.7835%,1,461,462,384,1,0,77
0x78b99e,99.9479%,1,1919,1920,960,0,1,959
0x7a220c,99.9294%,1,1415,1416,0,0,1,1415
0x7a21de,99.9294%,1,1415,1416,1415,1,0,0
0x796072,98.7013%,1,76,77,0,0,1,76
0x91fb53,99.7807%,1,455,456,0,0,1,455
0x77eb61,87.5%,1,7,8,7,0,1,0
0x664be0,99.994%,1,16631,16632,16016,0,1,615
0x77fc92,98.3333%,1,59,60,0,0,1,59
0x7d59ff,99.9382%,1,1616,1617,1385,1,0,231
0x7d9a42,87.5%,1,7,8,7,0,1,0
0x786d26,0%,1,0,1,0,0,1,0
0x78adec,99.1667%,1,119,120,0,0,1,119
0x7d9fec,87.5%,1,7,8,7,0,1,0
0x8e4077,99.8913%,1,919,920,0,0,1,919
0x64be31,99.5671%,1,230,231,227,1,0,3
0x83081a,99.1667%,1,119,120,119,0,1,0
0x64575a,99.9705%,1,3387,3388,2540,1,0,847
0x786cfe,0%,1,0,1,0,1,0,0
0x80c510,98.7013%,1,76,77,0,0,1,76
0x785e98,87.5%,1,7,8,0,0,1,7
0x77fce3,99.7917%,1,479,480,0,0,1,479
0x65f7f3,98.7013%,1,76,77,0,0,1,76
0x873d73,98.3333%,1,59,60,59,0,1,0
0x963d0a,99.9131%,1,1150,1151,0,0,1,1150
0x7859d5,0%,1,0,1,0,1,0,0
0x8e5f2a,99.8379%,1,616,617,0,0,1,616
0x7a8a1c,98.7013%,1,76,77,0,0,1,76
0x92a7d1,99.9828%,1,5820,5821,0,0,1,5820
0x788312,0%,1,0,1,0,0,1,0
0x7a4ac0,87.5%,1,7,8,0,0,1,7
0x663756,98.7013%,1,76,77,76,1,0,0
0x960109,99.8913%,1,919,920,919,1,0,0
0x77b1c6,0%,1,0,1,0,0,1,0
0x9600ad,99.9131%,1,1150,1151,0,0,1,1150
0x65ebf7,99.998%,1,49895,49896,48047,1,0,1848
0x77fba2,0%,1,0,1,0,0,1,0
0x7a3061,99.7881%,1,471,472,471,1,0,0
0x7a3054,99.7881%,1,471,472,0,0,1,471
0x847f6e,99.9728%,1,3678,3679,3678,1,0,0
0x7a3037,99.7881%,1,471,472,0,0,1,471
0x7a2b84,99.7881%,1,471,472,0,0,1,471
0x7a2b6e,99.7881%,1,471,472,0,0,1,471
0x785ef1,87.5%,1,7,8,0,0,1,7
0x78bc96,99.8958%,1,959,960,959,1,0,0
0x7a281b,99.7881%,1,471,472,0,0,1,471
0x792eaa,99.8874%,1,887,888,0,0,1,887
0x7a2805,99.7881%,1,471,472,0,0,1,471
0x78bdce,99.8958%,1,959,960,0,0,1,959
0x87a0f7,98.3333%,1,59,60,59,1,0,0
0x79698b,99.8377%,1,615,616,0,0,1,615
0x8e3404,99.927%,1,1369,1370,0,0,1,1369
0x8e38e1,99.927%,1,1369,1370,548,0,1,821
0x8e7b61,99.8379%,1,616,617,0,0,1,616
0x7d6aa7,99.5556%,1,224,225,224,1,0,0
0x7db2c2,99.5833%,1,239,240,0,0,1,239
0x78bc83,99.8958%,1,959,960,0,0,1,959
0x795c1f,98.6842%,1,75,76,0,0,1,75
0x7a36c1,99.7881%,1,471,472,471,1,0,0
0x77fca3,99.7917%,1,479,480,0,0,1,479
0x797155,99.994%,1,16631,16632,16016,0,1,615
0x97a68d,99.2701%,1,136,137,0,0,1,136
0x64ae4c,98.7013%,1,76,77,76,1,0,0
0x77ef38,98.7342%,1,78,79,0,0,1,78
0x787cdb,50%,1,1,2,1,0,1,0
0x797bea,99.994%,1,16631,16632,16016,0,1,615
0x80dea0,98.7013%,1,76,77,0,1,0,76
0x9600c5,99.9131%,1,1150,1151,230,1,0,920
0x872c1b,98.7013%,1,76,77,0,0,1,76
0x827707,99.9833%,1,5991,5992,5242,1,0,749
0x8d0316,99.635%,1,273,274,0,0,1,273
0x95fa0d,98.6842%,1,75,76,75,1,0,0
0x787af0,99.8958%,1,959,960,0,0,1,959
0x87aaa3,98.3333%,1,59,60,0,1,0,59
0x8e3686,99.9979%,1,48771,48772,16987,1,0,31784
0x879274,87.5%,1,7,8,7,0,1,0
0x80dc46,98.7013%,1,76,77,0,0,1,76
0x64f419,98.7013%,1,76,77,0,0,1,76
0x77f8a4,98.4375%,1,63,64,63,0,1,0
0x77f8f7,98.3051%,1,58,59,58,0,1,0
0x77f912,99.7685%,1,431,432,0,0,1,431
0x864e46,99.7826%,1,459,460,0,0,1,459
0x874658,87.5%,1,7,8,7,0,1,0
0x8fa2e0,99.7868%,1,468,469,468,1,0,0
0x78a6b5,99.1667%,1,119,120,119,1,0,0
0x961b67,99.5652%,1,229,230,229,1,0,0
0x7a5f61,98.3333%,1,59,60,59,0,1,0
0x7d9221,98.3333%,1,59,60,59,0,1,0
0x848218,99.8377%,1,615,616,539,0,1,76
0x791898,83.3333%,1,5,6,0,0,1,5
0x7a4bb5,87.5%,1,7,8,7,0,1,0
0x8e33f6,99.927%,1,1369,1370,0,0,1,1369
0x7857c7,0%,1,0,1,0,0,1,0
0x77f104,99.9961%,1,25487,25488,25487,1,0,0
0x7a4aea,87.5%,1,7,8,7,1,0,0
0x7d9e76,98.1481%,1,53,54,53,0,1,0
0x960210,99.5671%,1,230,231,0,0,1,230
0x786cee,0%,1,0,1,0,0,1,0
0x831942,99.9759%,1,4157,4158,4081,0,1,76
0x78c466,87.5%,1,7,8,7,0,1,0
0x8d034a,99.2701%,1,136,137,136,1,0,0
0x87214d,0%,1,0,1,0,0,1,0
0x797416,98.7013%,1,76,77,0,0,1,76
0x77efbc,98.7342%,1,78,79,0,0,1,78
0x7f92fd,100%,0,12,12,12,0,0,0
0x64ec1a,100%,0,75,75,75,0,0,0
0x9617a6,100%,0,306,306,0,0,0,306
0x64adb8,100%,0,1155,1155,924,0,0,231
0x91f814,100%,0,469,469,0,0,0,469
0x7a33f8,100%,0,413,413,413,0,0,0
0x878c17,100%,0,1,1,1,0,0,0
0x878957,100%,0,162,162,0,0,0,162
0x6502af,100%,0,154,154,0,0,0,154
0x91f7fa,100%,0,469,469,0,0,0,469
0x91fb29,100%,0,456,456,456,0,0,0
0x790f9c,100%,0,222,222,0,0,0,222
0x664629,100%,0,616,616,539,0,0,77
0x64b2b7,100%,0,616,616,539,0,0,77
0x77faf1,100%,0,432,432,0,0,0,432
0x7dc38d,100%,0,60,60,60,0,0,0
0x8276f0,100%,0,161784,161784,155792,0,0,5992
0x961bad,100%,0,843,843,843,0,0,0
0x8fa07a,100%,0,7,7,0,0,0,7
0x785e50,100%,0,8,8,0,0,0,8
0x8fa083,100%,0,7,7,0,0,0,7
0x95faae,100%,0,76,76,0,0,0,76
0x961dac,100%,0,230,230,0,0,0,230
0x9128c4,100%,0,7,7,7,0,0,0
0x8e5f24,100%,0,617,617,0,0,0,617
0x64a271,100%,0,231,231,231,0,0,0
0x8e3e3b,100%,0,2740,2740,1370,0,0,1370
0x7a2ba3,100%,0,472,472,472,0,0,0
0x8129f1,100%,0,3490,3490,3490,0,0,0
0x9617b7,100%,0,306,306,306,0,0,0
0x7db535,100%,0,60,60,0,0,0,60
0x8e3459,100%,0,1370,1370,0,0,0,1370
0x830a55,100%,0,77,77,77,0,0,0
0x875177,100%,0,60,60,0,0,0,60
0x8761c6,100%,0,1,1,0,0,0,1
0x663a56,100%,0,77,77,77,0,0,0
0x7d9730,100%,0,1,1,1,0,0,0
0x7db474,100%,0,60,60,0,0,0,60
0x7dbb48,100%,0,60,60,0,0,0,60
0x961dd6,100%,0,230,230,230,0,0,0
0x963707,100%,0,1150,1150,0,0,0,1150
0x796582,100%,0,77,77,0,0,0,77
0x79695e,100%,0,8008,8008,7392,0,0,616
0x8e5f37,100%,0,617,617,617,0,0,0
0x92a64f,100%,0,5902,5902,0,0,0,5902
0x7f9599,100%,0,1848,1848,0,0,0,1848
0x80db69,100%,0,77,77,77,0,0,0
0x77f53a,100%,0,1,1,0,0,0,1
0x7d7667,100%,0,900,900,675,0,0,225
0x796a64,100%,0,77,77,0,0,0,77
0x65074f,100%,0,77,77,77,0,0,0
0x848176,100%,0,77,77,0,0,0,77
0x796cb7,100%,0,77,77,0,0,0,77
0x797717,100%,0,16632,16632,16016,0,0,616
0x7d7987,100%,0,231,231,0,0,0,231
0x6f4655,100%,0,77,77,77,0,0,0
0x77f054,100%,0,25488,25488,25488,0,0,0
0x77f0b4,100%,0,25488,25488,25488,0,0,0
0x78c5a5,100%,0,1,1,0,0,0,1
0x8773f7,100%,0,413,413,0,0,0,413
0x91fb1b,100%,0,456,456,0,0,0,456
0x65e734,100%,0,231,231,154,0,0,77
0x6456c6,100%,0,847,847,0,0,0,847
0x64aca1,100%,0,1155,1155,0,0,0,1155
0x8306a1,100%,0,137,137,1,0,0,136
0x97a411,100%,0,77,77,0,0,0,77
0x8773e1,100%,0,413,413,0,0,0,413
0x64d834,100%,0,77,77,77,0,0,0
0x64e291,100%,0,462,462,0,0,0,462
0x827760,100%,0,49248,49248,47424,0,0,1824
0x877f9a,100%,0,59,59,0,0,0,59
0x825e76,100%,0,162000,162000,156000,0,0,6000
0x64e9df,100%,0,600,600,525,0,0,75
0x64e9ec,100%,0,75,75,0,0,0,75
0x875ac8,100%,0,59,59,0,0,0,59
0x8e3843,100%,0,48772,48772,0,0,0,48772
0x97acf7,100%,0,1,1,0,0,0,1
0x87639d,100%,0,432,432,432,0,0,0
0x8e36a3,100%,0,48772,48772,0,0,0,48772
0x848612,100%,0,15272,15272,15272,0,0,0
0x962810,100%,0,230,230,0,0,0,230
0x796809,100%,0,616,616,0,0,0,616
0x64f59f,100%,0,77,77,77,0,0,0
0x66497c,100%,0,77,77,0,0,0,77
0x77f175,100%,0,25488,25488,25488,0,0,0
0x7930f3,100%,0,888,888,888,0,0,0
0x8765e8,100%,0,60,60,0,0,0,60
0x7a8963,100%,0,77,77,0,0,0,77
0x7a8a0f,100%,0,77,77,0,0,0,77
0x7d68f2,100%,0,6,6,0,0,0,6
0x65dcd4,100%,0,1848,1848,1617,0,0,231
0x78e2d8,100%,0,14364,14364,13832,0,0,532
0x64f9ca,100%,0,616,616,616,0,0,0
0x65dcf5,100%,0,77,77,77,0,0,0
0x8309c7,100%,0,77,77,0,0,0,77
0x650014,100%,0,231,231,77,0,0,154
0x796688,100%,0,77,77,0,0,0,77
0x97a439,100%,0,154,154,0,0,0,154
0x91daf8,100%,0,469,469,0,0,0,469
0x8777db,100%,0,59,59,59,0,0,0
0x79370d,100%,0,888,888,0,0,0,888
0x87c45b,100%,0,24,24,24,0,0,0
0x664c47,100%,0,77,77,77,0,0,0
0x80dc6d,100%,0,77,77,0,0,0,77
0x64e2ca,100%,0,462,462,0,0,0,462
0x872c2d,100%,0,77,77,77,0,0,0
0x786d36,100%,0,1,1,1,0,0,0
0x7f91fa,100%,0,1848,1848,0,0,0,1848
0x86eb31,100%,0,1,1,0,0,0,1
0x8d02e0,100%,0,137,137,0,0,0,137
0x785872,100%,0,1,1,0,0,0,1
0x86e157,100%,0,77,77,77,0,0,0
0x97a69b,100%,0,137,137,0,0,0,137
0x872155,100%,0,1,1,1,0,0,0
0x831912,100%,0,4158,4158,4081,0,0,77
0x97ae37,100%,0,16,16,16,0,0,0
0x97ad08,100%,0,1,1,0,0,0,1
0x651135,100%,0,77,77,77,0,0,0
0x65131d,100%,0,77,77,77,0,0,0
0x785bc6,100%,0,8,8,0,0,0,8
0x650555,100%,0,77,77,0,0,0,77
0x650da4,100%,0,75,75,75,0,0,0
0x663a7c,100%,0,77,77,77,0,0,0
0x95faa6,100%,0,76,76,0,0,0,76
0x65059d,100%,0,77,77,77,0,0,0
0x650a92,100%,0,77,77,77,0,0,0
0x650b62,100%,0,77,77,77,0,0,0
0x78b933,100%,0,960,960,0,0,0,960
0x79132a,100%,0,888,888,0,0,0,888
0x8e3efe,100%,0,718,718,0,0,0,718
0x7dbc66,100%,0,60,60,0,0,0,60
0x663d7c,100%,0,77,77,77,0,0,0
0x6510a3,100%,0,77,77,0,0,0,77
0x87db53,100%,0,472,472,0,0,0,472
0x7dc306,100%,0,240,240,0,0,0,240
0x65186f,100%,0,77,77,77,0,0,0
0x977519,100%,0,505,505,0,0,0,505
0x64fb35,100%,0,231,231,231,0,0,0
0x8e35cf,100%,0,1370,1370,1370,0,0,0
0x872231,100%,0,1,1,1,0,0,0
0x66398a,100%,0,616,616,0,0,0,616
0x664545,100%,0,616,616,616,0,0,0
0x7d8778,100%,0,1920,1920,0,0,0,1920
0x7a536e,100%,0,8,8,0,0,0,8
0x7a37b3,100%,0,59,59,59,0,0,0
0x7a5423,100%,0,8,8,0,0,0,8
0x80c6d6,100%,0,10,10,10,0,0,0
0x7a23c6,100%,0,1239,1239,0,0,0,1239
0x7d84b3,100%,0,60,60,0,0,0,60
0x7a23d0,100%,0,1239,1239,0,0,0,1239
0x7a3059,100%,0,472,472,0,0,0,472
0x663899,100%,0,77,77,0,0,0,77
0x7a23e8,100%,0,1239,1239,1239,0,0,0
0x7a5a84,100%,0,472,472,472,0,0,0
0x7a283a,100%,0,472,472,472,0,0,0
0x786cf3,100%,0,1,1,0,0,0,1
0x7a17b8,100%,0,472,472,0,0,0,472
0x7a17df,100%,0,472,472,472,0,0,0
0x78644f,100%,0,1,1,0,0,0,1
0x7a33ce,100%,0,413,413,0,0,0,413
0x831dd1,100%,0,8,8,0,0,0,8
0x7f9323,100%,0,12,12,0,0,0,12
0x65f3c3,100%,0,77,77,77,0,0,0
0x785833,100%,0,8,8,0,0,0,8
0x793c5d,100%,0,888,888,0,0,0,888
0x8319d2,100%,0,4158,4158,4081,0,0,77
0x80ded4,100%,0,10,10,10,0,0,0
0x831c72,100%,0,1,1,0,0,0,1
0x831a02,100%,0,4158,4158,4081,0,0,77
0x831de1,100%,0,8,8,8,0,0,0
0x831a62,100%,0,4158,4158,4081,0,0,77
0x7d7465,100%,0,900,900,900,0,0,0
0x664667,100%,0,77,77,77,0,0,0
0x827679,100%,0,161784,161784,155792,0,0,5992
0x6456f3,100%,0,847,847,0,0,0,847
0x7a46b3,100%,0,21,21,21,0,0,0
0x66500a,100%,0,8,8,0,0,0,8
0x7a4acb,100%,0,8,8,0,0,0,8
0x787cf0,100%,0,1,1,1,0,0,0
0x663539,100%,0,77,77,0,0,0,77
0x6650d8,100%,0,1,1,1,0,0,0
0x663594,100%,0,77,77,0,0,0,77
0x7a4e69,100%,0,8,8,0,0,0,8
0x66368a,100%,0,616,616,0,0,0,616
0x91fc44,100%,0,456,456,456,0,0,0
0x9601f4,100%,0,231,231,0,0,0,231
0x6ef395,100%,0,77,77,77,0,0,0
0x64b14e,100%,0,616,616,539,0,0,77
0x786cf9,100%,0,1,1,0,0,0,1
0x7d7c2a,100%,0,231,231,231,0,0,0
0x7a519c,100%,0,8,8,8,0,0,0
0x7a1175,100%,0,472,472,0,0,0,472
0x64ad15,100%,0,1155,1155,1155,0,0,0
0x64b5bd,100%,0,231,231,0,0,0,231
0x82777e,100%,0,1824,1824,1596,0,0,228
0x64b892,100%,0,1728,1728,1512,0,0,216
0x848222,100%,0,77,77,0,0,0,77
0x91fb37,100%,0,456,456,456,0,0,0
0x663ff7,100%,0,77,77,77,0,0,0
0x91fd88,100%,0,456,456,456,0,0,0
0x64b938,100%,0,46656,46656,44928,0,0,1728
0x64bfb6,100%,0,1824,1824,1596,0,0,228
0x6640ad,100%,0,77,77,77,0,0,0
0x78c103,100%,0,480,480,0,0,0,480
0x786998,100%,0,1,1,0,0,0,1
0x78dc8d,100%,0,1184,1184,1036,0,0,148
0x8742aa,100%,0,1,1,1,0,0,0
0x7a1aee,100%,0,472,472,0,0,0,472
0x77ebd8,100%,0,162,162,0,0,0,162
0x97a5f8,100%,0,137,137,137,0,0,0
0x7db466,100%,0,60,60,0,0,0,60
0x649a95,100%,0,231,231,0,0,0,231
0x66383e,100%,0,77,77,0,0,0,77
0x77b34b,100%,0,120,120,0,0,0,120
0x785a96,100%,0,8,8,0,0,0,8
0x9617cd,100%,0,306,306,0,0,0,306
0x7a2810,100%,0,472,472,0,0,0,472
0x8728af,100%,0,192,192,192,0,0,0
0x842368,100%,0,2330,2330,2330,0,0,0
0x65ec14,100%,0,231,231,154,0,0,77
0x831f0b,100%,0,77,77,77,0,0,0
0x91faea,100%,0,469,469,0,0,0,469
0x64a52c,100%,0,924,924,693,0,0,231
0x9615a7,100%,0,843,843,843,0,0,0
0x64ab67,100%,0,231,231,231,0,0,0
0x879295,100%,0,1,1,0,0,0,1
0x961639,100%,0,77,77,77,0,0,0
0x78b05f,100%,0,120,120,120,0,0,0
0x650407,100%,0,231,231,154,0,0,77
0x64be3c,100%,0,3,3,0,0,0,3
0x7a571e,100%,0,7,7,0,0,0,7
0x825bfe,100%,0,750,750,750,0,0,0
0x79236d,100%,0,222,222,0,0,0,222
0x7963a4,100%,0,616,616,0,0,0,616
0x794d0d,100%,0,13832,13832,13300,0,0,532
0x825d76,100%,0,6000,6000,5250,0,0,750
0x825e01,100%,0,6000,6000,5250,0,0,750
0x7f91c5,100%,0,462,462,0,0,0,462
0x7db41a,100%,0,60,60,0,0,0,60
0x64ea71,100%,0,600,600,525,0,0,75
0x6502de,100%,0,154,154,0,0,0,154
0x7db4ab,100%,0,60,60,0,0,0,60
0x7db4f0,100%,0,60,60,0,0,0,60
0x7db547,100%,0,60,60,0,0,0,60
0x664c74,100%,0,77,77,77,0,0,0
0x95f978,100%,0,76,76,76,0,0,0
0x87c554,100%,0,3,3,0,0,0,3
0x785c36,100%,0,1,1,0,0,0,1
0x87c7ec,100%,0,1416,1416,0,0,0,1416
0x785ac9,100%,0,8,8,0,0,0,8
0x87c805,100%,0,1416,1416,1416,0,0,0
0x78dce3,100%,0,1184,1184,1184,0,0,0
0x796af4,100%,0,1,1,0,0,0,1
0x8fa609,100%,0,150,150,150,0,0,0
0x7869ae,100%,0,1,1,1,0,0,0
0x864fe8,100%,0,460,460,0,0,0,460
0x64f586,100%,0,77,77,77,0,0,0
0x87c7f6,100%,0,1416,1416,0,0,0,1416
0x6516bf,100%,0,77,77,77,0,0,0
0x79562e,100%,0,76,76,0,0,0,76
0x64f8df,100%,0,77,77,0,0,0,77
0x649be2,100%,0,231,231,0,0,0,231
0x64f89b,100%,0,77,77,0,0,0,77
0x78645f,100%,0,1,1,0,0,0,1
0x8277d0,100%,0,86832,86832,83616,0,0,3216
0x9605ea,100%,0,231,231,0,0,0,231
0x64ff7b,100%,0,154,154,0,0,0,154
0x7aa46c,100%,0,16416,16416,15808,0,0,608
0x7d8357,100%,0,1,1,0,0,0,1
0x65056c,100%,0,77,77,0,0,0,77
0x65002d,100%,0,154,154,0,0,0,154
0x6500ed,100%,0,154,154,0,0,0,154
0x64e5b5,100%,0,462,462,462,0,0,0
0x6510ba,100%,0,77,77,0,0,0,77
0x7972a4,100%,0,16632,16632,16016,0,0,616
0x64f239,100%,0,77,77,77,0,0,0
0x797c05,100%,0,616,616,539,0,0,77
0x66377c,100%,0,77,77,77,0,0,0
0x78d996,100%,0,15984,15984,15392,0,0,592
0x796bad,100%,0,77,77,0,0,0,77
0x664b25,100%,0,616,616,616,0,0,0
0x961575,100%,0,1150,1150,230,0,0,920
0x7d4ce3,100%,0,1,1,0,0,0,1
0x8e40eb,100%,0,920,920,920,0,0,0
0x8e3541,100%,0,47402,47402,47402,0,0,0
0x786231,100%,0,608,608,0,0,0,608
0x797db0,100%,0,16632,16632,16016,0,0,616
0x78dc4e,100%,0,1184,1184,1184,0,0,0
0x78dd2c,100%,0,1184,1184,1184,0,0,0
0x663527,100%,0,77,77,0,0,0,77
0x78ddad,100%,0,76,76,0,0,0,76
0x7db4b9,100%,0,60,60,0,0,0,60
0x65ec25,100%,0,77,77,77,0,0,0
0x797724,100%,0,616,616,539,0,0,77
0x7da08d,100%,0,162,162,162,0,0,0
0x664ebc,100%,0,77,77,0,0,0,77
0x7952f5,100%,0,16416,16416,15808,0,0,608
0x797363,100%,0,308,308,0,0,0,308
0x7de78f,100%,0,385,385,385,0,0,0
0x786da9,100%,0,1,1,1,0,0,0
0x665acc,100%,0,77,77,77,0,0,0
0x663add,100%,0,77,77,77,0,0,0
0x665b36,100%,0,77,77,77,0,0,0
0x786da4,100%,0,1,1,0,0,0,1
0x665ba0,100%,0,77,77,77,0,0,0
0x77b5cb,100%,0,120,120,0,0,0,120
0x87c456,100%,0,24,24,0,0,0,24
0x665157,100%,0,77,77,77,0,0,0
0x663f9c,100%,0,77,77,0,0,0,77
0x96186d,100%,0,230,230,0,0,0,230
0x6637dd,100%,0,77,77,77,0,0,0
0x86ed59,100%,0,76,76,76,0,0,0
0x7a87b1,100%,0,76,76,76,0,0,0
0x961be0,100%,0,230,230,230,0,0,0
0x785741,100%,0,76,76,76,0,0,0
0x797ac3,100%,0,308,308,0,0,0,308
0x5e95e6,100%,0,750,750,0,0,0,750
0x95fa39,100%,0,76,76,76,0,0,0
0x7972dd,100%,0,77,77,0,0,0,77
0x77b5db,100%,0,240,240,0,0,0,240
0x7d8c53,100%,0,162,162,0,0,0,162
0x790fae,100%,0,222,222,0,0,0,222
0x9602c3,100%,0,231,231,0,0,0,231
0x791363,100%,0,888,888,0,0,0,888
0x796642,100%,0,77,77,0,0,0,77
0x9605f7,100%,0,231,231,231,0,0,0
0x7915b0,100%,0,888,888,888,0,0,0
0x9605de,100%,0,231,231,0,0,0,231
0x827543,100%,0,5997,5997,5248,0,0,749
0x79267a,100%,0,888,888,0,0,0,888
0x8cff6b,100%,0,920,920,0,0,0,920
0x9601e3,100%,0,231,231,0,0,0,231
0x77fe55,100%,0,1,1,0,0,0,1
0x84306a,100%,0,8260,8260,8260,0,0,0
0x796570,100%,0,77,77,0,0,0,77
0x7926c3,100%,0,888,888,0,0,0,888
0x961d25,100%,0,230,230,0,0,0,230
0x7928a8,100%,0,22200,22200,21312,0,0,888
0x665d87,100%,0,77,77,77,0,0,0
0x792b07,100%,0,888,888,666,0,0,222
0x960271,100%,0,231,231,0,0,0,231
0x961b5e,100%,0,230,230,0,0,0,230
0x796060,100%,0,77,77,0,0,0,77
0x960bc3,100%,0,231,231,231,0,0,0
0x78e597,100%,0,1824,1824,1596,0,0,228
0x64e75e,100%,0,77,77,77,0,0,0
0x78e610,100%,0,49248,49248,47424,0,0,1824
0x9600d7,100%,0,920,920,0,0,0,920
0x664052,100%,0,77,77,77,0,0,0
0x796c41,100%,0,77,77,0,0,0,77
0x876f07,100%,0,59,59,0,0,0,59
0x961799,100%,0,306,306,0,0,0,306
0x96161e,100%,0,77,77,0,0,0,77
0x872957,100%,0,1,1,0,0,0,1
0x78ef9b,100%,0,228,228,152,0,0,76
0x78708e,100%,0,1,1,1,0,0,0
0x796bbb,100%,0,77,77,0,0,0,77
0x7a5ca4,100%,0,472,472,472,0,0,0
0x78f11f,100%,0,592,592,0,0,0,592
0x78f138,100%,0,592,592,592,0,0,0
0x797f9d,100%,0,616,616,539,0,0,77
0x78c396,100%,0,8,8,0,0,0,8
0x91d7ea,100%,0,469,469,0,0,0,469
0x64a8a2,100%,0,1155,1155,0,0,0,1155
0x78fab9,100%,0,14364,14364,13832,0,0,532
0x8e3593,100%,0,1370,1370,1370,0,0,0
0x78871b,100%,0,960,960,960,0,0,0
0x8cff4c,100%,0,920,920,0,0,0,920
0x65f807,100%,0,1,1,0,0,0,1
0x961a16,100%,0,230,230,230,0,0,0
0x7928cc,100%,0,888,888,888,0,0,0
0x7d79a9,100%,0,231,231,231,0,0,0
0x7d9d7f,100%,0,162,162,0,0,0,162
0x7d59e4,100%,0,43659,43659,42042,0,0,1617
0x5416a7,100%,0,460,460,0,0,0,460
0x97ae52,100%,0,3643,3643,1898,0,0,1745
0x64a46a,100%,0,924,924,0,0,0,924
0x78b618,100%,0,120,120,120,0,0,0
0x5416ef,100%,0,460,460,460,0,0,0
0x64d7f9,100%,0,77,77,77,0,0,0
0x7a570f,100%,0,7,7,0,0,0,7
0x78dbfa,100%,0,1184,1184,1184,0,0,0
0x8e3ee3,100%,0,718,718,581,0,0,137
0x7d50dd,100%,0,231,231,231,0,0,0
0x8e4041,100%,0,920,920,920,0,0,0
0x7969e3,100%,0,1232,1232,616,0,0,616
0x9602a3,100%,0,231,231,231,0,0,0
0x960202,100%,0,231,231,0,0,0,231
0x7d6add,100%,0,225,225,0,0,0,225
0x87c451,100%,0,24,24,0,0,0,24
0x827525,100%,0,161919,161919,155922,0,0,5997
0x8fa5e6,100%,0,432,432,0,0,0,432
0x7a8853,100%,0,77,77,0,0,0,77
0x9636e3,100%,0,1150,1150,0,0,0,1150
0x7d76b3,100%,0,225,225,225,0,0,0
0x9600e8,100%,0,920,920,0,0,0,920
0x6509c0,100%,0,77,77,77,0,0,0
0x5416bf,100%,0,460,460,460,0,0,0
0x91d945,100%,0,469,469,469,0,0,0
0x872c9b,100%,0,77,77,77,0,0,0
0x9601a2,100%,0,231,231,0,0,0,231
0x5416b1,100%,0,460,460,0,0,0,460
0x79644e,100%,0,8008,8008,7392,0,0,616
0x78c0f6,100%,0,60,60,0,0,0,60
0x96b87a,100%,0,55548,55548,55548,0,0,0
0x8e3ef6,100%,0,718,718,0,0,0,718
0x865065,100%,0,460,460,0,0,0,460
0x78bde6,100%,0,960,960,960,0,0,0
0x874056,100%,0,121,121,0,0,0,121
0x961613,100%,0,77,77,0,0,0,77
0x9600fa,100%,0,920,920,0,0,0,920
0x7869ef,100%,0,1,1,0,0,0,1
0x96160a,100%,0,77,77,0,0,0,77
0x77b35b,100%,0,240,240,0,0,0,240
0x7d7edd,100%,0,231,231,231,0,0,0
0x877419,100%,0,59,59,59,0,0,0
0x64a39a,100%,0,924,924,0,0,0,924
0x797c2e,100%,0,77,77,0,0,0,77
0x649b38,100%,0,231,231,0,0,0,231
0x79631c,100%,0,616,616,0,0,0,616
0x65e742,100%,0,77,77,77,0,0,0
0x797b5b,100%,0,77,77,77,0,0,0
0x664cd5,100%,0,77,77,77,0,0,0
0x92a806,100%,0,7,7,7,0,0,0
0x8729dd,100%,0,360,360,0,0,0,360
0x796e72,100%,0,616,616,539,0,0,77
0x664f11,100%,0,77,77,0,0,0,77
0x6650fc,100%,0,77,77,0,0,0,77
0x66539c,100%,0,77,77,77,0,0,0
0x66468c,100%,0,77,77,77,0,0,0
0x831dc1,100%,0,8,8,0,0,0,8
0x665848,100%,0,77,77,77,0,0,0
0x80c578,100%,0,77,77,77,0,0,0
0x7987b1,100%,0,231,231,154,0,0,77
0x872477,100%,0,1,1,0,0,0,1
0x7de787,100%,0,385,385,0,0,0,385
0x7d5d02,100%,0,225,225,0,0,0,225
0x7984ea,100%,0,231,231,231,0,0,0
0x79826b,100%,0,231,231,231,0,0,0
0x7d85c8,100%,0,1,1,0,0,0,1
0x797ff7,100%,0,231,231,231,0,0,0
0x78a9be,100%,0,120,120,120,0,0,0
0x78c322,100%,0,1,1,0,0,0,1
0x795327,100%,0,76,76,76,0,0,0
0x7978c2,100%,0,616,616,539,0,0,77
0x9601ae,100%,0,231,231,231,0,0,0
0x797e0b,100%,0,77,77,0,0,0,77
0x7d689d,100%,0,900,900,675,0,0,225
0x793390,100%,0,222,222,222,0,0,0
0x78da44,100%,0,74,74,0,0,0,74
0x78c449,100%,0,8,8,0,0,0,8
0x649f9f,100%,0,924,924,0,0,0,924
0x7d6669,100%,0,900,900,900,0,0,0
0x78c557,100%,0,3,3,0,0,0,3
0x650cf4,100%,0,16416,16416,15808,0,0,608
0x961d4e,100%,0,230,230,230,0,0,0
0x7886d2,100%,0,960,960,0,0,0,960
0x786d31,100%,0,1,1,0,0,0,1
0x797dbd,100%,0,616,616,539,0,0,77
0x64ac7a,100%,0,1155,1155,0,0,0,1155
0x9600a3,100%,0,1151,1151,0,0,0,1151
0x796c05,100%,0,77,77,0,0,0,77
0x78052a,100%,0,162,162,162,0,0,0
0x9601d7,100%,0,231,231,231,0,0,0
0x6994fb,100%,0,77,77,77,0,0,0
0x796a4a,100%,0,77,77,77,0,0,0
0x786a01,100%,0,1,1,0,0,0,1
0x960525,100%,0,231,231,0,0,0,231
0x65032b,100%,0,616,616,0,0,0,616
0x7d8862,100%,0,1,1,0,0,0,1
0x960283,100%,0,231,231,0,0,0,231
0x663722,100%,0,616,616,539,0,0,77
0x78b519,100%,0,120,120,0,0,0,120
0x64fa3b,100%,0,77,77,77,0,0,0
0x796044,100%,0,77,77,0,0,0,77
0x80dcc3,100%,0,77,77,77,0,0,0
0x663b3e,100%,0,77,77,77,0,0,0
0x96016f,100%,0,920,920,920,0,0,0
0x77f5ec,100%,0,64,64,64,0,0,0
0x796fc4,100%,0,616,616,539,0,0,77
0x87b6cf,100%,0,60,60,0,0,0,60
0x96021a,100%,0,231,231,231,0,0,0
0x78e668,100%,0,228,228,152,0,0,76
0x963d2c,100%,0,1151,1151,1151,0,0,0
0x792b2a,100%,0,222,222,0,0,0,222
0x847fff,100%,0,2858,2858,2858,0,0,0
0x9615f0,100%,0,307,307,230,0,0,77
0x96014f,100%,0,920,920,920,0,0,0
0x795e94,100%,0,608,608,0,0,0,608
0x9602d8,100%,0,231,231,0,0,0,231
0x9636ec,100%,0,1150,1150,1150,0,0,0
0x665fb3,100%,0,2,2,0,0,0,2
0x865095,100%,0,460,460,460,0,0,0
0x665fa6,100%,0,2,2,0,0,0,2
0x879f05,100%,0,1,1,0,0,0,1
0x79682c,100%,0,616,616,0,0,0,616
0x7db4fe,100%,0,60,60,0,0,0,60
0x664b39,100%,0,616,616,616,0,0,0
0x7f92e3,100%,0,6,6,6,0,0,0
0x66564c,100%,0,77,77,0,0,0,77
0x5416d7,100%,0,460,460,0,0,0,460
0x77e14f,100%,0,120,120,0,0,0,120
0x8e40b6,100%,0,56581,56581,56427,0,0,154
0x785f9b,100%,0,76,76,0,0,0,76
0x7d5cd2,100%,0,225,225,0,0,0,225
0x77af16,100%,0,84,84,84,0,0,0
0x64b95d,100%,0,1728,1728,1512,0,0,216
0x7d645e,100%,0,900,900,0,0,0,900
0x7d728b,100%,0,900,900,0,0,0,900
0x80c527,100%,0,77,77,0,0,0,77
0x78807e,100%,0,1,1,1,0,0,0
0x960179,100%,0,920,920,0,0,0,920
0x9617da,100%,0,306,306,76,0,0,230
0x796b92,100%,0,77,77,0,0,0,77
0x6508ff,100%,0,77,77,77,0,0,0
0x8e35a8,100%,0,1370,1370,1370,0,0,0
0x879ff0,100%,0,60,60,0,0,0,60
0x7d9247,100%,0,432,432,0,0,0,432
0x7d7965,100%,0,900,900,675,0,0,225
0x8e7b7a,100%,0,617,617,617,0,0,0
0x9601cb,100%,0,231,231,0,0,0,231
0x650296,100%,0,231,231,77,0,0,154
0x960510,100%,0,231,231,231,0,0,0
0x795c65,100%,0,76,76,0,0,0,76
0x7930d7,100%,0,22200,22200,21312,0,0,888
0x796554,100%,0,77,77,0,0,0,77
0x64a55e,100%,0,231,231,0,0,0,231
0x6639b8,100%,0,16632,16632,16016,0,0,616
0x7a886f,100%,0,77,77,77,0,0,0
0x664559,100%,0,616,616,616,0,0,0
0x77f519,100%,0,64,64,0,0,0,64
0x961d0b,100%,0,230,230,0,0,0,230
0x95fa60,100%,0,76,76,76,0,0,0
0x795fc3,100%,0,1216,1216,608,0,0,608
0x64ab79,100%,0,231,231,231,0,0,0
0x64f4e7,100%,0,77,77,77,0,0,0
0x96060a,100%,0,231,231,0,0,0,231
0x7962f9,100%,0,616,616,0,0,0,616
0x8e38d6,100%,0,48772,48772,0,0,0,48772
0x91f7df,100%,0,469,469,0,0,0,469
0x6510f0,100%,0,77,77,0,0,0,77
0x792ed8,100%,0,888,888,0,0,0,888
0x7963ad,100%,0,616,616,0,0,0,616
0x64f884,100%,0,77,77,0,0,0,77
0x665738,100%,0,16632,16632,16016,0,0,616
0x79647b,100%,0,616,616,0,0,0,616
0x796c4f,100%,0,77,77,0,0,0,77
0x9636fb,100%,0,1150,1150,0,0,0,1150
0x78fdef,100%,0,228,228,152,0,0,76
0x663303,100%,0,77,77,77,0,0,0
0x830a38,100%,0,616,616,539,0,0,77
0x6456ad,100%,0,847,847,0,0,0,847
0x795b4d,100%,0,76,76,0,0,0,76
0x864eb1,100%,0,460,460,460,0,0,0
0x77b43c,100%,0,1,1,0,0,0,1
0x86eb24,100%,0,1,1,0,0,0,1
0x961d2f,100%,0,230,230,0,0,0,230
0x78fb16,100%,0,532,532,456,0,0,76
0x795313,100%,0,608,608,532,0,0,76
0x795412,100%,0,76,76,0,0,0,76
0x963693,100%,0,1150,1150,0,0,0,1150
0x795571,100%,0,304,304,0,0,0,304
0x79591b,100%,0,76,76,76,0,0,0
0x795b32,100%,0,76,76,0,0,0,76
0x786266,100%,0,1216,1216,608,0,0,608
0x795b5f,100%,0,76,76,0,0,0,76
0x7d850b,100%,0,240,240,0,0,0,240
0x80dc7f,100%,0,77,77,77,0,0,0
0x97a6f6,100%,0,2094,2094,1745,0,0,349
0x7d6645,100%,0,22500,22500,21600,0,0,900
0x795de9,100%,0,608,608,0,0,0,608
0x7a8956,100%,0,77,77,0,0,0,77
0x795e0c,100%,0,608,608,0,0,0,608
0x64b1a8,100%,0,16632,16632,16016,0,0,616
0x795e9d,100%,0,608,608,0,0,0,608
0x8e7b75,100%,0,1234,1234,617,0,0,617
0x96028d,100%,0,231,231,0,0,0,231
0x64d7ce,100%,0,77,77,0,0,0,77
0x786155,100%,0,608,608,0,0,0,608
0x7938de,100%,0,22200,22200,21312,0,0,888
0x7938fa,100%,0,888,888,888,0,0,0
0x8273e8,100%,0,6000,6000,5250,0,0,750
0x785776,100%,0,1,1,0,0,0,1
0x793b22,100%,0,888,888,666,0,0,222
0x793b4f,100%,0,222,222,0,0,0,222
0x7f94a3,100%,0,1944,1944,1944,0,0,0
0x960127,100%,0,920,920,0,0,0,920
0x79489d,100%,0,76,76,0,0,0,76
0x795f6b,100%,0,608,608,0,0,0,608
0x8e5f11,100%,0,617,617,0,0,0,617
0x8e3ff6,100%,0,920,920,920,0,0,0
0x961dc9,100%,0,230,230,230,0,0,0
0x64bec5,100%,0,228,228,0,0,0,228
0x86d9fa,100%,0,231,231,0,0,0,231
0x9636cc,100%,0,1150,1150,0,0,0,1150
0x7dc44c,100%,0,60,60,0,0,0,60
0x864f59,100%,0,460,460,0,0,0,460
0x787b78,100%,0,960,960,0,0,0,960
0x961a4d,100%,0,230,230,230,0,0,0
0x78e571,100%,0,49248,49248,47424,0,0,1824
0x797f90,100%,0,16632,16632,16016,0,0,616
0x78f1ad,100%,0,592,592,518,0,0,74
0x7d56bf,100%,0,1848,1848,1617,0,0,231
0x960309,100%,0,231,231,231,0,0,0
0x87c7fb,100%,0,1416,1416,0,0,0,1416
0x77dc63,100%,0,84,84,84,0,0,0
0x78620e,100%,0,7904,7904,7296,0,0,608
0x8e378f,100%,0,1370,1370,1370,0,0,0
0x97744a,100%,0,7513,7513,7513,0,0,0
0x64e12e,100%,0,77,77,0,0,0,77
0x64a281,100%,0,231,231,0,0,0,231
0x87b9d6,100%,0,2,2,2,0,0,0
0x79653a,100%,0,77,77,77,0,0,0
0x7a44af,100%,0,24,24,0,0,0,24
0x8319a2,100%,0,4158,4158,4081,0,0,77
0x962817,100%,0,230,230,0,0,0,230
0x77af01,100%,0,84,84,0,0,0,84
0x78699d,100%,0,1,1,0,0,0,1
0x79602a,100%,0,77,77,77,0,0,0
0x796aac,100%,0,1,1,0,0,0,1
0x960099,100%,0,1151,1151,0,0,0,1151
0x786163,100%,0,608,608,0,0,0,608
0x65e16a,100%,0,77,77,77,0,0,0
0x961d58,100%,0,230,230,230,0,0,0
0x795fe9,100%,0,608,608,532,0,0,76
0x786d56,100%,0,1,1,1,0,0,0
0x796178,100%,0,77,77,0,0,0,77
0x797162,100%,0,616,616,539,0,0,77
0x64f9a8,100%,0,16632,16632,16016,0,0,616
0x650d0b,100%,0,608,608,532,0,0,76
0x87b7ef,100%,0,60,60,0,0,0,60
0x91fae2,100%,0,469,469,0,0,0,469
0x665f99,100%,0,2,2,0,0,0,2
0x877ba9,100%,0,59,59,0,0,0,59
0x962801,100%,0,230,230,0,0,0,230
0x872d09,100%,0,77,77,77,0,0,0
0x8e7b12,100%,0,617,617,0,0,0,617
0x6660c7,100%,0,2,2,2,0,0,0
0x9617eb,100%,0,230,230,230,0,0,0
0x963d13,100%,0,1151,1151,0,0,0,1151
0x961778,100%,0,306,306,0,0,0,306
0x77b5fd,100%,0,240,240,0,0,0,240
0x8262a7,100%,0,750,750,0,0,0,750
0x786a61,100%,0,1,1,0,0,0,1
0x8e5f02,100%,0,617,617,0,0,0,617
