Branch PC,Accuracy,Mispredictions,Correct Predictions,Total,dir_t_pred_t,dir_t_pred_nt,dir_nt_pred_t,dir_nt_pred_nt
aggregate,95.3854%,1463521,30251418,31714939,14876594,729582,733939,15374824
0x40d4a5,89.2919%,12319,102725,115044,32121,6965,5354,70604
0x40d59c,94.1482%,11005,177058,188063,153881,4655,6350,23177
0xb3009e,81.7329%,9755,43647,53402,41066,2243,7512,2581
0x8e8980,97.7011%,6419,272806,279225,268990,853,5566,3816
0x40d1a7,88.3644%,5849,44419,50268,35878,2646,3203,8541
0x40f719,92.3168%,5801,69701,75502,64246,2203,3598,5455
0x40d406,96.1434%,5496,137014,142510,19573,3241,2255,117441
0x40d412,95.4869%,5402,114294,119696,109843,1862,3540,4451
0x8fe29e,82.7106%,4891,23398,28289,4726,3016,1875,18672
0x8d0bc0,98.1548%,4428,235546,239974,230367,509,3919,5179
0x8ed200,97.7932%,3788,167862,171650,165255,547,3241,2607
0xb300a7,62.4988%,3785,6308,10093,4668,1773,2012,1640
0x40ce06,87.8646%,3736,27050,30786,9092,2261,1475,17958
0x8eacb0,97.8316%,3722,167928,171650,165279,523,3199,2649
0x6435e8,83.6493%,3683,18842,22525,9256,1678,2005,9586
0xb2fcc5,88.337%,3527,26714,30241,5280,2442,1085,21434
0xa334c0,97.0263%,3505,114361,117866,111405,308,3197,2956
0x40d59e,88.1769%,3491,26036,29527,7246,1819,1672,18790
0x5343d5,76.624%,3433,11253,14686,4682,1058,2375,6571
0x40d589,98.4574%,3362,214582,217944,27981,1900,1462,186601
0x8fe2bf,88.6817%,3344,26201,29545,8621,1720,1624,17580
0xb3aaae,97.0654%,3339,110443,113782,103392,989,2350,7051
0x812510,93.8368%,3291,50107,53398,46645,608,2683,3462
0x610da8,67.4017%,3267,6755,10022,4106,1292,1975,2649
0xb2e605,88.9227%,3240,26009,29249,6067,1928,1312,19942
0xb2fab5,89.9544%,2861,25619,28480,5960,1689,1172,19659
0x40d5a9,92.2067%,2832,33507,36339,14134,1776,1056,19373
0x534473,81.1038%,2763,11859,14622,4312,1343,1420,7547
0x405162,78.6442%,2725,10035,12760,2554,1924,801,7481
0x81a650,93.4087%,2722,38575,41297,35410,673,2049,3165
0x8141a1,93.3907%,2698,38123,40821,35820,549,2149,2303
0x90057f,86.63%,2672,17313,19985,12868,1041,1631,4445
0x8b9b8a,81.4215%,2606,11421,14027,3003,1631,975,8418
0x814246,81.9214%,2437,11043,13480,5441,1468,969,5602
0xb2ff8d,77.7113%,2421,8441,10862,7003,1110,1311,1438
0xb3aaba,94.14%,2420,38877,41297,32973,865,1555,5904
0x81a6d4,81.7457%,2380,10658,13038,5319,1200,1180,5339
0xb2fd1a,86.3871%,2373,15059,17432,13424,995,1378,1635
0x8ff789,92.5277%,2344,29025,31369,3818,1466,878,25207
0x8e88fb,86.5065%,2331,14944,17275,6042,1260,1071,8902
0x406cf4,96.6154%,2323,66311,68634,17789,1411,912,48522
0xb2e7b1,71.4017%,2281,5695,7976,2756,1203,1078,2939
0x406cfd,95.3858%,2281,47153,49434,138,1953,328,47015
0x40dcab,73.0328%,2279,6172,8451,1001,1592,687,5171
0x404d98,79.1299%,2269,8603,10872,6016,872,1397,2587
0x8ff799,91.4319%,2235,23850,26085,15917,918,1317,7933
0x404d6c,87.931%,2219,16167,18386,4412,1558,661,11755
0x5114ed,81.6369%,2183,9705,11888,2187,1211,972,7518
0x596c97,61.0821%,2165,3398,5563,2333,988,1177,1065
0x8eba00,97.1355%,2146,72772,74918,71834,243,1903,938
0x8189f1,94.8083%,2144,39153,41297,35590,493,1651,3563
0xb2fad5,89.7941%,2126,18705,20831,11391,1055,1071,7314
0x64b6d8,91.7921%,2121,23720,25841,15869,1041,1080,7851
0x49b223,74.9763%,2113,6331,8444,2260,1148,965,4071
0x48a255,65.6337%,2096,4003,6099,706,1378,718,3297
0x53da2f,78.6235%,2081,7654,9735,1632,1334,747,6022
0x53da78,69.4342%,2069,4700,6769,2367,1073,996,2333
0x812650,94.5898%,2027,35439,37466,32980,374,1653,2459
0x49b303,76.2316%,2007,6437,8444,2274,1134,873,4163
0x489cf2,80.2452%,1998,8116,10114,4751,1348,650,3365
0x643691,80.5607%,1997,8276,10273,1303,1197,800,6973
0x402919,94.245%,1985,32507,34492,24119,817,1168,8388
0x40d97b,83.37%,1964,9846,11810,4398,973,991,5448
0x489d50,68.4057%,1950,4222,6172,914,1262,688,3308
0xa333d0,95.3284%,1925,39281,41206,38151,284,1641,1130
0xb3aa0c,97.0109%,1919,62280,64199,10555,1053,866,51725
0xb2e68f,91.0464%,1903,19351,21254,5537,999,904,13814
0x8fe538,65.5378%,1903,3619,5522,1695,898,1005,1924
0x40d365,97.381%,1877,69791,71668,68527,624,1253,1264
0xb2fb4a,89.7797%,1865,16383,18248,9980,982,883,6403
0x48a07b,81.7073%,1860,8308,10168,5035,1137,723,3273
0x40f894,95.2912%,1854,37519,39373,7870,637,1217,29649
0x40d350,97.4298%,1842,69826,71668,41963,1094,748,27863
0xa0377e,83.347%,1831,9164,10995,4201,910,921,4963
0x8227d8,82.9374%,1810,8798,10608,3659,1021,789,5139
0x820983,68.3759%,1807,3907,5714,2766,778,1029,1141
0x53e303,77.9205%,1805,6370,8175,3725,732,1073,2645
0x40d5af,91.2135%,1795,18634,20429,15025,852,943,3609
0x596c66,75.4735%,1774,5459,7233,373,1297,477,5086
0x8fe459,82.9233%,1749,8493,10242,7650,535,1214,843
0x6434d1,78.4433%,1731,6299,8030,5775,372,1359,524
0xb2dfee,86.5724%,1728,11141,12869,1826,893,835,9315
0x51b5ae,77.5988%,1711,5927,7638,1303,1060,651,4624
0x8124f9,87.6052%,1709,12079,13788,7149,494,1215,4930
0x8124d1,88.3467%,1705,12926,14631,12149,283,1422,777
0x40f7b7,95.6849%,1699,37674,39373,7460,968,731,30214
0x40f52d,96.9087%,1679,52635,54314,11811,899,780,40824
0x909b04,88.6284%,1678,13078,14756,8002,895,783,5076
0xb0b57d,83.5337%,1657,8406,10063,3157,926,731,5249
0x488dc7,71.206%,1645,4068,5713,898,1103,542,3170
0x40d414,79.4269%,1644,6347,7991,1642,968,676,4705
0x40d03f,87.0054%,1642,10994,12636,3364,882,760,7630
0xb2fcfc,88.2289%,1629,12210,13839,7886,609,1020,4324
0xb2dee8,79.801%,1624,6416,8040,924,965,659,5492
0xb2dfa0,87.3805%,1624,11245,12869,10705,625,999,540
0x8e89a2,88.3574%,1621,12302,13923,9784,607,1014,2518
0x41016a,84.9879%,1612,9126,10738,3682,736,876,5444
0x51c7cb,77.8726%,1608,5659,7267,1288,964,644,4371
0x8ff3a6,73.3755%,1598,4404,6002,1979,840,758,2425
0x53e43b,80.6361%,1583,6592,8175,708,1194,389,5884
0x8d9b10,96.6395%,1555,44718,46273,43210,169,1386,1508
0x40d185,91.8%,1553,17386,18939,7027,785,768,10359
0x821626,92.657%,1546,19508,21054,2118,1021,525,17390
0x8fdeb8,95.8539%,1539,35580,37119,1525,1132,407,34055
0xa33220,93.3881%,1537,21709,23246,20864,314,1223,845
0x643219,97.6712%,1534,64338,65872,64001,319,1215,337
0xb2fe64,73.5421%,1529,4250,5779,823,932,597,3427
0x48d6dc,66.0998%,1515,2954,4469,914,993,522,2040
0x8b95f8,96.4025%,1515,40597,42112,34170,538,977,6427
0x643590,93.3052%,1508,21017,22525,8370,674,834,12647
0x488db4,84.1489%,1503,7979,9482,2930,839,664,5049
0x40d19f,97.5493%,1500,59706,61206,10085,853,647,49621
0xb2df79,88.4684%,1484,11385,12869,927,962,522,10458
0x596c48,82.0693%,1480,6774,8254,3856,932,548,2918
0x53de0b,86.5116%,1479,9486,10965,5589,813,666,3897
0x5114f8,82.6031%,1477,7013,8490,3393,743,734,3620
0x596ec6,60.9504%,1471,2296,3767,1418,721,750,878
0x5345e3,79.3754%,1466,5642,7108,2185,599,867,3457
0xb3aa85,87.388%,1464,10144,11608,1439,768,696,8705
0xb30284,77.2706%,1464,4977,6441,3767,653,811,1210
0x814184,86.8911%,1464,9704,11168,6111,605,859,3593
0x404d91,88.1262%,1460,10836,12296,104,1320,140,10732
0x5114ad,93.7089%,1446,21539,22985,3456,875,571,18083
0x50fe0e,93.9095%,1437,22157,23594,20989,502,935,1168
0x5523df,59.3003%,1431,2085,3516,1034,834,597,1051
0x900631,94.0848%,1419,22570,23989,11602,667,752,10968
0xb2e818,82.322%,1410,6566,7976,4311,541,869,2255
0x8157d8,88.2393%,1390,10429,11819,8231,449,941,2198
0xb0ba8f,84.3583%,1376,7421,8797,3076,773,603,4345
0x81c6f0,89.9183%,1357,12103,13460,5816,723,634,6287
0x8fc419,87.4386%,1356,9439,10795,6083,620,736,3356
0xb2fe57,84.1554%,1346,7149,8495,1819,897,449,5330
0x900540,94.4442%,1342,22813,24155,2580,829,513,20233
0x404dd6,77.6047%,1337,4633,5970,1342,808,529,3291
0x596ec0,75.9842%,1336,4227,5563,854,942,394,3373
0x814367,80.7497%,1330,5579,6909,1957,805,525,3622
0x81a634,88.0929%,1328,9825,11153,5427,512,816,4398
0x552173,74.7446%,1310,3877,5187,1606,491,819,2271
0xa027f0,70.4597%,1298,3096,4394,2266,601,697,830
0x8ed1a5,87.6036%,1286,9088,10374,4196,640,646,4892
0x48dca1,88.8171%,1280,10166,11446,3811,652,628,6355
0x640254,87.528%,1279,8976,10255,3852,832,447,5124
0x48d830,71.4766%,1273,3190,4463,1942,660,613,1248
0x40d2b3,98.2499%,1269,71241,72510,70033,512,757,1208
0x48a6f5,61.4774%,1262,2014,3276,388,766,496,1626
0xb2fb30,93.7198%,1262,18833,20095,987,860,402,17846
0x8da710,96.9971%,1243,40150,41393,38624,155,1088,1526
0x81a5fc,89.5121%,1236,10549,11785,9980,180,1056,569
0xb3aa12,97.665%,1228,51363,52591,40718,579,649,10645
0x40d601,95.8479%,1226,28301,29527,12513,724,502,15788
0x8f58a9,88.0657%,1221,9010,10231,3108,637,584,5902
0x405288,80.1372%,1216,4906,6122,524,1048,168,4382
0x596edf,78.1593%,1215,4348,5563,1274,737,478,3074
0xa02270,72.4397%,1211,3183,4394,2415,452,759,768
0x8fe4d3,88.2278%,1205,9031,10236,7653,374,831,1378
0x80caf3,84.3535%,1204,6491,7695,5638,422,782,853
0x8b9616,97.1671%,1193,40919,42112,21041,637,556,19878
0x534534,83.6957%,1185,6083,7268,2317,579,606,3766
0xa3343b,90.9218%,1173,11748,12921,6080,588,585,5668
0x4885c5,62.9889%,1164,1981,3145,1254,521,643,727
0x8ed3d9,70.1285%,1162,2728,3890,2119,546,616,609
0xb2e75a,85.4659%,1162,6833,7995,6382,374,788,451
0x40d429,84.8239%,1159,6478,7637,4612,565,594,1866
0x8eac42,88.9724%,1144,9230,10374,4273,563,581,4957
0xb466f8,92.7884%,1139,14655,15794,4033,694,445,10622
0x40db8b,86.3838%,1136,7207,8343,366,930,206,6841
0x8ff85a,96.0962%,1135,27939,29074,13974,568,567,13965
0x55053b,89.557%,1134,9725,10859,6648,642,492,3077
0x808d27,88.1443%,1127,8379,9506,177,1051,76,8202
0x8d9cd0,96.1583%,1127,28209,29336,28084,119,1008,125
0x40d5b8,87.5676%,1127,7938,9065,6705,503,624,1233
0x8eada0,96.809%,1117,33888,35005,33875,89,1028,13
0x8ed2d0,96.8376%,1107,33898,35005,33884,80,1027,14
0x502c71,69.8552%,1103,2556,3659,471,692,411,2085
0xab28ac,87.4673%,1102,7691,8793,689,754,348,7002
0x5114b2,94.1031%,1100,17554,18654,11191,697,403,6363
0xb46644,97.6493%,1100,45694,46794,24180,525,575,21514
0x538615,82.2513%,1099,5093,6192,757,783,316,4336
0x537b45,76.7457%,1099,3627,4726,568,827,272,3059
0x8d0b76,89.6195%,1083,9350,10433,4845,587,496,4505
0x54fe93,64.0053%,1082,1924,3006,1008,549,533,916
0x51c7f1,78.5045%,1078,3937,5015,1098,614,464,2839
0x54fed8,62.3026%,1074,1775,2849,893,510,564,882
0x81899c,90.9037%,1072,10713,11785,10051,109,963,662
0x8bc76b,95.6365%,1068,23408,24476,21758,454,614,1650
0x5387d3,84.9929%,1064,6026,7090,2246,483,581,3780
0x49e754,78.2083%,1063,3815,4878,1672,284,779,2143
0x81e360,96.0996%,1062,26166,27228,25882,184,878,284
0x40f7a0,96.8005%,1060,32070,33130,1612,652,408,30458
0x40d95e,91.0754%,1054,10756,11810,3775,522,532,6981
0xb2ff56,86.3766%,1052,6670,7722,1107,622,430,5563
0x537f8e,68.508%,1049,2282,3331,362,752,297,1920
0x40d5ef,87.7403%,1046,7486,8532,2349,527,519,5137
0xaade48,93.5957%,1043,15243,16286,13711,307,736,1532
0x50380e,76.1259%,1039,3313,4352,2601,390,649,712
0x8fc3f2,92.9863%,1036,13735,14771,2701,591,445,11034
0xb3aac4,82.3227%,1032,4806,5838,4020,458,574,786
0x51b40a,77.4045%,1029,3525,4554,781,645,384,2744
0xb2fd2b,66.0803%,1022,1991,3013,880,478,544,1111
0x8e895b,92.7232%,1017,12959,13976,6911,444,573,6048
0x53db17,78.7002%,1016,3754,4770,1978,432,584,1776
0x81c6d3,94.5708%,1012,17628,18640,4476,634,378,13152
0x8dedd9,70%,1008,2352,3360,740,574,434,1612
0x40dbbb,89.747%,1005,8797,9802,8022,429,576,775
0x40d2a7,98.7807%,999,80933,81932,8876,546,453,72057
0x90dc31,98.0425%,997,49936,50933,49936,36,961,0
0x6387ec,73.7166%,983,2757,3740,1335,534,449,1422
0x81414b,91.5238%,979,10571,11550,10015,155,824,556
0x942728,90.2605%,976,9045,10021,1127,563,413,7918
0x54f6c4,81.0037%,969,4132,5101,2457,590,379,1675
0x53e4e9,90.0452%,968,8756,9724,7649,469,499,1107
0x40dbf3,88.5576%,967,7484,8451,1527,651,316,5957
0x812618,90.9741%,959,9666,10625,8870,147,812,796
0x8a946d,98.7002%,954,72442,73396,48017,441,513,24425
0x54f5c5,68.8642%,954,2110,3064,1937,350,604,173
0x8bcdd6,95.5761%,953,20589,21542,11834,423,530,8755
0x596f49,83.0667%,942,4621,5563,162,669,273,4459
0x402acb,87.083%,941,6344,7285,2409,569,372,3935
0x8189d3,91.5807%,939,10214,11153,5630,309,630,4584
0x8157a3,95.1794%,934,18441,19375,7935,418,516,10506
0x8e1210,76.7662%,934,3086,4020,2459,411,523,627
0x8ff3c3,78.7699%,932,3458,4390,931,603,329,2527
0xa0378a,91.5234%,932,10063,10995,7887,543,389,2176
0xa35580,96.4196%,928,24991,25919,24918,98,830,73
0xa30a81,92.8709%,926,12063,12989,11601,177,749,462
0x8e893c,89.3121%,926,7738,8664,4851,461,465,2887
0x58fde5,87.2625%,925,6337,7262,4279,273,652,2058
0xb2fcf7,95.9012%,923,21596,22519,8137,543,380,13459
0x596d23,72.3577%,918,2403,3321,1294,452,466,1109
0x40294a,97.0096%,915,29683,30598,20519,474,441,9164
0x805960,97.1078%,915,30722,31637,30337,78,837,385
0x40dcba,89.1965%,913,7538,8451,6298,461,452,1240
0xb2e02b,88.6443%,913,7127,8040,6951,285,628,176
0xb3aabf,87.8536%,906,6553,7459,1060,561,345,5493
0x6436bd,93.2931%,901,12533,13434,4669,417,484,7864
0xb2e7e3,77.6201%,899,3118,4017,2492,373,526,626
0x48aa84,93.5361%,897,12980,13877,5049,370,527,7931
0x8ba34c,91.839%,896,10083,10979,637,705,191,9446
0xb2fe8d,77.7584%,895,3129,4024,2210,430,465,919
0x5389e7,72.5533%,889,2350,3239,1270,493,396,1080
0xa3335b,83.377%,888,4454,5342,3500,346,542,954
0x8fe556,78.8075%,885,3291,4176,863,516,369,2428
0x40cf54,94.6308%,885,15598,16483,5929,453,432,9669
0x58fd95,89.9499%,882,7894,8776,861,554,328,7033
0x8fe8b5,85.1733%,881,5061,5942,1544,478,403,3517
0x643615,92.2372%,881,10468,11349,3487,513,368,6981
0xa037a6,91.9964%,880,10115,10995,4909,419,461,5206
0x48a5cc,75.9923%,877,2776,3653,1564,638,239,1212
0x820966,81.6391%,876,3895,4771,586,641,235,3309
0x81de08,87.4964%,874,6116,6990,3836,374,500,2280
0x5fd969,84.7951%,872,4863,5735,3666,330,542,1197
0x8bc889,96.0558%,871,21212,22083,16607,437,434,4605
0xb32253,97.0711%,866,28701,29567,403,536,330,28298
0x8d0baa,91.8297%,848,9531,10379,5813,452,396,3718
0x8e0e15,98.4257%,840,52518,53358,24996,478,362,27522
0x596f18,83.0162%,830,4057,4887,3666,300,530,391
0x48aaac,90.1868%,830,7628,8458,2617,422,408,5011
0x81c64c,88.1984%,828,6188,7016,4812,298,530,1376
0x81454d,74.2509%,825,2379,3204,1342,417,408,1037
0x502ef9,89.1047%,819,6698,7517,1279,488,331,5419
0x5fd9d6,92.9348%,819,10773,11592,7482,315,504,3291
0x596ee4,77.0552%,815,2737,3552,420,542,273,2317
0xa334e4,90.3118%,811,7560,8371,3357,464,347,4203
0xb0d512,73.1497%,809,2204,3013,1228,236,573,976
0x537be6,79.895%,804,3195,3999,338,592,212,2857
0x53fe50,83.871%,800,4160,4960,2038,463,337,2122
0x8bc970,93.6269%,796,11694,12490,3464,478,318,8230
0x8bd4b0,98.7749%,795,64096,64891,20823,479,316,43273
0x405733,94.6651%,795,14107,14902,7365,465,330,6742
0x596fa4,85.7631%,792,4771,5563,3358,409,383,1413
0x814257,87.947%,792,5779,6571,4700,304,488,1079
0xa02371,89.4527%,792,6717,7509,4530,351,441,2187
0xb0d478,65.8727%,788,1521,2309,723,396,392,798
0x643547,66.0483%,787,1531,2318,1247,307,480,284
0x8fe446,92.3843%,780,9462,10242,8281,266,514,1181
0x40e016,94.7641%,779,14099,14878,9517,495,284,4582
0x596f78,85.5059%,775,4572,5347,4299,329,446,273
0x80fcad,88.8552%,773,6163,6936,3051,405,368,3112
0xb2fd0d,95.8205%,773,17722,18495,543,520,253,17179
0x8fdec1,97.7686%,769,33693,34462,2049,503,266,31644
0x8bd21b,97.6432%,767,31777,32544,5956,392,375,25821
0x8209ce,85.4863%,764,4500,5264,1190,530,234,3310
0x8a531e,77.7226%,763,2662,3425,1915,304,459,747
0x6436a3,90.1625%,763,6993,7756,5698,316,447,1295
0x8196b8,89.4904%,761,6480,7241,5765,225,536,715
0xb30316,84.7695%,760,4230,4990,3369,399,361,861
0x8fe2b6,97.546%,758,30130,30888,824,519,239,29306
0x9001a6,90.3535%,756,7081,7837,1811,392,364,5270
0x552a66,72.8838%,756,2032,2788,916,462,294,1116
0x8e895f,94.5773%,755,13168,13923,4230,311,444,8938
0x596ca0,66.3693%,754,1488,2242,459,441,313,1029
0x8b9ab2,90.0933%,754,6857,7611,4909,324,430,1948
0x596f4e,84.1293%,751,3981,4732,688,545,206,3293
0x51c7bb,91.1337%,750,7709,8459,795,397,353,6914
0x40dd25,91.0584%,746,7597,8343,4493,355,391,3104
0x405720,95.5743%,746,16110,16856,1486,468,278,14624
0x51c2b4,75.5497%,745,2302,3047,912,289,456,1390
0x502be2,79.7486%,741,2918,3659,657,506,235,2261
0x402942,97.786%,740,32684,33424,2392,434,306,30292
0x8e4bf5,78.7905%,740,2749,3489,1333,401,339,1416
0x40d4f0,97.3058%,740,26726,27466,22545,269,471,4181
0x49e930,84.8708%,738,4140,4878,1679,277,461,2461
0x537f7e,84.4054%,737,3989,4726,884,511,226,3105
0x812638,92.6817%,733,9283,10016,5610,294,439,3673
0x6070d8,91.415%,725,7720,8445,1561,426,299,6159
0x8f53d3,84.2599%,722,3865,4587,3409,272,450,456
0x604755,96.7723%,720,21587,22307,21560,318,402,27
0x8124f3,84.4314%,716,3883,4599,3019,224,492,864
0x51b6fc,90.6779%,711,6916,7627,6049,317,394,867
0x50f9b1,66.6981%,707,1416,2123,1156,287,420,260
0x8eb7bb,75.2896%,704,2145,2849,1502,310,394,643
0xaab148,72.7449%,704,1879,2583,299,395,309,1580
0xb30309,85.9118%,703,4287,4990,590,486,217,3697
0x8fe55f,86.9944%,701,4689,5390,105,542,159,4584
0x49e198,64.5865%,698,1273,1971,361,427,271,912
0x8ed1da,92.121%,698,8161,8859,4262,284,414,3899
0x8eac8b,92.1774%,693,8166,8859,4273,273,420,3893
0x558fc5,96.3941%,692,18499,19191,110,658,34,18389
0x8a949d,98.693%,691,52179,52870,49709,163,528,2470
0x40f7c3,97.7943%,690,30592,31282,30358,277,413,234
0x537b6c,79.3756%,687,2644,3331,668,446,241,1976
0x511a8e,82.5821%,684,3243,3927,2218,232,452,1025
0xa30830,92.1674%,683,8037,8720,7819,157,526,218
0x5097c3,87.5091%,683,4785,5468,940,418,265,3845
0x40f53d,98.3546%,683,40827,41510,1462,260,423,39365
0x58f7d4,90.0655%,682,6183,6865,727,402,280,5456
0x53db4a,71.8257%,679,1731,2410,909,352,327,822
0x90ed54,63.6511%,675,1182,1857,254,396,279,928
0x53503d,85.8787%,675,4105,4780,3014,368,307,1091
0x502e83,95.6415%,673,14768,15441,7193,379,294,7575
0x49e184,79.8132%,670,2649,3319,1076,272,398,1573
0x8eb978,85.5971%,667,3964,4631,1912,338,329,2052
0x51b764,87.3934%,665,4610,5275,799,322,343,3811
0x8216f8,96.2984%,663,17248,17911,8457,362,301,8791
0xb327a4,89.7237%,662,5780,6442,3124,305,357,2656
0x8196a3,91.8596%,661,7459,8120,532,479,182,6927
0x41023b,90.7314%,659,6451,7110,594,363,296,5857
0x8bd4a6,99.0287%,657,66982,67639,2183,565,92,64799
0xa4c449,89.5684%,655,5624,6279,492,442,213,5132
0x8e9ef3,68.9048%,653,1447,2100,1128,266,387,319
0x8f5a6b,85.7765%,653,3938,4591,654,452,201,3284
0x908f19,81.8587%,652,2942,3594,1495,310,342,1447
0x8f3119,81.1382%,643,2766,3409,2278,242,401,488
0xa39340,70.0233%,643,1502,2145,1316,221,422,186
0x49fef4,95.3965%,642,13304,13946,4704,496,146,8600
0x40d0be,94.713%,641,11483,12124,4666,409,232,6817
0x609f38,90.4134%,640,6036,6676,346,451,189,5690
0x8e2350,89.5116%,640,5462,6102,2168,354,286,3294
0x54f798,68.8413%,640,1414,2054,532,246,394,882
0x604227,97.108%,640,21490,22130,21446,220,420,44
0xa3a355,70.403%,639,1520,2159,577,365,274,943
0x5427cf,92.8588%,634,8244,8878,8241,58,576,3
0x90b9c1,87.0605%,633,4259,4892,3901,136,497,358
0x49b227,87.4504%,632,4404,5036,3878,245,387,526
0xa331bb,80.7961%,632,2659,3291,1901,259,373,758
0xaae224,83.2715%,631,3141,3772,1727,264,367,1414
0x54f6fc,69.4255%,628,1426,2054,1135,207,421,291
0x4a1c54,75.9755%,628,1986,2614,863,210,418,1123
0x537b2b,88.4855%,628,4826,5454,414,314,314,4412
0xb0c01e,86.8811%,628,4159,4787,916,318,310,3243
0x5bd9e5,82.9521%,626,3046,3672,2245,235,391,801
0x807803,85.3217%,625,3633,4258,1849,360,265,1784
0x40d12a,94.8532%,624,11500,12124,644,353,271,10856
0x8e9eec,77.7461%,624,2180,2804,320,384,240,1860
0x8e1b15,97.9284%,623,29450,30073,1900,380,243,27550
0x901472,88.1559%,623,4637,5260,1166,357,266,3471
0x90ef31,66.4513%,623,1234,1857,370,361,262,864
0x48d6ef,75.7221%,622,1940,2562,344,413,209,1596
0x8d9aa9,86.6494%,620,4024,4644,3011,252,368,1013
0x812664,93.8199%,619,9397,10016,3640,523,96,5757
0xb0b3fe,87.8824%,618,4482,5100,1038,388,230,3444
0x8e9b8c,86.2483%,618,3876,4494,511,412,206,3365
0x488959,76.1868%,617,1974,2591,1161,386,231,813
0x5385ab,96.0026%,610,14650,15260,11627,330,280,3023
0x53fe59,75.2338%,609,1850,2459,265,453,156,1585
0x40d90e,94.8518%,608,11202,11810,9068,352,256,2134
0x40f59e,95.8213%,607,13919,14526,10632,289,318,3287
0x970f27,86.381%,607,3850,4457,1455,328,279,2395
0x58f7e4,89.4526%,605,5131,5736,3371,184,421,1760
0x502eb6,74.4078%,605,1759,2364,1368,208,397,391
0x51c80e,95.9311%,605,14264,14869,2744,312,293,11520
0x643afa,95.7343%,603,13533,14136,13477,203,400,56
0x596f03,70.0149%,603,1408,2011,1095,240,363,313
0x402342,88.3061%,602,4546,5148,4292,269,333,254
0x405197,92.7433%,601,7681,8282,876,254,347,6805
0x604269,95.4016%,600,12448,13048,12439,145,455,9
0x488635,69.7885%,600,1386,1986,1122,296,304,264
0x8f29a0,90.9599%,598,6017,6615,5909,153,445,108
0xb46722,94.6417%,593,10474,11067,8017,291,302,2457
0x510fb1,75.848%,591,1856,2447,388,335,256,1468
0x54f85f,71.2269%,591,1463,2054,206,384,207,1257
0xa022e7,84.3361%,591,3182,3773,736,409,182,2446
0x8e0fd9,75.6198%,590,1830,2420,1355,259,331,475
0x552413,65.8169%,590,1136,1726,429,284,306,707
0xaa4570,91.6216%,589,6441,7030,751,395,194,5690
0x54f7db,71.519%,585,1469,2054,162,428,157,1307
0x80f63f,92.1216%,583,6817,7400,4115,247,336,2702
0x8fe9c6,88.9835%,582,4701,5283,1616,313,269,3085
0xb30120,66.3389%,582,1147,1729,632,235,347,515
0x5100fa,77.7053%,581,2025,2606,570,302,279,1455
0x54f7f8,71.7624%,580,1474,2054,559,214,366,915
0x9098cc,68.8207%,579,1278,1857,560,332,247,718
0x8fdec6,98.1887%,578,31332,31910,520,442,136,30812
0xad8590,95.087%,576,11148,11724,5315,353,223,5833
0x537ba8,94.0303%,575,9057,9632,7109,306,269,1948
0x488a79,63.4456%,575,998,1573,153,373,202,845
0x8eadf5,65.9763%,575,1115,1690,192,386,189,923
0x8d9c75,79.5219%,574,2229,2803,352,400,174,1877
0x8feaaa,76.3883%,574,1857,2431,858,315,259,999
0x541321,92.7081%,573,7285,7858,489,319,254,6796
0x51b37a,78.9163%,572,2141,2713,429,397,175,1712
0xa39798,74.1994%,572,1645,2217,1214,234,338,431
0x510033,97.5799%,571,23023,23594,10227,210,361,12796
0x9441d6,97.7942%,570,25271,25841,24559,332,238,712
0xb46607,98.8064%,568,47020,47588,7354,299,269,39666
0x5523f4,65.5947%,567,1081,1648,253,382,185,828
0x547fa4,93.0155%,567,7551,8118,6682,196,371,869
0xb2fbd2,69.3016%,567,1280,1847,816,246,321,464
0x8bd5da,84.9122%,567,3191,3758,1288,326,241,1903
0x8eb6bc,97.811%,565,25246,25811,22507,455,110,2739
0x820949,89.2667%,565,4699,5264,4663,108,457,36
0x8212e8,94.8445%,562,10339,10901,6546,271,291,3793
0xb30298,91.3367%,558,5883,6441,4703,287,271,1180
0x537fec,88.2066%,557,4166,4723,3776,219,338,390
0xb4665a,98.8097%,557,46237,46794,23866,223,334,22371
0x596fce,66.7665%,555,1115,1670,379,312,243,736
0x819698,94.5585%,554,9627,10181,1680,381,173,7947
0x8ea966,67.2189%,554,1136,1690,1001,202,352,135
0x48cf5b,72.2111%,553,1437,1990,844,277,276,593
0x53fe5f,68.409%,550,1191,1741,242,350,200,949
0x541847,68.5026%,549,1194,1743,256,314,235,938
0x50ffc7,80.0656%,547,2197,2744,991,273,274,1206
0xa565e0,92.4737%,544,6684,7228,6627,74,470,57
0x96c120,81.4281%,541,2372,2913,435,345,196,1937
0x40d480,93.2549%,539,7452,7991,4439,213,326,3013
0x5576c5,88.6469%,537,4193,4730,4028,186,351,165
0x54872f,77.2206%,536,1817,2353,561,329,207,1256
0x5521b5,65.0295%,534,993,1527,842,197,337,151
0x8bc92d,95.7979%,533,12151,12684,6899,303,230,5252
0x4a1bc4,79.6098%,533,2081,2614,820,253,280,1261
0xb0d4c8,62.5439%,533,890,1423,154,373,160,736
0x402921,94.4433%,531,9025,9556,7874,302,229,1151
0x49ff22,93.9401%,530,8216,8746,3947,226,304,4269
0xaab176,91.7163%,529,5857,6386,3116,246,283,2741
0x51034a,91.1641%,526,5427,5953,423,291,235,5004
0x596e40,69.9885%,524,1222,1746,145,312,212,1077
0x4b5a82,83.6722%,522,2675,3197,1731,211,311,944
0x8da6a5,87.5745%,521,3672,4193,2729,188,333,943
0x596b84,77.6003%,519,1798,2317,77,309,210,1721
0x9a9a8f,71.156%,514,1268,1782,160,381,133,1108
0x8d9c1f,75.9155%,513,1617,2130,317,342,171,1300
0x819621,95.1463%,511,10017,10528,9977,105,406,40
0x4101a9,94.2503%,510,8360,8870,1479,252,258,6881
0xb3aa28,95.4932%,509,10785,11294,6150,245,264,4635
0x81c644,93.4994%,509,7321,7830,527,287,222,6794
0x6387f5,72.9022%,507,1364,1871,1046,219,288,318
0x596eaf,83.5816%,507,2581,3088,625,321,186,1956
0x81e2eb,73.1746%,507,1383,1890,714,255,252,669
0x51b7df,87.829%,504,3637,4141,65,406,98,3572
0x8ba0bb,98.1399%,503,26538,27041,13915,162,341,12623
0x8fd397,87.3072%,502,3453,3955,258,306,196,3195
0x40d5e9,95.0218%,502,9582,10084,1222,330,172,8360
0x77ff6e,68.9356%,502,1114,1616,140,349,153,974
0x5097d3,87.7859%,502,3608,4110,2093,226,276,1515
0x8f56ff,95.375%,502,10352,10854,4269,205,297,6083
0x81b390,95.7942%,501,11411,11912,11385,25,476,26
0x909910,73.021%,501,1356,1857,389,261,240,967
0x8eae17,70.4142%,500,1190,1690,1012,165,335,178
0x8ba0c6,96.1432%,500,12464,12964,2973,319,181,9491
0x49b307,90.1509%,496,4540,5036,3937,186,310,603
0x8fe00b,87.7692%,494,3545,4039,801,299,195,2744
0x90998d,73.398%,494,1363,1857,479,252,242,884
0x511927,95.6034%,494,10742,11236,571,277,217,10171
0x8e263e,90.654%,493,4782,5275,2250,287,206,2532
0x908e17,88.4651%,493,3781,4274,3232,149,344,549
0x812633,86.1486%,492,3060,3552,2414,139,353,646
0x50742e,69.3125%,491,1109,1600,921,208,283,188
0x80728c,97.0343%,491,16065,16556,1567,297,194,14498
0x8dcda0,78.6864%,490,1809,2299,1521,155,335,288
0x5df23e,68.4278%,490,1062,1552,572,285,205,490
0x9008b6,82.1141%,489,2245,2734,898,281,208,1347
0x8b9700,97.6118%,488,19946,20434,17555,151,337,2391
0x6279d9,66.5522%,487,969,1456,115,315,172,854
0x503cd3,77.5208%,486,1676,2162,1496,168,318,180
0x8b97c6,99.1498%,485,56560,57045,40565,161,324,15995
0x8ebb00,96.8671%,485,14996,15481,14992,54,431,4
0x8fd3bf,85.2022%,483,2781,3264,533,224,259,2248
0x8bd6a8,84.5784%,481,2638,3119,648,314,167,1990
0x58fd86,95.2452%,480,9615,10095,1022,297,183,8593
0x64b460,97.7332%,479,20652,21131,16845,215,264,3807
0x66d3c2,81.8423%,479,2159,2638,456,272,207,1703
0x49fd14,76.1239%,478,1524,2002,601,209,269,923
0xa333b8,89.5385%,476,4074,4550,1535,244,232,2539
0x4a1e07,67.3077%,476,980,1456,145,285,191,835
0x40f420,92.581%,476,5940,6416,1794,190,286,4146
0x5e37a4,68.4559%,476,1033,1509,631,224,252,402
0x8e1326,88.6901%,474,3717,4191,1989,225,249,1728
0x8ed1cb,90.6188%,473,4569,5042,3627,190,283,942
0x8e01c7,84.2805%,473,2536,3009,1237,263,210,1299
0x48af74,67.2677%,472,970,1442,111,319,153,859
0xb0cc63,94.9149%,472,8810,9282,1561,323,149,7249
0xa30480,92.9076%,472,6183,6655,5997,104,368,186
0x64ad24,97.807%,471,21006,21477,79,363,108,20927
0x8fe3aa,96.9825%,470,15106,15576,8169,279,191,6937
0x537fd4,95.1204%,470,9162,9632,7155,260,210,2007
0x604b67,88.2456%,469,3521,3990,1730,265,204,1791
0x542477,79.5107%,469,1820,2289,1182,203,266,638
0x808c77,78.5386%,467,1709,2176,675,273,194,1034
0x5413f3,97.2423%,466,16432,16898,1621,364,102,14811
0x820a19,73.0233%,464,1256,1720,1018,209,255,238
0x552196,69.5395%,463,1057,1520,207,315,148,850
0x8d9d0b,68.5928%,462,1009,1471,274,276,186,735
0x811718,89.4617%,462,3922,4384,204,414,48,3718
0x8e9689,67.2805%,462,950,1412,72,380,82,878
0x5118a2,92.1729%,460,5417,5877,258,273,187,5159
0x5103dc,91.9057%,460,5223,5683,3539,237,223,1684
0x8145d6,85.6742%,459,2745,3204,2571,99,360,174
0x8fc427,88.783%,459,3633,4092,536,246,213,3097
0x51034f,91.2579%,458,4781,5239,4287,179,279,494
0x8a540b,70.1823%,458,1078,1536,1036,110,348,42
0x6437e8,68.1976%,457,980,1437,69,273,184,911
0xa3a03d,70.3318%,456,1081,1537,781,218,238,300
0x8350a1,92.4202%,456,5560,6016,1122,249,207,4438
0x596d45,71.1111%,455,1120,1575,546,277,178,574
0x8e0f32,99.151%,453,52905,53358,51078,66,387,1827
0xb4660c,99.0319%,453,46341,46794,45139,220,233,1202
0x8eb9db,88.3338%,453,3430,3883,1788,201,252,1642
0x8ea9a9,73.2544%,452,1238,1690,191,274,178,1047
0x51b462,90.055%,452,4093,4545,3546,231,221,547
0x5118c7,91.5825%,450,4896,5346,1888,272,178,3008
0xb2ffa6,82.752%,450,2159,2609,1273,244,206,886
0x81d1de,95.3912%,450,9314,9764,9292,30,420,22
0x5bdb7a,92.7382%,449,5734,6183,3042,272,177,2692
0x8fe262,98.5262%,449,30016,30465,53,284,165,29963
0x53e2a2,93.4555%,443,6326,6769,138,358,85,6188
0xa2fbb0,93.8016%,443,6704,7147,6481,82,361,223
0x9f27e6,68.7412%,442,972,1414,581,239,203,391
0x50bf13,71.044%,441,1082,1523,932,188,253,150
0x5bbb84,88.5685%,440,3409,3849,3366,48,392,43
0xb2df4d,96.5965%,438,12431,12869,12040,132,306,391
0x596cad,67.4367%,437,905,1342,177,312,125,728
0x5c6b31,87.7831%,437,3140,3577,1802,189,248,1338
0x908808,94.8938%,435,8084,8519,3895,260,175,4189
0xb2fd46,78.0142%,434,1540,1974,1413,256,178,127
0x49ee2f,87.1484%,434,2943,3377,2710,133,301,233
0x53c760,96.7909%,434,13090,13524,12952,47,387,138
0x41034d,95.0679%,432,8327,8759,3019,158,274,5308
0x5bd46b,95.9978%,431,10338,10769,7613,260,171,2725
0x9ab7a7,65.3258%,431,812,1243,617,175,256,195
0x596e2a,82.6667%,429,2046,2475,1227,240,189,819
0x50231b,78.869%,426,1590,2016,1396,176,250,194
0x8ec947,91.4641%,425,4554,4979,479,249,176,4075
0x627f3f,70.8791%,424,1032,1456,113,317,107,919
0x8e8934,98.1272%,424,22216,22640,13777,199,225,8439
0x403abe,88.8684%,422,3369,3791,2111,177,245,1258
0x5bbcad,87.727%,419,2995,3414,766,326,93,2229
0x40d469,82.8536%,417,2015,2432,306,203,214,1709
0x48a677,75.9259%,416,1312,1728,790,244,172,522
0xb2dfd3,72.9695%,416,1123,1539,1033,217,199,90
0x404fee,97.5996%,412,16752,17164,16704,152,260,48
0x596cbe,69.2996%,412,930,1342,187,217,195,743
0xa335e9,80.2113%,412,1670,2082,421,233,179,1249
0x8224ad,80.2404%,411,1669,2080,1132,190,221,537
0xb2fbb3,77.7477%,411,1436,1847,713,249,162,723
0x5017da,89.9707%,411,3687,4098,1029,238,173,2658
0x5412c2,94.7824%,410,7448,7858,5019,179,231,2429
0x8dda33,74.4215%,409,1190,1599,663,195,214,527
0x901613,91.283%,409,4283,4692,3694,131,278,589
0x50d2b0,90.9932%,409,4132,4541,2589,161,248,1543
0x502360,79.7619%,408,1608,2016,1535,147,261,73
0xaa4569,95.2403%,407,8144,8551,1306,215,192,6838
0x8bd1eb,96.0464%,406,9863,10269,3704,210,196,6159
0x53450f,92.9733%,406,5372,5778,2638,244,162,2734
0x40d436,84.4828%,405,2205,2610,1886,205,200,319
0xa25d04,85.2244%,405,2336,2741,836,177,228,1500
0x8a8e6a,85.5197%,404,2386,2790,633,283,121,1753
0x8ed1e0,95.5951%,403,8746,9149,3103,198,205,5643
0xa3963c,81.1445%,402,1730,2132,319,284,118,1411
0x9a9a1b,85.6425%,400,2386,2786,2081,159,241,305
0x8143b4,90.4027%,398,3749,4147,3643,96,302,106
0x9ab07e,68.0611%,397,846,1243,272,229,168,574
0x65a35e,90.7086%,396,3866,4262,2129,208,188,1737
0x40d4fe,91.4875%,396,4256,4652,3505,218,178,751
0x81417f,86.184%,395,2464,2859,1685,176,219,779
0x5f528d,89.7082%,395,3443,3838,432,354,41,3011
0xa5fa91,73.7367%,395,1109,1504,836,191,204,273
0x90cf21,86.4976%,394,2524,2918,2380,89,305,144
0x8f58b3,93.9254%,394,6092,6486,2389,223,171,3703
0x8a93c2,87.3377%,390,2690,3080,1397,213,177,1293
0x8bcf16,90.1348%,388,3545,3933,29,303,85,3516
0x90f260,78.9445%,387,1451,1838,1399,131,256,52
0x40ffc6,93.1298%,387,5246,5633,4202,256,131,1044
0x8d2648,89.0647%,387,3152,3539,1573,218,169,1579
0x402adb,91.0378%,386,3921,4307,3196,207,179,725
0x5389cb,93.4197%,386,5480,5866,4538,184,202,942
0x510471,91.6595%,386,4242,4628,3263,176,210,979
0xb2fd8b,71.5758%,386,972,1358,144,175,211,828
0x6278fb,83.7003%,385,1977,2362,127,286,99,1850
0x819707,96.3431%,385,10143,10528,10131,68,317,12
0x542de3,83.6804%,384,1969,2353,197,277,107,1772
0x5097eb,83.4411%,384,1935,2319,468,227,157,1467
0x5d7f22,69.1566%,384,861,1245,363,238,146,498
0x90b936,81.6131%,383,1700,2083,891,231,152,809
0x901fda,91.8372%,383,4309,4692,3474,135,248,835
0x8d23bc,92.0341%,383,4425,4808,363,252,131,4062
0xa3a447,68.2947%,383,825,1208,141,258,125,684
0x8e0bf5,99.1134%,382,42702,43084,20474,232,150,22228
0x8d11d4,95.2493%,382,7659,8041,2152,149,233,5507
0x8157e4,96.5675%,382,10747,11129,8525,143,239,2222
0x8e2aa6,96.5908%,382,10823,11205,5565,258,124,5258
0xad7dfa,88.9341%,381,3062,3443,2692,171,210,370
0x8124e5,93.0173%,380,5062,5442,634,209,171,4428
0x8ed275,83.5717%,379,1928,2307,280,220,159,1648
0x8ead32,83.6584%,377,1930,2307,298,202,175,1632
0x9ab3a3,74.1604%,377,1082,1459,523,221,156,559
0x821479,89.2202%,376,3112,3488,1385,117,259,1727
0x8d283b,87.1672%,376,2554,2930,1670,89,287,884
0x50c6d6,90.3821%,375,3524,3899,1307,172,203,2217
0x81e86c,92.7564%,375,4802,5177,4553,19,356,249
0x534390,96.7439%,375,11142,11517,5548,191,184,5594
0x8b9558,98.1703%,374,20066,20440,19403,185,189,663
0x5346cf,96.7526%,374,11143,11517,11098,104,270,45
0x596e51,78.6369%,373,1373,1746,57,264,109,1316
0x8e37aa,83.7756%,373,1926,2299,416,207,166,1510
0x598f9c,93.9659%,372,5793,6165,44,246,126,5749
0xa41acc,87.9142%,372,2706,3078,1296,182,190,1410
0x40d152,98.0358%,372,18567,18939,10872,255,117,7695
0x53db1c,84.2373%,372,1988,2360,169,246,126,1819
0x8dedb4,90.1565%,371,3398,3769,178,231,140,3220
0x5385ee,92.5948%,371,4639,5010,12,346,25,4627
0x53dba6,94.5191%,371,6398,6769,6306,96,275,92
0xb46633,99.2072%,371,46423,46794,44479,131,240,1944
0x8e9f58,84.5382%,370,2023,2393,451,246,124,1572
0x53e322,90.0484%,370,3348,3718,346,210,160,3002
0x8350c7,92.056%,369,4276,4645,3988,167,202,288
0x4885f3,86.7673%,368,2413,2781,1790,196,172,623
0xa3349f,95.6158%,367,8004,8371,2028,190,177,5976
0x4b5af1,88.6166%,367,2857,3224,1528,198,169,1329
0xb0d49b,69.1597%,367,823,1190,548,166,201,275
0x5cb05a,88.5599%,367,2841,3208,2099,217,150,742
0x8e23ca,96.7336%,366,10839,11205,5265,189,177,5574
0x8fd3cf,85.4009%,366,2141,2507,1431,185,181,710
0x7cc117,80.8901%,365,1545,1910,357,270,95,1188
0x8e3794,84.1235%,365,1934,2299,1368,153,212,566
0x548cc9,82.6932%,365,1744,2109,851,191,174,893
0x8f6905,64.5287%,365,664,1029,518,147,218,146
0x59698a,61.7647%,364,588,952,423,176,188,165
0x54833b,97.4277%,364,13787,14151,1054,183,181,12733
0x62797b,69.6919%,364,837,1201,44,265,99,793
0x8d2898,87.6824%,363,2584,2947,1390,181,182,1194
0x6041c5,98.3772%,362,21945,22307,13,48,314,21932
0x8da615,78.4818%,360,1313,1673,71,253,107,1242
0x8f4501,77.1338%,359,1211,1570,863,126,233,348
0x951878,94.5557%,359,6235,6594,6186,67,292,49
0x8fe26b,98.8117%,358,29770,30128,28114,175,183,1656
0x54f725,64.8675%,358,661,1019,244,195,163,417
0x9abb1e,67.4863%,357,741,1098,173,234,123,568
0x596d34,77.3333%,357,1218,1575,899,190,167,319
0x81effe,86.9565%,357,2380,2737,1708,138,219,672
0x512ce9,96.5029%,356,9824,10180,5323,188,168,4501
0x502e9d,95.4638%,355,7471,7826,205,208,147,7266
0xa309fc,81.2533%,353,1530,1883,1274,120,233,256
0x501621,89.7234%,353,3082,3435,1070,207,146,2012
0x5be1b4,78.632%,353,1299,1652,710,127,226,589
0x596dbb,60.7778%,353,547,900,156,222,131,391
0x8b9760,98.2779%,352,20088,20440,3847,274,78,16241
0x50c6e8,85.4545%,352,2068,2420,1156,243,109,912
0x4c4af3,93.0899%,352,4742,5094,2425,181,171,2317
0x501710,90.857%,351,3488,3839,3477,67,284,11
0x8e0f78,87.8049%,350,2520,2870,224,226,124,2296
0x8da201,94.0758%,350,5558,5908,5431,82,268,127
0xa35852,85.4349%,350,2053,2403,1059,174,176,994
0x909131,81.2062%,349,1508,1857,491,159,190,1017
0x81c659,81.6894%,349,1557,1906,550,189,160,1007
0x8b9a03,97.6007%,348,14156,14504,13259,123,225,897
0x8ff3ba,92.6224%,348,4369,4717,101,226,122,4268
0x609edf,95.7618%,348,7863,8211,2283,226,122,5580
0x8058db,83.9128%,347,1810,2157,975,135,212,835
0x60b13f,95.5536%,345,7414,7759,239,240,105,7175
0x534e2a,95.5501%,345,7408,7753,4639,130,215,2769
0x821680,98.0374%,345,17234,17579,2049,275,70,15185
0x537fb4,96.3176%,345,9024,9369,7074,170,175,1950
0x609f7b,90.1344%,345,3152,3497,328,209,136,2824
0xa307ab,71.5702%,344,866,1210,689,143,201,177
0x8350fb,73.9985%,344,979,1323,679,154,190,300
0xa17fc7,64.7179%,344,631,975,142,233,111,489
0x8e50eb,91.7919%,344,3847,4191,2029,185,159,1818
0x951d42,98.2845%,344,19709,20053,19330,86,258,379
0xb14966,91.9446%,343,3915,4258,3650,95,248,265
0x554e08,77.2395%,343,1164,1507,76,213,130,1088
0x8e4d71,80.2768%,342,1392,1734,1198,144,198,194
0x555597,77.4917%,341,1174,1515,32,265,76,1142
0x8b997e,98.739%,341,26700,27041,26254,134,207,446
0x9007e3,90.8775%,341,3397,3738,386,193,148,3011
0x40d371,86.4919%,340,2177,2517,1268,195,145,909
0x8bc7bd,98.615%,339,24137,24476,22712,137,202,1425
0x977a78,61.5646%,339,543,882,372,194,145,171
0xa39c7d,77.944%,339,1198,1537,244,205,134,954
0x40ff93,93.625%,338,4964,5302,1642,161,177,3322
0x40d5ca,90.7346%,338,3310,3648,495,190,148,2815
0x9f199d,61.4857%,337,538,875,403,140,197,135
0x81c197,78.0249%,336,1193,1529,178,185,151,1015
0x8e277d,97.0013%,336,10869,11205,5660,163,173,5209
0x8ed246,72.6531%,335,890,1225,150,205,130,740
0x5fd644,91.6832%,335,3693,4028,277,255,80,3416
0x8eac7c,93.3955%,333,4709,5042,3659,158,175,1050
0x8da5dc,80.0956%,333,1340,1673,698,161,172,642
0x5116b0,91.1063%,332,3401,3733,2130,121,211,1271
0x604c02,83.3584%,332,1663,1995,1597,143,189,66
0xa34960,97.7082%,331,14112,14443,12944,98,233,1168
0x40e645,85.5836%,331,1965,2296,1602,195,136,363
0x510460,94.4398%,331,5622,5953,1130,195,136,4492
0x545681,68.5361%,331,721,1052,407,154,177,314
0x510029,87.9373%,331,2413,2744,440,203,128,1973
0xa54c54,80.0965%,330,1328,1658,400,190,140,928
0x40f54b,99.1674%,329,39187,39516,1499,266,63,37688
0x8bd6b4,84.7473%,329,1828,2157,1785,97,232,43
0x5481cf,96.933%,329,10398,10727,3676,182,147,6722
0x5345c0,94.2673%,329,5410,5739,2763,192,137,2647
0x8f3f63,85.6706%,328,1961,2289,383,217,111,1578
0x8bd4c0,99.2475%,328,43261,43589,8865,175,153,34396
0x8be3aa,75.7755%,328,1026,1354,218,195,133,808
0xada7a3,95.2887%,328,6634,6962,5856,137,191,778
0x51030d,70.4505%,328,782,1110,521,143,185,261
0xa2719c,90.4094%,328,3092,3420,180,198,130,2912
0x90ba07,80.767%,326,1369,1695,979,143,183,390
0x8ead01,73.3878%,326,899,1225,162,193,133,737
0xa393a4,78.8723%,326,1217,1543,514,122,204,703
0x4bc4d5,81.1703%,325,1401,1726,341,181,144,1060
0x555e72,68.1685%,325,696,1021,471,138,187,225
0x8daabf,76.4322%,325,1054,1379,202,216,109,852
0x81a695,97.5844%,324,13089,13413,98,277,47,12991
0x81a7a9,94.5683%,324,5641,5965,5448,70,254,193
0x90b99f,71.123%,324,798,1122,63,204,120,735
0x4a78c1,80.6703%,323,1348,1671,507,159,164,841
0x8d9aef,92.4427%,323,3951,4274,1235,145,178,2716
0x8eac8f,96.4696%,323,8826,9149,3118,183,140,5708
0x50c0a4,83.563%,322,1637,1959,1186,157,165,451
0x503168,95.8855%,322,7504,7826,3772,168,154,3732
0x81a62e,87.8317%,321,2317,2638,1501,144,177,816
0x5116d1,71.1071%,321,790,1111,514,155,166,276
0x5411a5,97.3077%,321,11602,11923,9684,166,155,1918
0x8f5a98,71.0669%,320,786,1106,182,208,112,604
0xb3aacb,94.5358%,319,5519,5838,2058,187,132,3461
0x8d9d1a,75.444%,318,977,1295,368,179,139,609
0x819d43,76.5185%,317,1033,1350,371,172,145,662
0x548cf1,95.1566%,317,6228,6545,5915,103,214,313
0x9aad68,76.3609%,317,1024,1341,428,120,197,596
0x8059ef,76.7766%,317,1048,1365,63,216,101,985
0x8fedc6,89.2177%,317,2623,2940,2187,113,204,436
0x54573a,76.8158%,316,1047,1363,123,216,100,924
0x8b94ae,98.4593%,315,20130,20445,415,198,117,19715
0x81ef10,77.4839%,315,1084,1399,860,164,151,224
0x8ec95b,92.59%,315,3936,4251,1210,198,117,2726
0x81ef30,74.1167%,315,902,1217,784,58,257,118
0x81bdd6,76.9963%,314,1051,1365,155,250,64,896
0x40f5e3,97.1248%,314,10607,10921,6733,138,176,3874
0x596dcc,65.1111%,314,586,900,146,141,173,440
0x4894ab,85.334%,314,1827,2141,1351,146,168,476
0x503984,81.918%,313,1418,1731,173,197,116,1245
0x53dc3b,98.1854%,313,16936,17249,106,261,52,16830
0x90f23f,89.6208%,312,2694,3006,2548,150,162,146
0x58f73a,77.8723%,312,1098,1410,267,203,109,831
0x405299,94.4126%,312,5272,5584,4497,211,101,775
0x64b597,98.5651%,312,21431,21743,4770,151,161,16661
0x8e2ab3,94.2215%,311,5071,5382,1478,201,110,3593
0xb09e0a,90.6071%,311,3000,3311,279,109,202,2721
0x609fb6,89.4932%,311,2649,2960,326,220,91,2323
0x5075ed,88.2642%,311,2339,2650,151,199,112,2188
0x80fb2f,97.5291%,310,12236,12546,6338,100,210,5898
0x4894d5,86.9253%,310,2061,2371,569,209,101,1492
0x8e2164,85.5208%,310,1831,2141,738,194,116,1093
0x60a726,81.9453%,310,1407,1717,224,215,95,1183
0x54f7a6,84.9075%,310,1744,2054,1001,166,144,743
0x58f826,95.3139%,309,6285,6594,5655,111,198,630
0x63c766,67.846%,309,652,961,255,171,138,397
0x8a5333,76.8713%,309,1027,1336,930,138,171,97
0x808db5,85.7996%,309,1867,2176,1058,170,139,809
0xb2fdad,70.2599%,309,730,1039,269,152,157,461
0x817ed9,83.5996%,308,1570,1878,980,108,200,590
0x58f6a9,78.227%,307,1103,1410,262,208,99,841
0x643228,99.5339%,307,65565,65872,65546,60,247,19
0x8dedff,85.0367%,306,1739,2045,1640,117,189,99
0x96c129,86.406%,306,1945,2251,1805,81,225,140
0x40d033,97.825%,306,13763,14069,1294,139,167,12469
0x817c26,83.7593%,305,1573,1878,1462,78,227,111
0x410174,95.1741%,305,6015,6320,501,183,122,5514
0xa3320e,88.447%,305,2335,2640,374,198,107,1961
0x545b0e,94.5215%,304,5245,5549,2365,188,116,2880
0x90f282,89.8869%,304,2702,3006,2272,130,174,430
0x8ed85d,67.7282%,304,638,942,347,141,163,291
0xb46738,95.9391%,304,7182,7486,6708,145,159,474
0x510497,89.5337%,303,2592,2895,845,170,133,1747
0x8a5dd0,63.494%,303,527,830,376,140,163,151
0x8d0bae,96.8259%,303,9243,9546,259,189,114,8984
0x40d2b5,84.5802%,303,1662,1965,1119,147,156,543
0x8e0a85,88.3641%,303,2301,2604,615,195,108,1686
0xb0b160,53.3951%,302,346,648,166,177,125,180
0x5bbadb,92.8198%,302,3904,4206,3814,35,267,90
0x8d9d39,76.6795%,302,993,1295,186,188,114,807
0x8227e2,94.9224%,301,5627,5928,5341,153,148,286
0x596f63,63.7786%,301,530,831,430,185,116,100
0x40e0c4,97.3169%,300,10881,11181,752,192,108,10129
0x81d19a,74.271%,300,866,1166,445,163,137,421
0x8076bc,92.2118%,300,3552,3852,3509,50,250,43
0x5906ae,88.4704%,300,2302,2602,1248,195,105,1054
0x4c436f,88.3838%,299,2275,2574,1501,123,176,774
0x537bc6,91.0237%,299,3032,3331,45,217,82,2987
0x90f293,90.0532%,299,2707,3006,859,188,111,1848
0x8e2607,84.3864%,299,1616,1915,776,141,158,840
0x48e9e1,64.0531%,298,531,829,343,122,176,188
0x512de6,92.9767%,298,3945,4243,3866,70,228,79
0x51193e,97.3567%,297,10939,11236,10939,85,212,0
0x5c6b8e,91.6173%,297,3246,3543,1993,155,142,1253
0x8dda9b,64.0436%,297,529,826,242,172,125,287
0x98cd52,92.1241%,297,3474,3771,1709,153,144,1765
0x402020,75.042%,297,893,1190,147,181,116,746
0x8a935b,90.3571%,297,2783,3080,2623,94,203,160
0x808bba,80.9371%,297,1261,1558,1142,86,211,119
0x8e134f,84.967%,296,1673,1969,149,196,100,1524
0xb2df2a,89.1136%,296,2423,2719,2249,121,175,174
0x40d46e,84.6074%,296,1627,1923,224,117,179,1403
0x40f703,99.7395%,295,112958,113253,37550,201,94,75408
0x604207,98.6775%,295,22012,22307,0,177,118,22012
0x643049,82.907%,294,1426,1720,1247,129,165,179
0x509aaf,74.1197%,294,842,1136,473,143,151,369
0x507703,75.7249%,293,914,1207,760,136,157,154
0xad7e4c,49.4828%,293,287,580,133,159,134,154
0x53c610,82.1668%,293,1350,1643,517,139,154,833
0x40ddc6,96.5001%,292,8051,8343,3422,201,91,4629
0x8bccdd,96.4559%,292,7947,8239,5660,174,118,2287
0x8db656,75.4002%,292,895,1187,853,82,210,42
0x446512,93.3394%,291,4078,4369,2166,206,85,1912
0x8e267e,94.4834%,291,4984,5275,2517,164,127,2467
0x9694f6,87.8141%,291,2097,2388,111,212,79,1986
0xa26458,89.1741%,291,2397,2688,872,141,150,1525
0x8fbf05,86.3658%,290,1837,2127,136,188,102,1701
0xb3014a,66.7816%,289,581,870,227,131,158,354
0x541870,83.4194%,289,1454,1743,420,150,139,1034
0x8d266e,96.5344%,289,8050,8339,1736,152,137,6314
0x97841e,62.9487%,289,491,780,364,114,175,127
0x595daa,77.8204%,289,1014,1303,164,182,107,850
0x8189cf,89.0826%,288,2350,2638,1528,117,171,822
0x60dd2b,71.8075%,287,731,1018,116,204,83,615
0x81d5f0,96.5225%,287,7966,8253,7921,14,273,45
0x596c13,87.6565%,286,2031,2317,907,80,206,1124
0x8da6f1,92.519%,286,3537,3823,1067,142,144,2470
0x5030de,96.2546%,286,7350,7636,1093,173,113,6257
0x816bcf,93.9458%,286,4438,4724,3388,101,185,1050
0x6435f2,97.5498%,284,11307,11591,11144,205,79,163
0x40d379,88.7962%,282,2235,2517,1868,168,114,367
0x558fe5,63.2812%,282,486,768,238,151,131,248
0x510f8d,90.0844%,282,2562,2844,171,211,71,2391
0xb313b3,56.4815%,282,366,648,276,112,170,90
0x8f4997,94.5168%,282,4861,5143,2470,168,114,2391
0x6432b9,80.7798%,281,1181,1462,1132,117,164,49
0x40e289,84.2135%,281,1499,1780,527,163,118,972
0x48aef4,58.6765%,281,399,680,341,124,157,58
0x4c4a6b,94.5033%,280,4814,5094,1693,146,134,3121
0x90cea1,80.569%,280,1161,1441,479,120,160,682
0x59063b,92.3267%,279,3357,3636,197,211,68,3160
0x8ba35c,97.1049%,279,9358,9637,116,190,89,9242
0x8da63d,86.8891%,279,1849,2128,1570,190,89,279
0x611734,77.5723%,279,965,1244,384,129,150,581
0x816c78,77.4089%,279,956,1235,465,129,150,491
0x8fe577,94.8237%,279,5111,5390,4842,131,148,269
0x8ec2d9,82.218%,279,1290,1569,298,172,107,992
0xb4661c,99.4038%,279,46515,46794,35482,160,119,11033
0x8a554c,97.4655%,279,10729,11008,10729,53,226,0
0x552378,64.8615%,279,515,794,242,105,174,273
0xa39eaa,80.8672%,278,1175,1453,62,207,71,1113
0xb2fd61,61.708%,278,448,726,371,154,124,77
0x402bdf,85.0915%,277,1581,1858,917,82,195,664
0x40e02a,97.5221%,277,10902,11179,10866,99,178,36
0x404ee6,75.4867%,277,853,1130,235,197,80,618
0x805ec8,74.6104%,277,814,1091,482,128,149,332
0x90144d,94.7338%,277,4983,5260,184,194,83,4799
0x64b6cc,98.9319%,276,25565,25841,24741,150,126,824
0x5122f7,91.6817%,276,3042,3318,1086,157,119,1956
0x50ffed,81.3514%,276,1204,1480,380,134,142,824
0x98b33f,63.4437%,276,479,755,370,116,160,109
0x8eb9bd,87.3684%,276,1909,2185,1582,116,160,327
0x8fd434,91.2448%,275,2866,3141,490,166,109,2376
0xb31bd3,98.7324%,274,21341,21615,0,0,274,21341
0x51c82f,97.6805%,274,11539,11813,11532,34,240,7
0x4894e6,82.8625%,273,1320,1593,607,112,161,713
0x53de24,94.0171%,273,4290,4563,3939,98,175,351
0x55606d,73.2615%,273,748,1021,703,78,195,45
0x8fd641,87.9789%,273,1998,2271,1033,121,152,965
0x8e9f3c,89.0587%,272,2214,2486,2105,94,178,109
0x8e4bfe,84.5014%,272,1483,1755,1013,137,135,470
0x63ab75,66.8697%,272,549,821,327,116,156,222
0xa45c73,77.5207%,272,938,1210,170,174,98,768
0x668103,88.0911%,272,2012,2284,1648,96,176,364
0x8eb9df,93.4363%,272,3872,4144,1185,118,154,2687
0xaade6c,98.3072%,271,15738,16009,8841,103,168,6897
0x554642,77.7504%,271,947,1218,44,214,57,903
0x511612,88.9433%,271,2180,2451,552,69,202,1628
0xaab161,96.28%,270,6988,7258,709,163,107,6279
0x8da35c,81.6451%,270,1201,1471,312,161,109,889
0xb2e791,78.2082%,270,969,1239,816,142,128,153
0x8fd3dc,83.2921%,270,1346,1616,830,146,124,516
0x40deb6,97.5852%,270,10911,11181,420,103,167,10491
0x81a61e,91.7737%,269,3001,3270,480,152,117,2521
0x5102c5,76.1101%,269,857,1126,747,87,182,110
0x558f8b,78.8688%,269,1004,1273,374,135,134,630
0x8da527,83.9211%,269,1404,1673,374,157,112,1030
0x51020e,79.5107%,268,1040,1308,253,131,137,787
0x50181f,91.7462%,268,2979,3247,2160,92,176,819
0x502213,80.7081%,267,1117,1384,75,148,119,1042
0x8e0d96,99.3803%,267,42817,43084,41157,68,199,1660
0x555eb7,75.3932%,266,815,1081,753,87,179,62
0x81e446,77.8148%,266,933,1199,213,178,88,720
0x818a71,97.615%,266,10887,11153,48,247,19,10839
0x58b718,87.2788%,266,1825,2091,626,124,142,1199
0x5101ec,79.5069%,266,1032,1298,568,160,106,464
0x8e91bb,81.1615%,266,1146,1412,279,173,93,867
0x48b400,94.7795%,264,4793,5057,4793,51,213,0
0x8e26d6,86.9501%,264,1759,2023,431,162,102,1328
0x60a7ea,84.2857%,264,1416,1680,1176,82,182,240
0x511632,93.9995%,263,4120,4383,181,154,109,3939
0x489499,87.716%,263,1878,2141,164,96,167,1714
0x4bc3f6,86.1067%,263,1630,1893,782,157,106,848
0x5bcacf,71.2404%,262,649,911,503,103,159,146
0xb0bfe7,94.7049%,262,4686,4948,4684,30,232,2
0x5389f3,80.1815%,262,1060,1322,340,157,105,720
0x90ef19,90.7381%,261,2557,2818,781,180,81,1776
0xa3a462,67.7379%,261,548,809,340,104,157,208
0xa03885,97.6353%,260,10735,10995,3446,189,71,7289
0x8f5d51,74.4346%,260,757,1017,93,176,84,664
0x540c9e,85.2506%,259,1497,1756,373,161,98,1124
0x48cf64,70.1956%,259,610,869,29,172,87,581
0x64b4aa,98.4818%,259,16801,17060,15626,145,114,1175
0x64b465,93.6379%,259,3812,4071,3644,124,135,168
0x81e33f,84.5373%,259,1416,1675,375,138,121,1041
0x81f703,83.9752%,258,1352,1610,512,121,137,840
0xa358a3,94.2539%,258,4232,4490,1018,197,61,3214
0x47f272,75.9328%,258,814,1072,208,91,167,606
0xa17ffc,57.1667%,257,343,600,118,143,114,225
0xb2e6ee,96.7855%,257,7738,7995,7564,117,140,174
0x90018b,96.936%,256,8099,8355,203,65,191,7896
0x643819,76.621%,256,839,1095,823,113,143,16
0x534e0b,96.6981%,256,7497,7753,1634,151,105,5863
0x48ae7c,95.2759%,256,5163,5419,4473,55,201,690
0x809f67,84.95%,256,1445,1701,1029,111,145,416
0x8bc78b,98.9541%,256,24220,24476,951,159,97,23269
0x81f118,86.722%,256,1672,1928,966,101,155,706
0x4bb335,93.8643%,255,3901,4156,3645,80,175,256
0x8ec3a3,69.1657%,255,572,827,395,108,147,177
0x5e599e,83.1677%,254,1255,1509,556,145,109,699
0x8ec3c7,72.9787%,254,686,940,343,127,127,343
0x814871,79.2822%,254,972,1226,811,85,169,161
0x812625,93.8957%,254,3907,4161,484,125,129,3423
0x639bdd,68.25%,254,546,800,80,164,90,466
0x8f42f4,85.1439%,253,1450,1703,67,184,69,1383
0xa3a3c7,76.9581%,253,845,1098,249,131,122,596
0x639ba3,75.3411%,253,773,1026,715,111,142,58
0x8c8ff8,72.1854%,252,654,906,280,138,114,374
0x5fd904,73.7773%,252,709,961,210,172,80,499
0x5097f5,84.4828%,252,1372,1624,358,130,122,1014
0xa023a7,86.3563%,252,1595,1847,1085,60,192,510
0xb327c4,91.6362%,252,2761,3013,1261,94,158,1500
0x627969,82.6923%,252,1204,1456,105,150,102,1099
0x502c93,89.2812%,252,2099,2351,20,170,82,2079
0x545786,90.5675%,251,2410,2661,1951,115,136,459
0x722850,80.7368%,251,1052,1303,192,153,98,860
0x8e48cc,76.3876%,251,812,1063,702,101,150,110
0x8d9caa,87.0667%,250,1683,1933,1264,89,161,419
0x511d6f,91.1785%,250,2584,2834,622,128,122,1962
0x54800b,96.3636%,250,6625,6875,90,165,85,6535
0x8094b6,79.7231%,249,979,1228,819,79,170,160
0x8bd700,91.9652%,249,2850,3099,2548,60,189,302
0x8a87ef,70.0721%,249,583,832,157,174,75,426
0x4ca10f,81.61%,249,1105,1354,1078,64,185,27
0xb2eb1e,96.8856%,249,7746,7995,160,154,95,7586
0xa303fb,68.6003%,249,544,793,369,128,121,175
0x8e9ba0,93.0272%,249,3322,3571,3293,44,205,29
0x40d42e,89.9187%,248,2212,2460,2081,175,73,131
0x53af10,77.5566%,248,857,1105,805,106,142,52
0x80a517,85.4203%,248,1453,1701,1066,74,174,387
0x50d2b9,86.153%,248,1543,1791,1241,90,158,302
0x53f5b3,70.9261%,248,605,853,350,140,108,255
0x510514,88.7935%,248,1965,2213,828,137,111,1137
0x510e78,95.3475%,247,5062,5309,4813,75,172,249
0x8fe295,82.3066%,247,1149,1396,358,121,126,791
0x9ab7d9,81.7172%,247,1104,1351,391,157,90,713
0xa5ec70,64.6132%,247,451,698,258,118,129,193
0x816840,96.5216%,247,6854,7101,6853,22,225,1
0x60424f,63.836%,247,436,683,110,109,138,326
0x49eb47,82.9773%,247,1204,1451,1178,112,135,26
0x8a6f35,84.0233%,247,1299,1546,1050,90,157,249
0x811c36,66.2568%,247,485,732,369,103,144,116
0x8a3497,50%,246,246,492,105,146,100,141
0x90feb5,93.5746%,245,3568,3813,218,147,98,3350
0x4899e3,74.9745%,245,734,979,287,123,122,447
0xa024e4,91.575%,245,2663,2908,1008,137,108,1655
0x597047,85.3293%,245,1425,1670,159,134,111,1266
0x58f7c1,95.4368%,245,5124,5369,619,92,153,4505
0xb2fbc4,72.3164%,245,640,885,83,86,159,557
0x54276b,97.2991%,245,8826,9071,8826,52,193,0
0x8f4880,85.7475%,245,1474,1719,180,156,89,1294
0x542b44,88.1643%,245,1825,2070,673,157,88,1152
0x8dae36,80.0654%,244,980,1224,168,168,76,812
0x5026fa,69.2308%,244,549,793,316,126,118,233
0x596fdb,75.0766%,244,735,979,260,114,130,475
0x8e0a9c,84.2581%,244,1306,1550,846,118,126,460
0x81ee6d,86.8364%,243,1603,1846,833,122,121,770
0x908284,92.5116%,243,3002,3245,932,165,78,2070
0x8f3f92,65.483%,243,461,704,202,116,127,259
0x51c13e,93.9067%,243,3745,3988,865,119,124,2880
0xa0288f,62.3256%,243,402,645,182,127,116,220
0x807865,81.2112%,242,1046,1288,924,112,130,122
0x40d2c9,83.2642%,242,1204,1446,396,138,104,808
0x8fe4db,89.0448%,242,1967,2209,1275,91,151,692
0x81017e,85.4392%,242,1420,1662,663,139,103,757
0x51b3db,91.1168%,241,2472,2713,2173,116,125,299
0x8d9aea,87.289%,241,1655,1896,762,123,118,893
0xb7dbd5,91.5675%,241,2617,2858,1732,121,120,885
0x509964,94.4508%,241,4102,4343,2153,137,104,1949
0x41015f,97.8985%,241,11227,11468,588,142,99,10639
0x512e4c,94.3529%,240,4010,4250,637,179,61,3373
0x8f5786,97.3416%,240,8788,9028,7892,75,165,896
0x64b11c,91.2132%,239,2481,2720,1540,153,86,941
0x810100,93.0725%,239,3211,3450,2591,103,136,620
0x50fd65,98.1835%,239,12918,13157,12521,162,77,397
0x54ff47,49.4692%,238,233,471,94,134,104,139
0x404e26,98.0644%,238,12058,12296,10748,124,114,1310
0x8f57d3,97.3638%,238,8790,9028,3950,146,92,4840
0xb0adb9,56.3536%,237,306,543,204,110,127,102
0xb2deb8,70.5224%,237,567,804,567,237,0,0
0x8ffc4a,92.004%,237,2727,2964,1382,90,147,1345
0x9ab3b8,68.0593%,237,505,742,369,98,139,136
0x5f8560,88.9668%,236,1903,2139,1792,111,125,111
0xa2fb30,73.9802%,236,671,907,419,122,114,252
0x8b969a,98.85%,235,20199,20434,571,173,62,19628
0x538775,80.2687%,235,956,1191,150,166,69,806
0x8fc406,97.8566%,235,10729,10964,47,122,113,10682
0x49f978,81.6978%,235,1049,1284,1017,57,178,32
0xb0cc23,96.4023%,235,6297,6532,2871,133,102,3426
0x8ffaf9,65.9389%,234,453,687,247,90,144,206
0x640731,79.845%,234,927,1161,915,46,188,12
0x539da0,78.8235%,234,871,1105,814,97,137,57
0x944224,72.7907%,234,626,860,377,99,135,249
0x503829,86.4818%,234,1497,1731,1459,66,168,38
0x7d0ee9,74.5928%,234,687,921,393,123,111,294
0x48af20,69.1391%,233,522,755,77,138,95,445
0x8fe286,86.2618%,233,1463,1696,923,137,96,540
0x53515b,96.895%,233,7271,7504,29,159,74,7242
0x4894a3,89.1639%,232,1909,2141,248,125,107,1661
0xb0cef1,92.3%,232,2781,3013,1401,194,38,1380
0x8125ae,72.4792%,232,611,843,137,145,87,474
0x51b8bb,95.8092%,232,5304,5536,148,118,114,5156
0x8d2342,76.8%,232,768,1000,151,161,71,617
0xa33040,92.5926%,232,2900,3132,2838,52,180,62
0x81343f,86.2884%,232,1460,1692,416,134,98,1044
0x8189be,92.9052%,232,3038,3270,513,119,113,2525
0x65b99d,94.9301%,232,4344,4576,4082,72,160,262
0x63eb67,77.3879%,232,794,1026,748,78,154,46
0x64857a,92.217%,231,2737,2968,1983,89,142,754
0x81a716,96.4565%,231,6288,6519,387,167,64,5901
0x9ab7ff,71.2329%,231,572,803,469,104,127,103
0x640621,80.1034%,231,930,1161,900,61,170,30
0x803b08,91.3728%,230,2436,2666,112,171,59,2324
0x50c3f6,62.6623%,230,386,616,219,136,94,167
0x64b4cc,98.9475%,229,21529,21758,19283,122,107,2246
0x54f7fe,82.1233%,229,1052,1281,1012,87,142,40
0xb3012a,73.4339%,229,633,862,229,121,108,404
0x9a7c63,74.7241%,229,677,906,210,145,84,467
0x811827,86.5373%,229,1472,1701,1082,58,171,390
0x8e212d,80.2586%,229,931,1160,625,110,119,306
0x40f8ca,99.3088%,229,32901,33130,449,111,118,32452
0x5fa1f6,74.1535%,229,657,886,520,90,139,137
0xb2e7ec,80.1215%,229,923,1152,73,166,63,850
0x54f748,60.6897%,228,352,580,75,154,74,277
0x60a916,71.1392%,228,562,790,77,135,93,485
0x543abd,83.1236%,228,1123,1351,1118,15,213,5
0x406c4e,88.4674%,228,1749,1977,1563,92,136,186
0xaa45e0,98.1546%,228,12127,12355,12104,152,76,23
0xa45a30,67.5214%,228,474,702,353,113,115,121
0xa51332,69.9605%,228,531,759,207,137,91,324
0x8de15a,90.5355%,228,2181,2409,1077,89,139,1104
0x8fbf19,87.4099%,227,1576,1803,314,101,126,1262
0x40d197,99.6298%,227,61093,61320,62,52,175,61031
0x596ff2,67.1491%,227,464,691,59,163,64,405
0x81e8cf,76.3788%,227,734,961,92,138,89,642
0x53ab80,79.457%,227,878,1105,823,88,139,55
0x8e4a58,94.5836%,227,3964,4191,225,121,106,3739
0x58fdf5,94.4983%,227,3899,4126,3526,93,134,373
0xa454b8,67.1988%,226,463,689,139,118,108,324
0x5103d7,96.2036%,226,5727,5953,133,137,89,5594
0x5459b2,98.1159%,226,11769,11995,88,113,113,11681
0x48b2d5,61.6299%,226,363,589,34,191,35,329
0x80b28e,80.1754%,226,914,1140,826,80,146,88
0x543f7c,85.8218%,226,1368,1594,12,206,20,1356
0x54ecea,93.5722%,226,3290,3516,3238,136,90,52
0x8103cb,93.4493%,226,3224,3450,2953,87,139,271
0x8fe9dc,93.2618%,226,3128,3354,1860,101,125,1268
0x5fda33,97.6273%,226,9299,9525,5974,111,115,3325
0x8100f5,96.8088%,226,6856,7082,3502,130,96,3354
0x8ef0bd,81.5271%,225,993,1218,218,98,127,775
0x80fec3,94.375%,225,3775,4000,2954,104,121,821
0x8d0bd6,97.643%,225,9321,9546,4248,103,122,5073
0x60a8db,77.5225%,225,776,1001,97,114,111,679
0x8c9405,60.9375%,225,351,576,83,134,91,268
0x81490c,81.6476%,225,1001,1226,840,56,169,161
0x55617f,73.8676%,225,636,861,558,63,162,78
0xa27676,88.9217%,225,1806,2031,631,129,96,1175
0x4894ca,90.5525%,224,2147,2371,150,110,114,1997
0x8bd3a7,93.7726%,224,3373,3597,1739,108,116,1634
0x8da6eb,87.3874%,224,1552,1776,758,112,112,794
0x811e18,92.8113%,224,2892,3116,1941,125,99,951
0x643b54,72.3457%,224,586,810,538,79,145,48
0x82167c,98.7494%,224,17687,17911,187,145,79,17500
0x8a5b13,85.769%,223,1344,1567,32,186,37,1312
0x81f33a,88.4336%,223,1705,1928,443,118,105,1262
0xb2fdf4,70.8877%,223,543,766,133,108,115,410
0x8e2042,84.9832%,223,1262,1485,1106,89,134,156
0x5bd4ac,97.1675%,223,7650,7873,5887,54,169,1763
0x48dd8e,96.8741%,223,6911,7134,6866,70,153,45
0x6436c2,97.3407%,222,8126,8348,7983,188,34,143
0x640318,92.1221%,222,2596,2818,2282,103,119,314
0xa9214b,81.3758%,222,970,1192,521,142,80,449
0xa397ac,71.1313%,222,547,769,165,128,94,382
0x82131c,94.3925%,222,3737,3959,226,149,73,3511
0x6435a1,98.3607%,221,13260,13481,13259,183,38,1
0x805850,98.1894%,221,11985,12206,11291,30,191,694
0x63f39a,83.9739%,221,1158,1379,1151,28,193,7
0x5104a7,88.2447%,221,1659,1880,778,112,109,881
0xa3a233,66.9173%,220,445,665,334,115,105,111
0x6433fb,95.045%,220,4220,4440,3806,121,99,414
0x8a719d,86.4699%,220,1406,1626,95,185,35,1311
0x507cc6,74.8858%,220,656,876,626,78,142,30
0x91126d,86.7353%,219,1432,1651,1118,90,129,314
0x8130d7,84.1189%,219,1160,1379,236,123,96,924
0x5fe2e5,78.6133%,219,805,1024,245,131,88,560
0x53870a,77.3292%,219,747,966,206,120,99,541
0x610d2c,72.896%,219,589,808,476,58,161,113
0xb0ba10,96.2143%,219,5566,5785,174,102,117,5392
0x9ab2ec,76.0917%,219,697,916,388,108,111,309
0x502cc8,83.956%,219,1146,1365,332,120,99,814
0x9f0b15,77.3389%,218,744,962,25,159,59,719
0x8e2d3b,94.1129%,218,3485,3703,3330,62,156,155
0x81a67a,91.1202%,218,2237,2455,24,171,47,2213
0x60a7d3,87.5571%,218,1534,1752,1464,103,115,70
0x59704c,84.2411%,217,1160,1377,309,159,58,851
0x5411ed,94.3%,217,3590,3807,43,144,73,3547
0xa30a5f,87.1445%,217,1471,1688,360,117,100,1111
0x64af3c,99.1536%,216,25303,25519,19692,119,97,5611
0x547f97,97.4648%,216,8304,8520,293,109,107,8011
0xa45ca6,75.0577%,216,650,866,611,51,165,39
0x805982,88.8257%,216,1717,1933,396,146,70,1321
0x8080fe,81.0526%,216,924,1140,832,74,142,92
0x9abe30,95.443%,216,4524,4740,4512,48,168,12
0xa02485,59.9258%,216,323,539,100,97,119,223
0x546550,93.3724%,215,3029,3244,2595,91,124,434
0x5f8524,74.5562%,215,630,845,362,120,95,268
0x8d23a7,95.7942%,215,4897,5112,210,94,121,4687
0x81ed4e,86.6166%,214,1385,1599,1338,56,158,47
0x4bb1dd,77.9154%,214,755,969,163,118,96,592
0x91977b,81.5676%,214,947,1161,25,175,39,922
0x9ab380,81.6309%,214,951,1165,396,147,67,555
0x40ffb4,97.219%,214,7481,7695,1957,105,109,5524
0x80bd30,94.5561%,214,3717,3931,3621,28,186,96
0xa52870,89.9953%,213,1916,2129,1823,67,146,93
0x5411e6,98.4948%,213,13938,14151,10238,106,107,3700
0x596cf1,84.1282%,213,1129,1342,277,127,86,852
0x8eba78,77.1949%,213,721,934,74,116,97,647
0x8a970b,96.9005%,213,6659,6872,5389,51,162,1270
0x8fe043,96.3849%,213,5679,5892,2734,133,80,2945
0x8bc89d,95.5879%,212,4593,4805,1515,122,90,3078
0x5469e0,88.7286%,211,1661,1872,82,152,59,1579
0x49c75f,70.9366%,211,515,726,348,93,118,167
0xa17f37,79.334%,211,810,1021,441,105,106,369
0x815007,75.1179%,211,637,848,207,123,88,430
0x63f47a,84.6991%,211,1168,1379,1164,15,196,4
0xa39e17,79.1045%,210,795,1005,136,128,82,659
0x4021ab,96.1053%,210,5182,5392,3321,95,115,1861
0x537faf,97.8198%,210,9422,9632,134,129,81,9288
0xa39987,76.1635%,210,671,881,472,136,74,199
0x49caf1,65.625%,209,399,608,294,98,111,105
0x8dadad,78.2518%,209,752,961,187,138,71,565
0x8eca79,95.1519%,209,4102,4311,2084,95,114,2018
0x53a1f0,81.086%,209,896,1105,844,67,142,52
0x64b419,99.0526%,209,21852,22061,757,173,36,21095
0x8da5b1,81.6988%,209,933,1142,55,157,52,878
0x8a938a,88.7332%,209,1646,1855,827,132,77,819
0x405747,97.0588%,208,6864,7072,2558,122,86,4306
0xaaaf75,81.1594%,208,896,1104,131,147,61,765
0x805f8e,80.9349%,208,883,1091,69,151,57,814
0x53c6db,86.8188%,208,1370,1578,1122,110,98,248
0x6041fb,99.072%,207,22100,22307,0,0,207,22100
0x8edda7,66.0099%,207,402,609,343,77,130,59
0x63b654,84.1501%,207,1099,1306,176,131,76,923
0xad7e47,93.9878%,207,3236,3443,2763,100,107,473
0x50d6ad,82.963%,207,1008,1215,969,68,139,39
0xa39646,86.4617%,207,1322,1529,1135,101,106,187
0xa2fd8d,77.5488%,207,715,922,613,85,122,102
0x91108b,72.3861%,206,540,746,391,107,99,149
0x4c9f39,76.8799%,206,685,891,651,48,158,34
0x50980b,81.8662%,206,930,1136,39,156,50,891
0x8ed060,90.1998%,206,1896,2102,1883,47,159,13
0x4c4334,90.9965%,206,2082,2288,72,139,67,2010
0x40debf,98.0672%,206,10452,10658,189,105,101,10263
0x542cd4,95.2304%,206,4113,4319,2967,112,94,1146
0x5545ac,89.8722%,206,1828,2034,129,158,48,1699
0x5483c4,98.4126%,205,12709,12914,877,114,91,11832
0x53efa0,94.8389%,205,3767,3972,3762,32,173,5
0x4c9e3c,84.8597%,205,1149,1354,272,141,64,877
0x50d6be,83.1276%,205,1010,1215,514,118,87,496
0x90f1e0,93.6057%,205,3001,3206,2918,88,117,83
0x8087ca,76.0234%,205,650,855,555,69,136,95
0xa911e7,70.9402%,204,498,702,144,113,91,354
0x8e3f6e,91.1266%,204,2095,2299,1593,83,121,502
0x610db2,95.5882%,204,4420,4624,23,133,71,4397
0x49e97c,92.9514%,203,2677,2880,2631,88,115,46
0x8bcf38,94.8385%,203,3730,3933,172,145,58,3558
0x53c73f,86.6447%,203,1317,1520,915,80,123,402
0x8a6209,77.7778%,202,707,909,320,109,93,387
0x81dda7,93.9028%,202,3111,3313,2681,99,103,430
0x90ec45,80.3119%,202,824,1026,746,80,122,78
0xa5658b,79.089%,202,764,966,608,87,115,156
0x90d43b,77.5805%,202,699,901,511,88,114,188
0xa5f747,83.1947%,202,1000,1202,224,128,74,776
0x942664,85.7746%,202,1218,1420,799,138,64,419
0xb3028e,90.0049%,202,1819,2021,1783,89,113,36
0x54f5d8,72.9111%,201,541,742,509,68,133,32
0x805a4e,79.0625%,201,759,960,153,117,84,606
0xb0c053,94.3428%,201,3352,3553,3295,66,135,57
0x619190,87.9785%,201,1471,1672,390,134,67,1081
0xa5654f,61.2403%,200,316,516,159,96,104,157
0x81f1f6,89.6266%,200,1728,1928,547,114,86,1181
0x81b3f5,71.7514%,200,508,708,414,106,94,94
0x9ed654,78.8136%,200,744,944,91,128,72,653
0x542262,96.7679%,200,5988,6188,72,147,53,5916
0x8a87cc,85.6631%,200,1195,1395,316,142,58,879
0x805157,76.4151%,200,648,848,214,116,84,434
0x81e33b,86.0238%,200,1231,1431,641,84,116,590
0x596d7b,87.3651%,199,1376,1575,728,95,104,648
0x54ff98,56.1674%,199,255,454,140,71,128,115
0x808ea0,94.0294%,199,3134,3333,3133,4,195,1
0x54808b,95.8446%,199,4590,4789,873,112,87,3717
0x8a2975,64.841%,199,367,566,280,142,57,87
0x816c8e,83.9676%,198,1037,1235,97,126,72,940
0x8e2ac2,94.653%,198,3505,3703,2252,88,110,1253
0x8f291b,88%,198,1452,1650,580,74,124,872
0x8fd445,92.0724%,197,2288,2485,1229,63,134,1059
0x40f5a3,94.5354%,197,3408,3605,167,106,91,3241
0xa3a3e2,72.5627%,197,521,718,161,153,44,360
0x537f48,95.8316%,197,4529,4726,4518,116,81,11
0x4bc0ae,84.7759%,197,1097,1294,955,55,142,142
0x8ead64,93.0913%,196,2641,2837,1364,119,77,1277
0x511b50,93.084%,196,2638,2834,2356,94,102,282
0x8d2357,71.5116%,196,492,688,275,109,87,217
0xa3535a,89.6951%,196,1706,1902,877,106,90,829
0x783dde,89.207%,196,1620,1816,635,148,48,985
0x50138b,87.8412%,196,1416,1612,1086,117,79,330
0x600288,86.37%,196,1242,1438,641,108,88,601
0xa8ee1a,87.9755%,196,1434,1630,1074,111,85,360
0x4bbcdd,88.7032%,196,1539,1735,830,80,116,709
0x4872e4,82.8671%,196,948,1144,362,96,100,586
0x552a26,86.1702%,195,1215,1410,557,137,58,658
0x813110,86.4111%,195,1240,1435,491,98,97,749
0x81e4ae,75.8663%,195,613,808,163,124,71,450
0x805f2e,75.2538%,195,593,788,478,84,111,115
0xa3a389,83.977%,195,1022,1217,278,131,64,744
0x53417f,97.1813%,195,6723,6918,6719,98,97,4
0x8e0208,79.0097%,195,734,929,417,107,88,317
0x60e330,77.2727%,195,663,858,251,81,114,412
0x49ffb7,96.2692%,194,5006,5200,4306,38,156,700
0x40e4a5,89.1011%,194,1586,1780,230,85,109,1356
0x9e26e0,70.3817%,194,461,655,256,105,89,205
0x8e4487,89.9273%,194,1732,1926,510,105,89,1222
0x512acf,82.6476%,194,924,1118,636,98,96,288
0x9f4953,67.3401%,194,400,594,128,119,75,272
0x9f03d7,84.5787%,194,1064,1258,243,140,54,821
0x596bc1,91.6271%,194,2123,2317,1146,102,92,977
0x83506a,69.5447%,194,443,637,251,95,99,192
0x90c1c1,93.4709%,193,2763,2956,2010,104,89,753
0xa333aa,84.9219%,193,1087,1280,477,99,94,610
0x54ed48,87.5323%,193,1355,1548,1355,193,0,0
0x60022b,86.4311%,192,1223,1415,888,58,134,335
0xb0d4e9,78.5714%,192,704,896,612,22,170,92
0xa91e65,60.8163%,192,298,490,225,93,99,73
0x8fe34b,98.7661%,192,15369,15561,1460,127,65,13909
0x63c85b,80.0208%,192,769,961,496,82,110,273
0x54823a,97.1885%,192,6637,6829,6006,31,161,631
0x49c750,83.6596%,192,983,1175,380,69,123,603
0x8fea64,94.2308%,192,3136,3328,2011,112,80,1125
0x53f5c8,91.1398%,192,1975,2167,86,135,57,1889
0x48a7ff,94.2797%,191,3148,3339,3148,151,40,0
0x5fe23a,82.8237%,191,921,1112,83,137,54,838
0x51173e,87.112%,191,1291,1482,328,89,102,963
0x8e206d,87.138%,191,1294,1485,873,83,108,421
0x8ed6d9,82.4125%,191,895,1086,30,114,77,865
0x5bda0a,95.1419%,190,3721,3911,1871,123,67,1850
0x8d9c93,94.773%,190,3445,3635,1818,115,75,1627
0x54173f,89.0993%,190,1553,1743,510,102,88,1043
0x5481c3,98.2546%,190,10696,10886,44,115,75,10652
0x4a2604,75.5784%,190,588,778,191,115,75,397
0x9f0ae3,77.8813%,190,669,859,62,140,50,607
0x81f6bb,94.3182%,190,3154,3344,1620,110,80,1534
0x40d1fe,98.2629%,190,10748,10938,10747,91,99,1
0x804f87,77.7123%,189,659,848,227,103,86,432
0x5fd71d,87.6873%,189,1346,1535,345,126,63,1001
0x53dc4c,98.8805%,189,16693,16882,16693,62,127,0
0x8a8b27,84.2762%,189,1013,1202,862,75,114,151
0x90dc15,99.6289%,189,50744,50933,30,146,43,50714
0x48a726,94.2308%,189,3087,3276,1061,93,96,2026
0x50c948,86.2845%,189,1189,1378,747,104,85,442
0x552180,93.8835%,189,2901,3090,1437,111,78,1464
0x545570,84.7826%,189,1053,1242,890,71,118,163
0x64aef9,99.2594%,189,25330,25519,2607,52,137,22723
0x510f65,93.3896%,188,2656,2844,266,116,72,2390
0x596e85,89.2325%,188,1558,1746,240,81,107,1318
0x81efb7,86.7044%,188,1226,1414,780,111,77,446
0xb313a0,80.5986%,188,781,969,238,83,105,543
0x5341be,96.6205%,188,5375,5563,5364,64,124,11
0x81416e,94.1993%,188,3053,3241,256,126,62,2797
0x596e02,79.2222%,187,713,900,189,98,89,524
0x40d382,92.5705%,187,2330,2517,993,61,126,1337
0xa027c1,85.5263%,187,1105,1292,1087,96,91,18
0xa26341,82.0537%,187,855,1042,293,130,57,562
0x8f297f,73.5876%,187,521,708,42,113,74,479
0xa54e11,94.2743%,187,3079,3266,3077,46,141,2
0x8ebded,84.9515%,186,1050,1236,131,129,57,919
0xa26042,81.6387%,186,827,1013,414,62,124,413
0x8a71a2,86.1813%,186,1160,1346,142,131,55,1018
0x8a5b1e,86.212%,186,1163,1349,259,155,31,904
0x80593b,88.2129%,186,1392,1578,666,89,97,726
0x81a892,75.5585%,186,575,761,105,133,53,470
0x53f64a,91.4167%,186,1981,2167,1710,94,92,271
0x40d5d0,93.7226%,186,2777,2963,1661,130,56,1116
0xa39675,87.5252%,186,1305,1491,525,78,108,780
0x8e9a4d,84.9515%,186,1050,1236,921,48,138,129
0x404e49,98.4232%,186,11610,11796,4360,98,88,7250
0xb31c2c,99.1441%,185,21430,21615,21430,185,0,0
0x81b30b,76.5823%,185,605,790,288,111,74,317
0x9faf7f,67.9931%,185,393,578,70,117,68,323
0x627b40,92.1677%,185,2177,2362,2016,91,94,161
0x4fdc27,65.3484%,184,347,531,30,134,50,317
0x9a7bcb,78.2763%,184,663,847,167,121,63,496
0x63c7a4,75.9162%,184,580,764,114,115,69,466
0x40df9a,98.7585%,184,14637,14821,14632,54,130,5
0x8e0a8e,89.7436%,184,1610,1794,103,141,43,1507
0x4a1d73,84.42%,184,997,1181,974,52,132,23
0xa26209,81.8361%,184,829,1013,485,124,60,344
0x4bc0a5,87.7264%,183,1308,1491,75,122,61,1233
0x406cd7,99.7334%,183,68451,68634,68451,183,0,0
0xa395bf,84.1008%,183,968,1151,286,141,42,682
0x489a12,67.8383%,183,386,569,73,100,83,313
0x48adf6,96.623%,183,5236,5419,4472,56,127,764
0x541198,98.7075%,183,13976,14159,1190,55,128,12786
0x41027a,97.0176%,183,5953,6136,5879,92,91,74
0xa023bd,74.0741%,182,520,702,107,125,57,413
0x40f542,99.5426%,182,39606,39788,151,121,61,39455
0x813667,78.5377%,182,666,848,232,98,84,434
0x8feea4,71.3386%,182,453,635,120,107,75,333
0xa4d2df,59.1928%,182,264,446,176,107,75,88
0x54f657,91.1392%,182,1872,2054,938,101,81,934
0x4b580e,65%,182,338,520,120,107,75,218
0x8eebd8,70.1149%,182,427,609,127,103,79,300
0xb3224a,99.3844%,182,29385,29567,0,0,182,29385
0x8bcb9b,97.1433%,181,6155,6336,923,101,80,5232
0xb0afd0,72.0679%,181,467,648,401,70,111,66
0x9f78c5,77.6819%,181,630,811,5,166,15,625
0xb2e6be,99.1484%,181,21073,21254,6434,102,79,14639
0x627f23,84.674%,181,1000,1181,34,121,60,966
0x808b9b,78.5291%,181,662,843,418,95,86,244
0x8d9c9b,89.4242%,180,1522,1702,93,138,42,1429
0x7d09b6,80.456%,180,741,921,65,149,31,676
0x8a5d63,86.6568%,180,1169,1349,299,115,65,870
0x805047,78.7736%,180,668,848,239,91,89,429
0x80780a,91.2152%,180,1869,2049,85,124,56,1784
0x541810,89.673%,180,1563,1743,1176,48,132,387
0x818bdf,92.0354%,180,2080,2260,2040,26,154,40
0x40f386,97.1945%,180,6236,6416,3016,94,86,3220
0x81ee27,87.2702%,180,1234,1414,808,83,97,426
0x8d0b9b,95.2267%,180,3591,3771,2823,61,119,768
0x809142,78.7663%,179,664,843,431,82,97,233
0x809357,78.8915%,179,669,848,238,92,87,431
0x661619,95.2216%,179,3567,3746,2398,83,96,1169
0x81f755,80.9168%,179,759,938,94,120,59,665
0xa919dc,74.5014%,179,523,702,156,101,78,367
0x8fc463,94.5921%,179,3131,3310,447,106,73,2684
0x54f8b9,91.2853%,179,1875,2054,1875,136,43,0
0xa159e3,78.9659%,179,672,851,266,55,124,406
0x604765,58.2751%,179,250,429,68,120,59,182
0x4041b9,76.1968%,179,573,752,164,71,108,409
0xb2fdf6,65.9048%,179,346,525,286,85,94,60
0x90c224,91.5326%,179,1935,2114,1847,45,134,88
0x48ea91,69.4017%,179,406,585,258,80,99,148
0x90a06a,80.4798%,179,738,917,718,50,129,20
0x8e25de,96.5344%,179,4986,5165,3159,91,88,1827
0xa34b30,95.5857%,179,3876,4055,3866,38,141,10
0x60b144,97.5549%,178,7102,7280,431,115,63,6671
0x5023a6,91.1706%,178,1838,2016,1838,52,126,0
0x40e140,89.3349%,178,1491,1669,105,99,79,1386
0x8fdea9,99.5205%,178,36941,37119,36941,178,0,0
0x8a9468,99.7711%,178,77598,77776,4231,149,29,73367
0x55239b,60.179%,178,269,447,151,60,118,118
0xa43d3f,78.9847%,178,669,847,224,69,109,445
0x911029,59.4037%,177,259,436,81,107,70,178
0x5104af,82.1212%,177,813,990,702,74,103,111
0x542e40,92.1577%,177,2080,2257,2046,58,119,34
0x540d0c,89.9088%,177,1577,1754,1421,42,135,156
0x8e2b07,92.5693%,177,2205,2382,99,140,37,2106
0x639be6,89.6188%,177,1528,1705,37,111,66,1491
0x8fde2c,86.2257%,177,1108,1285,668,76,101,440
0xaae25d,95.2007%,177,3511,3688,1807,100,77,1704
0x8e4d7e,88.5863%,176,1366,1542,984,49,127,382
0x53aeef,76.3122%,176,567,743,474,75,101,93
0xb0ccc3,94.4162%,176,2976,3152,1554,49,127,1422
0x8bc791,99.2468%,176,23190,23366,22945,103,73,245
0x4ba29b,87.5%,176,1232,1408,793,110,66,439
0x627aea,92.5487%,176,2186,2362,1082,99,77,1104
0xa2d9df,70.9091%,176,429,605,89,83,93,340
0xa3a12f,80.0227%,176,705,881,38,119,57,667
0x8e8d7e,85.7605%,176,1060,1236,928,41,135,132
0xb0ccb1,96.6203%,175,5003,5178,4997,34,141,6
0x58eb87,96.6514%,175,5051,5226,291,81,94,4760
0x8a5dab,87.0274%,175,1174,1349,297,117,58,877
0x5c6af3,95.4569%,175,3677,3852,172,92,83,3505
0x5fa306,80.2483%,175,711,886,48,123,52,663
0x8fdd9d,92.2084%,175,2071,2246,672,80,95,1399
0x9f1d23,54.3081%,175,208,383,138,83,92,70
0x8fc3fd,98.4755%,175,11304,11479,461,54,121,10843
0x81c682,85.0043%,175,992,1167,870,71,104,122
0x8f5626,96.5042%,175,4831,5006,4348,81,94,483
0xa39cdc,82.8909%,174,843,1017,57,125,49,786
0x590487,78.25%,174,626,800,253,117,57,373
0x40e3a4,83.6312%,174,889,1063,540,78,96,349
0x8fd489,91.0769%,174,1776,1950,1338,105,69,438
0x54f8a8,91.5287%,174,1880,2054,1869,69,105,11
0x54103b,98.7711%,174,13985,14159,13960,170,4,25
0x811652,66.7939%,174,350,524,212,82,92,138
0x90d01b,77.1654%,174,588,762,517,82,92,71
0xa5839c,59.1549%,174,252,426,103,97,77,149
0x8bd5b5,95.1626%,174,3423,3597,1755,92,82,1668
0x8e487d,92.475%,173,2126,2299,525,98,75,1601
0x808e87,94.8095%,173,3160,3333,886,92,81,2274
0x512ca5,98.443%,173,10938,11111,918,41,132,10020
0x8da40a,83.4924%,173,875,1048,298,75,98,577
0x54ecfb,95.1081%,172,3344,3516,3297,150,22,47
0x40ded5,98.8523%,172,14814,14986,14807,71,101,7
0x808cca,85.9935%,172,1056,1228,205,93,79,851
0x8141ca,93.0195%,172,2292,2464,13,139,33,2279
0x9ef0fd,82.5735%,172,815,987,119,123,49,696
0x90150b,95.8494%,172,3972,4144,608,91,81,3364
0xa555ac,76.1173%,171,545,716,467,68,103,78
0x40d44a,80.8725%,171,723,894,105,112,59,618
0x811b93,85.0524%,171,973,1144,258,117,54,715
0x8d2424,73.9726%,171,486,657,455,78,93,31
0x5babdc,77.4704%,171,588,759,146,121,50,442
0x638ee5,68.7386%,171,376,547,124,85,86,252
0xa56605,75.7447%,171,534,705,256,99,72,278
0x4ba214,85.1691%,171,982,1153,628,71,100,354
0x535101,97.6627%,171,7145,7316,7145,71,100,0
0x81c562,66.7319%,170,341,511,221,87,83,120
0x9e3cad,86.9029%,170,1128,1298,912,83,87,216
0x638d1d,85.8804%,170,1034,1204,968,57,113,66
0x40d397,93.2857%,169,2348,2517,1234,110,59,1114
0x98ccb0,90.9237%,169,1693,1862,134,98,71,1559
0xa39adb,72.7419%,169,451,620,245,102,67,206
0x78401c,80.9899%,169,720,889,181,87,82,539
0x53ab5f,77.2544%,169,574,743,477,72,97,97
0x80593f,91.3088%,168,1765,1933,614,97,71,1151
0x558080,82.5182%,168,793,961,212,91,77,581
0x534ece,97.8331%,168,7585,7753,4709,60,108,2876
0x5936d8,86.7925%,168,1104,1272,164,97,71,940
0x81a309,79.6856%,168,659,827,34,120,48,625
0x80b9c7,80.1887%,168,680,848,242,88,80,438
0x40e722,90.3393%,168,1571,1739,1458,76,92,113
0x5f0c3f,72.9469%,168,453,621,193,90,78,260
0xa2713b,94.7103%,168,3008,3176,258,113,55,2750
0xa0260b,88.7399%,168,1324,1492,1255,60,108,69
0x4a6f02,80.7159%,167,699,866,283,72,95,416
0x9f09d8,83.3665%,167,837,1004,801,63,104,36
0xa3a4d4,81.8083%,167,751,918,217,103,64,534
0x833f56,79.9037%,167,664,831,267,69,98,397
0x5373fb,94.2254%,167,2725,2892,2723,165,2,2
0x509b6e,91.0981%,167,1709,1876,389,99,68,1320
0x814146,98.8155%,166,13848,14014,2361,103,63,11487
0xa3080f,84.0385%,166,874,1040,195,101,65,679
0x406d7d,99.4289%,166,28899,29065,28899,166,0,0
0x8f5676,96.684%,166,4840,5006,2293,73,93,2547
0x5ee1a1,94.4997%,166,2852,3018,1953,62,104,899
0x80ffc7,94.26%,166,2726,2892,2153,67,99,573
0xa397fa,65.1261%,166,310,476,98,81,85,212
0x81e637,79.4554%,166,642,808,177,110,56,465
0xa30b4b,90.1659%,166,1522,1688,1417,64,102,105
0x8ff7ad,98.2054%,166,9084,9250,5404,91,75,3680
0x8fe211,97.1409%,166,5640,5806,2847,106,60,2793
0x8f35a5,79.6319%,166,649,815,54,106,60,595
0x8eddcd,72.9064%,165,444,609,73,85,80,371
0x8e88aa,95.0776%,165,3187,3352,2111,74,91,1076
0x5fd72b,84.4925%,165,899,1064,888,40,125,11
0x8e1e09,58.0153%,165,228,393,39,117,48,189
0xa2cbc3,81.5022%,165,727,892,422,73,92,305
0x8157df,94.7435%,165,2974,3139,595,95,70,2379
0xa0278c,89.3822%,165,1389,1554,16,114,51,1373
0x606fe9,98.1032%,165,8534,8699,8370,75,90,164
0x556a75,86.8421%,165,1089,1254,930,65,100,159
0xb3aaf9,94.1448%,165,2653,2818,1984,60,105,669
0x9e0162,84.73%,164,910,1074,826,68,96,84
0x80fcc5,94.4142%,164,2772,2936,1661,85,79,1111
0x8eebaa,73.0706%,164,445,609,115,85,79,330
0x403e79,97.3346%,164,5989,6153,691,61,103,5298
0x8a8e7a,91.2487%,164,1710,1874,7,133,31,1703
0xa4503d,72.8926%,164,441,605,81,91,73,360
0x5bba08,88.3024%,164,1238,1402,1217,66,98,21
0x90bc0b,99.678%,164,50769,50933,50741,16,148,28
0x909b17,98.1567%,164,8733,8897,3250,79,85,5483
0xa903c3,73.3766%,164,452,616,269,98,66,183
0x403e87,96.982%,163,5238,5401,2190,91,72,3048
0xb0cc86,97.7967%,163,7235,7398,7176,50,113,59
0x60dd66,76.6476%,163,535,698,65,107,56,470
0x900559,99.2143%,163,20583,20746,143,59,104,20440
0xa35f0b,81.4139%,163,714,877,275,72,91,439
0x8ead6c,87.9616%,163,1191,1354,12,117,46,1179
0x50221e,85.9604%,163,998,1161,260,108,55,738
0x819d68,88%,162,1188,1350,960,63,99,228
0x8da3a9,82.8025%,162,780,942,377,82,80,403
0x546323,79.5712%,162,631,793,266,84,78,365
0x511650,98.0135%,162,7993,8155,732,70,92,7261
0x8ffbd7,94.9168%,162,3025,3187,9,99,63,3016
0x8fc430,95.1057%,162,3148,3310,3130,114,48,18
0xa553f1,95.0246%,162,3094,3256,3092,21,141,2
0x81bea9,85.8392%,162,982,1144,276,99,63,706
0x53872b,93.9911%,162,2534,2696,1976,80,82,558
0x8a93a9,91.2668%,162,1693,1855,805,106,56,888
0x8d9cb0,87.9129%,161,1171,1332,107,92,69,1064
0x8bc97c,98.1165%,161,8387,8548,1156,56,105,7231
0xa90ffd,77.1307%,161,543,704,108,87,74,435
0x9eeea7,73.5197%,161,447,608,308,88,73,139
0x5342d9,97.0524%,161,5301,5462,5281,80,81,20
0x502555,86.0243%,161,991,1152,229,130,31,762
0xa565ce,77.1631%,161,544,705,79,99,62,465
0x404fa7,99.1243%,161,18225,18386,18225,119,42,0
0x548545,94.037%,161,2539,2700,78,61,100,2461
0x8044b9,61.0169%,161,252,413,39,110,51,213
0x90cf04,73.1219%,161,438,599,31,119,42,407
0x9f0b22,81.3657%,161,703,864,72,130,31,631
0xa17ee4,82.519%,161,760,921,308,67,94,452
0x511986,96.064%,160,3905,4065,211,114,46,3694
0x5352ed,93.3054%,160,2230,2390,2230,128,32,0
0x4051da,97.8046%,160,7128,7288,7125,31,129,3
0x627849,93.2261%,160,2202,2362,173,82,78,2029
0x66f533,57.5597%,160,217,377,70,101,59,147
0x5fd612,89.5765%,160,1375,1535,381,90,70,994
0x50b754,85.8782%,160,973,1133,513,63,97,460
0xa35857,86.3248%,160,1010,1170,329,87,73,681
0xb466c7,97.9093%,160,7493,7653,117,50,110,7376
0x63d72b,83.3507%,160,801,961,782,38,122,19
0x8da6dc,85.0885%,160,913,1073,649,54,106,264
0x8bd239,99.5084%,160,32384,32544,25928,64,96,6456
0x641092,88.4699%,159,1220,1379,895,66,93,325
0x539d7f,78.6003%,159,584,743,484,65,94,100
0xa33474,98.308%,159,9238,9397,4662,86,73,4576
0x9f03a0,73.719%,159,446,605,137,85,74,309
0x81d305,70.3911%,159,378,537,80,85,74,298
0x627afa,86.2694%,159,999,1158,992,47,112,7
0x8efa24,73.8916%,159,450,609,351,66,93,99
0x58ffd7,97.8213%,159,7139,7298,3,96,63,7136
0x503991,96.3465%,159,4193,4352,4178,38,121,15
0x8fe54d,96.3092%,159,4149,4308,16,116,43,4133
0x5faa11,80.9581%,159,676,835,367,48,111,309
0x8bc892,96.8446%,159,4880,5039,123,111,48,4757
0x80aa58,68.2%,159,341,500,249,59,100,92
0x8fc115,89.2422%,159,1319,1478,637,102,57,682
0xb314fa,62.4703%,158,263,421,107,89,69,156
0x58ffdc,97.8053%,158,7041,7199,558,105,53,6483
0x402ae9,95.9299%,158,3724,3882,3693,56,102,31
0x90147c,95.772%,158,3579,3737,3550,122,36,29
0x40dd31,95.4793%,158,3337,3495,2769,71,87,568
0x5f7642,73.9703%,158,449,607,427,55,103,22
0x4a1c82,89.5778%,158,1358,1516,2,118,40,1356
0x8fd3a6,95.3406%,158,3233,3391,3186,78,80,47
0x90d2db,78.1466%,158,565,723,519,80,78,46
0x9f0aea,75.9513%,158,499,657,41,103,55,458
0xa39380,82.6183%,158,751,909,163,110,48,588
0x53c777,89.6053%,158,1362,1520,615,68,90,747
0x8eedd1,82.2671%,158,733,891,722,38,120,11
0x596aab,92.7755%,158,2029,2187,22,72,86,2007
0xa529f0,92.5787%,158,1971,2129,1863,27,131,108
0x54270e,98.4651%,157,10072,10229,10023,13,144,49
0xa4506c,63.7413%,157,276,433,200,57,100,76
0x4bb0f9,70.2652%,157,371,528,93,95,62,278
0x8ed29b,88.4047%,157,1197,1354,10,119,38,1187
0x640102,91.5455%,157,1700,1857,1126,81,76,574
0xa91b41,56.7493%,157,206,363,130,96,61,76
0x597069,89.7251%,157,1371,1528,1330,90,67,41
0xa32ed8,88.0518%,157,1157,1314,1041,63,94,116
0x40d50a,83.1001%,157,772,929,594,83,74,178
0x608c96,71.6606%,157,397,554,270,84,73,127
0x554e17,87.11%,157,1061,1218,1006,70,87,55
0x8a7607,82.2727%,156,724,880,705,29,127,19
0x40e5a2,90.6531%,156,1513,1669,209,68,88,1304
0xa4bbeb,74.3842%,156,453,609,81,95,61,372
0x403d67,87.9722%,156,1141,1297,31,111,45,1110
0x53c62a,84.1945%,156,831,987,247,70,86,584
0x488a3b,89.7705%,156,1369,1525,281,77,79,1088
0x503792,74.5098%,156,456,612,205,105,51,251
0x50498c,75.04%,156,469,625,390,80,76,79
0x54ebfc,92.5608%,156,1941,2097,0,43,113,1941
0xb0b3a7,97.3034%,156,5629,5785,5629,74,82,0
0x590052,97.8624%,156,7142,7298,3612,67,89,3530
0x507448,71.6878%,156,395,551,332,91,65,63
0x9ea400,87.49%,156,1091,1247,1033,33,123,58
0x55052f,98.6364%,156,11284,11440,531,50,106,10753
0x5502e0,88.7518%,155,1223,1378,1210,49,106,13
0x512a16,90.8175%,155,1533,1688,1033,85,70,500
0x8ead7b,89.5482%,155,1328,1483,816,85,70,512
0x5928fd,87.0726%,155,1044,1199,616,78,77,428
0x5fac66,81.4371%,155,680,835,47,115,40,633
0x8a54be,87.4697%,155,1082,1237,1080,43,112,2
0x59137d,71.6117%,155,391,546,274,49,106,117
0x4b5954,92.3535%,154,1860,2014,148,118,36,1712
0x49e145,89.8215%,154,1359,1513,46,119,35,1313
0xa56100,92.9032%,154,2016,2170,2013,16,138,3
0xad7ae0,80.2311%,154,625,779,625,154,0,0
0x81bdcb,90.3084%,154,1435,1589,131,93,61,1304
0x8e489b,93.3014%,154,2145,2299,1048,103,51,1097
0x5fd99d,97.3147%,154,5581,5735,135,93,61,5446
0x5469bb,92.0782%,154,1790,1944,119,49,105,1671
0x8a64f5,85.2913%,154,893,1047,857,55,99,36
0x558a63,75.0405%,154,463,617,190,58,96,273
0x404e57,97.9013%,154,7184,7338,6083,125,29,1101
0x5fe23f,82.7354%,154,738,892,48,108,46,690
0x507020,67.094%,154,314,468,77,89,65,237
0x8a6241,55.7803%,153,193,346,49,94,59,144
0x538a01,84.3718%,153,826,979,139,117,36,687
0x63accc,75.52%,153,472,625,170,71,82,302
0x54252c,87.9433%,153,1116,1269,300,65,88,816
0x40d539,95.8904%,153,3570,3723,3462,89,64,108
0x917923,77.5%,153,527,680,506,32,121,21
0x667857,95.1506%,153,3002,3155,526,93,60,2476
0x780218,98.9206%,153,14021,14174,13979,39,114,42
0x602d3e,82.3936%,153,716,869,702,130,23,14
0x80cb01,90.6422%,153,1482,1635,12,129,24,1470
0x64ada6,99.2767%,152,20862,21014,18294,61,91,2568
0x58f882,93.8759%,152,2330,2482,2164,43,109,166
0x410245,97.5297%,152,6001,6153,156,94,58,5845
0x5f850b,68.2672%,152,327,479,271,62,90,56
0x8ff7fb,99.4754%,152,28822,28974,3727,70,82,25095
0x8142ba,90.2999%,152,1415,1567,1186,53,99,229
0x8ee0c3,75.0411%,152,457,609,352,57,95,105
0xb1815f,76.9347%,152,507,659,389,68,84,118
0xa4bbff,64.8961%,152,281,433,179,72,80,102
0x48db30,96.5942%,152,4311,4463,2505,105,47,1806
0x406d9b,99.477%,152,28913,29065,28913,152,0,0
0x65a3c0,93.4959%,152,2185,2337,1561,70,82,624
0x65a1a6,92.3544%,151,1824,1975,508,86,65,1316
0x90156b,96.3562%,151,3993,4144,2055,69,82,1938
0x48a27c,97.5535%,151,6021,6172,2021,68,83,4000
0x900536,99.3793%,151,24176,24327,72,100,51,24104
0xa938a0,57.3446%,151,203,354,149,55,96,54
0x8e460c,93.4319%,151,2148,2299,581,87,64,1567
0xa91ac9,69.1837%,151,339,490,19,108,43,320
0x405036,99.1203%,151,17013,17164,17013,109,42,0
0x7cc2df,88.0064%,151,1108,1259,41,103,48,1067
0x5e436a,89.9934%,151,1358,1509,1337,51,100,21
0x48af89,85.0791%,151,861,1012,843,59,92,18
0x5422c2,72.5953%,151,400,551,138,81,70,262
0x5f7572,77.0865%,151,508,659,478,52,99,30
0xa3320a,85.4227%,150,879,1029,480,69,81,399
0xaa3388,80.2111%,150,608,758,239,96,54,369
0xa4ba8f,75.1656%,150,454,604,347,63,87,107
0x911094,65.8257%,149,287,436,187,82,67,100
0x535195,98.0144%,149,7355,7504,7353,51,98,2
0x8bc7fc,99.3479%,149,22700,22849,661,103,46,22039
0x533b0a,92.8331%,149,1930,2079,1394,71,78,536
0x489f8c,96.3507%,149,3934,4083,3926,70,79,8
0x53a1cf,79.9462%,149,594,743,502,47,102,92
0x781eb5,99.2174%,149,18889,19038,2735,59,90,16154
0x813e17,84.1826%,149,793,942,649,41,108,144
0x51029e,59.5109%,149,219,368,156,76,73,63
0xb30155,70.8984%,149,363,512,229,59,90,134
0x511d3a,96.2058%,149,3778,3927,2411,39,110,1367
0x8e3308,96.4448%,149,4042,4191,3799,46,103,243
0x80dca8,91.8311%,149,1675,1824,443,127,22,1232
0x8ec38b,86.5332%,148,951,1099,80,121,27,871
0xa45bbd,75.5372%,148,457,605,75,97,51,382
0x81959a,82.8107%,148,713,861,249,114,34,464
0x8e2ad3,89.1416%,148,1215,1363,138,85,63,1077
0x8e4809,93.5624%,148,2151,2299,576,92,56,1575
0x4bc5b1,89.4886%,148,1260,1408,630,68,80,630
0x609ef1,98.2097%,147,8064,8211,87,52,95,7977
0x9aa6f6,70.303%,147,348,495,71,93,54,277
0x666f7a,89.4699%,147,1249,1396,1231,46,101,18
0x8103fe,87.3057%,147,1011,1158,602,68,79,409
0x5fe1eb,83.7209%,147,756,903,702,75,72,54
0x501948,79%,147,553,700,193,81,66,360
0x5fd603,91.9364%,147,1676,1823,164,124,23,1512
0x80b402,73.75%,147,413,560,274,53,94,139
0xa31102,64.1463%,147,263,410,229,54,93,34
0x533bae,89.1772%,146,1203,1349,667,68,78,536
0x8e43e6,96.5163%,146,4045,4191,2115,99,47,1930
0x64bee3,90.4762%,146,1387,1533,500,47,99,887
0x5fe634,77.4691%,146,502,648,92,104,42,410
0x835022,94.0939%,146,2326,2472,894,116,30,1432
0x8b9af3,96.2859%,146,3785,3931,878,67,79,2907
0x818d25,97.478%,146,5643,5789,723,104,42,4920
0x53fe87,91.614%,146,1595,1741,1590,39,107,5
0x537b0c,92.8501%,146,1896,2042,1240,71,75,656
0x5f825c,84.0959%,146,772,918,26,116,30,746
0x511516,97.5828%,146,5894,6040,857,89,57,5037
0x9112da,85.8937%,146,889,1035,269,101,45,620
0x951019,31.2796%,145,66,211,64,42,103,2
0x81f1ff,88.5556%,145,1122,1267,1090,39,106,32
0x547fd2,82.2304%,145,671,816,484,68,77,187
0x592921,87.9066%,145,1054,1199,117,78,67,937
0x489f87,96.5069%,145,4006,4151,0,68,77,4006
0x489cd1,98.5766%,145,10042,10187,0,73,72,10042
0x805a80,80.0275%,145,581,726,447,52,93,134
0x5faccb,86.6605%,145,942,1087,828,50,95,114
0x5913f2,73.1481%,145,395,540,196,78,67,199
0x8c7354,89.3304%,145,1214,1359,301,112,33,913
0x40d2d9,88.5466%,145,1121,1266,1098,106,39,23
0x64aefe,99.3657%,145,22715,22860,1015,65,80,21700
0x546a8d,81.3625%,145,633,778,617,19,126,16
0x96c111,95.2491%,144,2887,3031,28,90,54,2859
0xa35948,85.6144%,144,857,1001,762,54,90,95
0x8bc76f,93.6396%,144,2120,2264,1030,80,64,1090
0x8e4128,93.7364%,144,2155,2299,1846,80,64,309
0x817bec,86.5169%,144,924,1068,205,73,71,719
0x9aa664,86.9919%,144,963,1107,856,60,84,107
0x547f65,81.3472%,144,628,772,601,29,115,27
0x511f18,96.4576%,144,3921,4065,3788,65,79,133
0xa022fd,94.5586%,143,2485,2628,29,93,50,2456
0x53fe73,91.7863%,143,1598,1741,64,91,52,1534
0x8da514,90.2787%,143,1328,1471,26,96,47,1302
0x5af082,90.4983%,143,1362,1505,651,45,98,711
0x900561,99.3039%,143,20401,20544,159,38,105,20242
0x8e12c6,96.5879%,143,4048,4191,1704,83,60,2344
0x80df30,95.9375%,143,3377,3520,987,113,30,2390
0xb0b428,96.1078%,143,3531,3674,3527,75,68,4
0x5c6c57,93.3364%,143,2003,2146,1607,61,82,396
0xa395e9,80.2486%,143,581,724,27,94,49,554
0x722d4b,65.8711%,143,276,419,24,85,58,252
0x511760,90.4184%,142,1340,1482,76,79,63,1264
0xa39e10,89.0517%,142,1155,1297,217,75,67,938
0x5971cd,74.9559%,142,425,567,257,76,66,168
0x49eabb,92.8929%,142,1856,1998,1856,100,42,0
0x9f3267,71.8254%,142,362,504,40,115,27,322
0x8be8e7,89.5126%,142,1212,1354,1058,84,58,154
0x64adf3,99.419%,142,24297,24439,21641,75,67,2656
0xa44d84,76.6831%,142,467,609,82,94,48,385
0x48e4dc,97.9665%,142,6841,6983,6776,57,85,65
0x49e0bc,72.3197%,142,371,513,58,113,29,313
0x90a465,93.9108%,142,2190,2332,190,118,24,2000
0x5906d9,81.7949%,142,638,780,433,63,79,205
0x61919b,87.6307%,142,1006,1148,739,51,91,267
0x8e424a,93.8234%,142,2157,2299,532,91,51,1625
0x9a9a60,82.8467%,141,681,822,209,67,74,472
0x542ad9,94.6204%,141,2480,2621,344,20,121,2136
0x552a4c,89.7678%,141,1237,1378,593,69,72,644
0xa35ca8,86.217%,141,882,1023,95,92,49,787
0x8a2982,75.0883%,141,425,566,24,33,108,401
0x406c37,76.1017%,141,449,590,249,19,122,200
0x8d2443,66.9789%,141,286,427,59,95,46,227
0x403d2a,97.7084%,141,6012,6153,4879,85,56,1133
0xa3b22c,59.9432%,141,211,352,43,81,60,168
0x558cee,83.6237%,141,720,861,702,62,79,18
0x4b781e,76.3025%,141,454,595,56,92,49,398
0xa3cbf1,59.9432%,141,211,352,149,73,68,62
0x8bc8e9,99.1786%,140,16904,17044,16891,130,10,13
0xa63c40,74.0741%,140,400,540,341,62,78,59
0x80c000,87.8578%,140,1013,1153,1005,34,106,8
0x410394,75.4386%,140,430,570,138,52,88,292
0x9a30a0,75.3954%,140,429,569,234,37,103,195
0x5fd70c,92.3204%,140,1683,1823,188,100,40,1495
0x8a60d0,74.3119%,140,405,545,159,57,83,246
0x9ed664,80.6897%,140,585,725,33,87,53,552
0xb327da,91.5561%,140,1518,1658,614,58,82,904
0x5122c1,93.2334%,140,1929,2069,17,100,40,1912
0xb2ff99,94.9072%,140,2609,2749,128,12,128,2481
0xb0c519,80.057%,140,562,702,491,64,76,71
0x5425a7,56.5217%,140,182,322,125,68,72,57
0x9e1899,85.2165%,140,807,947,756,54,86,51
0x403afb,93.8811%,140,2148,2288,1648,91,49,500
0x4b52b2,62.2642%,140,231,371,37,87,53,194
0x40cfa4,97.822%,139,6243,6382,6243,139,0,0
0x8a968c,95.487%,139,2941,3080,1543,67,72,1398
0x8d9adb,87.7317%,139,994,1133,708,55,84,286
0x5427f0,89.7113%,139,1212,1351,674,98,41,538
0x595e36,80.8276%,139,586,725,60,110,29,526
0xa49f98,78.2132%,139,499,638,431,62,77,68
0x65a1c3,89.9348%,139,1242,1381,1071,56,83,171
0x8f570c,97.8213%,139,6241,6380,5550,63,76,691
0x7d0cfd,83.0073%,139,679,818,180,83,56,499
0x64b6e8,98.4436%,139,8792,8931,8792,139,0,0
0x40d312,82.5977%,138,655,793,146,24,114,509
0xa515d9,72.9412%,138,372,510,288,60,78,84
0x60456c,61.0169%,138,216,354,104,73,65,112
0x8da1df,77.0383%,138,463,601,116,90,48,347
0x90c241,92.1502%,138,1620,1758,1488,48,90,132
0x8da4e8,97.147%,138,4699,4837,3769,70,68,930
0x6431f1,63.7795%,138,243,381,57,58,80,186
0x63b4a7,93.4783%,138,1978,2116,1237,69,69,741
0x40d2ce,84.8684%,138,774,912,673,74,64,101
0x547fad,88.871%,138,1102,1240,365,59,79,737
0x53e479,97.9613%,138,6631,6769,6631,125,13,0
0xa5edb7,75.4885%,138,425,563,43,115,23,382
0x4becdc,85.1613%,138,792,930,665,62,76,127
0xa30d2e,90.682%,138,1343,1481,1280,44,94,63
0x9a7c7f,75.4919%,137,422,559,66,84,53,356
0x596a38,61.1898%,137,216,353,58,84,53,158
0x48a563,97.4728%,137,5284,5421,1642,103,34,3642
0x5346dc,56.5079%,137,178,315,123,91,46,55
0xb2fcb8,99.2141%,137,17295,17432,0,0,137,17295
0x90e24b,82.0446%,137,626,763,537,66,71,89
0x8b9a56,70.9746%,137,335,472,105,69,68,230
0x8eeb7d,77.5041%,137,472,609,60,98,39,412
0x488d0b,96.4127%,137,3682,3819,3682,80,57,0
0xb2ae27,95.7026%,137,3051,3188,2103,47,90,948
0x54253b,94.0149%,137,2152,2289,2013,83,54,139
0x4bac96,85.7588%,137,825,962,285,88,49,540
0x593865,88.9605%,137,1104,1241,559,49,88,545
0x60a652,88.0245%,137,1007,1144,1007,137,0,0
0x8a775a,69.4878%,137,312,449,263,52,85,49
0x8171dd,68.7356%,136,299,435,218,57,79,81
0x80e95d,87.3371%,136,938,1074,814,24,112,124
0x4b9de7,89.4574%,136,1154,1290,302,68,68,852
0x510e95,97.2177%,136,4752,4888,2755,89,47,1997
0x5cf3eb,92.8459%,136,1765,1901,1502,64,72,263
0x404261,71.3684%,136,339,475,119,79,57,220
0x9aaf4e,54.2088%,136,161,297,41,51,85,120
0x8f44c5,92.0141%,136,1567,1703,1535,35,101,32
0x8a4640,78.5827%,136,499,635,499,136,0,0
0xb2dfb7,91.1631%,136,1403,1539,0,0,136,1403
0x512bce,97.6381%,136,5622,5758,780,81,55,4842
0x809e11,75.7576%,136,425,561,376,34,102,49
0x501807,96.05%,136,3307,3443,33,89,47,3274
0x534210,97.5284%,135,5327,5462,5263,42,93,64
0xb0b9e1,97.7425%,135,5845,5980,5845,13,122,0
0x8be3e5,85.6536%,135,806,941,257,62,73,549
0x8c736f,85.7294%,135,811,946,16,110,25,795
0xad7e12,95.2847%,135,2728,2863,0,0,135,2728
0x8da180,80.2632%,135,549,684,442,66,69,107
0x5fa061,90.0881%,135,1227,1362,109,106,29,1118
0x807af3,70.524%,135,323,458,162,61,74,161
0x48ee29,59.2145%,135,196,331,73,72,63,123
0x53b1d7,94.5543%,135,2344,2479,2342,80,55,2
0x627c19,94.2845%,135,2227,2362,2224,92,43,3
0x807726,96.2068%,135,3424,3559,3202,16,119,222
0x50d6eb,76.8439%,135,448,583,245,63,72,203
0x51190e,93.75%,135,2025,2160,1203,78,57,822
0x8ebab4,87.0192%,135,905,1040,444,87,48,461
0x5bb61a,90.3709%,135,1267,1402,1265,18,117,2
0x8125b3,76.1141%,134,427,561,155,79,55,272
0xb0afbb,80.9117%,134,568,702,9,45,89,559
0xb32711,97.9199%,134,6308,6442,6308,134,0,0
0x816090,81.1001%,134,575,709,547,30,104,28
0x40cf7e,97.9003%,134,6248,6382,6247,92,42,1
0x906b41,62.5698%,134,224,358,185,34,100,39
0x5104e7,95.2245%,134,2672,2806,1152,74,60,1520
0xa39cb9,87.6838%,134,954,1088,31,106,28,923
0x60a673,88.2867%,134,1010,1144,11,39,95,999
0x511137,91.9952%,134,1540,1674,890,84,50,650
0x900187,98.423%,134,8363,8497,88,54,80,8275
0x4fd96e,84.7554%,134,745,879,728,44,90,17
0x48eae2,87.8513%,134,969,1103,260,78,56,709
0xb2e849,98.324%,134,7861,7995,7840,85,49,21
0x50da17,86.0996%,134,830,964,322,55,79,508
0x489dad,93.8419%,134,2042,2176,2042,134,0,0
0xa465dc,71.4894%,134,336,470,300,28,106,36
0x8e135c,91.7488%,134,1490,1624,156,85,49,1334
0x8a9ebe,79.4436%,133,514,647,83,98,35,431
0x9f285b,83.7805%,133,687,820,132,81,52,555
0x8fe47b,98.7007%,133,10103,10236,0,0,133,10103
0x8fdeda,99.603%,133,33367,33500,33367,133,0,0
0x5389ef,90.9892%,133,1343,1476,88,66,67,1255
0x835056,85.9705%,133,815,948,203,88,45,612
0x81d56b,72.6337%,133,353,486,133,77,56,220
0xa54d43,55.5184%,133,166,299,118,65,68,48
0x48bd27,83.1858%,133,658,791,597,51,82,61
0x5095b7,73.9726%,133,378,511,290,61,72,88
0x8fdfd1,89.0894%,133,1086,1219,128,80,53,958
0x8dadf7,95.0777%,133,2569,2702,1977,89,44,592
0x53c4cc,81.6921%,132,589,721,36,90,42,553
0x90be26,99.7408%,132,50801,50933,49949,23,109,852
0x818d3b,97.3398%,132,4830,4962,94,91,41,4736
0x5545bd,92.4442%,132,1615,1747,435,94,38,1180
0x64b0f8,99.6892%,132,42336,42468,21360,94,38,20976
0xa0189b,67.9612%,132,280,412,65,87,45,215
0x8e4a1d,94.2584%,132,2167,2299,555,68,64,1612
0x48a1b3,96.7671%,132,3951,4083,3951,64,68,0
0xa0222a,91.5058%,132,1422,1554,18,79,53,1404
0x64b5ed,99.2153%,132,16690,16822,685,99,33,16005
0x8e96e2,87.8453%,132,954,1086,4,122,10,950
0x8f17f5,78.3251%,132,477,609,75,95,37,402
0xa52640,95.5556%,132,2838,2970,2838,10,122,0
0x80c194,68.9412%,132,293,425,68,92,40,225
0x9fc7d1,77.1626%,132,446,578,297,75,57,149
0x5b166a,74.1176%,132,378,510,216,79,53,162
0x80fd0c,99.3067%,132,18908,19040,9898,54,78,9010
0xa01874,82.9427%,131,637,768,147,105,26,490
0x8ddcf8,84.1404%,131,695,826,11,74,57,684
0xa275eb,93.6346%,131,1927,2058,1903,63,68,24
0x53e3ba,95.8386%,131,3017,3148,675,79,52,2342
0x81b0c6,74.856%,131,390,521,146,58,73,244
0x8209ee,96.3036%,131,3413,3544,2900,56,75,513
0x8e59b2,79.5632%,131,510,641,368,65,66,142
0x5fa98a,88.0146%,131,962,1093,252,87,44,710
0x5c6ad8,96.7646%,131,3918,4049,3783,68,63,135
0x8eecb8,79.9692%,130,519,649,41,90,40,478
0x40bb23,70.9821%,130,318,448,57,93,37,261
0x5f862a,94.0009%,130,2037,2167,1744,60,70,293
0x81e805,98.7724%,130,10460,10590,10354,59,71,106
0x403f46,94.3007%,130,2151,2281,1558,78,52,593
0x4b58d1,72.2222%,130,338,468,148,50,80,190
0x40f7c5,79.9073%,130,517,647,217,71,59,300
0x8b9792,99.2034%,130,16189,16319,4841,101,29,11348
0x503ceb,73.8956%,130,368,498,217,71,59,151
0x8bcd07,94.5946%,130,2275,2405,13,47,83,2262
0x9016f3,89.1667%,130,1070,1200,929,84,46,141
0x9ee58e,67.7419%,130,273,403,167,84,46,106
0x8f48ef,97.3185%,130,4718,4848,4491,27,103,227
0x8e5291,95.9951%,130,3116,3246,1626,97,33,1490
0x545ae9,97.7427%,130,5629,5759,166,35,95,5463
0x5df214,91.6237%,130,1422,1552,1419,22,108,3
0x811c13,83.0949%,130,639,769,632,32,98,7
0x8a3475,73.7805%,129,363,492,363,125,4,0
0xb30180,74.8047%,129,383,512,0,0,129,383
0x814aee,71.3969%,129,322,451,113,81,48,209
0x58f868,97.7627%,129,5637,5766,2417,65,64,3220
0x4bbcb8,93.0794%,129,1735,1864,40,89,40,1695
0x48d154,95.7719%,129,2922,3051,2920,90,39,2
0x81b36b,79.5886%,129,503,632,264,59,70,239
0x91110b,60.5505%,129,198,327,94,66,63,104
0x58f9e9,72.6695%,129,343,472,94,69,60,249
0x5b9d67,97.2813%,129,4616,4745,4584,40,89,32
0xb2fb8d,99.4724%,129,24322,24451,0,0,129,24322
0xa42949,93.5371%,129,1867,1996,831,60,69,1036
0x80e99a,87.9888%,129,945,1074,464,84,45,481
0x40f658,97.8734%,129,5937,6066,5931,77,52,6
0x4103a6,66.0526%,129,251,380,251,129,0,0
0x9783ec,92.631%,128,1609,1737,916,41,87,693
0x81c19c,89.0223%,128,1038,1166,998,38,90,40
0x5580c7,82.7027%,128,612,740,326,44,84,286
0x8223f9,94.3513%,128,2138,2266,324,97,31,1814
0x5030da,98.3644%,128,7698,7826,101,89,39,7597
0x819afb,85.4048%,128,749,877,730,61,67,19
0x80d87a,72.4138%,128,336,464,311,39,89,25
0x4c432c,95.0272%,128,2446,2574,203,83,45,2243
0x8f4952,97.3597%,128,4720,4848,3088,41,87,1632
0x53d9dc,97.3787%,128,4755,4883,3169,72,56,1586
0x908277,96.3791%,128,3407,3535,190,100,28,3217
0x8c806b,94.5111%,128,2204,2332,212,96,32,1992
0xb300d4,87.9586%,128,935,1063,0,0,128,935
0x542d30,93.8164%,128,1942,2070,106,85,43,1836
0xa95de0,77.7003%,128,446,574,391,49,79,55
0x5f830b,79.7788%,128,505,633,13,93,35,492
0x8f2e34,77.3619%,127,434,561,164,60,67,270
0x40ebe0,91.2232%,127,1320,1447,921,40,87,399
0x9f9717,63.1884%,127,218,345,157,60,67,61
0x811df5,96.1292%,127,3154,3281,48,107,20,3106
0x63ac65,75.4352%,127,390,517,83,56,71,307
0x5ffa90,91.5894%,127,1383,1510,1285,51,76,98
0x8fef17,64.2254%,127,228,355,79,62,65,149
0xb30096,99.7068%,127,43182,43309,0,0,127,43182
0x4101e7,95.4448%,127,2661,2788,858,69,58,1803
0x8ddabd,69.1748%,127,285,412,82,82,45,203
0x8feeba,76.867%,127,422,549,81,81,46,341
0x8117c4,88.8792%,127,1015,1142,543,75,52,472
0x488aa5,91.9263%,127,1446,1573,936,111,16,510
0x8fe28c,80.1887%,126,510,636,257,43,83,253
0x8fe272,93.1485%,126,1713,1839,564,58,68,1149
0xa32aea,93.7469%,126,1889,2015,16,77,49,1873
0x9c429b,65%,126,234,360,36,64,62,198
0x405a61,83.908%,126,657,783,255,73,53,402
0x8ea1e2,94.907%,126,2348,2474,2279,51,75,69
0x534966,96.9057%,126,3946,4072,3946,60,66,0
0x8e1157,96.9936%,126,4065,4191,42,76,50,4023
0xb3267f,98.0441%,126,6316,6442,0,0,126,6316
0x40f579,92.6829%,126,1596,1722,24,103,23,1572
0xa5560f,76.4486%,126,409,535,41,87,39,368
0x90fe07,96.0845%,126,3092,3218,364,71,55,2728
0x81a46a,69.2683%,126,284,410,148,63,63,136
0x81236e,88.986%,126,1018,1144,889,51,75,129
0x804708,74.1273%,126,361,487,201,63,63,160
0x5bd6a8,93.4783%,126,1806,1932,1570,31,95,236
0x94422c,67.4479%,125,259,384,96,90,35,163
0x554e57,89.4157%,125,1056,1181,1041,35,90,15
0x558a29,66.7553%,125,251,376,46,82,43,205
0x504904,83.1081%,125,615,740,506,70,55,109
0x9778e0,74.6964%,125,369,494,336,51,74,33
0x4c4b0a,95.1437%,125,2449,2574,2098,74,51,351
0x97842a,83.9744%,125,655,780,247,56,69,408
0x9f16e3,85.5324%,125,739,864,731,38,87,8
0x4886e1,88.3068%,125,944,1069,311,85,40,633
0x40df72,99.1598%,125,14753,14878,14733,88,37,20
0x5faa2f,70.2381%,125,295,420,244,61,64,51
0x8fdfc9,93.0284%,125,1668,1793,521,53,72,1147
0x48a02b,98.0184%,125,6183,6308,1,67,58,6182
0x5469d7,93.57%,125,1819,1944,0,72,53,1819
0x5fd66c,96.4245%,125,3371,3496,1239,77,48,2132
0x9bc70f,68.0307%,125,266,391,50,77,48,216
0x54562f,85.0657%,125,712,837,164,78,47,548
0x5437f4,55.1971%,125,154,279,55,86,39,99
0x8e2645,95.4346%,125,2613,2738,2579,35,90,34
0xa911ec,71.9101%,125,320,445,301,57,68,19
0x813d9e,86.7304%,125,817,942,793,29,96,24
0x9091b3,93.2687%,125,1732,1857,665,66,59,1067
0x8feaaf,90.0636%,125,1133,1258,608,49,76,525
0x53baf3,89.1514%,124,1019,1143,87,68,56,932
0x5c4f7b,86.3886%,124,787,911,696,49,75,91
0x811ea5,94.8505%,124,2284,2408,1613,66,58,671
0x40f532,99.702%,124,41480,41604,12,82,42,41468
0xa310f1,79.4702%,124,480,604,105,89,35,375
0x8ed293,95.6292%,124,2713,2837,1391,92,32,1322
0x489d18,96.9116%,124,3891,4015,2,85,39,3889
0x65a29b,96.6809%,124,3612,3736,3510,36,88,102
0x6104a7,77.1639%,124,419,543,183,80,44,236
0x639bf2,92.036%,124,1433,1557,826,79,45,607
0xa029c2,63.0952%,124,212,336,55,82,42,157
0x511f37,64.5714%,124,226,350,147,65,59,79
0x6670e6,87.1768%,124,843,967,812,36,88,31
0x59172d,97.3247%,124,4511,4635,4481,16,108,30
0x49dfc4,47.4576%,124,112,236,14,26,98,98
0x53aea2,84.1837%,124,660,784,654,77,47,6
0xa45fc0,48.1013%,123,114,237,18,74,49,96
0x8a33f4,78.2686%,123,443,566,15,59,64,428
0x977f14,91.9132%,123,1398,1521,855,56,67,543
0x81ea88,89.7415%,123,1076,1199,909,75,48,167
0x489d76,98.0071%,123,6049,6172,2135,41,82,3914
0x40ee59,94.4669%,123,2100,2223,1161,79,44,939
0x4ca479,86.9288%,123,818,941,807,21,102,11
0x8e2b2b,94.9714%,123,2323,2446,1224,82,41,1099
0x8bad20,98.0927%,123,6326,6449,5956,47,76,370
0x53a2c4,95.1422%,123,2409,2532,2409,65,58,0
0x8e09e0,95.7992%,123,2805,2928,2576,28,95,229
0xa41e11,93.4748%,123,1762,1885,1200,60,63,562
0x808828,78.0749%,123,438,561,265,62,61,173
0x81315d,92.7305%,123,1569,1692,775,71,52,794
0xa45bee,71.5935%,123,310,433,287,44,79,23
0x8c941a,65.7382%,123,236,359,195,45,78,41
0x8bcce9,94.8857%,123,2282,2405,398,12,111,1884
0x48ebb7,76.7176%,122,402,524,133,73,49,269
0x48b1c0,91.9152%,122,1387,1509,1379,31,91,8
0x9f2570,94.1599%,122,1967,2089,1963,31,91,4
0x8a87dd,86.9797%,122,815,937,16,89,33,799
0x8e376f,93.829%,122,1855,1977,220,81,41,1635
0xad7e85,96.4566%,122,3321,3443,496,84,38,2825
0x539b2b,81.4024%,122,534,656,348,47,75,186
0x48eba3,83.1956%,122,604,726,131,71,51,473
0x5d8b86,48.3051%,122,114,236,15,84,38,99
0x8194c4,67.1159%,122,249,371,217,47,75,32
0x53ef1d,64.095%,121,216,337,111,72,49,105
0x49f92f,92.8614%,121,1574,1695,245,51,70,1329
0x545c2c,96.2258%,121,3085,3206,2926,70,51,159
0x7c1607,94.4925%,121,2076,2197,1861,49,72,215
0x80f0b0,84.6447%,121,667,788,184,76,45,483
0x40dc22,94.4444%,121,2057,2178,1888,70,51,169
0x54817d,97.4734%,121,4668,4789,3729,75,46,939
0xa25ed7,88.0553%,121,892,1013,792,33,88,100
0x8dc250,94.7368%,121,2178,2299,1457,64,57,721
0x8c83ad,87.2093%,121,825,946,691,46,75,134
0x502414,78.508%,121,442,563,174,49,72,268
0x501137,98.7504%,121,9562,9683,87,53,68,9475
0x555d1e,88.8067%,121,960,1081,948,30,91,12
0xa280d3,63.8806%,121,214,335,53,73,48,161
0x8f181d,69.7733%,120,277,397,128,62,58,149
0x5bc220,91.2345%,120,1249,1369,22,97,23,1227
0x8eac74,99.1368%,120,13781,13901,8784,75,45,4997
0x40d323,93.8931%,120,1845,1965,787,55,65,1058
0x53ecec,86.9281%,120,798,918,81,61,59,717
0x5118aa,97.7553%,120,5226,5346,5079,55,65,147
0xb326a7,98.1372%,120,6322,6442,6322,120,0,0
0x596baf,94.8209%,120,2197,2317,334,52,68,1863
0x504666,83.7838%,120,620,740,504,30,90,116
0xa527fb,80.0664%,120,482,602,346,64,56,136
0x534de1,96.0526%,120,2920,3040,55,1,119,2865
0x5390b7,79.8319%,120,475,595,114,89,31,361
0x81178a,80.5825%,120,498,618,340,48,72,158
0x8eebe5,68.3377%,120,259,379,170,69,51,89
0xa5532f,55.0943%,119,146,265,92,59,60,54
0x8a5d9c,92.4059%,119,1448,1567,134,84,35,1314
0xb326fc,98.1527%,119,6323,6442,0,0,119,6323
0x81a8a1,77.2467%,119,404,523,390,28,91,14
0x98cfd5,93.609%,119,1743,1862,1615,39,80,128
0x48d652,97.3372%,119,4350,4469,4349,51,68,1
0x4bc373,92.0241%,119,1373,1492,1105,58,61,268
0xb0b19c,65.3061%,119,224,343,84,76,43,140
0x8daaab,92.4636%,119,1460,1579,124,76,43,1336
0x5fe180,91.9486%,119,1359,1478,1352,33,86,7
0x5413ff,99.202%,119,14794,14913,14753,49,70,41
0x8e3f98,83.518%,119,603,722,176,74,45,427
0x50252d,91.3328%,119,1254,1373,137,84,35,1117
0xb0cee3,96.0836%,118,2895,3013,0,0,118,2895
0x901fdf,89.1043%,118,965,1083,556,66,52,409
0x5bcee4,87.7593%,118,846,964,597,45,73,249
0x53aafb,84.949%,118,666,784,650,81,37,16
0x5914b7,77.4379%,118,405,523,333,50,68,72
0x48d7d2,83.9891%,118,619,737,597,33,85,22
0x8f2fa2,98.38%,118,7166,7284,6906,59,59,260
0x9a70d1,83.7466%,118,608,726,584,38,80,24
0x8a3402,76.0163%,118,374,492,368,92,26,6
0x80fd88,99.3803%,118,18922,19040,17837,13,105,1085
0xa353e0,87.2017%,118,804,922,586,54,64,218
0xaa8076,77.6938%,118,411,529,219,47,71,192
0x404430,91.8283%,118,1326,1444,3,97,21,1323
0x5107a3,88.8679%,118,942,1060,273,54,64,669
0x4a1364,74.7323%,118,349,467,304,45,73,45
0x8a3449,76.0163%,118,374,492,346,86,32,28
0x40f643,98.7032%,118,8981,9099,2950,83,35,6031
0x40dbb6,98.8046%,118,9753,9871,3,66,52,9750
0xad7f75,87.2845%,118,810,928,810,118,0,0
0x403d7a,90.9021%,118,1179,1297,99,93,25,1080
0x485dc3,74.2358%,118,340,458,180,85,33,160
0x53da94,97.4979%,117,4559,4676,4559,117,0,0
0xa39e20,84.2105%,117,624,741,31,82,35,593
0xb2fb53,98.3942%,117,7169,7286,0,0,117,7169
0x54fead,95.8933%,117,2732,2849,2732,117,0,0
0x541cbf,91.6069%,117,1277,1394,22,50,67,1255
0x50ff60,89.7007%,117,1019,1136,37,83,34,982
0x547ee2,81.5166%,117,516,633,1,105,12,515
0xaad99e,81.8605%,117,528,645,399,41,76,129
0x8a8946,74.4541%,117,341,458,276,59,58,65
0x94527a,77.8828%,117,412,529,192,47,70,220
0xa51051,76.6932%,117,385,502,55,71,46,330
0x81a87a,83.8174%,117,606,723,594,39,78,12
0x81c044,62.9747%,117,199,316,180,51,66,19
0x4ba20f,91.4474%,117,1251,1368,127,88,29,1124
0xa5662c,77.3256%,117,399,516,382,53,64,17
0x807f87,75.8264%,117,367,484,360,55,62,7
0x58ebb2,97.7406%,116,5018,5134,3485,86,30,1533
0x80c13b,86.4802%,116,742,858,283,64,52,459
0x48ee0f,64.9547%,116,215,331,114,62,54,101
0x5555b0,90.4762%,116,1102,1218,1089,26,90,13
0x8f29c0,81.558%,116,513,629,272,64,52,241
0x8fe240,99.6192%,116,30349,30465,30349,116,0,0
0x8e2fa6,94.1325%,116,1861,1977,1615,51,65,246
0x4bb9d3,63.1746%,116,199,315,151,53,63,48
0xa2dfca,71.7073%,116,294,410,51,42,74,243
0x9f0a45,61.0738%,116,182,298,129,29,87,53
0x81849b,86.7731%,116,761,877,759,32,84,2
0xa25b4b,88.5489%,116,897,1013,59,82,34,838
0x54830c,99.1803%,116,14035,14151,14035,116,0,0
0x5d7cea,85.7494%,116,698,814,689,39,77,9
0x4bc44b,88.33%,116,878,994,597,78,38,281
0x77ffae,95.0043%,116,2206,2322,1710,75,41,496
0x54652f,87.2247%,116,792,908,285,65,51,507
0x4bed20,87.6344%,115,815,930,489,53,62,326
0x9e25d0,80.4089%,115,472,587,182,71,44,290
0x40f514,99.7883%,115,54199,54314,54199,115,0,0
0x821304,97.1841%,115,3969,4084,92,33,82,3877
0x8f359b,88.0582%,115,848,963,76,72,43,772
0x49e724,94.2442%,115,1883,1998,0,42,73,1883
0xaa0720,94.4093%,115,1942,2057,1935,25,90,7
0x80739d,93.8305%,115,1749,1864,1741,11,104,8
0x534db3,99.1956%,115,14182,14297,0,0,115,14182
0x501654,91.6303%,115,1259,1374,305,62,53,954
0x8b985c,98.9142%,114,10385,10499,729,71,43,9656
0x5bba75,91.8688%,114,1288,1402,937,30,84,351
0x5f530c,96.9921%,114,3676,3790,718,68,46,2958
0x8fee70,82.0472%,114,521,635,168,63,51,353
0x8a5dec,68.595%,114,249,363,138,47,67,111
0x8f63d4,66.0714%,114,222,336,87,67,47,135
0xb32708,98.2304%,114,6328,6442,0,0,114,6328
0xb30176,77.7344%,114,398,512,0,0,114,398
0x9a7f20,86.5566%,114,734,848,726,22,92,8
0x5069dc,84.5946%,114,626,740,200,72,42,426
0x8a24d0,67.4286%,114,236,350,236,114,0,0
0x81b101,63.8095%,114,201,315,191,42,72,10
0x4bb27f,75.2711%,114,347,461,300,47,67,47
0x4b5925,75.641%,114,354,468,112,63,51,242
0x488641,79.1971%,114,434,548,378,64,50,56
0x81beed,90.035%,114,1030,1144,888,52,62,142
0x40f56a,99.2152%,114,14412,14526,66,28,86,14346
0x4bad5d,88.1497%,114,848,962,297,86,28,551
0x8a29b3,80.0353%,113,453,566,0,0,113,453
0x8bc939,97.9387%,113,5369,5482,149,45,68,5220
0x9f43b3,61.3014%,113,179,292,147,44,69,32
0x8e1784,98.9915%,113,11092,11205,11011,22,91,81
0x78099e,89.6425%,113,978,1091,958,35,78,20
0x5486b4,95.1976%,113,2240,2353,2240,113,0,0
0x9a74c0,84.2399%,113,604,717,590,35,78,14
0x977c1c,93.1681%,113,1541,1654,1436,75,38,105
0x8fee3a,82.2047%,113,522,635,410,70,43,112
0x8dee22,94.4743%,113,1932,2045,1111,40,73,821
0x5b16aa,78.2692%,113,407,520,347,59,54,60
0x8d2946,99.4096%,113,19027,19140,18896,24,89,131
0x40d048,98.6532%,113,8277,8390,8277,113,0,0
0x9a70c4,86.3691%,113,716,829,13,90,23,703
0x81a549,86.3362%,113,714,827,130,65,48,584
0x80a527,79.8574%,113,448,561,398,37,76,50
0x8fe133,96.2471%,113,2898,3011,2879,60,53,19
0x8fdce2,85.2094%,113,651,764,331,53,60,320
0x40ffa0,96.6214%,112,3203,3315,48,30,82,3155
0x547e7a,85.567%,112,664,776,172,59,53,492
0xa94a6d,46.1538%,112,96,208,55,77,35,41
0x9f0e20,81.2081%,112,484,596,243,65,47,241
0x40e01b,97.6983%,112,4754,4866,4459,57,55,295
0x40f5ac,96.6387%,112,3220,3332,240,59,53,2980
0xa36089,84.7411%,112,622,734,262,54,58,360
0x5075f7,95.1304%,112,2188,2300,1186,58,54,1002
0x5c4b91,93.8764%,112,1717,1829,0,0,112,1717
0xa02407,76.1702%,112,358,470,74,54,58,284
0x81bb14,78.5029%,112,409,521,147,57,55,262
0x8fd430,96.4724%,112,3063,3175,1,33,79,3062
0x8d25db,96.7844%,112,3371,3483,299,72,40,3072
0x54248c,91.1742%,112,1157,1269,1053,82,30,104
0x51b97f,97.8748%,112,5158,5270,5114,49,63,44
0xa9095d,54.2857%,112,133,245,25,71,41,108
0x5069fd,76.0684%,112,356,468,343,35,77,13
0x9ed3c7,81.0811%,112,480,592,343,36,76,137
0x533d72,46.89%,111,98,209,56,93,18,42
0x8dd2b0,84.626%,111,611,722,39,60,51,572
0x541bbf,86.5942%,111,717,828,20,66,45,697
0x9a7050,84.5188%,111,606,717,587,38,73,19
0x8fe995,96.6915%,111,3244,3355,120,50,61,3124
0xa01a30,71.6837%,111,281,392,257,38,73,24
0x677516,63.3663%,111,192,303,56,59,52,136
0x8a2573,60.4982%,111,170,281,36,40,71,134
0x8d3cfc,88.5212%,111,856,967,287,66,45,569
0x510316,75.1121%,111,335,446,35,87,24,300
0x5111b5,88.6037%,111,863,974,190,50,61,673
0xa41db1,94.1645%,110,1775,1885,127,78,32,1648
0x99d9a7,71.867%,110,281,391,31,81,29,250
0xa18097,87.1944%,110,749,859,104,66,44,645
0x609ccb,83.4835%,110,556,666,15,38,72,541
0x8a24f6,68.5714%,110,240,350,34,46,64,206
0x4bac5a,87.5425%,110,773,883,250,54,56,523
0xa36244,74.6544%,110,324,434,78,59,51,246
0x7ce459,60%,110,165,275,33,71,39,132
0xa26570,93.4328%,110,1565,1675,289,60,50,1276
0xa5536c,59.2593%,110,160,270,52,78,32,108
0x8e91c8,88.5417%,110,850,960,838,17,93,12
0x9d6991,70.7447%,110,266,376,209,55,55,57
0x8a5d58,92.9802%,110,1457,1567,134,84,26,1323
0x787d20,86.5361%,110,707,817,492,65,45,215
0x4ba553,70.5094%,110,263,373,155,54,56,108
0x48a0a0,97.2472%,110,3886,3996,0,68,42,3886
0x4fdaf8,83.1547%,110,543,653,281,57,53,262
0x9a7c2d,87.8587%,110,796,906,57,55,55,739
0x6094e4,86.1982%,110,687,797,31,68,42,656
0x41036b,84.9315%,110,620,730,485,36,74,135
0x48db4d,94.0637%,110,1743,1853,55,28,82,1688
0x5574e5,54.7325%,110,133,243,83,46,64,50
0x5fd680,97.2691%,110,3918,4028,3918,34,76,0
0xb2fed8,97.2664%,110,3914,4024,3914,110,0,0
0x81e908,86.3861%,110,698,808,206,80,30,492
0x54f878,94.6446%,110,1944,2054,1941,70,40,3
0x8da44f,83.8519%,109,566,675,85,52,57,481
0x81b231,79.0787%,109,412,521,135,69,40,277
0x8a5dbb,88.3422%,109,826,935,12,93,16,814
0x53a30f,95.6225%,109,2381,2490,2375,52,57,6
0x404fff,64.6104%,109,199,308,54,56,53,145
0x8eefd1,91.0509%,109,1109,1218,1082,52,57,27
0xad7ee4,94.0825%,109,1733,1842,1602,67,42,131
0xa583a9,52.6087%,109,121,230,57,50,59,64
0x810928,56.917%,109,144,253,48,61,48,96
0xad7ef8,93.4691%,109,1560,1669,102,41,68,1458
0x80942f,87.1462%,109,739,848,713,28,81,26
0x599186,97.8169%,109,4884,4993,4575,64,45,309
0x502ee7,98.5694%,109,7510,7619,54,48,61,7456
0x4051c6,98.6727%,109,8103,8212,848,76,33,7255
0xa9048c,70.6989%,109,263,372,177,49,60,86
0x8a76f7,78.9168%,109,408,517,173,57,52,235
0x95297f,76.0965%,109,347,456,347,109,0,0
0xa3b211,78.0242%,109,387,496,57,87,22,330
0x48dcef,98.4391%,109,6874,6983,13,70,39,6861
0xa028c2,67.5595%,109,227,336,143,43,66,84
0x8e24d6,97.9336%,109,5166,5275,5151,14,95,15
0x9a60b0,77.5258%,109,376,485,367,42,67,9
0x557c22,63.1757%,109,187,296,136,43,66,51
0x81b894,79.2706%,108,413,521,136,68,40,277
0x5464d5,91.4149%,108,1150,1258,856,52,56,294
0x81877c,87.4564%,108,753,861,753,22,86,0
0x5b02ae,78.8235%,108,402,510,300,54,54,102
0xa2d6a0,61.8375%,108,175,283,21,64,44,154
0x402d06,80.3993%,108,443,551,211,35,73,232
0x48ebbc,66.0377%,108,210,318,115,34,74,95
0x403be0,81.8487%,108,487,595,281,16,92,206
0x60df84,89.5652%,108,927,1035,673,44,64,254
0x50c0b2,82.4675%,108,508,616,460,36,72,48
0x8ef42f,82.266%,108,501,609,108,62,46,393
0x9e082a,88.8658%,107,854,961,642,31,76,212
0x550507,99.0647%,107,11333,11440,11333,107,0,0
0x80eb4e,90.0372%,107,967,1074,605,37,70,362
0x90fdfa,97.1938%,107,3706,3813,567,28,79,3139
0x99c843,92.0564%,107,1240,1347,453,42,65,787
0xa331e3,94.275%,107,1762,1869,983,46,61,779
0x81bcd6,79.4626%,107,414,521,138,66,41,276
0x40f56f,99.2586%,107,14325,14432,12625,85,22,1700
0x9aaeb8,63.9731%,107,190,297,99,74,33,91
0x5080a3,72.7041%,107,285,392,71,65,42,214
0x4a6e6f,69.8592%,107,248,355,206,55,52,42
0xa90733,71.916%,107,274,381,106,47,60,168
0x40f5bd,99.069%,107,11386,11493,10869,52,55,517
0x49ff38,97.6602%,107,4466,4573,370,68,39,4096
0xad7af9,86.2644%,107,672,779,663,93,14,9
0x54f5d2,86.2291%,107,670,777,3,32,75,667
0x81d1c3,82.4013%,107,501,608,110,56,51,391
0x40cfd6,98.3234%,107,6275,6382,6275,107,0,0
0x81c27b,80.5455%,107,443,550,423,47,60,20
0x48a246,98.2664%,107,6065,6172,0,73,34,6065
0x64ace1,99.581%,107,25433,25540,81,41,66,25352
0x8da56c,90.6305%,107,1035,1142,104,67,40,931
0x819e5b,65.5949%,107,204,311,190,30,77,14
0x9aad3b,84.6599%,106,585,691,79,64,42,506
0x9e74c6,92.1829%,106,1250,1356,320,80,26,930
0xb3266f,98.3545%,106,6336,6442,0,0,106,6336
0x944d7f,79.9622%,106,423,529,114,68,38,309
0x8e47d9,95.3893%,106,2193,2299,550,73,33,1643
0x8059d7,93.3291%,106,1483,1589,149,75,31,1334
0xa585d2,69.2754%,106,239,345,58,61,45,181
0x80bc2c,73.0964%,106,288,394,63,67,39,225
0x803ea9,59.8485%,106,158,264,89,37,69,69
0x80a957,87.4259%,106,737,843,632,18,88,105
0x9f0b2f,83.9879%,106,556,662,100,49,57,456
0x9095c0,94.2857%,106,1749,1855,1713,25,81,36
0x835e7f,94.1981%,106,1721,1827,1721,68,38,0
0x610d9d,98.9491%,106,9981,10087,6,59,47,9975
0x541b8f,81.9113%,106,480,586,116,25,81,364
0x54832f,99.2509%,106,14045,14151,14033,85,21,12
0x539b76,90.8384%,106,1051,1157,85,70,36,966
0xb30d41,94.3376%,106,1766,1872,0,0,106,1766
0x610c49,69.0962%,106,237,343,148,41,65,89
0x8dce2a,80.4788%,106,437,543,180,48,58,257
0x49ec30,67.0807%,106,216,322,109,52,54,107
0xa02a51,65.6958%,106,203,309,34,76,30,169
0x627926,95.168%,105,2068,2173,1109,38,67,959
0x54f586,96.554%,105,2942,3047,4,45,60,2938
0x8c92fa,88.587%,105,815,920,283,61,44,532
0x814097,88.8535%,105,837,942,135,65,40,702
0xa936dc,71.8499%,105,268,373,59,58,47,209
0xa3a3a5,85%,105,595,700,259,61,44,336
0x80e81e,79.249%,105,401,506,154,64,41,247
0x54f693,97.9416%,105,4996,5101,4996,105,0,0
0x9e25f7,91.6335%,105,1150,1255,242,61,44,908
0x8e9fff,95.7559%,105,2369,2474,2036,39,66,333
0x9c3dec,69.6532%,105,241,346,37,63,42,204
0xa2630b,89.6347%,105,908,1013,339,55,50,569
0x403cac,98.2935%,105,6048,6153,5969,79,26,79
0x5904f7,92.6676%,105,1327,1432,10,73,32,1317
0x8a9901,96.5909%,105,2975,3080,1539,71,34,1436
0x51b067,84.2342%,105,561,666,262,41,64,299
0x4a6ca4,78.1705%,105,376,481,283,99,6,93
0xa41b35,89.7461%,105,919,1024,208,59,46,711
0x40f8ad,99.6831%,105,33025,33130,33025,105,0,0
0x81041f,75.1185%,105,317,422,45,71,34,272
0x81512f,68.4848%,104,226,330,211,40,64,15
0x8fe05d,96.562%,104,2921,3025,2852,87,17,69
0x49b30b,97.5931%,104,4217,4321,879,34,70,3338
0xb2e694,99.2934%,104,14614,14718,14603,69,35,11
0x502cbb,95.1695%,104,2049,2153,711,77,27,1338
0x64b0c4,99.5066%,104,20974,21078,20915,99,5,59
0x40d224,99.0492%,104,10834,10938,10834,104,0,0
0x5b9dcf,97.8082%,104,4641,4745,4640,32,72,1
0x610c5b,69.6793%,104,239,343,89,56,48,150
0xb32693,98.3856%,104,6338,6442,0,0,104,6338
0x51158d,97.9584%,104,4990,5094,1902,32,72,3088
0x4050bb,97.211%,104,3625,3729,3625,83,21,0
0x5bb3d6,92.582%,104,1298,1402,28,91,13,1270
0x8fdef3,99.6896%,104,33396,33500,0,0,104,33396
0x8ed2aa,92.9872%,104,1379,1483,860,41,63,519
0xa4d540,63.2509%,104,179,283,60,61,43,119
0x8a2aba,70.2857%,104,246,350,244,90,14,2
0xa42a6c,96.3976%,104,2783,2887,1865,41,63,918
0x4ba3a2,92.2734%,104,1242,1346,455,65,39,787
0x81a5f7,99.2697%,104,14136,14240,2390,65,39,11746
0x489525,86.1886%,104,649,753,283,96,8,366
0x8187f1,94.6475%,104,1839,1943,1824,34,70,15
0xa91d2a,58.2329%,104,145,249,41,60,44,104
0x8efa8c,82.9228%,104,505,609,111,59,45,394
0x9e245c,87.3016%,104,715,819,549,53,51,166
0x488bf1,79.4466%,104,402,506,124,72,32,278
0x40e61c,94.6612%,104,1844,1948,18,52,52,1826
0x8f4878,97.8548%,104,4744,4848,3065,64,40,1679
0xaab3da,95.49%,104,2202,2306,709,39,65,1493
0x53f5ff,95.1847%,103,2036,2139,366,43,60,1670
0x48a004,97.5187%,103,4048,4151,4005,78,25,43
0x8ef207,83.087%,103,506,609,373,36,67,133
0x8bcb0e,67.7116%,103,216,319,39,49,54,177
0x9aafce,81.0313%,103,440,543,22,70,33,418
0x66785c,95.9385%,103,2433,2536,1973,78,25,460
0x6434f4,94.53%,103,1780,1883,271,43,60,1509
0x8e37c3,86.7609%,103,675,778,534,41,62,141
0xa44a00,83.4138%,103,518,621,33,60,43,485
0x8fe4b1,98.9937%,103,10133,10236,10133,86,17,0
0x94d9cc,81.3406%,103,449,552,365,46,57,84
0x5343f7,98.8486%,103,8843,8946,4,37,66,8839
0x49a6a1,86.5183%,103,661,764,214,51,52,447
0x557dea,57.7869%,103,141,244,76,51,52,65
0x8adc5f,70.8215%,103,250,353,24,65,38,226
0x8a265c,63.3452%,103,178,281,18,58,45,160
0xa33849,82.7759%,103,495,598,322,38,65,173
0x4bbf38,94.5589%,103,1790,1893,1468,24,79,322
0xad802a,98.2992%,103,5953,6056,5953,103,0,0
0x5f82cc,83.3333%,103,515,618,21,62,41,494
0x49ee49,77.4123%,103,353,456,256,46,57,97
0x404513,89.6657%,102,885,987,80,64,38,805
0x80fcb8,97.069%,102,3378,3480,464,80,22,2914
0xa5f889,68.125%,102,218,320,118,66,36,100
0xb2e617,99.5201%,102,21152,21254,0,0,102,21152
0x55707a,58.7045%,102,145,247,72,61,41,73
0x4bbc4b,94.4805%,102,1746,1848,1514,50,52,232
0x534daa,99.334%,102,15214,15316,1017,2,100,14197
0x8f48d8,97.896%,102,4746,4848,116,74,28,4630
0x5068ab,86.2162%,102,638,740,533,71,31,105
0x816803,67.619%,102,213,315,177,34,68,36
0x82241d,75.772%,102,319,421,135,51,51,184
0x90f2b7,96.6068%,102,2904,3006,2182,52,50,722
0xa3349b,97.8517%,102,4646,4748,2985,60,42,1661
0x81f214,94.7095%,102,1826,1928,122,54,48,1704
0x534621,97.6411%,102,4222,4324,4222,102,0,0
0x8191fd,67.2026%,102,209,311,177,43,59,32
0x53d887,93.8812%,102,1565,1667,1553,87,15,12
0x8ed1c3,99.2662%,102,13799,13901,8798,61,41,5001
0x805d4e,89.375%,102,858,960,10,79,23,848
0xaa44d4,98.8072%,102,8449,8551,8449,102,0,0
0x8f4bc3,95.9281%,102,2403,2505,2291,38,64,112
0x814345,93.4907%,102,1465,1567,243,55,47,1222
0x5bc229,91.84%,102,1148,1250,930,37,65,218
0x80a578,68.8073%,102,225,327,27,76,26,198
0x8ddd01,95.5633%,102,2197,2299,1486,35,67,711
0x402215,97%,102,3298,3400,1555,60,42,1743
0x8f5d64,86.3636%,102,646,748,41,78,24,605
0x60a958,87.2152%,101,689,790,141,71,30,548
0x48e7c6,97.6766%,101,4246,4347,4246,45,56,0
0x90028f,75.1843%,101,306,407,14,73,28,292
0x9f27f4,82.9966%,101,493,594,47,73,28,446
0x512e5f,97.0588%,101,3333,3434,602,63,38,2731
0x51b5d9,98.0853%,101,5174,5275,5174,96,5,0
0x9e2808,81.2616%,101,438,539,252,55,46,186
0x40d8e9,99.1448%,101,11709,11810,11709,101,0,0
0xb3ab09,96.4159%,101,2717,2818,428,80,21,2289
0x9694d6,95.7776%,101,2291,2392,0,0,101,2291
0x53df37,97.7865%,101,4462,4563,458,52,49,4004
0x5502bf,74.3003%,101,292,393,237,37,64,55
0xa41a5e,96.5016%,101,2786,2887,850,41,60,1936
0x5fe1ca,88.8151%,101,802,903,48,85,16,754
0x50197f,93.9193%,101,1560,1661,534,35,66,1026
0xa3080b,71.7877%,101,257,358,94,56,45,163
0x552228,95.0417%,101,1936,2037,0,0,101,1936
0x9f4741,82.9966%,101,493,594,137,40,61,356
0x9f32f5,73.8342%,101,285,386,116,39,62,169
0x8ef40d,83.4154%,101,508,609,99,59,42,409
0x8bc7c1,93.7923%,101,1526,1627,1435,66,35,91
0x548ce6,98.5738%,101,6981,7082,497,40,61,6484
0x8e34ba,97.5901%,101,4090,4191,2167,47,54,1923
0x53afc4,95.9661%,100,2379,2479,2374,48,52,5
0x8f2954,94.856%,100,1844,1944,917,65,35,927
0x9a8ff9,55.3571%,100,124,224,77,35,65,47
0xb0b171,67.2131%,100,205,305,14,73,27,191
0x49c085,79.8793%,100,397,497,394,8,92,3
0x5417f6,94.2628%,100,1643,1743,1643,100,0,0
0x488a4e,72.067%,100,258,358,233,42,58,25
0x8a27a5,64.4128%,100,181,281,181,100,0,0
0x59290b,91.6597%,100,1099,1199,444,61,39,655
0xa2647a,94.0299%,100,1575,1675,1017,41,59,558
0x511a93,93.2295%,100,1377,1477,610,55,45,767
0x48d9e6,78.903%,100,374,474,15,82,18,359
0x81e32c,87.8493%,100,723,823,547,61,39,176
0x409aa4,80.2372%,100,406,506,135,61,39,271
0x60b2dc,94.7971%,100,1822,1922,967,46,54,855
0x49e0d1,70.7602%,100,242,342,2,4,96,240
0x94d9c3,83.8449%,100,519,619,16,51,49,503
0x53b010,95.8983%,100,2338,2438,2335,40,60,3
0xa921c7,80.9524%,100,425,525,217,40,60,208
0x402bed,88.3586%,100,759,859,92,66,34,667
0x807740,97.1902%,100,3459,3559,103,66,34,3356
0x8feefc,68.4543%,100,217,317,131,63,37,86
0x81b36f,86.0169%,99,609,708,154,52,47,455
0x64387e,93.1106%,99,1338,1437,1338,60,39,0
0x63bba1,92.4021%,99,1204,1303,923,35,64,281
0x8d2436,84.9315%,99,558,657,165,65,34,393
0x539d1b,87.3885%,99,686,785,677,54,45,9
0x5389a4,94.3846%,99,1664,1763,582,37,62,1082
0x49ec03,79.5031%,99,384,483,87,74,25,297
0x4c1bb0,80.7393%,99,415,514,244,70,29,171
0x8a7723,81.768%,99,444,543,89,70,29,355
0x6277db,82.6923%,99,473,572,471,55,44,2
0x8d30a9,73.3154%,99,272,371,67,57,42,205
0x404de0,97.4084%,99,3721,3820,3713,65,34,8
0x9e2606,89.6008%,99,853,952,291,57,42,562
0xa45a6e,78.7554%,99,367,466,326,54,45,41
0x50771b,68.1672%,99,212,311,107,50,49,105
0x5ff5d0,79.4606%,99,383,482,374,33,66,9
0xaa149b,72.4234%,99,260,359,107,57,42,153
0x8f6167,71.5517%,99,249,348,116,61,38,133
0xb28b06,97.659%,99,4130,4229,1366,45,54,2764
0x8c7f1b,94.8571%,99,1826,1925,940,42,57,886
0x8f4527,91.7978%,99,1108,1207,574,40,59,534
0x8e40bd,86.2881%,99,623,722,45,54,45,578
0x4a6c77,79.4179%,99,382,481,382,99,0,0
0x53a17b,87.5159%,98,687,785,685,46,52,2
0xa50cc3,55.6561%,98,123,221,86,45,53,37
0x8e5ae1,84.7114%,98,543,641,139,51,47,404
0xa45299,91.0909%,98,1002,1100,668,34,64,334
0xb0d281,85.2853%,98,568,666,541,40,58,27
0xa3672d,66.6667%,98,196,294,174,50,48,22
0x5114b7,98.5516%,98,6668,6766,6019,21,77,649
0x8aed78,73.4417%,98,271,369,91,55,43,180
0xa01a0f,57.9399%,98,135,233,70,66,32,65
0x8d9d45,93.3379%,98,1373,1471,1363,25,73,10
0x53db2f,94.9614%,98,1847,1945,23,71,27,1824
0x53b2a0,95.9803%,98,2340,2438,0,0,98,2340
0x9e0031,90.8752%,98,976,1074,244,73,25,732
0x48f000,62.8788%,98,166,264,94,41,57,72
0x81a7d1,78.0761%,98,349,447,6,70,28,343
0x7d409f,89.1473%,98,805,903,307,62,36,498
0x809f78,82.5312%,98,463,561,35,73,25,428
0x509cf6,93.8941%,98,1507,1605,414,77,21,1093
0x8a6229,76.8868%,98,326,424,18,60,38,308
0x9fb592,68.6901%,98,215,313,41,50,48,174
0x48e9f1,73.0769%,98,266,364,238,37,61,28
0x51b86c,89.7917%,98,862,960,862,98,0,0
0x8eb7ee,96.5602%,98,2751,2849,419,68,30,2332
0x4a126c,91.0584%,98,998,1096,726,63,35,272
0x8046ca,75.1269%,98,296,394,61,69,29,235
0xa43cc7,87.3874%,98,679,777,164,59,39,515
0x5424c2,91.3656%,98,1037,1135,1037,98,0,0
0xa50b03,69.5652%,98,224,322,27,54,44,197
0x80f64e,98.602%,98,6912,7010,2456,44,54,4456
0x944f94,81.4745%,98,431,529,299,48,50,132
0x541750,91.3351%,98,1033,1131,87,49,49,946
0x53ecf9,87.3711%,98,678,776,168,63,35,510
0xb2ffbf,91.1091%,97,994,1091,300,50,47,694
0x8e26e6,93.2168%,97,1333,1430,42,47,50,1291
0x8eb8b7,99.6242%,97,25714,25811,25308,16,81,406
0x488ed4,75%,97,291,388,123,33,64,168
0xa36100,97.0236%,97,3162,3259,2928,14,83,234
0x8d3916,73.7127%,97,272,369,249,51,46,23
0x596b0b,95.8136%,97,2220,2317,2220,97,0,0
0x5c4bd6,94.6966%,97,1732,1829,0,0,97,1732
0x5fe105,72.8291%,97,260,357,76,50,47,184
0xa33383,95.8117%,97,2219,2316,1240,40,57,979
0xa94466,56.6964%,97,127,224,74,64,33,53
0x48e77f,97.8266%,97,4366,4463,4366,53,44,0
0xa4ff83,69.8758%,97,225,322,45,36,61,180
0x808832,82.7094%,97,464,561,85,41,56,379
0x5fe347,55.9091%,97,123,220,74,38,59,49
0x489e30,98.4502%,97,6162,6259,6149,42,55,13
0x8d245f,64.4689%,97,176,273,39,55,42,137
0xad7b17,87.5481%,97,682,779,682,97,0,0
0xb31bfb,99.5512%,97,21518,21615,21518,97,0,0
0x78ab4b,89.6478%,97,840,937,758,46,51,82
0x5436f3,65.233%,97,182,279,97,44,53,85
0xa9da73,56.5022%,97,126,223,45,58,39,81
0xb2dfe6,99.2463%,97,12772,12869,0,0,97,12772
0x9edfe0,67.4497%,97,201,298,66,57,40,135
0xa28508,62.0553%,96,157,253,26,67,29,131
0x942c13,84%,96,504,600,41,34,62,463
0x8eba4b,80.2875%,96,391,487,24,64,32,367
0x40507c,97.4256%,96,3633,3729,0,6,90,3633
0x404109,95.4545%,96,2016,2112,1589,48,48,427
0x5119e3,90.1941%,96,883,979,275,50,46,608
0x50ca0b,93.0334%,96,1282,1378,1202,49,47,80
0x50f8f4,91.1111%,96,984,1080,311,59,37,673
0x511990,97.4332%,96,3644,3740,94,58,38,3550
0x5122cd,95.082%,96,1856,1952,1790,34,62,66
0x4101b4,98.6616%,96,7077,7173,7076,34,62,1
0x9a7c4c,89.404%,96,810,906,561,51,45,249
0x50ff8a,90.0621%,96,870,966,615,61,35,255
0x81beba,87.5163%,96,673,769,595,35,61,78
0x90ec2d,90.6433%,96,930,1026,8,57,39,922
0xa346a1,90.2041%,96,884,980,417,53,43,467
0x485b05,74.124%,96,275,371,110,36,60,165
0x5390ab,86.6852%,96,625,721,82,44,52,543
0x604c1d,57.7093%,96,131,227,36,46,50,95
0x489d55,97.5976%,96,3900,3996,0,68,28,3900
0x81eab4,82.5455%,96,454,550,163,52,44,291
0x8fd533,64.4444%,96,174,270,115,49,47,59
0x91170b,75.2577%,96,292,388,214,50,46,78
0x40e582,94.2481%,96,1573,1669,1573,96,0,0
0x501a73,94.1499%,96,1545,1641,759,64,32,786
0x8ff7e0,99.3395%,96,14438,14534,0,2,94,14438
0x9e7515,84.2715%,95,509,604,258,53,42,251
0x81c187,83.871%,95,494,589,43,53,42,451
0x8da6d4,96.6655%,95,2754,2849,1734,42,53,1020
0x5412f5,98.791%,95,7763,7858,0,0,95,7763
0x81f3bb,94.3182%,95,1577,1672,457,30,65,1120
0x638d3c,46.9274%,95,84,179,58,41,54,26
0xb4668a,98.7587%,95,7558,7653,7558,95,0,0
0xa35e8d,85.1097%,95,543,638,213,27,68,330
0x94d941,87.4172%,95,660,755,104,32,63,556
0x9f0af2,81.4815%,95,418,513,2,79,16,416
0x8d3b03,74.3935%,95,276,371,71,53,42,205
0x548cf9,93.9452%,95,1474,1569,1474,95,0,0
0x542f27,95.7909%,95,2162,2257,161,26,69,2001
0x809f85,79.0287%,95,358,453,51,75,20,307
0x5579a1,81.5891%,95,421,516,101,56,39,320
0xa50ebe,60.5809%,95,146,241,118,47,48,28
0x5104cc,97.2376%,95,3344,3439,2164,49,46,1180
0x545768,96.4299%,95,2566,2661,126,42,53,2440
0x512a7d,91.5027%,95,1023,1118,91,55,40,932
0x507591,94.0625%,95,1505,1600,1504,46,49,1
0xb2dfc1,93.8272%,95,1444,1539,0,0,95,1444
0x910f38,95.7965%,95,2165,2260,1131,37,58,1034
0x41022b,98.932%,95,8800,8895,1744,41,54,7056
0x51b47a,74.3935%,95,276,371,60,51,44,216
0x648583,96.8329%,94,2874,2968,2874,38,56,0
0x8a5179,86.6477%,94,610,704,354,28,66,256
0x8fc12f,97.6275%,94,3868,3962,3868,94,0,0
0x9f79a2,63.5659%,94,164,258,70,36,58,94
0x80a947,88.8493%,94,749,843,710,21,73,39
0x8c954f,83.6806%,94,482,576,428,50,44,54
0x40d9e1,99.2041%,94,11716,11810,11716,94,0,0
0x488a7f,91.022%,94,953,1047,6,16,78,947
0x48e78f,97.4183%,94,3547,3641,3527,11,83,20
0x8f4d29,98.1427%,94,4967,5061,2546,51,43,2421
0x537bf0,98.011%,94,4632,4726,4629,94,0,3
0x509d1e,90.3885%,94,884,978,493,58,36,391
0x53db73,77.3494%,94,321,415,27,59,35,294
0x502f79,96.2624%,94,2421,2515,2309,36,58,112
0x80591c,89.5671%,94,807,901,640,37,57,167
0x8bc806,99.5744%,94,21991,22085,21980,71,23,11
0x8ec3df,81.8533%,94,424,518,31,68,26,393
0xa3a184,87.0166%,94,630,724,16,43,51,614
0x8b9914,99.6524%,94,26947,27041,26947,94,0,0
0x53bad6,76.0204%,94,298,392,227,30,64,71
0x49ee45,82.397%,94,440,534,18,60,34,422
0x8a2512,73.1429%,94,256,350,14,55,39,242
0x782656,95.5566%,93,2000,2093,0,0,93,2000
0x5fb1dc,56.7442%,93,122,215,102,36,57,20
0x81eda0,62.5%,93,155,248,121,48,45,34
0x48eb41,62.3482%,93,154,247,51,47,46,103
0xa02792,93.4691%,93,1331,1424,10,25,68,1321
0x8f4af6,98.1917%,93,5050,5143,2590,48,45,2460
0x50ca1d,92.5659%,93,1158,1251,390,42,51,768
0x9014d5,97.4673%,93,3579,3672,1532,47,46,2047
0x8ed995,84.7291%,93,516,609,100,58,35,416
0xb31be7,99.5697%,93,21522,21615,0,0,93,21522
0x59705d,68.2594%,93,200,293,91,60,33,109
0x952aa9,79.6053%,93,363,456,363,93,0,0
0x638d50,90.9268%,93,932,1025,898,47,46,34
0x534556,97.8728%,93,4279,4372,22,24,69,4257
0x591479,82.218%,93,430,523,126,54,39,304
0x49e738,95.2454%,93,1863,1956,1863,93,0,0
0x4b497b,91.0834%,93,950,1043,867,38,55,83
0x596a45,73.6544%,93,260,353,91,54,39,169
0x4b4912,74.9326%,93,278,371,48,63,30,230
0x5012c0,97.6562%,93,3875,3968,1876,42,51,1999
0x815809,77.8571%,93,327,420,6,82,11,321
0x60dcbf,91.5146%,93,1003,1096,858,64,29,145
0x8a2aa3,73.4286%,93,257,350,52,17,76,205
0x8ae9c4,74.3802%,93,270,363,111,35,58,159
0xa900d0,77.3171%,93,317,410,86,50,43,231
0x54eb94,95.6542%,93,2047,2140,2047,50,43,0
0x9e2a37,50.5319%,93,95,188,50,56,37,45
0x50233a,81.8359%,93,419,512,9,59,34,410
0xa35c9f,92.3457%,93,1122,1215,139,53,40,983
0x53505f,98.0544%,93,4687,4780,4687,29,64,0
0xb0cc48,97.3639%,93,3435,3528,3383,27,66,52
0x40dcc3,94.6852%,92,1639,1731,1565,40,52,74
0x512307,95.5663%,92,1983,2075,1316,50,42,667
0x595db4,90.3866%,92,865,957,740,43,49,125
0x9e24b9,82.5095%,92,434,526,89,44,48,345
0x534230,93.0197%,92,1226,1318,1147,14,78,79
0x4a2618,80.5085%,92,380,472,96,57,35,284
0x90056d,99.5478%,92,20255,20347,311,51,41,19944
0xa26374,90.9181%,92,921,1013,567,42,50,354
0x538756,90.4762%,92,874,966,11,80,12,863
0x9be5ab,75.9162%,92,290,382,71,53,39,219
0x8bcab8,95.7009%,92,2048,2140,1900,39,53,148
0x8aebd4,73.4104%,92,254,346,117,22,70,137
0x8e0bd2,97.7412%,92,3981,4073,2179,35,57,1802
0x60a6eb,94.8023%,92,1678,1770,32,21,71,1646
0xaae473,99.4253%,92,15917,16009,15911,85,7,6
0x5f05d6,88.2952%,92,694,786,276,49,43,418
0x8eb9b4,98.4838%,92,5976,6068,3850,33,59,2126
0x5418fb,96.5875%,92,2604,2696,2604,89,3,0
0x965fe7,71.3396%,92,229,321,25,58,34,204
0x559153,89.823%,92,812,904,439,49,43,373
0x8d2567,78.4543%,92,335,427,147,40,52,188
0x8ff7f7,99.6836%,92,28982,29074,64,36,56,28918
0x604467,44.2424%,92,73,165,49,71,21,24
0x50cb8f,78.7037%,92,340,432,332,35,57,8
0x8ebadb,82.6742%,92,439,531,226,48,44,213
0x9a6fc0,88.0105%,91,668,759,667,32,59,1
0x8d41bf,61.4407%,91,145,236,39,55,36,106
0x9a80d4,72%,91,234,325,38,52,39,196
0x55025b,78.9352%,91,341,432,339,46,45,2
0x8dd05d,87.3961%,91,631,722,39,60,31,592
0x49cae4,86.8307%,91,600,691,30,53,38,570
0x48eaf6,88.1046%,91,674,765,318,24,67,356
0x544872,73.0769%,91,247,338,125,35,56,122
0x541bd9,89.0887%,91,743,834,734,46,45,9
0x9f4abb,73.9255%,91,258,349,58,64,27,200
0x9441ef,90.4211%,91,859,950,39,51,40,820
0x610487,83.2413%,91,452,543,123,31,60,329
0x835d7a,43.4783%,91,70,161,21,32,59,49
0x8a78c6,75.2717%,91,277,368,62,49,42,215
0x5fd61b,91.4474%,91,973,1064,944,44,47,29
0x50986c,97.9047%,91,4252,4343,566,52,39,3686
0xa32fbb,74.8619%,91,271,362,190,34,57,81
0xa8ab97,64.7287%,91,167,258,24,59,32,143
0x40437b,96.6221%,91,2603,2694,2325,61,30,278
0x58eb9f,98.2587%,91,5135,5226,5135,91,0,0
0x8d0b93,99.3569%,91,14059,14150,10313,66,25,3746
0x9b8fc7,71.6511%,91,230,321,21,62,29,209
0x51b90b,98.2732%,91,5179,5270,5179,91,0,0
0x5119f6,86.0856%,91,563,654,271,44,47,292
0x9a680e,93.913%,91,1404,1495,1270,78,13,134
0x8c7d81,95.2727%,91,1834,1925,362,58,33,1472
0x80f611,98.7292%,90,6992,7082,13,59,31,6979
0x485acd,75.7412%,90,281,371,216,54,36,65
0x63eb09,91.2281%,90,936,1026,7,58,32,929
0x507584,83.6661%,90,461,551,23,57,33,438
0xa948dc,79.9107%,90,358,448,155,69,21,203
0xb32263,99.6856%,90,28538,28628,0,0,90,28538
0x404db0,97.741%,90,3894,3984,3829,85,5,65
0x8f1873,85.2217%,90,519,609,361,56,34,158
0x53c4df,84.8739%,90,505,595,150,53,37,355
0xb2fe33,71.7868%,90,229,319,13,38,52,216
0x805ed6,85.2459%,90,520,610,348,56,34,172
0x81a7f9,79.8658%,90,357,447,77,52,38,280
0x409894,82.2134%,90,416,506,129,67,23,287
0x8b9de5,99.8688%,90,68519,68609,84,36,54,68435
0x8142fc,95.4268%,90,1878,1968,1617,23,67,261
0x944dc4,82.9868%,90,439,529,12,10,80,427
0x8ec3eb,78.5203%,90,329,419,139,64,26,190
0x40d309,93.4498%,90,1284,1374,563,18,72,721
0x908e88,77.9412%,90,318,408,39,62,28,279
0x91177b,58.7156%,90,128,218,77,43,47,51
0x49af29,71.246%,90,223,313,130,34,56,93
0x5bd9df,97.697%,90,3818,3908,194,42,48,3624
0xa3347c,98.0641%,90,4559,4649,31,68,22,4528
0xa2f7e1,60.5263%,90,138,228,21,62,28,117
0x812521,89.4425%,89,754,843,605,41,48,149
0x4b5a55,94.3671%,89,1491,1580,24,58,31,1467
0x546423,88.7768%,89,704,793,319,31,58,385
0x60b2e1,90.209%,89,820,909,809,38,51,11
0x9a8080,90.2944%,89,828,917,823,29,60,5
0x5970eb,80.6522%,89,371,460,15,33,56,356
0x554cff,68.5512%,89,194,283,120,36,53,74
0x5f7954,86.4947%,89,570,659,255,52,37,315
0xaab66a,94.2432%,89,1457,1546,763,35,54,694
0x512b4b,99.4811%,89,17062,17151,0,28,61,17062
0x8e2e5f,94.6992%,89,1590,1679,1417,41,48,173
0x9ea4c7,62.9167%,89,151,240,12,60,29,139
0x54fa2a,97.0024%,89,2880,2969,2880,89,0,0
0x53c562,80.7359%,89,373,462,9,70,19,364
0x559133,83.6996%,89,457,546,368,34,55,89
0x48dc9a,99.2224%,89,11357,11446,0,0,89,11357
0xa9b81b,70.5298%,89,213,302,25,48,41,188
0x5016a5,96.2095%,89,2259,2348,3,52,37,2256
0x8a5ddf,82.7519%,89,427,516,94,59,30,333
0x8f5806,86.5152%,89,571,660,540,25,64,31
0x813047,94.74%,89,1603,1692,809,37,52,794
0x81891c,89.2382%,89,738,827,142,53,36,596
0x820b9b,98.3093%,89,5175,5264,5175,78,11,0
0x541cb0,93.7719%,89,1340,1429,31,4,85,1309
0x94b386,84.2199%,89,475,564,116,42,47,359
0x545b01,98.3987%,89,5469,5558,3,6,83,5466
0x8ef571,69.6246%,89,204,293,131,27,62,73
0x64ad07,99.5856%,89,21388,21477,0,0,89,21388
0x722da8,73.4328%,89,246,335,34,48,41,212
0x9e4054,79.5872%,89,347,436,274,15,74,73
0xaa57a5,98.6169%,89,6346,6435,76,14,75,6270
0x8c7db9,94.0864%,89,1416,1505,760,37,52,656
0x50400b,88.7768%,89,704,793,686,57,32,18
0x558da7,70.3333%,89,211,300,199,26,63,12
0x40d3ad,96.464%,89,2428,2517,0,0,89,2428
0x90c877,95.9398%,89,2103,2192,2062,52,37,41
0x8a34e5,81.9106%,89,403,492,403,87,2,0
0x80dcd2,92.1378%,89,1043,1132,295,45,44,748
0x534b9e,52.4064%,89,98,187,57,64,25,41
0x8dce3a,71.5655%,89,224,313,202,50,39,22
0x510235,94.0428%,89,1405,1494,1208,50,39,197
0x8171d0,84.1355%,89,472,561,72,54,35,400
0x8da5b5,90.4301%,89,841,930,18,56,33,823
0xa358b8,97.2824%,89,3186,3275,902,67,22,2284
0x8ec397,90.0891%,89,809,898,5,66,23,804
0x506fd9,88.1081%,88,652,740,550,54,34,102
0x5078cc,88.9029%,88,705,793,134,52,36,571
0x639afd,91.423%,88,938,1026,919,42,46,19
0x49e32d,74.269%,88,254,342,254,88,0,0
0x81b28e,72.0635%,88,227,315,207,26,62,20
0x49e9d0,96.9884%,88,2834,2922,0,0,88,2834
0x8ebf93,92.8803%,88,1148,1236,1143,25,63,5
0x40f3b4,97.6969%,88,3733,3821,3038,72,16,695
0x9f0b5a,82.846%,88,425,513,396,22,66,29
0x8d281f,94.0095%,88,1381,1469,40,53,35,1341
0x5592d6,82.5743%,88,417,505,8,76,12,409
0x900811,97.6344%,88,3632,3720,77,34,54,3555
0x961373,94.5713%,88,1533,1621,1533,88,0,0
0x5fa3e0,60.181%,88,133,221,62,42,46,71
0x9eef80,48.2353%,88,82,170,46,49,39,36
0x53452e,98.7892%,88,7180,7268,0,34,54,7180
0xa505f0,88.7468%,88,694,782,691,25,63,3
0x969506,95.7385%,88,1977,2065,1977,88,0,0
0xaae4a0,99.4503%,88,15921,16009,15921,88,0,0
0x402a0a,99.6176%,88,22922,23010,0,0,88,22922
0x541dc9,91.7526%,88,979,1067,306,58,30,673
0xa39bb0,85.5263%,88,520,608,14,56,32,506
0xb2e6e2,98.8993%,88,7907,7995,0,0,88,7907
0xa028ee,61.5721%,88,141,229,34,62,26,107
0x50454f,88.1081%,88,652,740,576,28,60,76
0x4906b8,67.7656%,88,185,273,141,53,35,44
0xb3152f,52.9412%,88,99,187,51,54,34,48
0xaa57c2,98.608%,88,6234,6322,6234,88,0,0
0xa027a2,93.6645%,88,1301,1389,43,54,34,1258
0x8a28ef,84.4523%,88,478,566,478,88,0,0
0x81889c,89.3591%,88,739,827,614,41,47,125
0x81426e,94.3842%,88,1479,1567,1475,11,77,4
0x59bbb5,95.9184%,88,2068,2156,2068,88,0,0
0x8a3463,82.1138%,88,404,492,404,84,4,0
0x911714,56.2189%,88,113,201,94,9,79,19
0xa584f5,70.6667%,88,212,300,65,54,34,147
0x8ab061,89.7196%,88,768,856,768,88,0,0
0xa52200,85.8521%,88,534,622,505,24,64,29
0x49ae6e,89.9543%,88,788,876,480,83,5,308
0x8ef167,85.5501%,88,521,609,192,47,41,329
0x807f75,81.8182%,88,396,484,8,57,31,388
0x9f5895,77.665%,88,306,394,134,25,63,172
0x8a2675,68.6833%,88,193,281,0,0,88,193
0x9ea6f7,54.2105%,87,103,190,50,43,44,53
0xa2d63f,81.6068%,87,386,473,220,59,28,166
0x8da495,87.1111%,87,588,675,159,58,29,429
0x8a9449,97.1753%,87,2993,3080,39,43,44,2954
0x5fdaba,90.4185%,87,821,908,761,41,46,60
0x8ff258,69.7917%,87,201,288,84,34,53,117
0x8e9233,90.5742%,87,836,923,198,71,16,638
0x510096,91.537%,87,941,1028,518,82,5,423
0x533b34,85.8306%,87,527,614,527,87,0,0
0x902716,92.5641%,87,1083,1170,37,66,21,1046
0x81b344,91.2032%,87,902,989,576,56,31,326
0x64b56e,99.5999%,87,21656,21743,19394,59,28,2262
0x61178d,88.2591%,87,654,741,641,24,63,13
0x511e10,94.8824%,87,1613,1700,1108,32,55,505
0x4bb346,79.8144%,87,344,431,87,55,32,257
0x8d9ad3,97.1278%,87,2942,3029,1858,38,49,1084
0xa90944,78.7286%,87,322,409,122,42,45,200
0x643697,98.8807%,87,7686,7773,1,16,71,7685
0x8a556f,99.2097%,87,10921,11008,10921,47,40,0
0x5e5e09,94.2346%,87,1422,1509,443,63,24,979
0xa34d88,91.3519%,87,919,1006,691,50,37,228
0x59bc07,93.2558%,87,1203,1290,146,36,51,1057
0x901633,89.9654%,87,780,867,753,42,45,27
0x805a7b,96.8761%,87,2698,2785,2005,54,33,693
0x9e62cc,63.75%,87,153,240,23,49,38,130
0x4b9e32,76.738%,87,287,374,101,54,33,186
0x488e03,97.6917%,87,3682,3769,3680,32,55,2
0x595ded,88.6866%,87,682,769,496,63,24,186
0x66806a,96.1909%,87,2197,2284,2196,28,59,1
0x722dc6,65.6126%,87,166,253,35,45,42,131
0xa52d74,76.0331%,87,276,363,235,42,45,41
0x409ab4,71.9355%,87,223,310,135,22,65,88
0xb347bf,78.9346%,87,326,413,236,49,38,90
0x834fb1,99.2795%,86,11850,11936,0,0,86,11850
0x8e4667,82.0833%,86,394,480,120,55,31,274
0x5f8ecd,67.3004%,86,177,263,46,38,48,131
0x9a9ade,59.2417%,86,125,211,63,27,59,62
0x48d860,95.3788%,86,1775,1861,1,78,8,1774
0x9c38cb,75.7062%,86,268,354,246,22,64,22
0x5bd909,99.2014%,86,10683,10769,9786,25,61,897
0xaa57b9,98.6401%,86,6238,6324,0,2,84,6238
0x8bca93,90.6926%,86,838,924,744,32,54,94
0x8e0f48,97.948%,86,4105,4191,2167,47,39,1938
0x54ff67,81.0573%,86,368,454,363,34,52,5
0x80e7cc,89.0585%,86,700,786,598,40,46,102
0x53e2ab,98.629%,86,6187,6273,6187,86,0,0
0x604566,75.7062%,86,268,354,0,0,86,268
0xa35395,92.8749%,86,1121,1207,876,46,40,245
0xa5f807,82.377%,86,402,488,316,36,50,86
0x81184f,89.7983%,86,757,843,229,53,33,528
0x8e91eb,93.9093%,86,1326,1412,385,67,19,941
0x40218a,98.405%,86,5306,5392,0,0,86,5306
0x53b23f,96.4725%,86,2352,2438,2327,48,38,25
0xa3ba98,75.5682%,86,266,352,73,51,35,193
0xa2dfd9,72.8707%,86,231,317,187,44,42,44
0x9f62e0,91.0417%,86,874,960,387,39,47,487
0xb301a1,83.2031%,86,426,512,291,43,43,135
0x538586,98.2851%,86,4929,5015,1668,44,42,3261
0x48a600,94.0731%,86,1365,1451,1360,46,40,5
0x404ef3,87.6791%,86,612,698,607,67,19,5
0x410ba7,86.3275%,86,543,629,11,43,43,532
0xb2faf5,98.9744%,86,8299,8385,0,0,86,8299
0x819b80,95.5394%,86,1842,1928,1842,16,70,0
0x8e4a6a,97.7633%,86,3759,3845,3613,54,32,146
0x96928c,50.8571%,86,89,175,49,40,46,40
0x5386ab,97.5843%,86,3474,3560,2106,40,46,1368
0x8d9bc9,94.1892%,86,1394,1480,1073,37,49,321
0x49e502,67.3077%,85,175,260,57,61,24,118
0x8149d7,74.2424%,85,245,330,233,34,51,12
0x4102ff,98.5765%,85,5886,5971,120,70,15,5766
0x4a76aa,78.9082%,85,318,403,312,13,72,6
0xa2e1fc,79.2683%,85,325,410,250,33,52,75
0x5968a6,96.2037%,85,2154,2239,2144,68,17,10
0x8ef1d9,86.0427%,85,524,609,117,41,44,407
0x810356,94.8857%,85,1577,1662,863,43,42,714
0x9f0ded,79.6651%,85,333,418,1,64,21,332
0x8dad40,88.3562%,85,645,730,614,23,62,31
0x609f01,98.947%,85,7987,8072,7973,77,8,14
0x9742df,84.657%,85,469,554,265,43,42,204
0x9e0896,77.8646%,85,299,384,0,0,85,299
0x511c0b,97.8355%,85,3842,3927,0,14,71,3842
0x8223e7,96.4044%,85,2279,2364,34,64,21,2245
0x4bc0bd,70.0704%,85,199,284,139,24,61,60
0xa9ce0a,59.3301%,85,124,209,83,61,24,41
0x81e89d,89.4802%,85,723,808,29,48,37,694
0x64b0ae,99.7999%,85,42404,42489,0,2,83,42404
0x8a94ed,94.4625%,85,1450,1535,333,51,34,1117
0xa90b71,77.027%,85,285,370,264,38,47,21
0x9ea37a,77.3936%,85,291,376,288,16,69,3
0x8350ae,98.1701%,85,4560,4645,4560,85,0,0
0x9f450d,75.6447%,85,264,349,228,41,44,36
0x805abc,82.9659%,85,414,499,384,31,54,30
0x4b500b,68.6347%,85,186,271,90,50,35,96
0x8159e6,84.9023%,85,478,563,403,31,54,75
0x8dfd02,91.7636%,85,947,1032,296,42,43,651
0x534a88,54.5455%,85,102,187,41,9,76,61
0x8fe2ea,99.5852%,85,20405,20490,0,15,70,20405
0x8c7e27,79.9054%,85,338,423,80,44,41,258
0x40498c,64.876%,85,157,242,70,43,42,87
0xa8a7b5,67.0543%,85,173,258,35,48,37,138
0x403e17,98.6186%,85,6068,6153,6060,81,4,8
0x53ba5c,85.7143%,85,510,595,135,68,17,375
0x590dcb,74.5509%,85,249,334,151,36,49,98
0xa3a392,89.4802%,85,723,808,41,67,18,682
0x81e96a,96.9061%,84,2631,2715,2147,46,38,484
0x5bd574,98.2565%,84,4734,4818,4087,47,37,647
0x807813,95.4348%,84,1756,1840,1754,12,72,2
0x821102,89.2031%,84,694,778,0,4,80,694
0x8feed1,78.2946%,84,303,387,24,46,38,279
0x590640,97.3978%,84,3144,3228,391,38,46,2753
0x8a464f,86.7717%,84,551,635,0,0,84,551
0x80446c,78.6802%,84,310,394,267,52,32,43
0x9f9381,68.3019%,84,181,265,129,50,34,52
0x9f2020,61.4679%,84,134,218,21,46,38,113
0x8eb81a,96.4437%,84,2278,2362,2056,29,55,222
0x64384d,58.8235%,84,120,204,109,50,34,11
0x9e299b,88.3171%,84,635,719,429,35,49,206
0xa3338b,91.8919%,84,952,1036,203,41,43,749
0x8fdde9,94.385%,84,1412,1496,151,60,24,1261
0x511da9,94.332%,84,1398,1482,1264,27,57,134
0x8bb363,81.4978%,84,370,454,53,10,74,317
0x50d728,79.2593%,84,321,405,199,54,30,122
0x8a61fc,92.0978%,84,979,1063,100,54,30,879
0x8dd2ee,96.3462%,84,2215,2299,620,48,36,1595
0x8a539a,93.7593%,84,1262,1346,1262,78,6,0
0x8fea9e,96.5446%,84,2347,2431,2347,84,0,0
0x5411a0,99.3495%,84,12830,12914,943,48,36,11887
0xb3024b,98.6959%,84,6357,6441,0,0,84,6357
0x5fe278,88.587%,84,652,736,38,78,6,614
0x810623,84.5588%,84,460,544,347,33,51,113
0x8a982e,99.3564%,84,12968,13052,6399,49,35,6569
0x501813,97.4706%,84,3237,3321,3222,25,59,15
0x4888eb,96.7902%,84,2533,2617,0,0,84,2533
0x9f0d8b,55.7895%,84,106,190,45,50,34,61
0x8f138d,86.2069%,84,525,609,121,37,47,404
0x80a552,70.2128%,84,198,282,110,46,38,88
0x642e1d,52%,84,91,175,82,58,26,9
0x53de2e,84.2205%,83,443,526,0,0,83,443
0x8dfe06,87.1914%,83,565,648,255,31,52,310
0x81d365,84.13%,83,440,523,125,40,43,315
0x8f35ee,86.5478%,83,534,617,189,50,33,345
0xa25b29,91.8065%,83,930,1013,930,83,0,0
0xb323dc,91.4345%,83,886,969,886,83,0,0
0x5928dd,95.0507%,83,1594,1677,624,49,34,970
0x507cde,51.7442%,83,89,172,48,15,68,41
0x488de5,98.5472%,83,5630,5713,5630,83,0,0
0xa39e56,94.2877%,83,1370,1453,1363,32,51,7
0x66812a,65.4167%,83,157,240,132,48,35,25
0x818510,95.695%,83,1845,1928,1844,14,69,1
0x4bf07e,91.0753%,83,847,930,112,59,24,735
0x54187d,95.2381%,83,1660,1743,0,0,83,1660
0xa2f2ac,79.7561%,83,327,410,248,21,62,79
0x50c994,84.2505%,83,444,527,22,65,18,422
0x50c037,92.5893%,83,1037,1120,1037,48,35,0
0x7d09c4,88.2603%,83,624,707,2,77,6,622
0x96140d,99.6221%,83,21879,21962,21879,83,0,0
0x53dd93,98.7035%,83,6319,6402,6319,83,0,0
0xa5297b,86.2126%,83,519,602,378,32,51,141
0x978558,81.9172%,83,376,459,131,41,42,245
0xa3a35d,93.18%,83,1134,1217,823,47,36,311
0xb2df34,76.2178%,83,266,349,7,10,73,259
0x402bcd,95.3187%,83,1690,1773,19,54,29,1671
0x53d99b,95.021%,83,1584,1667,19,6,77,1565
0x405e3f,86.9497%,83,553,636,528,64,19,25
0x409952,68.1992%,83,178,261,44,40,43,134
0xa55302,68.6792%,83,182,265,24,43,40,158
0x974335,82.9218%,83,403,486,164,36,47,239
0xa39cee,90.0599%,83,752,835,20,63,20,732
0x51c136,98.1162%,83,4323,4406,369,49,34,3954
0x8e47bd,90.2696%,83,770,853,433,47,36,337
0xa54d8c,69.4853%,83,189,272,83,47,36,106
0x591212,71.2803%,83,206,289,151,40,43,55
0x4b4960,68.0769%,83,177,260,51,44,39,126
0xa50eb6,74.2236%,83,239,322,33,48,35,206
0x9a91ff,66.5323%,83,165,248,144,39,44,21
0x803e9b,78.934%,83,311,394,77,53,30,234
0x95241a,79.1349%,82,311,393,296,23,59,15
0x607000,79.902%,82,326,408,72,43,39,254
0x80c184,90.6286%,82,793,875,286,45,37,507
0x804095,67.5889%,82,171,253,57,52,30,114
0x81d312,77.957%,82,290,372,144,38,44,146
0x51b845,94.2697%,82,1349,1431,423,48,34,926
0x94548b,84.4991%,82,447,529,447,82,0,0
0x80471a,63.2287%,82,141,223,63,44,38,78
0x488b0c,84.4106%,82,444,526,444,82,0,0
0x5430d2,91.2299%,82,853,935,544,35,47,309
0xa5603e,80.4296%,82,337,419,313,26,56,24
0xa30a5b,81.4898%,82,361,443,118,31,51,243
0x60dc14,76.7045%,82,270,352,21,57,25,249
0x787be9,86.7099%,82,535,617,527,79,3,8
0xa39d67,93.7737%,82,1235,1317,478,67,15,757
0x5521ea,96.0897%,82,2015,2097,0,60,22,2015
0x508cbe,85.7143%,82,492,574,420,18,64,72
0x5f1139,82.6271%,82,390,472,96,67,15,294
0x815150,63.0631%,82,140,222,124,19,63,16
0x5fd9db,97.8393%,82,3713,3795,2029,38,44,1684
0x548037,98.7613%,82,6538,6620,6409,42,40,129
0xa36a49,84.7866%,82,457,539,451,34,48,6
0xa8fb04,67.8431%,82,173,255,37,48,34,136
0xa90f6b,70.7143%,82,198,280,136,59,23,62
0x47f4f1,92.8322%,82,1062,1144,8,42,40,1054
0x911127,83.9844%,82,430,512,405,31,51,25
0x48c5c7,87.7794%,82,589,671,491,36,46,98
0x556068,92.4144%,82,999,1081,4,56,26,995
0x80a56b,81.1494%,82,353,435,37,71,11,316
0x8bd41f,99.6616%,82,24153,24235,127,58,24,24026
0x9e29a7,67.8431%,82,173,255,26,46,36,147
0x534249,98.4987%,82,5380,5462,5380,82,0,0
0xa43ca7,78.8114%,82,305,387,69,37,45,236
0x890e1e,77.2853%,82,279,361,154,37,45,125
0xaa1528,67.0683%,82,167,249,58,43,39,109
0x64b4af,93.6385%,82,1207,1289,1184,43,39,23
0x8bb1a5,97.6392%,81,3350,3431,3005,33,48,345
0x8a96f3,98.8213%,81,6791,6872,1099,47,34,5692
0x90ab02,91.5713%,81,880,961,744,22,59,136
0x8fdf66,96.9514%,81,2576,2657,0,0,81,2576
0x485ddc,82.3144%,81,377,458,119,28,53,258
0x8fc48d,91.1379%,81,833,914,0,0,81,833
0x4b58e8,70%,81,189,270,115,41,40,74
0x9f52d1,76.7908%,81,268,349,172,50,31,96
0x50c096,96.1702%,81,2034,2115,85,51,30,1949
0x627e06,71.6783%,81,205,286,203,60,21,2
0x9f43d7,67.6%,81,169,250,120,39,42,49
0x40ce4b,99.5832%,81,19352,19433,61,14,67,19291
0x8dee7f,96.0079%,81,1948,2029,1861,37,44,87
0x81a80c,81.8792%,81,366,447,66,38,43,300
0x8feed6,74.4479%,81,236,317,126,56,25,110
0x40e50b,95.1468%,81,1588,1669,1585,68,13,3
0x40ce13,99.5832%,81,19352,19433,19352,81,0,0
0x5521be,92.3077%,81,972,1053,972,81,0,0
0x643769,58.4615%,81,114,195,108,48,33,6
0xa3482e,93.7596%,81,1217,1298,209,36,45,1008
0x5cf500,95.6498%,81,1781,1862,367,53,28,1414
0xa510a6,67.9842%,81,172,253,150,37,44,22
0x90e6e0,91.1087%,81,830,911,399,4,77,431
0x81c300,95.5174%,81,1726,1807,1725,13,68,1
0x9a8f11,85.5615%,81,480,561,478,22,59,2
0x805ece,83.1601%,81,400,481,344,40,41,56
0x60a67c,92.596%,81,1013,1094,1013,81,0,0
0x502bd7,97.7941%,81,3591,3672,0,13,68,3591
0x4bc56b,93.8262%,81,1231,1312,135,52,29,1096
0x591192,67.2065%,81,166,247,143,50,31,23
0xa51c30,91.5183%,81,874,955,867,32,49,7
0xa26317,92.2265%,81,961,1042,223,47,34,738
0x9f0237,61.4286%,81,129,210,77,39,42,52
0x807fca,47.4026%,81,73,154,40,39,42,33
0x807f67,85.4317%,81,475,556,465,29,52,10
0x4a7203,79.4872%,80,310,390,209,17,63,101
0x901437,98.4791%,80,5180,5260,0,0,80,5180
0xa451d3,78.9474%,80,300,380,279,37,43,21
0x4b5330,78.4367%,80,291,371,84,40,40,207
0x8d2560,87.8234%,80,577,657,204,26,54,373
0x501a8e,89.9244%,80,714,794,654,29,51,60
0x8212f4,98.0411%,80,4004,4084,4004,72,8,0
0xb2fdeb,66.805%,80,161,241,0,0,80,161
0x8ba390,99.2504%,80,10593,10673,10593,80,0,0
0x8e40cc,96.5202%,80,2219,2299,579,44,36,1640
0x904104,91.5701%,80,869,949,869,80,0,0
0x8a5f12,72.8814%,80,215,295,111,53,27,104
0xb2e717,98.9994%,80,7915,7995,7915,80,0,0
0x8077e5,96.9674%,80,2558,2638,95,51,29,2463
0x9f98a0,95.4649%,80,1684,1764,1684,21,59,0
0xa941e4,61.3527%,80,127,207,33,45,35,94
0x489cad,99.2147%,80,10107,10187,0,0,80,10107
0x9014e6,96.2929%,80,2078,2158,107,31,49,1971
0x8e20b8,97.6352%,80,3303,3383,3158,34,46,145
0x643ae4,99.4341%,80,14056,14136,14056,80,0,0
0xb2e79a,71.5302%,80,201,281,17,36,44,184
0x4bbe4b,91.0913%,80,818,898,679,21,59,139
0x9ab78c,72.3183%,80,209,289,206,69,11,3
0x504bf0,88.604%,80,622,702,19,40,40,603
0x4a6c13,83.368%,80,401,481,378,61,19,23
0x90b29b,66.5272%,80,159,239,87,45,35,72
0x818b4e,96.4602%,80,2180,2260,15,65,15,2165
0x80f645,97.3667%,80,2958,3038,336,54,26,2622
0x8bd5a1,99.6699%,80,24155,24235,21373,15,65,2782
0x817c57,76.4012%,80,259,339,109,32,48,150
0x9ed669,86.7769%,80,525,605,518,28,52,7
0x8dc1e9,96.5202%,80,2219,2299,1491,30,50,728
0x8bca6c,96.2617%,80,2060,2140,1201,15,65,859
0x489e0d,96.3235%,80,2096,2176,2096,80,0,0
0x8167cb,68.0162%,79,168,247,15,52,27,153
0x90a057,92.3002%,79,947,1026,56,53,26,891
0x503e27,95.2524%,79,1585,1664,1585,27,52,0
0x409ce0,78.2369%,79,284,363,82,54,25,202
0xa358c6,96.5742%,79,2227,2306,1266,39,40,961
0x4101a4,99.1147%,79,8845,8924,14,40,39,8831
0x8130ad,94.4948%,79,1356,1435,4,52,27,1352
0xa25eae,92.2014%,79,934,1013,934,79,0,0
0x80a463,82.5607%,79,374,453,299,28,51,75
0xa91b04,78.2369%,79,284,363,17,41,38,267
0x8bb3bf,97.6961%,79,3350,3429,3001,37,42,349
0x49a681,90.4704%,79,750,829,217,50,29,533
0x90a47c,96.6123%,79,2253,2332,2253,35,44,0
0x5064fa,89.3243%,79,661,740,559,17,62,102
0x627877,96.2506%,79,2028,2107,2028,79,0,0
0x8187de,90.4474%,79,748,827,701,41,38,47
0xa307e4,87.299%,79,543,622,297,61,18,246
0xa9009b,71.9858%,79,203,282,24,52,27,179
0xa511c8,68.7747%,79,174,253,30,53,26,144
0x543840,88.5673%,79,612,691,608,47,32,4
0xad7f8e,91.4871%,79,849,928,849,79,0,0
0x40e662,95.6038%,79,1718,1797,1713,26,53,5
0x4b5087,57.5269%,79,107,186,83,45,34,24
0x8227d0,99.2553%,79,10529,10608,0,0,79,10529
0x98fa9a,69.2607%,79,178,257,178,79,0,0
0xb3226c,99.724%,79,28549,28628,28549,79,0,0
0x5c6b67,97.7914%,79,3498,3577,9,25,54,3489
0x4a1e19,93.3108%,79,1102,1181,1102,56,23,0
0x40dea7,99.2934%,79,11102,11181,0,0,79,11102
0x5cf576,95.7112%,79,1763,1842,138,46,33,1625
0xa50b0c,67.2199%,79,162,241,133,32,47,29
0x4bba39,75%,79,237,316,164,40,39,73
0x5f826c,89.8196%,79,697,776,176,55,24,521
0x499023,75.6923%,79,246,325,154,63,16,92
0x952eef,41.0448%,79,55,134,19,73,6,36
0x60974a,51.2346%,79,83,162,28,51,28,55
0x8a517e,75.4658%,79,243,322,164,28,51,79
0xa02263,98.2131%,79,4342,4421,0,27,52,4342
0x8d3ca8,79.2651%,79,302,381,208,36,43,94
0x807fa0,54.0698%,79,93,172,53,44,35,40
0x48e735,98.8609%,79,6856,6935,6856,79,0,0
0x5f859c,95.8487%,79,1824,1903,1611,49,30,213
0xae40c8,93.0274%,79,1054,1133,0,0,79,1054
0x552975,94.4681%,78,1332,1410,1212,56,22,120
0x60de79,70%,78,182,260,41,46,32,141
0x81f3b3,97.6675%,78,3266,3344,1632,40,38,1634
0x94dd92,86.7121%,78,509,587,110,49,29,399
0x8e442f,96.6072%,78,2221,2299,1884,42,36,337
0x6775eb,74.2574%,78,225,303,4,48,30,221
0x9731a8,87.2131%,78,532,610,516,16,62,16
0x9ab2cd,94.6539%,78,1381,1459,1108,57,21,273
0x534dee,97.3861%,78,2906,2984,0,0,78,2906
0x8a2a83,77.7143%,78,272,350,272,78,0,0
0x910dc0,98.0061%,78,3834,3912,74,49,29,3760
0xb0b1c8,88.8889%,78,624,702,236,60,18,388
0xa02635,94.7721%,78,1414,1492,1414,51,27,0
0x8dcb6d,96.6072%,78,2221,2299,1748,42,36,473
0x810445,93.2642%,78,1080,1158,562,42,36,518
0x98cd02,95.2147%,78,1552,1630,0,0,78,1552
0xaa57ad,98.7707%,78,6267,6345,2,19,59,6265
0xa2d276,89.2857%,78,650,728,358,36,42,292
0xa2fb8b,78.2123%,78,280,358,196,24,54,84
0x65a3a7,95.9438%,78,1845,1923,1066,38,40,779
0x51028a,94.7791%,78,1416,1494,1088,38,40,328
0x40570e,99.5373%,78,16778,16856,0,0,78,16778
0xa4ff88,67.6349%,78,163,241,131,34,44,32
0x8bc7d6,95.2059%,78,1549,1627,1549,78,0,0
0x9c4236,76.506%,78,254,332,109,30,48,145
0xb2fb5e,98.9295%,78,7208,7286,0,0,78,7208
0x53bb33,93.1759%,78,1065,1143,847,49,29,218
0x509d96,92.0245%,78,900,978,434,53,25,466
0x8dd481,96.6072%,78,2221,2299,1514,7,71,707
0xa54970,82.7434%,78,374,452,55,57,21,319
0x81e856,99.2635%,78,10512,10590,5357,56,22,5155
0x488924,97.0195%,78,2539,2617,0,26,52,2539
0x4b525a,79.5812%,78,304,382,264,47,31,40
0x4bbd21,91.8239%,78,876,954,861,37,41,15
0x8a274f,69.4118%,78,177,255,177,78,0,0
0x833f6d,84.2424%,78,417,495,373,42,36,44
0x80bcab,84.6457%,78,430,508,289,43,35,141
0x90b167,58.7302%,78,111,189,75,44,34,36
0x510003,91.9255%,78,888,966,591,24,54,297
0x8a534e,70.8955%,78,190,268,100,30,48,90
0x539dc1,89.502%,78,665,743,0,0,78,665
0x5017df,97.2448%,78,2753,2831,2140,36,42,613
0x8209b7,98.5182%,78,5186,5264,5186,67,11,0
0x53c685,93.4564%,78,1114,1192,401,50,28,713
0x54f771,82.2323%,78,361,439,16,62,16,345
0x511d8e,95.4706%,77,1623,1700,197,21,56,1426
0x810007,96.5315%,77,2143,2220,1679,37,40,464
0x59717d,87.9875%,77,564,641,6,14,63,558
0x900193,99.0479%,77,8010,8087,233,17,60,7777
0x8ffbf2,97.4976%,77,3000,3077,2832,31,46,168
0x9ebb02,79.8429%,77,305,382,64,60,17,241
0xa2cc0e,91.3677%,77,815,892,399,30,47,416
0x5f848b,86.8151%,77,507,584,412,26,51,95
0x4a7979,88.3333%,77,583,660,582,41,36,1
0x66f582,62.6214%,77,129,206,32,41,36,97
0x48d640,98.2931%,77,4434,4511,0,42,35,4434
0x94c59b,86.25%,77,483,560,403,53,24,80
0xa3ba0b,72.8873%,77,207,284,86,54,23,121
0xa331ec,90.8333%,77,763,840,155,34,43,608
0x54381b,45.3901%,77,64,141,54,76,1,10
0x40e1b9,87.7389%,77,551,628,518,36,41,33
0x90094d,86.6551%,77,500,577,221,37,40,279
0x58f263,90.644%,77,746,823,697,74,3,49
0x8d2469,56.9832%,77,102,179,59,36,41,43
0x8a8fd9,95.3614%,77,1583,1660,724,54,23,859
0x545c11,81.2652%,77,334,411,177,33,44,157
0x81d5cb,82.6577%,77,367,444,187,41,36,180
0x60a99b,86.6782%,77,501,578,26,52,25,475
0x8a34a3,68.0498%,77,164,241,164,77,0,0
0x98bc17,81.8824%,77,348,425,0,0,77,348
0xa35f19,85.4717%,77,453,530,58,52,25,395
0x403f58,88.062%,77,568,645,355,52,25,213
0x8b94ef,99.6115%,77,19744,19821,19744,77,0,0
0x64b5f5,99.5199%,77,15961,16038,15916,65,12,45
0x48a700,96.3713%,77,2045,2122,0,40,37,2045
0x5baca5,71.161%,77,190,267,63,51,26,127
0x8d3c75,85.249%,77,445,522,317,52,25,128
0x8d3c9e,85.249%,77,445,522,111,30,47,334
0x5448b7,92.7152%,77,980,1057,865,14,63,115
0x4b5658,73.1707%,77,210,287,49,47,30,161
0x8ee17d,82.1346%,77,354,431,149,41,36,205
0x8dae16,91.9875%,77,884,961,0,73,4,884
0x959078,88.8728%,77,615,692,563,52,25,52
0x5c6cbe,95.4436%,76,1592,1668,1039,46,30,553
0x809e5a,63.981%,76,135,211,60,42,34,75
0x48a088,98.0981%,76,3920,3996,3920,76,0,0
0x8a6219,84.1667%,76,404,480,3,53,23,401
0xb3274c,98.8202%,76,6366,6442,6366,76,0,0
0x8a8e82,95.6171%,76,1658,1734,9,61,15,1649
0x8dce1c,89.415%,76,642,718,142,33,43,500
0xa94af1,66.0714%,76,148,224,140,56,20,8
0x80bc1b,83.7953%,76,393,469,30,45,31,363
0x9f1a10,80.1567%,76,307,383,307,66,10,0
0x5f102c,87.7617%,76,545,621,271,44,32,274
0x80765e,86.1818%,76,474,550,465,26,50,9
0x49f939,94.5675%,76,1323,1399,46,23,53,1277
0x7ce366,96.0209%,76,1834,1910,306,46,30,1528
0x9776e8,94.4767%,76,1300,1376,460,34,42,840
0x48ce16,97.9404%,76,3614,3690,0,55,21,3614
0x8a2812,72.9537%,76,205,281,205,76,0,0
0x4859ed,95.4354%,76,1589,1665,1589,34,42,0
0xb0b3c8,98.6674%,76,5627,5703,1435,63,13,4192
0x80f698,48.6486%,76,72,148,37,43,33,35
0x5e355e,94.9967%,76,1443,1519,1439,70,6,4
0xa5f320,88.9535%,76,612,688,608,76,0,4
0xa41f7e,79.7872%,76,300,376,41,46,30,259
0x502251,66.6667%,76,152,228,49,48,28,103
0xa90090,79.2916%,76,291,367,27,58,18,264
0x9e744a,82.9978%,76,371,447,10,55,21,361
0x54f9ba,96.5919%,76,2154,2230,2142,45,31,12
0x40e11a,95.4464%,76,1593,1669,1593,76,0,0
0x8e3859,79.235%,76,290,366,138,21,55,152
0x900a94,82.6484%,76,362,438,236,56,20,126
0x542cf8,96.6327%,76,2181,2257,183,4,72,1998
0x5f86a4,54.491%,76,91,167,41,50,26,50
0x5cf42e,96.0021%,76,1825,1901,1809,47,29,16
0x805a26,93.0018%,76,1010,1086,82,44,32,928
0x49e0b5,85.1852%,76,437,513,0,0,76,437
0x8a54b9,94.3536%,76,1270,1346,92,17,59,1178
0x81d372,78.7709%,76,282,358,141,41,35,141
0xa25c9f,91.8717%,76,859,935,106,35,41,753
0x804994,80.7107%,76,318,394,288,31,45,30
0xa30238,61.0256%,76,119,195,47,38,38,72
0x63ebf8,97.3031%,76,2742,2818,1807,50,26,935
0x53ba4c,89.5978%,75,646,721,68,58,17,578
0x49c7af,83.2962%,75,374,449,112,52,23,262
0x9e6bd5,95.3213%,75,1528,1603,1516,34,41,12
0xa594f4,62.8713%,75,127,202,0,0,75,127
0x58b78d,92.485%,75,923,998,777,28,47,146
0x40e625,96.0064%,75,1803,1878,274,14,61,1529
0x50168b,97.7471%,75,3254,3329,926,55,20,2328
0x4102a4,95.9914%,75,1796,1871,883,44,31,913
0x944298,84.2437%,75,401,476,0,24,51,401
0xb2e5f5,99.7436%,75,29174,29249,0,0,75,29174
0x9f24eb,58.5635%,75,106,181,54,38,37,52
0x47f253,93.3628%,75,1055,1130,5,53,22,1050
0x4fdb91,76.489%,75,244,319,229,24,51,15
0x47f31a,90.2975%,75,698,773,678,60,15,20
0x77ff68,96.777%,75,2252,2327,666,45,30,1586
0x900612,78.3237%,75,271,346,152,24,51,119
0x813144,97.0449%,75,2463,2538,831,15,60,1632
0x504872,89.8649%,75,665,740,535,53,22,130
0x60dc0d,78.6932%,75,277,352,38,40,35,239
0x8ef16e,79.7297%,75,295,370,126,52,23,169
0x4b4a78,75.2475%,75,228,303,9,43,32,219
0x9e0188,93.0168%,75,999,1074,957,30,45,42
0xa330e3,73.5915%,75,209,284,89,33,42,120
0x60a8b3,95.5357%,75,1605,1680,374,48,27,1231
0x8e311d,98.2105%,75,4116,4191,2172,42,33,1944
0x8dd333,96.7377%,75,2224,2299,1501,20,55,723
0x808e57,91.1032%,75,768,843,607,39,36,161
0x8196bd,94.0048%,75,1176,1251,3,48,27,1173
0xb2fa8a,99.7367%,75,28405,28480,0,0,75,28405
0x807f55,86.5108%,75,481,556,5,47,28,476
0x9f79de,75%,75,225,300,105,43,32,120
0xaa28b5,93.062%,75,1006,1081,385,38,37,621
0xaa05e0,93.6975%,75,1115,1190,1109,14,61,6
0x406b12,88.4259%,75,573,648,573,75,0,0
0xb3ab1c,97.3385%,75,2743,2818,2423,49,26,320
0x53b05a,96.9237%,75,2363,2438,0,0,75,2363
0x404785,87.785%,75,539,614,163,54,21,376
0x94507b,85.8223%,75,454,529,35,23,52,419
0x7d185d,91.8567%,75,846,921,339,44,31,507
0x970ed7,95.7936%,75,1708,1783,245,52,23,1463
0x8eee29,87.6847%,75,534,609,107,51,24,427
0x97269f,72.5275%,75,198,273,15,5,70,183
0xb30217,55.6213%,75,94,169,86,59,16,8
0x811c5a,84.1102%,75,397,472,6,49,26,391
0x8fdb91,94.1815%,75,1214,1289,163,6,69,1051
0xa36124,75.0831%,75,226,301,18,54,21,208
0xa5607b,71.5909%,75,189,264,134,38,37,55
0x8a97b7,99.0585%,75,7891,7966,1305,57,18,6586
0x53abb0,89.9058%,75,668,743,86,29,46,582
0x8ff75a,62.2449%,74,122,196,56,42,32,66
0xa5cece,78.2353%,74,266,340,149,50,24,117
0x40dfa3,45.1852%,74,61,135,55,74,0,6
0x59148a,85.8509%,74,449,523,432,65,9,17
0x643297,93.4744%,74,1060,1134,1028,72,2,32
0xb327f0,92.4949%,74,912,986,354,45,29,558
0x976dc7,94.966%,74,1396,1470,7,31,43,1389
0x807889,94.2547%,74,1214,1288,1080,31,43,134
0x51b500,94.1824%,74,1198,1272,1198,55,19,0
0x609563,79.0368%,74,279,353,63,38,36,216
0x63ec0d,92.2997%,74,887,961,183,47,27,704
0x50238a,79.9458%,74,295,369,3,32,42,292
0x5f05ec,80.0539%,74,297,371,207,37,37,90
0x402965,99.2296%,74,9531,9605,0,0,74,9531
0xa92d3f,67.2566%,74,152,226,102,46,28,50
0x53d9ef,95.5609%,74,1593,1667,30,20,54,1563
0x5042f8,90.6683%,74,719,793,12,50,24,707
0xa5942b,74.744%,74,219,293,50,31,43,169
0x9118e4,92.8502%,74,961,1035,323,47,27,638
0x609878,81.407%,74,324,398,245,52,22,79
0x596851,96.695%,74,2165,2239,2154,58,16,11
0xb32730,98.8513%,74,6368,6442,6368,74,0,0
0x50da21,87.3935%,74,513,587,509,63,11,4
0x9e036b,92.5025%,74,913,987,913,74,0,0
0xa58607,78.5507%,74,271,345,108,27,47,163
0x541a70,92.8846%,74,966,1040,44,13,61,922
0x552acf,94.7518%,74,1336,1410,1336,42,32,0
0x819c8c,94.6454%,74,1308,1382,1306,22,52,2
0x4bc65f,67.9654%,74,157,231,84,51,23,73
0x4b598c,96.3257%,74,1940,2014,1940,36,38,0
0x90b336,92.2997%,74,887,961,727,41,33,160
0x5059de,57.7143%,74,101,175,34,48,26,67
0x9e24ad,87.8738%,73,529,602,30,46,27,499
0x9faff9,81.3299%,73,318,391,29,49,24,289
0x533b1b,88.1107%,73,541,614,0,0,73,541
0x80887d,77.6758%,73,254,327,62,34,39,192
0x5f7987,75.2542%,73,222,295,19,44,29,203
0x48a85f,96.4938%,73,2009,2082,2009,73,0,0
0x49fba0,81.75%,73,327,400,192,30,43,135
0x5102f8,95.9444%,73,1727,1800,668,22,51,1059
0x80f46d,70.8%,73,177,250,31,43,30,146
0x558054,93.6021%,73,1068,1141,53,44,29,1015
0x54f7bb,92.2996%,73,875,948,7,54,19,868
0xa41aeb,95.4375%,73,1527,1600,1298,35,38,229
0x5469c8,95.8896%,73,1703,1776,1699,69,4,4
0x404e39,99.4063%,73,12223,12296,440,60,13,11783
0xad7b50,90.629%,73,706,779,0,0,73,706
0xa25c9b,92.7937%,73,940,1013,29,49,24,911
0x8bcda8,99.6618%,73,21513,21586,599,25,48,20914
0x8fe462,96.4511%,73,1984,2057,1983,68,5,1
0x5395ca,78.7791%,73,271,344,183,52,21,88
0x9a9304,93.1391%,73,991,1064,805,25,48,186
0x8bc8b7,99.5717%,73,16971,17044,16644,66,7,327
0x9f3f17,77.4691%,73,251,324,100,18,55,151
0x541b72,91.247%,73,761,834,337,52,21,424
0x8da37b,98.4908%,73,4764,4837,986,33,40,3778
0x512a22,87.193%,73,497,570,377,43,30,120
0x5057f7,90.1351%,73,667,740,605,42,31,62
0x64af85,99.7139%,73,25446,25519,25446,73,0,0
0xa36a9e,87.9736%,73,534,607,264,37,36,270
0x4022ad,95.4059%,73,1516,1589,22,21,52,1494
0x8bb405,83.9207%,73,381,454,325,66,7,56
0x8a5f46,69.7095%,73,168,241,130,26,47,38
0xb301ab,85.7422%,73,439,512,29,39,34,410
0x8f29bc,89.6893%,73,635,708,42,37,36,593
0x48bff6,89.1207%,73,598,671,506,21,52,92
0x80ed56,93.203%,73,1001,1074,525,23,50,476
0x907590,87.7759%,72,517,589,516,50,22,1
0xa93dab,52%,72,78,150,37,39,33,41
0x49e74e,98.524%,72,4806,4878,0,0,72,4806
0x8e37ae,95.7041%,72,1604,1676,870,28,44,734
0x404e15,99.4144%,72,12224,12296,0,0,72,12224
0x821422,93.271%,72,998,1070,854,23,49,144
0x54f4f8,97.637%,72,2975,3047,2975,72,0,0
0x9a7eff,54.717%,72,87,159,22,37,35,65
0x509167,98.4064%,72,4446,4518,4346,36,36,100
0x5ee155,97.6143%,72,2946,3018,2741,35,37,205
0x4101f1,96.1311%,72,1789,1861,18,36,36,1771
0x558033,93.6897%,72,1069,1141,301,34,38,768
0x54872a,96.9401%,72,2281,2353,0,0,72,2281
0x5484f1,99.4425%,72,12842,12914,0,0,72,12842
0x821645,99.209%,72,9030,9102,0,10,62,9030
0x8ec3d7,89.4737%,72,612,684,135,31,41,477
0xa32a38,94.3618%,72,1205,1277,1198,20,52,7
0x810481,86.5169%,72,462,534,132,50,22,330
0x5b9c3c,61.0811%,72,113,185,19,54,18,94
0x9ab2ad,95.0651%,72,1387,1459,86,26,46,1301
0x5fa9d7,90.4509%,72,682,754,22,59,13,660
0xa56ecb,81.1518%,72,310,382,73,51,21,237
0x511913,91.8089%,72,807,879,636,31,41,171
0x80df92,96.7153%,72,2120,2192,297,43,29,1823
0x8a9710,95.102%,72,1398,1470,1354,24,48,44
0x8dc1ff,96.8682%,72,2227,2299,639,29,43,1588
0x65a16e,97.0755%,72,2390,2462,553,41,31,1837
0x8c7b8c,92%,72,828,900,685,39,33,143
0xaa4881,51.6779%,72,77,149,38,48,24,39
0x5412fc,99.0837%,72,7786,7858,7786,72,0,0
0x9777c5,91.7146%,72,797,869,796,16,56,1
0x976dd6,95.102%,72,1398,1470,1391,45,27,7
0x976dfb,74.2857%,72,208,280,10,24,48,198
0x60b367,77.5701%,72,249,321,249,72,0,0
0x402228,95.9664%,72,1713,1785,16,59,13,1697
0x8fd4fe,73.6264%,72,201,273,165,23,49,36
0xa4957f,85.7708%,72,434,506,65,37,35,369
0x511d42,95.1253%,72,1405,1477,616,49,23,789
0x8dd380,96.8682%,72,2227,2299,612,56,16,1615
0x8fc565,93.1363%,72,977,1049,241,31,41,736
0xb31412,86.8613%,72,476,548,324,24,48,152
0x9ab7d3,94.7446%,71,1280,1351,0,0,71,1280
0x511599,97.7532%,71,3089,3160,665,44,27,2424
0x9a455a,95.4311%,71,1483,1554,518,17,54,965
0x9a7660,87.0438%,71,477,548,462,37,34,15
0x6041ee,49.2857%,71,69,140,33,46,25,36
0x5971c6,88.5668%,71,550,621,7,47,24,543
0xa2a8f5,59.1954%,71,103,174,21,40,31,82
0x90efcf,92.6425%,71,894,965,742,23,48,152
0x81c93d,60.989%,71,111,182,91,31,40,20
0x505ee3,90.4054%,71,669,740,618,29,42,51
0xa58ed7,79.4203%,71,274,345,172,54,17,102
0x9776ca,95.7074%,71,1583,1654,227,51,20,1356
0x8ef0cd,92.1286%,71,831,902,424,27,44,407
0x8fbf94,90.3924%,71,668,739,668,71,0,0
0x81c6e5,99.4752%,71,13459,13530,14,56,15,13445
0x95296b,85.5691%,71,421,492,7,29,42,414
0x4bb200,74.7331%,71,210,281,147,45,26,63
0x543914,74.552%,71,208,279,104,37,34,104
0x40e0a7,99.365%,71,11110,11181,11110,71,0,0
0xb147eb,98.3326%,71,4187,4258,0,0,71,4187
0x49e9d6,97.5702%,71,2851,2922,2851,71,0,0
0x4a6f88,80%,71,284,355,181,45,26,103
0x8e32ee,98.3059%,71,4120,4191,2168,46,25,1952
0x47f282,90.815%,71,702,773,0,0,71,702
0x8fdf8b,97.3635%,71,2622,2693,13,23,48,2609
0x8d2727,81.9797%,71,323,394,94,36,35,229
0x50d07a,62.234%,71,117,188,52,52,19,65
0x9018e1,86.4762%,71,454,525,48,66,5,406
0x50d64c,93.8846%,71,1090,1161,1055,27,44,35
0x8bcee4,93.6889%,71,1054,1125,926,51,20,128
0x81d15b,90.2069%,71,654,725,654,11,60,0
0x8ec3af,78.0864%,71,253,324,94,45,26,159
0x5df28d,95.4253%,71,1481,1552,1456,33,38,25
0x819688,99.3245%,71,10439,10510,274,55,16,10165
0x9e26e9,75.8503%,71,223,294,66,18,53,157
0x821485,96.425%,71,1915,1986,1915,71,0,0
0xa9075f,68.1614%,71,152,223,35,41,30,117
0x8a253d,74.7331%,71,210,281,0,0,71,210
0x8213e6,77.0227%,71,238,309,68,32,39,170
0x5cae61,94.2788%,71,1170,1241,0,0,71,1170
0x5504d4,99.3794%,71,11369,11440,11369,71,0,0
0xa46c1a,69.1304%,71,159,230,77,19,52,82
0x590649,97.4991%,70,2729,2799,340,25,45,2389
0xa429d8,97.5753%,70,2817,2887,2801,58,12,16
0xaaafc8,65.1741%,70,131,201,71,44,26,60
0x403b48,95.9747%,70,1669,1739,1089,55,15,580
0x507870,91.1728%,70,723,793,23,30,40,700
0x4a1cac,95.1923%,70,1386,1456,110,22,48,1276
0x6616a0,94.4664%,70,1195,1265,888,19,51,307
0x5ba9ff,97.0187%,70,2278,2348,1885,32,38,393
0x9bb67f,59.3023%,70,102,172,84,26,44,18
0x40f555,99.8146%,70,37681,37751,0,0,70,37681
0xad7efe,95.8799%,70,1629,1699,1629,70,0,0
0x66810e,87.037%,70,470,540,262,38,32,208
0x9007cf,98.1273%,70,3668,3738,3660,60,10,8
0x8fe9c2,98.6812%,70,5238,5308,9,16,54,5229
0x48bbb4,92.7461%,70,895,965,814,8,62,81
0xa43c3f,81.9121%,70,317,387,55,51,19,262
0x81e294,99.3857%,70,11325,11395,11161,19,51,164
0x53e30d,98.1173%,70,3648,3718,0,0,70,3648
0x807aff,70.2128%,70,165,235,62,29,41,103
0x50d735,78.7879%,70,260,330,232,40,30,28
0x9784f0,92.5847%,70,874,944,419,40,30,455
0xa45caf,65.6863%,70,134,204,40,36,34,94
0x8e2f88,96.4593%,70,1907,1977,1729,39,31,178
0xa5f799,88.8712%,70,559,629,49,44,26,510
0x5116ba,95.2767%,70,1412,1482,321,50,20,1091
0x814b35,72.1116%,70,181,251,17,37,33,164
0x8f26cd,88.5057%,70,539,609,113,45,25,426
0x507e07,90.0568%,70,634,704,634,48,22,0
0x803814,82.2335%,70,324,394,288,31,39,36
0x48ce24,98.0743%,70,3565,3635,3564,70,0,1
0x54eafd,44.8819%,70,57,127,17,41,29,40
0x537c56,90.502%,70,667,737,0,0,70,667
0x50d971,87.4327%,70,487,557,126,35,35,361
0x402b3c,97.6303%,70,2884,2954,2884,70,0,0
0x7ce465,59.0643%,70,101,171,11,42,28,90
0x49dff6,64.2857%,70,126,196,99,64,6,27
0x98ce1d,96.2406%,70,1792,1862,0,0,70,1792
0x40451c,91.3366%,70,738,808,46,33,37,692
0xb2fae7,99.1652%,70,8315,8385,8315,70,0,0
0x4b5c80,58.6826%,69,98,167,73,41,28,25
0x5579d8,86.6279%,69,447,516,194,26,43,253
0x8a467b,89.1339%,69,566,635,566,69,0,0
0x9099d0,96.2843%,69,1788,1857,696,35,34,1092
0x8d487a,81.3008%,69,300,369,258,42,27,42
0xa50488,72.7273%,69,184,253,9,42,27,175
0xa30434,85.9184%,69,421,490,227,43,26,194
0x94d8f9,90.8609%,69,686,755,644,53,16,42
0x40e3cb,89.0127%,69,559,628,557,65,4,2
0x81f77c,89.0995%,69,564,633,500,39,30,64
0x596b91,97.022%,69,2248,2317,0,0,69,2248
0x64b1f1,92.5081%,69,852,921,852,69,0,0
0x94478e,68.9189%,69,153,222,81,23,46,72
0x643467,90.6631%,69,670,739,50,40,29,620
0x503098,96.9155%,69,2168,2237,13,49,20,2155
0xa91d12,76.8456%,69,229,298,11,38,31,218
0x40e383,89.5928%,69,594,663,205,16,53,389
0x51b88d,98.7536%,69,5467,5536,5467,69,0,0
0x49e76d,97.6386%,69,2853,2922,2853,69,0,0
0x9a7d36,83.1296%,69,340,409,316,16,53,24
0x8ed2b0,93.6229%,69,1013,1082,8,33,36,1005
0x51c879,99.0505%,69,7198,7267,7198,60,9,0
0x4bf08e,90.9091%,69,690,759,519,52,17,171
0x4106d3,81.3514%,69,301,370,131,28,41,170
0xb30d57,96.3141%,69,1803,1872,0,0,69,1803
0x8a6fe3,95.4365%,69,1443,1512,163,61,8,1280
0x8e0a79,97.6434%,69,2859,2928,277,47,22,2582
0x489fbd,55.4839%,69,86,155,86,69,0,0
0x906d86,64.7959%,69,127,196,22,35,34,105
0x8fdc2d,93.9261%,69,1067,1136,322,58,11,745
0x4bb471,66.9856%,69,140,209,108,49,20,32
0x4a6d24,85.6549%,69,412,481,335,47,22,77
0x49e4fb,57.1429%,69,92,161,19,24,45,73
0x8044ea,72.7273%,69,184,253,161,37,32,23
0x5020dd,53.3784%,69,79,148,54,24,45,25
0x5591ae,92.3673%,69,835,904,660,9,60,175
0xa5285e,83.3333%,69,345,414,133,42,27,212
0x5fb6d2,82.2165%,69,319,388,72,48,21,247
0x537adb,90.6377%,69,668,737,2,4,65,666
0xad857c,98.8606%,69,5987,6056,0,0,69,5987
0x60deef,93.3333%,69,966,1035,299,47,22,667
0x8bca75,92.5325%,69,855,924,743,23,46,112
0x81e0c8,72.4%,69,181,250,18,17,52,163
0x50d62e,94.321%,69,1146,1215,108,25,44,1038
0xa2d24e,90.522%,69,659,728,655,40,29,4
0x49fd38,94.2953%,68,1124,1192,1124,68,0,0
0x540350,97.5082%,68,2661,2729,2657,40,28,4
0xb2dfdc,76.4706%,68,221,289,19,29,39,202
0x9f1ce4,82.2454%,68,315,383,315,68,0,0
0x8b97b0,99.5833%,68,16251,16319,0,0,68,16251
0x503a5b,88.8889%,68,544,612,539,12,56,5
0x9f9835,59.7633%,68,101,169,18,40,28,83
0x598fa5,98.8426%,68,5807,5875,5807,68,0,0
0x80f59c,87.7256%,68,486,554,98,46,22,388
0x90b34a,92.924%,68,893,961,134,59,9,759
0x977a8d,78.481%,68,248,316,246,31,37,2
0x4fd93f,96.0141%,68,1638,1706,1635,14,54,3
0x511643,99.1691%,68,8116,8184,12,17,51,8104
0x8e0e90,83.5351%,68,345,413,52,40,28,293
0x8bd5d2,98.363%,68,4086,4154,367,29,39,3719
0x811d33,87.5%,68,476,544,120,46,22,356
0x545c48,97.3365%,68,2485,2553,2485,68,0,0
0x9a9220,80.1749%,68,275,343,237,41,27,38
0x507016,90.8108%,68,672,740,235,37,31,437
0x4ba436,79.2683%,68,260,328,39,46,22,221
0x8ef4d0,56.962%,68,90,158,62,54,14,28
0x50bf2d,83.1266%,68,335,403,249,44,24,86
0x978070,78.2051%,68,244,312,128,11,57,116
0x8fe483,99.3357%,68,10168,10236,10168,68,0,0
0x90c9a7,96.9356%,68,2151,2219,2091,23,45,60
0x48a04b,99.3312%,68,10100,10168,0,0,68,10100
0x5ff94e,72.3577%,68,178,246,36,39,29,142
0xa511d6,60%,68,102,170,85,29,39,17
0x58ffe1,98.9596%,68,6468,6536,3474,46,22,2994
0x8fd402,96.0762%,68,1665,1733,1665,67,1,0
0xa8a712,61.1429%,68,107,175,75,33,35,32
0x5911dd,76.4706%,68,221,289,0,0,68,221
0x5908ab,96.8387%,68,2083,2151,2041,20,48,42
0x8b9ebb,99.6823%,68,21336,21404,21336,68,0,0
0x49063e,75.0916%,68,205,273,99,39,29,106
0x4ace74,71.7842%,68,173,241,7,53,15,166
0x81faf5,89.4081%,68,574,642,281,38,30,293
0x98bc27,84%,68,357,425,357,68,0,0
0x8d2928,99.6447%,68,19072,19140,19000,8,60,72
0x4baa6b,76.8707%,68,226,294,33,41,27,193
0xaaae8e,73.2283%,68,186,254,82,34,34,104
0x504258,90.2579%,68,630,698,122,14,54,508
0x8ea26d,97.2514%,68,2406,2474,1193,32,36,1213
0x508a61,87.242%,68,465,533,390,49,19,75
0x40d640,92.6087%,68,852,920,56,44,24,796
0x486f4f,91.2031%,68,705,773,705,52,16,0
0xb2e7a5,99.1495%,68,7927,7995,5,14,54,7922
0x53fe6d,97.2346%,68,2391,2459,686,32,36,1705
0x4bbb2e,66.6667%,68,136,204,72,29,39,64
0x60a7fd,86.2348%,68,426,494,0,0,68,426
0x8a7730,82.2917%,68,316,384,39,43,25,277
0x81c4f0,83.1683%,68,336,404,331,11,57,5
0x90dbb3,99.8665%,68,50865,50933,49956,16,52,909
0x534450,98.8076%,68,5635,5703,6,42,26,5629
0x9aba23,70.9957%,67,164,231,100,17,50,64
0x911797,71.1207%,67,165,232,150,51,16,15
0x48a274,98.9145%,67,6105,6172,0,0,67,6105
0x5aef23,90.3736%,67,629,696,0,0,67,629
0x80f8a4,94.3412%,67,1117,1184,1097,13,54,20
0xaa4739,72.6531%,67,178,245,33,30,37,145
0x9019f6,80.1775%,67,271,338,211,41,26,60
0x9a7680,64.7368%,67,123,190,110,31,36,13
0x8e2697,99.4021%,67,11138,11205,5887,43,24,5251
0x8e4d06,62.3596%,67,111,178,86,26,41,25
0x8fef1c,84.8073%,67,374,441,324,52,15,50
0x9a4673,93.1563%,67,912,979,250,41,26,662
0x5ffb7c,61.4943%,67,107,174,102,26,41,5
0x7d2bef,92.5803%,67,836,903,161,46,21,675
0xa18022,83.208%,67,332,399,6,54,13,326
0x638fd0,80.1775%,67,271,338,21,40,27,250
0x609bef,73.4127%,67,185,252,45,34,33,140
0x94537d,87.3346%,67,462,529,15,43,24,447
0xa31eb1,75%,67,201,268,141,53,14,60
0x534447,98.8325%,67,5672,5739,7,29,38,5665
0x4057c6,97.3808%,67,2491,2558,1958,37,30,533
0x40f791,99.7978%,67,33063,33130,0,0,67,33063
0x98fcf3,73.93%,67,190,257,190,67,0,0
0x510690,94.6011%,67,1174,1241,591,57,10,583
0x9f0c70,64.7368%,67,123,190,35,45,22,88
0x508cd9,50.7353%,67,69,136,31,47,20,38
0x8ff24f,81.0198%,67,286,353,20,45,22,266
0x8d3cc9,85.8351%,67,406,473,302,34,33,104
0x8c7b2f,96.5195%,67,1858,1925,963,19,48,895
0x5fe33e,82.1809%,67,309,376,141,15,52,168
0x8fe40b,71.6102%,67,169,236,95,21,46,74
0x8e51a9,92.9101%,67,878,945,441,50,17,437
0x404d75,99.4604%,67,12349,12416,2908,52,15,9441
0x5547f0,94.1941%,67,1087,1154,1042,12,55,45
0x8f2a67,93.1772%,67,915,982,907,35,32,8
0x8c726f,68.3962%,67,145,212,53,40,27,92
0x6105a7,76.5734%,67,219,286,40,53,14,179
0xa02a56,80.0595%,67,269,336,264,60,7,5
0xa46cdb,79.4479%,67,259,326,76,20,47,183
0x5522b7,96.7599%,66,1971,2037,15,34,32,1956
0x511aad,97.6711%,66,2768,2834,2768,66,0,0
0x9428ad,71.179%,66,163,229,163,66,0,0
0x5fa1ce,91.7085%,66,730,796,35,46,20,695
0x4b68d5,57.4194%,66,89,155,88,18,48,1
0x5356bd,65.0794%,66,123,189,92,36,30,31
0x51103a,98.5245%,66,4407,4473,638,61,5,3769
0xa27645,96.793%,66,1992,2058,75,17,49,1917
0x595d60,89.8462%,66,584,650,444,20,46,140
0x50d922,88.6792%,66,517,583,505,40,26,12
0xa41a48,98.2937%,66,3802,3868,925,56,10,2877
0x4bcca8,63.3333%,66,114,180,29,44,22,85
0x81e324,97.0719%,66,2188,2254,1402,29,37,786
0x8fef9b,85.034%,66,375,441,55,33,33,320
0xa23717,61.6279%,66,106,172,71,39,27,35
0x8da39a,93.7023%,66,982,1048,64,42,24,918
0x48b1e6,83.7838%,66,341,407,3,40,26,338
0xb313f2,70.6667%,66,159,225,88,51,15,71
0x599374,98.4112%,66,4088,4154,4088,66,0,0
0xb347b0,84.0194%,66,347,413,0,0,66,347
0xa42b50,89.9237%,66,589,655,477,66,0,112
0x80e82e,77.0833%,66,222,288,149,37,29,73
0xa2e834,85.9275%,66,403,469,99,21,45,304
0x49dfd0,66.3265%,66,130,196,0,0,66,130
0x404477,97.2339%,66,2320,2386,342,25,41,1978
0x510a0b,89.2857%,66,550,616,263,41,25,287
0x8febe2,98.161%,66,3523,3589,0,0,66,3523
0x506a5d,85.8974%,66,402,468,365,50,16,37
0x40e6a7,96.2047%,66,1673,1739,1628,28,38,45
0x51b8c4,98.7476%,66,5204,5270,4954,56,10,250
0x51012c,96.1938%,66,1668,1734,1277,31,35,391
0x8fe35f,99.5277%,66,13908,13974,13908,66,0,0
0x5c4bae,96.3915%,66,1763,1829,0,0,66,1763
0xb2df09,97.5726%,66,2653,2719,0,0,66,2653
0x58eb95,98.7371%,66,5160,5226,82,10,56,5078
0x5bae82,67%,66,134,200,10,51,15,124
0xa49491,86.9565%,66,440,506,371,44,22,69
0x48951a,91.2351%,66,687,753,239,31,35,448
0x8d421c,82.1138%,66,303,369,268,32,34,35
0x49b22b,98.4726%,66,4255,4321,890,23,43,3365
0x63ac8e,91.961%,66,755,821,548,32,34,207
0x4bb2b4,85.1016%,66,377,443,340,31,35,37
0x908544,99.1656%,66,7844,7910,388,11,55,7456
0x541284,99.3299%,66,9784,9850,8798,19,47,986
0x502e03,98.1962%,66,3593,3659,3593,53,13,0
0x485e49,85.1016%,66,377,443,296,65,1,81
0xa2fb8f,90.2798%,66,613,679,46,49,17,567
0x40bc7a,91.4948%,66,710,776,205,36,30,505
0x9f5977,65.9794%,66,128,194,9,50,16,119
0x821310,98.3329%,66,3893,3959,0,0,66,3893
0x8ff3d0,79.8165%,66,261,327,151,49,17,110
0xa25b89,93.4847%,66,947,1013,947,66,0,0
0x48ebcb,60.9467%,66,103,169,48,31,35,55
0x81caaf,63.7363%,66,116,182,100,22,44,16
0x911a9a,96.4808%,65,1782,1847,584,15,50,1198
0x49fb88,84.6336%,65,358,423,23,30,35,335
0x53d823,96.1675%,65,1631,1696,1629,28,37,2
0x8d3cf3,94.2782%,65,1071,1136,124,45,20,947
0x50ce01,79.7508%,65,256,321,155,41,24,101
0x597130,86.5424%,65,418,483,5,24,41,413
0xb34635,71.1111%,65,160,225,40,42,23,120
0x53d97b,65.9686%,65,126,191,118,48,17,8
0x640267,98.6123%,65,4619,4684,2288,54,11,2331
0xa9ea20,71.2389%,65,161,226,12,46,19,149
0x50222a,91.8033%,65,728,793,715,16,49,13
0x402938,95.2899%,65,1315,1380,1025,43,22,290
0x834243,76.1029%,65,207,272,84,26,39,123
0x51b06f,82.0937%,65,298,363,9,48,17,289
0xa9ea94,81.5864%,65,288,353,209,59,6,79
0xa25d4f,93.5834%,65,948,1013,903,32,33,45
0x8f3fb8,72.9167%,65,175,240,161,18,47,14
0x504991,58.0645%,65,90,155,36,3,62,54
0xa9010e,76.2774%,65,209,274,85,38,27,124
0xaaa044,75.5639%,65,201,266,181,58,7,20
0x8aed9b,67.1717%,65,133,198,113,26,39,20
0xa3b263,71.4912%,65,163,228,12,42,23,151
0x509d90,94.1652%,65,1049,1114,113,23,42,936
0x6434df,96.5481%,65,1818,1883,1818,65,0,0
0x5469ee,96.0317%,65,1573,1638,1570,56,9,3
0x503838,68.4466%,65,141,206,42,31,34,99
0x81cf7d,73.1405%,65,177,242,11,49,16,166
0x592f4a,94.7623%,65,1176,1241,0,0,65,1176
0x508d57,60.6061%,65,100,165,68,42,23,32
0xa5d097,85.1598%,65,373,438,244,29,36,129
0xa3497f,96.1516%,65,1624,1689,1114,48,17,510
0xb0c671,98.7447%,65,5113,5178,3076,46,19,2037
0xb302ec,98.6974%,65,4925,4990,0,0,65,4925
0x60a768,96.2143%,65,1652,1717,398,41,24,1254
0x9ab422,88.4752%,65,499,564,239,36,29,260
0xa396c4,89.2206%,65,538,603,299,14,51,239
0xa396a9,92.6802%,65,823,888,823,65,0,0
0x40e398,85.2941%,65,377,442,350,38,27,27
0x40e137,96.1055%,65,1604,1669,0,0,65,1604
0x5cf3a2,96.5807%,65,1836,1901,0,0,65,1836
0xa3045f,89.5666%,65,558,623,22,47,18,536
0x8db893,74.2063%,65,187,252,158,28,37,29
0x627f4d,94.4962%,65,1116,1181,1115,43,22,1
0xb32723,98.991%,65,6377,6442,0,0,65,6377
0x53b260,85.6195%,65,387,452,371,18,47,16
0x4c1b14,89.094%,65,531,596,482,55,10,49
0xb1485e,98.4735%,65,4193,4258,3405,29,36,788
0x5fa8fd,90.0307%,65,587,652,115,50,15,472
0x5f820a,89.0411%,64,520,584,400,38,26,120
0x5068f0,91.3514%,64,676,740,630,24,40,46
0x9a3254,70.0935%,64,150,214,115,24,40,35
0x8ba2c9,98.0559%,64,3228,3292,3219,46,18,9
0xa238d7,62.7907%,64,108,172,21,41,23,87
0x548769,95.6254%,64,1399,1463,1384,42,22,15
0x65a392,96.6753%,64,1861,1925,1149,31,33,712
0x555d68,94.0796%,64,1017,1081,0,56,8,1017
0x53bb57,94.4007%,64,1079,1143,871,15,49,208
0xa4ba37,75.1938%,64,194,258,155,39,25,39
0xad7faa,93.1034%,64,864,928,864,64,0,0
0x9ed4f2,75.2896%,64,195,259,117,57,7,78
0xb31c0c,99.7039%,64,21551,21615,0,0,64,21551
0x643b6a,92.0299%,64,739,803,738,37,27,1
0x5481a4,99.4121%,64,10822,10886,0,0,64,10822
0xa45909,90.7112%,64,625,689,258,41,23,367
0x48da0c,83.0239%,64,313,377,313,18,46,0
0x9f64d7,64.2458%,64,115,179,20,41,23,95
0x591ac4,98.3488%,64,3812,3876,3812,64,0,0
0x6432cb,94.3563%,64,1070,1134,1070,64,0,0
0xa31685,84.2752%,64,343,407,339,30,34,4
0x5590c3,88.2784%,64,482,546,400,28,36,82
0x90e312,89.3864%,64,539,603,517,19,45,22
0x541a0e,94.041%,64,1010,1074,24,10,54,986
0xa94342,53.2847%,64,73,137,60,18,46,13
0x40ee03,94.8387%,64,1176,1240,786,17,47,390
0x506f01,91.3514%,64,676,740,623,20,44,53
0xaa4561,99.2515%,64,8487,8551,0,0,64,8487
0x533d18,69.378%,64,145,209,141,39,25,4
0x9f44d8,58.7097%,64,91,155,10,18,46,81
0x9eaa60,95.7644%,64,1447,1511,1446,11,53,1
0x50a0b1,69.8113%,64,148,212,108,28,36,40
0x9e275b,87.5244%,64,449,513,281,40,24,168
0xa262e9,93.6821%,64,949,1013,372,32,32,577
0xa030dc,60%,64,96,160,53,39,25,43
0x81933d,91.7526%,64,712,776,712,30,34,0
0x402028,92.4794%,64,787,851,4,33,31,783
0xa504e8,74.7036%,64,189,253,7,32,32,182
0x8dc209,96.076%,64,1567,1631,715,31,33,852
0xb2ffb2,94.1392%,64,1028,1092,1,0,64,1027
0x4a5794,61.2121%,64,101,165,18,37,27,83
0x4bc5a7,68.6275%,64,140,204,47,61,3,93
0x410749,66.8394%,64,129,193,114,25,39,15
0xb3240e,93.3953%,64,905,969,905,64,0,0
0x8a25a1,75.8491%,64,201,265,0,0,64,201
0x8119d6,92.4081%,64,779,843,618,28,36,161
0x53c642,93.5157%,64,923,987,228,18,46,695
0x8108dd,86.3248%,64,404,468,47,27,37,357
0x8184d4,56.1644%,64,82,146,52,34,30,30
0x503e58,79.4212%,64,247,311,239,18,46,8
0x53a206,91.3863%,64,679,743,676,61,3,3
0x58eb6a,98.7754%,64,5162,5226,5162,64,0,0
0x53c714,89.76%,64,561,625,367,37,27,194
0x7cf2fd,96.628%,64,1834,1898,987,38,26,847
0x49e1e0,94.59%,64,1119,1183,0,0,64,1119
0xa39a26,89.6774%,64,556,620,9,34,30,547
0x60020a,91.2088%,64,664,728,6,33,31,658
0xaa11dc,74.6988%,63,186,249,162,33,30,24
0x58fe4d,98.4731%,63,4063,4126,3567,52,11,496
0x9abdcb,82.3034%,63,293,356,51,35,28,242
0x5fb6fa,73.0769%,63,171,234,160,19,44,11
0x900231,90.583%,63,606,669,13,34,29,593
0x542322,71.2329%,63,156,219,156,63,0,0
0x48ef58,80.9668%,63,268,331,246,18,45,22
0x4a75da,59.6154%,63,93,156,52,32,31,41
0x593829,93.9713%,63,982,1045,17,40,23,965
0xa34032,79%,63,237,300,139,31,32,98
0xa2fe83,77.2563%,63,214,277,90,27,36,124
0xb0ad23,88.6486%,63,492,555,5,30,33,487
0x5c334f,72.4891%,63,166,229,38,2,61,128
0x541d12,94.5074%,63,1084,1147,63,17,46,1021
0x9fe25a,64%,63,112,175,55,30,33,57
0x49c7d9,77.2563%,63,214,277,193,28,35,21
0x8a282e,77.5801%,63,218,281,218,63,0,0
0x4b4a8e,82.9268%,63,306,369,267,33,30,39
0x8e4db1,96.7643%,63,1884,1947,1510,33,30,374
0xa4ff15,82.4022%,63,295,358,289,33,30,6
0x8ee1fd,73.8589%,63,178,241,28,30,33,150
0x55806a,94.0284%,63,992,1055,51,42,21,941
0x9ed423,75.8621%,63,198,261,95,16,47,103
0x643405,87.7193%,63,450,513,445,62,1,5
0x591bfc,61.5854%,63,101,164,94,19,44,7
0xa3043c,71.3636%,63,157,220,23,27,36,134
0x402d50,63.3721%,63,109,172,80,58,5,29
0x8dfeda,73.9669%,63,179,242,115,31,32,64
0x40ecaf,94.9194%,63,1177,1240,963,1,62,214
0x591add,98.3746%,63,3813,3876,3698,7,56,115
0x557a4e,71.3636%,63,157,220,145,38,25,12
0x60a80e,87.247%,63,431,494,34,38,25,397
0xa35cf8,94.3192%,63,1046,1109,445,32,31,601
0x51a77d,98.0687%,63,3199,3262,3199,63,0,0
0x81e4b8,87.9079%,63,458,521,447,28,35,11
0x8bb20d,84.5966%,63,346,409,302,29,34,44
0x4b5664,67.0157%,63,128,191,55,34,29,73
0x5b0e4b,97.6422%,63,2609,2672,0,0,63,2609
0x40228c,98.1471%,63,3337,3400,1748,37,26,1589
0x81f3c8,94.6835%,63,1122,1185,768,31,32,354
0xb0b096,64.4068%,63,114,177,96,38,25,18
0x65b98c,98.6352%,63,4553,4616,12,28,35,4541
0x9a1d11,69.2683%,63,142,205,115,19,44,27
0x54f535,97.9324%,63,2984,3047,2984,63,0,0
0x5906a9,97.6253%,63,2590,2653,7,44,19,2583
0x901fc1,98.6573%,63,4629,4692,4573,35,28,56
0xb0a061,88.6486%,63,492,555,339,6,57,153
0x8bcb12,72.7273%,63,168,231,122,18,45,46
0x792f79,55.9441%,63,80,143,80,63,0,0
0xa34acb,76.3158%,63,203,266,67,28,35,136
0x559184,92.9054%,63,825,888,307,25,38,518
0x50d337,94.8148%,63,1152,1215,680,36,27,472
0x508919,85.8108%,63,381,444,330,20,43,51
0x4b592d,87.8846%,63,457,520,449,33,30,8
0x8dd388,96.1373%,63,1568,1631,842,47,16,726
0x60b2c2,96.8278%,63,1923,1986,26,38,25,1897
0x58ebac,98.7945%,63,5163,5226,79,13,50,5084
0x81bf7b,82.4513%,63,296,359,294,13,50,2
0x8f148d,93.2692%,63,873,936,425,60,3,448
0x5f85ee,97.1014%,62,2077,2139,385,24,38,1692
0xa35ce4,94.8971%,62,1153,1215,79,27,35,1074
0x510df0,99.1552%,62,7277,7339,0,20,42,7277
0x4c3cb4,63.0952%,62,106,168,19,30,32,87
0x9e55b7,63.3136%,62,107,169,57,31,31,50
0x541a8a,93.6928%,62,921,983,100,49,13,821
0x49e968,97.8782%,62,2860,2922,10,32,30,2850
0x50d3ac,87.5752%,62,437,499,298,40,22,139
0x9ea6a3,78.6207%,62,228,290,140,27,35,88
0x50d6cb,89.3654%,62,521,583,36,48,14,485
0x5f796c,82.3864%,62,290,352,19,38,24,271
0x81cadf,65.9341%,62,120,182,104,18,44,16
0x50d9db,92.2208%,62,735,797,681,9,53,54
0x9a7d17,84.8411%,62,347,409,12,27,35,335
0x4c4344,96.9352%,62,1961,2023,1902,35,27,59
0xb38ea7,98.8813%,62,5480,5542,2764,7,55,2716
0x8a7434,79.6053%,62,242,304,8,39,23,234
0x9e506c,73.9496%,62,176,238,43,26,36,133
0x9a7d66,78.8396%,62,231,293,88,50,12,143
0xad7e20,98.1992%,62,3381,3443,3381,62,0,0
0xa45795,78.5467%,62,227,289,3,29,33,224
0x541ba9,92.5659%,62,772,834,63,29,33,709
0x537f18,91.6555%,62,681,743,4,8,54,677
0x8def29,96.9322%,62,1959,2021,1861,29,33,98
0x9eb70b,74.1667%,62,178,240,33,39,23,145
0x805cec,97.7738%,62,2723,2785,2088,7,55,635
0xa328ee,53.7313%,62,72,134,19,43,19,53
0xa34841,94.1121%,62,991,1053,497,29,33,494
0x8a733f,88.0077%,62,455,517,62,47,15,393
0x50d2c3,86.5217%,62,398,460,291,7,55,107
0x40f4b0,98.6011%,62,4370,4432,4370,62,0,0
0x8e2fd0,96.8639%,62,1915,1977,1707,33,29,208
0xada6ae,99.6031%,62,15560,15622,0,0,62,15560
0xad7e39,98.1992%,62,3381,3443,3381,62,0,0
0x9a474d,90.9884%,62,626,688,554,31,31,72
0x8d4192,83.2884%,62,309,371,81,43,19,228
0x53aed4,38%,62,38,100,13,40,22,25
0x900709,70.4762%,62,148,210,95,40,22,53
0xb2e5d9,99.788%,62,29187,29249,0,0,62,29187
0xaa1441,82.7298%,62,297,359,172,23,39,125
0x60e10f,60%,62,93,155,29,47,15,64
0x543a96,95.4108%,62,1289,1351,1287,19,43,2
0x82285a,95.8639%,62,1437,1499,1437,62,0,0
0xa02336,99.1743%,62,7447,7509,7447,62,0,0
0xb3258b,93.6017%,62,907,969,907,62,0,0
0x403e9b,98.0128%,62,3058,3120,611,32,30,2447
0x81d4a8,65.9341%,62,120,182,105,17,45,15
0x4873f4,72.9258%,62,167,229,49,42,20,118
0xa5133d,85.3012%,61,354,415,220,29,32,134
0x8e2b01,97.5061%,61,2385,2446,12,52,9,2373
0x4a1bdf,96.0415%,61,1480,1541,1480,61,0,0
0x403c0a,89.7479%,61,534,595,231,21,40,303
0x9a1da2,74.2616%,61,176,237,81,30,31,95
0x7d1acf,93.3768%,61,860,921,197,17,44,663
0x81c325,88.1783%,61,455,516,253,29,32,202
0x90e82d,96.1635%,61,1529,1590,1529,31,30,0
0x8dd101,88.7661%,61,482,543,182,46,15,300
0x48e88b,98.0143%,61,3011,3072,3011,20,41,0
0x8196bf,94.9167%,61,1139,1200,76,45,16,1063
0x512c0e,98.9161%,61,5567,5628,0,0,61,5567
0x534b76,55.4745%,61,76,137,76,61,0,0
0x8eca1b,98.5617%,61,4180,4241,334,28,33,3846
0x9aaf71,88.8686%,61,487,548,0,0,61,487
0x9c3848,82.7684%,61,293,354,293,61,0,0
0x809236,69.3467%,61,138,199,59,45,16,79
0x4bed36,84.2784%,61,327,388,195,29,32,132
0x5505aa,82.3699%,61,285,346,285,61,0,0
0x8efb30,86.1048%,61,378,439,363,34,27,15
0x9fb032,67.3797%,61,126,187,89,35,26,37
0x488d39,46.4912%,61,53,114,21,36,25,32
0x507a5c,92.3077%,61,732,793,715,28,33,17
0x505cea,91.7568%,61,679,740,679,61,0,0
0x667044,82.9609%,61,297,358,297,38,23,0
0x5d7f3d,85.5792%,61,362,423,361,58,3,1
0x8e2427,98.8816%,61,5393,5454,5255,20,41,138
0x9f19eb,84.0731%,61,322,383,6,45,16,316
0x40439a,97.4434%,61,2325,2386,39,53,8,2286
0xa5548f,76.9811%,61,204,265,104,31,30,100
0x537fab,99.3667%,61,9571,9632,0,0,61,9571
0x51b7d5,98.5315%,61,4093,4154,0,13,48,4093
0x5088fd,88.5553%,61,472,533,40,49,12,432
0x9f3306,73.5931%,61,170,231,17,54,7,153
0x8a936f,98.0195%,61,3019,3080,2094,42,19,925
0x81a390,92.6239%,61,766,827,466,32,29,300
0x487244,73.3624%,61,168,229,60,31,30,108
0xa01e11,74.3697%,61,177,238,173,24,37,4
0x5484d6,99.5276%,61,12853,12914,12853,61,0,0
0x80dea6,81.7365%,61,273,334,65,49,12,208
0x9e29f6,67.5532%,61,127,188,127,61,0,0
0x545459,92.0157%,61,703,764,179,28,33,524
0x53800e,91.79%,61,682,743,681,56,5,1
0x50f917,91.4085%,61,649,710,649,18,43,0
0xa3a0fb,93.3114%,61,851,912,4,24,37,847
0x4a0234,75.9843%,61,193,254,99,17,44,94
0x9f9371,82.3188%,61,284,345,49,31,30,235
0x4bc567,95.6676%,61,1347,1408,62,34,27,1285
0xa35f29,81.571%,61,270,331,243,38,23,27
0x833933,72.1461%,61,158,219,69,17,44,89
0x4098da,80.1948%,61,247,308,239,6,55,8
0x7c71fa,67.8947%,61,129,190,25,36,25,104
0x81eed2,95.6522%,61,1342,1403,1342,17,44,0
0xa50e9e,82.9609%,61,297,358,294,28,33,3
0x49f995,63.6364%,60,105,165,60,37,23,45
0x8184ef,92.8826%,60,783,843,746,27,33,37
0x48cfed,94.6572%,60,1063,1123,1062,49,11,1
0x51047a,94.9537%,60,1129,1189,87,27,33,1042
0x5c56b4,73.0942%,60,163,223,75,25,35,88
0x8bcdae,99.7138%,60,20902,20962,19973,15,45,929
0xb2e5e3,99.7949%,60,29189,29249,0,0,60,29189
0x8ed8fe,90.1478%,60,549,609,388,32,28,161
0x8bcd0c,97.4414%,60,2285,2345,2275,54,6,10
0x50ff68,94.0945%,60,956,1016,13,37,23,943
0xaa33d6,91.9571%,60,686,746,686,60,0,0
0x4b4fd4,84.2932%,60,322,382,72,39,21,250
0x8fedac,97.9592%,60,2880,2940,2880,60,0,0
0x80546e,95.1456%,60,1176,1236,1122,25,35,54
0x8dd823,97.3902%,60,2239,2299,638,30,30,1601
0x49157a,62.0253%,60,98,158,59,17,43,39
0x902164,81.3665%,60,262,322,104,15,45,158
0x402b15,98.4544%,60,3822,3882,2902,52,8,920
0xa94207,63.4146%,60,104,164,102,34,26,2
0x8bae0e,86.456%,60,383,443,369,56,4,14
0x51b797,98.5556%,60,4094,4154,4094,60,0,0
0x8bd3c2,98.3319%,60,3537,3597,704,46,14,2833
0x67760f,83.7398%,60,309,369,281,19,41,28
0x4fd937,96.6292%,60,1720,1780,37,37,23,1683
0x402c26,96.1265%,60,1489,1549,1489,60,0,0
0x8dfea4,89.7959%,60,528,588,198,20,40,330
0x5341e3,76.2846%,60,193,253,110,25,35,83
0x8fe01b,97.9585%,60,2879,2939,0,0,60,2879
0xb31c3b,99.7224%,60,21555,21615,0,0,60,21555
0x53e4a2,99.1136%,60,6709,6769,6709,60,0,0
0x9ea4db,64.2857%,60,108,168,35,25,35,73
0xaa347f,93.5829%,60,875,935,872,52,8,3
0xb2e77b,95.1574%,60,1179,1239,0,0,60,1179
0x8fe9fa,95.6927%,60,1333,1393,1329,51,9,4
0x7c72fe,61.039%,60,94,154,69,19,41,25
0x4fd923,96.7213%,60,1770,1830,1767,13,47,3
0x81f34d,95.6108%,60,1307,1367,19,41,19,1288
0x8ea05d,84.9624%,60,339,399,265,21,39,74
0xb0b0fe,66.1017%,60,117,177,77,44,16,40
0x59bb9c,97.2171%,60,2096,2156,2096,60,0,0
0x835d87,62.7329%,60,101,161,34,36,24,67
0x90e627,90.0498%,60,543,603,65,30,30,478
0x548c43,97.155%,60,2049,2109,0,0,60,2049
0x65ba7f,98.6888%,60,4516,4576,4475,33,27,41
0x944d55,90.9774%,60,605,665,120,16,44,485
0x48ee15,61.2903%,60,95,155,77,24,36,18
0x9ed26e,89.8649%,60,532,592,96,42,18,436
0x80fb8b,76.7442%,60,198,258,62,28,32,136
0xa92184,88.6578%,60,469,529,469,60,0,0
0xb32357,93.808%,60,909,969,909,60,0,0
0x5fa2a7,87.8543%,60,434,494,225,16,44,209
0x4041c5,88.3946%,60,457,517,80,54,6,377
0x903ed2,88.7006%,60,471,531,469,10,50,2
0x49e92a,98.77%,60,4818,4878,0,0,60,4818
0xa95d32,90.4153%,60,566,626,17,35,25,549
0x511d1a,98.524%,60,4005,4065,121,31,29,3884
0x8f56b4,98.3647%,60,3609,3669,3484,21,39,125
0x80e50b,92.8826%,60,783,843,729,31,29,54
0xaadcb7,81.5385%,60,265,325,259,12,48,6
0xb3ab2d,97.8708%,60,2758,2818,2713,16,44,45
0x5904d5,95.5523%,60,1289,1349,0,0,60,1289
0x60475e,86.014%,60,369,429,0,0,60,369
0x5bac38,87.5%,60,420,480,56,46,14,364
0x8040a3,58.3333%,60,84,144,21,35,25,63
0xa35f22,85.7143%,60,360,420,65,24,36,295
0x4044b4,97.0282%,60,1959,2019,688,11,49,1271
0x604c12,75.9036%,60,189,249,5,17,43,184
0x4894b0,90.8385%,59,585,644,585,59,0,0
0x403d82,94.6606%,59,1046,1105,33,42,17,1013
0x51b09b,80.5281%,59,244,303,2,50,9,242
0x81d518,67.5824%,59,123,182,114,8,51,9
0xa2e24a,79.1519%,59,224,283,25,39,20,199
0xa2fb6c,79.8635%,59,234,293,27,38,21,207
0x5fd6d0,73.3032%,59,162,221,160,21,38,2
0x545776,97.6334%,59,2434,2493,1012,40,19,1422
0x8191b4,92.3969%,59,717,776,264,16,43,453
0x40e324,87.6569%,59,419,478,205,27,32,214
0x8e9f21,97.8959%,59,2745,2804,278,40,19,2467
0xa265ba,94.1757%,59,954,1013,954,59,0,0
0x5546f2,95.156%,59,1159,1218,1137,17,42,22
0x502e88,99.2502%,59,7810,7869,3,40,19,7807
0x53461b,98.6327%,59,4256,4315,0,0,59,4256
0x539c2a,94.9616%,59,1112,1171,884,26,33,228
0x51c247,95.2227%,59,1176,1235,1164,37,22,12
0x485d3f,80.719%,59,247,306,86,18,41,161
0xa0306f,63.125%,59,101,160,65,32,27,36
0x8f1847,70.3518%,59,140,199,23,37,22,117
0x5429e3,97.4225%,59,2230,2289,2230,59,0,0
0x5128ee,85.5392%,59,349,408,34,25,34,315
0x8ff39b,99.0235%,59,5983,6042,8,32,27,5975
0x4b4c2c,84.0108%,59,310,369,271,29,30,39
0x8b9926,99.7818%,59,26982,27041,26982,48,11,0
0x54fabb,75.6198%,59,183,242,81,10,49,102
0x499c94,57.554%,59,80,139,28,25,34,52
0x503cf4,71.9048%,59,151,210,123,35,24,28
0x8ff689,77.7358%,59,206,265,9,18,41,197
0x54f21c,52.4194%,59,65,124,34,47,12,31
0x8c7304,97.9189%,59,2776,2835,2713,17,42,63
0x8e1f4e,84.9873%,59,334,393,177,37,22,157
0x488d33,48.2456%,59,55,114,0,0,59,55
0x40e3bb,86.6213%,59,382,441,24,19,40,358
0x54f6bd,98.8434%,59,5042,5101,0,0,59,5042
0x5076c6,97.7736%,59,2591,2650,2591,9,50,0
0x609f24,99.2666%,59,7986,8045,0,0,59,7986
0x8ef6d1,79.078%,59,223,282,117,30,29,106
0x49f991,71.9048%,59,151,210,11,34,25,140
0xa339fe,94.7741%,59,1070,1129,545,23,36,525
0xa34045,80.3333%,59,241,300,73,38,21,168
0x9e0450,94.3595%,59,987,1046,798,37,22,189
0x48d97b,98.6748%,59,4393,4452,3533,35,24,860
0x627af3,95.0042%,59,1122,1181,9,14,45,1113
0x8bc941,99.5276%,59,12431,12490,12397,41,18,34
0x511ec1,96.5294%,59,1641,1700,1,3,56,1640
0xa968b2,73.8938%,59,167,226,13,45,14,154
0x5fed51,88.61%,59,459,518,373,12,47,86
0x5970f8,86.4368%,59,376,435,0,0,59,376
0x541cfe,94.8561%,59,1088,1147,0,1,58,1088
0x98b32d,82.2289%,59,273,332,18,45,14,255
0x485fae,90.1667%,59,541,600,541,51,8,0
0x80c1a8,77.7358%,59,206,265,200,17,42,6
0x9a1f20,70.936%,59,144,203,29,40,19,115
0x40382a,92.5411%,59,732,791,99,39,20,633
0x50740a,92.5599%,59,734,793,695,48,11,39
0x8eec81,94.2774%,59,972,1031,344,34,25,628
0x97317b,90.4918%,58,552,610,0,0,58,552
0xb2e628,99.7271%,58,21196,21254,0,0,58,21196
0x8e48bb,94.8582%,58,1070,1128,28,37,21,1042
0x48a5a2,98.4222%,58,3618,3676,0,23,35,3618
0x8a6c4a,93.6194%,58,851,909,268,30,28,583
0xad8583,99.5053%,58,11666,11724,0,0,58,11666
0x8de913,71%,58,142,200,142,58,0,0
0x7ce8f7,95.4793%,58,1225,1283,62,24,34,1163
0xa4bd5d,77.0751%,58,195,253,191,22,36,4
0xa529de,85.9903%,58,356,414,149,26,32,207
0x5fd6a8,96.2215%,58,1477,1535,1477,50,8,0
0x61047e,89.3186%,58,485,543,0,0,58,485
0x805eff,85.6436%,58,346,404,343,14,44,3
0xa3045b,78.5185%,58,212,270,121,23,35,91
0xb2dea9,92.7861%,58,746,804,0,0,58,746
0x8dc29e,92.545%,58,720,778,650,18,40,70
0x64341a,88.5602%,58,449,507,381,17,41,68
0x64af03,99.7337%,58,21722,21780,21674,42,16,48
0x901b94,76.8%,58,192,250,47,34,24,145
0x488b36,96.3128%,58,1515,1573,1507,44,14,8
0xb18269,94.2289%,58,947,1005,777,26,32,170
0x8a54ed,95.6909%,58,1288,1346,89,23,35,1199
0x59bbc3,97.3098%,58,2098,2156,0,0,58,2098
0xa280bb,82.5301%,58,274,332,0,0,58,274
0xad7f30,96.5862%,58,1641,1699,165,8,50,1476
0x805177,82.4242%,58,272,330,19,44,14,253
0x80a4da,90.6149%,58,560,618,23,34,24,537
0x8eae6d,88.0903%,58,429,487,401,20,38,28
0x502f48,97.6938%,58,2457,2515,2352,18,40,105
0x49eda9,96.0028%,58,1393,1451,1393,35,23,0
0x40d080,99.3087%,58,8332,8390,0,0,58,8332
0x809db2,90.6149%,58,560,618,21,36,22,539
0x591468,89.3773%,58,488,546,8,9,49,480
0x677c9b,80.2721%,58,236,294,117,51,7,119
0x8ed770,93.8429%,58,884,942,870,28,30,14
0x8b9a37,99.5954%,58,14278,14336,9,30,28,14269
0x5010fa,99.0574%,58,6095,6153,0,0,58,6095
0x44652c,97.0573%,58,1913,1971,169,22,36,1744
0x82276f,88.4921%,58,446,504,68,10,48,378
0x54747f,61.8421%,58,94,152,63,28,30,31
0x4bac9f,90.1528%,58,531,589,180,42,16,351
0x502a51,73.991%,58,165,223,50,47,11,115
0x48bf23,93.9896%,58,907,965,907,48,10,0
0x507867,93.5268%,58,838,896,838,30,28,0
0xb2fb79,99.204%,58,7228,7286,7228,58,0,0
0x50166f,94.2403%,58,949,1007,889,12,46,60
0x40db69,99.3048%,58,8285,8343,8285,58,0,0
0xa3a237,73.1481%,58,158,216,139,41,17,19
0x8dea11,71%,58,142,200,45,25,33,97
0xa56750,77.4319%,58,199,257,196,19,39,3
0x90202f,98.6292%,58,4173,4231,18,26,32,4155
0xa57bf1,97.1555%,58,1981,2039,1981,8,50,0
0x8e2b34,94.9123%,58,1082,1140,1059,29,29,23
0x8f6080,88.9734%,58,468,526,302,30,28,166
0x8f140d,93.8034%,58,878,936,455,30,28,423
0x8a96e4,99.156%,58,6814,6872,3213,41,17,3601
0x81bb9f,81.7035%,58,259,317,71,33,25,188
0x489d48,99.0603%,58,6114,6172,0,0,58,6114
0x41089b,67.2316%,58,119,177,76,21,37,43
0x557c74,76.2295%,58,186,244,107,34,24,79
0xb31c50,99.7317%,58,21557,21615,0,0,58,21557
0x8a9e6a,83.1884%,58,287,345,109,44,14,178
0x7cf31c,93.3562%,58,815,873,111,44,14,704
0x902666,95.1667%,58,1142,1200,0,0,58,1142
0xa027e3,98.7107%,57,4364,4421,0,27,30,4364
0xa437fa,86.5566%,57,367,424,21,39,18,346
0x6774dc,84.6361%,57,314,371,77,34,23,237
0x545d15,97.3793%,57,2118,2175,0,0,57,2118
0xa2f236,65.2439%,57,107,164,67,18,39,40
0x50280d,74.4395%,57,166,223,99,27,30,67
0x9e0877,94.0687%,57,904,961,547,38,19,357
0x677b56,86.8966%,57,378,435,37,41,16,341
0x58ba38,76.25%,57,183,240,53,42,15,130
0xb2e7c3,98.581%,57,3960,4017,0,0,57,3960
0x40ed4f,95.4032%,57,1183,1240,40,47,10,1143
0x8ee0df,87.0159%,57,382,439,231,20,37,151
0x9c398f,55.814%,57,72,129,23,35,22,49
0xa921e4,78.7313%,57,211,268,200,18,39,11
0x55732b,64.375%,57,103,160,50,36,21,53
0x5483cf,99.5219%,57,11866,11923,11866,57,0,0
0x403d42,95.2061%,57,1132,1189,2,32,25,1130
0x50110a,99.4113%,57,9626,9683,9626,57,0,0
0x8a7460,70.9184%,57,139,196,7,45,12,132
0x8a9463,99.9267%,57,77751,77808,0,32,25,77751
0x546a66,92.711%,57,725,782,725,19,38,0
0x9e3c96,95.6322%,57,1248,1305,7,0,57,1241
0x77ffa8,97.8442%,57,2587,2644,312,10,47,2275
0xb300ed,99.3202%,57,8328,8385,8328,57,0,0
0xa36828,87.0748%,57,384,441,12,41,16,372
0x9523e9,85.533%,57,337,394,97,33,24,240
0xb18106,96.0362%,57,1381,1438,1020,41,16,361
0xb3026f,99.115%,57,6384,6441,0,0,57,6384
0x80f6b1,61.4865%,57,91,148,48,20,37,43
0x49fab3,95.9257%,57,1342,1399,105,28,29,1237
0x44653a,97.597%,57,2315,2372,1755,30,27,560
0x8c804a,93.9746%,57,889,946,868,34,23,21
0x811f41,89.464%,57,484,541,27,15,42,457
0x543f84,95.8576%,57,1319,1376,1318,13,44,1
0x90f214,85.75%,57,343,400,145,55,2,198
0x5971f7,78.2443%,57,205,262,3,48,9,202
0xa54fa0,92.7665%,57,731,788,730,20,37,1
0x835df2,53.6585%,57,66,123,5,15,42,61
0x8bca8b,97.3364%,57,2083,2140,1200,16,41,883
0x48a2be,97.2714%,57,2032,2089,2032,57,0,0
0x8d32ea,75.8475%,57,179,236,172,13,44,7
0x81f9e7,92.9016%,57,746,803,712,34,23,34
0x817cbb,83.1858%,57,282,339,33,36,21,249
0xb2e6c3,99.6127%,57,14661,14718,14625,47,10,36
0xa469f3,75.2174%,57,173,230,112,22,35,61
0x490374,62.7451%,57,96,153,35,39,18,61
0x4bf0ab,93.871%,57,873,930,667,27,30,206
0x9e88c4,60.9589%,57,89,146,79,37,20,10
0xa4d862,72.8571%,57,153,210,39,50,7,114
0x4021dd,97.1154%,57,1919,1976,175,16,41,1744
0x4a0293,72.3301%,57,149,206,92,24,33,57
0x8a21a3,77.821%,57,200,257,200,57,0,0
0x40ff98,98.371%,57,3442,3499,160,24,33,3282
0x534574,98.6962%,57,4315,4372,4315,57,0,0
0x485cb3,81.3725%,57,249,306,0,0,57,249
0xb3015e,74.5536%,57,167,224,27,19,38,140
0x5de315,95.4069%,57,1184,1241,1184,57,0,0
0x944c50,92.1162%,57,666,723,508,36,21,158
0x8c755c,97.039%,57,1868,1925,954,28,29,914
0x404649,74.5536%,57,167,224,70,47,10,97
0x8091fa,71.3568%,57,142,199,40,36,21,102
0x816cb9,95.3846%,57,1178,1235,984,11,46,194
0xa2e022,91.3505%,57,602,659,384,26,31,218
0x4994e4,78.0769%,57,203,260,153,47,10,50
0x50c618,48.6486%,57,54,111,33,32,25,21
0x806001,88.3436%,57,432,489,8,33,24,424
0xa9c56d,77.7344%,57,199,256,34,23,34,165
0xad7ecb,96.9598%,56,1786,1842,1786,56,0,0
0x98ce58,96.9925%,56,1806,1862,0,0,56,1806
0x9ee188,65.2174%,56,105,161,78,21,35,27
0x54f9fd,98.1138%,56,2913,2969,2913,56,0,0
0x815195,83.0303%,56,274,330,242,25,31,32
0x540423,96.8468%,56,1720,1776,1719,25,31,1
0xa3a4ad,92%,56,644,700,340,40,16,304
0x551d3d,69.0608%,56,125,181,125,56,0,0
0x49fb8e,86.7612%,56,367,423,362,38,18,5
0x8f6de3,46.6667%,56,49,105,32,51,5,17
0xb3151a,75.1111%,56,169,225,2,36,20,167
0xa39eb9,95.2703%,56,1128,1184,32,23,33,1096
0x8160b7,71.134%,56,138,194,75,15,41,63
0x9a9c75,79.1822%,56,213,269,7,3,53,206
0xb32388,94.2208%,56,913,969,0,0,56,913
0xb2fdcf,89.3333%,56,469,525,469,56,0,0
0x4885ff,92.956%,56,739,795,739,56,0,0
0x7ac758,74.6606%,56,165,221,16,29,27,149
0x81d1b3,92.7928%,56,721,777,469,29,27,252
0x53e458,99.1727%,56,6713,6769,6713,56,0,0
0x501830,94.3719%,56,939,995,4,14,42,935
0xa039d9,71.2821%,56,139,195,54,22,34,85
0x90854c,99.2198%,56,7122,7178,4998,15,41,2124
0x8e3881,84.6995%,56,310,366,175,32,24,135
0x5091ce,91.4373%,56,598,654,431,17,39,167
0x8ecfdb,72%,56,144,200,133,13,43,11
0xa58548,66.2651%,56,110,166,88,19,37,22
0xa91010,88.998%,56,453,509,71,22,34,382
0x489d35,98.5743%,56,3872,3928,3872,56,0,0
0x5021d9,57.2519%,56,75,131,0,0,56,75
0x59c98d,65.4321%,56,106,162,53,29,27,53
0x4a7ad8,89.1262%,56,459,515,302,50,6,157
0x510faa,97.7115%,56,2391,2447,0,0,56,2391
0x409cf0,75.3304%,56,171,227,118,18,38,53
0x81f908,97.2986%,56,2017,2073,21,28,28,1996
0x5faa67,66.4671%,56,111,167,55,49,7,56
0x9e26cf,93.4884%,56,804,860,180,25,31,624
0x4bb76a,72.8155%,56,150,206,89,31,25,61
0x542b76,95.4839%,56,1184,1240,1184,56,0,0
0x505a04,92.4324%,56,684,740,44,49,7,640
0x591c2a,62.9139%,56,95,151,46,47,9,49
0x9e0817,94.6463%,56,990,1046,45,40,16,945
0x4a71e2,90.9091%,56,560,616,182,44,12,378
0x81949f,84.573%,56,307,363,229,27,29,78
0x4a1c94,53.3333%,56,64,120,15,45,11,49
0x51111f,98.5162%,56,3718,3774,2080,20,36,1638
0xa2cad5,93.722%,56,836,892,0,0,56,836
0x81cedd,69.2308%,56,126,182,106,16,40,20
0x9745e6,79.0262%,56,211,267,79,36,20,132
0x5fe85e,83.8617%,56,291,347,270,19,37,21
0xa948ca,87.5%,56,392,448,71,37,19,321
0xa95cca,93.1956%,56,767,823,725,13,43,42
0xa5c557,69.7297%,56,129,185,54,20,36,75
0x902972,89.0625%,56,456,512,396,40,16,60
0x8050a2,83.0303%,56,274,330,37,26,30,237
0x81682a,73.4597%,56,155,211,28,24,32,127
0x49e944,98.0835%,56,2866,2922,2866,56,0,0
0x66d3f8,97.0495%,56,1842,1898,48,37,19,1794
0x40e212,87.3016%,56,385,441,364,30,26,21
0x8a611e,82.9787%,56,273,329,10,49,7,263
0x8f0c37,90.8046%,56,553,609,380,29,27,173
0xa2f4c4,78.5441%,56,205,261,95,16,40,110
0x94e130,90.46%,56,531,587,151,25,31,380
0x8da256,90.6822%,56,545,601,215,28,28,330
0x9f97db,60.5634%,56,86,142,27,30,26,59
0x55926e,92.7083%,56,712,768,0,43,13,712
0x5de2a1,95.4875%,56,1185,1241,400,31,25,785
0x403f78,91.2908%,56,587,643,456,30,26,131
0x8a9669,99.9082%,56,60947,61003,59847,5,51,1100
0xa3bad3,75.4386%,56,172,228,3,51,5,169
0x48a6fa,97.361%,56,2066,2122,0,0,56,2066
0x810460,89.8917%,56,498,554,460,12,44,38
0xa5f91c,88.6598%,55,430,485,3,29,26,427
0x5480d6,98.5542%,55,3749,3804,3749,55,0,0
0x819b34,62.3288%,55,91,146,50,36,19,41
0x803f57,73.1707%,55,150,205,34,33,22,116
0xa5cebe,86.5196%,55,353,408,54,14,41,299
0x50d7cb,80.7018%,55,230,285,15,17,38,215
0x5d24a5,95.5823%,55,1190,1245,1190,55,0,0
0x94878d,96.1859%,55,1387,1442,1370,33,22,17
0x67753c,70.7447%,55,133,188,66,25,30,67
0x501ee8,71.2042%,55,136,191,78,11,44,58
0x48a0c4,98.5998%,55,3873,3928,3873,55,0,0
0x99d9b5,80.2867%,55,224,279,218,24,31,6
0x8aa989,98.3923%,55,3366,3421,3366,55,0,0
0xa52428,66.0494%,55,107,162,30,31,24,77
0xa6611c,78.6822%,55,203,258,37,46,9,166
0x552a84,96.0993%,55,1355,1410,1249,19,36,106
0x51b598,95.6761%,55,1217,1272,0,0,55,1217
0x48bd09,93.038%,55,735,790,735,55,0,0
0x4c51b9,83.7758%,55,284,339,257,27,28,27
0x8a465d,91.3386%,55,580,635,0,0,55,580
0x402326,98.9316%,55,5093,5148,5093,55,0,0
0x8fe347,99.6469%,55,15521,15576,3,12,43,15518
0x97430f,88.978%,55,444,499,444,55,0,0
0x599159,98.8985%,55,4938,4993,0,0,55,4938
0x944204,93.3414%,55,771,826,0,0,55,771
0x81e6e3,70.4301%,55,131,186,16,31,24,115
0x4a1c33,94.9818%,55,1041,1096,0,23,32,1041
0x5343a1,99.0481%,55,5723,5778,2,36,19,5721
0x48b19f,60.4317%,55,84,139,22,18,37,62
0xa3939e,96.4355%,55,1488,1543,0,14,41,1488
0xa022a3,95.3072%,55,1117,1172,4,23,32,1113
0xa9b2fe,75.6637%,55,171,226,155,37,18,16
0xb2fd58,92.4242%,55,671,726,0,0,55,671
0x5d7cdc,95.5823%,55,1190,1245,389,42,13,801
0x4a022e,78.3465%,55,199,254,0,2,53,199
0x65a138,96.2406%,55,1408,1463,1400,16,39,8
0x8a6fa4,96.4424%,55,1491,1546,1463,27,28,28
0x511f07,98.5994%,55,3872,3927,0,14,41,3872
0x9c41c5,83.4337%,55,277,332,277,55,0,0
0x5bd8e5,96.2888%,55,1427,1482,0,54,1,1427
0xb3465d,75.5556%,55,170,225,28,20,35,142
0x96b118,38.8889%,55,35,90,35,55,0,0
0x900594,99.0948%,55,6021,6076,5886,51,4,135
0x8f4869,98.9306%,55,5088,5143,284,11,44,4804
0x40e2b0,94.9402%,55,1032,1087,1032,37,18,0
0x908754,99.4885%,55,10697,10752,2209,24,31,8488
0x942cc8,89.5238%,55,470,525,428,22,33,42
0x807fe1,68.0233%,55,117,172,64,32,23,53
0x51153a,98.7973%,55,4518,4573,4518,55,0,0
0xb2e750,99.3121%,55,7940,7995,0,0,55,7940
0xa9371a,78.5156%,55,201,256,7,22,33,194
0x94dc25,90.8007%,54,533,587,533,54,0,0
0x952b85,88.1579%,54,402,456,402,54,0,0
0xa9ecd7,84.5272%,54,295,349,80,43,11,215
0x403b55,90.9244%,54,541,595,541,54,0,0
0x5ea981,88.3871%,54,411,465,6,15,39,405
0x54eac9,57.4803%,54,73,127,73,54,0,0
0x6432c2,96.3064%,54,1408,1462,1408,20,34,0
0x90a7ef,64.7059%,54,99,153,84,12,42,15
0x5104ff,87.3239%,54,372,426,345,17,37,27
0xa5863d,74.2857%,54,156,210,114,44,10,42
0x537c16,92.673%,54,683,737,681,50,4,2
0xa26452,97.9911%,54,2634,2688,0,0,54,2634
0xb2e5ed,99.8154%,54,29195,29249,0,0,54,29195
0xa97530,62.2378%,54,89,143,38,27,27,51
0x554871,95.3206%,54,1100,1154,214,33,21,886
0x64dfaf,90.0552%,54,489,543,463,25,29,26
0x50bf9d,50.9091%,54,56,110,2,42,12,54
0xa4dfb5,74.2857%,54,156,210,154,52,2,2
0x9a8000,55.3719%,54,67,121,48,42,12,19
0x8c8267,97.6844%,54,2278,2332,2278,10,44,0
0x813687,83.6364%,54,276,330,242,27,27,34
0x81a2ad,93.4704%,54,773,827,300,29,25,473
0x8e2176,95.5187%,54,1151,1205,183,40,14,968
0xb0a11b,74.2857%,54,156,210,0,0,54,156
0xa3a2ac,92.5414%,54,670,724,670,54,0,0
0xb2ad10,96.8786%,54,1676,1730,671,21,33,1005
0x8187b3,63.0137%,54,92,146,58,28,26,34
0xa553a4,76.3158%,54,174,228,100,14,40,74
0x9a9b9e,55.3719%,54,67,121,67,54,0,0
0x50aa66,60.2941%,54,82,136,45,24,30,37
0x833a46,75.2294%,54,164,218,49,37,17,115
0x5fd590,96.0059%,54,1298,1352,1298,46,8,0
0x53aff4,49.0566%,54,52,106,11,46,8,41
0xa2df7f,86.8293%,54,356,410,354,18,36,2
0x78cd87,93.7931%,54,816,870,816,54,0,0
0xb3443d,57.8125%,54,74,128,22,20,34,52
0x9f9864,71.2766%,54,134,188,78,19,35,56
0x49e0f4,67.2727%,54,111,165,111,54,0,0
0x80fadb,82.6923%,54,258,312,201,25,29,57
0x8a2801,80.7829%,54,227,281,227,54,0,0
0xa52180,76.6234%,54,177,231,111,42,12,66
0x804fc1,83.6364%,54,276,330,243,24,30,33
0x80bd0f,87.5289%,54,379,433,124,27,27,255
0x8a348d,89.0244%,54,438,492,430,35,19,8
0x9783f6,93.0769%,54,726,780,726,54,0,0
0x80f65f,98.8027%,54,4456,4510,4331,31,23,125
0x559282,92.5517%,54,671,725,213,28,26,458
0x991525,99.2095%,54,6777,6831,6777,54,0,0
0x5fda56,94.0529%,54,854,908,782,33,21,72
0x5df0fd,96.5206%,54,1498,1552,1498,54,0,0
0x49c8cb,67.0732%,54,110,164,105,8,46,5
0xa54dc4,76.7241%,54,178,232,90,26,28,88
0x8ff543,94.6322%,54,952,1006,952,54,0,0
0x80c3b0,77.1186%,54,182,236,176,28,26,6
0x485a2b,76.9231%,54,180,234,170,22,32,10
0x49e1b1,95.4353%,54,1129,1183,1129,12,42,0
0x5351ab,49.0566%,54,52,106,50,24,30,2
0xa49f8d,93.5714%,54,786,840,160,42,12,626
0x49b2d7,94.3983%,54,910,964,2,49,5,908
0x410309,99.0659%,54,5727,5781,151,10,44,5576
0xa55e67,66.6667%,54,108,162,27,28,26,81
0xa393bf,94.0463%,54,853,907,853,54,0,0
0x8dee34,93.9597%,54,840,894,840,40,14,0
0x4a5cb3,71.875%,54,138,192,57,27,27,81
0x8d41d0,61.9718%,54,88,142,61,27,27,27
0x908548,99.2811%,54,7457,7511,307,26,28,7150
0x54f1f0,38.6364%,54,34,88,26,25,29,8
0x64043e,94.3809%,54,907,961,487,41,13,420
0x48a698,92.219%,54,640,694,0,0,54,640
0x8fcc32,89.3281%,54,452,506,176,37,17,276
0x403ebe,97.8199%,54,2423,2477,89,24,30,2334
0x609f7f,98.1757%,54,2906,2960,0,0,54,2906
0x50ffa1,81.3793%,54,236,290,100,15,39,136
0x8bd7e8,97.4965%,54,2103,2157,2090,47,7,13
0x7df893,34.9398%,54,29,83,2,0,54,27
0x8bc77f,95.3206%,54,1100,1154,0,0,54,1100
0xa394c1,92.6796%,53,671,724,671,53,0,0
0xacfad0,76.9565%,53,177,230,71,24,29,106
0xa56f87,68.4524%,53,115,168,24,36,17,91
0x5ffe30,73.6318%,53,148,201,44,28,25,104
0x81985b,93.8444%,53,808,861,0,34,19,808
0x541cd9,95.9909%,53,1269,1322,153,22,31,1116
0x8bb268,87.0416%,53,356,409,353,53,0,3
0x494924,74.6411%,53,156,209,66,20,33,90
0x5c4c6c,97.0258%,53,1729,1782,0,0,53,1729
0x55489b,96.9662%,53,1694,1747,488,41,12,1206
0xb3ab46,98.1192%,53,2765,2818,2748,35,18,17
0x9f2867,91.2685%,53,554,607,6,29,24,548
0x8aedc1,61.8705%,53,86,139,59,22,31,27
0xad7ddd,98.4606%,53,3390,3443,3390,53,0,0
0x8e4a88,84.6821%,53,293,346,29,15,38,264
0x4bc2fd,96.4477%,53,1439,1492,1433,25,28,6
0x8ef213,73.5%,53,147,200,95,18,35,52
0x5fa270,83.8906%,53,276,329,124,32,21,152
0x9ed2ff,91.0473%,53,539,592,95,43,10,444
0x548cd6,99.2519%,53,7032,7085,0,3,50,7032
0x541a1e,94.9038%,53,987,1040,987,53,0,0
0x835d63,67.0807%,53,108,161,16,22,31,92
0x5f05e4,88.5033%,53,408,461,60,30,23,348
0x40ebd0,96.6306%,53,1520,1573,113,13,40,1407
0x557f66,95.355%,53,1088,1141,734,37,16,354
0xa521e4,65.5844%,53,101,154,38,23,30,63
0x9a6fab,68.0723%,53,113,166,92,14,39,21
0x48cfc3,97.3259%,53,1929,1982,1929,41,12,0
0x8de807,63.6986%,53,93,146,32,36,17,61
0x54f0e8,57.2581%,53,71,124,55,26,27,16
0x9fc843,75.9091%,53,167,220,165,49,4,2
0x8e3832,85.5191%,53,313,366,168,39,14,145
0x48c722,63.1944%,53,91,144,53,33,20,38
0xb3479e,87.2902%,53,364,417,364,49,4,0
0x4942f3,69.7143%,53,122,175,49,21,32,73
0x5be23e,98.4544%,53,3376,3429,3322,29,24,54
0x8dfe02,93.1877%,53,725,778,109,21,32,616
0x509d33,90.3811%,53,498,551,114,22,31,384
0xa94905,88.1696%,53,395,448,382,14,39,13
0x6045cf,70.0565%,53,124,177,124,53,0,0
0x5bbafc,85.1541%,53,304,357,277,11,42,27
0x48bbd6,62.9371%,53,90,143,42,16,37,48
0x499b18,91.4654%,53,568,621,568,53,0,0
0x5ffca1,95.807%,53,1211,1264,1163,9,44,48
0x643231,86.0892%,53,328,381,0,0,53,328
0x507c82,87.8995%,53,385,438,385,31,22,0
0x945283,81.7241%,53,237,290,47,17,36,190
0x9ab86f,63.1944%,53,91,144,4,16,37,87
0x643d16,96.2859%,53,1374,1427,1374,53,0,0
0x805d26,95.1197%,53,1033,1086,74,52,1,959
0x8ad594,77.0563%,53,178,231,88,5,48,90
0x49e765,98.1862%,53,2869,2922,0,0,53,2869
0xa43852,85.4396%,53,311,364,167,36,17,144
0xa5c668,68.8235%,53,117,170,46,22,31,71
0xa9427f,67.284%,53,109,162,96,28,25,13
0x4b64d0,65.8065%,53,102,155,87,19,34,15
0x911732,75.6881%,53,165,218,126,36,17,39
0x5baf2e,81.8493%,53,239,292,74,28,25,165
0x543cef,71.6578%,53,134,187,51,24,29,83
0xa55ee9,53.913%,53,62,115,13,38,15,49
0x64b5a4,99.6849%,53,16769,16822,16769,53,0,0
0x5fba15,86.2694%,53,333,386,294,19,34,39
0x9a9241,78.629%,53,195,248,195,35,18,0
0x8121fd,79.8479%,53,210,263,104,33,20,106
0x9a7d03,90.5188%,53,506,559,108,42,11,398
0x9eef0a,76.9565%,53,177,230,123,18,35,54
0x403edf,97.758%,53,2311,2364,458,24,29,1853
0x819b5f,93.7129%,53,790,843,751,22,31,39
0x9e0887,88.5033%,53,408,461,65,12,41,343
0xaada0a,81.5972%,53,235,288,9,24,29,226
0x5a94ab,84.9858%,53,300,353,293,27,26,7
0xa348db,96.862%,53,1636,1689,1105,28,25,531
0x405703,99.6856%,53,16803,16856,0,0,53,16803
0x402321,98.9705%,53,5095,5148,0,0,53,5095
0x815a07,61.8705%,53,86,139,31,24,29,55
0xb149d2,98.7788%,52,4206,4258,0,0,52,4206
0x402cee,94.1375%,52,835,887,6,5,47,829
0x488965,95.0192%,52,992,1044,992,52,0,0
0x909587,98.5991%,52,3660,3712,1820,37,15,1840
0xa5493f,88.4956%,52,400,452,400,52,0,0
0x55030c,86.7684%,52,341,393,16,23,29,325
0x9ef2c5,63.1206%,52,89,141,43,38,14,46
0x811ac7,93.8316%,52,791,843,745,15,37,46
0x8b9570,93.8967%,52,800,852,800,52,0,0
0xa66127,70.2857%,52,123,175,28,34,18,95
0x6670bf,73.057%,52,141,193,11,33,19,130
0x5423a5,76.2557%,52,167,219,0,0,52,167
0x5521a7,96.6408%,52,1496,1548,0,21,31,1496
0x65a38e,97.9536%,52,2489,2541,601,15,37,1888
0x8ead7f,95.1941%,52,1030,1082,1,40,12,1029
0x5c4c72,97.0819%,52,1730,1782,7,14,38,1723
0xa5ee5b,90.1141%,52,474,526,460,38,14,14
0x5fa269,89.4737%,52,442,494,138,27,25,304
0xa35f7e,91.0806%,52,531,583,434,43,9,97
0x81d5a4,92.5287%,52,644,696,429,15,37,215
0xa90185,72.4868%,52,137,189,103,23,29,34
0x8fe3e7,84.29%,52,279,331,202,11,41,77
0x49ebfd,89.234%,52,431,483,0,0,52,431
0xa2df62,73.1959%,52,142,194,26,27,25,116
0x66646f,90.0383%,52,470,522,463,29,23,7
0x96c170,78.9474%,52,195,247,9,29,23,186
0x40f395,98.4078%,52,3214,3266,632,39,13,2582
0xb31c23,99.7594%,52,21563,21615,0,0,52,21563
0x667088,95.7826%,52,1181,1233,1050,34,18,131
0x8fcd47,92.7577%,52,666,718,0,0,52,666
0xa3cc2b,81.6901%,52,232,284,131,9,43,101
0x50216d,62.3188%,52,86,138,41,30,22,45
0x534a9c,62.0438%,52,85,137,72,9,43,13
0x5fb6e2,80.597%,52,216,268,3,31,21,213
0xa27544,84.0491%,52,274,326,97,13,39,177
0x49e4b7,67.7019%,52,109,161,4,39,13,105
0x4b536d,85.9838%,52,319,371,277,23,29,42
0xa45f00,56.6667%,52,68,120,20,40,12,48
0xb2df13,98.0875%,52,2667,2719,0,0,52,2667
0x9016cf,95.6667%,52,1148,1200,1148,52,0,0
0x8d25d7,98.5307%,52,3487,3539,20,36,16,3467
0xa570ab,72.6316%,52,138,190,126,23,29,12
0x67c234,98.1275%,52,2725,2777,2724,21,31,1
0x406c73,42.2222%,52,38,90,19,13,39,19
0x5908bf,97.5825%,52,2099,2151,2083,48,4,16
0x4fdc32,85.8311%,52,315,367,307,27,25,8
0x8a9e65,94.7581%,52,940,992,612,35,17,328
0xa3a068,91.4474%,52,556,608,554,40,12,2
0x541219,99.4973%,52,10292,10344,0,0,52,10292
0x4bc68b,74.5098%,52,152,204,122,38,14,30
0x5c6b1d,98.5507%,52,3536,3588,0,11,41,3536
0x410b88,92.7778%,52,668,720,118,27,25,550
0xb4a1b2,92.8177%,52,672,724,672,52,0,0
0x98cb72,84.3844%,52,281,333,92,31,21,189
0x6070e0,99.1948%,52,6406,6458,6406,52,0,0
0x8fdf52,98.0429%,52,2605,2657,0,0,52,2605
0x4b9bec,91.68%,52,573,625,50,21,31,523
0x5cf3a7,97.2646%,52,1849,1901,0,0,52,1849
0x59915e,98.9585%,52,4941,4993,478,28,24,4463
0x510c55,84.6154%,52,286,338,52,35,17,234
0x49fcf3,93.697%,52,773,825,0,15,37,773
0x4bc451,83.6991%,52,267,319,26,38,14,241
0x50cf8d,77.6824%,52,181,233,110,21,31,71
0x4bc060,96.5147%,52,1440,1492,1432,44,8,8
0x537330,92.5287%,52,644,696,644,52,0,0
0x9f59f0,67.2956%,52,107,159,60,24,28,47
0xa57223,72.6316%,52,138,190,6,31,21,132
0xb2f103,99.3496%,52,7943,7995,7943,52,0,0
0x81d5ac,79.3651%,52,200,252,163,29,23,37
0x9eb735,69.0476%,52,116,168,12,31,21,104
0x9ee59a,65.7895%,52,100,152,52,33,19,48
0x542572,79.5276%,52,202,254,148,45,7,54
0x9aa211,96.3939%,52,1390,1442,1389,16,36,1
0x494874,76.4706%,52,169,221,54,30,22,115
0x40ce73,39.5349%,52,34,86,34,50,2,0
0x590e29,84.4776%,52,283,335,139,27,25,144
0x5a9484,85.2691%,52,301,353,301,52,0,0
0x40a8d5,65.1007%,52,97,149,25,33,19,72
0x8ef4c3,82.7815%,52,250,302,133,11,41,117
0x511eb7,96.9412%,52,1648,1700,0,0,52,1648
0xb30d50,97.2222%,52,1820,1872,0,0,52,1820
0x40f32b,98.8267%,52,4380,4432,0,0,52,4380
0x54fa49,98.2486%,52,2917,2969,0,11,41,2917
0x910d98,98.6708%,52,3860,3912,3218,29,23,642
0x8ef909,91.4614%,52,557,609,131,27,25,426
0x48b14b,71.4286%,52,130,182,108,27,25,22
0x9e6192,79.2%,52,198,250,177,15,37,21
0x8ef45a,87.2861%,52,357,409,243,22,30,114
0x499435,74%,52,148,200,148,52,0,0
0x537362,92.5287%,52,644,696,0,0,52,644
0x40d4c6,89.7839%,52,457,509,457,52,0,0
0x7ce91e,95.099%,52,1009,1061,695,15,37,314
0x8a2922,90.8127%,52,514,566,514,52,0,0
0x50f79e,95.1852%,52,1028,1080,1028,52,0,0
0x9a7485,56.4103%,51,66,117,56,38,13,10
0x8b93a8,84.8214%,51,285,336,285,51,0,0
0x821254,95.9069%,51,1195,1246,1195,51,0,0
0x9ab5af,74.5%,51,149,200,16,45,6,133
0xb3273f,99.2083%,51,6391,6442,0,0,51,6391
0x5969cd,85.5524%,51,302,353,5,11,40,297
0x96c1d5,64.8276%,51,94,145,19,4,47,75
0x54fe6d,98.3034%,51,2955,3006,2955,51,0,0
0xb32432,94.7368%,51,918,969,0,0,51,918
0x5396b0,97.2477%,51,1802,1853,1729,15,36,73
0x911d12,91.9937%,51,586,637,172,29,22,414
0x5426a7,99.5014%,51,10178,10229,10178,51,0,0
0x91169d,74.6269%,51,150,201,48,29,22,102
0x64dff6,90.6077%,51,492,543,492,51,0,0
0x8f1854,63.3094%,51,88,139,23,29,22,65
0xa5953b,74.7525%,51,151,202,135,46,5,16
0xa02511,97.1072%,51,1712,1763,1712,51,0,0
0x5385cd,98.982%,51,4959,5010,0,0,51,4959
0x4c2020,83.758%,51,263,314,132,23,28,131
0x541de2,92.7454%,51,652,703,458,26,25,194
0x8ef673,81.9149%,51,231,282,128,7,44,103
0xa39c96,95.3125%,51,1037,1088,1037,51,0,0
0x4bcc3b,71.6667%,51,129,180,50,26,25,79
0x5fa071,95.5536%,51,1096,1147,309,42,9,787
0x4bbb9a,75%,51,153,204,7,42,9,146
0x64ce7e,90.5204%,51,487,538,482,12,39,5
0x555700,79.4355%,51,197,248,5,40,11,192
0x8ffb06,85.5932%,51,303,354,40,34,17,263
0x5391ff,89.9209%,51,455,506,445,28,23,10
0x4c5273,83.9623%,51,267,318,252,39,12,15
0x8bcf1e,98.5837%,51,3550,3601,3550,51,0,0
0x493051,78.481%,51,186,237,26,44,7,160
0x40d77c,95.5302%,51,1090,1141,281,40,11,809
0x9eb7c6,74.1117%,51,146,197,9,23,28,137
0x540255,98.1312%,51,2678,2729,2677,48,3,1
0x8fc582,85.5114%,51,301,352,186,30,21,115
0x94b3d5,90.9253%,51,511,562,511,51,0,0
0x609f30,99.3661%,51,7994,8045,1335,34,17,6659
0x53b214,51.8868%,51,55,106,22,35,16,33
0x6083e8,59.5238%,51,75,126,75,51,0,0
0xa46c4e,77.8261%,51,179,230,97,37,14,82
0x9f62ec,90.4494%,51,483,534,124,29,22,359
0x8de853,77.027%,51,171,222,38,40,11,133
0x8dce73,92.8969%,51,667,718,534,9,42,133
0x8c7e1f,93.4699%,51,730,781,330,28,23,400
0x4a6fb4,79.6%,51,199,250,85,44,7,114
0x98fa12,80.1556%,51,206,257,206,51,0,0
0x511712,96.5587%,51,1431,1482,1431,51,0,0
0x40dc62,97.3953%,51,1907,1958,0,0,51,1907
0x80a443,93.9502%,51,792,843,204,30,21,588
0x502a05,47.4227%,51,46,97,34,29,22,12
0x50e1c2,47.4227%,51,46,97,13,39,12,33
0xa5726a,59.2%,51,74,125,54,28,23,20
0x403ade,96.6068%,51,1452,1503,1452,51,0,0
0xa54e4f,67.3077%,51,105,156,59,36,15,46
0xa39e51,96.49%,51,1402,1453,0,0,51,1402
0x8e0265,94.8012%,51,930,981,930,51,0,0
0x5e3596,96.6203%,51,1458,1509,1458,51,0,0
0x53b0b3,99.3605%,51,7924,7975,2,4,47,7922
0x8b9bb3,99.457%,51,9342,9393,31,25,26,9311
0x50b7eb,90.8438%,51,506,557,502,27,24,4
0x8deaf4,74.5%,51,149,200,43,29,22,106
0x94e1ea,91.3118%,51,536,587,146,30,21,390
0x53440d,99.4273%,51,8854,8905,0,0,51,8854
0x9ed5af,51.8868%,51,55,106,13,16,35,42
0x4885a6,98.3784%,51,3094,3145,0,0,51,3094
0x9be461,57.5%,51,69,120,41,31,20,28
0x59bc36,95.3971%,51,1057,1108,198,27,24,859
0x81b18b,78.3898%,51,185,236,182,20,31,3
0x8f297b,94.8065%,51,931,982,906,22,29,25
0x511a1d,98.692%,51,3848,3899,3848,51,0,0
0x511d7f,97.5528%,51,2033,2084,0,0,51,2033
0x47f23c,95.4867%,51,1079,1130,0,0,51,1079
0x606a60,77.3333%,51,174,225,174,51,0,0
0x8def04,94.9605%,51,961,1012,550,40,11,411
0x94d9a1,91.7609%,51,568,619,568,51,0,0
0x8e6a5f,94.4505%,51,868,919,73,18,33,795
0x5fa93a,89.5277%,51,436,487,90,21,30,346
0x63902e,81.5884%,51,226,277,217,35,16,9
0x50118e,49%,51,49,100,49,51,0,0
0x5438db,65.5405%,51,97,148,1,6,45,96
0xa04f97,65.7718%,51,98,149,15,42,9,83
0x5103c8,96.5703%,51,1436,1487,394,27,24,1042
0x4b6291,67.0968%,51,104,155,92,14,37,12
0x485dbf,88.8646%,51,407,458,0,0,51,407
0x5387af,98.1312%,51,2678,2729,2678,51,0,0
0x40e078,76.1682%,51,163,214,0,0,51,163
0x7ce372,96.7266%,51,1507,1558,1137,10,41,370
0xa56159,72.2826%,51,133,184,17,41,10,116
0xaa34d4,94.5887%,50,874,924,874,50,0,0
0x94c5fd,91.1032%,50,512,562,512,50,0,0
0x8ee2da,61.5385%,50,80,130,64,21,29,16
0xa2e849,85.6734%,50,299,349,95,14,36,204
0xa02986,80.2372%,50,203,253,15,9,41,188
0x8ee2be,72.6776%,50,133,183,24,29,21,109
0x9ea3df,83.5526%,50,254,304,85,38,12,169
0x9e8918,82.5175%,50,236,286,113,27,23,123
0x5344b9,99.4424%,50,8917,8967,8917,50,0,0
0x48ee7e,84.8943%,50,281,331,252,25,25,29
0x65c22e,98.9767%,50,4836,4886,4760,14,36,76
0x9a904e,77.6786%,50,174,224,157,36,14,17
0x8bb47a,98.5259%,50,3342,3392,0,0,50,3342
0x9015ef,98.9344%,50,4642,4692,4642,50,0,0
0x488dae,99.4727%,50,9432,9482,0,8,42,9432
0x8f428f,98.0143%,50,2468,2518,2202,26,24,266
0x5cd461,60.9375%,50,78,128,49,12,38,29
0x4a5c9b,73.9583%,50,142,192,32,24,26,110
0x543d0a,68.75%,50,110,160,56,42,8,54
0x54ed17,27.5362%,50,19,69,19,50,0,0
0x8e1609,99.5538%,50,11155,11205,11148,25,25,7
0x809e44,80.315%,50,204,254,6,37,13,198
0xaae24a,98.6443%,50,3638,3688,0,0,50,3638
0xa30935,70.5882%,50,120,170,58,27,23,62
0x8a64b0,80.315%,50,204,254,72,30,20,132
0x40dbc4,96.299%,50,1301,1351,1206,13,37,95
0x48a2e4,97.6065%,50,2039,2089,2039,50,0,0
0x80fb95,70.2381%,50,118,168,82,16,34,36
0x5410b6,94.9546%,50,941,991,941,50,0,0
0x8a216c,82.3322%,50,233,283,8,18,32,225
0xb314c7,88.1797%,50,373,423,0,0,50,373
0x805914,97.9831%,50,2429,2479,1547,31,19,882
0xa0257c,96.1977%,50,1265,1315,0,19,31,1265
0x8fdc1a,95.5986%,50,1086,1136,0,0,50,1086
0x5028f2,77.5785%,50,173,223,78,48,2,95
0x9ee06c,68.9441%,50,111,161,94,20,30,17
0x4a8417,45.6522%,50,42,92,36,50,0,6
0x542454,97.8156%,50,2239,2289,0,0,50,2239
0x81954d,68.75%,50,110,160,54,26,24,56
0x812232,90.8088%,50,494,544,135,31,19,359
0x7ce160,97.3822%,50,1860,1910,1860,50,0,0
0x8108ec,87.3096%,50,344,394,90,40,10,254
0xaa34ee,94.5887%,50,874,924,874,50,0,0
0x53df9e,99.2613%,50,6719,6769,6719,50,0,0
0x9ee55b,89.1304%,50,410,460,393,10,40,17
0x488a24,96.7679%,50,1497,1547,0,22,28,1497
0x8dd0f3,93.0362%,50,668,718,154,21,29,514
0x910fa0,95.6822%,50,1108,1158,141,37,13,967
0x55232a,97.5454%,50,1987,2037,1987,50,0,0
0x9a9a9a,95.971%,50,1191,1241,1191,50,0,0
0x4a78cf,95.0249%,50,955,1005,952,16,34,3
0xad7c10,42.5287%,50,37,87,6,5,45,31
0x9441fc,94.186%,50,810,860,0,34,16,810
0x952462,81.4815%,50,220,270,203,12,38,17
0x78cd7e,94.2529%,50,820,870,0,0,50,820
0x8f4f00,73.4043%,50,138,188,98,18,32,40
0x557e2d,93.5149%,50,721,771,57,23,27,664
0x8a2743,82.2064%,50,231,281,3,23,27,228
0x942914,78.1659%,50,179,229,126,28,22,53
0x9f2117,86.9452%,50,333,383,333,40,10,0
0x5911e5,82.699%,50,239,289,239,50,0,0
0x80c115,92.1507%,50,587,637,62,31,19,525
0x90e161,50.9804%,50,52,102,47,23,27,5
0x5fbe04,73.262%,50,137,187,54,21,29,83
0x51067e,96.8494%,50,1537,1587,1186,21,29,351
0x509667,39.0244%,50,32,82,30,11,39,2
0x58c524,79.1667%,50,190,240,131,23,27,59
0x403ba2,91.5966%,50,545,595,545,50,0,0
0x5531f4,92.7536%,50,640,690,0,0,50,640
0x5c44fb,93.2886%,50,695,745,677,31,19,18
0x816073,74.2268%,50,144,194,26,36,14,118
0x485cc5,83.8188%,50,259,309,259,47,3,0
0xa25b0d,95.0642%,50,963,1013,963,50,0,0
0x50b879,87.7751%,50,359,409,349,20,30,10
0x50c642,63.2353%,50,86,136,57,38,12,29
0x537f26,93.1601%,50,681,731,0,0,50,681
0x507edd,93.2432%,50,690,740,153,13,37,537
0x8f1600,62.6866%,50,84,134,61,35,15,23
0x9f1d84,77.4775%,50,172,222,124,20,30,48
0x80eb5c,88.4259%,50,382,432,51,13,37,331
0x97815e,62.406%,50,83,133,83,50,0,0
0xa328a6,59.6774%,50,74,124,38,31,19,36
0xa501ff,32.4324%,50,24,74,24,50,0,0
0x4c4357,64.2857%,50,90,140,64,20,30,26
0x8d3e8e,90.4215%,50,472,522,256,20,30,216
0x8f4c0b,71.5909%,50,126,176,96,40,10,30
0x9ed24a,80.695%,50,209,259,3,43,7,206
0xa2739f,94.4383%,50,849,899,578,37,13,271
0x58fd9b,99.3207%,50,7311,7361,67,32,18,7244
0x8210f6,93.6629%,50,739,789,6,5,45,733
0x50e539,48.4536%,50,47,97,24,31,19,23
0x94e8c5,72.2222%,50,130,180,82,38,12,48
0x5419de,95.3445%,50,1024,1074,990,33,17,34
0x5bbb47,98.701%,50,3799,3849,3753,21,29,46
0x8e25d5,99.0521%,50,5225,5275,81,29,21,5144
0x9e0076,95.3445%,50,1024,1074,889,37,13,135
0x40cec3,41.8605%,50,36,86,35,49,1,1
0x8ec2e2,95.4504%,50,1049,1099,1039,15,35,10
0xace2fb,78.5408%,50,183,233,124,24,26,59
0x5fb20c,82.2695%,50,232,282,97,18,32,135
0x8fc440,24.2424%,50,16,66,0,0,50,16
0x4994df,80.7692%,50,210,260,0,0,50,210
0x8dd126,84.127%,50,265,315,233,19,31,32
0x50d65f,95.4713%,49,1033,1082,476,28,21,557
0xa8f94c,66.4384%,49,97,146,38,23,26,59
0xa41a6f,98.3027%,49,2838,2887,2820,39,10,18
0x8f576d,99.127%,49,5564,5613,662,19,30,4902
0x944cfb,93.2227%,49,674,723,628,37,12,46
0x48a2db,97.6544%,49,2040,2089,0,0,49,2040
0x4fdbad,80.6324%,49,204,253,164,29,20,40
0x504a83,93.3151%,49,684,733,47,39,10,637
0x403ef5,97.3964%,49,1833,1882,616,10,39,1217
0x548c4f,97.6766%,49,2060,2109,2060,49,0,0
0xa54270,86.1972%,49,306,355,83,19,30,223
0x40f4d7,98.8944%,49,4383,4432,0,0,49,4383
0x50ce0a,60.8%,49,76,125,12,19,30,64
0xa42ad1,94.3023%,49,811,860,570,23,26,241
0x942967,78.6026%,49,180,229,180,49,0,0
0x58f878,98.8084%,49,4063,4112,3267,17,32,796
0x8ea2a7,96%,49,1176,1225,1176,3,46,0
0xa57508,70.8333%,49,119,168,95,32,17,24
0x507c03,93.3784%,49,691,740,123,43,6,568
0xa50139,66.8919%,49,99,148,28,29,20,71
0x63ee81,97.3613%,49,1808,1857,1094,32,17,714
0x8e87b0,95.488%,49,1037,1086,1037,15,34,0
0x50d105,71.6763%,49,124,173,61,30,19,63
0xa5864a,73.7968%,49,138,187,127,44,5,11
0x81c2b4,64.2336%,49,88,137,58,22,27,30
0x8a668d,67.7632%,49,103,152,19,35,14,84
0x4bc46c,95.0704%,49,945,994,928,26,23,17
0x81e924,98.1952%,49,2666,2715,2617,22,27,49
0x977f0b,96.7784%,49,1472,1521,0,0,49,1472
0x53a1b4,51.9608%,49,53,102,40,14,35,13
0x539b97,95.7649%,49,1108,1157,323,34,15,785
0x64adb1,98.1572%,49,2610,2659,0,0,49,2610
0x78435e,81.7164%,49,219,268,219,49,0,0
0x502d29,87.037%,49,329,378,151,37,12,178
0x4a7aa7,90.4854%,49,466,515,0,0,49,466
0x507c1f,88.8128%,49,389,438,292,10,39,97
0x40e75d,97.4846%,49,1899,1948,319,19,30,1580
0x610be6,75.8621%,49,154,203,11,34,15,143
0x8224b6,93.5356%,49,709,758,194,31,18,515
0x8bb3e1,89.207%,49,405,454,401,23,26,4
0x5f0c54,85.2853%,49,284,333,193,22,27,91
0x537b19,93.3514%,49,688,737,685,46,3,3
0xa39314,92.2956%,49,587,636,0,0,49,587
0x9e3f7a,83.8284%,49,254,303,10,42,7,244
0x5a9401,86.119%,49,304,353,274,24,25,30
0x917751,86%,49,301,350,142,20,29,159
0xa02d64,72.9282%,49,132,181,37,35,14,95
0xa58d81,66.4384%,49,97,146,24,18,31,73
0xb30b7e,85.3293%,49,285,334,0,0,49,285
0x504406,93.3784%,49,691,740,422,15,34,269
0x5c6be3,98.617%,49,3494,3543,1364,31,18,2130
0x534b68,64.2336%,49,88,137,30,14,35,58
0x5f6d11,41.6667%,49,35,84,8,18,31,27
0x58b745,93.4667%,49,701,750,700,46,3,1
0x8a9f2b,89.485%,49,417,466,13,28,21,404
0x78cd75,94.3807%,49,823,872,0,2,47,823
0x504bbd,68.1818%,49,105,154,84,32,17,21
0x5f856c,79.2373%,49,187,236,0,0,49,187
0x8fe44d,97.1091%,49,1646,1695,0,0,49,1646
0x8f17fe,88.8383%,49,390,439,4,38,11,386
0x6104a2,90.0609%,49,444,493,77,27,22,367
0x545cb1,97.7471%,49,2126,2175,2126,49,0,0
0x40292d,96.4493%,49,1331,1380,300,12,37,1031
0x51b34f,96.1478%,49,1223,1272,750,27,22,473
0x610af6,86.4641%,49,313,362,0,0,49,313
0xb30b6f,85.3293%,49,285,334,0,0,49,285
0x4a2634,84.6395%,49,270,319,203,43,6,67
0x900526,99.5936%,49,12009,12058,0,0,49,12009
0x504960,93.2414%,49,676,725,137,25,24,539
0x5420e5,93.0299%,49,654,703,0,0,49,654
0x4022df,97.2549%,49,1736,1785,1686,44,5,50
0x40d256,99.552%,49,10889,10938,10889,49,0,0
0xa45ab3,80.9339%,49,208,257,18,14,35,190
0x81318c,94.208%,49,797,846,9,31,18,788
0x4931d5,70.6587%,49,118,167,106,22,27,12
0x53d9b4,98.9965%,49,4834,4883,0,0,49,4834
0x818e12,93.6856%,49,727,776,2,32,17,725
0x4be9c1,76.6667%,49,161,210,24,46,3,137
0x604af7,33.7838%,49,25,74,12,25,24,13
0x53d954,97.0606%,49,1618,1667,1602,40,9,16
0x8bd6c4,97.7283%,49,2108,2157,91,15,34,2017
0x5b14a9,90.5769%,49,471,520,344,10,39,127
0x4bbcf4,94.8637%,49,905,954,905,49,0,0
0xa59522,73.7968%,49,138,187,25,11,38,113
0x99f24e,76.9953%,49,164,213,120,11,38,44
0x544a81,88.2641%,48,361,409,360,23,25,1
0xb301be,89.1892%,48,396,444,0,0,48,396
0x8e41d9,87.1314%,48,325,373,216,30,18,109
0x4051bd,99.4204%,48,8234,8282,51,19,29,8183
0xaa135c,71.9298%,48,123,171,38,26,22,85
0x4041ab,93.617%,48,704,752,0,0,48,704
0x8c7dc9,93.2203%,48,660,708,474,26,22,186
0xa5f57a,79.1304%,48,182,230,32,24,24,150
0x80ffd1,92.8571%,48,624,672,413,19,29,211
0x9a99f4,98.2771%,48,2738,2786,2738,48,0,0
0x49fd0e,97.6024%,48,1954,2002,0,0,48,1954
0xad7b0e,93.6508%,48,708,756,0,0,48,708
0x94da4c,91.8228%,48,539,587,539,48,0,0
0x90029c,85%,48,272,320,271,39,9,1
0x8e461a,97.057%,48,1583,1631,94,16,32,1489
0x53b030,89.3805%,48,404,452,370,19,29,34
0x410124,99.5814%,48,11420,11468,11420,48,0,0
0x6667f9,90.2439%,48,444,492,444,48,0,0
0xa5563a,88.2064%,48,359,407,321,9,39,38
0x8daac8,95.0052%,48,913,961,910,7,41,3
0x8fd953,78.3784%,48,174,222,55,9,39,119
0xa55e87,70.3704%,48,114,162,83,27,21,31
0x489531,87.1658%,48,326,374,241,24,24,85
0x8db6bd,94.8663%,48,887,935,281,34,14,606
0x59709b,90.7336%,48,470,518,1,34,14,469
0x5ee226,72.8814%,48,129,177,103,44,4,26
0x90a14a,95.3216%,48,978,1026,949,12,36,29
0x80e7e5,90.8745%,48,478,526,23,31,17,455
0x58ccaf,74.1935%,48,138,186,94,17,31,44
0x81e4e5,97.7316%,48,2068,2116,2057,13,35,11
0x5970e4,89.5652%,48,412,460,0,0,48,412
0x542d05,97.6812%,48,2022,2070,2022,48,0,0
0x59298c,92.8678%,48,625,673,612,26,22,13
0x609cd5,92.1697%,48,565,613,237,23,25,328
0xa33856,79.8319%,48,190,238,100,22,26,90
0x8196c6,95.5514%,48,1031,1079,88,39,9,943
0x501ee1,75.5102%,48,148,196,0,5,43,148
0x5fa19f,93.9698%,48,748,796,743,26,22,5
0x9a12e4,68.4211%,48,104,152,34,21,27,70
0x5ff99b,73.913%,48,136,184,77,15,33,59
0xab3336,63.6364%,48,84,132,73,17,31,11
0x5061f9,93.5135%,48,692,740,65,28,20,627
0x8e4193,87.1314%,48,325,373,104,23,25,221
0x9f09a5,76%,48,152,200,150,11,37,2
0x80bfdf,71.5976%,48,121,169,34,21,27,87
0xa346ac,92.4051%,48,584,632,203,35,13,381
0x9c3ee0,44.186%,48,38,86,13,41,7,25
0x55909d,87.3351%,48,331,379,200,35,13,131
0x821c25,83.2753%,48,239,287,46,26,22,193
0xb323c0,95.0464%,48,921,969,921,48,0,0
0xa0294f,82.4176%,48,225,273,5,15,33,220
0x4045ed,77.8802%,48,169,217,55,23,25,114
0xaa336a,95.1466%,48,941,989,0,0,48,941
0x9e049d,57.8947%,48,66,114,28,28,20,38
0x984068,69.6203%,48,110,158,23,24,24,87
0x81eb14,91.2727%,48,502,550,195,20,28,307
0x4a6f13,90.6067%,48,463,511,0,0,48,463
0x5c6b29,98.6581%,48,3529,3577,0,0,48,3529
0xa60b57,72.7273%,48,128,176,34,26,22,94
0x670472,63.9098%,48,85,133,58,12,36,27
0x8198ee,94.1959%,48,779,827,285,31,17,494
0x60a7e3,74.0541%,48,137,185,50,22,26,87
0x81a8f8,79.8319%,48,190,238,108,32,16,82
0x50c349,64.7059%,48,88,136,8,17,31,80
0x541f7c,94.3396%,48,800,848,800,48,0,0
0x8c7bb0,72.7273%,48,128,176,89,33,15,39
0xa5491a,88.9145%,48,385,433,376,22,26,9
0xb14801,98.8727%,48,4210,4258,0,0,48,4210
0x780d9a,94.9633%,48,905,953,118,34,14,787
0x60e08d,69.0323%,48,107,155,98,33,15,9
0xa9b480,87.234%,48,328,376,241,15,33,87
0x4bacb3,86.921%,48,319,367,130,19,29,189
0x911aa4,96.1538%,48,1200,1248,63,27,21,1137
0x48cfd4,95.7181%,48,1073,1121,2,8,40,1071
0x9ed27a,89.4273%,48,406,454,366,31,17,40
0x781d5d,99.7937%,48,23223,23271,0,0,48,23223
0x5591c2,99.7395%,48,18375,18423,18375,48,0,0
0x41011a,99.5814%,48,11420,11468,0,0,48,11420
0x8d9ee1,42.1687%,48,35,83,35,48,0,0
0x40f38c,98.5481%,48,3258,3306,16,24,24,3242
0x9082b5,97.7654%,48,2100,2148,1432,32,16,668
0xb31397,95.0464%,48,921,969,0,0,48,921
0x8fcd85,86.5546%,48,309,357,47,21,27,262
0xa43c00,87.5969%,48,339,387,54,24,24,285
0x9dfedb,90.2041%,48,442,490,28,30,18,414
0xb2e649,99.7742%,48,21206,21254,21206,48,0,0
0x402557,90.6615%,48,466,514,0,0,48,466
0x54f676,95.3695%,47,968,1015,0,17,30,968
0x598fbf,83.7931%,47,243,290,0,0,47,243
0x559022,87.9177%,47,342,389,3,41,6,339
0x488b01,91.0646%,47,479,526,0,0,47,479
0x8d2665,99.4364%,47,8292,8339,0,0,47,8292
0x7c7081,70.4403%,47,112,159,26,26,21,86
0x40bb57,84.1216%,47,249,296,230,24,23,19
0x49e1a8,96.027%,47,1136,1183,0,0,47,1136
0xa02926,82.7839%,47,226,273,226,47,0,0
0x49fab8,96.2875%,47,1219,1266,1111,18,29,108
0xa941c4,77.2947%,47,160,207,84,47,0,76
0x8d419e,80.9717%,47,200,247,197,20,27,3
0x48a7ab,95.9272%,47,1107,1154,1107,47,0,0
0x950143,97.8331%,47,2122,2169,29,22,25,2093
0x48898d,95.4981%,47,997,1044,0,0,47,997
0x48c132,67.3611%,47,97,144,21,25,22,76
0x542b06,97.9176%,47,2210,2257,154,33,14,2056
0x5d0e1e,96.2249%,47,1198,1245,1198,47,0,0
0x51b41b,98.4974%,47,3081,3128,638,43,4,2443
0x40e844,76.6169%,47,154,201,150,41,6,4
0x5017eb,98.6349%,47,3396,3443,0,0,47,3396
0x81f748,95.1894%,47,930,977,12,27,20,918
0x834fd5,99.6062%,47,11889,11936,11889,47,0,0
0x901924,87.5332%,47,330,377,8,12,35,322
0x4036b6,94.0582%,47,744,791,33,38,9,711
0x5453c0,41.25%,47,33,80,17,41,6,16
0x5ffd01,53%,47,53,100,25,27,20,28
0xa980e4,68.4564%,47,102,149,41,26,21,61
0xb0b00d,73.4463%,47,130,177,60,12,35,70
0x53e351,98.507%,47,3101,3148,3101,47,0,0
0x40e1f3,34.7222%,47,25,72,25,47,0,0
0x404e6f,95.8407%,47,1083,1130,1030,26,21,53
0x5c332d,79.476%,47,182,229,182,47,0,0
0x4baa31,87.3995%,47,326,373,64,15,32,262
0xa3115b,84.3854%,47,254,301,14,38,9,240
0x534495,99.4759%,47,8920,8967,24,17,30,8896
0x8ee7c8,72.3529%,47,123,170,99,32,15,24
0x8c7527,97.5584%,47,1878,1925,1823,30,17,55
0x9f9747,78.9238%,47,176,223,106,36,11,70
0xa50c6d,86.8715%,47,311,358,311,47,0,0
0xa27620,97.6094%,47,1919,1966,1919,47,0,0
0x9b8fd9,80.2521%,47,191,238,191,28,19,0
0x9a236b,41.9753%,47,34,81,22,39,8,12
0x9a9a77,91.3124%,47,494,541,0,0,47,494
0x59c529,82.5279%,47,222,269,150,30,17,72
0x98cbb7,80.0847%,47,189,236,180,17,30,9
0x49e096,90.8382%,47,466,513,466,47,0,0
0x609ea7,92.3328%,47,566,613,233,27,20,333
0x80dd4d,97.4232%,47,1777,1824,1693,17,30,84
0xb14941,98.8962%,47,4211,4258,0,0,47,4211
0x40db64,99.4367%,47,8296,8343,0,0,47,8296
0x81c1f2,78.6364%,47,173,220,20,33,14,153
0xaadf1d,98.754%,47,3725,3772,1977,14,33,1748
0x50d6f4,82.9091%,47,228,275,116,20,27,112
0xa3a138,93.5083%,47,677,724,677,47,0,0
0x40249e,82.8467%,47,227,274,141,23,24,86
0x5fc4c4,60.8333%,47,73,120,62,24,23,11
0x5fe134,89.8268%,47,415,462,212,19,28,203
0x40ec43,94.9462%,47,883,930,420,33,14,463
0x485de3,84.8875%,47,264,311,263,41,6,1
0x5c44a3,93.6913%,47,698,745,698,47,0,0
0x94959c,79.9145%,47,187,234,0,0,47,187
0x53e39e,98.507%,47,3101,3148,3101,47,0,0
0xb313c1,81.9231%,47,213,260,12,23,24,201
0x5387e4,98.9223%,47,4314,4361,4314,47,0,0
0xaa03c8,59.1304%,47,68,115,36,41,6,32
0x8aa985,98.6261%,47,3374,3421,0,0,47,3374
0x83515a,99.2033%,47,5852,5899,5852,47,0,0
0x96c151,80.9717%,47,200,247,200,47,0,0
0x604607,73.4463%,47,130,177,130,47,0,0
0x821596,98.7386%,47,3679,3726,0,0,47,3679
0x607013,83.959%,47,246,293,137,22,25,109
0x4b6d49,68.2432%,47,101,148,16,31,16,85
0x489b23,88.5366%,47,363,410,363,33,14,0
0x609835,88.191%,47,351,398,351,47,0,0
0x5c32ec,75.3927%,47,144,191,26,38,9,118
0x8fd573,97.9724%,47,2271,2318,2271,29,18,0
0x8e269f,99.109%,47,5228,5275,3237,15,32,1991
0x403703,94.0582%,47,744,791,42,29,18,702
0x48f043,63.5659%,47,82,129,65,23,24,17
0x488659,89.3665%,47,395,442,395,47,0,0
0x81cb25,74.1758%,47,135,182,100,22,25,35
0x405b3b,88.993%,47,380,427,296,41,6,84
0x5421a7,93.3144%,47,656,703,656,47,0,0
0x51b4d7,87.2629%,47,322,369,269,31,16,53
0x8bb85a,68.2759%,46,99,145,70,13,33,29
0x5419f8,95.7169%,46,1028,1074,0,0,46,1028
0x8046d3,82.5758%,46,218,264,179,31,15,39
0x8e2077,91.3043%,46,483,529,297,12,34,186
0xb0ba26,99.165%,46,5463,5509,1385,41,5,4078
0x9f5d65,74.5856%,46,135,181,18,30,16,117
0xa9069d,71.9512%,46,118,164,110,43,3,8
0xb1bae6,95.4229%,46,959,1005,959,46,0,0
0x5fb247,78.4038%,46,167,213,167,40,6,0
0xa30e23,76.0417%,46,146,192,74,6,40,72
0x510a33,89.5216%,46,393,439,23,25,21,370
0x48bfda,67.3759%,46,95,141,23,18,28,72
0x8f0baf,92.4466%,46,563,609,389,28,18,174
0x9ee317,80.6723%,46,192,238,138,37,9,54
0x90abd0,94.6574%,46,815,861,14,26,20,801
0xb2fcd9,99.7957%,46,22473,22519,0,0,46,22473
0x90a3fc,73.8636%,46,130,176,108,24,22,22
0x8bb434,89.8678%,46,408,454,47,16,30,361
0xa32e1d,96.4992%,46,1268,1314,201,41,5,1067
0x9f5927,68.0556%,46,98,144,88,31,15,10
0xb3234e,95.2528%,46,923,969,0,0,46,923
0x8dd4ec,94.0874%,46,732,778,344,10,36,388
0x5548b3,97.3669%,46,1701,1747,1701,44,2,0
0x9aaf40,62.9032%,46,78,124,78,46,0,0
0x9e2615,92.3841%,46,558,604,64,21,25,494
0x5aef2b,93.3908%,46,650,696,8,14,32,642
0x681f9f,97.8802%,46,2124,2170,2124,46,0,0
0x90a0c4,57.7982%,46,63,109,53,12,34,10
0xa54118,93.4936%,46,661,707,661,33,13,0
0xa50599,59.292%,46,67,113,54,18,28,13
0x540a07,93.8005%,46,696,742,696,46,0,0
0x4044c1,96.5152%,46,1274,1320,1274,46,0,0
0x5991ba,99.0084%,46,4593,4639,1,2,44,4592
0x405ab4,85.1613%,46,264,310,4,1,45,260
0x976e30,81.3008%,46,200,246,6,18,28,194
0x9ed9c3,63.4921%,46,80,126,76,9,37,4
0x50d9d2,88.3838%,46,350,396,350,42,4,0
0x8de165,96.2993%,46,1197,1243,20,28,18,1177
0x942c1c,91.2381%,46,479,525,479,46,0,0
0x8f618b,73.0994%,46,125,171,63,37,9,62
0x40f817,84.0278%,46,242,288,48,28,18,194
0xb14870,98.9197%,46,4212,4258,4212,46,0,0
0xa35f69,83.6299%,46,235,281,35,25,21,200
0x4a6f5f,90.998%,46,465,511,465,46,0,0
0xa50ef9,87.1508%,46,312,358,312,46,0,0
0x504bb7,77.9904%,46,163,209,23,32,14,140
0xa3301b,67.6056%,46,96,142,66,16,30,30
0xb0c080,99.095%,46,5037,5083,1202,32,14,3835
0xa8fc36,79.4643%,46,178,224,25,29,17,153
0x8d30bb,81.3765%,46,201,247,200,17,29,1
0x771992,99.775%,46,20394,20440,0,0,46,20394
0x60ad21,96.1149%,46,1138,1184,0,0,46,1138
0xa55420,70.5128%,46,110,156,79,26,20,31
0x511746,95.6808%,46,1019,1065,1019,46,0,0
0x787d04,94.7548%,46,831,877,25,35,11,806
0xa52a19,88.8889%,46,368,414,303,16,30,65
0x8a8c5c,92.1368%,46,539,585,10,35,11,529
0x5059af,73.7143%,46,129,175,111,20,26,18
0xa555da,74.5856%,46,135,181,121,22,24,14
0x508bb0,91.9861%,46,528,574,5,36,10,523
0x8ff3fb,81.8898%,46,208,254,108,19,27,100
0xa26025,95.459%,46,967,1013,115,26,20,852
0xa5724e,72.619%,46,122,168,15,28,18,107
0x959069,93.9153%,46,710,756,39,25,21,671
0x406c78,20.6897%,46,12,58,12,46,0,0
0x541a9f,94.4844%,46,788,834,788,46,0,0
0x9fafc1,88.2353%,46,345,391,0,0,46,345
0xaa7e97,98.3803%,46,2794,2840,0,0,46,2794
0xb2fce6,99.7957%,46,22473,22519,0,0,46,22473
0x502c9b,97.8714%,46,2115,2161,2,6,40,2113
0x5bae93,66.9065%,46,93,139,72,30,16,21
0x65bd21,87.766%,46,330,376,163,36,10,167
0x548487,99.6438%,46,12868,12914,0,0,46,12868
0x8f6eb0,91.5596%,46,499,545,235,41,5,264
0x54fa9e,80.9917%,46,196,242,196,46,0,0
0xb314f1,89.0736%,46,375,421,0,0,46,375
0x65a283,99.1792%,46,5558,5604,1839,29,17,3719
0xa58a51,68.4932%,46,100,146,100,38,8,0
0x80f671,68.9189%,46,102,148,100,18,28,2
0x502cd3,94.9617%,46,867,913,858,36,10,9
0x9026de,96.1667%,46,1154,1200,1152,18,28,2
0xa6091f,90.7071%,46,449,495,286,19,27,163
0xa94498,66.6667%,46,92,138,21,31,15,71
0xaa059f,64.6154%,46,84,130,31,25,21,53
0x54ec1e,97.7605%,46,2008,2054,0,0,46,2008
0xa4a9eb,79.4643%,46,178,224,83,28,18,95
0x9eedfe,92.4342%,46,562,608,554,28,18,8
0x8eae24,91.0331%,46,467,513,3,23,23,464
0x4b9f1e,86.6279%,46,298,344,85,23,23,213
0x80c392,82.963%,46,224,270,5,29,17,219
0x9a8ef4,58.9286%,46,66,112,37,14,32,29
0x950fc4,89.3519%,46,386,432,386,46,0,0
0x81bcec,85.489%,46,271,317,271,17,29,0
0x5bbc9b,89.4253%,46,389,435,344,24,22,45
0x9c4097,90.1288%,46,420,466,420,46,0,0
0x9a7ab3,62.2951%,46,76,122,16,19,27,60
0xa4f958,89.6861%,46,400,446,239,17,29,161
0xa31107,63.7795%,46,81,127,63,26,20,18
0x548622,98.045%,46,2307,2353,2307,46,0,0
0x60b546,88.0829%,46,340,386,168,37,9,172
0x48d991,94.7964%,46,838,884,377,33,13,461
0x4bf1d0,95.1613%,45,885,930,21,35,10,864
0xa5940e,86.8035%,45,296,341,0,0,45,296
0x5419c7,95.9641%,45,1070,1115,33,8,37,1037
0x4ba425,88.6364%,45,351,396,41,27,18,310
0xb2e70b,99.4371%,45,7950,7995,0,0,45,7950
0xaa33bc,86.5672%,45,290,335,290,36,9,0
0xa1806d,96.9471%,45,1429,1474,0,29,16,1429
0x50ffd4,96.9595%,45,1435,1480,0,0,45,1435
0x48c578,93.2936%,45,626,671,624,37,8,2
0x502993,53.6082%,45,52,97,6,28,17,46
0x5fe63f,90.0442%,45,407,452,317,30,15,90
0xa45485,93.5897%,45,657,702,0,13,32,657
0x9f4ad4,63.1148%,45,77,122,61,23,22,16
0xa45076,74.4318%,45,131,176,15,20,25,116
0x40f673,99.3451%,45,6826,6871,6826,45,0,0
0xa33c63,96.6418%,45,1295,1340,785,25,20,510
0x4103d1,93.8356%,45,685,730,663,43,2,22
0x556a42,96.4229%,45,1213,1258,58,36,9,1155
0xa4d2e7,72.3926%,45,118,163,11,27,18,107
0x405aa5,89.5833%,45,387,432,114,8,37,273
0x511e81,97.3529%,45,1655,1700,1655,45,0,0
0x4831e0,61.2069%,45,71,116,52,35,10,19
0x8e48fe,94.396%,45,758,803,134,29,16,624
0x80f53f,98.402%,45,2771,2816,2625,15,30,146
0xab3660,99.6542%,45,12970,13015,12970,27,18,0
0x4a1ba3,95.8942%,45,1051,1096,0,23,22,1051
0x5341ec,61.8644%,45,73,118,17,0,45,56
0x5529c1,67.3913%,45,93,138,92,44,1,1
0x5cd3b4,64.8438%,45,83,128,65,10,35,18
0x647375,92.9245%,45,591,636,20,16,29,571
0x5437bb,77.0408%,45,151,196,29,21,24,122
0x97397a,65.6489%,45,86,131,70,25,20,16
0x40ebe7,95.3174%,45,916,961,837,26,19,79
0xaa8081,91.4934%,45,484,529,231,35,10,253
0x49e0e8,86.6071%,45,291,336,169,2,43,122
0x503abe,92.6471%,45,567,612,283,27,18,284
0x48af9e,91.6667%,45,495,540,495,45,0,0
0x53b287,98.1542%,45,2393,2438,0,0,45,2393
0x5cf70c,97.549%,45,1791,1836,1791,45,0,0
0x63d1b5,77.5%,45,155,200,147,30,15,8
0x99c97f,94.0318%,45,709,754,709,45,0,0
0x66d3fd,97.5179%,45,1768,1813,1505,7,38,263
0x8db797,85.7143%,45,270,315,60,31,14,210
0x5ff814,84.589%,45,247,292,216,30,15,31
0x5ff80a,86.4048%,45,286,331,29,10,35,257
0x50a90e,55.4455%,45,56,101,40,10,35,16
0x534841,31.8182%,45,21,66,0,0,45,21
0x5ee1e3,74.5763%,45,132,177,132,45,0,0
0x901264,75%,45,135,180,125,15,30,10
0xa2fb64,93.0876%,45,606,651,329,29,16,277
0x48d7a5,98.9931%,45,4424,4469,2717,40,5,1707
0xa35fa5,92.2813%,45,538,583,531,37,8,7
0x8c8722,90.8907%,45,449,494,436,18,27,13
0xa554c0,83.0189%,45,220,265,0,4,41,220
0x596bf2,98.0578%,45,2272,2317,2272,45,0,0
0x8157fe,93.4783%,45,645,690,231,25,20,414
0x8f578a,95.7587%,45,1016,1061,841,29,16,175
0x81d5cf,89.4366%,45,381,426,86,22,23,295
0x51c8f1,96.2531%,45,1156,1201,1156,45,0,0
0x509b5c,97.6013%,45,1831,1876,0,0,45,1831
0x8f4c27,74.4318%,45,131,176,72,28,17,59
0xa51668,72.2222%,45,117,162,98,22,23,19
0xb3277c,99.3015%,45,6397,6442,0,0,45,6397
0x9e084f,95.3174%,45,916,961,55,19,26,861
0x512e8b,94.4853%,45,771,816,0,0,45,771
0x820d52,96.7903%,45,1357,1402,1357,12,33,0
0x784045,92.7536%,45,576,621,0,0,45,576
0x7cc2f4,95.9641%,45,1070,1115,1070,45,0,0
0x901b3a,82.4219%,45,211,256,211,45,0,0
0xa5f762,94.7059%,45,805,850,51,28,17,754
0x4037ef,94.311%,45,746,791,231,29,16,515
0x5fe847,92.437%,45,550,595,158,38,7,392
0x40d626,97.1005%,45,1507,1552,1507,45,0,0
0xa2cc4f,94.9552%,45,847,892,0,0,45,847
0x51161a,97.541%,45,1785,1830,1785,45,0,0
0x98f98b,82.4903%,45,212,257,212,45,0,0
0x5fa5c3,79.638%,45,176,221,176,39,6,0
0x50487c,70.3947%,45,107,152,23,3,42,84
0xa58294,60.177%,45,68,113,51,39,6,17
0x638715,95.3174%,45,916,961,914,18,27,2
0x5420ed,93.5989%,45,658,703,658,45,0,0
0x537f03,93.9435%,45,698,743,0,0,45,698
0x507faf,93.9189%,45,695,740,152,14,31,543
0x5c360c,93.7326%,45,673,718,673,45,0,0
0x494330,57.1429%,45,60,105,20,18,27,40
0x8e4a9a,85.0993%,45,257,302,240,18,27,17
0x9e879f,43.038%,45,34,79,11,27,18,23
0x5cb9f6,70.9677%,45,110,155,110,45,0,0
0x8214da,98.7923%,45,3681,3726,3681,45,0,0
0x9f591d,75.1381%,45,136,181,23,14,31,113
0xa31b49,75.2747%,45,137,182,0,0,45,137
0x49ec46,72.0497%,45,116,161,7,36,9,109
0x504033,41.5584%,45,32,77,12,38,7,20
0xad7fc2,95.1509%,45,883,928,0,0,45,883
0x81a098,89.8649%,45,399,444,365,5,40,34
0x9f0623,88.2507%,45,338,383,337,36,9,1
0x90875e,99.4718%,45,8474,8519,5603,33,12,2871
0x9f4be1,80.1762%,45,182,227,24,28,17,158
0x51129e,99.0358%,45,4622,4667,4622,45,0,0
0x80bf7b,75.6757%,45,140,185,110,27,18,30
0x8f4be2,67.4074%,44,91,135,71,16,28,20
0xa43c14,85.7605%,44,265,309,265,44,0,0
0x8dd902,98.0296%,44,2189,2233,2184,5,39,5
0x558064,96.1437%,44,1097,1141,66,20,24,1031
0x402d27,74.4186%,44,128,172,76,37,7,52
0x81c216,73.6527%,44,123,167,109,15,29,14
0x60834b,85.3333%,44,256,300,187,22,22,69
0x64af79,99.2263%,44,5643,5687,5643,44,0,0
0xa336a1,97.8866%,44,2038,2082,839,25,19,1199
0x8f0c52,78%,44,156,200,95,18,26,61
0x8f54d6,98.1856%,44,2381,2425,706,16,28,1675
0xad7b34,94.3517%,44,735,779,729,27,17,6
0xa4d4db,34.3284%,44,23,67,11,28,16,12
0x50800d,92.3345%,44,530,574,31,15,29,499
0x556e62,89.5238%,44,376,420,287,28,16,89
0x610b9d,84.2294%,44,235,279,94,27,17,141
0x40419e,94.1489%,44,708,752,0,0,44,708
0xa08ecf,60%,44,66,110,18,27,17,48
0x5910be,82.1862%,44,203,247,55,7,37,148
0x627d4d,96.2743%,44,1137,1181,1137,21,23,0
0x4a974b,69.0141%,44,98,142,98,44,0,0
0x591293,83.9416%,44,230,274,81,33,11,149
0x98cc66,93.7765%,44,663,707,595,10,34,68
0x96b1ef,95.1488%,44,863,907,849,20,24,14
0x8a46aa,93.0709%,44,591,635,591,44,0,0
0x507ef8,92.3345%,44,530,574,16,25,19,514
0x508698,89.9543%,44,394,438,354,20,24,40
0x4b7835,90.1124%,44,401,445,9,33,11,392
0x49c724,90.372%,44,413,457,0,0,44,413
0xa525bb,80.6167%,44,183,227,75,26,18,108
0xa523f2,67.1642%,44,90,134,74,18,26,16
0xaaae28,80.8696%,44,186,230,26,18,26,160
0x55012a,48.8372%,44,42,86,23,15,29,19
0xa45e40,62.7119%,44,74,118,47,23,21,27
0x80c2d3,83.8235%,44,228,272,2,33,11,226
0x5579dd,85.1351%,44,252,296,252,44,0,0
0x6105c7,52.6882%,44,49,93,0,0,44,49
0x811b54,81.5126%,44,194,238,7,27,17,187
0x5411dd,99.6892%,44,14115,14159,2,6,38,14113
0x9e7602,89%,44,356,400,231,10,34,125
0x506fea,67.6471%,44,92,136,92,44,0,0
0x977629,97.3398%,44,1610,1654,255,23,21,1355
0x54132a,99.4401%,44,7814,7858,7814,36,8,0
0x509dfc,96.0503%,44,1070,1114,668,19,25,402
0x8bcbdf,64.2276%,44,79,123,27,26,18,52
0x49f660,67.1642%,44,90,134,74,10,34,16
0x40e740,97.7413%,44,1904,1948,1904,44,0,0
0x8a24b0,87.4286%,44,306,350,306,44,0,0
0x9f5d77,66.9173%,44,89,133,82,29,15,7
0x5c4c60,97.5731%,44,1769,1813,0,6,38,1769
0x40e17e,92.926%,44,578,622,575,43,1,3
0x8da4b8,95.8015%,44,1004,1048,79,25,19,925
0xa516f0,67.1642%,44,90,134,64,30,14,26
0x5fc0c0,63.3333%,44,76,120,68,18,26,8
0xa2623f,89.1089%,44,360,404,257,39,5,103
0x4bb796,78.6408%,44,162,206,162,36,8,0
0xa50a5b,87.7095%,44,314,358,307,15,29,7
0xa02587,96.6049%,44,1252,1296,1252,44,0,0
0x40f42d,99.0072%,44,4388,4432,4388,44,0,0
0x5bd3b5,95.4071%,44,914,958,816,23,21,98
0x58b7ba,94.5342%,44,761,805,761,44,0,0
0x8a616a,79.6296%,44,172,216,39,23,21,133
0x9f7b2a,75.1412%,44,133,177,54,38,6,79
0x4022bf,97.201%,44,1528,1572,1528,44,0,0
0x511280,99.0572%,44,4623,4667,4623,44,0,0
0x80c0c5,97.0048%,44,1425,1469,30,28,16,1395
0x81ba37,78.4314%,44,160,204,40,18,26,120
0x50be34,92.4138%,44,536,580,12,39,5,524
0x5c4c57,97.5943%,44,1785,1829,1,15,29,1784
0x405acf,89.6956%,44,383,427,310,13,31,73
0x8fe328,99.3827%,44,7084,7128,0,0,44,7084
0x64b3fc,99.8007%,44,22038,22082,6,15,29,22032
0x6042d5,73.3333%,44,121,165,121,44,0,0
0x4bc6a3,78.4314%,44,160,204,80,28,16,80
0x5f8e29,65.625%,44,84,128,73,26,18,11
0x534e38,98.5255%,44,2940,2984,0,0,44,2940
0xa2a8e7,81.6667%,44,196,240,43,23,21,153
0x5462b3,87.4286%,44,306,350,0,0,44,306
0x9427c1,97.3964%,44,1646,1690,0,0,44,1646
0x8fe52f,99.2032%,44,5478,5522,0,0,44,5478
0x5b2339,81.6667%,44,196,240,191,8,36,5
0xa58d5c,69.863%,44,102,146,0,0,44,102
0x48d7b2,97.4299%,44,1668,1712,680,32,12,988
0x4a01fe,70.2703%,44,104,148,35,12,32,69
0x54ef58,64.5161%,44,80,124,72,9,35,8
0x5b152b,91.2176%,44,457,501,345,9,35,112
0x8223fe,97.6152%,44,1801,1845,1801,44,0,0
0x537a82,94.0299%,44,693,737,691,40,4,2
0x40e167,92.926%,44,578,622,1,3,41,577
0xa2dc67,82.9457%,44,214,258,169,25,19,45
0x8e1160,98.9197%,44,4029,4073,4020,16,28,9
0xa39cca,96.8571%,44,1356,1400,356,27,17,1000
0x48a101,98.9224%,44,4039,4083,4039,44,0,0
0x5c4bbc,97.5943%,44,1785,1829,0,0,44,1785
0x973dd5,65.0794%,44,82,126,75,21,23,7
0xb1b6bd,95.6219%,44,961,1005,961,44,0,0
0xa451a6,88.9447%,44,354,398,354,44,0,0
0x81c1e9,80%,44,176,220,19,36,8,157
0xa54909,90.9651%,44,443,487,27,27,17,416
0x9113bf,95.7488%,44,991,1035,132,13,31,859
0x64b0bd,99.7651%,44,18687,18731,18687,44,0,0
0xa529b3,88.2979%,44,332,376,149,39,5,183
0x9067b2,64.5161%,44,80,124,20,25,19,60
0x7f0430,73.8095%,44,124,168,80,23,21,44
0xa34317,66.4122%,44,87,131,63,15,29,24
0x98cb68,86.7868%,44,289,333,172,19,25,117
0xada7bd,99.368%,44,6918,6962,0,0,44,6918
0x8ed488,99.0525%,44,4600,4644,4600,33,11,0
0x49da6d,95.0617%,44,847,891,847,44,0,0
0x9f987b,54.6392%,44,53,97,44,27,17,9
0x508cad,94.0541%,44,696,740,147,19,25,549
0x81c2df,91.4729%,44,472,516,433,14,30,39
0x9c3aea,87.2832%,44,302,346,299,38,6,3
0x51c727,96.3364%,44,1157,1201,1157,44,0,0
0xb3138e,95.4592%,44,925,969,0,0,44,925
0xa44d25,77.3196%,44,150,194,150,40,4,0
0xa549dc,90.2655%,44,408,452,394,21,23,14
0x643462,94.259%,43,706,749,4,6,37,702
0x492aa6,73.9394%,43,122,165,106,9,34,16
0xa2aae8,61.9469%,43,70,113,11,20,23,59
0x53a2f4,60.1852%,43,65,108,37,21,22,28
0xad7bc4,50.5747%,43,44,87,37,39,4,7
0x53532b,53.7634%,43,50,93,30,31,12,20
0x972f76,84.6429%,43,237,280,116,24,19,121
0x40dfbd,68.1481%,43,92,135,6,0,43,86
0x406ae4,93.3642%,43,605,648,605,43,0,0
0x8fd078,70.7483%,43,104,147,57,19,24,47
0x8a5f77,96.8125%,43,1306,1349,1306,43,0,0
0x48d636,99.0468%,43,4468,4511,0,0,43,4468
0x558fd4,99.7666%,43,18380,18423,17648,7,36,732
0x8044c9,83.7121%,43,221,264,219,17,26,2
0x5c6a99,98.8761%,43,3783,3826,0,0,43,3783
0xa63b52,65.6%,43,82,125,82,43,0,0
0x54652b,87.7143%,43,307,350,307,43,0,0
0x506def,94.1892%,43,697,740,697,42,1,0
0x4101fd,97.6204%,43,1764,1807,876,14,29,888
0x50be55,91.8715%,43,486,529,473,21,22,13
0x8dad1f,72.2581%,43,112,155,34,28,15,78
0x51152f,99.1559%,43,5051,5094,489,32,11,4562
0x6105b1,77.7202%,43,150,193,147,40,3,3
0x49ae82,86.262%,43,270,313,268,6,37,2
0x403d8a,96.4812%,43,1179,1222,115,27,16,1064
0x5c6acf,98.938%,43,4006,4049,0,0,43,4006
0x4fdb22,93.6012%,43,629,672,371,18,25,258
0x609589,82.9365%,43,209,252,209,43,0,0
0xa946bc,75%,43,129,172,111,15,28,18
0x48cf6f,93.5629%,43,625,668,624,24,19,1
0x47f260,95.9888%,43,1029,1072,1029,43,0,0
0xa46a81,81.3043%,43,187,230,110,24,19,77
0x9a76a0,92.1533%,43,505,548,505,43,0,0
0x51c2c5,97.6706%,43,1803,1846,0,0,43,1803
0x5912ef,82.5203%,43,203,246,192,39,4,11
0x50582b,75.4286%,43,132,175,64,30,13,68
0x555d97,96.3744%,43,1143,1186,1048,33,10,95
0xa3407f,80.8889%,43,182,225,102,29,14,80
0x501f66,81.9328%,43,195,238,74,33,10,121
0x4102b6,95.1685%,43,847,890,796,19,24,51
0x48a79d,96.2738%,43,1111,1154,0,0,43,1111
0x9c3e4c,50%,43,43,86,9,23,20,34
0xa310b2,77.8351%,43,151,194,0,0,43,151
0xa2a7d6,84.0149%,43,226,269,226,35,8,0
0xa393e7,93.239%,43,593,636,588,34,9,5
0x4bb8c6,78.9216%,43,161,204,126,22,21,35
0x9a608f,59.434%,43,63,106,6,24,19,57
0x591142,82.5911%,43,204,247,57,39,4,147
0x58d847,69.0647%,43,96,139,46,23,20,50
0xb37683,99.2241%,43,5499,5542,0,0,43,5499
0x5481dd,99.374%,43,6826,6869,0,0,43,6826
0x610b52,87.4636%,43,300,343,45,19,24,255
0x5349be,91.1523%,43,443,486,415,14,29,28
0x48e6ed,99.3707%,43,6790,6833,6790,43,0,0
0x8e4b32,98.8274%,43,3624,3667,3462,27,16,162
0x810407,91.1885%,43,445,488,28,38,5,417
0x409a6b,72.6115%,43,114,157,45,25,18,69
0x548157,98.8696%,43,3761,3804,3761,43,0,0
0x5e613e,97.1504%,43,1466,1509,0,0,43,1466
0x805183,83.8951%,43,224,267,217,8,35,7
0x8e7388,89.4089%,43,363,406,68,15,28,295
0x98b357,87.6437%,43,305,348,304,36,7,1
0x9bd123,40.2778%,43,29,72,7,31,12,22
0x9f5d2d,54.2553%,43,51,94,45,21,22,6
0x606b22,80.8889%,43,182,225,182,43,0,0
0xaa06d4,78.0612%,43,153,196,93,15,28,60
0x64ad61,99.7956%,43,20992,21035,20992,43,0,0
0x4b665b,72.2581%,43,112,155,101,25,18,11
0x539c05,94.625%,43,757,800,528,24,19,229
0x40e838,86.4353%,43,274,317,85,31,12,189
0x539d54,57.8431%,43,59,102,27,27,16,32
0x4103c3,77.3684%,43,147,190,146,41,2,1
0x5ff2fa,67.4242%,43,89,132,66,28,15,23
0x40527f,99.3991%,43,7113,7156,1004,30,13,6109
0xa5f767,94.4228%,43,728,771,159,22,21,569
0x8f42ea,98.2268%,43,2382,2425,703,19,24,1679
0x64debe,92.081%,43,500,543,499,40,3,1
0x54393b,69.5035%,43,98,141,98,37,6,0
0x489ddd,98.0239%,43,2133,2176,2133,43,0,0
0x8a252f,84.6975%,43,238,281,238,43,0,0
0x90ab0f,77.9487%,43,152,195,141,27,16,11
0x9a9684,30.6452%,43,19,62,12,19,24,7
0x807b3a,81.7021%,43,192,235,78,34,9,114
0x9fc4c6,85.9477%,43,263,306,263,29,14,0
0xa904be,73.7805%,43,121,164,83,20,23,38
0x9f0a04,85.5705%,43,255,298,255,43,0,0
0xa50f59,83.004%,43,210,253,199,16,27,11
0xa5c2d4,60.5505%,43,66,109,57,20,23,9
0xa50b1e,43.4211%,43,33,76,20,37,6,13
0xa9e9df,87.8187%,43,310,353,91,36,7,219
0x502134,44.8718%,43,35,78,12,20,23,23
0x8fc0e9,96.3404%,43,1132,1175,0,0,43,1132
0x8ff80f,99.8292%,43,25134,25177,25134,43,0,0
0x64f4ff,60.9091%,43,67,110,49,37,6,18
0x8fddf5,96.6537%,43,1242,1285,1242,43,0,0
0x510533,96.5545%,43,1205,1248,0,0,43,1205
0x60e0a3,67.1756%,43,88,131,0,0,43,88
0x542f03,77.0053%,43,144,187,8,26,17,136
0xa9e139,81.8565%,43,194,237,11,23,20,183
0x9e00d6,95.9963%,43,1031,1074,0,0,43,1031
0x8f1f82,89.6882%,43,374,417,238,27,16,136
0x5b1530,70.7483%,43,104,147,83,9,34,21
0x810188,95%,43,817,860,35,27,16,782
0x58d154,73.7805%,43,121,164,43,19,24,78
0x402c09,99.5339%,43,9183,9226,0,0,43,9183
0x81c000,96.0478%,43,1045,1088,1045,11,32,0
0xa5950e,78.7129%,43,159,202,7,8,35,152
0x8dd828,97.3636%,43,1588,1631,1585,26,17,3
0x8a5d78,96.8125%,43,1306,1349,1306,43,0,0
0x49de37,57.1429%,42,56,98,16,12,30,40
0x9ab470,85.4671%,42,247,289,165,35,7,82
0x64b64d,95.0059%,42,799,841,49,8,34,750
0xb0b404,98.8568%,42,3632,3674,3632,42,0,0
0x5b2f57,80.2817%,42,171,213,167,14,28,4
0x4c4a34,98.3683%,42,2532,2574,49,37,5,2483
0x807eec,75.5814%,42,130,172,53,23,19,77
0x556a4a,96.3918%,42,1122,1164,0,4,38,1122
0x8a2666,79.5122%,42,163,205,163,42,0,0
0x5cf584,97.4668%,42,1616,1658,243,25,17,1373
0x405b78,90.1639%,42,385,427,86,4,38,299
0x60ad2a,96.4527%,42,1142,1184,1142,42,0,0
0x55031b,88.1356%,42,312,354,312,42,0,0
0x9f2826,94.878%,42,778,820,778,42,0,0
0x64addb,99.8281%,42,24397,24439,24397,42,0,0
0x48aeef,93.8235%,42,638,680,0,0,42,638
0xa560df,77.1739%,42,142,184,12,31,11,130
0x80dfcf,98.8068%,42,3478,3520,3274,26,16,204
0x60e354,90.5618%,42,403,445,403,28,14,0
0x8a739a,95.4936%,42,890,932,804,20,22,86
0xa34af3,81.0811%,42,180,222,115,25,17,65
0xa26100,89.781%,42,369,411,369,41,1,0
0x8c784f,97.8182%,42,1883,1925,964,18,24,919
0x441497,92.7835%,42,540,582,517,8,34,23
0x5335ae,48.7805%,42,40,82,21,24,18,19
0x8fe19c,74.6988%,42,124,166,69,17,25,55
0x821e75,80.4651%,42,173,215,101,42,0,72
0x8116a7,93.2039%,42,576,618,25,33,9,551
0x5342eb,58.4158%,42,59,101,1,2,40,58
0x7c6369,74.2331%,42,121,163,0,0,42,121
0xaa580f,95.7831%,42,954,996,0,0,42,954
0x81ed1b,97.3734%,42,1557,1599,247,27,15,1310
0x6104b8,85%,42,238,280,53,1,41,185
0x60dc1d,84.6715%,42,232,274,193,21,21,39
0x9ed38d,92.9054%,42,550,592,106,32,10,444
0xa91c2c,69.3431%,42,95,137,4,32,10,91
0xa2d6c7,85.159%,42,241,283,57,28,14,184
0x50499e,63.7931%,42,74,116,12,25,17,62
0x8fd9c8,86.9969%,42,281,323,47,18,24,234
0x58bdf3,71.8121%,42,107,149,66,7,35,41
0x5fbd31,65%,42,78,120,66,20,22,12
0xad7b6d,94.6085%,42,737,779,5,18,24,732
0x9005cf,87.931%,42,306,348,0,0,42,306
0x9e03e9,95.302%,42,852,894,29,30,12,823
0x8da1b3,88.7399%,42,331,373,203,18,24,128
0xa271af,85.2113%,42,242,284,242,42,0,0
0x5d10d2,96.6265%,42,1203,1245,1203,42,0,0
0xb34603,81.3333%,42,183,225,0,0,42,183
0x9178b6,79%,42,158,200,24,22,20,134
0x784068,93.2367%,42,579,621,9,12,30,570
0x48599f,43.2432%,42,32,74,29,13,29,3
0x94dc44,92.845%,42,545,587,545,42,0,0
0x9a96d1,83.0645%,42,206,248,205,24,18,1
0x64ad54,99.8003%,42,20993,21035,0,0,42,20993
0x48fb47,67.4419%,42,87,129,39,26,16,48
0x9ec0cc,84.2697%,42,225,267,224,16,26,1
0x9e263a,87.931%,42,306,348,41,19,23,265
0x609da7,88.102%,42,311,353,131,28,14,180
0xa42b3d,95.1163%,42,818,860,173,32,10,645
0x9aaccd,93.9219%,42,649,691,649,42,0,0
0x59be0f,93.75%,42,630,672,0,0,42,630
0x59720f,86.7089%,42,274,316,137,37,5,137
0xa4585b,83.6576%,42,215,257,18,23,19,197
0x507724,72.7273%,42,112,154,91,19,23,21
0xaa1355,78.4615%,42,153,195,1,23,19,152
0x4a5c87,78.125%,42,150,192,29,23,19,121
0x50aabe,35.3846%,42,23,65,16,39,3,7
0x666925,92.8082%,42,542,584,542,42,0,0
0x5592fa,50%,42,42,84,11,34,8,31
0x40d0cb,99.4042%,42,7007,7049,7007,42,0,0
0x4ba093,90.8497%,42,417,459,13,18,24,404
0x65a08b,83.3992%,42,211,253,103,28,14,108
0xb3136d,95.6656%,42,927,969,0,0,42,927
0x8fdae4,96.7643%,42,1256,1298,1255,25,17,1
0x609dfb,78.3505%,42,152,194,53,26,16,99
0x9e6fe9,54.8387%,42,51,93,9,37,5,42
0x556087,82.5%,42,198,240,187,15,27,11
0x8ebbbd,97.5148%,42,1648,1690,449,16,26,1199
0xa97596,71.8121%,42,107,149,91,23,19,16
0x59692c,76.7956%,42,139,181,0,0,42,139
0x8157ef,98.2934%,42,2419,2461,91,27,15,2328
0x8fd392,98.9389%,42,3916,3958,0,3,39,3916
0x821034,85.4167%,42,246,288,193,9,33,53
0x5529f6,97.0213%,42,1368,1410,0,0,42,1368
0x51c864,99.1625%,42,4973,5015,0,5,37,4973
0xa33aaa,96.8657%,42,1298,1340,1240,28,14,58
0x53ab5b,20.7547%,42,11,53,2,39,3,9
0x591bb8,72.1854%,42,109,151,74,26,16,35
0x509d18,96.2298%,42,1072,1114,98,38,4,974
0xa30a34,94.4882%,42,720,762,417,26,16,303
0x591283,85.4671%,42,247,289,213,33,9,34
0x945c4a,72.1854%,42,109,151,60,26,16,49
0x4a5bc4,23.6364%,42,13,55,0,0,42,13
0x837973,76.1364%,42,134,176,50,22,20,84
0x501fff,53.8462%,42,49,91,38,21,21,11
0x8ded44,90.4545%,42,398,440,174,16,26,224
0xa522ca,71.6216%,42,106,148,75,22,20,31
0x9e60dd,82.3529%,42,196,238,191,40,2,5
0x8ed014,53.3333%,42,48,90,27,31,11,21
0x8a972f,97.1429%,42,1428,1470,90,18,24,1338
0x8b95c6,99.7945%,42,20398,20440,0,6,36,20398
0x404355,98.441%,42,2652,2694,2652,42,0,0
0x973193,93.1148%,42,568,610,0,0,42,568
0x41037e,77.8947%,42,148,190,0,0,42,148
0x5389b4,99.284%,42,5824,5866,0,0,42,5824
0x81c572,79.3103%,42,161,203,158,11,31,3
0x511d66,98.518%,42,2792,2834,360,24,18,2432
0x9e18e2,65%,42,78,120,25,29,13,53
0x5fa896,69.5652%,42,96,138,44,25,17,52
0xaa2f5c,93.2258%,42,578,620,477,41,1,101
0x590854,98.0474%,42,2109,2151,1838,36,6,271
0x9f4403,75%,42,126,168,126,42,0,0
0x40ec07,95.1333%,42,821,863,582,21,21,239
0x4a028d,79.6117%,42,164,206,4,22,20,160
0x8dcc3d,98.1731%,42,2257,2299,2257,42,0,0
0x60e060,73.5484%,41,114,155,114,41,0,0
0xb0ceff,97.1086%,41,1377,1418,765,24,17,612
0x551dc8,84.2308%,41,219,260,219,41,0,0
0x965ff4,82.7731%,41,197,238,195,24,17,2
0x5f10c7,86.6013%,41,265,306,249,21,20,16
0xa33e53,63.3929%,41,71,112,18,25,16,53
0x547ea5,92.4771%,41,504,545,504,23,18,0
0x543a39,69.6296%,41,94,135,93,40,1,1
0x9c395e,68.2171%,41,88,129,34,25,16,54
0x5356fa,67.9688%,41,87,128,31,36,5,56
0xa26226,89.8515%,41,363,404,85,23,18,278
0x508675,92.8571%,41,533,574,101,35,6,432
0x8044d9,84.4697%,41,223,264,0,11,30,223
0x4464ca,98.4003%,41,2522,2563,1957,19,22,565
0x9e73ef,89.5674%,41,352,393,157,19,22,195
0x9a7b90,68.7023%,41,90,131,5,31,10,85
0x4899bc,90%,41,369,410,369,41,0,0
0xa5fa83,97.2884%,41,1471,1512,0,8,33,1471
0x5cd4d8,38.806%,41,26,67,26,41,0,0
0x5b02b8,73.7179%,41,115,156,39,27,14,76
0xa57997,75.5952%,41,127,168,88,15,26,39
0x5bba2a,65.5462%,41,78,119,63,33,8,15
0xa51bb0,65.8333%,41,79,120,48,31,10,31
0x5936c4,96.7767%,41,1231,1272,0,0,41,1231
0xa942fe,61.3208%,41,65,106,54,31,10,11
0x952bbd,91.0088%,41,415,456,415,41,0,0
0x818ddc,95.0423%,41,786,827,27,24,17,759
0xa942f1,69.403%,41,93,134,22,22,19,71
0x5c3313,78.534%,41,150,191,40,24,17,110
0xa34a5c,76.8362%,41,136,177,99,37,4,37
0x99e90b,60.9524%,41,64,105,23,27,14,41
0xace338,82.4034%,41,192,233,60,25,16,132
0x63c876,95.7336%,41,920,961,572,6,35,348
0x54f3c7,95.8918%,41,957,998,957,19,22,0
0x8de111,98.298%,41,2368,2409,2368,41,0,0
0x8bb439,89.5141%,41,350,391,0,0,41,350
0x510bff,86.859%,41,271,312,271,41,0,0
0xa46488,78.7565%,41,152,193,3,26,15,149
0x9f94d2,65.8333%,41,79,120,3,7,34,76
0x409ef4,67.9688%,41,87,128,12,35,6,75
0x9dffee,96.1825%,41,1033,1074,335,6,35,698
0x8193fa,94.9383%,41,769,810,0,34,7,769
0x49ff3c,99.0085%,41,4094,4135,992,27,14,3102
0x9ead69,77.3481%,41,140,181,62,10,31,78
0x9693f7,52.3256%,41,45,86,45,41,0,0
0x4a57e0,62.7273%,41,69,110,69,41,0,0
0xb0c663,99.2082%,41,5137,5178,0,0,41,5137
0x5481fa,99.3996%,41,6788,6829,0,0,41,6788
0xa60aa5,89.0957%,41,335,376,282,22,19,53
0x9eb78b,75.1515%,41,124,165,75,11,30,49
0x5906c4,97.1587%,41,1402,1443,1402,41,0,0
0x67061e,69.1729%,41,92,133,65,27,14,27
0x5350a9,59%,41,59,100,0,0,41,59
0x63ccb0,95.0061%,41,780,821,605,16,25,175
0x5e45fe,97.283%,41,1468,1509,1468,41,0,0
0xaa05ab,44.5946%,41,33,74,10,21,20,23
0x942731,99.5079%,41,8290,8331,8290,41,0,0
0x811e87,98.3574%,41,2455,2496,46,37,4,2409
0x9e298e,94.2976%,41,678,719,0,0,41,678
0xaa2d69,86.5132%,41,263,304,263,41,0,0
0xa35b38,98.7412%,41,3216,3257,3201,24,17,15
0x4b6b73,65.8333%,41,79,120,19,25,16,60
0x4fdafd,87.1473%,41,278,319,11,25,16,267
0x627ab3,83.9216%,41,214,255,192,32,9,22
0x44651a,97.9469%,41,1956,1997,5,21,20,1951
0x98f974,84.0467%,41,216,257,0,0,41,216
0x4a975b,71.1268%,41,101,142,57,25,16,44
0xaaaf8d,85.2518%,41,237,278,185,14,27,52
0x65a3af,94.9939%,41,778,819,66,8,33,712
0x54eccc,40.5797%,41,28,69,0,0,41,28
0x9f267b,90.5093%,41,391,432,391,41,0,0
0x5b9d4d,77.8378%,41,144,185,105,7,34,39
0x50164b,97.1248%,41,1385,1426,32,20,21,1353
0xa31400,51.7647%,41,44,85,44,41,0,0
0x5f832a,92.4771%,41,504,545,501,25,16,3
0x951001,90.4429%,41,388,429,194,23,18,194
0x942825,97.574%,41,1649,1690,1649,41,0,0
0x511c4c,98.9914%,41,4024,4065,4024,27,14,0
0x8ed03b,29.3103%,41,17,58,7,3,38,10
0x67b89b,74.0506%,41,117,158,117,41,0,0
0xa28173,87.7612%,41,294,335,116,10,31,178
0x901f6d,99.1262%,41,4651,4692,4651,41,0,0
0x5bacd8,73.2026%,41,112,153,11,13,28,101
0x9498aa,48.1013%,41,38,79,38,41,0,0
0x8fed0d,84.7584%,41,228,269,2,2,39,226
0x905c67,94.4892%,41,703,744,419,27,14,284
0x40e2c3,94.2335%,41,670,711,245,12,29,425
0xa5c597,62.3853%,41,68,109,16,25,16,52
0xa54ed3,86.2876%,41,258,299,255,20,21,3
0x50fe1c,98.0504%,41,2062,2103,1,1,40,2061
0x49c775,94.3526%,41,685,726,685,41,0,0
0xa59009,65.5462%,41,78,119,60,17,24,18
0x4bba41,63.3929%,41,71,112,55,1,40,16
0x8076ea,86.0068%,41,252,293,71,16,25,181
0x901fd5,99.1262%,41,4651,4692,0,0,41,4651
0x5ff6b3,59.4059%,41,60,101,6,20,21,54
0x81b11d,64.6552%,41,75,116,23,27,14,52
0x405e1a,82.7731%,41,197,238,144,22,19,53
0x537af4,97.9922%,41,2001,2042,0,0,41,2001
0x49ec74,87.2671%,41,281,322,281,41,0,0
0x81b09a,82.6271%,41,195,236,2,30,11,193
0x509f94,96.3196%,41,1073,1114,1073,41,0,0
0x8bb0ce,89.9756%,41,368,409,366,40,1,2
0xa019d0,82.7004%,41,196,237,196,29,12,0
0xaa2c7a,94.3604%,41,686,727,601,8,33,85
0x8fcc1e,92.8819%,41,535,576,45,25,16,490
0x7d2ec0,95.0957%,41,795,836,34,2,39,761
0x9f5ecf,90.2844%,41,381,422,381,41,0,0
0x4994a3,80%,41,164,205,160,40,1,4
0x4a1c70,97.3394%,41,1500,1541,0,25,16,1500
0x9a6f88,76.5714%,41,134,175,128,22,19,6
0x4a9728,71.1268%,41,101,142,60,22,19,41
0x8dad6d,73.5484%,41,114,155,88,17,24,26
0x78eed4,71.3287%,41,102,143,102,41,0,0
0x8e48ab,96.4286%,41,1107,1148,0,20,21,1107
0x970ec6,97.7005%,41,1742,1783,0,0,41,1742
0x643475,93.6826%,41,608,649,590,34,7,18
0x8ef17f,78.6458%,41,151,192,134,26,15,17
0x60dbcf,82.6271%,41,195,236,10,28,13,185
0x8bcaa9,72.2973%,41,107,148,0,0,41,107
0x48a67f,94.0922%,41,653,694,653,41,0,0
0xb3729b,98.4003%,41,2522,2563,13,30,11,2509
0xae4156,88.2521%,41,308,349,201,26,15,107
0xb347c4,67.9688%,41,87,128,0,0,41,87
0x9f27aa,97.1004%,41,1373,1414,1373,41,0,0
0x538594,99.7313%,41,15219,15260,0,0,41,15219
0x8f2a11,88.9785%,41,331,372,42,23,18,289
0x8f6ea4,92.6916%,41,520,561,8,8,33,512
0x814d52,85.4093%,41,240,281,10,31,10,230
0x9f6c51,91.4938%,41,441,482,238,13,28,203
0x78d5be,95.2874%,41,829,870,10,8,33,819
0x974603,73.0263%,41,111,152,46,24,17,65
0x8ff7c5,99.2721%,40,5455,5495,5455,40,0,0
0xb2e63a,99.8118%,40,21214,21254,0,0,40,21214
0x53892b,33.3333%,40,20,60,20,32,8,0
0x9e28b6,89.5561%,40,343,383,343,40,0,0
0x8fd01e,72.7891%,40,107,147,77,26,14,30
0x807700,86.3481%,40,253,293,158,18,22,95
0x54eb4b,6.97674%,40,3,43,3,40,0,0
0x404334,98.5152%,40,2654,2694,2654,40,0,0
0x501856,98.7681%,40,3207,3247,0,0,40,3207
0xa3978e,98.1958%,40,2177,2217,0,0,40,2177
0x40ed79,96.7742%,40,1200,1240,1197,17,23,3
0x5013ae,98.8669%,40,3490,3530,3490,40,0,0
0x547cd4,93.311%,40,558,598,433,15,25,125
0x542427,98.2525%,40,2249,2289,0,0,40,2249
0x945087,91.5074%,40,431,471,431,40,0,0
0x9a34e8,72.6027%,40,106,146,10,18,22,96
0xa50bf8,72.973%,40,108,148,30,28,12,78
0x48dc47,99.1037%,40,4423,4463,0,0,40,4423
0x507cee,63.3028%,40,69,109,47,26,14,22
0xa25ef4,78.7234%,40,148,188,17,30,10,131
0x9c4162,88.8889%,40,320,360,17,17,23,303
0x8a5e08,91.8699%,40,452,492,149,29,11,303
0x5912fe,86.1592%,40,249,289,127,20,20,122
0x40ec52,95.8377%,40,921,961,661,13,27,260
0x546a01,44.4444%,40,32,72,32,36,4,0
0xb2e667,99.8118%,40,21214,21254,0,0,40,21214
0x9aba92,84.3137%,40,215,255,5,20,20,210
0xa55e14,68.9922%,40,89,129,14,26,14,75
0x64df69,92.6335%,40,503,543,6,13,27,497
0x5c6c2a,98.1378%,40,2108,2148,2108,40,0,0
0x901295,77.7778%,40,140,180,131,22,18,9
0x9f5917,77.9006%,40,141,181,0,0,40,141
0x8a50a3,81.2207%,40,173,213,170,18,22,3
0xa55ef7,55.0562%,40,49,89,21,24,16,28
0xa33a6e,92.8699%,40,521,561,387,22,18,134
0xa9ed87,50.6173%,40,41,81,29,38,2,12
0x807648,92.7273%,40,510,550,44,15,25,466
0x8ab512,86.9281%,40,266,306,266,40,0,0
0x5345cb,98.5632%,40,2744,2784,2744,40,0,0
0x5c33c7,82.5328%,40,189,229,1,7,33,188
0x806eaa,89.7959%,40,352,392,273,9,31,79
0x53a330,91.1504%,40,412,452,380,9,31,32
0x971431,52.9412%,40,45,85,43,35,5,2
0x5fd765,78.2609%,40,144,184,64,28,12,80
0x4a83e3,56.5217%,40,52,92,52,40,0,0
0x555e32,90.4762%,40,380,420,302,13,27,78
0x8d24c0,51.2195%,40,42,82,18,22,18,24
0x539dd0,94.6164%,40,703,743,88,27,13,615
0x5fa411,65.812%,40,77,117,8,13,27,69
0x5427a4,89.6373%,40,346,386,171,22,18,175
0x49de63,59.1837%,40,58,98,23,19,21,35
0x556b2f,95.9799%,40,955,995,77,13,27,878
0x49b093,87.5%,40,280,320,17,26,14,263
0x944c5a,77.6536%,40,139,179,139,40,0,0
0xb1b6f2,96.0199%,40,965,1005,1,18,22,964
0x48a57e,98.9119%,40,3636,3676,0,0,40,3636
0x90fe90,98.951%,40,3773,3813,0,0,40,3773
0x96bfb9,94.8052%,40,730,770,730,40,0,0
0x94266d,91.7184%,40,443,483,443,40,0,0
0x4894ee,95.4233%,40,834,874,834,40,0,0
0x4c4095,80.3922%,40,164,204,88,24,16,76
0x8e1b29,64.2857%,40,72,112,14,31,9,58
0x9edfb9,86.5772%,40,258,298,258,40,0,0
0x81c57b,88.5057%,40,308,348,156,12,28,152
0xa50c11,55.5556%,40,50,90,16,20,20,34
0xaa03a8,66.9421%,40,81,121,78,37,3,3
0x48a308,98.0852%,40,2049,2089,2049,40,0,0
0x4ba0cf,88.2353%,40,300,340,57,22,18,243
0xb326d1,99.3791%,40,6402,6442,6402,40,0,0
0xb32392,95.872%,40,929,969,0,0,40,929
0x50adfd,70.5882%,40,96,136,34,30,10,62
0xb1497b,99.0606%,40,4218,4258,0,0,40,4218
0x403876,93.8744%,40,613,653,229,34,6,384
0x44656f,93.1741%,40,546,586,0,0,40,546
0x5b9c88,78.3784%,40,145,185,123,19,21,22
0x94c697,92.9078%,40,524,564,524,40,0,0
0x49e158,97.0326%,40,1308,1348,0,0,40,1308
0x494f2d,93.7008%,40,595,635,72,38,2,523
0xa5f8a3,88.6364%,40,312,352,312,32,8,0
0xa336cc,95.3704%,40,824,864,542,12,28,282
0x4a57ad,63.6364%,40,70,110,27,28,12,43
0x542f5b,98.0676%,40,2030,2070,2030,40,0,0
0x506f0e,58.7629%,40,57,97,47,30,10,10
0xa28113,80.8612%,40,169,209,169,37,3,0
0x77ff2b,80.6763%,40,167,207,25,19,21,142
0x9a9c47,85.1301%,40,229,269,229,40,0,0
0x8e2ff3,97.9767%,40,1937,1977,0,0,40,1937
0x506fc3,94.5946%,40,700,740,0,0,40,700
0xa9105c,80.198%,40,162,202,100,16,24,62
0x8da1bc,73.6842%,40,112,152,61,8,32,51
0xb31375,95.872%,40,929,969,0,0,40,929
0xa023c3,91.4894%,40,430,470,0,0,40,430
0x5cb0f7,95.4853%,40,846,886,38,10,30,808
0x821c46,86.014%,40,246,286,195,20,20,51
0x48a62e,97.7077%,40,1705,1745,0,0,40,1705
0x4bc147,79.6954%,40,157,197,7,6,34,150
0x502d87,78.7234%,40,148,188,148,40,0,0
0x544d2a,82.1429%,40,184,224,63,29,11,121
0x503d27,23.0769%,40,12,52,12,40,0,0
0x98ccd3,82.7586%,40,192,232,88,2,38,104
0x98fac9,84.4358%,40,217,257,217,40,0,0
0x9e750b,95.8159%,40,916,956,323,29,11,593
0x53ab34,60%,40,60,100,41,12,28,19
0x501639,97.264%,40,1422,1462,10,26,14,1412
0x8dd093,94.4598%,40,682,722,600,21,19,82
0x8a7806,91.3978%,40,425,465,420,19,21,5
0x54eb0a,43.4783%,39,30,69,30,39,0,0
0x5119fe,88%,39,286,325,8,6,33,278
0x9abcf3,96.5998%,39,1108,1147,1107,25,14,1
0x403db0,99.3662%,39,6114,6153,6106,31,8,8
0x8217f0,93.3219%,39,545,584,0,0,39,545
0x5cb0cd,95.5982%,39,847,886,35,34,5,812
0xa5706a,76.6467%,39,128,167,18,21,18,110
0x5d1e5b,64.5455%,39,71,110,71,39,0,0
0x80c2d9,83.5443%,39,198,237,1,32,7,197
0x4bc7a3,80.5%,39,161,200,94,12,27,67
0x808d0c,99.6367%,39,10695,10734,1223,5,34,9472
0x404599,93.401%,39,552,591,339,28,11,213
0x8dcb46,98.3036%,39,2260,2299,644,24,15,1616
0x81e675,98.1707%,39,2093,2132,2072,13,26,21
0x556e4b,90.7143%,39,381,420,74,34,5,307
0x5d1a7e,64.5455%,39,71,110,71,39,0,0
0x813fe3,99.058%,39,4101,4140,3432,18,21,669
0x949639,93.0851%,39,525,564,525,39,0,0
0x7ce546,85.8182%,39,236,275,19,25,14,217
0x539390,90.4645%,39,370,409,370,13,26,0
0x911903,96.2319%,39,996,1035,82,14,25,914
0x5e6146,97.4155%,39,1470,1509,1464,35,4,6
0xaab62f,94.7861%,39,709,748,709,39,0,0
0x8df13c,98.8309%,39,3297,3336,3297,32,7,0
0xb30265,99.3945%,39,6402,6441,0,0,39,6402
0xb31c55,99.8196%,39,21576,21615,0,0,39,21576
0x50f98b,94.507%,39,671,710,24,6,33,647
0xb46679,99.8282%,39,22667,22706,0,1,38,22667
0x5ffe1d,56.1798%,39,50,89,23,20,19,27
0x504421,87.1287%,39,264,303,249,36,3,15
0x53c73b,90.3465%,39,365,404,103,13,26,262
0x98d006,97.6421%,39,1615,1654,1614,28,11,1
0x8f2aae,96.4088%,39,1047,1086,22,23,16,1025
0xa919cc,94.4759%,39,667,706,0,4,35,667
0x48b3e2,82.6667%,39,186,225,4,8,31,182
0x40ddaa,99.5325%,39,8304,8343,8304,39,0,0
0x8f2a01,94.4286%,39,661,700,328,8,31,333
0x8e0aa5,93.3447%,39,547,586,104,37,2,443
0xa4a762,81.8605%,39,176,215,176,16,23,0
0x48c0f0,72.9167%,39,105,144,34,24,15,71
0x807f10,70.229%,39,92,131,50,19,20,42
0x944328,93.8871%,39,599,638,426,26,13,173
0x8e1ffc,84.0164%,39,205,244,14,16,23,191
0xa2d9e5,90.9931%,39,394,433,388,25,14,6
0xa0383c,99.268%,39,5289,5328,0,0,39,5289
0x50cedb,68.5484%,39,85,124,0,0,39,85
0x820997,98.2028%,39,2131,2170,2131,39,0,0
0x60b15e,99.4593%,39,7174,7213,7174,39,0,0
0x498640,61.7647%,39,63,102,45,30,9,18
0xb30197,92.3828%,39,473,512,0,0,39,473
0x405c1b,96.5548%,39,1093,1132,6,16,23,1087
0x402315,99.2424%,39,5109,5148,0,0,39,5109
0x8a90c6,96.5116%,39,1079,1118,11,11,28,1068
0x8a9f3c,90.1515%,39,357,396,350,8,31,7
0x49ec4a,66.9492%,39,79,118,79,39,0,0
0xa935e8,76.9231%,39,130,169,60,28,11,70
0xb2e6b9,99.8165%,39,21215,21254,0,0,39,21215
0x90ad82,95.9417%,39,922,961,789,23,16,133
0x819de8,88.0734%,39,288,327,286,25,14,2
0x54faec,72.7273%,39,104,143,103,35,4,1
0x8b9b2d,90.9302%,39,391,430,353,19,20,38
0x4a75c6,75%,39,117,156,0,2,37,117
0x501895,93.0233%,39,520,559,520,39,0,0
0xa589e8,71.7391%,39,99,138,74,24,15,25
0x5971ec,86.4583%,39,249,288,4,22,17,245
0x7809ae,60.2041%,39,59,98,14,7,32,45
0x8e4831,98.3036%,39,2260,2299,482,27,12,1778
0xa548ac,91.9918%,39,448,487,423,10,29,25
0xa56f0b,84.8837%,39,219,258,26,27,12,193
0x5fd78f,97.4593%,39,1496,1535,1496,31,8,0
0x9ef296,77.5862%,39,135,174,121,20,19,14
0x812349,92.8309%,39,505,544,253,28,11,252
0x9a9e95,78.0899%,39,139,178,79,18,21,60
0x591206,86.5052%,39,250,289,0,0,39,250
0x53f5f9,98.1767%,39,2100,2139,0,0,39,2100
0xaa8059,92.6276%,39,490,529,0,0,39,490
0x5bd0c3,95.9544%,39,925,964,900,20,19,25
0x48db62,97.7966%,39,1731,1770,1422,19,20,309
0x55796a,92.4419%,39,477,516,189,31,8,288
0xa57949,69.7674%,39,90,129,60,26,13,30
0x49977e,47.2973%,39,35,74,23,25,14,12
0x8da758,89.4595%,39,331,370,331,33,6,0
0x97bbdc,77.8409%,39,137,176,92,22,17,45
0x8fe0cf,51.25%,39,41,80,1,7,32,40
0x8f5aa8,94.5531%,39,677,716,664,19,20,13
0x90ad16,95.9417%,39,922,961,904,13,26,18
0x8fe314,97.5269%,39,1538,1577,0,0,39,1538
0x9f19cb,89.8172%,39,344,383,0,0,39,344
0x9484c7,97.2954%,39,1403,1442,1403,39,0,0
0x8dcb5a,98.3036%,39,2260,2299,1512,9,30,748
0x90a995,47.2973%,39,35,74,9,19,20,26
0x8ab0ce,95.4439%,39,817,856,0,0,39,817
0x64b516,98.3404%,39,2311,2350,1772,32,7,539
0x8c82b9,93.0108%,39,519,558,512,14,25,7
0x512812,90.1763%,39,358,397,20,9,30,338
0x8edbb1,93.5108%,39,562,601,128,24,15,434
0x5f083c,87.2549%,39,267,306,262,10,29,5
0x60df96,77.5862%,39,135,174,58,18,21,77
0x58c028,48.6842%,39,37,76,0,0,39,37
0x543720,93.2056%,39,535,574,534,14,25,1
0x9428f7,82.9694%,39,190,229,190,39,0,0
0xb3279a,99.3946%,39,6403,6442,0,0,39,6403
0x543960,88.9518%,39,314,353,314,26,13,0
0x40dfcd,69.7674%,39,90,129,90,30,9,0
0x6482fd,96.0204%,39,941,980,11,29,10,930
0x942602,80.203%,39,158,197,47,29,10,111
0x60a869,90.7583%,39,383,422,3,24,15,380
0x5feea7,49.3506%,39,38,77,31,17,22,7
0x5c3649,94.5682%,39,679,718,679,39,0,0
0xa3966f,97.4514%,38,1453,1491,0,0,38,1453
0x542820,99.572%,38,8840,8878,40,21,17,8800
0x8eedea,85.9779%,38,233,271,113,18,20,120
0x9e3ec3,91.2844%,38,398,436,80,16,22,318
0x8a6ffb,97.3901%,38,1418,1456,145,23,15,1273
0x4898dc,90.0524%,38,344,382,0,0,38,344
0x9eb744,69.6%,38,87,125,75,7,31,12
0x9f25b8,61.6162%,38,61,99,40,20,18,21
0xb2edcb,84.1004%,38,201,239,0,4,34,201
0xa90dd5,72.2628%,38,99,137,45,14,24,54
0x90430e,93.5702%,38,553,591,553,24,14,0
0xa46658,83.6207%,38,194,232,194,38,0,0
0xa451ce,90.4523%,38,360,398,3,15,23,357
0x5011eb,99.0423%,38,3930,3968,0,0,38,3930
0x64b552,97.8936%,38,1766,1804,1736,16,22,30
0x5d22be,96.9478%,38,1207,1245,254,30,8,953
0x96925d,80.9045%,38,161,199,0,0,38,161
0x9694e1,98.4114%,38,2354,2392,1,3,35,2353
0x534fbb,64.1509%,38,68,106,8,34,4,60
0x7acef2,54.2169%,38,45,83,18,38,0,27
0x9c4189,89.4444%,38,322,360,6,22,16,316
0x810938,73.6111%,38,106,144,94,26,12,12
0x9f1d2f,76.5432%,38,124,162,0,7,31,124
0xa52279,75.3247%,38,116,154,116,38,0,0
0x9e0ba7,85.214%,38,219,257,6,22,16,213
0x8e0bc9,99.0933%,38,4153,4191,98,20,18,4055
0x900252,93.7705%,38,572,610,568,30,8,4
0x8da1da,82.8054%,38,183,221,107,21,17,76
0x9bc71d,85.6061%,38,226,264,224,18,20,2
0x539000,90.709%,38,371,409,368,15,23,3
0x811cd7,94.8229%,38,696,734,456,15,23,240
0x5ff958,77.7778%,38,133,171,97,21,17,36
0x53ef54,87.6623%,38,270,308,142,12,26,128
0x8fd3e5,94.0625%,38,602,640,24,11,27,578
0x8a7027,61.6162%,38,61,99,31,25,13,30
0x404450,97.1168%,38,1280,1318,1272,6,32,8
0x8fd58f,98.3478%,38,2262,2300,0,0,38,2262
0xa301bf,87.3754%,38,263,301,89,17,21,174
0x9f1d95,51.2821%,38,40,78,0,0,38,40
0x9c386f,89.2655%,38,316,354,316,38,0,0
0x8fed89,98.7075%,38,2902,2940,2902,38,0,0
0x9a468c,94.4767%,38,650,688,650,38,0,0
0x4106f4,81.1881%,38,164,202,164,29,9,0
0x8ef134,91.5743%,38,413,451,84,28,10,329
0x9f0969,96.2151%,38,966,1004,794,10,28,172
0xa313d7,55.2941%,38,47,85,34,24,14,13
0x5bb133,62.7451%,38,64,102,2,17,21,62
0x974614,53.6585%,38,44,82,11,25,13,33
0x81232a,82.3256%,38,177,215,101,15,23,76
0x807c48,82.9596%,38,185,223,98,16,22,87
0x502746,95.2081%,38,755,793,25,25,13,730
0x552209,98.1345%,38,1999,2037,1999,38,0,0
0x53f092,75.9494%,38,120,158,118,36,2,2
0x9e40eb,83.0357%,38,186,224,53,17,21,133
0x610d7e,99.6233%,38,10049,10087,10049,38,0,0
0x543cae,79.6791%,38,149,187,124,11,27,25
0x9e0477,81.9905%,38,173,211,88,9,29,85
0x9e03a6,96.3671%,38,1008,1046,125,27,11,883
0x9a7590,90.8213%,38,376,414,375,21,17,1
0x8dcd36,98.3471%,38,2261,2299,1773,17,21,488
0x8c7543,97.9493%,38,1815,1853,1769,11,27,46
0xb2159d,94.6853%,38,677,715,677,38,0,0
0x552188,97.5357%,38,1504,1542,1,21,17,1503
0x4bb447,81.8182%,38,171,209,150,10,28,21
0x835d90,58.2418%,38,53,91,6,32,6,47
0x820dd8,84.4262%,38,206,244,0,0,38,206
0x5a917d,89.2351%,38,315,353,294,30,8,21
0x50136b,97.6427%,38,1574,1612,0,0,38,1574
0x4936e3,69.6%,38,87,125,69,13,25,18
0x90abbe,96.0458%,38,923,961,83,17,21,840
0x781828,66.3717%,38,75,113,69,38,0,6
0x8a5e54,87.8981%,38,276,314,112,26,12,164
0xb147f8,99.1076%,38,4220,4258,0,0,38,4220
0x4bb9d8,65.7658%,38,73,111,38,11,27,35
0x499c54,64.1509%,38,68,106,21,32,6,47
0x8ec3b7,79.4595%,38,147,185,145,14,24,2
0x9c4069,91.8455%,38,428,466,2,21,17,426
0x48aee3,94.5245%,38,656,694,1,13,25,655
0x50d01a,79.7872%,38,150,188,42,26,12,108
0x66d3e2,98.0042%,38,1866,1904,1866,32,6,0
0x9019fc,55.814%,38,48,86,19,10,28,29
0x5043bf,94.5559%,38,660,698,652,26,12,8
0x48aabd,99.2988%,38,5381,5419,862,29,9,4519
0x510fc3,97.7971%,38,1687,1725,0,0,38,1687
0x9ed3e7,85.3282%,38,221,259,114,34,4,107
0x9a6056,68.3333%,38,82,120,77,28,10,5
0x539bb4,95.25%,38,762,800,522,23,15,240
0x7b2995,73.0496%,38,103,141,58,30,8,45
0x50ee16,72.2628%,38,99,137,28,21,17,71
0x8f2832,95.966%,38,904,942,883,15,23,21
0x606abd,83.1111%,38,187,225,31,18,20,156
0x94c7c6,92.0668%,38,441,479,441,38,0,0
0x7d0ce5,95.874%,38,883,921,74,29,9,809
0x5eb8c9,95.5504%,38,816,854,0,0,38,816
0x8e4633,97.5016%,38,1483,1521,1123,25,13,360
0x8ffb13,86.4286%,38,242,280,242,38,0,0
0xa91020,90.8654%,38,378,416,191,11,27,187
0x5580be,59.1398%,38,55,93,55,38,0,0
0x8fe054,98.7438%,38,2987,3025,0,0,38,2987
0x545e0d,96.9502%,38,1208,1246,1208,38,0,0
0x8dfecd,89.7849%,38,334,372,117,13,25,217
0x9f2a50,82.0755%,38,174,212,97,11,27,77
0xa39d73,95.0777%,38,734,772,730,32,6,4
0x8f3f28,97.8652%,38,1742,1780,62,29,9,1680
0x94d65e,93.2624%,38,526,564,523,37,1,3
0x9f5aa4,52.5%,38,42,80,0,0,38,42
0x510fd8,98.4477%,38,2410,2448,0,1,37,2410
0xa26048,92.9236%,38,499,537,42,13,25,457
0x53aeeb,28.3019%,38,15,53,6,35,3,9
0x821f3e,73.6111%,38,106,144,43,29,9,63
0x9ab0f7,94.6853%,38,677,715,677,38,0,0
0x4043fc,98.4074%,38,2348,2386,203,26,12,2145
0xa5003e,53.0864%,38,43,81,20,23,15,23
0x4a1235,95.2912%,38,769,807,769,38,0,0
0xa35258,98.0052%,38,1867,1905,1867,35,3,0
0x638858,98.9856%,38,3708,3746,0,0,38,3708
0x9ab0e8,94.8787%,38,704,742,2,25,13,702
0x49e17e,98.8551%,38,3281,3319,0,0,38,3281
0x782a03,84.1667%,38,202,240,60,24,14,142
0x48d83d,97.9581%,38,1823,1861,0,0,38,1823
0x977f79,71.4286%,38,95,133,0,0,38,95
0x8ab5a7,95.3144%,38,773,811,262,11,27,511
0x402d12,87.541%,38,267,305,125,8,30,142
0x819ba5,95.4923%,38,805,843,529,32,6,276
0x53446d,99.7401%,38,14584,14622,0,0,38,14584
0x8f58d3,98.5452%,38,2574,2612,2574,38,0,0
0x8e1da0,90.3308%,38,355,393,350,20,18,5
0x4b49ca,70.9924%,38,93,131,68,7,31,25
0x8e59c5,81.7308%,38,170,208,170,38,0,0
0x808769,63.1068%,38,65,103,29,16,22,36
0xaa2c56,98.1047%,38,1967,2005,0,0,38,1967
0x667016,89.049%,38,309,347,300,20,18,9
0x9f4e4e,89.1117%,38,311,349,84,38,0,227
0x5c566c,83.5498%,38,193,231,0,0,38,193
0x8def34,70.9924%,38,93,131,86,7,31,7
0x95194b,83.9662%,38,199,237,61,19,19,138
0x5344b0,99.5743%,38,8888,8926,0,0,38,8888
0x9e1974,95.3086%,38,772,810,772,38,0,0
0x53431e,62.3762%,38,63,101,0,0,38,63
0x8a8b97,65.7658%,38,73,111,52,18,20,21
0x6104d5,85.5513%,38,225,263,0,0,38,225
0x9f5149,89.1117%,38,311,349,0,4,34,311
0x904006,81.1224%,37,159,196,136,17,20,23
0x8121bd,88.8554%,37,295,332,147,19,18,148
0x4b4f82,47.8873%,37,34,71,9,16,21,25
0x9428c5,83.8428%,37,192,229,192,37,0,0
0xad8021,99.389%,37,6019,6056,0,0,37,6019
0x547f05,93.211%,37,508,545,5,14,23,503
0x943be2,73.3813%,37,102,139,102,37,0,0
0x48d881,97.9237%,37,1745,1782,1743,26,11,2
0x9fe2cd,78.8571%,37,138,175,9,22,15,129
0xa326fe,63.3663%,37,64,101,59,13,24,5
0xa938e0,78.1065%,37,132,169,122,11,26,10
0x8a54e6,70.6349%,37,89,126,3,12,25,86
0xa3550a,87.987%,37,271,308,13,2,35,258
0xa52a91,80.3191%,37,151,188,21,3,34,130
0xa39b02,86.4469%,37,236,273,236,37,0,0
0x4a1d21,97.599%,37,1504,1541,1504,37,0,0
0x9d2040,63.3663%,37,64,101,2,26,11,62
0x5103fb,98.3004%,37,2140,2177,2140,37,0,0
0x9e24d3,90.5852%,37,356,393,141,9,28,215
0x53df4d,99.1891%,37,4526,4563,0,0,37,4526
0x510eaa,98.499%,37,2428,2465,2316,18,19,112
0x8d3c2b,92.8016%,37,477,514,244,26,11,233
0x66f58a,72.1805%,37,96,133,94,10,27,2
0xa58fdb,68.9076%,37,82,119,57,21,16,25
0x5030ba,99.0479%,37,3849,3886,0,0,37,3849
0x8e2d48,88.1029%,37,274,311,263,27,10,11
0x787c55,95.7811%,37,840,877,840,37,0,0
0x805a89,83.7004%,37,190,227,162,19,18,28
0xa9257a,82.1256%,37,170,207,9,9,28,161
0x9eef8a,69.1667%,37,83,120,4,27,10,79
0x809448,95.6368%,37,811,848,791,23,14,20
0x8deda6,99.0183%,37,3732,3769,0,0,37,3732
0x970f3b,98.6163%,37,2637,2674,2637,37,0,0
0x50bfbb,43.9394%,37,29,66,27,36,1,2
0x48c878,94.4858%,37,634,671,632,29,8,2
0xb17ac7,96.5127%,37,1024,1061,328,18,19,696
0x49dfd9,81.1224%,37,159,196,16,24,13,143
0xa262f3,93.9245%,37,572,609,112,29,8,460
0x9f938a,56.9767%,37,49,86,32,20,17,17
0xa355e0,87.7483%,37,265,302,265,37,0,0
0x5bb3de,97.1161%,37,1246,1283,0,33,4,1246
0x811e53,76.129%,37,118,155,42,25,12,76
0x8f3f9b,90.4145%,37,349,386,126,20,17,223
0x8fe56b,99.2199%,37,4706,4743,0,0,37,4706
0xa272a4,92.8155%,37,478,515,0,0,37,478
0xa52ba0,82.5472%,37,175,212,0,0,37,175
0x4a6573,74.4828%,37,108,145,36,23,14,72
0x53f16f,75.974%,37,117,154,117,32,5,0
0x502076,44.7761%,37,30,67,26,10,27,4
0x402c00,99.599%,37,9189,9226,0,0,37,9189
0x8062ea,82.381%,37,173,210,104,5,32,69
0x8fe5a9,91.1271%,37,380,417,0,0,37,380
0x9e2f24,85.9316%,37,226,263,0,0,37,226
0x8217e3,93.6644%,37,547,584,0,0,37,547
0x7810b2,79.4444%,37,143,180,31,1,36,112
0xa5105c,90.1596%,37,339,376,58,25,12,281
0x40e3aa,91.6854%,37,408,445,0,4,33,408
0x8dc1d4,98.3906%,37,2262,2299,656,12,25,1606
0x8dfcdf,94.7143%,37,663,700,663,37,0,0
0x64f45c,69.6721%,37,85,122,72,26,11,13
0x5993f8,55.9524%,37,47,84,47,37,0,0
0x81d1bb,86.7384%,37,242,279,213,6,31,29
0x50e495,61.8557%,37,60,97,40,21,16,20
0x8fd41f,97.8637%,37,1695,1732,0,0,37,1695
0x502f8a,78.2353%,37,133,170,133,37,0,0
0x618905,88.2911%,37,279,316,226,15,22,53
0x63870e,99.0694%,37,3939,3976,3002,13,24,937
0x4a1378,68.6441%,37,81,118,8,19,18,73
0x5fe2d3,96.5094%,37,1023,1060,7,29,8,1016
0x5c3367,83.8428%,37,192,229,91,18,19,101
0x4ac146,78.4884%,37,135,172,135,37,0,0
0x40d104,99.4751%,37,7012,7049,0,0,37,7012
0x60a9b8,92.6%,37,463,500,463,37,0,0
0x944977,83.3333%,37,185,222,137,15,22,48
0xaaaf7e,95.5206%,37,789,826,789,37,0,0
0x90023a,94.0514%,37,585,622,1,6,31,584
0x81f158,98.0809%,37,1891,1928,1046,21,16,845
0x60a898,97.7976%,37,1643,1680,1550,17,20,93
0x507a74,26%,37,13,50,13,37,0,0
0x978564,87.108%,37,250,287,0,0,37,250
0xa4de56,69.4215%,37,84,121,13,27,10,71
0x48dcca,99.4701%,37,6946,6983,0,0,37,6946
0xa905d7,43.9394%,37,29,66,13,12,25,16
0x9a7ea0,79.8913%,37,147,184,136,23,14,11
0x8e9223,97.3796%,37,1375,1412,473,16,21,902
0x9e83fb,91.1695%,37,382,419,13,28,9,369
0x48eac5,93.5764%,37,539,576,47,36,1,492
0x55705d,85.0202%,37,210,247,59,16,21,151
0xa9e217,84.3882%,37,200,237,30,4,33,170
0x8dfe1c,89.3064%,37,309,346,164,22,15,145
0x54eb40,46.3768%,37,32,69,3,23,14,29
0x9e0fa9,66.055%,37,72,109,0,29,8,72
0x41024d,99.3732%,37,5866,5903,0,17,20,5866
0x8a73df,95.5097%,37,787,824,442,20,17,345
0x5e4524,97.548%,37,1472,1509,1360,28,9,112
0x535668,79.7814%,37,146,183,0,0,37,146
0x51b6ec,99.5156%,37,7601,7638,0,11,26,7601
0x8e7e43,88.8218%,37,294,331,76,31,6,218
0x555e3e,96.5772%,37,1044,1081,996,25,12,48
0x50d2d1,97.7287%,37,1592,1629,1309,22,15,283
0xa4578b,90.7035%,37,361,398,85,24,13,276
0xa5edf7,90.8642%,37,368,405,368,37,0,0
0x40d1bc,67.5439%,37,77,114,4,20,17,73
0x4c4339,98.2186%,37,2040,2077,21,33,4,2019
0x4885af,98.8235%,37,3108,3145,0,0,37,3108
0xa397bf,92.2269%,37,439,476,439,37,0,0
0x409ca3,81.1224%,37,159,196,22,17,20,137
0x5c6c80,97.7818%,37,1631,1668,1631,37,0,0
0x6616d6,91.2322%,37,385,422,102,20,17,283
0x4bcb98,75.4967%,37,114,151,20,11,26,94
0x977d04,87.3288%,37,255,292,127,16,21,128
0x49e552,77.0186%,37,124,161,0,0,37,124
0x54280c,99.5832%,37,8841,8878,0,0,37,8841
0x53c3f0,90.9535%,37,372,409,372,11,26,0
0x9fb648,87.9085%,37,269,306,34,26,11,235
0x9e7543,90.75%,37,363,400,162,16,21,201
0xa261d1,92.0601%,37,429,466,50,26,11,379
0x94e16d,90.9976%,37,374,411,374,37,0,0
0xaa4740,79.6703%,37,145,182,136,30,7,9
0x8fcbb4,97.2532%,37,1310,1347,0,0,37,1310
0x9e2701,82.381%,37,173,210,133,19,18,40
0x49faef,86.2963%,37,233,270,94,25,12,139
0x60e7ae,53.1646%,37,42,79,42,37,0,0
0x781868,92.6%,37,463,500,0,0,37,463
0x541bc5,95.0135%,37,705,742,0,0,37,705
0x4bf066,92.7593%,37,474,511,439,32,5,35
0xaade78,99.4763%,37,7028,7065,7028,37,0,0
0x8fbf3a,91.0843%,37,378,415,378,37,0,0
0x9f1570,95.7714%,37,838,875,835,29,8,3
0xa2fcd7,95.987%,37,885,922,856,23,14,29
0xa439d4,81.592%,37,164,201,4,11,26,160
0x9c3eaa,56.9767%,37,49,86,49,37,0,0
0x404d81,99.6087%,37,9419,9456,104,16,21,9315
0x5bd9b1,99.054%,37,3874,3911,3874,34,3,0
0x8fddbd,95.0798%,37,715,752,0,0,37,715
0x5570e3,84.7737%,37,206,243,206,37,0,0
0x4c51a6,88.6792%,36,282,318,97,30,6,185
0x639b86,44.6154%,36,29,65,29,36,0,0
0x5481af,99.6693%,36,10850,10886,0,0,36,10850
0x8ddad2,85.4839%,36,212,248,127,9,27,85
0x8184eb,58.1395%,36,50,86,17,17,19,33
0x4b66bb,66.0377%,36,70,106,61,15,21,9
0x4bc71a,84.4156%,36,195,231,160,28,8,35
0x9a9318,84.6154%,36,198,234,155,22,14,43
0x489a45,93.6731%,36,533,569,533,36,0,0
0xa5d05e,86.1004%,36,223,259,58,28,8,165
0x55216c,99.306%,36,5151,5187,0,0,36,5151
0x9e0821,96.2539%,36,925,961,0,0,36,925
0x8dd889,94.0887%,36,573,609,399,10,26,174
0x90272a,96.9231%,36,1134,1170,3,17,19,1131
0x5576d5,93.0233%,36,480,516,52,20,16,428
0x54f33c,96.4532%,36,979,1015,979,19,17,0
0x64b50e,98.4681%,36,2314,2350,0,0,36,2314
0x489d6e,99.4167%,36,6136,6172,0,0,36,6136
0xa33dfd,87.5433%,36,253,289,37,24,12,216
0x48ba6b,57.1429%,36,48,84,48,36,0,0
0xa25b00,96.4462%,36,977,1013,0,0,36,977
0x5c4c3b,98.0317%,36,1793,1829,1793,36,0,0
0x4ca489,96.1743%,36,905,941,877,18,18,28
0x54fa71,85.124%,36,206,242,206,36,0,0
0xa5f28f,97.493%,36,1400,1436,1397,35,1,3
0x781fd7,99.0674%,36,3824,3860,2869,11,25,955
0x9aad78,95.4603%,36,757,793,0,0,36,757
0x9c434d,74.2857%,36,104,140,104,34,2,0
0x7814cf,96.2065%,36,913,949,238,34,2,675
0x54566e,96.5779%,36,1016,1052,982,20,16,34
0x40e9e0,88.6435%,36,281,317,281,36,0,0
0x9e8698,54.4304%,36,43,79,43,36,0,0
0x8ecf1b,88.6792%,36,282,318,271,25,11,11
0x505aec,95.1351%,36,704,740,698,31,5,6
0x9eeecc,84.3478%,36,194,230,194,30,6,0
0x9d033c,91.4692%,36,386,422,40,14,22,346
0x5fb881,84.6154%,36,198,234,157,22,14,41
0x81fc06,88.8545%,36,287,323,93,19,17,194
0x9f0a34,87.9195%,36,262,298,13,11,25,249
0x8e186a,99.8512%,36,24163,24199,0,0,36,24163
0x7b7180,74.4681%,36,105,141,32,25,11,73
0x40ebf9,83.7104%,36,185,221,89,9,27,96
0x4ba0b9,91.5888%,36,392,428,64,24,12,328
0x4bb672,65.3846%,36,68,104,19,33,3,49
0x821492,98.1873%,36,1950,1986,0,0,36,1950
0xa497c7,88.0795%,36,266,302,33,31,5,233
0x5bceed,88.8199%,36,286,322,28,23,13,258
0x65a09e,97.8774%,36,1660,1696,146,6,30,1514
0x5436cb,78.6982%,36,133,169,18,9,27,115
0x610aec,92.0705%,36,418,454,67,25,11,351
0x943d43,74.1007%,36,103,139,94,35,1,9
0x556faf,85.4251%,36,211,247,117,25,11,94
0x908ca3,99.5497%,36,7958,7994,3714,6,30,4244
0x556fd6,74.6479%,36,106,142,25,32,4,81
0xa262fc,92.3077%,36,432,468,405,30,6,27
0x90ed93,98.0614%,36,1821,1857,1821,36,0,0
0x8dfd16,90.3226%,36,336,372,130,0,36,206
0x9ea733,62.8866%,36,61,97,53,20,16,8
0x40517e,99.5653%,36,8246,8282,8246,36,0,0
0x4b4a33,96.5484%,36,1007,1043,867,11,25,140
0x8ed72a,96.1783%,36,906,942,906,35,1,0
0x8a6ff5,97.619%,36,1476,1512,25,31,5,1451
0x544431,72.7273%,36,96,132,17,23,13,79
0x904187,94.7977%,36,656,692,656,36,0,0
0x9f5a8e,66.6667%,36,72,108,16,12,24,56
0x90acc2,82.5243%,36,170,206,61,27,9,109
0x4104f6,99.3612%,36,5600,5636,5600,36,0,0
0x8fc4a7,96.8142%,36,1094,1130,0,0,36,1094
0x66d438,98.0143%,36,1777,1813,44,12,24,1733
0xa56775,45.4545%,36,30,66,21,27,9,9
0x9a4577,96.4671%,36,983,1019,983,36,0,0
0x9a4570,96.4671%,36,983,1019,0,0,36,983
0xa4593c,90.7692%,36,354,390,317,22,14,37
0x64305b,89.5349%,36,308,344,0,0,36,308
0x8bb1cb,92.1053%,36,420,456,41,6,30,379
0x8a8fa3,91.4286%,36,384,420,111,29,7,273
0x8a77ac,50%,36,36,72,13,15,21,23
0x5422d2,89.1566%,36,296,332,0,0,36,296
0x4043e6,98.4912%,36,2350,2386,70,22,14,2280
0xa9e145,82.266%,36,167,203,145,18,18,22
0x81c2db,55%,36,44,80,11,23,13,33
0xa52898,91.3043%,36,378,414,6,12,24,372
0x50604b,95.1351%,36,704,740,704,36,0,0
0x8dc692,98.4341%,36,2263,2299,1502,19,17,761
0xa366f9,76.3158%,36,116,152,16,20,16,100
0x9a740c,93.3824%,36,508,544,508,26,10,0
0xa52238,76.6234%,36,118,154,29,25,11,89
0x8e9cbd,99.1989%,36,4458,4494,4458,31,5,0
0xa560b4,77.5%,36,124,160,56,24,12,68
0x8fe0a7,58.1395%,36,50,86,12,2,34,38
0x813b68,64.7059%,36,66,102,64,21,15,2
0x94d9eb,59.0909%,36,52,88,36,16,20,16
0x643555,95.288%,36,728,764,724,25,11,4
0x5908a1,98.3264%,36,2115,2151,0,0,36,2115
0x9f445c,63.6364%,36,63,99,45,32,4,18
0x8e4d93,97.6654%,36,1506,1542,1008,25,11,498
0xa02a3b,88.3495%,36,273,309,266,31,5,7
0x90e198,94.0299%,36,567,603,0,0,36,567
0x8b9cac,98.7944%,36,2950,2986,2884,29,7,66
0xa5c5af,47.0588%,36,32,68,30,20,16,2
0x64af41,99.3693%,36,5672,5708,0,0,36,5672
0x98cca8,98.0666%,36,1826,1862,0,0,36,1826
0x48c32c,75%,36,108,144,104,33,3,4
0x9fc06f,88.2353%,36,270,306,65,26,10,205
0x50ced1,86.0465%,36,222,258,127,7,29,95
0x54834f,99.7212%,36,12878,12914,12874,36,0,4
0xb17a01,96.607%,36,1025,1061,319,27,9,706
0x816b4b,98.4759%,36,2326,2362,827,15,21,1499
0x488ddf,99.0302%,36,3676,3712,0,0,36,3676
0xa272b2,93.0097%,36,479,515,352,26,10,127
0x551d13,63.6364%,36,63,99,51,34,2,12
0x5417ab,97.7598%,36,1571,1607,1568,31,5,3
0x59003d,81.8182%,36,162,198,79,20,16,83
0x94d26d,82.6087%,36,171,207,171,36,0,0
0x54f0cc,59.0909%,36,52,88,44,7,29,8
0x813da3,70%,36,84,120,5,17,19,79
0x9a9b56,70.2479%,36,85,121,85,36,0,0
0x5481eb,99.4759%,36,6833,6869,32,8,28,6801
0x4be3fb,58.1395%,36,50,86,43,11,25,7
0x48a6ed,98.9011%,36,3240,3276,0,0,36,3240
0x48864d,66.0377%,36,70,106,70,36,0,0
0x51064b,96.3001%,36,937,973,17,19,17,920
0x556b99,85.8824%,36,219,255,219,36,0,0
0x48ab07,99.2049%,36,4492,4528,4492,36,0,0
0x48d847,98.0656%,36,1825,1861,0,0,36,1825
0x97836d,72.9323%,36,97,133,9,27,9,88
0x8a6f9a,91.3669%,36,381,417,3,8,28,378
0x9f62f5,90.5512%,36,345,381,52,28,8,293
0x60ded1,96.5217%,36,999,1035,999,36,0,0
0x944cd1,95.0207%,36,687,723,687,36,0,0
0x59c120,83.1776%,36,178,214,93,27,9,85
0x511c2a,99.1144%,36,4029,4065,4029,36,0,0
0x40e9a8,88.6435%,36,281,317,281,36,0,0
0x556577,91.0224%,36,365,401,327,19,17,38
0x53420a,73.3333%,36,99,135,73,28,8,26
0x51c998,97.085%,36,1199,1235,1187,31,5,12
0xa4808c,87.3239%,36,248,284,27,33,3,221
0x53516b,99.5079%,36,7280,7316,7280,36,0,0
0x5058b3,79.4286%,36,139,175,68,8,28,71
0xa28560,76.3158%,36,116,152,0,0,36,116
0x405755,98.6567%,36,2644,2680,2530,28,8,114
0x4ba3cb,92.0705%,36,418,454,374,22,14,44
0x8deec4,98.2257%,36,1993,2029,982,27,9,1011
0x78ef14,74.8252%,36,107,143,51,5,31,56
0x7cde5c,97.1406%,36,1223,1259,367,35,1,856
0xa32ff4,85.7143%,36,216,252,130,12,24,86
0x811778,99.1788%,36,4348,4384,3735,31,5,613
0x9a71d2,93.3824%,36,508,544,508,26,10,0
0xa23c61,79.0698%,36,136,172,101,9,27,35
0x9ed396,92.0705%,36,418,454,41,16,20,377
0x6671d7,97.4928%,35,1361,1396,1361,33,2,0
0x610bea,87.4552%,35,244,279,7,11,24,237
0xa41a7f,98.7877%,35,2852,2887,2839,20,15,13
0xb326b8,99.4567%,35,6407,6442,0,0,35,6407
0x8e69a1,89.0625%,35,285,320,135,25,10,150
0xa52685,72.2222%,35,91,126,56,27,8,35
0x6069de,84.4444%,35,190,225,190,35,0,0
0x5fa423,63.5417%,35,61,96,10,11,24,51
0x505a36,94.5904%,35,612,647,59,31,4,553
0x503c9b,88.7097%,35,275,310,251,7,28,24
0x80ea4f,93.6131%,35,513,548,32,20,15,481
0x6804d6,99.235%,35,4540,4575,0,0,35,4540
0x8dcbfa,98.4776%,35,2264,2299,1516,5,30,748
0x901796,85.7143%,35,210,245,195,22,13,15
0x806006,92.1875%,35,413,448,80,20,15,333
0x90149b,46.1538%,35,30,65,30,35,0,0
0xb32785,99.4567%,35,6407,6442,0,9,26,6407
0x9ed315,94.0878%,35,557,592,539,26,9,18
0x534926,46.9697%,35,31,66,31,35,0,0
0x48e768,99.2158%,35,4428,4463,4428,35,0,0
0x402065,95.6843%,35,776,811,559,26,9,217
0x51b44a,99.2314%,35,4519,4554,0,9,26,4519
0x9110b8,89.2966%,35,292,327,262,12,23,30
0x60deb0,96.6184%,35,1000,1035,0,0,35,1000
0x4bb1e2,94.9128%,35,653,688,650,29,6,3
0x8f318f,98.6418%,35,2542,2577,2536,28,7,6
0x406c1a,94.0678%,35,555,590,555,35,0,0
0x501a2d,96.7772%,35,1051,1086,1044,22,13,7
0x9eef34,79.4118%,35,135,170,135,35,0,0
0x9eef62,79.4118%,35,135,170,0,22,13,135
0x5fa9be,95.3581%,35,719,754,713,23,12,6
0x50864b,95.2703%,35,705,740,0,0,35,705
0xa319cd,83.5681%,35,178,213,8,23,12,170
0x489f94,77.4194%,35,120,155,0,0,35,120
0x8dc1d8,97.8541%,35,1596,1631,1596,35,0,0
0x49fd32,97.0638%,35,1157,1192,0,0,35,1157
0x609b80,86.1111%,35,217,252,0,7,28,217
0x821049,59.3023%,35,51,86,12,19,16,39
0x7cde7d,95.916%,35,822,857,57,8,27,765
0x8b94d1,98.2386%,35,1952,1987,1952,35,0,0
0xa565b3,93.295%,35,487,522,234,27,8,253
0x782674,85.4167%,35,205,240,0,0,35,205
0x4a775f,97.4928%,35,1361,1396,0,33,2,1361
0x90fe14,98.7424%,35,2748,2783,2748,35,0,0
0x5f5284,99.6299%,35,9421,9456,5609,9,26,3812
0x659fe2,98.2042%,35,1914,1949,1914,35,0,0
0x8d2494,58.3333%,35,49,84,49,33,2,0
0xb32426,96.388%,35,934,969,0,0,35,934
0x50d8bd,50%,35,35,70,22,31,4,13
0x485c15,87.4552%,35,244,279,243,31,4,1
0xa589a2,69.8276%,35,81,116,7,5,30,74
0x8a934a,98.8636%,35,3045,3080,0,0,35,3045
0x5104bb,83.6449%,35,179,214,133,21,14,46
0x8f1f8d,76.9737%,35,117,152,16,23,12,101
0x48f07e,72.8682%,35,94,129,80,16,19,14
0xb3237e,96.388%,35,934,969,0,0,35,934
0xaa63c0,93.0966%,35,472,507,97,19,16,375
0x9018d3,93.3333%,35,490,525,0,0,35,490
0x8ba377,97.392%,35,1307,1342,0,0,35,1307
0xa33cd9,97.3881%,35,1305,1340,1083,22,13,222
0xa9c616,81.383%,35,153,188,122,20,15,31
0x53bb60,94.1176%,35,560,595,560,33,2,0
0x8bd6fb,98.3774%,35,2122,2157,12,8,27,2110
0x8bd221,99.8664%,35,26161,26196,26161,35,0,0
0xb18186,96.5174%,35,970,1005,970,35,0,0
0x8f44d1,73.6842%,35,98,133,8,25,10,90
0x5bb638,70.5882%,35,84,119,84,12,23,0
0x9f551c,72.4409%,35,92,127,31,16,19,61
0x5572a0,85.5967%,35,208,243,208,35,0,0
0x60a933,93.9446%,35,543,578,543,35,0,0
0x51c15e,82.5871%,35,166,201,38,17,18,128
0xa3301f,87.6761%,35,249,284,16,26,9,233
0x639b5e,42.623%,35,26,61,3,20,15,23
0x48b453,91.4005%,35,372,407,372,35,0,0
0x54ec61,49.2754%,35,34,69,34,35,0,0
0xa3493f,97.9278%,35,1654,1689,255,33,2,1399
0x811f5d,92.9293%,35,460,495,2,15,20,458
0x50e346,63.9175%,35,62,97,51,28,7,11
0x675043,36.3636%,35,20,55,17,35,0,3
0x48de68,99.4988%,35,6948,6983,6848,23,12,100
0x81bac4,82.8431%,35,169,204,34,24,11,135
0x8bcf44,99.0321%,35,3581,3616,0,0,35,3581
0x638838,99.0657%,35,3711,3746,3711,35,0,0
0x58cd35,78.7879%,35,130,165,81,33,2,49
0x40992f,88.7097%,35,275,310,275,35,0,0
0x65c241,99.2669%,35,4739,4774,4739,35,0,0
0x9a31c1,87.037%,35,235,270,22,34,1,213
0x410599,99.379%,35,5601,5636,0,0,35,5601
0x40458b,94.0778%,35,556,591,556,35,0,0
0xb2e771,97.1751%,35,1204,1239,0,0,35,1204
0x9aa0d4,80.3371%,35,143,178,113,11,24,30
0x5c32d4,84.7162%,35,194,229,163,28,7,31
0x8a258e,87.5445%,35,246,281,5,11,24,241
0x8a8b7a,96.2647%,35,902,937,796,24,11,106
0xa5ce23,78.7879%,35,130,165,106,20,15,24
0x5456a2,96.673%,35,1017,1052,14,24,11,1003
0xb2e742,99.5622%,35,7960,7995,0,0,35,7960
0x534902,46.9697%,35,31,66,31,35,0,0
0x5c6b39,97.7932%,35,1551,1586,0,0,35,1551
0x4b5a78,98.9144%,35,3189,3224,2,25,10,3187
0x5ff286,85.0427%,35,199,234,88,29,6,111
0x5f844a,94.0068%,35,549,584,0,0,35,549
0x8fe95d,98.3254%,35,2055,2090,2055,35,0,0
0xab2d18,59.7701%,35,52,87,4,4,31,48
0x5a944d,90.085%,35,318,353,269,17,18,49
0x4b64f7,77.4194%,35,120,155,16,24,11,104
0xa4683c,89.3293%,35,293,328,216,26,9,77
0x8a6275,82.7586%,35,168,203,48,19,16,120
0x557232,78.125%,35,125,160,108,34,1,17
0x405b27,91.8033%,35,392,427,0,0,35,392
0x40e21d,92.0635%,35,406,441,0,4,31,406
0x502cab,98.3744%,35,2118,2153,0,0,35,2118
0x81e50f,93.6709%,35,518,553,60,18,17,458
0x404236,92.6316%,35,440,475,0,0,35,440
0x54ef3c,60.2273%,35,53,88,27,24,11,26
0x78d81c,95.53%,35,748,783,88,18,17,660
0x610b8c,87.4552%,35,244,279,0,18,17,244
0x8bd485,99.9483%,35,67604,67639,67604,35,0,0
0xa30d6e,82.0513%,35,160,195,77,3,32,83
0x807716,99.0166%,35,3524,3559,261,21,14,3263
0x80e716,78.6585%,35,129,164,14,0,35,115
0x539bba,86.2745%,35,220,255,180,31,4,40
0x5d86f4,86.1111%,35,217,252,200,22,13,17
0x49e1e6,98.2243%,35,1936,1971,1936,35,0,0
0x591fd3,63.5417%,35,61,96,61,35,0,0
0x4c0b1b,66.3462%,35,69,104,69,35,0,0
0x81bfdf,89.2966%,35,292,327,276,19,16,16
0x60b388,89.0966%,35,286,321,152,29,6,134
0x5f84d5,77.3333%,34,116,150,0,4,30,116
0x8bb400,92.511%,34,420,454,0,0,34,420
0x9f78d1,94.6875%,34,606,640,606,34,0,0
0x90b2b7,86.4%,34,216,250,116,3,31,100
0x49fea5,96.1926%,34,859,893,18,19,15,841
0xa46da3,88.7417%,34,268,302,209,33,1,59
0x48db27,99.2382%,34,4429,4463,0,0,34,4429
0x5de2a7,95.8025%,34,776,810,776,34,0,0
0x403acd,97.7379%,34,1469,1503,0,0,34,1469
0x5971b1,94.525%,34,587,621,19,15,19,568
0x48b306,90.6593%,34,330,364,23,20,14,307
0x9f8f67,71.6667%,34,86,120,31,18,16,55
0x8c8a67,96.6135%,34,970,1004,901,19,15,69
0x9e76a1,88.6667%,34,266,300,248,25,9,18
0x405717,99.7983%,34,16822,16856,0,0,34,16822
0x681fb9,98.4332%,34,2136,2170,0,0,34,2136
0x9e21a4,71.6667%,34,86,120,78,26,8,8
0xa42997,96.3003%,34,885,919,885,34,0,0
0x5c78a5,57.5%,34,46,80,46,34,0,0
0x54f892,20.9302%,34,9,43,0,0,34,9
0x6000b6,95.3297%,34,694,728,689,12,22,5
0x446549,94.2078%,34,553,587,0,0,34,553
0x90e0e1,94.6288%,34,599,633,592,11,23,7
0x55719f,86.0082%,34,209,243,21,18,16,188
0xa50522,86.5613%,34,219,253,198,17,17,21
0x6662a2,99.0741%,34,3638,3672,0,0,34,3638
0xa594fd,83.1683%,34,168,202,6,15,19,162
0x604442,79.7619%,34,134,168,131,25,9,3
0x901ac7,86.4%,34,216,250,0,0,34,216
0x50d71f,59.5238%,34,50,84,33,9,25,17
0x508eac,55.2632%,34,42,76,42,34,0,0
0x609fd3,98.5915%,34,2380,2414,2380,34,0,0
0x9e7475,91.5%,34,366,400,209,13,21,157
0xa4d4f8,87.9859%,34,249,283,249,34,0,0
0x539c94,19.0476%,34,8,42,8,32,2,0
0xa327d6,56.4103%,34,44,78,30,19,15,14
0xa260d1,92.7039%,34,432,466,388,23,11,44
0xa5ee25,91.6049%,34,371,405,11,26,8,360
0x58c53b,54.0541%,34,40,74,15,25,9,25
0x9e82ff,72.3577%,34,89,123,79,19,15,10
0x48e0e6,58.5366%,34,48,82,48,19,15,0
0x8bb148,91.6256%,34,372,406,100,22,12,272
0x98cfdb,83.6538%,34,174,208,94,24,10,80
0x609d37,90.3683%,34,319,353,319,34,0,0
0xa5892c,63.4409%,34,59,93,21,18,16,38
0x9d0601,76.8707%,34,113,147,74,11,23,39
0x48af1a,95.4967%,34,721,755,0,0,34,721
0x50c336,97.4684%,34,1309,1343,1309,34,0,0
0x8f6a23,95.3678%,34,700,734,341,30,4,359
0x9f5c54,57.5%,34,46,80,41,11,23,5
0x50ee98,76.3889%,34,110,144,35,24,10,75
0x9f4fe2,79.8817%,34,135,169,135,34,0,0
0x5ffa70,87.218%,34,232,266,88,4,30,144
0x5e6e56,97.7469%,34,1475,1509,1475,34,0,0
0x814b76,91.7073%,34,376,410,371,23,11,5
0x9e889f,76.7123%,34,112,146,60,5,29,52
0x50c09f,98.282%,34,1945,1979,3,17,17,1942
0x5017f4,99.0125%,34,3409,3443,0,0,34,3409
0x50e3c4,64.9485%,34,63,97,15,31,3,48
0x8ff40c,86.6142%,34,220,254,105,22,12,115
0xa27653,98.3479%,34,2024,2058,2024,34,0,0
0x53de50,93.5361%,34,492,526,492,34,0,0
0x9abb09,96.9035%,34,1064,1098,0,0,34,1064
0xb2eb2a,99.5573%,34,7647,7681,0,0,34,7647
0x40e036,84.1121%,34,180,214,36,21,13,144
0x53f38d,83.1683%,34,168,202,39,9,25,129
0xb0b0bb,74.6269%,34,100,134,93,19,15,7
0x80c3f9,75.7143%,34,106,140,100,22,12,6
0x72389d,90.1449%,34,311,345,0,0,34,311
0x9ab81b,85.2174%,34,196,230,0,0,34,196
0x48bb95,96.473%,34,930,964,930,24,10,0
0x51c212,97.247%,34,1201,1235,1201,17,17,0
0x820db3,94.3522%,34,568,602,568,34,0,0
0x51b4e3,97.327%,34,1238,1272,762,15,19,476
0xad7bd8,55.2632%,34,42,76,0,0,34,42
0x9ea787,67.3077%,34,70,104,43,29,5,27
0xa52dcb,90.3955%,34,320,354,320,11,23,0
0x908ef9,98.9944%,34,3347,3381,750,15,19,2597
0xa23912,69.0909%,34,76,110,10,17,17,66
0x78d6f7,95.6577%,34,749,783,749,34,0,0
0x50b867,95.5556%,34,731,765,352,4,30,379
0x942942,85.1528%,34,195,229,195,34,0,0
0x8d3e97,86.1789%,34,212,246,204,27,7,8
0xa30f91,88.7043%,34,267,301,267,29,5,0
0x48b9e4,98.3085%,34,1976,2010,1976,34,0,0
0xa5951a,81.8182%,34,153,187,0,0,34,153
0xa52f03,92.827%,34,440,474,253,29,5,187
0x9e3ee9,90%,34,306,340,290,13,21,16
0x5fd733,75%,34,102,136,23,21,13,79
0xa024de,98.8308%,34,2874,2908,0,0,34,2874
0x4bcb9d,71.6667%,34,86,120,62,16,18,24
0x9592d5,73.4375%,34,94,128,94,34,0,0
0x643aa0,95.5322%,34,727,761,86,26,8,641
0x98cceb,76.0563%,34,108,142,108,34,0,0
0x8f44a6,98.5979%,34,2391,2425,702,20,14,1689
0x406cae,71.9008%,34,87,121,59,4,30,28
0xaa4f2e,76.8707%,34,113,147,113,34,0,0
0xa916f3,82.5641%,34,161,195,141,18,16,20
0x9425ea,86.5079%,34,218,252,175,22,12,43
0x54fac0,77.4834%,34,117,151,88,11,23,29
0x837eba,73.2283%,34,93,127,4,19,15,89
0x8dcdeb,95.2909%,34,688,722,684,34,0,4
0x552124,43.3333%,34,26,60,0,0,34,26
0x40479f,94.4625%,34,580,614,10,2,32,570
0x9fe591,74.6269%,34,100,134,28,12,22,72
0x90a907,59.0361%,34,49,83,49,34,0,0
0x608bd8,93.8628%,34,520,554,0,0,34,520
0x4bc0dd,97.3725%,34,1260,1294,1259,20,14,1
0x8ef178,82.2917%,34,158,192,157,21,13,1
0x902d72,96.1009%,34,838,872,827,23,11,11
0x814542,99.3149%,34,4929,4963,1750,9,25,3179
0x80c22a,87.1698%,34,231,265,154,23,11,77
0x9a1622,83.2512%,34,169,203,166,16,18,3
0xb2e7cd,99.1536%,34,3983,4017,0,0,34,3983
0x49e307,90.0585%,34,308,342,308,34,0,0
0xa02874,89.881%,34,302,336,302,34,0,0
0xa554ef,86.9732%,34,227,261,161,11,23,66
0x54803c,91.9811%,34,390,424,245,10,24,145
0x58d491,63.0435%,34,58,92,49,33,1,9
0x66f575,83.4951%,34,172,206,0,0,34,172
0x48a8e3,15%,34,6,40,6,34,0,0
0x504060,95.7125%,34,759,793,13,17,17,746
0xaa057c,67.9245%,34,72,106,62,19,15,10
0x9e18a1,75.1825%,34,103,137,17,0,34,86
0xb376aa,99.3865%,34,5508,5542,0,0,34,5508
0x7ce552,85.2814%,34,197,231,195,24,10,2
0x505220,95.4054%,34,706,740,704,9,25,2
0xa39511,95.3039%,34,690,724,690,34,0,0
0xa394eb,95.3039%,34,690,724,0,0,34,690
0xa4b70a,85.654%,34,203,237,0,0,34,203
0x9e08a7,92.6247%,34,427,461,0,0,34,427
0x806427,35.8491%,34,19,53,7,22,12,12
0x40e1c6,54.0541%,34,40,74,40,34,0,0
0x48eb0d,82.6531%,34,162,196,3,17,17,159
0x8fe944,78.2051%,34,122,156,3,24,10,119
0x48a74e,97.0537%,34,1120,1154,1120,34,0,0
0x8b9b32,41.3793%,34,24,58,24,34,0,0
0xa4e817,79.0123%,34,128,162,4,20,14,124
0x94b72c,56.962%,34,45,79,45,34,0,0
0x9a92b8,86.4%,34,216,250,4,12,22,212
0x96b1a7,96.2514%,34,873,907,0,0,34,873
0xa027c6,68.8073%,34,75,109,0,0,34,75
0x94d7c5,93.9716%,34,530,564,2,28,6,528
0x5fe15b,85.2814%,34,197,231,197,34,0,0
0x77fdd8,94.6203%,34,598,632,137,21,13,461
0x8f562a,94.1075%,34,543,577,371,15,19,172
0x5928d1,97.9834%,34,1652,1686,0,9,25,1652
0x8ba0d7,99.6414%,34,9447,9481,9447,34,0,0
0x544d50,74.2424%,34,98,132,18,22,12,80
0x8d98b1,97.1113%,34,1143,1177,1143,26,8,0
0x9f29f0,80.3468%,34,139,173,56,13,21,83
0x952bab,92.5439%,34,422,456,0,0,34,422
0x67af4b,98.7668%,34,2723,2757,2723,34,0,0
0x4b5cb4,79.2683%,34,130,164,109,14,20,21
0x8f49ac,98.6427%,34,2471,2505,2471,28,6,0
0x8b968a,99.8337%,34,20406,20440,0,6,28,20406
0x40522b,51.4286%,34,36,70,24,18,16,12
0x8b9afc,98.8614%,34,2952,2986,70,3,31,2882
0x64845b,92.3937%,34,413,447,165,5,29,248
0xa25fb2,96.6436%,34,979,1013,120,21,13,859
0x4b6531,78.0645%,34,121,155,93,13,21,28
0x9e19f6,71.6667%,34,86,120,48,26,8,38
0x81b8a8,89.2744%,34,283,317,283,5,29,0
0x834258,79.0123%,34,128,162,87,20,14,41
0x543d3c,78.75%,34,126,160,30,18,16,96
0x503d12,34.6154%,34,18,52,0,0,34,18
0x488d61,40.3509%,34,23,57,23,34,0,0
0x901840,86.7188%,34,222,256,222,34,0,0
0x81f3d5,97.9665%,34,1638,1672,1169,15,19,469
0x9fbb94,88.8889%,34,272,306,61,30,4,211
0x64f4da,72.1311%,34,88,122,85,25,9,3
0x4bec58,80.5714%,34,141,175,22,13,21,119
0x58d9a9,83.7321%,34,175,209,45,19,15,130
0x51c8b6,97.169%,34,1167,1201,1167,34,0,0
0x90baa7,96.9697%,34,1088,1122,1088,34,0,0
0x819cc4,49.2537%,34,33,67,12,22,12,21
0x541243,81.8182%,34,153,187,153,34,0,0
0xaa4863,87.4525%,33,230,263,102,12,21,128
0x5ea979,92.9032%,33,432,465,213,20,13,219
0xa360c4,94.5183%,33,569,602,290,11,22,279
0x67f519,83.5821%,33,168,201,12,25,8,156
0x94d80a,93.8202%,33,501,534,501,33,0,0
0x608cfe,83.5%,33,167,200,8,30,3,159
0x9e395c,89.2857%,33,275,308,32,18,15,243
0xad7fa4,96.444%,33,895,928,0,0,33,895
0x627699,28.2609%,33,13,46,13,33,0,0
0x6113fc,69.1589%,33,74,107,16,18,15,58
0x9e08c8,92.8416%,33,428,461,97,12,21,331
0x404517,96.0854%,33,810,843,7,28,5,803
0xa33575,98.8706%,33,2889,2922,220,22,11,2669
0x609754,60.241%,33,50,83,21,19,14,29
0x5592df,92.1615%,33,388,421,2,8,25,386
0x9bd154,60.241%,33,50,83,18,10,23,32
0x499a0c,78.4314%,33,120,153,120,33,0,0
0x402edf,69.7248%,33,76,109,72,31,2,4
0x5ff1ec,92.9185%,33,433,466,0,0,33,433
0x8fce6c,84.6512%,33,182,215,12,23,10,170
0x503a13,94.6078%,33,579,612,0,9,24,579
0x8aa7fe,97.1649%,33,1131,1164,0,0,33,1131
0x5410d7,99.1992%,33,4088,4121,4088,33,0,0
0xa9b837,89.0728%,33,269,302,53,20,13,216
0xaa2e4b,94.6774%,33,587,620,587,33,0,0
0x9ee327,73.1707%,33,90,123,2,11,22,88
0xa50a24,90.7821%,33,325,358,0,0,33,325
0x49198c,80.3571%,33,135,168,88,15,18,47
0xa54278,86.9565%,33,220,253,0,10,23,220
0x5c569f,85.2018%,33,190,223,0,0,33,190
0x9e08fe,90.625%,33,319,352,245,18,15,74
0x837593,79.5031%,33,128,161,7,26,7,121
0x8dc331,97.9767%,33,1598,1631,1597,30,3,1
0x99c84c,96.1268%,33,819,852,739,15,18,80
0x901b0b,86.8%,33,217,250,201,27,6,16
0x405008,83.3333%,33,165,198,37,7,26,128
0x4a5cbc,69.4444%,33,75,108,38,14,19,37
0xa43e1e,32.6531%,33,16,49,16,33,0,0
0x4047a8,94.6254%,33,581,614,4,8,25,577
0x5348d6,50%,33,33,66,33,33,0,0
0xa42958,97.0136%,33,1072,1105,1071,6,27,1
0x8b9f67,96.5079%,33,912,945,908,22,11,4
0xa55e73,69.1589%,33,74,107,51,26,7,23
0x599367,99.2056%,33,4121,4154,0,0,33,4121
0x488adb,93.7262%,33,493,526,0,0,33,493
0xa34b4d,82.7225%,33,158,191,105,25,8,53
0x542445,98.5583%,33,2256,2289,0,0,33,2256
0x508997,92.5676%,33,411,444,24,17,16,387
0x9ef181,81.0345%,33,141,174,141,33,0,0
0x8f35cc,94.8678%,33,610,643,608,9,24,2
0x58be6e,77.8523%,33,116,149,45,19,14,71
0x807efa,80.814%,33,139,172,28,13,20,111
0x534ab3,41.0714%,33,23,56,23,33,0,0
0x8a64ec,96.8985%,33,1031,1064,1,16,17,1030
0x7a3d08,75.188%,33,100,133,30,26,7,70
0xa57071,74.2188%,33,95,128,3,25,8,92
0x4102ae,96.5042%,33,911,944,28,26,7,883
0x48b9fc,98.3582%,33,1977,2010,0,0,33,1977
0x65a024,98.3068%,33,1916,1949,1790,7,26,126
0x8a96c5,97.7551%,33,1437,1470,11,27,6,1426
0x40e2c8,92.7313%,33,421,454,216,17,16,205
0x7811ff,98.4397%,33,2082,2115,1170,6,27,912
0x972fd4,54.7945%,33,40,73,19,8,25,21
0x608d7a,83.5%,33,167,200,158,21,12,9
0x8aa971,99.0354%,33,3388,3421,3388,33,0,0
0x610cfd,86.4754%,33,211,244,0,0,33,211
0x40a235,77.8523%,33,116,149,42,16,17,74
0x64a878,68.8679%,33,73,106,47,27,6,26
0x9f1738,63.3333%,33,57,90,0,0,33,57
0x9aacfd,95.2243%,33,658,691,656,23,10,2
0x9e613e,89.3548%,33,277,310,215,23,10,62
0x544412,85.2679%,33,191,224,71,21,12,120
0x9f4b30,89.2508%,33,274,307,274,33,0,0
0xa446bf,36.5385%,33,19,52,19,33,0,0
0x543660,75.5556%,33,102,135,102,33,0,0
0x8f4ec6,98.6826%,33,2472,2505,155,21,12,2317
0xa911f6,62.069%,33,54,87,49,16,17,5
0x49fa41,78.9809%,33,124,157,4,11,22,120
0x4886fd,95.0966%,33,640,673,640,33,0,0
0x4be48a,61.6279%,33,53,86,17,17,16,36
0x908550,98.4758%,33,2132,2165,2093,12,21,39
0x9427e1,98.0473%,33,1657,1690,1657,33,0,0
0x9f4d27,89.2508%,33,274,307,269,29,4,5
0x816b59,96.0808%,33,809,842,623,12,21,186
0xa45b3f,87.1595%,33,224,257,8,24,9,216
0xa037b1,99.4177%,33,5634,5667,5634,33,0,0
0x9f2a01,68.2692%,33,71,104,0,0,33,71
0x4bb3d0,92.3434%,33,398,431,1,19,14,397
0x4a5c00,40%,33,22,55,2,1,32,20
0x98b581,81.4607%,33,145,178,142,19,14,3
0x991374,69.4444%,33,75,108,14,16,17,61
0x541fa7,96.1085%,33,815,848,0,0,33,815
0x8a2aac,88.2562%,33,248,281,247,20,13,1
0x9005ea,90.5172%,33,315,348,0,0,33,315
0x8122ce,84.6512%,33,182,215,106,28,5,76
0x512b72,99.4269%,33,5725,5758,5725,33,0,0
0xa28577,78.2895%,33,119,152,16,12,21,103
0x5f8e13,91.0569%,33,336,369,263,13,20,73
0x4fdb8c,89.6552%,33,286,319,0,0,33,286
0x8e89dc,99.0657%,33,3499,3532,3499,33,0,0
0x66f7fb,75.188%,33,100,133,100,33,0,0
0x5d8b3d,86.5854%,33,213,246,206,30,3,7
0xa4824f,45%,33,27,60,15,33,0,12
0xa8f8e2,79.878%,33,131,164,121,17,16,10
0xada734,99.4877%,33,6409,6442,0,0,33,6409
0x5571aa,83.8235%,33,171,204,150,10,23,21
0x9fb7ae,89.2157%,33,273,306,272,31,2,1
0x81c2bc,42.1053%,33,24,57,8,15,18,16
0x5407ca,94.8113%,33,603,636,603,21,12,0
0x8dee5e,96.25%,33,847,880,842,25,8,5
0x98fa08,87.1595%,33,224,257,0,0,33,224
0x48f7c0,40%,33,22,55,14,23,10,8
0x609e58,94.6166%,33,580,613,0,0,33,580
0x54571d,96.8631%,33,1019,1052,1,27,6,1018
0x910eeb,98.5398%,33,2227,2260,2,4,29,2225
0x48aefb,84.6512%,33,182,215,182,33,0,0
0xa3999a,87.9121%,33,240,273,240,33,0,0
0x5f103f,89.2157%,33,273,306,251,19,14,22
0x488992,96.8391%,33,1011,1044,1,18,15,1010
0x793054,76.9231%,33,110,143,102,31,2,8
0x5040f2,73.3871%,33,91,124,46,16,17,45
0xa466c7,77.551%,33,114,147,100,31,2,14
0x50fda1,99.7398%,33,12650,12683,12650,33,0,0
0x901507,99.2037%,33,4111,4144,0,0,33,4111
0xa3931d,94.8113%,33,603,636,1,27,6,602
0x5bc217,97.6462%,33,1369,1402,3,30,3,1366
0x4038d9,91.2234%,33,343,376,2,15,18,341
0x9d1cab,53.5211%,33,38,71,9,13,20,29
0xa94a58,85.2679%,33,191,224,1,15,18,190
0x53d84b,54.7945%,33,40,73,13,21,12,27
0x9fb84a,89.2157%,33,273,306,63,28,5,210
0x40e2e6,93.2653%,33,457,490,451,27,6,6
0x808921,94.1176%,33,528,561,316,11,22,212
0x81a874,95.6636%,33,728,761,14,24,9,714
0x4bba90,70.5357%,33,79,112,28,28,5,51
0x55228f,98.38%,33,2004,2037,2004,33,0,0
0x819b5b,61.6279%,33,53,86,16,18,15,37
0xa42944,98.8569%,33,2854,2887,873,18,15,1981
0x503308,53.5211%,33,38,71,12,20,13,26
0xa550a4,88.9632%,33,266,299,261,26,7,5
0x4b5167,74.2188%,33,95,128,90,31,2,5
0x8bc7c9,73.8095%,33,93,126,0,0,33,93
0x49f971,97.4596%,33,1266,1299,0,15,18,1266
0x8a54e1,74.4186%,33,96,129,2,1,32,94
0x8d205f,97.8403%,33,1495,1528,20,6,27,1475
0x591f2a,99.1214%,33,3723,3756,3691,13,20,32
0xb30af4,51.4706%,33,35,68,27,29,4,8
0x5b9d30,48.4375%,33,31,64,12,9,24,19
0x5de1cb,97.3409%,33,1208,1241,1207,26,7,1
0x81e51c,95.9158%,33,775,808,720,10,23,55
0x48af98,93.8889%,33,507,540,0,0,33,507
0x543024,90.7303%,33,323,356,0,0,33,323
0x54546d,94.0754%,33,524,557,414,9,24,110
0x5fe808,68.5714%,33,72,105,67,10,23,5
0x54ec9c,52.1739%,33,36,69,36,33,0,0
0x904292,91.9512%,33,377,410,377,13,20,0
0x8fde6b,70.5357%,33,79,112,0,0,33,79
0x8a90f5,96.83%,33,1008,1041,996,18,15,12
0x8c8633,89%,33,267,300,82,23,10,185
0xa587fe,71.5517%,33,83,116,68,28,5,15
0x8a24cb,90.5714%,33,317,350,0,0,33,317
0xa90677,62.3529%,32,53,85,3,21,11,50
0x5bda95,98.3351%,32,1890,1922,1890,29,3,0
0x8e03b5,97.193%,32,1108,1140,262,23,9,846
0x49bfe4,93.6634%,32,473,505,0,6,26,473
0x9f5009,81.0651%,32,137,169,6,25,7,131
0x9f58aa,86.383%,32,203,235,0,0,32,203
0x498fe9,92.6773%,32,405,437,405,32,0,0
0x8fcc7a,88.6926%,32,251,283,238,29,3,13
0x504da2,95.301%,32,649,681,578,10,22,71
0x489cfa,99.203%,32,3983,4015,3983,32,0,0
0x554847,97.227%,32,1122,1154,1122,32,0,0
0x8dd9e6,98.038%,32,1599,1631,12,20,12,1587
0x501847,96.7839%,32,963,995,0,0,32,963
0x54ffc4,93.2059%,32,439,471,434,20,12,5
0x404438,97.619%,32,1312,1344,0,20,12,1312
0x808bc3,90.303%,32,298,330,43,28,4,255
0x807c2a,85.6502%,32,191,223,110,15,17,81
0x511aed,98.8709%,32,2802,2834,2802,32,0,0
0x48c52c,77.4648%,32,110,142,62,26,6,48
0x94d7ca,94.0075%,32,502,534,502,32,0,0
0x552a73,97.7305%,32,1378,1410,116,10,22,1262
0x90acf7,84.466%,32,174,206,86,20,12,88
0xa41a9c,96.738%,32,949,981,0,0,32,949
0x4c052b,62.7907%,32,54,86,30,12,20,24
0x978437,93.2914%,32,445,477,0,0,32,445
0x403697,96.0494%,32,778,810,774,17,15,4
0x54f999,52.9412%,32,36,68,17,8,24,19
0x977d8e,87.2%,32,218,250,0,0,32,218
0x99f05d,66.6667%,32,64,96,61,21,11,3
0x40dc27,85.4545%,32,188,220,188,32,0,0
0x539e0a,72.1739%,32,83,115,83,32,0,0
0x610c22,90.6706%,32,311,343,67,21,11,244
0x9a4641,96.8597%,32,987,1019,987,32,0,0
0x5109ca,94.9287%,32,599,631,0,0,32,599
0x80fa89,76.4706%,32,104,136,21,23,9,83
0xa3463f,89.3333%,32,268,300,213,12,20,55
0x5de2e4,97.4214%,32,1209,1241,1209,32,0,0
0x40dd78,99.0844%,32,3463,3495,0,0,32,3463
0x512ea3,99.2471%,32,4218,4250,4210,32,0,8
0xa39d2a,97.5702%,32,1285,1317,1285,32,0,0
0x8da381,99.1619%,32,3786,3818,3786,3,29,0
0x4040cb,98.4848%,32,2080,2112,2080,32,0,0
0x8a671a,76.9784%,32,107,139,27,22,10,80
0x816748,65.2174%,32,60,92,6,18,14,54
0x8eb844,96.9524%,32,1018,1050,274,12,20,744
0xa55f57,62.7907%,32,54,86,53,25,7,1
0x973113,64.4444%,32,58,90,46,19,13,12
0xa9d1b5,72.4138%,32,84,116,9,25,7,75
0x4ba042,93.2203%,32,440,472,427,21,11,13
0x8d25f8,42.8571%,32,24,56,0,0,32,24
0x94b663,59.4937%,32,47,79,47,32,0,0
0x543d5a,82.8877%,32,155,187,155,32,0,0
0xa4549e,95.3556%,32,657,689,657,32,0,0
0xa0294a,88.2784%,32,241,273,0,0,32,241
0xa9ed02,73.9837%,32,91,123,0,0,32,91
0x50e0fc,67.0103%,32,65,97,43,12,20,22
0x543fc0,56.1644%,32,41,73,33,32,0,8
0x50240e,94.3162%,32,531,563,0,0,32,531
0x9f588f,91.8782%,32,362,394,0,0,32,362
0x9e72d7,89.5082%,32,273,305,265,26,6,8
0x81e826,81.9209%,32,145,177,145,32,0,0
0x5b0ef1,45.7627%,32,27,59,27,31,1,0
0x50fff6,96.6874%,32,934,966,0,0,32,934
0x8e15bb,99.7144%,32,11173,11205,11173,32,0,0
0x4bf698,81.0651%,32,137,169,66,20,12,71
0x94b568,59.4937%,32,47,79,47,32,0,0
0x606a94,85.7778%,32,193,225,193,32,0,0
0x40e1dc,56.7568%,32,42,74,0,0,32,42
0x4ba398,96.4563%,32,871,903,33,29,3,838
0x821336,99.1071%,32,3552,3584,0,0,32,3552
0x67e20b,99.4809%,32,6132,6164,6132,32,0,0
0x5b9d70,73.5537%,32,89,121,58,15,17,31
0x99d980,74.8031%,32,95,127,0,0,32,95
0x9f0507,66.3158%,32,63,95,63,32,0,0
0x512802,91.9395%,32,365,397,0,0,32,365
0x98b284,85.4545%,32,188,220,0,0,32,188
0x5ea98a,92.7928%,32,412,444,0,0,32,412
0x499530,84%,32,168,200,167,32,0,1
0x5c4beb,98.2504%,32,1797,1829,0,0,32,1797
0xa45bf7,68.6275%,32,70,102,21,14,18,49
0x9c411d,91.1111%,32,328,360,328,32,0,0
0x6094ce,95.9849%,32,765,797,342,29,3,423
0xb2edb6,86.6109%,32,207,239,0,0,32,207
0x80e846,68.6275%,32,70,102,50,28,4,20
0x8350da,97.5813%,32,1291,1323,1291,32,0,0
0x82141a,97.0534%,32,1054,1086,3,13,19,1051
0x50ace4,76.4706%,32,104,136,10,15,17,94
0xa359f8,99.0175%,32,3225,3257,3206,19,13,19
0xa66166,71.6814%,32,81,113,8,19,13,73
0x977f2c,94.7541%,32,578,610,546,24,8,32
0x9c4194,90.3614%,32,300,332,300,32,0,0
0x94d9d5,77.305%,32,109,141,81,7,25,28
0x8f56cb,99.1278%,32,3637,3669,3481,24,8,156
0x5fe160,74.6032%,32,94,126,13,20,12,81
0xaa801b,93.9509%,32,497,529,497,32,0,0
0x5c6ca6,98.0815%,32,1636,1668,0,0,32,1636
0x858ecb,82.3204%,32,149,181,0,0,32,149
0x4101bc,49.2063%,32,31,63,18,16,16,13
0x8e786b,88.2784%,32,241,273,79,12,20,162
0x833f2b,91.2568%,32,334,366,18,12,20,316
0x9c3fce,93.133%,32,434,466,434,32,0,0
0x99ad4c,87.451%,32,223,255,197,11,21,26
0x53c79b,96.1768%,32,805,837,805,32,0,0
0x9f4433,80.9524%,32,136,168,83,8,24,53
0x5971d2,88.8889%,32,256,288,11,6,26,245
0xaa63ac,93.6884%,32,475,507,475,32,0,0
0x8e0af9,98.7107%,32,2450,2482,484,21,11,1966
0xa56ff8,60.9756%,32,50,82,36,16,16,14
0x8ff617,23.8095%,32,10,42,10,32,0,0
0xb0c020,99.0994%,32,3521,3553,0,0,32,3521
0x5c4c66,98.2291%,32,1775,1807,3,22,10,1772
0x64b62e,95.9184%,32,752,784,0,0,32,752
0x404172,94.8882%,32,594,626,62,32,0,532
0x8bb667,66.3158%,32,63,95,13,0,32,50
0x501354,98.439%,32,2018,2050,2018,32,0,0
0x548920,71.4286%,32,80,112,79,17,15,1
0x5c6c46,98.5102%,32,2116,2148,0,2,30,2116
0x4a9573,75.7576%,32,100,132,85,27,5,15
0x9f58c6,86.383%,32,203,235,76,24,8,127
0x607039,72.1739%,32,83,115,68,27,5,15
0xa63bbd,73.9837%,32,91,123,91,32,0,0
0x50b98d,76.2963%,32,103,135,90,14,18,13
0xa312a6,38.4615%,32,20,52,2,27,5,18
0x5fadaa,33.3333%,32,16,48,7,8,24,9
0x53b0a9,99.5987%,32,7943,7975,0,0,32,7943
0x4b9daa,97.6261%,32,1316,1348,33,25,7,1283
0x9aba4a,86.1472%,32,199,231,199,32,0,0
0x51036e,97.848%,32,1455,1487,1455,32,0,0
0xa90cd7,76.6423%,32,105,137,47,16,16,58
0x60a882,92.4171%,32,390,422,390,32,0,0
0xa944a6,62.7907%,32,54,86,10,30,2,44
0x5387cd,99.5487%,32,7058,7090,0,0,32,7058
0x4045fb,68.3168%,32,69,101,67,25,7,2
0x60b5ec,86.9388%,32,213,245,0,18,14,213
0x4bc21f,97.498%,32,1247,1279,172,31,1,1075
0x501930,96.7839%,32,963,995,284,11,21,679
0x409a59,83.6735%,32,164,196,14,25,7,150
0xb2e803,99.5988%,32,7944,7976,0,0,32,7944
0x8057e6,97.1454%,32,1089,1121,902,5,27,187
0x604688,81.9209%,32,145,177,0,0,32,145
0x9aba29,71.9298%,32,82,114,61,24,8,21
0x4886af,95.5432%,32,686,718,0,2,30,686
0x4bbc3a,98.2833%,32,1832,1864,5,11,21,1827
0x978084,81.5029%,32,141,173,141,32,0,0
0x50d705,92.8412%,32,415,447,61,23,9,354
0x90e144,94.6932%,32,571,603,570,1,31,1
0x4bd657,48.3871%,32,30,62,2,13,19,28
0x4ba778,91.4209%,32,341,373,59,20,12,282
0x53f5e6,98.5233%,32,2135,2167,26,2,30,2109
0x540d77,90.8571%,32,318,350,0,0,32,318
0x50d8ca,54.2857%,32,38,70,38,19,13,0
0x48863c,94.4348%,32,543,575,1,26,6,542
0xa3116b,87.1486%,32,217,249,6,20,12,211
0x405ecc,82.0225%,32,146,178,91,21,11,55
0x5fa789,95.756%,32,722,754,0,0,32,722
0x9ed57e,69.8113%,32,74,106,52,10,22,22
0xa45f55,78.5235%,32,117,149,3,15,17,114
0xb2e6af,99.8494%,32,21222,21254,21222,32,0,0
0x80d519,73.3333%,32,88,120,74,14,18,14
0x8deeee,96.3883%,32,854,886,0,8,24,854
0x5cd2f6,75.5725%,32,99,131,47,20,12,52
0x5fba54,59.4937%,32,47,79,9,7,25,38
0x58ba5d,71.9298%,32,82,114,79,31,1,3
0x49e34f,81.2865%,32,139,171,1,5,27,138
0x9a8e97,74.6032%,32,94,126,93,19,13,1
0x40f7d4,91.0864%,32,327,359,327,10,22,0
0x908fe9,98.2768%,32,1825,1857,0,0,32,1825
0x9f0e35,88.8889%,32,256,288,238,14,18,18
0x8bad47,92.7765%,32,411,443,400,25,7,11
0x90a3f7,81.8182%,32,144,176,0,0,32,144
0xa9362b,81.0651%,32,137,169,137,32,0,0
0xa25fa6,96.8411%,32,981,1013,0,0,32,981
0x5590fb,94.0959%,32,510,542,48,16,16,462
0x405ac3,92.5059%,32,395,427,0,0,32,395
0x81b6fb,84.3137%,32,172,204,171,14,18,1
0x51b722,97.4843%,32,1240,1272,1236,17,15,4
0x550334,91.2429%,31,323,354,0,0,31,323
0x8188c0,93.4183%,31,440,471,269,17,14,171
0x8a9856,99.6108%,31,7935,7966,3285,27,4,4650
0x9f6d5b,85.7798%,31,187,218,186,27,4,1
0x507638,98.6522%,31,2269,2300,2262,20,11,7
0x822573,85.9729%,31,190,221,155,10,21,35
0x49f9c0,80.2548%,31,126,157,52,8,23,74
0x99c59e,91.1681%,31,320,351,131,20,11,189
0xa36877,92.8899%,31,405,436,1,16,15,404
0x8195ba,91.4601%,31,332,363,18,16,15,314
0x55057d,91.0405%,31,315,346,315,31,0,0
0xa35d50,95.2744%,31,625,656,205,3,28,420
0x5e473e,97.9457%,31,1478,1509,1478,31,0,0
0x5592e8,92.4574%,31,380,411,188,15,16,192
0x627b7c,87.8431%,31,224,255,224,31,0,0
0x498631,69.6078%,31,71,102,0,0,31,71
0x55773e,93.9922%,31,485,516,0,0,31,485
0x507461,75.7812%,31,97,128,94,13,18,3
0x8e2034,97.9125%,31,1454,1485,0,0,31,1454
0x537a63,95.7938%,31,706,737,0,0,31,706
0x835da2,41.5094%,31,22,53,22,31,0,0
0x822524,95.6028%,31,674,705,264,19,12,410
0x6680ad,98.6427%,31,2253,2284,77,29,2,2176
0xa2638b,92.3267%,31,373,404,275,21,10,98
0x4098fe,88.2576%,31,233,264,233,28,3,0
0x9aadae,94.3431%,31,517,548,321,22,9,196
0x910e23,97.1895%,31,1072,1103,26,18,13,1046
0x8ff895,99.2844%,31,4301,4332,0,4,27,4301
0xa39818,89.5623%,31,266,297,5,19,12,261
0x508ea7,71.8182%,31,79,110,6,28,3,73
0xad7bab,64.3678%,31,56,87,56,31,0,0
0x4a74d7,56.9444%,31,41,72,0,0,31,41
0x409b06,71.028%,31,76,107,71,7,24,5
0xa2d214,95.7418%,31,697,728,697,31,0,0
0x609c6f,95.3453%,31,635,666,0,0,31,635
0x8f314d,96.5129%,31,858,889,858,31,0,0
0x90aa3d,58.1081%,31,43,74,0,0,31,43
0x48a885,22.5%,31,9,40,9,31,0,0
0x542f34,98.5024%,31,2039,2070,2039,31,0,0
0x405bb3,90.8012%,31,306,337,291,14,17,15
0x8f68f6,96.9932%,31,1000,1031,1000,29,2,0
0x53de78,94.1065%,31,495,526,0,0,31,495
0x667861,93.6082%,31,454,485,454,31,0,0
0xa335d0,98.8433%,31,2649,2680,583,15,16,2066
0x402e64,81.9767%,31,141,172,44,19,12,97
0x81e7b8,96.1681%,31,778,809,176,28,3,602
0xa92b31,90.3727%,31,291,322,291,31,0,0
0xb2ea65,99.5964%,31,7650,7681,0,0,31,7650
0x8a669e,68.3673%,31,67,98,55,9,22,12
0x54631d,96.0908%,31,762,793,28,29,2,734
0x8e385f,85.0242%,31,176,207,153,6,25,23
0x5fefc9,41.5094%,31,22,53,4,9,22,18
0x8187da,63.9535%,31,55,86,13,21,10,42
0x50439b,75%,31,93,124,49,13,18,44
0x9a73b0,92.5121%,31,383,414,383,13,18,0
0x501f8a,76.3359%,31,100,131,52,24,7,48
0x9e0b82,87.9377%,31,226,257,0,0,31,226
0x53dbaf,91.5531%,31,336,367,336,31,0,0
0x820dc6,94.8505%,31,571,602,218,26,5,353
0x58ec32,98.1269%,31,1624,1655,1600,25,6,24
0x610b7b,90.9621%,31,312,343,50,14,17,262
0x501626,98.5635%,31,2127,2158,0,0,31,2127
0x5b9b3a,64.3678%,31,56,87,42,10,21,14
0x5970c9,93.5818%,31,452,483,0,0,31,452
0x542e8a,79.7386%,31,122,153,122,31,0,0
0x63adde,88.1226%,31,230,261,1,19,12,229
0x90a95d,62.6506%,31,52,83,17,25,6,35
0x9a80fe,86.8085%,31,204,235,0,0,31,204
0x4bbba3,80%,31,124,155,62,12,19,62
0x677d05,96.7842%,31,933,964,799,20,11,134
0x638e0e,94.3327%,31,516,547,0,0,31,516
0x9c3e7e,42.5926%,31,23,54,0,0,31,23
0x944987,55.7143%,31,39,70,0,0,31,39
0x8dc25d,96.0154%,31,747,778,401,23,8,346
0xa48317,87.1901%,31,211,242,0,0,31,211
0xa51c5f,61.25%,31,49,80,19,23,8,30
0xa9e223,84.7291%,31,172,203,153,10,21,19
0x8184dc,48.3333%,31,29,60,3,23,8,26
0x8fdfe1,96.9337%,31,980,1011,980,29,2,0
0x9e4100,79.8701%,31,123,154,123,27,4,0
0x40203b,96.1916%,31,783,814,589,3,28,194
0x40a91d,65.1685%,31,58,89,29,18,13,29
0xaa6375,93.8856%,31,476,507,297,10,21,179
0xa58507,82.8729%,31,150,181,150,31,0,0
0x9e281f,94.2486%,31,508,539,508,31,0,0
0xad7bde,64.3678%,31,56,87,56,31,0,0
0x94e140,92.4574%,31,380,411,380,31,0,0
0x4be2be,63.0952%,31,53,84,4,7,24,49
0xa5172e,67.0213%,31,63,94,3,14,17,60
0x4b6600,80%,31,124,155,97,23,8,27
0x40f3be,95.6399%,31,680,711,25,15,16,655
0x608bad,84.5%,31,169,200,0,0,31,169
0x5488ff,44.6429%,31,25,56,21,19,12,4
0x97b748,70.1923%,31,73,104,47,22,9,26
0x63bc22,91.0145%,31,314,345,314,31,0,0
0x65c325,50.7937%,31,32,63,0,0,31,32
0x54823c,96.0859%,31,761,792,761,31,0,0
0xb31422,84.5%,31,169,200,169,31,0,0
0x5407b9,95.1258%,31,605,636,589,11,20,16
0xa90441,92.439%,31,379,410,277,19,12,102
0x4b9f69,71.5596%,31,78,109,39,7,24,39
0x9eb76b,75.7812%,31,97,128,9,19,12,88
0x5fa2d6,80.2548%,31,126,157,126,31,0,0
0x60de75,92.3457%,31,374,405,123,22,9,251
0x4a72bc,86.2832%,31,195,226,195,30,1,0
0x9e3edc,90.8824%,31,309,340,309,31,0,0
0x90f23b,84.5%,31,169,200,169,31,0,0
0xa583a4,86.5217%,31,199,230,0,0,31,199
0x9eefa4,86.5217%,31,199,230,199,25,6,0
0x504206,75%,31,93,124,33,29,2,60
0xa39daa,52.3077%,31,34,65,5,19,12,29
0x81f903,98.5245%,31,2070,2101,19,9,22,2051
0x58f92e,67.0213%,31,63,94,6,15,16,57
0x8ee167,94.8419%,31,570,601,154,16,15,416
0xa92582,83.5979%,31,158,189,158,31,0,0
0x5cf3b5,98.3693%,31,1870,1901,1870,31,0,0
0x40e64d,93.7876%,31,468,499,463,19,12,5
0x9be3c4,53.7313%,31,36,67,15,20,11,21
0x58cdb3,81.2121%,31,134,165,27,16,15,107
0xaa4579,99.4731%,31,5853,5884,0,0,31,5853
0x5ea9a8,81.0976%,31,133,164,111,26,5,22
0x80582b,94.0039%,31,486,517,299,14,17,187
0x94d7a5,94.5035%,31,533,564,0,0,31,533
0x8380d5,82.3864%,31,145,176,126,5,26,19
0x8fd50e,63.5294%,31,54,85,3,0,31,51
0x8ff883,99.2844%,31,4301,4332,0,0,31,4301
0x948695,97.8502%,31,1411,1442,1411,31,0,0
0x821858,76.1538%,31,99,130,25,16,15,74
0xb466ce,99.5859%,31,7455,7486,0,0,31,7455
0x58c1fd,90.2516%,31,287,318,287,31,0,0
0x8dd9d5,98.6516%,31,2268,2299,653,15,16,1615
0xa91ab4,84.1026%,31,164,195,7,16,15,157
0xb1ae52,92.8406%,31,402,433,0,0,31,402
0x50cd27,91.4835%,31,333,364,4,10,21,329
0x499170,83.5106%,31,157,188,131,7,24,26
0x4a5b52,43.6364%,31,24,55,24,31,0,0
0xa54f1b,58.1081%,31,43,74,15,16,15,28
0x51165c,99.5784%,31,7322,7353,7322,31,0,0
0x50cd31,91.1429%,31,319,350,222,11,20,97
0x5b0df1,98.8398%,31,2641,2672,0,0,31,2641
0xa9d197,81.2121%,31,134,165,4,13,18,130
0x402e46,81.9767%,31,141,172,141,31,0,0
0x539b4b,97.3527%,31,1140,1171,9,5,26,1131
0x9c3eca,63.9535%,31,55,86,0,0,31,55
0x50a0e8,44.6429%,31,25,56,0,0,31,25
0x53de9c,94.1065%,31,495,526,495,31,0,0
0x508659,96.0908%,31,762,793,38,15,16,724
0x91770c,84.5%,31,169,200,13,24,7,156
0x9e046d,85.3081%,31,180,211,0,0,31,180
0x5f7d25,77.037%,31,104,135,99,20,11,5
0x639c22,96.125%,31,769,800,127,21,10,642
0x40f61d,98.4782%,31,2006,2037,243,29,2,1763
0xa530fa,83.8542%,31,161,192,153,19,12,8
0x8ff1f2,79.8701%,31,123,154,35,21,10,88
0x66f689,35.4167%,31,17,48,0,0,31,17
0x5040af,75%,31,93,124,45,17,14,48
0x5109e7,95.0872%,31,600,631,4,11,20,596
0x82279d,93.8%,31,469,500,427,21,10,42
0x8a8c06,96.6916%,31,906,937,878,14,17,28
0x55654f,92.2693%,31,370,401,0,0,31,370
0xa39682,96.509%,31,857,888,857,31,0,0
0x8aa993,99.0938%,31,3390,3421,0,0,31,3390
0x488abd,94.1065%,31,495,526,495,31,0,0
0xa45e33,74.5902%,31,91,122,0,4,27,91
0x542e07,98.6265%,31,2226,2257,0,0,31,2226
0x5ad33c,94.291%,31,512,543,512,31,0,0
0x9f0ad2,96.412%,31,833,864,0,0,31,833
0x803f6d,88.2576%,31,233,264,0,0,31,233
0x48d7bc,96.9%,31,969,1000,238,25,6,731
0x81680c,70.1923%,31,73,104,70,13,18,3
0x8f6469,91.6442%,31,340,371,0,0,31,340
0x8aa8c5,95.7823%,31,704,735,0,0,31,704
0x405b9b,92.74%,31,396,427,76,14,17,320
0x597146,93.1718%,31,423,454,399,12,19,24
0x590689,98.1903%,31,1682,1713,484,19,12,1198
0x5344f5,18.4211%,31,7,38,3,31,0,4
0xa5ec63,95.5903%,31,672,703,0,5,26,672
0x6662c2,97.9935%,31,1514,1545,1514,31,0,0
0x533851,89.3471%,31,260,291,257,16,15,3
0x4a6f0c,93.9335%,31,480,511,0,0,31,480
0xa2f2fc,84.0206%,31,163,194,163,27,4,0
0x48b173,63.9535%,31,55,86,16,27,4,39
0x506286,95.2087%,31,616,647,616,31,0,0
0x8f4c6c,98.8024%,30,2475,2505,36,5,25,2439
0x499d08,43.3962%,30,23,53,7,6,24,16
0x50d2a8,99.3394%,30,4511,4541,0,0,30,4511
0x66684b,93.9024%,30,462,492,462,30,0,0
0xa45b70,78.7234%,30,111,141,91,18,12,20
0x48d827,99.3278%,30,4433,4463,0,0,30,4433
0x5cb108,96.4072%,30,805,835,6,24,6,799
0xaa3394,92.5743%,30,374,404,0,0,30,374
0x8e45e5,98.4825%,30,1947,1977,283,18,12,1664
0x67f5cf,95.1768%,30,592,622,244,12,18,348
0x8fd96e,81.0127%,30,128,158,123,20,10,5
0x8a8807,94.012%,30,471,501,468,19,11,3
0x4ba577,91.9571%,30,343,373,16,15,15,327
0x58ebb7,98.1873%,30,1625,1655,97,25,5,1528
0xa9daf9,71.4286%,30,75,105,38,10,20,37
0xa2fc73,95.5817%,30,649,679,26,14,16,623
0x504698,95.9459%,30,710,740,710,12,18,0
0x48d64d,99.3287%,30,4439,4469,0,0,30,4439
0x53e337,99.0512%,30,3132,3162,0,14,16,3132
0x810908,88.6364%,30,234,264,231,5,25,3
0xaadef7,99.6646%,30,8914,8944,0,0,30,8914
0x489f71,55.8824%,30,38,68,0,0,30,38
0x98cb34,86.7257%,30,196,226,14,23,7,182
0xa52ce2,91.7355%,30,333,363,0,0,30,333
0x81049e,88.8889%,30,240,270,102,8,22,138
0x643074,91.2791%,30,314,344,0,0,30,314
0xa91ea0,84.6154%,30,165,195,164,27,3,1
0x807c0d,86.5471%,30,193,223,87,14,16,106
0xa3acd5,78.5714%,30,110,140,110,26,4,0
0xa2e28c,89.3993%,30,253,283,206,13,17,47
0x81e96e,94.2529%,30,492,522,436,10,20,56
0x5f8e83,89.0511%,30,244,274,237,17,13,7
0x972cbd,78.5714%,30,110,140,0,0,30,110
0xa2f2f7,84.2105%,30,160,190,79,18,12,81
0x5ea99f,87.069%,30,202,232,65,3,27,137
0x98b31d,91.3793%,30,318,348,5,11,19,313
0x8f495a,98.2548%,30,1689,1719,315,21,9,1374
0xb34781,77.2727%,30,102,132,102,30,0,0
0x5547c4,97.4003%,30,1124,1154,0,0,30,1124
0x5b9db5,75.2066%,30,91,121,53,20,10,38
0x9a91a9,88.5496%,30,232,262,229,18,12,3
0x9fb23b,75.8065%,30,94,124,94,30,0,0
0x9485d9,97.9196%,30,1412,1442,1412,30,0,0
0x9d06e8,53.8462%,30,35,65,16,18,12,19
0xa95d08,96.0836%,30,736,766,2,30,0,734
0x534e51,98.9946%,30,2954,2984,2954,30,0,0
0x55598a,45.4545%,30,25,55,25,29,1,0
0x402a41,99.5882%,30,7255,7285,7255,30,0,0
0x53e4d7,99.6918%,30,9705,9735,1,10,20,9704
0x9846c9,79.4521%,30,116,146,72,11,19,44
0x50d39e,97.5309%,30,1185,1215,698,18,12,487
0x9485ce,97.9196%,30,1412,1442,0,0,30,1412
0x40dfb4,77.7778%,30,105,135,0,6,24,105
0x64a4da,71.6981%,30,76,106,61,13,17,15
0xa5c2c4,83.4254%,30,151,181,51,21,9,100
0x409adb,80.1325%,30,121,151,27,17,13,94
0x58f8b7,69.697%,30,69,99,24,17,13,45
0x8a90d6,97.2628%,30,1066,1096,43,12,18,1023
0x97433b,89.5105%,30,256,286,20,6,24,236
0x5411be,98.5528%,30,2043,2073,2034,16,14,9
0x50fd9d,99.772%,30,13127,13157,467,7,23,12660
0x7d30e0,94.4649%,30,512,542,155,17,13,357
0xb2eb4a,99.6094%,30,7651,7681,0,0,30,7651
0x4b5e65,73.6842%,30,84,114,33,11,19,51
0x8e2b43,42.3077%,30,22,52,22,30,0,0
0x81457e,98.2945%,30,1729,1759,1690,24,6,39
0x5910ca,83.7838%,30,155,185,155,29,1,0
0xa5ced6,78.7234%,30,111,141,26,13,17,85
0x7d43e2,96.6777%,30,873,903,832,4,26,41
0x49f6c6,77.6119%,30,104,134,45,10,20,59
0x9484ae,97.9196%,30,1412,1442,1412,30,0,0
0x402349,94.8893%,30,557,587,557,30,0,0
0xb0b03a,58.3333%,30,42,72,5,24,6,37
0x643853,33.3333%,30,15,45,15,30,0,0
0x8e9215,97.8754%,30,1382,1412,440,12,18,942
0x9eb69d,55.2239%,30,37,67,23,12,18,14
0x8ed03f,84.5361%,30,164,194,4,18,12,160
0x9ee008,82.8571%,30,145,175,1,9,21,144
0x4bfd78,65.1163%,30,56,86,10,25,5,46
0x507bd6,96.2169%,30,763,793,36,17,13,727
0x4a8dd0,85.9155%,30,183,213,183,25,5,0
0x48a615,33.3333%,30,15,45,0,0,30,15
0xa3424c,82.3529%,30,140,170,60,8,22,80
0xa465e4,78.8732%,30,112,142,10,20,10,102
0x9ea692,82.0359%,30,137,167,29,10,20,108
0x8bcac3,85.0746%,30,171,201,171,21,9,0
0x40f583,68.0851%,30,64,94,64,30,0,0
0x508db5,72.7273%,30,80,110,48,28,2,32
0x9a7d8d,89.5833%,30,258,288,120,13,17,138
0x402527,94.1634%,30,484,514,0,0,30,484
0x677504,88.4615%,30,230,260,1,8,22,229
0xa22deb,82.5581%,30,142,172,141,12,18,1
0x9f4019,70.297%,30,71,101,59,9,21,12
0x5ee22b,0%,30,0,30,0,30,0,0
0x8ef6e5,77.7778%,30,105,135,105,30,0,0
0x60dce0,96.7462%,30,892,922,891,7,23,1
0x81477a,96.8153%,30,912,942,401,28,2,511
0x677ce9,96.888%,30,934,964,934,30,0,0
0x49c12c,93.988%,30,469,499,385,19,11,84
0x5a91a5,91.5014%,30,323,353,304,16,14,19
0x9e70ba,34.7826%,30,16,46,16,30,0,0
0xa58922,74.1379%,30,86,116,11,12,18,75
0x8e5a24,85.5769%,30,178,208,0,0,30,178
0xa3409c,86.6667%,30,195,225,187,13,17,8
0x8df018,77.0992%,30,101,131,86,29,1,15
0x53deb8,94.2966%,30,496,526,94,25,5,402
0x593877,95.2756%,30,605,635,605,28,2,0
0x558e52,65.9091%,30,58,88,44,22,8,14
0xa4d472,77.6119%,30,104,134,50,17,13,54
0x40488b,92.4433%,30,367,397,129,18,12,238
0x8dcdc5,95.8449%,30,692,722,608,13,17,84
0x78d855,95.509%,30,638,668,5,23,7,633
0x820f3b,87.5519%,30,211,241,0,0,30,211
0x9bc7f7,89.9666%,30,269,299,106,21,9,163
0xad7f16,98.2343%,30,1669,1699,0,0,30,1669
0xaab0c7,63.4146%,30,52,82,48,30,0,4
0x5fa332,97.3845%,30,1117,1147,1117,24,6,0
0x9f3f43,84.6939%,30,166,196,15,26,4,151
0x40ebc0,98.0928%,30,1543,1573,0,0,30,1543
0x512c30,99.7307%,30,11109,11139,0,0,30,11109
0x4bf256,28.5714%,30,12,42,12,30,0,0
0x547426,80.2632%,30,122,152,69,22,8,53
0x559066,90.991%,30,303,333,168,29,1,135
0xaad9a4,85.3659%,30,175,205,101,19,11,74
0x4c1cdc,84.2105%,30,160,190,116,13,17,44
0x9aa6b0,93.9394%,30,465,495,464,26,4,1
0x609f8c,98.9865%,30,2930,2960,0,0,30,2930
0x5531f9,95.6522%,30,660,690,0,0,30,660
0x49de4b,69.3878%,30,68,98,3,25,5,65
0x8d266a,99.6402%,30,8309,8339,0,0,30,8309
0xa92f6e,65.9091%,30,58,88,58,23,7,0
0x48b241,91.7582%,30,334,364,22,21,9,312
0xa4978c,90.625%,30,290,320,17,1,29,273
0x8a5f1a,77.0992%,30,101,131,20,25,5,81
0x80fb55,95.9677%,30,714,744,487,13,17,227
0x48ea83,95.09%,30,581,611,3,23,7,578
0x405200,77.2727%,30,102,132,0,0,30,102
0x8fee56,95.2756%,30,605,635,0,0,30,605
0x90a8ca,59.4595%,30,44,74,6,27,3,38
0x8ff0a8,82.9545%,30,146,176,85,3,27,61
0x8f5a75,99.1392%,30,3455,3485,3455,30,0,0
0x58f8ef,62.5%,30,50,80,32,7,23,18
0x9777cf,47.3684%,30,27,57,27,30,0,0
0x50892a,68.0851%,30,64,94,32,21,9,32
0x5d90b2,78.1022%,30,107,137,0,0,30,107
0x40494d,87.2881%,30,206,236,204,15,15,2
0xaa7f62,94.3289%,30,499,529,499,27,3,0
0x81223a,92.0635%,30,348,378,348,30,0,0
0x4bc77b,85%,30,170,200,29,13,17,141
0xa911d7,95.7507%,30,676,706,0,4,26,676
0x8ee6f7,92.2879%,30,359,389,4,14,16,355
0x94a009,86.5471%,30,193,223,193,30,0,0
0xaa63ce,74.1379%,30,86,116,17,9,21,69
0x4bbef1,96.8553%,30,924,954,229,9,21,695
0x6484a8,88.2353%,30,225,255,150,20,10,75
0x552aa3,78.2609%,30,108,138,108,28,2,0
0xaa2f08,95.1613%,30,590,620,488,30,0,102
0xaa144a,81.7073%,30,134,164,102,17,13,32
0x554594,89.6194%,30,259,289,259,30,0,0
0xa4e6c6,60.5263%,30,46,76,23,15,15,23
0xa90025,81.7073%,30,134,164,0,0,30,134
0x8dd4d9,98.6951%,30,2269,2299,1507,14,16,762
0x40e66a,48.2759%,30,28,58,4,15,15,24
0xa25fbe,96.5596%,30,842,872,171,17,13,671
0xa91d45,79.7297%,30,118,148,118,30,0,0
0x5c6c6f,93.7238%,30,448,478,0,0,30,448
0x489d13,99.2528%,30,3985,4015,0,0,30,3985
0x902243,98.2301%,30,1665,1695,0,10,20,1665
0x50be27,94.8276%,30,550,580,550,28,2,0
0x48b9cf,98.8901%,30,2673,2703,0,0,30,2673
0x4a01e4,70.297%,30,71,101,0,0,30,71
0x9aade5,62.0253%,30,49,79,33,9,21,16
0xa4ee69,81.4815%,30,132,162,11,13,17,121
0x5fc05f,61.5385%,30,48,78,11,8,22,37
0x803f79,88.6364%,30,234,264,1,27,3,233
0x591389,86.5471%,30,193,223,193,30,0,0
0x4b6a1f,80.6452%,30,125,155,15,20,10,110
0x8e43eb,98.4825%,30,1947,1977,293,8,22,1654
0x9f683f,91.9571%,30,343,373,57,23,7,286
0xaaae2d,83.871%,30,156,186,0,0,30,156
0x81bc4b,85.2941%,30,174,204,174,11,19,0
0x53c572,92.3469%,30,362,392,359,22,8,3
0x40f3c7,95.5291%,30,641,671,612,7,23,29
0x50cef3,76.1905%,30,96,126,45,19,11,51
0x48f060,76.7442%,30,99,129,96,11,19,3
0x4b66b0,80.6452%,30,125,155,31,18,12,94
0x80d8fb,78.3582%,29,105,134,4,24,5,101
0x4045f4,79.1367%,29,110,139,20,18,11,90
0xa5d066,83.237%,29,144,173,144,29,0,0
0x8fee14,95.4331%,29,606,635,606,29,0,0
0x51b8d7,88.7597%,29,229,258,228,18,11,1
0x8107b9,96.0916%,29,713,742,483,7,22,230
0x4c9e57,96.9182%,29,912,941,27,19,10,885
0xaab22e,99.1374%,29,3333,3362,2,10,19,3331
0x534b4e,64.1975%,29,52,81,26,14,15,26
0x722a3f,69.4737%,29,66,95,3,11,18,63
0x4bbb73,85.7843%,29,175,204,175,28,1,0
0x648be6,44.2308%,29,23,52,9,17,12,14
0x81bc70,50.8475%,29,30,59,30,10,19,0
0x8f58bd,99.2514%,29,3845,3874,3845,29,0,0
0x8f0ce3,95.2381%,29,580,609,401,16,13,179
0x8ebabd,94.3026%,29,480,509,1,21,8,479
0xb0d439,82.9412%,29,141,170,74,11,18,67
0x6096fd,82.0988%,29,133,162,133,29,0,0
0x64deb6,94.6593%,29,514,543,0,0,29,514
0x9f9757,64.1975%,29,52,81,20,29,0,32
0x600227,97.9833%,29,1409,1438,9,14,15,1400
0xb14842,99.3189%,29,4229,4258,0,0,29,4229
0x557784,94.3798%,29,487,516,487,29,0,0
0xaa034d,76.0331%,29,92,121,0,0,29,92
0x8de1c4,98.7962%,29,2380,2409,2380,29,0,0
0xa5eb7d,91.1315%,29,298,327,2,17,12,296
0x47f249,97.4336%,29,1101,1130,0,0,29,1101
0xa588db,80.137%,29,117,146,28,14,15,89
0x8196ae,98.5929%,29,2032,2061,1845,24,5,187
0x9a1dbd,76.9841%,29,97,126,88,23,6,9
0x4a74dc,59.7222%,29,43,72,19,28,1,24
0x543b0e,86.6972%,29,189,218,0,9,20,189
0x604c0b,88.6275%,29,226,255,0,6,23,226
0xa33e63,69.1489%,29,65,94,36,6,23,29
0x51078c,97.2973%,29,1044,1073,0,13,16,1044
0x7d2ed0,96.375%,29,771,800,523,19,10,248
0x40980b,85.2041%,29,167,196,162,12,17,5
0x8b997a,99.8928%,29,27012,27041,0,0,29,27012
0x8fe06a,66.2791%,29,57,86,57,29,0,0
0x53b0fd,99.4379%,29,5130,5159,0,0,29,5130
0x8e5119,98.5331%,29,1948,1977,1503,20,9,445
0x9a69e4,61.8421%,29,47,76,0,0,29,47
0x9bb416,83.1395%,29,143,172,140,13,16,3
0xb32360,97.0072%,29,940,969,0,0,29,940
0x6105cd,68.8172%,29,64,93,64,29,0,0
0x48a71e,99.1148%,29,3247,3276,0,0,29,3247
0xb0b122,76.0331%,29,92,121,84,21,8,8
0x4b4a64,90.429%,29,274,303,2,17,12,272
0x4c2031,81.761%,29,130,159,47,8,21,83
0x5af013,95.6973%,29,645,674,0,0,29,645
0x5f14a0,81.6456%,29,129,158,128,9,20,1
0x94c7b8,94.8582%,29,535,564,65,20,9,470
0x98cc21,95.8982%,29,678,707,676,13,16,2
0xa3bb10,87.2807%,29,199,228,197,13,16,2
0x48dd9b,85.3535%,29,169,198,0,0,29,169
0x58d25e,68.4783%,29,63,92,39,18,11,24
0x8fdefb,99.9134%,29,33471,33500,0,0,29,33471
0x5e04e0,80%,29,116,145,116,29,0,0
0x9484bd,97.9889%,29,1413,1442,0,0,29,1413
0x9f123a,97.1116%,29,975,1004,975,29,0,0
0x58cdc3,76.2295%,29,93,122,0,0,29,93
0xa1ad87,77.1654%,29,98,127,38,15,14,60
0x8fe9d3,99.1354%,29,3325,3354,0,0,29,3325
0x97b994,74.5614%,29,85,114,11,20,9,74
0x9a906c,87.0536%,29,195,224,193,17,12,2
0x40db82,99.6524%,29,8314,8343,0,0,29,8314
0x8b972f,99.8581%,29,20411,20440,20411,29,0,0
0xb323b3,97.0072%,29,940,969,0,0,29,940
0x60a78f,97.7308%,29,1249,1278,1249,29,0,0
0x7d2bfd,95.8333%,29,667,696,57,22,7,610
0x48de09,85.3535%,29,169,198,30,17,12,139
0xb0b107,48.2143%,29,27,56,10,11,18,17
0x4a0183,75%,29,87,116,8,7,22,79
0x534703,71.2871%,29,72,101,72,29,0,0
0x9f6271,95.2846%,29,586,615,196,20,9,390
0xa30858,97.2115%,29,1011,1040,0,0,29,1011
0x5c6aad,99.2838%,29,4020,4049,0,0,29,4020
0x9e048f,74.5614%,29,85,114,0,0,29,85
0x49f9a0,57.3529%,29,39,68,39,29,0,0
0x49b1fa,96.8237%,29,884,913,0,0,29,884
0x8e0a54,99.0096%,29,2899,2928,2899,29,0,0
0x9f4b25,76.2295%,29,93,122,13,29,0,80
0xb31c47,99.8658%,29,21586,21615,0,0,29,21586
0x94ddc9,93.2243%,29,399,428,45,19,10,354
0x5e37c1,95.5453%,29,622,651,0,0,29,622
0x49bafe,94.0452%,29,458,487,458,23,6,0
0x4a7c83,50%,29,29,58,29,29,0,0
0x9f5eb1,93.1925%,29,397,426,396,26,3,1
0xa39df7,97.7812%,29,1278,1307,0,0,29,1278
0x821867,67.4157%,29,60,89,60,29,0,0
0x591758,81.875%,29,131,160,19,9,20,112
0xa3a3f6,92.8218%,29,375,404,0,0,29,375
0x80bce4,89.9306%,29,259,288,154,13,16,105
0x9f5055,78.9855%,29,109,138,88,24,5,21
0x9a1323,80.9211%,29,123,152,114,8,21,9
0x81951a,81.875%,29,131,160,63,17,12,68
0x8040c6,67.0455%,29,59,88,11,17,12,48
0x8138d6,74.7826%,29,86,115,76,17,12,10
0x557bfb,55.3846%,29,36,65,14,14,15,22
0xa33d76,97.8358%,29,1311,1340,1027,13,16,284
0x548a60,70.7071%,29,70,99,70,17,12,0
0xa5856a,83.9779%,29,152,181,49,14,15,103
0x9a7006,74.1071%,29,83,112,80,14,15,3
0x502c81,98.8381%,29,2467,2496,121,24,5,2346
0x5cb07e,96.7269%,29,857,886,0,0,29,857
0x538648,97.9491%,29,1385,1414,1385,29,0,0
0x8121e0,94.6691%,29,515,544,262,19,10,253
0x6191b1,96.3291%,29,761,790,761,29,0,0
0xa01dfe,57.3529%,29,39,68,0,27,2,39
0x504dfd,95.7416%,29,652,681,630,13,16,22
0x80947a,96.5802%,29,819,848,819,29,0,0
0x9ebede,76.4228%,29,94,123,48,14,15,46
0xa35519,90.1024%,29,264,293,1,13,16,263
0x822648,84.4086%,29,157,186,143,20,9,14
0x50da7f,72.8972%,29,78,107,74,29,0,4
0x817e79,88.0165%,29,213,242,175,12,17,38
0x984073,73.8739%,29,82,111,12,13,16,70
0x8a8e95,98.2572%,29,1635,1664,1634,26,3,1
0x5c6ac1,99.2838%,29,4020,4049,0,0,29,4020
0x402549,94.358%,29,485,514,0,0,29,485
0x8da3d5,72.6415%,29,77,106,0,0,29,77
0x4a578e,82.4242%,29,136,165,0,0,29,136
0x6191ac,96.3291%,29,761,790,0,0,29,761
0x508a6a,69.1489%,29,65,94,54,29,0,11
0x557c80,71.8447%,29,74,103,8,22,7,66
0x9e62da,82.7381%,29,139,168,137,12,17,2
0x5c4bdf,98.4144%,29,1800,1829,0,0,29,1800
0x60b51c,92.487%,29,357,386,357,29,0,0
0x784077,95.1667%,29,571,600,565,18,11,6
0x54ffa4,93.8429%,29,442,471,442,29,0,0
0x8eee3d,93.5698%,29,422,451,0,0,29,422
0x591c13,80.7947%,29,122,151,0,0,29,122
0x94db3c,95.0596%,29,558,587,0,0,29,558
0x82132f,99.1908%,29,3555,3584,0,0,29,3555
0xa90a5f,84.0659%,29,153,182,153,25,4,0
0x8f565b,92.4084%,29,353,382,173,18,11,180
0x545ba2,85.5721%,29,172,201,0,0,29,172
0x543ccf,60.274%,29,44,73,10,11,18,34
0x901652,96.6551%,29,838,867,838,29,0,0
0x98f949,88.716%,29,228,257,0,0,29,228
0x858e6c,95.7664%,29,656,685,656,21,8,0
0x9d0e98,96.2629%,29,747,776,747,14,15,0
0x533d9d,51.6667%,29,31,60,31,27,2,0
0x50a77a,43.1373%,29,22,51,22,29,0,0
0x819555,63.75%,29,51,80,45,11,18,6
0x9a1fc6,85.7143%,29,174,203,174,29,0,0
0x816e03,97.6518%,29,1206,1235,0,0,29,1206
0x7826a2,86.8778%,29,192,221,0,0,29,192
0x545505,65.0602%,29,54,83,54,29,0,0
0x5c6b55,98.1715%,29,1557,1586,0,0,29,1557
0xa5d0db,82.4242%,29,136,165,136,29,0,0
0x512292,98.5984%,29,2040,2069,0,0,29,2040
0x51afd4,88.9313%,29,233,262,0,2,27,233
0xa54f54,43.1373%,29,22,51,10,16,13,12
0x7c160c,89.8955%,29,258,287,78,8,21,180
0x98ccdb,79.5775%,29,113,142,113,29,0,0
0x4a1bd9,98.1181%,29,1512,1541,0,0,29,1512
0x510c4a,93.3333%,29,406,435,77,20,9,329
0x5104f7,98.1646%,29,1551,1580,1145,9,20,406
0x819d11,95.36%,29,596,625,596,9,20,0
0xa2602e,96.6743%,29,843,872,670,14,15,173
0x97a3fe,75%,29,87,116,6,7,22,81
0x8fe8a0,99.2471%,29,3823,3852,0,0,29,3823
0x7c66c5,82.3171%,29,135,164,131,25,4,4
0x4043bf,98.5791%,29,2012,2041,0,0,29,2012
0xaa069e,82.7381%,29,139,168,7,19,10,132
0x505fdb,68.8172%,29,64,93,51,12,17,13
0x502249,97.5022%,29,1132,1161,1131,25,4,1
0xa52b69,86.3208%,29,183,212,0,0,29,183
0x908f40,98.4785%,29,1877,1906,31,20,9,1846
0xa52c04,86.3208%,29,183,212,180,13,16,3
0x51131a,99.3786%,29,4638,4667,4638,29,0,0
0xa5889a,90.0685%,29,263,292,125,21,8,138
0xa4501f,95.2381%,29,580,609,0,0,29,580
0xa57942,82.7381%,29,139,168,18,21,8,121
0x591370,94.6886%,29,517,546,0,0,29,517
0xa57163,52.459%,29,32,61,21,20,9,11
0x50e3e9,40.8163%,29,20,49,20,29,0,0
0xa576b0,96.164%,29,727,756,727,9,20,0
0x50dbc4,97.6132%,29,1186,1215,1186,29,0,0
0x944ad9,86.9369%,29,193,222,193,29,0,0
0x53c634,95.6716%,29,641,670,0,0,29,641
0x9ab2fc,93.0952%,29,391,420,105,7,22,286
0x543b1b,86.1244%,29,180,209,0,0,29,180
0x591139,88.2591%,29,218,247,0,0,29,218
0x4bf6d2,82.8402%,29,140,169,140,29,0,0
0x4bf693,85.3535%,29,169,198,10,19,10,159
0x50ca26,96.4591%,29,790,819,788,11,18,2
0x8c92ba,97.1116%,29,975,1004,61,23,6,914
0x80baab,75.6303%,29,90,119,65,10,19,25
0x4c012f,85.3535%,29,169,198,78,8,21,91
0x4b70bc,80.4054%,29,119,148,32,29,0,87
0x5ff6a2,71.2871%,29,72,101,4,7,22,68
0x90400d,32.5581%,29,14,43,9,23,6,5
0x9e8403,92.328%,29,349,378,273,13,16,76
0x5e59ab,96.4109%,29,779,808,0,3,26,779
0x8dd8fa,98.7386%,29,2270,2299,44,22,7,2226
0x8ff6f7,85.2041%,29,167,196,0,7,22,167
0xaa8e38,64.6341%,29,53,82,53,29,0,0
0x8ddb7c,74.1071%,29,83,112,83,29,0,0
0xa472bd,82.6347%,29,138,167,138,29,0,0
0x4b5228,88.8462%,29,231,260,0,0,29,231
0x5970df,93.9959%,29,454,483,2,21,8,452
0x5fe2fe,95.5247%,29,619,648,601,19,10,18
0x81eef3,53.2258%,29,33,62,16,24,5,17
0x48e890,29.2683%,29,12,41,3,24,5,9
0x540a1a,96.0916%,29,713,742,713,15,14,0
0x984478,56.0606%,29,37,66,30,17,12,7
0xa60c70,87.7637%,29,208,237,208,29,0,0
0x538d40,92.9095%,29,380,409,380,3,26,0
0x8ea11f,98.8278%,29,2445,2474,2445,29,0,0
0x9fe325,78.3582%,29,105,134,0,0,29,105
0x81603b,85.7143%,29,174,203,174,6,23,0
0x8bc8d0,99.8299%,29,17015,17044,0,0,29,17015
0x8ded4d,88.4%,29,221,250,44,11,18,177
0x5fa201,89.4928%,29,247,276,0,3,26,247
0x983a8b,54.6875%,29,35,64,14,21,8,21
0x4a124d,97.3968%,29,1085,1114,4,14,15,1081
0x5fff7d,96.5311%,29,807,836,807,29,0,0
0x666875,94.1057%,29,463,492,463,29,0,0
0x9e001d,97.2998%,29,1045,1074,0,0,29,1045
0x5f79bd,86.5741%,29,187,216,1,2,27,186
0x805866,97.3897%,29,1082,1111,886,11,18,196
0x504e76,70.1031%,29,68,97,36,23,6,32
0x4872c3,93.8298%,29,441,470,0,12,17,441
0x544e1e,87.5%,28,196,224,159,8,20,37
0x5439b3,79.2593%,28,107,135,107,28,0,0
0xaa34ce,97.0053%,28,907,935,7,4,24,900
0x805ae9,94.3888%,28,471,499,402,13,15,69
0x539e2e,75.6522%,28,87,115,87,28,0,0
0x51229a,98.6467%,28,2041,2069,2041,28,0,0
0x820e70,88.5246%,28,216,244,0,0,28,216
0xa15a0d,94.6565%,28,496,524,44,10,18,452
0xa2ebcf,91.9771%,28,321,349,321,28,0,0
0x9d0672,67.0588%,28,57,85,35,16,12,22
0xb2add5,97.3025%,28,1010,1038,0,0,28,1010
0x8dacd0,85.9296%,28,171,199,147,8,20,24
0x833fb5,94.3434%,28,467,495,467,28,0,0
0x49c717,93.9525%,28,435,463,1,5,23,434
0x944b36,87.3874%,28,194,222,194,28,0,0
0xa393b9,96.9129%,28,879,907,0,0,28,879
0x63bbfb,97.0864%,28,933,961,0,0,28,933
0x9f0904,97.2387%,28,986,1014,1,9,19,985
0x8e12d1,98.8353%,28,2376,2404,1584,14,14,792
0x678916,99.0179%,28,2823,2851,0,0,28,2823
0x5c466e,63.6364%,28,49,77,0,0,28,49
0xa2e73f,87.2146%,28,191,219,70,15,13,121
0x9725a0,87.3303%,28,193,221,192,19,9,1
0x9a9cfb,92.6893%,28,355,383,355,28,0,0
0x8ea020,92.9825%,28,371,399,371,16,12,0
0x5bd470,99.0331%,28,2868,2896,1437,11,17,1431
0xa4d2ef,77.6%,28,97,125,70,19,9,27
0xa50a13,92.2652%,28,334,362,0,4,24,334
0x58ccfa,84.9462%,28,158,186,158,28,0,0
0x8dcb9a,98.7821%,28,2271,2299,665,3,25,1606
0x96c1e6,77.0492%,28,94,122,94,28,0,0
0xa4ee82,79.7101%,28,110,138,110,28,0,0
0x4ca66e,20%,28,7,35,4,26,2,3
0x595de0,96.3589%,28,741,769,0,0,28,741
0x8bcdba,97.1253%,28,946,974,26,18,10,920
0x50cd8e,92.3077%,28,336,364,31,12,16,305
0x61174d,96.1696%,28,703,731,0,0,28,703
0x48d7e0,73.8318%,28,79,107,79,28,0,0
0x9fb25e,77.4194%,28,96,124,66,17,11,30
0xaa1304,55.5556%,28,35,63,5,20,8,30
0x9a7cab,95.0963%,28,543,571,540,19,9,3
0x5c49b1,63.6364%,28,49,77,49,28,0,0
0x9812d0,81.9355%,28,127,155,61,19,9,66
0xaa47b4,89.3536%,28,235,263,235,28,0,0
0x833dfe,90.5405%,28,268,296,268,20,8,0
0xa25f57,85.1064%,28,160,188,160,28,0,0
0xa58865,80.8219%,28,118,146,26,16,12,92
0x9a7030,72.8155%,28,75,103,2,9,19,73
0x9abaa6,96.5131%,28,775,803,0,0,28,775
0x494c2f,48.1481%,28,26,54,11,15,13,15
0x970ebd,98.4296%,28,1755,1783,0,0,28,1755
0x508072,94.697%,28,500,528,126,10,18,374
0x9d0354,92.3913%,28,340,368,0,5,23,340
0xa59418,91.7889%,28,313,341,33,15,13,280
0x507227,96.2162%,28,712,740,552,22,6,160
0x40dc7d,98.57%,28,1930,1958,1930,28,0,0
0xa54deb,75.8621%,28,88,116,82,8,20,6
0x508f68,96.2162%,28,712,740,0,0,28,712
0x7e0868,20%,28,7,35,5,28,0,2
0x4a1da5,98.0769%,28,1428,1456,1428,28,0,0
0x904562,94.3775%,28,470,498,470,28,0,0
0xa28097,91.8841%,28,317,345,1,9,19,316
0x8ed99f,93.7916%,28,423,451,305,13,15,118
0x627e30,24.3243%,28,9,37,4,18,10,5
0x97846d,94.13%,28,449,477,0,18,10,449
0x8e4dbf,93.0693%,28,376,404,90,11,17,286
0x49f69d,74.0741%,28,80,108,10,26,2,70
0x9fb283,31.7073%,28,13,41,13,28,0,0
0x535618,61.6438%,28,45,73,12,0,28,33
0x9ef0db,97.1631%,28,959,987,959,28,0,0
0x8bd417,99.8845%,28,24207,24235,0,0,28,24207
0x80582f,97.4797%,28,1083,1111,220,6,22,863
0x9fe52c,79.1045%,28,106,134,106,28,0,0
0xacfa9c,88.1356%,28,208,236,208,28,0,0
0xa4bbdf,95.4323%,28,585,613,0,4,24,585
0x8d271c,94.0171%,28,440,468,49,25,3,391
0xa921bc,94.707%,28,501,529,0,4,24,501
0x5335c4,65.8537%,28,54,82,18,20,8,36
0x5cb06c,96.861%,28,864,892,4,2,26,860
0x488eee,87.931%,28,204,232,0,0,28,204
0x9abdf3,92.1127%,28,327,355,164,14,14,163
0xaa8003,94.707%,28,501,529,0,0,28,501
0x5462a4,92%,28,322,350,0,0,28,322
0x94b186,86.4734%,28,179,207,79,21,7,100
0xa07a3f,56.25%,28,36,64,17,16,12,19
0x9d1cc3,60.5634%,28,43,71,28,5,23,15
0xb345f0,87.5556%,28,197,225,197,28,0,0
0xab289b,99.6816%,28,8765,8793,8765,28,0,0
0x9f0eb7,52.5424%,28,31,59,9,12,16,22
0x9fbaa4,90.8497%,28,278,306,77,14,14,201
0x50137d,98.263%,28,1584,1612,0,0,28,1584
0xa8fc5f,83.5294%,28,142,170,142,28,0,0
0x8216ab,91.5663%,28,304,332,0,0,28,304
0x9f2470,65.8537%,28,54,82,54,28,0,0
0xa42918,97.1458%,28,953,981,0,0,28,953
0x4885e2,97.9562%,28,1342,1370,0,7,21,1342
0x4a5d29,49.0909%,28,27,55,0,0,28,27
0x4c8024,69.2308%,28,63,91,4,18,10,59
0xaa338f,93.3806%,28,395,423,6,13,15,389
0x8e7836,89.7436%,28,245,273,87,4,24,158
0x49371c,69.2308%,28,63,91,19,22,6,44
0x5fc014,52.5424%,28,31,59,21,19,9,10
0x6680f1,98.7741%,28,2256,2284,2256,28,0,0
0x402539,94.5525%,28,486,514,0,0,28,486
0x8a98a8,98.0952%,28,1442,1470,0,0,28,1442
0x5023fa,87.4439%,28,195,223,195,28,0,0
0x509e05,93.4426%,28,399,427,399,28,0,0
0x80fde5,97.6471%,28,1162,1190,583,12,16,579
0x63c77e,96.3351%,28,736,764,736,24,4,0
0x8eda06,80.5556%,28,116,144,6,12,16,110
0x94ed0f,68.8889%,28,62,90,7,23,5,55
0x5d3b08,97.751%,28,1217,1245,1217,28,0,0
0x674fbb,60.5634%,28,43,71,8,24,4,35
0x59083c,98.715%,28,2151,2179,8,20,8,2143
0x814e07,90.0356%,28,253,281,217,8,20,36
0x5fd6b5,90.5405%,28,268,296,68,7,21,200
0xa274e9,91.9308%,28,319,347,7,14,14,312
0x9e2540,89.5522%,28,240,268,109,9,19,131
0x9f474f,93.2854%,28,389,417,388,21,7,1
0x8fef8d,93.6508%,28,413,441,413,28,0,0
0x9e2900,95.0963%,28,543,571,1,24,4,542
0xa510f6,88.9328%,28,225,253,225,24,4,0
0x821c33,86.9767%,28,187,215,0,0,28,187
0x99c968,96.6627%,28,811,839,76,9,19,735
0x60e03f,81.9355%,28,127,155,0,0,28,127
0x40f6b6,89.5522%,28,240,268,240,28,0,0
0x67043a,78.9474%,28,105,133,0,0,28,105
0x78d5f0,56.25%,28,36,64,36,28,0,0
0x98409f,62.1622%,28,46,74,46,28,0,0
0x49fb7c,93.3806%,28,395,423,6,8,20,389
0x5457c3,99.6584%,28,8168,8196,0,0,28,8168
0xa39950,95.3947%,28,580,608,0,0,28,580
0x485b0c,87.5556%,28,197,225,197,26,2,0
0x80c137,96.8%,28,847,875,4,13,15,843
0x5036f0,96.2567%,28,720,748,0,0,28,720
0x5074a4,78.125%,28,100,128,100,9,19,0
0x5f8552,98.7079%,28,2139,2167,5,23,5,2134
0x557f82,92.4324%,28,342,370,0,0,28,342
0x5ea9bd,87.2727%,28,192,220,0,0,28,192
0x8e74b2,93.1034%,28,378,406,309,14,14,69
0x4bcc52,73.0769%,28,76,104,76,28,0,0
0x5d8007,97.7438%,28,1213,1241,0,0,28,1213
0x510455,98.7138%,28,2149,2177,218,24,4,1931
0x9a2362,74.7748%,28,83,111,20,10,18,63
0x405a55,96.4868%,28,769,797,5,9,19,764
0x8dcd7b,98.7821%,28,2271,2299,2271,28,0,0
0x643a81,96.3206%,28,733,761,0,0,28,733
0xaa3508,96.9697%,28,896,924,896,28,0,0
0x8a51cf,87.0968%,28,189,217,189,15,13,0
0x99f0e5,85.567%,28,166,194,166,16,12,0
0x943953,62.6667%,28,47,75,47,28,0,0
0x511a7c,99.287%,28,3899,3927,3899,28,0,0
0x943ad1,80.1418%,28,113,141,113,19,9,0
0xa8ee4b,93.7079%,28,417,445,417,14,14,0
0x499c8e,79.8561%,28,111,139,0,0,28,111
0x8a543e,93.2367%,28,386,414,0,24,4,386
0xa5f7c3,69.8925%,28,65,93,62,27,1,3
0x5c56d1,77.2358%,28,95,123,35,5,23,60
0x9a12a4,86.2069%,28,175,203,23,28,0,152
0x8eca17,99.3505%,28,4283,4311,56,14,14,4227
0x4a7224,87.6106%,28,198,226,1,1,27,197
0x58cbb7,91.3846%,28,297,325,147,17,11,150
0x8dca24,96.401%,28,750,778,657,11,17,93
0x542c01,92.3077%,28,336,364,2,4,24,334
0xaa1104,65%,28,52,80,42,2,26,10
0x4bb7b5,86.4078%,28,178,206,173,13,15,5
0x5ee239,84.1808%,28,149,177,149,28,0,0
0xa494b6,94.4664%,28,478,506,0,0,28,478
0x984031,82.2785%,28,130,158,130,16,12,0
0x5ea993,93.6937%,28,416,444,199,13,15,217
0x8fdd4b,69.8925%,28,65,93,63,22,6,2
0x9a9648,45.098%,28,23,51,14,6,22,9
0x5c4fbd,83.1325%,28,138,166,16,6,22,122
0x64f478,77.0492%,28,94,122,12,11,17,82
0xaa1261,55.5556%,28,35,63,12,14,14,23
0x972c85,80%,28,112,140,92,20,8,20
0x7235b4,98.0636%,28,1418,1446,0,0,28,1418
0xa46c24,79.1045%,28,106,134,106,25,3,0
0x8f295c,97.0894%,28,934,962,8,12,16,926
0x99c579,92.0228%,28,323,351,323,28,0,0
0xb2ada4,97.3025%,28,1010,1038,1010,28,0,0
0x507886,96.2162%,28,712,740,141,25,3,571
0x40366e,96.5432%,28,782,810,782,28,0,0
0x4be3c6,48.1481%,28,26,54,0,2,26,26
0x50cba4,63.6364%,28,49,77,3,8,20,46
0x48b2fd,92.3077%,28,336,364,0,0,28,336
0x9f5fd4,53.3333%,28,32,60,0,0,28,32
0x4a264d,94.0678%,28,444,472,0,0,28,444
0x404e80,62.1622%,28,46,74,28,8,20,18
0x60835b,69.2308%,28,63,91,63,28,0,0
0x48e050,71.4286%,28,70,98,51,22,6,19
0x96b1b3,96.9129%,28,879,907,0,0,28,879
0x8a66b1,81.5789%,28,124,152,117,22,6,7
0x4b4b69,92.4528%,28,343,371,93,18,10,250
0x4bb47d,46.1538%,28,24,52,0,0,28,24
0x639c39,95.7831%,28,636,664,1,11,17,635
0x60c4e8,79.1045%,28,106,134,0,0,28,106
0x8fcf5e,87.8261%,28,202,230,0,0,28,202
0x60ec50,62.1622%,28,46,74,24,12,16,22
0xa497df,88.2353%,28,210,238,210,28,0,0
0xa60b63,75.8621%,28,88,116,88,28,0,0
0x40478f,92.9471%,28,369,397,0,0,28,369
0x81f886,70.2128%,28,66,94,0,0,28,66
0x51196a,99.3112%,28,4037,4065,4037,28,0,0
0x40e115,98.3223%,28,1641,1669,0,0,28,1641
0x8fcc1a,95.1389%,28,548,576,0,0,28,548
0x7227d7,98.9814%,28,2721,2749,1427,19,9,1294
0x40f6d9,89.5522%,28,240,268,240,28,0,0
0xa45ba7,95.4023%,28,581,609,0,0,28,581
0xaa05b5,50%,28,28,56,20,18,10,8
0x8a6ee1,95.0442%,28,537,565,280,16,12,257
0x53de6f,94.6768%,28,498,526,0,0,28,498
0x54f30b,34.8837%,28,15,43,3,18,10,12
0x9439d0,80.8219%,28,118,146,30,18,10,88
0xa027a7,97.8328%,28,1264,1292,0,0,28,1264
0x58ba4f,77.0492%,28,94,122,1,3,25,93
0x5bcebd,97.0954%,28,936,964,906,14,14,30
0x9dfffc,96.1801%,28,705,733,0,0,28,705
0x9f270b,93.5185%,28,404,432,404,28,0,0
0x4bbc5a,90.1408%,28,256,284,148,15,13,108
0x60dbe1,85.8586%,28,170,198,0,0,28,170
0x814040,96.2963%,28,728,756,499,5,23,229
0x8ee0c8,86%,28,172,200,17,13,15,155
0x53d9fc,98.2684%,28,1589,1617,0,0,28,1589
0xb313dd,88%,27,198,225,0,0,27,198
0x60dda9,96.1318%,27,671,698,156,16,11,515
0xb0b011,74.2857%,27,78,105,7,5,22,71
0x541fbd,96.816%,27,821,848,0,0,27,821
0x4bbb37,73.7864%,27,76,103,46,14,13,30
0x9fc0f4,91.1765%,27,279,306,0,0,27,279
0xa32734,65.3846%,27,51,78,51,27,0,0
0x9ee3cb,75.4545%,27,83,110,79,9,18,4
0x591b85,82.2368%,27,125,152,18,24,3,107
0x48a69d,96.1095%,27,667,694,665,11,16,2
0x9a276b,75.6757%,27,84,111,76,20,7,8
0x50cbf4,28.9474%,27,11,38,11,27,0,0
0x49c192,71.5789%,27,68,95,0,0,27,68
0x5356db,78.9062%,27,101,128,0,6,21,101
0x5d7f30,95.8075%,27,617,644,207,14,13,410
0x9780b3,84.3931%,27,146,173,146,27,0,0
0x8171a7,96.816%,27,821,848,821,22,5,0
0x610c9e,90.146%,27,247,274,233,11,16,14
0x8a9f33,93.6471%,27,398,425,5,24,3,393
0x8fdca3,96.466%,27,737,764,737,27,0,0
0x64af5c,99.527%,27,5681,5708,2,19,8,5679
0x8e0452,97.6316%,27,1113,1140,551,19,8,562
0xaa7ee0,94.896%,27,502,529,502,27,0,0
0x49caf5,87.5%,27,189,216,189,27,0,0
0xaa7ef9,94.896%,27,502,529,0,0,27,502
0xa51be4,66.25%,27,53,80,14,26,1,39
0x977d64,81.1189%,27,116,143,7,7,20,109
0x9f5996,88.5106%,27,208,235,208,27,0,0
0x60b6a9,89.1129%,27,221,248,0,21,6,221
0xa024f5,98.4685%,27,1736,1763,1736,27,0,0
0x9e1960,96.6667%,27,783,810,0,0,27,783
0x540c2c,92.2857%,27,323,350,32,25,2,291
0xa5f715,92.3295%,27,325,352,0,0,27,325
0x951989,91%,27,273,300,186,2,25,87
0x9a72a0,92.219%,27,320,347,320,3,24,0
0x9eef23,77.5%,27,93,120,32,13,14,61
0x49f9c6,82.8025%,27,130,157,130,27,0,0
0xa58f3a,77.3109%,27,92,119,92,27,0,0
0xa93605,66.6667%,27,54,81,1,21,6,53
0x944faa,85.1648%,27,155,182,154,19,8,1
0x5f12ba,56.4516%,27,35,62,35,26,1,0
0x9e1a3c,77.5%,27,93,120,86,18,9,7
0x8deafb,78.9062%,27,101,128,34,16,11,67
0x8216c1,91.8675%,27,305,332,0,0,27,305
0x6670db,97.2919%,27,970,997,18,12,15,952
0xa27670,98.688%,27,2031,2058,26,1,26,2005
0x54195e,98.9985%,27,2669,2696,0,0,27,2669
0xa463eb,77.5%,27,93,120,14,10,17,79
0x404273,94.3158%,27,448,475,177,21,6,271
0x8e3dc5,83.0189%,27,132,159,115,3,24,17
0xa428d7,88%,27,198,225,120,11,16,78
0xa5f9d6,93.7931%,27,408,435,0,0,27,408
0x835e0c,73.7864%,27,76,103,0,0,27,76
0x666fa5,77.3109%,27,92,119,78,18,9,14
0xa46680,88.3117%,27,204,231,104,8,19,100
0x5413dc,99.8402%,27,16871,16898,0,0,27,16871
0x49fe81,96.9765%,27,866,893,866,27,0,0
0x8fe923,82.6923%,27,129,156,124,4,23,5
0x5af1cf,96.6625%,27,782,809,782,27,0,0
0x808122,71.875%,27,69,96,67,9,18,2
0x8dede3,98.6804%,27,2019,2046,2013,20,7,6
0x5fb11d,35.7143%,27,15,42,6,3,24,9
0xa495d4,93.3168%,27,377,404,377,27,0,0
0x48bd03,96.5823%,27,763,790,0,0,27,763
0x911cf9,95.7614%,27,610,637,610,27,0,0
0x8a75e0,89.5349%,27,231,258,89,22,5,142
0x9f4396,73.2673%,27,74,101,0,0,27,74
0x8fe3db,91.8429%,27,304,331,0,0,27,304
0x592e2f,50%,27,27,54,3,1,26,24
0x807b05,81.25%,27,117,144,117,27,0,0
0x9aaedf,78.2258%,27,97,124,58,21,6,39
0x9c39a9,63.0137%,27,46,73,6,3,24,40
0x4b6d4e,73.2673%,27,74,101,27,3,24,47
0x8e5fe0,89.9628%,27,242,269,242,27,0,0
0x4bc5be,90.9396%,27,271,298,259,20,7,12
0x909916,97.763%,27,1180,1207,1180,27,0,0
0xa91123,86.1538%,27,168,195,167,24,3,1
0x82255e,96.1702%,27,678,705,471,13,14,207
0x54370a,80.8511%,27,114,141,113,21,6,1
0x9778f0,74.7664%,27,80,107,59,12,15,21
0xa48106,88.843%,27,215,242,215,27,0,0
0x402e36,84.3023%,27,145,172,0,0,27,145
0xa487ec,88.843%,27,215,242,4,18,9,211
0x972599,87.7828%,27,194,221,0,0,27,194
0x97843c,94.3396%,27,450,477,450,27,0,0
0x8f7684,82.8025%,27,130,157,130,23,4,0
0x8bb8fa,81.3793%,27,118,145,61,12,15,57
0x4c1b9d,94.9814%,27,511,538,9,15,12,502
0x99f0cd,87.3239%,27,186,213,3,16,11,183
0x5a916d,92.3513%,27,326,353,0,0,27,326
0x4bad71,91.1184%,27,277,304,258,8,19,19
0x9784a9,94.1176%,27,432,459,0,0,27,432
0x7d1bf0,96.6993%,27,791,818,249,12,15,542
0x9a1e86,66.6667%,27,54,81,1,11,16,53
0x81b121,59.0909%,27,39,66,32,2,25,7
0x8dd83f,98.8256%,27,2272,2299,1677,13,14,595
0x5ff65f,73.2673%,27,74,101,4,7,20,70
0xa909e6,83.5366%,27,137,164,137,23,4,0
0x8a6c18,73.2673%,27,74,101,0,0,27,74
0xb313d3,88%,27,198,225,0,0,27,198
0x40f5e8,99.3333%,27,4023,4050,4023,27,0,0
0x8eecf7,92.8571%,27,351,378,14,24,3,337
0x9e86cf,15.625%,27,5,32,0,0,27,5
0x9842db,82.9114%,27,131,158,129,17,10,2
0x534e2f,99.0952%,27,2957,2984,0,0,27,2957
0x643a97,96.452%,27,734,761,0,0,27,734
0xa9d12b,64%,27,48,75,48,27,0,0
0x98b314,92.2414%,27,321,348,0,0,27,321
0x405b7d,91.9881%,27,310,337,310,25,2,0
0x809461,96.816%,27,821,848,821,27,0,0
0x4b509e,53.4483%,27,31,58,31,25,2,0
0xa42a21,99.0648%,27,2860,2887,2851,8,19,9
0x58c29a,91.5094%,27,291,318,291,26,1,0
0x5ee413,84.7458%,27,150,177,150,27,0,0
0x402052,87.6712%,27,192,219,0,0,27,192
0x4a623d,81.3793%,27,118,145,45,14,13,73
0x5f6cef,50%,27,27,54,12,14,13,15
0xa60c9e,88.6076%,27,210,237,0,0,27,210
0xa02423,94.9907%,27,512,539,0,0,27,512
0x78ab55,79.6992%,27,106,133,44,17,10,62
0x8e5a2d,87.0192%,27,181,208,181,27,0,0
0x49e012,49.0566%,27,26,53,2,18,9,24
0x8bccf3,98.6466%,27,1968,1995,0,0,27,1968
0xa25caa,96.9037%,27,845,872,0,0,27,845
0x9a2337,78.5714%,27,99,126,3,12,15,96
0x9e85a7,87.6712%,27,192,219,33,19,8,159
0xa4e5f3,64.4737%,27,49,76,49,27,0,0
0x552940,98.0851%,27,1383,1410,0,19,8,1383
0x643bea,98.1079%,27,1400,1427,1400,27,0,0
0x81450e,99.1573%,27,3177,3204,3177,27,0,0
0x9f0c49,85.7895%,27,163,190,163,27,0,0
0x9452b0,88.0531%,27,199,226,187,26,1,12
0x4ba7a4,92.1053%,27,315,342,37,11,16,278
0xb0b583,99.5485%,27,5953,5980,0,0,27,5953
0x94d9e2,49.0566%,27,26,53,26,27,0,0
0x4b5147,78.9062%,27,101,128,90,18,9,11
0x9005d3,92.2414%,27,321,348,0,0,27,321
0xa3121a,86.0825%,27,167,194,82,27,0,85
0x59006b,99.3456%,27,4099,4126,4099,27,0,0
0x8b9ecd,92.7027%,27,343,370,75,16,11,268
0x83e1eb,78.0488%,27,96,123,96,27,0,0
0x948743,98.1276%,27,1415,1442,1415,27,0,0
0x4992e8,35.7143%,27,15,42,15,27,0,0
0x48dec0,64%,27,48,75,14,20,7,34
0x4b4b23,61.9718%,27,44,71,4,21,6,40
0x4a137e,70.3297%,27,64,91,42,15,12,22
0x81fc0f,87.2038%,27,184,211,180,17,10,4
0xa345ef,88%,27,198,225,109,25,2,89
0x499c66,49.0566%,27,26,53,26,27,0,0
0x8ebadf,93.9597%,27,420,447,0,12,15,420
0xa560db,66.25%,27,53,80,46,22,5,7
0x7df89f,66.6667%,27,54,81,54,27,0,0
0x53b930,93.3985%,27,382,409,382,1,26,0
0x53c71c,87.7828%,27,194,221,155,8,19,39
0x595d77,95.8462%,27,623,650,2,5,22,621
0x8f0cf7,85.9375%,27,165,192,143,1,26,22
0x8379aa,74.0385%,27,77,104,17,15,12,60
0x50250a,87.8924%,27,196,223,196,27,0,0
0x50a756,70%,27,63,90,25,14,13,38
0xa34b0a,80.7143%,27,113,140,28,16,11,85
0x5e0128,90.6897%,27,263,290,122,23,4,141
0xa4d895,28.9474%,27,11,38,11,27,0,0
0x410292,83.6364%,27,138,165,104,7,20,34
0x8fdcf1,92.9134%,27,354,381,306,27,0,48
0xa95d42,95.2962%,27,547,574,0,0,27,547
0x50e54b,35.7143%,27,15,42,0,0,27,15
0xa30334,89.4118%,27,228,255,75,10,17,153
0x63ebc9,99.0419%,27,2791,2818,2791,27,0,0
0x4a6f8d,79.0698%,27,102,129,98,11,16,4
0x67a98b,99.0207%,27,2730,2757,2730,27,0,0
0x9d0378,91.9162%,27,307,334,160,23,4,147
0xa25eff,80.8511%,27,114,141,80,23,4,34
0x58e36a,76.1062%,27,86,113,26,19,8,60
0xa3416e,88%,27,198,225,120,11,16,78
0x5913e3,95.0549%,27,519,546,0,6,21,519
0x64e01f,95.0276%,27,516,543,169,23,4,347
0x8ff6e0,72.449%,27,71,98,0,0,27,71
0x410370,87.0813%,27,182,209,12,10,17,170
0x8141d6,99.7997%,27,13453,13480,1951,21,6,11502
0xb1b080,93.7644%,27,406,433,406,27,0,0
0xaa14c1,50%,27,27,54,16,12,15,11
0x5912a4,90.146%,27,247,274,247,27,0,0
0x58e008,87.0813%,27,182,209,129,6,21,53
0xa43cf0,95.1264%,27,527,554,0,0,27,527
0xa5010f,83.6364%,27,138,165,3,14,13,135
0x5b9bab,51.7857%,27,29,56,11,10,17,18
0x5cb92d,55%,27,33,60,13,20,7,20
0x8f2b34,73.5294%,27,75,102,48,20,7,27
0x8145ec,94.9438%,27,507,534,507,6,21,0
0x50ee42,69.3182%,27,61,88,28,16,11,33
0x80f0bd,94.8864%,27,501,528,2,18,9,499
0x545f14,99.0493%,27,2813,2840,4,10,17,2809
0x40254f,94.7471%,27,487,514,487,27,0,0
0x9495d7,95.2128%,27,537,564,537,27,0,0
0x5b9bfa,68.9655%,27,60,87,5,9,18,55
0x557729,94.7674%,27,489,516,0,0,27,489
0xa2ee4d,68.6047%,27,59,86,10,12,15,49
0xb323ed,97.2136%,27,942,969,0,0,27,942
0xa91953,54.2373%,27,32,59,2,15,12,30
0x502116,65.3846%,27,51,78,18,16,11,33
0x4c1e82,81.3793%,27,118,145,64,12,15,54
0x5ad319,95.0276%,27,516,543,516,27,0,0
0x8b94dd,95.5954%,27,586,613,0,0,27,586
0x5c7861,66.25%,27,53,80,53,27,0,0
0xa45c63,97.7833%,27,1191,1218,0,8,19,1191
0x9a9d22,92.9504%,27,356,383,201,4,23,155
0x5356ff,55.7377%,27,34,61,0,0,27,34
0x8fddd2,98.1952%,27,1469,1496,0,0,27,1469
0x80df7f,98.8843%,27,2393,2420,2179,13,14,214
0x4c4051,86.7647%,27,177,204,177,27,0,0
0x53fe95,98.902%,27,2432,2459,694,24,3,1738
0x907537,18.1818%,27,6,33,0,0,27,6
0x8fcbed,91.2621%,27,282,309,0,0,27,282
0x90b342,86.0104%,27,166,193,0,0,27,166
0x512b03,96.3215%,27,707,734,707,27,0,0
0x5c6b98,98.0645%,27,1368,1395,1368,27,0,0
0x94ed27,55%,27,33,60,13,17,10,20
0xa55ea8,48.0769%,27,25,52,21,15,12,4
0x822265,90.1099%,27,246,273,246,27,0,0
0x58ccd8,75.6757%,27,84,111,84,27,0,0
0x81d17c,55%,27,33,60,33,27,0,0
0xa30533,95.6661%,27,596,623,155,14,13,441
0x48dbf1,91.7933%,27,302,329,263,10,17,39
0x64ad2d,99.8716%,27,21008,21035,0,0,27,21008
0x402d73,84.3023%,27,145,172,46,17,10,99
0x555d28,73.7864%,27,76,103,52,13,14,24
0xa27610,98.6267%,27,1939,1966,0,0,27,1939
0x50584c,66.6667%,27,54,81,54,27,0,0
0x5f00d6,85.1648%,27,155,182,155,27,0,0
0x4ba9d1,92.7614%,27,346,373,67,12,15,279
0x5edc4e,97.3267%,27,983,1010,983,27,0,0
0x60de6d,94.5122%,27,465,492,82,5,22,383
0xa27682,97.8757%,27,1244,1271,0,0,27,1244
0x81ec86,87.4419%,27,188,215,3,7,20,185
0x5345a4,67.8571%,27,57,84,0,0,27,57
0xa030b7,72.1649%,27,70,97,28,22,5,42
0x9ab621,86.5%,27,173,200,152,1,26,21
0xa02575,97.9468%,27,1288,1315,0,0,27,1288
0x64381f,83.0189%,27,132,159,0,0,27,132
0x5b9cba,57.8125%,27,37,64,25,13,14,12
0x9f3b5f,96.0177%,27,651,678,631,9,18,20
0xa26384,93.3168%,27,377,404,0,0,27,377
0x9ea3db,62.5%,27,45,72,45,27,0,0
0x48eb01,93.617%,27,396,423,215,12,15,181
0xa02d29,59.7015%,27,40,67,20,15,12,20
0x99ab41,91.2621%,27,282,309,36,17,10,246
0x5cb9ed,82.5806%,27,128,155,0,0,27,128
0xa51355,96.4427%,27,732,759,732,15,12,0
0x9519b9,91%,27,273,300,126,26,1,147
0xb2ea50,99.6485%,27,7654,7681,7654,27,0,0
0x544230,93.3985%,27,382,409,382,1,26,0
0x6070af,89.3701%,27,227,254,0,0,27,227
0x96bfd8,96.6234%,26,744,770,744,26,0,0
0x5576b5,99.4503%,26,4704,4730,0,0,26,4704
0xa4486d,62.8571%,26,44,70,0,0,26,44
0x404650,75.7009%,26,81,107,44,4,22,37
0x53fe81,98.9427%,26,2433,2459,715,3,23,1718
0x5cf516,98.1969%,26,1416,1442,1410,12,14,6
0x60a830,94.7368%,26,468,494,468,26,0,0
0x63904f,90.6137%,26,251,277,11,2,24,240
0x8171c5,96.9158%,26,817,843,263,19,7,554
0xa503a5,92.8177%,26,336,362,336,22,4,0
0x90267e,97.8333%,26,1174,1200,1174,26,0,0
0x49e630,38.0952%,26,16,42,16,26,0,0
0x80d54d,78.3333%,26,94,120,77,23,3,17
0x64c56c,95.2468%,26,521,547,520,2,24,1
0x50958e,94.9119%,26,485,511,485,8,18,0
0x8bc7a2,91.8239%,26,292,318,0,0,26,292
0xa48e2b,85.3933%,26,152,178,27,6,20,125
0x901f97,99.4459%,26,4666,4692,0,0,26,4666
0x58dfbc,87.5598%,26,183,209,131,14,12,52
0x4ba593,91.1565%,26,268,294,267,23,3,1
0x9e08b6,94.3601%,26,435,461,0,0,26,435
0x8fe5a1,93.765%,26,391,417,0,0,26,391
0xa36d8c,38.0952%,26,16,42,1,9,17,15
0x900a0b,94.0639%,26,412,438,412,26,0,0
0x4a7aba,94.9515%,26,489,515,0,0,26,489
0x4a82ba,71.7391%,26,66,92,50,19,7,16
0x9a2345,76.5766%,26,85,111,85,26,0,0
0x48c2f9,73.4694%,26,72,98,71,25,1,1
0x50b96e,94.683%,26,463,489,347,7,19,116
0x9ed80f,87.1287%,26,176,202,120,18,8,56
0x944c75,96.4039%,26,697,723,697,26,0,0
0x5facba,97.6212%,26,1067,1093,0,6,20,1067
0x8aabc9,83.1169%,26,128,154,0,0,26,128
0xa34b0f,86.3874%,26,165,191,30,10,16,135
0x8e12ee,98.9185%,26,2378,2404,1575,23,3,803
0x9f4ac7,88.5463%,26,201,227,201,26,0,0
0x58c909,92.0245%,26,300,326,300,26,0,0
0x403032,67.5%,26,54,80,0,0,26,54
0x99a84e,90.4059%,26,245,271,146,23,3,99
0x50657c,96.4865%,26,714,740,714,26,0,0
0x405215,80.303%,26,106,132,0,0,26,106
0x78181d,83.1169%,26,128,154,29,12,14,99
0x50be4e,95.0851%,26,503,529,0,0,26,503
0xa17ede,97.177%,26,895,921,0,0,26,895
0x84443c,94.3966%,26,438,464,438,22,4,0
0x53456e,99.399%,26,4300,4326,0,0,26,4300
0x8e37d1,87.1921%,26,177,203,24,20,6,153
0xa4a9b9,75%,26,78,104,50,12,14,28
0x94b396,93.5961%,26,380,406,380,26,0,0
0x972740,90.4762%,26,247,273,0,0,26,247
0xa3a2f3,96.4088%,26,698,724,698,26,0,0
0x5576e9,94.1441%,26,418,444,418,26,0,0
0x9a1d9c,89.0295%,26,211,237,0,15,11,211
0x5cfaa1,90.0763%,26,236,262,5,5,21,231
0x4ba9ea,91.1565%,26,268,294,223,19,7,45
0x8d258f,89.1667%,26,214,240,214,26,0,0
0x9a9eb7,81.0219%,26,111,137,94,17,9,17
0x591172,71.7391%,26,66,92,0,0,26,66
0x40a5a8,55.1724%,26,32,58,23,11,15,9
0x542038,96.3016%,26,677,703,677,26,0,0
0x98cbc1,88.9831%,26,210,236,4,6,20,206
0x40d1c8,71.1111%,26,64,90,63,14,12,1
0x40bb41,91.2752%,26,272,298,0,2,24,272
0x5ff7ba,86.5285%,26,167,193,0,0,26,167
0x9f0447,87.1287%,26,176,202,36,3,23,140
0x510a61,94.023%,26,409,435,409,26,0,0
0xa58ad9,81.1594%,26,112,138,14,15,11,98
0xb245be,99.7815%,26,11873,11899,0,0,26,11873
0xa3960d,95.6882%,26,577,603,0,0,26,577
0x54f55d,99.1467%,26,3021,3047,3021,26,0,0
0xa3baa0,88.5965%,26,202,228,0,0,26,202
0x58e42b,76.1468%,26,83,109,48,16,10,35
0x50e519,71.4286%,26,65,91,0,0,26,65
0x80b2a9,95.3654%,26,535,561,222,12,14,313
0x67f6a6,75.4717%,26,80,106,80,26,0,0
0x90fffa,96.1765%,26,654,680,654,26,0,0
0x8e3d56,91.2752%,26,272,298,272,26,0,0
0x9fb81f,91.5033%,26,280,306,0,0,26,280
0xa43857,83.8509%,26,135,161,24,17,9,111
0x40d44f,96.1595%,26,651,677,360,15,11,291
0x40487e,95.7655%,26,588,614,212,5,21,376
0x485b70,87%,26,174,200,174,26,0,0
0x9c38f2,43.4783%,26,20,46,19,21,5,1
0x78ab81,63.8889%,26,46,72,0,0,26,46
0xaa2983,79.0323%,26,98,124,98,26,0,0
0x58baf7,76.3636%,26,84,110,66,16,10,18
0x48dea6,75.2381%,26,79,105,11,19,7,68
0x55594a,83.2258%,26,129,155,83,16,10,46
0x49ff89,99.7027%,26,8720,8746,8720,26,0,0
0x53ee2e,83.5443%,26,132,158,132,22,4,0
0x50d8aa,62.8571%,26,44,70,5,8,18,39
0x7efdf9,84.5238%,26,142,168,17,2,24,125
0x50d8d5,54.386%,26,31,57,3,17,9,28
0x552945,98.1308%,26,1365,1391,1365,26,0,0
0x9fb74e,91.5033%,26,280,306,0,0,26,280
0x53ec3f,83.1169%,26,128,154,128,21,5,0
0x405e27,63.8889%,26,46,72,21,21,5,25
0x81fd40,91.8495%,26,293,319,258,13,13,35
0x65a22f,89.7638%,26,228,254,228,23,3,0
0x611776,96.4912%,26,715,741,715,26,0,0
0x4c221d,84.5238%,26,142,168,7,10,16,135
0x402ed5,77.3913%,26,89,115,0,6,20,89
0xb18227,97.4129%,26,979,1005,17,2,24,962
0x66f62f,55.9322%,26,33,59,16,17,9,17
0x5b9a5c,64.3836%,26,47,73,44,7,19,3
0x81e70d,81.295%,26,113,139,11,14,12,102
0x60a820,94.7368%,26,468,494,0,0,26,468
0x54ee07,39.5349%,26,17,43,5,23,3,12
0x80f6b8,67.5%,26,54,80,54,20,6,0
0xb2edc4,89.1213%,26,213,239,0,0,26,213
0x8dfe13,92.8177%,26,336,362,2,14,12,334
0x489e07,98.8051%,26,2150,2176,0,0,26,2150
0x8ea198,98.9491%,26,2448,2474,2448,26,0,0
0x5f840b,82.6667%,26,124,150,4,0,26,120
0x8dee91,80.1527%,26,105,131,101,22,4,4
0x638da8,95.2468%,26,521,547,521,26,0,0
0x80f1f8,84.7059%,26,144,170,144,26,0,0
0x8eefb3,97.1175%,26,876,902,0,0,26,876
0xa50171,82.4324%,26,122,148,0,0,26,122
0x94f0a5,90.4059%,26,245,271,245,25,1,0
0x609f1f,99.677%,26,8024,8050,0,5,21,8024
0xa308e3,97.5%,26,1014,1040,290,14,12,724
0x4ac19a,84.8837%,26,146,172,146,26,0,0
0x9ea44f,91.4474%,26,278,304,7,15,11,271
0x546504,96.2857%,26,674,700,333,17,9,341
0x40eb82,91.9003%,26,295,321,0,4,22,295
0x540455,36.5854%,26,15,41,15,26,0,0
0x639b09,60%,26,39,65,0,0,26,39
0x7cea46,98.6301%,26,1872,1898,0,0,26,1872
0x81f135,98.6515%,26,1902,1928,1902,26,0,0
0x80dcf8,97.9266%,26,1228,1254,621,6,20,607
0x5f7a54,87.4396%,26,181,207,170,6,20,11
0x9fc80d,88.1818%,26,194,220,2,12,14,192
0x680de9,72.6316%,26,69,95,0,0,26,69
0x5f8df4,80%,26,104,130,13,20,6,91
0x80d8ea,88.1818%,26,194,220,65,21,5,129
0x787f15,60.6061%,26,40,66,4,2,24,36
0xa5828e,76.9912%,26,87,113,0,0,26,87
0x805ee1,87.3786%,26,180,206,153,10,16,27
0x65bb22,98.536%,26,1750,1776,1750,26,0,0
0x7ce0d8,98.6387%,26,1884,1910,1884,26,0,0
0x48d702,98.5596%,26,1779,1805,1779,5,21,0
0x667152,86.5285%,26,167,193,6,15,11,161
0x78d83e,96.1595%,26,651,677,1,8,18,650
0xa25ea5,97.4334%,26,987,1013,0,0,26,987
0x8ffc33,87.619%,26,184,210,107,4,22,77
0x8dc267,92.6554%,26,328,354,10,20,6,318
0x48e4d3,99.6277%,26,6957,6983,0,0,26,6957
0x81d0cd,85.7143%,26,156,182,156,20,6,0
0x8ba0ce,99.7312%,26,9646,9672,178,13,13,9468
0x8ff699,89.0756%,26,212,238,54,17,9,158
0x9d204a,74.2574%,26,75,101,75,26,0,0
0x902549,87.0647%,26,175,201,66,13,13,109
0x8f53b5,85.9459%,26,159,185,159,26,0,0
0x54f4d4,39.5349%,26,17,43,0,0,26,17
0x9c380d,69.7674%,26,60,86,44,22,4,16
0xa90084,93.0108%,26,346,372,1,4,22,345
0x8a284f,90.7473%,26,255,281,0,0,26,255
0x49eeb2,62.8571%,26,44,70,3,11,15,41
0x8c8292,97.2516%,26,920,946,25,21,5,895
0x40bbbc,82.6667%,26,124,150,97,11,15,27
0x4b6977,83.2258%,26,129,155,23,17,9,106
0xb14a33,99.3057%,26,3719,3745,3719,26,0,0
0x5f52f4,99.3226%,26,3812,3838,32,16,10,3780
0x50e2bb,73.1959%,26,71,97,5,17,9,66
0x610dbc,99.4181%,26,4442,4468,0,0,26,4442
0x6788fc,99.088%,26,2825,2851,2825,26,0,0
0x9eedb4,88.6957%,26,204,230,0,0,26,204
0x8dd464,98.8691%,26,2273,2299,655,13,13,1618
0x9a74ab,74.7573%,26,77,103,1,10,16,76
0xad7e66,99.2448%,26,3417,3443,0,0,26,3417
0x5fb214,84.4311%,26,141,167,2,13,13,139
0x48eb5c,68.6747%,26,57,83,11,15,11,46
0x9f9c58,80.597%,26,108,134,99,11,15,9
0x5c4f9c,84.3373%,26,140,166,0,0,26,140
0xa58d1e,82.1918%,26,120,146,42,8,18,78
0x59299a,96.1367%,26,647,673,19,16,10,628
0x8a989c,99.6736%,26,7940,7966,6596,8,18,1344
0x81c4f8,58.0645%,26,36,62,28,12,14,8
0x9f32c3,83.6478%,26,133,159,0,4,22,133
0x58d1c5,71.7391%,26,66,92,51,21,5,15
0x5bb149,68.6747%,26,57,83,16,14,12,41
0x787c36,97.0353%,26,851,877,0,0,26,851
0x9116c1,93.299%,26,362,388,210,7,19,152
0x7b2a7b,70.4545%,26,62,88,23,21,5,39
0x944389,65.7895%,26,50,76,0,0,26,50
0x51065c,97.2252%,26,911,937,911,26,0,0
0x8b974a,99.8728%,26,20414,20440,0,0,26,20414
0xa23c97,60%,26,39,65,38,25,1,1
0x540c77,98.5194%,26,1730,1756,1730,26,0,0
0x7228a2,99.0542%,26,2723,2749,0,0,26,2723
0x4bb174,86.1702%,26,162,188,67,11,15,95
0x8df562,51.8519%,26,28,54,3,9,17,25
0xa45aba,88.4444%,26,199,225,194,12,14,5
0x40bc9c,96.6452%,26,749,775,662,11,15,87
0x81bddc,97.2917%,26,934,960,934,16,10,0
0x9a660f,85.2273%,26,150,176,150,26,0,0
0x8aa7f9,97.7663%,26,1138,1164,0,0,26,1138
0x959672,79.0323%,26,98,124,98,26,0,0
0x50b348,35%,26,14,40,8,23,3,6
0xa51d66,67.5%,26,54,80,6,16,10,48
0x64a4d4,75.4717%,26,80,106,0,0,26,80
0x55095b,63.8889%,26,46,72,3,18,8,43
0x53c38b,83.1169%,26,128,154,120,12,14,8
0x4a6efc,96.9977%,26,840,866,0,0,26,840
0x81c5f0,60.6061%,26,40,66,4,10,16,36
0x60a850,94.7368%,26,468,494,0,0,26,468
0x9f03ef,97.0286%,26,849,875,849,26,0,0
0x9aa686,97.1616%,26,890,916,527,21,5,363
0x4bb102,92.3529%,26,314,340,34,14,12,280
0x8c7b70,97.2516%,26,920,946,21,25,1,899
0x9018ed,93.674%,26,385,411,17,17,9,368
0xa31ece,64.8649%,26,48,74,22,6,20,26
0x9c4137,92.7778%,26,334,360,334,26,0,0
0x9eedde,88.6957%,26,204,230,0,18,8,204
0x97823a,80.4511%,26,107,133,98,16,10,9
0x4ba304,97.1207%,26,877,903,559,16,10,318
0x557fa5,97.7213%,26,1115,1141,1115,26,0,0
0x642e30,25.7143%,26,9,35,0,0,26,9
0x8ee6ec,93.9675%,26,405,431,39,3,23,366
0x9098f1,98.5999%,26,1831,1857,1831,26,0,0
0xaa5807,97.3896%,26,970,996,0,0,26,970
0x54f26a,39.5349%,26,17,43,11,11,15,6
0xa5c679,74.5098%,26,76,102,76,26,0,0
0xa55e8c,51.9231%,25,27,52,14,16,9,13
0x555de3,94.0476%,25,395,420,383,17,8,12
0xa2cc44,94.1725%,25,404,429,0,0,25,404
0x9fc48c,91.8301%,25,281,306,67,24,1,214
0x538694,99.2978%,25,3535,3560,0,0,25,3535
0x5c4bcc,98.6331%,25,1804,1829,0,0,25,1804
0x49e326,92.6901%,25,317,342,0,0,25,317
0xa4ffa0,67.1053%,25,51,76,43,14,11,8
0x64b638,96.8112%,25,759,784,759,25,0,0
0x9f176d,72.2222%,25,65,90,26,24,1,39
0x542ff7,93.1319%,25,339,364,337,23,2,2
0xa45127,93.7186%,25,373,398,373,25,0,0
0x9c3e27,70.9302%,25,61,86,61,25,0,0
0x54eb1a,63.7681%,25,44,69,44,25,0,0
0x9e6143,65.2778%,25,47,72,35,25,0,12
0x5040c5,59.6774%,25,37,62,37,25,0,0
0x4a1316,94.6467%,25,442,467,442,25,0,0
0x558cfa,74.2268%,25,72,97,8,14,11,64
0x5991a0,92.9379%,25,329,354,0,0,25,329
0xa355c3,91.7219%,25,277,302,0,0,25,277
0x60e33f,95.2471%,25,501,526,74,7,18,427
0x98ce77,98.6574%,25,1837,1862,1833,17,8,4
0x4c6282,43.1818%,25,19,44,11,13,12,8
0x50aa02,81.6176%,25,111,136,16,9,16,95
0x944319,96.0815%,25,613,638,0,0,25,613
0x8a935f,93.1129%,25,338,363,0,0,25,338
0xa025be,98.3244%,25,1467,1492,0,0,25,1467
0x97770d,97.1655%,25,857,882,857,25,0,0
0x482296,34.2105%,25,13,38,10,19,6,3
0x978102,81.203%,25,108,133,0,0,25,108
0x58da71,88.0383%,25,184,209,13,13,12,171
0x9a9293,90.5303%,25,239,264,0,14,11,239
0xa52a56,73.6842%,25,70,95,14,16,9,56
0x4a7cf4,56.8966%,25,33,58,32,25,0,1
0xa9b7eb,71.5909%,25,63,88,37,11,14,26
0x508665,96.6216%,25,715,740,144,22,3,571
0xb1493c,99.4129%,25,4233,4258,0,0,25,4233
0x8ebdfd,97.4385%,25,951,976,948,10,15,3
0x8f684a,82.1429%,25,115,140,15,16,9,100
0x8e1203,99.3806%,25,4011,4036,6,10,15,4005
0x8d2739,93.6548%,25,369,394,369,24,1,0
0x9aacf6,96.3821%,25,666,691,0,0,25,666
0x81c934,85.8757%,25,152,177,0,0,25,152
0x5f8682,85.0299%,25,142,167,134,1,24,8
0x58f91e,78.0702%,25,89,114,7,13,12,82
0xa43e0c,78.4483%,25,91,116,44,23,2,47
0x4a5b22,54.5455%,25,30,55,1,10,15,29
0xa5bb0b,61.5385%,25,40,65,3,23,2,37
0x54822b,99.6339%,25,6804,6829,0,0,25,6804
0x58d81e,88.0383%,25,184,209,117,22,3,67
0xa45c87,97.1132%,25,841,866,841,25,0,0
0xa60a37,91.7763%,25,279,304,279,25,0,0
0x541220,99.7583%,25,10319,10344,10319,25,0,0
0x485bc9,87.5%,25,175,200,0,2,23,175
0x5345dd,99.6483%,25,7083,7108,0,3,22,7083
0x787ba4,95.9481%,25,592,617,592,20,5,0
0x485b39,93.2615%,25,346,371,0,0,25,346
0x6042c4,85.8757%,25,152,177,0,12,13,152
0xa3572e,91.5825%,25,272,297,272,25,0,0
0x8da22f,95.8403%,25,576,601,576,25,0,0
0x9a654a,85.7955%,25,151,176,151,21,4,0
0x9a8b7c,92.4471%,25,306,331,250,19,6,56
0x50ce31,79.1667%,25,95,120,61,7,18,34
0x505bf9,96.6216%,25,715,740,715,25,0,0
0x7d25d1,93.4726%,25,358,383,358,9,16,0
0x534ffa,60.9375%,25,39,64,39,25,0,0
0x5ff272,89.3162%,25,209,234,0,0,25,209
0x5357ae,80.4688%,25,103,128,53,14,11,50
0x555ffb,44.4444%,25,20,45,17,25,0,3
0x48b420,88.8889%,25,200,225,200,25,0,0
0x8f5402,97.2406%,25,881,906,881,13,12,0
0x50a95e,77.4775%,25,86,111,59,16,9,27
0x815a6e,82.0144%,25,114,139,86,12,13,28
0x8e44ac,93.2976%,25,348,373,0,8,17,348
0x8a7403,95%,25,475,500,177,19,6,298
0x63e532,97.3904%,25,933,958,0,0,25,933
0xaa7fdf,95.2741%,25,504,529,314,11,14,190
0x9777b8,97.1429%,25,850,875,0,6,19,850
0x820de3,89.7541%,25,219,244,219,25,0,0
0xa46525,94.877%,25,463,488,463,25,0,0
0xa314f7,51.9231%,25,27,52,6,17,8,21
0xa06190,59.6774%,25,37,62,22,19,6,15
0x808776,56.8966%,25,33,58,18,13,12,15
0x541a97,97.0024%,25,809,834,0,0,25,809
0x9eb7d2,85.119%,25,143,168,38,22,3,105
0x4b6e8e,83.1081%,25,123,148,89,12,13,34
0x9f091d,97.51%,25,979,1004,979,25,0,0
0xb2e723,99.6873%,25,7970,7995,0,0,25,7970
0x8f6c23,77.0642%,25,84,109,0,0,25,84
0x944ec6,16.6667%,25,5,30,5,25,0,0
0x4bed76,89.6266%,25,216,241,206,9,16,10
0x63b518,98.8185%,25,2091,2116,801,9,16,1290
0x64b427,99.8817%,25,21106,21131,21106,25,0,0
0xaa5374,99.0399%,25,2579,2604,0,21,4,2579
0x48aa59,99.5387%,25,5394,5419,0,0,25,5394
0xa4729c,85.0299%,25,142,167,142,25,0,0
0x49ff53,98.2841%,25,1432,1457,846,10,15,586
0x40219a,99.5364%,25,5367,5392,0,0,25,5367
0x5906bb,97.843%,25,1134,1159,1134,25,0,0
0x98b325,92.4699%,25,307,332,0,0,25,307
0xa946cb,45.6522%,25,21,46,16,1,24,5
0x609782,69.8795%,25,58,83,58,25,0,0
0x77ff45,83.7662%,25,129,154,124,25,0,5
0x781a94,83.9744%,25,131,156,131,25,0,0
0xaa8032,95.2741%,25,504,529,504,25,0,0
0x49e061,85.3801%,25,146,171,0,0,25,146
0x5bd706,92.0635%,25,290,315,153,17,8,137
0x79313f,81.203%,25,108,133,32,24,1,76
0x54f95b,63.2353%,25,43,68,43,25,0,0
0x8dcbd3,98.9126%,25,2274,2299,2274,25,0,0
0x9a9af5,79.3388%,25,96,121,0,0,25,96
0x6514f9,69.5122%,25,57,82,0,0,25,57
0x9ef29b,24.2424%,25,8,33,8,25,0,0
0x959625,80.4688%,25,103,128,2,2,23,101
0x5427cb,87.0466%,25,168,193,168,25,0,0
0x410813,53.7037%,25,29,54,27,6,19,2
0xa2e978,92.8367%,25,324,349,324,21,4,0
0x64b573,98.9083%,25,2265,2290,0,0,25,2265
0x4ace89,59.6774%,25,37,62,37,25,0,0
0x5373b7,80.4688%,25,103,128,103,25,0,0
0x40a263,71.9101%,25,64,89,37,18,7,27
0x4a7aee,84.6626%,25,138,163,138,25,0,0
0x4a58cf,54.5455%,25,30,55,30,25,0,0
0x40490d,95.229%,25,499,524,253,12,13,246
0x9fb69f,88.3721%,25,190,215,190,25,0,0
0x65c224,99.4924%,25,4900,4925,35,4,21,4865
0x908ca8,99.4151%,25,4249,4274,3707,13,12,542
0x541410,77.4775%,25,86,111,52,19,6,34
0x63ead5,32.4324%,25,12,37,12,25,0,0
0x8a76b5,90.2724%,25,232,257,105,6,19,127
0xa3a42b,93.8875%,25,384,409,5,5,20,379
0xa25ae9,97.5321%,25,988,1013,0,0,25,988
0x5ba9e5,98.9353%,25,2323,2348,2323,25,0,0
0x50386b,87.8641%,25,181,206,150,10,15,31
0xa46d43,73.9583%,25,71,96,71,25,0,0
0x5ff1d7,93.4555%,25,357,382,0,0,25,357
0x9a9eaf,85.9551%,25,153,178,19,22,3,134
0x9ea41f,91.7763%,25,279,304,279,25,0,0
0x94987d,68.3544%,25,54,79,0,0,25,54
0x977532,90.2344%,25,231,256,54,8,17,177
0x8fcc99,92.8161%,25,323,348,323,25,0,0
0x537fdd,99.471%,25,4701,4726,0,3,22,4701
0x81b251,92.1136%,25,292,317,0,2,23,292
0x902910,75.7282%,25,78,103,72,20,5,6
0xa5eb89,91.8831%,25,283,308,1,17,8,282
0x499515,87.5%,25,175,200,49,11,14,126
0x41057c,99.5564%,25,5611,5636,5611,25,0,0
0xa46bad,73.9583%,25,71,96,0,0,25,71
0x40dfab,81.4815%,25,110,135,109,17,8,1
0x9694eb,98.9531%,25,2363,2388,0,0,25,2363
0x8b9849,99.7621%,25,10482,10507,1,7,18,10481
0x9dfe16,86.1111%,25,155,180,76,15,10,79
0x8e313f,98.7355%,25,1952,1977,1952,20,5,0
0x556152,97.0964%,25,836,861,0,0,25,836
0xa5f823,92.1875%,25,295,320,295,25,0,0
0x8f63f6,86.2637%,25,157,182,157,13,12,0
0x49fb63,94.0898%,25,398,423,0,0,25,398
0x8adc6e,90.5303%,25,239,264,0,22,3,239
0x4bc7df,86.7021%,25,163,188,56,5,20,107
0x40e802,96.5374%,25,697,722,398,7,18,299
0x4b5fd5,77.2727%,25,85,110,85,4,21,0
0x58fe67,97.5345%,25,989,1014,737,23,2,252
0xaadf05,99.7205%,25,8919,8944,8919,25,0,0
0x8a6735,72.2222%,25,65,90,18,11,14,47
0x8ffac6,96.3821%,25,666,691,666,25,0,0
0xa2b396,69.8795%,25,58,83,46,12,13,12
0x48b396,93.1319%,25,339,364,339,25,0,0
0x90ad36,67.9487%,25,53,78,42,2,23,11
0x90fe3d,99.3443%,25,3788,3813,3788,25,0,0
0x4b4bbf,90.3846%,25,235,260,54,4,21,181
0x5904b4,64.2857%,25,45,70,45,23,2,0
0x49eac0,40.4762%,25,17,42,4,15,10,13
0x8dd515,92.9379%,25,329,354,319,5,20,10
0x502a63,80.1587%,25,101,126,101,25,0,0
0x9784a0,94.5534%,25,434,459,0,0,25,434
0x8e4104,98.9126%,25,2274,2299,2274,25,0,0
0xa49809,91.0714%,25,255,280,218,20,5,37
0x8daddf,99.0748%,25,2677,2702,2001,12,13,676
0x7d0ef7,93.8272%,25,380,405,351,18,7,29
0x679bfc,84.5679%,25,137,162,79,22,3,58
0x65b9d1,99.4537%,25,4551,4576,4551,25,0,0
0xa9006b,93.2796%,25,347,372,0,0,25,347
0xa585f9,92.7536%,25,320,345,0,0,25,320
0x49f9d1,84.0764%,25,132,157,7,8,17,125
0x4a1cd1,81.0606%,25,107,132,17,19,6,90
0x4c5255,92.6254%,25,314,339,13,8,17,301
0xa39ba3,95.8882%,25,583,608,0,0,25,583
0x6977c2,55.3571%,25,31,56,31,25,0,0
0x64831a,97.3404%,25,915,940,915,25,0,0
0x8f033e,78.6325%,25,92,117,92,25,0,0
0x5ffeb0,97.0096%,25,811,836,811,25,0,0
0xa3135f,70.5882%,25,60,85,60,25,0,0
0x9780f3,81.203%,25,108,133,0,0,25,108
0x4045af,88.8393%,25,199,224,0,0,25,199
0xa41be0,96.6975%,25,732,757,732,25,0,0
0x8e389c,47.9167%,25,23,48,0,0,25,23
0x8f424f,99.0071%,25,2493,2518,2493,24,1,0
0x8bd1f1,99.6066%,25,6330,6355,6330,25,0,0
0x9e86be,68.3544%,25,54,79,35,12,13,19
0x494f39,95.2381%,25,500,525,500,19,6,0
0x499462,87.5%,25,175,200,147,25,0,28
0x488a9e,98.4107%,25,1548,1573,0,0,25,1548
0x4bcda4,69.1358%,25,56,81,5,4,21,51
0x5f555d,55.3571%,25,31,56,2,14,11,29
0x8aa909,99.2692%,25,3396,3421,0,0,25,3396
0x7d1bcf,97.2856%,25,896,921,46,21,4,850
0x9013d9,73.9583%,25,71,96,25,21,4,46
0x8ff849,87.7451%,25,179,204,99,5,20,80
0x5c4c03,98.6331%,25,1804,1829,1804,25,0,0
0x9aae52,68.3544%,25,54,79,28,5,20,26
0x405a6c,94.5055%,25,430,455,2,21,4,428
0x55482c,87.7451%,25,179,204,88,16,9,91
0xa3947c,96.6125%,25,713,738,712,12,13,1
0x535138,75%,25,75,100,0,0,25,75
0x5d8bb3,81.7518%,25,112,137,112,25,0,0
0x8efdd0,76.8519%,25,83,108,81,13,12,2
0x8a2854,91.1032%,25,256,281,133,17,8,123
0x491561,84.1772%,25,133,158,129,8,17,4
0x4c2418,85.119%,25,143,168,137,22,3,6
0x99b8c8,86.8421%,25,165,190,153,11,14,12
0x402e70,77.0642%,25,84,109,63,12,13,21
0x821c2a,88.3721%,25,190,215,0,0,25,190
0xa46685,78.9916%,25,94,119,7,16,9,87
0x4a57c8,54.5455%,25,30,55,0,0,25,30
0x4950b1,53.7037%,25,29,54,6,20,5,23
0x4903b5,68.3544%,25,54,79,46,15,10,8
0x5b1513,95.1923%,25,495,520,4,15,10,491
0x90e60d,95.8541%,25,578,603,0,0,25,578
0x543ecb,86.631%,25,162,187,0,0,25,162
0xa0295c,90.1186%,25,228,253,0,0,25,228
0x98b40f,66.2162%,25,49,74,32,8,17,17
0x502faf,86.7021%,25,163,188,163,25,0,0
0x972696,90.8425%,25,248,273,0,0,25,248
0x8e50a1,98.3787%,25,1517,1542,0,0,25,1517
0x5049ec,96.6216%,25,715,740,715,18,7,0
0xb0ad45,95.4955%,25,530,555,0,12,13,530
0x9f580e,68.75%,25,55,80,34,16,9,21
0x67b8b5,84.1772%,25,133,158,0,0,25,133
0x9a0c5f,10.7143%,25,3,28,1,20,5,2
0x5b028d,95.098%,25,485,510,0,0,25,485
0x9f7a77,77.6786%,25,87,112,3,17,8,84
0x80e9bc,95.438%,25,523,548,506,14,11,17
0x638e45,95.4296%,25,522,547,522,25,0,0
0x55803f,96.8983%,25,781,806,41,9,16,740
0x48d677,63.7681%,25,44,69,0,0,25,44
0xa63b2d,82.2695%,25,116,141,0,16,9,116
0x504173,59.6774%,25,37,62,37,25,0,0
0xa90fde,87.1795%,25,170,195,0,0,25,170
0xa44138,70.9302%,25,61,86,61,25,0,0
0xa43c44,91.1032%,25,256,281,162,13,12,94
0x5071a3,96.6216%,25,715,740,579,25,0,136
0xa39a40,95.6672%,25,552,577,546,12,13,6
0x809e88,95.5437%,25,536,561,536,23,2,0
0x67f2d1,90.3846%,25,235,260,235,25,0,0
0x53d8a1,88.0952%,25,185,210,174,9,16,11
0x6703e4,81.203%,25,108,133,108,25,0,0
0xa4536f,93.7186%,25,373,398,44,6,19,329
0x5ef9c3,69.8795%,25,58,83,53,13,12,5
0x5fa955,96.1656%,25,627,652,619,6,19,8
0x5bb4fe,98.2168%,25,1377,1402,1377,23,2,0
0x905aad,91.6107%,25,273,298,273,25,0,0
0xa48d6f,60.9375%,25,39,64,31,21,4,8
0x48c8af,97.4359%,25,950,975,950,15,10,0
0x535677,86.3388%,25,158,183,15,13,12,143
0x9fc7ee,88.6364%,25,195,220,0,0,25,195
0x80d8d9,88.6364%,25,195,220,0,0,25,195
0x58bfac,67.1053%,25,51,76,51,25,0,0
0x8fdc4d,93.4211%,25,355,380,0,0,25,355
0x9e097b,37.5%,25,15,40,2,3,22,13
0x8187bb,58.3333%,25,35,60,22,4,21,13
0xa5d0a9,84.8485%,25,140,165,140,25,0,0
0x4057d9,95.5595%,25,538,563,66,15,10,472
0x6070bb,90.1575%,25,229,254,8,2,23,221
0xb2e2f1,47.9167%,25,23,48,0,2,23,23
0x9d01ed,92.7746%,25,321,346,1,13,12,320
0x4c52a2,92.1384%,25,293,318,285,9,16,8
0x5f82ba,96.0506%,25,608,633,2,13,12,606
0x5500b4,55.3571%,25,31,56,31,25,0,0
0x4aaa99,51.9231%,25,27,52,0,0,25,27
0x534a6b,62.1212%,25,41,66,0,0,25,41
0x8dd18c,92.381%,24,291,315,2,0,24,289
0x9f447c,73.6264%,24,67,91,56,13,11,11
0xa39575,96.6851%,24,700,724,700,24,0,0
0x40e6ca,71.0843%,24,59,83,10,5,19,49
0xa528a1,93.9394%,24,372,396,66,11,13,306
0x90cafb,79.8319%,24,95,119,0,0,24,95
0x95b04c,47.8261%,24,22,46,13,10,14,9
0x8ed6c3,97.7941%,24,1064,1088,0,2,22,1064
0x9f7ada,73.913%,24,68,92,0,0,24,68
0x94b78b,69.6203%,24,55,79,55,24,0,0
0x50e57b,56.3636%,24,31,55,1,1,23,30
0x6514d1,70.7317%,24,58,82,58,24,0,0
0x50410b,61.2903%,24,38,62,38,24,0,0
0x499ae1,82.8571%,24,116,140,116,24,0,0
0x53b23b,57.8947%,24,33,57,20,21,3,13
0x40dbd7,65.2174%,24,45,69,31,8,16,14
0x9f16fa,74.7368%,24,71,95,71,24,0,0
0x951a91,84.2105%,24,128,152,94,22,2,34
0x53b31d,90.4382%,24,227,251,43,11,13,184
0x5ee1c1,97.6072%,24,979,1003,812,14,10,167
0xa95cd7,71.7647%,24,61,85,11,17,7,50
0x64cd68,95.539%,24,514,538,88,11,13,426
0x5049a3,69.6203%,24,55,79,40,12,12,15
0x4b5dd3,85.3659%,24,140,164,29,21,3,111
0x8dba20,92.381%,24,291,315,54,21,3,237
0xa91b57,82.4818%,24,113,137,0,0,24,113
0x591f0a,99.3646%,24,3753,3777,0,0,24,3753
0x8e9ff2,99.0299%,24,2450,2474,0,0,24,2450
0x50183d,97.5879%,24,971,995,8,7,17,963
0x5af358,61.2903%,24,38,62,38,24,0,0
0x507c15,95.8188%,24,550,574,116,20,4,434
0x503dd7,53.8462%,24,28,52,28,24,0,0
0x90e2bb,85%,24,136,160,0,0,24,136
0x8c8d01,99.5902%,24,5832,5856,5828,20,4,4
0x63ace3,93.75%,24,360,384,360,24,0,0
0x9429a0,89.5197%,24,205,229,151,3,21,54
0xa32cec,74.7368%,24,71,95,46,24,0,25
0x534b3d,70.3704%,24,57,81,0,11,13,57
0x50829c,95.4545%,24,504,528,504,24,0,0
0x81728c,73.913%,24,68,92,61,15,9,7
0xa36465,81.5385%,24,106,130,106,24,0,0
0x9a1253,88.2927%,24,181,205,181,22,2,0
0x48e08b,79.1304%,24,91,115,12,8,16,79
0xa35dd2,94.6429%,24,424,448,414,4,20,10
0x805fcb,98.2418%,24,1341,1365,1341,24,0,0
0x80767b,92.1053%,24,280,304,1,17,7,279
0x9f0adb,97.2222%,24,840,864,3,2,22,837
0x901713,87.1658%,24,163,187,163,24,0,0
0x63d22e,36.8421%,24,14,38,9,17,7,5
0x94cc63,69.6203%,24,55,79,0,0,24,55
0xa93db9,67.5676%,24,50,74,50,12,12,0
0x8e021f,95.4545%,24,504,528,504,24,0,0
0x5c361e,96.6574%,24,694,718,694,24,0,0
0xa59637,77.9817%,24,85,109,23,14,10,62
0x9a1fb3,88.1773%,24,179,203,179,24,0,0
0xaa074b,76%,24,76,100,37,15,9,39
0x8e2fb3,92.283%,24,287,311,74,15,9,213
0x7816fd,87.027%,24,161,185,144,8,16,17
0xa5c81a,78.3784%,24,87,111,0,0,24,87
0xa17feb,96%,24,576,600,0,0,24,576
0x8dca35,78.1818%,24,86,110,86,24,0,0
0x405c5c,0%,24,0,24,0,24,0,0
0x5cb916,72.093%,24,62,86,45,15,9,17
0x7ce449,93.1818%,24,328,352,66,11,13,262
0x64f487,75.7576%,24,75,99,4,6,18,71
0x50811f,95.4545%,24,504,528,382,10,14,122
0x9017dd,55.5556%,24,30,54,15,12,12,15
0x4a796c,96.3964%,24,642,666,0,6,18,642
0xa51374,95.4545%,24,504,528,0,12,12,504
0x40372b,96.9659%,24,767,791,767,24,0,0
0x4b57bf,76.4706%,24,78,102,74,4,20,4
0x9ef162,86.2069%,24,150,174,150,24,0,0
0x8f4aff,99.0419%,24,2481,2505,2480,19,5,1
0xa90f7a,71.7647%,24,61,85,44,13,11,17
0x98cd13,98.5276%,24,1606,1630,0,0,24,1606
0x48bbfd,96.9659%,24,767,791,0,0,24,767
0x98c944,77.9817%,24,85,109,0,0,24,85
0x4ba231,88.8372%,24,191,215,19,7,17,172
0x5f0863,91.8919%,24,272,296,0,0,24,272
0x4a73f1,38.4615%,24,15,39,15,24,0,0
0x8a688d,82.7338%,24,115,139,115,24,0,0
0x4ba67a,93.5657%,24,349,373,17,14,10,332
0x8e0c79,80.6452%,24,100,124,10,2,22,90
0x54eb72,44.186%,24,19,43,0,0,24,19
0x63b49d,98.8717%,24,2103,2127,0,11,13,2103
0x40aae6,65.2174%,24,45,69,13,12,12,32
0x4ace7f,86.7403%,24,157,181,157,22,2,0
0x9a805f,73.3333%,24,66,90,17,8,16,49
0x9e2625,95.3757%,24,495,519,0,0,24,495
0x5bd6f2,92.7492%,24,307,331,3,13,11,304
0xa2f2dd,87.6289%,24,170,194,80,21,3,90
0x8dc213,97.2881%,24,861,885,4,10,14,857
0xa30eda,87.6923%,24,171,195,171,24,0,0
0xa42bf6,55.5556%,24,30,54,30,24,0,0
0xa30a3c,92.4765%,24,295,319,108,16,8,187
0x8e4653,97.1864%,24,829,853,368,5,19,461
0x40d2ef,80.3279%,24,98,122,54,14,10,44
0x94dd6d,95.9114%,24,563,587,0,0,24,563
0x8f0b13,95.7672%,24,543,567,397,20,4,146
0x54105a,99.8305%,24,14135,14159,0,0,24,14135
0x9e2168,79.661%,24,94,118,89,22,2,5
0xb14838,99.4364%,24,4234,4258,0,0,24,4234
0x537ab8,45.4545%,24,20,44,19,19,5,1
0x814273,70.3704%,24,57,81,44,14,10,13
0x8ba37f,98.2116%,24,1318,1342,0,0,24,1318
0x554e90,83.0986%,24,118,142,118,24,0,0
0x609537,93.2011%,24,329,353,329,24,0,0
0x97432c,95.1904%,24,475,499,4,9,15,471
0xa4eeba,85.1852%,24,138,162,126,14,10,12
0x7ce52e,91.2727%,24,251,275,0,0,24,251
0x402024,97.2158%,24,838,862,4,7,17,834
0x5d7dc8,98.0723%,24,1221,1245,1221,20,4,0
0x8f1315,40%,24,16,40,13,19,5,3
0x499013,94.508%,24,413,437,97,15,9,316
0x9a6443,86.3636%,24,152,176,150,16,8,2
0x494388,65.7143%,24,46,70,34,5,19,12
0x8dff6f,58.6207%,24,34,58,27,17,7,7
0x50b84f,95.4631%,24,505,529,129,4,20,376
0x80e694,96.7871%,24,723,747,234,15,9,489
0x8db91d,90%,24,216,240,209,15,9,7
0x50e317,75.2577%,24,73,97,0,0,24,73
0x8ef0eb,94.6785%,24,427,451,297,21,3,130
0x40e60d,98.768%,24,1924,1948,0,0,24,1924
0x48c367,82.4818%,24,113,137,113,24,0,0
0x78ad23,45.4545%,24,20,44,6,15,9,14
0x9e24ef,92.4765%,24,295,319,236,9,15,59
0x944ac7,89.1892%,24,198,222,0,0,24,198
0x49194c,67.5676%,24,50,74,0,2,22,50
0x4ba0ec,90.8046%,24,237,261,222,9,15,15
0x9e2f2f,90.8745%,24,239,263,239,24,0,0
0x8e40d8,98.568%,24,1652,1676,0,0,24,1652
0xb47201,99.0396%,24,2475,2499,0,0,24,2475
0x507ec5,96.7568%,24,716,740,0,0,24,716
0x5bc373,79.8319%,24,95,119,85,11,13,10
0x667062,98.1206%,24,1253,1277,1253,24,0,0
0xa02322,99.6804%,24,7485,7509,0,0,24,7485
0xb4a1c1,96.6851%,24,700,724,0,0,24,700
0x4a9767,60%,24,36,60,36,24,0,0
0x50eedf,71.0843%,24,59,83,1,4,20,58
0x67e33f,70%,24,56,80,0,0,24,56
0x8ffb99,98.4064%,24,1482,1506,1482,24,0,0
0x507174,96.7568%,24,716,740,604,0,24,112
0x4048c6,96.0912%,24,590,614,75,15,9,515
0x9e751e,91.8089%,24,269,293,118,23,1,151
0xa54cab,91.9732%,24,275,299,275,24,0,0
0x507897,95.8188%,24,550,574,0,0,24,550
0x9f4726,95.9596%,24,570,594,0,0,24,570
0x7d1610,97.3941%,24,897,921,850,4,20,47
0x8e3f4b,98.568%,24,1652,1676,0,0,24,1652
0x60dcd2,84.106%,24,127,151,84,17,7,43
0x40e354,90.2439%,24,222,246,222,24,0,0
0x60e2e8,95.4373%,24,502,526,0,0,24,502
0x51c41d,98.0017%,24,1177,1201,1177,24,0,0
0x9a337d,83.5616%,24,122,146,5,21,3,117
0x58d8e2,88.5167%,24,185,209,49,9,15,136
0x81c58c,86.6667%,24,156,180,117,10,14,39
0x502784,96.9735%,24,769,793,769,24,0,0
0x597208,92.7928%,24,309,333,5,12,12,304
0x9fb686,90.2439%,24,222,246,19,12,12,203
0x40e049,84.7134%,24,133,157,133,24,0,0
0x50801e,95.4545%,24,504,528,504,24,0,0
0x489dd3,98.8971%,24,2152,2176,0,0,24,2152
0x91127d,96.391%,24,641,665,641,24,0,0
0x9e2f45,90.8745%,24,239,263,0,0,24,239
0x485e0e,94.7598%,24,434,458,0,0,24,434
0x9eb421,61.9048%,24,39,63,11,17,7,28
0x8f3029,67.5676%,24,50,74,42,15,9,8
0x81b400,87.234%,24,164,188,164,13,11,0
0xa25bea,97.6308%,24,989,1013,989,24,0,0
0x49c67f,94.7484%,24,433,457,433,8,16,0
0x805f59,97.8002%,24,1067,1091,1067,20,4,0
0x5fa31d,96.9849%,24,772,796,0,0,24,772
0x5fa233,97.282%,24,859,883,607,23,1,252
0x59352b,83.8926%,24,125,149,125,22,2,0
0x8f5f4e,79.8319%,24,95,119,26,14,10,69
0x814203,99.822%,24,13456,13480,13456,24,0,0
0xa261e5,95.4802%,24,507,531,507,24,0,0
0x51b973,99.5446%,24,5246,5270,0,0,24,5246
0x58fe24,99.4183%,24,4102,4126,0,0,24,4102
0xaaae63,92.053%,24,278,302,22,14,10,256
0xa4b727,89.8734%,24,213,237,213,24,0,0
0xa1808a,97.5928%,24,973,997,130,8,16,843
0xa3559e,97.397%,24,898,922,1,3,21,897
0x9edde2,82.6087%,24,114,138,114,24,0,0
0x60dd40,96.5616%,24,674,698,0,0,24,674
0x40503a,42.8571%,24,18,42,13,8,16,5
0xb17b3f,96.6434%,24,691,715,691,24,0,0
0x81bd10,74.1935%,24,69,93,62,2,22,7
0x40364f,97.037%,24,786,810,786,24,0,0
0x50cec4,90.7692%,24,236,260,0,2,22,236
0x8bd782,95.1318%,24,469,493,469,18,6,0
0x591aea,85.9649%,24,147,171,15,4,20,132
0x40f60b,99.4074%,24,4026,4050,4026,24,0,0
0x8da3af,95.0311%,24,459,483,0,0,24,459
0x49e4e9,85.0932%,24,137,161,0,0,24,137
0x901977,93.2773%,24,333,357,322,16,8,11
0xa589de,83.5616%,24,122,146,0,8,16,122
0x55060a,78.5714%,24,88,112,88,24,0,0
0x552a9c,83.0986%,24,118,142,1,3,21,117
0x908735,98.5102%,24,1587,1611,0,0,24,1587
0x5547b8,97.9203%,24,1130,1154,0,0,24,1130
0x9f0b3c,95.3216%,24,489,513,489,24,0,0
0x780a16,82.2222%,24,111,135,5,9,15,106
0x58e434,46.6667%,24,21,45,0,0,24,21
0x40238e,95.9114%,24,563,587,563,24,0,0
0x98c952,77.9817%,24,85,109,0,0,24,85
0x670418,81.9549%,24,109,133,0,0,24,109
0x66f569,88.3495%,24,182,206,0,0,24,182
0x5969f6,92.8783%,24,313,337,313,24,0,0
0x8de1b6,99.0037%,24,2385,2409,0,0,24,2385
0x501fac,73.6264%,24,67,91,0,0,24,67
0xa5c56d,78.3784%,24,87,111,87,24,0,0
0x49ee24,99.2893%,24,3353,3377,0,0,24,3353
0x40296b,99.7501%,24,9581,9605,9581,24,0,0
0x537c48,45.4545%,24,20,44,20,18,6,0
0x9ea625,80.8%,24,101,125,70,12,12,31
0xa25ba7,97.6308%,24,989,1013,989,24,0,0
0x942c50,68%,24,51,75,0,0,24,51
0x8aa872,96.7347%,24,711,735,711,24,0,0
0x543bf8,87.1658%,24,163,187,163,24,0,0
0x5f8875,82.2222%,24,111,135,85,11,13,26
0x9f987f,71.4286%,24,60,84,18,7,17,42
0x5df29c,61.9048%,24,39,63,15,15,9,24
0xa327ae,69.2308%,24,54,78,6,17,7,48
0x48a652,98.6246%,24,1721,1745,0,17,7,1721
0x4a5e27,63.0769%,24,41,65,41,24,0,0
0x8bb64f,74.7368%,24,71,95,36,22,2,35
0x9ab27e,96.6434%,24,691,715,0,0,24,691
0x8aa8d3,96.7347%,24,711,735,0,0,24,711
0x4a6fc9,80.1653%,24,97,121,97,24,0,0
0xa980db,83.8926%,24,125,149,0,0,24,125
0x9f990c,82.0896%,24,110,134,105,4,20,5
0x403b1b,95.6284%,24,525,549,525,24,0,0
0x404985,90.7336%,24,235,259,5,12,12,230
0x4a748a,66.6667%,24,48,72,48,24,0,0
0x550936,66.6667%,24,48,72,48,24,0,0
0xa39b8a,96.0526%,24,584,608,0,0,24,584
0x9e3d92,86.2069%,24,150,174,145,18,6,5
0x818537,97.153%,24,819,843,819,8,16,0
0x972750,91.2088%,24,249,273,0,0,24,249
0x54641d,96.9735%,24,769,793,39,18,6,730
0x4b6d5f,79.661%,24,94,118,80,7,17,14
0x48e7b1,97.0803%,24,798,822,0,13,11,798
0xa510dd,90.5138%,24,229,253,225,14,10,4
0x5412c8,99.0977%,24,2636,2660,2636,24,0,0
0x4bb2bc,66.6667%,24,48,72,18,7,17,30
0x8041e3,60%,24,36,60,26,12,12,10
0x4ba3fd,94.7137%,24,430,454,39,19,5,391
0x48ab59,99.7162%,24,8434,8458,8434,24,0,0
0x53dd74,99.8578%,24,16858,16882,0,0,24,16858
0x51b774,99.4222%,24,4130,4154,0,0,24,4130
0x8e3faf,94.9153%,24,448,472,448,16,8,0
0x60dccc,86.2069%,24,150,174,0,23,1,150
0x9f05d9,96.8831%,24,746,770,0,0,24,746
0x7d1bdb,97.1897%,24,830,854,16,20,4,814
0xa26050,95.0207%,24,458,482,0,0,24,458
0x59130b,83.0986%,24,118,142,118,24,0,0
0x510e30,99.0744%,24,2569,2593,0,0,24,2569
0x9f0ee7,59.322%,24,35,59,16,19,5,19
0x9a7a2e,91.8089%,24,269,293,187,11,13,82
0x5fe852,93.985%,24,375,399,36,16,8,339
0x8dea02,88%,24,176,200,0,0,24,176
0x96b1d5,97.3539%,24,883,907,0,0,24,883
0xa1ad9a,67.5676%,24,50,74,17,13,11,33
0xaa2ce4,96.0591%,24,585,609,0,0,24,585
0x5dd565,98.0661%,24,1217,1241,1217,24,0,0
0x9bdcfc,71.0843%,24,59,83,9,19,5,50
0x98cd69,48.9362%,24,23,47,6,6,18,17
0x53506a,77.3585%,24,82,106,5,1,23,77
0x9e743c,94.6309%,24,423,447,2,11,13,421
0x813c03,45.4545%,24,20,44,14,8,16,6
0x9eca28,84.2105%,24,128,152,0,0,24,128
0x4886db,97.7549%,24,1045,1069,0,0,24,1045
0xa41e38,98.0952%,24,1236,1260,1236,24,0,0
0x4023c0,54.717%,24,29,53,0,0,24,29
0x4a6feb,89.3805%,24,202,226,145,19,5,57
0x40e1e4,67.5676%,24,50,74,0,2,22,50
0x49f9b5,84.7134%,24,133,157,7,8,16,126
0x9e3cc7,56.3636%,24,31,55,24,17,7,7
0x816e29,99.492%,24,4700,4724,3480,9,15,1220
0x8ddbb7,78.5714%,24,88,112,88,24,0,0
0xa02c78,76.9231%,24,80,104,59,13,11,21
0x7d26dc,97.066%,24,794,818,483,13,11,311
0x6703d6,81.9549%,24,109,133,0,0,24,109
0x9e407c,84.4156%,24,130,154,130,20,4,0
0x5de793,98.0661%,24,1217,1241,1217,24,0,0
0x5fa7bc,82.6087%,24,114,138,45,24,0,69
0x5eb917,97.1897%,24,830,854,0,0,24,830
0x9e01a8,72.4138%,24,63,87,45,14,10,18
0x40f330,99.4585%,24,4408,4432,4408,24,0,0
0x96aea1,47.8261%,24,22,46,22,24,0,0
0x8072b0,99.8366%,24,14668,14692,14668,24,0,0
0x50adb6,77.9817%,24,85,109,0,0,24,85
0x9f4e8c,89.4273%,24,203,227,33,19,5,170
0x8c8090,98.8136%,24,1999,2023,1999,24,0,0
0x4a96eb,64.7059%,24,44,68,33,24,0,11
0x9177c6,85.1852%,24,138,162,0,0,24,138
0xa916e3,87.9397%,24,175,199,0,4,20,175
0x410034,82.9787%,24,117,141,45,2,22,72
0x504c78,77.7778%,24,84,108,32,6,18,52
0xa944b5,47.8261%,24,22,46,4,13,11,18
0xa5902f,42.8571%,24,18,42,8,23,1,10
0x8a5456,98.4375%,24,1512,1536,1512,18,6,0
0x50746a,81.25%,24,104,128,0,8,16,104
0x5350bf,99.6856%,23,7293,7316,7293,23,0,0
0xa41ada,98.5625%,23,1577,1600,0,0,23,1577
0x970f21,99.484%,23,4434,4457,0,0,23,4434
0xa4667b,90.535%,23,220,243,5,7,16,215
0x944ffe,93.3718%,23,324,347,324,23,0,0
0x9a1d41,71.6049%,23,58,81,46,20,3,12
0x5fd976,98.6774%,23,1716,1739,0,0,23,1716
0x904343,95.3815%,23,475,498,475,23,0,0
0x67b325,99.1658%,23,2734,2757,0,0,23,2734
0x63906e,92.9231%,23,302,325,6,6,17,296
0x5f0c84,80.5085%,23,95,118,79,5,18,16
0x8dc323,98.9996%,23,2276,2299,652,16,7,1624
0x7ce37b,94.4039%,23,388,411,388,23,0,0
0x9fe2dd,84.0278%,23,121,144,120,14,9,1
0x4c0df3,45.2381%,23,19,42,5,5,18,14
0x7c72df,87.8947%,23,167,190,29,7,16,138
0x53bb83,82.5758%,23,109,132,0,0,23,109
0x502d31,87.8947%,23,167,190,0,0,23,167
0x5026e9,98.0035%,23,1129,1152,341,18,5,788
0x499ac6,83.5714%,23,117,140,52,18,5,65
0x488e69,85.2564%,23,133,156,133,19,4,0
0xa4643b,88.0829%,23,170,193,170,23,0,0
0x816ce1,98.1377%,23,1212,1235,1212,22,1,0
0x81bfb4,67.1429%,23,47,70,22,14,9,25
0x80469f,69.3333%,23,52,75,0,0,23,52
0x4b5c77,88.4422%,23,176,199,30,2,21,146
0x835cc4,39.4737%,23,15,38,3,19,4,12
0xaaae3a,87.6344%,23,163,186,0,0,23,163
0x8b9c32,99.0133%,23,2308,2331,2308,23,0,0
0x9ab32c,94.5238%,23,397,420,0,0,23,397
0x82159c,99.3827%,23,3703,3726,3553,16,7,150
0x502fd4,76.2887%,23,74,97,74,23,0,0
0x8e787f,90.4167%,23,217,240,217,23,0,0
0x787e57,65.1515%,23,43,66,43,23,0,0
0xa2f720,92.3588%,23,278,301,64,9,14,214
0x80a44a,96.2233%,23,586,609,143,13,10,443
0x8f0bbc,88.0208%,23,169,192,132,12,11,37
0x8e1280,99.1986%,23,2847,2870,2847,23,0,0
0xa50001,71.6049%,23,58,81,7,7,16,51
0x543617,82.963%,23,112,135,0,0,23,112
0x9bd1d5,58.1818%,23,32,55,0,0,23,32
0xb1ae61,94.6882%,23,410,433,410,23,0,0
0x8e98db,97.8821%,23,1063,1086,1063,21,2,0
0x978476,94.9891%,23,436,459,0,0,23,436
0x499cc3,73.2558%,23,63,86,0,0,23,63
0x8dd3ac,97.4128%,23,866,889,857,14,9,9
0xa45415,93.3908%,23,325,348,0,0,23,325
0x9f042b,88.6139%,23,179,202,179,23,0,0
0x99c963,97.3005%,23,829,852,3,10,13,826
0x8104aa,85.625%,23,137,160,102,10,13,35
0xaa12c8,63.4921%,23,40,63,40,23,0,0
0x4885bc,99.2687%,23,3122,3145,0,0,23,3122
0x677c57,93.5574%,23,334,357,53,10,13,281
0x817c5d,88.3838%,23,175,198,175,23,0,0
0x58df38,88.9952%,23,186,209,60,10,13,126
0x8f4bff,86.9318%,23,153,176,0,0,23,153
0x817519,97.2716%,23,820,843,820,21,2,0
0x8aab95,97.3005%,23,829,852,0,0,23,829
0x8d22bb,90.7631%,23,226,249,0,0,23,226
0xa4ba65,88.1443%,23,171,194,0,0,23,171
0x90d03a,85.8896%,23,140,163,0,0,23,140
0x818c04,97.2189%,23,804,827,0,0,23,804
0x404765,96.1794%,23,579,602,0,0,23,579
0x4be276,45.2381%,23,19,42,12,3,20,7
0xa3a4ce,97.4946%,23,895,918,0,0,23,895
0x4bf249,58.1818%,23,32,55,11,2,21,21
0x810450,95.8484%,23,531,554,0,0,23,531
0x944d89,93.3718%,23,324,347,324,23,0,0
0x40ea43,92.7445%,23,294,317,294,23,0,0
0x60a743,98.2003%,23,1255,1278,1255,23,0,0
0x8dacf3,73.8636%,23,65,88,39,5,18,26
0x9f7a12,79.4643%,23,89,112,0,0,23,89
0x81e654,98.9212%,23,2109,2132,2109,10,13,0
0x9a0c8d,17.8571%,23,5,28,0,0,23,5
0x481c15,39.4737%,23,15,38,6,23,0,9
0x8e34d1,98.8366%,23,1954,1977,1954,23,0,0
0x98c95a,78.8991%,23,86,109,0,0,23,86
0x48b310,92.8349%,23,298,321,0,0,23,298
0x6486ea,58.9286%,23,33,56,0,0,23,33
0xa2e1d6,94.3902%,23,387,410,387,23,0,0
0x9a69db,72.9412%,23,62,85,2,7,16,60
0x404448,98.2887%,23,1321,1344,5,21,2,1316
0xa4e631,69.7368%,23,53,76,0,0,23,53
0x48df62,43.9024%,23,18,41,11,8,15,7
0x4bb28c,95.0108%,23,438,461,4,14,9,434
0x501bae,97.0437%,23,755,778,0,3,20,755
0x53b00b,59.6491%,23,34,57,25,16,7,9
0x4c3cc1,80.6723%,23,96,119,90,22,1,6
0x9f3f38,88.835%,23,183,206,180,16,7,3
0x4a7b4a,93.0514%,23,308,331,308,23,0,0
0xa465b5,95.2869%,23,465,488,463,7,16,2
0x8fdf00,99.9313%,23,33477,33500,33477,23,0,0
0x648433,93.6464%,23,339,362,78,7,16,261
0x5c4bfb,98.7425%,23,1806,1829,0,0,23,1806
0x40221d,98.7115%,23,1762,1785,0,0,23,1762
0x5faeeb,45.2381%,23,19,42,5,19,4,14
0x9ff5d3,42.5%,23,17,40,6,10,13,11
0x900b23,93.1548%,23,313,336,313,23,0,0
0xa59644,68.0556%,23,49,72,12,15,8,37
0x5ea9c5,89.5455%,23,197,220,189,23,0,8
0x81e7d2,99.5557%,23,5154,5177,0,0,23,5154
0x8e9fbe,99.0703%,23,2451,2474,0,0,23,2451
0x4a02b6,74.4444%,23,67,90,67,23,0,0
0x8fbf34,94.4578%,23,392,415,0,0,23,392
0xa030e0,66.1765%,23,45,68,20,21,2,25
0x606ad3,89.7778%,23,202,225,202,23,0,0
0x9c4271,93.0723%,23,309,332,309,23,0,0
0xb30007,97.0091%,23,746,769,746,18,5,0
0x908d7a,99.4619%,23,4251,4274,3708,12,11,543
0x5f062e,81.1475%,23,99,122,3,14,9,96
0x58d15f,77.451%,23,79,102,23,7,16,56
0x543b95,87.7005%,23,164,187,0,0,23,164
0x64af0c,64.0625%,23,41,64,0,0,23,41
0x81e1af,94.6512%,23,407,430,196,19,4,211
0x9ff579,63.4921%,23,40,63,20,3,20,20
0x9021c1,88.67%,23,180,203,180,23,0,0
0x5c6c75,95.1883%,23,455,478,455,23,0,0
0x49e524,83.8028%,23,119,142,119,23,0,0
0x8a90b1,98.7279%,23,1785,1808,676,14,9,1109
0x4a82a5,75%,23,69,92,0,0,23,69
0x8d2530,71.9512%,23,59,82,59,13,10,0
0x9c388f,93.5028%,23,331,354,331,23,0,0
0x609814,94.2211%,23,375,398,0,0,23,375
0x9f09f6,83.5714%,23,117,140,0,0,23,117
0xa05b60,98.558%,23,1572,1595,1563,3,20,9
0x8ff0c8,86.9318%,23,153,176,153,23,0,0
0x67f566,37.8378%,23,14,37,0,0,23,14
0x9742d6,95.9075%,23,539,562,8,0,23,531
0x9e711f,50%,23,23,46,22,17,6,1
0x40206b,89.823%,23,203,226,13,0,23,190
0xa9d1be,71.9512%,23,59,82,11,5,18,48
0x8f1ac3,84.0278%,23,121,144,1,0,23,120
0x8e9f4c,99.0748%,23,2463,2486,80,13,10,2383
0xb34676,87.0056%,23,154,177,0,0,23,154
0x81b558,92.7445%,23,294,317,294,23,0,0
0x8e6935,84.4595%,23,125,148,125,23,0,0
0x64b51b,95.7875%,23,523,546,520,14,9,3
0x5ffa30,92.6282%,23,289,312,257,9,14,32
0x60e338,95.6274%,23,503,526,0,0,23,503
0x5feb46,56.6038%,23,30,53,23,18,5,7
0x8e2396,99.823%,23,12971,12994,12971,23,0,0
0x9435a1,69.3333%,23,52,75,52,23,0,0
0x54f179,46.5116%,23,20,43,10,5,18,10
0x9e3cbe,92.4092%,23,280,303,243,5,18,37
0xa33a2f,95.9002%,23,538,561,497,11,12,41
0xa2e866,79.646%,23,90,113,37,23,0,53
0x58ded1,84.7682%,23,128,151,124,11,12,4
0x9ab091,96.9003%,23,719,742,719,23,0,0
0x48e4fe,84.6667%,23,127,150,127,23,0,0
0x64af53,99.5971%,23,5685,5708,0,0,23,5685
0x4936eb,46.5116%,23,20,43,15,19,4,5
0x50d954,11.5385%,23,3,26,0,0,23,3
0xa9748b,84.5638%,23,126,149,87,23,0,39
0x49f986,89.0476%,23,187,210,4,15,8,183
0x555a8b,58.1818%,23,32,55,32,23,0,0
0x50c38b,96.2662%,23,593,616,0,0,23,593
0x99ab90,91.0156%,23,233,256,233,22,1,0
0x54420f,59.6491%,23,34,57,29,2,21,5
0x808858,92.9664%,23,304,327,0,0,23,304
0x9c37ab,65.1515%,23,43,66,26,20,3,17
0xa02d84,78.8991%,23,86,109,0,2,21,86
0x8c7e97,97.3893%,23,858,881,856,23,0,2
0x4ba4f8,77.8846%,23,81,104,38,14,9,43
0x63b55a,98.2389%,23,1283,1306,0,0,23,1283
0x81447f,95.6929%,23,511,534,511,23,0,0
0x5c6c09,98.9292%,23,2125,2148,2125,23,0,0
0x534fde,64.0625%,23,41,64,41,23,0,0
0xa49805,92.3841%,23,279,302,12,10,13,267
0x9abb0f,97.9053%,23,1075,1098,0,0,23,1075
0x5c5002,83.0882%,23,113,136,10,23,0,103
0x545f21,99.1861%,23,2803,2826,2803,23,0,0
0x7ce47b,80.5085%,23,95,118,95,23,0,0
0x8eef9d,94.9002%,23,428,451,0,0,23,428
0xa276c0,96.9737%,23,737,760,737,23,0,0
0x9f2739,94.6759%,23,409,432,324,23,0,85
0x8e02b6,97.665%,23,962,985,394,21,2,568
0xa5ede5,94.321%,23,382,405,0,0,23,382
0x9eb776,77%,23,77,100,1,13,10,76
0x534a2d,95.2675%,23,463,486,422,7,16,41
0x5de124,98.1467%,23,1218,1241,1218,23,0,0
0x640348,97.6067%,23,938,961,938,23,0,0
0xa529da,87.766%,23,165,188,164,20,3,1
0x9d2671,77%,23,77,100,55,7,16,22
0x8c789c,98.8052%,23,1902,1925,1902,23,0,0
0x5af23f,96.6667%,23,667,690,0,0,23,667
0x512cf3,99.5074%,23,4646,4669,4646,23,0,0
0x50b118,42.5%,23,17,40,0,0,23,17
0xa32c9a,75.7895%,23,72,95,72,23,0,0
0x81f38c,98.5767%,23,1593,1616,1,1,22,1592
0x4098e3,63.4921%,23,40,63,35,9,14,5
0x8dcb83,95.4813%,23,486,509,0,0,23,486
0x49a14e,52.0833%,23,25,48,1,15,8,24
0x4baf97,92.6045%,23,288,311,91,8,15,197
0x4bc8c7,90.0433%,23,208,231,202,17,6,6
0x50d7e1,60.3448%,23,35,58,35,23,0,0
0x405aea,77.451%,23,79,102,79,23,0,0
0x9012c2,87.2222%,23,157,180,157,23,0,0
0x53d858,41.0256%,23,16,39,6,23,0,10
0x4043b3,99.036%,23,2363,2386,329,16,7,2034
0x58cd13,87.6344%,23,163,186,10,11,12,153
0x722a7d,71.6049%,23,58,81,6,9,14,52
0xaa7f03,95.6522%,23,506,529,504,13,10,2
0x7c7212,82.1705%,23,106,129,101,16,7,5
0x4bb967,88.7255%,23,181,204,181,23,0,0
0x48c5cf,84.0278%,23,121,144,121,22,1,0
0x82133e,99.3583%,23,3561,3584,3561,23,0,0
0xa54110,96.7468%,23,684,707,0,0,23,684
0xa4e637,69.7368%,23,53,76,36,6,17,17
0xa26231,92.2297%,23,273,296,207,8,15,66
0x5106d9,99.6257%,23,6122,6145,6122,23,0,0
0x40a0d8,51.0638%,23,24,47,17,14,9,7
0x819c37,65.1515%,23,43,66,25,9,14,18
0x9eca34,84.8684%,23,129,152,127,21,2,2
0x4a7294,94.0874%,23,366,389,366,23,0,0
0xa3ba77,84.0278%,23,121,144,0,14,9,121
0xa91054,88.6139%,23,179,202,0,0,23,179
0x819631,94.843%,23,423,446,420,8,15,3
0x50435f,81.4516%,23,101,124,45,17,6,56
0x5076d7,54%,23,27,50,11,11,12,16
0x973d79,76.0417%,23,73,96,0,0,23,73
0xa4bab3,88.1443%,23,171,194,171,19,4,0
0x8f0b38,45.2381%,23,19,42,10,16,7,9
0x8fcd92,92.0415%,23,266,289,266,23,0,0
0x90dcaf,23.3333%,23,7,30,7,23,0,0
0x8e7304,93.0514%,23,308,331,228,12,11,80
0x6808ce,97.4808%,23,890,913,890,23,0,0
0x53d862,32.3529%,23,11,34,9,20,3,2
0x543642,82.963%,23,112,135,16,11,12,96
0xa18079,98.4083%,23,1422,1445,438,10,13,984
0x8e1e98,85.2564%,23,133,156,118,16,7,15
0x49a136,52.0833%,23,25,48,0,0,23,25
0x978541,94.9891%,23,436,459,0,0,23,436
0x9eca1a,84.8684%,23,129,152,0,0,23,129
0x539420,95.4455%,23,482,505,0,0,23,482
0x969277,88.4422%,23,176,199,2,22,1,174
0x6097be,72.2892%,23,60,83,18,22,1,42
0xa34914,98.5256%,23,1537,1560,1098,8,15,439
0x99bd77,88.67%,23,180,203,2,21,2,178
0x4c896e,86.7816%,23,151,174,0,0,23,151
0x8dfeec,66.1765%,23,45,68,38,20,3,7
0x627d75,0%,23,0,23,0,23,0,0
0x9fb17b,81.4516%,23,101,124,9,16,7,92
0xa4688a,67.6056%,23,48,71,30,15,8,18
0x8aa919,99.3277%,23,3398,3421,0,0,23,3398
0xa2d67b,88.1443%,23,171,194,171,23,0,0
0x811c62,94.4844%,23,394,417,394,23,0,0
0x9ebea4,81.3008%,23,100,123,100,23,0,0
0x8f6c3b,89.7321%,23,201,224,98,17,6,103
0x558d43,92.3333%,23,277,300,260,20,3,17
0xa4fe2b,90.9091%,23,230,253,12,8,15,218
0x9fb774,92.4837%,23,283,306,76,15,8,207
0x5f83e3,97.0361%,23,753,776,753,19,4,0
0x8b9a41,99.8391%,23,14274,14297,13803,22,1,471
0xa4966a,58.1818%,23,32,55,30,12,11,2
0x4a7ffa,75%,23,69,92,0,0,23,69
0xa5c3b7,84.5638%,23,126,149,43,7,16,83
0x81fdf4,52.0833%,23,25,48,25,23,0,0
0x7810c0,84.4595%,23,125,148,86,11,12,39
0x973da1,81.746%,23,103,126,103,23,0,0
0x5c4c82,98.6939%,23,1738,1761,170,3,20,1568
0x50bf43,79.0909%,23,87,110,0,0,23,87
0x81226e,86.1446%,23,143,166,53,14,9,90
0x609f41,99.6088%,23,5856,5879,0,0,23,5856
0x41018e,99.5919%,23,5613,5636,0,0,23,5613
0x959270,82.0312%,23,105,128,3,1,22,102
0x543a1f,82.963%,23,112,135,97,11,12,15
0x787d2d,91.1538%,23,237,260,1,5,18,236
0x40a9a3,60.3448%,23,35,58,16,10,13,19
0x5912dc,90.6504%,23,223,246,0,0,23,223
0xa39f9a,64.6154%,23,42,65,0,0,23,42
0x9e841c,73.8636%,23,65,88,62,23,0,3
0x7b7fc8,80.1724%,23,93,116,70,19,4,23
0xa2e042,90.7631%,23,226,249,226,18,5,0
0xaa5c52,84.5638%,23,126,149,106,9,14,20
0x81fcbb,76.5306%,23,75,98,72,12,11,3
0x643ddc,98.3882%,23,1404,1427,0,0,23,1404
0x814644,94.6387%,23,406,429,406,23,0,0
0x8f201d,41.0256%,23,16,39,16,23,0,0
0x6964fb,97.822%,23,1033,1056,378,19,4,655
0xa3493b,97.9204%,23,1083,1106,542,8,15,541
0x9d024e,93.4286%,23,327,350,327,23,0,0
0xa42af7,97.3256%,23,837,860,837,23,0,0
0x48ecf1,71.9512%,23,59,82,16,9,14,43
0x5115e6,99.0616%,23,2428,2451,2428,23,0,0
0x499a42,84.9673%,23,130,153,110,14,9,20
0x5bce6e,97.6141%,23,941,964,941,23,0,0
0x508d69,53.0612%,23,26,49,16,12,11,10
0x8aabd5,85.0649%,23,131,154,0,0,23,131
0xaaae8a,91.3534%,23,243,266,7,5,18,236
0xa575a3,66.1765%,23,45,68,34,7,16,11
0x8f3125,97.4128%,23,866,889,0,0,23,866
0x53e87f,85.0649%,23,131,154,131,18,5,0
0x6668ac,96.0616%,23,561,584,561,23,0,0
0x49c1bc,75.7895%,23,72,95,0,0,23,72
0x9597f8,84.0278%,23,121,144,77,19,4,44
0x409cb9,85.3503%,23,134,157,0,19,4,134
0x9ed63b,97.5789%,23,927,950,0,0,23,927
0x9f78a9,97.164%,23,788,811,0,0,23,788
0x835ca2,39.4737%,23,15,38,7,13,10,8
0x9593a2,81.4516%,23,101,124,0,0,23,101
0x5bb283,88.5%,23,177,200,177,21,2,0
0x64b58e,99.0393%,22,2268,2290,0,0,22,2268
0x8ff3dc,82.6772%,22,105,127,0,0,22,105
0xa3676d,69.4444%,22,50,72,5,13,9,45
0x4021ec,98.7675%,22,1763,1785,1763,22,0,0
0x4897f3,40.5405%,22,15,37,3,9,13,12
0x609e72,96.4111%,22,591,613,591,22,0,0
0xa46ab2,77.0833%,22,74,96,30,10,12,44
0xa34011,96.0289%,22,532,554,234,20,2,298
0x485ad4,78.2178%,22,79,101,79,22,0,0
0x7d1add,96.8883%,22,685,707,61,18,4,624
0x94d992,96.4459%,22,597,619,0,0,22,597
0x94db4b,96.2521%,22,565,587,565,22,0,0
0x5c5d17,82.1138%,22,101,123,0,0,22,101
0x90b99b,97.7107%,22,939,961,939,22,0,0
0x499a92,84.2857%,22,118,140,118,22,0,0
0x80dcd0,98.2456%,22,1232,1254,107,15,7,1125
0xa452ea,94.4724%,22,376,398,43,7,15,333
0xa5672f,66.6667%,22,44,66,20,4,18,24
0x639acd,89%,22,178,200,161,2,20,17
0x8ee125,96.3333%,22,578,600,578,22,0,0
0xa45a78,74.4186%,22,64,86,64,22,0,0
0x5118be,89.6226%,22,190,212,0,0,22,190
0x489b4e,94.7115%,22,394,416,394,16,6,0
0x9a760e,96.0854%,22,540,562,540,4,18,0
0xb17a64,96.9231%,22,693,715,693,22,0,0
0x6400a1,98.8153%,22,1835,1857,1835,22,0,0
0x4bd70b,43.5897%,22,17,39,0,0,22,17
0x8df5a6,47.619%,22,20,42,20,22,0,0
0x606a2f,90.2222%,22,203,225,203,22,0,0
0x9093a8,99.4073%,22,3690,3712,0,0,22,3690
0x814d6d,92.1708%,22,259,281,32,9,13,227
0x5fea67,71.4286%,22,55,77,52,1,21,3
0x9c3faa,95.279%,22,444,466,444,22,0,0
0xa45052,94.9192%,22,411,433,411,22,0,0
0x63cbb1,97.7107%,22,939,961,939,22,0,0
0xa59fe0,72.5%,22,58,80,57,16,6,1
0x4b6a27,81.6667%,22,98,120,94,0,22,4
0x49c7bf,92.2807%,22,263,285,7,1,21,256
0x53b0e0,99.5736%,22,5137,5159,0,0,22,5137
0xa5edc3,94.5679%,22,383,405,0,0,22,383
0x542d69,98.8292%,22,1857,1879,1857,22,0,0
0xa48556,60.7143%,22,34,56,34,22,0,0
0x8dca8d,99.0431%,22,2277,2299,651,17,5,1626
0x4a6fae,91.2%,22,228,250,0,0,22,228
0x64888e,60.7143%,22,34,56,34,22,0,0
0x49c8aa,86.5854%,22,142,164,142,22,0,0
0x53565f,88.3598%,22,167,189,0,6,16,167
0xa565ca,91.5709%,22,239,261,236,15,7,3
0x511aa0,97.2906%,22,790,812,406,22,0,384
0x81cd6d,87.9121%,22,160,182,0,5,17,160
0x8fcf01,95.6607%,22,485,507,0,0,22,485
0xa055da,65.625%,22,42,64,26,7,15,16
0x8c7f24,97.667%,22,921,943,921,20,2,0
0x4bb9e3,64.5161%,22,40,62,32,9,13,8
0x8e32b3,99.4751%,22,4169,4191,4169,22,0,0
0x81ece1,98.6241%,22,1577,1599,0,0,22,1577
0x8f76ae,85.6209%,22,131,153,100,8,14,31
0xa9ed0b,82.1138%,22,101,123,27,15,7,74
0x40dc4b,90%,22,198,220,198,22,0,0
0x670480,65.0794%,22,41,63,32,22,0,9
0x541e3d,72.5%,22,58,80,58,22,0,0
0x65a3b6,98.8571%,22,1903,1925,1903,22,0,0
0x5463c4,93.7143%,22,328,350,328,22,0,0
0x97bad8,87.5%,22,154,176,7,14,8,147
0x488c4c,88.7755%,22,174,196,76,3,19,98
0x509633,73.1707%,22,60,82,60,22,0,0
0xa487f4,90%,22,198,220,169,9,13,29
0x9a1e56,80.1802%,22,89,111,13,17,5,76
0x808843,94.9425%,22,413,435,105,3,19,308
0x534417,99.7541%,22,8924,8946,8924,22,0,0
0x8e24f6,80%,22,88,110,88,22,0,0
0x94a263,85.8065%,22,133,155,133,22,0,0
0x54179c,83.8235%,22,114,136,114,22,0,0
0x489e6f,67.6471%,22,46,68,46,22,0,0
0x8a60ca,95.9633%,22,523,545,0,0,22,523
0x9a648e,87.5%,22,154,176,154,22,0,0
0x6477ec,83.8235%,22,114,136,114,22,0,0
0x816936,62.7119%,22,37,59,23,15,7,14
0x8dfe89,91.5385%,22,238,260,2,0,22,236
0x9e2ffa,91.635%,22,241,263,16,10,12,225
0x543b27,89.4737%,22,187,209,0,0,22,187
0xa8fc74,87.0588%,22,148,170,148,22,0,0
0x53f5da,98.8695%,22,1924,1946,0,0,22,1924
0x40e1d3,70.2703%,22,52,74,52,20,2,0
0x9ed73c,62.7119%,22,37,59,8,13,9,29
0x609f52,99.6705%,22,6654,6676,6654,22,0,0
0x4b50ca,81.6667%,22,98,120,0,0,22,98
0x9a9b80,81.8182%,22,99,121,4,11,11,95
0x50191f,97.2671%,22,783,805,775,19,3,8
0x8b9bec,99.0702%,22,2344,2366,29,6,16,2315
0x9e0960,79.8165%,22,87,109,60,9,13,27
0x5d1044,98.2329%,22,1223,1245,1223,22,0,0
0x8ab0bf,97.4299%,22,834,856,834,22,0,0
0x541ad2,97.3621%,22,812,834,812,22,0,0
0x54f13c,48.8372%,22,21,43,0,0,22,21
0xb46774,86.747%,22,144,166,1,4,18,143
0x81e820,87.5706%,22,155,177,0,0,22,155
0x9a4685,96.8023%,22,666,688,0,0,22,666
0xa3961f,96.3516%,22,581,603,0,0,22,581
0x64f4fa,80%,22,88,110,0,0,22,88
0x8efb73,94.4584%,22,375,397,275,4,18,100
0x60a775,98.2786%,22,1256,1278,0,0,22,1256
0x8f0aa3,96.3875%,22,587,609,555,12,10,32
0x5520fb,63.3333%,22,38,60,7,14,8,31
0x4c6d1a,75.8242%,22,69,91,0,0,22,69
0x6f5535,95.4357%,22,460,482,159,14,8,301
0xa03097,65.0794%,22,41,63,18,16,6,23
0x9f4faa,90.3084%,22,205,227,0,0,22,205
0x8addba,75.2809%,22,67,89,67,20,2,0
0x60dd3c,96.8481%,22,676,698,0,0,22,676
0xa5c7dc,67.6471%,22,46,68,44,6,16,2
0x49ee3a,95.8801%,22,512,534,0,18,4,512
0xa2661f,97.8282%,22,991,1013,991,22,0,0
0x8ef183,31.25%,22,10,32,0,0,22,10
0x99c877,97.0822%,22,732,754,732,22,0,0
0x537a94,50%,22,22,44,0,0,22,22
0x6705c4,83.4586%,22,111,133,0,0,22,111
0x8e39a2,45%,22,18,40,0,8,14,18
0x9ab648,53.1915%,22,25,47,24,19,3,1
0x8ff70f,88.2979%,22,166,188,166,22,0,0
0x8f5155,99.8356%,22,13360,13382,0,8,14,13360
0x481a17,42.1053%,22,16,38,8,11,11,8
0x9fe3a8,83.5821%,22,112,134,26,14,8,86
0x5fa285,87.2832%,22,151,173,151,22,0,0
0x5e353e,98.5517%,22,1497,1519,0,0,22,1497
0x9f05e5,97.1429%,22,748,770,633,12,10,115
0xa9056b,61.4035%,22,35,57,35,22,0,0
0x5fb18e,33.3333%,22,11,33,11,22,0,0
0x5e37c9,96.6206%,22,629,651,629,22,0,0
0x5fb183,33.3333%,22,11,33,0,0,22,11
0x5feb8f,64.5161%,22,40,62,36,17,5,4
0x99c8c0,95.5556%,22,473,495,473,22,0,0
0xb2ee47,58.4906%,22,31,53,0,0,22,31
0x48e594,53.1915%,22,25,47,25,22,0,0
0x9f2a65,78.8462%,22,82,104,82,17,5,0
0x63af52,97.3203%,22,799,821,799,22,0,0
0xa30559,87.0588%,22,148,170,148,22,0,0
0x490be5,46.3415%,22,19,41,9,17,5,10
0x8a990b,98.5034%,22,1448,1470,1448,18,4,0
0x48e82c,60.7143%,22,34,56,29,20,2,5
0x499a5d,85.6209%,22,131,153,131,22,0,0
0x9f0c80,80%,22,88,110,88,22,0,0
0x7d207b,87.2093%,22,150,172,147,7,15,3
0x8bb84c,84.8276%,22,123,145,0,0,22,123
0xa94297,87.3563%,22,152,174,0,8,14,152
0x54f0d4,48.8372%,22,21,43,0,0,22,21
0xaa06fb,79.6296%,22,86,108,22,12,10,64
0x54d7e4,43.5897%,22,17,39,4,12,10,13
0x80d4b0,80%,22,88,110,73,17,5,15
0x80c01f,86.9822%,22,147,169,9,14,8,138
0x5f8293,95.9633%,22,523,545,0,18,4,523
0x9f6c04,95.8801%,22,512,534,222,19,3,290
0x9018b3,95.6522%,22,484,506,0,0,22,484
0x9fb5d9,92.8105%,22,284,306,0,0,22,284
0xa9da7c,81.6667%,22,98,120,98,7,15,0
0x9edd7d,84.058%,22,116,138,116,22,0,0
0x8b98c7,99.8303%,22,12942,12964,0,0,22,12942
0x48e918,21.4286%,22,6,28,6,22,0,0
0x8e4b6e,87.6404%,22,156,178,0,0,22,156
0x5fba77,75%,22,66,88,7,11,11,59
0x63d0ce,89%,22,178,200,178,22,0,0
0xaada17,91.3725%,22,233,255,233,22,0,0
0x8d22ca,91.1647%,22,227,249,227,22,0,0
0x5e4517,98.5421%,22,1487,1509,0,0,22,1487
0x9485e8,98.4743%,22,1420,1442,1420,22,0,0
0x643788,43.5897%,22,17,39,17,22,0,0
0x81c4df,94.6078%,22,386,408,1,3,19,385
0x592bf1,42.1053%,22,16,38,12,7,15,4
0x807f07,83.2061%,22,109,131,0,0,22,109
0x9fb65b,91.0569%,22,224,246,0,0,22,224
0xa52833,94.1489%,22,354,376,172,16,6,182
0x80ffba,95.9108%,22,516,538,156,10,12,360
0x970f31,99.1773%,22,2652,2674,0,0,22,2652
0x9d1151,90.9836%,22,222,244,10,10,12,212
0xa522f9,77.3196%,22,75,97,61,12,10,14
0x58ca15,93.2515%,22,304,326,304,22,0,0
0x807846,95.4167%,22,458,480,458,4,18,0
0x546a52,84.9315%,22,124,146,0,0,22,124
0x49ee1e,99.3485%,22,3355,3377,0,0,22,3355
0x81696d,76.087%,22,70,92,67,17,5,3
0x908335,98.9758%,22,2126,2148,2126,22,0,0
0x99d974,82.9457%,22,107,129,0,2,20,107
0x50bfaa,66.6667%,22,44,66,42,11,11,2
0x538a15,96.9571%,22,701,723,0,0,22,701
0x4c1c68,92.9936%,22,292,314,3,21,1,289
0xb48b58,97.9087%,22,1030,1052,0,0,22,1030
0x54547d,83.5821%,22,112,134,112,22,0,0
0x40303f,72.5%,22,58,80,4,7,15,54
0xa25fc7,96.7836%,22,662,684,662,22,0,0
0x6964b1,98.0216%,22,1090,1112,1043,13,9,47
0x4c9e6f,97.5419%,22,873,895,871,20,2,2
0xa4194c,42.1053%,22,16,38,12,12,10,4
0x509542,96.5024%,22,607,629,0,0,22,607
0x606962,90.2222%,22,203,225,203,22,0,0
0x504563,97.027%,22,718,740,0,0,22,718
0x90979f,98.814%,22,1833,1855,1718,20,2,115
0x9bd563,67.1642%,22,45,67,2,10,12,43
0xb2b52a,93.6416%,22,324,346,324,22,0,0
0xb4a1a8,96.9613%,22,702,724,0,0,22,702
0xb37288,99.1463%,22,2555,2577,9,5,17,2546
0xa25bc5,97.8282%,22,991,1013,991,22,0,0
0xa022f4,99.1629%,22,2606,2628,0,0,22,2606
0x5019ff,96.1336%,22,547,569,547,22,0,0
0x9799a9,50%,22,22,44,0,0,22,22
0x8122f3,83.5821%,22,112,134,85,14,8,27
0x49cb23,94.3878%,22,370,392,370,22,0,0
0x488d7c,61.4035%,22,35,57,0,0,22,35
0xa9b7c7,80.7018%,22,92,114,6,20,2,86
0x592af1,78%,22,78,100,42,17,5,36
0x8c82a9,97.5556%,22,878,900,331,11,11,547
0x54861d,99.065%,22,2331,2353,0,0,22,2331
0x5b9dbf,54.1667%,22,26,48,5,18,4,21
0xa51752,71.4286%,22,55,77,0,0,22,55
0xae7095,68.1159%,22,47,69,0,0,22,47
0x4bb0f4,95.9707%,22,524,546,14,4,18,510
0x944582,90.0901%,22,200,222,200,22,0,0
0x4a8573,51.1111%,22,23,45,16,7,15,7
0x592535,99.5236%,22,4596,4618,0,0,22,4596
0x8194c9,79.4393%,22,85,107,12,15,7,73
0x94bc27,60.7143%,22,34,56,29,11,11,5
0x90fc53,97.8558%,22,1004,1026,1004,22,0,0
0x97319f,96.3934%,22,588,610,0,0,22,588
0x58c246,93.0818%,22,296,318,74,22,0,222
0x4a6d10,95.4262%,22,459,481,459,22,0,0
0x821055,60%,22,33,55,12,18,4,21
0xa56129,88.0435%,22,162,184,0,0,22,162
0x8f369f,78.2178%,22,79,101,79,22,0,0
0x8a9233,54.1667%,22,26,48,12,9,13,14
0x90ca11,79.0476%,22,83,105,83,22,0,0
0x58dcb1,84.6154%,22,121,143,71,4,18,50
0x5cf79d,98.8017%,22,1814,1836,1814,22,0,0
0xa51c14,72.5%,22,58,80,7,17,5,51
0x5af54d,64.5161%,22,40,62,40,22,0,0
0x48a1bb,67.6471%,22,46,68,46,22,0,0
0x5f55d6,65.625%,22,42,64,39,17,5,3
0x485c55,69.863%,22,51,73,51,22,0,0
0x9c4394,84.2857%,22,118,140,118,22,0,0
0x78d8ad,96.4459%,22,597,619,597,22,0,0
0x8a257d,89.2683%,22,183,205,183,22,0,0
0x599362,99.4704%,22,4132,4154,0,0,22,4132
0x66f55d,89.3204%,22,184,206,0,0,22,184
0xaada54,92.3611%,22,266,288,29,4,18,237
0x8ae8f0,85.6209%,22,131,153,127,19,3,4
0x901999,35.2941%,22,12,34,12,22,0,0
0x40f3f2,99.2926%,22,3088,3110,0,0,22,3088
0x81f86d,53.1915%,22,25,47,19,6,16,6
0x9a9c88,91.5058%,22,237,259,237,22,0,0
0x9e0be4,90.393%,22,207,229,202,4,18,5
0x544997,94.5679%,22,383,405,383,13,9,0
0x58dad4,89.4737%,22,187,209,136,15,7,51
0x9e5d5c,72.8395%,22,59,81,58,22,0,1
0x814b5a,89.1626%,22,181,203,152,10,12,29
0xa548b2,59.2593%,22,32,54,32,22,0,0
0xa441b7,65.625%,22,42,64,10,2,20,32
0x544403,92.1708%,22,259,281,36,21,1,223
0xa56fc6,79.6296%,22,86,108,75,7,15,11
0x8dd115,93.0159%,22,293,315,0,0,22,293
0x81be64,90.678%,22,214,236,19,13,9,195
0x5f7d33,81.5126%,22,97,119,0,0,22,97
0xa52bb0,89.6226%,22,190,212,159,13,9,31
0x538d61,83.3333%,22,110,132,0,0,22,110
0x944dca,95.6607%,22,485,507,485,14,8,0
0xa93d8e,84.7222%,22,122,144,1,18,4,121
0x54381f,63.9344%,22,39,61,23,2,20,16
0x48d1d2,60.7143%,22,34,56,0,0,22,34
0x50c087,98.9598%,22,2093,2115,0,0,22,2093
0x8e0f90,99.0909%,22,2398,2420,2398,6,16,0
0x40477d,96.3455%,22,580,602,0,0,22,580
0x81e6ab,97.2806%,22,787,809,748,14,8,39
0xa48c8a,86.8263%,22,145,167,145,22,0,0
0x8ad925,75%,22,66,88,57,14,8,9
0xb0b09a,48.8372%,22,21,43,8,16,6,13
0x546605,15.3846%,22,4,26,4,22,0,0
0x48de4d,85.4305%,22,129,151,0,0,22,129
0x5dd99b,83.4586%,22,111,133,110,22,0,1
0x541ccc,98.3359%,22,1300,1322,0,0,22,1300
0x666785,62.7119%,22,37,59,13,17,5,24
0xa2ec9a,65.625%,22,42,64,33,9,13,9
0x835cb9,42.1053%,22,16,38,10,6,16,6
0x5cbbca,83.2061%,22,109,131,109,22,0,0
0x538906,95.0783%,22,425,447,423,16,6,2
0xa302de,88.7179%,22,173,195,77,8,14,96
0xb32440,97.7296%,22,947,969,0,0,22,947
0x7c708d,79.4393%,22,85,107,82,9,13,3
0x40d91c,99.0795%,22,2368,2390,2368,22,0,0
0x4bb44c,55.102%,22,27,49,24,19,3,3
0x8f2ffb,45%,22,18,40,18,22,0,0
0x679fd7,98.7737%,22,1772,1794,0,0,22,1772
0x4bf240,74.4186%,22,64,86,22,9,13,42
0x4bc11d,88.8325%,22,175,197,175,22,0,0
0x911a26,98.863%,21,1826,1847,1826,21,0,0
0x40ab32,50%,21,21,42,17,8,13,4
0x5fb1d7,90.2326%,21,194,215,0,0,21,194
0x7d2eb4,97.6744%,21,882,903,48,19,2,834
0xb17985,98.0207%,21,1040,1061,1040,21,0,0
0x8a9860,99.5488%,21,4633,4654,0,0,21,4633
0xa25d29,98.7847%,21,1707,1728,1707,21,0,0
0x9ea615,87.5%,21,147,168,30,13,8,117
0x543a10,84.4444%,21,114,135,114,21,0,0
0x81b155,93.3754%,21,296,317,0,0,21,296
0x5d9fc1,84.2105%,21,112,133,112,21,0,0
0x48aa62,99.6125%,21,5398,5419,0,0,21,5398
0x8f6ce8,53.3333%,21,24,45,16,14,7,8
0xa42927,97.8593%,21,960,981,0,0,21,960
0x8bb1c2,95.3947%,21,435,456,0,0,21,435
0x5be197,98.7288%,21,1631,1652,1631,21,0,0
0x50503e,78.3505%,21,76,97,14,13,8,62
0x5049bf,67.1875%,21,43,64,9,14,7,34
0x5fd958,99.6338%,21,5714,5735,0,0,21,5714
0xa0744a,57.1429%,21,28,49,24,11,10,4
0x5bd7dd,98.583%,21,1461,1482,1461,21,0,0
0x60966a,74.6988%,21,62,83,0,0,21,62
0xa938bb,87.574%,21,148,169,0,0,21,148
0x485cbc,93.1373%,21,285,306,0,0,21,285
0x9cfbd1,82.9268%,21,102,123,102,21,0,0
0x64b9a3,98.4968%,21,1376,1397,1376,21,0,0
0x99c8b0,95.7576%,21,474,495,0,0,21,474
0xa33eac,59.6154%,21,31,52,31,21,0,0
0x5bd931,97.8079%,21,937,958,937,21,0,0
0x9a1215,74.0741%,21,60,81,1,9,12,59
0x9a9e4a,88.2022%,21,157,178,125,12,9,32
0xa980fa,74.3902%,21,61,82,1,16,5,60
0x49c5f7,95.4644%,21,442,463,1,5,16,441
0x40eb4f,93.4579%,21,300,321,0,9,12,300
0xa608fd,95.7576%,21,474,495,474,21,0,0
0x8ff1e9,87.6471%,21,149,170,0,16,5,149
0x608bf4,96.2094%,21,533,554,533,21,0,0
0x9c3789,75.5814%,21,65,86,23,17,4,42
0x99a858,79.4118%,21,81,102,81,21,0,0
0x90e960,97.8148%,21,940,961,940,21,0,0
0x5c6bf2,99.0223%,21,2127,2148,0,0,21,2127
0xa2feff,86.875%,21,139,160,139,21,0,0
0x591471,96.0302%,21,508,529,0,6,15,508
0x5bd041,97.8216%,21,943,964,943,21,0,0
0x5bd6cf,93.6556%,21,310,331,0,0,21,310
0x972fef,54.3478%,21,25,46,25,21,0,0
0x666959,96.4041%,21,563,584,0,0,21,563
0x9a34f0,82.2034%,21,97,118,97,21,0,0
0x8ff6c8,70.4225%,21,50,71,50,21,0,0
0x404458,68.1818%,21,45,66,8,12,9,37
0x595dcc,97.318%,21,762,783,0,10,11,762
0xa26093,96.0452%,21,510,531,135,6,15,375
0x811da7,93.6747%,21,311,332,1,1,20,310
0x8df4f9,66.6667%,21,42,63,42,12,9,0
0x50ff38,97.8261%,21,945,966,0,0,21,945
0xa57bcf,65.5738%,21,40,61,0,11,10,40
0x4057f1,99.1522%,21,2456,2477,2456,21,0,0
0xb2ad4d,97.9769%,21,1017,1038,1017,21,0,0
0x9f2940,96.3287%,21,551,572,0,0,21,551
0x5058e3,74.3902%,21,61,82,61,21,0,0
0x9ec2a9,58%,21,29,50,24,9,12,5
0x81fa25,97.3316%,21,766,787,8,12,9,758
0x8dd0b8,97.0914%,21,701,722,701,17,4,0
0x66d3d2,98.9005%,21,1889,1910,0,6,15,1889
0x40396c,43.2432%,21,16,37,0,0,21,16
0x90f2a5,99.3014%,21,2985,3006,2985,21,0,0
0x8fdc76,97.2513%,21,743,764,0,0,21,743
0x512afb,97.139%,21,713,734,0,0,21,713
0x546434,95.2596%,21,422,443,422,21,0,0
0x4038d5,94.5596%,21,365,386,5,5,16,360
0x61050e,96.1326%,21,522,543,57,6,15,465
0xa936e7,91.7969%,21,235,256,235,21,0,0
0x5b0e51,99.2141%,21,2651,2672,2651,21,0,0
0x501630,99.0269%,21,2137,2158,682,14,7,1455
0xa42724,90.6667%,21,204,225,0,0,21,204
0x80cae5,99.7271%,21,7674,7695,0,0,21,7674
0x8e278e,99.6098%,21,5361,5382,0,0,21,5361
0x945c65,67.6923%,21,44,65,0,0,21,44
0x59c56d,92.1933%,21,248,269,168,10,11,80
0x973d23,79.6117%,21,82,103,82,21,0,0
0x5ee173,91.3223%,21,221,242,0,0,21,221
0xb2ade5,97.9769%,21,1017,1038,1017,21,0,0
0x9e1b12,82.2034%,21,97,118,97,21,0,0
0x494885,84.6715%,21,116,137,0,16,5,116
0x4ac126,87.7907%,21,151,172,151,21,0,0
0x511d4f,97.4138%,21,791,812,413,15,6,378
0xa41ea8,96.8278%,21,641,662,409,10,11,232
0xa43c50,80.1887%,21,85,106,37,21,0,48
0xa46984,90.8696%,21,209,230,8,5,16,201
0xa43d0f,97.5207%,21,826,847,826,21,0,0
0x49de6c,62.5%,21,35,56,14,14,7,21
0x81a440,94.8905%,21,390,411,0,0,21,390
0x4b5041,83.9695%,21,110,131,0,9,12,110
0x506fcb,97.1622%,21,719,740,0,0,21,719
0x9e291e,47.5%,21,19,40,4,6,15,15
0x507ee7,96.3415%,21,553,574,426,12,9,127
0x5088ee,96.06%,21,512,533,4,14,7,508
0x50b74c,98.153%,21,1116,1137,0,4,17,1116
0x50d67c,96.3478%,21,554,575,554,21,0,0
0x942812,98.7574%,21,1669,1690,1669,21,0,0
0x538f8f,85.3147%,21,122,143,120,12,9,2
0xae6f7b,70%,21,49,70,3,9,12,46
0x60dc2a,65%,21,39,60,21,17,4,18
0x908d82,96.2094%,21,533,554,0,0,21,533
0x8e1f69,90.1869%,21,193,214,0,0,21,193
0xaa4871,85.906%,21,128,149,128,21,0,0
0xa52326,78.3505%,21,76,97,1,1,20,75
0x90b2ce,83.9695%,21,110,131,110,21,0,0
0x63b3bb,99.0127%,21,2106,2127,2106,21,0,0
0x81e4fa,96.2025%,21,532,553,532,21,0,0
0x5081de,96.0227%,21,507,528,507,21,0,0
0x5f8cfd,76.4045%,21,68,89,41,12,9,27
0x542fd3,62.5%,21,35,56,35,13,8,0
0x8a63fe,84.5588%,21,115,136,4,10,11,111
0x90d4ba,93.0464%,21,281,302,281,21,0,0
0x970f37,99.2147%,21,2653,2674,0,0,21,2653
0x4b61a1,80.9091%,21,89,110,73,16,5,16
0xa54ccf,92.9766%,21,278,299,278,21,0,0
0xa41c51,96.64%,21,604,625,604,21,0,0
0x537b84,99.782%,21,9611,9632,0,0,21,9611
0x6d04f4,58%,21,29,50,0,21,0,29
0x8db6e5,95.6067%,21,457,478,8,16,5,449
0x8d11d9,99.6341%,21,5719,5740,0,0,21,5719
0x53ee88,86.3636%,21,133,154,130,19,2,3
0xaa2d5c,93.0921%,21,283,304,0,0,21,283
0x5d23e7,98.3133%,21,1224,1245,1224,21,0,0
0x5f7560,96.8134%,21,638,659,0,0,21,638
0x819f04,76.9231%,21,70,91,67,7,14,3
0x8fc44d,68.1818%,21,45,66,0,0,21,45
0x8e02cd,96.3158%,21,549,570,270,15,6,279
0x8fee9b,96.6929%,21,614,635,0,0,21,614
0x8b9ad1,99.1124%,21,2345,2366,2345,21,0,0
0x5e46a3,98.6083%,21,1488,1509,1488,21,0,0
0xb2e862,70%,21,49,70,49,21,0,0
0x5fe355,80.5556%,21,87,108,87,21,0,0
0x81be58,91.1765%,21,217,238,2,0,21,215
0x5ffe67,83.7209%,21,108,129,108,21,0,0
0x512823,94.5876%,21,367,388,359,9,12,8
0x58ebbe,99.4119%,21,3550,3571,3550,21,0,0
0x8fd01a,85.7143%,21,126,147,0,0,21,126
0x811bd7,97.2692%,21,748,769,267,4,17,481
0xa903de,94.878%,21,389,410,389,21,0,0
0x60dc83,92.3358%,21,253,274,253,21,0,0
0x5cf59e,98.4892%,21,1369,1390,1369,21,0,0
0x501fcf,76.9231%,21,70,91,0,0,21,70
0xa4a104,84.2105%,21,112,133,38,8,13,74
0x40d3dd,96.3855%,21,560,581,560,21,0,0
0x49c652,95.4048%,21,436,457,0,0,21,436
0x502957,78.3505%,21,76,97,29,6,15,47
0x50e7cd,51.1628%,21,22,43,0,0,21,22
0x503d6d,54.3478%,21,25,46,25,21,0,0
0x50a0da,66.129%,21,41,62,6,0,21,35
0x4b9efa,94.385%,21,353,374,25,5,16,328
0x8a7751,93.0464%,21,281,302,0,12,9,281
0x900ba4,93.75%,21,315,336,0,0,21,315
0x5b2d65,72%,21,54,75,54,21,0,0
0x501ff6,76.9231%,21,70,91,24,11,10,46
0x5dea63,98.3078%,21,1220,1241,1220,21,0,0
0x48f129,83.7209%,21,108,129,80,19,2,28
0x5eb904,97.541%,21,833,854,0,0,21,833
0x504c97,64.4068%,21,38,59,38,21,0,0
0x508ce3,63.7931%,21,37,58,36,8,13,1
0x508dd9,38.2353%,21,13,34,0,0,21,13
0x5485d1,90%,21,189,210,1,8,13,188
0x611753,97.1272%,21,710,731,710,21,0,0
0x902791,58.8235%,21,30,51,3,9,12,27
0x976e15,91.4634%,21,225,246,0,0,21,225
0x63b50a,99.0127%,21,2106,2127,1,10,11,2105
0x489b37,95.0472%,21,403,424,0,8,13,403
0x502f9d,78.3505%,21,76,97,76,21,0,0
0x8aedd5,63.7931%,21,37,58,37,21,0,0
0x9496bd,73.4177%,21,58,79,58,21,0,0
0x48ab53,99.7517%,21,8437,8458,0,0,21,8437
0xa5ce56,87.2727%,21,144,165,144,21,0,0
0x8fe1a7,73.75%,21,59,80,59,21,0,0
0x535793,65.5738%,21,40,61,0,0,21,40
0x901231,88.6486%,21,164,185,0,3,18,164
0x81c5fc,90.4977%,21,200,221,46,7,14,154
0x917898,86%,21,129,150,5,16,5,124
0x6083ad,83.3333%,21,105,126,105,21,0,0
0x49ffe3,73.4177%,21,58,79,30,7,14,28
0x983abf,67.1875%,21,43,64,7,10,11,36
0xa89577,76.9231%,21,70,91,6,15,6,64
0xa45ea9,67.1875%,21,43,64,43,21,0,0
0x5ec2b7,61.1111%,21,33,54,10,21,0,23
0x9e76e8,94.75%,21,379,400,379,21,0,0
0x9e3d50,92.7336%,21,268,289,107,8,13,161
0x944309,95.5882%,21,455,476,20,4,17,435
0xa96905,90%,21,189,210,52,9,12,137
0x409c43,73.0769%,21,57,78,57,21,0,0
0x9a96ab,32.2581%,21,10,31,10,21,0,0
0x493737,75.8621%,21,66,87,66,21,0,0
0xa0279a,98.4881%,21,1368,1389,0,0,21,1368
0x405a77,95.1389%,21,411,432,0,0,21,411
0x6809e1,95.723%,21,470,491,0,0,21,470
0x7a1200,27.5862%,21,8,29,8,21,0,0
0xa39e04,98.3933%,21,1286,1307,0,10,11,1286
0x4a0193,79.2079%,21,80,101,0,0,21,80
0xa02616,88.1356%,21,156,177,0,0,21,156
0x90aaa7,97.8148%,21,940,961,940,21,0,0
0x811d69,87.3494%,21,145,166,0,0,21,145
0x911960,98.863%,21,1826,1847,1826,21,0,0
0x918e37,89.5%,21,179,200,179,21,0,0
0x9093bc,99.4343%,21,3691,3712,3691,21,0,0
0x901241,88.4615%,21,161,182,159,6,15,2
0x504bce,44.7368%,21,17,38,17,21,0,0
0x4a1ce8,84.0909%,21,111,132,111,21,0,0
0x9fe664,47.5%,21,19,40,19,21,0,0
0x5095cd,86.875%,21,139,160,139,21,0,0
0x591b91,80.9091%,21,89,110,0,1,20,89
0x488a72,98.665%,21,1552,1573,0,0,21,1552
0x508ba8,97.1622%,21,719,740,154,12,9,565
0x551d65,88.3978%,21,160,181,160,21,0,0
0xa571b7,48.7805%,21,20,41,12,15,6,8
0xa3fd1c,62.5%,21,35,56,4,20,1,31
0x8e3d87,86.7925%,21,138,159,0,0,21,138
0x54ef7b,51.1628%,21,22,43,0,0,21,22
0x534b15,74.0741%,21,60,81,60,21,0,0
0xb1b9cb,97.9104%,21,984,1005,984,21,0,0
0xa50467,91.8288%,21,236,257,0,4,17,236
0x58c219,93.3962%,21,297,318,297,21,0,0
0xa554a5,83.8462%,21,109,130,0,0,21,109
0x8d9be3,94.3243%,21,349,370,0,0,21,349
0xa42170,97.9351%,21,996,1017,628,13,8,368
0x5b027f,95.8824%,21,489,510,0,0,21,489
0xa91065,75.5814%,21,65,86,51,17,4,14
0xa360db,93.0233%,21,280,301,174,10,11,106
0x977d94,91.6%,21,229,250,104,15,6,125
0x96b19a,97.6847%,21,886,907,0,0,21,886
0x808ebd,97.5089%,21,822,843,822,19,2,0
0xb302a7,98.5527%,21,1430,1451,0,0,21,1430
0x5ae4c3,48.7805%,21,20,41,20,21,0,0
0x5561e0,91.5323%,21,227,248,226,19,2,1
0x543b69,89.9522%,21,188,209,22,0,21,166
0x5b9bb4,75.8621%,21,66,87,3,11,10,63
0x9a8ad0,93.6556%,21,310,331,310,21,0,0
0x9e8680,73.4177%,21,58,79,0,0,21,58
0xb2eb37,99.7266%,21,7660,7681,7660,21,0,0
0x9fafd5,94.6292%,21,370,391,370,21,0,0
0x54123c,88.7701%,21,166,187,0,0,21,166
0xa5c8d5,71.6216%,21,53,74,45,11,10,8
0xa91c47,79.2079%,21,80,101,0,0,21,80
0xa41b18,92.1348%,21,246,267,0,0,21,246
0xaa461c,78.7879%,21,78,99,0,0,21,78
0x9785ad,87.7907%,21,151,172,96,21,0,55
0x4c4034,89.7059%,21,183,204,0,0,21,183
0x670783,94.4444%,21,357,378,357,14,7,0
0x548266,97.3485%,21,771,792,0,0,21,771
0x540b51,94.2466%,21,344,365,11,4,17,333
0x4036c2,97.0833%,21,699,720,0,0,21,699
0x50a0c0,72.3684%,21,55,76,6,8,13,49
0xa02fca,69.1176%,21,47,68,47,21,0,0
0x9ea6c1,88.9474%,21,169,190,169,21,0,0
0x50f9cb,98.0556%,21,1059,1080,1059,21,0,0
0x9ed82a,67.1875%,21,43,64,43,21,0,0
0xa54216,90.411%,21,198,219,96,11,10,102
0x53a30b,63.7931%,21,37,58,23,19,2,14
0x8b9867,99.7835%,21,9678,9699,0,0,21,9678
0x65b973,99.5453%,21,4597,4618,0,2,19,4597
0x538914,65%,21,39,60,39,21,0,0
0x441477,96.3918%,21,561,582,0,0,21,561
0x556f1e,61.8182%,21,34,55,14,13,8,20
0xa32a59,98.3399%,21,1244,1265,0,0,21,1244
0x9f1729,76.6667%,21,69,90,0,0,21,69
0x9f03b4,94.517%,21,362,383,0,0,21,362
0x8d41f3,61.1111%,21,33,54,33,20,1,0
0x90fd82,92.5%,21,259,280,4,12,9,255
0x901732,88.7701%,21,166,187,166,21,0,0
0x8ef44a,94.8655%,21,388,409,0,0,21,388
0x60de10,80.7339%,21,88,109,13,15,6,75
0x9a9236,91.5323%,21,227,248,0,0,21,227
0x5038b8,54.3478%,21,25,46,24,14,7,1
0x8b9f7e,97.7683%,21,920,941,920,21,0,0
0x50eecc,74.6988%,21,62,83,60,14,7,2
0x485ee5,47.5%,21,19,40,19,4,17,0
0x670642,48.7805%,21,20,41,7,14,7,13
0xa360df,95.1501%,21,412,433,107,9,12,305
0x785075,25%,21,7,28,7,21,0,0
0x9ab58f,89.5%,21,179,200,0,0,21,179
0x8dda07,98.6867%,21,1578,1599,1513,8,13,65
0x40e294,98.0734%,21,1069,1090,1069,18,3,0
0x49c729,95.4048%,21,436,457,0,8,13,436
0x53a3f1,99.7426%,21,8137,8158,0,0,21,8137
0x984425,68.1818%,21,45,66,45,21,0,0
0x5342aa,79.2079%,21,80,101,0,0,21,80
0xa4819b,91.1765%,21,217,238,172,21,0,45
0x977fa3,92.2794%,21,251,272,116,17,4,135
0x557d71,71.2329%,21,52,73,40,7,14,12
0x903ff7,87.1951%,21,143,164,0,0,21,143
0x81c040,93.578%,21,306,327,0,11,10,306
0xa02d5e,88.3978%,21,160,181,0,0,21,160
0x81a176,76.9231%,21,70,91,0,1,20,70
0x58d2c1,77.1739%,21,71,92,21,9,12,50
0x5c70bd,94.1667%,21,339,360,24,4,17,315
0x9f5bfa,47.5%,21,19,40,19,9,12,0
0x59114b,86.0927%,21,130,151,51,7,14,79
0xa275fb,77.1739%,21,71,92,71,21,0,0
0x64adfe,99.2288%,21,2702,2723,2702,21,0,0
0x8d32fa,58.8235%,21,30,51,10,17,4,20
0x4c1b21,64.4068%,21,38,59,37,21,0,1
0x5fc761,82.5%,21,99,120,99,19,2,0
0x9a7016,40%,21,14,35,4,5,16,10
0x96a5da,70.8333%,21,51,72,51,19,2,0
0xa59054,82.3529%,21,98,119,90,20,1,8
0x8b98ba,99.838%,21,12943,12964,0,0,21,12943
0x805586,76.4045%,21,68,89,4,15,6,64
0x4886bb,97.067%,21,695,716,317,3,18,378
0x590465,95.1163%,21,409,430,0,0,21,409
0x5e0339,85.5172%,21,124,145,0,0,21,124
0x51b986,80.3738%,21,86,107,86,21,0,0
0x66f692,56.25%,21,27,48,17,14,7,10
0x8b96fc,99.8934%,21,19671,19692,0,2,19,19671
0x80bd0b,87.4251%,21,146,167,56,10,11,90
0x54efa6,51.1628%,21,22,43,12,16,5,10
0x9ec9f8,86.1842%,21,131,152,0,0,21,131
0xa586c8,87.3494%,21,145,166,144,14,7,1
0x4a0453,65%,21,39,60,27,17,4,12
0xa941ed,83.7209%,21,108,129,69,20,1,39
0x545aac,99.2419%,21,2749,2770,2,5,16,2747
0x54f337,97.931%,21,994,1015,0,0,21,994
0x55915c,94.9519%,21,395,416,7,9,12,388
0x5c568c,90.583%,21,202,223,0,0,21,202
0x9c3ed5,75.5814%,21,65,86,0,0,21,65
0xa97ee5,81.5789%,21,93,114,91,9,12,2
0x61153e,67.6923%,21,44,65,0,0,21,44
0x542382,90.411%,21,198,219,198,21,0,0
0xa48492,62.5%,21,35,56,35,21,0,0
0x81e8ba,97.8148%,21,940,961,940,17,4,0
0xa968fa,90.708%,21,205,226,0,16,5,205
0x539103,96.4706%,21,574,595,574,19,2,0
0x538fdf,84.0909%,21,111,132,99,7,14,12
0xa58397,95.1163%,21,409,430,0,4,17,409
0x8c8650,89.2308%,21,174,195,97,18,3,77
0x9f4ec6,82.6446%,21,100,121,100,21,0,0
0x837604,75.5814%,21,65,86,16,17,4,49
0x8f2fb9,93.4169%,21,298,319,0,0,21,298
0x4bf7f0,75.5814%,21,65,86,0,0,21,65
0xa90ae6,74.3902%,21,61,82,61,12,9,0
0x9f4fb5,90.7489%,21,206,227,37,21,0,169
0xa448c2,71.4286%,20,50,70,3,15,5,47
0x647c48,53.4884%,20,23,43,0,0,20,23
0x58e453,50%,20,20,40,20,20,0,0
0x7d2d7b,96.7585%,20,597,617,254,10,10,343
0x9f7b6e,79.5918%,20,78,98,78,7,13,0
0x81bdac,91.1504%,20,206,226,0,2,18,206
0xb2ec04,71.4286%,20,50,70,50,20,0,0
0x8f6a17,97.2752%,20,714,734,0,0,20,714
0x9e3cfa,51.2195%,20,21,41,20,19,1,1
0x901ab3,92.0635%,20,232,252,0,2,18,232
0x8e1538,99.6284%,20,5362,5382,0,0,20,5362
0x819b3c,66.6667%,20,40,60,21,5,15,19
0x5ffe05,77.5281%,20,69,89,69,20,0,0
0x9a9416,66.6667%,20,40,60,0,20,0,40
0x908980,97.9188%,20,941,961,941,20,0,0
0x8da542,98.2487%,20,1122,1142,1122,20,0,0
0x9c3e5c,62.963%,20,34,54,34,20,0,0
0x80a51e,96.4349%,20,541,561,0,0,20,541
0x49196b,72.2222%,20,52,72,0,7,13,52
0x58f82b,97.5845%,20,808,828,739,15,5,69
0xa57c76,51.2195%,20,21,41,10,4,16,11
0xa5842b,84.4961%,20,109,129,109,10,10,0
0x8eeb88,95.5654%,20,431,451,0,0,20,431
0x50a6f1,77.7778%,20,70,90,0,20,0,70
0xa56f46,72.2222%,20,52,72,0,0,20,52
0xa60c6a,91.5612%,20,217,237,0,0,20,217
0x4a6c34,52.381%,20,22,42,22,20,0,0
0xab32c3,89.5833%,20,172,192,4,16,4,168
0x8f6abe,94.0476%,20,316,336,0,0,20,316
0x9e03ee,97.7629%,20,874,894,55,4,16,819
0xa917f0,37.5%,20,12,32,9,8,12,3
0x50b95d,50%,20,20,40,20,20,0,0
0xb2e855,71.4286%,20,50,70,3,16,4,47
0x99adb1,90.3846%,20,188,208,24,6,14,164
0x8ec3fe,92.4528%,20,245,265,0,11,9,245
0x8f26f8,95.5654%,20,431,451,431,20,0,0
0x5912e5,91.8699%,20,226,246,0,0,20,226
0x9e730d,93.4426%,20,285,305,273,18,2,12
0x9eb764,88.024%,20,147,167,21,18,2,126
0x535685,87.0968%,20,135,155,135,20,0,0
0x8ab0ba,97.6636%,20,836,856,0,0,20,836
0xa06706,55.5556%,20,25,45,20,11,9,5
0x9f3335,91.342%,20,211,231,211,20,0,0
0x902594,98.8214%,20,1677,1697,1677,20,0,0
0x494c0b,53.4884%,20,23,43,7,8,12,16
0xa328c4,54.5455%,20,24,44,23,20,0,1
0xa54def,87.1795%,20,136,156,6,7,13,130
0x50a97c,44.4444%,20,16,36,0,0,20,16
0xa03804,99.6246%,20,5308,5328,5308,20,0,0
0x8f18d0,89.5833%,20,172,192,0,9,11,172
0x4a784d,62.2642%,20,33,53,33,20,0,0
0x7ce8da,98.7063%,20,1526,1546,245,18,2,1281
0x8e9f77,98.8208%,20,1676,1696,0,12,8,1676
0xa553cf,87.1795%,20,136,156,5,8,12,131
0x49c608,95.6236%,20,437,457,437,20,0,0
0x835dc2,47.3684%,20,18,38,2,16,4,16
0x981458,74.026%,20,57,77,57,18,2,0
0x90d4dd,96.6611%,20,579,599,0,0,20,579
0xb34473,84.375%,20,108,128,0,0,20,108
0x983a53,68.75%,20,44,64,1,16,4,43
0x65bbb0,96.0396%,20,485,505,0,0,20,485
0x49ec21,93.7888%,20,302,322,0,0,20,302
0x58d8ca,90.4306%,20,189,209,0,0,20,189
0x8f2fe9,76.1905%,20,64,84,27,17,3,37
0xa941ab,90.3382%,20,187,207,187,20,0,0
0x60dbc0,92.7007%,20,254,274,0,0,20,254
0x722a5f,75.3086%,20,61,81,0,0,20,61
0x495dd0,47.3684%,20,18,38,5,14,6,13
0x51293b,93.921%,20,309,329,309,20,0,0
0xaab136,99.2257%,20,2563,2583,0,0,20,2563
0xa91ada,94.4904%,20,343,363,0,0,20,343
0x9a46c0,93.1271%,20,271,291,0,0,20,271
0x404716,96.7846%,20,602,622,598,16,4,4
0x902d3d,97.7064%,20,852,872,852,20,0,0
0x8165ad,60.7843%,20,31,51,4,8,12,27
0x8bb445,94.8849%,20,371,391,0,0,20,371
0x780620,93.8272%,20,304,324,296,20,0,8
0x8f55b0,98.8256%,20,1683,1703,1683,20,0,0
0x4ba225,90.6977%,20,195,215,0,0,20,195
0x903f15,76.1905%,20,64,84,44,6,14,20
0x99da6d,44.4444%,20,16,36,0,0,20,16
0x9e1010,75%,20,60,80,27,4,16,33
0x495883,77.0115%,20,67,87,3,3,17,64
0x901c99,91.453%,20,214,234,0,0,20,214
0x8fe8c9,87.1795%,20,136,156,0,0,20,136
0x542b13,99.0338%,20,2050,2070,2050,20,0,0
0x80e9a0,96.1977%,20,506,526,16,14,6,490
0x81e234,99.8245%,20,11375,11395,11374,20,0,1
0x81e6a5,96.3834%,20,533,553,65,13,7,468
0x590675,98.8325%,20,1693,1713,0,0,20,1693
0x981490,73.6842%,20,56,76,15,12,8,41
0x8e7ec7,93.9577%,20,311,331,311,20,0,0
0x9e019f,77.0115%,20,67,87,0,0,20,67
0x97a65a,44.4444%,20,16,36,14,14,6,2
0x5a9181,31.0345%,20,9,29,9,20,0,0
0xa3a166,97.2376%,20,704,724,704,20,0,0
0x5b0e7a,64.2857%,20,36,56,0,1,19,36
0x9e73f6,90.7834%,20,197,217,65,16,4,132
0x490345,62.963%,20,34,54,6,15,5,28
0x4a7013,91.1504%,20,206,226,162,4,16,44
0x539099,84.8485%,20,112,132,109,19,1,3
0x90adbb,86.5772%,20,129,149,110,9,11,19
0x819cef,98.5185%,20,1330,1350,1322,8,12,8
0x9f4e9c,88.5714%,20,155,175,45,9,11,110
0x6279d0,98.6264%,20,1436,1456,0,0,20,1436
0x67f6f3,81.1321%,20,86,106,0,0,20,86
0x542da9,98.9356%,20,1859,1879,0,0,20,1859
0x49fafc,85.9155%,20,122,142,120,17,3,2
0x610220,39.3939%,20,13,33,13,20,0,0
0xa39de6,98.4698%,20,1287,1307,0,0,20,1287
0x5489e1,39.3939%,20,13,33,10,17,3,3
0x4a0252,85.5072%,20,118,138,0,0,20,118
0x48e788,99.5519%,20,4443,4463,815,7,13,3628
0xa55068,93.311%,20,279,299,2,6,14,277
0x5118da,99.3723%,20,3166,3186,3166,20,0,0
0x50a112,64.2857%,20,36,56,29,18,2,7
0xa508c4,96.0474%,20,486,506,486,16,4,0
0x404b2c,83.3333%,20,100,120,0,0,20,100
0x4a1bbe,99.2349%,20,2594,2614,0,0,20,2594
0xa2e208,77.5281%,20,69,89,69,16,4,0
0x9e3f00,45.9459%,20,17,37,17,20,0,0
0x8b94c5,98.9935%,20,1967,1987,0,0,20,1967
0x50708b,97.2973%,20,720,740,720,20,0,0
0x51b424,99.1827%,20,2427,2447,0,0,20,2427
0x40455d,97.2565%,20,709,729,709,20,0,0
0x5058c0,79.798%,20,79,99,1,0,20,78
0x90a942,75.9036%,20,63,83,63,20,0,0
0x90bb47,98.2517%,20,1124,1144,1113,9,11,11
0x50e595,53.4884%,20,23,43,23,0,20,0
0x5f768b,84%,20,105,125,77,18,2,28
0x9ed5ca,92.278%,20,239,259,239,14,6,0
0x7c7ba7,79.3814%,20,77,97,0,0,20,77
0x9a23f6,64.9123%,20,37,57,0,17,3,37
0x48d0fa,51.2195%,20,21,41,17,18,2,4
0x64af23,68.75%,20,44,64,44,20,0,0
0x8e7948,91.0714%,20,204,224,204,20,0,0
0xa58a6f,85.5072%,20,118,138,0,0,20,118
0x8e4bed,99.4287%,20,3481,3501,0,12,8,3481
0x90d17b,96.6611%,20,579,599,579,20,0,0
0x8fcbc7,98.5152%,20,1327,1347,2,0,20,1325
0xa2d6bf,92.9329%,20,263,283,0,0,20,263
0x501f19,91.5966%,20,218,238,218,20,0,0
0x6191a0,94.4134%,20,338,358,0,0,20,338
0xaa0364,83.4711%,20,101,121,0,0,20,101
0x4c3ca7,88.0952%,20,148,168,0,0,20,148
0x54549c,85.0746%,20,114,134,0,0,20,114
0x5088ae,96.2477%,20,513,533,513,20,0,0
0x609dc7,89.6907%,20,174,194,0,0,20,174
0x818b14,99.115%,20,2240,2260,0,0,20,2240
0xa91c8f,93.2886%,20,278,298,0,0,20,278
0x541bef,68.254%,20,43,63,5,4,16,38
0x8d9b4c,94.5946%,20,350,370,350,20,0,0
0x6431fe,92.4812%,20,246,266,0,0,20,246
0x5454aa,85.0746%,20,114,134,75,8,12,39
0x80c036,86.3014%,20,126,146,81,12,8,45
0x50aa0c,81.982%,20,91,111,0,0,20,91
0x4c3bc2,88.0952%,20,148,168,148,20,0,0
0x5fc218,58.3333%,20,28,48,2,12,8,26
0x9aa674,89.5288%,20,171,191,119,8,12,52
0xa25b84,98.0257%,20,993,1013,0,0,20,993
0x8e419d,91.8699%,20,226,246,226,20,0,0
0xa32881,85.0746%,20,114,134,3,7,13,111
0x5ff783,95.8506%,20,462,482,462,12,8,0
0x5c6cda,96.5695%,20,563,583,0,0,20,563
0x61155c,69.2308%,20,45,65,24,8,12,21
0x5ff5f8,80.198%,20,81,101,42,11,9,39
0x5fab0a,83.4711%,20,101,121,97,8,12,4
0xa5ce8e,87.8788%,20,145,165,30,9,11,115
0x40438d,93.5065%,20,288,308,288,20,0,0
0x5bd97e,98.9594%,20,1902,1922,2,3,17,1900
0x4bc7ad,78.7234%,20,74,94,42,10,10,32
0x60dbc8,92.7007%,20,254,274,31,7,13,223
0x8bcf30,93.9759%,20,312,332,0,0,20,312
0xa90364,86.755%,20,131,151,7,13,7,124
0xa8fb9b,91.0714%,20,204,224,204,20,0,0
0x541ef0,94.5055%,20,344,364,344,20,0,0
0x7ac06b,84.9624%,20,113,133,6,10,10,107
0x8f1925,58.3333%,20,28,48,28,20,0,0
0x50ee87,87.1795%,20,136,156,4,8,12,132
0x815c59,91.8699%,20,226,246,198,7,13,28
0x5be275,76.4706%,20,65,85,65,20,0,0
0x5c44d2,97.3154%,20,725,745,725,20,0,0
0x8f5834,78.9474%,20,75,95,0,4,16,75
0x53c4a2,96.1464%,20,499,519,375,14,6,124
0x81e4c4,99.0548%,20,2096,2116,2096,7,13,0
0x48e90a,28.5714%,20,8,28,2,20,0,6
0x4bc696,54.5455%,20,24,44,0,0,20,24
0x4b6ea3,57.4468%,20,27,47,22,9,11,5
0x4bbac1,90.2439%,20,185,205,1,0,20,184
0x9f986c,78.022%,20,71,91,2,4,16,69
0x8be448,97.8284%,20,901,921,891,12,8,10
0x5f7a16,90.3382%,20,187,207,174,1,19,13
0x5110bf,99.4701%,20,3754,3774,3754,20,0,0
0xa5555a,88.3721%,20,152,172,152,20,0,0
0x96b192,97.7949%,20,887,907,0,0,20,887
0xa2a908,82.3009%,20,93,113,93,20,0,0
0x7d40ad,96.2547%,20,514,534,475,6,14,39
0xa25693,97.936%,20,949,969,0,0,20,949
0x901bb5,88.1657%,20,149,169,149,15,5,0
0x9f6527,88.8268%,20,159,179,0,0,20,159
0x80680a,50%,20,20,40,6,6,14,14
0x8e01d8,98.6746%,20,1489,1509,4,6,14,1485
0x9e29ab,89.071%,20,163,183,0,10,10,163
0x58df3f,85.6115%,20,119,139,119,20,0,0
0x58d418,64.9123%,20,37,57,29,16,4,8
0x7dfb1f,75.9036%,20,63,83,0,0,20,63
0x804b97,91.3793%,20,212,232,209,6,14,3
0x496330,56.5217%,20,26,46,25,9,11,1
0x94d8cd,97.351%,20,735,755,735,20,0,0
0x7d186b,96.2825%,20,518,538,55,16,4,463
0xa52332,78.9474%,20,75,95,0,0,20,75
0x816b55,99.0809%,20,2156,2176,1333,1,19,823
0x9aae05,45.9459%,20,17,37,0,0,20,17
0x944ff4,94.2363%,20,327,347,0,0,20,327
0x404b70,83.3333%,20,100,120,98,13,7,2
0x9d0939,80.3922%,20,82,102,32,19,1,50
0x591f15,99.4705%,20,3757,3777,19,2,18,3738
0x667463,55.5556%,20,25,45,0,0,20,25
0xa501b9,86.4865%,20,128,148,3,14,6,125
0x50ac85,69.2308%,20,45,65,34,10,10,11
0x8e3368,94.2197%,20,326,346,324,6,14,2
0xa553cb,82.4561%,20,94,114,87,1,19,7
0x591c50,86.8421%,20,132,152,132,20,0,0
0x8a7661,92.2179%,20,237,257,237,20,0,0
0xa9045b,82.4561%,20,94,114,0,0,20,94
0x8bd5ee,99.0672%,20,2124,2144,0,10,10,2124
0xa2dfec,76.7442%,20,66,86,49,19,1,17
0x9aa105,62.963%,20,34,54,14,7,13,20
0xa5eb5d,23.0769%,20,6,26,6,20,0,0
0xa9cf71,74.026%,20,57,77,56,19,1,1
0x51af8b,94.5355%,20,346,366,61,14,6,285
0x4a768a,74.359%,20,58,78,0,0,20,58
0xa50ee1,87.8788%,20,145,165,140,8,12,5
0x8aa932,99.4154%,20,3401,3421,3401,20,0,0
0x94d954,96.769%,20,599,619,599,20,0,0
0xaa151b,62.963%,20,34,54,0,0,20,34
0x90a3f2,93.5065%,20,288,308,121,11,9,167
0x814582,74.026%,20,57,77,26,6,14,31
0xb1c897,98.01%,20,985,1005,985,20,0,0
0x8f4c1f,50%,20,20,40,0,0,20,20
0x5c6add,89.899%,20,178,198,177,20,0,1
0x8a8ba3,51.2195%,20,21,41,9,8,12,12
0x8eb00d,72.2222%,20,52,72,22,9,11,30
0x4c7007,39.3939%,20,13,33,13,20,0,0
0x8e1519,98.995%,20,1970,1990,0,0,20,1970
0xa55ed4,57.4468%,20,27,47,18,4,16,9
0x7c66b3,89.7436%,20,175,195,31,0,20,144
0x4b6e3b,28.5714%,20,8,28,8,20,0,0
0x49fb68,95.2719%,20,403,423,0,0,20,403
0x81f223,98.9627%,20,1908,1928,0,0,20,1908
0x8ff08a,77.2727%,20,68,88,0,0,20,68
0xa02dbf,81.3084%,20,87,107,87,20,0,0
0x53896e,98.8656%,20,1743,1763,1743,20,0,0
0x48e029,79.5918%,20,78,98,8,8,12,70
0x4c6eea,75.9036%,20,63,83,36,14,6,27
0x94975f,74.6835%,20,59,79,59,20,0,0
0xa3fc97,72.2222%,20,52,72,12,4,16,40
0x550ee4,59.1837%,20,29,49,12,11,9,17
0x97812d,84.9624%,20,113,133,0,0,20,113
0x66f58f,31.0345%,20,9,29,9,20,0,0
0x8ec96a,98.5795%,20,1388,1408,1388,16,4,0
0x489535,81.6514%,20,89,109,89,20,0,0
0x99e9d4,80.9524%,20,85,105,84,6,14,1
0x492a85,87.8788%,20,145,165,145,0,20,0
0x5ec2b2,62.963%,20,34,54,0,0,20,34
0xa48ce8,88.024%,20,147,167,0,0,20,147
0x533b93,96.7427%,20,594,614,0,0,20,594
0x8f35d4,23.0769%,20,6,26,0,0,20,6
0xa41a93,99.3072%,20,2867,2887,2867,20,0,0
0xa45c5a,98.358%,20,1198,1218,0,0,20,1198
0x5af002,97.0326%,20,654,674,0,0,20,654
0x591096,91.9028%,20,227,247,0,0,20,227
0xa58da6,82.7586%,20,96,116,0,0,20,96
0x537390,84.375%,20,108,128,108,20,0,0
0x8b9bd2,99.7858%,20,9317,9337,9317,20,0,0
0xa450d7,94.9749%,20,378,398,0,0,20,378
0x51091b,96.8304%,20,611,631,0,0,20,611
0x5108e1,93.8838%,20,307,327,0,0,20,307
0xa90606,64.9123%,20,37,57,0,0,20,37
0x40424e,95.7895%,20,455,475,0,0,20,455
0x90053b,99.9172%,20,24135,24155,0,0,20,24135
0x48f068,84.4961%,20,109,129,37,4,16,72
0x48eb30,92.0949%,20,233,253,5,1,19,228
0x8e9407,98.5836%,20,1392,1412,1392,18,2,0
0xa8a885,75.9036%,20,63,83,32,19,1,31
0x8ad6e8,77.5281%,20,69,89,69,18,2,0
0x54eddc,53.4884%,20,23,43,0,0,20,23
0x9c3f8d,95.7082%,20,446,466,446,20,0,0
0x835d02,47.3684%,20,18,38,18,20,0,0
0x6389df,98.3389%,20,1184,1204,1184,20,0,0
0xa94474,76.7442%,20,66,86,0,0,20,66
0x63c5fb,97.9188%,20,941,961,0,0,20,941
0x543011,94.5055%,20,344,364,4,4,16,340
0x409b69,74.359%,20,58,78,52,4,16,6
0xa45ce1,84.375%,20,108,128,46,18,2,62
0x8ed171,98.3673%,20,1205,1225,1205,20,0,0
0x550e57,41.1765%,20,14,34,0,0,20,14
0x978514,95.8763%,20,465,485,0,0,20,465
0xa30583,88.2353%,20,150,170,150,16,4,0
0x94d9f4,44.4444%,20,16,36,6,4,16,10
0x90bbc8,98.2175%,20,1102,1122,0,0,20,1102
0x784025,96.7794%,20,601,621,600,18,2,1
0x5d1a4b,81.8182%,20,90,110,36,12,8,54
0xa4374a,95.283%,20,404,424,282,8,12,122
0x4c8b1e,84.9624%,20,113,133,113,20,0,0
0x65a2fc,99.2535%,20,2659,2679,2621,10,10,38
0xa54182,97.1182%,20,674,694,672,18,2,2
0x8aa862,97.2789%,20,715,735,0,0,20,715
0x782106,94.6381%,20,353,373,0,0,20,353
0x8ef43c,95.4442%,20,419,439,26,4,16,393
0x94ae3f,96.4539%,20,544,564,544,20,0,0
0x8fde60,82.3009%,20,93,113,0,1,19,93
0x942918,73.3333%,20,55,75,55,20,0,0
0x8ffa96,98.672%,20,1486,1506,1486,20,0,0
0x5b3090,55.5556%,20,25,45,24,17,3,1
0x9c3f3f,76.7442%,20,66,86,4,11,9,62
0x4ca064,97.8655%,20,917,937,909,20,0,8
0x9f0bb1,77.7778%,20,70,90,70,20,0,0
0x6616c3,95.8333%,20,460,480,54,4,16,406
0x4a7b77,93.9577%,20,311,331,42,9,11,269
0x8a51ca,90.7834%,20,197,217,0,0,20,197
0x60961a,75.9036%,20,63,83,63,20,0,0
0x8ecb50,98.3832%,20,1217,1237,261,8,12,956
0x9a1452,90.1478%,20,183,203,183,20,0,0
0x5e5ebe,98.6746%,20,1489,1509,493,13,7,996
0x555716,91.9355%,20,228,248,0,0,20,228
0x5e5f0f,98.006%,20,983,1003,983,20,0,0
0x551da2,88.9503%,20,161,181,158,14,6,3
0x5f0699,75%,20,60,80,2,10,10,58
0x8a97eb,99.8468%,20,13032,13052,13032,20,0,0
0xa980d1,86.5772%,20,129,149,0,0,20,129
0x9f5a3e,73.3333%,20,55,75,51,20,0,4
0x97753b,89.6907%,20,174,194,174,20,0,0
0x6387ae,99.4677%,20,3737,3757,3736,10,10,1
0x48ddd4,89.899%,20,178,198,178,20,0,0
0x4c222c,86.755%,20,131,151,131,20,0,0
0x8f1041,50%,20,20,40,0,0,20,20
0x9f6883,94.6381%,20,353,373,29,7,13,324
0x5c338e,83.3333%,20,100,120,68,12,8,32
0x40cf15,76.7442%,20,66,86,66,20,0,0
0x40aa26,62.963%,20,34,54,11,15,5,23
0x9777a8,97.7324%,20,862,882,0,7,13,862
0x48eb1a,88.6364%,20,156,176,155,15,5,1
0x98cb86,90.4762%,20,190,210,2,19,1,188
0x53a47a,52.381%,20,22,42,12,17,3,10
0x6435b3,51.2821%,19,20,39,0,0,19,20
0x8e39c5,40.625%,19,13,32,13,19,0,0
0xa399f5,96.9355%,19,601,620,601,19,0,0
0x9e73e1,95.25%,19,381,400,0,0,19,381
0x49db88,50%,19,19,38,19,19,0,0
0x94e200,95.3771%,19,392,411,392,19,0,0
0x8ed952,96.8801%,19,590,609,590,19,0,0
0x58ba54,83.8983%,19,99,118,0,4,15,99
0x9fb2d1,53.6585%,19,22,41,22,19,0,0
0x8f31c8,99.259%,19,2545,2564,2545,19,0,0
0x949faa,91.4798%,19,204,223,204,19,0,0
0x481eff,50%,19,19,38,15,4,15,4
0x8dd983,56.8182%,19,25,44,3,11,8,22
0x9c4250,94.2771%,19,313,332,313,19,0,0
0xa265f4,98.1244%,19,994,1013,0,0,19,994
0xa15a1b,95.9574%,19,451,470,0,0,19,451
0x94b5c0,75.9494%,19,60,79,60,19,0,0
0x7efdb7,88.6905%,19,149,168,149,19,0,0
0x833eb2,94.9198%,19,355,374,0,8,11,355
0x9e3d6c,89.0805%,19,155,174,155,19,0,0
0x8a9818,99.8544%,19,13033,13052,13033,19,0,0
0x5faca3,97.4801%,19,735,754,735,19,0,0
0x63a695,48.6486%,19,18,37,18,19,0,0
0x8f3620,95.297%,19,385,404,0,12,7,385
0x8a900f,99.319%,19,2771,2790,2771,15,4,0
0x54370e,44.1176%,19,15,34,6,2,17,9
0x8e0297,96.4015%,19,509,528,507,17,2,2
0x547a93,94.3787%,19,319,338,0,0,19,319
0x835da7,50%,19,19,38,0,0,19,19
0x834294,88.2716%,19,143,162,143,19,0,0
0x8196a7,99.7327%,19,7090,7109,7090,7,12,0
0xa3baeb,89.0805%,19,155,174,155,19,0,0
0xaadeae,99.7311%,19,7046,7065,0,0,19,7046
0xa34be7,73.9726%,19,54,73,1,14,5,53
0xa2851c,88.125%,19,141,160,0,0,19,141
0xaa2dba,93.75%,19,285,304,285,19,0,0
0x4996cc,85.0394%,19,108,127,41,12,7,67
0x81edc8,92.3387%,19,229,248,229,19,0,0
0x9eb84e,82.4074%,19,89,108,75,7,12,14
0x5d19bc,82.7273%,19,91,110,91,19,0,0
0x8eec3c,92.9889%,19,252,271,0,0,19,252
0x49db41,97.8676%,19,872,891,872,19,0,0
0xa57b6c,81%,19,81,100,28,14,5,53
0x48ba4d,77.907%,19,67,86,66,18,1,1
0x5f83ab,29.6296%,19,8,27,0,8,11,8
0x7cea3e,98.9989%,19,1879,1898,0,0,19,1879
0x58cd39,62.7451%,19,32,51,0,0,19,32
0x950fe5,95.6322%,19,416,435,2,4,15,414
0x904147,97.2543%,19,673,692,673,19,0,0
0x8a91bd,50%,19,19,38,17,14,5,2
0x54f087,53.6585%,19,22,41,5,8,11,17
0x53375b,50%,19,19,38,14,14,5,5
0x8e71ce,94.2598%,19,312,331,312,19,0,0
0x48bf5f,97.806%,19,847,866,847,9,10,0
0x638ff2,93.1408%,19,258,277,258,1,18,0
0xa3a511,95.3545%,19,390,409,390,9,10,0
0x5af0f8,97.622%,19,780,799,0,0,19,780
0x5b0df9,99.2889%,19,2653,2672,2653,19,0,0
0x90cf63,96.828%,19,580,599,0,0,19,580
0x611564,42.4242%,19,14,33,14,19,0,0
0x403ce9,83.1858%,19,94,113,12,2,17,82
0x9abe1a,89.3258%,19,159,178,80,4,15,79
0x80e638,95.6621%,19,419,438,348,17,2,71
0x8c85c7,98.4167%,19,1181,1200,34,6,13,1147
0x9e620e,59.5745%,19,28,47,28,19,0,0
0xa942d9,87.9747%,19,139,158,19,5,14,120
0x9edcfb,70.3125%,19,45,64,0,0,19,45
0x5d3eae,85.7143%,19,114,133,114,19,0,0
0x557c6c,92.2131%,19,225,244,0,0,19,225
0x5fd5da,93.5811%,19,277,296,277,19,0,0
0x94439a,75%,19,57,76,57,19,0,0
0x9e14b7,34.4828%,19,10,29,10,19,0,0
0xa46954,91.7391%,19,211,230,211,19,0,0
0xa9b843,91.7031%,19,210,229,2,13,6,208
0x4ba33f,94.1718%,19,307,326,292,2,17,15
0x556ff2,77.6471%,19,66,85,3,6,13,63
0xaa3af9,66.6667%,19,38,57,27,11,8,11
0x8ef92b,95.7871%,19,432,451,0,0,19,432
0x7a0f86,45.7143%,19,16,35,0,0,19,16
0x81390a,56.8182%,19,25,44,6,7,12,19
0x481071,50%,19,19,38,8,11,8,11
0x49ec5a,88.1988%,19,142,161,0,0,19,142
0x50adc5,82.5688%,19,90,109,90,19,0,0
0x53496f,71.2121%,19,47,66,42,15,4,5
0x9a9e10,64.8148%,19,35,54,15,14,5,20
0x538d70,85.6061%,19,113,132,112,17,2,1
0x5ff37b,81.3725%,19,83,102,63,5,14,20
0x58d11a,88.4146%,19,145,164,0,0,19,145
0x51c79b,98.418%,19,1182,1201,1182,19,0,0
0x8aa8b1,97.415%,19,716,735,716,19,0,0
0xb2463b,99.8403%,19,11880,11899,0,0,19,11880
0x9e00be,98.2309%,19,1055,1074,0,0,19,1055
0x8ed765,97.983%,19,923,942,0,0,19,923
0x7b7fc0,85.6061%,19,113,132,7,9,10,106
0x48de13,87.4172%,19,132,151,132,19,0,0
0x942beb,74.6667%,19,56,75,0,0,19,56
0x811e73,97.6744%,19,798,817,0,0,19,798
0x4a78e8,98.1095%,19,986,1005,986,19,0,0
0x49f6cf,75.9494%,19,60,79,20,16,3,40
0x64308a,94.4767%,19,325,344,0,0,19,325
0x5fbd9a,60.4167%,19,29,48,1,13,6,28
0xb17a75,97.3427%,19,696,715,0,0,19,696
0xa94511,29.6296%,19,8,27,8,19,0,0
0x48bfff,86.8056%,19,125,144,125,19,0,0
0x8fccbe,95.9488%,19,450,469,450,19,0,0
0x4897ed,48.6486%,19,18,37,0,0,19,18
0xa5412f,97.2622%,19,675,694,675,19,0,0
0x490c7f,17.3913%,19,4,23,1,5,14,3
0xa4deb0,47.2222%,19,17,36,2,14,5,15
0x8e73a4,94.1176%,19,304,323,304,19,0,0
0xa554fd,78.6517%,19,70,89,70,19,0,0
0x48ed10,66.6667%,19,38,57,29,3,16,9
0x4943e0,72.8571%,19,51,70,46,8,11,5
0xa45455,94.4767%,19,325,344,0,18,1,325
0x8ef67c,87.0748%,19,128,147,106,10,9,22
0xa551ee,93.4708%,19,272,291,272,19,0,0
0x8d23ea,66.0714%,19,37,56,37,19,0,0
0xa33b7f,98.5821%,19,1321,1340,1260,8,11,61
0x815d46,86.3309%,19,120,139,8,2,17,112
0x65a00a,98.9829%,19,1849,1868,1849,19,0,0
0x900898,66.6667%,19,38,57,30,9,10,8
0xa15ee1,91.3636%,19,201,220,197,12,7,4
0xa2d9c9,96.8801%,19,590,609,0,0,19,590
0x5097b9,99.6525%,19,5449,5468,0,0,19,5449
0x5098a5,99.4899%,19,3706,3725,3706,19,0,0
0x48aa7e,99.8631%,19,13858,13877,0,0,19,13858
0x506217,97.0634%,19,628,647,626,10,9,2
0xb180f4,98.6787%,19,1419,1438,0,0,19,1419
0xa4d68f,50%,19,19,38,19,19,0,0
0x48a0a9,99.5163%,19,3909,3928,0,0,19,3909
0x4a01a2,81.1881%,19,82,101,82,19,0,0
0xb313fb,77.907%,19,67,86,49,10,9,18
0x805161,96.332%,19,499,518,499,17,2,0
0xaab844,82.243%,19,88,107,83,16,3,5
0x58bdf9,75%,19,57,76,57,19,0,0
0x53868a,98.6563%,19,1395,1414,0,0,19,1395
0xa3a4f1,96.8227%,19,579,598,579,19,0,0
0x977af9,97.8458%,19,863,882,861,14,5,2
0x64377b,51.2821%,19,20,39,0,0,19,20
0x943cc9,86.3309%,19,120,139,120,9,10,0
0xa41011,57.7778%,19,26,45,26,19,0,0
0x8bd3ac,98.9143%,19,1731,1750,0,0,19,1731
0x511ec9,98.8797%,19,1677,1696,1677,19,0,0
0x9783e3,98.9062%,19,1718,1737,0,0,19,1718
0xa46737,36.6667%,19,11,30,11,19,0,0
0x9aa321,48.6486%,19,18,37,18,19,0,0
0xb4a1a6,97.3757%,19,705,724,0,0,19,705
0x835c31,50%,19,19,38,19,19,0,0
0x4a815d,79.3478%,19,73,92,73,19,0,0
0xa42f9f,67.2414%,19,39,58,36,18,1,3
0xb17bc0,98.2092%,19,1042,1061,0,0,19,1042
0x6809c2,96.1303%,19,472,491,0,0,19,472
0x5fa539,64.8148%,19,35,54,11,3,16,24
0x818d67,88.9535%,19,153,172,153,19,0,0
0x80e6a1,96.1847%,19,479,498,247,2,17,232
0xaa6364,96.2525%,19,488,507,0,0,19,488
0xb1b6ca,98.1095%,19,986,1005,986,19,0,0
0xa55d4b,77.1084%,19,64,83,60,19,0,4
0x505e1d,97.4324%,19,721,740,721,19,0,0
0x5f0578,29.6296%,19,8,27,0,0,19,8
0x9745fe,87.5%,19,133,152,0,0,19,133
0x98b294,91.3636%,19,201,220,201,19,0,0
0x487304,97.2303%,19,667,686,667,19,0,0
0x8e924b,97.0948%,19,635,654,560,5,14,75
0x4b5fc3,82.7273%,19,91,110,0,0,19,91
0x835ccf,50%,19,19,38,18,10,9,1
0x541084,99.79%,19,9028,9047,9028,19,0,0
0x4a6ec2,94.6479%,19,336,355,0,0,19,336
0x542316,91.3242%,19,200,219,0,0,19,200
0x9ab8dd,92.549%,19,236,255,4,16,3,232
0x5c4c22,98.9612%,19,1810,1829,1810,19,0,0
0x90ac80,81%,19,81,100,0,0,19,81
0x9e2fe3,92.7757%,19,244,263,0,0,19,244
0xa307ed,92.803%,19,245,264,77,17,2,168
0xa2d794,93.2862%,19,264,283,263,16,3,1
0xa33e38,92.7203%,19,242,261,207,9,10,35
0x9ee268,69.3548%,19,43,62,27,17,2,16
0x9ea69a,85.1562%,19,109,128,18,10,9,91
0x58c8a3,94.1718%,19,307,326,20,9,10,287
0x77ff3d,88.3436%,19,144,163,1,8,11,143
0x53edc7,87.9747%,19,139,158,139,15,4,0
0x4a6c21,54.7619%,19,23,42,0,0,19,23
0x5127fa,95.4436%,19,398,417,2,18,1,396
0x5e37b0,97.0948%,19,635,654,1,2,17,634
0xa02e53,73.6111%,19,53,72,53,17,2,0
0x5de395,98.469%,19,1222,1241,1222,19,0,0
0x53f124,87.9747%,19,139,158,139,15,4,0
0xa39e5d,67.2414%,19,39,58,39,19,0,0
0x60b373,94.081%,19,302,321,302,19,0,0
0x9f1750,78.8889%,19,71,90,71,19,0,0
0xa43f80,70.3125%,19,45,64,0,0,19,45
0x5c7801,76.25%,19,61,80,61,19,0,0
0x507d3a,47.2222%,19,17,36,14,19,0,3
0x5906e2,93.3099%,19,265,284,264,13,6,1
0x8160e3,81.7308%,19,85,104,49,10,9,36
0x493e0e,51.2821%,19,20,39,9,6,13,11
0x50adf0,86.0294%,19,117,136,0,0,19,117
0x81b34d,94.6779%,19,338,357,269,6,13,69
0x403f13,98.4873%,19,1237,1256,146,12,7,1091
0x4b9deb,97.9348%,19,901,920,6,9,10,895
0x4a1d1b,98.6951%,19,1437,1456,0,0,19,1437
0x499cac,77.907%,19,67,86,67,19,0,0
0x977cfe,93.4932%,19,273,292,0,0,19,273
0xa9b632,84.1667%,19,101,120,100,14,5,1
0xa53f21,82.243%,19,88,107,0,0,19,88
0x49bd58,45.7143%,19,16,35,14,15,4,2
0x507744,56.8182%,19,25,44,3,15,4,22
0xb0a736,96.5766%,19,536,555,536,19,0,0
0x503e7a,66.6667%,19,38,57,27,7,12,11
0x8dfe93,92.6357%,19,239,258,123,7,12,116
0xa429aa,97.9325%,19,900,919,17,11,8,883
0xa3fde7,32.1429%,19,9,28,9,19,0,0
0x5eb8e1,97.7752%,19,835,854,0,0,19,835
0x8f4a53,99.2415%,19,2486,2505,0,0,19,2486
0xa572a5,53.6585%,19,22,41,0,0,19,22
0x816b5e,98.767%,19,1522,1541,183,17,2,1339
0x4038c0,95.1282%,19,371,390,1,2,17,370
0x915724,90.5%,19,181,200,0,0,19,181
0x97a634,86.1314%,19,118,137,94,7,12,24
0x6616e6,93.6667%,19,281,300,190,10,9,91
0xa5429a,92.3077%,19,228,247,227,16,3,1
0x62792b,98.1481%,19,1007,1026,1007,19,0,0
0xa31b90,38.7097%,19,12,31,12,19,0,0
0xa9471e,29.6296%,19,8,27,8,19,0,0
0x550f46,17.3913%,19,4,23,0,17,2,4
0x788bbd,68.3333%,19,41,60,34,19,0,7
0x99e8fe,81.9048%,19,86,105,33,17,2,53
0xaa2e12,96.9355%,19,601,620,601,19,0,0
0x58f8d0,67.2414%,19,39,58,8,3,16,31
0x970ee4,98.7214%,19,1467,1486,0,0,19,1467
0x8dd2db,99.1736%,19,2280,2299,0,0,19,2280
0xaa9f36,29.6296%,19,8,27,0,0,19,8
0x5bc237,93.2862%,19,264,283,0,0,19,264
0x5547af,98.3536%,19,1135,1154,0,0,19,1135
0x8dcae1,99.1736%,19,2280,2299,1505,16,3,775
0x4a1ce2,85.6061%,19,113,132,0,0,19,113
0x9f0a4d,86.4286%,19,121,140,100,8,11,21
0x90ef53,98.9768%,19,1838,1857,1838,19,0,0
0x9f2a15,81.7308%,19,85,104,85,19,0,0
0x4bbcc3,85.2713%,19,110,129,110,19,0,0
0x4a1c4e,99.2731%,19,2595,2614,0,0,19,2595
0x804647,95.3995%,19,394,413,394,17,2,0
0x50591e,76.8293%,19,63,82,63,19,0,0
0x5df24e,97.2662%,19,676,695,0,0,19,676
0x66794b,40.625%,19,13,32,4,12,7,9
0x9a9439,52.5%,19,21,40,15,5,14,6
0x537f53,79.3478%,19,73,92,73,19,0,0
0x4c7050,77.1084%,19,64,83,40,3,16,24
0x81605e,54.7619%,19,23,42,7,2,17,16
0x8bad72,95.7111%,19,424,443,0,0,19,424
0x49f9e2,87.8981%,19,138,157,138,19,0,0
0x98c733,47.2222%,19,17,36,0,0,19,17
0x90c28c,99.1012%,19,2095,2114,2095,19,0,0
0x60e024,80.6122%,19,79,98,9,10,9,70
0x4be404,40.625%,19,13,32,12,16,3,1
0xa5f774,97.1599%,19,650,669,30,10,9,620
0x8150cb,94.2771%,19,313,332,313,9,10,0
0xa2757f,82.7273%,19,91,110,91,19,0,0
0xa58eee,84.0336%,19,100,119,0,0,19,100
0xa58f7f,84.0336%,19,100,119,100,19,0,0
0x4b87cf,32.1429%,19,9,28,3,14,5,6
0x9e54bf,88.7574%,19,150,169,150,19,0,0
0x49ded9,32.1429%,19,9,28,0,0,19,9
0xa3a19a,97.1429%,19,646,665,0,0,19,646
0x4c446e,76.25%,19,61,80,52,8,11,9
0x949f42,91.4798%,19,204,223,204,19,0,0
0xa58d6d,86.9863%,19,127,146,0,0,19,127
0xa3139e,77.6471%,19,66,85,66,19,0,0
0x4c03f5,77.907%,19,67,86,0,0,19,67
0x58d414,79.3478%,19,73,92,26,9,10,47
0x5c571a,48.6486%,19,18,37,12,2,17,6
0x9f57ca,76.25%,19,61,80,37,7,12,24
0xa9c583,90.4523%,19,180,199,180,8,11,0
0x9a30c0,92.9889%,19,252,271,252,18,1,0
0x9f496a,94.5559%,19,330,349,327,18,1,3
0x49e4c6,88.1988%,19,142,161,142,19,0,0
0x8ecb87,72.0588%,19,49,68,49,19,0,0
0x402fc1,72.4638%,19,50,69,50,19,0,0
0x9f688c,94.362%,19,318,337,27,17,2,291
0x9f514d,94.4928%,19,326,345,326,12,7,0
0x4bba7d,83.0357%,19,93,112,0,0,19,93
0x8ed08a,90.2062%,19,175,194,173,12,7,2
0x5baa24,99.0089%,19,1898,1917,2,1,18,1896
0x9fe8ac,52.5%,19,21,40,21,19,0,0
0x8379b4,73.6111%,19,53,72,37,7,12,16
0x63abc5,96.325%,19,498,517,498,19,0,0
0x9f6518,89.3855%,19,160,179,0,0,19,160
0x9f3b6f,50%,19,19,38,5,16,3,14
0x8106d6,96.5074%,19,525,544,506,4,15,19
0x990a1d,92.549%,19,236,255,236,19,0,0
0x9e2c78,17.3913%,19,4,23,0,0,19,4
0x48e5e7,60.4167%,19,29,48,29,19,0,0
0x58c0d1,75%,19,57,76,52,14,5,5
0x55465b,98.0208%,19,941,960,941,19,0,0
0x9a74a6,51.2821%,19,20,39,15,15,4,5
0x5f649d,75.3247%,19,58,77,57,4,15,1
0xaa2353,96.7687%,19,569,588,539,4,15,30
0x4b6be3,61.2245%,19,30,49,2,7,12,28
0x9f9602,79.3478%,19,73,92,59,9,10,14
0xa50beb,88.4848%,19,146,165,1,16,3,145
0x40378c,97.598%,19,772,791,772,19,0,0
0x534604,99.5606%,19,4305,4324,1,8,11,4304
0x903e10,63.4615%,19,33,52,33,19,0,0
0x804c90,91.8103%,19,213,232,213,17,2,0
0x8199ba,44.1176%,19,15,34,15,19,0,0
0x5910ed,69.3548%,19,43,62,43,19,0,0
0x819262,79.1209%,19,72,91,72,19,0,0
0x5f7b45,88.6228%,19,148,167,19,13,6,129
0x7dfb3d,77.1084%,19,64,83,11,2,17,53
0x9cfbbc,84.5528%,19,104,123,104,19,0,0
0x8d2837,99.3553%,19,2928,2947,0,17,2,2928
0xa029b3,56.8182%,19,25,44,20,7,12,5
0x4022d6,98.9356%,19,1766,1785,0,0,19,1766
0x59254b,99.5886%,19,4599,4618,4481,16,3,118
0x488737,95.202%,19,377,396,377,19,0,0
0x53a099,54.7619%,19,23,42,6,7,12,17
0x94dabd,96.7632%,19,568,587,0,0,19,568
0x81063e,88.4146%,19,145,164,0,0,19,145
0x4a7c9a,67.2414%,19,39,58,39,19,0,0
0xad7fdb,97.9526%,19,909,928,0,0,19,909
0x4a5bb5,65.4545%,19,36,55,0,0,19,36
0x50d025,84.1667%,19,101,120,0,11,8,101
0x9edda6,86.2319%,19,119,138,0,0,19,119
0x81f347,98.6101%,19,1348,1367,0,0,19,1348
0x409f24,76.5432%,19,62,81,23,7,12,39
0xa5f92a,95.8057%,19,434,453,0,14,5,434
0x8e4629,98.7508%,19,1502,1521,0,0,19,1502
0x8e45dd,40.625%,19,13,32,13,11,8,0
0x980612,82.4074%,19,89,108,48,5,14,41
0x66685b,96.1382%,19,473,492,473,19,0,0
0xaa08d4,77.1084%,19,64,83,59,18,1,5
0x8c85ea,96.1538%,19,475,494,475,19,0,0
0x984c16,77.1084%,19,64,83,0,12,7,64
0x63fa15,99.3258%,19,2799,2818,1846,11,8,953
0x4b7830,95.7494%,19,428,447,0,2,17,428
0x94e9e8,68.3333%,19,41,60,17,13,6,24
0xa319c5,91.0798%,19,194,213,0,0,19,194
0xaa3347,98.0789%,19,970,989,970,19,0,0
0xa661ac,83.1858%,19,94,113,67,19,0,27
0x5bc1cb,98.6448%,19,1383,1402,1383,17,2,0
0x540cfe,98.918%,19,1737,1756,0,2,17,1737
0xa660ce,77.1084%,19,64,83,0,0,19,64
0x98141d,72.4638%,19,50,69,0,13,6,50
0x53566e,89.6175%,19,164,183,0,0,19,164
0x9f654d,89.3855%,19,160,179,47,14,5,113
0x81e690,96.5642%,19,534,553,534,19,0,0
0xa53422,90.1042%,19,173,192,12,8,11,161
0x9e89ac,86.8966%,19,126,145,0,0,19,126
0xa35d2e,95.4327%,19,397,416,0,0,19,397
0x908cb2,96.5704%,19,535,554,535,19,0,0
0x8f4576,81%,19,81,100,1,11,8,80
0xa9cd4a,58.6957%,19,27,46,24,10,9,3
0x5352c6,40.625%,19,13,32,0,0,19,13
0x49b1e7,98.029%,19,945,964,37,14,5,908
0x50d92f,50%,19,19,38,4,8,11,15
0x8f53e5,97.9029%,19,887,906,0,0,19,887
0x8136e8,94.2424%,19,311,330,311,19,0,0
0x4c2bc8,77.381%,19,65,84,16,11,8,49
0xb22bd2,98.9829%,19,1849,1868,1849,19,0,0
0x4bc512,91.4798%,19,204,223,201,7,12,3
0x99dabc,47.2222%,19,17,36,7,8,11,10
0x809200,84.5528%,19,104,123,100,13,6,4
0x8bb0fa,95.3202%,19,387,406,387,19,0,0
0x8aa819,5%,19,1,20,0,0,19,1
0x4c15ed,90.404%,19,179,198,179,19,0,0
0x48bc03,97.598%,19,772,791,772,18,1,0
0x8c8082,99.0613%,19,2005,2024,0,1,18,2005
0xa8a98d,62.7451%,19,32,51,32,19,0,0
0x4bd71c,51.2821%,19,20,39,1,5,14,19
0x8deed6,98.1373%,19,1001,1020,124,10,9,877
0xa2fdbd,91.6667%,19,209,228,98,19,0,111
0xa49794,93.7086%,19,283,302,0,0,19,283
0xa5f9fe,95.6322%,19,416,435,416,19,0,0
0x638e21,96.5265%,19,528,547,528,19,0,0
0x5e0342,86.8966%,19,126,145,126,15,4,0
0xa32ba0,98.0583%,18,909,927,0,0,18,909
0x5ee1d6,89.8305%,18,159,177,0,0,18,159
0x4b9df3,98.5882%,18,1257,1275,360,10,8,897
0x63ad81,93.1034%,18,243,261,243,18,0,0
0x40450a,98.6364%,18,1302,1320,321,12,6,981
0x4b4f8b,60.8696%,18,28,46,21,10,8,7
0x5449f5,72.7273%,18,48,66,47,10,8,1
0x556f63,67.2727%,18,37,55,37,18,0,0
0x4bbcbe,98.9625%,18,1717,1735,1717,18,0,0
0x8e7e7c,94.5619%,18,313,331,231,9,9,82
0x643b29,48.5714%,18,17,35,17,16,2,0
0x8fea0b,28%,18,7,25,0,0,18,7
0x8ecb63,98.1405%,18,950,968,882,14,4,68
0x5ee1cd,89.8305%,18,159,177,0,0,18,159
0xa02957,92.8854%,18,235,253,0,0,18,235
0x944774,91.8919%,18,204,222,204,18,0,0
0x991396,83.3333%,18,90,108,90,18,0,0
0x590008,81.8182%,18,81,99,0,0,18,81
0x48e0d9,81.6327%,18,80,98,5,11,7,75
0x53aa18,56.0976%,18,23,41,22,17,1,1
0xa9491a,62.5%,18,30,48,14,10,8,16
0x40a624,62.5%,18,30,48,6,16,2,24
0xa42e7c,68.9655%,18,40,58,0,0,18,40
0x51050b,71.875%,18,46,64,46,18,0,0
0x9c3da9,94.7977%,18,328,346,328,18,0,0
0xa022c7,98.4279%,18,1127,1145,0,0,18,1127
0x780da3,97.7528%,18,783,801,0,0,18,783
0x6680b1,99.1736%,18,2160,2178,2160,18,0,0
0x8c7428,98.0973%,18,928,946,928,18,0,0
0x538cbb,87.4126%,18,125,143,125,7,11,0
0x4b6b4c,70.4918%,18,43,61,18,14,4,25
0x94efbd,93.3579%,18,253,271,253,18,0,0
0x65c26c,99.623%,18,4756,4774,4756,18,0,0
0x98170a,71.875%,18,46,64,37,10,8,9
0x80f918,75.6757%,18,56,74,24,13,5,32
0x50fde2,99.8632%,18,13139,13157,0,0,18,13139
0x8db903,94.2857%,18,297,315,68,7,11,229
0x40d2ea,86.1538%,18,112,130,4,4,14,108
0x8f18a4,90.625%,18,174,192,0,0,18,174
0xa32de9,92%,18,207,225,5,10,8,202
0x821fe2,43.75%,18,14,32,14,18,0,0
0x8e421b,95.1743%,18,355,373,355,18,0,0
0x78149f,82.8571%,18,87,105,9,8,10,78
0x403a0b,45.4545%,18,15,33,5,3,15,10
0x90b1f1,84.8739%,18,101,119,2,10,8,99
0xa26286,95.5446%,18,386,404,0,0,18,386
0x4a03b4,70%,18,42,60,30,14,4,12
0x8b9ac0,99.2431%,18,2360,2378,11,1,17,2349
0x8f4cfc,99.2695%,18,2446,2464,0,0,18,2446
0x9aafa4,96.7153%,18,530,548,0,0,18,530
0xa4516d,95.4315%,18,376,394,376,3,15,0
0xa5956a,14.2857%,18,3,21,3,18,0,0
0xa45341,95.4774%,18,380,398,331,17,1,49
0x4c25ba,89.2857%,18,150,168,112,17,1,38
0x9e0b55,92.9961%,18,239,257,0,0,18,239
0x53a1cb,66.6667%,18,36,54,35,7,11,1
0x5fafe6,0%,18,0,18,0,18,0,0
0x9d0997,64.7059%,18,33,51,30,17,1,3
0x8131f5,98.9362%,18,1674,1692,1674,18,0,0
0x942be2,76%,18,57,75,0,0,18,57
0xa4675a,94.7977%,18,328,346,328,18,0,0
0x50eb14,57.1429%,18,24,42,1,1,17,23
0xa32eaf,97.2851%,18,645,663,0,0,18,645
0x9a1bef,91.133%,18,185,203,0,0,18,185
0x9e4018,73.5294%,18,50,68,0,0,18,50
0x48ae2c,99.6678%,18,5401,5419,5401,18,0,0
0x480f69,52.6316%,18,20,38,20,18,0,0
0x8f0d97,55%,18,22,40,22,18,0,0
0x609c0d,89.5954%,18,155,173,155,18,0,0
0x9117a7,41.9355%,18,13,31,0,0,18,13
0x8f4c80,99.2695%,18,2446,2464,0,0,18,2446
0x502cf9,90.5263%,18,172,190,0,0,18,172
0x591fb3,81.25%,18,78,96,78,18,0,0
0xa3fe2f,35.7143%,18,10,28,0,0,18,10
0x67f2c8,93.0769%,18,242,260,0,0,18,242
0x8f1919,90.625%,18,174,192,137,7,11,37
0x90e7e8,40%,18,12,30,0,0,18,12
0x81c35b,92.3077%,18,216,234,216,18,0,0
0x4a7b00,94.8864%,18,334,352,13,8,10,321
0x81692e,69.4915%,18,41,59,0,0,18,41
0x58f9b3,78.0488%,18,64,82,35,6,12,29
0x9e7fb5,87.234%,18,123,141,5,6,12,118
0x8ea0fa,99.2724%,18,2456,2474,0,0,18,2456
0x50154f,93.3824%,18,254,272,254,18,0,0
0x9059d1,93.9597%,18,280,298,0,0,18,280
0x499cc9,79.0698%,18,68,86,68,18,0,0
0x4b4984,86.9565%,18,120,138,0,0,18,120
0x9ee103,88.8199%,18,143,161,0,0,18,143
0x441461,96.9072%,18,564,582,0,0,18,564
0x8ba357,99.8132%,18,9619,9637,0,0,18,9619
0xa274bf,95.2381%,18,360,378,360,18,0,0
0xb182a7,98.209%,18,987,1005,15,4,14,972
0x9a22cb,91.133%,18,185,203,122,12,6,63
0x53b8ad,87.4126%,18,125,143,124,8,10,1
0xa36db7,43.75%,18,14,32,4,18,0,10
0x97b7d5,89.7727%,18,158,176,36,5,13,122
0xa336b9,97.9167%,18,846,864,0,0,18,846
0xa487ae,92.562%,18,224,242,48,16,2,176
0x97b7aa,73.913%,18,51,69,1,6,12,50
0x58ba46,87.5862%,18,127,145,21,2,16,106
0x94b862,96.7857%,18,542,560,542,18,0,0
0x556f0c,92.7126%,18,229,247,180,12,6,49
0x8db915,92.5%,18,222,240,0,0,18,222
0x8149d1,98.5318%,18,1208,1226,888,8,10,320
0x5ef876,70%,18,42,60,33,10,8,9
0x8bd2a6,98.9738%,18,1736,1754,3,1,17,1733
0x5de78b,98.5496%,18,1223,1241,0,0,18,1223
0x90a652,59.0909%,18,26,44,0,0,18,26
0x81f234,99.0886%,18,1957,1975,1917,11,7,40
0x482cb8,52.6316%,18,20,38,13,6,12,7
0x9a97a3,40%,18,12,30,8,2,16,4
0x5cf476,53.8462%,18,21,39,16,17,1,5
0xa48a86,89.8876%,18,160,178,160,18,0,0
0x8e03e6,97.8947%,18,837,855,837,18,0,0
0x609cbf,97.2973%,18,648,666,0,0,18,648
0x9eca09,88.1579%,18,134,152,0,0,18,134
0x942c7f,76%,18,57,75,0,0,18,57
0xaa5c3c,92.623%,18,226,244,88,7,11,138
0x8bb21a,76.9231%,18,60,78,60,18,0,0
0x96c1c1,87.5862%,18,127,145,0,0,18,127
0x4bedb5,89.2216%,18,149,167,103,6,12,46
0x9ed644,98.1053%,18,932,950,0,6,12,932
0x5f06a6,73.5294%,18,50,68,50,18,0,0
0xa25af6,98.2231%,18,995,1013,0,0,18,995
0x63e96d,98.6217%,18,1288,1306,1288,18,0,0
0x807c13,85.2459%,18,104,122,20,11,7,84
0x9022c1,91.0448%,18,183,201,183,18,0,0
0xa90560,72.7273%,18,48,66,3,6,12,45
0xa35300,84.2105%,18,96,114,96,9,9,0
0x4aae11,55%,18,22,40,0,1,17,22
0x5c4f8f,89.1566%,18,148,166,0,0,18,148
0x510a28,96.0265%,18,435,453,2,12,6,433
0x4a25e3,94.1935%,18,292,310,0,4,14,292
0x48ee66,94.5619%,18,313,331,0,0,18,313
0x9ed94f,85.7143%,18,108,126,108,18,0,0
0x8c8bb5,77.5%,18,62,80,1,12,6,61
0x5b0e94,67.2727%,18,37,55,0,0,18,37
0x90fd63,93.5714%,18,262,280,262,18,0,0
0x9e8af2,87.5862%,18,127,145,0,0,18,127
0x509701,43.75%,18,14,32,0,0,18,14
0xa5d1c9,45.4545%,18,15,33,0,9,9,15
0x9f99f8,56.0976%,18,23,41,23,18,0,0
0xa2e035,92.7711%,18,231,249,0,0,18,231
0x978003,87.0504%,18,121,139,0,0,18,121
0x8ed328,99.6124%,18,4626,4644,4626,9,9,0
0x5cfab6,92.8571%,18,234,252,234,18,0,0
0x7b63de,60%,18,27,45,7,1,17,20
0x5ff26e,92.3077%,18,216,234,0,0,18,216
0x8dd1a2,94.2492%,18,295,313,295,18,0,0
0x903edb,65.3846%,18,34,52,17,1,17,17
0x47f287,97.6714%,18,755,773,755,18,0,0
0x9c4205,94.5783%,18,314,332,314,18,0,0
0x8172bb,28%,18,7,25,0,0,18,7
0x97277a,93.4066%,18,255,273,6,3,15,249
0x9f5906,90.7216%,18,176,194,1,12,6,175
0x9f26f8,95.8333%,18,414,432,0,0,18,414
0x4be2d8,73.913%,18,51,69,49,5,13,2
0x5f8c8f,79.7753%,18,71,89,41,3,15,30
0x8c93ea,96.875%,18,558,576,0,0,18,558
0x48ddc6,90.9091%,18,180,198,0,0,18,180
0xa2c1a8,41.9355%,18,13,31,1,5,13,12
0x53a3ac,76.6234%,18,59,77,30,3,15,29
0xa4d568,88.8889%,18,144,162,144,18,0,0
0x5bb444,84.8739%,18,101,119,93,3,15,8
0x5422ac,99.6984%,18,5951,5969,5951,18,0,0
0x5ffdc5,84.7458%,18,100,118,60,12,6,40
0x5bcab2,98.1328%,18,946,964,36,15,3,910
0x4bc50d,91.9283%,18,205,223,0,0,18,205
0x9fe263,80%,18,72,90,72,18,0,0
0xa271d7,93.662%,18,266,284,8,1,17,258
0x5f8437,96.9178%,18,566,584,0,0,18,566
0x5f8140,88%,18,132,150,132,18,0,0
0x547f57,97.6804%,18,758,776,0,4,14,758
0x48ddcf,90.9091%,18,180,198,0,0,18,180
0x48dd1f,99.7422%,18,6965,6983,0,0,18,6965
0x60b53e,95.3368%,18,368,386,0,0,18,368
0x40ebff,85.3659%,18,105,123,105,18,0,0
0xa2731d,94.375%,18,302,320,302,18,0,0
0x5fc0dc,62.5%,18,30,48,7,5,13,23
0x6663cc,94.2675%,18,296,314,294,18,0,2
0x9428de,92.1397%,18,211,229,211,18,0,0
0x8e35cb,99.0895%,18,1959,1977,1518,5,13,441
0x8ded80,95.9091%,18,422,440,0,0,18,422
0x4bb228,47.0588%,18,16,34,4,3,15,12
0x4b5127,92.7419%,18,230,248,111,9,9,119
0x9f0dfd,94.9008%,18,335,353,55,10,8,280
0x7c7069,90.7692%,18,177,195,21,15,3,156
0x90e13b,40%,18,12,30,12,18,0,0
0x5078e8,97.0346%,18,589,607,589,18,0,0
0x781fb3,99.2143%,18,2273,2291,0,0,18,2273
0xa9c68c,87.3239%,18,124,142,0,0,18,124
0x4bbf41,95.5112%,18,383,401,340,5,13,43
0x505a3b,96.7684%,18,539,557,538,15,3,1
0x555d6d,98.2439%,18,1007,1025,0,0,18,1007
0x5bdbab,99.4568%,18,3296,3314,3296,18,0,0
0x502160,87.3239%,18,124,142,0,4,14,124
0x8fea2f,64%,18,32,50,0,0,18,32
0xa93311,79.5455%,18,70,88,70,18,0,0
0x90e4a4,97.0149%,18,585,603,0,0,18,585
0x7840c9,51.3514%,18,19,37,19,10,8,0
0x405ee4,72.7273%,18,48,66,42,12,6,6
0x7cf94a,90.7216%,18,176,194,146,15,3,30
0x945386,96.1783%,18,453,471,453,18,0,0
0x60b9db,78.8235%,18,67,85,16,4,14,51
0x64032b,95.843%,18,415,433,415,18,0,0
0x817ccd,93.3333%,18,252,270,5,15,3,247
0xa05251,60%,18,27,45,7,7,11,20
0x546a48,87.6712%,18,128,146,0,0,18,128
0x555e4a,70%,18,42,60,42,18,0,0
0xa30c4b,88.535%,18,139,157,0,0,18,139
0x64bede,98.8258%,18,1515,1533,0,0,18,1515
0x50bfea,72.7273%,18,48,66,46,8,10,2
0x50bb07,41.9355%,18,13,31,13,18,0,0
0x534829,72.7273%,18,48,66,0,0,18,48
0x90986c,99.0307%,18,1839,1857,1839,18,0,0
0x5091c6,97.2477%,18,636,654,0,0,18,636
0x5509ff,64.7059%,18,33,51,0,17,1,33
0xa32183,90.7216%,18,176,194,176,14,4,0
0x8e423c,99.2171%,18,2281,2299,2281,18,0,0
0x555ae2,67.2727%,18,37,55,37,14,4,0
0x501fb5,80.2198%,18,73,91,0,0,18,73
0xa2e101,92.7711%,18,231,249,140,16,2,91
0xaa33aa,90.6736%,18,175,193,3,9,9,172
0x90a410,59.0909%,18,26,44,0,0,18,26
0x50e4a8,50%,18,18,36,4,4,14,14
0x8e213e,95.7647%,18,407,425,407,18,0,0
0x80bc24,95.4315%,18,376,394,0,0,18,376
0x50cbb1,72.7273%,18,48,66,48,18,0,0
0x53f225,95.7647%,18,407,425,0,0,18,407
0x8e51c0,98.8181%,18,1505,1523,1505,18,0,0
0x489e3c,73.5294%,18,50,68,0,0,18,50
0x821802,96.9178%,18,566,584,0,0,18,566
0x943420,76%,18,57,75,57,18,0,0
0x4c22ed,89.2857%,18,150,168,148,4,14,2
0x5d1175,87.5862%,18,127,145,127,18,0,0
0x48dd0a,99.7391%,18,6882,6900,0,0,18,6882
0xa46fdc,92.9961%,18,239,257,60,4,14,179
0x40a5b0,25%,18,6,24,6,18,0,0
0x944ab1,91.8919%,18,204,222,0,0,18,204
0x504c2d,97.2006%,18,625,643,625,7,11,0
0x503b13,94.1935%,18,292,310,292,18,0,0
0x648bf7,53.8462%,18,21,39,2,11,7,19
0x9ef471,64.7059%,18,33,51,14,15,3,19
0xa5f72e,94.8864%,18,334,352,0,0,18,334
0xa1b15f,66.0377%,18,35,53,33,15,3,2
0x5456b7,98.289%,18,1034,1052,1034,18,0,0
0x67a9a5,99.3471%,18,2739,2757,0,0,18,2739
0xa33832,52.6316%,18,20,38,1,12,6,19
0x814378,99.566%,18,4129,4147,0,0,18,4129
0xa54f7f,64%,18,32,50,4,8,10,28
0x78061a,94.4444%,18,306,324,0,0,18,306
0x99df8f,35.7143%,18,10,28,1,12,6,9
0x540d35,94.8571%,18,332,350,0,0,18,332
0x98ce46,99.0333%,18,1844,1862,0,0,18,1844
0xa942a0,89.1566%,18,148,166,146,12,6,2
0xa5007b,77.7778%,18,63,81,0,0,18,63
0xa50261,77.7778%,18,63,81,61,16,2,2
0x7c7b1f,88.3117%,18,136,154,34,7,11,102
0x4046a8,88.6076%,18,140,158,89,6,12,51
0x4a591c,67.2727%,18,37,55,0,16,2,37
0x7c6396,88%,18,132,150,0,0,18,132
0x64b4dd,99.235%,18,2335,2353,2332,18,0,3
0x9a7be4,96.78%,18,541,559,0,0,18,541
0x94e790,90%,18,162,180,11,12,6,151
0x64795d,71.875%,18,46,64,46,18,0,0
0x534ba7,72.7273%,18,48,66,4,5,13,44
0xa9ec0f,78.8235%,18,67,85,66,15,3,1
0xa4ff22,50%,18,18,36,11,11,7,7
0xa4a70b,51.3514%,18,19,37,14,13,5,5
0x8ee49b,57.1429%,18,24,42,24,18,0,0
0x81682e,92.0354%,18,208,226,0,0,18,208
0x81d3ae,90.1099%,18,164,182,164,18,0,0
0x64e041,94.8718%,18,333,351,333,18,0,0
0x5ae263,72.7273%,18,48,66,14,11,7,34
0x9e3692,47.0588%,18,16,34,0,0,18,16
0x8103dd,96.7509%,18,536,554,0,0,18,536
0xaa6385,91%,18,182,200,0,0,18,182
0x40475a,97.0684%,18,596,614,12,0,18,584
0x5b9a14,79.3103%,18,69,87,9,5,13,60
0xa018a4,93.0769%,18,242,260,242,18,0,0
0x4046fa,97.1061%,18,604,622,604,18,0,0
0x917987,91%,18,182,200,182,18,0,0
0x540a37,83.0189%,18,88,106,80,8,10,8
0x551cd1,81.8182%,18,81,99,81,18,0,0
0x402231,98.9474%,18,1692,1710,0,0,18,1692
0xa26061,96.2656%,18,464,482,464,18,0,0
0x557f17,97.6654%,18,753,771,753,18,0,0
0x6387e4,99.5195%,18,3728,3746,0,6,12,3728
0xa50bf2,87.8378%,18,130,148,0,0,18,130
0x489a3f,95.4545%,18,378,396,0,0,18,378
0xaa29b0,85.4839%,18,106,124,106,18,0,0
0x80a8d6,97.8824%,18,832,850,0,2,16,832
0x8ae9e8,91.5094%,18,194,212,4,10,8,190
0x8aed94,91.3876%,18,191,209,4,7,11,187
0x66d453,98.7705%,18,1446,1464,0,0,18,1446
0x951991,90.4255%,18,170,188,170,2,16,0
0xa58e9c,89.1566%,18,148,166,137,8,10,11
0x9e0bd5,92.1397%,18,211,229,0,0,18,211
0x541c6d,47.0588%,18,16,34,16,18,0,0
0x4a25fe,97.6864%,18,760,778,0,0,18,760
0x8147ed,95.8042%,18,411,429,0,0,18,411
0x49dd74,35.7143%,18,10,28,0,0,18,10
0x8044fb,67.2727%,18,37,55,15,13,5,22
0xa52d11,95.0413%,18,345,363,0,0,18,345
0x648574,99.3935%,18,2950,2968,0,0,18,2950
0x81a6e4,99.7239%,18,6501,6519,0,0,18,6501
0x9fb8a4,94.1176%,18,288,306,0,0,18,288
0x976e81,47.0588%,18,16,34,16,18,0,0
0x5547cc,98.4402%,18,1136,1154,7,13,5,1129
0x9e3015,92.4051%,18,219,237,219,18,0,0
0x64b626,97.7041%,18,766,784,0,0,18,766
0x808a8a,53.8462%,18,21,39,21,9,9,0
0x8ea00f,95.4887%,18,381,399,0,0,18,381
0x50f057,71.875%,18,46,64,36,15,3,10
0x834225,85.9375%,18,110,128,6,12,6,104
0x9fe5cf,86.5672%,18,116,134,28,16,2,88
0x9f951b,28%,18,7,25,0,0,18,7
0x7f0cb9,76%,18,57,75,41,9,9,16
0x60e657,52.6316%,18,20,38,20,18,0,0
0x60e6bf,52.6316%,18,20,38,8,11,7,12
0x9bdf73,75%,18,54,72,29,9,9,25
0x9f330f,88.75%,18,142,160,0,0,18,142
0x8fbfdf,97.5643%,18,721,739,721,18,0,0
0xab2d25,77.2152%,18,61,79,58,10,8,3
0x54f46d,58.1395%,18,25,43,0,0,18,25
0x78d88c,97.0921%,18,601,619,0,0,18,601
0x80bd51,95.843%,18,415,433,414,10,8,1
0xa4ed6a,88.8889%,18,144,162,0,0,18,144
0x51063c,98.8658%,18,1569,1587,599,15,3,970
0x4c51e3,94.6903%,18,321,339,12,9,9,309
0x402d7f,83.4862%,18,91,109,42,4,14,49
0x81c95b,90.1099%,18,164,182,3,7,11,161
0x54eef7,56.0976%,18,23,41,9,4,14,14
0x8f42d5,99.2849%,18,2499,2517,79,13,5,2420
0xa4e662,73.5294%,18,50,68,20,14,4,30
0x539324,87.4126%,18,125,143,125,7,11,0
0x552265,99.1163%,18,2019,2037,2019,18,0,0
0xa32842,75%,18,54,72,54,18,0,0
0x60a8e3,97.7215%,18,772,790,0,0,18,772
0x5efb2d,78.3133%,18,65,83,53,17,1,12
0x537b39,99.6191%,18,4708,4726,0,0,18,4708
0x4fdbe3,70%,18,42,60,42,18,0,0
0x58e4a5,84.0708%,18,95,113,95,17,1,0
0xa5712f,40%,18,12,30,12,18,0,0
0x602d4e,51.3514%,18,19,37,6,4,14,13
0x50735d,97.5676%,18,722,740,0,7,11,722
0xa573f4,56.0976%,18,23,41,21,17,1,2
0xa4e5a2,52.6316%,18,20,38,0,0,18,20
0x8f5692,99.511%,18,3663,3681,3661,8,10,2
0xa572b7,56.0976%,18,23,41,0,0,18,23
0x5c7249,35.7143%,18,10,28,0,0,18,10
0x9e84bd,56.0976%,18,23,41,23,18,0,0
0x639ae6,91%,18,182,200,0,0,18,182
0xa517d3,55%,18,22,40,22,18,0,0
0x9746c7,73.5294%,18,50,68,41,8,10,9
0x49a280,84.4828%,18,98,116,98,18,0,0
0x81d23f,90.1099%,18,164,182,164,18,0,0
0x49ca34,52.6316%,18,20,38,9,12,6,11
0x5bd475,98.7569%,18,1430,1448,668,16,2,762
0x8a5df9,96.3415%,18,474,492,0,0,18,474
0x4bed3b,89.0244%,18,146,164,138,18,0,8
0x8209f6,96.9388%,18,570,588,6,2,16,564
0x90ebbd,91%,18,182,200,182,18,0,0
0x8d24d8,78.0488%,18,64,82,64,18,0,0
0x4041ce,97.0874%,18,600,618,378,5,13,222
0xa0280e,33.3333%,18,9,27,9,18,0,0
0x4935bf,53.8462%,18,21,39,19,3,15,2
0x5fb23e,74.2857%,18,52,70,0,9,9,52
0x94caa4,71.875%,18,46,64,46,18,0,0
0x9a932c,75.3425%,18,55,73,44,9,9,11
0x5fd8f6,98.127%,18,943,961,0,0,18,943
0x40a22f,87.9195%,18,131,149,0,0,18,131
0x943e28,87.0504%,18,121,139,112,17,1,9
0x5fa35d,91.8552%,18,203,221,203,12,6,0
0x5508cf,14.2857%,18,3,21,3,18,0,0
0x5f6d45,55%,18,22,40,10,1,17,12
0x683697,77.7778%,18,63,81,63,18,0,0
0x8fea4a,64%,18,32,50,3,3,15,29
0x8bd277,99.3769%,18,2871,2889,951,13,5,1920
0xa4bb47,92.8854%,18,235,253,235,4,14,0
0x4a5e08,72.3077%,18,47,65,0,0,18,47
0x609519,97.0636%,18,595,613,259,1,17,336
0x9ab9a2,92.2078%,18,213,231,18,2,16,195
0x4942ed,89.7143%,18,157,175,0,0,18,157
0xaab817,83.1776%,18,89,107,89,18,0,0
0x9a0b37,35.7143%,18,10,28,10,18,0,0
0x814f63,69.4915%,18,41,59,34,7,11,7
0x90ced4,98.9311%,18,1666,1684,835,7,11,831
0x8b9e2c,98.4694%,18,1158,1176,0,15,3,1158
0x5b2797,61.7021%,18,29,47,29,16,2,0
0x5430a1,94.9438%,18,338,356,0,0,18,338
0x9a64fe,90.3409%,17,159,176,0,0,17,159
0x8e799a,92.9167%,17,223,240,0,0,17,223
0x80a016,94.8012%,17,310,327,310,13,4,0
0xa96a28,72.1311%,17,44,61,17,4,13,27
0x609b9d,93.254%,17,235,252,235,17,0,0
0x554ee8,88.0282%,17,125,142,125,17,0,0
0x40e39f,98.4097%,17,1052,1069,0,6,11,1052
0x8e16af,46.875%,17,15,32,0,0,17,15
0xa9421e,34.6154%,17,9,26,9,17,0,0
0x40a11a,74.6269%,17,50,67,47,7,10,3
0x9443f6,77.6316%,17,59,76,42,16,1,17
0x6514b1,79.2683%,17,65,82,65,17,0,0
0x98b3d5,51.4286%,17,18,35,6,5,12,12
0xa3a476,95.3425%,17,348,365,0,0,17,348
0xa44d6a,97.2268%,17,596,613,0,0,17,596
0x835e26,55.2632%,17,21,38,15,13,4,6
0xa515f2,89.5062%,17,145,162,145,17,0,0
0x96c206,34.6154%,17,9,26,0,0,17,9
0x9e6fa8,81.7204%,17,76,93,76,17,0,0
0x534eb3,99.4303%,17,2967,2984,0,0,17,2967
0x907542,48.4848%,17,16,33,9,7,10,7
0x94a0b4,92.3767%,17,206,223,0,16,1,206
0x5f75bb,86.8217%,17,112,129,85,14,3,27
0x911042,97.7212%,17,729,746,729,17,0,0
0xacfada,87.4074%,17,118,135,100,14,3,18
0x942ccd,77.3333%,17,58,75,58,17,0,0
0x40391f,95.1841%,17,336,353,336,17,0,0
0xa46d73,82.2917%,17,79,96,79,17,0,0
0x58c04c,77.6316%,17,59,76,0,6,11,59
0x5c336c,85.8333%,17,103,120,103,17,0,0
0x6188f9,94.7205%,17,305,322,0,6,11,305
0xa45b46,92.4444%,17,208,225,198,8,9,10
0x8f2b26,88.4354%,17,130,147,31,14,3,99
0xb2ad2b,98.3622%,17,1021,1038,0,0,17,1021
0x944a5c,75.7143%,17,53,70,53,17,0,0
0x405178,99.7947%,17,8265,8282,0,0,17,8265
0x7233ed,79.0123%,17,64,81,17,16,1,47
0x981330,89.0323%,17,138,155,69,11,6,69
0x9a7ba8,94.198%,17,276,293,3,2,15,273
0x9f52df,89.3082%,17,142,159,0,0,17,142
0x60a85c,96.5587%,17,477,494,407,15,2,70
0x502ad3,84.1121%,17,90,107,90,12,5,0
0x6127fa,79.2683%,17,65,82,5,7,10,60
0xa25cbf,98.0505%,17,855,872,855,17,0,0
0x49433a,74.6269%,17,50,67,48,6,11,2
0x805814,97.5469%,17,676,693,506,11,6,170
0x5352f4,46.875%,17,15,32,15,17,0,0
0x8c87b3,96.2555%,17,437,454,3,9,8,434
0x64860f,69.6429%,17,39,56,39,17,0,0
0xa58737,89.759%,17,149,166,45,5,12,104
0x5d90d7,88.4354%,17,130,147,0,0,17,130
0xa9c5cc,70.1754%,17,40,57,5,10,7,35
0xa395f5,97.1808%,17,586,603,586,17,0,0
0x9f3e18,97.3438%,17,623,640,623,17,0,0
0xa2f8af,89.759%,17,149,166,0,5,12,149
0x9a1c80,90.3955%,17,160,177,25,5,12,135
0xb22bf3,99.0899%,17,1851,1868,1851,17,0,0
0x539d5c,64.5833%,17,31,48,3,3,14,28
0x59252a,99.6319%,17,4601,4618,0,0,17,4601
0x546980,76.3889%,17,55,72,52,16,1,3
0x5570db,93.0041%,17,226,243,0,0,17,226
0x8fd8b2,96.4657%,17,464,481,0,0,17,464
0x50ee39,80.6818%,17,71,88,0,0,17,71
0x9ab88c,93.3333%,17,238,255,238,17,0,0
0x815d66,96.9805%,17,546,563,30,11,6,516
0x9e01ca,39.2857%,17,11,28,11,17,0,0
0x50f117,65.3061%,17,32,49,32,15,2,0
0x61058d,81.7204%,17,76,93,0,0,17,76
0x8ed358,99.6339%,17,4627,4644,4627,11,6,0
0x4a72b3,92.4779%,17,209,226,0,0,17,209
0x4a71f0,95.641%,17,373,390,0,0,17,373
0xb24617,99.8571%,17,11882,11899,0,0,17,11882
0xa41a24,98.2671%,17,964,981,0,0,17,964
0x8042d9,56.4103%,17,22,39,9,9,8,13
0x5fab1c,85.2174%,17,98,115,98,16,1,0
0x9012a1,37.037%,17,10,27,9,15,2,1
0x5d3269,88.2759%,17,128,145,0,0,17,128
0x7efda7,89.881%,17,151,168,0,0,17,151
0xa16105,98.3886%,17,1038,1055,1038,11,6,0
0x9ab44f,94.1176%,17,272,289,42,9,8,230
0xa5572e,79.5181%,17,66,83,66,17,0,0
0x8f6954,89.881%,17,151,168,151,17,0,0
0x5fadbd,48.4848%,17,16,33,16,17,0,0
0x5fae78,48.4848%,17,16,33,0,0,17,16
0x8ed07c,91.2371%,17,177,194,0,0,17,177
0x48bd5b,83%,17,83,100,83,17,0,0
0x610606,81.7204%,17,76,93,0,4,13,76
0x539d7b,68.5185%,17,37,54,32,10,7,5
0x8118e7,58.5366%,17,24,41,9,8,9,15
0x504bf5,97.3561%,17,626,643,626,17,0,0
0xa52d9d,95.1977%,17,337,354,274,3,14,63
0x9511b8,96.0648%,17,415,432,408,17,0,7
0x9a751c,46.875%,17,15,32,5,5,12,10
0xa561c2,86.5079%,17,109,126,109,17,0,0
0x40ec39,98.3902%,17,1039,1056,112,14,3,927
0x533d24,41.3793%,17,12,29,12,17,0,0
0x534c8f,15%,17,3,20,3,17,0,0
0x90d0c7,97.1619%,17,582,599,0,0,17,582
0xa543e8,84.1121%,17,90,107,0,0,17,90
0x5cba1b,89.0323%,17,138,155,13,11,6,125
0x5529ba,88.0282%,17,125,142,1,3,14,124
0x5462b7,95.1429%,17,333,350,333,17,0,0
0x679b65,99.3834%,17,2740,2757,0,0,17,2740
0x5fbe1d,84.8214%,17,95,112,95,17,0,0
0x65c229,99.6521%,17,4869,4886,0,0,17,4869
0x49c6aa,46.875%,17,15,32,6,10,7,9
0x90ecb9,98.2383%,17,948,965,0,4,13,948
0x94d902,70.6897%,17,41,58,0,0,17,41
0x60470f,90.3955%,17,160,177,0,0,17,160
0x5be809,60.4651%,17,26,43,16,6,11,10
0x9510e2,91.866%,17,192,209,99,6,11,93
0x4a1258,98.474%,17,1097,1114,11,7,10,1086
0x8fedde,93.4363%,17,242,259,240,15,2,2
0x8dfd26,92.9752%,17,225,242,225,17,0,0
0x9e792d,86.0656%,17,105,122,105,17,0,0
0x49ba85,97.4815%,17,658,675,658,9,8,0
0x8e257b,99.6777%,17,5258,5275,5258,17,0,0
0x5cba45,89.0323%,17,138,155,7,17,0,131
0xa03a1c,85.4701%,17,100,117,100,17,0,0
0xa2751e,94.7853%,17,309,326,309,17,0,0
0x47f4f8,98.4461%,17,1077,1094,0,0,17,1077
0x58ebe7,86.0656%,17,105,122,94,16,1,11
0xa5c4a1,66%,17,33,50,23,9,8,10
0x9e712d,68.5185%,17,37,54,34,4,13,3
0x545d9b,90.4494%,17,161,178,154,15,2,7
0x9f7b7c,81.5217%,17,75,92,2,11,6,73
0xa02456,96.846%,17,522,539,522,17,0,0
0xa5c193,76.3889%,17,55,72,55,15,2,0
0x8fd736,43.3333%,17,13,30,8,12,5,5
0x4b5dc5,89.6341%,17,147,164,147,17,0,0
0x4be763,69.0909%,17,38,55,22,11,6,16
0x9aad62,98.7323%,17,1324,1341,2,3,14,1322
0x9fb78d,92.093%,17,198,215,198,17,0,0
0x9fb6c0,93.0894%,17,229,246,229,17,0,0
0x9be3d6,64.5833%,17,31,48,5,9,8,26
0x7a3c73,87.218%,17,116,133,116,17,0,0
0x64af15,73.4375%,17,47,64,0,0,17,47
0x491534,89.2405%,17,141,158,0,0,17,141
0x80f5c7,99.5072%,17,3433,3450,0,0,17,3433
0x53ff05,96.0094%,17,409,426,405,17,0,4
0x98c94a,84.4037%,17,92,109,0,0,17,92
0x60e6ca,82.6531%,17,81,98,12,7,10,69
0x5c3436,97.5362%,17,673,690,673,17,0,0
0x6402dd,99.3967%,17,2801,2818,0,0,17,2801
0x81bfdb,52.7778%,17,19,36,5,11,6,14
0x8f35bb,97.4046%,17,638,655,0,12,5,638
0x9f5a0b,77.3333%,17,58,75,11,17,0,47
0x8e463b,95.4424%,17,356,373,0,0,17,356
0xa02204,37.037%,17,10,27,10,17,0,0
0x80c1d4,93.5849%,17,248,265,0,0,17,248
0x943228,77.3333%,17,58,75,0,0,17,58
0x53e400,99.2896%,17,2376,2393,2375,17,0,1
0x9fb036,73.0159%,17,46,63,46,17,0,0
0xb0d452,80%,17,68,85,24,13,4,44
0xa1b54c,32%,17,8,25,4,1,16,4
0xa592da,84.4037%,17,92,109,91,13,4,1
0x48b205,95.3297%,17,347,364,347,17,0,0
0x9a7364,46.875%,17,15,32,9,9,8,6
0x4c9f49,91.1458%,17,175,192,167,17,0,8
0x4049f8,93.4363%,17,242,259,151,11,6,91
0x88e6d0,56.4103%,17,22,39,22,17,0,0
0xa5707a,83%,17,83,100,4,10,7,79
0x507d0f,52.7778%,17,19,36,17,1,16,2
0x4bf2bf,64.5833%,17,31,48,10,3,14,21
0x80fa37,88.5135%,17,131,148,4,14,3,127
0x4a5dd2,73.8462%,17,48,65,0,13,4,48
0x4bc869,81.9149%,17,77,94,77,17,0,0
0x510c6c,95.1149%,17,331,348,331,17,0,0
0xa48327,92.9752%,17,225,242,225,17,0,0
0x40399e,54.0541%,17,20,37,0,0,17,20
0xace31e,80%,17,68,85,68,17,0,0
0x48b19a,60.4651%,17,26,43,22,17,0,4
0xa5f851,94.6875%,17,303,320,303,17,0,0
0x504e0f,82.4742%,17,80,97,80,17,0,0
0x811b87,98.514%,17,1127,1144,0,0,17,1127
0x8e4c11,93.4109%,17,241,258,241,17,0,0
0x8d486d,95.4178%,17,354,371,0,2,15,354
0xa285d3,43.3333%,17,13,30,5,16,1,8
0x63edf5,99.0845%,17,1840,1857,0,0,17,1840
0x510bf3,94.5513%,17,295,312,0,0,17,295
0x49ebdd,89.441%,17,144,161,0,0,17,144
0x409c79,94.5161%,17,293,310,0,0,17,293
0xa5eb95,94.1379%,17,273,290,2,8,9,271
0x8a8c3b,97.3016%,17,613,630,33,12,5,580
0x556d38,93.1174%,17,230,247,133,9,8,97
0x40426e,93.8628%,17,260,277,0,0,17,260
0x910d94,99.5654%,17,3895,3912,0,0,17,3895
0x4036db,97.8177%,17,762,779,0,0,17,762
0x977c6e,85.8333%,17,103,120,103,17,0,0
0x5576db,96.1712%,17,427,444,0,0,17,427
0x409929,94.5161%,17,293,310,0,0,17,293
0x8bc9e0,67.3077%,17,35,52,35,17,0,0
0x61f3b2,15%,17,3,20,0,0,17,3
0x58cd42,89.697%,17,148,165,0,0,17,148
0x40e0cc,99.8339%,17,10220,10237,0,0,17,10220
0x4c63e1,61.3636%,17,27,44,10,5,12,17
0x8e442a,99.2605%,17,2282,2299,0,0,17,2282
0x95190d,81.3187%,17,74,91,74,17,0,0
0xb48b5e,98.384%,17,1035,1052,0,4,13,1035
0x98ce3a,99.087%,17,1845,1862,0,0,17,1845
0x4bccec,56.4103%,17,22,39,15,11,6,7
0x48e85c,69.0909%,17,38,55,0,14,3,38
0xa1afc5,77.027%,17,57,74,47,6,11,10
0x58be2d,77.6316%,17,59,76,59,17,0,0
0x555d18,98.4274%,17,1064,1081,0,0,17,1064
0x7ce511,98.5179%,17,1130,1147,861,11,6,269
0xa91cef,94.2953%,17,281,298,281,17,0,0
0x8dbbc4,94.6032%,17,298,315,298,17,0,0
0xa50fa5,55.2632%,17,21,38,20,12,5,1
0x5969da,94.9555%,17,320,337,0,0,17,320
0xa25b64,98.3218%,17,996,1013,996,17,0,0
0x4b5e75,75.7143%,17,53,70,15,6,11,38
0x4bbc41,99.0801%,17,1831,1848,0,0,17,1831
0x814b27,93.2271%,17,234,251,0,0,17,234
0x5c6c52,99.2078%,17,2129,2146,0,0,17,2129
0x4bed5c,96.8635%,17,525,542,525,4,13,0
0x49de72,39.2857%,17,11,28,11,17,0,0
0x8c87e3,96.2555%,17,437,454,437,13,4,0
0xa49ff2,88.2759%,17,128,145,125,14,3,3
0x66715c,89.172%,17,140,157,138,13,4,2
0x80600c,95.1149%,17,331,348,112,14,3,219
0x80506a,94.8485%,17,313,330,313,17,0,0
0x4bc66b,82.2917%,17,79,96,0,0,17,79
0x9a6418,90.3409%,17,159,176,0,0,17,159
0x8e3d06,94.2953%,17,281,298,281,17,0,0
0x591c43,88.8158%,17,135,152,0,0,17,135
0x9024bd,68.5185%,17,37,54,37,17,0,0
0x808d71,99.7946%,17,8261,8278,8261,17,0,0
0x4b49eb,87.0229%,17,114,131,109,14,3,5
0x8fd9dd,93.4109%,17,241,258,241,12,5,0
0x9aa1cc,50%,17,17,34,1,0,17,16
0x820da0,97.1761%,17,585,602,0,0,17,585
0x8f3e11,95.5959%,17,369,386,0,0,17,369
0x4ba47e,80%,17,68,85,0,0,17,68
0x64860b,69.6429%,17,39,56,0,0,17,39
0x49e134,89.697%,17,148,165,148,17,0,0
0x54225c,92.2374%,17,202,219,0,0,17,202
0x7c21ae,87.7698%,17,122,139,0,13,4,122
0xa96f2e,19.0476%,17,4,21,2,0,17,2
0x63c87c,95.5614%,17,366,383,366,17,0,0
0x819541,89.375%,17,143,160,0,0,17,143
0x4b9f50,92.6724%,17,215,232,215,16,1,0
0x40e6b8,79.5181%,17,66,83,46,15,2,20
0x81a464,95.8637%,17,394,411,0,1,16,394
0x666463,96.7557%,17,507,524,2,0,17,505
0x9d1ccc,55.2632%,17,21,38,0,16,1,21
0x8c7e0f,97.867%,17,780,797,1,15,2,779
0x4beebc,70.6897%,17,41,58,20,5,12,21
0x909018,99.0845%,17,1840,1857,1840,17,0,0
0x90ab98,98.231%,17,944,961,944,17,0,0
0x6277ff,77.027%,17,57,74,33,11,6,24
0x501363,98.9454%,17,1595,1612,0,0,17,1595
0x9593b4,86.2903%,17,107,124,107,17,0,0
0xa30103,94.3522%,17,284,301,284,12,5,0
0x811c26,97.7893%,17,752,769,26,11,6,726
0xa264a0,98.3932%,17,1041,1058,1041,15,2,0
0x485cae,94.4444%,17,289,306,0,0,17,289
0x494392,45.1613%,17,14,31,9,5,12,5
0x7b6416,54.0541%,17,20,37,15,17,0,5
0x8d28d1,99.5373%,17,3657,3674,3657,17,0,0
0xaa06dd,80.6818%,17,71,88,4,16,1,67
0x49a0e5,46.875%,17,15,32,4,12,5,11
0x81086f,77.3333%,17,58,75,58,17,0,0
0x8f3909,97.8829%,17,786,803,786,17,0,0
0x5cd3c3,67.9245%,17,36,53,36,17,0,0
0x4098a6,94.5161%,17,293,310,293,17,0,0
0x9fe613,61.3636%,17,27,44,24,16,1,3
0x59117a,81.5217%,17,75,92,75,17,0,0
0x4b6547,65.3061%,17,32,49,0,3,14,32
0x8b9e5a,98.5357%,17,1144,1161,1144,17,0,0
0xa9377a,41.3793%,17,12,29,0,0,17,12
0x94d85c,96.8165%,17,517,534,0,0,17,517
0x49faf4,88.7417%,17,134,151,8,1,16,126
0x99b79b,91.7073%,17,188,205,188,2,15,0
0x5f75e4,97.4203%,17,642,659,642,15,2,0
0x4be9cd,87.8571%,17,123,140,105,0,17,18
0x821270,98.6356%,17,1229,1246,1229,17,0,0
0xa44160,80.2326%,17,69,86,11,11,6,58
0x542c12,95.2514%,17,341,358,338,12,5,3
0x501b57,97.8508%,17,774,791,4,9,8,770
0x97341b,57.5%,17,23,40,0,0,17,23
0x8da2ab,98.8443%,17,1454,1471,1454,17,0,0
0xa4d41d,87.3134%,17,117,134,63,4,13,54
0xa27603,99.1353%,17,1949,1966,0,0,17,1949
0x402d30,71.1864%,17,42,59,0,0,17,42
0x507eba,97.7027%,17,723,740,0,0,17,723
0x489e5f,75%,17,51,68,0,0,17,51
0x9be59f,95.5729%,17,367,384,0,2,15,367
0x4ab4aa,88.1119%,17,126,143,108,4,13,18
0x50c3e9,97.2403%,17,599,616,0,0,17,599
0x66689a,96.5447%,17,475,492,475,17,0,0
0xb2c8d6,95.0867%,17,329,346,329,17,0,0
0xa25f50,90.9574%,17,171,188,0,0,17,171
0x99c8cf,96.5657%,17,478,495,478,17,0,0
0x50d3df,89.441%,17,144,161,144,17,0,0
0x51b58b,98.6635%,17,1255,1272,0,0,17,1255
0xa556b5,79.5181%,17,66,83,66,17,0,0
0x4badb0,94.4079%,17,287,304,287,17,0,0
0x8fe0a2,80.2326%,17,69,86,0,0,17,69
0xb14983,99.6008%,17,4241,4258,0,0,17,4241
0x9a8a88,94.864%,17,314,331,314,17,0,0
0xa54fe1,66%,17,33,50,5,7,10,28
0x9f455e,78.75%,17,63,80,63,17,0,0
0xa3ba5c,87.8571%,17,123,140,0,0,17,123
0x48c453,82.2917%,17,79,96,79,17,0,0
0xb18323,98.3085%,17,988,1005,988,17,0,0
0xa50093,79.0123%,17,64,81,2,14,3,62
0x404e98,55.2632%,17,21,38,2,0,17,19
0x8bcae0,91.5423%,17,184,201,184,17,0,0
0x8ff1c3,90.3409%,17,159,176,1,5,12,158
0x502147,88.0282%,17,125,142,0,0,17,125
0x9ed988,86.5079%,17,109,126,109,17,0,0
0x58d1bc,81.5217%,17,75,92,0,0,17,75
0x4a9ee5,91.3265%,17,179,196,179,3,14,0
0x8b9b97,99.819%,17,9376,9393,0,0,17,9376
0xa31348,88.0282%,17,125,142,42,15,2,83
0x80bcec,85.9504%,17,104,121,34,12,5,70
0x5dec50,98.6301%,17,1224,1241,0,0,17,1224
0x550105,69.6429%,17,39,56,2,6,11,37
0x8db775,94.6032%,17,298,315,0,0,17,298
0x8b97a7,99.8506%,17,11360,11377,0,0,17,11360
0x9a1c32,90.1734%,17,156,173,122,4,13,34
0xa9b2ef,62.2222%,17,28,45,28,17,0,0
0x4049be,93.4363%,17,242,259,242,17,0,0
0x9a7261,43.3333%,17,13,30,9,12,5,4
0xa3288a,86.2903%,17,107,124,107,17,0,0
0x90c21b,97.981%,17,825,842,825,17,0,0
0x8e4521,46.875%,17,15,32,15,17,0,0
0x4c6dff,79.5181%,17,66,83,0,0,17,66
0xa30c75,98.8521%,17,1464,1481,1456,6,11,8
0x900c31,94.9102%,17,317,334,0,0,17,317
0xb1b6e4,98.3085%,17,988,1005,0,0,17,988
0x65bd54,90.3955%,17,160,177,160,17,0,0
0x8eb6ef,99.4033%,17,2832,2849,2832,17,0,0
0x8ff7ba,99.5473%,17,3738,3755,3738,17,0,0
0xa55b80,79.5181%,17,66,83,66,17,0,0
0x67a6db,99.3834%,17,2740,2757,2740,17,0,0
0x65b9ae,95.9716%,17,405,422,0,0,17,405
0xaa2ea1,97.2581%,17,603,620,603,17,0,0
0x50aed9,84.4037%,17,92,109,90,15,2,2
0x50ada6,84.6847%,17,94,111,2,0,17,92
0x8efe1e,52.7778%,17,19,36,7,15,2,12
0x63aec7,97.9294%,17,804,821,804,17,0,0
0xa60b86,85.3448%,17,99,116,99,17,0,0
0x501ae3,97.8589%,17,777,794,0,0,17,777
0xa41d8c,99.0981%,17,1868,1885,0,0,17,1868
0x8a6c5b,98.1298%,17,892,909,892,17,0,0
0xa4b697,15%,17,3,20,3,17,0,0
0xa456b3,89.5062%,17,145,162,145,5,12,0
0x88e5b4,56.4103%,17,22,39,22,17,0,0
0x9f7b20,90.3955%,17,160,177,0,0,17,160
0x482d17,55.2632%,17,21,38,8,11,6,13
0x817234,89.172%,17,140,157,62,3,14,78
0x8a7780,80.4598%,17,70,87,7,3,14,63
0x8ea942,98.6168%,17,1212,1229,0,4,13,1212
0x9005fb,95.1149%,17,331,348,1,1,16,330
0x59047c,97.875%,17,783,800,0,0,17,783
0xa5bee6,46.875%,17,15,32,15,17,0,0
0x8eb016,58.5366%,17,24,41,22,13,4,2
0xa9f18a,92.4779%,17,209,226,192,15,2,17
0x9fde9a,32%,17,8,25,8,17,0,0
0x5fae59,64.5833%,17,31,48,6,9,8,25
0x4ca662,63.0435%,17,29,46,0,11,6,29
0x90b356,97.7865%,17,751,768,751,17,0,0
0xa52125,77.9221%,17,60,77,60,17,0,0
0x8063ef,56.4103%,17,22,39,21,17,0,1
0x9e4ecf,71.6667%,17,43,60,43,17,0,0
0x608caf,91.5%,17,183,200,183,17,0,0
0x9e50b3,92.8571%,17,221,238,0,0,17,221
0x6a3a5b,73.4375%,17,47,64,21,17,0,26
0x9497d8,78.481%,17,62,79,62,17,0,0
0x65c044,96.2389%,17,435,452,435,17,0,0
0x95964d,86.2903%,17,107,124,0,0,17,107
0x481592,10.5263%,17,2,19,2,17,0,0
0x58d9d2,73.4375%,17,47,64,46,16,1,1
0x53ef7f,90.7104%,17,166,183,1,4,13,165
0xb2e2d8,64.5833%,17,31,48,0,0,17,31
0x8fe423,92.735%,17,217,234,103,15,2,114
0x8eac1b,98.6122%,17,1208,1225,1208,17,0,0
0x5f6d19,70.6897%,17,41,58,19,10,7,22
0x945c5b,73.8462%,17,48,65,0,0,17,48
0x48ef92,69.0909%,17,38,55,13,2,15,25
0x8e7938,92.9167%,17,223,240,5,11,6,218
0x8ad90a,81.1111%,17,73,90,16,17,0,57
0xb1489a,99.6008%,17,4241,4258,0,0,17,4241
0x4997d3,71.1864%,17,42,59,6,10,7,36
0x5f6d6b,57.5%,17,23,40,8,3,14,15
0x909941,99.0845%,17,1840,1857,1840,17,0,0
0x813c76,98.1953%,17,925,942,925,17,0,0
0x8f4bce,90.3409%,17,159,176,27,14,3,132
0xa30e9f,84.8214%,17,95,112,95,17,0,0
0x5f0766,61.3636%,17,27,44,5,5,12,22
0x9bdd17,69.0909%,17,38,55,29,10,7,9
0x9f9682,75%,17,51,68,51,17,0,0
0x638ef2,94.9704%,17,321,338,0,0,17,321
0xa4d40f,74.6269%,17,50,67,0,0,17,50
0xa9c7a3,87.6812%,17,121,138,0,0,17,121
0x8bad38,96.1883%,17,429,446,2,1,16,427
0xa5d04e,93.7729%,17,256,273,11,3,14,245
0x493066,89.8204%,17,150,167,150,17,0,0
0xa5887f,85.3448%,17,99,116,1,11,6,98
0x5c4558,98.0594%,17,859,876,859,17,0,0
0x53d8e0,98.9802%,17,1650,1667,1650,17,0,0
0x80f9fd,77.027%,17,57,74,41,7,10,16
0x9a3557,39.2857%,17,11,28,11,17,0,0
0xaa549a,29.1667%,17,7,24,2,9,8,5
0x5b2f33,91.5%,17,183,200,183,17,0,0
0x5b262e,63.8298%,17,30,47,0,2,15,30
0x8be42f,98.1934%,17,924,941,4,16,1,920
0x8a76ff,94.0767%,17,270,287,52,7,10,218
0x98b5d8,89.441%,17,144,161,144,17,0,0
0x9807df,56.4103%,17,22,39,19,9,8,3
0x5f836a,37.037%,17,10,27,4,2,15,6
0x973089,60.4651%,17,26,43,4,11,6,22
0xa4a37c,58.5366%,17,24,41,3,7,10,21
0x5f92ac,78.75%,17,63,80,7,12,5,56
0xa2d5fb,96.4361%,17,460,477,0,0,17,460
0x64a88a,46.875%,17,15,32,15,17,0,0
0x4a7feb,81.5217%,17,75,92,0,0,17,75
0xa52d51,95.3168%,17,346,363,1,3,14,345
0x554c84,73.4375%,17,47,64,0,0,17,47
0xa34393,65.3061%,17,32,49,0,0,17,32
0x53e94e,88.961%,17,137,154,137,17,0,0
0x679c1f,99.0556%,17,1783,1800,577,15,2,1206
0xa60ccd,92.9167%,17,223,240,223,14,3,0
0x81a2eb,94.8328%,17,312,329,0,8,9,312
0xa03aa3,85.4701%,17,100,117,51,4,13,49
0x9f945e,85.8333%,17,103,120,0,0,17,103
0x9d04b6,94.2953%,17,281,298,279,14,3,2
0x9eb2cd,75%,17,51,68,50,6,11,1
0x722d69,94.5161%,17,293,310,0,0,17,293
0x991a49,93.5606%,17,247,264,0,0,17,247
0xaa126a,54.0541%,17,20,37,19,14,3,1
0x5be5fb,90%,17,153,170,0,0,17,153
0x5fc02f,41.3793%,17,12,29,2,8,9,10
0x8f6a0b,95.3168%,17,346,363,0,0,17,346
0xb2e734,99.7874%,17,7978,7995,0,0,17,7978
0x675036,46.875%,17,15,32,7,9,8,8
0x977d3a,88.1119%,17,126,143,126,17,0,0
0x8d420e,95.4178%,17,354,371,0,2,15,354
0x9ee018,89.697%,17,148,165,0,0,17,148
0x8dea8a,86.7188%,17,111,128,0,0,17,111
0x4b6ed4,45.1613%,17,14,31,0,0,17,14
0xa4ba76,91.2371%,17,177,194,0,0,17,177
0x58e427,84.9558%,17,96,113,2,2,15,94
0x50d8e5,54.0541%,17,20,37,1,11,6,19
0x537c24,61.3636%,17,27,44,27,17,0,0
0x910ee7,99.292%,16,2244,2260,0,0,16,2244
0x8f56a0,99.5653%,16,3665,3681,3665,4,12,0
0x9e2aed,78.3784%,16,58,74,0,0,16,58
0xa49590,96.0396%,16,388,404,388,16,0,0
0x4bb8f0,85.7143%,16,96,112,52,4,12,44
0x908eac,94.7883%,16,291,307,133,7,9,158
0xb3241d,98.3488%,16,953,969,0,0,16,953
0xa55f08,63.6364%,16,28,44,17,10,6,11
0x9f115f,94.3463%,16,267,283,0,0,16,267
0x9e014e,98.5102%,16,1058,1074,0,0,16,1058
0xa26565,99.0448%,16,1659,1675,0,0,16,1659
0x94297f,93.0131%,16,213,229,213,16,0,0
0x64af4a,99.7197%,16,5692,5708,0,0,16,5692
0x808e37,98.1132%,16,832,848,832,11,5,0
0x6964a5,98.5612%,16,1096,1112,0,0,16,1096
0x8dc69c,97.9434%,16,762,778,762,16,0,0
0x51b5be,99.6967%,16,5259,5275,0,0,16,5259
0x945c7d,75.3846%,16,49,65,0,0,16,49
0x67044b,87.9699%,16,117,133,0,0,16,117
0x49981b,11.1111%,16,2,18,2,16,0,0
0x403fa3,99.022%,16,1620,1636,1620,6,10,0
0x9ab92c,93.0736%,16,215,231,128,16,0,87
0xa2e2cf,57.8947%,16,22,38,22,16,0,0
0x8ff404,87.4016%,16,111,127,0,0,16,111
0xa57ba4,79.4872%,16,62,78,23,16,0,39
0x5f55f3,71.4286%,16,40,56,40,16,0,0
0x976e9b,52.9412%,16,18,34,13,3,13,5
0x8080a5,98.102%,16,827,843,268,14,2,559
0x541f91,98.1132%,16,832,848,0,0,16,832
0x9f507b,69.2308%,16,36,52,0,0,16,36
0x961343,84.1584%,16,85,101,85,16,0,0
0x944333,91.3978%,16,170,186,65,11,5,105
0x8bb918,80.4878%,16,66,82,29,16,0,37
0x809278,92.8251%,16,207,223,207,14,2,0
0x4a0258,88.4058%,16,122,138,122,16,0,0
0x59000e,83.8384%,16,83,99,0,0,16,83
0x48e455,89.404%,16,135,151,135,16,0,0
0x8f6ab2,90.4762%,16,152,168,0,0,16,152
0x48a24d,99.7377%,16,6083,6099,0,0,16,6083
0x976e5c,52.9412%,16,18,34,18,16,0,0
0xa511ec,71.4286%,16,40,56,40,3,13,0
0x5cfc42,98.7271%,16,1241,1257,1233,12,4,8
0x8bb721,80.4878%,16,66,82,61,11,5,5
0xa9b820,93.0131%,16,213,229,38,3,13,175
0x9e2602,98.3193%,16,936,952,0,0,16,936
0xa01b9e,76.4706%,16,52,68,47,5,11,5
0x9d1b81,33.3333%,16,8,24,8,16,0,0
0x64df73,96.9466%,16,508,524,508,16,0,0
0x8bcc65,48.3871%,16,15,31,0,0,16,15
0x9692cb,81.3953%,16,70,86,70,16,0,0
0x4b5cbd,60.9756%,16,25,41,0,13,3,25
0x670012,87.9699%,16,117,133,117,16,0,0
0xa95d23,97.5232%,16,630,646,9,11,5,621
0xab28b2,99.7823%,16,7334,7350,0,0,16,7334
0x63b548,98.7749%,16,1290,1306,0,0,16,1290
0x5b15a1,96.9231%,16,504,520,5,5,11,499
0x8f6aca,95.2381%,16,320,336,158,10,6,162
0x81d3a2,91.2088%,16,166,182,0,0,16,166
0x9e2716,72.4138%,16,42,58,42,16,0,0
0x9d0c0d,84.3137%,16,86,102,37,14,2,49
0x8ebb78,96.7146%,16,471,487,471,16,0,0
0x50b5e5,63.6364%,16,28,44,26,14,2,2
0x8a8df5,98.853%,16,1379,1395,1379,14,2,0
0x4bd69b,23.8095%,16,5,21,2,0,16,3
0x4bd687,23.8095%,16,5,21,0,0,16,5
0x4039b1,52.9412%,16,18,34,15,1,15,3
0xa60c90,93.2489%,16,221,237,0,0,16,221
0x542272,99.7319%,16,5953,5969,0,0,16,5953
0x8bcca2,69.8113%,16,37,53,12,11,5,25
0x64adc1,99.9239%,16,20998,21014,0,0,16,20998
0x639b12,75.3846%,16,49,65,49,12,4,0
0x5d60de,87.9699%,16,117,133,117,16,0,0
0x9ea64c,82.4176%,16,75,91,75,16,0,0
0x4bee19,72.4138%,16,42,58,0,0,16,42
0x4b50b7,87.5%,16,112,128,0,8,8,112
0x40f84d,78.9474%,16,60,76,60,16,0,0
0x5111f0,97.8202%,16,718,734,0,0,16,718
0x8b9e87,98.6395%,16,1160,1176,46,9,7,1114
0x58be4b,78.9474%,16,60,76,60,16,0,0
0xa92f17,81.8182%,16,72,88,72,16,0,0
0x504d0b,72.8814%,16,43,59,34,15,1,9
0x5b9a1d,78.0822%,16,57,73,4,10,6,53
0x8eecc1,96.9112%,16,502,518,502,5,11,0
0x90b1c0,77.1429%,16,54,70,0,0,16,54
0x48e55b,89.3333%,16,134,150,97,5,11,37
0x7c7b8f,83.5052%,16,81,97,0,0,16,81
0x55460b,98.6864%,16,1202,1218,1202,16,0,0
0x49325c,87.5%,16,112,128,112,16,0,0
0x9e0b1d,93.9163%,16,247,263,0,0,16,247
0x4889b3,98.439%,16,1009,1025,1009,16,0,0
0x96b6b7,68%,16,34,50,0,0,16,34
0x63881f,98.7352%,16,1249,1265,1249,16,0,0
0x9e8787,79.7468%,16,63,79,0,0,16,63
0x9f0b9b,82.2222%,16,74,90,0,0,16,74
0xaaae42,91.3978%,16,170,186,0,0,16,170
0x6277e0,65.2174%,16,30,46,2,14,2,28
0xa43be1,94.306%,16,265,281,0,0,16,265
0x99b18b,60%,16,24,40,24,16,0,0
0xa44304,67.3469%,16,33,49,19,8,8,14
0x5cd300,75%,16,48,64,48,13,3,0
0x5f073c,27.2727%,16,6,22,0,0,16,6
0x65c25c,99.6649%,16,4758,4774,0,0,16,4758
0x90269d,98.6667%,16,1184,1200,1184,16,0,0
0x6104df,93.9163%,16,247,263,247,16,0,0
0xb31357,98.3488%,16,953,969,0,0,16,953
0x9e6333,11.1111%,16,2,18,2,16,0,0
0x58bbd9,80.4878%,16,66,82,0,0,16,66
0xa51e03,71.4286%,16,40,56,40,9,7,0
0x9e0bed,30.4348%,16,7,23,4,2,14,3
0xa97158,56.7568%,16,21,37,21,16,0,0
0x90aca2,92.233%,16,190,206,190,16,0,0
0x8e7ea4,79.7468%,16,63,79,0,0,16,63
0x8a51f1,38.4615%,16,10,26,0,0,16,10
0xa2d61e,96.6457%,16,461,477,0,4,12,461
0x81f713,98.3623%,16,961,977,0,0,16,961
0x5555ab,98.6864%,16,1202,1218,0,0,16,1202
0x48db7f,95.1368%,16,313,329,0,0,16,313
0xa336ad,98.6864%,16,1202,1218,1202,16,0,0
0x8b9b16,99.4507%,16,2897,2913,0,0,16,2897
0xa9746e,61.9048%,16,26,42,14,8,8,12
0x972f71,94.2857%,16,264,280,0,0,16,264
0x64b458,99.9243%,16,21115,21131,0,0,16,21115
0x63d256,30.4348%,16,7,23,7,16,0,0
0x80547a,82.0225%,16,73,89,73,16,0,0
0x9fb60e,94.7712%,16,290,306,76,15,1,214
0xa34be1,78.6667%,16,59,75,2,0,16,57
0x9f5306,89.6774%,16,139,155,14,14,2,125
0x490203,70.3704%,16,38,54,38,16,0,0
0x610d27,98.0198%,16,792,808,0,0,16,792
0x8c9357,97.1979%,16,555,571,554,6,10,1
0xa4586d,92.5926%,16,200,216,200,16,0,0
0x9f502f,88.4058%,16,122,138,122,16,0,0
0x9ab8aa,93.7255%,16,239,255,239,16,0,0
0x54ef89,62.7907%,16,27,43,0,0,16,27
0x4b4b2c,65.2174%,16,30,46,22,9,7,8
0x9f4bce,94.7883%,16,291,307,78,2,14,213
0x9842fa,89.0411%,16,130,146,69,3,13,61
0x949890,79.7468%,16,63,79,0,0,16,63
0xa3009f,92.9825%,16,212,228,0,0,16,212
0x9f4190,51.5152%,16,17,33,17,16,0,0
0xb14920,99.5728%,16,3729,3745,0,0,16,3729
0xa46644,93.4156%,16,227,243,3,8,8,224
0x9f9991,60.9756%,16,25,41,7,12,4,18
0x48c717,88.8889%,16,128,144,0,0,16,128
0x90fcec,94.2857%,16,264,280,46,7,9,218
0x48bd43,88.8112%,16,127,143,30,13,3,97
0x9c3936,87.5969%,16,113,129,113,16,0,0
0x8e535d,0%,16,0,16,0,0,16,0
0x50a94c,88.2353%,16,120,136,11,14,2,109
0x4bac6d,97.2366%,16,563,579,0,0,16,563
0x480780,57.8947%,16,22,38,7,12,4,15
0x4ba4d3,72.4138%,16,42,58,33,3,13,9
0x95ae0a,30.4348%,16,7,23,7,16,0,0
0x5e59b3,98.0124%,16,789,805,789,16,0,0
0x409bb7,72.4138%,16,42,58,12,5,11,30
0x8a8f3c,88.5714%,16,124,140,20,8,8,104
0x640589,92%,16,184,200,184,16,0,0
0x81341c,99.0544%,16,1676,1692,1676,16,0,0
0x911810,92.0398%,16,185,201,0,0,16,185
0x8e233d,99.7378%,16,6086,6102,0,0,16,6086
0xb46759,90.4192%,16,151,167,0,0,16,151
0x649b49,84.9057%,16,90,106,90,14,2,0
0x512316,97.7433%,16,693,709,60,7,9,633
0x8aab89,98.1221%,16,836,852,0,0,16,836
0x9f5c9f,42.8571%,16,12,28,0,0,16,12
0x5edc44,98.4158%,16,994,1010,994,16,0,0
0x9be4b4,77.7778%,16,56,72,56,14,2,0
0x49ec3b,90.0621%,16,145,161,0,0,16,145
0x550f72,40.7407%,16,11,27,2,4,12,9
0xa521db,79.2208%,16,61,77,61,15,1,0
0x8a97e4,99.8774%,16,13036,13052,0,0,16,13036
0x5590e7,96.2617%,16,412,428,0,0,16,412
0x9f9786,50%,16,16,32,6,16,0,10
0x402260,99.0643%,16,1694,1710,1694,16,0,0
0x8a6433,86.8852%,16,106,122,4,13,3,102
0xa1af88,63.6364%,16,28,44,6,10,6,22
0x9f941e,69.2308%,16,36,52,32,16,0,4
0x48b416,92.8889%,16,209,225,0,0,16,209
0x94dac8,97.2743%,16,571,587,571,16,0,0
0x80fe17,97.3109%,16,579,595,0,0,16,579
0x90a427,99.3139%,16,2316,2332,2316,16,0,0
0x80dc5d,85.9649%,16,98,114,0,0,16,98
0x94eb96,82.2222%,16,74,90,0,0,16,74
0x5edca5,98.4158%,16,994,1010,994,9,7,0
0x9f3f58,90.303%,16,149,165,149,16,0,0
0x485d3b,94.7712%,16,290,306,0,0,16,290
0x808087,98.1132%,16,832,848,831,12,4,1
0x9441e3,98.3158%,16,934,950,0,0,16,934
0xa41db8,99.0476%,16,1664,1680,1664,16,0,0
0x900c7c,95.2096%,16,318,334,318,16,0,0
0xa0248e,96.5957%,16,454,470,0,0,16,454
0xa2923f,0%,16,0,16,0,16,0,0
0x9a805b,48.3871%,16,15,31,15,16,0,0
0x659e94,15.7895%,16,3,19,3,16,0,0
0x9e0b49,93.9163%,16,247,263,4,2,14,243
0x98c9f0,85.3211%,16,93,109,0,0,16,93
0x98b540,91.0112%,16,162,178,162,16,0,0
0x90eba9,92%,16,184,200,184,16,0,0
0x50e81f,62.7907%,16,27,43,14,15,1,13
0xa15a21,96.6387%,16,460,476,460,16,0,0
0x81e94c,78.9474%,16,60,76,60,16,0,0
0x647a1b,64.4444%,16,29,45,20,13,3,9
0x4832f7,44.8276%,16,13,29,13,16,0,0
0x534aca,71.4286%,16,40,56,0,0,16,40
0xa319b1,92.5926%,16,200,216,0,3,13,200
0x8e96a8,98.8669%,16,1396,1412,0,2,14,1396
0x53aa45,60.9756%,16,25,41,24,15,1,1
0x9a7a76,87.7863%,16,115,131,92,4,12,23
0x5bd916,98.3299%,16,942,958,942,16,0,0
0x403883,95.8974%,16,374,390,374,16,0,0
0x6515db,78.3784%,16,58,74,0,0,16,58
0x4825aa,57.8947%,16,22,38,12,7,9,10
0x6672f0,48.3871%,16,15,31,15,16,0,0
0x53a52d,93.6255%,16,235,251,38,16,0,197
0x68a993,78.9474%,16,60,76,0,0,16,60
0x5b14c1,96.9231%,16,504,520,504,16,0,0
0x8a7384,98.2833%,16,916,932,0,0,16,916
0x8dd9c9,46.6667%,16,14,30,14,16,0,0
0x80c966,94.3262%,16,266,282,266,6,10,0
0x8f417c,95.0769%,16,309,325,309,16,0,0
0x58be69,78.9474%,16,60,76,0,0,16,60
0x5e4759,98.9397%,16,1493,1509,1493,16,0,0
0xa4836f,93.3884%,16,226,242,226,16,0,0
0x5f7eed,88.1481%,16,119,135,119,8,8,0
0xaa23c4,52.9412%,16,18,34,18,12,4,0
0xa45235,94.9367%,16,300,316,0,0,16,300
0xa2d648,91.7526%,16,178,194,178,16,0,0
0x9a0acc,42.8571%,16,12,28,0,0,16,12
0x404fb9,61.9048%,16,26,42,26,16,0,0
0x409c7f,94.8387%,16,294,310,294,16,0,0
0x5cba5a,87.7863%,16,115,131,115,16,0,0
0x90bed3,98.3351%,16,945,961,105,14,2,840
0xaa2e46,97.4194%,16,604,620,0,0,16,604
0x9a3304,89.0411%,16,130,146,130,15,1,0
0x4b5791,84.3137%,16,86,102,4,14,2,82
0x5e4728,98.9397%,16,1493,1509,0,0,16,1493
0x494dba,89.8734%,16,142,158,121,7,9,21
0x900792,78.9474%,16,60,76,53,6,10,7
0xa54976,95.2941%,16,324,340,324,16,0,0
0x7b6366,88.6525%,16,125,141,93,3,13,32
0xa9262b,91.5344%,16,173,189,0,0,16,173
0xa52fa8,91.7526%,16,178,194,1,1,15,177
0xa4f74c,57.8947%,16,22,38,4,16,0,18
0x8bb1dc,96.088%,16,393,409,393,16,0,0
0x9d0971,84.3137%,16,86,102,47,4,12,39
0xa2d9ef,20%,16,4,20,1,1,15,3
0x9d1178,92.8571%,16,208,224,117,3,13,91
0x9495cc,97.1631%,16,548,564,0,0,16,548
0x50cbcc,75.7576%,16,50,66,15,4,12,35
0x50c65b,60.9756%,16,25,41,0,0,16,25
0xa53106,20%,16,4,20,3,15,1,1
0xa3940c,42.8571%,16,12,28,0,0,16,12
0xa318f5,88.0597%,16,118,134,118,16,0,0
0x9f03a7,95.8225%,16,367,383,0,0,16,367
0x65bc54,96.8317%,16,489,505,0,0,16,489
0x907558,64.4444%,16,29,45,4,6,10,25
0xa318cf,92.5926%,16,200,216,78,4,12,122
0x5f76b8,97.3641%,16,591,607,591,14,2,0
0x9a9410,73.3333%,16,44,60,0,0,16,44
0x48f715,75.3846%,16,49,65,4,6,10,45
0x5f561a,73.3333%,16,44,60,44,16,0,0
0x949a67,69.8113%,16,37,53,0,0,16,37
0x4c15d3,91.9192%,16,182,198,182,16,0,0
0x4c518f,95.2802%,16,323,339,11,10,6,312
0xa467ed,95.3757%,16,330,346,15,3,13,315
0xa4a232,71.4286%,16,40,56,29,9,7,11
0x81f2e6,72.8814%,16,43,59,15,4,12,28
0x9a7554,60%,16,24,40,12,10,6,12
0x8d24d0,61.9048%,16,26,42,0,0,16,26
0x959032,88.6525%,16,125,141,76,5,11,49
0x550972,68.6275%,16,35,51,35,16,0,0
0xa4f96e,96.4126%,16,430,446,176,14,2,254
0x94d601,97.1631%,16,548,564,548,16,0,0
0x81cbae,90.6977%,16,156,172,156,16,0,0
0x833a80,87.8788%,16,116,132,10,8,8,106
0x8f5f52,97.7401%,16,692,708,0,0,16,692
0x9017d5,40.7407%,16,11,27,0,0,16,11
0xa7a1ac,90.8571%,16,159,175,0,0,16,159
0x6705b3,87.9699%,16,117,133,0,0,16,117
0xa494a2,82.4176%,16,75,91,75,16,0,0
0x4889ed,15.7895%,16,3,19,3,16,0,0
0x94c646,97.153%,16,546,562,546,16,0,0
0x508934,60.9756%,16,25,41,0,0,16,25
0x8ee721,95.6873%,16,355,371,0,0,16,355
0x495051,42.8571%,16,12,28,8,10,6,4
0xa47c2d,58.9744%,16,23,39,0,0,16,23
0x50d0a6,80.4878%,16,66,82,66,16,0,0
0x9ef41f,73.3333%,16,44,60,0,0,16,44
0x81a4da,98.0653%,16,811,827,0,0,16,811
0x98c9c6,85.3211%,16,93,109,93,16,0,0
0x94d878,97.0037%,16,518,534,518,16,0,0
0x6f43e0,42.8571%,16,12,28,12,16,0,0
0xa4decd,20%,16,4,20,4,16,0,0
0xa95bec,87.6923%,16,114,130,114,16,0,0
0xa95b9a,87.6923%,16,114,130,114,16,0,0
0x4a7a35,65.2174%,16,30,46,0,1,15,30
0xa41f9e,81.6092%,16,71,87,71,16,0,0
0xa327b6,70.9091%,16,39,55,1,4,12,38
0x9e747c,91.0112%,16,162,178,162,14,2,0
0x9f0db6,96.1722%,16,402,418,0,0,16,402
0x8379ce,78.9474%,16,60,76,23,5,11,37
0x404c48,23.8095%,16,5,21,5,16,0,0
0xa53d38,90.2439%,16,148,164,148,16,0,0
0x9005dc,95.4023%,16,332,348,0,0,16,332
0x492a10,90.303%,16,149,165,144,14,2,5
0x5f1147,94.822%,16,293,309,0,10,6,293
0x4ab8e1,36%,16,9,25,9,16,0,0
0x53b915,87.8788%,16,116,132,97,9,7,19
0x8f3667,86.2069%,16,100,116,0,15,1,100
0x409d25,80.4878%,16,66,82,61,0,16,5
0x591f7c,77.1429%,16,54,70,13,5,11,41
0x60b398,88.5714%,16,124,140,124,16,0,0
0x40e765,99.0062%,16,1594,1610,1594,16,0,0
0x911139,78.9474%,16,60,76,60,16,0,0
0xa31ebe,78.3784%,16,58,74,0,0,16,58
0x5016f3,94.5763%,16,279,295,0,0,16,279
0x5cf3e5,99.1583%,16,1885,1901,0,0,16,1885
0x9e0119,98.5102%,16,1058,1074,0,0,16,1058
0x5f129e,75%,16,48,64,15,15,1,33
0x803fa2,93.6759%,16,237,253,230,6,10,7
0x810918,93.9394%,16,248,264,6,5,11,242
0x507d43,55.5556%,16,20,36,20,11,5,0
0x488ae4,96.9582%,16,510,526,510,16,0,0
0x5c567e,93.0736%,16,215,231,6,2,14,209
0x5fefd6,60%,16,24,40,22,14,2,2
0x50f263,52.9412%,16,18,34,17,7,9,1
0x98cb43,92.381%,16,194,210,194,16,0,0
0xb314dd,96.2175%,16,407,423,0,2,14,407
0x8e9a96,98.7055%,16,1220,1236,1220,14,2,0
0x611428,78.0822%,16,57,73,54,10,6,3
0x4b4a59,93.8462%,16,244,260,0,9,7,244
0x9d0ac8,84.3137%,16,86,102,86,16,0,0
0x94e8eb,46.6667%,16,14,30,0,0,16,14
0x973c67,84.466%,16,87,103,87,16,0,0
0x9e2f9f,93.9163%,16,247,263,247,16,0,0
0x5b0e9a,70.9091%,16,39,55,39,16,0,0
0x9e8921,89.0411%,16,130,146,0,0,16,130
0x4995fa,87.4016%,16,111,127,0,0,16,111
0xa43b7c,87.7863%,16,115,131,115,16,0,0
0x610508,97.0534%,16,527,543,0,0,16,527
0xa93893,93.75%,16,240,256,8,11,5,232
0x819881,98.0653%,16,811,827,811,16,0,0
0xa591cb,86.5546%,16,103,119,103,16,0,0
0x539123,87.8788%,16,116,132,0,0,16,116
0x409f6e,46.6667%,16,14,30,13,3,13,1
0xa974aa,58.9744%,16,23,39,10,11,5,13
0xa3ff89,33.3333%,16,8,24,8,16,0,0
0x818b21,99.292%,16,2244,2260,2244,16,0,0
0x8f4d2d,99.3506%,16,2448,2464,2448,10,6,0
0x9e7528,96%,16,384,400,384,16,0,0
0x509614,80.4878%,16,66,82,0,0,16,66
0x48ec25,95.6044%,16,348,364,346,11,5,2
0x557d05,88.6525%,16,125,141,0,6,10,125
0xa46a67,93.0435%,16,214,230,214,16,0,0
0x8119e5,98.102%,16,827,843,827,14,2,0
0x8e74bb,80.7229%,16,67,83,2,10,6,65
0xa505de,78.6667%,16,59,75,4,5,11,55
0x60e4ab,96.4045%,16,429,445,429,16,0,0
0x48e080,88.5714%,16,124,140,14,11,5,110
0x48de0e,89.404%,16,135,151,0,0,16,135
0x55619c,93.4694%,16,229,245,228,13,3,1
0x512e57,99.5341%,16,3418,3434,0,0,16,3418
0x9f3272,95.4155%,16,333,349,333,16,0,0
0x50fd6f,96.6245%,16,458,474,458,16,0,0
0x4bbe72,91.9192%,16,182,198,4,12,4,178
0x550e76,52.9412%,16,18,34,18,16,0,0
0x40395c,56.7568%,16,21,37,0,0,16,21
0x40e8ee,87.3016%,16,110,126,107,9,7,3
0x806927,33.3333%,16,8,24,0,0,16,8
0xa50cec,81.8182%,16,72,88,68,16,0,4
0x53ff19,96.2441%,16,410,426,4,0,16,406
0x542bd0,95.6044%,16,348,364,0,0,16,348
0x639b82,75.3846%,16,49,65,0,0,16,49
0x5046de,11.1111%,16,2,18,2,16,0,0
0x8d242a,87.0968%,16,108,124,0,0,16,108
0x4c1b3d,97.026%,16,522,538,520,13,3,2
0x9ea2b5,77.7778%,16,56,72,56,16,0,0
0x51b856,98.3333%,16,944,960,0,0,16,944
0xa33a8e,97.148%,16,545,561,247,7,9,298
0xb1b654,98.0075%,16,787,803,787,16,0,0
0xa5f948,96.3554%,16,423,439,0,4,12,423
0x8f391a,98.0075%,16,787,803,787,16,0,0
0xa3412f,93.7008%,16,238,254,16,8,8,222
0x8da62b,99.2488%,16,2114,2130,0,2,14,2114
0x9e54f6,90.5325%,16,153,169,153,16,0,0
0x9ee2f8,74.1935%,16,46,62,13,3,13,33
0x5fecb7,69.8113%,16,37,53,7,7,9,30
0x58f3f9,69.2308%,16,36,52,0,0,16,36
0x80581c,90.9091%,16,160,176,159,7,9,1
0x5ff0b7,69.8113%,16,37,53,1,13,3,36
0x5f1111,94.7712%,16,290,306,284,3,13,6
0xa43cd4,97.1119%,16,538,554,0,0,16,538
0x60a8f0,97.9747%,16,774,790,0,0,16,774
0x8dbd9d,91.3978%,16,170,186,170,16,0,0
0x4c67d1,42.8571%,16,12,28,7,9,7,5
0x5ff45f,61.9048%,16,26,42,21,10,6,5
0x9e01ba,42.8571%,16,12,28,0,0,16,12
0x65c2d6,68%,16,34,50,21,13,3,13
0x788c9e,67.3469%,16,33,49,18,8,8,15
0x5fa527,70.3704%,16,38,54,0,0,16,38
0x4022a1,38.4615%,16,10,26,10,16,0,0
0x7cea4e,99.157%,16,1882,1898,1882,16,0,0
0x643b61,91.7098%,16,177,193,3,4,12,174
0x9112ea,97.594%,16,649,665,649,16,0,0
0xa4e111,92.381%,16,194,210,194,16,0,0
0x9f3898,95.8656%,16,371,387,1,10,6,370
0x838f3e,75.7576%,16,50,66,8,0,16,42
0x5f0474,84.7619%,16,89,105,89,16,0,0
0x6386c2,99.5976%,16,3960,3976,3960,16,0,0
0xa505da,57.8947%,16,22,38,21,14,2,1
0xb2e30f,5.88235%,16,1,17,0,0,16,1
0x819875,98.0653%,16,811,827,0,0,16,811
0x7942a9,54.2857%,16,19,35,3,3,13,16
0x99c96d,97.878%,16,738,754,738,16,0,0
0x558a85,95.664%,16,353,369,353,16,0,0
0x9e000f,98.5102%,16,1058,1074,0,0,16,1058
0x53dc61,87.4016%,16,111,127,107,10,6,4
0xa280ae,95.2239%,16,319,335,0,3,13,319
0x540b7d,95.4286%,16,334,350,284,9,7,50
0xb2ee4e,69.8113%,16,37,53,4,2,14,33
0x590680,99.066%,16,1697,1713,0,0,16,1697
0xa43927,91.3978%,16,170,186,170,16,0,0
0x8063e5,69.2308%,16,36,52,8,5,11,28
0x4b498e,88.4058%,16,122,138,0,0,16,122
0x4b9f2a,95.2941%,16,324,340,102,6,10,222
0xa18a0b,62.7907%,16,27,43,0,0,16,27
0x506006,82.7957%,16,77,93,77,16,0,0
0x4b9cd9,23.8095%,16,5,21,5,16,0,0
0x60a8a8,85.8407%,16,97,113,0,0,16,97
0x648468,94.2238%,16,261,277,76,9,7,185
0x55297e,88.7324%,16,126,142,8,8,8,118
0x5ffd21,80%,16,64,80,64,16,0,0
0xa399da,94.1392%,16,257,273,0,0,16,257
0x8ed8a0,96.4758%,16,438,454,1,2,14,437
0x511f47,88.4058%,16,122,138,122,16,0,0
0x4aadfe,60%,16,24,40,0,0,16,24
0x8ecba7,76.4706%,16,52,68,12,4,12,40
0x951868,95.3079%,16,325,341,0,0,16,325
0x48e8fe,42.8571%,16,12,28,12,14,2,0
0x402af9,87.9699%,16,117,133,0,0,16,117
0xa46cb5,83.3333%,16,80,96,80,8,8,0
0x9e6dcb,95.3757%,16,330,346,0,4,12,330
0x7cf524,51.5152%,16,17,33,6,8,8,11
0x8ea20e,88.8889%,16,128,144,0,0,16,128
0x537357,97.7011%,16,680,696,680,16,0,0
0x8fcc87,95.5801%,16,346,362,0,14,2,346
0xa50084,80.2469%,16,65,81,0,0,16,65
0x9e1ae9,86.6667%,16,104,120,0,2,14,104
0x59c445,30.4348%,16,7,23,7,16,0,0
0x8b9e8c,98.5727%,16,1105,1121,1105,16,0,0
0x48ba39,81.3953%,16,70,86,0,0,16,70
0x502138,65.2174%,16,30,46,18,0,16,12
0x8fdab8,71.4286%,16,40,56,38,14,2,2
0xa2ffda,92.9825%,16,212,228,212,16,0,0
0xa2568a,98.3488%,16,953,969,0,0,16,953
0x610bb6,92.1182%,16,187,203,7,2,14,180
0x66700b,95.5307%,16,342,358,0,11,5,342
0x8a340b,50%,16,16,32,4,10,6,12
0x4bcd12,61.9048%,16,26,42,0,0,16,26
0x49ca6a,57.8947%,16,22,38,0,0,16,22
0x49b231,99.5305%,16,3392,3408,3392,16,0,0
0x8a3424,50%,16,16,32,14,14,2,2
0x509868,99.6316%,16,4327,4343,0,0,16,4327
0x48c28d,83.6735%,16,82,98,82,16,0,0
0x538036,63.6364%,16,28,44,28,10,6,0
0xa26038,91.4894%,16,172,188,26,12,4,146
0x558073,98.3368%,16,946,962,0,1,15,946
0x9a7bef,97.1377%,16,543,559,0,8,8,543
0x5ffc82,87.5%,16,112,128,30,6,10,82
0x8a6b77,30.4348%,16,7,23,6,13,3,1
0x90415f,97.6879%,16,676,692,0,0,16,676
0x82180b,97.2603%,16,568,584,50,9,7,518
0x944579,93.9024%,15,231,246,19,5,10,212
0x5ebce3,93.3628%,15,211,226,209,2,13,2
0x50ffa9,91.4286%,15,160,175,160,15,0,0
0x8f319d,99.4179%,15,2562,2577,2559,5,10,3
0x4aad47,62.5%,15,25,40,8,2,13,17
0xaa33b4,95.5224%,15,320,335,0,0,15,320
0x8f1825,92.7536%,15,192,207,3,3,12,189
0x51053f,98.7981%,15,1233,1248,0,0,15,1233
0xa90a2f,91.7582%,15,167,182,160,9,6,7
0x4a5904,72.7273%,15,40,55,0,0,15,40
0x48d67f,78.2609%,15,54,69,0,0,15,54
0x48d041,46.4286%,15,13,28,12,15,0,1
0x4aac74,71.1538%,15,37,52,37,15,0,0
0x88e616,61.5385%,15,24,39,8,6,9,16
0x5cba52,88.5496%,15,116,131,0,0,15,116
0x8226f5,98.3836%,15,913,928,0,0,15,913
0x9e2aba,79.7297%,15,59,74,59,15,0,0
0x806072,93.3036%,15,209,224,207,15,0,2
0x63dc0c,89.3617%,15,126,141,126,15,0,0
0xa93815,94.1406%,15,241,256,241,15,0,0
0x542436,99.3447%,15,2274,2289,0,0,15,2274
0x808dc4,98.4177%,15,933,948,933,13,2,0
0x977f9a,94.4853%,15,257,272,0,0,15,257
0x814f80,16.6667%,15,3,18,3,15,0,0
0x404947,94.2085%,15,244,259,20,3,12,224
0x8f0a95,97.5369%,15,594,609,0,0,15,594
0xa31112,60.5263%,15,23,38,0,0,15,23
0x49d7e3,83.871%,15,78,93,75,10,5,3
0x4913cf,90.566%,15,144,159,0,0,15,144
0xaa2e3e,97.5806%,15,605,620,0,0,15,605
0x90dc99,50%,15,15,30,0,0,15,15
0x509824,99.2694%,15,2038,2053,0,0,15,2038
0xa27548,93.0556%,15,201,216,0,0,15,201
0x534b2c,81.4815%,15,66,81,0,0,15,66
0x4a8508,71.6981%,15,38,53,36,7,8,2
0x9f58d7,92.268%,15,179,194,179,15,0,0
0x511ba8,96.0938%,15,369,384,369,15,0,0
0xa02aab,44.4444%,15,12,27,1,11,4,11
0x58d2e5,83.6957%,15,77,92,77,15,0,0
0x5f9d2c,85.9813%,15,92,107,72,8,7,20
0x67aca9,99.4559%,15,2742,2757,2742,15,0,0
0xb28b2b,99.4677%,15,2803,2818,0,0,15,2803
0x499634,88.189%,15,112,127,112,15,0,0
0x50d0d3,81.7073%,15,67,82,0,0,15,67
0x8deb03,80.7692%,15,63,78,8,4,11,55
0x591bd3,90.8537%,15,149,164,0,0,15,149
0x65bc8c,97.0297%,15,490,505,0,0,15,490
0xb148c5,99.6477%,15,4243,4258,4243,15,0,0
0x8e4288,99.2413%,15,1962,1977,1962,15,0,0
0x53903e,88.6364%,15,117,132,0,0,15,117
0xa41eb8,93.8272%,15,228,243,210,2,13,18
0x81d4ed,91.7582%,15,167,182,167,15,0,0
0x485f20,11.7647%,15,2,17,2,15,0,0
0x8df633,44.4444%,15,12,27,4,14,1,8
0x8e4aae,65.9091%,15,29,44,29,15,0,0
0x8fea50,65.9091%,15,29,44,21,4,11,8
0x9f7b25,91.5254%,15,162,177,0,0,15,162
0xa50121,89.8649%,15,133,148,0,0,15,133
0xb4a155,98.4342%,15,943,958,943,15,0,0
0xa50a6c,58.3333%,15,21,36,21,1,14,0
0x4ab740,51.6129%,15,16,31,16,15,0,0
0x648807,73.2143%,15,41,56,41,15,0,0
0xb4676a,91.018%,15,152,167,1,0,15,151
0x4a82d5,34.7826%,15,8,23,8,15,0,0
0x53a1bc,68.75%,15,33,48,2,4,11,31
0x90024a,97.561%,15,600,615,5,0,15,595
0x908d4e,99.8124%,15,7979,7994,3710,10,5,4269
0x4c6d4c,83.5165%,15,76,91,8,7,8,68
0xa361ac,89.4366%,15,127,142,127,10,5,0
0x99b7b9,0%,15,0,15,0,15,0,0
0x4a8561,66.6667%,15,30,45,0,0,15,30
0x40e727,92.6829%,15,190,205,174,11,4,16
0xa338a9,87.069%,15,101,116,1,6,9,100
0x978549,96.732%,15,444,459,0,0,15,444
0x5b9d79,68.75%,15,33,48,28,15,0,5
0xa43f67,76.5625%,15,49,64,49,15,0,0
0x9f4eff,86.6071%,15,97,112,97,15,0,0
0x8f4e15,99.4012%,15,2490,2505,2490,15,0,0
0x5934ce,89.9329%,15,134,149,0,0,15,134
0x90a61e,65.9091%,15,29,44,29,15,0,0
0x811f4e,96.9697%,15,480,495,480,15,0,0
0x618adc,78.5714%,15,55,70,55,15,0,0
0x8bd6d0,99.2686%,15,2036,2051,2036,15,0,0
0x60844a,80.2632%,15,61,76,36,12,3,25
0x4aaced,62.5%,15,25,40,25,15,0,0
0x9f9405,71.1538%,15,37,52,0,0,15,37
0x984308,79.7297%,15,59,74,51,15,0,8
0xa52d79,82.5581%,15,71,86,71,6,9,0
0x9d0500,94.9664%,15,283,298,279,15,0,4
0x8bcbe3,78.5714%,15,55,70,34,10,5,21
0x98b267,93.1818%,15,205,220,205,15,0,0
0x8dfe39,90.625%,15,145,160,143,15,0,2
0x51014f,96.4789%,15,411,426,411,15,0,0
0x81cb78,91.7582%,15,167,182,1,9,6,166
0x9110d8,71.6981%,15,38,53,0,0,15,38
0x8f488d,98.9154%,15,1368,1383,1368,15,0,0
0x8e44ec,99.105%,15,1661,1676,1661,7,8,0
0xa9754f,89.9329%,15,134,149,134,15,0,0
0x8f3ffa,75.4098%,15,46,61,46,15,0,0
0x67ec0d,87.7049%,15,107,122,0,0,15,107
0x9f6c5e,93.5065%,15,216,231,211,7,8,5
0xa02606,98.9946%,15,1477,1492,0,0,15,1477
0x811677,97.5728%,15,603,618,603,15,0,0
0x506ab8,71.6981%,15,38,53,14,2,13,24
0x8fee76,96.2871%,15,389,404,0,0,15,389
0x9484a3,98.9598%,15,1427,1442,0,0,15,1427
0x9c3fea,96.7811%,15,451,466,451,15,0,0
0x5bbb8d,96.5517%,15,420,435,420,15,0,0
0x64cc40,97.3357%,15,548,563,17,8,7,531
0x49faa2,89.5833%,15,129,144,0,0,15,129
0x90bd77,91.4773%,15,161,176,161,15,0,0
0x590023,92.4242%,15,183,198,91,8,7,92
0x8a6946,90.1316%,15,137,152,0,0,15,137
0x592e3d,72.2222%,15,39,54,37,13,2,2
0xb30224,37.5%,15,9,24,2,0,15,7
0x8c9518,95.8217%,15,344,359,0,0,15,344
0x807827,98.2311%,15,833,848,815,15,0,18
0x9bc730,31.8182%,15,7,22,7,15,0,0
0x50209d,88.5496%,15,116,131,49,1,14,67
0x8bb254,96.3325%,15,394,409,394,15,0,0
0x47f32c,54.5455%,15,18,33,18,15,0,0
0xa5853f,91.7127%,15,166,181,1,14,1,165
0x6a3b66,42.3077%,15,11,26,11,15,0,0
0xa04b7b,76.5625%,15,49,64,10,12,3,39
0xa2b412,51.6129%,15,16,31,10,7,8,6
0x5c33a7,81.25%,15,65,80,57,15,0,8
0xaaae32,91.9355%,15,171,186,0,0,15,171
0x67b1f7,99.1639%,15,1779,1794,1779,15,0,0
0x4993a2,64.2857%,15,27,42,27,15,0,0
0x8e965b,98.7765%,15,1211,1226,1211,13,2,0
0x9a4880,93.1818%,15,205,220,203,6,9,2
0x811bae,98.0494%,15,754,769,754,15,0,0
0xa32ffc,86.3636%,15,95,110,26,6,9,69
0xb180e0,98.9569%,15,1423,1438,0,0,15,1423
0x65bc1a,97.0297%,15,490,505,0,0,15,490
0x8e4675,95.082%,15,290,305,0,0,15,290
0x8e91f2,98.4375%,15,945,960,945,15,0,0
0x8f2f8f,99.7941%,15,7269,7284,0,0,15,7269
0x4a0329,46.4286%,15,13,28,13,15,0,0
0x63ee9d,98.4391%,15,946,961,0,0,15,946
0x48ebd6,83.3333%,15,75,90,58,8,7,17
0x64b46f,95.0495%,15,288,303,0,0,15,288
0x9442b4,96.6814%,15,437,452,437,15,0,0
0x65c29b,99.6858%,15,4759,4774,4759,15,0,0
0xa5ec18,94.8276%,15,275,290,0,10,5,275
0x8b9fda,62.5%,15,25,40,0,0,15,25
0xa974a5,61.5385%,15,24,39,0,0,15,24
0x5500e8,73.2143%,15,41,56,41,15,0,0
0x8ef59c,89.5833%,15,129,144,2,7,8,127
0x4a7b3a,95.4683%,15,316,331,0,0,15,316
0xa39fb9,76.9231%,15,50,65,0,0,15,50
0x49f95e,98.8722%,15,1315,1330,24,7,8,1291
0x8e1543,99.7213%,15,5367,5382,0,0,15,5367
0x8ff636,64.2857%,15,27,42,27,15,0,0
0xa5758d,63.4146%,15,26,41,7,8,7,19
0x8a8f1f,94.5652%,15,261,276,128,8,7,133
0x60e46d,96.5197%,15,416,431,416,15,0,0
0x8a8f49,86.6071%,15,97,112,97,15,0,0
0x535710,75.4098%,15,46,61,0,0,15,46
0x6068fd,86.9565%,15,100,115,90,11,4,10
0x4be2cf,79.4521%,15,58,73,2,2,13,56
0x8ef5d3,88.8889%,15,120,135,0,0,15,120
0x8d4182,78.8732%,15,56,71,0,0,15,56
0x991464,88.6364%,15,117,132,0,12,3,117
0x639c7b,97.5%,15,585,600,0,0,15,585
0x9ff570,77.2727%,15,51,66,1,2,13,50
0x62780b,67.3913%,15,31,46,0,0,15,31
0x9e2650,94.7917%,15,273,288,149,0,15,124
0x781928,90.3846%,15,141,156,141,15,0,0
0xa32dcb,93.6709%,15,222,237,8,4,11,214
0x4b6ee1,51.6129%,15,16,31,3,0,15,13
0x809de7,97.3498%,15,551,566,551,10,5,0
0x9d0446,91.8033%,15,168,183,142,5,10,26
0x9d1ec7,85.1485%,15,86,101,60,13,2,26
0x9e2461,93.0876%,15,202,217,202,15,0,0
0x9f76be,77.2727%,15,51,66,51,15,0,0
0x983dad,89.1304%,15,123,138,113,9,6,10
0xa339ec,99.059%,15,1579,1594,454,11,4,1125
0x4c2592,91.0714%,15,153,168,153,15,0,0
0x983f71,81.7073%,15,67,82,51,15,0,16
0xa2628d,96.2871%,15,389,404,389,15,0,0
0x8aacf6,31.8182%,15,7,22,7,15,0,0
0x8df168,92.1053%,15,175,190,175,15,0,0
0x410005,70.5882%,15,36,51,0,2,13,36
0x4099c8,91.4286%,15,160,175,6,14,1,154
0xa2f9a9,81.9277%,15,68,83,0,5,10,68
0x60a8ec,98.1013%,15,775,790,0,0,15,775
0xa58e1c,87.069%,15,101,116,2,10,5,99
0x59e5cf,86.6071%,15,97,112,97,15,0,0
0x973c9b,85.4369%,15,88,103,9,10,5,79
0x4c4e66,11.7647%,15,2,17,2,15,0,0
0x8db7a4,93.3036%,15,209,224,209,15,0,0
0x4aab29,71.1538%,15,37,52,33,8,7,4
0xa5ebe1,94.6429%,15,265,280,0,0,15,265
0x9aaefa,66.6667%,15,30,45,0,0,15,30
0x9aafc2,97.2376%,15,528,543,0,0,15,528
0x4a8ce4,61.5385%,15,24,39,12,7,8,12
0x4898d3,96.134%,15,373,388,0,6,9,373
0xaa1223,72.2222%,15,39,54,5,11,4,34
0x512dbd,95.114%,15,292,307,0,0,15,292
0xaa12bb,76.1905%,15,48,63,0,0,15,48
0x65a0b6,99.0712%,15,1600,1615,106,5,10,1494
0x5b15ae,97.0588%,15,495,510,477,5,10,18
0x40bc05,85.5769%,15,89,104,0,1,14,89
0x9115fd,92.5373%,15,186,201,186,15,0,0
0x90ae9c,87.395%,15,104,119,0,0,15,104
0x6416a6,99.0689%,15,1596,1611,1596,15,0,0
0x991307,86.1111%,15,93,108,83,8,7,10
0xa2fca5,93.4211%,15,213,228,3,1,14,210
0x5fa79d,78.2609%,15,54,69,0,0,15,54
0x4c05f9,64.2857%,15,27,42,0,0,15,27
0xa591fc,87.395%,15,104,119,104,15,0,0
0x90b974,99.2196%,15,1907,1922,953,8,7,954
0x805720,85.8491%,15,91,106,91,13,2,0
0x404409,99.3046%,15,2142,2157,718,13,2,1424
0x4bc1fc,86.6071%,15,97,112,55,1,14,42
0xa02743,44.4444%,15,12,27,0,0,15,12
0x4ba7c1,94.898%,15,279,294,279,15,0,0
0x59203f,84.375%,15,81,96,80,12,3,1
0xaa641a,83.3333%,15,75,90,67,15,0,8
0x494889,87.6033%,15,106,121,106,15,0,0
0x6964ea,98.5795%,15,1041,1056,0,0,15,1041
0x973189,97.541%,15,595,610,0,0,15,595
0xaa037b,87.6033%,15,106,121,0,0,15,106
0xa02ef5,80.2632%,15,61,76,61,13,2,0
0x8df5eb,62.5%,15,25,40,2,11,4,23
0x404112,96.8421%,15,460,475,0,0,15,460
0x4ba66a,95.9786%,15,358,373,0,0,15,358
0x4b57c3,37.5%,15,9,24,8,15,0,1
0xa9d1a3,89.8649%,15,133,148,0,0,15,133
0x51b00c,94.2308%,15,245,260,4,5,10,241
0x9ebb0e,94.186%,15,243,258,52,0,15,191
0x4995a2,88.189%,15,112,127,112,15,0,0
0x96b243,53.125%,15,17,32,17,15,0,0
0x97a420,71.1538%,15,37,52,23,11,4,14
0x969917,79.1667%,15,57,72,0,7,8,57
0x4ba0d6,94.2529%,15,246,261,0,0,15,246
0x5f13f5,62.5%,15,25,40,25,15,0,0
0x5f13e8,62.5%,15,25,40,0,0,15,25
0x8fe178,82.5581%,15,71,86,0,0,15,71
0x784ab9,94.403%,15,253,268,245,15,0,8
0xa4d443,77.6119%,15,52,67,52,15,0,0
0x610bf2,94.2529%,15,246,261,0,0,15,246
0xa476e5,64.2857%,15,27,42,27,15,0,0
0x503884,67.3913%,15,31,46,31,15,0,0
0xa4e7f1,90.7407%,15,147,162,0,0,15,147
0x9511a7,96.5278%,15,417,432,0,0,15,417
0x4913c4,90.6832%,15,146,161,0,2,13,146
0x488ef4,93.5345%,15,217,232,217,15,0,0
0x49b077,95.2978%,15,304,319,0,0,15,304
0x403d0c,72.2222%,15,39,54,11,3,12,28
0x481e9c,60.5263%,15,23,38,0,0,15,23
0x53b21c,69.3878%,15,34,49,5,3,12,29
0xb2b549,95.6647%,15,331,346,331,15,0,0
0x9ec33f,62.5%,15,25,40,4,10,5,21
0x8f1b19,89.3617%,15,126,141,0,0,15,126
0x48f91c,68.0851%,15,32,47,29,8,7,3
0x9e413f,97.553%,15,598,613,0,4,11,598
0x410155,99.8692%,15,11453,11468,0,0,15,11453
0x98b426,71.6981%,15,38,53,34,14,1,4
0x98b3f4,71.6981%,15,38,53,9,10,5,29
0x9e78e6,87.7049%,15,107,122,107,15,0,0
0x4bc548,97.8873%,15,695,710,0,0,15,695
0x7e20c4,40%,15,10,25,10,15,0,0
0x7e2129,44.4444%,15,12,27,10,15,0,2
0x88e23c,84.6939%,15,83,98,83,15,0,0
0x7b6f16,89.3617%,15,126,141,126,15,0,0
0x54f1cc,65.1163%,15,28,43,6,0,15,22
0x4bc783,90.5063%,15,143,158,137,12,3,6
0x789961,59.4595%,15,22,37,18,10,5,4
0x681085,97.2477%,15,530,545,0,0,15,530
0xa2d347,96.1929%,15,379,394,379,15,0,0
0xa6c656,81.9277%,15,68,83,2,10,5,66
0x9f097d,92.5%,15,185,200,0,0,15,185
0x9027b0,61.5385%,15,24,39,18,9,6,6
0x640519,92.5%,15,185,200,185,15,0,0
0x9fb26f,63.4146%,15,26,41,0,0,15,26
0x7efe85,89.9329%,15,134,149,134,15,0,0
0x66f51d,96.0422%,15,364,379,0,2,13,364
0x9fe33c,88.806%,15,119,134,0,0,15,119
0x9fbbce,95.098%,15,291,306,291,15,0,0
0x40e6f9,81.9277%,15,68,83,0,0,15,68
0x4c4cc7,46.4286%,15,13,28,13,15,0,0
0x821264,98.7961%,15,1231,1246,0,0,15,1231
0x4a7913,97.7477%,15,651,666,651,9,6,0
0x4bcce7,64.2857%,15,27,42,1,2,13,26
0x9f2494,81.7073%,15,67,82,0,0,15,67
0x5021d3,88.5496%,15,116,131,0,0,15,116
0x8a91a3,68.75%,15,33,48,33,5,10,0
0x9ebf70,75.4098%,15,46,61,43,8,7,3
0x99b946,42.3077%,15,11,26,11,15,0,0
0x9c3926,79.4521%,15,58,73,2,0,15,56
0x9e5087,91.1243%,15,154,169,154,15,0,0
0x81c5ab,93.2127%,15,206,221,156,13,2,50
0x80a934,97.1374%,15,509,524,509,13,2,0
0x8a50b3,55.8824%,15,19,34,12,7,8,7
0x499d88,6.25%,15,1,16,1,15,0,0
0x9d1d39,11.7647%,15,2,17,0,0,15,2
0xa59650,66.6667%,15,30,45,7,9,6,23
0x480102,60.5263%,15,23,38,14,5,10,9
0x499fff,6.25%,15,1,16,1,15,0,0
0x5ec590,62.5%,15,25,40,22,10,5,3
0x81e72f,89.2086%,15,124,139,0,0,15,124
0x8a8b34,94.3396%,15,250,265,250,15,0,0
0xab28ba,99.7959%,15,7335,7350,7335,15,0,0
0x8fdc8e,98.0366%,15,749,764,0,0,15,749
0x8104dc,82.1429%,15,69,84,30,4,11,39
0x81a325,98.1862%,15,812,827,812,15,0,0
0xa2923a,6.25%,15,1,16,0,0,15,1
0x495f9d,72.7273%,15,40,55,40,15,0,0
0x7c638a,90.7975%,15,148,163,11,2,13,137
0x942669,96.8944%,15,468,483,0,0,15,468
0x9fecc4,50%,15,15,30,15,15,0,0
0x647380,97.5%,15,585,600,585,15,0,0
0x556bcc,93.9271%,15,232,247,232,15,0,0
0xa29046,6.25%,15,1,16,1,15,0,0
0x80ebb7,95.9239%,15,353,368,353,15,0,0
0xa919c3,97.8754%,15,691,706,0,0,15,691
0x499371,64.2857%,15,27,42,21,5,10,6
0x9e58cc,50%,15,15,30,15,15,0,0
0x9e5d92,82.7586%,15,72,87,72,15,0,0
0x5d0f3c,88.7218%,15,118,133,118,15,0,0
0x78268d,93.2127%,15,206,221,0,0,15,206
0x80fc27,55.8824%,15,19,34,3,13,2,16
0xa5d7df,95.6268%,15,328,343,328,15,0,0
0x9f442e,91.0714%,15,153,168,0,0,15,153
0x8c8331,50%,15,15,30,5,6,9,10
0x9f6dd4,90.625%,15,145,160,0,0,15,145
0x409f14,81.4815%,15,66,81,0,0,15,66
0x8216ee,95.6647%,15,331,346,4,10,5,327
0x8116e7,97.5728%,15,603,618,0,0,15,603
0x597219,89.4366%,15,127,142,0,0,15,127
0xa5f7a1,97.2015%,15,521,536,521,15,0,0
0x99be52,92.6108%,15,188,203,16,14,1,172
0x9f4696,95.702%,15,334,349,334,15,0,0
0x547469,75.4098%,15,46,61,0,0,15,46
0xa56891,88.3721%,15,114,129,114,9,6,0
0x607022,88.806%,15,119,134,119,15,0,0
0x90d052,90.7975%,15,148,163,148,15,0,0
0xa05c47,48.2759%,15,14,29,1,7,8,13
0x64b633,98.0867%,15,769,784,0,0,15,769
0x551060,28.5714%,15,6,21,6,15,0,0
0x5020c2,81.4815%,15,66,81,0,0,15,66
0x8fdd42,82.3529%,15,70,85,0,0,15,70
0x8e50fe,99.2413%,15,1962,1977,0,0,15,1962
0x627782,67.3913%,15,31,46,0,0,15,31
0x901b88,94%,15,235,250,0,0,15,235
0x50736b,97.9536%,15,718,733,718,4,11,0
0x511b65,96.0938%,15,369,384,0,0,15,369
0x8db6d8,97.1591%,15,513,528,38,12,3,475
0x5038c1,67.3913%,15,31,46,28,8,7,3
0x9ff62e,31.8182%,15,7,22,2,7,8,5
0x7816ed,92.268%,15,179,194,0,9,6,179
0x4a74e6,40%,15,10,25,9,14,1,1
0x98cb07,93.3628%,15,211,226,0,0,15,211
0x9a1ede,92.6108%,15,188,203,0,0,15,188
0x97bb1c,90.3226%,15,140,155,75,5,10,65
0x50c6ec,98.5309%,15,1006,1021,1006,15,0,0
0x63f9e3,99.4677%,15,2803,2818,0,0,15,2803
0x9e6de5,82.9545%,15,73,88,71,14,1,2
0x8076cf,94.8805%,15,278,293,278,15,0,0
0xa58add,86.2385%,15,94,109,5,8,7,89
0x55723f,16.6667%,15,3,18,0,0,15,3
0xa35561,98.3678%,15,904,919,1,15,0,903
0x8df2b7,37.5%,15,9,24,0,0,15,9
0x970ece,99.1587%,15,1768,1783,0,0,15,1768
0xa3ba3d,89.5833%,15,129,144,0,0,15,129
0x97850a,96.9072%,15,470,485,0,0,15,470
0x49494b,87.8049%,15,108,123,108,15,0,0
0x9784ae,96.732%,15,444,459,444,15,0,0
0x9e2a60,79.7297%,15,59,74,0,0,15,59
0x8e690d,96.9136%,15,471,486,0,0,15,471
0x80fdf6,97.479%,15,580,595,0,0,15,580
0xa3b23d,93.4211%,15,213,228,0,0,15,213
0x409df1,89.1304%,15,123,138,123,15,0,0
0x9aa1c4,78.2609%,15,54,69,28,7,8,26
0x546616,42.3077%,15,11,26,9,13,2,2
0x49fbac,96.4539%,15,408,423,408,15,0,0
0x972669,94.5055%,15,258,273,0,0,15,258
0x8c8b05,81.25%,15,65,80,65,15,0,0
0x4c4c6c,70%,15,35,50,30,5,10,5
0x9a7c06,97.3166%,15,544,559,544,7,8,0
0x4b83e4,6.25%,15,1,16,0,0,15,1
0x548a3f,44.4444%,15,12,27,6,9,6,6
0xa96a2d,62.5%,15,25,40,3,0,15,22
0x8b9a61,94.9664%,15,283,298,18,10,5,265
0x7814e6,97.7843%,15,662,677,662,15,0,0
0x907569,57.1429%,15,20,35,18,10,5,2
0x9a69bb,82.3529%,15,70,85,70,15,0,0
0xb18207,98.5075%,15,990,1005,0,0,15,990
0x835c6b,60.5263%,15,23,38,2,8,7,21
0x54f1f8,65.1163%,15,28,43,0,0,15,28
0x8fda97,80.2632%,15,61,76,4,9,6,57
0xa9b83c,93.4498%,15,214,229,0,0,15,214
0x58f3cd,71.1538%,15,37,52,0,0,15,37
0x4901fa,77.6119%,15,52,67,6,7,8,46
0x8ee7d1,61.5385%,15,24,39,0,0,15,24
0x9f939d,55.8824%,15,19,34,19,15,0,0
0x48eb9c,97.9339%,15,711,726,0,0,15,711
0x5d7f70,98.7913%,15,1226,1241,1226,15,0,0
0x917905,97.7941%,15,665,680,0,0,15,665
0x5df0ec,99.0335%,15,1537,1552,0,0,15,1537
0x5cb100,98.21%,15,823,838,1,2,13,822
0x5128f8,95.702%,15,334,349,310,14,1,24
0x5d1b25,86.3636%,15,95,110,0,0,15,95
0xa2859b,55.8824%,15,19,34,1,3,12,18
0xa285c7,50%,15,15,30,0,0,15,15
0x5c51a0,76.1905%,15,48,63,2,10,5,46
0xa518ea,11.7647%,15,2,17,2,15,0,0
0x4a7a44,66.6667%,15,30,45,11,10,5,19
0x666fe4,87.395%,15,104,119,87,9,6,17
0xa39cf7,98.0053%,15,737,752,737,15,0,0
0x51c37e,98.751%,15,1186,1201,1186,15,0,0
0x5b9cc7,42.3077%,15,11,26,7,12,3,4
0x9f2696,96.5278%,15,417,432,0,0,15,417
0x9f05c2,98.0519%,15,755,770,755,15,0,0
0x5b9fd1,71.6981%,15,38,53,0,5,10,38
0xa5285a,92.0213%,15,173,188,171,13,2,2
0xa49fa0,89.6552%,15,130,145,130,15,0,0
0x4a5d32,72.7273%,15,40,55,13,12,3,27
0xa575ec,63.4146%,15,26,41,15,12,3,11
0x9f28ea,97.3776%,15,557,572,446,11,4,111
0x9e29eb,81.7073%,15,67,82,0,0,15,67
0x80d558,86.3636%,15,95,110,95,13,2,0
0x99aebc,50%,15,15,30,15,15,0,0
0x5d8a2c,94.0476%,15,237,252,237,9,6,0
0x8ddee1,72.2222%,15,39,54,39,15,0,0
0xaa5822,98.494%,15,981,996,981,15,0,0
0x88a17d,31.8182%,15,7,22,0,0,15,7
0xa95dd9,97.3868%,15,559,574,0,0,15,559
0x492f5b,55.8824%,15,19,34,19,15,0,0
0x90ecfc,98.4391%,15,946,961,302,9,6,644
0x8188e0,98.1862%,15,812,827,812,15,0,0
0xa52aea,37.5%,15,9,24,9,15,0,0
0xaa86d1,21.0526%,15,4,19,4,15,0,0
0xaa2619,31.8182%,15,7,22,7,4,11,0
0x80b44d,93.5622%,15,218,233,218,15,0,0
0x838076,85.5769%,15,89,104,87,1,14,2
0xa3117b,93.2735%,15,208,223,67,15,0,141
0x8d25b3,99.1419%,15,1733,1748,0,0,15,1733
0x99da14,58.3333%,15,21,36,21,15,0,0
0x59c362,51.6129%,15,16,31,9,14,1,7
0x504167,75.8065%,15,47,62,0,0,15,47
0x58c037,80.2632%,15,61,76,0,0,15,61
0x9ea419,95.0658%,15,289,304,0,0,15,289
0x5c4fdc,51.6129%,15,16,31,0,0,15,16
0x50219d,77.6119%,15,52,67,52,15,0,0
0x8e4517,53.125%,15,17,32,0,0,15,17
0xa948f4,96.6518%,15,433,448,433,15,0,0
0x949f88,93.2735%,15,208,223,0,0,15,208
0xaa588b,71.6981%,15,38,53,34,15,0,4
0xa45dcb,71.1538%,15,37,52,0,0,15,37
0xa45ef3,87.9032%,15,109,124,0,4,11,109
0xb22b60,99.197%,15,1853,1868,0,0,15,1853
0x53ab3c,68.0851%,15,32,47,3,3,12,29
0x5ff970,83.6957%,15,77,92,0,0,15,77
0x493565,61.5385%,15,24,39,13,11,4,11
0xa2f245,86.6071%,15,97,112,62,12,3,35
0xa45fb3,93.7759%,15,226,241,0,4,11,226
0x508de3,55.8824%,15,19,34,12,13,2,7
0x543740,55.8824%,15,19,34,0,0,15,19
0x539220,80.5195%,15,62,77,32,12,3,30
0x50226e,88.0952%,15,111,126,111,15,0,0
0x502425,95.5882%,15,325,340,0,0,15,325
0x809d67,97.3498%,15,551,566,550,11,4,1
0x9fe7bf,59.4595%,15,22,37,22,15,0,0
0x6117d7,78.8732%,15,56,71,23,10,5,33
0xa2e200,88.189%,15,112,127,28,10,5,84
0x8c815b,99.2063%,15,1875,1890,1874,15,0,1
0x819f98,79.7297%,15,59,74,59,15,0,0
0x4816a5,60.5263%,15,23,38,16,3,12,7
0x5fdac1,85.8491%,15,91,106,91,15,0,0
0x550199,88.9706%,15,121,136,121,15,0,0
0x61025e,54.5455%,15,18,33,0,0,15,18
0x9f4009,86.8421%,15,99,114,0,13,2,99
0x5efc46,78.5714%,15,55,70,0,2,13,55
0x9a705c,85.4369%,15,88,103,88,15,0,0
0x48c4ed,84.375%,15,81,96,81,15,0,0
0x48327b,48.2759%,15,14,29,14,15,0,0
0x8dbdef,91.9355%,15,171,186,0,0,15,171
0x81bb6c,95.2681%,15,302,317,302,15,0,0
0x58bc86,81.7073%,15,67,82,15,3,12,52
0xacfbe0,68.0851%,15,32,47,5,2,13,27
0x50a775,70.5882%,15,36,51,0,0,15,36
0x8fecdc,94.3396%,15,250,265,0,0,15,250
0x611402,79.4521%,15,58,73,58,15,0,0
0x40370b,98.1037%,15,776,791,0,0,15,776
0xa54bb7,46.4286%,15,13,28,7,13,2,6
0x9a8995,75.8065%,15,47,62,47,15,0,0
0x837807,66.6667%,15,30,45,26,14,1,4
0xa07444,75%,15,45,60,3,8,7,42
0x502d5a,92.1053%,15,175,190,0,0,15,175
0x90cedc,98.2185%,15,827,842,0,0,15,827
0x81ea6b,82.5581%,15,71,86,2,8,7,69
0x49bc2b,86.9565%,15,100,115,100,15,0,0
0xa4841b,93.8017%,15,227,242,227,15,0,0
0x81a7b6,96.6443%,15,432,447,0,0,15,432
0x96b201,60.5263%,15,23,38,6,0,15,17
0x550294,80.7692%,15,63,78,35,4,11,28
0xa074d9,67.3913%,15,31,46,14,8,7,17
0xa40ea3,99.8574%,15,10506,10521,10506,15,0,0
0x50e607,64.2857%,15,27,42,17,7,8,10
0x7d187c,96.788%,15,452,467,119,14,1,333
0x5fa51a,61.5385%,15,24,39,16,8,7,8
0x9a702a,42.3077%,15,11,26,8,9,6,3
0x5436fc,89.1304%,15,123,138,0,3,12,123
0x81a2d1,95.4407%,15,314,329,0,0,15,314
0xa8fa91,82.3529%,15,70,85,70,15,0,0
0xa63bd7,87.8049%,15,108,123,0,0,15,108
0x9a318b,94.4444%,15,255,270,255,15,0,0
0x8efdfb,58.3333%,15,21,36,21,15,0,0
0xa39dbb,63.4146%,15,26,41,0,0,15,26
0x9731bd,80.7692%,15,63,78,27,9,6,36
0x5f7ac1,91.018%,15,152,167,150,10,5,2
0x90c286,99.2904%,15,2099,2114,0,0,15,2099
0x58be8c,76.5625%,15,49,64,38,14,1,11
0xb183d6,98.5075%,15,990,1005,990,15,0,0
0x8fe984,81.7073%,15,67,82,0,0,15,67
0x81ffeb,95.356%,15,308,323,121,5,10,187
0x5ff3ae,37.5%,15,9,24,4,4,11,5
0x8a9862,99.6777%,15,4639,4654,0,12,3,4639
0xa557ce,81.9277%,15,68,83,68,13,2,0
0x9e090e,83.1461%,15,74,89,5,3,12,69
0xa5c3e3,84.0426%,15,79,94,13,9,6,66
0xa446f1,71.1538%,15,37,52,0,0,15,37
0x822167,95.098%,15,291,306,19,14,1,272
0x90187b,94.1406%,15,241,256,225,9,6,16
0x9737e6,60.5263%,15,23,38,23,15,0,0
0x661683,98.8142%,15,1250,1265,0,0,15,1250
0x404934,94.2085%,15,244,259,0,0,15,244
0xa39413,46.4286%,15,13,28,7,7,8,6
0x5fa908,96.9199%,15,472,487,0,0,15,472
0xa54c19,25%,15,5,20,5,9,6,0
0x9ed6b4,74.5763%,15,44,59,44,15,0,0
0x547f22,44.4444%,15,12,27,12,15,0,0
0x5f0d17,94.6996%,15,268,283,0,0,15,268
0x837d5e,88.189%,15,112,127,3,11,4,109
0xa46bba,93.4783%,15,215,230,215,15,0,0
0x58de58,89.6552%,15,130,145,65,10,5,65
0x533615,64.2857%,15,27,42,27,8,7,0
0x902133,68.75%,15,33,48,4,12,3,29
0xa92ba7,93.3628%,15,211,226,211,15,0,0
0xa04aa5,79.7297%,15,59,74,0,0,15,59
0x6439a6,55.8824%,15,19,34,7,7,8,12
0x547415,90.1316%,15,137,152,137,15,0,0
0x9e0613,74.1379%,15,43,58,43,15,0,0
0x5f917c,67.3913%,15,31,46,30,7,8,1
0x9edbd8,88.0952%,15,111,126,111,15,0,0
0x969352,83.7209%,14,72,86,69,14,0,3
0x5cfd9e,41.6667%,14,10,24,0,0,14,10
0x5d86ea,94.4444%,14,238,252,0,0,14,238
0x499343,66.6667%,14,28,42,19,7,7,9
0x402ec7,87.8261%,14,101,115,0,0,14,101
0x80bfdb,70.8333%,14,34,48,12,4,10,22
0x80776f,91.716%,14,155,169,0,0,14,155
0x818d4d,98.3071%,14,813,827,654,1,13,159
0x504300,98.0848%,14,717,731,717,14,0,0
0x8e4c5c,94.5736%,14,244,258,151,8,6,93
0x48ae09,98.4287%,14,877,891,0,0,14,877
0x80c17a,58.8235%,14,20,34,6,11,3,14
0x90d08e,91.411%,14,149,163,0,0,14,149
0x507c51,96.8037%,14,424,438,0,0,14,424
0xa904de,83.5294%,14,71,85,20,8,6,51
0x5fe22c,98.741%,14,1098,1112,1098,14,0,0
0x4ca493,69.5652%,14,32,46,22,13,1,10
0x8f0c6a,83.908%,14,73,87,6,11,3,67
0x550e0a,41.6667%,14,10,24,2,5,9,8
0x8ed789,68.1818%,14,30,44,30,14,0,0
0x5be24b,82.0513%,14,64,78,0,0,14,64
0x591f4d,80%,14,56,70,0,0,14,56
0x5e4536,88.4298%,14,107,121,0,0,14,107
0x5d7af5,98.8755%,14,1231,1245,1231,10,4,0
0x4a8cc9,66.6667%,14,28,42,3,0,14,25
0xaa56f9,84.9462%,14,79,93,0,0,14,79
0x9059e9,95.302%,14,284,298,284,14,0,0
0x9bd335,77.7778%,14,49,63,49,2,12,0
0x94ec54,84.4444%,14,76,90,76,14,0,0
0x783c69,91.0256%,14,142,156,142,14,0,0
0x4aabe7,65.8537%,14,27,41,0,11,3,27
0x557205,91.25%,14,146,160,146,14,0,0
0xa45bd1,96.7667%,14,419,433,419,14,0,0
0xa42971,98.4766%,14,905,919,905,14,0,0
0x908329,99.3482%,14,2134,2148,0,0,14,2134
0x5fa510,74.0741%,14,40,54,39,0,14,1
0xa90744,93.8596%,14,214,228,0,5,9,214
0x48e16f,85.7143%,14,84,98,69,4,10,15
0x48ef62,79.1045%,14,53,67,0,12,2,53
0xa2dfc1,96.5854%,14,396,410,0,0,14,396
0x8fe580,96.6427%,14,403,417,0,0,14,403
0x81eefb,36.3636%,14,8,22,5,13,1,3
0x48ef16,95.7704%,14,317,331,0,0,14,317
0xa07aeb,72%,14,36,50,35,7,7,1
0x96b1b8,98.4564%,14,893,907,893,14,0,0
0x5de389,98.8719%,14,1227,1241,0,0,14,1227
0x5fec02,77.4194%,14,48,62,48,14,0,0
0x9e5cac,60%,14,21,35,21,14,0,0
0xa5f722,96.0227%,14,338,352,0,0,14,338
0x5eb8e6,98.3607%,14,840,854,840,14,0,0
0x6d04e3,72%,14,36,50,0,0,14,36
0x9fc0b2,95.4248%,14,292,306,292,14,0,0
0x546338,96.8397%,14,429,443,429,14,0,0
0x910ed2,98.8477%,14,1201,1215,116,7,7,1085
0x9f7af5,92.0904%,14,163,177,163,14,0,0
0x6000c7,48.1481%,14,13,27,0,0,14,13
0x8ea167,99.4341%,14,2460,2474,2460,14,0,0
0x60b060,72%,14,36,50,36,14,0,0
0x643a8e,98.1603%,14,747,761,0,0,14,747
0xa9369a,96.2466%,14,359,373,359,14,0,0
0x819d9e,95.7187%,14,313,327,0,0,14,313
0x609c87,97.8979%,14,652,666,652,14,0,0
0x5d1e4a,87.2727%,14,96,110,0,0,14,96
0x67f10b,99.6721%,14,4255,4269,2245,3,11,2010
0x80bae7,88.2353%,14,105,119,102,10,4,3
0x90e7ef,53.3333%,14,16,30,0,0,14,16
0x404c12,33.3333%,14,7,21,0,0,14,7
0x5d8714,53.3333%,14,16,30,0,0,14,16
0x4a8cf1,64.1026%,14,25,39,25,14,0,0
0x8065fe,48.1481%,14,13,27,10,5,9,3
0x558e9c,98.9002%,14,1259,1273,1259,14,0,0
0x8aed85,93.722%,14,209,223,0,14,0,209
0xa2dc7f,78.125%,14,50,64,16,12,2,34
0xaa80c2,97.3535%,14,515,529,0,0,14,515
0x48a986,98.4287%,14,877,891,877,14,0,0
0x9f2007,93.6937%,14,208,222,0,4,10,208
0x9726b7,94.4664%,14,239,253,239,14,0,0
0xa63b37,88.8%,14,111,125,0,0,14,111
0x4be77f,36.3636%,14,8,22,7,6,8,1
0x5040bd,77.4194%,14,48,62,0,0,14,48
0x90fc47,98.6355%,14,1012,1026,0,0,14,1012
0x9f891b,53.3333%,14,16,30,6,13,1,10
0x609739,91.358%,14,148,162,0,0,14,148
0x7cf349,97.9136%,14,657,671,50,1,13,607
0x814ec5,17.6471%,14,3,17,0,0,14,3
0x546a7f,98.2097%,14,768,782,0,4,10,768
0x8e2028,99.0572%,14,1471,1485,0,0,14,1471
0x9032d8,74.0741%,14,40,54,28,14,0,12
0x81b93e,51.7241%,14,15,29,4,6,8,11
0xa50193,90.5405%,14,134,148,47,10,4,87
0x8aa9e2,77.7778%,14,49,63,0,0,14,49
0x942cf7,81.3333%,14,61,75,61,14,0,0
0x7d25b2,97.4775%,14,541,555,165,7,7,376
0x67300b,26.3158%,14,5,19,5,14,0,0
0x63c614,98.5432%,14,947,961,947,14,0,0
0x5f87bb,76.6667%,14,46,60,45,14,0,1
0x7ce90b,98.8304%,14,1183,1197,126,10,4,1057
0xa39432,0%,14,0,14,0,14,0,0
0x50cc5c,30%,14,6,20,6,14,0,0
0x679c5d,96.4557%,14,381,395,34,10,4,347
0x50caa8,30%,14,6,20,6,14,0,0
0x5f8d28,54.8387%,14,17,31,1,9,5,16
0x7cf961,57.5758%,14,19,33,19,14,0,0
0x99bde1,93.1034%,14,189,203,179,11,3,10
0x54edea,67.4419%,14,29,43,0,0,14,29
0x7ce7bb,61.1111%,14,22,36,10,14,0,12
0x9fc7f6,93.6364%,14,206,220,0,0,14,206
0x51b78b,99.663%,14,4140,4154,0,0,14,4140
0x507db8,61.1111%,14,22,36,22,14,0,0
0x5343aa,99.7561%,14,5726,5740,0,0,14,5726
0x508ff2,63.1579%,14,24,38,14,4,10,10
0x8b9fca,65%,14,26,40,0,0,14,26
0x53ed42,90.9091%,14,140,154,0,0,14,140
0x9a1467,93.1034%,14,189,203,61,8,6,128
0xa5ce4c,88.8889%,14,112,126,0,0,14,112
0x9eedc1,93.913%,14,216,230,0,0,14,216
0xa51dc9,75.8621%,14,44,58,2,0,14,42
0x9f73e5,0%,14,0,14,0,14,0,0
0x9a1c2b,91.9075%,14,159,173,0,0,14,159
0x9f4093,57.5758%,14,19,33,16,14,0,3
0x5f55b1,75%,14,42,56,41,11,3,1
0xb471dd,99.4398%,14,2485,2499,0,0,14,2485
0x8fe951,89.1473%,14,115,129,0,0,14,115
0xaada0f,94.5098%,14,241,255,0,0,14,241
0xaae1aa,99.629%,14,3760,3774,0,2,12,3760
0x5437fd,89.8551%,14,124,138,0,3,11,124
0x9f3a70,88.6179%,14,109,123,109,9,5,0
0xa56f3c,81.0811%,14,60,74,0,2,12,60
0x8ae867,73.5849%,14,39,53,39,9,5,0
0x9f41a6,57.5758%,14,19,33,0,0,14,19
0x99b035,65%,14,26,40,18,12,2,8
0x99b0c3,65%,14,26,40,13,8,6,13
0x63fb7f,98.5432%,14,947,961,0,0,14,947
0x53e8d0,90.9091%,14,140,154,140,14,0,0
0x5e379c,99.0722%,14,1495,1509,0,0,14,1495
0x49dfae,65%,14,26,40,0,0,14,26
0x808fdb,93.722%,14,209,223,21,1,13,188
0x9f6b88,68.1818%,14,30,44,30,14,0,0
0x5f7a29,93.2367%,14,193,207,0,0,14,193
0xa3b29d,93.8596%,14,214,228,214,14,0,0
0x8ab0a5,98.3645%,14,842,856,842,14,0,0
0x6e4474,12.5%,14,2,16,2,14,0,0
0xa271e5,94.9091%,14,261,275,261,14,0,0
0x535625,77.0492%,14,47,61,0,0,14,47
0x9f11f2,97.271%,14,499,513,499,14,0,0
0x9a7496,73.5849%,14,39,53,0,14,0,39
0x5cbda9,89.313%,14,117,131,0,0,14,117
0x90d227,97.6628%,14,585,599,0,0,14,585
0x5cd274,89.313%,14,117,131,117,14,0,0
0xa33737,95.4839%,14,296,310,281,4,10,15
0x5fe9f2,67.4419%,14,29,43,1,0,14,28
0x485f45,39.1304%,14,9,23,9,14,0,0
0x9e36a3,58.8235%,14,20,34,0,0,14,20
0x50e4b8,22.2222%,14,4,18,0,14,0,4
0xa5944b,93.3962%,14,198,212,0,0,14,198
0xa40f1f,97.3485%,14,514,528,514,14,0,0
0xa4202e,95.6656%,14,309,323,0,0,14,309
0x9f8873,53.3333%,14,16,30,3,8,6,13
0x611713,97.3231%,14,509,523,0,10,4,509
0x40a2ba,54.8387%,14,17,31,17,14,0,0
0x8087f2,93.9394%,14,217,231,4,5,9,213
0x50b132,68.1818%,14,30,44,28,12,2,2
0x53aedc,70.2128%,14,33,47,2,4,10,31
0x98cb90,93.8053%,14,212,226,212,14,0,0
0x94c7b0,97.5177%,14,550,564,0,0,14,550
0x9177cf,91.358%,14,148,162,145,9,5,3
0x80ecab,96.1957%,14,354,368,354,14,0,0
0x50d0e9,91.9075%,14,159,173,159,14,0,0
0x55472d,78.125%,14,50,64,42,2,12,8
0x63b52c,98.928%,14,1292,1306,0,0,14,1292
0x556dee,87.037%,14,94,108,93,7,7,1
0x5cf85d,99.2375%,14,1822,1836,0,0,14,1822
0x554e33,90.1408%,14,128,142,128,14,0,0
0x911226,81.5789%,14,62,76,62,14,0,0
0x8f29d9,95.2218%,14,279,293,3,5,9,276
0x63d217,39.1304%,14,9,23,6,5,9,3
0x405ea1,66.6667%,14,28,42,28,2,12,0
0x4043dd,99.4132%,14,2372,2386,345,0,14,2027
0x81efc1,97.3231%,14,509,523,509,12,2,0
0x507763,22.2222%,14,4,18,4,14,0,0
0x50e2c5,81.3333%,14,61,75,0,0,14,61
0x5128e1,30%,14,6,20,3,6,8,3
0x555632,76.2712%,14,45,59,0,4,10,45
0x5068f5,83.7209%,14,72,86,72,14,0,0
0x5c5036,57.5758%,14,19,33,19,14,0,0
0x973ec3,61.1111%,14,22,36,9,3,11,13
0x9178bb,90.9091%,14,140,154,0,12,2,140
0xa31b60,93.4272%,14,199,213,174,8,6,25
0x8e7e2e,95.7704%,14,317,331,0,0,14,317
0x780eea,98.5106%,14,926,940,926,14,0,0
0x8e7eb6,12.5%,14,2,16,2,14,0,0
0x4be80f,48.1481%,14,13,27,6,9,5,7
0x50aa8a,78.4615%,14,51,65,51,14,0,0
0x7cc2eb,98.7444%,14,1101,1115,0,0,14,1101
0x5fd9d2,99.8792%,14,11578,11592,0,0,14,11578
0x610cf1,94.2623%,14,230,244,0,0,14,230
0x54d91a,12.5%,14,2,16,0,0,14,2
0x8aab1c,26.3158%,14,5,19,5,14,0,0
0x50a0c9,81.5789%,14,62,76,3,11,3,59
0x4a7003,76.6667%,14,46,60,0,0,14,46
0x503d30,73.0769%,14,38,52,0,0,14,38
0x592b41,84.4444%,14,76,90,38,11,3,38
0xa35f62,72%,14,36,50,21,14,0,15
0x8e96ac,99.0071%,14,1396,1410,1396,14,0,0
0x50415a,88.7097%,14,110,124,53,9,5,57
0x7c15ff,99.3628%,14,2183,2197,0,0,14,2183
0x9a22e8,87.3874%,14,97,111,85,11,3,12
0x554555,95.2862%,14,283,297,4,4,10,279
0x51b72a,26.3158%,14,5,19,5,14,0,0
0x8a911c,48.1481%,14,13,27,1,14,0,12
0x53936f,89.3939%,14,118,132,98,8,6,20
0x8e0ce0,87.5%,14,98,112,98,14,0,0
0xa9c981,61.1111%,14,22,36,0,0,14,22
0xa39b97,97.6974%,14,594,608,0,0,14,594
0xa5236c,90.9091%,14,140,154,140,14,0,0
0xa2394a,87.2727%,14,96,110,96,14,0,0
0x5393b7,89.3939%,14,118,132,0,0,14,118
0x9e7d35,41.6667%,14,10,24,0,0,14,10
0x9e7039,69.5652%,14,32,46,0,10,4,32
0x80451f,48.1481%,14,13,27,7,3,11,6
0x5c4d05,91.9075%,14,159,173,2,2,12,157
0xa589d8,90.411%,14,132,146,0,0,14,132
0x40e2d1,93.6652%,14,207,221,0,0,14,207
0x49949e,93.1707%,14,191,205,0,0,14,191
0x944cc5,98.0636%,14,709,723,0,0,14,709
0xa97508,90.604%,14,135,149,0,0,14,135
0x9f2524,91.4634%,14,150,164,75,7,7,75
0x496002,83.908%,14,73,87,73,14,0,0
0x512e86,98.2843%,14,802,816,0,0,14,802
0x5b073f,78.4615%,14,51,65,51,12,2,0
0x5af805,73.5849%,14,39,53,39,14,0,0
0x4c5682,36.3636%,14,8,22,1,13,1,7
0x9fe420,89.313%,14,117,131,25,12,2,92
0x49f630,88.8889%,14,112,126,37,10,4,75
0x5b34fc,68.8889%,14,31,45,31,14,0,0
0xb2ffcb,98.1107%,14,727,741,0,0,14,727
0x53bb0a,98.7752%,14,1129,1143,0,0,14,1129
0x7f02c5,22.2222%,14,4,18,4,14,0,0
0x490c96,30%,14,6,20,0,0,14,6
0xa51204,69.5652%,14,32,46,32,2,12,0
0x81b2e7,82.9268%,14,68,82,68,14,0,0
0x9abdfc,92.0904%,14,163,177,0,1,13,163
0xa63c33,97.417%,14,528,542,0,2,12,528
0xa34320,73.5849%,14,39,53,32,3,11,7
0x9e0b63,94.5525%,14,243,257,0,0,14,243
0x48bf3e,87.156%,14,95,109,94,5,9,1
0x9d1139,94.2623%,14,230,244,0,0,14,230
0x4ca656,69.5652%,14,32,46,0,0,14,32
0x983ef8,89.8551%,14,124,138,65,9,5,59
0xb30adb,79.4118%,14,54,68,0,0,14,54
0x9d0142,96%,14,336,350,329,11,3,7
0x4bc7bd,66.6667%,14,28,42,1,2,12,27
0x5e032c,90.3448%,14,131,145,131,14,0,0
0xb3768d,99.7474%,14,5528,5542,0,0,14,5528
0x4bbb51,93.1373%,14,190,204,190,14,0,0
0xa40f9d,97.3485%,14,514,528,0,0,14,514
0x609591,86.1386%,14,87,101,87,14,0,0
0x58db3f,82.9268%,14,68,82,3,11,3,65
0x4bec93,92%,14,161,175,102,3,11,59
0x5f0580,48.1481%,14,13,27,13,8,6,0
0x8aed72,96.206%,14,355,369,0,2,12,355
0x48edf4,95.7704%,14,317,331,317,14,0,0
0x9e3f1c,62.1622%,14,23,37,2,14,0,21
0x81bbd4,95.5836%,14,303,317,0,0,14,303
0xa960dd,46.1538%,14,12,26,12,14,0,0
0x5fa878,79.7101%,14,55,69,55,14,0,0
0x98420a,44%,14,11,25,11,14,0,0
0x5422b5,93.6073%,14,205,219,0,0,14,205
0x8ebb3c,97.1253%,14,473,487,473,14,0,0
0x901f8c,99.7016%,14,4678,4692,0,0,14,4678
0x60ec62,63.1579%,14,24,38,17,5,9,7
0x65a044,99.2817%,14,1935,1949,69,12,2,1866
0xa30c3c,92.8205%,14,181,195,25,13,1,156
0xa9d1ac,90.5405%,14,134,148,30,2,12,104
0x8dd133,77.7778%,14,49,63,49,14,0,0
0xa96e9c,33.3333%,14,7,21,6,11,3,1
0x81b7ec,93.1373%,14,190,204,189,3,11,1
0xa505c3,81.5789%,14,62,76,35,3,11,27
0xa544a9,87.5%,14,98,112,0,0,14,98
0x81f8fd,99.3337%,14,2087,2101,0,0,14,2087
0x50d66a,97.5779%,14,564,578,0,3,11,564
0x66d442,99.2032%,14,1743,1757,289,4,10,1454
0xa553ad,87.7193%,14,100,114,0,0,14,100
0xa573b6,65.8537%,14,27,41,9,6,8,18
0xa344ea,91.7647%,14,156,170,156,14,0,0
0x8ef141,95.8702%,14,325,339,325,14,0,0
0xa555b0,92.2652%,14,167,181,167,14,0,0
0x40ec20,97.3077%,14,506,520,251,9,5,255
0xa4434f,71.4286%,14,35,49,35,14,0,0
0x5411fd,99.6133%,14,3606,3620,3606,14,0,0
0x8a77ec,97.3129%,14,507,521,49,7,7,458
0xb0d2b3,83.5294%,14,71,85,71,14,0,0
0x5f81a4,97.6027%,14,570,584,570,14,0,0
0x780204,99.9012%,14,14160,14174,0,0,14,14160
0xa9759f,60%,14,21,35,12,8,6,9
0xa34ba4,81.3333%,14,61,75,0,0,14,61
0x81f9fb,98.2565%,14,789,803,774,13,1,15
0xa4e96f,89.8551%,14,124,138,0,0,14,124
0x8f40c2,95.6923%,14,311,325,311,14,0,0
0x63a689,93%,14,186,200,155,8,6,31
0xa4d3e0,79.1045%,14,53,67,26,2,12,27
0x647952,78.125%,14,50,64,0,0,14,50
0x5b2055,26.3158%,14,5,19,5,14,0,0
0xa938eb,61.1111%,14,22,36,13,12,2,9
0x5f1efc,61.1111%,14,22,36,0,0,14,22
0x5032f3,80.8219%,14,59,73,0,2,12,59
0x51c1ef,17.6471%,14,3,17,0,0,14,3
0x8119a7,98.3491%,14,834,848,831,12,2,3
0xa52408,91.358%,14,148,162,0,0,14,148
0xa50f47,94.5525%,14,243,257,0,4,10,243
0xa97111,62.1622%,14,23,37,23,14,0,0
0x78d85f,97.8125%,14,626,640,17,4,10,609
0x4ba78c,96.2466%,14,359,373,0,0,14,359
0x9f443f,81.8182%,14,63,77,1,7,7,62
0xa4e62b,81.5789%,14,62,76,0,0,14,62
0x90a138,98.6355%,14,1012,1026,1012,14,0,0
0x8f3e31,95.2542%,14,281,295,0,0,14,281
0x81fee4,70.8333%,14,34,48,0,0,14,34
0x96993c,78.4615%,14,51,65,1,7,7,50
0x837983,86.5385%,14,90,104,88,8,6,2
0xa561ff,96.6587%,14,405,419,405,14,0,0
0x5021c8,79.1045%,14,53,67,53,14,0,0
0xa8ef73,0%,14,0,14,0,14,0,0
0x781692,75%,14,42,56,41,6,8,1
0x8fe51c,99.7465%,14,5508,5522,0,0,14,5508
0x81ddb1,97.3734%,14,519,533,519,12,2,0
0xa50cdf,84.0909%,14,74,88,0,0,14,74
0xa01b61,79.4118%,14,54,68,4,9,5,50
0xa50ca4,93.7778%,14,211,225,0,4,10,211
0xa8f963,83.5294%,14,71,85,71,14,0,0
0x696525,97.8756%,14,645,659,645,14,0,0
0x8224c6,97.3734%,14,519,533,37,9,5,482
0x8ebe58,98.8673%,14,1222,1236,1222,12,2,0
0x9fc52d,0%,14,0,14,0,0,14,0
0xa039b5,92.8205%,14,181,195,181,14,0,0
0xa98825,6.66667%,14,1,15,0,0,14,1
0x51b01a,95.3795%,14,289,303,289,14,0,0
0x8a6326,89.7059%,14,122,136,122,14,0,0
0x9f0c31,92.6316%,14,176,190,0,0,14,176
0x67fb1b,99.8297%,14,8205,8219,8205,14,0,0
0x404697,93.75%,14,210,224,53,13,1,157
0x5ff636,65%,14,26,40,26,14,0,0
0x5ffba7,69.5652%,14,32,46,0,0,14,32
0x7c218d,91.411%,14,149,163,18,6,8,131
0x94d185,70.2128%,14,33,47,33,14,0,0
0x65a002,99.2817%,14,1935,1949,76,5,9,1859
0x8dca99,99.1416%,14,1617,1631,1617,10,4,0
0x81458d,68.8889%,14,31,45,18,14,0,13
0x591714,99.698%,14,4621,4635,4621,14,0,0
0x9a7fa5,67.4419%,14,29,43,5,7,7,24
0x48b35b,67.4419%,14,29,43,0,0,14,29
0x81882c,98.3071%,14,813,827,0,0,14,813
0xa49924,68.8889%,14,31,45,4,6,8,27
0x918d44,93%,14,186,200,186,14,0,0
0x51c292,98.8343%,14,1187,1201,1187,14,0,0
0x4aae2a,65%,14,26,40,26,14,0,0
0x8f5612,99.4697%,14,2626,2640,0,0,14,2626
0x780378,98.9466%,14,1315,1329,1315,14,0,0
0xa2d98e,93.2039%,14,192,206,192,10,4,0
0x5b9b62,75%,14,42,56,0,13,1,42
0x552a50,99.0071%,14,1396,1410,0,0,14,1396
0x59719b,97.7456%,14,607,621,0,0,14,607
0x591f52,80%,14,56,70,0,0,14,56
0xaa1453,68.8889%,14,31,45,31,14,0,0
0xa94536,51.7241%,14,15,29,0,0,14,15
0x8dd9f4,99.1245%,14,1585,1599,0,0,14,1585
0x5c6496,93.75%,14,210,224,210,14,0,0
0xa58a9a,89.8551%,14,124,138,37,5,9,87
0x9cfc26,87.3874%,14,97,111,29,7,7,68
0x9ab3d6,94.9091%,14,261,275,0,0,14,261
0x80fd17,99.846%,14,9074,9088,9074,14,0,0
0xa41afb,94.7566%,14,253,267,0,0,14,253
0x666453,97.3282%,14,510,524,0,0,14,510
0x8e4685,95.4098%,14,291,305,287,2,12,4
0x4a9473,77.7778%,14,49,63,49,14,0,0
0x6705d5,89.4737%,14,119,133,0,0,14,119
0x78105f,76.6667%,14,46,60,44,9,5,2
0x540b72,96%,14,336,350,0,0,14,336
0x533c39,70.8333%,14,34,48,34,5,9,0
0x48bbc8,90.2098%,14,129,143,0,0,14,129
0x9a7f4c,91.195%,14,145,159,0,8,6,145
0xa01704,65%,14,26,40,26,14,0,0
0x402feb,79.7101%,14,55,69,1,3,11,54
0x494983,83.7209%,14,72,86,72,12,2,0
0x402cfd,98.4216%,14,873,887,322,14,0,551
0x9e6185,94.4%,14,236,250,0,0,14,236
0x977f3a,65%,14,26,40,0,0,14,26
0x64862f,75%,14,42,56,42,14,0,0
0xa9cefb,81.8182%,14,63,77,55,3,11,8
0xa947c3,51.7241%,14,15,29,15,14,0,0
0x48c166,85.7143%,14,84,98,84,14,0,0
0x7ac07b,85.4167%,14,82,96,56,5,9,26
0x8f67ee,89.2308%,14,116,130,0,2,12,116
0x9f5d5b,92.2652%,14,167,181,0,0,14,167
0xa284ff,94.7955%,14,255,269,6,10,4,249
0x4c4d13,50%,14,14,28,8,7,7,6
0x5fbae9,82.2785%,14,65,79,65,12,2,0
0x508687,96.8037%,14,424,438,0,0,14,424
0x554d1c,88.9764%,14,113,127,112,11,3,1
0xa46bea,93.913%,14,216,230,4,9,5,212
0x488e5c,91.0256%,14,142,156,0,0,14,142
0x784135,60%,14,21,35,21,14,0,0
0x9a9d32,92.1348%,14,164,178,111,13,1,53
0xa46aa2,85.4167%,14,82,96,0,0,14,82
0x49c1e4,85.2632%,14,81,95,81,14,0,0
0x542c99,98.871%,14,1226,1240,0,0,14,1226
0x9aa260,62.1622%,14,23,37,0,0,14,23
0xa494ad,96.6265%,14,401,415,0,0,14,401
0xa03868,99.7372%,14,5314,5328,5314,14,0,0
0x48196b,51.7241%,14,15,29,15,14,0,0
0x95195f,90.7895%,14,138,152,3,9,5,135
0x485e4e,82.9268%,14,68,82,68,14,0,0
0x535870,54.8387%,14,17,31,3,4,10,14
0x8aede7,90.411%,14,132,146,127,12,2,5
0x8e35f9,96.9163%,14,440,454,439,13,1,1
0x4a6f17,97.2603%,14,497,511,497,14,0,0
0x7c1e5e,92.8934%,14,183,197,2,8,6,181
0x489a22,96.4646%,14,382,396,382,14,0,0
0xa5ce01,91.5152%,14,151,165,151,12,2,0
0x4be83b,22.2222%,14,4,18,4,14,0,0
0xaa2376,68.8889%,14,31,45,3,8,6,28
0x6477d4,89.7059%,14,122,136,122,14,0,0
0x506ac7,62.1622%,14,23,37,23,12,2,0
0x81f331,99.2739%,14,1914,1928,0,0,14,1914
0x610311,57.5758%,14,19,33,0,0,14,19
0x4b9e8b,91.6168%,14,153,167,6,6,8,147
0x9e762a,92.5134%,14,173,187,50,3,11,123
0x63ff94,98.5432%,14,947,961,647,3,11,300
0x4bb4f1,73.0769%,14,38,52,38,14,0,0
0x4bb49a,73.0769%,14,38,52,0,0,14,38
0x81b94f,95.5836%,14,303,317,0,0,14,303
0xa5f9eb,96.7816%,14,421,435,0,0,14,421
0x550243,64.1026%,14,25,39,25,14,0,0
0x9ef216,91.954%,14,160,174,160,14,0,0
0x5b1535,74.5455%,14,41,55,34,13,1,7
0x991acc,92.6702%,14,177,191,0,0,14,177
0x63fd39,99.5032%,14,2804,2818,2804,14,0,0
0x9021db,93.1034%,14,189,203,81,5,9,108
0xa08e59,77.7778%,14,49,63,11,7,7,38
0x805643,98.8673%,14,1222,1236,1222,12,2,0
0x9f8fc6,89.8551%,14,124,138,1,9,5,123
0x49cade,97.974%,14,677,691,0,0,14,677
0x9f55c7,78.7879%,14,52,66,52,14,0,0
0x81bc5b,76.2712%,14,45,59,0,4,10,45
0x63e4c9,99.0169%,14,1410,1424,1091,11,3,319
0xa28584,88.7097%,14,110,124,110,8,6,0
0xa025c6,99.0617%,14,1478,1492,0,0,14,1478
0x592cd5,61.1111%,14,22,36,0,0,14,22
0x40509e,99.6246%,14,3715,3729,0,0,14,3715
0x482807,26.3158%,14,5,19,3,14,0,2
0x4826cb,26.3158%,14,5,19,5,14,0,0
0x9e2fd6,94.6768%,14,249,263,0,0,14,249
0x9f5a85,87.5%,14,98,112,2,2,12,96
0xa97459,90.604%,14,135,149,35,7,7,100
0x5f09d2,95.2703%,14,282,296,282,14,0,0
0x9118f4,97.8947%,14,651,665,651,14,0,0
0x50723d,91.5663%,14,152,166,134,2,12,18
0xa480fa,95.3642%,14,288,302,55,5,9,233
0x8e6966,91.25%,14,146,160,0,0,14,146
0x8e1daa,39.1304%,14,9,23,7,10,4,2
0xa48043,95.3642%,14,288,302,267,2,12,21
0x5d106b,98.8755%,14,1231,1245,1231,14,0,0
0x63bbee,98.5432%,14,947,961,0,0,14,947
0x5fc74d,70.8333%,14,34,48,5,9,5,29
0x5ae0ae,48.1481%,14,13,27,13,14,0,0
0x5ff41e,70.8333%,14,34,48,34,7,7,0
0x4ba139,87.156%,14,95,109,24,9,5,71
0x8c73a3,96.6102%,14,399,413,399,14,0,0
0xb0c08a,99.6363%,14,3835,3849,3835,14,0,0
0x64388b,64.1026%,14,25,39,0,0,14,25
0x7cde8c,98.2323%,14,778,792,778,14,0,0
0x405118,33.3333%,14,7,21,7,14,0,0
0xa2df25,64.1026%,14,25,39,14,8,6,11
0x53add7,70.2128%,14,33,47,0,0,14,33
0xa3670e,87.931%,14,102,116,102,4,10,0
0x5411f6,99.6133%,14,3606,3620,0,0,14,3606
0x54391d,89.8551%,14,124,138,2,1,13,122
0x5425bf,89.1473%,14,115,129,0,0,14,115
0x9aa3d3,62.1622%,14,23,37,10,12,2,13
0xb18260,98.607%,14,991,1005,991,14,0,0
0x9f4c01,92%,14,161,175,161,14,0,0
0x8f4bfa,92.0455%,14,162,176,0,0,14,162
0x54dc32,64.1026%,14,25,39,25,14,0,0
0x542563,92.7461%,14,179,193,0,0,14,179
0x4bf48f,83.3333%,14,70,84,14,2,12,56
0xa02620,92.0904%,14,163,177,0,0,14,163
0x8def4f,63.1579%,14,24,38,17,5,9,7
0x5bd4a3,99.8222%,14,7859,7873,0,0,14,7859
0x53fede,96.7442%,14,416,430,1,3,11,415
0x9e760c,91.195%,14,145,159,0,0,14,145
0xa40fa3,97.3485%,14,514,528,510,7,7,4
0x8ee78e,91.7647%,14,156,170,156,14,0,0
0x9f50b3,73.0769%,14,38,52,20,6,8,18
0x8ec2fd,98.7261%,14,1085,1099,1085,13,1,0
0x8224d6,97.1253%,14,473,487,468,14,0,5
0x90f2e9,93%,14,186,200,0,0,14,186
0x5571b4,83.1325%,14,69,83,46,14,0,23
0xa37336,66.6667%,14,28,42,28,14,0,0
0x7d2c38,96.0114%,14,337,351,322,10,4,15
0xa3bb1c,22.2222%,14,4,18,0,0,14,4
0x4bfdc4,72.549%,14,37,51,3,10,4,34
0x542590,77.0492%,14,47,61,47,14,0,0
0xa05a5b,75.8621%,14,44,58,21,8,6,23
0x64c282,91.8129%,14,157,171,44,9,5,113
0xa32e2a,98.694%,14,1058,1072,0,0,14,1058
0x983a5c,81.3333%,14,61,75,0,0,14,61
0x80a596,98.7719%,14,1126,1140,1126,12,2,0
0x4051b4,99.8043%,14,7138,7152,0,0,14,7138
0x81ea51,83.7209%,14,72,86,69,14,0,3
0x8c8792,96.9163%,14,440,454,440,14,0,0
0x6804f6,99.694%,14,4561,4575,0,0,14,4561
0xb17abb,98.6805%,14,1047,1061,1047,14,0,0
0x8dfc9c,66.6667%,14,28,42,27,13,1,1
0xa9db1a,74.5455%,14,41,55,27,14,0,14
0x511dba,96.3542%,14,370,384,0,0,14,370
0x50ce54,73.0769%,14,38,52,38,14,0,0
0xaa630d,97.2387%,14,493,507,493,14,0,0
0x809e07,97.5045%,14,547,561,0,0,14,547
0x5c5181,57.5758%,14,19,33,0,0,14,19
0x808b77,98.3491%,14,834,848,832,11,3,2
0xa34da9,94.717%,14,251,265,0,0,14,251
0xa3fc87,83.7209%,14,72,86,0,14,0,72
0xa262d9,98.618%,14,999,1013,0,0,14,999
0x90a779,81.0811%,14,60,74,4,13,1,56
0x679c73,99.186%,14,1706,1720,1706,14,0,0
0x534c83,30%,14,6,20,0,0,14,6
0x951022,86.6667%,14,91,105,0,1,13,91
0xa449f3,97.76%,14,611,625,0,4,10,611
0x81b126,82.9268%,14,68,82,36,14,0,32
0x9a4a25,41.6667%,14,10,24,2,14,0,8
0x48a777,98.7868%,14,1140,1154,1140,14,0,0
0x65a2c6,92.6316%,14,176,190,0,0,14,176
0x511161,98%,14,686,700,686,14,0,0
0x8e41e3,88.9764%,14,113,127,113,14,0,0
0x6492da,86.7925%,14,92,106,27,3,11,65
0x81b6e3,93.2039%,14,192,206,0,2,12,192
0x9ef392,76.6667%,14,46,60,34,4,10,12
0x4a6e86,85.1064%,14,80,94,80,14,0,0
0x94da33,56.25%,14,18,32,18,14,0,0
0x5c4fcc,90.2778%,14,130,144,0,0,14,130
0x9e8980,90.3448%,14,131,145,131,14,0,0
0x8151b4,76.2712%,14,45,59,1,3,11,44
0x98cd90,60%,14,21,35,0,0,14,21
0x944359,81.5789%,14,62,76,0,0,14,62
0x4bb21d,84.2697%,14,75,89,52,3,11,23
0x8f76e4,68.8889%,14,31,45,31,9,5,0
0x5be567,91.7647%,14,156,170,156,14,0,0
0x610513,97.0833%,14,466,480,0,0,14,466
0x8a6459,86.6667%,14,91,105,0,3,11,91
0x8ee779,91.7647%,14,156,170,0,0,14,156
0x90a042,98.6355%,14,1012,1026,0,0,14,1012
0x819169,79.4118%,14,54,68,31,3,11,23
0x99af0d,93.2692%,14,194,208,194,14,0,0
0x908962,98.5432%,14,947,961,947,14,0,0
0x53a0df,51.7241%,14,15,29,15,14,0,0
0xa392d0,0%,14,0,14,0,14,0,0
0x90e114,76.6667%,14,46,60,16,14,0,30
0x9e297b,6.66667%,14,1,15,0,0,14,1
0x50c689,65.8537%,14,27,41,21,10,4,6
0x48d1a8,75%,14,42,56,42,14,0,0
0x666915,97.6027%,14,570,584,570,14,0,0
0x40a8cf,90.604%,14,135,149,0,0,14,135
0x9f95e3,81.3333%,14,61,75,14,8,6,47
0xb0a079,93.3333%,14,196,210,196,14,0,0
0x8da491,97.9259%,14,661,675,0,0,14,661
0x4ab1ca,62.1622%,14,23,37,23,8,6,0
0x90d99b,99.9725%,14,50919,50933,50919,14,0,0
0x8ffbdb,99.5453%,14,3065,3079,0,2,12,3065
0x4a0311,68.1818%,14,30,44,12,4,10,18
0xb2c904,95.9538%,14,332,346,0,0,14,332
0xa469c4,93.8053%,14,212,226,212,13,1,0
0x8f287a,68.1818%,14,30,44,0,0,14,30
0x81bc86,93.1373%,14,190,204,190,2,12,0
0x94c8f7,65%,14,26,40,26,14,0,0
0x94d7b4,97.5177%,14,550,564,0,0,14,550
0x8a5e73,92.1348%,14,164,178,38,1,13,126
0x4b52a7,96.2466%,14,359,373,0,2,12,359
0xa3425f,91.7647%,14,156,170,112,13,1,44
0xa311cc,93.722%,14,209,223,209,14,0,0
0x9449a8,80%,14,56,70,56,14,0,0
0x983a92,51.7241%,14,15,29,15,12,2,0
0x4a71dc,97.7273%,14,602,616,0,0,14,602
0xa43953,93.0348%,14,187,201,0,0,14,187
0xa33d0e,98.9552%,14,1326,1340,454,11,3,872
0x508cf9,0%,14,0,14,0,0,14,0
0x8e9a79,94.7566%,14,253,267,253,14,0,0
0x8ddc41,87.5%,14,98,112,98,14,0,0
0xa9d222,41.6667%,14,10,24,7,13,1,3
0x5044dc,98.1081%,14,726,740,726,14,0,0
0x8b9a2e,98.7522%,14,1108,1122,163,5,9,945
0xb1c919,98.2565%,14,789,803,789,14,0,0
0x53e371,99.5553%,14,3134,3148,0,0,14,3134
0x8a958e,61.1111%,14,22,36,15,9,5,7
0xb14a58,99.6214%,13,3421,3434,3421,13,0,0
0x8a8c70,97.7778%,13,572,585,42,3,10,530
0x9ed8b2,79.6875%,13,51,64,51,13,0,0
0x4c061a,69.0476%,13,29,42,29,13,0,0
0x908d46,99.8374%,13,7981,7994,7981,13,0,0
0x67a6f5,99.5285%,13,2744,2757,0,0,13,2744
0x4ba9cc,58.0645%,13,18,31,0,0,13,18
0x8e3dbc,91.8239%,13,146,159,0,0,13,146
0x81732c,48%,13,12,25,1,0,13,11
0x4b527f,81.6901%,13,58,71,58,11,2,0
0x8eb668,81.9444%,13,59,72,1,5,8,58
0x63ede9,99.2999%,13,1844,1857,0,0,13,1844
0x5dcf1a,90.2256%,13,120,133,120,13,0,0
0x901b80,94.8%,13,237,250,0,0,13,237
0x4bdf04,0%,13,0,13,0,13,0,0
0xa596e2,50%,13,13,26,11,5,8,2
0x4a1b49,43.4783%,13,10,23,0,0,13,10
0x4c20f9,91.8239%,13,146,159,0,0,13,146
0x9198c2,98.6472%,13,948,961,948,13,0,0
0x49df0a,7.14286%,13,1,14,1,13,0,0
0x499c4f,87.7358%,13,93,106,0,0,13,93
0x4ba494,50%,13,13,26,0,13,0,13
0x9a0a30,53.5714%,13,15,28,0,0,13,15
0x9e7a1b,92.3077%,13,156,169,12,12,1,144
0x8e4c64,86.8687%,13,86,99,0,0,13,86
0x63eb2a,98.6472%,13,948,961,948,13,0,0
0xa583c0,89.4309%,13,110,123,0,0,13,110
0xa2f9ed,83.3333%,13,65,78,0,0,13,65
0x53a581,94.8207%,13,238,251,238,11,2,0
0x7b301c,40.9091%,13,9,22,9,13,0,0
0x48a97a,98.541%,13,878,891,0,0,13,878
0x9814e8,55.1724%,13,16,29,16,13,0,0
0x60b9ef,80%,13,52,65,39,8,5,13
0xa89581,81.4286%,13,57,70,0,8,5,57
0xa43a6b,96.3889%,13,347,360,21,7,6,326
0x7b2fc8,70.4545%,13,31,44,1,1,12,30
0x9d07f6,79.0323%,13,49,62,48,13,0,1
0x901254,92.8571%,13,169,182,1,1,12,168
0xa274f2,96.0123%,13,313,326,313,13,0,0
0x80f929,64.8649%,13,24,37,0,0,13,24
0x9d1130,94.8207%,13,238,251,0,7,6,238
0x4c0faa,45.8333%,13,11,24,11,13,0,0
0x983f0b,79.6875%,13,51,64,43,13,0,8
0x9d0216,96.0843%,13,319,332,168,13,0,151
0x49ce01,40.9091%,13,9,22,9,13,0,0
0x55471d,79.6875%,13,51,64,51,13,0,0
0x983a61,82.6667%,13,62,75,21,7,6,41
0x4b6d0d,91.8239%,13,146,159,141,7,6,5
0xa350ae,91.2162%,13,135,148,135,13,0,0
0x9e6f45,76.3636%,13,42,55,41,11,2,1
0xb230df,91.5584%,13,141,154,141,13,0,0
0xa526c4,69.7674%,13,30,43,3,8,5,27
0x9e3854,96.2644%,13,335,348,0,0,13,335
0xa548cd,96.9977%,13,420,433,420,13,0,0
0x8e38f8,72.9167%,13,35,48,0,0,13,35
0xa39efb,68.2927%,13,28,41,3,8,5,25
0x983a47,53.5714%,13,15,28,6,5,8,9
0x9e01b1,53.5714%,13,15,28,0,0,13,15
0x4b70a3,91.2162%,13,135,148,0,0,13,135
0x9f0e3f,63.8889%,13,23,36,0,0,13,23
0xa46c68,86.4583%,13,83,96,83,13,0,0
0x535020,79.6875%,13,51,64,0,0,13,51
0x9f0ebf,65.7895%,13,25,38,25,13,0,0
0x4b515a,89.8438%,13,115,128,0,0,13,115
0x4a9c84,58.0645%,13,18,31,4,11,2,14
0x9e7052,71.7391%,13,33,46,27,12,1,6
0x9ef469,78.3333%,13,47,60,4,5,8,43
0x4bc0cb,89.2562%,13,108,121,108,13,0,0
0xa5f953,97.0115%,13,422,435,422,13,0,0
0x58c551,61.7647%,13,21,34,12,10,3,9
0x8a9278,99.277%,13,1785,1798,326,2,11,1459
0x550a4f,61.7647%,13,21,34,9,12,1,12
0x4bc505,94.2222%,13,212,225,0,2,11,212
0x4bd703,66.6667%,13,26,39,0,0,13,26
0x4c8034,81.1594%,13,56,69,0,0,13,56
0x973172,97.8689%,13,597,610,0,0,13,597
0x60e34b,97.0787%,13,432,445,0,0,13,432
0x97ba0a,88.5965%,13,101,114,22,9,4,79
0xa42add,98.4884%,13,847,860,0,0,13,847
0x96a667,81.9444%,13,59,72,0,7,6,59
0x9519c8,91.4474%,13,139,152,3,13,0,136
0x9d1c97,81.6901%,13,58,71,13,3,10,45
0x9f5668,83.75%,13,67,80,67,13,0,0
0x8ba049,99.7563%,13,5322,5335,5322,13,0,0
0x8d30e5,94.4915%,13,223,236,223,13,0,0
0x4c270d,90.2256%,13,120,133,48,1,12,72
0x67f6d8,87.7358%,13,93,106,0,0,13,93
0x4bfdcd,65.7895%,13,25,38,0,13,0,25
0x4c031d,74.5098%,13,38,51,38,13,0,0
0x980af2,82.4324%,13,61,74,61,13,0,0
0x81c99b,92.4419%,13,159,172,159,13,0,0
0xa9f14c,94.2478%,13,213,226,48,10,3,165
0x98469f,86.3158%,13,82,95,12,8,5,70
0x5fec91,75.4717%,13,40,53,1,12,1,39
0xa159b3,96.5879%,13,368,381,0,6,7,368
0x90294d,97.4609%,13,499,512,499,13,0,0
0x4c0dde,84.8837%,13,73,86,39,5,8,34
0x4b78d6,53.5714%,13,15,28,0,0,13,15
0xa49833,95.3571%,13,267,280,267,13,0,0
0x50716f,98.2432%,13,727,740,0,0,13,727
0x49435b,87.619%,13,92,105,92,13,0,0
0x90fcfa,94.2731%,13,214,227,50,6,7,164
0x5bda11,99.3236%,13,1909,1922,1909,9,4,0
0x9799bb,63.8889%,13,23,36,0,0,13,23
0x9a11b3,83.9506%,13,68,81,0,0,13,68
0x8bbb9d,64.8649%,13,24,37,0,0,13,24
0xa943c5,94.1964%,13,211,224,0,0,13,211
0x9ebbcf,93.6893%,13,193,206,187,11,2,6
0xa9286d,73.4694%,13,36,49,0,0,13,36
0x7d2191,97.6577%,13,542,555,542,9,4,0
0x9e110f,55.1724%,13,16,29,14,13,0,2
0x96b189,98.5667%,13,894,907,0,0,13,894
0x4c285e,84.5238%,13,71,84,71,12,1,0
0x627a50,94.902%,13,242,255,242,13,0,0
0x58e2fa,82.6667%,13,62,75,62,13,0,0
0x48f797,80%,13,52,65,0,10,3,52
0x554f98,76.3636%,13,42,55,0,0,13,42
0x5b4196,58.0645%,13,18,31,18,13,0,0
0x8c7bea,89.3443%,13,109,122,99,9,4,10
0x4bd65f,72.3404%,13,34,47,30,11,2,4
0x94d867,97.5655%,13,521,534,521,13,0,0
0x8f2e53,96.1424%,13,324,337,324,13,0,0
0x90dc8a,98.6472%,13,948,961,922,9,4,26
0x5c502a,60.6061%,13,20,33,0,0,13,20
0x8fdaa2,79.3651%,13,50,63,1,6,7,49
0x833ae5,90.1515%,13,119,132,119,13,0,0
0x8d3907,96.496%,13,358,371,0,2,11,358
0x8f6a2c,96.4187%,13,350,363,350,13,0,0
0x4a261e,95.9248%,13,306,319,0,0,13,306
0x9ab5d1,90.6475%,13,126,139,0,0,13,126
0x40497f,94.9807%,13,246,259,0,0,13,246
0x609ce8,96.3173%,13,340,353,0,0,13,340
0xaab489,98.262%,13,735,748,735,13,0,0
0x959793,75%,13,39,52,2,2,11,37
0x696555,96.7254%,13,384,397,0,0,13,384
0x546949,95.6229%,13,284,297,281,8,5,3
0x81fda7,72.9167%,13,35,48,0,0,13,35
0x810470,97.6534%,13,541,554,11,9,4,530
0x804f91,97.4903%,13,505,518,505,11,2,0
0x4999d8,82.4324%,13,61,74,48,0,13,13
0x7ce93c,98.7747%,13,1048,1061,1048,13,0,0
0x9913da,87.963%,13,95,108,89,2,11,6
0x9e0b26,95.057%,13,250,263,0,0,13,250
0x90a7d4,91.5033%,13,140,153,140,13,0,0
0x8c8325,56.6667%,13,17,30,8,11,2,9
0x8efd72,88.8889%,13,104,117,100,6,7,4
0x4c4a0a,77.5862%,13,45,58,5,11,2,40
0xaa5483,53.5714%,13,15,28,3,12,1,12
0xaa5cd4,61.7647%,13,21,34,7,3,10,14
0xa595c0,93.5644%,13,189,202,189,13,0,0
0x8ef063,84.5238%,13,71,84,0,0,13,71
0xa96a4a,64.8649%,13,24,37,0,0,13,24
0xa4286c,94.2222%,13,212,225,43,7,6,169
0x4acbf2,13.3333%,13,2,15,2,13,0,0
0x5d8919,56.6667%,13,17,30,0,0,13,17
0x4b6985,88.6957%,13,102,115,0,0,13,102
0x5af294,98.1322%,13,683,696,683,13,0,0
0x67f309,95%,13,247,260,124,2,11,123
0x67a237,43.4783%,13,10,23,10,13,0,0
0x9f03c0,96.6057%,13,370,383,0,0,13,370
0x8f0c82,79.0323%,13,49,62,39,3,10,10
0x51b952,99.7533%,13,5257,5270,5257,13,0,0
0x8e9f69,99.2335%,13,1683,1696,0,0,13,1683
0x511079,99.6555%,13,3761,3774,3761,13,0,0
0x77ff80,97.3415%,13,476,489,476,13,0,0
0x533cdc,78.3333%,13,47,60,0,0,13,47
0x48a4b8,67.5%,13,27,40,27,13,0,0
0x4ad85a,38.0952%,13,8,21,4,9,4,4
0x9e29d3,92.4855%,13,160,173,0,0,13,160
0x7c7b99,86.5979%,13,84,97,0,0,13,84
0x67a2da,43.4783%,13,10,23,0,0,13,10
0x5be7fd,71.1111%,13,32,45,1,1,12,31
0x9aba78,94.8207%,13,238,251,238,13,0,0
0x49c8f4,80.597%,13,54,67,42,7,6,12
0xa5ee34,96.4674%,13,355,368,355,13,0,0
0x4c8b10,90.2256%,13,120,133,0,0,13,120
0x9a6073,53.5714%,13,15,28,8,6,7,7
0x9a60d5,87.7358%,13,93,106,0,0,13,93
0x9a82d7,7.14286%,13,1,14,0,0,13,1
0x9ab735,85.3933%,13,76,89,0,0,13,76
0x8fcff7,81.6901%,13,58,71,0,0,13,58
0x80a5f0,98.4579%,13,830,843,830,11,2,0
0x97739a,27.7778%,13,5,18,1,5,8,4
0x9ab97b,94.3723%,13,218,231,218,13,0,0
0x5fe868,77.5862%,13,45,58,33,3,10,12
0x40a868,45.8333%,13,11,24,2,0,13,9
0xa061a3,74%,13,37,50,17,4,9,20
0x6f5515,67.5%,13,27,40,27,13,0,0
0x96aeda,71.7391%,13,33,46,18,9,4,15
0x4831f8,55.1724%,13,16,29,0,0,13,16
0x540d61,96.2857%,13,337,350,0,0,13,337
0xa968ca,92.2619%,13,155,168,155,13,0,0
0x542e80,91.5033%,13,140,153,0,0,13,140
0xb2e6c7,71.7391%,13,33,46,0,0,13,33
0x8fcd6b,96.3585%,13,344,357,0,0,13,344
0x8ffc60,82.4324%,13,61,74,2,4,9,59
0x48f8d0,18.75%,13,3,16,0,0,13,3
0x4bc1cc,88.3929%,13,99,112,51,5,8,48
0x98c995,88.0734%,13,96,109,0,0,13,96
0x499712,89.7638%,13,114,127,53,0,13,61
0x82149e,99.3454%,13,1973,1986,0,0,13,1973
0x94a028,94.1704%,13,210,223,210,13,0,0
0x63f320,93.5%,13,187,200,187,11,2,0
0x5c4b9a,99.2892%,13,1816,1829,0,0,13,1816
0x4c8e3e,90.2256%,13,120,133,14,6,7,106
0x81e9fa,91.4474%,13,139,152,71,5,8,68
0x9e73ab,96.75%,13,387,400,0,0,13,387
0x4c5eae,69.7674%,13,30,43,0,0,13,30
0x7f3729,13.3333%,13,2,15,0,0,13,2
0x88ea73,66.6667%,13,26,39,0,0,13,26
0x5b029b,97.451%,13,497,510,0,0,13,497
0x80e4f6,98.4579%,13,830,843,0,0,13,830
0x969287,92.5714%,13,162,175,0,0,13,162
0x488c15,95.8065%,13,297,310,0,0,13,297
0x5eb870,70.4545%,13,31,44,31,13,0,0
0x9a9b25,89.2562%,13,108,121,0,0,13,108
0x9f61e5,98.6458%,13,947,960,0,0,13,947
0x8a9f4c,65.7895%,13,25,38,3,8,5,22
0x49c07c,97.3948%,13,486,499,0,2,11,486
0xa325e8,93.6893%,13,193,206,193,9,4,0
0xaa5365,38.0952%,13,8,21,0,0,13,8
0x8dfdd2,97.6786%,13,547,560,0,0,13,547
0x817ea2,76.3636%,13,42,55,39,2,11,3
0xa5d15a,48%,13,12,25,0,0,13,12
0x8e3326,96.2428%,13,333,346,333,9,4,0
0x40a66a,50%,13,13,26,9,13,0,4
0x680631,43.4783%,13,10,23,0,0,13,10
0x642e59,62.8571%,13,22,35,0,0,13,22
0x67fb35,99.8418%,13,8206,8219,0,0,13,8206
0x606bc7,88.4956%,13,100,113,90,11,2,10
0x8dfe4b,90%,13,117,130,0,0,13,117
0xa9eaee,84.7059%,13,72,85,72,13,0,0
0x88e53b,66.6667%,13,26,39,26,13,0,0
0xa08f1e,79.6875%,13,51,64,51,8,5,0
0xa02d9b,87.8505%,13,94,107,94,13,0,0
0x8a8f77,90.7143%,13,127,140,0,0,13,127
0x48c523,90.7143%,13,127,140,0,0,13,127
0x48c423,90.9722%,13,131,144,129,11,2,2
0x9746a7,80.8824%,13,55,68,0,0,13,55
0x5b1cf5,72.3404%,13,34,47,34,13,0,0
0xb30b89,96.1078%,13,321,334,0,0,13,321
0x8f21c2,23.5294%,13,4,17,0,0,13,4
0x918df3,93.5%,13,187,200,187,13,0,0
0x409d13,85.7143%,13,78,91,1,8,5,77
0xa5abca,13.3333%,13,2,15,0,0,13,2
0x8188ca,92.973%,13,172,185,160,12,1,12
0xa4668a,86.4583%,13,83,96,0,0,13,83
0xa47e87,69.0476%,13,29,42,21,9,4,8
0x791e58,71.1111%,13,32,45,29,10,3,3
0x4c3858,0%,13,0,13,0,0,13,0
0x7ac073,88.8889%,13,104,117,14,7,6,90
0x8f56c2,92.0732%,13,151,164,0,0,13,151
0xa03983,82.8947%,13,63,76,63,13,0,0
0x80e6d6,97.3896%,13,485,498,408,7,6,77
0xa469bb,94.3478%,13,217,230,3,1,12,214
0xa189fe,69.7674%,13,30,43,0,0,13,30
0xa4400c,79.6875%,13,51,64,0,0,13,51
0x5ff601,72.9167%,13,35,48,0,12,1,35
0xa42876,92.5714%,13,162,175,0,0,13,162
0x904898,92.973%,13,172,185,172,13,0,0
0xa945b0,55.1724%,13,16,29,16,11,2,0
0x9a1c18,93.5961%,13,190,203,0,0,13,190
0xb3243b,98.6584%,13,956,969,0,0,13,956
0xa946aa,71.7391%,13,33,46,0,0,13,33
0x9429d3,91.5584%,13,141,154,0,8,5,141
0x619cc2,35%,13,7,20,0,0,13,7
0x8e69b4,91.2162%,13,135,148,135,13,0,0
0x534119,87.1287%,13,88,101,88,13,0,0
0x9a91e4,53.5714%,13,15,28,5,9,4,10
0x5fb7da,76.3636%,13,42,55,5,0,13,37
0x4bb713,93.7799%,13,196,209,0,0,13,196
0xa43c8b,95.3737%,13,268,281,0,0,13,268
0x494efe,53.5714%,13,15,28,2,9,4,13
0x7b1128,23.5294%,13,4,17,0,12,1,4
0x5121cd,66.6667%,13,26,39,0,2,11,26
0x905d11,89.8438%,13,115,128,0,0,13,115
0x4943ec,81.4286%,13,57,70,15,4,9,42
0xb2ff03,74.5098%,13,38,51,7,6,7,31
0x9fcbad,48%,13,12,25,6,1,12,6
0x9f55a8,83.75%,13,67,80,1,13,0,66
0x9e1a27,89.1667%,13,107,120,107,13,0,0
0x495a78,68.2927%,13,28,41,0,0,13,28
0xa46724,56.6667%,13,17,30,0,0,13,17
0x9026c5,98.9167%,13,1187,1200,0,0,13,1187
0x53ded4,96.8059%,13,394,407,394,13,0,0
0xa459a2,74.5098%,13,38,51,12,6,7,26
0x60843e,85.5556%,13,77,90,6,8,5,71
0x7cdf2a,98.3586%,13,779,792,779,13,0,0
0x81502a,96.0606%,13,317,330,317,13,0,0
0x481d7a,65.7895%,13,25,38,10,9,4,15
0x4818fc,55.1724%,13,16,29,16,13,0,0
0xa55445,91.5584%,13,141,154,0,0,13,141
0x49322b,66.6667%,13,26,39,26,13,0,0
0x54ecc4,81.1594%,13,56,69,0,0,13,56
0x4898e1,96.5969%,13,369,382,0,8,5,369
0x4a6e3e,96.338%,13,342,355,342,13,0,0
0x4807a7,31.5789%,13,6,19,0,0,13,6
0x59c0b9,93.9252%,13,201,214,201,13,0,0
0x5f1505,65.7895%,13,25,38,25,13,0,0
0xa44d73,97.8793%,13,600,613,0,4,9,600
0x5406d0,95.6229%,13,284,297,284,9,4,0
0x9a392e,38.0952%,13,8,21,8,13,0,0
0x4a946c,79.3651%,13,50,63,0,0,13,50
0x833a9c,88.1818%,13,97,110,94,5,8,3
0x8dcd40,97.446%,13,496,509,0,0,13,496
0xa8fce0,91.0959%,13,133,146,133,13,0,0
0x90664f,88.1818%,13,97,110,97,13,0,0
0x8c75b5,99.3247%,13,1912,1925,1912,13,0,0
0xa41e16,97.92%,13,612,625,612,13,0,0
0x555f87,94.7581%,13,235,248,235,13,0,0
0xa9096d,91.2752%,13,136,149,0,0,13,136
0x547b2b,98.6842%,13,975,988,975,2,11,0
0xa48abc,92.2156%,13,154,167,0,0,13,154
0x5f79ab,94.3966%,13,219,232,6,10,3,213
0x81edb6,94.7581%,13,235,248,235,13,0,0
0xa481e9,95.6954%,13,289,302,237,5,8,52
0x9a24a9,67.5%,13,27,40,23,13,0,4
0xa471e8,92.2156%,13,154,167,154,13,0,0
0xa4701f,94.9416%,13,244,257,8,7,6,236
0x4bacfe,94.0367%,13,205,218,204,6,7,1
0xa4dc3e,65.7895%,13,25,38,25,13,0,0
0x5addfa,51.8519%,13,14,27,0,0,13,14
0x4bae71,95.8199%,13,298,311,0,0,13,298
0x94b074,93.7198%,13,194,207,194,13,0,0
0x7dfb5c,81.4286%,13,57,70,0,10,3,57
0x609f08,91.9255%,13,148,161,148,13,0,0
0x507d06,63.8889%,13,23,36,23,9,4,0
0xa31244,84.7059%,13,72,85,72,13,0,0
0xa5edaf,97.6909%,13,550,563,0,0,13,550
0x9e0460,93.8389%,13,198,211,0,0,13,198
0x5502bb,66.6667%,13,26,39,22,9,4,4
0x8ffbc0,99.2437%,13,1706,1719,0,4,9,1706
0x4c0ef5,59.375%,13,19,32,19,13,0,0
0x9e0e6e,83.5443%,13,66,79,0,13,0,66
0x9c3cc6,71.1111%,13,32,45,32,13,0,0
0xa4b68b,35%,13,7,20,0,0,13,7
0x9f7608,80.303%,13,53,66,53,13,0,0
0x5fa1ec,98.5327%,13,873,886,0,0,13,873
0x60e6dc,83.5443%,13,66,79,0,0,13,66
0x543b55,93.7799%,13,196,209,0,0,13,196
0xad7bf6,85.0575%,13,74,87,0,0,13,74
0x9edc4c,79.6875%,13,51,64,51,13,0,0
0x4bb6b1,91.7197%,13,144,157,0,0,13,144
0x90ba19,97.7312%,13,560,573,0,0,13,560
0xa4430e,40.9091%,13,9,22,9,13,0,0
0x9ee37f,88.1818%,13,97,110,97,13,0,0
0x9ee172,91.9255%,13,148,161,148,7,6,0
0x94ed55,56.6667%,13,17,30,0,0,13,17
0x5bd814,96.0725%,13,318,331,0,0,13,318
0x9edcd5,79.6875%,13,51,64,0,0,13,51
0x8e92f1,85.3933%,13,76,89,1,6,7,75
0x48d802,87.8505%,13,94,107,94,7,6,0
0xa46dbb,78.3333%,13,47,60,47,13,0,0
0x551c8d,86.8687%,13,86,99,86,13,0,0
0x58fda1,99.821%,13,7249,7262,7249,13,0,0
0x4a7ac8,97.4757%,13,502,515,0,0,13,502
0x94e8cd,78.3333%,13,47,60,28,2,11,19
0x9ee5d4,91.4474%,13,139,152,83,12,1,56
0x9ed225,94.9807%,13,246,259,0,0,13,246
0x50cc12,65.7895%,13,25,38,10,9,4,15
0x547402,78.6885%,13,48,61,0,0,13,48
0x50650d,92.0732%,13,151,164,151,13,0,0
0x5f6c73,53.5714%,13,15,28,14,4,9,1
0x8dd911,70.4545%,13,31,44,0,0,13,31
0xa448d5,75%,13,39,52,39,13,0,0
0x6f4542,27.7778%,13,5,18,0,0,13,5
0x81f910,99.3577%,13,2011,2024,2011,13,0,0
0x900bbb,96.131%,13,323,336,321,13,0,2
0x5fe1b4,89.6825%,13,113,126,0,0,13,113
0x8d23d0,97.0982%,13,435,448,0,0,13,435
0x5fef89,72.9167%,13,35,48,28,6,7,7
0x5fa838,81.1594%,13,56,69,0,0,13,56
0x48e11d,56.6667%,13,17,30,11,4,9,6
0x61144a,69.0476%,13,29,42,0,0,13,29
0x90e675,98.573%,13,898,911,0,0,13,898
0x48dfba,68.2927%,13,28,41,5,9,4,23
0xa8f8f1,50%,13,13,26,0,0,13,13
0x50c9a1,97.0455%,13,427,440,0,0,13,427
0x5fae4e,72.9167%,13,35,48,0,0,13,35
0x80b947,94.1704%,13,210,223,194,5,8,16
0x6805a6,31.5789%,13,6,19,6,13,0,0
0x50e4b3,53.5714%,13,15,28,10,0,13,5
0xa2dcd7,63.8889%,13,23,36,0,0,13,23
0x94edff,56.6667%,13,17,30,17,13,0,0
0x911b6b,97.8297%,13,586,599,0,0,13,586
0x814e0d,76.7857%,13,43,56,41,0,13,2
0x66f7db,31.5789%,13,6,19,6,13,0,0
0x50e589,75.4717%,13,40,53,1,9,4,39
0xa2eaa8,96.2751%,13,336,349,336,9,4,0
0x48bfcd,90.8451%,13,129,142,0,1,12,129
0x50aa77,81.1594%,13,56,69,0,0,13,56
0x50d2db,95.6376%,13,285,298,0,0,13,285
0x50d98b,96.7172%,13,383,396,0,0,13,383
0x8e96f7,98.6458%,13,947,960,947,13,0,0
0x507eff,97.561%,13,520,533,520,8,5,0
0xa2cb58,98.5426%,13,879,892,879,13,0,0
0x511090,99.6555%,13,3761,3774,3761,13,0,0
0xb180b1,99.096%,13,1425,1438,0,0,13,1425
0x4bb29c,97.0655%,13,430,443,428,13,0,2
0x9e0338,40.9091%,13,9,22,9,13,0,0
0xa52f4b,93.2292%,13,179,192,162,10,3,17
0xa46752,56.6667%,13,17,30,3,9,4,14
0xb17a53,98.1818%,13,702,715,0,0,13,702
0x901b5a,94.9219%,13,243,256,0,0,13,243
0x9a621f,55.1724%,13,16,29,12,12,1,4
0x81bcb0,56.6667%,13,17,30,16,2,11,1
0x4a7bfa,87.2549%,13,89,102,41,10,3,48
0x7afc24,53.5714%,13,15,28,15,11,2,0
0xa5303b,93.2292%,13,179,192,179,3,10,0
0x8e0eec,95.9502%,13,308,321,308,13,0,0
0x966564,84.3373%,13,70,83,70,11,2,0
0xa521b4,91.5584%,13,141,154,65,12,1,76
0x95012f,99.4006%,13,2156,2169,0,0,13,2156
0x4bc2e2,99.1287%,13,1479,1492,1479,13,0,0
0xa258b4,31.5789%,13,6,19,2,12,1,4
0x9730b8,51.8519%,13,14,27,0,2,11,14
0x808b07,98.8596%,13,1127,1140,1127,11,2,0
0x9be5b5,94.9612%,13,245,258,245,3,10,0
0x94cc68,83.5443%,13,66,79,47,0,13,19
0x5561b1,94.7581%,13,235,248,235,13,0,0
0x9d3319,76.3636%,13,42,55,0,0,13,42
0xb0b1d6,96.798%,13,393,406,393,13,0,0
0xa4e6d6,65.7895%,13,25,38,0,0,13,25
0x60e302,97.5285%,13,513,526,513,13,0,0
0x8edd08,97.1175%,13,438,451,0,0,13,438
0x55589f,76.3636%,13,42,55,0,0,13,42
0x8a9648,86.0215%,13,80,93,3,9,4,77
0x8d2337,98.7065%,13,992,1005,0,5,8,992
0xa5774e,53.5714%,13,15,28,2,12,1,13
0x5358bc,56.6667%,13,17,30,16,13,0,1
0xa578b6,68.2927%,13,28,41,7,8,5,21
0x9e3eaa,91.5584%,13,141,154,1,6,7,140
0x8ee708,96.496%,13,358,371,0,0,13,358
0xa4d86a,89.2562%,13,108,121,0,0,13,108
0x4c240f,92.2619%,13,155,168,0,0,13,155
0x40f81c,93.8679%,13,199,212,199,13,0,0
0x8f572d,98.3051%,13,754,767,754,13,0,0
0x80832e,75.9259%,13,41,54,24,3,10,17
0x9fe45a,90.0763%,13,118,131,118,13,0,0
0x9fc088,93.9535%,13,202,215,202,13,0,0
0x53aba1,98.2503%,13,730,743,0,0,13,730
0x7b836f,51.8519%,13,14,27,12,13,0,2
0x4b5fea,88.1818%,13,97,110,0,0,13,97
0x4bcc07,58.0645%,13,18,31,2,0,13,16
0x9d314a,77.5862%,13,45,58,45,10,3,0
0x648bfc,50%,13,13,26,5,8,5,8
0x9fe55e,90.2985%,13,121,134,0,0,13,121
0x8a94d7,99.5779%,13,3067,3080,1532,13,0,1535
0xa34e81,91.2162%,13,135,148,0,0,13,135
0x9faf96,96.6752%,13,378,391,378,13,0,0
0xa27361,87.7358%,13,93,106,71,4,9,22
0x4b6614,62.8571%,13,22,35,22,6,7,0
0x648beb,50%,13,13,26,0,13,0,13
0xa33f94,75%,13,39,52,36,13,0,3
0x5d13a6,35%,13,7,20,7,13,0,0
0x7cf3ad,91.6129%,13,142,155,142,13,0,0
0x8a629e,90.4412%,13,123,136,0,0,13,123
0x918f15,93.5%,13,187,200,0,0,13,187
0x51104b,99.6555%,13,3761,3774,0,0,13,3761
0xaadbf2,96%,13,312,325,0,0,13,312
0x901700,93.0481%,13,174,187,0,0,13,174
0x9eb3aa,81.9444%,13,59,72,35,9,4,24
0xaa7c60,79.6875%,13,51,64,49,5,8,2
0x8e0c8a,88.3929%,13,99,112,99,13,0,0
0xaa45ea,86.8687%,13,86,99,0,0,13,86
0x51b85c,98.6458%,13,947,960,0,0,13,947
0x97a639,63.8889%,13,23,36,0,0,13,23
0xb22bc1,99.3041%,13,1855,1868,0,0,13,1855
0x9fe651,70.4545%,13,31,44,28,12,1,3
0x9fe5de,70.4545%,13,31,44,0,0,13,31
0x80bf57,18.75%,13,3,16,3,13,0,0
0xa355d3,95.6954%,13,289,302,0,0,13,289
0x8f35da,97.9782%,13,630,643,608,9,4,22
0x60e557,83.9506%,13,68,81,21,5,8,47
0x837d69,88.4956%,13,100,113,9,11,2,91
0x94962b,97.695%,13,551,564,0,0,13,551
0x5411c7,43.4783%,13,10,23,10,13,0,0
0x4024e0,87.963%,13,95,108,6,6,7,89
0xa51276,94.8617%,13,240,253,240,9,4,0
0x97a028,74.5098%,13,38,51,0,0,13,38
0x81a506,98.4281%,13,814,827,814,13,0,0
0x9f50eb,75%,13,39,52,0,0,13,39
0x5b2b0d,71.1111%,13,32,45,0,0,13,32
0x486d61,86.0215%,13,80,93,80,13,0,0
0x8ae957,91.0959%,13,133,146,132,9,4,1
0x5b1813,82.6667%,13,62,75,0,1,12,62
0x78d880,97.8998%,13,606,619,0,0,13,606
0x5b2f70,93.8967%,13,200,213,3,4,9,197
0x80a3f7,98.8596%,13,1127,1140,1127,11,2,0
0x596346,59.375%,13,19,32,19,13,0,0
0xa92ec2,85.2273%,13,75,88,0,0,13,75
0x8e5346,59.375%,13,19,32,0,0,13,19
0x900b57,96.131%,13,323,336,323,13,0,0
0xa55043,65.7895%,13,25,38,22,8,5,3
0x8be63f,27.7778%,13,5,18,5,13,0,0
0x495ba1,31.5789%,13,6,19,6,13,0,0
0x9f5f0e,96.9194%,13,409,422,409,9,4,0
0x534a42,97.3251%,13,473,486,473,4,9,0
0x94989e,83.5443%,13,66,79,0,0,13,66
0x7b30bb,63.8889%,13,23,36,0,0,13,23
0x9a7adf,85.0575%,13,74,87,74,13,0,0
0x545dc7,60.6061%,13,20,33,20,13,0,0
0x7942db,55.1724%,13,16,29,10,3,10,6
0x533c55,71.1111%,13,32,45,0,9,4,32
0x8fcf4c,94.3478%,13,217,230,0,0,13,217
0x8ddf11,71.7391%,13,33,46,33,13,0,0
0xa521bc,83.1169%,13,64,77,0,0,13,64
0x9e3f73,95.7096%,13,290,303,0,0,13,290
0x94dd23,97.7853%,13,574,587,0,0,13,574
0x88e2cf,86.7347%,13,85,98,85,13,0,0
0x54ce83,66.6667%,13,26,39,0,0,13,26
0x9ea3b4,90.9722%,13,131,144,66,6,7,65
0xa4d350,63.8889%,13,23,36,1,7,6,22
0x58d9db,79.6875%,13,51,64,51,13,0,0
0x58d90c,93.7799%,13,196,209,194,9,4,2
0x81c1e0,95.2727%,13,262,275,47,8,5,215
0x551cb5,86.8687%,13,86,99,86,13,0,0
0x7c7ad9,45.8333%,13,11,24,0,0,13,11
0xa935f9,92.3077%,13,156,169,79,9,4,77
0xa9c821,71.7391%,13,33,46,33,13,0,0
0x49980d,69.7674%,13,30,43,21,4,9,9
0x5f5303,99.8618%,13,9395,9408,5612,6,7,3783
0x9429dc,91.0959%,13,133,146,133,13,0,0
0x4a74ad,81.9444%,13,59,72,59,13,0,0
0x9e3965,94.9612%,13,245,258,245,13,0,0
0x5f0c4b,96.1538%,13,325,338,1,4,9,324
0x50ef00,78.3333%,13,47,60,37,4,9,10
0xa5b544,58.0645%,13,18,31,4,8,5,14
0x4950bc,53.5714%,13,15,28,15,12,1,0
0xa33583,99.5149%,13,2667,2680,0,0,13,2667
0x58c6b7,88.9831%,13,105,118,10,4,9,95
0xa4c41f,99.793%,13,6266,6279,6266,13,0,0
0x8f469c,99.481%,13,2492,2505,0,0,13,2492
0x8fd6ea,56.6667%,13,17,30,17,13,0,0
0x8ebfae,98.9482%,13,1223,1236,1167,1,12,56
0x80ec62,96.4674%,13,355,368,0,0,13,355
0x492d70,80%,13,52,65,0,0,13,52
0x8122fd,62.8571%,13,22,35,7,11,2,15
0x9e0927,83.5443%,13,66,79,62,11,2,4
0x5bcb2d,98.6515%,13,951,964,951,13,0,0
0xa4198c,65.7895%,13,25,38,20,12,1,5
0x53aa73,68.2927%,13,28,41,28,11,2,0
0xa54f7b,50%,13,13,26,0,7,6,13
0x541e75,83.75%,13,67,80,67,13,0,0
0x4a86cd,75.4717%,13,40,53,40,11,2,0
0x58dae5,91.3907%,13,138,151,138,13,0,0
0xa98152,76.3636%,13,42,55,41,11,2,1
0x49bff5,97.3948%,13,486,499,486,13,0,0
0x65a049,99.3041%,13,1855,1868,149,3,10,1706
0x97bb6d,88.5965%,13,101,114,101,13,0,0
0xa02cea,79.3651%,13,50,63,0,0,13,50
0x944366,82.8947%,13,63,76,0,0,13,63
0x557344,82.4324%,13,61,74,61,13,0,0
0x8c7562,98.6258%,13,933,946,933,13,0,0
0x506272,97.9907%,13,634,647,0,0,13,634
0xa48875,92.6966%,13,165,178,0,0,13,165
0x5904ec,99.0922%,13,1419,1432,0,0,13,1419
0x810492,96.3068%,13,339,352,71,11,2,268
0x81d4cd,92.8571%,13,169,182,0,0,13,169
0x80f20d,92.3529%,13,157,170,157,9,4,0
0x9f7919,97.9688%,13,627,640,0,0,13,627
0x9e5912,56.6667%,13,17,30,17,13,0,0
0x667028,51.8519%,13,14,27,0,0,13,14
0xa4693e,86.4583%,13,83,96,0,0,13,83
0x980fb2,90.2256%,13,120,133,59,7,6,61
0x8a6668,23.5294%,13,4,17,4,0,13,0
0x9f946b,89.1667%,13,107,120,92,11,2,15
0xa526d0,59.375%,13,19,32,19,13,0,0
0xa238b3,79.0323%,13,49,62,0,0,13,49
0x48ea95,94.7368%,13,234,247,234,13,0,0
0x4ab4e3,58.0645%,13,18,31,12,13,0,6
0x697973,76.7857%,13,43,56,0,0,13,43
0x48a0dc,80.8824%,13,55,68,0,0,13,55
0x9e5b36,85.2273%,13,75,88,73,8,5,2
0x510d18,95.8333%,13,299,312,299,13,0,0
0x67e4b8,40.9091%,13,9,22,0,0,13,9
0x43b1a6,75.9259%,13,41,54,41,13,0,0
0x4bc83c,86.1702%,13,81,94,54,7,6,27
0x9f5f07,96.9194%,13,409,422,0,0,13,409
0x640463,98.6472%,13,948,961,948,13,0,0
0x8ee56a,69.0476%,13,29,42,29,13,0,0
0x9a33c6,13.3333%,13,2,15,2,13,0,0
0x9e2c45,63.8889%,13,23,36,0,13,0,23
0x403a65,40.9091%,13,9,22,4,8,5,5
0xa473a0,75.9259%,13,41,54,16,2,11,25
0x4038f1,96.3173%,13,340,353,340,13,0,0
0x55572c,94.7581%,13,235,248,1,2,11,234
0x9aa18c,81.4286%,13,57,70,5,5,8,52
0xa28190,93.7799%,13,196,209,196,13,0,0
0x64ba16,99.0694%,13,1384,1397,0,0,13,1384
0xa282c6,96.0843%,13,319,332,319,13,0,0
0x5580a9,98.0122%,13,641,654,641,13,0,0
0xa328ae,76.3636%,13,42,55,2,9,4,40
0x9e102c,51.8519%,13,14,27,0,0,13,14
0x94e54e,95.8333%,13,299,312,2,6,7,297
0x99b802,93.1579%,13,177,190,177,13,0,0
0x96c267,50%,13,13,26,2,7,6,11
0xa96ecf,23.5294%,13,4,17,0,0,13,4
0x643a3f,61.7647%,13,21,34,0,0,13,21
0x410057,73.4694%,13,36,49,11,7,6,25
0x5d801b,98.9525%,13,1228,1241,1228,13,0,0
0x5ec50c,67.5%,13,27,40,19,13,0,8
0x6f0a1e,18.75%,13,3,16,3,13,0,0
0x8fcddc,70.4545%,13,31,44,0,0,13,31
0x50694b,98.2432%,13,727,740,0,0,13,727
0x5bb3f8,80.303%,13,53,66,0,2,11,53
0x4036cf,98.3565%,13,778,791,0,12,1,778
0x5cba12,91.6129%,13,142,155,0,0,13,142
0x900735,90.3704%,13,122,135,0,0,13,122
0x94e97c,56.6667%,13,17,30,0,0,13,17
0x8f1c56,72.9167%,13,35,48,35,5,8,0
0x817d35,94.8%,13,237,250,237,5,8,0
0x8a731c,99.3306%,13,1929,1942,0,0,13,1929
0x4a8133,85.8696%,13,79,92,79,13,0,0
0x8c9349,97.7431%,13,563,576,0,5,8,563
0x8fdd3b,84.7059%,13,72,85,0,0,13,72
0x4ad228,35%,13,7,20,7,13,0,0
0x610cce,56.6667%,13,17,30,0,0,13,17
0x68056f,31.5789%,13,6,19,0,0,13,6
0x504918,92.0732%,13,151,164,137,12,1,14
0x7c7410,18.75%,13,3,16,0,0,13,3
0x901a60,55.1724%,13,16,29,16,13,0,0
0x808fe6,93.5323%,13,188,201,188,11,2,0
0x5925a4,89.1667%,13,107,120,0,0,13,107
0x5c3324,94.3231%,13,216,229,0,0,13,216
0xa55456,91.5584%,13,141,154,0,0,13,141
0x81c5bd,80.303%,13,53,66,53,13,0,0
0x547aab,96.1538%,13,325,338,325,9,4,0
0x404829,97.8827%,13,601,614,601,13,0,0
0x9e4efd,78.3333%,13,47,60,33,7,6,14
0x81e439,98.9158%,13,1186,1199,0,0,13,1186
0x8bcef0,91.2162%,13,135,148,0,0,13,135
0x8ff0bf,92.6136%,13,163,176,0,0,13,163
0x8f3e2c,95.5932%,13,282,295,0,0,13,282
0x9f7ac9,85.8696%,13,79,92,0,0,13,79
0x40fff0,78.3333%,13,47,60,2,9,4,45
0x4ca46d,98.6185%,13,928,941,0,0,13,928
0x9f7a80,85.8696%,13,79,92,79,13,0,0
0x9fc0fd,95.7516%,13,293,306,0,0,13,293
0x9f44b2,91.8239%,13,146,159,0,0,13,146
0xb1496e,99.6947%,13,4245,4258,0,0,13,4245
0xa464a4,55.1724%,13,16,29,15,4,9,1
0x8e0ff5,98.3871%,13,793,806,793,13,0,0
0x8dd98c,56.6667%,13,17,30,4,10,3,13
0x8c735f,98.6258%,13,933,946,0,0,13,933
0x58feb3,98.2895%,13,747,760,501,6,7,246
0x54da15,66.6667%,13,26,39,26,13,0,0
0x66688f,97.3577%,13,479,492,0,0,13,479
0xa36837,96.6495%,13,375,388,0,5,8,375
0x976d3e,61.7647%,13,21,34,21,13,0,0
0x60a841,97.3684%,13,481,494,0,0,13,481
0xa507f1,94.9416%,13,244,257,0,0,13,244
0x9e6f7f,76.3636%,13,42,55,0,0,13,42
0x667157,92.4419%,13,159,172,12,3,10,147
0x810854,84.1463%,13,69,82,4,3,10,65
0x5dfc4f,7.14286%,13,1,14,1,13,0,0
0x9be475,72.9167%,13,35,48,7,9,4,28
0x8a7367,97.234%,13,457,470,0,0,13,457
0xb23014,91.5584%,13,141,154,0,0,13,141
0x803f96,53.5714%,13,15,28,11,0,13,4
0x6191a5,96.3687%,13,345,358,0,0,13,345
0x9f555b,83.75%,13,67,80,0,0,13,67
0x495867,85.0575%,13,74,87,74,13,0,0
0x7d2062,97.6577%,13,542,555,375,8,5,167
0x4c1083,45.8333%,13,11,24,0,0,13,11
0x97847b,97.1678%,13,446,459,446,13,0,0
0xaa23ef,61.7647%,13,21,34,0,0,13,21
0x58ccbc,82.6667%,13,62,75,0,0,13,62
0x6197de,82.6667%,13,62,75,62,13,0,0
0xa0379a,99.4932%,13,2552,2565,2552,13,0,0
0x8c875d,97.3684%,13,481,494,0,0,13,481
0x96af16,38.0952%,13,8,21,5,2,11,3
0x48eecb,96.0725%,13,318,331,318,5,8,0
0x9f3c34,23.5294%,13,4,17,0,0,13,4
0xa446e2,75%,13,39,52,0,0,13,39
0x8dba3a,94.5833%,13,227,240,224,0,13,3
0x8aa014,76.9231%,12,40,52,40,12,0,0
0x8d9ba4,99.1892%,12,1468,1480,0,0,12,1468
0x911742,78.5714%,12,44,56,0,0,12,44
0xaab454,98.3957%,12,736,748,736,12,0,0
0x4a71b2,94.6903%,12,214,226,0,0,12,214
0x67967a,89.2857%,12,100,112,0,0,12,100
0x9f4e69,94.7137%,12,215,227,215,12,0,0
0x4a2177,0%,12,0,12,0,4,8,0
0x8dcdda,88.1188%,12,89,101,0,0,12,89
0xa5b005,20%,12,3,15,0,12,0,3
0x904a3f,96.0133%,12,289,301,289,12,0,0
0x53ebef,92.4051%,12,146,158,146,8,4,0
0xa481b3,73.3333%,12,33,45,33,12,0,0
0x8e3935,75%,12,36,48,0,0,12,36
0x4c0eec,71.4286%,12,30,42,1,9,3,29
0x80bc08,84%,12,63,75,63,12,0,0
0xb49c96,98.7513%,12,949,961,949,9,3,0
0x48f761,81.5385%,12,53,65,53,2,10,0
0xa05910,76%,12,38,50,36,0,12,2
0x60b028,76%,12,38,50,38,12,0,0
0x9bb42d,36.8421%,12,7,19,7,12,0,0
0xa8fb41,92.9412%,12,158,170,158,12,0,0
0xa8fbcf,94.6429%,12,212,224,0,0,12,212
0x4bae07,96.0526%,12,292,304,0,0,12,292
0x50e56b,78.1818%,12,43,55,8,8,4,35
0x50ea56,33.3333%,12,6,18,2,4,8,4
0xa587c2,92.7711%,12,154,166,44,6,6,110
0xaadc39,96.3077%,12,313,325,313,12,0,0
0x81b670,94.1176%,12,192,204,192,10,2,0
0x5991c3,99.7412%,12,4624,4636,4624,12,0,0
0xa43912,94.0299%,12,189,201,8,7,5,181
0x5051fd,98.3784%,12,728,740,0,0,12,728
0x5f134e,81.25%,12,52,64,19,5,7,33
0x915c5c,94%,12,188,200,188,10,2,0
0xa46693,87.5%,12,84,96,0,0,12,84
0x8f45d5,78.9474%,12,45,57,41,4,8,4
0x9d2f32,80.3279%,12,49,61,49,12,0,0
0x4a75af,83.3333%,12,60,72,0,0,12,60
0x495fd1,76%,12,38,50,19,9,3,19
0x5d344d,90.9774%,12,121,133,121,12,0,0
0x541792,91.1765%,12,124,136,0,0,12,124
0xa15d20,75.5102%,12,37,49,36,5,7,1
0x80fa3e,90.7692%,12,118,130,65,9,3,53
0x9a3243,78.5714%,12,44,56,9,6,6,35
0xa4ffc6,36.8421%,12,7,19,0,0,12,7
0xa32da1,95.122%,12,234,246,234,12,0,0
0x91792d,94%,12,188,200,188,12,0,0
0xaa2838,76.9231%,12,40,52,39,4,8,1
0x81bdb9,94.6429%,12,212,224,0,0,12,212
0x49a0aa,25%,12,4,16,0,0,12,4
0x63ee06,99.3538%,12,1845,1857,0,0,12,1845
0xa2dc1a,93.8144%,12,182,194,0,0,12,182
0x4ac860,20%,12,3,15,3,12,0,0
0x534bf3,40%,12,8,20,0,0,12,8
0x8eec9a,98.1623%,12,641,653,0,4,8,641
0x816f37,98.5849%,12,836,848,836,7,5,0
0x5fbdb0,90%,12,108,120,108,10,2,0
0x8eb8d1,97.5359%,12,475,487,475,12,0,0
0xa97e31,67.5676%,12,25,37,18,4,8,7
0xa466ee,25%,12,4,16,4,12,0,0
0x4bb2a8,97.2912%,12,431,443,431,12,0,0
0xa5c3d8,87.8788%,12,87,99,84,10,2,3
0x4a0015,84.8101%,12,67,79,32,10,2,35
0x5d4487,33.3333%,12,6,18,6,12,0,0
0x550e5d,64.7059%,12,22,34,0,0,12,22
0x9f5ac0,85%,12,68,80,0,0,12,68
0x67f66f,88.6792%,12,94,106,0,0,12,94
0x5b2a94,73.3333%,12,33,45,0,0,12,33
0x81f264,74.4681%,12,35,47,3,0,12,32
0x541dfd,94.5205%,12,207,219,207,12,0,0
0x67f158,99.4662%,12,2236,2248,2133,7,5,103
0x8dd4f4,97.1698%,12,412,424,412,12,0,0
0x9bd12d,64.7059%,12,22,34,0,6,6,22
0x60719a,40%,12,8,20,0,0,12,8
0x48ecab,20%,12,3,15,3,12,0,0
0x5b0f3a,79.3103%,12,46,58,0,0,12,46
0x90d30b,90.3226%,12,112,124,0,0,12,112
0xa58e27,71.4286%,12,30,42,0,0,12,30
0x9fb8bc,90.3226%,12,112,124,112,12,0,0
0xa25d15,99.3056%,12,1716,1728,0,0,12,1716
0x4c1ccd,94%,12,188,200,7,3,9,181
0x8059e3,99.1209%,12,1353,1365,0,0,12,1353
0x8da539,98.9492%,12,1130,1142,0,0,12,1130
0x8bc7c5,90.4762%,12,114,126,0,0,12,114
0x9091b9,98.9343%,12,1114,1126,1114,12,0,0
0xa51d6e,79.3103%,12,46,58,46,4,8,0
0x506448,87.0968%,12,81,93,81,12,0,0
0x833ee1,96.7213%,12,354,366,8,0,12,346
0x8e7e86,86.8132%,12,79,91,1,11,1,78
0x909163,99.3538%,12,1845,1857,1845,12,0,0
0x80e884,50%,12,12,24,1,11,1,11
0x48c75a,79.3103%,12,46,58,16,3,9,30
0x90ae61,89.916%,12,107,119,0,0,12,107
0xa39302,14.2857%,12,2,14,0,0,12,2
0x99df13,57.1429%,12,16,28,0,0,12,16
0x5f8ffc,84%,12,63,75,9,11,1,54
0x8d24fa,85.3659%,12,70,82,0,0,12,70
0x5cf4d8,69.2308%,12,27,39,27,12,0,0
0x81f002,98.6532%,12,879,891,879,10,2,0
0x813e28,95.2381%,12,240,252,240,12,0,0
0x5f1151,95.9866%,12,287,299,287,9,3,0
0x99b164,70%,12,28,40,28,12,0,0
0x951be8,67.5676%,12,25,37,21,7,5,4
0x50ce60,76.9231%,12,40,52,26,0,12,14
0xa2e1a8,95.122%,12,234,246,50,0,12,184
0x5fa402,89.7436%,12,105,117,0,0,12,105
0x501b84,98.4576%,12,766,778,0,0,12,766
0x9fcc48,52%,12,13,25,7,11,1,6
0x51afa7,97.9381%,12,570,582,289,2,10,281
0x48f877,74.4681%,12,35,47,27,4,8,8
0xa96be4,91.9463%,12,137,149,103,4,8,34
0xa2639b,88.8889%,12,96,108,0,0,12,96
0x54f08c,72.093%,12,31,43,5,1,11,26
0x9f0bec,87.3684%,12,83,95,0,0,12,83
0x511dda,96.875%,12,372,384,372,12,0,0
0xa2879a,25%,12,4,16,4,12,0,0
0x5f7a88,94.2029%,12,195,207,194,12,0,1
0x80a890,98.5849%,12,836,848,835,11,1,1
0x9fb006,96.1661%,12,301,313,0,0,12,301
0x50cda3,96.2617%,12,309,321,0,0,12,309
0xaa5d02,50%,12,12,24,11,12,0,1
0x4a1d52,47.8261%,12,11,23,0,0,12,11
0xa2df56,93.8144%,12,182,194,0,0,12,182
0x481d90,36.8421%,12,7,19,7,12,0,0
0x81cb13,93.4066%,12,170,182,55,5,7,115
0x5962d7,71.4286%,12,30,42,21,2,10,9
0x8eebb4,97.066%,12,397,409,397,12,0,0
0xa4887e,93.2584%,12,166,178,0,0,12,166
0x88e5d6,69.2308%,12,27,39,27,12,0,0
0x4a8764,76.4706%,12,39,51,39,12,0,0
0x788c6c,79.661%,12,47,59,0,0,12,47
0x5f27af,61.2903%,12,19,31,19,12,0,0
0x8eb7a7,99.5788%,12,2837,2849,0,0,12,2837
0x9a968c,61.2903%,12,19,31,0,0,12,19
0x8e7ea9,96.3746%,12,319,331,315,0,12,4
0x78e057,72.093%,12,31,43,0,0,12,31
0x4c8175,45.4545%,12,10,22,0,0,12,10
0x49a07e,25%,12,4,16,0,0,12,4
0x9ed934,91.3043%,12,126,138,1,11,1,125
0x48980b,52%,12,13,25,7,6,6,6
0x95c4b8,33.3333%,12,6,18,4,8,4,2
0xa04f76,80.6452%,12,50,62,0,0,12,50
0x548062,92.8994%,12,157,169,0,0,12,157
0x59c140,94.3925%,12,202,214,202,12,0,0
0x4b58ca,97.4359%,12,456,468,0,0,12,456
0x6709fc,68.4211%,12,26,38,16,3,9,10
0x9eb1c6,79.3103%,12,46,58,0,2,10,46
0x50d2f2,53.8462%,12,14,26,14,12,0,0
0x8db6cb,98.0645%,12,608,620,83,9,3,525
0x48ee3d,96.3746%,12,319,331,0,0,12,319
0x8aad35,45.4545%,12,10,22,10,12,0,0
0xa58dd2,89.6552%,12,104,116,0,0,12,104
0x78d5d7,82.6087%,12,57,69,5,0,12,52
0x80b35c,94.9791%,12,227,239,227,6,6,0
0x4c1e92,82.6087%,12,57,69,57,12,0,0
0x5c70ad,96.6667%,12,348,360,0,0,12,348
0xa59452,94.3396%,12,200,212,200,12,0,0
0x81f2ef,72.7273%,12,32,44,21,0,12,11
0x9feab6,70%,12,28,40,25,8,4,3
0x79112e,73.3333%,12,33,45,3,3,9,30
0x8ded3a,97.2727%,12,428,440,0,0,12,428
0x557c93,83.5616%,12,61,73,61,12,0,0
0x9e289f,96.8668%,12,371,383,371,7,5,0
0xa25ee9,93.617%,12,176,188,0,0,12,176
0xa4dea7,90.0826%,12,109,121,80,5,7,29
0x49cb13,96.9388%,12,380,392,0,0,12,380
0x403805,97.7401%,12,519,531,419,2,10,100
0x8e0050,0%,12,0,12,0,12,0,0
0x833f4f,98.556%,12,819,831,0,0,12,819
0x810760,98.3827%,12,730,742,730,12,0,0
0x678ca3,99.3311%,12,1782,1794,0,0,12,1782
0x8ef5db,91.1111%,12,123,135,123,12,0,0
0x5fe294,94.5455%,12,208,220,208,12,0,0
0x5cb075,98.6456%,12,874,886,0,0,12,874
0x900fb4,67.5676%,12,25,37,0,0,12,25
0x910f68,98.9637%,12,1146,1158,1146,12,0,0
0x5be66f,92.9412%,12,158,170,85,0,12,73
0x90f011,94%,12,188,200,188,12,0,0
0xa02537,55.5556%,12,15,27,0,0,12,15
0x9f78b3,98.5203%,12,799,811,0,0,12,799
0x837ecf,88.4615%,12,92,104,92,10,2,0
0x674fc3,69.2308%,12,27,39,27,12,0,0
0x59258e,90%,12,108,120,106,11,1,2
0x4a97a4,20%,12,3,15,2,9,3,1
0x9494f8,99.1447%,12,1391,1403,0,0,12,1391
0x4c8e1e,90.9774%,12,121,133,0,0,12,121
0x9a7633,57.1429%,12,16,28,4,10,2,12
0x5d0bf2,91.7241%,12,133,145,133,12,0,0
0x8e3371,25%,12,4,16,0,0,12,4
0x48d6d1,82.6087%,12,57,69,0,0,12,57
0x548189,98.7817%,12,973,985,0,0,12,973
0xa51e78,69.2308%,12,27,39,4,3,9,23
0x53c3de,90.9091%,12,120,132,95,11,1,25
0x8dcd4c,97.6424%,12,497,509,497,12,0,0
0xa43758,97.1698%,12,412,424,0,0,12,412
0x59e611,85.7143%,12,72,84,49,7,5,23
0x94ac80,85%,12,68,80,0,0,12,68
0x9f575a,85%,12,68,80,41,11,1,27
0x9fe375,91.0448%,12,122,134,0,0,12,122
0x5ef97e,85.5422%,12,71,83,58,8,4,13
0x5ef99f,85.5422%,12,71,83,60,6,6,11
0x94cab9,81.25%,12,52,64,17,7,5,35
0x4fdc37,63.6364%,12,21,33,0,4,8,21
0x8e739a,96.2848%,12,311,323,0,0,12,311
0x810015,97.619%,12,492,504,431,3,9,61
0x4a044d,80%,12,48,60,0,0,12,48
0x7c74d9,25%,12,4,16,0,0,12,4
0xa34ceb,84%,12,63,75,63,12,0,0
0x969253,94.0887%,12,191,203,0,4,8,191
0x9e21f7,88.4615%,12,92,104,3,3,9,89
0x8a7588,95.3488%,12,246,258,109,2,10,137
0xa52da4,84.4156%,12,65,77,65,12,0,0
0x5904ac,83.0986%,12,59,71,0,1,11,59
0x983b5b,84.2105%,12,64,76,0,2,10,64
0xa901e5,52%,12,13,25,13,12,0,0
0x9e1ac8,90%,12,108,120,108,12,0,0
0x94e765,80%,12,48,60,0,0,12,48
0x9e2727,92.1053%,12,140,152,0,0,12,140
0x643542,99.4823%,12,2306,2318,0,0,12,2306
0xa974b7,33.3333%,12,6,18,6,9,3,0
0x9e7882,95.9044%,12,281,293,0,0,12,281
0x5cae70,99.033%,12,1229,1241,1229,12,0,0
0x8dae3f,99.1298%,12,1367,1379,1367,12,0,0
0x556f54,78.1818%,12,43,55,0,0,12,43
0xa4568e,92.5926%,12,150,162,148,2,10,2
0x49d798,84.4156%,12,65,77,61,12,0,4
0xa4bb34,95.3307%,12,245,257,0,4,8,245
0xa294e3,25%,12,4,16,4,12,0,0
0x9a6193,69.2308%,12,27,39,16,11,1,11
0x80dd8a,89.4737%,12,102,114,102,12,0,0
0x4a6c1a,71.4286%,12,30,42,0,0,12,30
0x8dee12,99.4132%,12,2033,2045,0,0,12,2033
0x4a7c48,0%,12,0,12,0,12,0,0
0x984109,81.25%,12,52,64,1,8,4,51
0x8a7033,72.093%,12,31,43,31,12,0,0
0x8c728a,89.916%,12,107,119,1,11,1,106
0x50ccdf,96.7033%,12,352,364,352,12,0,0
0x58e394,73.3333%,12,33,45,28,12,0,5
0x4c0368,76.4706%,12,39,51,39,12,0,0
0x60ec58,68.4211%,12,26,38,0,0,12,26
0x80570b,88.6792%,12,94,106,94,6,6,0
0x9bd0f5,83.3333%,12,60,72,60,12,0,0
0xaa7ddb,74.4681%,12,35,47,0,0,12,35
0xa99b8a,20%,12,3,15,3,12,0,0
0x9e79f3,91.4894%,12,129,141,129,12,0,0
0x4bea3b,88.5714%,12,93,105,58,12,0,35
0x9846c0,92.4051%,12,146,158,0,12,0,146
0x9d04a5,94.5701%,12,209,221,58,12,0,151
0x8bbba6,67.5676%,12,25,37,2,0,12,23
0x819822,82.3529%,12,56,68,56,12,0,0
0x81fdda,75%,12,36,48,36,10,2,0
0x9816cd,84%,12,63,75,17,11,1,46
0x981c90,53.8462%,12,14,26,14,12,0,0
0x7e2068,68.4211%,12,26,38,16,9,3,10
0x804485,84%,12,63,75,63,10,2,0
0x81bbda,96.2145%,12,305,317,305,12,0,0
0x6672a4,61.2903%,12,19,31,0,0,12,19
0x639c0b,98.5%,12,788,800,788,12,0,0
0xa5ebdc,95.8621%,12,278,290,3,7,5,275
0x9e3e92,92.2078%,12,142,154,0,0,12,142
0x972556,94.5701%,12,209,221,209,12,0,0
0x609dbe,93.8144%,12,182,194,0,0,12,182
0x8f6e88,97.861%,12,549,561,0,0,12,549
0x8a51f6,53.8462%,12,14,26,2,11,1,12
0x60a6fc,99.3011%,12,1705,1717,0,0,12,1705
0x40a80c,45.4545%,12,10,22,10,12,0,0
0x8ea04d,96.9925%,12,387,399,387,12,0,0
0xa25e2d,84.6154%,12,66,78,66,12,0,0
0x5fa3d7,94.5701%,12,209,221,0,0,12,209
0x95ad9f,47.8261%,12,11,23,0,0,12,11
0x99f029,87.5%,12,84,96,0,0,12,84
0xa0526e,81.25%,12,52,64,15,7,5,37
0x543060,96.6292%,12,344,356,344,12,0,0
0x94c5f8,97.8723%,12,552,564,0,2,10,552
0xa99c45,20%,12,3,15,2,9,3,1
0x511148,98.2857%,12,688,700,0,0,12,688
0x8f1496,97.3392%,12,439,451,0,0,12,439
0x908558,80%,12,48,60,48,12,0,0
0xaaaf4b,90.3226%,12,112,124,0,0,12,112
0x40bbfc,88.4615%,12,92,104,0,0,12,92
0x8a2865,90.8397%,12,119,131,119,12,0,0
0x5349d2,97.5309%,12,474,486,474,3,9,0
0x50310b,93.6842%,12,178,190,0,0,12,178
0x4c4b1b,97.0149%,12,390,402,390,12,0,0
0x9ee5b1,82.0896%,12,55,67,55,12,0,0
0x5ffea6,98.5646%,12,824,836,0,0,12,824
0x4834d2,58.6207%,12,17,29,17,12,0,0
0xa33d21,98.6286%,12,863,875,516,12,0,347
0x90bf34,94.958%,12,226,238,112,7,5,114
0xa44170,81.25%,12,52,64,0,0,12,52
0x4022f2,78.1818%,12,43,55,1,0,12,42
0x949754,84.8101%,12,67,79,0,0,12,67
0x82251a,98.3027%,12,695,707,0,2,10,695
0x606ab1,94.6667%,12,213,225,0,0,12,213
0xa55437,92.3077%,12,144,156,0,2,10,144
0x58bddf,91.9463%,12,137,149,0,0,12,137
0xa440f8,81.25%,12,52,64,0,0,12,52
0xa46a28,87.5%,12,84,96,83,5,7,1
0x533d02,80%,12,48,60,0,0,12,48
0x95b5a8,47.8261%,12,11,23,4,0,12,7
0x9f4390,88.1188%,12,89,101,0,0,12,89
0x59379b,99.033%,12,1229,1241,0,0,12,1229
0x9d16d6,88.4615%,12,92,104,0,0,12,92
0x9a1f25,91.0448%,12,122,134,122,12,0,0
0xa30071,94.7368%,12,216,228,0,0,12,216
0x61281c,82.8571%,12,58,70,0,0,12,58
0xa9d29d,64.7059%,12,22,34,21,3,9,1
0x8efaa9,97.2665%,12,427,439,273,6,6,154
0x901aa4,95.2381%,12,240,252,0,0,12,240
0xa17f73,97.8022%,12,534,546,534,12,0,0
0x977908,66.6667%,12,24,36,24,12,0,0
0x49c0d6,87.3684%,12,83,95,83,12,0,0
0x55809c,98.1763%,12,646,658,0,4,8,646
0x5095e6,70.7317%,12,29,41,0,0,12,29
0x8a555e,94.6903%,12,214,226,0,0,12,214
0x8149f6,99.0212%,12,1214,1226,1214,10,2,0
0x8bb95a,67.5676%,12,25,37,14,12,0,11
0xa504c1,95.3307%,12,245,257,0,0,12,245
0x9f1d40,92.2581%,12,143,155,0,0,12,143
0x8059c3,94.6429%,12,212,224,0,0,12,212
0x48af3a,97.7778%,12,528,540,0,0,12,528
0x5ff137,69.2308%,12,27,39,27,12,0,0
0xa8fb28,92.9412%,12,158,170,0,0,12,158
0xaaaea1,91.3043%,12,126,138,0,8,4,126
0xa05bef,58.6207%,12,17,29,13,12,0,4
0x8ed444,99.6915%,12,3878,3890,3878,6,6,0
0x5fad7b,20%,12,3,15,3,12,0,0
0x98ced5,0%,12,0,12,0,0,12,0
0x911a82,99.3503%,12,1835,1847,0,0,12,1835
0x499226,29.4118%,12,5,17,5,12,0,0
0x9e8659,70.7317%,12,29,41,0,0,12,29
0x48f810,33.3333%,12,6,18,0,0,12,6
0x648648,78.5714%,12,44,56,44,12,0,0
0x8c7bc7,77.7778%,12,42,54,42,12,0,0
0xa90b58,84.6154%,12,66,78,0,10,2,66
0x60e4ce,97.3034%,12,433,445,433,12,0,0
0x499472,57.1429%,12,16,28,16,12,0,0
0xa583c9,90.2439%,12,111,123,0,0,12,111
0xa48aae,93.2584%,12,166,178,0,11,1,166
0x80f771,83.7838%,12,62,74,0,0,12,62
0x683206,67.5676%,12,25,37,25,12,0,0
0x8aa81e,40%,12,8,20,0,0,12,8
0x80417a,80%,12,48,60,0,0,12,48
0xa31039,89.7436%,12,105,117,105,10,2,0
0x81b0e5,96.2145%,12,305,317,0,2,10,305
0x81a870,98.4231%,12,749,761,0,0,12,749
0x7c7b59,88.5714%,12,93,105,1,7,5,92
0x810896,84%,12,63,75,0,2,10,63
0x4ba35d,96.319%,12,314,326,314,12,0,0
0x9e84da,70.7317%,12,29,41,9,11,1,20
0x991973,99.7483%,12,4755,4767,4755,12,0,0
0x503357,70.7317%,12,29,41,0,0,12,29
0x59375b,98.1102%,12,623,635,623,12,0,0
0xa8f863,70%,12,28,40,27,9,3,1
0x9e55f1,60%,12,18,30,18,12,0,0
0x81ca53,93.0233%,12,160,172,0,0,12,160
0x593100,60%,12,18,30,0,0,12,18
0x904863,93.5135%,12,173,185,173,12,0,0
0x495e95,36.8421%,12,7,19,1,9,3,6
0xa566cb,83.7838%,12,62,74,62,2,10,0
0x5ff651,70%,12,28,40,0,4,8,28
0x8bd617,99.4377%,12,2122,2134,2122,12,0,0
0x4c06b0,86.0465%,12,74,86,74,12,0,0
0x556094,69.2308%,12,27,39,0,0,12,27
0x50769b,99.4783%,12,2288,2300,0,0,12,2288
0x679692,89.2857%,12,100,112,100,12,0,0
0x5337cc,52%,12,13,25,12,6,6,1
0x8042fc,25%,12,4,16,0,10,2,4
0x9a11fd,85.1852%,12,69,81,0,0,12,69
0x8a8fb6,95.7143%,12,268,280,131,5,7,137
0x402d3b,79.661%,12,47,59,0,0,12,47
0xa660db,85.5422%,12,71,83,0,0,12,71
0x808899,94.8052%,12,219,231,219,12,0,0
0x49f94b,99.0977%,12,1318,1330,0,0,12,1318
0xa33dbc,96.3415%,12,316,328,34,5,7,282
0x9eccec,90%,12,108,120,7,3,9,101
0x80ffa1,99.6076%,12,3046,3058,2516,4,8,530
0xa90503,78.9474%,12,45,57,11,5,7,34
0x48d02e,57.1429%,12,16,28,16,12,0,0
0x99e6bf,7.69231%,12,1,13,0,0,12,1
0x908ad0,98.7513%,12,949,961,949,12,0,0
0x9e5761,69.2308%,12,27,39,27,12,0,0
0xa33978,97.8339%,12,542,554,0,0,12,542
0x5b16dd,97.6923%,12,508,520,0,0,12,508
0x61098d,7.69231%,12,1,13,0,0,12,1
0x94433d,89.0909%,12,98,110,98,12,0,0
0x80c1dd,95.4717%,12,253,265,253,12,0,0
0x94eee4,60%,12,18,30,18,12,0,0
0xa4b617,96.4602%,12,327,339,327,12,0,0
0x54ef44,72.093%,12,31,43,0,0,12,31
0x8aec5c,94.2029%,12,195,207,195,12,0,0
0x9f0da5,97.1292%,12,406,418,0,0,12,406
0x918cd3,94%,12,188,200,188,12,0,0
0x5df36e,63.6364%,12,21,33,0,0,12,21
0x81a4ab,98.549%,12,815,827,815,12,0,0
0x80f6e9,83.7838%,12,62,74,0,4,8,62
0x4ab506,64.7059%,12,22,34,21,7,5,1
0x4c4a6f,99.6313%,12,3243,3255,3243,12,0,0
0x60e00e,87.7551%,12,86,98,0,0,12,86
0x807ba9,94.6188%,12,211,223,211,12,0,0
0x5fac73,98.2169%,12,661,673,661,11,1,0
0x9e1020,75.5102%,12,37,49,10,12,0,27
0x81f727,98.7718%,12,965,977,965,12,0,0
0xa35f31,76%,12,38,50,8,11,1,30
0x90f21d,94%,12,188,200,0,0,12,188
0x69dd43,0%,12,0,12,0,12,0,0
0xaa7f5c,97.7316%,12,517,529,0,0,12,517
0x8ff1cc,92.9412%,12,158,170,71,7,5,87
0x559177,97.541%,12,476,488,0,0,12,476
0x8dfdc0,62.5%,12,20,32,20,12,0,0
0x9ef332,85.1852%,12,69,81,69,12,0,0
0x8c93b5,97.9167%,12,564,576,564,12,0,0
0x5f0640,88.5714%,12,93,105,93,12,0,0
0x5fa7f3,82.6087%,12,57,69,0,0,12,57
0x8131b6,98.5112%,12,794,806,0,0,12,794
0x6dcb4a,71.4286%,12,30,42,30,12,0,0
0x5427ad,93.7824%,12,181,193,0,0,12,181
0x90163f,83.3333%,12,60,72,0,0,12,60
0x647ba8,72.093%,12,31,43,0,0,12,31
0xa2f8d8,92.7711%,12,154,166,154,12,0,0
0x5af781,77.3585%,12,41,53,40,11,1,1
0x7d40fa,73.3333%,12,33,45,26,3,9,7
0xa26b62,53.8462%,12,14,26,2,9,3,12
0x674fec,62.5%,12,20,32,0,0,12,20
0x9a39ea,42.8571%,12,9,21,5,11,1,4
0xa90077,96.7742%,12,360,372,0,0,12,360
0xa31b55,94.3662%,12,201,213,0,0,12,201
0x558e03,86.3636%,12,76,88,76,12,0,0
0x8195e9,96.3526%,12,317,329,0,0,12,317
0xa58773,89.6552%,12,104,116,104,12,0,0
0x991353,86.8132%,12,79,91,79,12,0,0
0x67f54b,67.5676%,12,25,37,0,0,12,25
0xa37425,62.5%,12,20,32,20,12,0,0
0x97454c,94.958%,12,226,238,226,12,0,0
0x9ecedb,72.093%,12,31,43,0,0,12,31
0xa28553,92.5%,12,148,160,0,8,4,148
0x5fea20,80.6452%,12,50,62,0,0,12,50
0x53d964,93.7173%,12,179,191,0,0,12,179
0x973897,90.8397%,12,119,131,119,12,0,0
0xa909b9,95.102%,12,233,245,233,12,0,0
0xa9287f,75.5102%,12,37,49,37,6,6,0
0xa46ff4,93.7824%,12,181,193,181,12,0,0
0x50bccf,70%,12,28,40,12,4,8,16
0xa49fe2,91.7241%,12,133,145,0,0,12,133
0x94acb0,78.5714%,12,44,56,0,0,12,44
0x97b7e5,42.8571%,12,9,21,0,2,10,9
0x8df0c5,50%,12,12,24,12,12,0,0
0x835d35,68.4211%,12,26,38,0,0,12,26
0xa35efd,97.9417%,12,571,583,0,0,12,571
0x54d813,25%,12,4,16,4,12,0,0
0xa8fb84,94.6429%,12,212,224,0,0,12,212
0x5e5eca,98.8036%,12,991,1003,0,0,12,991
0x81e947,84.2105%,12,64,76,0,0,12,64
0x8c7d89,99.2027%,12,1493,1505,1493,12,0,0
0x8f5ab0,63.6364%,12,21,33,21,3,9,0
0x8f6912,98.1955%,12,653,665,0,0,12,653
0x9bc751,45.4545%,12,10,22,0,1,11,10
0x81b15c,96.2145%,12,305,317,305,12,0,0
0x48f643,74.4681%,12,35,47,35,9,3,0
0x960c84,79.661%,12,47,59,44,8,4,3
0x51afaf,95.8763%,12,279,291,279,11,1,0
0x8fce4b,94.4186%,12,203,215,0,0,12,203
0x8ee103,93.5829%,12,175,187,174,5,7,1
0x555fac,95.102%,12,233,245,233,9,3,0
0xa33766,68.4211%,12,26,38,0,9,3,26
0x544a65,78.9474%,12,45,57,28,3,9,17
0x9ea62d,72.093%,12,31,43,24,10,2,7
0x9f96dc,71.4286%,12,30,42,0,0,12,30
0x648c21,53.8462%,12,14,26,10,3,9,4
0x9ec030,93.5484%,12,174,186,174,2,10,0
0x9e292b,60%,12,18,30,5,5,7,13
0x9e04aa,79.3103%,12,46,58,0,0,12,46
0xa59cbc,33.3333%,12,6,18,4,11,1,2
0x9bda3d,79.661%,12,47,59,46,9,3,1
0x9a94ad,70%,12,28,40,28,12,0,0
0x6cec65,7.69231%,12,1,13,1,12,0,0
0xa92c66,94.6903%,12,214,226,214,12,0,0
0x94d289,94.2029%,12,195,207,195,12,0,0
0x63eaba,94%,12,188,200,160,3,9,28
0x976ea0,33.3333%,12,6,18,4,11,1,2
0x8fcf67,94.7826%,12,218,230,218,12,0,0
0x8ea272,99.24%,12,1567,1579,1567,8,4,0
0x975328,60%,12,18,30,7,5,7,11
0x94b157,94.2029%,12,195,207,0,0,12,195
0x8eed5c,91.4286%,12,128,140,0,0,12,128
0x973b36,50%,12,12,24,5,10,2,7
0x8375b6,90.625%,12,116,128,116,12,0,0
0x49d794,86.3636%,12,76,88,8,3,9,68
0x900ccb,96.4072%,12,322,334,322,12,0,0
0x53ba97,96.9388%,12,380,392,248,12,0,132
0x5c7df8,85%,12,68,80,68,12,0,0
0x9fe548,91.0448%,12,122,134,122,12,0,0
0x8f5895,99.8827%,12,10219,10231,0,0,12,10219
0x50ba9b,70%,12,28,40,0,0,12,28
0x4834f1,55.5556%,12,15,27,15,12,0,0
0xb245f3,99.8992%,12,11887,11899,0,0,12,11887
0x805b2b,99.5691%,12,2773,2785,2773,12,0,0
0x6a3a4f,81.25%,12,52,64,0,0,12,52
0x4051f3,90.9091%,12,120,132,0,0,12,120
0x78e04b,75.5102%,12,37,49,1,5,7,36
0x911b8e,86.6667%,12,78,90,0,0,12,78
0x4fdcab,85.3659%,12,70,82,0,0,12,70
0x550a88,76.4706%,12,39,51,0,0,12,39
0x9a69f2,84.2105%,12,64,76,63,8,4,1
0xa05279,71.4286%,12,30,42,7,6,6,23
0x8127ce,73.913%,12,34,46,28,9,3,6
0x49631c,77.7778%,12,42,54,0,8,4,42
0xa54225,89.2857%,12,100,112,0,8,4,100
0x49e02a,93.8776%,12,184,196,184,12,0,0
0xaa2ff1,88.2353%,12,90,102,90,12,0,0
0x8dba0f,96.1905%,12,303,315,0,0,12,303
0x81462a,98.7261%,12,930,942,504,9,3,426
0x834268,78.1818%,12,43,55,1,1,11,42
0x673d4b,68.4211%,12,26,38,15,4,8,11
0x5548d3,80.9524%,12,51,63,51,12,0,0
0x542754,93.7824%,12,181,193,0,0,12,181
0xa4de1f,68.4211%,12,26,38,26,12,0,0
0x97460f,85.3659%,12,70,82,0,0,12,70
0x51b39b,99.3641%,12,1875,1887,388,6,6,1487
0x65bde6,0%,12,0,12,0,12,0,0
0xa5d0f4,92.7273%,12,153,165,0,0,12,153
0x6117e1,68.4211%,12,26,38,26,12,0,0
0x9784ea,98.7288%,12,932,944,0,0,12,932
0xa4379b,97.1698%,12,412,424,0,4,8,412
0x94e042,97.1496%,12,409,421,409,12,0,0
0xaa9f47,55.5556%,12,15,27,15,12,0,0
0x55114e,57.1429%,12,16,28,12,10,2,4
0xa46507,97.541%,12,476,488,476,12,0,0
0x64bb40,99.1379%,12,1380,1392,0,0,12,1380
0xaa115c,66.6667%,12,24,36,24,12,0,0
0x404d08,71.4286%,12,30,42,0,0,12,30
0x7d3d95,76.4706%,12,39,51,37,11,1,2
0x97ba22,85.5422%,12,71,83,71,12,0,0
0x9f66e9,92.1569%,12,141,153,141,12,0,0
0xa3692a,97.2222%,12,420,432,0,0,12,420
0x6113f7,88.785%,12,95,107,0,0,12,95
0xa92864,75.5102%,12,37,49,0,0,12,37
0x81f7b5,87.234%,12,82,94,41,6,6,41
0xa4a19b,88.4615%,12,92,104,34,7,5,58
0x811f6a,93.617%,12,176,188,158,8,4,18
0x81a2c0,97.5904%,12,486,498,486,12,0,0
0x78e028,79.3103%,12,46,58,4,5,7,42
0x9d6983,96.8254%,12,366,378,0,2,10,366
0x504da7,87.0968%,12,81,93,43,12,0,38
0x8be39e,99.1137%,12,1342,1354,0,0,12,1342
0x821408,98.895%,12,1074,1086,0,0,12,1074
0x5cf867,99.3464%,12,1824,1836,1824,12,0,0
0xa31129,68.4211%,12,26,38,26,12,0,0
0x908ff4,99.3538%,12,1845,1857,1845,12,0,0
0x94ef4a,80%,12,48,60,21,9,3,27
0x95b041,73.913%,12,34,46,0,0,12,34
0x5efcc3,82.8571%,12,58,70,58,12,0,0
0x6083c8,90.4762%,12,114,126,114,12,0,0
0x9742e5,95.122%,12,234,246,0,0,12,234
0x977502,95.3125%,12,244,256,0,0,12,244
0x53969a,88.9908%,12,97,109,97,12,0,0
0xa60941,93.6842%,12,178,190,178,12,0,0
0xa41bb2,98.4148%,12,745,757,745,12,0,0
0xb17b03,98.869%,12,1049,1061,1049,12,0,0
0x8e2fc6,99.393%,12,1965,1977,0,0,12,1965
0x40573d,99.8303%,12,7060,7072,0,0,12,7060
0x80474c,88.785%,12,95,107,95,10,2,0
0x638fc4,96.4497%,12,326,338,0,0,12,326
0x901310,76%,12,38,50,0,0,12,38
0x4ab570,61.2903%,12,19,31,0,0,12,19
0xa95c24,90.7692%,12,118,130,117,7,5,1
0x4a9734,80%,12,48,60,0,0,12,48
0x977784,98.6395%,12,870,882,870,12,0,0
0xa35ffa,96.0784%,12,294,306,3,2,10,291
0x99a86f,95.572%,12,259,271,90,12,0,169
0x4ba79b,96.7828%,12,361,373,23,8,4,338
0x80e64c,85.5422%,12,71,83,0,0,12,71
0x8f3130,98.6502%,12,877,889,0,0,12,877
0x9739a5,70%,12,28,40,0,0,12,28
0x9f95cc,88.9908%,12,97,109,30,4,8,67
0xa2df8b,68.4211%,12,26,38,0,4,8,26
0x4bbac9,94.1176%,12,192,204,0,0,12,192
0x8147ba,97.6608%,12,501,513,0,0,12,501
0x539660,94.4954%,12,206,218,98,11,1,108
0x835d96,77.3585%,12,41,53,0,0,12,41
0x8e02ea,95.7895%,12,273,285,0,0,12,273
0xa31c5c,61.2903%,12,19,31,2,4,8,17
0x8edad4,90.4762%,12,114,126,114,12,0,0
0x8f122c,70%,12,28,40,27,5,7,1
0x63aa9c,98.5384%,12,809,821,809,12,0,0
0x8df5e1,70%,12,28,40,0,0,12,28
0x4bc9d8,0%,12,0,12,0,0,12,0
0x489801,52%,12,13,25,0,0,12,13
0x4c668c,25%,12,4,16,2,10,2,2
0x9f388b,96.8992%,12,375,387,0,0,12,375
0x5488b0,81.25%,12,52,64,51,5,7,1
0xaa2f81,97.6834%,12,506,518,506,12,0,0
0x99efce,88.2353%,12,90,102,90,12,0,0
0x8f0d0a,75%,12,36,48,2,6,6,34
0x5cfdb0,50%,12,12,24,12,12,0,0
0x9f6ad9,66.6667%,12,24,36,0,0,12,24
0x81bfbd,64.7059%,12,22,34,2,0,12,20
0xaab0f2,84.6154%,12,66,78,0,0,12,66
0x901620,98.6159%,12,855,867,0,0,12,855
0x8fd4e9,89.3805%,12,101,113,0,4,8,101
0x9f4bec,93.1429%,12,163,175,0,0,12,163
0x813a13,72.7273%,12,32,44,11,11,1,21
0x9e6ef8,78.1818%,12,43,55,43,12,0,0
0x9e0c0a,29.4118%,12,5,17,2,11,1,3
0x5f0673,85.7143%,12,72,84,0,4,8,72
0x50cbd5,79.3103%,12,46,58,1,11,1,45
0x4b7921,57.1429%,12,16,28,0,0,12,16
0x541f0d,97.5207%,12,472,484,472,12,0,0
0x54f3b4,98.7976%,12,986,998,0,0,12,986
0x8050d2,60%,12,18,30,11,4,8,7
0xa3735c,71.4286%,12,30,42,3,7,5,27
0x805f37,94.6903%,12,214,226,0,0,12,214
0x4b49c4,91.3043%,12,126,138,0,7,5,126
0x95ad65,47.8261%,12,11,23,7,12,0,4
0x9ecf2d,72.093%,12,31,43,28,12,0,3
0x4bca4e,25%,12,4,16,0,0,12,4
0x94db22,97.9557%,12,575,587,0,0,12,575
0xab330e,71.4286%,12,30,42,0,0,12,30
0x811577,98.5849%,12,836,848,835,8,4,1
0x9f040e,98.6286%,12,863,875,0,0,12,863
0x8e4931,98.125%,12,628,640,0,0,12,628
0x60c4f8,91.0448%,12,122,134,122,12,0,0
0x81ca09,93.0233%,12,160,172,0,0,12,160
0x822586,78.5714%,12,44,56,16,0,12,28
0x4b506b,90.7692%,12,118,130,0,0,12,118
0x94352b,84%,12,63,75,0,0,12,63
0x60a699,76%,12,38,50,38,12,0,0
0x811b64,94.1176%,12,192,204,0,0,12,192
0x9f9516,91.0448%,12,122,134,99,10,2,23
0x48319e,58.6207%,12,17,29,17,0,12,0
0x7cc2bd,99.0469%,12,1247,1259,0,0,12,1247
0xa4722a,92.8144%,12,155,167,155,12,0,0
0x81a92a,98.549%,12,815,827,0,0,12,815
0x59321d,57.1429%,12,16,28,14,0,12,2
0x53919b,97.6789%,12,505,517,505,1,11,0
0x945290,94.6903%,12,214,226,0,0,12,214
0x80896f,61.2903%,12,19,31,9,11,1,10
0x9e2503,95.7597%,12,271,283,131,2,10,140
0x99f307,90.5512%,12,115,127,115,12,0,0
0x9ed7be,94.0594%,12,190,202,190,12,0,0
0x9a8d58,61.2903%,12,19,31,13,4,8,6
0xa5b029,20%,12,3,15,1,12,0,2
0x4106dc,94.3128%,12,199,211,5,9,3,194
0x8a653d,29.4118%,12,5,17,3,7,5,2
0x8220d4,96.0784%,12,294,306,0,0,12,294
0xa59cb6,33.3333%,12,6,18,0,0,12,6
0x40407e,99.262%,12,1614,1626,1614,12,0,0
0x969301,86.0465%,12,74,86,0,0,12,74
0x54230d,96.3855%,12,320,332,320,12,0,0
0x67adc5,99.5647%,12,2745,2757,0,0,12,2745
0x5d2589,99.0361%,12,1233,1245,1233,12,0,0
0x8f2aba,98.8473%,12,1029,1041,908,7,5,121
0x48d09c,57.1429%,12,16,28,0,0,12,16
0xa51ed4,79.3103%,12,46,58,46,12,0,0
0x4806dc,68.4211%,12,26,38,26,12,0,0
0x5074c8,90.4762%,12,114,126,114,12,0,0
0x8c901f,97.1429%,12,408,420,408,9,3,0
0x50da39,20%,12,3,15,0,0,12,3
0x9f9562,52%,12,13,25,7,10,2,6
0x5fa2d1,95.2569%,12,241,253,91,5,7,150
0x5b2a3f,74.4681%,12,35,47,35,12,0,0
0x8151e1,79.661%,12,47,59,44,7,5,3
0x8fcfc0,83.0986%,12,59,71,59,12,0,0
0x90fe9c,99.6853%,12,3801,3813,3801,12,0,0
0x90131f,76%,12,38,50,0,0,12,38
0x8deaa8,90.625%,12,116,128,0,0,12,116
0x942a9f,84%,12,63,75,63,12,0,0
0x6823b3,64.7059%,12,22,34,0,0,12,22
0x814eb4,42.8571%,12,9,21,0,4,8,9
0x6405e9,94%,12,188,200,0,0,12,188
0x9ea686,92.8571%,12,156,168,0,1,11,156
0xa5233d,87.3684%,12,83,95,0,0,12,83
0x7d2b02,96.8831%,12,373,385,369,3,9,4
0x591169,87.0968%,12,81,93,1,0,12,80
0x8d9d99,85.5422%,12,71,83,71,12,0,0
0x5bba93,99.1441%,12,1390,1402,1390,10,2,0
0x65bda9,0%,12,0,12,0,12,0,0
0x9ff705,45.4545%,12,10,22,0,0,12,10
0x7a0fa5,65.7143%,12,23,35,23,12,0,0
0x90ed76,99.3538%,12,1845,1857,1845,12,0,0
0xa4a72f,25%,12,4,16,3,5,7,1
0x5559a0,82.0896%,12,55,67,55,8,4,0
0x403b0a,97.8142%,12,537,549,0,0,12,537
0x5f8739,86.8132%,12,79,91,0,3,9,79
0x9fc7e5,94.5455%,12,208,220,0,0,12,208
0x9a7c71,97.8533%,12,547,559,0,0,12,547
0x9013a4,76%,12,38,50,0,0,12,38
0x534bff,40%,12,8,20,8,12,0,0
0x5e0134,95.8621%,12,278,290,278,12,0,0
0x9742b9,97.8648%,12,550,562,550,12,0,0
0x9c3c95,66.6667%,12,24,36,19,8,4,5
0x5fc48a,89.6552%,12,104,116,104,10,2,0
0x5bb151,77.3585%,12,41,53,0,0,12,41
0x4c68c0,40%,12,8,20,2,10,2,6
0xa50118,91.8919%,12,136,148,0,0,12,136
0x8f2827,98.7261%,12,930,942,0,0,12,930
0x659fc1,99.3918%,12,1961,1973,1940,9,3,21
0xa5f780,98.0922%,12,617,629,617,12,0,0
0x554f84,79.661%,12,47,59,0,4,8,47
0xa4e928,92.5%,12,148,160,17,5,7,131
0x5fc84f,74.4681%,12,35,47,35,10,2,0
0x9429b4,84%,12,63,75,63,12,0,0
0x814d99,95.7295%,12,269,281,36,5,7,233
0x5ffcf3,93.3333%,12,168,180,74,6,6,94
0xa25b1f,98.8154%,12,1001,1013,0,0,12,1001
0x643715,69.2308%,12,27,39,27,12,0,0
0x942c25,84%,12,63,75,0,0,12,63
0x48ebff,84.6154%,12,66,78,66,8,4,0
0x4a7273,96.9152%,12,377,389,0,0,12,377
0x9c3d4f,73.3333%,12,33,45,32,4,8,1
0x50be62,65.7143%,12,23,35,0,0,12,23
0x9a8eeb,14.2857%,12,2,14,2,12,0,0
0x9771c3,85.5422%,12,71,83,71,10,2,0
0xa9da86,20%,12,3,15,0,0,12,3
0x81c665,98.9717%,12,1155,1167,0,0,12,1155
0x858f18,93.3702%,12,169,181,169,6,6,0
0x4bc9b2,0%,12,0,12,0,0,12,0
0xa25f12,74.4681%,12,35,47,35,12,0,0
0x837954,73.3333%,12,33,45,0,0,12,33
0x8df28b,50%,12,12,24,5,11,1,7
0x509ac0,97.6923%,12,508,520,0,0,12,508
0x8d3b51,95.122%,12,234,246,234,10,2,0
0x9e7216,95.2%,12,238,250,207,10,2,31
0x8efa46,94.2708%,11,181,192,0,0,11,181
0x9f52f9,92.9032%,11,144,155,0,0,11,144
0x5cb087,98.7585%,11,875,886,0,0,11,875
0xa93dd4,8.33333%,11,1,12,0,0,11,1
0x8ee0d3,97.3105%,11,398,409,0,0,11,398
0x53a2fc,78%,11,39,50,8,0,11,31
0x6087cb,94.5%,11,189,200,0,0,11,189
0x81f6e2,99.3168%,11,1599,1610,1599,11,0,0
0x4bc9f7,8.33333%,11,1,12,1,11,0,0
0x556f41,80%,11,44,55,0,0,11,44
0x550f12,57.6923%,11,15,26,6,11,0,9
0x9f7b3b,86.0759%,11,68,79,66,9,2,2
0x511fd3,99.7294%,11,4054,4065,4054,11,0,0
0x5aefc7,50%,11,11,22,11,11,0,0
0x53f28f,97.4359%,11,418,429,418,11,0,0
0x9bd2f4,83.5821%,11,56,67,0,4,7,56
0x7847c1,68.5714%,11,24,35,0,11,0,24
0x402bc1,99.3796%,11,1762,1773,0,0,11,1762
0xa9325a,95.1327%,11,215,226,0,1,10,215
0x8050dd,26.6667%,11,4,15,4,11,0,0
0x4fda98,96.5517%,11,308,319,0,0,11,308
0x50eeef,85.8974%,11,67,78,9,9,2,58
0x49b2a1,21.4286%,11,3,14,3,11,0,0
0x9e8174,54.1667%,11,13,24,0,0,11,13
0x99e527,15.3846%,11,2,13,0,0,11,2
0x492a4c,93.3333%,11,154,165,154,11,0,0
0x8e514a,98.836%,11,934,945,934,11,0,0
0x9e736a,96.2199%,11,280,291,280,11,0,0
0xa94764,62.069%,11,18,29,0,0,11,18
0x4995c2,91.3386%,11,116,127,43,10,1,73
0x647933,82.8125%,11,53,64,53,11,0,0
0x4b696f,92.9032%,11,144,155,0,0,11,144
0x58c6c2,89.4231%,11,93,104,0,11,0,93
0x81856a,67.6471%,11,23,34,23,11,0,0
0x8e1f94,94.8598%,11,203,214,203,11,0,0
0x5ef8dd,35.2941%,11,6,17,0,0,11,6
0x781dec,99.603%,11,2760,2771,0,0,11,2760
0x48f610,72.5%,11,29,40,28,6,5,1
0x441cbf,0%,11,0,11,0,11,0,0
0x4ab917,64.5161%,11,20,31,2,10,1,18
0x78152b,92.5676%,11,137,148,130,9,2,7
0xaaae4c,94.086%,11,175,186,138,2,9,37
0x818944,98.2595%,11,621,632,0,0,11,621
0x9fb5e3,96.4052%,11,295,306,0,0,11,295
0x49f67b,77.0833%,11,37,48,16,8,3,21
0x441b65,0%,11,0,11,0,11,0,0
0x9e7a23,92.4138%,11,134,145,4,0,11,130
0x499790,57.6923%,11,15,26,15,11,0,0
0x480614,71.0526%,11,27,38,18,11,0,9
0x94d145,76.5957%,11,36,47,36,11,0,0
0x58c8d9,96.2963%,11,286,297,150,11,0,136
0xa4d5d8,93.125%,11,149,160,0,0,11,149
0x7c7427,31.25%,11,5,16,0,0,11,5
0x8ad6be,87.6404%,11,78,89,76,8,3,2
0x808a5f,71.7949%,11,28,39,24,6,5,4
0x9f26a6,97.4537%,11,421,432,421,11,0,0
0x99e650,15.3846%,11,2,13,0,0,11,2
0x8a9378,98.8347%,11,933,944,0,0,11,933
0x94da1f,86.0759%,11,68,79,36,11,0,32
0xa4e855,93.2099%,11,151,162,151,9,2,0
0x5f115e,97.6695%,11,461,472,460,10,1,1
0x49195b,84.7222%,11,61,72,0,0,11,61
0x8c9443,90.7563%,11,108,119,108,11,0,0
0x5c4d5e,80%,11,44,55,10,0,11,34
0xa95e43,8.33333%,11,1,12,1,11,0,0
0x5f0cf7,67.6471%,11,23,34,0,0,11,23
0x96992c,83.0769%,11,54,65,0,0,11,54
0xa97a91,26.6667%,11,4,15,1,9,2,3
0x491a02,86.0759%,11,68,79,68,9,2,0
0x9d08e1,78.4314%,11,40,51,0,0,11,40
0x8091d5,95.0673%,11,212,223,19,5,6,193
0x63b4ba,98.642%,11,799,810,799,11,0,0
0x9f3e78,93.0818%,11,148,159,148,10,1,0
0x8dba4a,31.25%,11,5,16,0,0,11,5
0x8b93f2,96.7262%,11,325,336,325,11,0,0
0x5d1b03,90%,11,99,110,99,11,0,0
0x5c6c64,97.6987%,11,467,478,0,0,11,467
0xa26b70,26.6667%,11,4,15,1,8,3,3
0x677be3,63.3333%,11,19,30,19,11,0,0
0x4c2aec,86.9048%,11,73,84,73,11,0,0
0x77b9bb,60.7143%,11,17,28,17,11,0,0
0x8e4b3c,93.8202%,11,167,178,0,0,11,167
0x8e0f51,99.4436%,11,1966,1977,0,0,11,1966
0x5407e0,8.33333%,11,1,12,1,9,2,0
0x5b03b3,80%,11,44,55,2,0,11,42
0xa2cb33,98.7668%,11,881,892,881,11,0,0
0x94377a,85.3333%,11,64,75,0,0,11,64
0x943794,72.5%,11,29,40,0,0,11,29
0x9ea60b,93.4524%,11,157,168,0,0,11,157
0x4102c5,98.8134%,11,916,927,0,0,11,916
0xa9b499,90.8333%,11,109,120,109,11,0,0
0x90a9c2,80.7018%,11,46,57,0,0,11,46
0x647db8,78.4314%,11,40,51,0,0,11,40
0x49c8e0,78.4314%,11,40,51,0,2,9,40
0xa496e3,73.8095%,11,31,42,31,11,0,0
0x97b7dd,91.8519%,11,124,135,112,2,9,12
0x8ecb06,99.1108%,11,1226,1237,0,0,11,1226
0x9a48ac,31.25%,11,5,16,0,0,11,5
0x4021b8,99.4433%,11,1965,1976,0,0,11,1965
0x4bea51,89.5238%,11,94,105,28,7,4,66
0x5cf463,75.5556%,11,34,45,28,11,0,6
0x80c209,95.8491%,11,254,265,0,0,11,254
0x99dc79,26.6667%,11,4,15,0,0,11,4
0x9e3a96,78%,11,39,50,39,11,0,0
0x5ef819,81.6667%,11,49,60,49,11,0,0
0x4b58b9,95.9259%,11,259,270,0,0,11,259
0xa49748,73.8095%,11,31,42,31,11,0,0
0x550954,84.7222%,11,61,72,0,0,11,61
0xaa4629,88.8889%,11,88,99,88,11,0,0
0x8f4142,96.5409%,11,307,318,307,11,0,0
0xa03b08,90.7563%,11,108,119,108,11,0,0
0x410009,77.551%,11,38,49,38,9,2,0
0xa911ce,98.4419%,11,695,706,0,0,11,695
0x8d4178,84.507%,11,60,71,0,0,11,60
0xa42041,96.5944%,11,312,323,0,0,11,312
0x8f3617,97.0899%,11,367,378,0,0,11,367
0xa3fce7,80.3571%,11,45,56,45,11,0,0
0x8ee1a9,94.2105%,11,179,190,179,11,0,0
0xa06e14,71.0526%,11,27,38,0,0,11,27
0x60b5ff,95.1542%,11,216,227,0,0,11,216
0x6514a1,86.5854%,11,71,82,71,11,0,0
0x649adb,89.6226%,11,95,106,69,5,6,26
0xa52d3f,96.9697%,11,352,363,0,0,11,352
0xa02b82,85.5263%,11,65,76,64,10,1,1
0xa03b02,90.7563%,11,108,119,0,0,11,108
0x88a016,50%,11,11,22,2,3,8,9
0x50ae23,84.7222%,11,61,72,61,11,0,0
0x972c96,60.7143%,11,17,28,17,11,0,0
0x4b54f7,38.8889%,11,7,18,0,4,7,7
0x58f858,92.5676%,11,137,148,66,8,3,71
0x4b48dc,84.9315%,11,62,73,1,1,10,61
0x9f27ff,97.6793%,11,463,474,463,11,0,0
0x99d9ea,70.2703%,11,26,37,26,11,0,0
0x9ea704,88.6598%,11,86,97,86,11,0,0
0xaa4897,87.2093%,11,75,86,75,11,0,0
0x8df308,54.1667%,11,13,24,9,7,4,4
0xa53979,21.4286%,11,3,14,3,11,0,0
0x8f2773,97.561%,11,440,451,440,11,0,0
0x9f800a,21.4286%,11,3,14,3,11,0,0
0x809e5e,92.7632%,11,141,152,105,4,7,36
0x4a780e,79.2453%,11,42,53,42,11,0,0
0xa018db,98.5677%,11,757,768,757,7,4,0
0xa0187d,97.8682%,11,505,516,97,7,4,408
0x8ea466,31.25%,11,5,16,2,10,1,3
0x8aa922,99.6785%,11,3410,3421,0,0,11,3410
0x405bdb,65.625%,11,21,32,19,11,0,2
0xa1a0e7,59.2593%,11,16,27,11,3,8,5
0x8e2d53,47.619%,11,10,21,0,8,3,10
0x9fcec7,56%,11,14,25,14,11,0,0
0xa9494e,54.1667%,11,13,24,13,11,0,0
0x780872,38.8889%,11,7,18,0,0,11,7
0x482602,42.1053%,11,8,19,8,11,0,0
0xa921d9,95.9559%,11,261,272,0,4,7,261
0x4991ca,64.5161%,11,20,31,4,10,1,16
0xa4a15b,76.087%,11,35,46,0,0,11,35
0x8ef19f,93.8202%,11,167,178,0,4,7,167
0x81c148,88.5417%,11,85,96,85,11,0,0
0x8ff2a6,85.7143%,11,66,77,2,8,3,64
0x97b792,84.058%,11,58,69,0,0,11,58
0xa6cc50,52.1739%,11,12,23,12,11,0,0
0xa4fe80,95.6522%,11,242,253,242,7,4,0
0x8f5911,99.5789%,11,2601,2612,0,0,11,2601
0x4bcdfc,26.6667%,11,4,15,1,9,2,3
0xa359e5,93.7143%,11,164,175,0,8,3,164
0x482d06,71.0526%,11,27,38,27,11,0,0
0x8d26ff,85.3333%,11,64,75,64,11,0,0
0x64b0cc,82.8125%,11,53,64,53,11,0,0
0x554daa,96.1938%,11,278,289,278,11,0,0
0xaa2391,67.6471%,11,23,34,0,0,11,23
0x8fd7bc,26.6667%,11,4,15,1,11,0,3
0x5bee3a,99.2154%,11,1391,1402,1391,9,2,0
0x9a6294,91.9708%,11,126,137,124,9,2,2
0x9ab5f6,92.0863%,11,128,139,0,0,11,128
0x9ed9b4,91.2698%,11,115,126,0,0,11,115
0xa9e16d,72.5%,11,29,40,4,6,5,25
0xa58f66,90.7563%,11,108,119,0,0,11,108
0x65b199,15.3846%,11,2,13,0,0,11,2
0x53fe9b,99.3682%,11,1730,1741,1730,11,0,0
0x608d0e,93.2099%,11,151,162,151,11,0,0
0x58db25,92.7152%,11,140,151,81,2,9,59
0x47fe39,42.1053%,11,8,19,8,11,0,0
0x50779d,38.8889%,11,7,18,7,11,0,0
0x8a9811,99.9157%,11,13041,13052,0,0,11,13041
0x9c3ea2,79.6296%,11,43,54,0,0,11,43
0xa344b0,93.5294%,11,159,170,159,11,0,0
0x4bb840,94.6078%,11,193,204,193,11,0,0
0xaa8013,97.9206%,11,518,529,0,0,11,518
0xa4df30,45%,11,9,20,9,11,0,0
0x9746ad,83.8235%,11,57,68,0,0,11,57
0x9112d1,98.9372%,11,1024,1035,0,0,11,1024
0xa5728d,78.8462%,11,41,52,6,5,6,35
0x9497ae,86.0759%,11,68,79,0,0,11,68
0x8f3217,86.9048%,11,73,84,62,10,1,11
0xa31145,71.0526%,11,27,38,15,5,6,12
0x978568,96.1672%,11,276,287,276,11,0,0
0x9a7aad,90.9836%,11,111,122,0,0,11,111
0x9f0a56,65.625%,11,21,32,0,8,3,21
0x8e2013,99.2593%,11,1474,1485,0,0,11,1474
0x66f60c,91.7293%,11,122,133,63,3,8,59
0x9fb815,96.4052%,11,295,306,0,0,11,295
0x441af4,0%,11,0,11,0,11,0,0
0x911447,98.4035%,11,678,689,678,11,0,0
0x9fbabd,94.8837%,11,204,215,204,11,0,0
0x90a695,75%,11,33,44,26,11,0,7
0x4a6fc5,90.9091%,11,110,121,0,0,11,110
0x9be599,97.1354%,11,373,384,0,0,11,373
0x8df376,54.1667%,11,13,24,13,11,0,0
0x4acb15,26.6667%,11,4,15,4,11,0,0
0x4bc2b2,94.4162%,11,186,197,186,10,1,0
0x8bb683,52.1739%,11,12,23,6,4,7,6
0x600127,59.2593%,11,16,27,16,11,0,0
0x65ae1e,15.3846%,11,2,13,2,11,0,0
0x8ef476,92.3611%,11,133,144,0,0,11,133
0x98ca13,89.9083%,11,98,109,0,0,11,98
0x9fe19b,56%,11,14,25,0,0,11,14
0x65c0e5,97.5664%,11,441,452,441,11,0,0
0x9e0d91,60.7143%,11,17,28,5,0,11,12
0x5afe6f,47.619%,11,10,21,0,0,11,10
0xa570f2,64.5161%,11,20,31,11,8,3,9
0x8ea4c7,31.25%,11,5,16,2,6,5,3
0x4bbace,94.6078%,11,193,204,193,10,1,0
0xa578cc,57.6923%,11,15,26,11,4,7,4
0x4a9c6d,65.625%,11,21,32,0,0,11,21
0x951888,96.7742%,11,330,341,330,11,0,0
0xa3a1a0,98.3459%,11,654,665,654,11,0,0
0x65bd44,93.7853%,11,166,177,0,0,11,166
0xa37049,65.625%,11,21,32,21,11,0,0
0x8f2c75,89.2157%,11,91,102,29,5,6,62
0xad7b39,52.1739%,11,12,23,3,4,7,9
0xa52bba,72.5%,11,29,40,3,7,4,26
0x9fe439,88.2979%,11,83,94,83,11,0,0
0x94ae27,98.0496%,11,553,564,0,0,11,553
0x814e27,98.9824%,11,1070,1081,1070,10,1,0
0xa39f5d,63.3333%,11,19,30,19,11,0,0
0x5fb255,26.6667%,11,4,15,4,11,0,0
0xaa56b7,69.4444%,11,25,36,0,0,11,25
0x94ef15,63.3333%,11,19,30,0,0,11,19
0x8f4c99,99.5536%,11,2453,2464,2453,11,0,0
0x547f42,59.2593%,11,16,27,1,7,4,15
0xa976e5,45%,11,9,20,0,10,1,9
0x590953,50%,11,11,22,2,0,11,9
0xa41c12,98.5469%,11,746,757,746,11,0,0
0x8f31b1,99.571%,11,2553,2564,2553,11,0,0
0x403c21,96.793%,11,332,343,332,11,0,0
0x7f0417,93.4524%,11,157,168,8,5,6,149
0x7f044c,84.7222%,11,61,72,61,9,2,0
0x4baa15,78.8462%,11,41,52,41,11,0,0
0xa34f6f,92.5676%,11,137,148,105,11,0,32
0xa8fafe,95.6863%,11,244,255,0,0,11,244
0x60e60f,71.0526%,11,27,38,0,0,11,27
0x5ae5bc,56%,11,14,25,0,0,11,14
0x40e6c1,86.747%,11,72,83,34,4,7,38
0xa56f5f,84.7222%,11,61,72,0,7,4,61
0x8341a2,91.5385%,11,119,130,0,2,9,119
0x5387e0,99.7478%,11,4350,4361,0,0,11,4350
0x54cdcb,42.1053%,11,8,19,8,11,0,0
0x5f94c9,31.25%,11,5,16,2,11,0,3
0x8efc8e,90.5983%,11,106,117,106,11,0,0
0x9e5634,63.3333%,11,19,30,19,11,0,0
0x499724,85.1351%,11,63,74,63,11,0,0
0x8bd969,92.4138%,11,134,145,134,11,0,0
0xa5c821,90.0901%,11,100,111,100,11,0,0
0x8f365d,90.5172%,11,105,116,0,0,11,105
0x9fb0f5,91.129%,11,113,124,113,11,0,0
0xa45a0a,78.4314%,11,40,51,40,11,0,0
0x6107f4,15.3846%,11,2,13,2,11,0,0
0x51b509,42.1053%,11,8,19,3,10,1,5
0x48c7c3,87.2093%,11,75,86,0,2,9,75
0x9fe254,93.7143%,11,164,175,0,0,11,164
0x5e01ae,92.4138%,11,134,145,134,11,0,0
0xa46858,87.2093%,11,75,86,75,11,0,0
0x4098cf,96.4516%,11,299,310,0,2,9,299
0x99f6c6,15.3846%,11,2,13,2,11,0,0
0x59c51f,96.0145%,11,265,276,1,6,5,264
0x55598e,89%,11,89,100,88,8,3,1
0x40e44a,95.2586%,11,221,232,0,0,11,221
0x8e4818,99.3256%,11,1620,1631,1620,11,0,0
0x9fe5e8,75%,11,33,44,0,0,11,33
0x4c92eb,31.25%,11,5,16,0,0,11,5
0xa59550,47.619%,11,10,21,0,0,11,10
0x487744,69.4444%,11,25,36,6,6,5,19
0xa9475f,62.069%,11,18,29,0,0,11,18
0x4ba580,96.7836%,11,331,342,37,11,0,294
0x4096fa,82.5397%,11,52,63,50,6,5,2
0x5fda62,88.172%,11,82,93,82,11,0,0
0x9a7327,60.7143%,11,17,28,3,7,4,14
0x49a4b1,21.4286%,11,3,14,0,10,1,3
0xa8aba4,93.7143%,11,164,175,0,0,11,164
0x5f8d06,69.4444%,11,25,36,22,3,8,3
0x9a9b1c,90.9091%,11,110,121,0,0,11,110
0x8a670c,92.0863%,11,128,139,0,0,11,128
0x5f6188,8.33333%,11,1,12,1,9,2,0
0x64c05f,93.5673%,11,160,171,37,7,4,123
0x5fda7c,88.172%,11,82,93,82,11,0,0
0xa2ed3f,87.2093%,11,75,86,12,6,5,63
0x9112f9,98.9372%,11,1024,1035,1024,11,0,0
0x902d2b,77.0833%,11,37,48,20,10,1,17
0x9a7e19,74.4186%,11,32,43,17,1,10,15
0xa92567,95.7198%,11,246,257,42,8,3,204
0x49a454,57.6923%,11,15,26,3,7,4,12
0x9f99eb,73.1707%,11,30,41,0,0,11,30
0x50d6fc,92.0863%,11,128,139,0,0,11,128
0x67062c,73.1707%,11,30,41,0,0,11,30
0x499659,91.3386%,11,116,127,116,11,0,0
0x8e0306,98.0702%,11,559,570,0,0,11,559
0x9a1c8a,92.517%,11,136,147,13,0,11,123
0x5086a6,82.8125%,11,53,64,22,4,7,31
0x8e1337,99.4436%,11,1966,1977,0,8,3,1966
0x50ba68,72.5%,11,29,40,29,11,0,0
0xacabb9,60.7143%,11,17,28,17,11,0,0
0xae6f32,84.2857%,11,59,70,59,11,0,0
0x9a9a6f,97.9853%,11,535,546,0,5,6,535
0xa50a8f,21.4286%,11,3,14,0,0,11,3
0xa3feca,60.7143%,11,17,28,1,9,2,16
0x5058cf,88.7755%,11,87,98,3,2,9,84
0xb1b034,97.4596%,11,422,433,0,0,11,422
0x8ee66e,73.8095%,11,31,42,27,11,0,4
0x97b8a2,73.1707%,11,30,41,30,11,0,0
0xa92ed8,87.5%,11,77,88,77,11,0,0
0xa583db,91.0569%,11,112,123,0,0,11,112
0x9f8fd5,91.4062%,11,117,128,0,0,11,117
0x9a80ce,96.6154%,11,314,325,0,0,11,314
0x54d11f,35.2941%,11,6,17,6,11,0,0
0x8e120b,99.7264%,11,4009,4020,0,0,11,4009
0xa08cf5,45%,11,9,20,9,7,4,0
0x54f270,47.619%,11,10,21,0,0,11,10
0x606b04,95.1111%,11,214,225,214,11,0,0
0x8139a9,75%,11,33,44,8,5,6,25
0x8e3991,77.0833%,11,37,48,5,3,8,32
0xa42bb6,81.0345%,11,47,58,0,0,11,47
0x441b96,0%,11,0,11,0,11,0,0
0x4872de,99.0385%,11,1133,1144,0,0,11,1133
0x9f4ba7,96.4169%,11,296,307,296,7,4,0
0x67ad4a,38.8889%,11,7,18,7,11,0,0
0x541853,98.0702%,11,559,570,559,11,0,0
0xa9d387,73.8095%,11,31,42,6,10,1,25
0x6a3aea,8.33333%,11,1,12,1,11,0,0
0x8e03b0,99.0351%,11,1129,1140,0,0,11,1129
0x546286,96.8571%,11,339,350,0,0,11,339
0x58dc1d,92.7152%,11,140,151,135,10,1,5
0xb17b96,98.9632%,11,1050,1061,0,0,11,1050
0x535729,81.9672%,11,50,61,50,11,0,0
0x5d1186,92.4138%,11,134,145,0,0,11,134
0x9d1e22,56%,11,14,25,1,4,7,13
0x9aad7c,98.6129%,11,782,793,782,11,0,0
0x806825,72.5%,11,29,40,21,7,4,8
0x5b1853,85.3333%,11,64,75,0,0,11,64
0x9f7fc2,21.4286%,11,3,14,3,11,0,0
0x7f0c83,85.3333%,11,64,75,0,0,11,64
0x814887,99.1028%,11,1215,1226,1215,9,2,0
0x4a7d1d,95.9854%,11,263,274,0,0,11,263
0x8f106e,72.5%,11,29,40,0,0,11,29
0x4bc745,94.1489%,11,177,188,84,10,1,93
0x5faa77,82.5397%,11,52,63,0,0,11,52
0x501b4f,98.6146%,11,783,794,0,3,8,783
0x5e78b6,84.9315%,11,62,73,0,0,11,62
0xa25b5f,98.9141%,11,1002,1013,0,0,11,1002
0x9f0426,94.5545%,11,191,202,0,0,11,191
0x4a5ad7,47.619%,11,10,21,0,0,11,10
0x8dea85,91.5385%,11,119,130,0,2,9,119
0xa287dd,31.25%,11,5,16,5,11,0,0
0x50388d,76.087%,11,35,46,10,0,11,25
0xa587db,90.5172%,11,105,116,105,11,0,0
0x8e76f6,8.33333%,11,1,12,1,11,0,0
0xa2d2e4,97.1795%,11,379,390,0,5,6,379
0x8f686a,92.1429%,11,129,140,105,1,10,24
0xb376d8,99.8015%,11,5531,5542,5531,11,0,0
0x9f5f5d,81.6667%,11,49,60,49,11,0,0
0x9ab483,87.6404%,11,78,89,33,5,6,45
0x99ab53,95.7031%,11,245,256,245,11,0,0
0x53e3d4,99.5407%,11,2384,2395,2384,9,2,0
0x50b0a9,73.8095%,11,31,42,0,0,11,31
0xa92b82,96.5839%,11,311,322,1,7,4,310
0xa51097,95.7198%,11,246,257,0,4,7,246
0x9a8fc4,21.4286%,11,3,14,0,0,11,3
0x9eb75c,93.4524%,11,157,168,0,1,10,157
0x544e07,95.0893%,11,213,224,0,0,11,213
0x8f4537,98.145%,11,582,593,561,11,0,21
0x80b974,94.4724%,11,188,199,188,9,2,0
0x59121e,88.7755%,11,87,98,87,11,0,0
0x494ecd,63.3333%,11,19,30,8,5,6,11
0x59c8c9,81.3559%,11,48,59,0,0,11,48
0x48ee2f,94.086%,11,175,186,175,3,8,0
0x94eb77,87.7778%,11,79,90,0,0,11,79
0x9592a8,91.4062%,11,117,128,117,11,0,0
0x972c3b,92.1429%,11,129,140,129,11,0,0
0x8ff509,81.3559%,11,48,59,48,11,0,0
0x59e5ca,90.1786%,11,101,112,0,0,11,101
0x40aba1,75%,11,33,44,33,11,0,0
0x5bc4f4,98.8589%,11,953,964,0,0,11,953
0x64bb47,99.2098%,11,1381,1392,0,0,11,1381
0x490f4b,73.1707%,11,30,41,2,1,10,28
0x65c2c8,99.7696%,11,4763,4774,0,0,11,4763
0x814b0d,95.7198%,11,246,257,0,0,11,246
0x8f1623,91.791%,11,123,134,0,0,11,123
0x81d418,93.956%,11,171,182,171,11,0,0
0xa91a76,94.359%,11,184,195,0,0,11,184
0x9e859c,96.1538%,11,275,286,60,7,4,215
0xa42838,93.7143%,11,164,175,164,11,0,0
0x8050ab,95.8801%,11,256,267,250,2,9,6
0x9e0bb3,95.1965%,11,218,229,218,11,0,0
0x9e29c1,93.6416%,11,162,173,0,0,11,162
0x48f3da,8.33333%,11,1,12,0,0,11,1
0x94b449,79.2453%,11,42,53,0,0,11,42
0x5bac04,97.7642%,11,481,492,6,6,5,475
0x627efd,52.1739%,11,12,23,0,0,11,12
0x819652,99.8955%,11,10517,10528,8,10,1,10509
0x808c28,98.6951%,11,832,843,832,9,2,0
0xa35c7f,99.6623%,11,3246,3257,3246,11,0,0
0xa398ac,21.4286%,11,3,14,3,11,0,0
0x4a7279,97.1722%,11,378,389,378,11,0,0
0x9bc764,47.619%,11,10,21,10,11,0,0
0x53affc,77.551%,11,38,49,6,2,9,32
0xaadbae,96.6154%,11,314,325,0,0,11,314
0x99a8f3,89.2157%,11,91,102,54,7,4,37
0x8e300a,99.4436%,11,1966,1977,1966,11,0,0
0xa1b577,56%,11,14,25,6,6,5,8
0x8e9b0c,45%,11,9,20,7,8,3,2
0x4043a6,99.5205%,11,2283,2294,0,0,11,2283
0x949f94,95.0673%,11,212,223,0,0,11,212
0xa4ff3b,21.4286%,11,3,14,0,0,11,3
0x94dfab,97.4299%,11,417,428,0,0,11,417
0x8f3642,97.1939%,11,381,392,381,11,0,0
0x98407c,87.2093%,11,75,86,8,4,7,67
0x5555a0,99.0969%,11,1207,1218,0,0,11,1207
0x59109d,95.5466%,11,236,247,236,11,0,0
0x911012,97.4771%,11,425,436,0,0,11,425
0x94cece,76.5957%,11,36,47,36,11,0,0
0x4c0451,87.2093%,11,75,86,75,11,0,0
0x9a9d4b,79.6296%,11,43,54,43,11,0,0
0x5423ba,94.9772%,11,208,219,0,0,11,208
0x950138,99.4929%,11,2158,2169,0,0,11,2158
0x9d036b,96.9697%,11,352,363,23,6,5,329
0x5f8cf7,87.6404%,11,78,89,0,0,11,78
0x4999b2,91.3386%,11,116,127,52,1,10,64
0xb179a5,98.9632%,11,1050,1061,0,0,11,1050
0x9dfa44,94.8598%,11,203,214,0,0,11,203
0x5e4542,90.9091%,11,110,121,110,11,0,0
0x555d78,80.3571%,11,45,56,0,0,11,45
0xa50e8f,96.9274%,11,347,358,0,0,11,347
0x8bc050,8.33333%,11,1,12,0,2,9,1
0xa2a9df,90.2655%,11,102,113,0,0,11,102
0x51b33b,99.1352%,11,1261,1272,0,0,11,1261
0x534c51,45%,11,9,20,9,11,0,0
0x805051,97.8764%,11,507,518,507,9,2,0
0xa368c8,97.4713%,11,424,435,0,3,8,424
0x9e2f69,95.8175%,11,252,263,252,11,0,0
0xa5176f,85.7143%,11,66,77,66,11,0,0
0x9e0ba2,95.7198%,11,246,257,0,0,11,246
0x4b7f9f,0%,11,0,11,0,11,0,0
0x5f88e5,89.4231%,11,93,104,92,0,11,1
0x81c209,93.4132%,11,156,167,45,10,1,111
0x8ef069,86.9048%,11,73,84,0,6,5,73
0x90e27f,93.125%,11,149,160,149,11,0,0
0x811f81,50%,11,11,22,11,11,0,0
0x9e8aa6,92.4138%,11,134,145,134,11,0,0
0x9c4030,97.6395%,11,455,466,455,11,0,0
0x4997cd,81.3559%,11,48,59,0,0,11,48
0xa8f9ef,87.0588%,11,74,85,74,11,0,0
0x8ed3b7,99.7172%,11,3879,3890,3879,11,0,0
0x81e3da,94.8837%,11,204,215,50,4,7,154
0xa91876,21.4286%,11,3,14,0,0,11,3
0x4fdc65,95.2174%,11,219,230,143,5,6,76
0x639c67,98.1667%,11,589,600,0,0,11,589
0x503e7f,52.1739%,11,12,23,4,5,6,8
0x4a037d,75%,11,33,44,10,6,5,23
0x5be09e,85.8974%,11,67,78,0,0,11,67
0x507537,91.4062%,11,117,128,117,11,0,0
0x5575ed,80%,11,44,55,25,3,8,19
0x606a5a,95.1111%,11,214,225,0,0,11,214
0x4b96ba,15.3846%,11,2,13,0,0,11,2
0x9f157e,0%,11,0,11,0,0,11,0
0x610589,88.172%,11,82,93,0,0,11,82
0x8bcc01,84.2857%,11,59,70,35,9,2,24
0x8f5568,99.3541%,11,1692,1703,1692,11,0,0
0x8f5750,98.5658%,11,756,767,756,11,0,0
0x50d9f9,89.7196%,11,96,107,0,0,11,96
0x5c6c00,99.4879%,11,2137,2148,0,0,11,2137
0x4a79d6,70.2703%,11,26,37,26,11,0,0
0xa472e5,73.8095%,11,31,42,31,11,0,0
0xa22e29,42.1053%,11,8,19,6,4,7,2
0x8ddf52,76.087%,11,35,46,3,11,0,32
0xa32e9a,98.3582%,11,659,670,3,4,7,656
0x510548,99.1186%,11,1237,1248,1237,11,0,0
0x5cd3ac,91.4062%,11,117,128,0,0,11,117
0x677c09,63.3333%,11,19,30,19,11,0,0
0x508d88,60.7143%,11,17,28,14,9,2,3
0x814c7c,73.1707%,11,30,41,0,0,11,30
0x5f7f22,94.4724%,11,188,199,187,5,6,1
0x69650b,98.3308%,11,648,659,0,0,11,648
0x5af773,79.2453%,11,42,53,0,0,11,42
0x972548,95.0226%,11,210,221,0,0,11,210
0xa5867d,31.25%,11,5,16,5,3,8,0
0x5f9dc0,59.2593%,11,16,27,1,3,8,15
0x5fbd4b,77.0833%,11,37,48,4,3,8,33
0x6d1eea,66.6667%,11,22,33,0,0,11,22
0x8c8cc8,83.5821%,11,56,67,0,0,11,56
0x9113e6,92.4138%,11,134,145,134,11,0,0
0x550e85,67.6471%,11,23,34,6,11,0,17
0xa31ee1,76.087%,11,35,46,3,7,4,32
0x9e718b,80%,11,44,55,5,9,2,39
0x539354,50%,11,11,22,2,9,2,9
0x60e6a3,71.0526%,11,27,38,27,11,0,0
0x9f416e,66.6667%,11,22,33,22,11,0,0
0x610292,71.0526%,11,27,38,2,3,8,25
0x64b659,98.5969%,11,773,784,773,11,0,0
0x7cf335,98.3655%,11,662,673,0,2,9,662
0x6705e6,91.7293%,11,122,133,0,0,11,122
0x9e0179,93.8889%,11,169,180,0,0,11,169
0xa95e1f,67.6471%,11,23,34,15,7,4,8
0xa556aa,86.747%,11,72,83,0,0,11,72
0x53936b,0%,11,0,11,0,11,0,0
0x9e53b8,63.3333%,11,19,30,0,0,11,19
0x7d379b,72.5%,11,29,40,29,11,0,0
0x507d53,64.5161%,11,20,31,20,11,0,0
0x9731d4,73.8095%,11,31,42,0,0,11,31
0x4036fa,98.6094%,11,780,791,12,0,11,768
0xa314ab,78.8462%,11,41,52,41,11,0,0
0x9fe6f7,72.5%,11,29,40,29,11,0,0
0xa90629,79.2453%,11,42,53,42,11,0,0
0x8ab5b3,97.9554%,11,527,538,259,6,5,268
0x971491,50%,11,11,22,4,3,8,7
0x9732e9,73.8095%,11,31,42,0,4,7,31
0x919f87,98.8554%,11,950,961,0,0,11,950
0x405763,90.9836%,11,111,122,0,0,11,111
0xa038d8,85.5263%,11,65,76,65,11,0,0
0x80c284,67.6471%,11,23,34,23,11,0,0
0x81c070,87.0588%,11,74,85,0,0,11,74
0x8ffc24,94.9772%,11,208,219,6,3,8,202
0x5faf0b,54.1667%,11,13,24,11,1,10,2
0x8f61a8,84.507%,11,60,71,56,1,10,4
0x661645,99.1304%,11,1254,1265,1254,11,0,0
0x6437ab,71.7949%,11,28,39,0,0,11,28
0x4c63e6,62.069%,11,18,29,0,5,6,18
0x4b9c09,84.507%,11,60,71,34,8,3,26
0x5faf37,8.33333%,11,1,12,1,11,0,0
0xa159fd,97.9245%,11,519,530,2,4,7,517
0x4c5156,96.7647%,11,329,340,329,10,1,0
0x9ef396,50%,11,11,22,8,5,6,3
0x556bbe,95.6863%,11,244,255,8,0,11,236
0x77ffb4,97.9516%,11,526,537,490,10,1,36
0xa9d366,73.8095%,11,31,42,31,9,2,0
0x510bd5,96.4744%,11,301,312,0,0,11,301
0x9f25e7,71.7949%,11,28,39,28,11,0,0
0x9ee113,93.1677%,11,150,161,150,11,0,0
0xa6617f,87.2093%,11,75,86,75,11,0,0
0x8f46d8,99.5609%,11,2494,2505,2494,11,0,0
0x5444a7,95.0893%,11,213,224,213,11,0,0
0x5af7cc,75%,11,33,44,33,11,0,0
0x5f0d3c,96.1131%,11,272,283,0,0,11,272
0x81b1e3,94.6602%,11,195,206,0,2,9,195
0x494195,50%,11,11,22,11,11,0,0
0xa91080,91.791%,11,123,134,123,11,0,0
0x8df112,54.1667%,11,13,24,13,11,0,0
0x8222a2,95.9707%,11,262,273,262,11,0,0
0x5b16b4,90.3509%,11,103,114,103,11,0,0
0x9176f6,94.5%,11,189,200,0,0,11,189
0x48c78c,81.0345%,11,47,58,33,6,5,14
0x8adc30,87.6404%,11,78,89,0,0,11,78
0x65acbd,21.4286%,11,3,14,3,11,0,0
0x9e2d81,31.25%,11,5,16,0,0,11,5
0x8df0d9,54.1667%,11,13,24,0,0,11,13
0xa51b4a,72.5%,11,29,40,29,11,0,0
0x4b7e28,0%,11,0,11,0,11,0,0
0x78ad7d,47.619%,11,10,21,10,11,0,0
0x5b2b3a,75.5556%,11,34,45,0,0,11,34
0xa583b8,91.0569%,11,112,123,0,0,11,112
0x4b71e4,0%,11,0,11,0,11,0,0
0xa588b2,92.4658%,11,135,146,0,0,11,135
0x80774b,99.6755%,11,3379,3390,3379,11,0,0
0xb17bb2,98.9632%,11,1050,1061,0,0,11,1050
0xa90429,97.3171%,11,399,410,0,0,11,399
0x8ea85e,94.8113%,11,201,212,201,11,0,0
0x8a6971,89.2157%,11,91,102,89,1,10,2
0x403049,84.058%,11,58,69,58,11,0,0
0x53c422,91.6667%,11,121,132,121,11,0,0
0x90c1f4,99.3468%,11,1673,1684,834,8,3,839
0x8c9321,98.0903%,11,565,576,0,0,11,565
0x5fbd56,73.1707%,11,30,41,30,11,0,0
0x8a8f27,92.1429%,11,129,140,0,0,11,129
0x9499f1,79.2453%,11,42,53,42,11,0,0
0x64f417,50%,11,11,22,9,11,0,2
0x8df648,50%,11,11,22,11,9,2,0
0x90c8a0,85.8974%,11,67,78,67,11,0,0
0x441caf,0%,11,0,11,0,11,0,0
0xa5271e,8.33333%,11,1,12,0,0,11,1
0x4038cc,97.1795%,11,379,390,4,0,11,375
0xa9035e,92.7152%,11,140,151,0,0,11,140
0x5d90c8,92.517%,11,136,147,0,0,11,136
0x90a797,92.8105%,11,142,153,142,11,0,0
0x65ba53,99.7596%,11,4565,4576,4565,11,0,0
0x9f3f11,96.6049%,11,313,324,3,1,10,310
0x4a8503,79.2453%,11,42,53,0,0,11,42
0x9e5433,71.7949%,11,28,39,0,0,11,28
0x82259a,94.6341%,11,194,205,194,11,0,0
0x5f64a3,31.25%,11,5,16,5,11,0,0
0x8380f3,75.5556%,11,34,45,34,6,5,0
0xa8e763,87.0588%,11,74,85,0,2,9,74
0x8c726a,94.8113%,11,201,212,0,0,11,201
0x80dbe7,95%,11,209,220,209,11,0,0
0x49f96b,99.1532%,11,1288,1299,0,0,11,1288
0x4b6748,0%,11,0,11,0,0,11,0
0x96c0c9,94.5813%,11,192,203,176,6,5,16
0x9843e9,83.3333%,11,55,66,0,0,11,55
0x81f7e4,76.5957%,11,36,47,0,0,11,36
0x979996,75%,11,33,44,33,11,0,0
0x9913b2,89.8148%,11,97,108,97,11,0,0
0xa9b7d3,87.5%,11,77,88,0,0,11,77
0x54d191,35.2941%,11,6,17,1,6,5,5
0xb1494a,99.7417%,11,4247,4258,0,0,11,4247
0x9e3fbd,87.3563%,11,76,87,0,0,11,76
0xa3634c,96.2963%,11,286,297,279,6,5,7
0xa41040,75.5556%,11,34,45,0,0,11,34
0x6a3ac7,71.0526%,11,27,38,0,0,11,27
0x9f5aff,8.33333%,11,1,12,1,11,0,0
0xa6c66f,74.4186%,11,32,43,0,0,11,32
0x8a518a,97.8516%,11,501,512,501,9,2,0
0x9e2e4f,15.3846%,11,2,13,0,0,11,2
0xa34de3,98.5155%,11,730,741,730,11,0,0
0x4b5034,92.1429%,11,129,140,4,5,6,125
0x4bfd19,87.2093%,11,75,86,75,11,0,0
0x8ef4e1,73.8095%,11,31,42,30,3,8,1
0x980bce,65.625%,11,21,32,3,5,6,18
0x4b6961,92.9032%,11,144,155,0,0,11,144
0x818d46,99.7697%,11,4766,4777,4766,11,0,0
0x78ad03,75%,11,33,44,0,0,11,33
0x944c09,81.0345%,11,47,58,6,3,8,41
0x9a12fd,88.6598%,11,86,97,86,11,0,0
0x60ddb2,97.9087%,11,515,526,441,4,7,74
0x554f25,92.2535%,11,131,142,0,0,11,131
0x40f65f,99.8399%,11,6860,6871,0,0,11,6860
0x595dd8,98.577%,11,762,773,0,4,7,762
0x5fb8af,80%,11,44,55,44,11,0,0
0x9e21ae,31.25%,11,5,16,3,11,0,2
0x64774d,75.5556%,11,34,45,6,3,8,28
0x5fb293,94.8837%,11,204,215,204,5,6,0
0x82214e,96.4052%,11,295,306,295,11,0,0
0x8fcd78,96.9188%,11,346,357,0,0,11,346
0x63b5fb,99.1577%,11,1295,1306,1295,11,0,0
0x4b9fab,85.5263%,11,65,76,0,0,11,65
0x8def1c,97.3934%,11,411,422,0,0,11,411
0x81eac5,96.7164%,11,324,335,324,11,0,0
0x8dcba2,99.3256%,11,1620,1631,1620,11,0,0
0x8dcb8d,99.5215%,11,2288,2299,2288,11,0,0
0x5faa8b,93.4524%,11,157,168,157,10,1,0
0x5cf5e6,99.2086%,11,1379,1390,1379,11,0,0
0x9f32cf,92.9032%,11,144,155,144,11,0,0
0x811fbd,75%,11,33,44,21,9,2,12
0xa48cbd,93.4132%,11,156,167,0,0,11,156
0x918b19,97.25%,11,389,400,200,0,11,189
0xa59331,74.4186%,11,32,43,0,8,3,32
0x8a6b81,21.4286%,11,3,14,0,1,10,3
0x786937,8.33333%,11,1,12,0,0,11,1
0x5fea06,73.8095%,11,31,42,2,10,1,29
0x5e7889,84.9315%,11,62,73,0,0,11,62
0x40ab39,35.2941%,11,6,17,0,11,0,6
0x550339,96.8927%,11,343,354,0,0,11,343
0xa8ee09,99.3252%,11,1619,1630,0,0,11,1619
0xa2d332,97.2081%,11,383,394,0,0,11,383
0x90be4b,98.8554%,11,950,961,833,9,2,117
0x480b38,42.1053%,11,8,19,6,11,0,2
0x9f8f52,92.2535%,11,131,142,15,7,4,116
0x502729,96.8661%,11,340,351,340,11,0,0
0xa4ba48,82.8125%,11,53,64,17,11,0,36
0x9ab3c8,96%,11,264,275,0,0,11,264
0x53a0be,62.069%,11,18,29,0,0,11,18
0x8f457f,87.5%,11,77,88,0,0,11,77
0x502797,99.0451%,11,1141,1152,1141,9,2,0
0x48a5fb,99.2419%,11,1440,1451,0,0,11,1440
0x908e63,98.7682%,11,882,893,625,0,11,257
0x98f952,95.7198%,11,246,257,246,11,0,0
0x9fc668,21.4286%,11,3,14,3,11,0,0
0x90427f,97.3171%,11,399,410,399,11,0,0
0x4a8cb5,77.551%,11,38,49,2,5,6,36
0xae4148,96.9697%,11,352,363,14,0,11,338
0x50f0e9,87.5%,11,77,88,0,0,11,77
0xa525ea,94.5545%,11,191,202,91,10,1,100
0x81a319,98.6699%,11,816,827,0,0,11,816
0x9ea870,84.7222%,11,61,72,61,9,2,0
0x509b03,97.8846%,11,509,520,0,0,11,509
0x41087d,93.7853%,11,166,177,166,11,0,0
0x80a4a7,98.7028%,11,837,848,834,9,2,3
0x81bcfb,88.172%,11,82,93,0,5,6,82
0x5501b2,91.9118%,11,125,136,0,0,11,125
0x552b1d,65.625%,11,21,32,0,4,7,21
0x8065bf,54.1667%,11,13,24,0,0,11,13
0x9499bc,79.2453%,11,42,53,42,11,0,0
0x9a618d,71.7949%,11,28,39,7,8,3,21
0x99dade,47.619%,11,10,21,10,11,0,0
0x673d1e,42.1053%,11,8,19,8,11,0,0
0x5f099f,96.2838%,11,285,296,0,0,11,285
0x60b05a,78%,11,39,50,0,0,11,39
0x494947,91.0569%,11,112,123,0,0,11,112
0x5af345,82.2581%,11,51,62,15,11,0,36
0xa95cf9,80.7018%,11,46,57,46,11,0,0
0xa42738,95.1111%,11,214,225,214,11,0,0
0xaa5d74,94.8357%,11,202,213,202,11,0,0
0x7d27bd,90.0901%,11,100,111,1,11,0,99
0xa47ec5,8.33333%,11,1,12,1,11,0,0
0x544d90,89%,11,89,100,0,8,3,89
0x9e04e8,81.0345%,11,47,58,0,0,11,47
0xa022bb,99.0393%,11,1134,1145,0,0,11,1134
0x50e366,38.8889%,11,7,18,0,0,11,7
0x9fcc37,56%,11,14,25,0,0,11,14
0x9ab606,94.5%,11,189,200,0,0,11,189
0x591a38,77.551%,11,38,49,0,0,11,38
0xa50180,92.5676%,11,137,148,0,0,11,137
0xa0667a,82.5397%,11,52,63,8,10,1,44
0x98b3a7,79.2453%,11,42,53,29,0,11,13
0x661b1c,99.159%,11,1297,1308,1297,11,0,0
0xa910f0,91.791%,11,123,134,123,11,0,0
0x81f795,88.2979%,11,83,94,0,0,11,83
0x8dedcd,99.6726%,11,3349,3360,0,0,11,3349
0x4c5a16,47.619%,11,10,21,10,11,0,0
0x9e0590,81.0345%,11,47,58,47,11,0,0
0x98b4cd,93.8202%,11,167,178,167,11,0,0
0x8193a1,83.8235%,11,57,68,57,11,0,0
0x99e936,80%,11,44,55,0,0,11,44
0xa4538e,96.8391%,11,337,348,336,8,3,1
0xaa2cb4,95.1327%,11,215,226,0,0,11,215
0x9f9a34,73.1707%,11,30,41,8,8,3,22
0x5cf3ac,99.4214%,11,1890,1901,0,0,11,1890
0x4a1ddc,99.2445%,11,1445,1456,1445,11,0,0
0x7d3d77,82.5397%,11,52,63,1,11,0,51
0x60e3d3,83.3333%,11,55,66,55,11,0,0
0x49cdf3,68.5714%,11,24,35,12,1,10,12
0x49c801,80.3571%,11,45,56,36,2,9,9
0x63b264,98.6602%,11,810,821,0,0,11,810
0x5463ff,96.8571%,11,339,350,0,0,11,339
0x9ab741,87.6404%,11,78,89,78,3,8,0
0x8ae971,89.3204%,11,92,103,92,6,5,0
0x54445b,91.6667%,11,121,132,121,11,0,0
0x9e0579,81.0345%,11,47,58,0,0,11,47
0xa55e2d,87.6404%,11,78,89,0,0,11,78
0x4c03e5,87.2093%,11,75,86,0,0,11,75
0x8aeda4,95.0673%,11,212,223,212,11,0,0
0x5f845d,98.1164%,11,573,584,0,0,11,573
0x8dee48,21.4286%,11,3,14,3,11,0,0
0x8aebe9,94.686%,11,196,207,0,9,2,196
0x4ad914,47.619%,11,10,21,10,9,2,0
0x409cda,96.9697%,11,352,363,0,0,11,352
0x9ecd23,90%,11,99,110,0,0,11,99
0xa50f87,71.0526%,11,27,38,0,0,11,27
0x677d19,98.6569%,11,808,819,808,11,0,0
0x4bc8fe,8.33333%,11,1,12,1,11,0,0
0xa91854,21.4286%,11,3,14,3,11,0,0
0x4c1c71,96.2069%,11,279,290,279,11,0,0
0xa58fc4,90.7563%,11,108,119,11,1,10,97
0x405e4f,75%,11,33,44,10,10,1,23
0xb2ffd8,98.5155%,11,730,741,104,9,2,626
0xa46cef,95.2174%,11,219,230,219,11,0,0
0x81a850,98.5545%,11,750,761,0,0,11,750
0x7d3103,97.027%,11,359,370,15,4,7,344
0x9082c9,98.3918%,11,673,684,0,0,11,673
0xa44069,82.8125%,11,53,64,53,11,0,0
0xb17ca7,99.235%,11,1427,1438,0,0,11,1427
0x627d2d,52.1739%,11,12,23,0,0,11,12
0x8e4279,99.4436%,11,1966,1977,0,0,11,1966
0xaab79b,88.8889%,11,88,99,88,11,0,0
0x9f404b,66.6667%,11,22,33,6,4,7,16
0x8eadff,99.0108%,11,1101,1112,1101,11,0,0
0x5b40ea,67.7419%,10,21,31,21,10,0,0
0xa94b02,64.2857%,10,18,28,18,6,4,0
0x5b4129,67.7419%,10,21,31,1,10,0,20
0x96ae8b,78.2609%,10,36,46,0,0,10,36
0x90867d,99.3793%,10,1601,1611,1601,10,0,0
0x544451,90%,10,90,100,1,7,3,89
0x5bcbfa,98.9627%,10,954,964,954,10,0,0
0x8e0e9f,96.8847%,10,311,321,311,10,0,0
0x901fa1,99.7869%,10,4682,4692,0,0,10,4682
0xa9688c,95.5752%,10,216,226,0,0,10,216
0x5c33c2,95.6332%,10,219,229,0,0,10,219
0x78f0cc,37.5%,10,6,16,0,6,4,6
0xa96977,93.2886%,10,139,149,139,10,0,0
0x8374ee,77.7778%,10,35,45,32,1,9,3
0x8ea4e5,37.5%,10,6,16,2,10,0,4
0x8ebba4,97.9466%,10,477,487,0,0,10,477
0x81ee31,98.088%,10,513,523,513,8,2,0
0x555e16,97.619%,10,410,420,0,0,10,410
0x538cf4,54.5455%,10,12,22,3,8,2,9
0x8fe0ba,87.5%,10,70,80,70,10,0,0
0x67f122,99.5052%,10,2011,2021,0,0,10,2011
0x9f4708,97.1347%,10,339,349,1,1,9,338
0x88e3ed,74.359%,10,29,39,29,10,0,0
0x808ca7,99.1857%,10,1218,1228,1218,10,0,0
0x49c7c8,96.3899%,10,267,277,0,0,10,267
0x489c0c,85.2941%,10,58,68,0,0,10,58
0x5b5d32,50%,10,10,20,0,0,10,10
0x8bd8ca,44.4444%,10,8,18,0,0,10,8
0x547c9b,93.5065%,10,144,154,142,8,2,2
0x51b51d,47.3684%,10,9,19,9,10,0,0
0xa51cd0,73.6842%,10,28,38,26,0,10,2
0x544ba9,82.4561%,10,47,57,47,10,0,0
0x609d02,97.1671%,10,343,353,343,10,0,0
0x53c3b3,77.2727%,10,34,44,18,4,6,16
0x59310c,66.6667%,10,20,30,16,8,2,4
0x50e1d0,77.7778%,10,35,45,35,10,0,0
0xa2da29,0%,10,0,10,0,10,0,0
0x50d2e4,96.6443%,10,288,298,266,6,4,22
0x50cdb0,96.8847%,10,311,321,0,0,10,311
0x441757,9.09091%,10,1,11,0,0,10,1
0x50a6e3,92.6471%,10,126,136,38,8,2,88
0xa074e0,58.3333%,10,14,24,12,1,9,2
0x60bb0d,41.1765%,10,7,17,0,0,10,7
0xa2e763,92.5373%,10,124,134,124,10,0,0
0x4b93c4,37.5%,10,6,16,0,0,10,6
0x943837,75%,10,30,40,0,0,10,30
0x781211,98.935%,10,929,939,929,10,0,0
0x944aee,95.4955%,10,212,222,212,10,0,0
0x4b940e,16.6667%,10,2,12,0,10,0,2
0xa2e857,95.8333%,10,230,240,122,5,5,108
0xaae1b4,99.7349%,10,3762,3772,3762,10,0,0
0x9495a8,95.7265%,10,224,234,224,10,0,0
0x50e236,77.7778%,10,35,45,35,10,0,0
0x50e3d7,81.1321%,10,43,53,0,0,10,43
0x9ff70b,54.5455%,10,12,22,12,8,2,0
0x503d5d,80.7692%,10,42,52,40,6,4,2
0x8a718f,99.385%,10,1616,1626,1616,10,0,0
0x901045,72.973%,10,27,37,0,0,10,27
0xa98132,81.8182%,10,45,55,0,0,10,45
0x781e0d,99.6391%,10,2761,2771,2761,10,0,0
0x9c39b0,84.375%,10,54,64,54,2,8,0
0x493213,74.359%,10,29,39,0,0,10,29
0xa32c04,98.9213%,10,917,927,917,10,0,0
0x9f3ff3,91.5254%,10,108,118,2,2,8,106
0x402e27,83.0508%,10,49,59,0,0,10,49
0xa56844,16.6667%,10,2,12,0,6,4,2
0x9e3fd6,88.5057%,10,77,87,58,10,0,19
0x501393,97.555%,10,399,409,0,0,10,399
0x978538,97.8214%,10,449,459,0,0,10,449
0x58f410,80.7692%,10,42,52,0,0,10,42
0x9abe1e,94.4444%,10,170,180,0,0,10,170
0xa45dd5,80.7692%,10,42,52,0,0,10,42
0x80b7ef,71.4286%,10,25,35,25,9,1,0
0x8e38a6,79.1667%,10,38,48,0,0,10,38
0x8d2611,82.1429%,10,46,56,0,0,10,46
0xa34ec7,91.453%,10,107,117,0,0,10,107
0x980b5f,86.4865%,10,64,74,64,7,3,0
0x65bae0,99.4369%,10,1766,1776,1766,10,0,0
0x5373c2,92.1875%,10,118,128,0,0,10,118
0x64ce9e,77.2727%,10,34,44,0,4,6,34
0x80bda3,33.3333%,10,5,15,1,4,6,4
0x5ff2ff,73.6842%,10,28,38,2,7,3,26
0x58e439,77.7778%,10,35,45,4,1,9,31
0x8aab34,47.3684%,10,9,19,9,10,0,0
0x8d3c71,98.0843%,10,512,522,0,0,10,512
0x8077ea,99.5987%,10,2482,2492,0,0,10,2482
0x506202,98.4544%,10,637,647,0,0,10,637
0x99b09e,75%,10,30,40,0,0,10,30
0x5b2faa,95.3052%,10,203,213,202,1,9,1
0x8f56de,94.3182%,10,166,176,166,10,0,0
0x81e641,98.0806%,10,511,521,472,3,7,39
0x5121db,72.973%,10,27,37,27,9,1,0
0x507ffb,98.2578%,10,564,574,0,0,10,564
0x50d2cc,99.3861%,10,1619,1629,0,0,10,1619
0xa50d36,88.6364%,10,78,88,0,0,10,78
0x5454d2,79.5918%,10,39,49,39,10,0,0
0x58f801,99.6979%,10,3300,3310,0,0,10,3300
0x4bb923,82.1429%,10,46,56,46,10,0,0
0x4bfeb0,70.5882%,10,24,34,1,0,10,23
0x55663e,80.3922%,10,41,51,41,1,9,0
0x977c69,93.007%,10,133,143,17,6,4,116
0x5077ad,44.4444%,10,8,18,8,10,0,0
0x4bb2ef,41.1765%,10,7,17,0,2,8,7
0x590e8b,56.5217%,10,13,23,0,0,10,13
0x4a82b6,89.1304%,10,82,92,0,0,10,82
0x944877,91.5254%,10,108,118,108,10,0,0
0x647d97,80.3922%,10,41,51,41,10,0,0
0x596108,23.0769%,10,3,13,2,0,10,1
0x5f9587,58.3333%,10,14,24,7,9,1,7
0x50e5ac,50%,10,10,20,10,10,0,0
0x50e706,50%,10,10,20,10,10,0,0
0x54f1c7,75.6098%,10,31,41,11,2,8,20
0x949f6a,95.5157%,10,213,223,0,0,10,213
0xa08632,65.5172%,10,19,29,18,3,7,1
0x9ed84c,84.375%,10,54,64,0,0,10,54
0x969266,94.9749%,10,189,199,0,0,10,189
0x5357f0,52.381%,10,11,21,2,3,7,9
0xa46ef7,44.4444%,10,8,18,0,0,10,8
0xa93fbc,16.6667%,10,2,12,2,10,0,0
0x9f44c0,93.7107%,10,149,159,0,4,6,149
0x509734,68.75%,10,22,32,20,2,8,2
0x50974b,0%,10,0,10,0,10,0,0
0x5f8ca6,77.7778%,10,35,45,0,0,10,35
0x6706a9,41.1765%,10,7,17,7,10,0,0
0x976eaa,37.5%,10,6,16,5,9,1,1
0xa589ab,93.1507%,10,136,146,0,0,10,136
0x4a9d98,56.5217%,10,13,23,4,3,7,9
0x547cb3,98.3278%,10,588,598,588,10,0,0
0x9a3336,89.011%,10,81,91,81,10,0,0
0x48ced6,81.8182%,10,45,55,44,10,0,1
0x9e2ca1,56.5217%,10,13,23,13,10,0,0
0x504d14,16.6667%,10,2,12,0,10,0,2
0xa310a5,94.8454%,10,184,194,0,0,10,184
0x63aeff,98.782%,10,811,821,0,0,10,811
0x50a14e,82.1429%,10,46,56,46,10,0,0
0x8aa849,98.6395%,10,725,735,0,0,10,725
0x9c3cf5,77.7778%,10,35,45,35,10,0,0
0x814dc3,99.0749%,10,1071,1081,1071,9,1,0
0x8a6134,96.9605%,10,319,329,319,10,0,0
0x5971e0,96.5278%,10,278,288,0,0,10,278
0x506343,89.2473%,10,83,93,83,10,0,0
0x48d878,99.4388%,10,1772,1782,0,0,10,1772
0x4bde28,28.5714%,10,4,14,0,7,3,4
0x942c40,86.6667%,10,65,75,0,0,10,65
0x63f826,99.7099%,10,3437,3447,0,2,8,3437
0x502029,68.75%,10,22,32,0,8,2,22
0x8ddf08,81.4815%,10,44,54,2,6,4,42
0x4c2ae7,88.0952%,10,74,84,0,0,10,74
0x5baa30,99.4775%,10,1904,1914,0,0,10,1904
0x508d5d,81.8182%,10,45,55,2,4,6,43
0x9a1c23,95.0739%,10,193,203,28,2,8,165
0x543a78,95.4128%,10,208,218,0,0,10,208
0x60b096,80%,10,40,50,40,10,0,0
0xa9c99b,70.5882%,10,24,34,0,0,10,24
0x80a96e,94.8187%,10,183,193,182,8,2,1
0xa520ac,41.1765%,10,7,17,1,5,5,6
0x813962,77.2727%,10,34,44,0,0,10,34
0x49ec27,96.8944%,10,312,322,0,0,10,312
0x8fe4b9,41.1765%,10,7,17,7,10,0,0
0x547485,83.6066%,10,51,61,0,0,10,51
0x4c1613,94.9495%,10,188,198,182,4,6,6
0x822041,68.75%,10,22,32,0,0,10,22
0x88a243,74.359%,10,29,39,21,1,9,8
0xa2f883,95.9839%,10,239,249,74,9,1,165
0x8ee80c,97.561%,10,400,410,400,7,3,0
0x901f62,99.7869%,10,4682,4692,0,0,10,4682
0xa486bc,95.8678%,10,232,242,0,0,10,232
0xacfc5e,88.2353%,10,75,85,75,10,0,0
0x8a60e4,96.9605%,10,319,329,319,10,0,0
0x807028,97.449%,10,382,392,382,10,0,0
0xa4886b,94.382%,10,168,178,0,0,10,168
0x8e534b,68.75%,10,22,32,11,5,5,11
0x54ff5c,97.7974%,10,444,454,0,0,10,444
0xa2dc8e,72.2222%,10,26,36,0,0,10,26
0x813671,98.0695%,10,508,518,508,8,2,0
0xa5891b,91.3793%,10,106,116,0,0,10,106
0x9e6be5,81.1321%,10,43,53,43,10,0,0
0x904c3c,96.6777%,10,291,301,0,0,10,291
0x5baadc,99.4775%,10,1904,1914,1904,10,0,0
0x64f1f7,54.5455%,10,12,22,5,0,10,7
0x64c080,92.126%,10,117,127,117,1,9,0
0x64beec,98.9858%,10,976,986,167,4,6,809
0x833618,91.2281%,10,104,114,0,4,6,104
0x540a23,28.5714%,10,4,14,3,9,1,1
0x9ea529,90.7407%,10,98,108,0,0,10,98
0xa5238f,87.013%,10,67,77,0,6,4,67
0xa946d3,65.5172%,10,19,29,0,0,10,19
0x9b9253,87.9518%,10,73,83,73,8,2,0
0xa1606f,58.3333%,10,14,24,0,0,10,14
0xa35f4e,67.7419%,10,21,31,0,0,10,21
0x66d45b,99.3169%,10,1454,1464,1454,10,0,0
0x8a73ea,98%,10,490,500,490,10,0,0
0xa43891,79.1667%,10,38,48,30,6,4,8
0x4a6253,93.1034%,10,135,145,135,7,3,0
0xa3276a,87.1795%,10,68,78,68,10,0,0
0x50fb37,0%,10,0,10,0,0,10,0
0x4ab53e,60%,10,15,25,0,0,10,15
0x8a237b,16.6667%,10,2,12,0,0,10,2
0x81a127,88.5057%,10,77,87,0,0,10,77
0xa35ddb,66.6667%,10,20,30,16,0,10,4
0x977b77,28.5714%,10,4,14,0,7,3,4
0x90b369,98.9594%,10,951,961,951,10,0,0
0x9f501b,92.7536%,10,128,138,0,0,10,128
0x8a8fbd,92.8571%,10,130,140,130,10,0,0
0x6114ad,9.09091%,10,1,11,1,9,1,0
0x481728,73.6842%,10,28,38,28,10,0,0
0x81f67a,78.2609%,10,36,46,0,4,6,36
0x816c96,99.0119%,10,1002,1012,0,0,10,1002
0x4c72f9,44.4444%,10,8,18,8,10,0,0
0x5409b1,28.5714%,10,4,14,4,10,0,0
0xa2f8b4,93.7888%,10,151,161,74,9,1,77
0x60845a,64.2857%,10,18,28,18,10,0,0
0x81d007,94.3503%,10,167,177,0,10,0,167
0x5456ff,99.0494%,10,1042,1052,1042,10,0,0
0xa46470,94.8187%,10,183,193,0,0,10,183
0x61dc4f,50%,10,10,20,0,0,10,10
0x65ba9a,85.2941%,10,58,68,42,8,2,16
0xa26c27,0%,10,0,10,0,0,10,0
0x81e4d0,23.0769%,10,3,13,3,10,0,0
0x9f7a0e,91.0714%,10,102,112,0,0,10,102
0xa2ddfc,72.2222%,10,26,36,13,6,4,13
0x5c7256,64.2857%,10,18,28,18,10,0,0
0xa46df4,96.1089%,10,247,257,0,0,10,247
0x5f6cd7,33.3333%,10,5,15,2,3,7,3
0x50e34f,44.4444%,10,8,18,0,0,10,8
0x905bf9,96.6443%,10,288,298,288,10,0,0
0x9e194b,91.6667%,10,110,120,110,10,0,0
0xa39488,28.5714%,10,4,14,0,0,10,4
0x99bb46,52.381%,10,11,21,11,10,0,0
0xa3051a,98.3949%,10,613,623,0,0,10,613
0x8ec413,98.9362%,10,930,940,930,10,0,0
0x49491e,95.2153%,10,199,209,0,0,10,199
0x5fb95c,61.5385%,10,16,26,2,10,0,14
0x403973,72.973%,10,27,37,0,0,10,27
0xa39db2,75.6098%,10,31,41,0,0,10,31
0xaa2f18,90.1961%,10,92,102,0,0,10,92
0x488707,98.5141%,10,663,673,663,10,0,0
0x4bb723,95.2153%,10,199,209,198,6,4,1
0xaa8feb,56.5217%,10,13,23,13,10,0,0
0x60a6bb,80%,10,40,50,0,0,10,40
0x81a55a,98.4177%,10,622,632,622,10,0,0
0xa448cd,80.7692%,10,42,52,0,0,10,42
0x5f0f75,70.5882%,10,24,34,0,0,10,24
0x909189,99.4615%,10,1847,1857,1847,10,0,0
0x4414ae,82.4561%,10,47,57,0,0,10,47
0x8126db,80.7692%,10,42,52,42,10,0,0
0x5fadb9,69.697%,10,23,33,0,0,10,23
0x98ce01,16.6667%,10,2,12,2,10,0,0
0x8e4138,97.319%,10,363,373,0,0,10,363
0x5fb26d,33.3333%,10,5,15,5,10,0,0
0xa60a1d,96.7105%,10,294,304,0,0,10,294
0x6672d1,67.7419%,10,21,31,0,0,10,21
0x8bb621,89.4737%,10,85,95,0,0,10,85
0x8df4a1,58.3333%,10,14,24,0,1,9,14
0xa58cbf,23.0769%,10,3,13,0,0,10,3
0x48ec61,89.6907%,10,87,97,74,8,2,13
0x81ca8c,94.1176%,10,160,170,160,4,6,0
0x8edb88,97.7827%,10,441,451,0,2,8,441
0x4bf0b9,95.7627%,10,226,236,44,4,6,182
0xa4858b,82.1429%,10,46,56,6,9,1,40
0x5b0187,52.381%,10,11,21,0,0,10,11
0xa94418,95.5357%,10,214,224,0,0,10,214
0x7cdf21,98.7374%,10,782,792,0,0,10,782
0x5bbd17,99.7622%,10,4196,4206,4196,4,6,0
0x8fcfb1,85.9155%,10,61,71,0,0,10,61
0x490cbe,41.1765%,10,7,17,0,0,10,7
0xa9a1f9,33.3333%,10,5,15,0,0,10,5
0x7e07db,44.4444%,10,8,18,0,0,10,8
0x817ec6,97.0501%,10,329,339,0,1,9,329
0x9a3a65,23.0769%,10,3,13,3,8,2,0
0xa39e78,82.7586%,10,48,58,0,0,10,48
0x499e02,68.75%,10,22,32,12,4,6,10
0x9d2688,73.6842%,10,28,38,3,7,3,25
0x81606f,69.697%,10,23,33,18,1,9,5
0x7cfce5,99.4731%,10,1888,1898,1888,10,0,0
0x48cf0e,16.6667%,10,2,12,0,0,10,2
0x58ffa9,99.0138%,10,1004,1014,498,9,1,506
0xa2ee75,94.5652%,10,174,184,0,0,10,174
0x978697,0%,10,0,10,0,10,0,0
0xa4107f,77.7778%,10,35,45,1,1,9,34
0x492d5f,86.1111%,10,62,72,0,7,3,62
0xa51c0b,75%,10,30,40,30,9,1,0
0x4051ac,99.8602%,10,7142,7152,0,0,10,7142
0x815a60,92.8058%,10,129,139,0,0,10,129
0x7235ea,99.3084%,10,1436,1446,0,0,10,1436
0x9523bc,87.013%,10,67,77,0,2,8,67
0xa44178,84.375%,10,54,64,54,10,0,0
0x5feec0,65.5172%,10,19,29,14,10,0,5
0x59be34,98.5119%,10,662,672,662,10,0,0
0xa26c33,0%,10,0,10,0,0,10,0
0x4817ed,73.6842%,10,28,38,24,5,5,4
0x4bae76,96.7846%,10,301,311,301,10,0,0
0x810429,96.732%,10,296,306,296,7,3,0
0x8fc04b,99.3234%,10,1468,1478,0,0,10,1468
0x8151a6,84.127%,10,53,63,0,4,6,53
0xa9104c,95.0495%,10,192,202,0,0,10,192
0x9a3989,52.381%,10,11,21,11,10,0,0
0x679c49,99.4331%,10,1754,1764,1367,2,8,387
0xa60cf2,95.7806%,10,227,237,0,0,10,227
0xa465f2,91.0714%,10,102,112,0,0,10,102
0x90a17b,99.0253%,10,1016,1026,0,0,10,1016
0x81afc7,98.8208%,10,838,848,837,6,4,1
0xa2621b,97.5248%,10,394,404,0,0,10,394
0x5cf908,99.4571%,10,1832,1842,0,0,10,1832
0x8f76bb,77.7778%,10,35,45,35,10,0,0
0xa32dbe,95.935%,10,236,246,0,9,1,236
0x8ab01f,70.5882%,10,24,34,0,0,10,24
0x51b3f3,98.713%,10,767,777,0,0,10,767
0x98c980,90.8257%,10,99,109,0,0,10,99
0x4c561f,81.8182%,10,45,55,31,0,10,14
0xa3a108,98.8688%,10,874,884,0,3,7,874
0x8e3f3d,72.973%,10,27,37,0,0,10,27
0x58cb8b,90.2913%,10,93,103,0,0,10,93
0xa29cd2,37.5%,10,6,16,6,10,0,0
0xa918b7,41.1765%,10,7,17,0,0,10,7
0x4be7f3,62.963%,10,17,27,0,0,10,17
0x670678,50%,10,10,20,8,9,1,2
0xab370c,44.4444%,10,8,18,8,10,0,0
0x780dac,98.7516%,10,791,801,791,2,8,0
0x50ff7f,98.9648%,10,956,966,0,0,10,956
0xa58590,91.5966%,10,109,119,0,0,10,109
0xa025ce,99.3298%,10,1482,1492,0,0,10,1482
0x7e11a2,62.963%,10,17,27,0,10,0,17
0x9ebc5c,84.127%,10,53,63,53,10,0,0
0x49b1a3,37.5%,10,6,16,6,8,2,0
0xa304a8,98.3949%,10,613,623,0,0,10,613
0x7ac790,16.6667%,10,2,12,0,0,10,2
0x5cf8af,99.4553%,10,1826,1836,0,0,10,1826
0xa33506,99.7802%,10,4540,4550,4540,10,0,0
0x722c77,0%,10,0,10,0,0,10,0
0x8f0dcb,75%,10,30,40,29,3,7,1
0xa978fb,0%,10,0,10,0,10,0,0
0x40ac55,64.2857%,10,18,28,18,10,0,0
0x40a651,61.5385%,10,16,26,0,0,10,16
0x59c4f3,56.5217%,10,13,23,12,0,10,1
0xa5884c,93.1507%,10,136,146,0,0,10,136
0x63b4b1,98.7654%,10,800,810,0,0,10,800
0x550edf,79.5918%,10,39,49,0,0,10,39
0x9ee364,90.9091%,10,100,110,0,0,10,100
0x9a756b,54.5455%,10,12,22,9,5,5,3
0x810127,98.6772%,10,746,756,0,0,10,746
0x5f5231,56.5217%,10,13,23,3,8,2,10
0x81e425,95.3488%,10,205,215,0,0,10,205
0x9a5fdf,28.5714%,10,4,14,0,4,6,4
0x9782cf,47.3684%,10,9,19,9,10,0,0
0xaa571f,89.2473%,10,83,93,0,0,10,83
0x5de5b5,99.1942%,10,1231,1241,1231,10,0,0
0x80e97b,98.8067%,10,828,838,828,10,0,0
0x9f62c6,50%,10,10,20,4,8,2,6
0x99e505,23.0769%,10,3,13,3,10,0,0
0x95010b,99.539%,10,2159,2169,2159,10,0,0
0x8f30b9,99.8564%,10,6955,6965,0,0,10,6955
0xa58d39,89.5833%,10,86,96,0,0,10,86
0x99e876,90.4762%,10,95,105,95,10,0,0
0x49cac3,97.921%,10,471,481,0,6,4,471
0x677b76,87.1795%,10,68,78,0,0,10,68
0x63e14c,99.4615%,10,1847,1857,1847,10,0,0
0xa35fe4,96.732%,10,296,306,0,0,10,296
0xa5edcb,97.5309%,10,395,405,0,0,10,395
0x495bd0,47.3684%,10,9,19,9,10,0,0
0xa58534,94.4751%,10,171,181,0,0,10,171
0xa4ed8f,93.8272%,10,152,162,0,0,10,152
0xa27554,95.3704%,10,206,216,206,10,0,0
0x51218c,74.359%,10,29,39,29,10,0,0
0x402b37,98.9224%,10,918,928,918,10,0,0
0x5baa07,97.6798%,10,421,431,392,5,5,29
0x81e765,92.8058%,10,129,139,129,10,0,0
0x5962f3,47.3684%,10,9,19,0,0,10,9
0x944dd3,66.6667%,10,20,30,20,10,0,0
0x975111,58.3333%,10,14,24,0,5,5,14
0x63baca,99.2343%,10,1296,1306,1296,10,0,0
0x63d50b,98.7147%,10,768,778,768,10,0,0
0x8bae19,44.4444%,10,8,18,0,0,10,8
0x5fb71b,81.8182%,10,45,55,0,0,10,45
0x4a7649,86.8421%,10,66,76,66,10,0,0
0x8a8bc5,58.3333%,10,14,24,0,0,10,14
0x403a54,72.973%,10,27,37,15,0,10,12
0x80dafc,95.4545%,10,210,220,0,0,10,210
0xa02764,62.963%,10,17,27,17,10,0,0
0xa95cec,82.4561%,10,47,57,0,0,10,47
0x4a6ce0,89.899%,10,89,99,89,10,0,0
0x8e2571,99.8104%,10,5265,5275,0,0,10,5265
0x5cbb58,92.3664%,10,121,131,121,10,0,0
0x65db26,97.2067%,10,348,358,0,0,10,348
0x4a1216,98.7608%,10,797,807,797,10,0,0
0x4b6c04,75%,10,30,40,29,2,8,1
0x4a6df2,64.2857%,10,18,28,18,6,4,0
0x983f8b,92.7536%,10,128,138,67,7,3,61
0x9d0b06,90.1961%,10,92,102,41,10,0,51
0x49ffea,76.1905%,10,32,42,32,10,0,0
0x9cfdf1,23.0769%,10,3,13,0,0,10,3
0x8337c9,23.0769%,10,3,13,2,9,1,1
0x81befb,68.75%,10,22,32,0,0,10,22
0x4417f7,9.09091%,10,1,11,0,0,10,1
0x984171,86.4865%,10,64,74,0,0,10,64
0x80f502,99.6449%,10,2806,2816,2806,10,0,0
0x984104,86.4865%,10,64,74,3,7,3,61
0xa452b5,97.4874%,10,388,398,388,10,0,0
0x8f1ba9,92.5373%,10,124,134,0,0,10,124
0x5faeaa,69.697%,10,23,33,0,0,10,23
0xa93e56,16.6667%,10,2,12,2,10,0,0
0x8adcc3,54.5455%,10,12,22,1,0,10,11
0xa9c78d,92.9577%,10,132,142,0,0,10,132
0x8bca87,93.6709%,10,148,158,0,0,10,148
0x4be9de,71.4286%,10,25,35,25,10,0,0
0x5f5606,83.3333%,10,50,60,0,0,10,50
0xaa2955,92.7536%,10,128,138,128,9,1,0
0x7b0a6d,68.75%,10,22,32,0,4,6,22
0x557026,92.9577%,10,132,142,132,10,0,0
0x9e5dc2,71.4286%,10,25,35,10,8,2,15
0x4c9843,33.3333%,10,5,15,5,0,10,0
0x65170d,74.359%,10,29,39,29,10,0,0
0xa51a81,56.5217%,10,13,23,11,5,5,2
0x51282f,50%,10,10,20,10,10,0,0
0xa18b38,76.7442%,10,33,43,16,7,3,17
0xa925c0,0%,10,0,10,0,10,0,0
0x9e543c,74.359%,10,29,39,29,10,0,0
0xa4d309,72.2222%,10,26,36,26,10,0,0
0x50aac7,0%,10,0,10,0,0,10,0
0x66710f,98.997%,10,987,997,839,9,1,148
0xa455c7,16.6667%,10,2,12,2,10,0,0
0xa9f3cf,37.5%,10,6,16,6,10,0,0
0x822675,97.9339%,10,474,484,3,1,9,471
0x81bdf7,99.2674%,10,1355,1365,1355,10,0,0
0x8aaaa9,47.3684%,10,9,19,0,0,10,9
0x816414,81.4815%,10,44,54,43,9,1,1
0x8217fb,98.2877%,10,574,584,0,0,10,574
0x63e8a0,99.2343%,10,1296,1306,1296,10,0,0
0x66f621,85.0746%,10,57,67,2,6,4,55
0x8e87e8,99.0792%,10,1076,1086,1076,10,0,0
0x8f61f9,28.5714%,10,4,14,0,0,10,4
0x5f202e,69.697%,10,23,33,23,10,0,0
0x63aaaa,98.782%,10,811,821,811,10,0,0
0x4be49d,33.3333%,10,5,15,4,4,6,1
0x508f9e,73.6842%,10,28,38,0,0,10,28
0xa29d4f,37.5%,10,6,16,6,10,0,0
0x72359e,99.3084%,10,1436,1446,0,0,10,1436
0xa28fe2,37.5%,10,6,16,6,10,0,0
0x4ac8aa,33.3333%,10,5,15,0,0,10,5
0xa449ea,98.4%,10,615,625,0,0,10,615
0xa05898,61.5385%,10,16,26,16,5,5,0
0x486d2a,89.2473%,10,83,93,83,10,0,0
0x99e07c,64.2857%,10,18,28,4,9,1,14
0x9d1bf7,41.1765%,10,7,17,0,0,10,7
0x4a7b6e,96.9789%,10,321,331,0,0,10,321
0x4a5e0d,84.6154%,10,55,65,35,5,5,20
0xb2462e,99.916%,10,11889,11899,0,0,10,11889
0x409b14,65.5172%,10,19,29,19,10,0,0
0x4c0539,77.2727%,10,34,44,4,9,1,30
0xa661d3,62.963%,10,17,27,17,10,0,0
0xa07ac1,75%,10,30,40,29,10,0,1
0x9f665b,98.1273%,10,524,534,0,0,10,524
0x4c06a7,88.3721%,10,76,86,0,0,10,76
0x8bb40a,84.127%,10,53,63,39,9,1,14
0x9f4d01,95.5947%,10,217,227,217,10,0,0
0x9e892a,93.1507%,10,136,146,0,1,9,136
0x4bbc8b,91.7355%,10,111,121,111,10,0,0
0xa9d3ef,50%,10,10,20,0,0,10,10
0x4821ad,47.3684%,10,9,19,9,10,0,0
0x4b9a92,23.0769%,10,3,13,0,9,1,3
0x818c4e,98.7908%,10,817,827,0,0,10,817
0x81b0bf,98.0806%,10,511,521,0,0,10,511
0x810108,98.6772%,10,746,756,0,0,10,746
0x9e2954,33.3333%,10,5,15,0,10,0,5
0x5baba4,98.6825%,10,749,759,0,0,10,749
0x402dd8,83.0508%,10,49,59,0,0,10,49
0x9a7284,33.3333%,10,5,15,5,6,4,0
0x8b993a,9.09091%,10,1,11,1,10,0,0
0x670429,92.4812%,10,123,133,0,0,10,123
0xa3b1ca,92.8571%,10,130,140,0,0,10,130
0x8d3f19,23.0769%,10,3,13,0,0,10,3
0xaa89eb,99.4536%,10,1820,1830,1820,10,0,0
0x4850bc,77.7778%,10,35,45,35,10,0,0
0x9f12f3,0%,10,0,10,0,0,10,0
0x5af391,83.871%,10,52,62,0,0,10,52
0xa90206,84.127%,10,53,63,16,9,1,37
0x48702a,92.7536%,10,128,138,128,10,0,0
0x78086d,44.4444%,10,8,18,0,0,10,8
0x8217b2,98.2877%,10,574,584,574,10,0,0
0x4aae24,75%,10,30,40,0,0,10,30
0x8dcc03,98.7147%,10,768,778,768,10,0,0
0xa32f47,87.1795%,10,68,78,0,0,10,68
0x81d108,94.5055%,10,172,182,172,10,0,0
0x8ef3e6,79.1667%,10,38,48,38,10,0,0
0x499c29,81.1321%,10,43,53,43,10,0,0
0x677b66,97.1989%,10,347,357,347,10,0,0
0x4900ea,0%,10,0,10,0,0,10,0
0x550e9b,58.3333%,10,14,24,0,0,10,14
0x538a32,98.6169%,10,713,723,0,0,10,713
0x441b14,9.09091%,10,1,11,1,10,0,0
0x6f55a9,94.2197%,10,163,173,163,10,0,0
0x48145d,47.3684%,10,9,19,9,10,0,0
0x540813,90.566%,10,96,106,96,8,2,0
0x555d81,82.1429%,10,46,56,0,0,10,46
0x5e4361,99.3373%,10,1499,1509,0,0,10,1499
0x7d2d99,97.1671%,10,343,353,328,5,5,15
0x919e01,97.0414%,10,328,338,328,10,0,0
0x8e8dc1,96.2547%,10,257,267,0,0,10,257
0x80a847,98.818%,10,836,846,833,8,2,3
0x976d56,70.5882%,10,24,34,2,3,7,22
0xa4fe37,95.7082%,10,223,233,223,10,0,0
0xa3b27c,94.2529%,10,164,174,164,10,0,0
0x81e3b4,95.3488%,10,205,215,205,10,0,0
0x9aa267,72.973%,10,27,37,27,10,0,0
0xacfbca,87.1795%,10,68,78,18,10,0,50
0x5556ae,81.8182%,10,45,55,45,10,0,0
0x8d30ce,95.9514%,10,237,247,11,0,10,226
0x814ac1,81.8182%,10,45,55,0,0,10,45
0xa31ef0,72.2222%,10,26,36,0,0,10,26
0x8ecaa8,9.09091%,10,1,11,0,0,10,1
0x8042e8,52.381%,10,11,21,3,2,8,8
0x4ab88e,67.7419%,10,21,31,15,10,0,6
0x806457,66.6667%,10,20,30,20,10,0,0
0x81e941,86.8421%,10,66,76,0,0,10,66
0x48f0fe,92.2481%,10,119,129,0,0,10,119
0x99aa30,90.1961%,10,92,102,0,0,10,92
0x4c74aa,44.4444%,10,8,18,0,0,10,8
0x8a8fe6,98.8662%,10,872,882,872,8,2,0
0x8dd848,98.358%,10,599,609,163,7,3,436
0xa2f256,73.6842%,10,28,38,0,0,10,28
0x9f171e,89.4737%,10,85,95,2,3,7,83
0x4bf7f9,88.3721%,10,76,86,76,10,0,0
0xa3bca1,44.4444%,10,8,18,1,1,9,7
0xa48160,96.6887%,10,292,302,59,5,5,233
0xa4466a,80.7692%,10,42,52,42,10,0,0
0x81067a,93.9024%,10,154,164,124,6,4,30
0x5cb0a2,98.8713%,10,876,886,0,0,10,876
0x9e88cc,66.6667%,10,20,30,20,10,0,0
0x81ff76,79.1667%,10,38,48,0,0,10,38
0x974fdc,66.6667%,10,20,30,15,9,1,5
0x5d9056,93.1973%,10,137,147,137,10,0,0
0x81e45f,98.7624%,10,798,808,798,10,0,0
0x5e4393,91.7355%,10,111,121,111,10,0,0
0x96938e,88.3721%,10,76,86,76,10,0,0
0xa8fa1c,88.2353%,10,75,85,75,10,0,0
0x952403,96.2121%,10,254,264,0,0,10,254
0x96926e,94.9749%,10,189,199,0,0,10,189
0x8a7388,98.927%,10,922,932,0,0,10,922
0x5f82de,98.1308%,10,525,535,0,0,10,525
0x667080,99.2169%,10,1267,1277,40,4,6,1227
0x8a50c6,33.3333%,10,5,15,5,4,6,0
0x6f07e0,37.5%,10,6,16,6,10,0,0
0x803776,97.4619%,10,384,394,384,10,0,0
0x8f392e,98.7547%,10,793,803,793,10,0,0
0x8f1f76,94.7917%,10,182,192,182,10,0,0
0x8e5a42,95.1923%,10,198,208,198,10,0,0
0x8f6377,28.5714%,10,4,14,0,2,8,4
0x65ac9c,28.5714%,10,4,14,0,0,10,4
0xa39aac,47.3684%,10,9,19,0,1,9,9
0x813b72,77.2727%,10,34,44,20,2,8,14
0x9a3aec,23.0769%,10,3,13,3,10,0,0
0x9d0e17,54.5455%,10,12,22,12,10,0,0
0x9e7434,97.7629%,10,437,447,0,0,10,437
0x5d1d2c,93.1034%,10,135,145,135,10,0,0
0x950152,99.5279%,10,2108,2118,2108,10,0,0
0x88871e,54.5455%,10,12,22,12,10,0,0
0x8fcdd1,77.2727%,10,34,44,0,0,10,34
0x98b49f,94.382%,10,168,178,0,0,10,168
0x9a7dda,76.7442%,10,33,43,0,0,10,33
0xa396f6,28.5714%,10,4,14,0,0,10,4
0x83392d,95.4338%,10,209,219,0,0,10,209
0x49864f,62.963%,10,17,27,17,10,0,0
0x5037ec,92.6471%,10,126,136,0,0,10,126
0x4bed7f,61.5385%,10,16,26,2,0,10,14
0x5cf6f8,99.4571%,10,1832,1842,6,0,10,1826
0x821c89,86.1111%,10,62,72,0,0,10,62
0x991c64,0%,10,0,10,0,10,0,0
0x405b8c,97.6581%,10,417,427,0,0,10,417
0x4aaa82,80.7692%,10,42,52,0,0,10,42
0x405ba2,97.0326%,10,327,337,0,0,10,327
0x951952,93.6306%,10,147,157,0,5,5,147
0x8f0b4e,37.5%,10,6,16,0,0,10,6
0x915697,95%,10,190,200,190,10,0,0
0x8128ba,69.697%,10,23,33,12,8,2,11
0x9fbf97,96.732%,10,296,306,0,0,10,296
0xa159dd,98.8249%,10,841,851,0,0,10,841
0x9c3c3f,72.2222%,10,26,36,26,10,0,0
0x9a755c,44.4444%,10,8,18,2,2,8,6
0x507e21,54.5455%,10,12,22,0,0,10,12
0x8f3e65,96.6102%,10,285,295,285,10,0,0
0x80f0a8,98.731%,10,778,788,0,0,10,778
0xa9d18e,93.9394%,10,155,165,0,0,10,155
0x8eb6cf,99.649%,10,2839,2849,0,0,10,2839
0x8886db,54.5455%,10,12,22,0,0,10,12
0xaa88ce,91.9355%,10,114,124,0,0,10,114
0x48bb9d,0%,10,0,10,0,0,10,0
0x4c49c3,83.3333%,10,50,60,28,8,2,22
0x9e2521,93.3333%,10,140,150,11,4,6,129
0x95970e,92.1875%,10,118,128,118,10,0,0
0x9a913a,28.5714%,10,4,14,4,10,0,0
0x8e46b6,37.5%,10,6,16,0,0,10,6
0x9d04cd,96.6443%,10,288,298,0,0,10,288
0xaa14ca,61.5385%,10,16,26,16,10,0,0
0x4036a9,47.3684%,10,9,19,9,10,0,0
0x90b866,98.9594%,10,951,961,951,10,0,0
0x50201c,68.75%,10,22,32,0,0,10,22
0x8edac7,92.0635%,10,116,126,0,0,10,116
0x40e32d,95.935%,10,236,246,236,10,0,0
0x405bc5,68.75%,10,22,32,0,0,10,22
0xa4fece,96.0474%,10,243,253,243,6,4,0
0xa5d1ed,58.3333%,10,14,24,0,0,10,14
0x68375b,78.7234%,10,37,47,0,0,10,37
0xa25e4e,87.1795%,10,68,78,0,0,10,68
0x608c31,98.1949%,10,544,554,544,10,0,0
0x51b7ca,99.7593%,10,4144,4154,0,0,10,4144
0x8e483b,99.4413%,10,1780,1790,0,0,10,1780
0x404992,92.2481%,10,119,129,115,10,0,4
0xaab0f9,87.8049%,10,72,82,60,10,0,12
0x6487c9,82.1429%,10,46,56,46,10,0,0
0x4b9487,23.0769%,10,3,13,3,10,0,0
0x5bccfe,98.9627%,10,954,964,954,10,0,0
0x9e79db,94.0828%,10,159,169,22,6,4,137
0x5d1b32,90.9091%,10,100,110,100,10,0,0
0x9d1e44,50%,10,10,20,0,0,10,10
0x8be8c7,75.6098%,10,31,41,18,0,10,13
0x550dab,58.3333%,10,14,24,0,0,10,14
0x7236b0,99.3084%,10,1436,1446,0,0,10,1436
0x815805,97.6959%,10,424,434,7,7,3,417
0x8ef23c,79.1667%,10,38,48,34,6,4,4
0xa9b8a8,50%,10,10,20,10,10,0,0
0x90a405,77.2727%,10,34,44,0,0,10,34
0x9c40f7,96.1538%,10,250,260,0,0,10,250
0x550fc2,52.381%,10,11,21,5,9,1,6
0x8fd47b,84.8485%,10,56,66,26,8,2,30
0x7c7ac9,58.3333%,10,14,24,0,0,10,14
0xa4792f,28.5714%,10,4,14,3,10,0,1
0x8fce86,94.4444%,10,170,180,11,2,8,159
0x8f4315,99.3113%,10,1442,1452,1442,10,0,0
0x402256,99.4152%,10,1700,1710,0,0,10,1700
0x9ef0c6,98.993%,10,983,993,0,0,10,983
0x8c7c59,91.8033%,10,112,122,112,10,0,0
0x99e0ca,33.3333%,10,5,15,5,10,0,0
0x8f19fb,79.1667%,10,38,48,38,2,8,0
0x80e523,87.9518%,10,73,83,0,10,0,73
0x900bda,97.006%,10,324,334,0,0,10,324
0x8a612c,96.2963%,10,260,270,0,0,10,260
0xa99f55,0%,10,0,10,0,0,10,0
0x9d0b15,80.3922%,10,41,51,0,0,10,41
0x8127ad,80.7692%,10,42,52,39,7,3,3
0x610ae4,97.7974%,10,444,454,0,0,10,444
0x5faf5b,16.6667%,10,2,12,2,10,0,0
0x8efc1a,91.1504%,10,103,113,103,5,5,0
0x8fe8d5,93.5897%,10,146,156,146,9,1,0
0x4857ce,62.963%,10,17,27,0,0,10,17
0x546295,97.1429%,10,340,350,0,0,10,340
0x9fde2f,68.75%,10,22,32,19,6,4,3
0x9799b2,77.2727%,10,34,44,5,3,7,29
0x50c966,98.1025%,10,517,527,0,0,10,517
0x8ddb34,91.0714%,10,102,112,0,0,10,102
0x6673de,75%,10,30,40,0,0,10,30
0x9eb42d,71.4286%,10,25,35,0,0,10,25
0x40deff,90.7407%,10,98,108,98,7,3,0
0x609579,97.1671%,10,343,353,97,4,6,246
0x80bfb4,87.5%,10,70,80,40,8,2,30
0x4ba32d,96.9325%,10,316,326,0,0,10,316
0x4a2653,97.8814%,10,462,472,462,10,0,0
0x4ba31b,96.9512%,10,318,328,0,2,8,318
0x503788,98.366%,10,602,612,0,0,10,602
0x9fcbf7,60%,10,15,25,15,10,0,0
0x610ca2,66.6667%,10,20,30,20,10,0,0
0x4bad8e,96.7105%,10,294,304,0,0,10,294
0x9e2fed,96.1977%,10,253,263,0,0,10,253
0x7aeacc,52.381%,10,11,21,0,0,10,11
0xa45166,97.4874%,10,388,398,1,3,7,387
0x7cf36e,98.3871%,10,610,620,610,10,0,0
0xa4fe9e,98.0237%,10,496,506,496,6,4,0
0x542e14,99.5569%,10,2247,2257,2247,10,0,0
0x4ac600,66.6667%,10,20,30,15,0,10,5
0x49c096,89.899%,10,89,99,88,7,3,1
0x58f90f,91.2281%,10,104,114,0,0,10,104
0x8ff6b3,85.9155%,10,61,71,61,10,0,0
0x53c592,47.3684%,10,9,19,8,0,10,1
0x5511ea,41.1765%,10,7,17,0,0,10,7
0x9bd6b7,58.3333%,10,14,24,2,10,0,12
0x804e4a,89.5833%,10,86,96,86,8,2,0
0xa458c3,98.5486%,10,679,689,679,10,0,0
0x64a92a,90.566%,10,96,106,96,8,2,0
0x7f0281,44.4444%,10,8,18,8,10,0,0
0x5c4c88,99.3703%,10,1578,1588,0,0,10,1578
0xa96b11,37.5%,10,6,16,3,4,6,3
0x8fd516,87.8049%,10,72,82,72,10,0,0
0x9fe5ed,77.2727%,10,34,44,0,0,10,34
0x9fe6be,75%,10,30,40,0,0,10,30
0xa58e6a,93.1507%,10,136,146,0,0,10,136
0x9e293f,60%,10,15,25,0,10,0,15
0x9fb316,71.4286%,10,25,35,25,7,3,0
0xb22b85,99.4647%,10,1858,1868,1858,10,0,0
0xb1c956,96.2121%,10,254,264,0,0,10,254
0x9bd31b,84.127%,10,53,63,0,0,10,53
0x9017cb,81.4815%,10,44,54,19,8,2,25
0x9bd289,85.0746%,10,57,67,57,10,0,0
0x5fbf28,86.6667%,10,65,75,65,8,2,0
0x9017ac,62.963%,10,17,27,0,0,10,17
0xab369d,44.4444%,10,8,18,0,0,10,8
0x5f6ca7,33.3333%,10,5,15,0,0,10,5
0x8dc221,98.8519%,10,861,871,0,0,10,861
0x50b65f,77.2727%,10,34,44,1,3,7,33
0x8fe140,86.1111%,10,62,72,62,10,0,0
0x49c14d,89.4737%,10,85,95,85,10,0,0
0x4b61dc,52.381%,10,11,21,11,10,0,0
0x9ff6cd,58.3333%,10,14,24,1,1,9,13
0xa4a74f,65.5172%,10,19,29,1,5,5,18
0xa3022a,94.8718%,10,185,195,0,0,10,185
0xa9c671,78.2609%,10,36,46,0,10,0,36
0x50ef3f,47.3684%,10,9,19,4,7,3,5
0x51b8d0,96.1538%,10,250,260,2,0,10,248
0x606fa6,0%,10,0,10,0,10,0,0
0xb7db24,99.005%,10,995,1005,995,10,0,0
0x50e2db,86.6667%,10,65,75,0,0,10,65
0x805bdc,99.6409%,10,2775,2785,0,0,10,2775
0x49ff5a,98.3361%,10,591,601,591,10,0,0
0x8a5e9b,92.8058%,10,129,139,0,0,10,129
0x491b68,87.3418%,10,69,79,2,0,10,67
0x9ec3b7,75%,10,30,40,30,10,0,0
0x5a91c8,69.697%,10,23,33,23,10,0,0
0x4a5a32,37.5%,10,6,16,6,10,0,0
0x9f3233,93.7107%,10,149,159,1,3,7,148
0x9a254c,75%,10,30,40,30,10,0,0
0xa5705e,94.0476%,10,158,168,0,1,9,158
0x9ed450,93.3333%,10,140,150,140,10,0,0
0x503123,94.7368%,10,180,190,0,0,10,180
0x9f5a9b,87.5%,10,70,80,0,0,10,70
0x8f0ab3,76.1905%,10,32,42,32,10,0,0
0x67f13d,99.7658%,10,4259,4269,2014,7,3,2245
0xa34492,92%,10,115,125,115,10,0,0
0x9e220a,89.7959%,10,88,98,88,10,0,0
0x49af4e,93.2886%,10,139,149,139,5,5,0
0x909b38,99.8204%,10,5558,5568,0,0,10,5558
0x9d1cd2,54.5455%,10,12,22,12,10,0,0
0x81e9ca,86.8421%,10,66,76,0,0,10,66
0x5448bf,97.0414%,10,328,338,328,10,0,0
0x60b2f1,83.871%,10,52,62,0,0,10,52
0x49b29b,37.5%,10,6,16,0,2,8,6
0x48c4cc,89.5833%,10,86,96,86,10,0,0
0x4b5adb,81.4815%,10,44,54,20,7,3,24
0x80de70,91.2281%,10,104,114,0,0,10,104
0x9fdbbe,60%,10,15,25,1,6,4,14
0x54650d,97.1429%,10,340,350,0,0,10,340
0x5fa759,95.3488%,10,205,215,0,0,10,205
0x8fe93a,64.2857%,10,18,28,0,0,10,18
0x8eedef,92.8571%,10,130,140,124,7,3,6
0x819326,98.7113%,10,766,776,0,0,10,766
0xaa23e0,70.5882%,10,24,34,22,8,2,2
0xa318e1,92.5373%,10,124,134,0,0,10,124
0xa473c2,72.2222%,10,26,36,26,10,0,0
0xa3188f,95.3704%,10,206,216,0,0,10,206
0x647c38,76.7442%,10,33,43,0,0,10,33
0x9a168a,50%,10,10,20,10,10,0,0
0xa9c572,94.9749%,10,189,199,0,0,10,189
0xa93782,65.5172%,10,19,29,19,10,0,0
0x5ec30c,67.7419%,10,21,31,0,0,10,21
0x51b2e9,47.3684%,10,9,19,9,4,6,0
0x5d1be5,90.9091%,10,100,110,0,0,10,100
0x99e179,23.0769%,10,3,13,3,10,0,0
0xa02232,99.3137%,10,1447,1457,0,0,10,1447
0xa01bb9,37.5%,10,6,16,6,10,0,0
0xa35334,99.4742%,10,1892,1902,0,0,10,1892
0x48dda0,94.9495%,10,188,198,188,10,0,0
0x485f0e,41.1765%,10,7,17,0,0,10,7
0x9d098e,80.3922%,10,41,51,0,0,10,41
0x99dc68,33.3333%,10,5,15,0,0,10,5
0x95adae,56.5217%,10,13,23,6,2,8,7
0x640337,99.5807%,10,2375,2385,1851,6,4,524
0xa52d55,97.2145%,10,349,359,349,10,0,0
0x973ed3,58.3333%,10,14,24,2,10,0,12
0x47f2ac,98.7063%,10,763,773,0,0,10,763
0x9ec0d2,62.963%,10,17,27,16,8,2,1
0xb313a7,98.4568%,10,638,648,0,0,10,638
0x8a63b3,92.6471%,10,126,136,0,0,10,126
0x81b3c9,98.5876%,10,698,708,0,0,10,698
0xa37381,68.75%,10,22,32,0,0,10,22
0x97ba82,91.2281%,10,104,114,97,5,5,7
0x80d76d,84.375%,10,54,64,54,6,4,0
0x811e0f,99.6801%,10,3116,3126,0,10,0,3116
0x8dce25,98.1584%,10,533,543,0,0,10,533
0x9a6fa6,61.5385%,10,16,26,1,9,1,15
0xa500d2,87.6543%,10,71,81,71,10,0,0
0x9e3db4,9.09091%,10,1,11,1,10,0,0
0x4059c9,91.8033%,10,112,122,84,4,6,28
0x58f507,80.7692%,10,42,52,42,10,0,0
0xa17fd3,98.3333%,10,590,600,0,0,10,590
0x8a9790,99.8745%,10,7956,7966,0,0,10,7956
0x9f948b,90.2913%,10,93,103,0,0,10,93
0x837d88,89.2473%,10,83,93,83,10,0,0
0x8ff2d5,83.3333%,10,50,60,13,5,5,37
0x99e12d,33.3333%,10,5,15,5,10,0,0
0x49971f,86.4865%,10,64,74,0,0,10,64
0x8ff57c,56.5217%,10,13,23,13,9,1,0
0x495fb6,81.8182%,10,45,55,0,0,10,45
0x4c806b,54.5455%,10,12,22,0,0,10,12
0x495ed6,75.6098%,10,31,41,8,4,6,23
0x4fdbbb,83.3333%,10,50,60,0,0,10,50
0x678bec,44.4444%,10,8,18,0,0,10,8
0x95b577,9.09091%,10,1,11,1,10,0,0
0x82204a,68.75%,10,22,32,0,0,10,22
0x492d52,86.1111%,10,62,72,0,0,10,62
0x9e8620,75.6098%,10,31,41,31,10,0,0
0xa5bb2e,74.359%,10,29,39,0,7,3,29
0x5eb90a,98.829%,10,844,854,0,0,10,844
0xa35d80,97.7679%,10,438,448,0,0,10,438
0xaaa091,62.963%,10,17,27,0,0,10,17
0x5456cc,99.0494%,10,1042,1052,0,0,10,1042
0x811f46,97.996%,10,489,499,0,4,6,489
0xa6c6e5,76.7442%,10,33,43,12,4,6,21
0xa7222e,62.963%,10,17,27,13,7,3,4
0xa8abf2,87.9518%,10,73,83,0,0,10,73
0x819571,58.3333%,10,14,24,0,0,10,14
0x50aa85,85.5072%,10,59,69,1,3,7,58
0xa3ff17,16.6667%,10,2,12,2,10,0,0
0x8a6f4c,97.6019%,10,407,417,407,10,0,0
0xa33a72,93.4211%,10,142,152,20,8,2,122
0x80b7ce,72.2222%,10,26,36,0,2,8,26
0x4bf4a5,85.2941%,10,58,68,0,0,10,58
0x546334,97.7427%,10,433,443,0,0,10,433
0x5ebcd1,95.5752%,10,216,226,0,0,10,216
0x58e023,85.7143%,10,60,70,0,0,10,60
0xa96209,58.3333%,10,14,24,0,0,10,14
0x8f5392,94.5946%,10,175,185,175,10,0,0
0x781a05,93.5897%,10,146,156,146,10,0,0
0x94c8d2,84.375%,10,54,64,14,10,0,40
0x64b0e6,99.6239%,10,2649,2659,0,0,10,2649
0x4b795d,62.963%,10,17,27,0,0,10,17
0x808333,62.963%,10,17,27,17,6,4,0
0x991bba,95.0739%,10,193,203,193,10,0,0
0xa58e5f,93.1507%,10,136,146,0,0,10,136
0x8ff573,56.5217%,10,13,23,0,0,10,13
0x9f6473,94.4134%,10,169,179,169,10,0,0
0xa2f4e7,93.3333%,10,140,150,140,10,0,0
0x7cf530,47.3684%,10,9,19,1,10,0,8
0xa50d2d,88.6364%,10,78,88,0,0,10,78
0x627c6b,56.5217%,10,13,23,13,10,0,0
0x5fd74b,94.5652%,10,174,184,83,9,1,91
0x97b9e4,91.2281%,10,104,114,0,0,10,104
0x5d2e79,44.4444%,10,8,18,8,10,0,0
0xa50ae4,28.5714%,10,4,14,4,10,0,0
0x4b5e85,79.5918%,10,39,49,32,6,4,7
0x48d160,75.6098%,10,31,41,0,0,10,31
0x8087b6,95.671%,10,221,231,0,0,10,221
0x813a88,41.1765%,10,7,17,7,10,0,0
0x5068be,92.6471%,10,126,136,126,10,0,0
0xa50e85,97.2376%,10,352,362,0,4,6,352
0x4a7b5c,96.9789%,10,321,331,0,0,10,321
0x4aca6d,33.3333%,10,5,15,5,10,0,0
0x8eb79d,99.649%,10,2839,2849,0,0,10,2839
0x9a8d89,28.5714%,10,4,14,0,0,10,4
0x638f65,97.0414%,10,328,338,328,10,0,0
0x6672b4,67.7419%,10,21,31,21,10,0,0
0x58b914,90.9091%,10,100,110,0,10,0,100
0x5be463,94.1176%,10,160,170,160,10,0,0
0xa5c505,82.1429%,10,46,56,45,8,2,1
0xa5c162,68.75%,10,22,32,14,1,9,8
0x622a20,0%,10,0,10,0,10,0,0
0x9fb89b,96.732%,10,296,306,0,0,10,296
0x60c4d0,99.4269%,10,1735,1745,0,0,10,1735
0x806648,50%,10,10,20,10,3,7,0
0x94aa8f,98.227%,10,554,564,554,10,0,0
0x5ebb88,98.829%,10,844,854,0,0,10,844
0x53ecaf,94.1558%,9,145,154,0,0,9,145
0x4c97af,25%,9,3,12,2,3,6,1
0x80e4d7,98.9387%,9,839,848,839,4,5,0
0x81aed5,98.9324%,9,834,843,834,7,2,0
0xb3463c,96%,9,216,225,216,9,0,0
0x814637,97.9021%,9,420,429,0,0,9,420
0x9f2416,10%,9,1,10,0,0,9,1
0x99e552,30.7692%,9,4,13,4,9,0,0
0xa5138e,98.2558%,9,507,516,0,6,3,507
0xa591f6,92.437%,9,110,119,0,0,9,110
0x81d653,97.8873%,9,417,426,417,9,0,0
0x8fdaf0,50%,9,9,18,0,0,9,9
0xa96aeb,43.75%,9,7,16,7,2,7,0
0x9a11eb,88.8889%,9,72,81,0,0,9,72
0x4c2fc3,30.7692%,9,4,13,4,2,7,0
0xa02ae7,25%,9,3,12,1,2,7,2
0x816896,96.0177%,9,217,226,173,6,3,44
0x9f235a,10%,9,1,10,0,8,1,1
0x9c3a0a,96.3415%,9,237,246,0,0,9,237
0x53c680,99.245%,9,1183,1192,0,0,9,1183
0x63a79a,95.5%,9,191,200,191,9,0,0
0x9d0c74,82.3529%,9,42,51,42,9,0,0
0x901304,95.1613%,9,177,186,129,7,2,48
0x978274,52.6316%,9,10,19,6,7,2,4
0x5f94c4,64%,9,16,25,8,1,8,8
0x809490,98.9387%,9,839,848,512,6,3,327
0x8e4425,99.6085%,9,2290,2299,0,0,9,2290
0x552b4b,65.3846%,9,17,26,17,5,4,0
0x4b6c83,0%,9,0,9,0,0,9,0
0x49a13c,81.25%,9,39,48,39,9,0,0
0xa5b35d,40%,9,6,15,1,3,6,5
0x4bb26f,98.0477%,9,452,461,0,0,9,452
0x538d1f,93.1818%,9,123,132,99,7,2,24
0xa39f13,70%,9,21,30,21,9,0,0
0x55724c,50%,9,9,18,0,6,3,9
0x4047c7,98.5342%,9,605,614,605,9,0,0
0x49ced0,30.7692%,9,4,13,4,4,5,0
0xa08ef2,86.1538%,9,56,65,0,1,8,56
0x96c22e,65.3846%,9,17,26,17,9,0,0
0x94ed85,70%,9,21,30,0,0,9,21
0xa9743c,93.9597%,9,140,149,140,9,0,0
0x94c956,85.9375%,9,55,64,55,9,0,0
0x9f71ba,35.7143%,9,5,14,5,9,0,0
0x539683,95.8716%,9,209,218,101,8,1,108
0x4b8128,18.1818%,9,2,11,2,9,0,0
0x8191da,97.1061%,9,302,311,0,0,9,302
0x4bd68e,78.0488%,9,32,41,32,9,0,0
0x4bd6a7,52.6316%,9,10,19,2,9,0,8
0x976faf,89.1566%,9,74,83,74,7,2,0
0xa5d177,62.5%,9,15,24,0,0,9,15
0x491c2b,88.4615%,9,69,78,69,7,2,0
0x5511d8,57.1429%,9,12,21,10,7,2,2
0x9e1036,66.6667%,9,18,27,0,0,9,18
0x50331b,76.9231%,9,30,39,30,9,0,0
0xa2a8c7,86.3636%,9,57,66,0,0,9,57
0x9f771b,86.3636%,9,57,66,57,9,0,0
0x9f6afc,75%,9,27,36,27,9,0,0
0x40ed84,65.3846%,9,17,26,10,8,1,7
0x8bc81d,73.5294%,9,25,34,23,9,0,2
0xa9c5e4,84.2105%,9,48,57,13,2,7,35
0x805566,89.8876%,9,80,89,0,0,9,80
0x96aec1,80.4348%,9,37,46,2,6,3,35
0x533aee,77.5%,9,31,40,22,9,0,9
0x5b2a8a,80%,9,36,45,0,0,9,36
0x66f672,64%,9,16,25,16,2,7,0
0x90435e,98.1928%,9,489,498,0,0,9,489
0x547af9,99.0891%,9,979,988,979,9,0,0
0x788bde,83.0189%,9,44,53,44,9,0,0
0xa973ee,75.6757%,9,28,37,0,0,9,28
0x9aa0b0,67.8571%,9,19,28,19,9,0,0
0x53c69c,98.7854%,9,732,741,732,9,0,0
0x48d089,67.8571%,9,19,28,17,9,0,2
0x9bc6e3,92.9134%,9,118,127,0,0,9,118
0x9f4b16,50%,9,9,18,0,0,9,9
0x5357e5,64%,9,16,25,3,1,8,13
0x4b530c,87.6712%,9,64,73,0,2,7,64
0x4b533c,96.3563%,9,238,247,238,9,0,0
0x4a1e93,85%,9,51,60,3,9,0,48
0xa471d4,94.6108%,9,158,167,0,0,9,158
0x786986,25%,9,3,12,0,6,3,3
0xa2d293,97.3054%,9,325,334,325,9,0,0
0xa93760,68.9655%,9,20,29,0,0,9,20
0xa15e63,43.75%,9,7,16,2,6,3,5
0x8d3ef3,50%,9,9,18,2,3,6,7
0x9f41c8,72.7273%,9,24,33,24,9,0,0
0xa50a85,35.7143%,9,5,14,0,0,9,5
0x97834b,93.2331%,9,124,133,0,0,9,124
0x49edea,78.5714%,9,33,42,0,0,9,33
0x4c2406,94.6429%,9,159,168,0,0,9,159
0x9e2d15,30.7692%,9,4,13,0,0,9,4
0x4b831b,18.1818%,9,2,11,0,3,6,2
0x80630a,91.0891%,9,92,101,92,3,6,0
0x9a7f61,94.0397%,9,142,151,120,7,2,22
0x8fe97c,89.4118%,9,76,85,0,3,6,76
0x50ba3d,77.5%,9,31,40,31,9,0,0
0x9f830e,18.1818%,9,2,11,0,0,9,2
0x8e21a6,99.5796%,9,2132,2141,2132,5,4,0
0x8f3de3,99.6864%,9,2861,2870,0,0,9,2861
0x8051c0,97.2727%,9,321,330,321,9,0,0
0x9d0c1d,82.3529%,9,42,51,42,9,0,0
0x8ecf81,97.1698%,9,309,318,309,3,6,0
0x488f47,25%,9,3,12,0,8,1,3
0x48ef76,83.6364%,9,46,55,0,0,9,46
0x8f3f49,99.6068%,9,2280,2289,2280,9,0,0
0x5038d1,75%,9,27,36,27,9,0,0
0x58c4aa,25%,9,3,12,0,0,9,3
0x503937,80.4348%,9,37,46,37,9,0,0
0x5f084f,73.5294%,9,25,34,5,5,4,20
0x8e4145,97.5871%,9,364,373,364,9,0,0
0x8040ee,85%,9,51,60,0,0,9,51
0x9d687d,92.1053%,9,105,114,0,0,9,105
0x59119e,83.3333%,9,45,54,45,9,0,0
0x8c813c,99.5553%,9,2015,2024,125,9,0,1890
0x9c3bdd,75%,9,27,36,27,9,0,0
0x402b2f,99.0302%,9,919,928,0,0,9,919
0xa8f93e,94.5122%,9,155,164,9,9,0,146
0x4b7c3b,18.1818%,9,2,11,2,9,0,0
0x5fb219,94.0789%,9,143,152,143,9,0,0
0x4b7185,18.1818%,9,2,11,0,9,0,2
0x48dfde,66.6667%,9,18,27,0,2,7,18
0x4997b7,65.3846%,9,17,26,17,9,0,0
0xa4ef07,59.0909%,9,13,22,13,9,0,0
0x820d67,72.7273%,9,24,33,0,0,9,24
0x4c455d,47.0588%,9,8,17,0,0,9,8
0x9eb720,94.6429%,9,159,168,0,0,9,159
0x4c07ca,89.5349%,9,77,86,77,9,0,0
0x80f0d9,98.8579%,9,779,788,779,7,2,0
0x8a9e31,99.0927%,9,983,992,983,9,0,0
0x4a720f,94.5122%,9,155,164,155,9,0,0
0x972841,55%,9,11,20,11,9,0,0
0x9f6586,94.9721%,9,170,179,170,9,0,0
0x80775b,96.8531%,9,277,286,166,3,6,111
0x9f8f9b,93.662%,9,133,142,0,0,9,133
0x6672e0,70.9677%,9,22,31,0,0,9,22
0x5ffe94,98.9234%,9,827,836,0,0,9,827
0xa31886,95.8333%,9,207,216,0,0,9,207
0xa2fe26,92.3077%,9,108,117,108,9,0,0
0xa58f00,92.437%,9,110,119,0,0,9,110
0xa17fda,98.5%,9,591,600,0,0,9,591
0x9f574a,88.75%,9,71,80,0,0,9,71
0x4417d7,18.1818%,9,2,11,0,0,9,2
0x808a49,76.9231%,9,30,39,3,6,3,27
0x9f993c,64%,9,16,25,0,0,9,16
0x4ba9a6,70.9677%,9,22,31,0,0,9,22
0x4b835e,0%,9,0,9,0,9,0,0
0xa946e0,68.9655%,9,20,29,0,0,9,20
0x5ffdd7,89.8876%,9,80,89,80,7,2,0
0x96adc9,57.1429%,9,12,21,10,9,0,2
0xa3531d,50%,9,9,18,9,9,0,0
0x81f839,80.8511%,9,38,47,0,0,9,38
0xa9c5ed,78.5714%,9,33,42,0,0,9,33
0xa918f4,47.0588%,9,8,17,0,0,9,8
0x4b80d8,18.1818%,9,2,11,0,9,0,2
0xa91e1e,91.0891%,9,92,101,0,0,9,92
0x8173a1,64%,9,16,25,1,8,1,15
0x4044fe,99.3182%,9,1311,1320,0,7,2,1311
0x9fcf44,50%,9,9,18,0,0,9,9
0x4be5ac,18.1818%,9,2,11,2,9,0,0
0x80a817,98.9387%,9,839,848,3,2,7,836
0x5fba8f,87.1429%,9,61,70,20,5,4,41
0x9fdcac,64%,9,16,25,16,2,7,0
0x7b7fb8,93.617%,9,132,141,3,6,3,129
0x8f507f,25%,9,3,12,3,9,0,0
0x783cc3,94.2308%,9,147,156,0,0,9,147
0xaae215,99.7614%,9,3763,3772,0,0,9,3763
0x4bf72e,67.8571%,9,19,28,1,3,6,18
0x64b5fe,84.2105%,9,48,57,48,9,0,0
0x4c628d,55%,9,11,20,3,9,0,8
0x4b6667,68.9655%,9,20,29,19,3,6,1
0x547c79,94.1558%,9,145,154,0,0,9,145
0x944373,88.1579%,9,67,76,0,0,9,67
0x69dd30,25%,9,3,12,0,0,9,3
0x4bc738,95.2128%,9,179,188,0,0,9,179
0x7b3004,75%,9,27,36,5,9,0,22
0x5ff3bb,43.75%,9,7,16,3,7,2,4
0x7b0ad2,59.0909%,9,13,22,13,9,0,0
0x80dbaf,95.9091%,9,211,220,0,0,9,211
0x9f5ce6,52.6316%,9,10,19,7,5,4,3
0x5cfb4b,62.5%,9,15,24,15,9,0,0
0x9f6a43,55%,9,11,20,3,9,0,8
0x806018,95.9459%,9,213,222,0,0,9,213
0x4ba15c,88.1579%,9,67,76,0,3,6,67
0x4c173c,95.4545%,9,189,198,173,5,4,16
0x593872,98.5827%,9,626,635,0,0,9,626
0xa335c4,99.6642%,9,2671,2680,0,0,9,2671
0xaa060f,86.7647%,9,59,68,9,9,0,50
0xa994cc,18.1818%,9,2,11,0,0,9,2
0x4beced,95.5665%,9,194,203,194,9,0,0
0xa4d52b,96.8198%,9,274,283,0,0,9,274
0x8e2f71,99.5448%,9,1968,1977,0,0,9,1968
0x557e4d,98.8327%,9,762,771,762,9,0,0
0x8bc845,71.875%,9,23,32,23,9,0,0
0x63ea14,99.3109%,9,1297,1306,1297,9,0,0
0x5cbee5,47.0588%,9,8,17,8,9,0,0
0x833e34,43.75%,9,7,16,2,6,3,5
0x4b789a,70.9677%,9,22,31,1,2,7,21
0x4b6ec3,70.9677%,9,22,31,0,0,9,22
0x8bdc5a,83.0189%,9,44,53,34,4,5,10
0x499de6,81.25%,9,39,48,11,5,4,28
0x4c13b2,62.5%,9,15,24,15,9,0,0
0x5fe81b,88.3117%,9,68,77,14,7,2,54
0x9f5d10,67.8571%,9,19,28,0,0,9,19
0x7b6210,93.617%,9,132,141,132,9,0,0
0x7b7bf9,66.6667%,9,18,27,2,0,9,16
0x4b64b7,94.1935%,9,146,155,0,0,9,146
0xa90bb2,93.4307%,9,128,137,0,0,9,128
0x50ac9e,57.1429%,9,12,21,0,9,0,12
0xa9a208,40%,9,6,15,6,9,0,0
0xa5680c,25%,9,3,12,2,4,5,1
0x499df4,71.875%,9,23,32,0,0,9,23
0xa58ab3,90.625%,9,87,96,87,9,0,0
0x4bdbba,66.6667%,9,18,27,0,7,2,18
0x9a6486,94.8864%,9,167,176,0,0,9,167
0x58c063,87.1429%,9,61,70,0,0,9,61
0x505357,55%,9,11,20,11,9,0,0
0x8a694c,94.0789%,9,143,152,143,9,0,0
0xa91778,73.5294%,9,25,34,1,1,8,24
0x49ff2d,99.8032%,9,4564,4573,0,0,9,4564
0x8f0d2e,77.5%,9,31,40,31,9,0,0
0xa8ee75,35.7143%,9,5,14,2,4,5,3
0x9d1250,92.5%,9,111,120,97,7,2,14
0x4c80b9,59.0909%,9,13,22,0,5,4,13
0x81eb25,97.3134%,9,326,335,0,0,9,326
0x80f0cc,98.2283%,9,499,508,498,8,1,1
0x8d3d6b,70.9677%,9,22,31,0,0,9,22
0x5b4153,70.9677%,9,22,31,5,9,0,17
0xb22ff3,94.1558%,9,145,154,0,0,9,145
0x58ec3b,70%,9,21,30,0,0,9,21
0x4b4928,96.5385%,9,251,260,251,9,0,0
0xa9bd26,10%,9,1,10,1,9,0,0
0xa981c5,40%,9,6,15,6,6,3,0
0x6775fd,97.5741%,9,362,371,0,2,7,362
0x543f9d,99.3459%,9,1367,1376,1367,9,0,0
0x4bb910,83.9286%,9,47,56,0,0,9,47
0x7b1244,47.0588%,9,8,17,6,6,3,2
0x9023cf,59.0909%,9,13,22,0,0,9,13
0x9a28a5,40%,9,6,15,6,9,0,0
0xa362b4,96.9697%,9,288,297,0,0,9,288
0xa0298b,96.0699%,9,220,229,220,9,0,0
0x821ece,93.75%,9,135,144,0,0,9,135
0x9fb117,92.7419%,9,115,124,0,0,9,115
0xa34ff3,71.875%,9,23,32,23,9,0,0
0x556e0c,91%,9,91,100,89,3,6,2
0x40ec5a,96.8641%,9,278,287,251,9,0,27
0x67092e,55%,9,11,20,0,0,9,11
0x816c80,98.5959%,9,632,641,0,0,9,632
0x7817ce,85.7143%,9,54,63,0,0,9,54
0xa34afb,89.0244%,9,73,82,1,6,3,72
0x8f20c2,47.0588%,9,8,17,8,9,0,0
0x48c59a,10%,9,1,10,0,0,9,1
0x8dd53c,70%,9,21,30,21,9,0,0
0x4a5a4b,43.75%,9,7,16,7,9,0,0
0x5fe614,43.75%,9,7,16,7,9,0,0
0xa94977,62.5%,9,15,24,0,0,9,15
0x833b1c,89.5349%,9,77,86,77,7,2,0
0xa4f816,43.75%,9,7,16,5,9,0,2
0xb179af,99.1517%,9,1052,1061,0,0,9,1052
0x9841d4,25%,9,3,12,0,0,9,3
0x53c547,97.7041%,9,383,392,0,9,0,383
0x55760d,66.6667%,9,18,27,18,7,2,0
0xa4288f,94.8571%,9,166,175,0,0,9,166
0x8e3818,97.541%,9,357,366,357,9,0,0
0x4b8175,18.1818%,9,2,11,2,9,0,0
0xa90313,76.3158%,9,29,38,29,9,0,0
0x60a6c3,82%,9,41,50,0,0,9,41
0x81e684,98.3725%,9,544,553,0,0,9,544
0xa30341,94.7059%,9,161,170,0,0,9,161
0x9ef42c,85%,9,51,60,0,0,9,51
0x49a2a0,92.2414%,9,107,116,0,0,9,107
0x9e08d1,97.4432%,9,343,352,0,0,9,343
0xa5930b,40%,9,6,15,0,0,9,6
0xa302e8,91.8182%,9,101,110,0,9,0,101
0x9e3f9a,96.4427%,9,244,253,244,9,0,0
0x40dfeb,93.3333%,9,126,135,0,0,9,126
0x977c0a,99.4559%,9,1645,1654,0,0,9,1645
0x58c0cc,87.1429%,9,61,70,0,0,9,61
0x557c8c,87.6712%,9,64,73,0,0,9,64
0xa97f6d,55%,9,11,20,11,9,0,0
0x811a27,98.9387%,9,839,848,837,6,3,2
0x4bc52b,79.5455%,9,35,44,35,9,0,0
0x4c673a,59.0909%,9,13,22,0,0,9,13
0xa5ee6b,67.8571%,9,19,28,0,0,9,19
0x4b4b52,87.3239%,9,62,71,0,0,9,62
0xa9c84f,80.4348%,9,37,46,10,0,9,27
0x4c6566,67.8571%,9,19,28,0,0,9,19
0xa28015,10%,9,1,10,1,9,0,0
0x4a9553,93.2331%,9,124,133,124,8,1,0
0x7ad41a,52.6316%,9,10,19,0,0,9,10
0x81c0ae,90.625%,9,87,96,0,0,9,87
0x9eb401,85.7143%,9,54,63,0,0,9,54
0x5dfb9c,35.7143%,9,5,14,5,9,0,0
0x7ace1c,67.8571%,9,19,28,19,7,2,0
0x80fda5,99.2437%,9,1181,1190,564,4,5,617
0x8f2099,75.6757%,9,28,37,19,1,8,9
0xa9d219,86.3636%,9,57,66,36,6,3,21
0x973875,77.5%,9,31,40,1,3,6,30
0x90e3a5,86.5672%,9,58,67,58,9,0,0
0x5905bc,43.75%,9,7,16,0,0,9,7
0x404f24,25%,9,3,12,3,9,0,0
0x9fe12c,64%,9,16,25,16,9,0,0
0x409acd,94.1176%,9,144,153,0,2,7,144
0x53580a,43.75%,9,7,16,1,4,5,6
0xa470b8,59.0909%,9,13,22,0,0,9,13
0x66621d,81.25%,9,39,48,39,9,0,0
0x94e5c2,97.0395%,9,295,304,295,9,0,0
0xa48ad7,94.6108%,9,158,167,0,0,9,158
0x833d47,92.2414%,9,107,116,107,7,2,0
0x9ab90d,96.1039%,9,222,231,0,0,9,222
0x5c7951,88.75%,9,71,80,71,9,0,0
0xa576d1,62.5%,9,15,24,0,0,9,15
0x8225e4,95.1613%,9,177,186,177,9,0,0
0x48f0b2,93.0233%,9,120,129,117,9,0,3
0x7cc133,25%,9,3,12,0,0,9,3
0xa57664,67.8571%,9,19,28,5,9,0,14
0xa57635,76.3158%,9,29,38,8,7,2,21
0xa474d8,78.5714%,9,33,42,0,0,9,33
0x51b149,47.0588%,9,8,17,8,5,4,0
0xa570e6,70.9677%,9,22,31,0,0,9,22
0x901ae0,96.4%,9,241,250,241,9,0,0
0xa6098b,97.0492%,9,296,305,0,6,3,296
0x6975d2,67.8571%,9,19,28,19,9,0,0
0x4b56ee,90.9091%,9,90,99,89,8,1,1
0x99f042,90.625%,9,87,96,0,0,9,87
0x647c1a,79.0698%,9,34,43,34,9,0,0
0x807f6e,86.9565%,9,60,69,0,0,9,60
0xa4eda0,94.4444%,9,153,162,0,0,9,153
0x6796c5,91.9643%,9,103,112,103,9,0,0
0xa486cf,96.281%,9,233,242,0,0,9,233
0xa519fc,52.6316%,9,10,19,4,8,1,6
0xa53e7b,94.5122%,9,155,164,0,0,9,155
0xa90286,76.3158%,9,29,38,29,9,0,0
0x48725e,93.4783%,9,129,138,0,0,9,129
0x977d73,93.0233%,9,120,129,0,0,9,120
0x90671e,92.7419%,9,115,124,0,0,9,115
0x5b34ce,80%,9,36,45,36,4,5,0
0x90fbdf,95.5%,9,191,200,191,9,0,0
0x58cbec,66.6667%,9,18,27,18,9,0,0
0xa54e88,85.2459%,9,52,61,52,9,0,0
0x494d64,94.3038%,9,149,158,0,0,9,149
0xa4d554,94.4444%,9,153,162,0,0,9,153
0x8f6008,98.289%,9,517,526,0,0,9,517
0x8e3798,98.8432%,9,769,778,0,0,9,769
0x9aafb6,98.3577%,9,539,548,0,5,4,539
0x9abab0,98.8792%,9,794,803,794,9,0,0
0x5baeed,91.1765%,9,93,102,0,0,9,93
0x911b48,98.4975%,9,590,599,0,0,9,590
0xaab0de,88.4615%,9,69,78,69,9,0,0
0x9ea6ec,95.2632%,9,181,190,0,0,9,181
0x9a7970,35.7143%,9,5,14,5,9,0,0
0x9ea678,94.6429%,9,159,168,0,0,9,159
0x965fd0,89.1566%,9,74,83,0,0,9,74
0x5cfcb8,62.5%,9,15,24,15,9,0,0
0x47c6d1,35.7143%,9,5,14,5,7,2,0
0x63e175,99.5153%,9,1848,1857,1848,9,0,0
0xa038f7,88.1579%,9,67,76,67,9,0,0
0x7b2fe4,76.3158%,9,29,38,2,0,9,27
0x9099d6,99.2007%,9,1117,1126,1117,9,0,0
0x9fe2ae,90%,9,81,90,81,9,0,0
0xa01a0a,25%,9,3,12,2,2,7,1
0x6389a6,99.2525%,9,1195,1204,1195,9,0,0
0xa01da8,87.1429%,9,61,70,61,3,6,0
0x482b7a,52.6316%,9,10,19,10,9,0,0
0x9fb306,78.0488%,9,32,41,1,5,4,31
0x9e18ad,92.5%,9,111,120,0,0,9,111
0x81c7db,95.0549%,9,173,182,0,5,4,173
0x591157,90.3226%,9,84,93,0,1,8,84
0xaa23b8,73.5294%,9,25,34,0,0,9,25
0x49fc6d,40%,9,6,15,6,9,0,0
0x8ea8f2,95.7547%,9,203,212,203,5,4,0
0x8ef0d6,98.0044%,9,442,451,0,0,9,442
0x9fe2a1,89.4118%,9,76,85,76,9,0,0
0xa56ebf,97.6562%,9,375,384,0,2,7,375
0x4048a0,96.4%,9,241,250,220,1,8,21
0x9ec2e1,77.5%,9,31,40,0,0,9,31
0x6095bf,96.4286%,9,243,252,243,9,0,0
0xa3bd48,43.75%,9,7,16,1,7,2,6
0x80e75e,94%,9,141,150,0,4,5,141
0x4850b1,80%,9,36,45,0,0,9,36
0x49a570,35.7143%,9,5,14,3,1,8,2
0x6492d4,91.5094%,9,97,106,0,0,9,97
0x9e286c,97.6501%,9,374,383,374,9,0,0
0x7d29bf,62.5%,9,15,24,14,4,5,1
0x54799c,18.1818%,9,2,11,2,9,0,0
0x9ea7e3,71.875%,9,23,32,0,0,9,23
0xa9a151,40%,9,6,15,6,9,0,0
0x48fe60,10%,9,1,10,1,9,0,0
0x9fe71f,77.5%,9,31,40,0,0,9,31
0x6f09d1,43.75%,9,7,16,0,0,9,7
0x9f6c15,96.9283%,9,284,293,19,7,2,265
0xae6fa8,87.5%,9,63,72,63,7,2,0
0x8da226,98.5025%,9,592,601,0,0,9,592
0xaa5710,90.3226%,9,84,93,0,0,9,84
0x973b09,10%,9,1,10,0,1,8,1
0x817213,94.2675%,9,148,157,0,0,9,148
0x8f1295,77.5%,9,31,40,0,0,9,31
0x9abd04,40%,9,6,15,2,3,6,4
0x900840,98.4456%,9,570,579,0,0,9,570
0x949520,89.2857%,9,75,84,75,9,0,0
0x8e241d,99.835%,9,5445,5454,0,0,9,5445
0x54538d,94.1558%,9,145,154,143,7,2,2
0xa511f2,30.7692%,9,4,13,2,8,1,2
0x9a8034,85.4839%,9,53,62,27,4,5,26
0x9f5caf,67.8571%,9,19,28,0,9,0,19
0xa428ba,94.8571%,9,166,175,166,9,0,0
0x59c0ed,95.7944%,9,205,214,205,9,0,0
0x556a89,96.5251%,9,250,259,250,5,4,0
0x5441af,86.3636%,9,57,66,57,0,9,0
0x8f4086,85.2459%,9,52,61,52,9,0,0
0x5ae442,78.0488%,9,32,41,27,5,4,5
0x42acc6,96.875%,9,279,288,279,7,2,0
0xa44fab,35.7143%,9,5,14,0,0,9,5
0x405a93,97.9167%,9,423,432,0,0,9,423
0x88e4a3,76.9231%,9,30,39,0,3,6,30
0x8f591b,99.6554%,9,2603,2612,2603,9,0,0
0xa52623,92.8571%,9,117,126,0,4,5,117
0xa58857,93.8356%,9,137,146,0,0,9,137
0x9049d9,95.1351%,9,176,185,0,0,9,176
0x81588a,50%,9,9,18,8,1,8,1
0x98b56d,94.9438%,9,169,178,0,0,9,169
0x58d9ea,93.7931%,9,136,145,71,4,5,65
0x4ab0bc,18.1818%,9,2,11,2,9,0,0
0xa522bf,94.1558%,9,145,154,0,6,3,145
0xa363fc,93.4307%,9,128,137,128,2,7,0
0xa447c5,82.6923%,9,43,52,43,9,0,0
0xa51737,88.3117%,9,68,77,0,0,9,68
0x8e386e,81.25%,9,39,48,39,9,0,0
0x4099ec,52.6316%,9,10,19,0,1,8,10
0x510a3c,97.6982%,9,382,391,1,3,6,381
0x5af7c8,83.0189%,9,44,53,4,5,4,40
0x591f5b,87.1429%,9,61,70,61,9,0,0
0x40dd43,98.626%,9,646,655,646,9,0,0
0x7ce158,99.5288%,9,1901,1910,0,0,9,1901
0x48277b,52.6316%,9,10,19,10,2,7,0
0xa52ec6,52.6316%,9,10,19,1,6,3,9
0x804267,78.5714%,9,33,42,32,5,4,1
0x8f6ae1,97.3214%,9,327,336,0,0,9,327
0xa06e07,85.9375%,9,55,64,0,4,5,55
0x688e53,62.5%,9,15,24,15,9,0,0
0x5a9473,86.5672%,9,58,67,58,9,0,0
0x8089fa,0%,9,0,9,0,0,9,0
0x5bb801,99.0693%,9,958,967,0,0,9,958
0x9a3be7,30.7692%,9,4,13,0,8,1,4
0x6476a4,80%,9,36,45,36,9,0,0
0xa375d7,10%,9,1,10,1,9,0,0
0x9f19c1,97.6501%,9,374,383,0,0,9,374
0x554739,85.9375%,9,55,64,0,0,9,55
0x8e1ce6,99.5796%,9,2132,2141,0,0,9,2132
0x8f5481,25%,9,3,12,0,0,9,3
0x99e245,30.7692%,9,4,13,4,9,0,0
0x55470e,85.9375%,9,55,64,0,0,9,55
0x4b78aa,67.8571%,9,19,28,0,0,9,19
0x555a64,91.8182%,9,101,110,46,9,0,55
0x944380,88.1579%,9,67,76,0,0,9,67
0x5454b5,82.3529%,9,42,51,1,1,8,41
0x681e39,93.75%,9,135,144,135,9,0,0
0x677c2d,97.479%,9,348,357,0,0,9,348
0x403cfc,92.0354%,9,104,113,0,0,9,104
0x495f28,83.6364%,9,46,55,0,0,9,46
0x495a5c,86.5672%,9,58,67,19,7,2,39
0x4936d4,92.9688%,9,119,128,1,2,7,118
0x9d015c,97.4286%,9,341,350,341,9,0,0
0x63ad2d,97.6562%,9,375,384,375,9,0,0
0x9eef2a,88%,9,66,75,0,0,9,66
0x67f0de,99.7892%,9,4260,4269,4260,9,0,0
0x99a908,85.2459%,9,52,61,52,9,0,0
0x972672,96.7033%,9,264,273,0,0,9,264
0x905ef2,92.9688%,9,119,128,119,9,0,0
0x5d3f86,93.2331%,9,124,133,124,9,0,0
0x81b9a3,95.6311%,9,197,206,0,2,7,197
0x78d870,98.546%,9,610,619,0,0,9,610
0x60a700,99.4758%,9,1708,1717,0,0,9,1708
0x900a07,97.9452%,9,429,438,0,0,9,429
0x94d180,80.8511%,9,38,47,0,0,9,38
0x4c8e43,92.0354%,9,104,113,83,5,4,21
0x8dc900,98.8432%,9,769,778,769,9,0,0
0x98c98d,91.7431%,9,100,109,0,0,9,100
0x9ecdcc,57.1429%,9,12,21,0,0,9,12
0x8c952b,99.0217%,9,911,920,341,3,6,570
0x9a18bd,95.5665%,9,194,203,180,2,7,14
0x6108a6,52.6316%,9,10,19,1,5,4,9
0x6f1721,25%,9,3,12,0,0,9,3
0x82110e,98.8372%,9,765,774,0,0,9,765
0x9a1672,55%,9,11,20,0,0,9,11
0xa2da1c,35.7143%,9,5,14,3,1,8,2
0x4ad3ef,55%,9,11,20,11,9,0,0
0x8f38a1,92.2414%,9,107,116,0,0,9,107
0x48e815,94.5122%,9,155,164,155,9,0,0
0x403d33,99.2431%,9,1180,1189,0,0,9,1180
0x981454,89.4118%,9,76,85,0,8,1,76
0xa54124,30.7692%,9,4,13,4,9,0,0
0x50f986,79.0698%,9,34,43,0,0,9,34
0x6659f7,93.0769%,9,121,130,0,0,9,121
0xa2d9cf,98.5222%,9,600,609,0,4,5,600
0x9fbb6e,97.0588%,9,297,306,0,0,9,297
0x98127e,90.2174%,9,83,92,66,6,3,17
0x983b2a,90.2174%,9,83,92,0,0,9,83
0x815a85,78.0488%,9,32,41,4,6,3,28
0x4ad410,55%,9,11,20,0,0,9,11
0x4ae846,55%,9,11,20,0,0,9,11
0x63aaf5,98.9038%,9,812,821,812,9,0,0
0xa1bb12,40%,9,6,15,3,0,9,3
0x8ad93a,47.0588%,9,8,17,8,9,0,0
0xa6c68e,79.0698%,9,34,43,0,0,9,34
0x901276,77.5%,9,31,40,31,9,0,0
0xa6c665,87.3239%,9,62,71,22,6,3,40
0x8ed508,99.8062%,9,4635,4644,4635,3,6,0
0x4b9c51,87.3239%,9,62,71,62,7,2,0
0x63ba94,99.3109%,9,1297,1306,1297,9,0,0
0x980fba,86.5672%,9,58,67,58,7,2,0
0x677b81,88.4615%,9,69,78,0,0,9,69
0x980563,90.7216%,9,88,97,0,0,9,88
0x5c4fa9,94.5783%,9,157,166,0,0,9,157
0x7ce7eb,25%,9,3,12,3,9,0,0
0x8f7634,94.2675%,9,148,157,148,9,0,0
0x5b15c2,67.8571%,9,19,28,17,0,9,2
0x816f5e,98.9324%,9,834,843,834,7,2,0
0xaa5da3,95.7746%,9,204,213,3,4,5,201
0x9c3a6f,96.3415%,9,237,246,0,0,9,237
0x5f8cdc,79.5455%,9,35,44,0,0,9,35
0x4a8031,60.8696%,9,14,23,14,9,0,0
0x8f1baf,93.2836%,9,125,134,125,9,0,0
0x4899dd,99.0807%,9,970,979,0,8,1,970
0xa66139,92.0354%,9,104,113,0,0,9,104
0x9d052f,96.9799%,9,289,298,289,9,0,0
0xa2f082,76.3158%,9,29,38,0,0,9,29
0x49c925,50%,9,9,18,9,9,0,0
0x4049d4,96.5251%,9,250,259,250,9,0,0
0xa308ca,99.1346%,9,1031,1040,0,0,9,1031
0x491b1c,94.5455%,9,156,165,156,7,2,0
0x647e13,81.6327%,9,40,49,40,9,0,0
0x63ff4b,99.0635%,9,952,961,952,9,0,0
0x5f061a,92.623%,9,113,122,0,0,9,113
0x5b04d1,85.7143%,9,54,63,54,9,0,0
0x4a5d5a,70%,9,21,30,21,9,0,0
0x9ef250,94.8276%,9,165,174,165,9,0,0
0x4a9535,93.2331%,9,124,133,0,0,9,124
0x81445d,98.3146%,9,525,534,0,0,9,525
0x81b88e,98.2726%,9,512,521,0,0,9,512
0x4c8044,86.9565%,9,60,69,60,9,0,0
0xa4a0fe,93.2331%,9,124,133,0,0,9,124
0x60e6fa,88.6076%,9,70,79,70,9,0,0
0x90ca2d,99.5743%,9,2105,2114,0,0,9,2105
0xa480ce,95.9821%,9,215,224,215,9,0,0
0x60df9f,90.8163%,9,89,98,70,9,0,19
0x8aec56,95.6522%,9,198,207,0,0,9,198
0x4a13b0,83.9286%,9,47,56,0,0,9,47
0x4c2048,94.3396%,9,150,159,150,9,0,0
0x8e3940,81.25%,9,39,48,0,0,9,39
0x5bd777,99.4379%,9,1592,1601,1477,5,4,115
0x5ff23a,89.2857%,9,75,84,75,9,0,0
0x980ba8,87.3239%,9,62,71,35,4,5,27
0xa0950c,25%,9,3,12,0,0,9,3
0x8daddb,99.6669%,9,2693,2702,0,0,9,2693
0xaa4731,96.3265%,9,236,245,0,0,9,236
0x6805c5,60.8696%,9,14,23,14,9,0,0
0x8f4028,85.2459%,9,52,61,52,9,0,0
0x49c10f,90.5263%,9,86,95,1,3,6,85
0x9a6f96,74.2857%,9,26,35,4,5,4,22
0x80541e,18.1818%,9,2,11,0,9,0,2
0x80daea,95.9091%,9,211,220,0,0,9,211
0x900fda,75.6757%,9,28,37,26,6,3,2
0x8c87d3,98.0176%,9,445,454,0,0,9,445
0x4bf74b,62.5%,9,15,24,0,0,9,15
0x808fb7,95.9641%,9,214,223,214,9,0,0
0x7c7258,0%,9,0,9,0,9,0,0
0x4a575d,83.6364%,9,46,55,0,0,9,46
0xa5c2f2,91.7431%,9,100,109,100,9,0,0
0x403995,75.6757%,9,28,37,0,0,9,28
0x5f12e6,85.2459%,9,52,61,49,3,6,3
0xa570de,78.0488%,9,32,41,3,7,2,29
0x90caf3,96.2185%,9,229,238,117,2,7,112
0x984685,90.5263%,9,86,95,0,0,9,86
0x4b8330,0%,9,0,9,0,0,9,0
0x7efd39,87.5%,9,63,72,0,7,2,63
0x5bae1f,95.5%,9,191,200,191,7,2,0
0xa91b6b,93.4307%,9,128,137,128,9,0,0
0x8126f4,82.6923%,9,43,52,43,9,0,0
0x80ae6f,74.2857%,9,26,35,0,0,9,26
0xa51021,98.2213%,9,497,506,0,0,9,497
0x51c2cd,99.5125%,9,1837,1846,1837,9,0,0
0x8ea148,99.6362%,9,2465,2474,2465,9,0,0
0x8ffaeb,98.6975%,9,682,691,1,3,6,681
0x9e6b8a,87.5%,9,63,72,63,7,2,0
0x911ace,99.2228%,9,1149,1158,0,0,9,1149
0x48010b,52.6316%,9,10,19,0,0,9,10
0x55013d,81.25%,9,39,48,39,6,3,0
0x80941e,98.9387%,9,839,848,1,4,5,838
0xa4e5d8,88.1579%,9,67,76,0,0,9,67
0xa56704,43.75%,9,7,16,1,7,2,6
0x81a829,98.8173%,9,752,761,0,0,9,752
0x557d8b,25%,9,3,12,3,9,0,0
0xab57e8,96.0177%,9,217,226,217,9,0,0
0x9a12b5,94.0789%,9,143,152,0,0,9,143
0x811e9b,99.627%,9,2404,2413,0,0,9,2404
0x64b49a,97.0297%,9,294,303,0,0,9,294
0x63f2b5,95.5%,9,191,200,191,7,2,0
0x4c56b2,83.6364%,9,46,55,23,8,1,23
0x9bdffc,86.5672%,9,58,67,58,9,0,0
0x5ffd53,88.75%,9,71,80,71,9,0,0
0x9f01d4,92.1053%,9,105,114,105,9,0,0
0x9eb728,94.6429%,9,159,168,0,0,9,159
0x5bb16e,83.0189%,9,44,53,44,2,7,0
0xa07493,80.4348%,9,37,46,34,6,3,3
0x647d79,81.6327%,9,40,49,38,1,8,2
0x63854a,97.8469%,9,409,418,409,9,0,0
0x40394d,75.6757%,9,28,37,28,9,0,0
0x9099b1,99.5153%,9,1848,1857,1848,9,0,0
0xa3679d,98.3302%,9,530,539,0,0,9,530
0xab368f,50%,9,9,18,0,0,9,9
0xa27590,91.8182%,9,101,110,101,9,0,0
0x9e73ea,97.75%,9,391,400,0,7,2,391
0x8bcb21,90.1099%,9,82,91,0,0,9,82
0x94cbd2,85.9375%,9,55,64,55,9,0,0
0x404fd1,78.5714%,9,33,42,0,0,9,33
0x9a4809,55%,9,11,20,0,8,1,11
0x404772,98.5342%,9,605,614,12,0,9,593
0x4ac75b,55%,9,11,20,1,8,1,10
0xa0648e,74.2857%,9,26,35,0,0,9,26
0x910da8,98.6466%,9,656,665,656,9,0,0
0x9e7424,97.9866%,9,438,447,0,0,9,438
0xa50d12,89.7727%,9,79,88,0,0,9,79
0x5dfa8d,35.7143%,9,5,14,5,9,0,0
0x9f6b74,79.5455%,9,35,44,0,0,9,35
0x5339f1,18.1818%,9,2,11,0,9,0,2
0x63bb69,99.3109%,9,1297,1306,1297,6,3,0
0x8070f8,98.9324%,9,834,843,834,9,0,0
0x9ff586,77.5%,9,31,40,0,0,9,31
0x48bd7b,93.7063%,9,134,143,134,8,1,0
0x804faa,97.2727%,9,321,330,321,9,0,0
0x5f0ca4,73.5294%,9,25,34,0,0,9,25
0x4a7b0d,97.281%,9,322,331,0,0,9,322
0x90b2c7,93.1298%,9,122,131,0,0,9,122
0x9e3881,71.875%,9,23,32,0,0,9,23
0x494383,87.1429%,9,61,70,0,0,9,61
0x973a05,77.5%,9,31,40,31,9,0,0
0x441677,18.1818%,9,2,11,0,0,9,2
0xa2fea3,94.375%,9,151,160,151,9,0,0
0xa33f3c,91.7431%,9,100,109,0,0,9,100
0x8f28d0,79.5455%,9,35,44,35,9,0,0
0x592b2b,90%,9,81,90,81,9,0,0
0x4acb0c,40%,9,6,15,0,0,9,6
0x8122af,90.9091%,9,90,99,0,0,9,90
0x5d139e,55%,9,11,20,0,0,9,11
0x8ff208,92.5%,9,111,120,84,4,5,27
0x9bd168,83.6364%,9,46,55,0,0,9,46
0xa5abbb,57.1429%,9,12,21,1,5,4,11
0x9a616f,66.6667%,9,18,27,18,9,0,0
0x4a6f94,55%,9,11,20,0,0,9,11
0x90ba29,98.4293%,9,564,573,0,0,9,564
0x833d27,92.2414%,9,107,116,0,4,5,107
0xa3a22d,98.6466%,9,656,665,0,0,9,656
0x5425b7,93.0233%,9,120,129,0,0,9,120
0x9a1644,57.1429%,9,12,21,12,9,0,0
0x8a651f,35.7143%,9,5,14,2,2,7,3
0x5f64b4,88.3117%,9,68,77,68,7,2,0
0x5bd0d8,83.6364%,9,46,55,37,7,2,9
0x8ab5af,98.3271%,9,529,538,0,0,9,529
0x9f6c24,96.6292%,9,258,267,17,9,0,241
0x8188d2,96.99%,9,290,299,290,9,0,0
0x546430,97.9684%,9,434,443,0,0,9,434
0x977a84,97.1519%,9,307,316,0,0,9,307
0x627e0d,60.8696%,9,14,23,1,7,2,13
0x90bb69,59.0909%,9,13,22,0,0,9,13
0x9e05c7,84.4828%,9,49,58,0,0,9,49
0x809068,95.9641%,9,214,223,214,7,2,0
0xaaa3a4,87.1429%,9,61,70,61,9,0,0
0x813954,79.5455%,9,35,44,0,0,9,35
0x9fbf8f,97.0588%,9,297,306,0,0,9,297
0x68a9a4,88.1579%,9,67,76,66,9,0,1
0x44156e,18.1818%,9,2,11,0,0,9,2
0x90b319,93.1298%,9,122,131,122,9,0,0
0x8ff6fb,95.2381%,9,180,189,0,1,8,180
0x9ed3b3,97.733%,9,388,397,388,9,0,0
0x973043,66.6667%,9,18,27,0,0,9,18
0x9aae37,88.6076%,9,70,79,0,0,9,70
0x8df47e,62.5%,9,15,24,15,1,8,0
0x977727,98.9796%,9,873,882,0,0,9,873
0x5f8249,94%,9,141,150,138,8,1,3
0x5e0155,93.7931%,9,136,145,136,9,0,0
0x50cb30,97.9167%,9,423,432,423,9,0,0
0x8f2e2e,98.3957%,9,552,561,0,0,9,552
0x7e8194,0%,9,0,9,0,2,7,0
0x4beb2a,94.8571%,9,166,175,166,9,0,0
0x538734,99.0683%,9,957,966,0,0,9,957
0x9e2acf,87.8378%,9,65,74,65,9,0,0
0xa900c8,97.8049%,9,401,410,0,0,9,401
0x591f2e,82.6923%,9,43,52,0,0,9,43
0x539ff7,80.8511%,9,38,47,0,0,9,38
0x97772f,98.9796%,9,873,882,0,0,9,873
0x8e02c4,98.4211%,9,561,570,0,0,9,561
0xaa9f67,66.6667%,9,18,27,18,9,0,0
0xa98121,84.2105%,9,48,57,1,1,8,47
0x441697,18.1818%,9,2,11,0,0,9,2
0x8c80f6,99.5553%,9,2015,2024,2015,9,0,0
0x4ab1b6,75.6757%,9,28,37,0,0,9,28
0xa45f69,93.1298%,9,122,131,122,9,0,0
0x942bd9,88%,9,66,75,0,0,9,66
0xa2e199,96.3855%,9,240,249,0,3,6,240
0x820ec9,98.1443%,9,476,485,0,0,9,476
0x8bd425,99.9626%,9,24041,24050,24041,9,0,0
0xa15ec7,25%,9,3,12,1,0,9,2
0x5af1f1,98.7069%,9,687,696,1,5,4,686
0xab366a,50%,9,9,18,0,0,9,9
0x5488e4,43.75%,9,7,16,4,4,5,3
0xa9b8da,47.0588%,9,8,17,4,7,2,4
0xa5bac5,87.5%,9,63,72,0,0,9,63
0xa474ce,78.5714%,9,33,42,0,0,9,33
0x8e2b54,99.1728%,9,1079,1088,0,0,9,1079
0xa51690,86.9565%,9,60,69,60,9,0,0
0x97328f,77.5%,9,31,40,31,9,0,0
0x4050c0,57.1429%,9,12,21,5,5,4,7
0x4039ab,75.6757%,9,28,37,3,0,9,25
0x482d44,47.0588%,9,8,17,8,9,0,0
0x488bd3,95.4545%,9,189,198,0,2,7,189
0xa41133,66.6667%,9,18,27,0,0,9,18
0xa41106,66.6667%,9,18,27,18,9,0,0
0xa2cc40,97.9021%,9,420,429,0,0,9,420
0x5efb62,30.7692%,9,4,13,3,9,0,1
0xa25f0d,95.2128%,9,179,188,135,6,3,44
0x9732ca,78.5714%,9,33,42,0,0,9,33
0x973369,78.5714%,9,33,42,33,0,9,0
0x8e694e,90.8163%,9,89,98,89,9,0,0
0x7817c8,85.7143%,9,54,63,0,0,9,54
0x98d00c,25%,9,3,12,0,0,9,3
0x4414d7,84.2105%,9,48,57,40,6,3,8
0x81f0f7,99.5332%,9,1919,1928,1919,9,0,0
0x944d00,84.4828%,9,49,58,0,0,9,49
0xa328f7,91.0891%,9,92,101,92,9,0,0
0x90a9c7,84.2105%,9,48,57,48,9,0,0
0x58f6c4,99.3617%,9,1401,1410,1401,7,2,0
0x9730ea,64%,9,16,25,0,0,9,16
0x543a82,95.8716%,9,209,218,0,0,9,209
0x90ffc4,98.6765%,9,671,680,0,0,9,671
0x5fd5ca,97.0395%,9,295,304,1,7,2,294
0x5f05f9,92.9134%,9,118,127,3,2,7,115
0x490234,83.3333%,9,45,54,45,3,6,0
0x81b69d,95.5882%,9,195,204,195,7,2,0
0x8f2b60,86.7647%,9,59,68,59,9,0,0
0x815104,30.7692%,9,4,13,1,7,2,3
0xa470f8,52.6316%,9,10,19,0,0,9,10
0x610297,72.7273%,9,24,33,0,0,9,24
0x58be0f,88.1579%,9,67,76,67,9,0,0
0x4a5af6,57.1429%,9,12,21,1,9,0,11
0x63ccbd,95.5%,9,191,200,191,9,0,0
0x5bc38e,60.8696%,9,14,23,0,0,9,14
0x9ee5eb,84.2105%,9,48,57,48,9,0,0
0xa36b8f,10%,9,1,10,1,9,0,0
0x81f849,80.8511%,9,38,47,0,0,9,38
0x5073c5,18.1818%,9,2,11,2,9,0,0
0x50626a,18.1818%,9,2,11,0,0,9,2
0x65c342,86.1538%,9,56,65,0,0,9,56
0x904998,95.1351%,9,176,185,176,9,0,0
0x504773,50%,9,9,18,5,6,3,4
0x9ed59b,79.5455%,9,35,44,35,9,0,0
0x64f4aa,89.8876%,9,80,89,80,9,0,0
0x80b90b,95.6731%,9,199,208,199,7,2,0
0x8c8acb,88.75%,9,71,80,0,0,9,71
0x8137ff,85.2459%,9,52,61,52,7,2,0
0x4a7b86,96.7857%,9,271,280,271,3,6,0
0xa2d38c,97.7157%,9,385,394,385,9,0,0
0x949fe0,95.9641%,9,214,223,214,9,0,0
0x911d4d,98.5871%,9,628,637,628,9,0,0
0x9a7119,0%,9,0,9,0,9,0,0
0x67f0cf,99.7892%,9,4260,4269,0,0,9,4260
0x5f9bcb,98.2987%,9,520,529,520,9,0,0
0x53f2b6,97.9021%,9,420,429,420,9,0,0
0x53f2e9,97.9021%,9,420,429,420,9,0,0
0x48cda0,83.6364%,9,46,55,46,9,0,0
0xb1c3d6,97.3988%,9,337,346,264,0,9,73
0x7d412d,43.75%,9,7,16,2,2,7,5
0x51b358,98.1818%,9,486,495,71,0,9,415
0x9725c1,10%,9,1,10,0,0,9,1
0x8d207f,99.0022%,9,893,902,0,0,9,893
0x50314f,95.2632%,9,181,190,0,0,9,181
0x8ffc07,91.6667%,9,99,108,0,0,9,99
0x49f51a,99.8339%,9,5410,5419,0,0,9,5410
0x608c29,98.3755%,9,545,554,0,0,9,545
0xa4534a,82%,9,41,50,41,1,8,0
0x51b81a,99.7548%,9,3661,3670,0,0,9,3661
0x4bfe95,73.5294%,9,25,34,0,0,9,25
0x9ed8ee,85.9375%,9,55,64,55,9,0,0
0xa32723,68.9655%,9,20,29,0,0,9,20
0x5f8189,94%,9,141,150,2,2,7,139
0x50e4d7,50%,9,9,18,0,0,9,9
0x77b90a,67.8571%,9,19,28,19,9,0,0
0x48d88c,30.7692%,9,4,13,1,1,8,3
0x48fdbe,10%,9,1,10,1,9,0,0
0x53d917,99.4601%,9,1658,1667,0,0,9,1658
0x94accc,83.9286%,9,47,56,47,9,0,0
0x4addfa,55%,9,11,20,11,9,0,0
0x5040f7,85.4839%,9,53,62,0,0,9,53
0x8aaac2,52.6316%,9,10,19,0,0,9,10
0xa32c52,99.0291%,9,918,927,0,0,9,918
0x4b9518,25%,9,3,12,1,9,0,2
0x40bca4,91.2621%,9,94,103,0,4,5,94
0x50b2d7,79.5455%,9,35,44,33,7,2,2
0x808cd3,99.0323%,9,921,930,921,9,0,0
0x50bc75,77.5%,9,31,40,31,9,0,0
0x48f977,10%,9,1,10,1,9,0,0
0x805eb0,99.1751%,9,1082,1091,0,0,9,1082
0xa349f1,94.9153%,9,168,177,0,0,9,168
0x4c72c9,50%,9,9,18,0,0,9,9
0xa96921,93.9597%,9,140,149,140,9,0,0
0x508beb,98.7838%,9,731,740,0,0,9,731
0x78183d,92.0354%,9,104,113,104,9,0,0
0x833f7e,88.75%,9,71,80,4,6,3,67
0x507105,98.4321%,9,565,574,565,9,0,0
0x606f91,55%,9,11,20,7,3,6,4
0xa022ae,99.214%,9,1136,1145,0,0,9,1136
0x61143f,86.1538%,9,56,65,56,9,0,0
0x50b7f0,67.8571%,9,19,28,19,9,0,0
0x67f64e,96.371%,9,239,248,0,0,9,239
0x94a25e,89.5349%,9,77,86,7,8,1,70
0xa52e66,0%,9,0,9,0,0,9,0
0x67f33b,92.8571%,9,117,126,0,0,9,117
0x4897c8,25%,9,3,12,3,9,0,0
0x50764a,50%,9,9,18,9,9,0,0
0x4a98af,52.6316%,9,10,19,10,9,0,0
0x4c9df8,95.7944%,9,205,214,0,2,7,205
0x9a8104,96.1702%,9,226,235,226,9,0,0
0x8e1631,71.875%,9,23,32,0,0,9,23
0x8e46a2,43.75%,9,7,16,0,0,9,7
0x49984c,50%,9,9,18,5,5,4,4
0x9698f2,87.5%,9,63,72,0,0,9,63
0x59e5fd,91.9643%,9,103,112,23,5,4,80
0x4ab54a,70.9677%,9,22,31,22,9,0,0
0xacfac0,96.1864%,9,227,236,0,6,3,227
0x90e347,86.5672%,9,58,67,0,0,9,58
0x48fa12,10%,9,1,10,0,0,9,1
0x50bd2c,50%,9,9,18,0,0,9,9
0x63f3f7,95.5%,9,191,200,191,9,0,0
0x8ea4fc,43.75%,9,7,16,0,8,1,7
0xa08650,78.5714%,9,33,42,33,1,8,0
0x50a48c,93.3824%,9,127,136,127,9,0,0
0x51b7e5,99.7548%,9,3661,3670,3661,9,0,0
0xa480a1,95.9821%,9,215,224,215,9,0,0
0xa47263,94.6108%,9,158,167,158,9,0,0
0x4994f6,85%,9,51,60,51,9,0,0
0x8f3fac,96.25%,9,231,240,0,0,9,231
0x9a5e0f,10%,9,1,10,0,0,9,1
0xa4971b,78.5714%,9,33,42,33,9,0,0
0x9f405f,72.7273%,9,24,33,24,6,3,0
0x4b9f59,91.7431%,9,100,109,0,0,9,100
0x48396d,68.9655%,9,20,29,20,9,0,0
0x4045da,95.9821%,9,215,224,0,0,9,215
0xa4963c,83.6364%,9,46,55,0,0,9,46
0x8c8344,70%,9,21,30,10,8,1,11
0x4834e6,68.9655%,9,20,29,2,0,9,18
0x556197,96.371%,9,239,248,1,2,7,238
0x402246,99.4737%,9,1701,1710,0,0,9,1701
0x488060,10%,9,1,10,1,9,0,0
0x94d13c,80.8511%,9,38,47,0,0,9,38
0x9e36a9,73.5294%,9,25,34,25,9,0,0
0x8e170b,71.875%,9,23,32,0,0,9,23
0x404a08,90.7216%,9,88,97,15,7,2,73
0xa494c2,98.2213%,9,497,506,497,6,3,0
0xb376a5,99.8376%,9,5533,5542,0,0,9,5533
0x9f8515,35.7143%,9,5,14,1,4,5,4
0x9ef50b,85%,9,51,60,51,9,0,0
0x482710,52.6316%,9,10,19,10,9,0,0
0x555dc0,91.4286%,9,96,105,0,0,9,96
0x8e0cdb,91.9643%,9,103,112,0,0,9,103
0x9a8f75,35.7143%,9,5,14,5,9,0,0
0x9bdd73,83.6364%,9,46,55,46,9,0,0
0x591502,52.6316%,9,10,19,10,9,0,0
0x806f6a,97.7041%,9,383,392,0,0,9,383
0x6808c5,99.0142%,9,904,913,0,0,9,904
0x4c1098,62.5%,9,15,24,15,9,0,0
0x8b9e49,99.2248%,9,1152,1161,1152,9,0,0
0x5d1a2c,91.8182%,9,101,110,101,9,0,0
0x58bca2,85.9375%,9,55,64,0,3,6,55
0x58bc90,85.9375%,9,55,64,0,0,9,55
0x4043cd,99.6228%,9,2377,2386,0,0,9,2377
0x9117f4,70.9677%,9,22,31,22,9,0,0
0xa06e0c,85%,9,51,60,18,4,5,33
0xa944ca,68.9655%,9,20,29,0,0,9,20
0x5df0f4,99.4201%,9,1543,1552,0,0,9,1543
0x9a7b9b,96.9283%,9,284,293,0,0,9,284
0x555ada,83.6364%,9,46,55,0,0,9,46
0x8e928d,89.4118%,9,76,85,0,0,9,76
0x5590cc,92.3729%,9,109,118,2,2,7,107
0x9f3eb1,94.3396%,9,150,159,150,9,0,0
0x50ff98,96.8966%,9,281,290,0,0,9,281
0xa907c9,95.9641%,9,214,223,0,0,9,214
0x807c30,90.8163%,9,89,98,6,2,7,83
0x8ff2f9,85%,9,51,60,51,9,0,0
0x48a9f2,98.9899%,9,882,891,882,9,0,0
0x5ffbb2,80.4348%,9,37,46,0,0,9,37
0x9732db,78.5714%,9,33,42,0,0,9,33
0x4a7c7e,84.4828%,9,49,58,0,0,9,49
0x8e0aeb,99.6375%,9,2474,2483,0,1,8,2474
0x8ea94f,99.2653%,9,1216,1225,0,0,9,1216
0x977dab,93.1298%,9,122,131,114,7,2,8
0x482be7,52.6316%,9,10,19,10,9,0,0
0x619cbc,55%,9,11,20,0,0,9,11
0x80e72f,94%,9,141,150,0,0,9,141
0x40aa63,65.3846%,9,17,26,16,9,0,1
0xa4bd78,96.4427%,9,244,253,244,5,4,0
0x9ed90d,85.9375%,9,55,64,0,0,9,55
0x984296,64%,9,16,25,11,2,7,5
0xa9e9e9,96.0177%,9,217,226,0,0,9,217
0x4aad9a,70%,9,21,30,21,9,0,0
0x9739b6,77.5%,9,31,40,0,0,9,31
0xa50aa5,35.7143%,9,5,14,4,0,9,1
0x4935e7,47.0588%,9,8,17,8,9,0,0
0x49a5c5,95.4082%,9,187,196,187,9,0,0
0x54d101,47.0588%,9,8,17,8,9,0,0
0xa8a6e7,89.1566%,9,74,83,15,1,8,59
0x490ce8,0%,9,0,9,0,0,9,0
0xa491a6,70%,9,21,30,21,9,0,0
0x681595,93.75%,9,135,144,135,9,0,0
0x809fa1,97.2477%,9,318,327,0,0,9,318
0x9733fc,77.5%,9,31,40,0,0,9,31
0x4fdab0,97.1787%,9,310,319,0,4,5,310
0x944eb4,70%,9,21,30,16,6,3,5
0x446574,98.4642%,9,577,586,0,4,5,577
0x94d12b,80.8511%,9,38,47,0,0,9,38
0x533604,79.5455%,9,35,44,0,2,7,35
0x8a9716,90.2174%,9,83,92,0,0,9,83
0x5ae602,64%,9,16,25,12,9,0,4
0x54db26,88.4615%,9,69,78,0,0,9,69
0x5afd0d,64%,9,16,25,0,0,9,16
0x8c8732,77.5%,9,31,40,0,0,9,31
0x811495,98.9349%,9,836,845,0,2,7,836
0x5d2847,93.7931%,9,136,145,136,9,0,0
0x810684,73.5294%,9,25,34,25,9,0,0
0x5423d0,95.8904%,9,210,219,0,0,9,210
0x8ba2f6,99.9069%,9,9663,9672,9663,9,0,0
0x496886,75.6757%,9,28,37,28,9,0,0
0x5be5ac,94.7059%,9,161,170,0,0,9,161
0x9c3c66,75%,9,27,36,0,2,7,27
0x490c79,65.3846%,9,17,26,0,3,6,17
0x9a22f8,40%,9,6,15,0,0,9,6
0x821fbd,71.875%,9,23,32,0,0,9,23
0x4b68fa,81.6327%,9,40,49,0,0,9,40
0x8f6bf9,40%,9,6,15,6,9,0,0
0x8f504e,25%,9,3,12,3,9,0,0
0x5fb1ec,88.3117%,9,68,77,0,0,9,68
0xa43838,97.5275%,9,355,364,355,9,0,0
0x809dbc,98.3957%,9,552,561,552,7,2,0
0x9a9f76,91.8919%,9,102,111,0,0,9,102
0x8f6ce0,80%,9,36,45,0,0,9,36
0xb17e8f,99.1517%,9,1052,1061,1052,9,0,0
0x88ea98,76.9231%,9,30,39,30,9,0,0
0x9733a8,77.5%,9,31,40,31,9,0,0
0xa51c9a,76.3158%,9,29,38,23,7,2,6
0x5936ee,30.7692%,9,4,13,2,0,9,2
0x49dee2,67.8571%,9,19,28,7,7,2,12
0xaa2933,92.7419%,9,115,124,115,9,0,0
0x9d2774,85.4839%,9,53,62,53,8,1,0
0x5d904e,94.5578%,8,139,147,0,0,8,139
0x488092,20%,8,2,10,2,8,0,0
0xaadb96,97.5385%,8,317,325,0,0,8,317
0x99ea96,46.6667%,8,7,15,0,0,8,7
0x8c748a,99.1516%,8,935,943,935,8,0,0
0xaadbbb,97.5385%,8,317,325,317,8,0,0
0x9ff6fc,63.6364%,8,14,22,0,0,8,14
0x40a5d4,66.6667%,8,16,24,0,2,6,16
0x96ae3f,61.9048%,8,13,21,0,0,8,13
0x49f677,84%,8,42,50,1,1,7,41
0x8eecdc,94.2857%,8,132,140,132,8,0,0
0x8e2184,99.1853%,8,974,982,0,0,8,974
0x590cd9,60%,8,12,20,12,8,0,0
0xaa4ea4,94.5578%,8,139,147,139,8,0,0
0x5dced7,93.985%,8,125,133,125,8,0,0
0xa064cc,77.1429%,8,27,35,27,8,0,0
0x8aaad2,57.8947%,8,11,19,11,8,0,0
0x8f105e,80%,8,32,40,25,7,1,7
0x48de88,92.8571%,8,104,112,0,7,1,104
0x5d88d7,73.3333%,8,22,30,22,8,0,0
0x555a6d,85.4545%,8,47,55,0,0,8,47
0x9a1486,88.4058%,8,61,69,0,0,8,61
0x558026,99.2989%,8,1133,1141,1133,8,0,0
0x9ff61a,63.6364%,8,14,22,0,0,8,14
0x90e847,73.3333%,8,22,30,22,8,0,0
0x5459d2,0%,8,0,8,0,8,0,0
0x48da1e,82.6087%,8,38,46,38,8,0,0
0x9eddb4,94.2029%,8,130,138,130,8,0,0
0xb245d4,99.9328%,8,11891,11899,0,0,8,11891
0x404643,96.4286%,8,216,224,0,0,8,216
0x404925,96.9112%,8,251,259,0,0,8,251
0x980f22,50%,8,8,16,3,5,3,5
0x8f75fa,94.9045%,8,149,157,149,8,0,0
0x97300c,70.3704%,8,19,27,5,7,1,14
0xa5b41d,38.4615%,8,5,13,3,6,2,2
0xa286dc,61.9048%,8,13,21,13,8,0,0
0x80fcdf,99.3277%,8,1182,1190,0,0,8,1182
0x8ee6e1,98.1439%,8,423,431,0,0,8,423
0x4ac8d8,46.6667%,8,7,15,3,6,2,4
0x9523c8,89.3333%,8,67,75,0,0,8,67
0x5b4306,60%,8,12,20,0,0,8,12
0x8bb416,46.6667%,8,7,15,0,0,8,7
0x9c4004,98.2833%,8,458,466,458,8,0,0
0x49c063,98.3968%,8,491,499,0,6,2,491
0xa34c32,86.6667%,8,52,60,0,0,8,52
0xa92557,98.3158%,8,467,475,213,5,3,254
0x65b25d,38.4615%,8,5,13,5,8,0,0
0x4bfffa,66.6667%,8,16,24,0,0,8,16
0x9746d8,57.8947%,8,11,19,0,0,8,11
0x901a30,96.8254%,8,244,252,244,8,0,0
0x99f282,91.6667%,8,88,96,88,6,2,0
0x5cb0b5,99.0971%,8,878,886,0,0,8,878
0x8ffc7e,88.2353%,8,60,68,60,8,0,0
0x90aa02,85.9649%,8,49,57,49,8,0,0
0xaa2d64,97.3684%,8,296,304,0,0,8,296
0xa29f47,50%,8,8,16,8,8,0,0
0x9e53cb,73.3333%,8,22,30,0,0,8,22
0x8ecc01,84.6154%,8,44,52,0,0,8,44
0x94c5c6,92.3077%,8,96,104,0,0,8,96
0x9e4e59,97.4194%,8,302,310,0,0,8,302
0xa18b0c,81.3953%,8,35,43,0,0,8,35
0x40e400,98.722%,8,618,626,618,4,4,0
0x609e19,93.0435%,8,107,115,107,8,0,0
0x8bad4b,55.5556%,8,10,18,10,8,0,0
0x4948c3,90.4762%,8,76,84,76,6,2,0
0x5d8b9f,94.1606%,8,129,137,0,0,8,129
0x9f08c5,20%,8,2,10,2,8,0,0
0x48ea4f,97.8022%,8,356,364,0,0,8,356
0x80d8c4,97.6048%,8,326,334,113,1,7,213
0x5eb8c0,99.0632%,8,846,854,0,0,8,846
0x81ed81,96.7742%,8,240,248,0,0,8,240
0x5ebb80,99.0632%,8,846,854,0,0,8,846
0x48ee0a,97.5831%,8,323,331,0,0,8,323
0x8eca9c,27.2727%,8,3,11,0,0,8,3
0x41011f,99.9302%,8,11460,11468,0,0,8,11460
0x55805a,99.2337%,8,1036,1044,0,0,8,1036
0x97340c,80%,8,32,40,0,0,8,32
0x80b9ed,97.5758%,8,322,330,322,8,0,0
0x90a984,89.1892%,8,66,74,0,0,8,66
0x40f83b,96.2264%,8,204,212,0,0,8,204
0x8dc1ed,98.9717%,8,770,778,770,8,0,0
0x47f8a0,57.8947%,8,11,19,0,1,7,11
0x4a5dff,87.6923%,8,57,65,0,0,8,57
0x94eb01,73.3333%,8,22,30,0,0,8,22
0xa9366a,95.2663%,8,161,169,0,0,8,161
0x4a7467,79.4872%,8,31,39,0,0,8,31
0x4be260,38.4615%,8,5,13,5,8,0,0
0x54f3d4,63.6364%,8,14,22,14,8,0,0
0x508bd6,96.1353%,8,199,207,0,4,4,199
0x8e2ade,99.2982%,8,1132,1140,0,0,8,1132
0x99b928,69.2308%,8,18,26,18,8,0,0
0x608d6a,96%,8,192,200,0,0,8,192
0x648c08,69.2308%,8,18,26,18,8,0,0
0x7f3e84,46.6667%,8,7,15,0,0,8,7
0x8f5842,91.2088%,8,83,91,0,0,8,83
0x48f931,20%,8,2,10,0,0,8,2
0x99ed56,38.4615%,8,5,13,5,8,0,0
0x809767,20%,8,2,10,0,5,3,2
0x8f77c1,94.9045%,8,149,157,149,8,0,0
0x8e925d,91.0112%,8,81,89,0,0,8,81
0x4a812b,91.3043%,8,84,92,0,0,8,84
0x4b8a6a,50%,8,8,16,8,8,0,0
0x543860,86.8852%,8,53,61,0,0,8,53
0x659e7a,57.8947%,8,11,19,4,6,2,7
0x8f4305,99.449%,8,1444,1452,1444,8,0,0
0x499dc9,75%,8,24,32,24,8,0,0
0x809bd3,89.3333%,8,67,75,67,6,2,0
0xa05562,72.4138%,8,21,29,5,3,5,16
0x6095e7,90.3614%,8,75,83,36,4,4,39
0x48ea35,97.8022%,8,356,364,0,0,8,356
0x4a1354,98.2869%,8,459,467,0,0,8,459
0xa55746,90.3614%,8,75,83,75,4,4,0
0x7c5d50,42.8571%,8,6,14,0,0,8,6
0x9ecedf,81.3953%,8,35,43,0,0,8,35
0x4b9e7f,96.2441%,8,205,213,46,0,8,159
0x8efca4,93.1624%,8,109,117,4,0,8,105
0x7d3001,84.3137%,8,43,51,43,8,0,0
0xaa803d,98.4877%,8,521,529,0,0,8,521
0x6108f4,38.4615%,8,5,13,0,0,8,5
0x488f23,94.8718%,8,148,156,148,4,4,0
0x99f777,38.4615%,8,5,13,5,8,0,0
0x49c7f7,85.7143%,8,48,56,0,0,8,48
0x80558e,88.5714%,8,62,70,62,8,0,0
0x4aca60,46.6667%,8,7,15,4,2,6,3
0x8eefee,99.2945%,8,1126,1134,1126,8,0,0
0x815011,98.4556%,8,510,518,510,6,2,0
0xa15e3a,60%,8,12,20,4,4,4,8
0x8dcb77,98.4283%,8,501,509,0,0,8,501
0x63ec3a,98.9056%,8,723,731,723,8,0,0
0x51058d,99.5781%,8,1888,1896,0,0,8,1888
0x499860,75.7576%,8,25,33,25,8,0,0
0x7c1635,95.9391%,8,189,197,0,0,8,189
0x4b67c7,94.4444%,8,136,144,0,0,8,136
0x402fde,88.4058%,8,61,69,0,0,8,61
0x40a939,77.1429%,8,27,35,27,5,3,0
0xa9ecef,96.4602%,8,218,226,0,0,8,218
0x8ff09a,95.4545%,8,168,176,168,8,0,0
0x8a8f06,94.2857%,8,132,140,0,0,8,132
0x5f0d54,97.1731%,8,275,283,0,0,8,275
0x9e7d9c,66.6667%,8,16,24,16,5,3,0
0x511a51,42.8571%,8,6,14,0,0,8,6
0xb17b7f,99.246%,8,1053,1061,0,0,8,1053
0x7bb9f0,0%,8,0,8,0,0,8,0
0x4aaf9b,27.2727%,8,3,11,1,5,3,2
0x8f13c2,98.2262%,8,443,451,0,0,8,443
0x94cc74,75%,8,24,32,0,0,8,24
0x61060b,91.0112%,8,81,89,0,0,8,81
0x81d0bd,95.7447%,8,180,188,0,6,2,180
0xa42828,96.4444%,8,217,225,50,0,8,167
0x44192e,27.2727%,8,3,11,0,0,8,3
0xaa136c,95.8974%,8,187,195,0,0,8,187
0x94eb34,86.6667%,8,52,60,0,0,8,52
0x548235,99.8829%,8,6821,6829,0,0,8,6821
0x8a6c09,92.0792%,8,93,101,0,0,8,93
0x99eb49,38.4615%,8,5,13,0,0,8,5
0x94d117,82.9787%,8,39,47,0,0,8,39
0x787d60,87.8788%,8,58,66,57,3,5,1
0x9bd57a,85.4545%,8,47,55,0,0,8,47
0x5e4657,99.4698%,8,1501,1509,0,0,8,1501
0x53de43,98.4791%,8,518,526,0,0,8,518
0x81e995,89.4737%,8,68,76,0,0,8,68
0x405b52,91.1111%,8,82,90,0,0,8,82
0xa44298,83.6735%,8,41,49,41,8,0,0
0xa9956e,27.2727%,8,3,11,3,8,0,0
0x9f598c,96.5957%,8,227,235,0,0,8,227
0x9066e8,93.5484%,8,116,124,116,8,0,0
0xa92f3f,90.9091%,8,80,88,0,0,8,80
0xb17eaa,99.246%,8,1053,1061,1053,8,0,0
0x4b67a5,27.2727%,8,3,11,0,0,8,3
0x4c63d7,81.8182%,8,36,44,0,0,8,36
0x804509,70.3704%,8,19,27,0,0,8,19
0x81b066,78.3784%,8,29,37,0,2,6,29
0x974653,80%,8,32,40,0,2,6,32
0x9745df,97.0037%,8,259,267,0,2,6,259
0x509180,94.1176%,8,128,136,128,8,0,0
0x50c75a,60%,8,12,20,0,0,8,12
0x9bb44e,57.8947%,8,11,19,1,0,8,10
0x98b5b7,95.0311%,8,153,161,0,0,8,153
0x9bb6b3,87.6923%,8,57,65,57,6,2,0
0x8c7c10,42.8571%,8,6,14,6,8,0,0
0xaac45a,50%,8,8,16,0,8,0,8
0x5fa57a,80%,8,32,40,32,8,0,0
0xa37355,80.9524%,8,34,42,0,0,8,34
0x4096cd,87.6923%,8,57,65,0,7,1,57
0xa3bdb0,0%,8,0,8,0,0,8,0
0xa479b3,11.1111%,8,1,9,0,0,8,1
0xaa0700,92%,8,92,100,0,3,5,92
0xa3fe98,55.5556%,8,10,18,10,8,0,0
0xa3fe73,71.4286%,8,20,28,6,4,4,14
0x8375fe,90.6977%,8,78,86,0,0,8,78
0x4ab94a,74.1935%,8,23,31,23,8,0,0
0xa2ed71,72.4138%,8,21,29,0,0,8,21
0x80a533,97.1631%,8,274,282,0,0,8,274
0x8ee15a,0%,8,0,8,0,7,1,0
0x9a80e9,96.5957%,8,227,235,0,0,8,227
0xa942b7,94.9367%,8,150,158,150,8,0,0
0x81fcac,91.8367%,8,90,98,0,0,8,90
0xa90775,94.5578%,8,139,147,0,0,8,139
0x9ed9f7,80.4878%,8,33,41,29,5,3,4
0x9a0a80,71.4286%,8,20,28,20,8,0,0
0x50b326,80%,8,32,40,31,7,1,1
0x7aedb3,27.2727%,8,3,11,0,0,8,3
0xa5f58b,95.4023%,8,166,174,0,0,8,166
0x667917,75%,8,24,32,24,8,0,0
0xa2e953,84.9057%,8,45,53,3,8,0,42
0x8f56ab,33.3333%,8,4,12,4,8,0,0
0x5c56f9,90.3614%,8,75,83,35,3,5,40
0x510251,96.6102%,8,228,236,228,8,0,0
0xa97e01,78.3784%,8,29,37,22,6,2,7
0x8a652d,20%,8,2,10,2,8,0,0
0x490f0e,80.4878%,8,33,41,0,0,8,33
0x510e7c,98.0998%,8,413,421,413,8,0,0
0x952ef7,80.9524%,8,34,42,34,8,0,0
0x5bd567,99.834%,8,4810,4818,0,0,8,4810
0xa01c06,88.2353%,8,60,68,59,7,1,1
0x64bb57,99.4253%,8,1384,1392,0,0,8,1384
0xa05292,72.4138%,8,21,29,0,0,8,21
0x5ebd04,46.6667%,8,7,15,0,7,1,7
0x9f6237,81.8182%,8,36,44,0,0,8,36
0x90aa1d,85.9649%,8,49,57,6,5,3,43
0x49f5c0,55.5556%,8,10,18,10,8,0,0
0xa04f9f,91.3043%,8,84,92,83,4,4,1
0x8a77df,98.4645%,8,513,521,0,0,8,513
0xa052d6,72.4138%,8,21,29,17,8,0,4
0x944235,95.9596%,8,190,198,190,8,0,0
0x64b9cc,99.4273%,8,1389,1397,1389,8,0,0
0xa00226,11.1111%,8,1,9,1,8,0,0
0x88e2b1,91.8367%,8,90,98,0,0,8,90
0x679feb,99.5541%,8,1786,1794,0,0,8,1786
0xa180c6,50%,8,8,16,0,8,0,8
0x5cb923,69.2308%,8,18,26,18,8,0,0
0xa4a63b,75.7576%,8,25,33,24,2,6,1
0xa8a892,75%,8,24,32,20,8,0,4
0x5d1b1c,92.7273%,8,102,110,0,0,8,102
0x6923ad,63.6364%,8,14,22,0,0,8,14
0xa5eb54,74.1935%,8,23,31,1,4,4,22
0x7d0d12,98.5586%,8,547,555,172,0,8,375
0xa2ab26,92.9204%,8,105,113,95,6,2,10
0x8a74da,96.8992%,8,250,258,250,8,0,0
0x666ff1,65.2174%,8,15,23,0,0,8,15
0xa5ab9d,71.4286%,8,20,28,0,7,1,20
0xb2e2e6,83.3333%,8,40,48,0,0,8,40
0x6515a9,89.1892%,8,66,74,66,8,0,0
0x5b272a,82.9787%,8,39,47,0,0,8,39
0x550a8f,84.3137%,8,43,51,43,8,0,0
0x7d2b31,38.4615%,8,5,13,5,8,0,0
0x9426d6,99.4366%,8,1412,1420,1398,5,3,14
0x4c72ea,55.5556%,8,10,18,0,0,8,10
0x5473bd,86.8852%,8,53,61,0,0,8,53
0x8f4e36,99.6806%,8,2497,2505,2497,8,0,0
0xa05940,61.9048%,8,13,21,0,0,8,13
0x48f68c,82.9787%,8,39,47,10,0,8,29
0x90087d,85.9649%,8,49,57,0,0,8,49
0x94a19d,90%,8,72,80,0,0,8,72
0x60df0c,98.8389%,8,681,689,681,8,0,0
0x5913ff,96.9925%,8,258,266,258,8,0,0
0x973065,70.3704%,8,19,27,4,8,0,15
0x7814a5,90.9091%,8,80,88,80,8,0,0
0xa374af,20%,8,2,10,1,2,6,1
0x4997ec,81.3953%,8,35,43,35,8,0,0
0x490386,89.8734%,8,71,79,0,0,8,71
0x50c118,60%,8,12,20,12,1,7,0
0x94dab0,98.6371%,8,579,587,0,0,8,579
0x53d909,99.5201%,8,1659,1667,1659,8,0,0
0x80e949,99.2551%,8,1066,1074,1066,2,6,0
0xa3169c,78.9474%,8,30,38,30,8,0,0
0xa369a5,98.1481%,8,424,432,413,3,5,11
0xa363d4,97.3064%,8,289,297,289,8,0,0
0x506a6e,84.9057%,8,45,53,0,0,8,45
0x8ecc29,38.4615%,8,5,13,5,7,1,0
0x5fc11d,80%,8,32,40,32,8,0,0
0x627976,99.3339%,8,1193,1201,0,0,8,1193
0x5ff992,95.6522%,8,176,184,0,0,8,176
0xaaa06a,70.3704%,8,19,27,19,8,0,0
0x8f4284,99.6823%,8,2510,2518,0,0,8,2510
0x58f835,89.1892%,8,66,74,0,0,8,66
0x792205,61.9048%,8,13,21,0,0,8,13
0x8e798a,96.6667%,8,232,240,0,0,8,232
0x8fe099,90.6977%,8,78,86,0,0,8,78
0x5bb6ba,65.2174%,8,15,23,15,8,0,0
0x8f2e4f,97.6261%,8,329,337,0,0,8,329
0x8e414d,99.5846%,8,1918,1926,1918,8,0,0
0x78a67c,50%,8,8,16,2,4,4,6
0x5cb0d7,99.0208%,8,809,817,809,8,0,0
0x8bcc1c,69.2308%,8,18,26,0,0,8,18
0x816b68,99.4034%,8,1333,1341,3,3,5,1330
0x540c3c,97.2696%,8,285,293,0,0,8,285
0x943786,89.3333%,8,67,75,28,7,1,39
0x943ade,11.1111%,8,1,9,0,0,8,1
0x812256,95.1807%,8,158,166,158,8,0,0
0x4b86a0,27.2727%,8,3,11,3,8,0,0
0x811c3e,96.9231%,8,252,260,252,8,0,0
0x8c8782,98.2379%,8,446,454,446,8,0,0
0x533764,20%,8,2,10,2,8,0,0
0x8c8b9b,90%,8,72,80,0,0,8,72
0x910fbd,98.1651%,8,428,436,428,8,0,0
0x4a7c10,84.3137%,8,43,51,0,0,8,43
0x9a6311,42.8571%,8,6,14,6,8,0,0
0x5ff049,80%,8,32,40,32,8,0,0
0x9f4b0a,78.9474%,8,30,38,14,6,2,16
0xa1b580,38.4615%,8,5,13,3,2,6,2
0x487882,46.6667%,8,7,15,7,8,0,0
0x5c5d04,72.4138%,8,21,29,13,1,7,8
0x821814,98.4762%,8,517,525,517,8,0,0
0x8df3bf,66.6667%,8,16,24,0,8,0,16
0x534adb,85.7143%,8,48,56,0,0,8,48
0x494dbf,73.3333%,8,22,30,2,8,0,20
0x81ed66,96.8%,8,242,250,0,2,6,242
0xa63ba6,93.4959%,8,115,123,0,0,8,115
0x8e9612,99.3475%,8,1218,1226,1218,6,2,0
0x5fb8e2,85.4545%,8,47,55,23,6,2,24
0x5c787f,90%,8,72,80,72,8,0,0
0xab36b0,55.5556%,8,10,18,10,8,0,0
0x9e2cab,38.4615%,8,5,13,0,0,8,5
0xa4d6e9,77.7778%,8,28,36,28,8,0,0
0x9e2c80,65.2174%,8,15,23,15,8,0,0
0xa34c98,89.3333%,8,67,75,0,0,8,67
0x4038de,97.7716%,8,351,359,3,3,5,348
0x4b5a7d,99.7498%,8,3189,3197,0,0,8,3189
0x9f5b6c,33.3333%,8,4,12,0,0,8,4
0x510565,99.359%,8,1240,1248,0,0,8,1240
0xa46dde,86.6667%,8,52,60,37,8,0,15
0x63f307,96%,8,192,200,192,8,0,0
0x8d9c13,99.6244%,8,2122,2130,0,0,8,2122
0xb4989d,20%,8,2,10,0,0,8,2
0x647d05,70.3704%,8,19,27,0,0,8,19
0xa568d2,73.3333%,8,22,30,22,2,6,0
0x99c8bb,98.3838%,8,487,495,0,0,8,487
0x483171,72.4138%,8,21,29,0,0,8,21
0x8a6984,33.3333%,8,4,12,3,8,0,1
0x8dbd7a,95.6989%,8,178,186,0,0,8,178
0xa51ea1,75%,8,24,32,0,4,4,24
0x9a32f9,94.5205%,8,138,146,0,0,8,138
0x99af52,82.9787%,8,39,47,36,4,4,3
0x65a10c,99.5046%,8,1607,1615,150,2,6,1457
0x99bb2e,95.7895%,8,182,190,161,8,0,21
0x97bae9,92.9825%,8,106,114,106,8,0,0
0x8f41bf,97.5385%,8,317,325,317,8,0,0
0x889eda,63.6364%,8,14,22,2,4,4,12
0x9f4f9b,96.4758%,8,219,227,0,0,8,219
0x402d64,76.4706%,8,26,34,0,0,8,26
0x814ede,55.5556%,8,10,18,10,8,0,0
0x97ba43,92.9825%,8,106,114,106,8,0,0
0x9f5765,71.4286%,8,20,28,0,0,8,20
0x5bacf1,93.7984%,8,121,129,121,8,0,0
0x96c08d,96.0591%,8,195,203,195,8,0,0
0xa58583,93.2773%,8,111,119,0,0,8,111
0x490bba,80.4878%,8,33,41,0,0,8,33
0xab332a,93.9394%,8,124,132,0,0,8,124
0x9c538a,50%,8,8,16,0,8,0,8
0xa97527,94.6309%,8,141,149,0,6,2,141
0xb14854,99.8121%,8,4250,4258,0,0,8,4250
0x9a241f,80%,8,32,40,32,8,0,0
0x815d1f,80.4878%,8,33,41,33,8,0,0
0x8f432b,99.449%,8,1444,1452,1444,8,0,0
0x49ec6c,95.0311%,8,153,161,0,0,8,153
0x808f06,95.9799%,8,191,199,177,5,3,14
0x503e4b,97.4277%,8,303,311,0,0,8,303
0xa4967e,38.4615%,8,5,13,5,8,0,0
0x58d1d3,60%,8,12,20,12,8,0,0
0x809254,95.9799%,8,191,199,191,8,0,0
0x9f4524,90%,8,72,80,72,8,0,0
0x542be1,97.8022%,8,356,364,356,6,2,0
0x9f4ee4,93.3884%,8,113,121,0,0,8,113
0xaab643,98.9305%,8,740,748,0,0,8,740
0xa29cfb,50%,8,8,16,8,8,0,0
0x96995b,79.4872%,8,31,39,31,8,0,0
0x590dc7,97.6119%,8,327,335,0,1,7,327
0x8ff29b,90.4762%,8,76,84,3,4,4,73
0xa47316,80.9524%,8,34,42,0,0,8,34
0xa15c54,97.9003%,8,373,381,373,2,6,0
0x8152aa,50%,8,8,16,1,7,1,7
0x9e830e,68%,8,17,25,0,0,8,17
0xaa46a4,96.7347%,8,237,245,237,8,0,0
0x5572c5,96.7078%,8,235,243,235,8,0,0
0x4bc0e7,46.6667%,8,7,15,7,8,0,0
0x49c3d6,50%,8,8,16,2,4,4,6
0x402041,96.3964%,8,214,222,0,3,5,214
0x40a34d,87.6923%,8,57,65,55,3,5,2
0x822338,79.4872%,8,31,39,31,8,0,0
0x9e0feb,90%,8,72,80,72,8,0,0
0x8a77a3,89.6104%,8,69,77,3,2,6,66
0xa2e7d8,90.5882%,8,77,85,29,4,4,48
0x80a4c7,99.051%,8,835,843,276,6,2,559
0x943945,89.3333%,8,67,75,0,0,8,67
0x820d43,99.4302%,8,1396,1404,0,2,6,1396
0xa312ee,65.2174%,8,15,23,0,0,8,15
0x4b62b4,83.6735%,8,41,49,0,0,8,41
0x48ebdf,66.6667%,8,16,24,12,0,8,4
0x403d04,92.9204%,8,105,113,56,3,5,49
0x8f6c48,92.6606%,8,101,109,101,8,0,0
0x8f6a9c,93.2773%,8,111,119,107,2,6,4
0xaa25ff,63.6364%,8,14,22,0,0,8,14
0x908299,99.6276%,8,2140,2148,0,0,8,2140
0x901933,97.7591%,8,349,357,0,0,8,349
0x820915,27.2727%,8,3,11,3,8,0,0
0x49ba9e,0%,8,0,8,0,0,8,0
0xa907cf,96.4912%,8,220,228,220,8,0,0
0xa3d14d,0%,8,0,8,0,0,8,0
0xa4cf18,42.8571%,8,6,14,0,0,8,6
0x4a9739,86.6667%,8,52,60,0,0,8,52
0x906b05,97.7654%,8,350,358,350,8,0,0
0x9e118e,72.4138%,8,21,29,21,8,0,0
0x48bfa9,20%,8,2,10,0,0,8,2
0x9aa0e4,85.1852%,8,46,54,0,0,8,46
0x5c78cb,90%,8,72,80,72,8,0,0
0x9e2a6f,89.1892%,8,66,74,0,0,8,66
0x8e133d,99.5937%,8,1961,1969,0,0,8,1961
0xaadb62,94.0741%,8,127,135,0,0,8,127
0x8f4e6b,99.6806%,8,2497,2505,2497,8,0,0
0xa3ac28,42.8571%,8,6,14,3,7,1,3
0x8aad57,63.6364%,8,14,22,0,0,8,14
0x59c2e6,96.2617%,8,206,214,206,1,7,0
0x677c3c,97.7591%,8,349,357,349,8,0,0
0x7c7437,50%,8,8,16,0,8,0,8
0x8de862,94.4444%,8,136,144,136,8,0,0
0x54facd,94.4056%,8,135,143,0,0,8,135
0x51b64b,20%,8,2,10,0,5,3,2
0x7c66a7,95.9391%,8,189,197,0,2,6,189
0x8a750d,96.8992%,8,250,258,250,8,0,0
0x5b9e29,84.9057%,8,45,53,45,0,8,0
0x9714a5,0%,8,0,8,0,8,0,0
0x41081b,61.9048%,8,13,21,0,0,8,13
0x501959,99.0453%,8,830,838,0,0,8,830
0x8bb6aa,90.2439%,8,74,82,65,4,4,9
0x8a6eeb,97.026%,8,261,269,261,8,0,0
0x8be8d0,65.2174%,8,15,23,15,8,0,0
0x638efe,97.6331%,8,330,338,330,8,0,0
0x80bdbb,20%,8,2,10,0,5,3,2
0xa30e1d,95.8333%,8,184,192,0,0,8,184
0x5960a5,57.8947%,8,11,19,1,5,3,10
0x813e0e,99.1507%,8,934,942,0,0,8,934
0x811de3,99.3416%,8,1207,1215,0,0,8,1207
0x9f5c64,71.4286%,8,20,28,0,0,8,20
0x63ebac,99.7161%,8,2810,2818,0,0,8,2810
0xaada61,96.8627%,8,247,255,247,8,0,0
0x48ee24,97.5831%,8,323,331,0,0,8,323
0x9f3b9c,52.9412%,8,9,17,9,8,0,0
0x63f847,99.7678%,8,3437,3445,3437,8,0,0
0x64af68,99.8593%,8,5679,5687,0,0,8,5679
0xa355d7,97.351%,8,294,302,0,0,8,294
0x9f88d4,73.3333%,8,22,30,7,4,4,15
0x66d44e,99.4536%,8,1456,1464,0,0,8,1456
0x48f7a4,85.4545%,8,47,55,0,0,8,47
0x8e7e5b,96.4286%,8,216,224,0,0,8,216
0x8e23c6,99.9286%,8,11197,11205,0,0,8,11197
0x99bb26,95.7895%,8,182,190,0,0,8,182
0x81197e,80.4878%,8,33,41,33,6,2,0
0x9f59fe,89.3333%,8,67,75,0,0,8,67
0x9f7b2f,90.5882%,8,77,85,0,6,2,77
0x9f1dcc,89.7436%,8,70,78,70,8,0,0
0x95b406,27.2727%,8,3,11,3,8,0,0
0x94dd16,98.6371%,8,579,587,0,0,8,579
0x441d22,27.2727%,8,3,11,3,8,0,0
0xa35951,95.6757%,8,177,185,8,2,6,169
0x820cd7,27.2727%,8,3,11,3,8,0,0
0x8a5f3d,90.6977%,8,78,86,1,8,0,77
0xa2f262,78.9474%,8,30,38,0,0,8,30
0xa8ee5d,42.8571%,8,6,14,0,0,8,6
0x837d1a,92.3077%,8,96,104,0,0,8,96
0x8379c1,92.3077%,8,96,104,27,1,7,69
0xa980c8,94.6309%,8,141,149,0,0,8,141
0x5b2dcf,89.3333%,8,67,75,67,8,0,0
0x8380c7,95.4545%,8,168,176,0,0,8,168
0x8dfa31,0%,8,0,8,0,2,6,0
0x8164b5,85.1852%,8,46,54,46,6,2,0
0x5bb810,99.1727%,8,959,967,959,8,0,0
0x59c58e,91.2088%,8,83,91,83,8,0,0
0x58d238,87.0968%,8,54,62,54,8,0,0
0x4a7988,78.3784%,8,29,37,29,8,0,0
0x8055b2,57.8947%,8,11,19,11,8,0,0
0x4024d6,92.5926%,8,100,108,0,0,8,100
0x53c649,98.9204%,8,733,741,0,0,8,733
0x59bf8f,84.9057%,8,45,53,45,8,0,0
0x53b9c9,93.9394%,8,124,132,122,8,0,2
0x7c21bd,93.6508%,8,118,126,7,3,5,111
0x5efc4c,88.5714%,8,62,70,60,7,1,2
0xa9012f,94.702%,8,143,151,0,0,8,143
0x4931eb,79.4872%,8,31,39,31,8,0,0
0x9e61a4,86.2069%,8,50,58,50,8,0,0
0xa5579f,90.3614%,8,75,83,75,8,0,0
0x81aea7,99.0566%,8,840,848,840,3,5,0
0x492ab9,84%,8,42,50,42,8,0,0
0x806099,99.4039%,8,1334,1342,1334,4,4,0
0xa5065f,78.9474%,8,30,38,30,7,1,0
0xa508e5,97.7901%,8,354,362,0,4,4,354
0x94d732,98.5816%,8,556,564,556,8,0,0
0x80e000,96.3636%,8,212,220,212,8,0,0
0xa9ce23,87.6923%,8,57,65,0,0,8,57
0xa96678,0%,8,0,8,0,8,0,0
0x838fd8,60%,8,12,20,9,1,7,3
0x95b63c,0%,8,0,8,0,4,4,0
0xa50b41,57.8947%,8,11,19,0,0,8,11
0x5338f4,78.9474%,8,30,38,25,6,2,5
0x81c721,88.5714%,8,62,70,0,0,8,62
0xa55f1e,52.9412%,8,9,17,3,3,5,6
0xa9da6a,96.4126%,8,215,223,0,0,8,215
0x9f1a25,20%,8,2,10,2,8,0,0
0x5b1c97,82.9787%,8,39,47,29,7,1,10
0x8e4b60,95.5056%,8,170,178,0,0,8,170
0x58d9ba,94.4828%,8,137,145,137,8,0,0
0xa44f97,55.5556%,8,10,18,1,3,5,9
0x5b41cf,74.1935%,8,23,31,0,0,8,23
0xa92ace,81.3953%,8,35,43,0,0,8,35
0x83779b,0%,8,0,8,0,3,5,0
0x837693,82.2222%,8,37,45,37,3,5,0
0x6188f3,97.5155%,8,314,322,0,0,8,314
0x4a9ef7,95.6757%,8,177,185,0,0,8,177
0x9a0ae9,71.4286%,8,20,28,0,0,8,20
0x8eaed6,88.8889%,8,64,72,0,0,8,64
0xa31fb8,77.7778%,8,28,36,28,8,0,0
0x9e125a,70.3704%,8,19,27,0,0,8,19
0xaae695,82.9787%,8,39,47,0,0,8,39
0x550a0a,76.4706%,8,26,34,26,8,0,0
0x4810ed,57.8947%,8,11,19,11,8,0,0
0x4813fa,57.8947%,8,11,19,1,0,8,10
0x973ca4,90.4762%,8,76,84,0,0,8,76
0x5905ec,77.7778%,8,28,36,0,6,2,28
0x5fa03f,96.3801%,8,213,221,213,8,0,0
0x81596a,98.4674%,8,514,522,0,0,8,514
0x58bd04,90.2439%,8,74,82,74,8,0,0
0xa494f4,98.419%,8,498,506,498,8,0,0
0x481e14,57.8947%,8,11,19,0,0,8,11
0xa95d59,98.6063%,8,566,574,553,3,5,13
0xa97461,92.5234%,8,99,107,99,8,0,0
0x53e8c1,94.8052%,8,146,154,0,0,8,146
0x64f467,66.6667%,8,16,24,0,0,8,16
0x48f169,33.3333%,8,4,12,4,8,0,0
0x539249,98.419%,8,498,506,498,6,2,0
0x8eaee2,88.8889%,8,64,72,0,0,8,64
0x88e9b6,79.4872%,8,31,39,31,8,0,0
0x88e9ec,79.4872%,8,31,39,0,0,8,31
0x51b0ab,96.8379%,8,245,253,245,8,0,0
0xaef6da,0%,8,0,8,0,8,0,0
0x6471d1,61.9048%,8,13,21,0,0,8,13
0xa51e39,85.7143%,8,48,56,13,4,4,35
0x8e0c57,93.5484%,8,116,124,116,8,0,0
0x9ab854,94.4444%,8,136,144,0,0,8,136
0xa5283c,95.7447%,8,180,188,0,0,8,180
0x5b18b8,42.8571%,8,6,14,6,8,0,0
0x81de0d,99.7122%,8,2772,2780,2772,1,7,0
0x49dd65,71.4286%,8,20,28,0,0,8,20
0x495d7a,78.9474%,8,30,38,0,0,8,30
0x9b8fae,90.3614%,8,75,83,0,0,8,75
0xa8eeab,0%,8,0,8,0,8,0,0
0x4ba256,95.7672%,8,181,189,0,0,8,181
0x5f4b78,42.8571%,8,6,14,4,3,5,2
0x90e35e,88.0597%,8,59,67,59,8,0,0
0xa51671,80.9524%,8,34,42,0,0,8,34
0xa9c954,82.6087%,8,38,46,0,2,6,38
0x482f92,57.8947%,8,11,19,11,8,0,0
0x901ff4,98.2646%,8,453,461,0,0,8,453
0x4c4c2a,38.4615%,8,5,13,0,0,8,5
0x815204,50%,8,8,16,2,5,3,6
0x64dfdb,85.4545%,8,47,55,47,2,6,0
0x638dda,98.5375%,8,539,547,0,0,8,539
0x6117a5,89.4737%,8,68,76,25,8,0,43
0x9fec3a,73.3333%,8,22,30,22,8,0,0
0x9fec8c,73.3333%,8,22,30,22,8,0,0
0xa99e31,46.6667%,8,7,15,0,0,8,7
0x4b5509,42.8571%,8,6,14,3,5,3,3
0xa99d2d,27.2727%,8,3,11,0,0,8,3
0x678de3,65.2174%,8,15,23,0,0,8,15
0x545771,99.6791%,8,2485,2493,0,0,8,2485
0x51b49a,96.9231%,8,252,260,51,8,0,201
0x9ec255,85.7143%,8,48,56,48,2,6,0
0x9698fe,88.8889%,8,64,72,0,0,8,64
0x8a314d,20%,8,2,10,2,8,0,0
0x9fb191,91.9192%,8,91,99,54,8,0,37
0x90ca02,92.381%,8,97,105,0,0,8,97
0x5f137a,80%,8,32,40,0,4,4,32
0x8ef221,90.8046%,8,79,87,38,1,7,41
0x5f1380,77.7778%,8,28,36,12,8,0,16
0x507036,97.351%,8,294,302,0,0,8,294
0x503f18,11.1111%,8,1,9,0,8,0,1
0x8f45fe,33.3333%,8,4,12,0,0,8,4
0x94dd28,98.6371%,8,579,587,579,8,0,0
0x9ec281,84%,8,42,50,42,8,0,0
0x65a0bb,99.4681%,8,1496,1504,0,0,8,1496
0xaa4607,91.9192%,8,91,99,0,0,8,91
0x9eb6de,88.8889%,8,64,72,0,0,8,64
0x9fde8a,75%,8,24,32,0,7,1,24
0x9eb793,89.8734%,8,71,79,71,3,5,0
0x95c626,97.8022%,8,356,364,356,8,0,0
0x8aa9c9,87.3016%,8,55,63,0,0,8,55
0x9fcb47,68%,8,17,25,17,8,0,0
0x808ba6,97.5758%,8,322,330,0,0,8,322
0x49bcdc,77.1429%,8,27,35,0,0,8,27
0x49507d,46.6667%,8,7,15,2,3,5,5
0x41068f,95.6284%,8,175,183,1,5,3,174
0x722e69,63.6364%,8,14,22,2,2,6,12
0x5de6c8,99.3554%,8,1233,1241,427,4,4,806
0xa4ff97,89.4737%,8,68,76,0,0,8,68
0x8ea2d5,99.3469%,8,1217,1225,1217,8,0,0
0x679b8f,98.579%,8,555,563,465,4,4,90
0x5f1046,77.7778%,8,28,36,28,8,0,0
0xa54137,38.4615%,8,5,13,3,8,0,2
0x50339b,78.3784%,8,29,37,0,0,8,29
0x6f5326,98.4674%,8,514,522,514,8,0,0
0x556ca1,96.7611%,8,239,247,239,8,0,0
0x8e3fc7,0%,8,0,8,0,8,0,0
0x8e5ed7,75%,8,24,32,0,0,8,24
0x9f9a41,92.6606%,8,101,109,101,8,0,0
0xa41b76,98.9432%,8,749,757,749,8,0,0
0x58dbb3,94.702%,8,143,151,139,5,3,4
0x643986,76.4706%,8,26,34,0,0,8,26
0x80a8e8,99.0566%,8,840,848,2,3,5,838
0xa501da,52.9412%,8,9,17,9,8,0,0
0x441837,27.2727%,8,3,11,0,0,8,3
0x53ba19,42.8571%,8,6,14,4,8,0,2
0x64ba9d,99.4273%,8,1389,1397,0,0,8,1389
0xa4cfbb,0%,8,0,8,0,8,0,0
0xa4d87b,93.3884%,8,113,121,0,0,8,113
0x9e88a5,90.1235%,8,73,81,72,4,4,1
0xa9bd08,20%,8,2,10,2,8,0,0
0x40e84a,20%,8,2,10,0,5,3,2
0x8e2fda,96.6245%,8,229,237,229,4,4,0
0x8a5f93,96.3303%,8,210,218,210,6,2,0
0x4464da,98.6371%,8,579,587,579,8,0,0
0x483165,72.4138%,8,21,29,0,0,8,21
0x9a332b,94.5205%,8,138,146,53,2,6,85
0x8efb3b,80.9524%,8,34,42,34,4,4,0
0x533bfd,11.1111%,8,1,9,0,0,8,1
0x5dd931,93.985%,8,125,133,0,0,8,125
0x4a6cb5,91.9192%,8,91,99,0,0,8,91
0x491498,95.0311%,8,153,161,153,8,0,0
0x808ff3,66.6667%,8,16,24,0,0,8,16
0x973759,80%,8,32,40,0,0,8,32
0x8fdb17,55.5556%,8,10,18,6,3,5,4
0x61f3f5,60%,8,12,20,12,8,0,0
0x59c2cd,96.2617%,8,206,214,206,8,0,0
0xa3a218,98.797%,8,657,665,0,0,8,657
0x50627a,98.7635%,8,639,647,0,0,8,639
0x8df1e0,85.4545%,8,47,55,47,8,0,0
0x4ba077,60%,8,12,20,4,3,5,8
0x99d300,11.1111%,8,1,9,1,8,0,0
0x509d06,99.2819%,8,1106,1114,0,0,8,1106
0x50cdf8,97.5078%,8,313,321,0,0,8,313
0x501b5f,98.9717%,8,770,778,0,0,8,770
0x50ad09,92.7928%,8,103,111,0,0,8,103
0x597101,98.1609%,8,427,435,0,0,8,427
0x8ea34d,99.3469%,8,1217,1225,1217,8,0,0
0xa2dc9b,77.7778%,8,28,36,28,8,0,0
0x9dfdf1,95.5556%,8,172,180,172,8,0,0
0x917ac9,96%,8,192,200,0,0,8,192
0x8ad652,91.3978%,8,85,93,85,6,2,0
0xaa88de,93.5484%,8,116,124,0,0,8,116
0x9c3bb4,77.7778%,8,28,36,28,8,0,0
0x973736,33.3333%,8,4,12,1,4,4,3
0xa31b6e,74.1935%,8,23,31,0,6,2,23
0x60ae22,84%,8,42,50,42,8,0,0
0xa2d6a6,95.9596%,8,190,198,0,4,4,190
0x4c8aa0,93.985%,8,125,133,0,0,8,125
0x546a6e,78.9474%,8,30,38,0,0,8,30
0x906d5e,95.9184%,8,188,196,0,0,8,188
0x58c532,90.6977%,8,78,86,7,5,3,71
0xa17f96,97.8667%,8,367,375,0,0,8,367
0x7dfce6,60%,8,12,20,12,8,0,0
0x58c559,33.3333%,8,4,12,0,0,8,4
0xa06ea6,78.9474%,8,30,38,10,3,5,20
0x833e5c,0%,8,0,8,0,0,8,0
0x8bd8a1,60%,8,12,20,0,0,8,12
0x8220ee,97.3856%,8,298,306,298,8,0,0
0x405ec3,95.5056%,8,170,178,0,0,8,170
0x590c47,80.9524%,8,34,42,18,2,6,16
0x7d2ed8,96.8992%,8,250,258,250,8,0,0
0x441da5,27.2727%,8,3,11,3,8,0,0
0x502255,93.8931%,8,123,131,2,3,5,121
0x8a93cf,99.4558%,8,1462,1470,0,0,8,1462
0x504542,98.9189%,8,732,740,0,0,8,732
0x50454a,98.9189%,8,732,740,0,0,8,732
0xa5432f,57.8947%,8,11,19,0,0,8,11
0xa54dcd,93.1034%,8,108,116,0,0,8,108
0xa3151c,0%,8,0,8,0,8,0,0
0xa44a2f,98.4848%,8,520,528,520,8,0,0
0x99e165,38.4615%,8,5,13,0,0,8,5
0xa44b1f,0%,8,0,8,0,8,0,0
0x5f8895,91.6667%,8,88,96,88,8,0,0
0x5937b0,57.8947%,8,11,19,0,0,8,11
0xb18385,99.204%,8,997,1005,0,0,8,997
0x48bf6e,20%,8,2,10,0,0,8,2
0x48b253,97.5078%,8,313,321,313,8,0,0
0x9ab8ed,96.5957%,8,227,235,0,0,8,227
0x97265d,97.0696%,8,265,273,0,0,8,265
0x9edc70,87.5%,8,56,64,56,8,0,0
0x503edf,11.1111%,8,1,9,1,8,0,0
0x4ad328,60%,8,12,20,12,8,0,0
0x5f79f6,96.1353%,8,199,207,0,0,8,199
0x8eb940,98.3573%,8,479,487,479,8,0,0
0x8dea48,93.8462%,8,122,130,0,0,8,122
0xa2386b,87.6923%,8,57,65,0,0,8,57
0x4106f6,11.1111%,8,1,9,0,0,8,1
0x9a6160,72.4138%,8,21,29,0,2,6,21
0x5be815,61.9048%,8,13,21,13,8,0,0
0x60b0ba,84%,8,42,50,42,8,0,0
0x822534,98.1043%,8,414,422,0,6,2,414
0x5074ad,93.75%,8,120,128,120,6,2,0
0x507486,0%,8,0,8,0,0,8,0
0xaaaeaa,93.8462%,8,122,130,0,0,8,122
0x50776c,55.5556%,8,10,18,0,8,0,10
0x5f27a8,74.1935%,8,23,31,0,0,8,23
0x9a8a50,87.0968%,8,54,62,54,8,0,0
0x50ce91,74.1935%,8,23,31,23,8,0,0
0x69ddca,33.3333%,8,4,12,4,8,0,0
0x9bd583,85.4545%,8,47,55,37,6,2,10
0x8dba57,50%,8,8,16,1,7,1,7
0x4bdddd,70.3704%,8,19,27,6,7,1,13
0xa60a27,97.3684%,8,296,304,0,0,8,296
0x5f88fb,0%,8,0,8,0,8,0,0
0x53583c,60%,8,12,20,12,8,0,0
0x8142e9,99.5935%,8,1960,1968,0,0,8,1960
0x53589f,87.3016%,8,55,63,41,4,4,14
0xa314da,84.6154%,8,44,52,0,0,8,44
0x509684,75%,8,24,32,2,1,7,22
0x65a133,99.4532%,8,1455,1463,0,0,8,1455
0x7c5d86,42.8571%,8,6,14,6,8,0,0
0x509012,57.8947%,8,11,19,5,8,0,6
0x8fe419,93.3333%,8,112,120,2,0,8,110
0x40461d,11.1111%,8,1,9,1,8,0,0
0x8f3da2,95.4023%,8,166,174,0,0,8,166
0x5fe9db,89.1892%,8,66,74,24,7,1,42
0x9f4aaa,97.7077%,8,341,349,341,8,0,0
0x502c09,38.4615%,8,5,13,0,0,8,5
0xa41b48,98.9432%,8,749,757,0,0,8,749
0x8103e1,98.556%,8,546,554,0,0,8,546
0x50a91e,84.3137%,8,43,51,43,8,0,0
0x959341,93.75%,8,120,128,116,8,0,4
0x4b66ec,60%,8,12,20,5,4,4,7
0x5afd23,68%,8,17,25,17,8,0,0
0x5afe97,61.9048%,8,13,21,0,0,8,13
0x5aeb77,68%,8,17,25,16,5,3,1
0x403bfa,97.3064%,8,289,297,0,0,8,289
0xa4109c,81.3953%,8,35,43,1,7,1,34
0x970edf,99.4616%,8,1478,1486,0,0,8,1478
0x81fc20,97.5232%,8,315,323,304,5,3,11
0xa486c6,96.6942%,8,234,242,0,0,8,234
0xa45669,95.0617%,8,154,162,154,8,0,0
0xa90b23,42.8571%,8,6,14,4,4,4,2
0x4831c1,72.4138%,8,21,29,0,0,8,21
0x4831d4,93.1034%,8,108,116,0,0,8,108
0x904a90,97.3422%,8,293,301,0,0,8,293
0xa3d65a,0%,8,0,8,0,8,0,0
0x5b8cfc,20%,8,2,10,0,8,0,2
0xa4589f,80.4878%,8,33,41,0,0,8,33
0x66f6a8,52.9412%,8,9,17,3,4,4,6
0x667335,74.1935%,8,23,31,23,8,0,0
0x534999,11.1111%,8,1,9,0,0,8,1
0x8f54a0,33.3333%,8,4,12,0,0,8,4
0x94cff4,82.9787%,8,39,47,39,8,0,0
0x8ee546,80.9524%,8,34,42,0,0,8,34
0x4bc378,97.5684%,8,321,329,321,8,0,0
0x5914e5,57.8947%,8,11,19,11,8,0,0
0x5fc069,86.4407%,8,51,59,51,6,2,0
0xa94911,84.6154%,8,44,52,0,4,4,44
0x48266d,57.8947%,8,11,19,11,8,0,0
0xa28216,96.1722%,8,201,209,201,5,3,0
0xa48b3e,95.2096%,8,159,167,159,8,0,0
0x8be771,55.5556%,8,10,18,10,8,0,0
0xa41299,0%,8,0,8,0,0,8,0
0xa415bb,0%,8,0,8,0,8,0,0
0xa49a0f,20%,8,2,10,2,8,0,0
0x65a123,99.4532%,8,1455,1463,0,0,8,1455
0x5fae9d,75.7576%,8,25,33,0,0,8,25
0x90a768,89.1892%,8,66,74,0,0,8,66
0x627d6f,65.2174%,8,15,23,0,0,8,15
0x8193d6,88.2353%,8,60,68,33,1,7,27
0x5f6cad,46.6667%,8,7,15,7,8,0,0
0x972ca3,94.2857%,8,132,140,0,0,8,132
0x7f0ab2,69.2308%,8,18,26,17,8,0,1
0x5f7aaa,96.1165%,8,198,206,32,7,1,166
0x4c6508,71.4286%,8,20,28,0,0,8,20
0x8bb6b6,38.4615%,8,5,13,5,8,0,0
0xa47e9f,33.3333%,8,4,12,0,0,8,4
0x96b1e4,99.118%,8,899,907,0,0,8,899
0xa5d16b,68%,8,17,25,0,1,7,17
0x8f36ce,92.0792%,8,93,101,93,8,0,0
0x48ed25,68%,8,17,25,17,8,0,0
0x99cd9b,11.1111%,8,1,9,1,8,0,0
0x9e1af6,93.2203%,8,110,118,0,0,8,110
0x647a2a,33.3333%,8,4,12,4,8,0,0
0x5f837d,61.9048%,8,13,21,1,3,5,12
0x555ded,60%,8,12,20,0,0,8,12
0x904381,98.3936%,8,490,498,0,0,8,490
0x790fa5,82.2222%,8,37,45,0,0,8,37
0x64f50e,66.6667%,8,16,24,16,8,0,0
0x5b0566,87.6923%,8,57,65,57,6,2,0
0x50d658,89.8734%,8,71,79,71,8,0,0
0x5f9dc7,65.2174%,8,15,23,1,1,7,14
0x6402ff,99.7161%,8,2810,2818,2810,8,0,0
0x8c8aa5,90.4762%,8,76,84,2,2,6,74
0x5ff104,79.4872%,8,31,39,31,8,0,0
0x7dfc79,0%,8,0,8,0,0,8,0
0x5ff22c,92.1569%,8,94,102,10,8,0,84
0xa42bdf,86.2069%,8,50,58,2,2,6,48
0xa41154,68%,8,17,25,0,0,8,17
0xa47af5,57.8947%,8,11,19,11,3,5,0
0x822643,95.6989%,8,178,186,0,0,8,178
0x8fefa4,97.7337%,8,345,353,0,0,8,345
0x5fb768,85.4545%,8,47,55,47,8,0,0
0x5e78ce,89.0411%,8,65,73,65,8,0,0
0x9a94a7,80%,8,32,40,0,0,8,32
0x9a944a,60%,8,12,20,12,6,2,0
0x40a310,91.2088%,8,83,91,83,8,0,0
0x8144a6,98.5019%,8,526,534,0,0,8,526
0xa50b7b,57.8947%,8,11,19,0,3,5,11
0x4a7232,96.4286%,8,216,224,0,1,7,216
0x50899c,98.0149%,8,395,403,392,7,1,3
0x65a201,96.8504%,8,246,254,1,5,3,245
0xa58817,60%,8,12,20,12,8,0,0
0x58cd25,95.1515%,8,157,165,0,0,8,157
0x9f473b,98.6532%,8,586,594,0,0,8,586
0x40aa88,68%,8,17,25,17,2,6,0
0x9487cc,79.4872%,8,31,39,0,0,8,31
0xa577e0,42.8571%,8,6,14,0,0,8,6
0xa589c7,94.5205%,8,138,146,0,0,8,138
0x90ab35,70.3704%,8,19,27,19,8,0,0
0x8e5371,50%,8,8,16,8,8,0,0
0x8055dc,91.0112%,8,81,89,81,8,0,0
0xa45e8b,87.5%,8,56,64,0,0,8,56
0x4c6684,71.4286%,8,20,28,12,0,8,8
0x552ad3,75%,8,24,32,0,0,8,24
0x4c750e,55.5556%,8,10,18,8,8,0,2
0x9a738b,55.5556%,8,10,18,2,8,0,8
0x48b17b,81.3953%,8,35,43,0,0,8,35
0x697967,85.7143%,8,48,56,0,0,8,48
0xa8ee86,0%,8,0,8,0,0,8,0
0x9edf3d,93.4959%,8,115,123,115,8,0,0
0x677d64,98.4962%,8,524,532,524,8,0,0
0x4b58df,97.037%,8,262,270,0,0,8,262
0x63d177,96%,8,192,200,192,8,0,0
0x65a34b,99.6959%,8,2623,2631,0,0,8,2623
0x9f1261,20%,8,2,10,2,8,0,0
0xa58319,0%,8,0,8,0,8,0,0
0x6d45db,94.4828%,8,137,145,137,8,0,0
0x54d808,50%,8,8,16,0,0,8,8
0xa2827b,93.6508%,8,118,126,118,8,0,0
0x5fe82c,85.7143%,8,48,56,46,7,1,2
0x4c4856,86.6667%,8,52,60,52,8,0,0
0x4c4720,87.0968%,8,54,62,49,8,0,5
0xa91c6c,96.7871%,8,241,249,241,8,0,0
0xa5baeb,88.8889%,8,64,72,3,4,4,61
0x835c7a,20%,8,2,10,2,8,0,0
0x481b6c,57.8947%,8,11,19,11,8,0,0
0x81b54e,97.4763%,8,309,317,0,0,8,309
0x8173b9,91.3043%,8,84,92,0,0,8,84
0xa97f04,42.8571%,8,6,14,2,0,8,4
0x4b856a,27.2727%,8,3,11,3,8,0,0
0x917886,95.0617%,8,154,162,11,1,7,143
0x792174,61.9048%,8,13,21,9,6,2,4
0x63bb8f,99.386%,8,1295,1303,0,0,8,1295
0x8220b7,97.3856%,8,298,306,298,8,0,0
0x81d546,86.6667%,8,52,60,52,8,0,0
0x4be8d6,11.1111%,8,1,9,0,8,0,1
0x4c985d,20%,8,2,10,2,8,0,0
0x8db6f9,98.2379%,8,446,454,446,8,0,0
0x7d26e8,97.5155%,8,314,322,314,8,0,0
0xa9190c,52.9412%,8,9,17,9,8,0,0
0x495064,46.6667%,8,7,15,6,7,1,1
0x4b8155,27.2727%,8,3,11,2,7,1,1
0x814973,99.3475%,8,1218,1226,1218,6,2,0
0x814044,96.8254%,8,244,252,244,8,0,0
0x81b72a,57.8947%,8,11,19,11,8,0,0
0x4bd796,70.3704%,8,19,27,0,0,8,19
0x49ff83,99.4509%,8,1449,1457,0,0,8,1449
0xa45c00,88.0597%,8,59,67,59,5,3,0
0x63d4ed,98.9717%,8,770,778,770,8,0,0
0x4c649f,71.4286%,8,20,28,0,0,8,20
0x9a765a,42.8571%,8,6,14,6,4,4,0
0x533787,78.9474%,8,30,38,27,4,4,3
0x48d9dd,98.3122%,8,466,474,0,0,8,466
0x8e3757,99.5953%,8,1969,1977,0,0,8,1969
0x9d071a,84.3137%,8,43,51,43,8,0,0
0x4c59cb,85.4545%,8,47,55,28,3,5,19
0x4c59bb,85.4545%,8,47,55,0,0,8,47
0x8bcc85,46.6667%,8,7,15,7,8,0,0
0x9edc0d,93.6508%,8,118,126,118,8,0,0
0x639c3e,98.773%,8,644,652,644,8,0,0
0x8baded,98.1941%,8,435,443,0,0,8,435
0x63dd6b,99.1675%,8,953,961,953,8,0,0
0x49ddb0,71.4286%,8,20,28,0,0,8,20
0xa59270,93.2773%,8,111,119,8,2,6,103
0xa5bade,88.8889%,8,64,72,0,0,8,64
0x81b841,33.3333%,8,4,12,2,4,4,2
0x90967f,99.5692%,8,1849,1857,1849,8,0,0
0x49eed9,85.7143%,8,48,56,0,0,8,48
0x4bb2c5,82.9787%,8,39,47,16,1,7,23
0x68374c,90.1235%,8,73,81,34,0,8,39
0x9f96ba,88.2353%,8,60,68,60,8,0,0
0x9aa43a,63.6364%,8,14,22,0,0,8,14
0x502dda,57.8947%,8,11,19,0,0,8,11
0x4c9f6e,95.6522%,8,176,184,176,8,0,0
0x9eedcd,96.5217%,8,222,230,0,0,8,222
0x969529,76.4706%,8,26,34,26,8,0,0
0x9a9f2f,71.4286%,8,20,28,20,8,0,0
0x97381c,78.9474%,8,30,38,30,8,0,0
0xa90261,78.9474%,8,30,38,30,8,0,0
0x8f1a34,83.3333%,8,40,48,39,1,7,1
0x9784d2,98.2571%,8,451,459,451,8,0,0
0x4aab50,80.4878%,8,33,41,6,5,3,27
0x7d1f44,84.3137%,8,43,51,43,8,0,0
0x48bb5a,20%,8,2,10,0,0,8,2
0x606e27,0%,8,0,8,0,8,0,0
0xb14934,99.7864%,8,3737,3745,3737,8,0,0
0x40d53e,95.3488%,8,164,172,0,0,8,164
0x8f4a6c,99.6806%,8,2497,2505,2497,8,0,0
0xa15cc8,33.3333%,8,4,12,3,3,5,1
0x973230,80%,8,32,40,32,8,0,0
0x58baa3,92.7273%,8,102,110,102,8,0,0
0x64f27a,63.6364%,8,14,22,13,5,3,1
0x441a52,27.2727%,8,3,11,0,0,8,3
0x559058,97.6812%,8,337,345,8,4,4,329
0x61026e,75.7576%,8,25,33,0,0,8,25
0x51c823,99.9323%,8,11805,11813,0,0,8,11805
0x506f2a,60%,8,12,20,12,8,0,0
0x812775,84.6154%,8,44,52,0,0,8,44
0x639c85,98.6667%,8,592,600,592,8,0,0
0xa53e73,95.122%,8,156,164,0,0,8,156
0x4a9894,76.4706%,8,26,34,12,3,5,14
0x81f956,89.8734%,8,71,79,71,8,0,0
0x8eed56,94.2857%,8,132,140,0,0,8,132
0xa31507,84.6154%,8,44,52,42,2,6,2
0x822456,95.6989%,8,178,186,178,8,0,0
0x809e1a,94.702%,8,143,151,0,0,8,143
0x54f14f,81.3953%,8,35,43,0,0,8,35
0x903f5a,11.1111%,8,1,9,1,8,0,0
0x40b158,95.8549%,8,185,193,185,8,0,0
0x78f6d6,79.4872%,8,31,39,4,6,2,27
0x40bb97,97.3154%,8,290,298,290,8,0,0
0x9a9f6e,92.7928%,8,103,111,0,0,8,103
0x59916a,99.8217%,8,4479,4487,4479,8,0,0
0x95b5be,65.2174%,8,15,23,8,7,1,7
0x9a7147,42.8571%,8,6,14,5,4,4,1
0x7807a9,0%,8,0,8,0,0,8,0
0x99c890,98.3838%,8,487,495,487,8,0,0
0x8fc455,87.8788%,8,58,66,0,0,8,58
0x9abe7a,95.5556%,8,172,180,172,0,8,0
0xa55dd5,0%,8,0,8,0,0,8,0
0xa54f5c,68%,8,17,25,0,1,7,17
0x817338,66.6667%,8,16,24,16,7,1,0
0x5053ea,60%,8,12,20,1,7,1,11
0x90191c,97.878%,8,369,377,0,0,8,369
0xa5b0c7,11.1111%,8,1,9,0,7,1,1
0x901009,78.3784%,8,29,37,29,8,0,0
0x8221a6,97.0696%,8,265,273,0,0,8,265
0x507179,94.1176%,8,128,136,128,8,0,0
0x4b9c2f,88.7324%,8,63,71,63,8,0,0
0x90be72,93.2773%,8,111,119,111,8,0,0
0x40db94,99.8865%,8,7039,7047,0,0,8,7039
0x5b230b,96.6667%,8,232,240,0,0,8,232
0x9e6e7b,0%,8,0,8,0,0,8,0
0x596933,95.5801%,8,173,181,0,0,8,173
0x7d2b52,38.4615%,8,5,13,5,8,0,0
0x8a7773,90.8046%,8,79,87,0,0,8,79
0x8e1f44,97.9644%,8,385,393,0,0,8,385
0xa9c70b,94.3662%,8,134,142,134,8,0,0
0x4993e8,81.8182%,8,36,44,36,8,0,0
0x5e5e18,99.2024%,8,995,1003,995,8,0,0
0x78e079,0%,8,0,8,0,4,4,0
0x9739ef,80%,8,32,40,0,0,8,32
0x54f15a,81.3953%,8,35,43,0,0,8,35
0x973a30,80%,8,32,40,0,0,8,32
0x67f731,92.4528%,8,98,106,0,0,8,98
0x977fce,94.2446%,8,131,139,0,0,8,131
0x780225,94.8718%,8,148,156,148,8,0,0
0x9ef3a6,11.1111%,8,1,9,1,8,0,0
0xa9171a,77.7778%,8,28,36,28,8,0,0
0x8f1b59,94.3262%,8,133,141,0,0,8,133
0xa5d1a9,75.7576%,8,25,33,0,0,8,25
0x9a6351,42.8571%,8,6,14,0,0,8,6
0x5407f7,92.4528%,8,98,106,92,6,2,6
0x9d0793,86.8852%,8,53,61,53,8,0,0
0x4bf2eb,73.3333%,8,22,30,22,8,0,0
0x8d39ac,20%,8,2,10,2,8,0,0
0x8e0e73,98.063%,8,405,413,405,8,0,0
0x981335,89.3333%,8,67,75,57,5,3,10
0x981358,90%,8,72,80,0,0,8,72
0x4bb7a9,0%,8,0,8,0,0,8,0
0x8ad58e,96.5368%,8,223,231,0,2,6,223
0x65b158,38.4615%,8,5,13,0,0,8,5
0x814b1a,96.8872%,8,249,257,0,6,2,249
0x44180e,27.2727%,8,3,11,0,0,8,3
0x8daa98,96%,8,192,200,192,8,0,0
0x9799c5,77.7778%,8,28,36,28,8,0,0
0x80561c,91.0112%,8,81,89,0,0,8,81
0x9d0620,87.0968%,8,54,62,54,8,0,0
0x9d11ba,93.3333%,8,112,120,0,0,8,112
0x7aca99,75%,8,24,32,0,0,8,24
0xa63b72,93.6%,8,117,125,117,6,2,0
0xa1b560,68%,8,17,25,1,7,1,16
0x80fae4,90.6977%,8,78,86,78,8,0,0
0xa5919a,93.2773%,8,111,119,111,8,0,0
0x8ad751,91.3978%,8,85,93,85,6,2,0
0x78e060,81.3953%,8,35,43,34,1,7,1
0xa91ade,97.7961%,8,355,363,0,0,8,355
0x88a236,79.4872%,8,31,39,0,0,8,31
0x4c055f,74.1935%,8,23,31,0,0,8,23
0xa66386,70.3704%,8,19,27,19,8,0,0
0x9ab8f5,96.5957%,8,227,235,0,4,4,227
0xa6634c,11.1111%,8,1,9,0,0,8,1
0x4c0489,90.6977%,8,78,86,0,0,8,78
0x980d78,82.9787%,8,39,47,30,6,2,9
0x5b2909,82.9787%,8,39,47,39,0,8,0
0x48d7ad,99.5327%,8,1704,1712,0,0,8,1704
0xaaaa4f,90.2439%,8,74,82,0,1,7,74
0x822541,98.1043%,8,414,422,1,5,3,413
0xaa6424,0%,8,0,8,0,0,8,0
0x4a1b0d,83.6735%,8,41,49,0,6,2,41
0x984913,33.3333%,8,4,12,3,5,3,1
0x65a0ad,90.1235%,8,73,81,73,8,0,0
0x50ac93,61.9048%,8,13,21,0,0,8,13
0xb468d7,70.3704%,8,19,27,0,1,7,19
0xa54342,57.8947%,8,11,19,11,8,0,0
0x554d47,20%,8,2,10,2,8,0,0
0xa396da,42.8571%,8,6,14,0,0,8,6
0xa410ed,77.1429%,8,27,35,0,8,0,27
0xa994b5,27.2727%,8,3,11,0,0,8,3
0x4a8548,0%,8,0,8,0,0,8,0
0x4bc406,99.1614%,8,946,954,946,8,0,0
0x973378,11.1111%,8,1,9,1,6,2,0
0x555d59,99.2599%,8,1073,1081,0,0,8,1073
0x9f018a,93.1034%,8,108,116,108,8,0,0
0x488d5b,85.9649%,8,49,57,0,0,8,49
0x9f254f,91.9192%,8,91,99,0,4,4,91
0xa55ed0,38.4615%,8,5,13,1,4,4,4
0x9fb5cc,97.4441%,8,305,313,0,7,1,305
0x9f28f9,93.0435%,8,107,115,107,8,0,0
0x4ba956,74.1935%,8,23,31,23,8,0,0
0x8f683a,94.2857%,8,132,140,0,0,8,132
0x9846e5,33.3333%,8,4,12,2,6,2,2
0x9814ab,82.9787%,8,39,47,21,8,0,18
0x8f0b20,94.6667%,8,142,150,142,8,0,0
0x4b50d7,93.75%,8,120,128,115,5,3,5
0x4b5054,93.4426%,8,114,122,0,0,8,114
0x61031a,75.7576%,8,25,33,0,0,8,25
0x680607,65.2174%,8,15,23,15,8,0,0
0xa3942b,42.8571%,8,6,14,0,0,8,6
0xa39617,98.6733%,8,595,603,0,0,8,595
0x815e87,11.1111%,8,1,9,1,8,0,0
0x981cb6,71.4286%,8,20,28,0,8,0,20
0x5af0c2,20%,8,2,10,2,8,0,0
0xa9e24b,80%,8,32,40,6,4,4,26
0x9e761b,96.6805%,8,233,241,48,6,2,185
0x494305,92.381%,8,97,105,97,8,0,0
0x604358,33.3333%,8,4,12,0,0,8,4
0x9e731d,97.2509%,8,283,291,283,8,0,0
0x8aac09,20%,8,2,10,0,0,8,2
0x4c013e,92.8571%,8,104,112,104,8,0,0
0xa90bf6,94.1606%,8,129,137,129,8,0,0
0xa9d35d,80.9524%,8,34,42,0,0,8,34
0xaa0613,84%,8,42,50,0,0,8,42
0x6660a7,0%,8,0,8,0,0,8,0
0x981411,89.0411%,8,65,73,6,0,8,59
0x819402,98.9691%,8,768,776,0,0,8,768
0x9816d8,82.9787%,8,39,47,0,0,8,39
0x9d03df,85.1852%,8,46,54,32,4,4,14
0x4b6e1d,71.4286%,8,20,28,19,1,7,1
0x805999,99.4249%,8,1383,1391,0,0,8,1383
0xa1afcf,61.9048%,8,13,21,6,4,4,7
0x9ef0cc,99.1944%,8,985,993,0,6,2,985
0x673edd,57.8947%,8,11,19,11,8,0,0
0x97a476,55.5556%,8,10,18,2,2,6,8
0x9f9583,92.6606%,8,101,109,0,0,8,101
0xa5f814,94.1176%,8,128,136,0,0,8,128
0x858f29,38.4615%,8,5,13,4,3,5,1
0xa9d3bf,0%,8,0,8,0,8,0,0
0x94edc6,73.3333%,8,22,30,0,0,8,22
0x4b66db,71.4286%,8,20,28,1,7,1,19
0xa72214,70.3704%,8,19,27,0,0,8,19
0x9a3a13,38.4615%,8,5,13,0,0,8,5
0x5fa534,85.1852%,8,46,54,0,0,8,46
0x4b730a,27.2727%,8,3,11,1,8,0,2
0x4c2325,50%,8,8,16,8,8,0,0
0x4be367,27.2727%,8,3,11,0,0,8,3
0x8c8d46,0%,8,0,8,0,0,8,0
0x53fd08,97.377%,8,297,305,0,4,4,297
0x908e0e,99.8128%,8,4266,4274,0,0,8,4266
0x4b849a,27.2727%,8,3,11,1,8,0,2
0x5ae250,87.8788%,8,58,66,0,0,8,58
0x507d1d,55.5556%,8,10,18,10,4,4,0
0x63e527,99.1675%,8,953,961,0,3,5,953
0x8a8c2b,98.7302%,8,622,630,40,5,3,582
0x551182,70.8333%,7,17,24,3,0,7,14
0x51c2ae,99.7703%,7,3040,3047,0,0,7,3040
0x65c0d4,98.4513%,7,445,452,0,0,7,445
0x811911,70.8333%,7,17,24,17,7,0,0
0xa159be,98.1333%,7,368,375,368,7,0,0
0x63d809,95.0355%,7,134,141,134,7,0,0
0x82254b,98.3412%,7,415,422,0,0,7,415
0x814fa6,68.1818%,7,15,22,15,5,2,0
0x5fe9bd,68.1818%,7,15,22,15,7,0,0
0xa9c96b,84.0909%,7,37,44,3,5,2,34
0xa3fec1,75%,7,21,28,0,0,7,21
0x812360,99.3881%,7,1137,1144,0,0,7,1137
0xa3a4eb,98.8294%,7,591,598,0,0,7,591
0x4c2421,22.2222%,7,2,9,2,7,0,0
0x8e2b36,86.5385%,7,45,52,0,0,7,45
0x608c62,98.7365%,7,547,554,547,7,0,0
0x811ba5,99.0897%,7,762,769,0,0,7,762
0x403cc4,93.3333%,7,98,105,0,6,1,98
0x51292f,72%,7,18,25,18,3,4,0
0xb31544,91.4634%,7,75,82,1,4,3,74
0x815ca4,82.9268%,7,34,41,0,0,7,34
0x8aac8d,30%,7,3,10,3,7,0,0
0x99e6b9,46.1538%,7,6,13,0,0,7,6
0xa5c4fe,87.5%,7,49,56,0,0,7,49
0x4be4ac,0%,7,0,7,0,0,7,0
0xa4cf6d,12.5%,7,1,8,0,0,7,1
0x8eb660,81.0811%,7,30,37,0,0,7,30
0x8aed26,95.2055%,7,139,146,134,7,0,5
0x9edce6,89.0625%,7,57,64,0,0,7,57
0x9fb1aa,81.0811%,7,30,37,0,0,7,30
0x49c957,61.1111%,7,11,18,11,7,0,0
0x815184,97.8788%,7,323,330,0,0,7,323
0x808994,68.1818%,7,15,22,0,1,6,15
0x81ecba,99.5622%,7,1592,1599,1592,7,0,0
0x47fc8b,63.1579%,7,12,19,0,1,6,12
0x833dd9,12.5%,7,1,8,0,0,7,1
0x8df9e8,46.1538%,7,6,13,1,5,2,5
0x9ed43e,95.3333%,7,143,150,138,1,6,5
0x8ff8ab,93.913%,7,108,115,108,7,0,0
0x40a12f,46.1538%,7,6,13,0,0,7,6
0xb499ab,36.3636%,7,4,11,0,0,7,4
0x5f5318,99.767%,7,2997,3004,2997,7,0,0
0x48a300,99.6649%,7,2082,2089,0,0,7,2082
0xb1799c,99.3402%,7,1054,1061,0,0,7,1054
0xa334fb,99.8462%,7,4543,4550,0,0,7,4543
0x973de2,76.6667%,7,23,30,23,7,0,0
0x541818,98.6513%,7,512,519,512,7,0,0
0xa27371,77.4194%,7,24,31,15,6,1,9
0x7d2ae4,99.139%,7,806,813,426,2,5,380
0x99ebc1,46.1538%,7,6,13,0,0,7,6
0x9fc743,50%,7,7,14,7,7,0,0
0x8ec44f,99.5539%,7,1562,1569,1562,5,2,0
0x8ff741,50%,7,7,14,0,0,7,7
0x81f287,84.0909%,7,37,44,4,0,7,33
0x4c63f8,75%,7,21,28,19,7,0,2
0x902808,81.5789%,7,31,38,28,7,0,3
0x807f15,88.7097%,7,55,62,55,7,0,0
0x541bf5,87.037%,7,47,54,0,0,7,47
0x554f9e,87.2727%,7,48,55,47,5,2,1
0x40e249,90.5405%,7,67,74,0,0,7,67
0xa589f0,82.5%,7,33,40,0,0,7,33
0x90d04b,95.7055%,7,156,163,0,0,7,156
0x55223d,99.6564%,7,2030,2037,2030,7,0,0
0xa359c9,96%,7,168,175,0,0,7,168
0x5f8424,98.8014%,7,577,584,0,0,7,577
0x9d6891,93.8596%,7,107,114,107,5,2,0
0xa9173c,80.5556%,7,29,36,0,2,5,29
0x9778fe,80.5556%,7,29,36,0,0,7,29
0x48bf96,30%,7,3,10,0,5,2,3
0x4aafd5,36.3636%,7,4,11,4,7,0,0
0x5f9279,65%,7,13,20,6,1,6,7
0x9e77a9,0%,7,0,7,0,0,7,0
0x81936d,89.7059%,7,61,68,32,2,5,29
0x8058b7,96.875%,7,217,224,217,7,0,0
0x48bf37,93.578%,7,102,109,0,0,7,102
0x4aaab1,86.5385%,7,45,52,0,0,7,45
0x493e17,70.8333%,7,17,24,17,5,2,0
0xa5390c,50%,7,7,14,0,0,7,7
0x40ed95,12.5%,7,1,8,1,5,2,0
0x9a0af1,75%,7,21,28,0,0,7,21
0x4b7a55,36.3636%,7,4,11,4,5,2,0
0x8ea039,98.2456%,7,392,399,0,0,7,392
0x4c9308,56.25%,7,9,16,9,3,4,0
0x49e987,95.6522%,7,154,161,154,7,0,0
0x8c82f1,76.6667%,7,23,30,0,0,7,23
0x40a2ae,79.4118%,7,27,34,3,0,7,24
0xa02bc2,90.7895%,7,69,76,69,5,2,0
0x4a8404,92.3913%,7,85,92,0,0,7,85
0x911adb,99.3955%,7,1151,1158,0,0,7,1151
0x647514,65%,7,13,20,12,3,4,1
0x4c63eb,70.8333%,7,17,24,12,4,3,5
0x49c74a,99.4043%,7,1168,1175,0,0,7,1168
0x8ff74d,50%,7,7,14,2,5,2,5
0xb148d3,99.8131%,7,3738,3745,3738,7,0,0
0x40d50f,97.2222%,7,245,252,0,0,7,245
0x808516,65%,7,13,20,13,0,7,0
0x49fc52,58.8235%,7,10,17,0,2,5,10
0x820beb,86%,7,43,50,43,7,0,0
0x5f0a5b,97.6351%,7,289,296,289,4,3,0
0x54eefc,83.7209%,7,36,43,2,4,3,34
0x81eac1,97.9104%,7,328,335,0,0,7,328
0x80a825,99.1677%,7,834,841,0,0,7,834
0x8eed12,97.9412%,7,333,340,0,2,5,333
0x557a8a,89.2308%,7,58,65,58,7,0,0
0x4a2628,97.8056%,7,312,319,0,0,7,312
0x82209e,97.7124%,7,299,306,299,7,0,0
0x487091,94.9275%,7,131,138,131,7,0,0
0x813910,77.4194%,7,24,31,24,7,0,0
0x60de18,91.358%,7,74,81,0,0,7,74
0x9f5938,72%,7,18,25,18,5,2,0
0x8da41c,98.963%,7,668,675,0,0,7,668
0x53e492,58.8235%,7,10,17,4,0,7,6
0x8e33a2,56.25%,7,9,16,9,7,0,0
0x58f777,99.5035%,7,1403,1410,1403,5,2,0
0x9e73ba,98.25%,7,393,400,0,0,7,393
0x50ccf9,98.0769%,7,357,364,357,7,0,0
0x48ea14,91.7647%,7,78,85,0,0,7,78
0x642e46,80%,7,28,35,0,0,7,28
0xa05e52,0%,7,0,7,0,1,6,0
0x49bf27,41.6667%,7,5,12,0,0,7,5
0x69de10,41.6667%,7,5,12,0,0,7,5
0x973842,82.5%,7,33,40,0,0,7,33
0x8f67d9,95%,7,133,140,7,3,4,126
0x4a800f,92.3913%,7,85,92,64,5,2,21
0x8a9eec,98.4979%,7,459,466,459,7,0,0
0x5391d4,68.1818%,7,15,22,4,7,0,11
0x40a904,92.1348%,7,82,89,0,0,7,82
0x50bde2,61.1111%,7,11,18,11,7,0,0
0x9ff641,46.1538%,7,6,13,2,6,1,4
0x8d3f2f,46.1538%,7,6,13,0,0,7,6
0x817cee,97.2%,7,243,250,243,7,0,0
0x816752,89.7059%,7,61,68,0,0,7,61
0x7c71c1,83.3333%,7,35,42,32,5,2,3
0x50a767,86.2745%,7,44,51,0,0,7,44
0x4c5f03,82.9268%,7,34,41,0,0,7,34
0x610d08,97.1311%,7,237,244,0,0,7,237
0x918e67,96.5%,7,193,200,193,7,0,0
0x5d80f1,99.4359%,7,1234,1241,1234,7,0,0
0x64af74,99.8769%,7,5680,5687,0,0,7,5680
0x8e9292,91.7647%,7,78,85,78,4,3,0
0x9713b1,50%,7,7,14,0,7,0,7
0x8e26b8,99.654%,7,2016,2023,0,0,7,2016
0xb1ae9d,98.3834%,7,426,433,426,7,0,0
0x99adc2,85.1064%,7,40,47,40,7,0,0
0x8ff5ad,69.5652%,7,16,23,8,6,1,8
0x9aaf85,98.7226%,7,541,548,541,7,0,0
0x541c29,79.4118%,7,27,34,0,0,7,27
0x65a1f7,97.2441%,7,247,254,0,0,7,247
0x9a96af,65%,7,13,20,0,1,6,13
0x680501,99.847%,7,4568,4575,0,0,7,4568
0x678c8c,99.6098%,7,1787,1794,0,0,7,1787
0x48b094,50%,7,7,14,7,7,0,0
0x40955a,12.5%,7,1,8,0,0,7,1
0x4a7bc3,86.2745%,7,44,51,44,7,0,0
0x4aad8d,76.6667%,7,23,30,0,0,7,23
0x9a7a57,94.6565%,7,124,131,0,0,7,124
0x410048,92.5532%,7,87,94,87,7,0,0
0x6043dc,41.6667%,7,5,12,0,0,7,5
0xa56481,98.3294%,7,412,419,412,7,0,0
0x8c91e7,99.2152%,7,885,892,885,5,2,0
0x9a6b27,30%,7,3,10,0,0,7,3
0x8e3de8,82.9268%,7,34,41,34,3,4,0
0x9a6a31,50%,7,7,14,7,7,0,0
0x48329e,75.8621%,7,22,29,22,7,0,0
0x5bce8f,99.2739%,7,957,964,957,7,0,0
0x6705f7,94.7368%,7,126,133,0,0,7,126
0x977d19,95.302%,7,142,149,142,7,0,0
0xa51ceb,41.6667%,7,5,12,0,0,7,5
0xa3e443,56.25%,7,9,16,1,7,0,8
0x9737ab,82.5%,7,33,40,0,0,7,33
0x63f38c,99.4924%,7,1372,1379,0,0,7,1372
0x4add8a,84.7826%,7,39,46,39,7,0,0
0x63ede1,99.623%,7,1850,1857,0,0,7,1850
0x627d8d,69.5652%,7,16,23,0,0,7,16
0x908654,99.5655%,7,1604,1611,0,0,7,1604
0xa47284,95.8084%,7,160,167,0,0,7,160
0x9e2b00,90.5405%,7,67,74,67,7,0,0
0x8ff9fb,93.913%,7,108,115,108,7,0,0
0x8089ab,66.6667%,7,14,21,12,0,7,2
0x49eee0,90%,7,63,70,63,7,0,0
0x59c378,69.5652%,7,16,23,0,0,7,16
0x64a4ad,90.5405%,7,67,74,63,5,2,4
0x4bbc67,94.2149%,7,114,121,114,7,0,0
0x8bdd17,85.4167%,7,41,48,41,7,0,0
0x8daa8b,98.25%,7,393,400,193,7,0,200
0x99b00e,82.5%,7,33,40,33,7,0,0
0xa02308,99.7336%,7,2621,2628,0,0,7,2621
0x97379d,82.5%,7,33,40,0,0,7,33
0x5fb22f,90.411%,7,66,73,0,3,4,66
0x49c3d0,56.25%,7,9,16,0,0,7,9
0x973a94,81.5789%,7,31,38,0,0,7,31
0x4ad2d3,65%,7,13,20,0,0,7,13
0x5c56de,91.5663%,7,76,83,0,0,7,76
0x9a82f0,50%,7,7,14,7,7,0,0
0x40aadf,89.8551%,7,62,69,0,0,7,62
0x555567,97.6744%,7,294,301,0,4,3,294
0x606f66,65%,7,13,20,13,7,0,0
0x9712e0,93.6937%,7,104,111,104,2,5,0
0x5c6d65,96.861%,7,216,223,216,7,0,0
0x490621,91.1392%,7,72,79,0,0,7,72
0x9a630a,50%,7,7,14,0,0,7,7
0x48ef8d,87.2727%,7,48,55,0,0,7,48
0x8886a6,68.1818%,7,15,22,15,7,0,0
0x5de73a,99.1358%,7,803,810,803,7,0,0
0x550171,94.8529%,7,129,136,129,7,0,0
0x483c4d,63.1579%,7,12,19,12,7,0,0
0x5d21cd,99.4378%,7,1238,1245,1238,7,0,0
0x9aadd5,91.1392%,7,72,79,0,0,7,72
0x60722e,65%,7,13,20,13,7,0,0
0xa5ebd4,97.5862%,7,283,290,0,0,7,283
0xa311e9,96.861%,7,216,223,5,2,5,211
0x4104d4,68.1818%,7,15,22,0,0,7,15
0x558dd6,68.1818%,7,15,22,0,0,7,15
0x409f76,50%,7,7,14,7,7,0,0
0x504a18,0%,7,0,7,0,7,0,0
0xaa6407,92.2222%,7,83,90,0,0,7,83
0x555fa3,97.1774%,7,241,248,3,0,7,238
0x5ec5ad,82.5%,7,33,40,25,7,0,8
0x8df3c5,56.25%,7,9,16,0,0,7,9
0x6774af,90.1408%,7,64,71,0,0,7,64
0x9bc6d5,94.4882%,7,120,127,0,0,7,120
0x90abea,99.1474%,7,814,821,814,7,0,0
0xa46bfe,96.7742%,7,210,217,210,7,0,0
0xa3b1bb,95.1389%,7,137,144,2,2,5,135
0x4aaef0,36.3636%,7,4,11,0,0,7,4
0x9776df,99.4913%,7,1369,1376,0,0,7,1369
0x9776da,99.4913%,7,1369,1376,0,0,7,1369
0x9f213f,30%,7,3,10,3,7,0,0
0x4903c6,61.1111%,7,11,18,8,7,0,3
0x981ce5,75%,7,21,28,17,7,0,4
0x51b571,63.1579%,7,12,19,0,0,7,12
0x50d673,98.7826%,7,568,575,0,0,7,568
0x970eed,99.5289%,7,1479,1486,1479,7,0,0
0x5f7f52,0%,7,0,7,0,7,0,0
0x9f0e55,80.5556%,7,29,36,0,0,7,29
0x5d8737,76.6667%,7,23,30,23,7,0,0
0x5ff687,93.0693%,7,94,101,94,7,0,0
0xa9198c,83.3333%,7,35,42,35,7,0,0
0x8117d3,98.6641%,7,517,524,517,5,2,0
0x5ee163,97.1074%,7,235,242,0,0,7,235
0xa2dc92,80.5556%,7,29,36,0,0,7,29
0x48b28f,97.8193%,7,314,321,0,0,7,314
0x5556d7,97.2112%,7,244,251,0,3,4,244
0x49921d,77.4194%,7,24,31,8,6,1,16
0xa32c5d,99.2449%,7,920,927,0,0,7,920
0x7f03c8,63.1579%,7,12,19,0,0,7,12
0x9fcac4,72%,7,18,25,0,0,7,18
0x9eb7ea,93.5185%,7,101,108,101,7,0,0
0x60c642,0%,7,0,7,0,3,4,0
0xaa460d,92.9293%,7,92,99,0,0,7,92
0x647e6a,86.2745%,7,44,51,44,7,0,0
0x647d69,86.2745%,7,44,51,0,2,5,44
0xab36a3,61.1111%,7,11,18,0,0,7,11
0x6673e3,82.5%,7,33,40,33,7,0,0
0xab367b,61.1111%,7,11,18,0,0,7,11
0x9fe77e,82.5%,7,33,40,2,1,6,31
0x9fe6eb,82.5%,7,33,40,0,0,7,33
0x7f03dc,63.1579%,7,12,19,12,7,0,0
0x9eb442,88.8889%,7,56,63,56,7,0,0
0x9bd5d2,70.8333%,7,17,24,7,5,2,10
0x60e69d,81.5789%,7,31,38,0,0,7,31
0x4be79b,22.2222%,7,2,9,0,0,7,2
0xaa3401,63.1579%,7,12,19,1,7,0,11
0x4a7c03,86.2745%,7,44,51,0,0,7,44
0x50b71b,84.0909%,7,37,44,0,2,5,37
0xa5c498,86%,7,43,50,0,0,7,43
0xa3baa9,96.9298%,7,221,228,0,0,7,221
0x9fb863,96.7442%,7,208,215,208,7,0,0
0x4a7baa,87.7193%,7,50,57,6,0,7,44
0x9f254b,91.4634%,7,75,82,75,0,7,0
0x9ea9cd,58.8235%,7,10,17,10,7,0,0
0x59c983,95.679%,7,155,162,0,0,7,155
0x49140f,95.6522%,7,154,161,152,6,1,2
0x4b88de,56.25%,7,9,16,9,7,0,0
0xa4e652,79.4118%,7,27,34,0,0,7,27
0xa57739,75%,7,21,28,0,0,7,21
0xa56fce,73.0769%,7,19,26,19,7,0,0
0xa575dd,83.3333%,7,35,42,0,1,6,35
0xa578ab,82.9268%,7,34,41,0,0,7,34
0x9edca0,89.0625%,7,57,64,57,7,0,0
0x803a43,98.4513%,7,445,452,0,4,3,445
0x9eb2e7,89.7059%,7,61,68,61,5,2,0
0xa4cf0e,50%,7,7,14,0,0,7,7
0x9d1b52,76.6667%,7,23,30,0,6,1,23
0x9ea7e9,78.125%,7,25,32,25,7,0,0
0x9ea4fb,93.5185%,7,101,108,101,7,0,0
0x966022,63.1579%,7,12,19,7,2,5,5
0xa58906,93.9655%,7,109,116,0,0,7,109
0x9fb213,81.0811%,7,30,37,0,0,7,30
0xa0301e,89.7059%,7,61,68,1,6,1,60
0x78bfd7,22.2222%,7,2,9,0,7,0,2
0x9fcf21,72%,7,18,25,0,7,0,18
0xa3d47e,12.5%,7,1,8,1,7,0,0
0x9e3804,72%,7,18,25,0,0,7,18
0x8aaa54,88.8889%,7,56,63,56,7,0,0
0x60e716,91.1392%,7,72,79,72,7,0,0
0x981438,91.25%,7,73,80,11,7,0,62
0x58babf,93.6364%,7,103,110,103,7,0,0
0x50d93b,73.0769%,7,19,26,0,0,7,19
0x980fe3,90.5405%,7,67,74,64,2,5,3
0x980edd,90.5405%,7,67,74,60,6,1,7
0x4a5dae,72%,7,18,25,7,5,2,11
0xa6624c,74.0741%,7,20,27,20,7,0,0
0x9ef2d5,88.3333%,7,53,60,53,7,0,0
0x818a2b,99.9372%,7,11146,11153,0,0,7,11146
0xa5f8cc,12.5%,7,1,8,0,0,7,1
0x5cbbb6,94.6565%,7,124,131,0,0,7,124
0x60e37b,30%,7,3,10,3,7,0,0
0x9d01e3,98%,7,343,350,0,4,3,343
0x99ba3c,96.3158%,7,183,190,183,7,0,0
0xa499d7,30%,7,3,10,3,7,0,0
0x60dd84,98.6692%,7,519,526,519,7,0,0
0x8e958c,12.5%,7,1,8,0,6,1,1
0x8adc72,97.1074%,7,235,242,235,7,0,0
0x507fc2,98.7805%,7,567,574,567,7,0,0
0xa1ad66,86.7925%,7,46,53,0,0,7,46
0x81ee77,99.2144%,7,884,891,884,5,2,0
0x4b85de,36.3636%,7,4,11,4,5,2,0
0x491977,95.8333%,7,161,168,0,0,7,161
0x9ebbea,0%,7,0,7,0,7,0,0
0xa4e982,94.9275%,7,131,138,0,0,7,131
0x9f01bf,93.8596%,7,107,114,0,0,7,107
0xa39fcc,99.4685%,7,1310,1317,1310,7,0,0
0xa9ca28,30%,7,3,10,0,0,7,3
0x49a0de,78.125%,7,25,32,0,0,7,25
0xaad296,30%,7,3,10,2,1,6,1
0x9d1ac8,41.6667%,7,5,12,5,7,0,0
0xa398c4,50%,7,7,14,7,7,0,0
0x5eef91,46.1538%,7,6,13,6,7,0,0
0x4bb4e5,93.2692%,7,97,104,50,2,5,47
0x9e7d88,70.8333%,7,17,24,17,7,0,0
0x9e77c1,0%,7,0,7,0,7,0,0
0xa3a3fd,98.2673%,7,397,404,397,7,0,0
0x949a90,86.7925%,7,46,53,0,0,7,46
0x5ec559,12.5%,7,1,8,0,0,7,1
0x5ecdc0,12.5%,7,1,8,0,0,7,1
0x5356c2,88.5246%,7,54,61,0,0,7,54
0xa464bc,75.8621%,7,22,29,8,2,5,14
0x9814de,75.8621%,7,22,29,0,0,7,22
0x9e3f86,97.2332%,7,246,253,0,0,7,246
0xa8a800,96%,7,168,175,0,0,7,168
0x49fe0f,46.1538%,7,6,13,6,7,0,0
0xa1b586,12.5%,7,1,8,0,0,7,1
0x40ffe8,83.3333%,7,35,42,0,0,7,35
0x9d0f07,97.3978%,7,262,269,0,0,7,262
0x94b456,86.7925%,7,46,53,46,7,0,0
0x63e02c,99.2716%,7,954,961,954,7,0,0
0x81f87c,85.1064%,7,40,47,0,0,7,40
0x8e3289,99.6459%,7,1970,1977,0,0,7,1970
0x48059a,81.5789%,7,31,38,0,1,6,31
0x8c8b65,91.25%,7,73,80,73,7,0,0
0x8a9298,99.5238%,7,1463,1470,1463,7,0,0
0x4b83ea,56.25%,7,9,16,9,7,0,0
0xa25be6,99.309%,7,1006,1013,0,0,7,1006
0x511d88,99.6641%,7,2077,2084,377,7,0,1700
0x9e2a68,90.5405%,7,67,74,0,0,7,67
0xa058fa,66.6667%,7,14,21,0,7,0,14
0x90d34e,94.3548%,7,117,124,0,0,7,117
0xa302d5,96.4103%,7,188,195,0,0,7,188
0x9ecd53,30%,7,3,10,0,0,7,3
0x90c9d0,93.3333%,7,98,105,98,7,0,0
0xa447fd,86.5385%,7,45,52,45,5,2,0
0xa49650,87.2727%,7,48,55,48,7,0,0
0x5bce3b,99.2739%,7,957,964,957,7,0,0
0x78918e,30%,7,3,10,0,0,7,3
0x50ef24,63.1579%,7,12,19,0,0,7,12
0x99f672,93.1373%,7,95,102,0,0,7,95
0xa098a7,46.1538%,7,6,13,0,0,7,6
0x819851,99.187%,7,854,861,0,0,7,854
0x972501,96.8326%,7,214,221,214,7,0,0
0x97b959,93.8596%,7,107,114,0,0,7,107
0x95929f,94.5312%,7,121,128,0,0,7,121
0x5af744,88.7097%,7,55,62,47,6,1,8
0xa338c0,93.9655%,7,109,116,108,1,6,1
0x404655,88.1356%,7,52,59,52,5,2,0
0x4045e7,96.875%,7,217,224,0,7,0,217
0x511c5c,50%,7,7,14,7,7,0,0
0x8075fd,88.1356%,7,52,59,0,0,7,52
0xa41094,83.7209%,7,36,43,0,0,7,36
0xa59c2c,12.5%,7,1,8,1,7,0,0
0xace313,91.7647%,7,78,85,78,7,0,0
0x69767e,75%,7,21,28,0,0,7,21
0x609bbc,97.2222%,7,245,252,0,0,7,245
0x49a08c,56.25%,7,9,16,0,0,7,9
0xa45385,97.9885%,7,341,348,0,0,7,341
0x6107b0,46.1538%,7,6,13,0,0,7,6
0xa544e4,93.75%,7,105,112,99,3,4,6
0x9e72d9,50%,7,7,14,0,0,7,7
0x90a5f8,84.0909%,7,37,44,0,0,7,37
0x9aae79,84.7826%,7,39,46,38,7,0,1
0x5969ef,56.25%,7,9,16,9,7,0,0
0x8e0313,98.7719%,7,563,570,563,7,0,0
0x804c08,30%,7,3,10,0,1,6,3
0x5b9a56,91.954%,7,80,87,9,5,2,71
0x8a8eb5,95%,7,133,140,133,7,0,0
0x5cb099,99.2099%,7,879,886,0,0,7,879
0xa59327,83.7209%,7,36,43,0,0,7,36
0x9091fd,99.623%,7,1850,1857,1850,7,0,0
0xa4647e,96.3731%,7,186,193,0,0,7,186
0x64baab,99.4989%,7,1390,1397,1390,7,0,0
0x64ba2c,99.4989%,7,1390,1397,1390,0,7,0
0x64ba0a,99.4989%,7,1390,1397,0,0,7,1390
0x96b6c4,86%,7,43,50,4,7,0,39
0x58f967,91.4634%,7,75,82,55,6,1,20
0x58f8c7,87.931%,7,51,58,0,0,7,51
0xa46a43,92.7083%,7,89,96,0,0,7,89
0x55b38b,99.3327%,7,1042,1049,0,0,7,1042
0x6ceb8e,46.1538%,7,6,13,6,7,0,0
0x783d2b,95.5128%,7,149,156,149,7,0,0
0x97ace1,12.5%,7,1,8,0,0,7,1
0xb1b05e,98.3834%,7,426,433,0,0,7,426
0x8f6cae,84.4444%,7,38,45,0,0,7,38
0x8ebe0a,61.1111%,7,11,18,0,0,7,11
0xa509fb,98.0447%,7,351,358,351,7,0,0
0xa30d73,93.913%,7,108,115,108,7,0,0
0x80c9a9,97.5177%,7,275,282,271,1,6,4
0x8f6479,98.1132%,7,364,371,352,3,4,12
0x8f0c9a,65%,7,13,20,12,2,5,1
0x959664,94.5312%,7,121,128,2,2,5,119
0x9f02ea,93.9655%,7,109,116,109,5,2,0
0x40f860,90.7895%,7,69,76,0,0,7,69
0xa9004a,95.7317%,7,157,164,16,2,5,141
0x96c1cb,95.1724%,7,138,145,0,0,7,138
0xa2e7c1,91.7647%,7,78,85,0,0,7,78
0xb183b9,99.3035%,7,998,1005,0,0,7,998
0x6660a0,30%,7,3,10,0,2,5,3
0x7d1e65,89.2308%,7,58,65,7,7,0,51
0x540800,12.5%,7,1,8,0,0,7,1
0x499d26,86.7925%,7,46,53,8,5,2,38
0x8a931a,99.5238%,7,1463,1470,0,0,7,1463
0x547431,88.5246%,7,54,61,54,7,0,0
0x64c08d,22.2222%,7,2,9,2,7,0,0
0xa5f934,98.4055%,7,432,439,0,0,7,432
0xa96115,73.0769%,7,19,26,19,7,0,0
0xa94210,75%,7,21,28,2,0,7,19
0x5bd11e,84.0909%,7,37,44,0,0,7,37
0x5bd0e5,36.3636%,7,4,11,0,0,7,4
0xa1af4b,84.0909%,7,37,44,34,6,1,3
0x48d86f,99.6072%,7,1775,1782,0,0,7,1775
0x9d064d,88.7097%,7,55,62,0,0,7,55
0x95922e,94.5312%,7,121,128,0,0,7,121
0xa97d5c,30%,7,3,10,3,3,4,0
0x51b107,46.1538%,7,6,13,0,0,7,6
0xa64f97,12.5%,7,1,8,0,4,3,1
0x9ee34f,93.6364%,7,103,110,0,0,7,103
0x8bd887,63.1579%,7,12,19,12,7,0,0
0x9c405d,98.4979%,7,459,466,0,0,7,459
0x7c70b1,46.1538%,7,6,13,0,0,7,6
0x7c70a1,56.25%,7,9,16,0,3,4,9
0x9a6fd9,22.2222%,7,2,9,0,0,7,2
0xa5861a,96.6667%,7,203,210,203,7,0,0
0x48c73f,87.931%,7,51,58,0,0,7,51
0x917778,96.2766%,7,181,188,0,0,7,181
0xa49563,98.6166%,7,499,506,499,7,0,0
0x63aa66,96.5%,7,193,200,0,0,7,193
0x606acd,96.8889%,7,218,225,0,0,7,218
0x495a03,63.1579%,7,12,19,1,0,7,11
0x8bd8ab,65%,7,13,20,2,0,7,11
0x58cb97,93.2039%,7,96,103,0,0,7,96
0xa45f4b,95.302%,7,142,149,0,0,7,142
0x557b9c,89.2308%,7,58,65,50,7,0,8
0x9a1b82,66.6667%,7,14,21,14,7,0,0
0x59091a,68.1818%,7,15,22,0,0,7,15
0x6cec54,46.1538%,7,6,13,0,0,7,6
0x942c59,90.6667%,7,68,75,68,7,0,0
0x77fde3,98.5232%,7,467,474,467,7,0,0
0x809149,97.8788%,7,323,330,323,7,0,0
0x9a345c,73.0769%,7,19,26,19,7,0,0
0x609684,91.5663%,7,76,83,76,7,0,0
0x8d2f58,90.1408%,7,64,71,64,7,0,0
0x5581ac,12.5%,7,1,8,1,7,0,0
0x534ce1,65%,7,13,20,13,7,0,0
0x5d27c3,94.7368%,7,126,133,126,7,0,0
0xa4507f,95.0355%,7,134,141,134,7,0,0
0x5cf596,99.4964%,7,1383,1390,0,0,7,1383
0x54d6ec,65%,7,13,20,13,7,0,0
0x558106,98.0663%,7,355,362,355,7,0,0
0x9a0c3d,75%,7,21,28,21,7,0,0
0x9f1593,36.3636%,7,4,11,4,7,0,0
0x80681d,75%,7,21,28,0,0,7,21
0x8f5720,99.0874%,7,760,767,760,7,0,0
0x9e89ba,95.1724%,7,138,145,138,7,0,0
0x9e8952,95.1724%,7,138,145,0,0,7,138
0x60bd9e,77.4194%,7,24,31,21,0,7,3
0x482c06,63.1579%,7,12,19,0,0,7,12
0x9a9d7f,94.3548%,7,117,124,0,0,7,117
0x50c129,0%,7,0,7,0,7,0,0
0xb2e329,58.8235%,7,10,17,0,0,7,10
0xa9c5d1,83.3333%,7,35,42,0,0,7,35
0x4ac7ef,65%,7,13,20,0,7,0,13
0x678dcc,69.5652%,7,16,23,0,0,7,16
0x40f6b1,97.4265%,7,265,272,2,2,5,263
0xa31c66,72%,7,18,25,0,0,7,18
0x99ebbb,46.1538%,7,6,13,0,0,7,6
0xa05b9e,75.8621%,7,22,29,20,4,3,2
0x40207c,96.7136%,7,206,213,7,0,7,199
0xa41fb1,91.954%,7,80,87,80,7,0,0
0x60880c,96.5%,7,193,200,193,7,0,0
0x8a993b,12.5%,7,1,8,1,7,0,0
0x8a9660,92.4731%,7,86,93,86,4,3,0
0x81cabf,88.3333%,7,53,60,0,0,7,53
0xa07052,22.2222%,7,2,9,0,2,5,2
0x9a106f,53.3333%,7,8,15,8,7,0,0
0x4a9d2a,69.5652%,7,16,23,12,4,3,4
0x98cdac,80%,7,28,35,0,0,7,28
0x8bcacb,22.2222%,7,2,9,2,7,0,0
0x99e6fc,46.1538%,7,6,13,0,0,7,6
0xa44ddc,98.3834%,7,426,433,426,7,0,0
0x9e2d45,75.8621%,7,22,29,8,5,2,14
0x9a0f7a,66.6667%,7,14,21,14,1,6,0
0x9a39a2,66.6667%,7,14,21,0,0,7,14
0x80fd4f,99.9297%,7,9945,9952,9945,7,0,0
0x674fe0,78.125%,7,25,32,0,0,7,25
0xa35de9,50%,7,7,14,0,0,7,7
0x9e08dc,98.0114%,7,345,352,0,0,7,345
0x49c1c5,92.6316%,7,88,95,0,0,7,88
0xaadbfa,97.8462%,7,318,325,318,7,0,0
0x590aa6,65%,7,13,20,13,7,0,0
0xaa2fea,93.1373%,7,95,102,0,0,7,95
0xaa2f62,93.1373%,7,95,102,95,7,0,0
0x97308e,75%,7,21,28,21,7,0,0
0xa280ec,96.6507%,7,202,209,202,7,0,0
0x821631,98.4946%,7,458,465,458,7,0,0
0xa662a0,74.0741%,7,20,27,20,7,0,0
0x99af7c,0%,7,0,7,0,0,7,0
0x99af69,0%,7,0,7,0,0,7,0
0xa55c65,91.5663%,7,76,83,76,1,6,0
0x99b0ad,82.5%,7,33,40,0,0,7,33
0xa5ac7e,53.3333%,7,8,15,5,6,1,3
0xa41f79,98.1383%,7,369,376,0,0,7,369
0x8a60a6,96.7593%,7,209,216,0,0,7,209
0x63b4fb,99.1358%,7,803,810,803,7,0,0
0x9a1499,89.8551%,7,62,69,0,0,7,62
0xa53d2e,95.7317%,7,157,164,0,0,7,157
0x5de1dd,12.5%,7,1,8,1,7,0,0
0x5fe9b4,68.1818%,7,15,22,0,0,7,15
0x8a5dd5,97.7707%,7,307,314,307,7,0,0
0xa22d5e,89.2308%,7,58,65,0,0,7,58
0x609bc0,97.2222%,7,245,252,0,0,7,245
0x8a885f,41.6667%,7,5,12,5,2,5,0
0x490261,87.037%,7,47,54,47,7,0,0
0x90198b,63.1579%,7,12,19,12,7,0,0
0x49fc5d,53.3333%,7,8,15,0,0,7,8
0x901b6d,97.2656%,7,249,256,2,4,3,247
0x94389c,84.4444%,7,38,45,6,4,3,32
0x4b8b1a,56.25%,7,9,16,8,4,3,1
0x9aa3b5,81.0811%,7,30,37,0,2,5,30
0x9aa0f1,87.037%,7,47,54,0,0,7,47
0x977bb8,0%,7,0,7,0,7,0,0
0xa567a0,61.1111%,7,11,18,8,4,3,3
0x597115,85.4167%,7,41,48,0,0,7,41
0x8bc959,86.5385%,7,45,52,45,7,0,0
0x97811f,94.7368%,7,126,133,0,0,7,126
0x4c39c9,0%,7,0,7,0,7,0,0
0x4bdc88,30%,7,3,10,0,0,7,3
0x4c3892,46.1538%,7,6,13,6,7,0,0
0x4c2f89,46.1538%,7,6,13,6,7,0,0
0x4bd167,0%,7,0,7,0,0,7,0
0x9a898e,88.7097%,7,55,62,0,0,7,55
0x9461bf,63.1579%,7,12,19,12,7,0,0
0x4c1e10,70.8333%,7,17,24,17,7,0,0
0xa91c50,93.0693%,7,94,101,0,0,7,94
0x973e9a,70.8333%,7,17,24,8,4,3,9
0x9488dd,68.1818%,7,15,22,0,0,7,15
0x94879d,82.0513%,7,32,39,0,0,7,32
0xa588c2,95.2055%,7,139,146,0,0,7,139
0x4c6730,73.0769%,7,19,26,4,0,7,15
0x4c6187,84.0909%,7,37,44,30,7,0,7
0x4c067a,83.3333%,7,35,42,35,7,0,0
0x4c203e,93.2692%,7,97,104,0,0,7,97
0x9a738f,61.1111%,7,11,18,0,0,7,11
0xa29eea,56.25%,7,9,16,9,7,0,0
0xa28a46,56.25%,7,9,16,0,0,7,9
0x8f0c45,96.5%,7,193,200,0,0,7,193
0xa2870d,66.6667%,7,14,21,0,0,7,14
0x908a79,99.2716%,7,954,961,954,7,0,0
0x4418ee,36.3636%,7,4,11,0,0,7,4
0x8d278c,99.5235%,7,1462,1469,1462,4,3,0
0x80be82,36.3636%,7,4,11,4,2,5,0
0xa2853c,95.625%,7,153,160,0,0,7,153
0x809753,53.3333%,7,8,15,0,5,2,8
0xa37715,30%,7,3,10,3,7,0,0
0x5b3a07,96.5174%,7,194,201,194,7,0,0
0x4ba173,93.3962%,7,99,106,91,2,5,8
0x5efb92,41.6667%,7,5,12,5,7,0,0
0x80644a,56.25%,7,9,16,4,3,4,5
0x80643e,56.25%,7,9,16,0,0,7,9
0x804106,88.3333%,7,53,60,0,0,7,53
0x8040d6,88.3333%,7,53,60,0,0,7,53
0x5be82f,83.7209%,7,36,43,36,7,0,0
0x9e29db,91.4634%,7,75,82,73,4,3,2
0x8d409e,46.1538%,7,6,13,2,0,7,4
0x8d4038,46.1538%,7,6,13,6,7,0,0
0x8d397c,90.1408%,7,64,71,0,0,7,64
0x810bd7,98.2234%,7,387,394,387,6,1,0
0x4b56de,93.1373%,7,95,102,1,2,5,94
0x8c82da,78.125%,7,25,32,23,7,0,2
0x4c407b,96.5686%,7,197,204,0,0,7,197
0xa99f19,30%,7,3,10,3,1,6,0
0x5ebb8d,99.1803%,7,847,854,847,7,0,0
0xaa7f0d,41.6667%,7,5,12,0,0,7,5
0x4bafa3,96.6981%,7,205,212,205,7,0,0
0x81cd84,96.0452%,7,170,177,0,0,7,170
0x4b5c63,96.6507%,7,202,209,8,2,5,194
0x4b5a00,99.557%,7,1573,1580,1573,7,0,0
0x4b4f7d,90.1408%,7,64,71,0,0,7,64
0x784550,75%,7,21,28,21,7,0,0
0x4b583f,97.4074%,7,263,270,263,7,0,0
0xa9bc3e,0%,7,0,7,0,7,0,0
0x4b56c8,93.1373%,7,95,102,0,0,7,95
0x9e147d,73.0769%,7,19,26,19,7,0,0
0x51c156,96.875%,7,217,224,17,6,1,200
0x9e3d40,82.0513%,7,32,39,0,0,7,32
0x8ec9f6,99.6717%,7,2125,2132,0,0,7,2125
0xa96f56,53.3333%,7,8,15,0,0,7,8
0xa9b9ce,65%,7,13,20,13,7,0,0
0x97a403,93.2039%,7,96,103,51,0,7,45
0x4bde39,0%,7,0,7,0,7,0,0
0x9d0ba6,86.2745%,7,44,51,0,0,7,44
0x9d363e,87.2727%,7,48,55,48,7,0,0
0x98c738,80.5556%,7,29,36,29,7,0,0
0x4be7ba,22.2222%,7,2,9,0,0,7,2
0x4b7d94,36.3636%,7,4,11,4,7,0,0
0xa36754,90.2778%,7,65,72,0,0,7,65
0x4c45a8,30%,7,3,10,3,7,0,0
0x51022a,99.5315%,7,1487,1494,0,0,7,1487
0xa92300,87.037%,7,47,54,45,5,2,2
0xa9220e,87.037%,7,47,54,43,7,0,4
0x4b9ea2,95.4839%,7,148,155,148,7,0,0
0xa9dafe,87.7193%,7,50,57,0,2,5,50
0x4b7977,74.0741%,7,20,27,20,7,0,0
0x4bd721,78.7879%,7,26,33,0,0,7,26
0xa9d3a3,73.0769%,7,19,26,18,0,7,1
0x80e0c4,98.4914%,7,457,464,457,3,4,0
0xa4b676,65%,7,13,20,0,0,7,13
0x4c07c1,91.8605%,7,79,86,0,0,7,79
0x4c056a,77.4194%,7,24,31,24,7,0,0
0xa9ed60,91.358%,7,74,81,74,7,0,0
0x4bef09,72%,7,18,25,0,0,7,18
0xaa0873,91.5663%,7,76,83,76,7,0,0
0x4c276c,91.6667%,7,77,84,72,6,1,5
0x4ba29f,98.6139%,7,498,505,498,7,0,0
0x4c988e,50%,7,7,14,5,2,5,2
0x781a8a,95.5128%,7,149,156,0,0,7,149
0x5047bb,0%,7,0,7,0,7,0,0
0x5ae49f,22.2222%,7,2,9,0,0,7,2
0x8e4d88,98.6248%,7,502,509,0,0,7,502
0x4872fe,98.9796%,7,679,686,0,0,7,679
0x7ac79c,41.6667%,7,5,12,0,0,7,5
0x7aeaee,66.6667%,7,14,21,0,0,7,14
0xa3507e,94.0171%,7,110,117,110,7,0,0
0x90b20b,97.0711%,7,232,239,232,7,0,0
0xa35d78,98.4375%,7,441,448,0,0,7,441
0xa34c6d,90.6667%,7,68,75,68,7,0,0
0xa4121d,72%,7,18,25,0,0,7,18
0xa46299,82.9268%,7,34,41,34,7,0,0
0x95c493,41.6667%,7,5,12,0,0,7,5
0x9e1a52,50%,7,7,14,0,0,7,7
0x619d20,65%,7,13,20,0,0,7,13
0x8fcf21,89.0625%,7,57,64,57,7,0,0
0xa2fc5a,98.9691%,7,672,679,0,0,7,672
0xa347b8,99.4607%,7,1291,1298,0,0,7,1291
0x4a78e2,81.0811%,7,30,37,0,0,7,30
0xaaaec7,41.6667%,7,5,12,2,6,1,3
0x648594,87.5%,7,49,56,49,7,0,0
0xa3eebf,12.5%,7,1,8,1,7,0,0
0xa3fd25,78.125%,7,25,32,25,7,0,0
0x95976e,86.5385%,7,45,52,45,7,0,0
0xa3bcbf,56.25%,7,9,16,9,7,0,0
0x9f9008,30%,7,3,10,3,7,0,0
0x5cf539,65%,7,13,20,3,3,4,10
0xa08c5e,65%,7,13,20,12,4,3,1
0xa0852b,79.4118%,7,27,34,27,2,5,0
0xa08031,22.2222%,7,2,9,0,7,0,2
0xa06f94,22.2222%,7,2,9,0,0,7,2
0x60bb59,61.1111%,7,11,18,0,0,7,11
0x9ed68c,88.1356%,7,52,59,52,7,0,0
0xa0748a,84.7826%,7,39,46,0,0,7,39
0x818de6,99.0979%,7,769,776,0,0,7,769
0xa05af7,75.8621%,7,22,29,22,7,0,0
0x4b9ae5,0%,7,0,7,0,0,7,0
0xa0538a,75.8621%,7,22,29,19,2,5,3
0xa052c7,75.8621%,7,22,29,14,7,0,8
0x9f6a17,65%,7,13,20,13,7,0,0
0xa06009,36.3636%,7,4,11,0,0,7,4
0x4b9c21,74.0741%,7,20,27,20,7,0,0
0x8bb7e7,65%,7,13,20,3,7,0,10
0x9020ee,87.037%,7,47,54,0,0,7,47
0x4a64a2,30%,7,3,10,0,2,5,3
0x8e9275,92.1348%,7,82,89,3,1,6,79
0x9785b7,87.2727%,7,48,55,0,0,7,48
0x9a493e,56.25%,7,9,16,9,7,0,0
0xa4a1d5,88.8889%,7,56,63,1,2,5,55
0x81b8fe,75.8621%,7,22,29,0,5,2,22
0xa372ea,12.5%,7,1,8,0,7,0,1
0x814cca,88.8889%,7,56,63,56,5,2,0
0x9e3f6c,63.1579%,7,12,19,0,0,7,12
0x7b7fdd,74.0741%,7,20,27,2,0,7,18
0x9f52ed,95.5975%,7,152,159,0,4,3,152
0x63fbd8,99.2716%,7,954,961,954,7,0,0
0x97b823,63.1579%,7,12,19,5,5,2,7
0xaa25c2,68.1818%,7,15,22,0,0,7,15
0x9e610c,0%,7,0,7,0,7,0,0
0x9e52de,41.6667%,7,5,12,5,7,0,0
0x9e5205,61.1111%,7,11,18,4,2,5,7
0x9e5149,61.1111%,7,11,18,11,7,0,0
0x593807,82.5%,7,33,40,15,6,1,18
0x81ced4,96.0452%,7,170,177,0,0,7,170
0x9f6691,95.4248%,7,146,153,0,0,7,146
0x54160e,53.3333%,7,8,15,3,7,0,5
0xaa5cda,70.8333%,7,17,24,0,0,7,17
0x49cdec,80%,7,28,35,0,0,7,28
0x643a48,79.4118%,7,27,34,27,7,0,0
0x4a59cf,56.25%,7,9,16,5,7,0,4
0x973ea1,41.6667%,7,5,12,5,7,0,0
0x8a9286,99.5238%,7,1463,1470,0,0,7,1463
0x810b69,65%,7,13,20,1,3,4,12
0x81099c,65%,7,13,20,0,0,7,13
0x550e3a,79.4118%,7,27,34,27,7,0,0
0x80da46,93.3962%,7,99,106,99,7,0,0
0x5f1c4a,0%,7,0,7,0,7,0,0
0x9f6998,12.5%,7,1,8,1,7,0,0
0x9f9c4b,72%,7,18,25,0,0,7,18
0x552984,94.4444%,7,119,126,0,6,1,119
0x48b340,97.8193%,7,314,321,0,0,7,314
0x9f7f9e,50%,7,7,14,0,0,7,7
0x95ad8c,69.5652%,7,16,23,13,6,1,3
0x95b024,84.7826%,7,39,46,39,7,0,0
0x441c7c,36.3636%,7,4,11,4,7,0,0
0x441b45,36.3636%,7,4,11,4,7,0,0
0x441b35,36.3636%,7,4,11,4,7,0,0
0xa58bbe,46.1538%,7,6,13,6,7,0,0
0x9f482c,12.5%,7,1,8,0,0,7,1
0x55112e,58.8235%,7,10,17,10,7,0,0
0x9f3dba,58.8235%,7,10,17,5,2,5,5
0x441517,36.3636%,7,4,11,0,0,7,4
0x99acb5,97.2549%,7,248,255,248,7,0,0
0x9f5b38,41.6667%,7,5,12,5,7,0,0
0x9b9030,22.2222%,7,2,9,2,7,0,0
0x4bcdc2,30%,7,3,10,3,7,0,0
0x9f43f8,92.3077%,7,84,91,0,0,7,84
0xa551de,12.5%,7,1,8,1,7,0,0
0x4c72d3,61.1111%,7,11,18,11,7,0,0
0xa53751,12.5%,7,1,8,0,0,7,1
0x9f531b,94.4882%,7,120,127,120,7,0,0
0x481b23,61.1111%,7,11,18,11,7,0,0
0x7ad43c,63.1579%,7,12,19,0,0,7,12
0x4021c1,99.6457%,7,1969,1976,0,0,7,1969
0x98cc44,61.1111%,7,11,18,11,7,0,0
0x495f67,41.6667%,7,5,12,0,0,7,5
0x482cf4,63.1579%,7,12,19,0,0,7,12
0x5914dd,63.1579%,7,12,19,0,0,7,12
0x47f190,63.1579%,7,12,19,11,7,0,1
0x482147,63.1579%,7,12,19,0,1,6,12
0x5addd2,74.0741%,7,20,27,20,7,0,0
0x677550,92.7835%,7,90,97,90,7,0,0
0x483178,75.8621%,7,22,29,0,0,7,22
0x481deb,63.1579%,7,12,19,0,0,7,12
0x88a129,68.1818%,7,15,22,15,7,0,0
0xa453af,97.9885%,7,341,348,341,7,0,0
0xa45374,97.9885%,7,341,348,0,0,7,341
0x4813d3,63.1579%,7,12,19,0,0,7,12
0x4812ac,63.1579%,7,12,19,0,0,7,12
0x4b4fc8,98.1675%,7,375,382,0,0,7,375
0x481084,63.1579%,7,12,19,7,5,2,5
0x480edc,63.1579%,7,12,19,12,7,0,0
0x4808e9,63.1579%,7,12,19,12,7,0,0
0x5f922d,0%,7,0,7,0,0,7,0
0x9045bd,98.5944%,7,491,498,0,0,7,491
0x480566,81.5789%,7,31,38,31,7,0,0
0x64830b,99.2553%,7,933,940,0,0,7,933
0xa90b94,91.0256%,7,71,78,0,0,7,71
0xa477cb,68.1818%,7,15,22,15,3,4,0
0x4bb7f8,63.1579%,7,12,19,2,0,7,10
0x9e1a37,94.1667%,7,113,120,0,0,7,113
0x9e4904,61.1111%,7,11,18,11,7,0,0
0x9fb884,97.7124%,7,299,306,0,0,7,299
0x9f95e8,86.7925%,7,46,53,46,7,0,0
0xa467a5,70.8333%,7,17,24,7,5,2,10
0xa47e68,80%,7,28,35,0,0,7,28
0xa4112e,80%,7,28,35,4,4,3,24
0x5efc09,41.6667%,7,5,12,5,7,0,0
0xa482d9,12.5%,7,1,8,0,0,7,1
0x4800c5,63.1579%,7,12,19,0,0,7,12
0xa46cd0,92.7083%,7,89,96,0,0,7,89
0x9d1b2b,41.6667%,7,5,12,3,3,4,2
0xa466a2,92.7083%,7,89,96,0,5,2,89
0x5afee4,66.6667%,7,14,21,14,7,0,0
0x951908,92.4731%,7,86,93,0,2,5,86
0xa41f8a,97.5779%,7,282,289,0,0,7,282
0x66d419,91.7647%,7,78,85,0,0,7,78
0xa48210,88.3333%,7,53,60,53,7,0,0
0xa4918c,76.6667%,7,23,30,23,7,0,0
0x58c597,41.6667%,7,5,12,3,1,6,2
0x99ce6f,22.2222%,7,2,9,2,7,0,0
0x8f5f9b,82.5%,7,33,40,33,7,0,0
0x5b265c,84.4444%,7,38,45,38,6,1,0
0xa51034,98.6166%,7,499,506,0,0,7,499
0x5af543,88.7097%,7,55,62,0,0,7,55
0x492f33,90.2778%,7,65,72,30,4,3,35
0xa50aca,50%,7,7,14,0,0,7,7
0xa50a63,80.5556%,7,29,36,0,0,7,29
0x54798c,53.3333%,7,8,15,0,4,3,8
0x9bd5f3,41.6667%,7,5,12,5,7,0,0
0x9bd347,41.6667%,7,5,12,0,0,7,5
0x9bd14e,91.5663%,7,76,83,0,0,7,76
0x492a1e,0%,7,0,7,0,0,7,0
0xa54fef,81.5789%,7,31,38,0,2,5,31
0x88a0ff,68.1818%,7,15,22,0,0,7,15
0x5f421b,0%,7,0,7,0,0,7,0
0x58db4e,95.3642%,7,144,151,142,2,5,2
0x5f1e75,78.7879%,7,26,33,26,7,0,0
0x9497c9,91.1392%,7,72,79,0,0,7,72
0x5f3a5a,0%,7,0,7,0,7,0,0
0x5f3a27,0%,7,0,7,0,7,0,0
0x5f1ce0,0%,7,0,7,0,0,7,0
0x5f1c40,0%,7,0,7,0,0,7,0
0xa53ee7,93.4579%,7,100,107,0,0,7,100
0x813696,88.5246%,7,54,61,0,0,7,54
0x6474e1,66.6667%,7,14,21,14,7,0,0
0x5f89b3,12.5%,7,1,8,1,4,3,0
0xa48da6,96.0674%,7,171,178,0,0,7,171
0xaae78e,85.1064%,7,40,47,40,7,0,0
0x98506a,41.6667%,7,5,12,4,0,7,1
0x53e92a,95.4545%,7,147,154,147,7,0,0
0xa58a20,82.5%,7,33,40,0,0,7,33
0x94ce82,85.1064%,7,40,47,40,7,0,0
0x5b5297,61.1111%,7,11,18,6,7,0,5
0x54db36,91.0256%,7,71,78,35,4,3,36
0x9f6de3,95.625%,7,153,160,0,0,7,153
0xa517fa,82.5%,7,33,40,33,7,0,0
0x88e666,82.0513%,7,32,39,32,7,0,0
0x54da74,82.0513%,7,32,39,32,7,0,0
0x5f109a,97.7124%,7,299,306,299,7,0,0
0x94e1f8,98.2968%,7,404,411,0,0,7,404
0x94de06,98.0769%,7,357,364,2,5,2,355
0x4bcba8,83.3333%,7,35,42,32,7,0,3
0x54d1dd,53.3333%,7,8,15,0,6,1,8
0xa5223c,93%,7,93,100,93,7,0,0
0x54d157,53.3333%,7,8,15,8,7,0,0
0x54d139,53.3333%,7,8,15,8,7,0,0
0x496364,79.4118%,7,27,34,3,2,5,24
0xa5135e,41.6667%,7,5,12,0,0,7,5
0x5b04f5,89.5522%,7,60,67,58,7,0,2
0xae7041,90%,7,63,70,63,7,0,0
0x900c71,97.9042%,7,327,334,327,7,0,0
0x7ac090,80%,7,28,35,23,6,1,5
0xa8fb35,95.8824%,7,163,170,0,0,7,163
0x78f823,75.8621%,7,22,29,0,0,7,22
0x7c5d7d,50%,7,7,14,0,0,7,7
0x60019c,74.0741%,7,20,27,8,4,3,12
0x5fb68c,90.9091%,7,70,77,0,2,5,70
0x60c6f4,0%,7,0,7,0,7,0,0
0x5fa85d,89.8551%,7,62,69,0,0,7,62
0x5fa74b,96.7442%,7,208,215,0,0,7,208
0x5fd686,90.7895%,7,69,76,0,0,7,69
0x5fa514,53.3333%,7,8,15,8,1,6,0
0x8ea4a9,56.25%,7,9,16,9,7,0,0
0xa8fbe3,96.875%,7,217,224,217,7,0,0
0x5f7ad5,0%,7,0,7,0,7,0,0
0x90218b,96.5517%,7,196,203,0,0,7,196
0x540fde,12.5%,7,1,8,0,0,7,1
0x972786,97.3485%,7,257,264,0,0,7,257
0x4c09e3,93.2692%,7,97,104,97,7,0,0
0x5f86de,90.9091%,7,70,77,0,5,2,70
0x5f8dd9,94.697%,7,125,132,0,2,5,125
0x5f8dc2,78.7879%,7,26,33,0,0,7,26
0x547ce0,95.4545%,7,147,154,1,7,0,146
0x4415d7,36.3636%,7,4,11,0,0,7,4
0x59c9b5,95.679%,7,155,162,155,3,4,0
0x53906e,94.697%,7,125,132,0,0,7,125
0xa56f01,97.2868%,7,251,258,0,0,7,251
0x9d34b7,87.2727%,7,48,55,48,7,0,0
0x9d3140,87.931%,7,51,58,0,0,7,51
0x404b95,0%,7,0,7,0,7,0,0
0x9c3af7,22.2222%,7,2,9,2,7,0,0
0x503373,82.0513%,7,32,39,0,2,5,32
0x9a11c5,91.358%,7,74,81,0,0,7,74
0x53c4f1,98.2143%,7,385,392,385,7,0,0
0x53c489,94.697%,7,125,132,1,1,6,124
0x533c1e,85.4167%,7,41,48,41,7,0,0
0x53b90b,36.3636%,7,4,11,4,7,0,0
0x9e60c0,97.0588%,7,231,238,231,7,0,0
0x53f036,96.1749%,7,176,183,0,0,7,176
0x9ab848,95.1389%,7,137,144,0,0,7,137
0xa92b97,97.7707%,7,307,314,0,0,7,307
0x5f7b32,95.8084%,7,160,167,0,0,7,160
0x83759d,94.5312%,7,121,128,121,7,0,0
0x973d47,93.2039%,7,96,103,6,1,6,90
0x67093d,65%,7,13,20,13,7,0,0
0x66f69f,58.8235%,7,10,17,0,0,7,10
0x815abb,30%,7,3,10,3,7,0,0
0x50c5e7,98.8636%,7,609,616,0,0,7,609
0x833612,93.9655%,7,109,116,2,0,7,107
0x643a25,70.8333%,7,17,24,5,5,2,12
0x546a3c,95.3333%,7,143,150,0,4,3,143
0x944999,90%,7,63,70,0,0,7,63
0x50a7a4,86.2745%,7,44,51,0,0,7,44
0x4c7109,61.1111%,7,11,18,0,0,7,11
0x4bf4b8,89.7059%,7,61,68,44,4,3,17
0x507f55,99.0541%,7,733,740,0,0,7,733
0x507e9e,98.4018%,7,431,438,0,0,7,431
0x9e5f65,61.1111%,7,11,18,11,7,0,0
0xb2464c,99.9412%,7,11892,11899,11892,7,0,0
0xa2d764,91.7647%,7,78,85,0,0,7,78
0xa2d665,96.3918%,7,187,194,0,0,7,187
0x8d2600,87.5%,7,49,56,0,0,7,49
0x8a6549,0%,7,0,7,0,7,0,0
0x5027a7,96.861%,7,216,223,216,7,0,0
0x9e05d6,87.931%,7,51,58,0,0,7,51
0x4c567c,70.8333%,7,17,24,0,2,5,17
0x48ed69,86%,7,43,50,25,0,7,18
0x5cf33b,0%,7,0,7,0,3,4,0
0x5cf330,56.25%,7,9,16,2,7,0,7
0x8f6429,96.1538%,7,175,182,0,0,7,175
0x48dfc8,74.0741%,7,20,27,8,6,1,12
0xa47e92,41.6667%,7,5,12,0,0,7,5
0x4ab1fb,56.25%,7,9,16,6,5,2,3
0xa47a10,22.2222%,7,2,9,2,7,0,0
0x5f0663,92.2222%,7,83,90,3,3,4,80
0x944952,94.0678%,7,111,118,111,7,0,0
0x53eff7,96.1749%,7,176,183,176,7,0,0
0x53ecdb,95.4545%,7,147,154,143,3,4,4
0x9ee479,68.1818%,7,15,22,7,0,7,8
0x9edaa7,82.9268%,7,34,41,34,0,7,0
0x8f6ccc,84.4444%,7,38,45,0,0,7,38
0x9ed4fa,91.7647%,7,78,85,74,3,4,4
0x5f8344,74.0741%,7,20,27,0,0,7,20
0xa60aad,90.2778%,7,65,72,65,7,0,0
0x4b834c,22.2222%,7,2,9,0,0,7,2
0x9ed232,97.2973%,7,252,259,0,0,7,252
0x65c32e,88.8889%,7,56,63,56,7,0,0
0x9033f8,88.5246%,7,54,61,54,7,0,0
0x6084ac,92.2222%,7,83,90,75,1,6,8
0x40e518,56.25%,7,9,16,1,4,3,8
0x507794,61.1111%,7,11,18,10,6,1,1
0x9eceef,83.7209%,7,36,43,6,4,3,30
0x541fd3,99.1745%,7,841,848,0,0,7,841
0x50b903,82.5%,7,33,40,0,0,7,33
0x9177e5,12.5%,7,1,8,1,7,0,0
0x504435,61.1111%,7,11,18,11,7,0,0
0xa43db4,93.9655%,7,109,116,0,0,7,109
0xa2ec0d,89.0625%,7,57,64,57,7,0,0
0x503d54,86.5385%,7,45,52,42,6,1,3
0xa08389,0%,7,0,7,0,7,0,0
0xa45bb0,98.8506%,7,602,609,0,4,3,602
0x81eb0e,98.7273%,7,543,550,0,0,7,543
0x813166,99.1726%,7,839,846,0,0,7,839
0x5d90a8,95.2381%,7,140,147,7,3,4,133
0x4be9c7,95%,7,133,140,0,0,7,133
0x8e7e94,91.1392%,7,72,79,0,0,7,72
0x8c8645,96.4103%,7,188,195,0,0,7,188
0x64866c,87.5%,7,49,56,0,0,7,49
0x8ddef7,87.037%,7,47,54,0,0,7,47
0x4a0162,93.9655%,7,109,116,109,7,0,0
0x83408d,90.6667%,7,68,75,68,5,2,0
0x63f410,96.5%,7,193,200,193,5,2,0
0x9091e3,99.623%,7,1850,1857,1850,7,0,0
0x83904b,56.25%,7,9,16,9,7,0,0
0x8f75bb,95.5414%,7,150,157,150,7,0,0
0x60dc21,88.3333%,7,53,60,0,0,7,53
0x543aaf,99.4819%,7,1344,1351,0,0,7,1344
0x6043f4,41.6667%,7,5,12,0,0,7,5
0x94b5b8,91.1392%,7,72,79,0,0,7,72
0x8e09d5,99.7609%,7,2921,2928,0,0,7,2921
0x48f89f,61.1111%,7,11,18,2,4,3,9
0x8e6ede,98.2759%,7,399,406,399,7,0,0
0x58d1a7,92.3913%,7,85,92,0,0,7,85
0x814912,97.8788%,7,323,330,0,0,7,323
0x4b7ef9,36.3636%,7,4,11,2,7,0,2
0x64f496,92.1348%,7,82,89,82,7,0,0
0x58e430,84.4444%,7,38,45,0,0,7,38
0x8222c4,97.4359%,7,266,273,0,0,7,266
0x806024,96.8468%,7,215,222,215,7,0,0
0x8e0feb,99.1315%,7,799,806,0,0,7,799
0x8f57b8,98.1675%,7,375,382,184,7,0,191
0x5f75c1,76.6667%,7,23,30,0,0,7,23
0x404f12,41.6667%,7,5,12,0,0,7,5
0x80a583,97.8593%,7,320,327,320,7,0,0
0x40f35e,99.8421%,7,4425,4432,0,0,7,4425
0x441bf9,36.3636%,7,4,11,4,7,0,0
0x50aa22,93.6937%,7,104,111,0,0,7,104
0x80a8ed,99.1696%,7,836,843,1,1,6,835
0x9e774d,86.7925%,7,46,53,46,0,7,0
0xa95d6c,61.1111%,7,11,18,11,7,0,0
0x686829,95.5975%,7,152,159,0,0,7,152
0x556c67,12.5%,7,1,8,1,7,0,0
0x81c97c,95.9302%,7,165,172,0,0,7,165
0x6485e0,87.5%,7,49,56,49,7,0,0
0xaaa5d4,58.8235%,7,10,17,4,6,1,6
0xa5103e,98.6166%,7,499,506,0,4,3,499
0x64cd08,72%,7,18,25,18,7,0,0
0x63bb19,99.464%,7,1299,1306,1299,7,0,0
0x65bbf6,98.6139%,7,498,505,0,0,7,498
0x491bdb,91.1392%,7,72,79,71,7,0,1
0x8ebd94,12.5%,7,1,8,0,4,3,1
0x4c5c27,83.7209%,7,36,43,11,0,7,25
0xa53658,12.5%,7,1,8,0,0,7,1
0x5bae9f,92.8571%,7,91,98,91,7,0,0
0xa098bb,46.1538%,7,6,13,1,7,0,5
0xa52a9c,95.7317%,7,157,164,0,0,7,157
0x9e57aa,82.0513%,7,32,39,32,7,0,0
0x4c0dfc,78.125%,7,25,32,25,7,0,0
0x40b136,96.4103%,7,188,195,0,2,5,188
0x8a9f5c,74.0741%,7,20,27,0,0,7,20
0x8114c8,99.1696%,7,836,843,0,0,7,836
0x5cb0ad,99.2099%,7,879,886,0,0,7,879
0x60bbce,61.1111%,7,11,18,5,4,3,6
0x481ce4,22.2222%,7,2,9,2,7,0,0
0x5560d0,96.5517%,7,196,203,196,7,0,0
0x49feee,99.9498%,7,13939,13946,0,0,7,13939
0x5905fa,76.6667%,7,23,30,13,5,2,10
0x4ad86d,66.6667%,7,14,21,1,2,5,13
0x4a9d16,69.5652%,7,16,23,0,0,7,16
0xa8fa73,91.7647%,7,78,85,0,0,7,78
0x9e0b36,97.3384%,7,256,263,0,6,1,256
0xa4541f,97.9885%,7,341,348,0,4,3,341
0x8f54e7,99.589%,7,1696,1703,1696,7,0,0
0x8dded7,87.037%,7,47,54,0,0,7,47
0x63dfe1,99.2716%,7,954,961,954,7,0,0
0xaa342d,87.037%,7,47,54,40,3,4,7
0x94b84d,98.7589%,7,557,564,0,0,7,557
0x54089f,41.6667%,7,5,12,3,3,4,2
0x969837,90.2778%,7,65,72,0,7,0,65
0x4901a6,30%,7,3,10,3,7,0,0
0xa07359,22.2222%,7,2,9,0,0,7,2
0x6097e7,93.0693%,7,94,101,0,0,7,94
0x780608,97.8528%,7,319,326,0,2,5,319
0xa35545,65%,7,13,20,9,3,4,4
0x4a9c49,69.5652%,7,16,23,0,7,0,16
0xa50ed0,90.7895%,7,69,76,69,7,0,0
0x5af8e6,86.7925%,7,46,53,46,7,0,0
0xa6097f,97.7049%,7,298,305,0,0,7,298
0x8f48bd,99.4939%,7,1376,1383,1376,7,0,0
0xa281d5,96.6507%,7,202,209,202,7,0,0
0x5fa42d,90.6667%,7,68,75,0,0,7,68
0xa44884,90%,7,63,70,63,7,0,0
0x90e11c,76.6667%,7,23,30,0,0,7,23
0x5feef8,85.4167%,7,41,48,41,7,0,0
0x5ff2c9,94.0171%,7,110,117,110,7,0,0
0x8dee72,46.1538%,7,6,13,2,0,7,4
0x90a7c5,95.4248%,7,146,153,0,0,7,146
0x81fb09,97.8328%,7,316,323,0,0,7,316
0x81d383,96.0227%,7,169,176,169,7,0,0
0x5b9b59,87.5%,7,49,56,0,0,7,49
0x40a642,73.0769%,7,19,26,0,0,7,19
0x67e225,99.8864%,7,6157,6164,0,0,7,6157
0xa09546,41.6667%,7,5,12,1,7,0,4
0x981366,88.7097%,7,55,62,0,0,7,55
0x78122d,99.2545%,7,932,939,38,6,1,894
0x5ebedd,50%,7,7,14,0,0,7,7
0x4c5d21,66.6667%,7,14,21,0,0,7,14
0x4ab86d,77.4194%,7,24,31,0,0,7,24
0x8ec007,89.3939%,7,59,66,0,0,7,59
0x53feb1,99.8589%,7,4953,4960,4953,3,4,0
0x9f88e2,63.1579%,7,12,19,12,7,0,0
0x554e1f,95.0704%,7,135,142,0,0,7,135
0x6809cf,98.5743%,7,484,491,0,0,7,484
0x58e444,82.5%,7,33,40,0,0,7,33
0x814463,98.6891%,7,527,534,0,0,7,527
0x81a0e5,92.3077%,7,84,91,84,3,4,0
0x409d33,66.6667%,7,14,21,3,5,2,11
0xa8a721,91.5663%,7,76,83,76,7,0,0
0x8db786,97.7778%,7,308,315,0,0,7,308
0x48a5dc,99.5176%,7,1444,1451,1444,7,0,0
0x8ef68e,77.4194%,7,24,31,24,7,0,0
0x9a2786,53.3333%,7,8,15,8,7,0,0
0x819ceb,79.4118%,7,27,34,8,4,3,19
0xa6c6fb,74.0741%,7,20,27,0,0,7,20
0x402faf,89.8551%,7,62,69,0,0,7,62
0xa29219,56.25%,7,9,16,0,0,7,9
0x90e357,89.5522%,7,60,67,0,0,7,60
0x8eadd2,99.4286%,7,1218,1225,0,0,7,1218
0x816b77,99.4757%,7,1328,1335,1328,6,1,0
0xaaa09a,74.0741%,7,20,27,0,0,7,20
0x813a72,58.8235%,7,10,17,0,0,7,10
0x9b8ff3,63.1579%,7,12,19,12,7,0,0
0x682269,79.4118%,7,27,34,27,7,0,0
0xa019f3,65%,7,13,20,11,1,6,2
0x90edcb,99.623%,7,1850,1857,1201,6,1,649
0x4802a5,81.5789%,7,31,38,31,7,0,0
0x908b27,99.2716%,7,954,961,954,7,0,0
0x5f7ac6,0%,7,0,7,0,0,7,0
0x5f53c6,74.0741%,7,20,27,8,4,3,12
0x9a600c,50%,7,7,14,0,0,7,7
0x5b0f40,87.931%,7,51,58,51,7,0,0
0x7d1af4,98.8854%,7,621,628,621,7,0,0
0x4aad63,76.6667%,7,23,30,0,0,7,23
0x979fba,30%,7,3,10,3,7,0,0
0xa4d367,75%,7,21,28,0,0,7,21
0x90e67c,99.2316%,7,904,911,904,7,0,0
0x8f6bc3,93.578%,7,102,109,102,7,0,0
0x8a6688,95.3947%,7,145,152,0,0,7,145
0x48aac8,99.8454%,7,4521,4528,4521,7,0,0
0xa516f5,82.5%,7,33,40,33,7,0,0
0xa95b91,94.6154%,7,123,130,0,0,7,123
0x9ee33b,93.6364%,7,103,110,0,0,7,103
0x8ece0a,99.2965%,7,988,995,988,7,0,0
0x58bde7,95.302%,7,142,149,0,0,7,142
0x819d8a,97.8593%,7,320,327,0,0,7,320
0x48e7f8,83.3333%,7,35,42,35,7,0,0
0x9e04b7,87.931%,7,51,58,0,0,7,51
0x8e39bd,78.125%,7,25,32,0,0,7,25
0x638df0,98.7203%,7,540,547,0,0,7,540
0xa6612f,93.8053%,7,106,113,0,0,7,106
0x40bc60,93.2039%,7,96,103,0,0,7,96
0x90e278,95.625%,7,153,160,0,0,7,153
0x5020e2,90%,7,63,70,0,6,1,63
0x820a75,12.5%,7,1,8,0,0,7,1
0x8e7264,97.8852%,7,324,331,324,7,0,0
0x90fd08,95.9064%,7,164,171,164,7,0,0
0x60e11c,90.7895%,7,69,76,6,4,3,63
0x7c716d,86.5385%,7,45,52,8,0,7,37
0x81bd24,97.7918%,7,310,317,0,0,7,310
0x94eeb5,76.6667%,7,23,30,23,7,0,0
0x820c57,86.5385%,7,45,52,45,5,2,0
0x9e88dd,93.9655%,7,109,116,109,7,0,0
0x81c796,88.3333%,7,53,60,0,0,7,53
0x80e6f8,99.1696%,7,836,843,836,5,2,0
0x6706f4,58.8235%,7,10,17,9,6,1,1
0x677b3c,98.3908%,7,428,435,428,7,0,0
0x58be5e,90.7895%,7,69,76,0,0,7,69
0x90a9f5,87.7193%,7,50,57,0,0,7,50
0xa50c38,92.2222%,7,83,90,21,3,4,62
0x9a1ed5,96.5517%,7,196,203,0,0,7,196
0x80c2ec,96.5686%,7,197,204,197,7,0,0
0x78169c,22.2222%,7,2,9,2,7,0,0
0xa287d5,56.25%,7,9,16,0,0,7,9
0x99e76a,46.1538%,7,6,13,6,7,0,0
0x944eba,12.5%,7,1,8,0,0,7,1
0xa53f25,93.4579%,7,100,107,0,0,7,100
0x8f0c74,90%,7,63,70,6,2,5,57
0x51010a,99.5963%,7,1727,1734,0,0,7,1727
0x5925ac,94.1667%,7,113,120,0,2,5,113
0x543ef1,96.2567%,7,180,187,0,0,7,180
0x54f31c,68.1818%,7,15,22,0,0,7,15
0xaca816,75%,7,21,28,0,0,7,21
0x8e16bf,78.125%,7,25,32,25,7,0,0
0xa2cb53,99.2152%,7,885,892,0,0,7,885
0x8ef511,22.2222%,7,2,9,2,7,0,0
0x837a01,85.4167%,7,41,48,24,4,3,17
0x677bc5,91.0256%,7,71,78,45,3,4,26
0x5c6cd0,98.7993%,7,576,583,0,0,7,576
0x548589,96.5174%,7,194,201,0,0,7,194
0x5f0047,96.1538%,7,175,182,0,0,7,175
0x54663f,73.0769%,7,19,26,19,3,4,0
0x9aa1eb,80%,7,28,35,5,3,4,23
0x5cbdb1,94.6565%,7,124,131,124,7,0,0
0xa17f69,98.7179%,7,539,546,0,0,7,539
0x9e3fe6,63.1579%,7,12,19,0,0,7,12
0x9fcf11,72%,7,18,25,0,0,7,18
0xa500b9,91.358%,7,74,81,3,3,4,71
0x8e48d5,97.3077%,7,253,260,253,7,0,0
0x80a657,96.6667%,7,203,210,0,0,7,203
0x817f5d,79.4118%,7,27,34,27,7,0,0
0xa48e34,95.1724%,7,138,145,138,7,0,0
0x8fcf55,96.9565%,7,223,230,0,0,7,223
0x5bb45a,94.1176%,7,112,119,0,0,7,112
0xa439e9,96.2366%,7,179,186,179,7,0,0
0x640332,99.7065%,7,2378,2385,0,0,7,2378
0x8ecdb3,99.2965%,7,988,995,0,0,7,988
0x821ebb,95.1389%,7,137,144,0,0,7,137
0x6754d0,68.1818%,7,15,22,15,6,1,0
0x8ef5b3,94.8148%,7,128,135,128,7,0,0
0x951ca7,98.9011%,7,630,637,630,7,0,0
0xa52dc4,98.0226%,7,347,354,0,0,7,347
0x9fea86,82.5%,7,33,40,33,7,0,0
0x48fb58,89.0625%,7,57,64,56,4,3,1
0xa96481,70.8333%,7,17,24,17,7,0,0
0x64b57f,99.6943%,7,2283,2290,0,0,7,2283
0x9ec337,82.5%,7,33,40,0,0,7,33
0x8ed01d,78.125%,7,25,32,23,3,4,2
0x9f2704,98.3796%,7,425,432,0,0,7,425
0x7c7527,56.25%,7,9,16,5,3,4,4
0x8f1b84,95.0355%,7,134,141,0,7,0,134
0xa58f22,94.1176%,7,112,119,0,0,7,112
0x4bccb1,83.3333%,7,35,42,0,0,7,35
0x9fe350,94.7761%,7,127,134,127,7,0,0
0x556da3,93.3333%,7,98,105,0,0,7,98
0x544b16,87.7193%,7,50,57,50,7,0,0
0x545579,97.5089%,7,274,281,0,2,5,274
0x808866,97.8593%,7,320,327,320,3,4,0
0x5f8af7,12.5%,7,1,8,1,7,0,0
0x5a91b2,78.7879%,7,26,33,0,0,7,26
0x813a53,68.1818%,7,15,22,13,4,3,2
0x90a18d,99.3177%,7,1019,1026,1019,7,0,0
0x4099f6,61.1111%,7,11,18,11,7,0,0
0xa978ab,30%,7,3,10,3,7,0,0
0x50d03b,93.578%,7,102,109,0,0,7,102
0x8df5d9,82.5%,7,33,40,0,0,7,33
0x48e7e4,83.3333%,7,35,42,1,3,4,34
0x81b7ab,63.1579%,7,12,19,0,0,7,12
0x9e0985,80%,7,28,35,28,7,0,0
0x649921,41.6667%,7,5,12,0,0,7,5
0x80a5c7,99.1745%,7,841,848,841,2,5,0
0x5fab17,58.8235%,7,10,17,0,6,1,10
0xa4b720,97.0464%,7,230,237,0,0,7,230
0x8df3d0,56.25%,7,9,16,0,0,7,9
0x51b3c3,99.742%,7,2706,2713,0,0,7,2706
0x49c19b,92.6316%,7,88,95,0,0,7,88
0x593151,76.6667%,7,23,30,0,0,7,23
0x8f11e9,82.5%,7,33,40,0,0,7,33
0x49a48b,56.25%,7,9,16,0,0,7,9
0xa95e31,41.6667%,7,5,12,0,0,7,5
0x814f1b,88.1356%,7,52,59,52,7,0,0
0xa56f97,93.5185%,7,101,108,0,0,7,101
0x65bbd4,98.6139%,7,498,505,0,0,7,498
0x8140d0,99.0566%,7,735,742,735,7,0,0
0x50a117,22.2222%,7,2,9,0,0,7,2
0x8226db,98.5417%,7,473,480,0,0,7,473
0x63aae6,99.1474%,7,814,821,814,7,0,0
0x8e72fb,97.8852%,7,324,331,0,0,7,324
0x80ebdf,98.3696%,6,362,368,0,0,6,362
0x489f99,96.129%,6,149,155,0,0,6,149
0x60e019,93.8776%,6,92,98,0,0,6,92
0x4876a0,60%,6,9,15,0,0,6,9
0x4ca4b3,40%,6,4,10,0,0,6,4
0x80f8b8,91.8919%,6,68,74,68,6,0,0
0x97529b,75%,6,18,24,1,4,2,17
0x808505,77.7778%,6,21,27,2,5,1,19
0x53dc80,40%,6,4,10,0,0,6,4
0x441957,45.4545%,6,5,11,0,0,6,5
0x8da7f1,0%,6,0,6,0,0,6,0
0x58b8df,94.5455%,6,104,110,0,0,6,104
0x4be81f,50%,6,6,12,6,3,3,0
0x5fb39b,0%,6,0,6,0,6,0,0
0xa50b54,68.4211%,6,13,19,0,5,1,13
0x409845,96.9388%,6,190,196,190,6,0,0
0xa50b15,92.1053%,6,70,76,0,0,6,70
0x81c033,98.1651%,6,321,327,0,0,6,321
0x610ba1,96.2025%,6,152,158,0,0,6,152
0xa966b4,25%,6,2,8,2,6,0,0
0x817f4d,82.3529%,6,28,34,0,0,6,28
0x8d2908,99.8367%,6,3668,3674,3451,3,3,217
0x9bd9fa,50%,6,6,12,6,6,0,0
0xa93956,45.4545%,6,5,11,5,6,0,0
0x9bd674,75%,6,18,24,0,0,6,18
0x9f0e8f,89.8305%,6,53,59,0,0,6,53
0x820cf1,45.4545%,6,5,11,5,6,0,0
0xa92590,66.6667%,6,12,18,6,2,4,6
0x81bf07,81.25%,6,26,32,26,6,0,0
0x6798ab,0%,6,0,6,0,0,6,0
0x78697e,50%,6,6,12,0,0,6,6
0x70c2c9,0%,6,0,6,0,0,6,0
0x80f1e5,96.4706%,6,164,170,164,6,0,0
0x5b2f79,97.0874%,6,200,206,200,6,0,0
0xa5beb0,25%,6,2,8,0,0,6,2
0x5b26bf,87.234%,6,41,47,41,5,1,0
0x5ae26b,85.3659%,6,35,41,0,0,6,35
0xaaa658,14.2857%,6,1,7,0,0,6,1
0x81b46f,45.4545%,6,5,11,0,5,1,5
0x495f24,89.0909%,6,49,55,0,0,6,49
0x495a67,85.3659%,6,35,41,0,0,6,35
0xa39715,57.1429%,6,8,14,0,0,6,8
0x51c9a5,64.7059%,6,11,17,11,6,0,0
0x409eee,95.3125%,6,122,128,0,0,6,122
0x9f66a5,96.0784%,6,147,153,147,6,0,0
0xa2de67,82.8571%,6,29,35,0,5,1,29
0x9b8fe0,68.4211%,6,13,19,0,0,6,13
0x550915,71.4286%,6,15,21,0,0,6,15
0x90ad42,82.3529%,6,28,34,0,0,6,28
0x495ddc,68.4211%,6,13,19,0,0,6,13
0x8f687a,82.3529%,6,28,34,0,0,6,28
0x8d99b8,0%,6,0,6,0,6,0,0
0x9e7a52,95.7447%,6,135,141,135,6,0,0
0xa5389a,14.2857%,6,1,7,1,6,0,0
0x5547e0,99.4709%,6,1128,1134,1128,6,0,0
0x9e7a75,95.7447%,6,135,141,0,0,6,135
0xa46dea,97.6654%,6,251,257,0,0,6,251
0x54d760,70%,6,14,20,14,6,0,0
0x8a63c2,95.5882%,6,130,136,0,0,6,130
0x507415,88%,6,44,50,0,0,6,44
0x5b187a,57.1429%,6,8,14,8,6,0,0
0x972d83,0%,6,0,6,0,0,6,0
0x4c6597,50%,6,6,12,0,0,6,6
0x4c2fd6,14.2857%,6,1,7,1,6,0,0
0xa7a1e2,96.5714%,6,169,175,0,0,6,169
0xa07515,86.6667%,6,39,45,0,1,5,39
0x4809a6,68.4211%,6,13,19,13,6,0,0
0x80bc40,98.4772%,6,388,394,388,6,0,0
0x6472ce,70%,6,14,20,1,4,2,13
0xa58ea6,71.4286%,6,15,21,15,6,0,0
0x80a81c,99.2883%,6,837,843,1,1,5,836
0x952473,89.0909%,6,49,55,49,6,0,0
0x7ac253,0%,6,0,6,0,6,0,0
0x8e26f5,99.5526%,6,1335,1341,1335,6,0,0
0x618999,45.4545%,6,5,11,0,0,6,5
0x67986d,0%,6,0,6,0,6,0,0
0xa526fc,98.8372%,6,510,516,510,6,0,0
0xa2b40a,80.6452%,6,25,31,0,0,6,25
0xa282ff,40%,6,4,10,4,6,0,0
0x9e3cd7,57.1429%,6,8,14,0,0,6,8
0x40e6da,91.1765%,6,62,68,45,0,6,17
0x9b900e,68.4211%,6,13,19,7,3,3,6
0x9d1044,25%,6,2,8,0,0,6,2
0xa0bc82,0%,6,0,6,0,6,0,0
0x9ea61d,95.2%,6,119,125,0,0,6,119
0x9f69e1,25%,6,2,8,0,0,6,2
0xa180b3,99.1292%,6,683,689,16,0,6,667
0x94da41,98.9779%,6,581,587,0,0,6,581
0x99c5fe,96.0265%,6,145,151,145,6,0,0
0x54d82c,62.5%,6,10,16,0,0,6,10
0x54cda7,68.4211%,6,13,19,13,6,0,0
0x54cd9b,68.4211%,6,13,19,0,0,6,13
0xa1ab57,45.4545%,6,5,11,0,6,0,5
0x8ddb71,94.6429%,6,106,112,0,0,6,106
0x9d3322,89.0909%,6,49,55,49,6,0,0
0x977708,99.3197%,6,876,882,0,0,6,876
0x8eb0d9,0%,6,0,6,0,0,6,0
0x4a7757,99.5708%,6,1392,1398,0,2,4,1392
0x788055,88%,6,44,50,44,6,0,0
0x9e7cfe,75%,6,18,24,0,0,6,18
0xa47ff5,50%,6,6,12,3,6,0,3
0x555ab0,78.5714%,6,22,28,22,4,2,0
0x8f5044,50%,6,6,12,0,0,6,6
0x5eef87,66.6667%,6,12,18,0,0,6,12
0x4c4bcc,94.1748%,6,97,103,37,3,3,60
0x58f6fc,25%,6,2,8,1,1,5,1
0x5b478e,70%,6,14,20,14,6,0,0
0x5d98d6,25%,6,2,8,2,6,0,0
0x547c15,96.1039%,6,148,154,148,6,0,0
0x96a679,90.7692%,6,59,65,0,0,6,59
0x50bb54,98.773%,6,483,489,483,6,0,0
0x490ec6,33.3333%,6,3,9,0,0,6,3
0x4996d9,91.8919%,6,68,74,68,6,0,0
0x8107be,97.619%,6,246,252,245,1,5,1
0xa51bec,85%,6,34,40,0,0,6,34
0x8ed4bf,45.4545%,6,5,11,5,6,0,0
0x9fe785,83.7838%,6,31,37,0,0,6,31
0xa5182e,85%,6,34,40,34,6,0,0
0x5f1cf9,14.2857%,6,1,7,0,0,6,1
0xb1c39f,94.1176%,6,96,102,0,0,6,96
0xa34d8d,97.7358%,6,259,265,0,0,6,259
0x64cc24,98.9343%,6,557,563,557,6,0,0
0x9fe886,85%,6,34,40,0,0,6,34
0x5f8e97,70%,6,14,20,5,4,2,9
0x911d1f,98.6239%,6,430,436,0,0,6,430
0xa3fd48,75%,6,18,24,18,0,6,0
0x8ef10b,95.5556%,6,129,135,129,6,0,0
0x78d828,99.1137%,6,671,677,0,0,6,671
0x48fe1b,40%,6,4,10,0,0,6,4
0x8f1811,98.4887%,6,391,397,391,5,1,0
0x9ea562,94.4444%,6,102,108,82,0,6,20
0x4a7b96,89.4737%,6,51,57,51,6,0,0
0x8f3140,99.3251%,6,883,889,0,0,6,883
0x9e1525,79.3103%,6,23,29,23,4,2,0
0xa02cc4,91.0448%,6,61,67,0,4,2,61
0xa02c93,91.0448%,6,61,67,61,6,0,0
0xa02c86,81.25%,6,26,32,0,0,6,26
0xa02e1d,94.4954%,6,103,109,103,6,0,0
0xa02c34,91.6667%,6,66,72,66,4,2,0
0x9e063f,89.6552%,6,52,58,52,6,0,0
0x8f6603,98.3099%,6,349,355,0,0,6,349
0x81fa39,70%,6,14,20,4,4,2,10
0xa030fb,91.1765%,6,62,68,62,4,2,0
0x4c269c,53.8462%,6,7,13,0,0,6,7
0xa54325,68.4211%,6,13,19,0,0,6,13
0x99ce5b,33.3333%,6,3,9,0,0,6,3
0x4b70e6,45.4545%,6,5,11,5,6,0,0
0x7efe05,95.9732%,6,143,149,143,6,0,0
0x54ef68,86.0465%,6,37,43,0,0,6,37
0x7efe75,96.4286%,6,162,168,0,0,6,162
0x53f3f2,97.0297%,6,196,202,196,2,4,0
0xa5717d,70%,6,14,20,14,6,0,0
0x592585,95%,6,114,120,0,0,6,114
0x8e0da8,97.3799%,6,223,229,223,6,0,0
0xa5725a,95.2%,6,119,125,0,0,6,119
0x59f0f0,25%,6,2,8,1,3,3,1
0x99ce2a,33.3333%,6,3,9,3,6,0,0
0xa2ddd9,83.3333%,6,30,36,0,0,6,30
0x49cdb0,53.8462%,6,7,13,4,4,2,3
0x7efe7d,96.4286%,6,162,168,14,5,1,148
0xa0174f,85%,6,34,40,34,6,0,0
0xa01736,85%,6,34,40,34,6,0,0
0x90e39a,91.0448%,6,61,67,0,0,6,61
0x8aaa5e,90.4762%,6,57,63,0,0,6,57
0x5f1428,85%,6,34,40,0,0,6,34
0x9735dc,33.3333%,6,3,9,0,0,6,3
0x96a646,91.6667%,6,66,72,0,0,6,66
0x9eb6c2,81.25%,6,26,32,0,4,2,26
0x815c85,85.3659%,6,35,41,35,6,0,0
0x817cac,98.2301%,6,333,339,0,0,6,333
0x64b4b9,90.3226%,6,56,62,56,6,0,0
0x9ec470,93.617%,6,88,94,88,1,5,0
0xa90435,98.5366%,6,404,410,0,0,6,404
0x65ae07,53.8462%,6,7,13,0,0,6,7
0x4ac596,25%,6,2,8,0,0,6,2
0xa074e8,45.4545%,6,5,11,3,2,4,2
0x8e494f,99.0625%,6,634,640,634,6,0,0
0x9fcad8,76%,6,19,25,19,6,0,0
0x96c272,64.7059%,6,11,17,0,0,6,11
0x677b5b,98.3193%,6,351,357,0,0,6,351
0x9eb7ca,96.4286%,6,162,168,0,0,6,162
0x9fc89f,14.2857%,6,1,7,0,0,6,1
0x9d126c,62.5%,6,10,16,0,0,6,10
0x9fc8a5,14.2857%,6,1,7,0,0,6,1
0x977770,99.3197%,6,876,882,0,0,6,876
0xa03053,91.1765%,6,62,68,0,0,6,62
0x813bbe,71.4286%,6,15,21,0,0,6,15
0xa48cc2,96.4072%,6,161,167,0,0,6,161
0x5f135c,85%,6,34,40,3,0,6,31
0x540871,50%,6,6,12,2,4,2,4
0xa02f45,92.1053%,6,70,76,70,4,2,0
0x9805a9,93.8144%,6,91,97,45,2,4,46
0x8a5eab,95.6835%,6,133,139,0,0,6,133
0x81ea3f,93.0233%,6,80,86,80,2,4,0
0x8c8bca,91.0448%,6,61,67,61,6,0,0
0x4aabe2,85.3659%,6,35,41,0,0,6,35
0xb1ae45,98.6143%,6,427,433,0,0,6,427
0xaa5cf2,75%,6,18,24,0,0,6,18
0x78b6cd,50%,6,6,12,0,0,6,6
0x9fd22e,14.2857%,6,1,7,1,6,0,0
0x675014,81.25%,6,26,32,1,6,0,25
0x9fd023,14.2857%,6,1,7,1,6,0,0
0x5b9e33,25%,6,2,8,0,0,6,2
0x8e37e1,96.2264%,6,153,159,153,6,0,0
0xa4fcf9,98.8142%,6,500,506,500,2,4,0
0xa33f49,94.4954%,6,103,109,103,6,0,0
0x59c8e6,14.2857%,6,1,7,0,0,6,1
0x9002ae,40%,6,4,10,0,0,6,4
0x9fb73f,98.0392%,6,300,306,0,0,6,300
0x65adf2,53.8462%,6,7,13,7,6,0,0
0x4b8640,45.4545%,6,5,11,0,0,6,5
0x9a736d,57.1429%,6,8,14,1,3,3,7
0x58dc18,96.0265%,6,145,151,0,0,6,145
0x58dbb8,14.2857%,6,1,7,0,6,0,1
0x557d7f,76.9231%,6,20,26,20,0,6,0
0x810971,25%,6,2,8,0,0,6,2
0x812849,60%,6,9,15,0,0,6,9
0x977456,50%,6,6,12,0,6,0,6
0x5351b9,81.25%,6,26,32,26,6,0,0
0xa4d3e5,84.6154%,6,33,39,33,6,0,0
0x9731f3,85.7143%,6,36,42,0,2,4,36
0xa4d4c8,91.0448%,6,61,67,61,6,0,0
0xa4d4bc,91.0448%,6,61,67,61,6,0,0
0x80a4e4,99.2883%,6,837,843,837,4,2,0
0x5fb223,94.7826%,6,109,115,36,6,0,73
0x8168d7,89.8305%,6,53,59,34,2,4,19
0x9bd631,83.3333%,6,30,36,6,6,0,24
0x4c2309,62.5%,6,10,16,0,0,6,10
0x9e85b9,96.4072%,6,161,167,161,6,0,0
0x8108c4,92%,6,69,75,69,6,0,0
0xa50810,97.6285%,6,247,253,247,2,4,0
0x810949,75%,6,18,24,6,2,4,12
0x9bd3a9,50%,6,6,12,0,0,6,6
0x808ab2,33.3333%,6,3,9,3,6,0,0
0x9f508f,88.4615%,6,46,52,46,6,0,0
0x8fdb0d,66.6667%,6,12,18,0,0,6,12
0x5d0733,0%,6,0,6,0,3,3,0
0x5bc3be,73.913%,6,17,23,0,0,6,17
0x8e395f,87.5%,6,42,48,42,6,0,0
0x81f975,64.7059%,6,11,17,3,5,1,8
0xa504c7,97.6654%,6,251,257,0,4,2,251
0x822866,99.5997%,6,1493,1499,1493,6,0,0
0xa50461,97.6654%,6,251,257,0,0,6,251
0x67b30b,99.7824%,6,2751,2757,2751,6,0,0
0x96c0d5,71.4286%,6,15,21,0,0,6,15
0x49143d,96.2733%,6,155,161,0,3,3,155
0x889f72,72.7273%,6,16,22,4,1,5,12
0x494da8,96.2025%,6,152,158,0,0,6,152
0x4a5c38,53.8462%,6,7,13,7,0,6,0
0x494d7b,96.2025%,6,152,158,0,0,6,152
0xa5c5f5,66.6667%,6,12,18,2,6,0,10
0x5021ff,97.3684%,6,222,228,0,0,6,222
0x557638,77.7778%,6,21,27,0,0,6,21
0xa4e6ee,84.2105%,6,32,38,32,6,0,0
0x491478,96.2025%,6,152,158,152,6,0,0
0x97bae4,96.129%,6,149,155,35,6,0,114
0x8dce49,90.1639%,6,55,61,0,0,6,55
0x9fb141,95.1613%,6,118,124,118,6,0,0
0x491ad0,14.2857%,6,1,7,1,6,0,0
0x9fe382,95.5224%,6,128,134,0,0,6,128
0x49af8c,95.9732%,6,143,149,143,1,5,0
0x4bc483,85%,6,34,40,34,6,0,0
0x7c73f1,62.5%,6,10,16,0,0,6,10
0x9b9068,33.3333%,6,3,9,3,6,0,0
0x5d892b,80%,6,24,30,24,6,0,0
0x8ee1e2,97.5104%,6,235,241,0,0,6,235
0x647637,70%,6,14,20,0,0,6,14
0x66746a,86.6667%,6,39,45,39,6,0,0
0x5facf3,97.2093%,6,209,215,208,1,5,1
0xa5bdfa,81.25%,6,26,32,26,6,0,0
0x806732,40%,6,4,10,4,6,0,0
0xa3641d,14.2857%,6,1,7,0,0,6,1
0x8d382a,40%,6,4,10,4,2,4,0
0x4ba129,80%,6,24,30,0,0,6,24
0x8f5d7f,99.0461%,6,623,629,623,6,0,0
0x8debe5,0%,6,0,6,0,6,0,0
0x499387,62.5%,6,10,16,10,6,0,0
0x9edd06,90.625%,6,58,64,0,0,6,58
0x40952f,25%,6,2,8,2,6,0,0
0xa42bd6,89.6552%,6,52,58,0,0,6,52
0xa546b6,94.1176%,6,96,102,96,6,0,0
0x5bb3fe,90.625%,6,58,64,26,5,1,32
0x9fbb5f,98.0392%,6,300,306,0,0,6,300
0x8dffcb,50%,6,6,12,6,0,6,0
0x647437,71.4286%,6,15,21,1,0,6,14
0xa5bf8e,81.25%,6,26,32,26,6,0,0
0x5b9df9,88.6792%,6,47,53,0,0,6,47
0xb230ec,96.1039%,6,148,154,0,0,6,148
0x833964,95.4887%,6,127,133,0,0,6,127
0x905069,95.6204%,6,131,137,131,6,0,0
0x904c41,98.0066%,6,295,301,295,6,0,0
0x8dfd83,97.5207%,6,236,242,236,6,0,0
0x819427,99.2268%,6,770,776,770,6,0,0
0xa0758a,14.2857%,6,1,7,0,4,2,1
0xa58b24,93.75%,6,90,96,90,6,0,0
0x906799,95.1613%,6,118,124,0,0,6,118
0x90678c,95.1613%,6,118,124,0,0,6,118
0xa94573,79.3103%,6,23,29,1,1,5,22
0x51105c,99.841%,6,3768,3774,0,0,6,3768
0x9042ba,33.3333%,6,3,9,3,6,0,0
0x402ee8,0%,6,0,6,0,0,6,0
0x4c81a0,72.7273%,6,16,22,0,0,6,16
0xa91b1d,98.0328%,6,299,305,299,6,0,0
0x806432,75%,6,18,24,4,4,2,14
0x791152,84.6154%,6,33,39,6,4,2,27
0xa90386,70%,6,14,20,14,6,0,0
0x5fe65b,94.2857%,6,99,105,99,6,0,0
0x8bcbf9,76.9231%,6,20,26,0,0,6,20
0x8f2151,84.6154%,6,33,39,25,0,6,8
0x5fb744,89.0909%,6,49,55,0,0,6,49
0x812886,83.7838%,6,31,37,31,2,4,0
0x837655,88.6792%,6,47,53,0,0,6,47
0x489b7d,0%,6,0,6,0,6,0,0
0xa59013,85.7143%,6,36,42,4,2,4,32
0x67048d,33.3333%,6,3,9,0,0,6,3
0x65af91,53.8462%,6,7,13,0,0,6,7
0x99b7a2,60%,6,9,15,0,0,6,9
0x5449c4,66.6667%,6,12,18,8,1,5,4
0x4c1bed,97%,6,194,200,194,6,0,0
0x65b0a2,53.8462%,6,7,13,7,6,0,0
0x4c4c4c,88%,6,44,50,0,0,6,44
0x538bce,45.4545%,6,5,11,2,2,4,3
0x533bcb,45.4545%,6,5,11,2,0,6,3
0x5fb29f,0%,6,0,6,0,6,0,0
0x80c3e1,95.7447%,6,135,141,1,0,6,134
0xa59535,97.0297%,6,196,202,0,0,6,196
0x810866,92%,6,69,75,0,0,6,69
0x5ffd94,95.6522%,6,132,138,132,6,0,0
0x40974c,14.2857%,6,1,7,1,6,0,0
0x973d72,93.75%,6,90,96,0,0,6,90
0x48f8ec,62.5%,6,10,16,4,2,4,6
0x673d8f,68.4211%,6,13,19,11,1,5,2
0x97bc03,91.3043%,6,63,69,63,4,2,0
0xa99f25,0%,6,0,6,0,6,0,0
0x4c6f93,88%,6,44,50,0,0,6,44
0x490be9,60%,6,9,15,9,0,6,0
0x97275f,97.8022%,6,267,273,0,0,6,267
0xa5ab65,14.2857%,6,1,7,0,0,6,1
0x48775c,75%,6,18,24,0,0,6,18
0x63f37e,99.5649%,6,1373,1379,0,0,6,1373
0x5f7eb9,95.5556%,6,129,135,129,5,1,0
0x5f8774,93.1818%,6,82,88,30,1,5,52
0x8f09e8,94.4444%,6,102,108,102,6,0,0
0x5f79df,97.2222%,6,210,216,8,1,5,202
0xa5aced,71.4286%,6,15,21,15,6,0,0
0x5f82a6,99.0521%,6,627,633,0,0,6,627
0xa60a4f,98.0263%,6,298,304,0,0,6,298
0x5f80f2,96%,6,144,150,0,0,6,144
0x5417b4,25%,6,2,8,2,6,0,0
0x8f12cd,85%,6,34,40,34,6,0,0
0x8118c7,85.3659%,6,35,41,35,6,0,0
0x41069b,96.6102%,6,171,177,0,0,6,171
0x943b10,33.3333%,6,3,9,1,1,5,2
0x48f815,66.6667%,6,12,18,12,6,0,0
0x4bf387,83.7838%,6,31,37,0,0,6,31
0x90241b,87.7551%,6,43,49,0,0,6,43
0x9ee48f,95.122%,6,117,123,117,6,0,0
0x50403f,77.7778%,6,21,27,21,6,0,0
0x96c1b6,95.8621%,6,139,145,0,0,6,139
0xa27861,0%,6,0,6,0,6,0,0
0x48fd9d,70%,6,14,20,0,0,6,14
0xaa141d,96.9231%,6,189,195,0,0,6,189
0x8bbafc,83.7838%,6,31,37,31,6,0,0
0x404012,40%,6,4,10,0,0,6,4
0x8e3da3,96.2264%,6,153,159,0,0,6,153
0xaa5dbe,97.0874%,6,200,206,200,6,0,0
0x943e56,40%,6,4,10,4,4,2,0
0x554cfa,97.9239%,6,283,289,0,6,0,283
0x906b28,98.324%,6,352,358,0,0,6,352
0x833e62,25%,6,2,8,2,6,0,0
0x5ff98e,96.7391%,6,178,184,0,0,6,178
0x972f26,0%,6,0,6,0,0,6,0
0x80dec4,97.2727%,6,214,220,0,0,6,214
0x5fe9c9,98.1538%,6,319,325,270,3,3,49
0x5fe311,78.5714%,6,22,28,12,0,6,10
0x5fd6f2,97.973%,6,290,296,290,6,0,0
0x9c42c0,90.3226%,6,56,62,0,0,6,56
0x81d003,96.7033%,6,176,182,0,5,1,176
0x5d8da1,40%,6,4,10,4,6,0,0
0x97734a,0%,6,0,6,0,6,0,0
0x5f871e,25%,6,2,8,0,4,2,2
0x538d1b,45.4545%,6,5,11,5,6,0,0
0x88ea78,84.6154%,6,33,39,0,0,6,33
0x5f96b5,62.5%,6,10,16,3,5,1,7
0x4b9fb6,92.1053%,6,70,76,24,2,4,46
0x4bc5c8,68.4211%,6,13,19,4,3,3,9
0x4b6b94,82.8571%,6,29,35,29,1,5,0
0x65afdf,53.8462%,6,7,13,7,6,0,0
0x4bf11a,96.8085%,6,182,188,170,3,3,12
0x4bf0ca,96.8085%,6,182,188,0,0,6,182
0xa97e21,33.3333%,6,3,9,0,0,6,3
0x4b67d0,95.8333%,6,138,144,92,3,3,46
0x4bb863,97.0588%,6,198,204,0,0,6,198
0x4bcc37,96.6667%,6,174,180,0,0,6,174
0x5100b7,99.5984%,6,1488,1494,0,0,6,1488
0x819bd9,97.8723%,6,276,282,276,6,0,0
0x4bb7be,70%,6,14,20,5,5,1,9
0x4b5190,14.2857%,6,1,7,1,5,1,0
0x81dd85,33.3333%,6,3,9,0,0,6,3
0x4bad07,25%,6,2,8,0,0,6,2
0xa92a3a,0%,6,0,6,0,6,0,0
0x64872d,89.2857%,6,50,56,50,6,0,0
0x901cc1,97.4359%,6,228,234,228,6,0,0
0xaaa718,14.2857%,6,1,7,1,6,0,0
0xa923f3,88.8889%,6,48,54,48,6,0,0
0x4b9e67,97.2603%,6,213,219,213,6,0,0
0x7227eb,99.5395%,6,1297,1303,0,0,6,1297
0x8eedf8,95.7143%,6,134,140,0,0,6,134
0x606ea1,40%,6,4,10,0,0,6,4
0x7b719c,81.25%,6,26,32,0,0,6,26
0x40bb67,97.6562%,6,250,256,250,3,3,0
0x65168d,89.2857%,6,50,56,0,0,6,50
0x9ea831,81.25%,6,26,32,0,0,6,26
0x50165d,99.4042%,6,1001,1007,0,0,6,1001
0xa97aee,25%,6,2,8,1,5,1,1
0x4bfd46,93.0233%,6,80,86,0,0,6,80
0x6d4b97,62.5%,6,10,16,0,0,6,10
0x5cfc22,99.5227%,6,1251,1257,0,0,6,1251
0x557dc5,50%,6,6,12,0,4,2,6
0x8e47e6,99.642%,6,1670,1676,0,0,6,1670
0x58c4ae,50%,6,6,12,6,6,0,0
0x60bdff,70%,6,14,20,5,5,1,9
0xa9dac0,60%,6,9,15,2,4,2,7
0xa95c3b,0%,6,0,6,0,6,0,0
0x8efd9c,94.8718%,6,111,117,0,0,6,111
0x4a7acf,98.835%,6,509,515,0,0,6,509
0x8a952b,99.9902%,6,60997,61003,60997,3,3,0
0x48c581,40%,6,4,10,4,6,0,0
0x5c8443,0%,6,0,6,0,6,0,0
0x4bc6d8,97.4026%,6,225,231,225,6,0,0
0x819838,91.1765%,6,62,68,28,6,0,34
0x5e1efa,0%,6,0,6,0,0,6,0
0x5d16ba,25%,6,2,8,2,6,0,0
0xa97e39,60%,6,9,15,0,0,6,9
0x99e8d2,94.2857%,6,99,105,0,0,6,99
0xa5b14e,25%,6,2,8,1,0,6,1
0x4bdfb7,45.4545%,6,5,11,5,6,0,0
0x9d362a,89.0909%,6,49,55,0,0,6,49
0xaadbed,98.1538%,6,319,325,0,0,6,319
0x4bddfd,57.1429%,6,8,14,0,0,6,8
0x4b8258,45.4545%,6,5,11,5,6,0,0
0x81fd16,98.1424%,6,317,323,317,6,0,0
0xa98110,90.7692%,6,59,65,8,0,6,51
0xa95e2c,50%,6,6,12,0,0,6,6
0x4b82fa,45.4545%,6,5,11,0,0,6,5
0x4bedda,89.6552%,6,52,58,0,0,6,52
0x7d37c1,85%,6,34,40,0,0,6,34
0x53c530,98.4694%,6,386,392,0,0,6,386
0x53c5a7,98.9916%,6,589,595,589,4,2,0
0x40e6b0,92.7711%,6,77,83,41,4,2,36
0x8dcaf4,99.2288%,6,772,778,772,6,0,0
0x4b86d7,45.4545%,6,5,11,0,0,6,5
0x4045d1,97.3214%,6,218,224,0,0,6,218
0x4b87f2,45.4545%,6,5,11,0,3,3,5
0x837a11,70%,6,14,20,0,0,6,14
0x8f455d,94%,6,94,100,94,6,0,0
0x53baff,99.3927%,6,982,988,0,0,6,982
0x53ba34,95.4545%,6,126,132,123,5,1,3
0x670799,14.2857%,6,1,7,1,6,0,0
0x4c802b,91.3043%,6,63,69,0,0,6,63
0x4c45a3,64.7059%,6,11,17,1,6,0,10
0x619a7e,70%,6,14,20,0,5,1,14
0x4b4be9,97.6923%,6,254,260,254,6,0,0
0x8109b4,70%,6,14,20,0,0,6,14
0x9498e8,88.6792%,6,47,53,0,0,6,47
0x48ba90,14.2857%,6,1,7,1,6,0,0
0xa5501c,84.2105%,6,32,38,32,6,0,0
0xa99aae,60%,6,9,15,0,0,6,9
0x51af57,92.2078%,6,71,77,0,2,4,71
0x9fa1cb,0%,6,0,6,0,0,6,0
0x81fb71,98.1424%,6,317,323,317,6,0,0
0x40e8fc,40%,6,4,10,3,2,4,1
0xa5723c,96.4286%,6,162,168,0,0,6,162
0x4a634b,40%,6,4,10,4,6,0,0
0x5f94bf,76%,6,19,25,0,0,6,19
0x606d71,25%,6,2,8,2,6,0,0
0x5f764a,95.2%,6,119,125,119,6,0,0
0x9ea4e7,94.4444%,6,102,108,0,0,6,102
0x4b7276,45.4545%,6,5,11,1,2,4,4
0x4b7aea,45.4545%,6,5,11,5,4,2,0
0xa3f099,25%,6,2,8,0,0,6,2
0x8ec102,99.5146%,6,1230,1236,1230,6,0,0
0x88e06f,0%,6,0,6,0,6,0,0
0x5f394c,14.2857%,6,1,7,1,2,4,0
0xa44642,88.4615%,6,46,52,46,6,0,0
0x4c5231,98.2301%,6,333,339,333,6,0,0
0x482393,33.3333%,6,3,9,3,6,0,0
0x482091,45.4545%,6,5,11,1,6,0,4
0x40a928,85.7143%,6,36,42,1,6,0,35
0x8fe3f3,94.9153%,6,112,118,0,0,6,112
0x9523d2,92%,6,69,75,0,0,6,69
0x959245,95.3125%,6,122,128,0,0,6,122
0x66693f,98.9726%,6,578,584,578,6,0,0
0x480672,33.3333%,6,3,9,0,0,6,3
0xa32862,95.5224%,6,128,134,128,6,0,0
0xa2a92b,94.6903%,6,107,113,107,5,1,0
0xa474e1,85.7143%,6,36,42,0,0,6,36
0x58be96,50%,6,6,12,6,6,0,0
0x8ad577,93.6842%,6,89,95,0,2,4,89
0x6487b7,89.2857%,6,50,56,50,6,0,0
0xa53333,0%,6,0,6,0,0,6,0
0x67c24f,99.7839%,6,2771,2777,0,0,6,2771
0xa46d0a,97.3913%,6,224,230,224,6,0,0
0x8e1dae,0%,6,0,6,0,6,0,0
0x4bbbb8,92.5926%,6,75,81,75,6,0,0
0xa466b7,93.4066%,6,85,91,0,0,6,85
0x490bf1,0%,6,0,6,0,0,6,0
0xa02afa,33.3333%,6,3,9,3,6,0,0
0xa3d06d,25%,6,2,8,2,6,0,0
0x50389b,40%,6,4,10,4,6,0,0
0xa5686f,0%,6,0,6,0,0,6,0
0x973ee2,50%,6,6,12,0,0,6,6
0x9a0adb,78.5714%,6,22,28,0,0,6,22
0x97a037,88.2353%,6,45,51,45,6,0,0
0x8b9d5e,91.7808%,6,67,73,0,0,6,67
0xa02a6f,50%,6,6,12,0,0,6,6
0x409dff,68.4211%,6,13,19,1,2,4,12
0x48c507,93.75%,6,90,96,0,0,6,90
0xa47102,68.4211%,6,13,19,0,0,6,13
0x8efac8,96.25%,6,154,160,0,0,6,154
0x8d3f66,53.8462%,6,7,13,0,3,3,7
0x8d3f9e,53.8462%,6,7,13,0,0,6,7
0x619bf9,70%,6,14,20,0,6,0,14
0x81934b,82.3529%,6,28,34,0,0,6,28
0x9f05a7,98.9437%,6,562,568,562,6,0,0
0x8d3d23,80.6452%,6,25,31,0,0,6,25
0x81cef7,90%,6,54,60,0,0,6,54
0x7c7236,33.3333%,6,3,9,0,0,6,3
0x90c9c9,94.2857%,6,99,105,0,0,6,99
0x60a6f3,99.6506%,6,1711,1717,0,0,6,1711
0xa44917,88.4615%,6,46,52,46,6,0,0
0x494f60,40%,6,4,10,4,0,6,0
0x8aec94,95.6835%,6,133,139,130,0,6,3
0x482cdc,68.4211%,6,13,19,13,6,0,0
0x483d85,68.4211%,6,13,19,13,6,0,0
0x483c63,68.4211%,6,13,19,13,6,0,0
0xa9c646,86.9565%,6,40,46,40,6,0,0
0x550a54,53.8462%,6,7,13,0,0,6,7
0x511549,98.8484%,6,515,521,515,6,0,0
0x48200f,68.4211%,6,13,19,13,2,4,0
0x9842e0,50%,6,6,12,6,6,0,0
0xa467f5,98.1707%,6,322,328,0,0,6,322
0x4b727b,25%,6,2,8,2,6,0,0
0x4bea7e,96.5714%,6,169,175,169,6,0,0
0x97b912,94.7368%,6,108,114,108,6,0,0
0x9cfc0b,94.7826%,6,109,115,4,0,6,105
0x805b19,99.7846%,6,2779,2785,0,0,6,2779
0x481e65,84.2105%,6,32,38,26,3,3,6
0x8c7d57,99.3658%,6,940,946,0,3,3,940
0x94b3c1,98.9362%,6,558,564,2,0,6,556
0x481855,79.3103%,6,23,29,23,6,0,0
0x8097a2,40%,6,4,10,4,6,0,0
0x818880,99.2745%,6,821,827,0,0,6,821
0x4c4c8f,60%,6,9,15,0,0,6,9
0x4812ba,68.4211%,6,13,19,13,6,0,0
0x666d13,0%,6,0,6,0,0,6,0
0xa482aa,50%,6,6,12,6,6,0,0
0xa523cd,91.5493%,6,65,71,65,4,2,0
0x5afe36,76%,6,19,25,1,3,3,18
0x5afdd9,76%,6,19,25,19,6,0,0
0xa48541,89.2857%,6,50,56,0,0,6,50
0x5ae5ed,76%,6,19,25,19,6,0,0
0x78f6b4,86.6667%,6,39,45,0,6,0,39
0xb49749,62.5%,6,10,16,0,0,6,10
0x8068b2,64.7059%,6,11,17,11,6,0,0
0x5b2912,25%,6,2,8,2,0,6,0
0x8df3d9,75%,6,18,24,18,6,0,0
0x54d441,14.2857%,6,1,7,1,6,0,0
0x555a8f,25%,6,2,8,0,6,0,2
0x4bbf55,89.2857%,6,50,56,0,0,6,50
0x8fda7e,64.7059%,6,11,17,0,0,6,11
0x64f2d6,72.7273%,6,16,22,16,6,0,0
0x8a9ee4,98.7124%,6,460,466,0,0,6,460
0x5415d5,25%,6,2,8,2,1,5,0
0x8f4c13,85%,6,34,40,0,0,6,34
0xa4981f,97.8571%,6,274,280,0,0,6,274
0x7d1ea7,88.2353%,6,45,51,0,3,3,45
0x5ef805,90%,6,54,60,0,0,6,54
0x58c6e4,57.1429%,6,8,14,8,6,0,0
0x592ca4,83.3333%,6,30,36,0,0,6,30
0xa5102d,98.8142%,6,500,506,0,0,6,500
0x9e41e8,96.319%,6,157,163,157,6,0,0
0x4c979e,64.7059%,6,11,17,2,3,3,9
0x505efa,93.5484%,6,87,93,87,6,0,0
0x4bd7c7,14.2857%,6,1,7,1,6,0,0
0xa541ed,98.6143%,6,427,433,0,0,6,427
0xa530e2,96.875%,6,186,192,0,0,6,186
0x4b8647,45.4545%,6,5,11,5,6,0,0
0x901054,83.7838%,6,31,37,31,6,0,0
0x50a3cf,57.1429%,6,8,14,8,6,0,0
0x49a322,57.1429%,6,8,14,6,3,3,2
0x977b68,71.4286%,6,15,21,4,3,3,11
0x50e4e1,66.6667%,6,12,18,12,0,6,0
0x50bcb3,85%,6,34,40,0,0,6,34
0x9712a4,40%,6,4,10,1,4,2,3
0x50d8b1,89.4737%,6,51,57,0,0,6,51
0x80d427,94.5455%,6,104,110,104,6,0,0
0x50b664,85%,6,34,40,34,6,0,0
0x50b30c,85%,6,34,40,34,6,0,0
0x9abd1f,60%,6,9,15,9,6,0,0
0x8eb55e,83.7838%,6,31,37,31,6,0,0
0x4a6ff7,90.3226%,6,56,62,0,2,4,56
0xa2eecb,96.7391%,6,178,184,0,0,6,178
0x5071b3,95.5882%,6,130,136,130,6,0,0
0xa2e811,95.5224%,6,128,134,9,5,1,119
0x6410a8,98.5646%,6,412,418,0,0,6,412
0xa2de5a,82.8571%,6,29,35,0,0,6,29
0x9edc35,90.625%,6,58,64,0,0,6,58
0x9ed89e,90.625%,6,58,64,0,0,6,58
0x813859,90.1639%,6,55,61,55,4,2,0
0x4b8ae2,62.5%,6,10,16,0,0,6,10
0x8e3d70,96.2264%,6,153,159,0,0,6,153
0x50acc1,45.4545%,6,5,11,0,2,4,5
0x4b9109,33.3333%,6,3,9,3,6,0,0
0x53c7cb,99.2832%,6,831,837,0,0,6,831
0x4bd673,0%,6,0,6,0,0,6,0
0x90a65e,86.3636%,6,38,44,0,0,6,38
0x9f6853,97.9522%,6,287,293,287,6,0,0
0x65b9c3,98.5782%,6,416,422,0,0,6,416
0x505252,77.7778%,6,21,27,11,4,2,10
0x94b03f,97.1014%,6,201,207,201,6,0,0
0x509023,53.8462%,6,7,13,0,0,6,7
0x50b81a,78.5714%,6,22,28,22,6,0,0
0x8ea60b,62.5%,6,10,16,9,3,3,1
0xa543db,68.4211%,6,13,19,0,0,6,13
0x507eee,95.5882%,6,130,136,0,0,6,130
0x63f45e,99.5649%,6,1373,1379,0,0,6,1373
0x502024,81.25%,6,26,32,0,0,6,26
0x80df5f,99.7521%,6,2414,2420,0,0,6,2414
0x5f6c9a,60%,6,9,15,2,0,6,7
0x844434,98.7069%,6,458,464,0,0,6,458
0x5e17b8,95.4887%,6,127,133,0,0,6,127
0xa1a1df,45.4545%,6,5,11,5,1,5,0
0x8fd812,0%,6,0,6,0,0,6,0
0x8191c5,98.7903%,6,490,496,180,5,1,310
0x9e3894,81.25%,6,26,32,1,6,0,25
0x4bb34f,97.9239%,6,283,289,283,6,0,0
0x8bd80a,70%,6,14,20,8,4,2,6
0xa3bc07,66.6667%,6,12,18,0,0,6,12
0x903329,50%,6,6,12,0,0,6,6
0xa27353,94.3396%,6,100,106,0,0,6,100
0x9a3f5a,78.5714%,6,22,28,0,0,6,22
0x8f1b92,95.5224%,6,128,134,0,0,6,128
0x9a67ba,33.3333%,6,3,9,1,6,0,2
0x98cdd7,50%,6,6,12,0,0,6,6
0xa4687b,93.0233%,6,80,86,12,3,3,68
0x4a7be9,88.2353%,6,45,51,0,0,6,45
0x7a1148,0%,6,0,6,0,6,0,0
0x7e053c,33.3333%,6,3,9,0,0,6,3
0x9aa44c,72.7273%,6,16,22,0,0,6,16
0x803ebb,97.0732%,6,199,205,199,6,0,0
0x40def6,94.4444%,6,102,108,101,4,2,1
0xa413b2,25%,6,2,8,2,6,0,0
0x9d122a,95%,6,114,120,0,0,6,114
0x53493b,90.9091%,6,60,66,0,0,6,60
0x8a6b6d,75%,6,18,24,0,1,5,18
0x50cdb5,98.1308%,6,315,321,315,6,0,0
0x5043b3,95.5882%,6,130,136,0,0,6,130
0x9ece03,71.4286%,6,15,21,0,0,6,15
0x507f5d,99.1892%,6,734,740,0,0,6,734
0x59711e,87.5%,6,42,48,0,0,6,42
0x816879,97.3451%,6,220,226,0,0,6,220
0xa2d9f8,66.6667%,6,12,18,12,6,0,0
0xa2871a,71.4286%,6,15,21,0,0,6,15
0x8196b3,96.875%,6,186,192,42,6,0,144
0xa2d73d,92.9412%,6,79,85,79,6,0,0
0x48fa88,0%,6,0,6,0,3,3,0
0x405eaf,96.6292%,6,172,178,0,0,6,172
0x404ea4,91.6667%,6,66,72,0,0,6,66
0x8d253d,40%,6,4,10,4,6,0,0
0x8d2639,89.2857%,6,50,56,0,0,6,50
0x80c331,82.8571%,6,29,35,29,5,1,0
0x58c5c4,82.3529%,6,28,34,21,2,4,7
0x551176,75%,6,18,24,0,0,6,18
0x8f4e01,50%,6,6,12,0,6,0,6
0x6660c1,25%,6,2,8,2,6,0,0
0x550a31,82.3529%,6,28,34,28,6,0,0
0xa45cc7,95.3125%,6,122,128,122,6,0,0
0xa05221,90.3226%,6,56,62,13,4,2,43
0x90e2c7,96.25%,6,154,160,154,6,0,0
0xa42867,97.3333%,6,219,225,0,0,6,219
0xa2720f,33.3333%,6,3,9,0,0,6,3
0xa18a5b,86.0465%,6,37,43,0,0,6,37
0x8114a7,99.2925%,6,842,848,838,5,1,4
0x483c7d,68.4211%,6,13,19,11,6,0,2
0x4a59f0,62.5%,6,10,16,10,6,0,0
0xa35dbf,98.6607%,6,442,448,0,0,6,442
0x590d17,85.7143%,6,36,42,15,5,1,21
0x590cc4,72.7273%,6,16,22,0,0,6,16
0x5f8e07,98.3914%,6,367,373,0,4,2,367
0x9a249f,85%,6,34,40,0,0,6,34
0x4c3997,53.8462%,6,7,13,7,6,0,0
0xa4d6cd,83.3333%,6,30,36,0,0,6,30
0x8f6e96,98.9305%,6,555,561,0,0,6,555
0x5f1fce,81.8182%,6,27,33,27,6,0,0
0x4a04b2,62.5%,6,10,16,10,6,0,0
0x5af6e9,33.3333%,6,3,9,3,6,0,0
0x4a7c74,50%,6,6,12,3,3,3,3
0xa5782a,85.7143%,6,36,42,27,1,5,9
0xa99562,45.4545%,6,5,11,0,0,6,5
0x5908fa,72.7273%,6,16,22,2,0,6,14
0x50a3bf,95.5882%,6,130,136,130,6,0,0
0x679115,90.1639%,6,55,61,0,0,6,55
0x4a96d1,90%,6,54,60,0,3,3,54
0x9a2373,70%,6,14,20,0,0,6,14
0x5c6b41,99.6217%,6,1580,1586,0,0,6,1580
0x8bccae,80%,6,24,30,11,3,3,13
0x5f03f7,94.2857%,6,99,105,0,0,6,99
0x53abea,94.7826%,6,109,115,109,6,0,0
0xa2f9fa,92.3077%,6,72,78,72,2,4,0
0x9a623b,79.3103%,6,23,29,23,6,0,0
0x8e8b87,99.9423%,6,10385,10391,10385,6,0,0
0x5970bc,98.7578%,6,477,483,0,0,6,477
0x7c7c22,92.6829%,6,76,82,76,6,0,0
0x6f4611,0%,6,0,6,0,0,6,0
0x809117,99.2925%,6,842,848,840,3,3,2
0x53c4ae,95.4545%,6,126,132,125,3,3,1
0x70e883,0%,6,0,6,0,6,0,0
0x48c390,14.2857%,6,1,7,1,6,0,0
0x821009,81.25%,6,26,32,0,0,6,26
0x7c7bb5,93.8144%,6,91,97,11,3,3,80
0x6ccffe,0%,6,0,6,0,0,6,0
0x406bb7,75%,6,18,24,0,6,0,18
0x8a61e4,96.1039%,6,148,154,148,6,0,0
0x485ec7,73.913%,6,17,23,0,0,6,17
0x5be0b4,92.3077%,6,72,78,0,0,6,72
0x5fe7cb,94.2857%,6,99,105,99,6,0,0
0xa4e830,95.6522%,6,132,138,132,6,0,0
0xa9ed97,57.1429%,6,8,14,0,0,6,8
0x4052a2,99.3151%,6,870,876,0,0,6,870
0x8a6a11,25%,6,2,8,1,4,2,1
0x8114f6,99.2883%,6,837,843,837,6,0,0
0x8a552a,85%,6,34,40,0,0,6,34
0x8aaab9,68.4211%,6,13,19,0,0,6,13
0x49c6ea,40%,6,4,10,0,4,2,4
0x9734ca,50%,6,6,12,6,6,0,0
0x64739a,99%,6,594,600,0,0,6,594
0x8374f8,50%,6,6,12,5,3,3,1
0x6672db,80.6452%,6,25,31,0,0,6,25
0x8a60af,97.2222%,6,210,216,0,0,6,210
0x94617d,68.4211%,6,13,19,13,6,0,0
0x78451e,79.3103%,6,23,29,0,0,6,23
0x5ff9fc,93.4783%,6,86,92,86,6,0,0
0x8dce87,96.5714%,6,169,175,0,0,6,169
0x9a14e5,97.0443%,6,197,203,197,6,0,0
0xb0c524,95.9184%,6,141,147,0,0,6,141
0x82213d,98.0392%,6,300,306,0,0,6,300
0x4ad222,70%,6,14,20,0,0,6,14
0x49bb08,25%,6,2,8,0,6,0,2
0x4b8771,45.4545%,6,5,11,4,0,6,1
0xa263a4,94.4444%,6,102,108,102,6,0,0
0x90a677,86.3636%,6,38,44,0,0,6,38
0x787f38,90%,6,54,60,5,5,1,49
0x50c401,97.7011%,6,255,261,255,6,0,0
0xaa48b4,93.0233%,6,80,86,80,6,0,0
0x7cd990,50%,6,6,12,0,4,2,6
0x4ab87d,80.6452%,6,25,31,0,0,6,25
0x9ebf41,90.1639%,6,55,61,0,0,6,55
0x9d1de1,0%,6,0,6,0,0,6,0
0xaa7d8c,88.8889%,6,48,54,0,0,6,48
0xaa7d1e,40%,6,4,10,0,0,6,4
0x686dbf,92.7711%,6,77,83,0,0,6,77
0x63af80,99.2692%,6,815,821,815,6,0,0
0x4c0426,93.0233%,6,80,86,80,6,0,0
0xa57101,50%,6,6,12,1,0,6,5
0xa30f28,96.9231%,6,189,195,0,0,6,189
0xa4276e,97.3333%,6,219,225,0,0,6,219
0x9e588d,80%,6,24,30,24,6,0,0
0x8bcc06,76.9231%,6,20,26,0,0,6,20
0x63ce64,97%,6,194,200,194,6,0,0
0x5cf8b9,99.6732%,6,1830,1836,1830,6,0,0
0x49037d,92.4051%,6,73,79,0,0,6,73
0x977b72,57.1429%,6,8,14,0,0,6,8
0x49c9ea,25%,6,2,8,2,6,0,0
0x8f6d25,98.4252%,6,375,381,0,0,6,375
0xa564fb,98.8372%,6,510,516,510,6,0,0
0x90dca1,80%,6,24,30,0,0,6,24
0x49b2e3,99.3428%,6,907,913,0,0,6,907
0x7ce77f,86.3636%,6,38,44,2,6,0,36
0x4c6022,62.5%,6,10,16,0,0,6,10
0xa45e95,90.625%,6,58,64,0,0,6,58
0x9e5b50,14.2857%,6,1,7,1,6,0,0
0x556637,89.0909%,6,49,55,1,3,3,48
0xa2da0d,66.6667%,6,12,18,0,4,2,12
0x49baa3,25%,6,2,8,1,5,1,1
0x833a95,94.7368%,6,108,114,0,4,2,108
0xaaaf11,50%,6,6,12,4,4,2,2
0x4be5f0,14.2857%,6,1,7,1,6,0,0
0x60bc53,66.6667%,6,12,18,0,6,0,12
0x5bc551,94.958%,6,113,119,113,6,0,0
0xa2e896,88.6792%,6,47,53,0,0,6,47
0x67f2f3,97.6923%,6,254,260,0,0,6,254
0xa918cf,64.7059%,6,11,17,11,6,0,0
0x556045,97.5207%,6,236,242,0,0,6,236
0x5cf487,0%,6,0,6,0,6,0,0
0x4a73d8,90%,6,54,60,0,0,6,54
0x8eb038,0%,6,0,6,0,0,6,0
0x48701e,95.6522%,6,132,138,0,0,6,132
0xa2815f,98.1928%,6,326,332,0,0,6,326
0x9ed2ef,98.9865%,6,586,592,0,0,6,586
0x593232,78.5714%,6,22,28,8,6,0,14
0x7d2fb4,91.0448%,6,61,67,1,1,5,60
0xa5519a,25%,6,2,8,2,6,0,0
0xa2de18,84.6154%,6,33,39,33,6,0,0
0x94ea67,78.5714%,6,22,28,0,0,6,22
0x50a711,91.4286%,6,64,70,0,0,6,64
0x53ed28,99.2268%,6,770,776,770,2,4,0
0xa63bad,95.122%,6,117,123,117,6,0,0
0x5dced1,95.4887%,6,127,133,0,0,6,127
0x403cb5,94.2857%,6,99,105,0,0,6,99
0xa969e6,62.5%,6,10,16,9,2,4,1
0x99c658,96.0265%,6,145,151,0,0,6,145
0x8174ba,93.4783%,6,86,92,86,6,0,0
0x610876,68.4211%,6,13,19,8,1,5,5
0x610860,53.8462%,6,7,13,0,0,6,7
0xa502ed,62.5%,6,10,16,10,2,4,0
0x70c269,0%,6,0,6,0,0,6,0
0x4a9c58,62.5%,6,10,16,10,6,0,0
0x99e7af,53.8462%,6,7,13,0,0,6,7
0xa58b02,93.75%,6,90,96,90,6,0,0
0x40999e,96.5714%,6,169,175,169,6,0,0
0xa27908,0%,6,0,6,0,6,0,0
0xa278fb,0%,6,0,6,0,0,6,0
0x8e4c90,86.3636%,6,38,44,0,0,6,38
0xa0762e,0%,6,0,6,0,0,6,0
0x481bba,33.3333%,6,3,9,3,6,0,0
0x81c0cb,93.75%,6,90,96,0,0,6,90
0x48e588,87.5%,6,42,48,1,0,6,41
0x8d37fc,62.5%,6,10,16,9,3,3,1
0x9f0dca,98.5646%,6,412,418,412,6,0,0
0x5f3b58,14.2857%,6,1,7,0,4,2,1
0x9e7db9,75%,6,18,24,0,0,6,18
0x8ef278,87.5%,6,42,48,0,0,6,42
0x7c70bf,53.8462%,6,7,13,7,6,0,0
0x90e7b5,99.005%,6,597,603,0,0,6,597
0x8eecad,99.0755%,6,643,649,0,0,6,643
0x4a130d,98.7152%,6,461,467,0,0,6,461
0x8dc2a8,94.5455%,6,104,110,104,6,0,0
0x9a6a15,57.1429%,6,8,14,6,3,3,2
0x5be0a7,92.3077%,6,72,78,0,0,6,72
0x540a44,66.6667%,6,12,18,6,2,4,6
0x7b30d8,83.3333%,6,30,36,30,6,0,0
0x4acb53,50%,6,6,12,6,5,1,0
0x5bac51,98.4127%,6,372,378,372,6,0,0
0x9d179a,95%,6,114,120,114,6,0,0
0x794810,62.5%,6,10,16,9,1,5,1
0x677c75,97.9592%,6,288,294,288,6,0,0
0x97768f,99.6372%,6,1648,1654,0,0,6,1648
0x99bdb8,97.0443%,6,197,203,0,0,6,197
0x95192a,93.4066%,6,85,91,0,0,6,85
0xa46604,94.6429%,6,106,112,0,0,6,106
0x609f88,99.7973%,6,2954,2960,0,0,6,2954
0x678dff,73.913%,6,17,23,17,6,0,0
0x4a8595,72.7273%,6,16,22,0,5,1,16
0x90190e,98.4085%,6,371,377,0,0,6,371
0x6108ec,53.8462%,6,7,13,0,0,6,7
0xaa292d,95.1613%,6,118,124,0,0,6,118
0x813127,99.2908%,6,840,846,840,6,0,0
0x9a0c19,78.5714%,6,22,28,0,0,6,22
0xa328bb,86.3636%,6,38,44,0,0,6,38
0x5ff3f1,50%,6,6,12,6,1,5,0
0x5fa4f5,92%,6,69,75,16,5,1,53
0x4c13e5,75%,6,18,24,18,6,0,0
0x548279,99.2424%,6,786,792,0,0,6,786
0x5bd37e,99.3776%,6,958,964,1,5,1,957
0x9730ca,76%,6,19,25,19,6,0,0
0x51b683,53.8462%,6,7,13,3,2,4,4
0x9d07be,90.3226%,6,56,62,0,0,6,56
0x446563,98.9779%,6,581,587,1,0,6,580
0x9cfbb0,95.122%,6,117,123,0,0,6,117
0x402f69,0%,6,0,6,0,0,6,0
0x5f5467,76%,6,19,25,19,6,0,0
0xa30f56,96.9231%,6,189,195,0,0,6,189
0xa088f3,40%,6,4,10,4,1,5,0
0x404412,99.5792%,6,1420,1426,0,0,6,1420
0xaab122,62.5%,6,10,16,6,2,4,4
0x4c188c,70%,6,14,20,14,6,0,0
0x5afd04,76%,6,19,25,0,0,6,19
0x8f59f8,99.7703%,6,2606,2612,0,0,6,2606
0x60b5e4,97.551%,6,239,245,0,0,6,239
0x67a03b,0%,6,0,6,0,6,0,0
0x6664b2,80%,6,24,30,0,0,6,24
0x80b8e6,97.1154%,6,202,208,202,6,0,0
0x5f09b6,97.973%,6,290,296,0,0,6,290
0x8ffe06,0%,6,0,6,0,6,0,0
0xa960a2,76.9231%,6,20,26,0,0,6,20
0xa46998,97.235%,6,211,217,211,6,0,0
0x8ea142,99.7575%,6,2468,2474,0,0,6,2468
0x49c189,93.6842%,6,89,95,0,0,6,89
0x597efe,60%,6,9,15,9,6,0,0
0x499314,85.7143%,6,36,42,0,0,6,36
0xa5d016,97.3451%,6,220,226,220,6,0,0
0x4ca06d,25%,6,2,8,0,0,6,2
0x6dcc06,85.7143%,6,36,42,0,0,6,36
0x9f19d3,98.4334%,6,377,383,0,0,6,377
0x82243c,96.7742%,6,180,186,0,0,6,180
0x8ffdf0,25%,6,2,8,2,0,6,0
0x44154e,45.4545%,6,5,11,0,0,6,5
0xa08481,45.4545%,6,5,11,5,6,0,0
0x80923c,93.6842%,6,89,95,87,2,4,2
0xa2772c,40%,6,4,10,0,6,0,4
0x402de0,89.8305%,6,53,59,0,0,6,53
0x8ffb3e,94.7826%,6,109,115,0,0,6,109
0x511155,99.1429%,6,694,700,0,0,6,694
0x80a478,99.2883%,6,837,843,837,4,2,0
0x533c61,83.3333%,6,30,36,30,6,0,0
0x9e73c9,98.5%,6,394,400,394,6,0,0
0xa25e5e,92.3077%,6,72,78,72,6,0,0
0x9b908e,33.3333%,6,3,9,1,0,6,2
0x491500,96.2264%,6,153,159,0,0,6,153
0xa97547,95.9732%,6,143,149,0,0,6,143
0x558a5d,99.0276%,6,611,617,0,3,3,611
0x402b23,99.3534%,6,922,928,0,0,6,922
0x8b9ca3,99.794%,6,2907,2913,0,0,6,2907
0x81cb3a,90%,6,54,60,0,0,6,54
0xa9b90b,0%,6,0,6,0,6,0,0
0x9e0fb4,92.5%,6,74,80,0,0,6,74
0xaa07af,94%,6,94,100,94,6,0,0
0xa2f029,92.8571%,6,78,84,0,0,6,78
0x8dffc3,66.6667%,6,12,18,1,5,1,11
0x5591dd,99.2188%,6,762,768,0,4,2,762
0x8d3fc6,53.8462%,6,7,13,0,0,6,7
0x8128a2,81.8182%,6,27,33,0,0,6,27
0x4aad56,80%,6,24,30,0,0,6,24
0x5f1c3a,14.2857%,6,1,7,0,0,6,1
0x4b499a,95.6522%,6,132,138,132,6,0,0
0xa55071,97.9381%,6,285,291,0,0,6,285
0x9d0b7e,88.2353%,6,45,51,0,0,6,45
0x666cf5,0%,6,0,6,0,6,0,0
0x590c35,70%,6,14,20,14,6,0,0
0x65203c,84.6154%,6,33,39,33,6,0,0
0x9a4860,50%,6,6,12,0,1,5,6
0x91a179,99.3757%,6,955,961,955,6,0,0
0x4036ea,99.2415%,6,785,791,0,0,6,785
0x9ed407,94.5946%,6,105,111,105,6,0,0
0xa4b717,97.4684%,6,231,237,0,0,6,231
0xa544ec,40%,6,4,10,0,0,6,4
0x49a2a5,94.8276%,6,110,116,0,0,6,110
0x94eaeb,90%,6,54,60,27,3,3,27
0x63f362,97%,6,194,200,0,0,6,194
0x9f23c7,92.5926%,6,75,81,75,4,2,0
0x539c58,85.7143%,6,36,42,36,4,2,0
0x6ccbbf,99.3737%,6,952,958,952,6,0,0
0x8e02dd,97.8947%,6,279,285,0,0,6,279
0xa35526,60%,6,9,15,0,3,3,9
0x403a12,76%,6,19,25,12,3,3,7
0x8d983a,25%,6,2,8,0,0,6,2
0xa37259,0%,6,0,6,0,0,6,0
0x5f0570,77.7778%,6,21,27,0,0,6,21
0x8dd929,86.3636%,6,38,44,38,6,0,0
0x99a87a,96.4497%,6,163,169,0,0,6,163
0x51b321,68.4211%,6,13,19,0,0,6,13
0x540984,57.1429%,6,8,14,6,2,4,2
0x95b5c5,25%,6,2,8,2,6,0,0
0x8f0a44,94.8718%,6,111,117,111,6,0,0
0x9a1be5,97.0443%,6,197,203,0,0,6,197
0x6805f8,73.913%,6,17,23,0,0,6,17
0x512ae0,98.4375%,6,378,384,378,6,0,0
0x9019d6,98.2249%,6,332,338,0,0,6,332
0x4be89f,33.3333%,6,3,9,2,6,0,1
0x666964,98.9726%,6,578,584,578,6,0,0
0x639c4e,50%,6,6,12,6,6,0,0
0xa64c01,0%,6,0,6,0,0,6,0
0x4aca36,60%,6,9,15,0,6,0,9
0x63f485,97%,6,194,200,194,4,2,0
0x5c570d,86.6667%,6,39,45,7,1,5,32
0xa3727f,0%,6,0,6,0,0,6,0
0xa35e6e,57.1429%,6,8,14,0,2,4,8
0xa26cbc,40%,6,4,10,4,0,6,0
0xa440a1,90.625%,6,58,64,57,5,1,1
0x9197a5,99.3757%,6,955,961,0,0,6,955
0xa53666,25%,6,2,8,2,0,6,0
0x81ea4b,93.0233%,6,80,86,0,0,6,80
0x667325,80.6452%,6,25,31,0,0,6,25
0xa535ce,25%,6,2,8,2,6,0,0
0x78f5fc,71.4286%,6,15,21,0,6,0,15
0x5fe32b,62.5%,6,10,16,0,4,2,10
0x54087b,0%,6,0,6,0,0,6,0
0x8a91f4,50%,6,6,12,0,3,3,6
0x48029e,84.2105%,6,32,38,0,0,6,32
0x40ac87,76.9231%,6,20,26,15,4,2,5
0x4bdc96,40%,6,4,10,3,1,5,1
0xa34c9c,92%,6,69,75,0,6,0,69
0x60a5ba,14.2857%,6,1,7,0,0,6,1
0x8a75fb,99.319%,6,875,881,0,1,5,875
0x8eb54b,83.7838%,6,31,37,0,0,6,31
0x9a89d1,97.7695%,6,263,269,0,0,6,263
0xa2e88d,88.6792%,6,47,53,0,0,6,47
0x8f60af,96.9072%,6,188,194,0,0,6,188
0x949909,88.6792%,6,47,53,47,6,0,0
0x94ac8e,92.5%,6,74,80,18,6,0,56
0x609600,92.7711%,6,77,83,0,0,6,77
0x99e237,60%,6,9,15,2,0,6,7
0x541446,85%,6,34,40,0,0,6,34
0xaa3951,53.8462%,6,7,13,5,3,3,2
0x99a93f,94.1176%,6,96,102,96,6,0,0
0x5f2625,71.4286%,6,15,21,9,6,0,6
0x951035,94.3396%,6,100,106,99,5,1,1
0x8a91fe,33.3333%,6,3,9,3,6,0,0
0xa94a7c,92.1053%,6,70,76,0,0,6,70
0xb2ff34,53.8462%,6,7,13,0,0,6,7
0x4c7748,25%,6,2,8,0,0,6,2
0x9027bf,75%,6,18,24,6,6,0,12
0x5f31b6,14.2857%,6,1,7,0,0,6,1
0x7d0f05,83.3333%,6,30,36,30,6,0,0
0x7d2b28,53.8462%,6,7,13,0,0,6,7
0x943d6b,40%,6,4,10,2,0,6,2
0x666faa,73.913%,6,17,23,17,6,0,0
0xa2f9cb,92.3077%,6,72,78,72,6,0,0
0x4beeea,76%,6,19,25,0,0,6,19
0x8ee0e8,96.8085%,6,182,188,0,1,5,182
0x8a759e,95.9184%,6,141,147,0,0,6,141
0x402e84,82.3529%,6,28,34,28,6,0,0
0x8a239f,40%,6,4,10,3,5,1,1
0x81e9d1,92.1053%,6,70,76,0,0,6,70
0x99e9ec,60%,6,9,15,9,6,0,0
0x5c6566,94.8718%,6,111,117,0,0,6,111
0x48a76f,99.4801%,6,1148,1154,0,0,6,1148
0x7b2a8c,86.3636%,6,38,44,0,0,6,38
0x51b15a,64.7059%,6,11,17,11,6,0,0
0x65a077,97.6285%,6,247,253,0,0,6,247
0xa58873,94.8276%,6,110,116,0,0,6,110
0xb1481d,99.8591%,6,4252,4258,4252,6,0,0
0x67083f,0%,6,0,6,0,6,0,0
0x53fd2a,98.0066%,6,295,301,0,0,6,295
0x4c52d1,75%,6,18,24,1,5,1,17
0x9e0914,92.5926%,6,75,81,0,2,4,75
0x8a91f2,64.7059%,6,11,17,5,0,6,6
0x8fe5b2,98.5612%,6,411,417,411,6,0,0
0x5a9629,76%,6,19,25,12,5,1,7
0x48fdf3,40%,6,4,10,0,0,6,4
0x402d59,82.3529%,6,28,34,0,0,6,28
0x4ace36,90.3226%,6,56,62,56,6,0,0
0xa427c7,97.3333%,6,219,225,0,0,6,219
0x44186e,45.4545%,6,5,11,0,0,6,5
0x65b2ca,57.1429%,6,8,14,0,0,6,8
0x502e0f,53.8462%,6,7,13,5,5,1,2
0x6d0503,79.3103%,6,23,29,0,0,6,23
0x5ffcc4,95.3125%,6,122,128,0,0,6,122
0x63b53e,99.5406%,6,1300,1306,0,0,6,1300
0x90acca,94.9153%,6,112,118,0,0,6,112
0x555973,94.5455%,6,104,110,51,4,2,53
0xa06686,86.6667%,6,39,45,0,0,6,39
0x4aaee6,45.4545%,6,5,11,0,0,6,5
0x4a1b55,73.913%,6,17,23,0,0,6,17
0x908678,99.6276%,6,1605,1611,0,0,6,1605
0x8bcc43,91.4286%,6,64,70,64,6,0,0
0x4418ae,45.4545%,6,5,11,0,0,6,5
0x49ee97,78.5714%,6,22,28,11,3,3,11
0x9e0937,57.1429%,6,8,14,0,6,0,8
0x9e7142,89.0909%,6,49,55,49,6,0,0
0x490ddf,0%,6,0,6,0,0,6,0
0x5ef8ea,64.7059%,6,11,17,0,0,6,11
0x9e39da,25%,6,2,8,2,6,0,0
0x973b54,40%,6,4,10,0,0,6,4
0x9e3e85,96.1039%,6,148,154,0,0,6,148
0xa05e6c,0%,6,0,6,0,6,0,0
0x44172e,45.4545%,6,5,11,0,0,6,5
0xa925a7,40%,6,4,10,0,0,6,4
0x9d0706,80.6452%,6,25,31,25,6,0,0
0x9f5ba3,25%,6,2,8,0,0,6,2
0x9f3de5,53.8462%,6,7,13,3,0,6,4
0x9f4df4,33.3333%,6,3,9,0,0,6,3
0xa2e261,97.2603%,6,213,219,213,6,0,0
0x9fe3eb,95.4198%,6,125,131,0,0,6,125
0x9bb46f,66.6667%,6,12,18,12,6,0,0
0x6f45d2,0%,6,0,6,0,0,6,0
0x60dd33,99.1404%,6,692,698,0,0,6,692
0x486d1e,93.5484%,6,87,93,0,0,6,87
0x63a7da,97%,6,194,200,194,6,0,0
0x63a7c1,97%,6,194,200,194,6,0,0
0x640d62,97%,6,194,200,194,6,0,0
0x9f3cb4,14.2857%,6,1,7,1,6,0,0
0xa595b4,97.0297%,6,196,202,0,0,6,196
0x9fdd3c,76%,6,19,25,19,6,0,0
0x64c808,14.2857%,6,1,7,1,6,0,0
0x8f1248,85%,6,34,40,34,6,0,0
0x813f33,99.1304%,6,684,690,684,6,0,0
0x63ac9c,97.5104%,6,235,241,0,0,6,235
0xa4a0e1,94.6903%,6,107,113,64,3,3,43
0xa4ba6e,96.9072%,6,188,194,0,0,6,188
0x49bd38,0%,6,0,6,0,4,2,0
0x9aaf06,86.6667%,6,39,45,39,6,0,0
0x95aed1,73.913%,6,17,23,17,6,0,0
0x4ab178,0%,6,0,6,0,6,0,0
0x78186e,98.8%,6,494,500,494,6,0,0
0x7ac181,0%,6,0,6,0,6,0,0
0x678e36,73.913%,6,17,23,17,6,0,0
0x4ba6d5,80.6452%,6,25,31,25,6,0,0
0x65a0f5,94.5946%,6,105,111,0,0,6,105
0x9f7c62,53.8462%,6,7,13,0,0,6,7
0x67e4d3,72.7273%,6,16,22,0,0,6,16
0x4929d9,96.3636%,6,159,165,0,0,6,159
0xa9326d,97.3333%,6,219,225,219,6,0,0
0x8f5024,33.3333%,6,3,9,0,0,6,3
0x9fe05d,76%,6,19,25,1,6,0,18
0xa499c3,40%,6,4,10,0,0,6,4
0xb245e2,99.9496%,6,11893,11899,11893,6,0,0
0xa2c1be,92.7711%,6,77,83,77,4,2,0
0x558a31,97.5806%,6,242,248,242,6,0,0
0x9a9723,70%,6,14,20,4,6,0,10
0x72286d,99.5395%,6,1297,1303,1297,6,0,0
0xa9c937,86.9565%,6,40,46,0,0,6,40
0x8e8dd2,99.5146%,6,1230,1236,1230,4,2,0
0x4a02f1,86.3636%,6,38,44,38,6,0,0
0x8daa0d,97%,6,194,200,194,6,0,0
0xa48dba,96.6292%,6,172,178,172,6,0,0
0x5020d2,95.9459%,6,142,148,0,0,6,142
0x9aa3f1,60%,6,9,15,0,0,6,9
0xa3cabe,25%,6,2,8,2,6,0,0
0x6ccbd9,99.3737%,6,952,958,0,0,6,952
0x64e032,98.2906%,6,345,351,0,0,6,345
0x8f6c2f,97.3214%,6,218,224,0,0,6,218
0x49634b,82.3529%,6,28,34,0,0,6,28
0x6107c8,53.8462%,6,7,13,7,6,0,0
0xa9a2ae,60%,6,9,15,4,6,0,5
0xa528f5,98.5507%,6,408,414,408,6,0,0
0x80453b,64.7059%,6,11,17,1,3,3,10
0x6000e4,77.7778%,6,21,27,21,6,0,0
0x8ae9e2,97.235%,6,211,217,0,5,1,211
0xb4a147,99.3737%,6,952,958,952,6,0,0
0x9a607b,57.1429%,6,8,14,0,0,6,8
0x8ef12f,95.5556%,6,129,135,0,2,4,129
0xa9c94b,86.9565%,6,40,46,0,0,6,40
0xa97708,40%,6,4,10,3,3,3,1
0xa545ea,0%,6,0,6,0,6,0,0
0x9e06c8,99.3289%,6,888,894,888,6,0,0
0x53dd30,25%,6,2,8,2,6,0,0
0x9d111f,97.6471%,6,249,255,0,4,2,249
0x9d0f32,97.7695%,6,263,269,0,0,6,263
0xa9376c,79.3103%,6,23,29,0,0,6,23
0x981445,92.5%,6,74,80,0,6,0,74
0x6f4507,78.5714%,6,22,28,4,6,0,18
0xa582bf,73.913%,6,17,23,17,6,0,0
0x81c553,72.7273%,6,16,22,0,0,6,16
0x9730a6,50%,6,6,12,6,6,0,0
0x98055a,94.2857%,6,99,105,7,1,5,92
0x509170,95.5882%,6,130,136,0,0,6,130
0xa54287,94.1176%,6,96,102,0,0,6,96
0xa51ea9,78.5714%,6,22,28,22,6,0,0
0xa0a551,50%,6,6,12,1,3,3,5
0xa3da0a,25%,6,2,8,2,6,0,0
0x819994,98.1013%,6,310,316,310,6,0,0
0x980b44,91.8919%,6,68,74,68,6,0,0
0xa5684d,0%,6,0,6,0,0,6,0
0x98411d,89.0909%,6,49,55,0,0,6,49
0x8f4022,90.1639%,6,55,61,0,0,6,55
0xa369d0,62.5%,6,10,16,10,6,0,0
0xa39293,57.1429%,6,8,14,8,6,0,0
0x811dca,98.1818%,6,324,330,165,0,6,159
0x984442,90.9091%,6,60,66,60,6,0,0
0x4bf710,81.8182%,6,27,33,0,5,1,27
0x8ed2f7,99.5102%,6,1219,1225,1219,2,4,0
0x7b0a85,78.5714%,6,22,28,2,4,2,20
0x9f778e,96.25%,6,154,160,0,0,6,154
0xaa7d0e,40%,6,4,10,0,0,6,4
0x8e3a31,25%,6,2,8,2,6,0,0
0x8aac36,40%,6,4,10,4,6,0,0
0xa1a070,76%,6,19,25,19,6,0,0
0x9d1181,94.2308%,6,98,104,98,6,0,0
0x90d35a,95.1613%,6,118,124,118,6,0,0
0x9d2ed3,90.7692%,6,59,65,58,3,3,1
0xa53786,25%,6,2,8,0,6,0,2
0x9850e4,50%,6,6,12,2,6,0,4
0xa8ab6d,92.7711%,6,77,83,0,0,6,77
0x9d0605,90.3226%,6,56,62,0,0,6,56
0x4c2094,96.2264%,6,153,159,0,0,6,153
0xa08f44,90.625%,6,58,64,57,0,6,1
0xb17b5c,99.1608%,6,709,715,709,6,0,0
0x9453ad,98.7261%,6,465,471,465,6,0,0
0x9f3cf4,40%,6,4,10,4,6,0,0
0x94ebd9,93.3333%,6,84,90,84,6,0,0
0xa4979d,98.0132%,6,296,302,0,0,6,296
0x590dae,96.4497%,6,163,169,0,0,6,163
0xa1a2d9,33.3333%,6,3,9,3,6,0,0
0xa1a2c5,33.3333%,6,3,9,0,0,6,3
0xa5032d,98.324%,6,352,358,352,6,0,0
0x60de84,98.1132%,6,312,318,0,0,6,312
0x8f1c60,25%,6,2,8,2,6,0,0
0x9d2ee6,60%,6,9,15,0,0,6,9
0x49a491,62.5%,6,10,16,10,6,0,0
0x8a6c83,97.2222%,6,210,216,210,4,2,0
0xa1b01f,45.4545%,6,5,11,0,6,0,5
0x8f1ff3,84.6154%,6,33,39,33,6,0,0
0x63baea,99.5406%,6,1300,1306,1300,6,0,0
0x9e2db2,62.5%,6,10,16,10,6,0,0
0x5ef0d2,66.6667%,6,12,18,0,0,6,12
0xa312cc,73.913%,6,17,23,17,6,0,0
0xa58ff5,85.3659%,6,35,41,0,0,6,35
0xb372e8,86.0465%,6,37,43,0,0,6,37
0x4416b7,45.4545%,6,5,11,0,0,6,5
0x485f14,64.7059%,6,11,17,0,0,6,11
0x835ddd,70%,6,14,20,0,0,6,14
0x8deb7a,0%,6,0,6,0,6,0,0
0xa51d76,25%,6,2,8,2,6,0,0
0xa3585f,99.2042%,6,748,754,0,0,6,748
0x90876a,99.3757%,6,955,961,0,0,6,955
0x50d7ad,97.6285%,6,247,253,0,0,6,247
0x6402d8,99.7871%,6,2812,2818,0,0,6,2812
0x40aa98,0%,6,0,6,0,6,0,0
0x90d312,95.1613%,6,118,124,118,6,0,0
0xa660c3,92.9412%,6,79,85,0,2,4,79
0x9a8220,57.1429%,6,8,14,8,6,0,0
0x4a859e,64.7059%,6,11,17,0,0,6,11
0x8efea0,45.4545%,6,5,11,1,1,5,4
0x9f6e0f,57.1429%,6,8,14,8,6,0,0
0x81ffad,98.1424%,6,317,323,0,0,6,317
0x80f57b,98.917%,6,548,554,0,0,6,548
0x50b199,86.3636%,6,38,44,38,2,4,0
0xa8a6aa,92.7711%,6,77,83,77,6,0,0
0x9e2937,80%,6,24,30,3,2,4,21
0x9f5b7c,50%,6,6,12,1,3,3,5
0x8dce32,98.0952%,6,309,315,0,2,4,309
0x65a04e,99.6503%,6,1710,1716,1457,6,0,253
0xa3fca5,89.2857%,6,50,56,50,6,0,0
0x499d41,88.6792%,6,47,53,47,6,0,0
0x4c13fe,75%,6,18,24,11,6,0,7
0x5d7cf9,93.0233%,6,80,86,80,6,0,0
0x4c1838,96.9697%,6,192,198,172,6,0,20
0x666254,87.5%,6,42,48,42,6,0,0
0xa3fe06,78.5714%,6,22,28,22,6,0,0
0x789eec,40%,6,4,10,2,0,6,2
0xa3ffb8,75%,6,18,24,18,6,0,0
0x48f78a,0%,6,0,6,0,6,0,0
0x4859c7,85.7143%,6,36,42,0,0,6,36
0x99f2f6,95.3488%,6,123,129,0,2,4,123
0x814ab0,89.8305%,6,53,59,1,3,3,52
0xa54eaf,90.1639%,6,55,61,55,6,0,0
0xa9eada,92.9412%,6,79,85,0,0,6,79
0x5ffab0,97.7444%,6,260,266,260,6,0,0
0x90add7,94.958%,6,113,119,0,0,6,113
0xa9ca6b,40%,6,4,10,4,6,0,0
0x4bb784,93.0233%,6,80,86,0,0,6,80
0x48f773,62.5%,6,10,16,4,6,0,6
0xa54e5d,90.1639%,6,55,61,0,0,6,55
0x8ee2aa,96.7213%,6,177,183,0,0,6,177
0x50900a,70%,6,14,20,0,1,5,14
0xb22be1,99.6788%,6,1862,1868,0,0,6,1862
0x7d2ff7,90.4762%,6,57,63,6,6,0,51
0xaadbb3,98.1538%,6,319,325,0,0,6,319
0x7d43f0,91.0448%,6,61,67,59,6,0,2
0x918dce,97%,6,194,200,194,6,0,0
0xa95d50,98.9547%,6,568,574,0,0,6,568
0x97774b,99.3197%,6,876,882,876,6,0,0
0x48ff19,40%,6,4,10,4,6,0,0
0x8aa7ba,97.5904%,6,243,249,243,6,0,0
0x494fc4,0%,6,0,6,0,6,0,0
0x95b836,50%,6,6,12,2,6,0,4
0x4a8519,40%,6,4,10,0,2,4,4
0xa5a094,53.8462%,6,7,13,0,3,3,7
0x4857d4,77.7778%,6,21,27,9,3,3,12
0x4c187a,62.5%,6,10,16,10,6,0,0
0x67f530,96.3415%,6,158,164,158,6,0,0
0x9feac5,14.2857%,6,1,7,1,6,0,0
0x63ea39,99.5406%,6,1300,1306,1300,6,0,0
0x9fe94f,83.7838%,6,31,37,0,0,6,31
0xa18028,97.7011%,6,255,261,0,0,6,255
0xa3d192,25%,6,2,8,0,0,6,2
0x90d09a,96.319%,6,157,163,157,6,0,0
0x696534,98.4887%,6,391,397,0,0,6,391
0x791161,79.3103%,6,23,29,20,2,4,3
0x68053c,68.4211%,6,13,19,0,0,6,13
0xa2387e,90.7692%,6,59,65,0,0,6,59
0x99da8c,83.3333%,6,30,36,30,6,0,0
0x99e03f,78.5714%,6,22,28,22,6,0,0
0xa238ec,94.5455%,6,104,110,0,0,6,104
0x5e5e69,99.6024%,6,1503,1509,1503,6,0,0
0x48e8db,53.8462%,6,7,13,5,6,0,2
0x5f887d,84.6154%,6,33,39,31,0,6,2
0xa0734f,33.3333%,6,3,9,0,0,6,3
0x8be3eb,99.0354%,6,616,622,0,0,6,616
0x80b951,75%,6,18,24,18,6,0,0
0x64a4e3,94.3396%,6,100,106,100,4,2,0
0x558e5c,72.7273%,6,16,22,0,0,6,16
0x97461a,86.9565%,6,40,46,40,6,0,0
0x9a0c0e,78.5714%,6,22,28,0,0,6,22
0x815892,33.3333%,6,3,9,0,0,6,3
0xa3485f,98.8615%,6,521,527,0,0,6,521
0x9735e5,33.3333%,6,3,9,3,6,0,0
0x5560e6,97.5207%,6,236,242,0,2,4,236
0x951cd1,99.0581%,6,631,637,0,0,6,631
0x5bd262,99.3776%,6,958,964,958,6,0,0
0x50ea5b,50%,6,6,12,6,6,0,0
0x81cfb6,96.7033%,6,176,182,0,0,6,176
0x991322,64.7059%,6,11,17,0,0,6,11
0x8eb0b4,0%,6,0,6,0,0,6,0
0x90bb59,72.7273%,6,16,22,0,0,6,16
0x80fb9e,91.4286%,6,64,70,64,6,0,0
0x4ad301,70%,6,14,20,14,6,0,0
0x63d825,95.7447%,6,135,141,135,6,0,0
0x8a5b3e,99.5552%,6,1343,1349,1343,6,0,0
0x7d0cf5,99.2665%,6,812,818,0,0,6,812
0x9f15e9,45.4545%,6,5,11,5,6,0,0
0x77d889,0%,6,0,6,0,0,6,0
0xa2de47,84.6154%,6,33,39,0,4,2,33
0x48f759,90.7692%,6,59,65,0,0,6,59
0x48f620,89.8305%,6,53,59,11,4,2,42
0x8f3605,99.0276%,6,611,617,235,4,2,376
0x9ed88a,90.625%,6,58,64,0,0,6,58
0x90831d,99.7207%,6,2142,2148,0,0,6,2142
0x5de4fc,99.5165%,6,1235,1241,1235,6,0,0
0x65af9e,53.8462%,6,7,13,7,6,0,0
0x8c71ad,94.3925%,6,101,107,101,6,0,0
0x9f94ec,94.5455%,6,104,110,0,0,6,104
0x4aac44,85.3659%,6,35,41,35,6,0,0
0x9f9531,76%,6,19,25,0,0,6,19
0x5473d0,90.1639%,6,55,61,55,6,0,0
0x9a8bd1,97.7695%,6,263,269,0,0,6,263
0x556e6e,94.2857%,6,99,105,99,6,0,0
0x9a897c,98.1873%,6,325,331,263,6,0,62
0x7e20a7,53.8462%,6,7,13,7,6,0,0
0x99bd88,96.6667%,6,174,180,174,6,0,0
0x54c697,93.2584%,6,83,89,0,0,6,83
0x9f4162,81.8182%,6,27,33,0,0,6,27
0x487e3f,57.1429%,6,8,14,0,0,6,8
0x4a5caa,96.875%,6,186,192,0,0,6,186
0x9e12de,77.7778%,6,21,27,20,2,4,1
0x4bdbc3,70%,6,14,20,14,6,0,0
0x78079d,25%,6,2,8,0,0,6,2
0x8da81b,0%,6,0,6,0,0,6,0
0x97703d,25%,6,2,8,0,0,6,2
0x9f177f,85%,6,34,40,0,0,6,34
0x70c19c,0%,6,0,6,0,0,6,0
0x9ef359,90%,6,54,60,54,6,0,0
0x40bcb0,93.9394%,6,93,99,93,6,0,0
0x63e48a,99.6769%,6,1851,1857,1418,6,0,433
0x67a755,92.3077%,6,72,78,72,6,0,0
0x409f2b,92.5926%,6,75,81,75,6,0,0
0xa59fbf,14.2857%,6,1,7,0,0,6,1
0x8168dd,73.913%,6,17,23,17,6,0,0
0xa5c896,66.6667%,6,12,18,11,5,1,1
0x9a97d4,70%,6,14,20,14,6,0,0
0x504744,66.6667%,6,12,18,0,0,6,12
0x9f66d5,96.0784%,6,147,153,0,0,6,147
0x9a91fb,57.1429%,6,8,14,7,6,0,1
0x65b2e8,96.4286%,6,162,168,162,6,0,0
0x9191aa,97%,6,194,200,194,6,0,0
0x67ec23,95.082%,6,116,122,116,6,0,0
0x512ad8,98.4375%,6,378,384,0,0,6,378
0x78e8e0,89.2857%,6,50,56,50,6,0,0
0x4a9f13,96.7033%,6,176,182,176,6,0,0
0x9a71ea,40%,6,4,10,2,3,3,2
0x838829,92.5%,6,74,80,74,6,0,0
0x8b9f49,99.8853%,6,5227,5233,0,0,6,5227
0x63e504,98.6143%,6,427,433,18,6,0,409
0x538c40,45.4545%,6,5,11,1,6,0,4
0x491a9d,96.3636%,6,159,165,4,3,3,155
0x96aef1,68.4211%,6,13,19,0,0,6,13
0x64bcb5,99.6612%,6,1765,1771,0,0,6,1765
0x7c76ab,50%,6,6,12,6,2,4,0
0x8c83cc,97.1698%,6,206,212,206,4,2,0
0x803e20,66.6667%,6,12,18,0,0,6,12
0x96c226,76.9231%,6,20,26,0,0,6,20
0x90223a,99.6464%,6,1691,1697,0,2,4,1691
0xa07af9,25%,6,2,8,1,3,3,1
0x670826,0%,6,0,6,0,6,0,0
0xa58fab,94.958%,6,113,119,0,0,6,113
0x8ef50a,33.3333%,6,3,9,0,0,6,3
0xaa45f7,93.9394%,6,93,99,0,0,6,93
0x54edcd,86.0465%,6,37,43,0,0,6,37
0x5343ce,99.9591%,6,14680,14686,0,0,6,14680
0xa2d7ea,97.0874%,6,200,206,200,2,4,0
0x8aa859,99.1837%,6,729,735,0,0,6,729
0x58e013,91.8919%,6,68,74,0,4,2,68
0x80472c,94.8276%,6,110,116,9,0,6,101
0x6706cd,64.7059%,6,11,17,0,4,2,11
0x77d86a,0%,6,0,6,0,0,6,0
0x70c22d,0%,6,0,6,0,6,0,0
0x7d40cc,88.6792%,6,47,53,0,0,6,47
0x67045c,95.4887%,6,127,133,0,0,6,127
0x9e11d6,76.9231%,6,20,26,20,6,0,0
0x48da19,86.9565%,6,40,46,0,0,6,40
0x4a1304,98.7207%,6,463,469,1,1,5,462
0xa379d1,40%,6,4,10,3,5,1,1
0x60b6c2,66.6667%,6,12,18,12,6,0,0
0x977d11,95.9732%,6,143,149,0,0,6,143
0x58d318,94.5652%,5,87,92,0,0,5,87
0xa2fbe5,99.2636%,5,674,679,0,0,5,674
0xa084bf,0%,5,0,5,0,5,0,0
0x606d40,37.5%,5,3,8,3,5,0,0
0xa05dbf,92.0635%,5,58,63,58,4,1,0
0x81e660,61.5385%,5,8,13,8,5,0,0
0x4a63f2,50%,5,5,10,1,1,4,4
0x9a1db5,96.0317%,5,121,126,0,0,5,121
0x8f3e50,98.3051%,5,290,295,0,0,5,290
0x4bd60f,28.5714%,5,2,7,2,4,1,0
0x54142c,87.5%,5,35,40,0,0,5,35
0xa5927f,50%,5,5,10,0,0,5,5
0xb23063,96.7532%,5,149,154,149,5,0,0
0xa06faa,44.4444%,5,4,9,0,0,5,4
0x679104,91.8033%,5,56,61,0,0,5,56
0x48f8ae,16.6667%,5,1,6,0,0,5,1
0x60bbe7,44.4444%,5,4,9,0,0,5,4
0xa08c92,58.3333%,5,7,12,0,4,1,7
0xa3baad,97.807%,5,223,228,0,0,5,223
0xaa3935,76.1905%,5,16,21,16,0,5,0
0xb17ade,98.5549%,5,341,346,0,0,5,341
0x88e5af,87.1795%,5,34,39,0,0,5,34
0x8ece99,99.4975%,5,990,995,990,5,0,0
0x4b6995,95.6522%,5,110,115,110,5,0,0
0xa59194,95.7983%,5,114,119,0,0,5,114
0xa0559e,82.7586%,5,24,29,17,4,1,7
0x81aff5,99.4069%,5,838,843,838,5,0,0
0xa9d408,75%,5,15,20,0,0,5,15
0x606df6,37.5%,5,3,8,3,5,0,0
0xa08682,82.7586%,5,24,29,24,1,4,0
0x60dfa8,73.6842%,5,14,19,7,2,3,7
0x65afd2,61.5385%,5,8,13,0,0,5,8
0x60b9b5,94.1176%,5,80,85,80,5,0,0
0x9bb3d6,92.3077%,5,60,65,0,0,5,60
0xa561ec,98.8067%,5,414,419,0,0,5,414
0x8f0a03,44.4444%,5,4,9,3,2,3,1
0x9ff58f,87.5%,5,35,40,0,0,5,35
0x8f3782,98.4375%,5,315,320,0,0,5,315
0x49a332,0%,5,0,5,0,5,0,0
0x97477f,70.5882%,5,12,17,0,0,5,12
0x9ff6c4,79.1667%,5,19,24,0,0,5,19
0x974797,95.6522%,5,110,115,110,3,2,0
0xa0522c,88.8889%,5,40,45,0,0,5,40
0x5fa1ac,81.4815%,5,22,27,0,0,5,22
0xa2ab42,58.3333%,5,7,12,7,5,0,0
0x5baf8f,97.3684%,5,185,190,185,5,0,0
0xa28730,76.1905%,5,16,21,0,5,0,16
0x5465c4,37.5%,5,3,8,1,3,2,2
0xa3e306,37.5%,5,3,8,0,0,5,3
0xa073c0,44.4444%,5,4,9,0,5,0,4
0xa3fcda,91.0714%,5,51,56,0,0,5,51
0xa3d182,37.5%,5,3,8,0,0,5,3
0xa29520,68.75%,5,11,16,11,5,0,0
0x8edb2d,98.8914%,5,446,451,446,3,2,0
0x8ee151,37.5%,5,3,8,0,0,5,3
0xa35935,99.5005%,5,996,1001,0,0,5,996
0x983a67,89.3617%,5,42,47,0,0,5,42
0x96b12d,94.4444%,5,85,90,85,5,0,0
0xa26d0b,50%,5,5,10,4,2,3,1
0xa32df7,97.619%,5,205,210,0,0,5,205
0xa32dd5,97.7778%,5,220,225,0,0,5,220
0x837765,37.5%,5,3,8,0,5,0,3
0xa33249,99.8106%,5,2635,2640,0,0,5,2635
0x81e9a7,96.7105%,5,147,152,75,1,4,72
0x620fa7,0%,5,0,5,0,5,0,0
0x4a853f,37.5%,5,3,8,0,0,5,3
0x9f221c,50%,5,5,10,3,5,0,2
0x9f2304,50%,5,5,10,0,0,5,5
0x606cb2,37.5%,5,3,8,3,5,0,0
0x97351e,58.3333%,5,7,12,3,2,3,4
0x96ad7f,28.5714%,5,2,7,0,0,5,2
0x5b6b03,0%,5,0,5,0,5,0,0
0xa2f0e6,86.8421%,5,33,38,0,0,5,33
0x96aec9,86.8421%,5,33,38,33,5,0,0
0x9e5b98,87.1795%,5,34,39,34,1,4,0
0x4ac768,75%,5,15,20,15,5,0,0
0x812915,66.6667%,5,10,15,10,5,0,0
0xa969e1,68.75%,5,11,16,0,0,5,11
0xa586bd,37.5%,5,3,8,0,0,5,3
0x99a094,0%,5,0,5,0,5,0,0
0x8e8b71,99.8584%,5,3527,3532,0,0,5,3527
0x441a93,54.5455%,5,6,11,6,5,0,0
0x9a8f3c,64.2857%,5,9,14,9,5,0,0
0x9f5d87,77.2727%,5,17,22,17,5,0,0
0x8e358e,99.7471%,5,1972,1977,0,0,5,1972
0x9f3dd8,70.5882%,5,12,17,2,2,3,10
0x49ce46,61.5385%,5,8,13,0,5,0,8
0x8d9763,37.5%,5,3,8,3,5,0,0
0x8bdd06,16.6667%,5,1,6,0,5,0,1
0x9f6ab1,86.1111%,5,31,36,31,5,0,0
0x9f59e7,96.8553%,5,154,159,0,0,5,154
0x49fb23,0%,5,0,5,0,0,5,0
0x9f64ef,95.7627%,5,113,118,113,5,0,0
0x9f4aee,86.8421%,5,33,38,33,5,0,0
0xaa81db,0%,5,0,5,0,5,0,0
0x9f6bd0,99.0637%,5,529,534,529,5,0,0
0xa9e9fa,97.7876%,5,221,226,0,0,5,221
0x48e15d,94.898%,5,93,98,0,0,5,93
0x639bf7,99.2331%,5,647,652,647,5,0,0
0xa3b230,97.807%,5,223,228,0,0,5,223
0xaaa705,28.5714%,5,2,7,2,5,0,0
0xa3ac01,64.2857%,5,9,14,9,5,0,0
0x49a099,68.75%,5,11,16,0,0,5,11
0x9e103f,81.4815%,5,22,27,0,0,5,22
0x49a2dc,64.2857%,5,9,14,6,4,1,3
0xa5be9d,84.375%,5,27,32,19,5,0,8
0x49a110,68.75%,5,11,16,11,5,0,0
0x9f0e28,98.2639%,5,283,288,0,0,5,283
0xa47e63,87.1795%,5,34,39,2,2,3,32
0x9eb7a9,0%,5,0,5,0,0,5,0
0x55908e,98.6807%,5,374,379,0,0,5,374
0x80985b,0%,5,0,5,0,0,5,0
0x9f893d,64.2857%,5,9,14,9,0,5,0
0x40e527,54.5455%,5,6,11,6,5,0,0
0x9f866a,54.5455%,5,6,11,0,0,5,6
0x9f7c72,61.5385%,5,8,13,0,0,5,8
0x4997e7,88.3721%,5,38,43,0,0,5,38
0x619c00,64.2857%,5,9,14,9,5,0,0
0x61a2ba,50%,5,5,10,0,5,0,5
0x60c5d7,50%,5,5,10,2,3,2,3
0x60c583,50%,5,5,10,0,5,0,5
0x5f14ec,86.8421%,5,33,38,0,0,5,33
0x60c575,50%,5,5,10,0,0,5,5
0xa5b554,73.6842%,5,14,19,14,2,3,0
0xa087d5,37.5%,5,3,8,3,1,4,0
0x5ebef2,64.2857%,5,9,14,0,0,5,9
0x7d2111,86.1111%,5,31,36,25,3,2,6
0x619d7c,50%,5,5,10,0,5,0,5
0x622e7e,0%,5,0,5,0,5,0,0
0x8ea37d,99.5918%,5,1220,1225,0,0,5,1220
0x8bd71a,75%,5,15,20,0,0,5,15
0xaab7e8,94.9495%,5,94,99,94,5,0,0
0xa59f94,16.6667%,5,1,6,0,3,2,1
0xa5a0a8,61.5385%,5,8,13,3,4,1,5
0x813de8,99.4692%,5,937,942,0,0,5,937
0x977dd3,95.8678%,5,116,121,116,5,0,0
0xa378a5,50%,5,5,10,5,1,4,0
0x8fe185,94.186%,5,81,86,81,5,0,0
0xa4a2e1,72.2222%,5,13,18,0,0,5,13
0xa15e76,37.5%,5,3,8,3,5,0,0
0x63ad38,98.6979%,5,379,384,379,5,0,0
0x9a4833,68.75%,5,11,16,5,3,2,6
0xa91b96,96.3504%,5,132,137,132,5,0,0
0xa91bd4,96.3504%,5,132,137,132,5,0,0
0xa074c0,89.1304%,5,41,46,0,0,5,41
0xa15d71,37.5%,5,3,8,0,0,5,3
0xa15d07,37.5%,5,3,8,0,0,5,3
0xa4a790,37.5%,5,3,8,3,3,2,0
0x8f4ad0,99.8004%,5,2500,2505,0,0,5,2500
0x977fb0,96.4029%,5,134,139,0,0,5,134
0x5d8c2f,50%,5,5,10,0,0,5,5
0xa4a13c,89.1304%,5,41,46,0,0,5,41
0xa07525,88.6364%,5,39,44,38,0,5,1
0x9fcb05,80%,5,20,25,0,0,5,20
0x487860,66.6667%,5,10,15,10,5,0,0
0xa258ea,0%,5,0,5,0,5,0,0
0xacfb3e,76.1905%,5,16,21,16,5,0,0
0xa326e5,95.1456%,5,98,103,0,2,3,98
0xa326a9,75%,5,15,20,12,1,4,3
0xa3720e,50%,5,5,10,5,5,0,0
0x58be40,93.4211%,5,71,76,0,0,5,71
0x9a977e,50%,5,5,10,0,0,5,5
0x5ffdca,89.1304%,5,41,46,0,0,5,41
0x49f54c,72.2222%,5,13,18,13,5,0,0
0x9f0595,99.1197%,5,563,568,0,0,5,563
0x4bb186,95.4545%,5,105,110,0,0,5,105
0x809361,99.0347%,5,513,518,513,3,2,0
0xa3419d,94.6809%,5,89,94,89,5,0,0
0x9f08ee,50%,5,5,10,0,0,5,5
0xa35896,99.5945%,5,1228,1233,0,0,5,1228
0x60bb2b,70.5882%,5,12,17,12,5,0,0
0x9f283f,99.3902%,5,815,820,815,5,0,0
0x8f4c61,97.1591%,5,171,176,0,0,5,171
0x9f0b71,94.7368%,5,90,95,90,5,0,0
0x9f0b92,94.7368%,5,90,95,1,4,1,89
0x9f2993,97.1098%,5,168,173,168,5,0,0
0x78a5d8,81.4815%,5,22,27,13,3,2,9
0x8a9e7d,97.3958%,5,187,192,187,5,0,0
0xa2f853,93.9759%,5,78,83,0,0,5,78
0xa42093,99.5084%,5,1012,1017,0,0,5,1012
0x551007,76.1905%,5,16,21,1,5,0,15
0xa3637e,58.3333%,5,7,12,4,3,2,3
0x981533,82.7586%,5,24,29,24,5,0,0
0x970f7d,28.5714%,5,2,7,0,0,5,2
0xa36912,98.8426%,5,427,432,0,0,5,427
0x9f2640,87.1795%,5,34,39,0,0,5,34
0xa368c2,98.8506%,5,430,435,0,0,5,430
0xa3685f,98.8532%,5,431,436,0,0,5,431
0x9f50fa,90.3846%,5,47,52,47,5,0,0
0x9713e4,64.2857%,5,9,14,3,4,1,6
0x49b09c,98.1949%,5,272,277,0,0,5,272
0x4a5c24,61.5385%,5,8,13,0,3,2,8
0x6486f0,91.0714%,5,51,56,0,0,5,51
0x55116d,76.1905%,5,16,21,2,1,4,14
0xa0299d,79.1667%,5,19,24,0,0,5,19
0x9e2f3d,98.0989%,5,258,263,0,0,5,258
0x5509cd,90.1961%,5,46,51,45,1,4,1
0x5511bb,76.1905%,5,16,21,16,5,0,0
0xa30364,97.0588%,5,165,170,165,5,0,0
0xa30b21,99.7038%,5,1683,1688,0,0,5,1683
0x7d277f,98.9919%,5,491,496,382,3,2,109
0x6071a0,75%,5,15,20,15,5,0,0
0x4829f8,73.6842%,5,14,19,8,2,3,6
0xa2fcae,97.7679%,5,219,224,0,0,5,219
0xa16076,79.1667%,5,19,24,7,5,0,12
0x6ccfcb,16.6667%,5,1,6,0,0,5,1
0xa4a21e,91.0714%,5,51,56,51,5,0,0
0x83aa17,58.3333%,5,7,12,7,1,4,0
0x81b1ac,85.2941%,5,29,34,29,5,0,0
0xa92c79,37.5%,5,3,8,0,0,5,3
0x81f3fd,99.6115%,5,1282,1287,1282,1,4,0
0x8d4308,58.3333%,5,7,12,0,5,0,7
0x9e4f1d,75%,5,15,20,0,0,5,15
0x60be0c,50%,5,5,10,0,0,5,5
0xaa8049,99.0548%,5,524,529,0,0,5,524
0xa2fd5a,88.3721%,5,38,43,0,0,5,38
0x5f88ef,58.3333%,5,7,12,3,1,4,4
0x9e0dcf,61.5385%,5,8,13,8,5,0,0
0x97343c,87.5%,5,35,40,31,2,3,4
0x9a9a66,99.0842%,5,541,546,0,0,5,541
0x9a6a5d,64.2857%,5,9,14,9,5,0,0
0x5f26ed,73.6842%,5,14,19,14,3,2,0
0x6f1646,58.3333%,5,7,12,7,5,0,0
0xa4793f,44.4444%,5,4,9,0,0,5,4
0x8bd857,75%,5,15,20,1,0,5,14
0x61cd83,66.6667%,5,10,15,10,0,5,0
0x97313e,87.8049%,5,36,41,35,4,1,1
0x9a65c1,97.1591%,5,171,176,171,5,0,0
0x973222,87.5%,5,35,40,0,0,5,35
0x63ce93,97.5%,5,195,200,195,5,0,0
0x9731e0,88.0952%,5,37,42,0,0,5,37
0x65c1f2,98.8938%,5,447,452,447,5,0,0
0x7807b1,37.5%,5,3,8,3,5,0,0
0x78ab67,93.0556%,5,67,72,0,0,5,67
0x9d2ec7,93.75%,5,75,80,11,4,1,64
0x5d87e7,83.3333%,5,25,30,25,5,0,0
0x9eda1d,28.5714%,5,2,7,2,5,0,0
0x4acb44,66.6667%,5,10,15,0,3,2,10
0xa4f947,86.8421%,5,33,38,0,0,5,33
0x8bb93f,86.4865%,5,32,37,0,0,5,32
0x6108aa,61.5385%,5,8,13,0,0,5,8
0x61084b,61.5385%,5,8,13,0,0,5,8
0xab57a5,98.1343%,5,263,268,263,5,0,0
0x4bfca4,68.75%,5,11,16,0,0,5,11
0x99f1cc,97.4227%,5,189,194,174,0,5,15
0xa277b1,37.5%,5,3,8,3,0,5,0
0x805f12,89.3617%,5,42,47,0,0,5,42
0xa26b55,80.7692%,5,21,26,0,0,5,21
0x8e9cca,0%,5,0,5,0,5,0,0
0xa9c61b,89.1304%,5,41,46,0,0,5,41
0xa51091,98.0545%,5,252,257,0,0,5,252
0x9a6aa3,61.5385%,5,8,13,6,3,2,2
0x6f54eb,99.0421%,5,517,522,482,0,5,35
0x90e3cb,92.5373%,5,62,67,0,0,5,62
0x99127e,72.2222%,5,13,18,5,0,5,8
0xb6a105,0%,5,0,5,0,0,5,0
0x5da90a,96.2406%,5,128,133,128,5,0,0
0x6f44fb,82.1429%,5,23,28,0,0,5,23
0x5d11f1,96.5517%,5,140,145,140,5,0,0
0x7b2aa6,88.6364%,5,39,44,0,0,5,39
0x9b8fa2,93.9759%,5,78,83,0,0,5,78
0x5d1bee,95.4545%,5,105,110,105,5,0,0
0x53ee53,37.5%,5,3,8,3,1,4,0
0x9f8fad,96.4789%,5,137,142,1,3,2,136
0x7a11fb,82.7586%,5,24,29,0,0,5,24
0x63906a,98.4615%,5,320,325,0,0,5,320
0x5d2323,99.5984%,5,1240,1245,1240,5,0,0
0xa47bad,88.0952%,5,37,42,37,5,0,0
0x60a979,99.1349%,5,573,578,573,5,0,0
0x9a6dfb,64.2857%,5,9,14,3,2,3,6
0x9d1d6a,58.3333%,5,7,12,7,5,0,0
0x9d1c10,70.5882%,5,12,17,0,1,4,12
0x4a5cc2,91.0714%,5,51,56,51,5,0,0
0x97b785,92.7536%,5,64,69,0,0,5,64
0xa016ad,37.5%,5,3,8,1,5,0,2
0x640443,98.8453%,5,428,433,0,0,5,428
0xb22b29,99.7323%,5,1863,1868,0,0,5,1863
0x63fd73,99.8226%,5,2813,2818,1853,4,1,960
0x60e398,50%,5,5,10,2,3,2,3
0x619b9e,75%,5,15,20,15,5,0,0
0x7a1119,85.7143%,5,30,35,25,4,1,5
0x60e502,99.0494%,5,521,526,76,5,0,445
0x8adc24,94.382%,5,84,89,0,0,5,84
0x72353b,99.6542%,5,1441,1446,0,0,5,1441
0x8c8702,98.9879%,5,489,494,489,5,0,0
0xa39f38,87.8049%,5,36,41,7,4,1,29
0x4c4f66,70.5882%,5,12,17,0,0,5,12
0x975241,79.1667%,5,19,24,16,3,2,3
0x8f39e8,97.1264%,5,169,174,0,0,5,169
0x9e74ea,99.477%,5,951,956,951,5,0,0
0x9d077a,91.9355%,5,57,62,0,1,4,57
0xa4a1c7,92.0635%,5,58,63,0,0,5,58
0x9799d9,86.1111%,5,31,36,24,4,1,7
0x979991,88.6364%,5,39,44,0,0,5,39
0x4873ee,97.8166%,5,224,229,0,0,5,224
0x9cfbff,95.6522%,5,110,115,1,3,2,109
0x9d00bb,98.5714%,5,345,350,345,5,0,0
0x9d1ea7,95.0495%,5,96,101,0,0,5,96
0xa18a34,88.3721%,5,38,43,38,5,0,0
0x8aad4d,77.2727%,5,17,22,17,5,0,0
0x4c711e,72.2222%,5,13,18,0,0,5,13
0x81ba0c,97.549%,5,199,204,199,5,0,0
0x816c5c,99.5951%,5,1230,1235,0,0,5,1230
0x63deac,99.4797%,5,956,961,956,5,0,0
0x63c7cf,99.4797%,5,956,961,0,3,2,956
0x818a34,99.9552%,5,11148,11153,11148,5,0,0
0xa17f45,98.9474%,5,470,475,470,5,0,0
0x80601d,97.7477%,5,217,222,0,0,5,217
0x5dcebc,96.2406%,5,128,133,0,0,5,128
0x8efe8b,80.7692%,5,21,26,12,0,5,9
0x9a7455,64.2857%,5,9,14,0,0,5,9
0xa021eb,81.4815%,5,22,27,0,0,5,22
0x8d999b,16.6667%,5,1,6,1,5,0,0
0x5505dd,95.5357%,5,107,112,107,5,0,0
0xa3444a,89.7959%,5,44,49,0,0,5,44
0x6f54df,99.0421%,5,517,522,0,0,5,517
0x9710c4,28.5714%,5,2,7,0,5,0,2
0x492d8c,92.3077%,5,60,65,60,3,2,0
0x9a7bb4,98.2639%,5,283,288,0,0,5,283
0x591492,80.7692%,5,21,26,21,5,0,0
0xa28a05,68.75%,5,11,16,11,5,0,0
0x99ce94,44.4444%,5,4,9,4,5,0,0
0x9c3d7e,98.5549%,5,341,346,341,5,0,0
0x49dd97,82.1429%,5,23,28,0,0,5,23
0x838142,0%,5,0,5,0,5,0,0
0x545a8f,37.5%,5,3,8,0,0,5,3
0xa369c5,68.75%,5,11,16,0,0,5,11
0x63ab35,99.391%,5,816,821,816,5,0,0
0x552b61,84.375%,5,27,32,26,2,3,1
0xa5301c,97.3958%,5,187,192,187,5,0,0
0x5ebefa,64.2857%,5,9,14,9,5,0,0
0x8aea29,97.6959%,5,212,217,0,0,5,212
0x8ae92b,28.5714%,5,2,7,0,0,5,2
0x8aebaa,96.5753%,5,141,146,7,0,5,134
0x951ac5,86.1111%,5,31,36,31,5,0,0
0x54098e,16.6667%,5,1,6,0,0,5,1
0x81512b,37.5%,5,3,8,0,0,5,3
0x4c8cfb,96.2406%,5,128,133,128,5,0,0
0x8a8be2,79.1667%,5,19,24,0,4,1,19
0xa3554d,37.5%,5,3,8,3,5,0,0
0x990abf,95.098%,5,97,102,97,5,0,0
0xa4f4ef,86.8421%,5,33,38,33,5,0,0
0x8f2fce,94.0476%,5,79,84,0,0,5,79
0x99d9d3,86.4865%,5,32,37,0,0,5,32
0x97305c,81.4815%,5,22,27,0,0,5,22
0x8a2382,58.3333%,5,7,12,0,2,3,7
0x99b003,87.5%,5,35,40,0,0,5,35
0x441d42,54.5455%,5,6,11,6,5,0,0
0x5f28c2,0%,5,0,5,0,5,0,0
0xa4a62a,87.8049%,5,36,41,4,4,1,32
0xa5ecb4,0%,5,0,5,0,0,5,0
0xa42e8c,91.3793%,5,53,58,52,2,3,1
0x63dc50,99.4797%,5,956,961,956,5,0,0
0xa3421d,97.0588%,5,165,170,0,0,5,165
0xa64bd8,37.5%,5,3,8,2,0,5,1
0x99debc,66.6667%,5,10,15,10,5,0,0
0x6f5545,98.3819%,5,304,309,0,0,5,304
0x5f5505,16.6667%,5,1,6,0,0,5,1
0x9e3f5a,76.1905%,5,16,21,1,1,4,15
0x4b3869,75%,5,15,20,0,0,5,15
0x8f4a18,16.6667%,5,1,6,1,5,0,0
0xa39a63,73.6842%,5,14,19,1,0,5,13
0x5937db,73.6842%,5,14,19,0,0,5,14
0x5bb08d,95.098%,5,97,102,97,5,0,0
0x540d4b,98.5714%,5,345,350,0,0,5,345
0x8be89f,78.2609%,5,18,23,0,5,0,18
0x99dc99,66.6667%,5,10,15,0,2,3,10
0x9a1ca1,97.5369%,5,198,203,0,0,5,198
0xa05aba,82.7586%,5,24,29,24,5,0,0
0x9d3449,90.9091%,5,50,55,50,5,0,0
0x77d861,16.6667%,5,1,6,0,0,5,1
0x814aa2,92.0635%,5,58,63,0,4,1,58
0x9e5945,83.3333%,5,25,30,24,3,2,1
0xa54c04,37.5%,5,3,8,1,1,4,2
0x5bc504,99.4813%,5,959,964,959,5,0,0
0xa3794b,50%,5,5,10,0,0,5,5
0x49b1ab,68.75%,5,11,16,1,1,4,10
0x550ef5,80.7692%,5,21,26,21,5,0,0
0x81b010,99.4069%,5,838,843,838,3,2,0
0xb23058,96.7532%,5,149,154,149,5,0,0
0x81cd56,97.093%,5,167,172,0,0,5,167
0xb17ea5,99.5287%,5,1056,1061,0,0,5,1056
0x49bcf0,78.2609%,5,18,23,0,0,5,18
0xa96d58,76.1905%,5,16,21,16,5,0,0
0x8d3b1a,97.9757%,5,242,247,0,0,5,242
0xb1b6ff,99.4929%,5,981,986,981,5,0,0
0x8e94e4,37.5%,5,3,8,2,2,3,1
0x64cc4d,99.0706%,5,533,538,533,5,0,0
0x5fad0b,16.6667%,5,1,6,0,0,5,1
0x80ddd2,95.614%,5,109,114,54,3,2,55
0x80e738,96.6667%,5,145,150,145,5,0,0
0xa2f497,95.5752%,5,108,113,0,2,3,108
0x5be254,93.5897%,5,73,78,0,0,5,73
0x7d162f,92.3077%,5,60,65,0,0,5,60
0xb498db,58.3333%,5,7,12,0,0,5,7
0xb49710,58.3333%,5,7,12,0,0,5,7
0xb4998c,37.5%,5,3,8,0,0,5,3
0xb0a707,98.5507%,5,340,345,0,0,5,340
0x77d380,16.6667%,5,1,6,0,0,5,1
0x951a3f,96.7105%,5,147,152,147,5,0,0
0x8f3678,95.0495%,5,96,101,0,0,5,96
0x9f4591,93.75%,5,75,80,75,5,0,0
0x977bd0,28.5714%,5,2,7,2,5,0,0
0x9111bb,93.4211%,5,71,76,0,0,5,71
0x99c858,94.898%,5,93,98,0,0,5,93
0xa3ff02,58.3333%,5,7,12,0,0,5,7
0xa59344,85.7143%,5,30,35,3,4,1,27
0x67d015,84.375%,5,27,32,27,5,0,0
0x9bea28,58.3333%,5,7,12,7,5,0,0
0x901fe4,98.9154%,5,456,461,0,0,5,456
0x8a50fa,97.6959%,5,212,217,212,3,2,0
0x90a935,93.9759%,5,78,83,0,0,5,78
0x692411,50%,5,5,10,5,5,0,0
0xa3b1ab,96.5278%,5,139,144,0,0,5,139
0xa28fd1,68.75%,5,11,16,0,0,5,11
0xb2ee39,90.566%,5,48,53,0,0,5,48
0x70e8cf,16.6667%,5,1,6,0,0,5,1
0x6095af,98.0159%,5,247,252,0,0,5,247
0x9aae2a,86.4865%,5,32,37,0,0,5,32
0x8140b5,99.3261%,5,737,742,737,5,0,0
0x90a646,88.6364%,5,39,44,28,5,0,11
0x4b3883,75%,5,15,20,15,1,4,0
0x9e2aac,93.2432%,5,69,74,69,5,0,0
0x9f8523,44.4444%,5,4,9,0,0,5,4
0xa91754,85.2941%,5,29,34,29,5,0,0
0x9f114d,0%,5,0,5,0,5,0,0
0x5467c6,28.5714%,5,2,7,1,4,1,1
0xa9c5a8,54.5455%,5,6,11,6,5,0,0
0x90a0f8,88.6364%,5,39,44,39,5,0,0
0x639006,72.2222%,5,13,18,0,0,5,13
0xa30c81,73.6842%,5,14,19,0,0,5,14
0xa64c1d,16.6667%,5,1,6,0,0,5,1
0x8bc8c1,98.503%,5,329,334,0,0,5,329
0x98cb14,97.7876%,5,221,226,6,1,4,215
0xb1c233,99.2175%,5,634,639,0,0,5,634
0xaad9c1,95.8333%,5,115,120,115,5,0,0
0x8dca29,95.4545%,5,105,110,0,0,5,105
0x667395,87.5%,5,35,40,0,0,5,35
0x817415,94.5652%,5,87,92,0,5,0,87
0x99ac32,98.0392%,5,250,255,0,0,5,250
0xaadb75,90.7407%,5,49,54,0,0,5,49
0x80d499,95.4545%,5,105,110,0,0,5,105
0x7c6f0b,37.5%,5,3,8,2,2,3,1
0x9a3a5d,61.5385%,5,8,13,7,4,1,1
0x538dde,96.124%,5,124,129,124,5,0,0
0x9a3a07,61.5385%,5,8,13,0,0,5,8
0x80c4e2,0%,5,0,5,0,5,0,0
0x4bc758,94.6809%,5,89,94,0,0,5,89
0x9e725a,84.8485%,5,28,33,2,5,0,26
0xa8a77e,93.9759%,5,78,83,0,0,5,78
0x9a3eb3,82.1429%,5,23,28,0,0,5,23
0x5f5456,58.3333%,5,7,12,0,2,3,7
0x9913e7,70.5882%,5,12,17,0,0,5,12
0x99e21e,66.6667%,5,10,15,0,0,5,10
0x99e6cf,61.5385%,5,8,13,0,0,5,8
0xa542a7,95.5357%,5,107,112,103,5,0,4
0x99e7d7,61.5385%,5,8,13,8,5,0,0
0xa5428d,95.5357%,5,107,112,107,1,4,0
0x991913,79.1667%,5,19,24,19,5,0,0
0x5c5727,78.2609%,5,18,23,10,5,0,8
0x99e928,90.9091%,5,50,55,0,0,5,50
0xa06033,0%,5,0,5,0,5,0,0
0x597f27,66.6667%,5,10,15,10,5,0,0
0x481488,73.6842%,5,14,19,2,0,5,12
0x9fc584,64.2857%,5,9,14,0,0,5,9
0x8e5a87,98.8453%,5,428,433,428,5,0,0
0xa3015a,0%,5,0,5,0,5,0,0
0x8aace6,77.2727%,5,17,22,0,0,5,17
0xa353db,99.4577%,5,917,922,0,0,5,917
0x8e1cbb,50%,5,5,10,2,4,1,3
0x8deac8,96.0938%,5,123,128,123,5,0,0
0x6116be,50%,5,5,10,5,5,0,0
0xa50cd0,94.4444%,5,85,90,0,2,3,85
0xa31266,94.1176%,5,80,85,33,0,5,47
0xa316bf,86.8421%,5,33,38,33,3,2,0
0xa5a0ba,16.6667%,5,1,6,0,0,5,1
0xa31b31,97.2527%,5,177,182,0,0,5,177
0x5ef9d3,70.5882%,5,12,17,11,5,0,1
0xa3f09f,37.5%,5,3,8,3,5,0,0
0xa31882,97.6852%,5,211,216,0,0,5,211
0xa3118d,96.4539%,5,136,141,0,0,5,136
0x80f85b,99.5777%,5,1179,1184,1179,5,0,0
0x5ec32a,83.871%,5,26,31,26,5,0,0
0xb316a9,91.5254%,5,54,59,0,0,5,54
0xa2ed0f,92.1875%,5,59,64,0,0,5,59
0x9ee373,95.4545%,5,105,110,0,0,5,105
0x9c50ea,37.5%,5,3,8,0,0,5,3
0x59bfb7,90.566%,5,48,53,48,5,0,0
0x9fb5e8,98.366%,5,301,306,0,0,5,301
0xa39a7a,73.6842%,5,14,19,14,5,0,0
0xa60a68,98.3553%,5,299,304,299,5,0,0
0x7d1886,98.503%,5,329,334,329,5,0,0
0x9ee3e2,77.2727%,5,17,22,0,0,5,17
0x9ee093,89.3617%,5,42,47,42,5,0,0
0x8e4696,68.75%,5,11,16,0,0,5,11
0x9edd12,92.1875%,5,59,64,59,5,0,0
0xa96a72,76.1905%,5,16,21,0,0,5,16
0xa26bfc,50%,5,5,10,5,5,0,0
0x5eb844,88.6364%,5,39,44,0,0,5,39
0xa51de7,91.0714%,5,51,56,0,0,5,51
0x696545,98.7406%,5,392,397,0,0,5,392
0x94acff,91.0714%,5,51,56,51,5,0,0
0xa49878,77.2727%,5,17,22,17,5,0,0
0x9a7efb,80%,5,20,25,20,5,0,0
0xaaaa9d,77.2727%,5,17,22,17,2,3,0
0x9f5ae8,93.75%,5,75,80,65,3,2,10
0x90ae94,97.8992%,5,233,238,118,1,4,115
0xa479bc,44.4444%,5,4,9,4,5,0,0
0xa47972,44.4444%,5,4,9,4,5,0,0
0xa49a39,50%,5,5,10,3,3,2,2
0x5e437c,95.8678%,5,116,121,0,0,5,116
0xa29d25,68.75%,5,11,16,11,5,0,0
0xa478ef,64.2857%,5,9,14,0,0,5,9
0xa478b4,77.2727%,5,17,22,0,0,5,17
0x65ba89,92.6471%,5,63,68,0,0,5,63
0xa47adc,73.6842%,5,14,19,14,5,0,0
0xa4776a,73.6842%,5,14,19,14,5,0,0
0xa41533,80%,5,20,25,0,0,5,20
0x4c68ad,75%,5,15,20,12,0,5,3
0x813ba6,77.2727%,5,17,22,17,4,1,0
0x7f0a7f,90.9091%,5,50,55,50,0,5,0
0x9e04b3,91.3793%,5,53,58,0,0,5,53
0x5f8ea8,54.5455%,5,6,11,6,5,0,0
0xa45d54,16.6667%,5,1,6,0,4,1,1
0xa45f24,28.5714%,5,2,7,2,2,3,0
0x8a9f64,81.4815%,5,22,27,0,4,1,22
0x5a96bc,0%,5,0,5,0,5,0,0
0xa2d247,99.3132%,5,723,728,0,0,5,723
0x951bcb,44.4444%,5,4,9,0,0,5,4
0x67a22d,78.2609%,5,18,23,0,0,5,18
0x8dfdba,84.375%,5,27,32,0,0,5,27
0x9f3ffc,95.614%,5,109,114,0,0,5,109
0x943d77,37.5%,5,3,8,0,0,5,3
0xa2df3d,97.4227%,5,189,194,0,0,5,189
0x48f070,96.124%,5,124,129,17,5,0,107
0x668076,91.6667%,5,55,60,55,5,0,0
0x8efc25,0%,5,0,5,0,5,0,0
0xa99a9f,66.6667%,5,10,15,0,0,5,10
0xa9a3ed,66.6667%,5,10,15,10,0,5,0
0xa2f0f9,86.8421%,5,33,38,20,5,0,13
0xa96df0,76.1905%,5,16,21,0,0,5,16
0xa96de1,76.1905%,5,16,21,0,0,5,16
0x558db1,93.3333%,5,70,75,0,0,5,70
0xa96a6a,76.1905%,5,16,21,0,0,5,16
0xa9c98d,86.1111%,5,31,36,0,2,3,31
0xa9070c,96.732%,5,148,153,148,5,0,0
0xa938d6,97.0414%,5,164,169,0,0,5,164
0x67a02e,16.6667%,5,1,6,0,0,5,1
0xa95f9b,58.3333%,5,7,12,0,4,1,7
0x94e9df,91.6667%,5,55,60,0,0,5,55
0xa96bf0,88.0952%,5,37,42,37,0,5,0
0xa92d46,93.5897%,5,73,78,0,0,5,73
0xa92929,16.6667%,5,1,6,0,0,5,1
0xa9e9f4,97.7876%,5,221,226,0,0,5,221
0xa4155f,37.5%,5,3,8,0,0,5,3
0x481707,73.6842%,5,14,19,0,0,5,14
0xaa03c0,95.6522%,5,110,115,0,0,5,110
0xa935fe,93.8272%,5,76,81,0,0,5,76
0x9ed734,91.5254%,5,54,59,0,0,5,54
0xa96aa4,54.5455%,5,6,11,1,1,4,5
0xaa7f1d,58.3333%,5,7,12,7,5,0,0
0x65a308,89.5833%,5,43,48,43,5,0,0
0xa9290f,16.6667%,5,1,6,0,0,5,1
0x4bce2c,16.6667%,5,1,6,1,5,0,0
0xa92891,16.6667%,5,1,6,0,0,5,1
0xa9db7b,89.5833%,5,43,48,43,5,0,0
0xa9daf0,95.2381%,5,100,105,0,0,5,100
0xa9e254,83.3333%,5,25,30,25,5,0,0
0xa9e231,87.5%,5,35,40,0,0,5,35
0xa9093e,98.7775%,5,404,409,0,0,5,404
0x9a7275,75%,5,15,20,1,4,1,14
0x969986,87.1795%,5,34,39,0,0,5,34
0x973b7e,50%,5,5,10,0,0,5,5
0x813762,91.8033%,5,56,61,56,3,2,0
0x80b2bb,98.4709%,5,322,327,322,5,0,0
0x908718,99.6896%,5,1606,1611,1606,5,0,0
0x820a55,37.5%,5,3,8,3,5,0,0
0x60c5b7,0%,5,0,5,0,5,0,0
0x8da87f,16.6667%,5,1,6,1,5,0,0
0x8f5d4c,99.5084%,5,1012,1017,0,0,5,1012
0x5121c3,87.1795%,5,34,39,0,0,5,34
0x972cd9,96.4286%,5,135,140,135,2,3,0
0x673dc0,0%,5,0,5,0,5,0,0
0x9f7c39,61.5385%,5,8,13,0,0,5,8
0x8139ae,83.871%,5,26,31,26,5,0,0
0x9fdbd9,72.2222%,5,13,18,13,5,0,0
0x6923cb,58.3333%,5,7,12,7,5,0,0
0x9a6423,97.1591%,5,171,176,171,5,0,0
0x9a6659,97.1591%,5,171,176,171,5,0,0
0xa4217e,98.6702%,5,371,376,0,0,5,371
0x8f489a,99.6385%,5,1378,1383,1378,5,0,0
0xa0755f,0%,5,0,5,0,4,1,0
0x5d8e21,50%,5,5,10,5,5,0,0
0x55029c,87.1795%,5,34,39,0,0,5,34
0x58f48e,90.3846%,5,47,52,47,5,0,0
0x7d3728,99.375%,5,795,800,693,1,4,102
0xa47be6,88.0952%,5,37,42,37,5,0,0
0x973333,88.0952%,5,37,42,37,5,0,0
0x5eaebd,37.5%,5,3,8,3,1,4,0
0x65bc36,99.0099%,5,500,505,0,0,5,500
0x951d23,99.2151%,5,632,637,0,0,5,632
0xa974d8,96.6443%,5,144,149,144,5,0,0
0x5415ef,0%,5,0,5,0,0,5,0
0xa53435,97.093%,5,167,172,167,5,0,0
0x9ee02e,96.9697%,5,160,165,0,4,1,160
0xa4e70a,86.8421%,5,33,38,33,5,0,0
0x8edb13,98.8914%,5,446,451,0,0,5,446
0x974630,95.283%,5,101,106,66,0,5,35
0x9d1b48,16.6667%,5,1,6,0,0,5,1
0xa544db,95.5357%,5,107,112,0,0,5,107
0x5c4fe4,83.871%,5,26,31,0,0,5,26
0x9736cf,44.4444%,5,4,9,0,5,0,4
0xa9a0e6,0%,5,0,5,0,0,5,0
0xa4d187,64.2857%,5,9,14,7,3,2,2
0x7826ca,16.6667%,5,1,6,0,0,5,1
0x9fc541,64.2857%,5,9,14,9,5,0,0
0x9fe941,86.4865%,5,32,37,0,0,5,32
0x9fe8f9,86.4865%,5,32,37,0,0,5,32
0x9fcfc0,72.2222%,5,13,18,13,5,0,0
0x4c56e7,79.1667%,5,19,24,19,5,0,0
0x7f3708,66.6667%,5,10,15,0,0,5,10
0x675008,84.375%,5,27,32,0,0,5,27
0xa555eb,99.0654%,5,530,535,530,5,0,0
0xa50937,98.6034%,5,353,358,0,0,5,353
0x9c3793,89.1304%,5,41,46,0,0,5,41
0x554ce7,98.2699%,5,284,289,0,0,5,284
0x94cbc8,92.1875%,5,59,64,0,0,5,59
0x90ba71,99.1274%,5,568,573,568,5,0,0
0x9fcbbb,72.2222%,5,13,18,0,0,5,13
0xa54ab5,37.5%,5,3,8,0,0,5,3
0xa4ff19,86.1111%,5,31,36,0,0,5,31
0xa57900,80.7692%,5,21,26,0,5,0,21
0xa4d385,92.5373%,5,62,67,62,5,0,0
0x9a45b3,99.0654%,5,530,535,0,0,5,530
0x4095c7,37.5%,5,3,8,3,4,1,0
0x487d89,64.2857%,5,9,14,9,5,0,0
0x789167,50%,5,5,10,0,0,5,5
0x81bed8,99.5629%,5,1139,1144,0,0,5,1139
0x8f09da,95.5752%,5,108,113,0,5,0,108
0x8bd9f2,61.5385%,5,8,13,8,5,0,0
0x9e85b4,97.006%,5,162,167,0,0,5,162
0x9f32ee,98.7047%,5,381,386,0,0,5,381
0x905c40,98.3221%,5,293,298,0,0,5,293
0x5ffb9e,89.1304%,5,41,46,0,0,5,41
0x9e6ec1,37.5%,5,3,8,3,5,0,0
0x8f0aab,88.0952%,5,37,42,0,0,5,37
0x9f41b2,84.8485%,5,28,33,28,5,0,0
0x5f35a6,28.5714%,5,2,7,2,5,0,0
0x9e7fbe,96.1538%,5,125,130,2,5,0,123
0x6823a1,85.2941%,5,29,34,0,0,5,29
0x94bcb7,68.75%,5,11,16,0,0,5,11
0x9e754c,97.7477%,5,217,222,217,5,0,0
0xa5c381,93.2432%,5,69,74,1,1,4,68
0x5c501a,95.1456%,5,98,103,98,5,0,0
0x61f3e6,75%,5,15,20,15,5,0,0
0x9fe3e2,96.2687%,5,129,134,0,3,2,129
0x68106b,99.0826%,5,540,545,540,5,0,0
0x8c8f77,16.6667%,5,1,6,0,0,5,1
0x406b9a,79.1667%,5,19,24,19,5,0,0
0x8bb66f,93.9024%,5,77,82,56,3,2,21
0x4b93ea,68.75%,5,11,16,3,0,5,8
0x618b67,92.8571%,5,65,70,65,5,0,0
0x9be6b5,89.5833%,5,43,48,19,5,0,24
0x9fcb09,80%,5,20,25,0,0,5,20
0x97b937,95.614%,5,109,114,109,5,0,0
0x9e37cb,80%,5,20,25,20,5,0,0
0x8050fa,98.4848%,5,325,330,325,5,0,0
0x8d46b7,0%,5,0,5,0,5,0,0
0x44170e,54.5455%,5,6,11,0,0,5,6
0x63f44c,97.5%,5,195,200,0,0,5,195
0x9dfa3b,97.6636%,5,209,214,0,0,5,209
0x9f5ab2,93.75%,5,75,80,0,0,5,75
0x4beea5,91.3793%,5,53,58,0,0,5,53
0xa46930,94.7917%,5,91,96,1,3,2,90
0x8e3c3c,37.5%,5,3,8,3,5,0,0
0x9a69ff,64.2857%,5,9,14,9,5,0,0
0x44659d,99.1468%,5,581,586,0,0,5,581
0x811867,99.5614%,5,1135,1140,1135,3,2,0
0xa49450,82.1429%,5,23,28,23,5,0,0
0x555cca,99.5375%,5,1076,1081,1076,5,0,0
0xa3611f,98.3389%,5,296,301,0,0,5,296
0xa43a2d,97.5124%,5,196,201,196,5,0,0
0xa43969,97.5124%,5,196,201,196,5,0,0
0x9a272b,78.2609%,5,18,23,0,3,2,18
0xa429b2,99.4388%,5,886,891,886,5,0,0
0xa4376c,98.8208%,5,419,424,419,5,0,0
0x78abd3,28.5714%,5,2,7,0,4,1,2
0xaa25e1,80.7692%,5,21,26,4,0,5,17
0xa4772a,88.0952%,5,37,42,0,0,5,37
0xa47c3e,87.1795%,5,34,39,0,0,5,34
0x60ba88,72.2222%,5,13,18,12,1,4,1
0x49f4b5,92.8571%,5,65,70,65,5,0,0
0xa41054,88.8889%,5,40,45,40,5,0,0
0x8e1ea9,77.2727%,5,17,22,0,0,5,17
0xa43f84,92.1875%,5,59,64,0,0,5,59
0xa44124,94.186%,5,81,86,0,0,5,81
0x9e18c5,95.8333%,5,115,120,115,5,0,0
0x53eea0,0%,5,0,5,0,0,5,0
0x7cd1ae,58.3333%,5,7,12,0,4,1,7
0x49ad4f,16.6667%,5,1,6,1,5,0,0
0x8e0ac6,98.8764%,5,440,445,440,5,0,0
0x81b81b,58.3333%,5,7,12,7,5,0,0
0xa565bc,98.0843%,5,256,261,0,0,5,256
0x781703,84.8485%,5,28,33,28,5,0,0
0xa4bc10,97.2527%,5,177,182,0,0,5,177
0xa4bbd9,99.1843%,5,608,613,0,0,5,608
0x8bdc06,0%,5,0,5,0,5,0,0
0xa567c7,37.5%,5,3,8,2,0,5,1
0x8f3061,70.5882%,5,12,17,12,5,0,0
0xa513ab,99.0196%,5,505,510,505,5,0,0
0x815ff2,44.4444%,5,4,9,0,0,5,4
0x502e3c,61.5385%,5,8,13,8,5,0,0
0x8f21b3,86.4865%,5,32,37,0,1,4,32
0x545585,98.2079%,5,274,279,0,0,5,274
0x5c56ab,97.7578%,5,218,223,0,0,5,218
0x81bc33,97.5728%,5,201,206,0,2,3,201
0xa55eb4,68.75%,5,11,16,6,2,3,5
0x49a373,64.2857%,5,9,14,6,4,1,3
0xa49172,84.8485%,5,28,33,1,2,3,27
0x44188e,54.5455%,5,6,11,0,0,5,6
0x5fad39,16.6667%,5,1,6,0,0,5,1
0xa31928,97.6852%,5,211,216,0,0,5,211
0xa40eec,99.053%,5,523,528,523,4,1,0
0x8d4168,93.1507%,5,68,73,0,2,3,68
0x4ab5c1,83.871%,5,26,31,26,5,0,0
0x8e9544,37.5%,5,3,8,1,5,0,2
0x7e079f,75%,5,15,20,0,0,5,15
0x5570cd,97.9424%,5,238,243,0,0,5,238
0xa31fde,86.1111%,5,31,36,31,5,0,0
0x94edf5,83.3333%,5,25,30,0,0,5,25
0xa459d9,72.2222%,5,13,18,13,5,0,0
0xa464c2,73.6842%,5,14,19,0,5,0,14
0x6432a3,85.2941%,5,29,34,0,0,5,29
0x58f705,16.6667%,5,1,6,1,5,0,0
0x99f67e,95.098%,5,97,102,0,0,5,97
0x8f6afb,98.5119%,5,331,336,168,0,5,163
0x8dec87,16.6667%,5,1,6,0,0,5,1
0x49baca,97.549%,5,199,204,199,3,2,0
0x8387c3,0%,5,0,5,0,5,0,0
0x7e1166,88.0952%,5,37,42,1,1,4,36
0x839024,68.75%,5,11,16,0,0,5,11
0x9fe879,87.5%,5,35,40,0,0,5,35
0x88e63a,80%,5,20,25,20,5,0,0
0x8e5992,98.8914%,5,446,451,0,0,5,446
0x48f120,96.124%,5,124,129,0,0,5,124
0x5eb849,88.6364%,5,39,44,39,5,0,0
0x90c9b9,95.2381%,5,100,105,0,0,5,100
0x81fb1d,98.452%,5,318,323,318,5,0,0
0x5fa3bb,16.6667%,5,1,6,0,0,5,1
0x4b6d6c,83.871%,5,26,31,0,3,2,26
0x49c3e7,50%,5,5,10,2,0,5,3
0x67f700,95.283%,5,101,106,0,0,5,101
0xa326c1,75%,5,15,20,15,3,2,0
0x533c67,44.4444%,5,4,9,2,4,1,2
0x8194f5,93.75%,5,75,80,75,5,0,0
0x811ea0,99.7928%,5,2408,2413,0,5,0,2408
0x80ded1,97.7273%,5,215,220,0,0,5,215
0xa33e01,97.807%,5,223,228,196,4,1,27
0xa9ca31,50%,5,5,10,0,0,5,5
0xa2ed4e,92.6471%,5,63,68,36,3,2,27
0xa4a38f,61.5385%,5,8,13,3,2,3,5
0x80dbb4,97.7273%,5,215,220,215,5,0,0
0x8bc813,85.2941%,5,29,34,0,0,5,29
0xa3fd6b,16.6667%,5,1,6,1,5,0,0
0x9eb1bd,91.3793%,5,53,58,0,0,5,53
0x5e7864,93.1507%,5,68,73,0,0,5,68
0x512849,75%,5,15,20,15,5,0,0
0xa98830,66.6667%,5,10,15,0,0,5,10
0x491a49,96.9697%,5,160,165,0,0,5,160
0xa9edbb,58.3333%,5,7,12,7,5,0,0
0x88ea4e,87.1795%,5,34,39,34,5,0,0
0x48d813,16.6667%,5,1,6,1,5,0,0
0x944a86,92.8571%,5,65,70,65,5,0,0
0x821c80,93.0556%,5,67,72,0,0,5,67
0x803fd1,85.2941%,5,29,34,13,4,1,16
0x88e056,16.6667%,5,1,6,0,0,5,1
0x4ab1e7,68.75%,5,11,16,0,0,5,11
0x50fbaa,50%,5,5,10,0,0,5,5
0x8045c9,79.1667%,5,19,24,7,0,5,12
0xa3e454,68.75%,5,11,16,11,5,0,0
0x59c9a1,93.75%,5,75,80,65,4,1,10
0x659e32,73.6842%,5,14,19,14,5,0,0
0xa319b7,97.6526%,5,208,213,208,5,0,0
0x49ce67,0%,5,0,5,0,5,0,0
0x8ee646,88.0952%,5,37,42,0,0,5,37
0x8f368f,95.0495%,5,96,101,96,5,0,0
0x502d4d,97.3684%,5,185,190,0,0,5,185
0x780862,76.1905%,5,16,21,0,3,2,16
0xa39d18,93.9759%,5,78,83,78,5,0,0
0x670a6a,73.6842%,5,14,19,13,4,1,1
0x8f45c1,91.2281%,5,52,57,52,5,0,0
0x8106e7,94.0476%,5,79,84,37,5,0,42
0x918f3d,97.5%,5,195,200,0,0,5,195
0x80ec6a,98.6413%,5,363,368,363,5,0,0
0x80eab5,99.0494%,5,521,526,0,0,5,521
0x90a157,92.3077%,5,60,65,60,5,0,0
0x8ebb5a,98.9733%,5,482,487,482,5,0,0
0x810722,99.3261%,5,737,742,0,0,5,737
0x54430e,91.2281%,5,52,57,52,5,0,0
0x944d20,91.3793%,5,53,58,0,0,5,53
0x598f08,73.6842%,5,14,19,13,5,0,1
0xa54a96,37.5%,5,3,8,0,0,5,3
0x54da94,87.1795%,5,34,39,0,0,5,34
0xb30701,0%,5,0,5,0,0,5,0
0x4ab271,54.5455%,5,6,11,4,4,1,2
0x59e6e8,37.5%,5,3,8,1,3,2,2
0x77112d,58.3333%,5,7,12,0,0,5,7
0x911aad,99.5682%,5,1153,1158,0,0,5,1153
0x58e83c,28.5714%,5,2,7,1,0,5,1
0xa283e9,37.5%,5,3,8,3,3,2,0
0x5d3f1a,96.2406%,5,128,133,128,5,0,0
0x973bfc,50%,5,5,10,0,0,5,5
0x64dfc5,90.9091%,5,50,55,1,3,2,49
0x4b5529,16.6667%,5,1,6,1,5,0,0
0x8a69c2,58.3333%,5,7,12,7,0,5,0
0xa4b67c,75%,5,15,20,0,0,5,15
0xa91707,86.1111%,5,31,36,0,0,5,31
0x5046a7,72.2222%,5,13,18,13,5,0,0
0x94b74a,84.375%,5,27,32,0,0,5,27
0x63ec1c,99.316%,5,726,731,0,0,5,726
0x94b757,84.375%,5,27,32,0,0,5,27
0x8ddc0f,95.5357%,5,107,112,0,0,5,107
0xaada98,98.2639%,5,283,288,0,0,5,283
0x9aa35f,86.4865%,5,32,37,13,2,3,19
0x50d8c5,70.5882%,5,12,17,0,0,5,12
0xa4ff4c,64.2857%,5,9,14,0,0,5,9
0x60dff3,44.4444%,5,4,9,0,0,5,4
0x80929c,86.1111%,5,31,36,0,2,3,31
0x88df71,16.6667%,5,1,6,0,0,5,1
0xa57473,96.2687%,5,129,134,125,0,5,4
0x9f7445,92.4242%,5,61,66,61,5,0,0
0x7ce7c3,58.3333%,5,7,12,7,5,0,0
0x496238,16.6667%,5,1,6,1,5,0,0
0x66f502,28.5714%,5,2,7,0,0,5,2
0x677c66,98.2993%,5,289,294,0,0,5,289
0x9f252d,93.9024%,5,77,82,0,0,5,77
0x4a13c3,91.0714%,5,51,56,0,0,5,51
0x4a64c6,37.5%,5,3,8,0,0,5,3
0x6cdcd8,16.6667%,5,1,6,0,0,5,1
0x8e4b4a,97.191%,5,173,178,0,0,5,173
0x4b9f9e,92.0635%,5,58,63,58,5,0,0
0x9737fd,86.8421%,5,33,38,0,0,5,33
0x58e73f,16.6667%,5,1,6,0,0,5,1
0x4b5c90,90.566%,5,48,53,0,3,2,48
0x53415f,95.0495%,5,96,101,0,0,5,96
0x9fcf09,80%,5,20,25,0,0,5,20
0x488ece,98.7113%,5,383,388,0,0,5,383
0x49bc9f,16.6667%,5,1,6,0,0,5,1
0x590c50,77.2727%,5,17,22,1,1,4,16
0x49bd32,16.6667%,5,1,6,0,0,5,1
0x911244,98.8532%,5,431,436,0,0,5,431
0x9e7790,90.566%,5,48,53,44,2,3,4
0x8eb8c8,98.9733%,5,482,487,0,0,5,482
0x5f8d0f,92.1875%,5,59,64,33,0,5,26
0x8e74c4,92.9577%,5,66,71,66,5,0,0
0x9d270c,82.1429%,5,23,28,23,5,0,0
0x48ee8c,90.7407%,5,49,54,49,5,0,0
0x8bdc79,66.6667%,5,10,15,8,0,5,2
0xa08472,68.75%,5,11,16,0,5,0,11
0x40edb6,37.5%,5,3,8,3,3,2,0
0x5fa313,99.3719%,5,791,796,0,0,5,791
0xa4cf67,68.75%,5,11,16,6,2,3,5
0x4b6758,54.5455%,5,6,11,0,0,5,6
0x4c6442,82.1429%,5,23,28,23,5,0,0
0xa57bcb,87.1795%,5,34,39,20,0,5,14
0x7d2084,72.2222%,5,13,18,7,4,1,6
0x5f0d8b,0%,5,0,5,0,0,5,0
0x9f0295,94.6809%,5,89,94,89,5,0,0
0x54db76,87.1795%,5,34,39,34,5,0,0
0x5bda8e,37.5%,5,3,8,0,4,1,3
0x48f70d,92.3077%,5,60,65,0,0,5,60
0x8f3f6f,94.5055%,5,86,91,0,0,5,86
0x50b303,87.5%,5,35,40,35,3,2,0
0x9c5210,37.5%,5,3,8,3,5,0,0
0xa5768f,79.1667%,5,19,24,0,4,1,19
0x5f9edf,16.6667%,5,1,6,1,5,0,0
0xa05ffe,68.75%,5,11,16,0,5,0,11
0xa48ab7,97.006%,5,162,167,0,0,5,162
0xa9838e,90.3846%,5,47,52,47,2,3,0
0xa4f8f6,64.2857%,5,9,14,0,0,5,9
0xa96887,97.7876%,5,221,226,0,0,5,221
0x5f5224,78.2609%,5,18,23,0,0,5,18
0x8d3edb,85.7143%,5,30,35,17,0,5,13
0x5f398d,28.5714%,5,2,7,0,0,5,2
0x90271b,99.5314%,5,1062,1067,0,0,5,1062
0x507f35,0%,5,0,5,0,0,5,0
0x8131ef,99.7045%,5,1687,1692,0,0,5,1687
0x501b16,99.3703%,5,789,794,0,0,5,789
0x808fff,79.1667%,5,19,24,19,5,0,0
0x4960a4,58.3333%,5,7,12,7,5,0,0
0x833e2e,68.75%,5,11,16,0,0,5,11
0x509d9c,98.9817%,5,486,491,0,0,5,486
0x5f40b8,16.6667%,5,1,6,1,5,0,0
0x4c6e0c,93.9759%,5,78,83,78,5,0,0
0xa4543b,98.5465%,5,339,344,339,5,0,0
0x5d0fb5,75%,5,15,20,0,0,5,15
0x490c66,80.7692%,5,21,26,0,0,5,21
0xa9a0ad,0%,5,0,5,0,0,5,0
0x5f18ae,0%,5,0,5,0,5,0,0
0xa9182f,70.5882%,5,12,17,3,0,5,9
0xa44fd2,64.2857%,5,9,14,9,5,0,0
0x678cb5,99.7213%,5,1789,1794,0,0,5,1789
0x482d30,73.6842%,5,14,19,0,2,3,14
0x94b0b5,97.5845%,5,202,207,202,5,0,0
0x723572,99.6542%,5,1441,1446,0,0,5,1441
0x7e2098,61.5385%,5,8,13,0,0,5,8
0x90bf5b,95.7983%,5,114,119,114,5,0,0
0xa5970d,50%,5,5,10,5,5,0,0
0x40998e,97.1751%,5,172,177,170,5,0,2
0x80bb0a,0%,5,0,5,0,0,5,0
0x9a608a,64.2857%,5,9,14,8,5,0,1
0x9178a6,96.124%,5,124,129,0,0,5,124
0x88dfda,58.3333%,5,7,12,6,0,5,1
0x58c5ec,58.3333%,5,7,12,6,5,0,1
0x410492,77.2727%,5,17,22,17,5,0,0
0x4c712f,72.2222%,5,13,18,12,5,0,1
0x5f03fd,95.2381%,5,100,105,100,5,0,0
0xa4a2ff,72.2222%,5,13,18,0,0,5,13
0x8f648f,68.75%,5,11,16,11,5,0,0
0x838893,0%,5,0,5,0,0,5,0
0x40e460,97.8448%,5,227,232,227,5,0,0
0x80f777,93.2432%,5,69,74,69,5,0,0
0x5f9599,37.5%,5,3,8,3,5,0,0
0x8c8fb5,37.5%,5,3,8,1,5,0,2
0x5ec5c8,37.5%,5,3,8,0,0,5,3
0x8deb39,58.3333%,5,7,12,4,2,3,3
0x5f004d,97.2527%,5,177,182,177,5,0,0
0x8d3de7,83.871%,5,26,31,26,5,0,0
0x94ac9f,91.0714%,5,51,56,0,0,5,51
0x8dce90,97.1429%,5,170,175,170,5,0,0
0x6774d0,98.6523%,5,366,371,0,0,5,366
0x889ffb,77.2727%,5,17,22,0,0,5,17
0x50d6d4,98.998%,5,494,499,0,0,5,494
0x512904,80%,5,20,25,20,5,0,0
0x9988b7,16.6667%,5,1,6,0,1,4,1
0x557b76,92.3077%,5,60,65,0,0,5,60
0x5d455a,64.2857%,5,9,14,9,5,0,0
0x99f0fc,58.3333%,5,7,12,7,5,0,0
0x4a7922,16.6667%,5,1,6,1,5,0,0
0xaa6437,94.4444%,5,85,90,85,5,0,0
0x906bed,97.449%,5,191,196,0,0,5,191
0x64762e,76.1905%,5,16,21,1,0,5,15
0x8e877a,99.5396%,5,1081,1086,1081,5,0,0
0x906d80,97.449%,5,191,196,0,0,5,191
0x820ba9,54.5455%,5,6,11,5,5,0,1
0x48108f,73.6842%,5,14,19,14,5,0,0
0xa46614,97.9424%,5,238,243,238,5,0,0
0x6730db,73.6842%,5,14,19,0,0,5,14
0x81a460,98.7835%,5,406,411,0,0,5,406
0x80969c,93.6709%,5,74,79,74,3,2,0
0x7afd26,82.1429%,5,23,28,0,0,5,23
0x7b640d,86.4865%,5,32,37,0,0,5,32
0x5bc538,95.7983%,5,114,119,114,5,0,0
0x48f733,58.3333%,5,7,12,7,3,2,0
0x4bc07b,68.75%,5,11,16,10,5,0,1
0x4bcad2,50%,5,5,10,0,0,5,5
0xa0637a,16.6667%,5,1,6,0,0,5,1
0xb30541,0%,5,0,5,0,5,0,0
0x8bdb63,0%,5,0,5,0,5,0,0
0x820924,54.5455%,5,6,11,0,0,5,6
0x5f8573,97.8814%,5,231,236,231,5,0,0
0x4a7696,98.7593%,5,398,403,0,0,5,398
0x4c167c,97.4747%,5,193,198,186,0,5,7
0x5f27ff,0%,5,0,5,0,5,0,0
0x811d6e,96.988%,5,161,166,0,0,5,161
0x61082c,61.5385%,5,8,13,0,0,5,8
0xa50f70,86.8421%,5,33,38,0,0,5,33
0x404897,98%,5,245,250,0,0,5,245
0x555c21,86.8421%,5,33,38,33,5,0,0
0x9178ee,99.2647%,5,675,680,0,0,5,675
0xa50c51,92.4242%,5,61,66,0,0,5,61
0x4b6b66,91.8033%,5,56,61,30,5,0,26
0x548a3b,16.6667%,5,1,6,1,5,0,0
0x4c0770,94.186%,5,81,86,0,0,5,81
0x6516a2,91.0714%,5,51,56,51,5,0,0
0x7b63c8,88.8889%,5,40,45,0,0,5,40
0x5fc4d5,89.5833%,5,43,48,43,5,0,0
0x80bab1,88.6364%,5,39,44,0,0,5,39
0x81e5bd,37.5%,5,3,8,2,2,3,1
0x555ed5,97.9339%,5,237,242,236,3,2,1
0x68697a,98.2206%,5,276,281,276,5,0,0
0x904297,75%,5,15,20,7,4,1,8
0x544ad3,91.2281%,5,52,57,52,5,0,0
0xa0534e,82.7586%,5,24,29,0,0,5,24
0x49daad,99.4388%,5,886,891,0,0,5,886
0x837741,37.5%,5,3,8,0,3,2,3
0x804bc3,70.5882%,5,12,17,3,4,1,9
0x6f455f,82.1429%,5,23,28,5,5,0,18
0x405063,76.1905%,5,16,21,0,0,5,16
0x944fbe,44.4444%,5,4,9,4,5,0,0
0x973c8b,95.1456%,5,98,103,0,0,5,98
0x482c47,86.8421%,5,33,38,33,5,0,0
0x50a086,96.3235%,5,131,136,0,0,5,131
0x58c657,58.3333%,5,7,12,7,5,0,0
0x8bdb02,0%,5,0,5,0,5,0,0
0xa8abdf,97.1429%,5,170,175,0,0,5,170
0x8043d5,44.4444%,5,4,9,0,0,5,4
0x54d9d2,87.1795%,5,34,39,34,5,0,0
0x8a64d6,96.7105%,5,147,152,0,0,5,147
0x97762e,99.6366%,5,1371,1376,1371,5,0,0
0xa352ab,76.1905%,5,16,21,16,2,3,0
0x9d1d42,70.5882%,5,12,17,0,5,0,12
0x9e39bc,37.5%,5,3,8,0,0,5,3
0x590d2c,77.2727%,5,17,22,0,0,5,17
0x590d21,77.2727%,5,17,22,0,0,5,17
0xa0f1c4,58.3333%,5,7,12,3,3,2,4
0x81b143,84.375%,5,27,32,0,0,5,27
0x4b839f,54.5455%,5,6,11,6,5,0,0
0xa8a873,93.9759%,5,78,83,0,0,5,78
0x9093b7,99.8653%,5,3707,3712,0,0,5,3707
0x48288a,73.6842%,5,14,19,14,5,0,0
0x4ab224,0%,5,0,5,0,5,0,0
0x8be847,78.2609%,5,18,23,0,1,4,18
0x9093e1,99.8653%,5,3707,3712,3707,5,0,0
0x9e8ad2,96.5517%,5,140,145,0,0,5,140
0x4c5cde,76.1905%,5,16,21,16,5,0,0
0x50eb30,87.5%,5,35,40,35,5,0,0
0xa4a1e5,91.6667%,5,55,60,0,0,5,55
0x8dd066,99.1974%,5,618,623,0,0,5,618
0x90dc1e,99.9901%,5,50752,50757,50752,5,0,0
0x973805,86.8421%,5,33,38,0,0,5,33
0xa94755,82.7586%,5,24,29,0,0,5,24
0xa531ae,37.5%,5,3,8,3,5,0,0
0x5f9218,44.4444%,5,4,9,0,2,3,4
0xa33d29,98.5591%,5,342,347,342,5,0,0
0x969840,92.3077%,5,60,65,60,5,0,0
0x5f8912,37.5%,5,3,8,3,5,0,0
0x8ff986,95.6522%,5,110,115,0,0,5,110
0x973ee8,79.1667%,5,19,24,19,5,0,0
0x9a328d,92.6471%,5,63,68,0,0,5,63
0x96981e,93.0556%,5,67,72,0,0,5,67
0x5f870e,37.5%,5,3,8,0,0,5,3
0x8ecc1b,90.3846%,5,47,52,37,2,3,10
0x8e46aa,68.75%,5,11,16,0,0,5,11
0x8a64a5,98.0315%,5,249,254,0,0,5,249
0x4c27f4,16.6667%,5,1,6,0,5,0,1
0x53584d,0%,5,0,5,0,0,5,0
0x791e77,16.6667%,5,1,6,1,5,0,0
0x4ba263,99.4369%,5,883,888,0,0,5,883
0xa94698,89.1304%,5,41,46,41,5,0,0
0x4bac8e,99.4802%,5,957,962,0,0,5,957
0x508fb0,86.8421%,5,33,38,0,0,5,33
0x4ba802,98.2993%,5,289,294,0,0,5,289
0x403a05,86.4865%,5,32,37,0,4,1,32
0x8f3789,98.4375%,5,315,320,315,5,0,0
0x96a657,93.0556%,5,67,72,0,0,5,67
0x96a63c,93.2432%,5,69,74,0,2,3,69
0x7cfa25,84.8485%,5,28,33,22,1,4,6
0x8c8af7,93.75%,5,75,80,0,0,5,75
0xa30576,97.0588%,5,165,170,0,0,5,165
0x4039b8,72.2222%,5,13,18,2,4,1,11
0x50427c,84.8485%,5,28,33,0,3,2,28
0x53e37a,99.8412%,5,3143,3148,0,0,5,3143
0x9e217d,28.5714%,5,2,7,0,0,5,2
0x404bcc,76.1905%,5,16,21,16,5,0,0
0xa2f271,86.8421%,5,33,38,0,0,5,33
0x972d7a,16.6667%,5,1,6,0,0,5,1
0x6f45a2,50%,5,5,10,5,1,4,0
0xa0393a,93.4211%,5,71,76,71,5,0,0
0x4adc7d,87.5%,5,35,40,35,5,0,0
0xa5029c,68.75%,5,11,16,11,5,0,0
0x81e743,96.4029%,5,134,139,134,5,0,0
0xa2dace,64.2857%,5,9,14,2,5,0,7
0x48e5bc,89.5833%,5,43,48,0,0,5,43
0x5f524e,58.3333%,5,7,12,7,5,0,0
0x49e2fb,99.6291%,5,1343,1348,1343,5,0,0
0x53581f,91.2281%,5,52,57,44,3,2,8
0x540a6a,16.6667%,5,1,6,1,5,0,0
0x9d1b74,79.1667%,5,19,24,0,0,5,19
0xa28817,68.75%,5,11,16,0,0,5,11
0x80e4e1,0%,5,0,5,0,5,0,0
0xa3d6a6,37.5%,5,3,8,0,0,5,3
0x9a62b0,96.3504%,5,132,137,132,5,0,0
0xa064b4,85.7143%,5,30,35,0,0,5,30
0x788d9b,50%,5,5,10,0,1,4,5
0x65c2e0,68.75%,5,11,16,11,5,0,0
0x50902e,75%,5,15,20,11,3,2,4
0xa5362b,37.5%,5,3,8,1,1,4,2
0x4810c8,73.6842%,5,14,19,14,5,0,0
0xa9db2e,64.2857%,5,9,14,0,0,5,9
0x53feff,98.8263%,5,421,426,0,0,5,421
0x9f1182,0%,5,0,5,0,5,0,0
0x49c213,16.6667%,5,1,6,1,1,4,0
0x7bac3b,73.6842%,5,14,19,0,5,0,14
0x481ea5,86.8421%,5,33,38,33,5,0,0
0x94e7ea,91.6667%,5,55,60,55,5,0,0
0x901327,90%,5,45,50,43,5,0,2
0xa238a7,92.3077%,5,60,65,0,3,2,60
0x4b4eb0,87.8049%,5,36,41,36,3,2,0
0xa5395f,64.2857%,5,9,14,9,5,0,0
0x4bb5c4,90.3846%,5,47,52,47,5,0,0
0x9f694c,37.5%,5,3,8,3,5,0,0
0x441817,54.5455%,5,6,11,0,0,5,6
0x9e00c7,99.5345%,5,1069,1074,0,0,5,1069
0x9712bb,0%,5,0,5,0,5,0,0
0x8efe83,80.7692%,5,21,26,0,0,5,21
0x838707,0%,5,0,5,0,5,0,0
0x80df51,99.7934%,5,2415,2420,0,0,5,2415
0x8ae813,54.5455%,5,6,11,3,3,2,3
0x5f96d8,72.2222%,5,13,18,8,2,3,5
0x943b23,96.4029%,5,134,139,134,5,0,0
0x81be79,97.549%,5,199,204,0,0,5,199
0x44182e,54.5455%,5,6,11,0,0,5,6
0xa4b672,75%,5,15,20,0,0,5,15
0xa5686b,16.6667%,5,1,6,1,5,0,0
0x8eb7bf,99.5178%,5,1032,1037,1032,5,0,0
0x5f919b,44.4444%,5,4,9,0,0,5,4
0x404004,50%,5,5,10,0,0,5,5
0x4c1620,58.3333%,5,7,12,7,5,0,0
0x9ebbdd,37.5%,5,3,8,1,0,5,2
0x8c8e60,37.5%,5,3,8,1,1,4,2
0x8f6ad0,97.0238%,5,163,168,0,0,5,163
0x47f8c2,72.2222%,5,13,18,0,0,5,13
0x5f7f10,37.5%,5,3,8,3,5,0,0
0x483cdf,73.6842%,5,14,19,14,4,1,0
0x4416ae,54.5455%,5,6,11,0,0,5,6
0x441737,54.5455%,5,6,11,0,0,5,6
0x504c88,92.8571%,5,65,70,10,1,4,55
0x9eb643,92.5373%,5,62,67,62,5,0,0
0x4419de,54.5455%,5,6,11,0,0,5,6
0x9eb780,66.6667%,5,10,15,0,3,2,10
0x40e8b1,50%,5,5,10,5,5,0,0
0x4aabfb,83.3333%,5,25,30,25,5,0,0
0x502080,90.9091%,5,50,55,20,4,1,30
0xa53593,37.5%,5,3,8,0,0,5,3
0x66f52a,98.6737%,5,372,377,0,0,5,372
0x49c3fb,50%,5,5,10,5,5,0,0
0xa5304d,50%,5,5,10,2,0,5,3
0x5f8742,94.3182%,5,83,88,0,0,5,83
0x4b4b1e,92.9577%,5,66,71,0,0,5,66
0x69de57,58.3333%,5,7,12,7,5,0,0
0x548203,99.9268%,5,6824,6829,6824,5,0,0
0x9f4ef3,95.8678%,5,116,121,4,5,0,112
0x4106ff,44.4444%,5,4,9,4,1,4,0
0x9bb45b,72.2222%,5,13,18,0,0,5,13
0x4b56d5,95.098%,5,97,102,0,0,5,97
0x8090ac,98.4848%,5,325,330,325,5,0,0
0x8c721b,97.6415%,5,207,212,207,5,0,0
0x5f769b,83.3333%,5,25,30,0,0,5,25
0xaa2368,88.8889%,5,40,45,0,0,5,40
0xa550bc,58.3333%,5,7,12,0,4,1,7
0x81eaae,99.0909%,5,545,550,0,0,5,545
0xaa258e,80.7692%,5,21,26,1,3,2,20
0x501f70,96.1832%,5,126,131,126,5,0,0
0xa52e6d,44.4444%,5,4,9,3,5,0,1
0x8f1f92,95.5752%,5,108,113,0,0,5,108
0x8be84d,77.2727%,5,17,22,15,2,3,2
0x8127ee,66.6667%,5,10,15,0,0,5,10
0x441a42,54.5455%,5,6,11,6,5,0,0
0x9bdf4b,93.2432%,5,69,74,0,2,3,69
0x900fe4,0%,5,0,5,0,5,0,0
0x4aab69,83.3333%,5,25,30,25,5,0,0
0x501fe3,94.5055%,5,86,91,0,0,5,86
0x487cc9,64.2857%,5,9,14,9,5,0,0
0x4805e4,86.8421%,5,33,38,28,1,4,5
0xaae780,89.3617%,5,42,47,0,0,5,42
0x679fbe,99.7213%,5,1789,1794,0,0,5,1789
0x8f6173,97.076%,5,166,171,0,0,5,166
0x50bf4e,95.4545%,5,105,110,105,5,0,0
0x670856,16.6667%,5,1,6,1,5,0,0
0xaa58b1,89.7959%,5,44,49,44,5,0,0
0x9e0273,72.2222%,5,13,18,0,0,5,13
0x441c19,54.5455%,5,6,11,6,5,0,0
0xa5c3b1,96.6443%,5,144,149,0,0,5,144
0x8a5e17,98.4076%,5,309,314,0,0,5,309
0x8436f7,58.3333%,5,7,12,4,0,5,3
0xa5c6a9,95.098%,5,97,102,0,4,1,97
0x8e5faa,98.1413%,5,264,269,0,0,5,264
0x9ec147,91.0714%,5,51,56,0,0,5,51
0x7b7f4a,96.4539%,5,136,141,136,5,0,0
0x8a5cee,97.7064%,5,213,218,0,0,5,213
0x80c051,90.566%,5,48,53,48,5,0,0
0x7b011c,50%,5,5,10,3,1,4,2
0x8f53f5,99.4481%,5,901,906,0,0,5,901
0x9ec1a7,91.0714%,5,51,56,51,5,0,0
0x63b56a,99.6172%,5,1301,1306,0,0,5,1301
0x8da82a,16.6667%,5,1,6,1,5,0,0
0xa5bec0,84.375%,5,27,32,27,5,0,0
0xa411cc,80%,5,20,25,0,0,5,20
0xa016e6,87.5%,5,35,40,35,5,0,0
0x4b5103,50%,5,5,10,0,2,3,5
0x441717,54.5455%,5,6,11,0,0,5,6
0x4befd9,99.4624%,5,925,930,0,0,5,925
0xa345d9,96.1832%,5,126,131,0,0,5,126
0xa26606,99.5064%,5,1008,1013,0,0,5,1008
0x48fea1,50%,5,5,10,5,5,0,0
0x5096a5,54.5455%,5,6,11,6,5,0,0
0x8125f5,99.179%,5,604,609,0,0,5,604
0x5ec586,87.5%,5,35,40,0,0,5,35
0xa98835,66.6667%,5,10,15,4,3,2,6
0x50c366,95.4955%,5,106,111,0,0,5,106
0x65a389,99.8032%,5,2536,2541,0,0,5,2536
0x80cadd,99.935%,5,7690,7695,0,0,5,7690
0x81205d,50%,5,5,10,0,0,5,5
0x843896,58.3333%,5,7,12,4,4,1,3
0x64b3be,95.283%,5,101,106,10,1,4,91
0x9ead63,97.2376%,5,176,181,0,0,5,176
0xa5c860,64.2857%,5,9,14,9,5,0,0
0xa39a49,73.6842%,5,14,19,0,0,5,14
0x8efdba,95.5752%,5,108,113,0,5,0,108
0x8a313a,50%,5,5,10,0,0,5,5
0x49fa96,96.5278%,5,139,144,0,0,5,139
0xa02ade,58.3333%,5,7,12,0,0,5,7
0x5454cd,89.7959%,5,44,49,0,0,5,44
0x546774,50%,5,5,10,5,3,2,0
0x5f8784,91.2281%,5,52,57,0,0,5,52
0x7e0476,58.3333%,5,7,12,0,1,4,7
0x9e2a8d,93.2432%,5,69,74,69,5,0,0
0xa56f79,97.0238%,5,163,168,0,0,5,163
0x5b9e9b,37.5%,5,3,8,0,3,2,3
0xb30533,0%,5,0,5,0,0,5,0
0x9fbbad,97.6744%,5,210,215,210,5,0,0
0x9f0e62,79.1667%,5,19,24,0,0,5,19
0xb22fdd,96.7532%,5,149,154,0,0,5,149
0x4832e8,82.7586%,5,24,29,24,5,0,0
0xa50bb5,93.8272%,5,76,81,76,5,0,0
0x8e57ba,68.75%,5,11,16,11,5,0,0
0x9e630e,73.6842%,5,14,19,1,0,5,13
0xa5baf7,92.3077%,5,60,65,0,0,5,60
0xa01767,87.5%,5,35,40,0,0,5,35
0x97742a,58.3333%,5,7,12,0,0,5,7
0x48f407,58.3333%,5,7,12,6,3,2,1
0x679689,95.5357%,5,107,112,0,0,5,107
0x8f6c9e,66.6667%,5,10,15,0,0,5,10
0x943a16,0%,5,0,5,0,0,5,0
0x4ab2b8,54.5455%,5,6,11,6,5,0,0
0x4bb81b,72.2222%,5,13,18,0,0,5,13
0x504095,91.9355%,5,57,62,0,0,5,57
0xa05e92,28.5714%,5,2,7,0,1,4,2
0xa45d33,37.5%,5,3,8,0,4,1,3
0xa52fc9,97.3958%,5,187,192,0,0,5,187
0x6797c1,16.6667%,5,1,6,0,0,5,1
0x94ce77,89.3617%,5,42,47,0,0,5,42
0xa90469,95.614%,5,109,114,109,5,0,0
0x9ea49b,93.0556%,5,67,72,0,0,5,67
0x908b9b,99.1103%,5,557,562,557,5,0,0
0x81456c,99.7157%,5,1754,1759,0,0,5,1754
0xa53f1c,95.3271%,5,102,107,0,0,5,102
0x550ed2,89.7959%,5,44,49,0,0,5,44
0x7f0327,73.6842%,5,14,19,14,5,0,0
0x4ca416,97.6415%,5,207,212,205,5,0,2
0x7f0042,73.6842%,5,14,19,14,5,0,0
0x40bc1c,95.1456%,5,98,103,0,0,5,98
0x558ff4,98.6807%,5,374,379,374,5,0,0
0xaa86f2,73.6842%,5,14,19,14,5,0,0
0x554749,92.1875%,5,59,64,0,0,5,59
0x5033fb,86.4865%,5,32,37,31,4,1,1
0xa31c7e,83.871%,5,26,31,26,5,0,0
0xa05474,75%,5,15,20,15,2,3,0
0x495959,73.6842%,5,14,19,14,5,0,0
0x50187c,99.1071%,5,555,560,1,0,5,554
0xaaaf29,58.3333%,5,7,12,2,2,3,5
0xa5b4e5,58.3333%,5,7,12,0,3,2,7
0x9f8035,64.2857%,5,9,14,9,2,3,0
0x8efab7,96.875%,5,155,160,155,1,4,0
0xaae6a2,89.3617%,5,42,47,42,5,0,0
0x807774,97.0414%,5,164,169,0,0,5,164
0x7c7579,16.6667%,5,1,6,1,5,0,0
0x9bb3f0,92.3077%,5,60,65,0,0,5,60
0x5b15ed,50%,5,5,10,5,5,0,0
0xb306e4,0%,5,0,5,0,5,0,0
0x94cfa8,89.3617%,5,42,47,42,5,0,0
0x5fb9cc,80.7692%,5,21,26,0,0,5,21
0x58bc8b,92.1875%,5,59,64,0,0,5,59
0x8ec378,99.545%,5,1094,1099,1094,5,0,0
0x4099dc,75%,5,15,20,15,4,1,0
0x8ed55c,50%,5,5,10,5,1,4,0
0x483188,82.7586%,5,24,29,0,0,5,24
0x83423d,98.1618%,5,267,272,0,0,5,267
0x951e33,54.5455%,5,6,11,0,5,0,6
0x8f6cb8,88.8889%,5,40,45,0,0,5,40
0x5d90df,96.5986%,5,142,147,142,5,0,0
0x4bcc17,95.3271%,5,102,107,0,0,5,102
0x8df02b,68.75%,5,11,16,0,0,5,11
0x81d017,97.006%,5,162,167,162,5,0,0
0x69222b,77.2727%,5,17,22,17,5,0,0
0x908e06,99.883%,5,4269,4274,4269,5,0,0
0x977f3f,87.5%,5,35,40,35,5,0,0
0x837d51,96.063%,5,122,127,0,0,5,122
0x4bb7d3,50%,5,5,10,0,1,4,5
0xa3bb3f,72.2222%,5,13,18,13,5,0,0
0x4c92e2,68.75%,5,11,16,0,0,5,11
0x759489,0%,5,0,5,0,0,5,0
0x488c61,95.7265%,5,112,117,0,0,5,112
0x4b64cb,96.7742%,5,150,155,0,0,5,150
0x803e3b,72.2222%,5,13,18,0,1,4,13
0x5f7b58,96.2963%,5,130,135,130,5,0,0
0x9ea8af,68.75%,5,11,16,11,3,2,0
0x60ddde,93.8272%,5,76,81,76,5,0,0
0x50a4b6,64.2857%,5,9,14,0,0,5,9
0x9ebecf,95.935%,5,118,123,0,0,5,118
0x81159b,99.4069%,5,838,843,838,5,0,0
0x504212,91.9355%,5,57,62,57,5,0,0
0x8137b1,91.8033%,5,56,61,56,3,2,0
0x51b6b2,28.5714%,5,2,7,2,5,0,0
0x5f86ed,93.3333%,5,70,75,68,3,2,2
0x8d209c,94.7917%,5,91,96,0,0,5,91
0x4a9828,66.6667%,5,10,15,10,5,0,0
0x9e48bd,72.2222%,5,13,18,0,0,5,13
0x808091,0%,5,0,5,0,5,0,0
0x9e5ff1,72.2222%,5,13,18,13,5,0,0
0x9ebf2f,91.8033%,5,56,61,10,0,5,46
0x7efd21,93.0556%,5,67,72,0,0,5,67
0x5f86b5,93.4211%,5,71,76,1,2,3,70
0x8f362c,98.7245%,5,387,392,0,0,5,387
0x48067e,44.4444%,5,4,9,4,5,0,0
0x48ee54,98.4894%,5,326,331,0,0,5,326
0x590b4c,75%,5,15,20,14,0,5,1
0xa4ed05,77.2727%,5,17,22,17,5,0,0
0x5f4042,28.5714%,5,2,7,2,1,4,0
0x8d2f3d,93.1507%,5,68,73,0,2,3,68
0x5c70a2,98.6111%,5,355,360,0,0,5,355
0x4b8095,54.5455%,5,6,11,5,0,5,1
0x8ad5c7,96.3768%,5,133,138,0,0,5,133
0x9bdc73,90.9091%,5,50,55,50,5,0,0
0x9d125c,68.75%,5,11,16,0,0,5,11
0x819dda,98.4709%,5,322,327,0,0,5,322
0x7cf71e,64.2857%,5,9,14,0,0,5,9
0x670608,96.2406%,5,128,133,0,0,5,128
0x4b9195,68.75%,5,11,16,11,5,0,0
0x5a95c8,80%,5,20,25,20,5,0,0
0x8d2483,94.0476%,5,79,84,0,0,5,79
0x492cf3,93.2432%,5,69,74,0,2,3,69
0x502126,93.5897%,5,73,78,0,0,5,73
0x9a9d44,90.7407%,5,49,54,0,0,5,49
0x4c7278,72.2222%,5,13,18,13,5,0,0
0x983ede,96.3768%,5,133,138,119,3,2,14
0x4bf4e7,86.8421%,5,33,38,0,0,5,33
0x9739c5,87.5%,5,35,40,0,0,5,35
0x5b9e41,37.5%,5,3,8,2,0,5,1
0x48f44d,16.6667%,5,1,6,0,0,5,1
0x5fc235,95.8333%,5,115,120,115,3,2,0
0x5108b6,98.4709%,5,322,327,0,0,5,322
0x9f6c88,50%,5,5,10,0,2,3,5
0x81b44f,70.5882%,5,12,17,1,5,0,11
0x4022e9,90.9091%,5,50,55,0,0,5,50
0x5a0161,0%,5,0,5,0,5,0,0
0x4c9762,79.1667%,5,19,24,14,0,5,5
0x58b8f6,95.4545%,5,105,110,0,0,5,105
0x4098ee,98.1061%,5,259,264,0,0,5,259
0x58d1ca,75%,5,15,20,0,0,5,15
0x4b9c96,83.871%,5,26,31,21,0,5,5
0x951aaf,86.1111%,5,31,36,0,0,5,31
0xa44264,89.7959%,5,44,49,44,5,0,0
0x61072b,80%,5,20,25,7,5,0,13
0x48db8c,98.4802%,5,324,329,0,0,5,324
0x8db639,99.5652%,5,1145,1150,0,0,5,1145
0x48f8f3,16.6667%,5,1,6,0,0,5,1
0x5b2fba,50%,5,5,10,5,5,0,0
0x4b8637,54.5455%,5,6,11,0,0,5,6
0x8d2587,97.9167%,5,235,240,0,0,5,235
0xa3681f,98.8662%,5,436,441,0,0,5,436
0xa6613d,95.5752%,5,108,113,0,0,5,108
0x4c4d20,61.5385%,5,8,13,8,5,0,0
0x619d9d,50%,5,5,10,0,0,5,5
0x8d3d08,99.1857%,5,609,614,0,0,5,609
0x5b1c66,89.3617%,5,42,47,42,5,0,0
0x4c1b58,0%,5,0,5,0,5,0,0
0x985120,58.3333%,5,7,12,5,3,2,2
0x97ac8d,64.2857%,5,9,14,9,5,0,0
0x4b970d,50%,5,5,10,5,5,0,0
0x48e8a9,64.2857%,5,9,14,2,5,0,7
0x98b2ba,97.7273%,5,215,220,0,0,5,215
0x8a8b8e,95.7265%,5,112,117,1,5,0,111
0x409a9e,99.0119%,5,501,506,0,0,5,501
0x606c74,37.5%,5,3,8,3,5,0,0
0x8fecc3,98.1132%,5,260,265,0,0,5,260
0xa1b4be,0%,5,0,5,0,5,0,0
0x51b2c8,73.6842%,5,14,19,14,5,0,0
0x8df5b5,88.0952%,5,37,42,0,2,3,37
0x8f1434,98.8914%,5,446,451,0,0,5,446
0x5a039a,0%,5,0,5,0,5,0,0
0x8f2a6f,87.5%,5,35,40,0,0,5,35
0x492d1f,93.0556%,5,67,72,0,0,5,67
0xa1b492,0%,5,0,5,0,1,4,0
0x7c7150,90.3846%,5,47,52,0,0,5,47
0x8a762e,98.0545%,5,252,257,252,4,1,0
0x49367e,96.0938%,5,123,128,123,5,0,0
0x5bda37,37.5%,5,3,8,2,2,3,1
0x7f0b71,0%,5,0,5,0,0,5,0
0x4aaf78,54.5455%,5,6,11,6,5,0,0
0x6472f9,0%,5,0,5,0,5,0,0
0x496257,16.6667%,5,1,6,0,0,5,1
0x4b654d,89.1304%,5,41,46,0,0,5,41
0x4ba068,79.1667%,5,19,24,1,3,2,18
0x48da88,89.1304%,5,41,46,41,5,0,0
0x58e7b2,16.6667%,5,1,6,1,5,0,0
0x5f4210,28.5714%,5,2,7,0,0,5,2
0x7c6704,37.5%,5,3,8,0,0,5,3
0x80fdba,99.1961%,5,617,622,617,5,0,0
0x403a17,50%,5,5,10,5,4,1,0
0x4c4666,86.4865%,5,32,37,0,0,5,32
0x991328,70.5882%,5,12,17,12,5,0,0
0x4c9896,28.5714%,5,2,7,2,4,1,0
0xa238df,95.4545%,5,105,110,0,0,5,105
0xa6c6b4,88.3721%,5,38,43,0,0,5,38
0x9d1c48,16.6667%,5,1,6,0,3,2,1
0x70c282,16.6667%,5,1,6,0,0,5,1
0x8f54c0,58.3333%,5,7,12,7,5,0,0
0x8da813,58.3333%,5,7,12,4,2,3,3
0x7cf699,37.5%,5,3,8,0,0,5,3
0x9bd16d,90.9091%,5,50,55,50,5,0,0
0x9812a5,94.5055%,5,86,91,7,4,1,79
0x983b46,94.5652%,5,87,92,16,0,5,71
0x50ad79,95.4955%,5,106,111,0,0,5,106
0xa91a84,97.4359%,5,190,195,0,0,5,190
0x554f4f,98.3165%,5,292,297,289,4,1,3
0x48db91,98.4802%,5,324,329,0,0,5,324
0x90298b,89.5833%,5,43,48,43,5,0,0
0x980bb3,84.375%,5,27,32,0,0,5,27
0x7e07d1,72.2222%,5,13,18,0,0,5,13
0x99df3b,82.1429%,5,23,28,23,5,0,0
0x80374b,93.3333%,5,70,75,0,0,5,70
0x593118,16.6667%,5,1,6,1,5,0,0
0x837a7d,68.75%,5,11,16,11,5,0,0
0x48e89c,64.2857%,5,9,14,0,0,5,9
0x4c5ed4,88.3721%,5,38,43,38,3,2,0
0x7c79e9,79.1667%,5,19,24,0,0,5,19
0xa66360,44.4444%,5,4,9,4,5,0,0
0x59c8f0,28.5714%,5,2,7,0,4,1,2
0x991adc,97.3822%,5,186,191,186,5,0,0
0x4fdc56,82.7586%,5,24,29,0,0,5,24
0xa446ec,90.3846%,5,47,52,0,0,5,47
0x98ce81,58.3333%,5,7,12,0,0,5,7
0x48c536,90.7407%,5,49,54,49,5,0,0
0xa96005,80.7692%,5,21,26,21,5,0,0
0x4b833c,44.4444%,5,4,9,3,1,4,1
0x4807b8,73.6842%,5,14,19,14,5,0,0
0x557700,99.031%,5,511,516,0,0,5,511
0x9ec08a,50%,5,5,10,0,5,0,5
0x81a582,99.2089%,5,627,632,627,5,0,0
0x80bbf0,93.9024%,5,77,82,3,4,1,74
0x8df54e,37.5%,5,3,8,3,5,0,0
0x51b4c3,98.6523%,5,366,371,0,2,3,366
0x40bc29,95.1456%,5,98,103,0,0,5,98
0xa3fef8,72.2222%,5,13,18,1,5,0,12
0x816222,88.8889%,5,40,45,39,4,1,1
0x492fc0,85.2941%,5,29,34,29,5,0,0
0x4b5eb5,50%,5,5,10,1,5,0,4
0xaa8fe2,78.2609%,5,18,23,0,0,5,18
0x4bed95,79.1667%,5,19,24,19,0,5,0
0x59c66f,72.2222%,5,13,18,13,5,0,0
0xb47682,68.75%,5,11,16,11,5,0,0
0x505a23,99.2272%,5,642,647,0,0,5,642
0x48f02d,96.124%,5,124,129,0,0,5,124
0x611546,92.3077%,5,60,65,0,0,5,60
0x4b9ad4,37.5%,5,3,8,0,4,1,3
0x4bc30a,85.2941%,5,29,34,29,5,0,0
0x4be887,44.4444%,5,4,9,0,0,5,4
0x8eda48,96.0317%,5,121,126,121,5,0,0
0x4c02c0,90.1961%,5,46,51,8,5,0,38
0xa721e0,81.4815%,5,22,27,22,5,0,0
0x53ac0e,95.6522%,5,110,115,110,5,0,0
0x9ebd0a,92.0635%,5,58,63,0,0,5,58
0x983dc3,68.75%,5,11,16,11,5,0,0
0x48334c,82.7586%,5,24,29,24,5,0,0
0xa5cfc7,95.6522%,5,110,115,3,4,1,107
0x54d7f4,78.2609%,5,18,23,18,5,0,0
0x8f19ca,89.5833%,5,43,48,43,5,0,0
0x999f49,0%,5,0,5,0,4,1,0
0xa1a2b4,44.4444%,5,4,9,0,0,5,4
0x5408be,16.6667%,5,1,6,1,5,0,0
0x59bf85,90.566%,5,48,53,0,0,5,48
0x4b90c2,68.75%,5,11,16,4,3,2,7
0x555fe4,89.5833%,5,43,48,0,3,2,43
0x8e251f,95.4545%,5,105,110,2,0,5,103
0x59bfda,90.566%,5,48,53,48,5,0,0
0x8a956f,86.1111%,5,31,36,0,0,5,31
0x814e01,99.5375%,5,1076,1081,795,5,0,281
0xa3619b,96.4789%,5,137,142,0,0,5,137
0x590139,58.3333%,5,7,12,7,5,0,0
0xaae7a5,89.3617%,5,42,47,2,1,4,40
0x6476c0,88.8889%,5,40,45,0,0,5,40
0x8a6282,96.3235%,5,131,136,131,5,0,0
0x973e2e,58.3333%,5,7,12,0,0,5,7
0x80a546,98.227%,5,277,282,0,0,5,277
0x4bca80,16.6667%,5,1,6,0,2,3,1
0x4c2f9f,61.5385%,5,8,13,0,0,5,8
0x8fd786,66.6667%,5,10,15,0,0,5,10
0x4c26ad,61.5385%,5,8,13,0,0,5,8
0x82267a,98.9583%,5,475,480,475,5,0,0
0xa410a9,85.7143%,5,30,35,0,0,5,30
0x99ccef,72.2222%,5,13,18,0,0,5,13
0x4bc5cd,58.3333%,5,7,12,1,1,4,6
0x4c234a,68.75%,5,11,16,8,0,5,3
0x66f63f,80.7692%,5,21,26,21,2,3,0
0x8d39d9,50%,5,5,10,5,5,0,0
0x48d24f,16.6667%,5,1,6,1,5,0,0
0x9c4e0a,28.5714%,5,2,7,0,0,5,2
0x8d429a,54.5455%,5,6,11,6,5,0,0
0xa55621,98.7715%,5,402,407,402,5,0,0
0x9cfc7d,37.5%,5,3,8,0,0,5,3
0x502750,99.3271%,5,738,743,738,5,0,0
0x9fc935,28.5714%,5,2,7,0,0,5,2
0x5a02ab,0%,5,0,5,0,5,0,0
0x6709dc,73.6842%,5,14,19,14,5,0,0
0xa21044,16.6667%,5,1,6,0,5,0,1
0x7899bd,82.1429%,5,23,28,18,4,1,5
0xa35c96,99.5885%,5,1210,1215,0,0,5,1210
0x90c8e1,93.5897%,5,73,78,73,5,0,0
0x7911ef,77.2727%,5,17,22,17,5,0,0
0x4b5ea5,54.5455%,5,6,11,0,1,4,6
0x9c4e34,28.5714%,5,2,7,1,4,1,1
0x4ad964,0%,5,0,5,0,0,5,0
0x4c68b6,37.5%,5,3,8,0,0,5,3
0x7955dd,61.5385%,5,8,13,0,0,5,8
0x7942e4,68.75%,5,11,16,0,0,5,11
0xb346a2,93.9024%,5,77,82,77,5,0,0
0x50d5b4,99.5885%,5,1210,1215,0,0,5,1210
0x8bb75c,75%,5,15,20,5,5,0,10
0x8a6af2,16.6667%,5,1,6,0,5,0,1
0x58d8f0,97.6077%,5,204,209,0,0,5,204
0xa041c3,0%,5,0,5,0,4,1,0
0x5b2b5d,88.8889%,5,40,45,0,0,5,40
0x7829d3,73.6842%,5,14,19,0,0,5,14
0x8d40b5,54.5455%,5,6,11,6,5,0,0
0x8bdcbf,28.5714%,5,2,7,1,5,0,1
0x7d2098,28.5714%,5,2,7,2,5,0,0
0x441857,54.5455%,5,6,11,0,0,5,6
0x5467ef,28.5714%,5,2,7,0,5,0,2
0x7c7bd2,93.9759%,5,78,83,78,4,1,0
0x8d248f,94.0476%,5,79,84,0,0,5,79
0x5ebd7f,28.5714%,5,2,7,2,5,0,0
0x8341d2,96.0938%,5,123,128,0,4,1,123
0x8df508,44.4444%,5,4,9,1,0,5,3
0x9ed206,16.6667%,5,1,6,0,0,5,1
0x481e6b,44.4444%,5,4,9,4,5,0,0
0x945fdf,73.6842%,5,14,19,14,5,0,0
0x404f72,99.2837%,5,693,698,683,3,2,10
0x8d4243,54.5455%,5,6,11,6,5,0,0
0x9e2f4d,98.0989%,5,258,263,258,5,0,0
0xa1d4c3,0%,5,0,5,0,5,0,0
0x5ae23b,92.4242%,5,61,66,0,0,5,61
0x66f62a,91.5254%,5,54,59,0,0,5,54
0x50cb23,98.8426%,5,427,432,427,5,0,0
0x945ec7,73.6842%,5,14,19,14,5,0,0
0x48de3c,96.6887%,5,146,151,0,0,5,146
0xa662d8,81.4815%,5,22,27,22,4,1,0
0x5afead,76.1905%,5,16,21,0,0,5,16
0x5fa92c,83.3333%,5,25,30,0,0,5,25
0x4be78b,44.4444%,5,4,9,1,3,2,3
0x911679,97.5124%,5,196,201,196,5,0,0
0x98135d,93.75%,5,75,80,17,1,4,58
0x7869b5,58.3333%,5,7,12,6,0,5,1
0x5f0d61,98.2332%,5,278,283,278,5,0,0
0xa21242,58.3333%,5,7,12,4,0,5,3
0x543f5f,97.7064%,5,213,218,213,5,0,0
0x5b0161,76.1905%,5,16,21,16,5,0,0
0xa1ad25,0%,5,0,5,0,0,5,0
0x53e81b,96.8354%,5,153,158,153,1,4,0
0x54393f,61.5385%,5,8,13,0,0,5,8
0x78182e,16.6667%,5,1,6,0,0,5,1
0x502f98,94.8454%,5,92,97,0,0,5,92
0x48de9d,95.2381%,5,100,105,0,0,5,100
0x4c9741,79.1667%,5,19,24,9,5,0,10
0x593156,83.3333%,5,25,30,25,4,1,0
0x813072,99.409%,5,841,846,0,0,5,841
0x8d3e4e,66.6667%,5,10,15,0,0,5,10
0xa21282,58.3333%,5,7,12,3,5,0,4
0x54d29d,28.5714%,5,2,7,2,5,0,0
0x5f4379,28.5714%,5,2,7,0,5,0,2
0x5fae8a,84.8485%,5,28,33,0,0,5,28
0x8e216c,99.5864%,5,1204,1209,0,4,1,1204
0x4c5c52,37.5%,5,3,8,0,0,5,3
0x8d3f3d,61.5385%,5,8,13,0,0,5,8
0x4be85b,72.2222%,5,13,18,11,4,1,2
0x547377,91.8033%,5,56,61,0,0,5,56
0x8195d9,98.4802%,5,324,329,0,0,5,324
0x9be83c,58.3333%,5,7,12,7,5,0,0
0x5b34dc,0%,5,0,5,0,0,5,0
0xa50ada,64.2857%,5,9,14,0,0,5,9
0x4be4e1,28.5714%,5,2,7,0,0,5,2
0x94caca,87.5%,5,35,40,0,0,5,35
0x4bd17e,16.6667%,5,1,6,0,2,3,1
0x5a94b7,84.8485%,5,28,33,26,2,3,2
0x5f8d35,76.1905%,5,16,21,16,0,5,0
0x40a55e,91.6667%,5,55,60,54,4,1,1
0xa528b4,93.6709%,5,74,79,72,5,0,2
0x8d38eb,64.2857%,5,9,14,0,0,5,9
0x80f196,98.8688%,5,437,442,0,0,5,437
0x48d7db,95.3271%,5,102,107,0,0,5,102
0x9d1038,64.2857%,5,9,14,6,0,5,3
0x66f6dc,73.6842%,5,14,19,0,0,5,14
0x81e935,93.4211%,5,71,76,71,5,0,0
0xa6632d,81.4815%,5,22,27,15,3,2,7
0x59c61a,44.4444%,5,4,9,0,3,2,4
0xa9ba5d,54.5455%,5,6,11,2,5,0,4
0x983f9b,92.1875%,5,59,64,51,5,0,8
0x58be83,93.75%,4,60,64,0,0,4,60
0x5cd722,0%,4,0,4,0,0,4,0
0x918f6d,98%,4,196,200,196,2,2,0
0x58e8b2,42.8571%,4,3,7,3,3,1,0
0x4bae28,98.6842%,4,300,304,0,0,4,300
0x944668,83.3333%,4,20,24,20,4,0,0
0x790fc7,91.1111%,4,41,45,6,4,0,35
0x5dfe34,0%,4,0,4,0,4,0,0
0x50b8ca,90%,4,36,40,36,4,0,0
0x5dfd27,0%,4,0,4,0,0,4,0
0xa4730e,90.4762%,4,38,42,0,0,4,38
0x9052e7,97.0803%,4,133,137,0,0,4,133
0x5a5ed3,0%,4,0,4,0,0,4,0
0xa06010,63.6364%,4,7,11,7,4,0,0
0x666f27,0%,4,0,4,0,4,0,0
0x4c56a2,92.7273%,4,51,55,0,0,4,51
0xa42ee3,0%,4,0,4,0,4,0,0
0x95b87d,0%,4,0,4,0,0,4,0
0x80f956,89.1892%,4,33,37,33,2,2,0
0x9f2b05,20%,4,1,5,0,0,4,1
0x9fc972,77.7778%,4,14,18,14,4,0,0
0x504d50,66.6667%,4,8,12,0,2,2,8
0x9e0104,99.6276%,4,1070,1074,0,0,4,1070
0xa50b9f,75%,4,12,16,0,0,4,12
0xa64fd7,0%,4,0,4,0,0,4,0
0xa36146,94.4444%,4,68,72,0,2,2,68
0x8d977c,50%,4,4,8,4,4,0,0
0xaa7c6f,60%,4,6,10,6,4,0,0
0x9ea53d,96.2963%,4,104,108,104,4,0,0
0x9ea2d9,94.4444%,4,68,72,68,4,0,0
0x4ab4d7,87.0968%,4,27,31,27,4,0,0
0xaa63ea,84.6154%,4,22,26,0,0,4,22
0xa5b500,55.5556%,4,5,9,0,0,4,5
0x5386d8,99.5859%,4,962,966,0,0,4,962
0x4c9e7b,0%,4,0,4,0,0,4,0
0x973c25,66.6667%,4,8,12,1,1,3,7
0x5f92dc,89.1892%,4,33,37,33,4,0,0
0xa4c6ec,0%,4,0,4,0,4,0,0
0x81bccf,99.2322%,4,517,521,0,0,4,517
0x47fb41,78.9474%,4,15,19,1,0,4,14
0x5e786d,94.5205%,4,69,73,69,4,0,0
0x7d2dba,80%,4,16,20,3,3,1,13
0xa5a08a,42.8571%,4,3,7,1,3,1,2
0x5baf27,98.6301%,4,288,292,0,0,4,288
0xa9ba2f,63.6364%,4,7,11,0,0,4,7
0x9eaa53,99.7356%,4,1509,1513,0,2,2,1509
0x4bd18a,0%,4,0,4,0,0,4,0
0x512879,80%,4,16,20,16,4,0,0
0x7ac234,75%,4,12,16,6,4,0,6
0x7f367d,73.3333%,4,11,15,0,0,4,11
0xa69eb6,0%,4,0,4,0,0,4,0
0x94ee3d,86.6667%,4,26,30,0,0,4,26
0x535865,88.2353%,4,30,34,0,3,1,30
0x946172,78.9474%,4,15,19,0,0,4,15
0xa36e0a,81.8182%,4,18,22,0,0,4,18
0x9e58ef,86.6667%,4,26,30,0,0,4,26
0x819186,99.4845%,4,772,776,0,0,4,772
0x4c060f,90.4762%,4,38,42,0,0,4,38
0x98d037,66.6667%,4,8,12,0,0,4,8
0xa4a746,50%,4,4,8,4,2,2,0
0x542e76,97.3856%,4,149,153,0,0,4,149
0x49c819,77.7778%,4,14,18,0,0,4,14
0x4bcf8f,33.3333%,4,2,6,2,4,0,0
0x975061,50%,4,4,8,0,3,1,4
0x6707f9,33.3333%,4,2,6,2,4,0,0
0x441977,63.6364%,4,7,11,0,0,4,7
0x4419c6,63.6364%,4,7,11,0,0,4,7
0x9ea570,84.6154%,4,22,26,22,4,0,0
0xa964d1,0%,4,0,4,0,4,0,0
0xa9b902,33.3333%,4,2,6,0,0,4,2
0x4ab161,33.3333%,4,2,6,2,4,0,0
0x8d236a,20%,4,1,5,1,4,0,0
0x6106e1,84%,4,21,25,21,4,0,0
0x5df377,87.8788%,4,29,33,29,4,0,0
0x610a65,69.2308%,4,9,13,0,0,4,9
0x7b7c27,84%,4,21,25,21,4,0,0
0x8fdd5a,50%,4,4,8,4,4,0,0
0x805572,95.5056%,4,85,89,85,1,3,0
0x81c510,81.8182%,4,18,22,18,4,0,0
0x9f4bb1,0%,4,0,4,0,0,4,0
0xa4cf1e,71.4286%,4,10,14,2,4,0,8
0x9eb048,96.3303%,4,105,109,105,4,0,0
0x9ead83,96.3303%,4,105,109,105,4,0,0
0x837a26,80%,4,16,20,0,0,4,16
0xa4ce1e,0%,4,0,4,0,0,4,0
0x81980b,88.2353%,4,30,34,0,0,4,30
0x5b2b47,91.1111%,4,41,45,0,0,4,41
0xaa806c,99.2439%,4,525,529,0,0,4,525
0x5561c9,98.3871%,4,244,248,244,4,0,0
0xa63b02,0%,4,0,4,0,0,4,0
0xa92c38,50%,4,4,8,4,4,0,0
0x5f8d49,20%,4,1,5,1,3,1,0
0x63fbcb,99.5838%,4,957,961,0,0,4,957
0x95c500,66.6667%,4,8,12,0,0,4,8
0x9d3786,92.7273%,4,51,55,47,4,0,4
0x8ed304,33.3333%,4,2,6,0,0,4,2
0x94ed6b,86.6667%,4,26,30,0,0,4,26
0x97b9ac,95.1807%,4,79,83,79,4,0,0
0x4b6c3b,55.5556%,4,5,9,5,4,0,0
0x49d7ca,95.6989%,4,89,93,89,4,0,0
0xa47489,90.4762%,4,38,42,38,4,0,0
0xa95fbd,50%,4,4,8,0,0,4,4
0x8dd0d9,0%,4,0,4,0,0,4,0
0x494fd4,33.3333%,4,2,6,0,4,0,2
0xa5c3f2,94.8052%,4,73,77,0,0,4,73
0x4ca091,99.5704%,4,927,931,927,2,2,0
0x5b39f1,0%,4,0,4,0,0,4,0
0x9bd4fb,0%,4,0,4,0,4,0,0
0x6472f0,20%,4,1,5,0,0,4,1
0x552b45,84.6154%,4,22,26,0,0,4,22
0xa5b187,63.6364%,4,7,11,0,0,4,7
0x5d453a,77.7778%,4,14,18,10,4,0,4
0x5da2cb,0%,4,0,4,0,4,0,0
0x9e218d,42.8571%,4,3,7,3,4,0,0
0xa31f3c,88.8889%,4,32,36,0,0,4,32
0x9850ee,0%,4,0,4,0,4,0,0
0x64f206,76.4706%,4,13,17,0,0,4,13
0x9ea6ff,95.8763%,4,93,97,0,0,4,93
0xa18b6e,80%,4,16,20,16,4,0,0
0x973b44,60%,4,6,10,0,0,4,6
0x48ebec,66.6667%,4,8,12,8,4,0,0
0x4bba4e,92.8571%,4,52,56,0,0,4,52
0x8df1a3,97.8947%,4,186,190,0,0,4,186
0xa9d2b0,75%,4,12,16,1,3,1,11
0x5f890d,50%,4,4,8,0,0,4,4
0x4a9c73,87.5%,4,28,32,0,1,3,28
0x99cf4a,55.5556%,4,5,9,0,0,4,5
0x54d464,33.3333%,4,2,6,0,0,4,2
0xa96aa9,55.5556%,4,5,9,0,0,4,5
0xa97742,0%,4,0,4,0,0,4,0
0x4a7cbd,93.1034%,4,54,58,54,4,0,0
0x9fbb69,98.6928%,4,302,306,0,0,4,302
0xa8fb15,97.6471%,4,166,170,0,0,4,166
0xa584a1,60%,4,6,10,0,0,4,6
0x9f3a1b,50%,4,4,8,3,1,3,1
0xa4c7aa,0%,4,0,4,0,4,0,0
0x7840d5,50%,4,4,8,0,0,4,4
0xa60c61,98.3122%,4,233,237,0,0,4,233
0x8dd0e2,0%,4,0,4,0,0,4,0
0x9a274d,73.3333%,4,11,15,0,0,4,11
0x803fe6,88.2353%,4,30,34,17,0,4,13
0xa902df,89.4737%,4,34,38,34,4,0,0
0xaa111d,88.8889%,4,32,36,32,4,0,0
0x490cd6,55.5556%,4,5,9,0,0,4,5
0x9bdcf5,95.1807%,4,79,83,0,0,4,79
0x8ed54f,66.6667%,4,8,12,0,2,2,8
0x4b5f39,50%,4,4,8,0,4,0,4
0x490c2c,84.6154%,4,22,26,0,0,4,22
0xa28602,33.3333%,4,2,6,0,4,0,2
0x814cfd,99.5283%,4,844,848,844,2,2,0
0x9a1dc3,73.3333%,4,11,15,0,0,4,11
0x50b351,90%,4,36,40,36,4,0,0
0x9d0ef1,98.513%,4,265,269,0,0,4,265
0x9bd4be,0%,4,0,4,0,4,0,0
0x4bb6ca,98.0861%,4,205,209,0,0,4,205
0x508e34,88.2353%,4,30,34,30,4,0,0
0x48c102,95.3488%,4,82,86,82,4,0,0
0x4acfb9,0%,4,0,4,0,4,0,0
0x47fcba,78.9474%,4,15,19,15,4,0,0
0x9442aa,99.115%,4,448,452,0,0,4,448
0x8e020d,99.0123%,4,401,405,398,3,1,3
0x540c4a,98.6348%,4,289,293,0,0,4,289
0x8a65dd,76.4706%,4,13,17,13,4,0,0
0x9a24b2,0%,4,0,4,0,4,0,0
0x5f8ac4,0%,4,0,4,0,4,0,0
0xa55856,33.3333%,4,2,6,0,2,2,2
0xa9662b,50%,4,4,8,4,4,0,0
0x7d27ed,0%,4,0,4,0,0,4,0
0x481b04,77.7778%,4,14,18,14,4,0,0
0xa47c35,89.7436%,4,35,39,0,0,4,35
0x495fbe,92.7273%,4,51,55,2,3,1,49
0xb0a048,99.2793%,4,551,555,0,0,4,551
0x8ee602,90.4762%,4,38,42,38,4,0,0
0x48fc57,0%,4,0,4,0,0,4,0
0x593214,71.4286%,4,10,14,0,0,4,10
0xa01de3,60%,4,6,10,4,2,2,2
0x9f36e6,0%,4,0,4,0,0,4,0
0x53f15c,0%,4,0,4,0,0,4,0
0x4b4a81,98.9218%,4,367,371,0,2,2,367
0x50e3e4,92.4528%,4,49,53,2,2,2,47
0x959045,93.3333%,4,56,60,0,0,4,56
0x9e5c00,88.5714%,4,31,35,0,0,4,31
0x4c8092,81.8182%,4,18,22,0,0,4,18
0xa15ca6,71.4286%,4,10,14,7,0,4,3
0x4c8078,81.8182%,4,18,22,0,0,4,18
0x7817ed,0%,4,0,4,0,0,4,0
0x7d29d9,20%,4,1,5,0,0,4,1
0x53e854,50%,4,4,8,0,4,0,4
0xa27a78,60%,4,6,10,2,2,2,4
0x723653,99.7234%,4,1442,1446,0,0,4,1442
0xa2780b,50%,4,4,8,0,0,4,4
0x8f5fb0,90%,4,36,40,0,0,4,36
0xa41fdb,98.6159%,4,285,289,285,4,0,0
0x8f768c,0%,4,0,4,0,4,0,0
0xa01c9a,42.8571%,4,3,7,0,4,0,3
0x8f2bd2,94.1176%,4,64,68,0,0,4,64
0x8f2bf9,96.0784%,4,98,102,98,4,0,0
0x47fb5b,78.9474%,4,15,19,15,4,0,0
0x50ca9b,80%,4,16,20,0,0,4,16
0xa4fe86,0%,4,0,4,0,0,4,0
0x8f123c,90%,4,36,40,0,0,4,36
0x60de4d,95.0617%,4,77,81,54,1,3,23
0x973ebd,88.8889%,4,32,36,0,0,4,32
0xa47c26,90.4762%,4,38,42,0,3,1,38
0x7b0551,0%,4,0,4,0,1,3,0
0x49a3a4,60%,4,6,10,2,2,2,4
0x81f3e3,99.1803%,4,484,488,0,0,4,484
0xa08796,50%,4,4,8,0,0,4,4
0x4a95a8,60%,4,6,10,0,0,4,6
0x88e0b0,33.3333%,4,2,6,2,4,0,0
0xa2775c,0%,4,0,4,0,0,4,0
0xa55227,50%,4,4,8,2,2,2,2
0xa55108,50%,4,4,8,2,4,0,2
0x50cee7,96.7742%,4,120,124,120,4,0,0
0x4bb0e6,99.2674%,4,542,546,542,4,0,0
0x63c7ef,99.5838%,4,957,961,957,4,0,0
0xa2cc24,99.1361%,4,459,463,0,0,4,459
0x973208,90%,4,36,40,0,0,4,36
0xaa2848,90.6977%,4,39,43,0,0,4,39
0x5bc170,99.7147%,4,1398,1402,0,0,4,1398
0x4a1eb3,91.6667%,4,44,48,44,4,0,0
0x58e3b9,90%,4,36,40,0,0,4,36
0x48e430,97.351%,4,147,151,0,0,4,147
0xa4a18e,96.1538%,4,100,104,0,0,4,100
0x7cc1ec,66.6667%,4,8,12,0,0,4,8
0x94ce40,91.4894%,4,43,47,43,4,0,0
0x5f929a,95%,4,76,80,0,0,4,76
0x96b210,87.5%,4,28,32,0,0,4,28
0x49bf16,33.3333%,4,2,6,0,0,4,2
0x64b557,92.3077%,4,48,52,48,4,0,0
0x7ad44b,78.9474%,4,15,19,15,4,0,0
0x9eb56c,93.6508%,4,59,63,0,0,4,59
0x951013,98.1132%,4,208,212,0,1,3,208
0x5cb113,99.5327%,4,852,856,850,3,1,2
0x58f96c,80.9524%,4,17,21,17,4,0,0
0x5937c6,78.9474%,4,15,19,0,0,4,15
0x9f3b8b,76.4706%,4,13,17,0,0,4,13
0x901867,98.4375%,4,252,256,0,0,4,252
0xa588e4,96.1538%,4,100,104,0,0,4,100
0x8138c0,96.5217%,4,111,115,0,0,4,111
0x88e05e,33.3333%,4,2,6,0,0,4,2
0x4b5f99,0%,4,0,4,0,0,4,0
0x47ff7c,78.9474%,4,15,19,0,0,4,15
0x4a988e,88.2353%,4,30,34,0,0,4,30
0xa5ec20,98.5714%,4,276,280,0,0,4,276
0xa5ee74,85.7143%,4,24,28,24,4,0,0
0x6097b5,95.1807%,4,79,83,0,0,4,79
0x80d4d0,80%,4,16,20,0,0,4,16
0x4c6797,71.4286%,4,10,14,0,0,4,10
0xa2d710,95.2941%,4,81,85,81,4,0,0
0xa58552,93.2203%,4,55,59,0,0,4,55
0x4c61e8,89.1892%,4,33,37,33,4,0,0
0x805e38,50%,4,4,8,2,2,2,2
0x548ad3,50%,4,4,8,2,2,2,2
0x8df61a,85.1852%,4,23,27,0,4,0,23
0x40ed9e,50%,4,4,8,0,0,4,4
0xb1c3a8,96.0784%,4,98,102,0,0,4,98
0x94a9a8,95%,4,76,80,76,4,0,0
0x50738f,63.6364%,4,7,11,0,0,4,7
0xa3ad25,0%,4,0,4,0,4,0,0
0x7d2b6c,69.2308%,4,9,13,0,0,4,9
0xa9ec3b,0%,4,0,4,0,4,0,0
0xa58d28,95.8333%,4,92,96,0,0,4,92
0x973781,90%,4,36,40,36,4,0,0
0xa27689,99.6853%,4,1267,1271,1267,4,0,0
0x9e727e,98.4%,4,246,250,0,0,4,246
0x538fb3,81.8182%,4,18,22,7,4,0,11
0x4c667b,85.7143%,4,24,28,0,0,4,24
0xa4bbae,71.4286%,4,10,14,10,4,0,0
0x60aedb,92%,4,46,50,46,4,0,0
0x808957,87.8788%,4,29,33,1,1,3,28
0x7c7f2d,0%,4,0,4,0,0,4,0
0x5bb462,96.6387%,4,115,119,115,4,0,0
0x40ec1a,99.2308%,4,516,520,0,0,4,516
0x4a835c,82.6087%,4,19,23,19,4,0,0
0x4857ff,73.3333%,4,11,15,11,4,0,0
0x53b9d7,71.4286%,4,10,14,10,4,0,0
0x817440,95.4023%,4,83,87,0,2,2,83
0xa5936c,85.7143%,4,24,28,24,4,0,0
0x8dc39a,0%,4,0,4,0,0,4,0
0x972d89,33.3333%,4,2,6,0,0,4,2
0x47ffb6,78.9474%,4,15,19,0,0,4,15
0xa48ac8,97.6048%,4,163,167,0,0,4,163
0x5f18d9,42.8571%,4,3,7,3,2,2,0
0x83761d,92.4528%,4,49,53,41,1,3,8
0x63b644,99.6937%,4,1302,1306,1302,4,0,0
0x5a9505,20%,4,1,5,1,4,0,0
0xa095f2,20%,4,1,5,0,1,3,1
0x5cf34b,0%,4,0,4,0,4,0,0
0x53b96d,96.9697%,4,128,132,0,0,4,128
0xaae7b2,90.9091%,4,40,44,40,4,0,0
0x94c936,93.75%,4,60,64,0,0,4,60
0x5f3d27,0%,4,0,4,0,4,0,0
0x5d0fc8,80%,4,16,20,16,4,0,0
0x4bca89,0%,4,0,4,0,4,0,0
0x4bc302,88.2353%,4,30,34,0,0,4,30
0xa94ced,0%,4,0,4,0,4,0,0
0x9e1a4b,75%,4,12,16,0,2,2,12
0x53588a,83.3333%,4,20,24,4,1,3,16
0x4876b6,73.3333%,4,11,15,11,1,3,0
0x4bc99f,66.6667%,4,8,12,0,0,4,8
0x4aaa77,92.3077%,4,48,52,0,0,4,48
0xa4f76c,77.7778%,4,14,18,14,4,0,0
0xa4f79b,77.7778%,4,14,18,0,0,4,14
0x60b4e3,97.7901%,4,177,181,0,0,4,177
0x818e45,92.1569%,4,47,51,0,3,1,47
0x4c43be,89.1892%,4,33,37,33,4,0,0
0x9e1a7b,75%,4,12,16,2,4,0,10
0x77d894,33.3333%,4,2,6,0,4,0,2
0x9a6a9a,71.4286%,4,10,14,0,1,3,10
0x7d20fa,97.6744%,4,168,172,132,4,0,36
0x60700b,98.6348%,4,289,293,0,0,4,289
0x63aacd,99.5128%,4,817,821,817,4,0,0
0x5f92b4,93.4426%,4,57,61,0,0,4,57
0x8ebee6,50%,4,4,8,3,3,1,1
0xa530ed,97.9167%,4,188,192,0,0,4,188
0xa5b0be,63.6364%,4,7,11,0,2,2,7
0x9bdbd7,0%,4,0,4,0,4,0,0
0x8e3664,50%,4,4,8,4,2,2,0
0x5f9123,60%,4,6,10,0,1,3,6
0x4a6cad,95.9596%,4,95,99,0,0,4,95
0x8deaeb,98%,4,196,200,0,0,4,196
0x9e840b,95.6522%,4,88,92,0,4,0,88
0xa42126,98.7616%,4,319,323,319,4,0,0
0x94e0ea,42.8571%,4,3,7,0,0,4,3
0x9a7cc4,66.6667%,4,8,12,8,4,0,0
0x63af1c,99.5128%,4,817,821,817,4,0,0
0x902512,98.01%,4,197,201,0,0,4,197
0x49492e,96.748%,4,119,123,0,0,4,119
0xa5aecc,42.8571%,4,3,7,1,4,0,2
0x60b63c,98.3871%,4,244,248,244,4,0,0
0xa29843,0%,4,0,4,0,4,0,0
0x5de6e9,99.5062%,4,806,810,806,4,0,0
0x9c5159,50%,4,4,8,4,0,4,0
0x5d3043,0%,4,0,4,0,4,0,0
0xa4ffb3,78.9474%,4,15,19,0,0,4,15
0x5d148b,0%,4,0,4,0,4,0,0
0xa03ab8,0%,4,0,4,0,4,0,0
0x9776a0,99.7582%,4,1650,1654,0,0,4,1650
0xa5d1e5,83.3333%,4,20,24,0,0,4,20
0x9e7e99,0%,4,0,4,0,0,4,0
0x627da4,82.6087%,4,19,23,0,0,4,19
0x59f8dc,0%,4,0,4,0,4,0,0
0x808f22,76.4706%,4,13,17,0,0,4,13
0x9f4768,50%,4,4,8,4,4,0,0
0x9fe91f,89.1892%,4,33,37,33,4,0,0
0x53f31b,99.0676%,4,425,429,0,0,4,425
0x99affd,90%,4,36,40,0,0,4,36
0x5f1d8c,42.8571%,4,3,7,3,4,0,0
0x8ea453,75%,4,12,16,0,0,4,12
0x47f82a,78.9474%,4,15,19,15,4,0,0
0xa02f8a,94.1176%,4,64,68,0,0,4,64
0x7d27d2,95.9184%,4,94,98,94,0,4,0
0xa4eed3,81.8182%,4,18,22,0,0,4,18
0x5b2634,91.1111%,4,41,45,0,0,4,41
0x4b5823,98.5185%,4,266,270,0,0,4,266
0x509c29,92%,4,46,50,46,1,3,0
0x7be0ce,0%,4,0,4,0,0,4,0
0x8eb11b,33.3333%,4,2,6,2,4,0,0
0x48980f,66.6667%,4,8,12,8,4,0,0
0x9fe7fa,89.1892%,4,33,37,33,4,0,0
0x58bf1d,94.9367%,4,75,79,75,4,0,0
0xa5f29e,0%,4,0,4,0,0,4,0
0x4c70b8,84%,4,21,25,7,0,4,14
0x606dcc,50%,4,4,8,4,4,0,0
0x7d1eeb,0%,4,0,4,0,0,4,0
0x9fcf9f,77.7778%,4,14,18,14,4,0,0
0xa26bd1,33.3333%,4,2,6,0,2,2,2
0x7c7afa,83.3333%,4,20,24,0,0,4,20
0x64ce1b,99.0888%,4,435,439,435,4,0,0
0x9988d7,33.3333%,4,2,6,2,1,3,0
0x9f622d,90.9091%,4,40,44,0,0,4,40
0x9a3417,92.8571%,4,52,56,52,4,0,0
0x9082a1,99.8138%,4,2144,2148,0,0,4,2144
0x9fc593,71.4286%,4,10,14,0,0,4,10
0x9ecbed,0%,4,0,4,0,4,0,0
0xa59f5b,60%,4,6,10,6,1,3,0
0x99eb73,69.2308%,4,9,13,9,4,0,0
0x99eb15,69.2308%,4,9,13,0,0,4,9
0x980d70,91.4894%,4,43,47,0,0,4,43
0x99b04f,60%,4,6,10,6,4,0,0
0x4a5be7,92.7273%,4,51,55,0,0,4,51
0x48ef0a,50%,4,4,8,0,0,4,4
0xa928a1,33.3333%,4,2,6,2,4,0,0
0x48e9d8,99.5175%,4,825,829,0,0,4,825
0xa51fa1,50%,4,4,8,4,2,2,0
0x9841e2,66.6667%,4,8,12,0,0,4,8
0x7d2c17,99.3517%,4,613,617,263,3,1,350
0x40ab78,33.3333%,4,2,6,2,3,1,0
0x9f3e4b,97.4843%,4,155,159,155,4,0,0
0x4aafb0,63.6364%,4,7,11,6,4,0,1
0x50a07d,97.0588%,4,132,136,0,0,4,132
0x90c1fc,99.5249%,4,838,842,0,0,4,838
0x4b9f08,98.8372%,4,340,344,0,0,4,340
0x4b9e22,98.9305%,4,370,374,0,0,4,370
0xa535c2,50%,4,4,8,0,0,4,4
0xa26ce8,0%,4,0,4,0,0,4,0
0x5d06af,96.3636%,4,106,110,106,4,0,0
0x4bfec1,87.8788%,4,29,33,29,1,3,0
0x4bfe44,88.2353%,4,30,34,30,4,0,0
0xb22bb4,99.7859%,4,1864,1868,0,0,4,1864
0xa510c0,0%,4,0,4,0,0,4,0
0x843642,0%,4,0,4,0,4,0,0
0xa536ac,50%,4,4,8,0,2,2,4
0x543754,88.2353%,4,30,34,0,0,4,30
0xa5422d,96.1538%,4,100,104,0,0,4,100
0x9aa1ef,89.1892%,4,33,37,0,0,4,33
0x8ef4eb,55.5556%,4,5,9,5,4,0,0
0x5108fd,98.7768%,4,323,327,0,0,4,323
0x81fcea,71.4286%,4,10,14,0,0,4,10
0x558d16,94.6667%,4,71,75,0,0,4,71
0x8ef1de,99.1131%,4,447,451,0,0,4,447
0xa56625,99.2248%,4,512,516,0,0,4,512
0x7ba328,0%,4,0,4,0,4,0,0
0xa03ab0,93.5484%,4,58,62,58,0,4,0
0x81ed38,99.7498%,4,1595,1599,0,0,4,1595
0x50b537,0%,4,0,4,0,4,0,0
0xa9f19e,78.9474%,4,15,19,15,4,0,0
0x80382d,94.6667%,4,71,75,71,2,2,0
0x4ad929,0%,4,0,4,0,4,0,0
0xa53f03,98.1308%,4,210,214,106,1,3,104
0x99bb8e,80%,4,16,20,16,4,0,0
0x5f4227,42.8571%,4,3,7,0,0,4,3
0xa02a90,66.6667%,4,8,12,0,0,4,8
0x65c67d,0%,4,0,4,0,0,4,0
0x8dc453,0%,4,0,4,0,4,0,0
0x5cd473,94.0299%,4,63,67,63,4,0,0
0x80ae9b,87.8788%,4,29,33,0,0,4,29
0x820a90,50%,4,4,8,4,4,0,0
0x9116e1,97.6608%,4,167,171,0,0,4,167
0x789478,55.5556%,4,5,9,1,0,4,4
0xa29221,75%,4,12,16,0,0,4,12
0x4b755d,63.6364%,4,7,11,7,4,0,0
0x50885d,63.6364%,4,7,11,0,0,4,7
0x540a94,66.6667%,4,8,12,8,4,0,0
0xaa80cd,99.2439%,4,525,529,525,4,0,0
0x9f3ef1,97.4843%,4,155,159,155,4,0,0
0xa900b7,98.6486%,4,292,296,0,0,4,292
0x49eb14,82.6087%,4,19,23,0,0,4,19
0x50b4c1,0%,4,0,4,0,4,0,0
0xa6b458,0%,4,0,4,0,0,4,0
0xa58719,0%,4,0,4,0,0,4,0
0x7c9b21,0%,4,0,4,0,0,4,0
0x96ad5c,42.8571%,4,3,7,0,0,4,3
0x9ec443,33.3333%,4,2,6,2,1,3,0
0x8d38e2,75%,4,12,16,0,2,2,12
0x5f3e0f,0%,4,0,4,0,0,4,0
0x80f737,94.4444%,4,68,72,66,4,0,2
0x63a857,98%,4,196,200,196,4,0,0
0x50b488,0%,4,0,4,0,4,0,0
0x8ef52c,55.5556%,4,5,9,5,4,0,0
0xa54923,88.5714%,4,31,35,31,4,0,0
0xa3481c,99.6918%,4,1294,1298,0,0,4,1294
0x8049ac,94.6667%,4,71,75,71,2,2,0
0x9f2183,60%,4,6,10,6,4,0,0
0x975148,78.9474%,4,15,19,0,0,4,15
0x81b41f,63.6364%,4,7,11,0,0,4,7
0x50acca,55.5556%,4,5,9,0,0,4,5
0xb0a149,98.8406%,4,341,345,0,0,4,341
0x8a6260,98.0296%,4,199,203,0,0,4,199
0x8db92e,75%,4,12,16,12,4,0,0
0x5111f8,99.455%,4,730,734,730,4,0,0
0xa9dec1,90.2439%,4,37,41,0,0,4,37
0x80c374,88.2353%,4,30,34,0,0,4,30
0x405053,80.9524%,4,17,21,0,0,4,17
0x8eca90,63.6364%,4,7,11,0,0,4,7
0x7ad519,84.6154%,4,22,26,0,0,4,22
0x804c67,76.4706%,4,13,17,0,0,4,13
0x4b3922,0%,4,0,4,0,4,0,0
0x816271,91.1111%,4,41,45,41,2,2,0
0x8a675d,55.5556%,4,5,9,3,1,3,2
0x8ea3e8,99.6735%,4,1221,1225,1221,4,0,0
0xa4e962,97.5%,4,156,160,20,2,2,136
0x542376,98.1735%,4,215,219,0,0,4,215
0x9be6be,83.3333%,4,20,24,8,4,0,12
0x47fa47,78.9474%,4,15,19,15,4,0,0
0xa4a9a8,96.1538%,4,100,104,0,0,4,100
0x606d3a,50%,4,4,8,0,0,4,4
0xa46b14,77.7778%,4,14,18,14,4,0,0
0x814959,98.7879%,4,326,330,0,0,4,326
0x44196e,63.6364%,4,7,11,0,0,4,7
0xa9dec9,90.2439%,4,37,41,37,3,1,0
0xa52cef,98.8981%,4,359,363,359,4,0,0
0xa53069,50%,4,4,8,0,0,4,4
0x4b836f,55.5556%,4,5,9,1,0,4,4
0x901fab,99.9147%,4,4688,4692,0,0,4,4688
0x9782ab,78.9474%,4,15,19,0,0,4,15
0x9a9135,71.4286%,4,10,14,0,0,4,10
0x814315,99.7447%,4,1563,1567,0,0,4,1563
0x8d285a,76.4706%,4,13,17,0,0,4,13
0x4b9e19,99.558%,4,901,905,901,0,4,0
0x9f1291,60%,4,6,10,6,4,0,0
0xa4d5eb,97.5%,4,156,160,156,4,0,0
0xa098ec,69.2308%,4,9,13,9,4,0,0
0x8df8c9,0%,4,0,4,0,0,4,0
0x48f8e4,81.8182%,4,18,22,6,0,4,12
0x40aa47,85.7143%,4,24,28,0,2,2,24
0x4bdfad,69.2308%,4,9,13,0,2,2,9
0x8ea18f,99.8383%,4,2470,2474,0,0,4,2470
0x98cae5,98.2301%,4,222,226,0,0,4,222
0xa3640f,42.8571%,4,3,7,0,0,4,3
0x81e56b,60%,4,6,10,0,2,2,6
0xa18a81,90.6977%,4,39,43,39,4,0,0
0x8bcdc2,99.9809%,4,20914,20918,20914,4,0,0
0xa512a9,75%,4,12,16,0,4,0,12
0xa06e33,0%,4,0,4,0,4,0,0
0xa55aac,0%,4,0,4,0,0,4,0
0x8eda76,96.8254%,4,122,126,122,4,0,0
0x5bba6c,99.7147%,4,1398,1402,0,0,4,1398
0x80622f,98.2609%,4,226,230,226,2,2,0
0xb303c9,20%,4,1,5,1,4,0,0
0xa30b67,98.0676%,4,203,207,0,0,4,203
0xa52341,95.7895%,4,91,95,0,0,4,91
0x65c6c1,0%,4,0,4,0,0,4,0
0x8eda9a,96.8254%,4,122,126,122,4,0,0
0x9ead45,97.7901%,4,177,181,177,4,0,0
0xaac977,80.9524%,4,17,21,17,4,0,0
0xa35d90,99.1071%,4,444,448,0,0,4,444
0x4bc101,73.3333%,4,11,15,0,0,4,11
0x8ea6af,0%,4,0,4,0,4,0,0
0x8046e7,92.5926%,4,50,54,0,0,4,50
0xa34020,98.6667%,4,296,300,0,0,4,296
0x40f734,0%,4,0,4,0,4,0,0
0x8fd230,0%,4,0,4,0,2,2,0
0x8e4881,99.7613%,4,1672,1676,0,0,4,1672
0xa90fc5,97.9487%,4,191,195,0,0,4,191
0x608571,60%,4,6,10,0,0,4,6
0x4b5e8f,63.6364%,4,7,11,0,0,4,7
0x6674a0,92.1569%,4,47,51,47,4,0,0
0x4c9738,84.6154%,4,22,26,0,2,2,22
0xa39a59,78.9474%,4,15,19,0,0,4,15
0x7c719b,90.9091%,4,40,44,0,0,4,40
0x81e5b4,66.6667%,4,8,12,2,2,2,6
0x4c0733,95.3488%,4,82,86,0,0,4,82
0xa51e54,89.7436%,4,35,39,0,0,4,35
0x805f08,91.4894%,4,43,47,0,0,4,43
0x942aea,50%,4,4,8,4,0,4,0
0x5f7763,0%,4,0,4,0,4,0,0
0x5f1fb2,88.8889%,4,32,36,32,1,3,0
0x610b6d,98.8338%,4,339,343,0,0,4,339
0x4c6fe9,87.8788%,4,29,33,0,0,4,29
0xa4bb15,0%,4,0,4,0,0,4,0
0x590868,98.556%,4,273,277,0,0,4,273
0x554f00,97.1831%,4,138,142,0,0,4,138
0x5f209d,87.8788%,4,29,33,29,4,0,0
0x5dce35,96.9925%,4,129,133,129,4,0,0
0xa9847c,0%,4,0,4,0,4,0,0
0x606ead,60%,4,6,10,3,4,0,3
0x5db5b2,0%,4,0,4,0,4,0,0
0x95b342,0%,4,0,4,0,0,4,0
0x63eaca,89.1892%,4,33,37,0,0,4,33
0xa2ab00,95.122%,4,78,82,78,4,0,0
0x908764,99.8613%,4,2879,2883,1918,4,0,961
0x5f2187,88.8889%,4,32,36,32,4,0,0
0x5bbaba,33.3333%,4,2,6,0,0,4,2
0x9be5ea,60%,4,6,10,0,0,4,6
0x551093,33.3333%,4,2,6,2,4,0,0
0x9e8bad,97.2414%,4,141,145,141,4,0,0
0xa91a5a,0%,4,0,4,0,0,4,0
0xa5290b,97.8723%,4,184,188,184,4,0,0
0x9f6c80,60%,4,6,10,0,0,4,6
0x402509,97.561%,4,160,164,0,0,4,160
0x9498fa,92.4528%,4,49,53,0,0,4,49
0xa5b23e,66.6667%,4,8,12,8,4,0,0
0x7cf742,71.4286%,4,10,14,10,4,0,0
0xa3e1a6,50%,4,4,8,0,0,4,4
0x65c1cd,99.115%,4,448,452,448,4,0,0
0xb3aaf4,99.8581%,4,2814,2818,0,1,3,2814
0xa42ea1,0%,4,0,4,0,0,4,0
0x5b04c7,94.0299%,4,63,67,3,1,3,60
0x81f6a3,91.3043%,4,42,46,42,0,4,0
0x557a13,98.1818%,4,216,220,216,4,0,0
0x9e58b8,86.6667%,4,26,30,0,0,4,26
0xa3ac31,0%,4,0,4,0,4,0,0
0x4b8b28,0%,4,0,4,0,4,0,0
0x65b0e3,69.2308%,4,9,13,9,4,0,0
0x49b10e,94.3662%,4,67,71,67,2,2,0
0x983da0,97.1014%,4,134,138,0,0,4,134
0x9d37cf,92.1569%,4,47,51,47,4,0,0
0x555bfa,89.4737%,4,34,38,34,4,0,0
0x5afeb2,80.9524%,4,17,21,0,0,4,17
0x555b85,89.4737%,4,34,38,0,0,4,34
0x94b859,99.2908%,4,560,564,1,3,1,559
0x40a30a,95.6044%,4,87,91,0,0,4,87
0x8d3d83,87.0968%,4,27,31,0,0,4,27
0xa32c91,95.7895%,4,91,95,0,0,4,91
0x5f3944,42.8571%,4,3,7,0,0,4,3
0x8d41b3,98.3806%,4,243,247,8,3,1,235
0x50b2dd,0%,4,0,4,0,0,4,0
0x50b271,0%,4,0,4,0,4,0,0
0x48201f,0%,4,0,4,0,0,4,0
0x811a67,99.5255%,4,839,843,839,4,0,0
0x9e53c2,86.6667%,4,26,30,0,0,4,26
0xa430d9,0%,4,0,4,0,0,4,0
0x55476d,93.6508%,4,59,63,0,0,4,59
0x8de8c3,98%,4,196,200,196,4,0,0
0xa4fcd1,0%,4,0,4,0,0,4,0
0x4bf75f,0%,4,0,4,0,4,0,0
0x9f2947,99.3007%,4,568,572,568,4,0,0
0x48f93e,60%,4,6,10,0,1,3,6
0xb17a0f,99.4406%,4,711,715,711,4,0,0
0xa92897,33.3333%,4,2,6,0,0,4,2
0x5f8692,97.6048%,4,163,167,0,0,4,163
0xa4d345,88.8889%,4,32,36,0,0,4,32
0x5107bd,63.6364%,4,7,11,7,4,0,0
0x972795,98.4848%,4,260,264,0,0,4,260
0x50e4ce,71.4286%,4,10,14,4,0,4,6
0xa9160b,0%,4,0,4,0,4,0,0
0x80427f,20%,4,1,5,0,4,0,1
0x50b3f8,50%,4,4,8,0,4,0,4
0x4a85e0,82.6087%,4,19,23,19,4,0,0
0xa64fdc,0%,4,0,4,0,4,0,0
0x8ef054,95.2381%,4,80,84,0,0,4,80
0xa4d5b7,97.5%,4,156,160,156,4,0,0
0x8ed108,33.3333%,4,2,6,0,0,4,2
0x80442a,33.3333%,4,2,6,0,4,0,2
0x80441c,33.3333%,4,2,6,0,0,4,2
0x4b87b7,63.6364%,4,7,11,0,0,4,7
0x4093c8,97.0803%,4,133,137,133,2,2,0
0x65a374,99.7922%,4,1921,1925,0,0,4,1921
0xaa1200,92.5926%,4,50,54,0,0,4,50
0x9a979d,86.6667%,4,26,30,0,0,4,26
0x81520a,55.5556%,4,5,9,5,4,0,0
0x5ffe39,96.8992%,4,125,129,125,4,0,0
0x555a2a,93.6508%,4,59,63,6,2,2,53
0x8068d4,83.3333%,4,20,24,20,4,0,0
0x8e4b95,97.7528%,4,174,178,174,4,0,0
0x81b955,98.7382%,4,313,317,313,4,0,0
0x58dc46,33.3333%,4,2,6,0,0,4,2
0x9a3267,94.6667%,4,71,75,4,3,1,67
0x670a22,78.9474%,4,15,19,0,0,4,15
0xa478e6,81.8182%,4,18,22,5,3,1,13
0x9ebaea,98.9583%,4,380,384,0,0,4,380
0x5ec56f,90%,4,36,40,0,0,4,36
0x8ea069,96.4602%,4,109,113,107,3,1,2
0x959cec,0%,4,0,4,0,4,0,0
0x981480,95.2941%,4,81,85,6,3,1,75
0x94c5b2,96.1538%,4,100,104,0,0,4,100
0x5f77c5,0%,4,0,4,0,0,4,0
0x544d66,96%,4,96,100,0,0,4,96
0x8435a6,0%,4,0,4,0,4,0,0
0xa55ec0,50%,4,4,8,1,4,0,3
0x80400e,98.419%,4,249,253,249,1,3,0
0x5e0316,97.2414%,4,141,145,141,4,0,0
0x4850b7,91.1111%,4,41,45,0,0,4,41
0x50b587,90%,4,36,40,36,4,0,0
0x77b9ed,83.3333%,4,20,24,0,0,4,20
0x4850a3,91.1111%,4,41,45,0,0,4,41
0x8deeb7,50%,4,4,8,0,0,4,4
0x8118fc,83.3333%,4,20,24,20,2,2,0
0x7bdb5c,50%,4,4,8,2,2,2,2
0xa2a8ae,94.1176%,4,64,68,0,0,4,64
0xa9d72f,80%,4,16,20,0,0,4,16
0x8db66e,98.4127%,4,248,252,248,4,0,0
0x7d2fc5,93.8462%,4,61,65,0,0,4,61
0x99f58a,69.2308%,4,9,13,9,4,0,0
0x509883,99.8926%,4,3721,3725,0,0,4,3721
0x8043f0,55.5556%,4,5,9,3,0,4,2
0x8f0a1c,0%,4,0,4,0,4,0,0
0x95adb6,73.3333%,4,11,15,11,0,4,0
0x8d3e9f,73.3333%,4,11,15,0,0,4,11
0x4b5aad,85.1852%,4,23,27,0,0,4,23
0x480975,78.9474%,4,15,19,0,0,4,15
0x90bef6,96.6387%,4,115,119,0,0,4,115
0x5feb9d,55.5556%,4,5,9,0,0,4,5
0x821c6b,94.3662%,4,67,71,67,4,0,0
0x63d8d9,97.1631%,4,137,141,137,4,0,0
0x5dab4e,0%,4,0,4,0,4,0,0
0x543e46,81.8182%,4,18,22,2,4,0,16
0xa5bb56,87.5%,4,28,32,28,4,0,0
0x4b8ebe,0%,4,0,4,0,4,0,0
0x54c6a3,95.5056%,4,85,89,85,4,0,0
0x9f46fb,98.8539%,4,345,349,0,0,4,345
0xa9cd53,66.6667%,4,8,12,0,4,0,8
0x4c98ac,50%,4,4,8,2,4,0,2
0x8f1ad1,97.2028%,4,139,143,139,2,2,0
0x9c51a3,66.6667%,4,8,12,0,4,0,8
0x606e8b,80%,4,16,20,6,4,0,10
0x69dd24,66.6667%,4,8,12,0,0,4,8
0x7d3763,96.2264%,4,102,106,35,4,0,67
0x63fd9a,99.5838%,4,957,961,957,4,0,0
0x81f48a,0%,4,0,4,0,0,4,0
0x550f17,55.5556%,4,5,9,5,4,0,0
0xb304e2,20%,4,1,5,1,4,0,0
0x4b8391,63.6364%,4,7,11,0,0,4,7
0x5efb43,69.2308%,4,9,13,4,4,0,5
0xa50510,98.4436%,4,253,257,0,4,0,253
0x48d1f1,33.3333%,4,2,6,2,4,0,0
0x4c34a0,82.6087%,4,19,23,1,3,1,18
0x6809f8,99.1853%,4,487,491,0,0,4,487
0x506f65,80%,4,16,20,14,4,0,2
0x48157b,78.9474%,4,15,19,15,4,0,0
0x502b68,20%,4,1,5,0,0,4,1
0x50b9a6,87.0968%,4,27,31,0,0,4,27
0x5f7f32,42.8571%,4,3,7,0,0,4,3
0xa4d535,98.5866%,4,279,283,0,0,4,279
0xa59668,86.2069%,4,25,29,25,4,0,0
0xa9f0cf,0%,4,0,4,0,0,4,0
0x9780e3,96.9925%,4,129,133,0,0,4,129
0x99cf0b,55.5556%,4,5,9,0,0,4,5
0x8efb4a,0%,4,0,4,0,0,4,0
0x8bdc9a,42.8571%,4,3,7,1,2,2,2
0x971199,20%,4,1,5,1,4,0,0
0x7c9d3c,0%,4,0,4,0,4,0,0
0xa07660,20%,4,1,5,1,4,0,0
0x58e813,42.8571%,4,3,7,0,0,4,3
0x8bc951,92.3077%,4,48,52,0,0,4,48
0x8decc1,33.3333%,4,2,6,2,4,0,0
0x63fb6f,99.8581%,4,2814,2818,1856,1,3,958
0xa570b6,90.2439%,4,37,41,0,0,4,37
0x4a03c4,75%,4,12,16,12,4,0,0
0x49ff13,99.9543%,4,8742,8746,0,0,4,8742
0x9bd236,94.0299%,4,63,67,63,4,0,0
0x5f8d8a,20%,4,1,5,1,3,1,0
0xa95fa2,50%,4,4,8,0,0,4,4
0x8224d0,99.1786%,4,483,487,0,0,4,483
0x95a958,0%,4,0,4,0,4,0,0
0x490f2e,90.2439%,4,37,41,0,0,4,37
0x8dc36e,99.7548%,4,1627,1631,1626,1,3,1
0x4a9c2d,82.6087%,4,19,23,19,4,0,0
0x81697e,50%,4,4,8,0,1,3,4
0xa062f4,33.3333%,4,2,6,0,1,3,2
0x7c65ea,97.546%,4,159,163,138,1,3,21
0xad452d,33.3333%,4,2,6,1,0,4,1
0x8bcc6a,92.4528%,4,49,53,36,2,2,13
0x97136f,20%,4,1,5,0,0,4,1
0x8be8ff,98.1132%,4,208,212,208,2,2,0
0x8f34f4,66.6667%,4,8,12,0,0,4,8
0x4ba832,87.0968%,4,27,31,27,4,0,0
0xa97895,60%,4,6,10,6,4,0,0
0xa91604,0%,4,0,4,0,0,4,0
0x4b5f65,50%,4,4,8,4,0,4,0
0xa51d0f,66.6667%,4,8,12,0,4,0,8
0x5b3565,33.3333%,4,2,6,0,0,4,2
0x8f0d89,90%,4,36,40,0,0,4,36
0x5b526b,80%,4,16,20,1,1,3,15
0x4ac554,50%,4,4,8,4,4,0,0
0x78070b,92.5926%,4,50,54,0,0,4,50
0xa4feda,0%,4,0,4,0,0,4,0
0x811cf2,98.4791%,4,259,263,0,0,4,259
0xa52bfd,98.1132%,4,208,212,0,0,4,208
0x7819fb,97.4359%,4,152,156,0,0,4,152
0x4b38b0,0%,4,0,4,0,4,0,0
0x80c414,77.7778%,4,14,18,0,0,4,14
0x8a96a6,99.7279%,4,1466,1470,0,0,4,1466
0x63f838,99.8839%,4,3441,3445,3441,4,0,0
0xa4cfb1,50%,4,4,8,0,0,4,4
0xa96045,84.6154%,4,22,26,0,0,4,22
0xa46916,75%,4,12,16,0,0,4,12
0x48d786,80.9524%,4,17,21,17,4,0,0
0x8efb7b,96.6102%,4,114,118,1,0,4,113
0x814e95,81.8182%,4,18,22,0,0,4,18
0x4b399e,0%,4,0,4,0,4,0,0
0x4b90a7,0%,4,0,4,0,4,0,0
0x9ec2bd,69.2308%,4,9,13,0,3,1,9
0x9773b4,66.6667%,4,8,12,8,4,0,0
0x817db1,88.8889%,4,32,36,30,0,4,2
0x9ec2b2,76.4706%,4,13,17,0,4,0,13
0x81b518,33.3333%,4,2,6,2,4,0,0
0xa43ce5,99.278%,4,550,554,0,0,4,550
0xa508a9,99.2095%,4,502,506,502,4,0,0
0x5f1364,89.1892%,4,33,37,33,4,0,0
0x4879ce,0%,4,0,4,0,4,0,0
0xa5768b,71.4286%,4,10,14,5,0,4,5
0xa96578,0%,4,0,4,0,4,0,0
0x7f37c7,73.3333%,4,11,15,11,4,0,0
0x4900f6,60%,4,6,10,0,0,4,6
0x811aec,99.5255%,4,839,843,839,2,2,0
0x90227b,66.6667%,4,8,12,8,2,2,0
0xaaaedd,50%,4,4,8,0,4,0,4
0x96a103,94.4444%,4,68,72,67,3,1,1
0x49cd89,20%,4,1,5,0,0,4,1
0x59f0d1,0%,4,0,4,0,4,0,0
0x4c4fca,76.4706%,4,13,17,13,4,0,0
0xa96078,84.6154%,4,22,26,22,4,0,0
0xa56fa6,96.2963%,4,104,108,0,0,4,104
0x8a94e5,99.7394%,4,1531,1535,0,0,4,1531
0x5e356b,60%,4,6,10,0,0,4,6
0x99cf6d,55.5556%,4,5,9,0,0,4,5
0xa56ff2,95.122%,4,78,82,0,0,4,78
0x5b40ac,87.0968%,4,27,31,27,4,0,0
0x4aca51,33.3333%,4,2,6,2,4,0,0
0x5b05cc,94.0299%,4,63,67,61,4,0,2
0x4b6779,63.6364%,4,7,11,0,0,4,7
0x8109d4,80%,4,16,20,6,2,2,10
0x8e9952,33.3333%,4,2,6,2,2,2,0
0x81c05a,95.2941%,4,81,85,0,0,4,81
0x8da8bb,33.3333%,4,2,6,2,4,0,0
0x783d1d,97.4359%,4,152,156,0,0,4,152
0x9a9ecd,84.6154%,4,22,26,0,0,4,22
0x58fe6c,98.4252%,4,250,254,250,4,0,0
0x4b868d,63.6364%,4,7,11,7,4,0,0
0x8da4cf,99.6183%,4,1044,1048,0,0,4,1044
0x543876,93.4426%,4,57,61,0,0,4,57
0x789c24,20%,4,1,5,0,2,2,1
0xa721fe,85.1852%,4,23,27,0,0,4,23
0x7dfcc9,80%,4,16,20,0,0,4,16
0x50b496,0%,4,0,4,0,4,0,0
0x7c6608,83.3333%,4,20,24,20,4,0,0
0x6707c2,42.8571%,4,3,7,0,1,3,3
0xa4f72d,89.4737%,4,34,38,34,4,0,0
0x99e7a7,69.2308%,4,9,13,0,0,4,9
0x5f5299,99.8689%,4,3048,3052,3048,4,0,0
0x97115b,60%,4,6,10,0,0,4,6
0x9f38d4,0%,4,0,4,0,4,0,0
0xa63a92,0%,4,0,4,0,0,4,0
0x80f446,50%,4,4,8,0,0,4,4
0xa9def1,91.6667%,4,44,48,24,3,1,20
0xa9eaad,95.2941%,4,81,85,81,4,0,0
0x80f827,99.6622%,4,1180,1184,1180,4,0,0
0x80f81c,99.6622%,4,1180,1184,0,0,4,1180
0xa29762,0%,4,0,4,0,0,4,0
0x4b8104,63.6364%,4,7,11,1,4,0,6
0x5bb730,82.6087%,4,19,23,0,0,4,19
0x8c7476,99.5772%,4,942,946,1,2,2,941
0xa29721,0%,4,0,4,0,4,0,0
0x48dcaf,99.9427%,4,6979,6983,0,0,4,6979
0x9ed23e,98.4556%,4,255,259,0,0,4,255
0xaaaae7,80.9524%,4,17,21,17,4,0,0
0x485ecc,82.6087%,4,19,23,0,0,4,19
0x9a18db,80.9524%,4,17,21,0,0,4,17
0xa5598b,0%,4,0,4,0,4,0,0
0x4c68a8,85.7143%,4,24,28,4,4,0,20
0x4c0015,83.3333%,4,20,24,0,0,4,20
0x5f5a05,66.6667%,4,8,12,8,4,0,0
0x78a5f4,63.6364%,4,7,11,5,4,0,2
0x5faf14,66.6667%,4,8,12,4,2,2,4
0x5f7a73,98.0676%,4,203,207,203,3,1,0
0x9ff5f5,83.3333%,4,20,24,0,2,2,20
0x9edb40,90.2439%,4,37,41,37,4,0,0
0x556147,99.5354%,4,857,861,0,0,4,857
0x557bdd,50%,4,4,8,4,4,0,0
0x495a38,94.0299%,4,63,67,63,4,0,0
0xa478c8,81.8182%,4,18,22,18,4,0,0
0x8bdc67,73.3333%,4,11,15,0,0,4,11
0xa54bbc,50%,4,4,8,1,1,3,3
0x80fa6c,99.9752%,4,16140,16144,0,0,4,16140
0x59f99c,0%,4,0,4,0,0,4,0
0xa9ed23,95.0617%,4,77,81,77,4,0,0
0x80d6c6,0%,4,0,4,0,4,0,0
0x8f2211,76.4706%,4,13,17,1,0,4,12
0x8e4a72,97.7528%,4,174,178,0,0,4,174
0x9a756f,77.7778%,4,14,18,0,0,4,14
0x5d22cc,99.5838%,4,957,961,957,4,0,0
0x8e3ee8,0%,4,0,4,0,0,4,0
0x48ea02,95.5056%,4,85,89,0,4,0,85
0x5f1c84,42.8571%,4,3,7,3,4,0,0
0x9ff65c,20%,4,1,5,0,0,4,1
0xa00217,75%,4,12,16,5,2,2,7
0x558fa8,99.4792%,4,764,768,0,0,4,764
0x9ef230,97.7011%,4,170,174,170,4,0,0
0x48ea77,99.3453%,4,607,611,0,0,4,607
0xb18082,99.7218%,4,1434,1438,0,0,4,1434
0x944729,98.1982%,4,218,222,218,4,0,0
0x8ed66c,50%,4,4,8,4,2,2,0
0x4ad3d8,80%,4,16,20,16,4,0,0
0xa294bc,75%,4,12,16,12,4,0,0
0x80e856,83.3333%,4,20,24,0,0,4,20
0x5f14aa,80.9524%,4,17,21,17,4,0,0
0x9fcb2f,84%,4,21,25,0,0,4,21
0xaa7dab,92.5926%,4,50,54,46,1,3,4
0xa3404d,97.8836%,4,185,189,74,1,3,111
0x4c70c5,77.7778%,4,14,18,0,0,4,14
0xa27818,50%,4,4,8,4,4,0,0
0x7d27f9,0%,4,0,4,0,4,0,0
0x99b8ee,84.6154%,4,22,26,22,4,0,0
0x97149a,73.3333%,4,11,15,7,0,4,4
0xa0a5d1,50%,4,4,8,0,4,0,4
0x54db46,89.7436%,4,35,39,0,0,4,35
0x48eb78,92.9825%,4,53,57,0,0,4,53
0xa3bc1b,77.7778%,4,14,18,14,4,0,0
0x5bb760,99.7147%,4,1398,1402,1398,2,2,0
0x58d3ff,95.6522%,4,88,92,0,0,4,88
0xa5b053,73.3333%,4,11,15,0,0,4,11
0x7acd4b,80.9524%,4,17,21,16,3,1,1
0x97140b,42.8571%,4,3,7,3,4,0,0
0x402dcf,93.6508%,4,59,63,0,4,0,59
0x7b30a2,88.8889%,4,32,36,0,0,4,32
0xa39dc3,90.2439%,4,37,41,0,0,4,37
0x810968,66.6667%,4,8,12,0,4,0,8
0xa41597,50%,4,4,8,0,0,4,4
0x5931db,71.4286%,4,10,14,0,0,4,10
0xaaa667,42.8571%,4,3,7,0,0,4,3
0x49487e,97.0803%,4,133,137,0,0,4,133
0x406c95,93.1034%,4,54,58,0,0,4,54
0xa44aa9,0%,4,0,4,0,0,4,0
0xa3491d,99.1189%,4,450,454,450,4,0,0
0xa64bcf,50%,4,4,8,0,0,4,4
0x8e0033,77.7778%,4,14,18,3,3,1,11
0x97140f,42.8571%,4,3,7,0,0,4,3
0xa9c79a,97.1831%,4,138,142,0,4,0,138
0x50894a,90.2439%,4,37,41,0,0,4,37
0x9f3239,97.4194%,4,151,155,0,0,4,151
0x8ea504,50%,4,4,8,4,4,0,0
0x409a2e,77.7778%,4,14,18,2,3,1,12
0x54dc25,89.7436%,4,35,39,35,4,0,0
0x971347,20%,4,1,5,0,0,4,1
0x67b57a,99.777%,4,1790,1794,1790,4,0,0
0x9fca4c,84%,4,21,25,0,0,4,21
0x81c0d7,95.8333%,4,92,96,92,4,0,0
0x64cbb2,99.2895%,4,559,563,559,4,0,0
0xa9121b,0%,4,0,4,0,4,0,0
0xa5c859,77.7778%,4,14,18,2,2,2,12
0x5d1724,83.3333%,4,20,24,20,4,0,0
0x50b615,0%,4,0,4,0,0,4,0
0xa2e2ac,93.75%,4,60,64,0,0,4,60
0x40397d,89.1892%,4,33,37,0,0,4,33
0x48f6c1,60%,4,6,10,6,0,4,0
0x667133,97.9275%,4,189,193,189,4,0,0
0x494fb9,33.3333%,4,2,6,0,0,4,2
0x8fefb6,98.8669%,4,349,353,0,0,4,349
0xa911ff,81.8182%,4,18,22,8,1,3,10
0x8e16a7,87.5%,4,28,32,0,0,4,28
0x97a425,77.7778%,4,14,18,0,0,4,14
0x8f1660,97.0149%,4,130,134,0,0,4,130
0xa4e6a1,88.2353%,4,30,34,30,4,0,0
0x6471a9,80.9524%,4,17,21,17,4,0,0
0x49a02a,75%,4,12,16,0,0,4,12
0x807760,96.5812%,4,113,117,2,2,2,111
0xa8abb2,97.7143%,4,171,175,0,0,4,171
0xa27573,96.3636%,4,106,110,0,0,4,106
0x7f0b68,20%,4,1,5,0,0,4,1
0x5dae10,0%,4,0,4,0,4,0,0
0x9be5f5,60%,4,6,10,0,3,1,6
0x5af0de,99.4253%,4,692,696,0,0,4,692
0x4bda83,90.4762%,4,38,42,0,0,4,38
0x80d981,96.2264%,4,102,106,0,0,4,102
0x40ee1f,50%,4,4,8,0,0,4,4
0x9f3eaa,97.4843%,4,155,159,0,0,4,155
0x54db3b,89.7436%,4,35,39,35,4,0,0
0x5ff58e,50%,4,4,8,3,3,1,1
0x4a98a9,78.9474%,4,15,19,0,0,4,15
0xa3d1e4,50%,4,4,8,4,4,0,0
0x60c3db,20%,4,1,5,1,4,0,0
0x9c51ca,75%,4,12,16,4,4,0,8
0xa41573,50%,4,4,8,4,4,0,0
0x8dc4fa,0%,4,0,4,0,4,0,0
0x8ebc88,0%,4,0,4,0,0,4,0
0x7e1183,90%,4,36,40,11,2,2,25
0x94d91c,93.1034%,4,54,58,54,4,0,0
0xa96a60,80.9524%,4,17,21,0,0,4,17
0x8378ff,20%,4,1,5,0,0,4,1
0x66643f,99.2366%,4,520,524,0,0,4,520
0x8df9f0,42.8571%,4,3,7,2,0,4,1
0xa05fe6,80%,4,16,20,0,4,0,16
0x814320,99.7447%,4,1563,1567,0,0,4,1563
0x48d89b,63.6364%,4,7,11,0,0,4,7
0x4aaf21,63.6364%,4,7,11,7,3,1,0
0x5488fb,50%,4,4,8,4,4,0,0
0x8fd6d5,60%,4,6,10,0,0,4,6
0x6a3b54,84.6154%,4,22,26,0,0,4,22
0x4bed51,50%,4,4,8,2,2,2,2
0xa5f6fd,50%,4,4,8,0,0,4,4
0xa1b009,63.6364%,4,7,11,0,0,4,7
0x5a9646,50%,4,4,8,3,2,2,1
0x80a1fa,98.7768%,4,323,327,323,0,4,0
0x446556,99.3186%,4,583,587,0,0,4,583
0x502569,99.4956%,4,789,793,789,4,0,0
0x804142,93.3333%,4,56,60,56,4,0,0
0x50291d,95.8763%,4,93,97,93,4,0,0
0x918e2a,98%,4,196,200,0,0,4,196
0xa34ca5,94.2029%,4,65,69,65,4,0,0
0x951da4,63.6364%,4,7,11,7,4,0,0
0x9d0385,97.351%,4,147,151,147,4,0,0
0x7d29c8,33.3333%,4,2,6,1,0,4,1
0x972cb1,97.1429%,4,136,140,0,0,4,136
0x542c4e,50%,4,4,8,4,4,0,0
0x9d2f2a,93.4426%,4,57,61,0,0,4,57
0x838815,20%,4,1,5,0,0,4,1
0x501d1e,20%,4,1,5,1,4,0,0
0x838887,95%,4,76,80,72,3,1,4
0x4995f5,96.8504%,4,123,127,0,0,4,123
0x837412,20%,4,1,5,0,1,3,1
0xa46dfd,98.4436%,4,253,257,0,0,4,253
0x543dec,81.8182%,4,18,22,18,4,0,0
0x9edacd,42.8571%,4,3,7,3,4,0,0
0x63e541,99.5825%,4,954,958,0,0,4,954
0xa97144,89.1892%,4,33,37,0,0,4,33
0xa41907,55.5556%,4,5,9,0,0,4,5
0x5ff4f5,0%,4,0,4,0,4,0,0
0xa960aa,84.6154%,4,22,26,0,0,4,22
0x901a42,98.4127%,4,248,252,0,0,4,248
0x5f060d,96.7213%,4,118,122,0,0,4,118
0x63af4c,99.5128%,4,817,821,0,0,4,817
0x50c10c,80%,4,16,20,0,0,4,16
0x8a8e9b,0%,4,0,4,0,0,4,0
0xa345cc,96.9466%,4,127,131,0,0,4,127
0x8d3fe8,69.2308%,4,9,13,0,0,4,9
0x4b49f4,60%,4,6,10,0,0,4,6
0x4043ee,99.8324%,4,2382,2386,0,0,4,2382
0x5af6f8,55.5556%,4,5,9,5,4,0,0
0xa89552,95.1807%,4,79,83,0,0,4,79
0xa0636b,33.3333%,4,2,6,2,0,4,0
0x8dc3f2,0%,4,0,4,0,0,4,0
0x687d7d,88.2353%,4,30,34,30,4,0,0
0x4c9e85,0%,4,0,4,0,0,4,0
0x65acab,71.4286%,4,10,14,10,3,1,0
0x95b382,0%,4,0,4,0,0,4,0
0x49b954,50%,4,4,8,4,4,0,0
0x8ffdc7,50%,4,4,8,0,0,4,4
0xa1b17b,20%,4,1,5,1,4,0,0
0x5fe812,85.7143%,4,24,28,24,4,0,0
0x59ec70,0%,4,0,4,0,0,4,0
0x8de7ae,97.2603%,4,142,146,142,4,0,0
0x50a86d,96%,4,96,100,96,4,0,0
0x95b517,0%,4,0,4,0,4,0,0
0xa30214,97.9487%,4,191,195,0,0,4,191
0x9e706a,42.8571%,4,3,7,0,0,4,3
0x4ba4dd,81.8182%,4,18,22,0,0,4,18
0x8efc10,96.5812%,4,113,117,0,4,0,113
0x815b7a,90.2439%,4,37,41,37,4,0,0
0x4ad87b,80.9524%,4,17,21,4,4,0,13
0x9698c3,94.4444%,4,68,72,68,2,2,0
0xa958fb,0%,4,0,4,0,0,4,0
0x9d1dce,33.3333%,4,2,6,1,0,4,1
0x5fe31d,75%,4,12,16,0,0,4,12
0x5a61a7,0%,4,0,4,0,0,4,0
0x9e249e,99.3355%,4,598,602,0,0,4,598
0xa415a7,50%,4,4,8,0,0,4,4
0xa95388,33.3333%,4,2,6,2,0,4,0
0x59e62e,0%,4,0,4,0,0,4,0
0x80a7d5,20%,4,1,5,1,3,1,0
0x9bc833,97.6744%,4,168,172,0,0,4,168
0xa6b9bc,0%,4,0,4,0,4,0,0
0xa1b5a2,20%,4,1,5,1,0,4,0
0x4b751a,63.6364%,4,7,11,7,4,0,0
0x50983f,99.8052%,4,2049,2053,0,0,4,2049
0x9cfbf0,96.748%,4,119,123,5,3,1,114
0x5daa42,0%,4,0,4,0,4,0,0
0x53c3da,81.8182%,4,18,22,18,4,0,0
0x5a0349,20%,4,1,5,0,0,4,1
0x541335,50%,4,4,8,4,4,0,0
0xa21021,33.3333%,4,2,6,1,1,3,1
0x8338ae,94.6667%,4,71,75,71,2,2,0
0xa04f63,93.6508%,4,59,63,0,1,3,59
0x5afefd,0%,4,0,4,0,4,0,0
0x8e31bb,20%,4,1,5,1,4,0,0
0x8a66f3,69.2308%,4,9,13,9,0,4,0
0xa1ad59,92.4528%,4,49,53,0,0,4,49
0xa33729,98.7097%,4,306,310,0,0,4,306
0x8f5f8b,90%,4,36,40,0,0,4,36
0x4903ab,94.9367%,4,75,79,0,0,4,75
0x65c0b4,99.115%,4,448,452,0,0,4,448
0x70e87e,33.3333%,4,2,6,0,0,4,2
0x502908,95.8763%,4,93,97,0,0,4,93
0x5b69e1,0%,4,0,4,0,4,0,0
0x9e4139,99.3475%,4,609,613,0,0,4,609
0xacfbd2,92%,4,46,50,0,3,1,46
0x838086,75%,4,12,16,12,4,0,0
0x8fd6e6,86.6667%,4,26,30,0,0,4,26
0xa5b154,42.8571%,4,3,7,0,0,4,3
0x59ed41,50%,4,4,8,4,4,0,0
0x64abe4,50%,4,4,8,4,2,2,0
0x5073b0,63.6364%,4,7,11,0,0,4,7
0xa64bf0,33.3333%,4,2,6,0,0,4,2
0x590ead,82.6087%,4,19,23,1,4,0,18
0x59eb93,50%,4,4,8,4,4,0,0
0x483bac,78.9474%,4,15,19,7,3,1,8
0x5bd793,96.6387%,4,115,119,0,0,4,115
0x5f55dc,50%,4,4,8,4,0,4,0
0x59e8d8,50%,4,4,8,2,2,2,2
0x8f3232,66.6667%,4,8,12,0,0,4,8
0xa47f63,66.6667%,4,8,12,8,4,0,0
0x4aa9ac,55.5556%,4,5,9,0,0,4,5
0x59e8a9,50%,4,4,8,2,2,2,2
0xa03844,99.9249%,4,5324,5328,0,0,4,5324
0x5affdd,0%,4,0,4,0,4,0,0
0xa64d11,0%,4,0,4,0,4,0,0
0x94326f,94.6667%,4,71,75,71,4,0,0
0x984184,55.5556%,4,5,9,0,0,4,5
0x95240c,98.9848%,4,390,394,0,1,3,390
0x4ad31c,80%,4,16,20,0,0,4,16
0x50e403,0%,4,0,4,0,0,4,0
0xa9d2f8,81.8182%,4,18,22,16,0,4,2
0x63ee91,99.4528%,4,727,731,0,0,4,727
0xa944c6,86.2069%,4,25,29,0,0,4,25
0x40473c,99.3485%,4,610,614,610,4,0,0
0x666094,71.4286%,4,10,14,3,1,3,7
0x6f45b4,0%,4,0,4,0,4,0,0
0x492a78,97.5758%,4,161,165,0,0,4,161
0x9f0ab4,85.7143%,4,24,28,24,0,4,0
0x67ac2b,33.3333%,4,2,6,0,0,4,2
0x77ccd2,75%,4,12,16,0,4,0,12
0x66f448,33.3333%,4,2,6,2,4,0,0
0x723695,99.7234%,4,1442,1446,0,0,4,1442
0xa3532d,99.79%,4,1901,1905,1,2,2,1900
0x9f2630,89.7436%,4,35,39,0,0,4,35
0xa8a7e0,97.7143%,4,171,175,171,4,0,0
0xa4784c,0%,4,0,4,0,4,0,0
0x821068,55.5556%,4,5,9,5,4,0,0
0x9fb019,98.722%,4,309,313,0,0,4,309
0x99bb1e,97.8947%,4,186,190,0,0,4,186
0x806769,60%,4,6,10,5,0,4,1
0xa4c6e5,0%,4,0,4,0,0,4,0
0x8340bd,33.3333%,4,2,6,0,0,4,2
0x814a78,93.6508%,4,59,63,0,0,4,59
0x65a102,96.3964%,4,107,111,107,4,0,0
0x9be6ec,83.3333%,4,20,24,0,0,4,20
0x8eca3a,94.2857%,4,66,70,0,0,4,66
0x8def97,75%,4,12,16,12,4,0,0
0x8fd032,90.9091%,4,40,44,40,4,0,0
0x4a1ebb,66.6667%,4,8,12,8,0,4,0
0x67912b,93.4426%,4,57,61,57,4,0,0
0x5b907f,0%,4,0,4,0,4,0,0
0x9e4ebb,93.3333%,4,56,60,0,0,4,56
0x8e48e7,99.5019%,4,799,803,0,0,4,799
0x4ba04e,83.3333%,4,20,24,0,0,4,20
0x8fd6c8,60%,4,6,10,0,0,4,6
0x5d1c75,80%,4,16,20,16,4,0,0
0x402df7,0%,4,0,4,0,4,0,0
0xa69f1e,0%,4,0,4,0,4,0,0
0xa6b683,0%,4,0,4,0,4,0,0
0x5121d2,89.1892%,4,33,37,0,0,4,33
0xa6b468,0%,4,0,4,0,0,4,0
0x998971,0%,4,0,4,0,0,4,0
0xaaaf2d,50%,4,4,8,4,4,0,0
0x9c517c,0%,4,0,4,0,0,4,0
0xa9eca7,0%,4,0,4,0,4,0,0
0xa6b7d8,0%,4,0,4,0,4,0,0
0x6923e7,60%,4,6,10,6,4,0,0
0x8efaae,97.5%,4,156,160,0,0,4,156
0xaaaed0,0%,4,0,4,0,4,0,0
0xa22d53,94.0299%,4,63,67,1,1,3,62
0xa1ab2f,55.5556%,4,5,9,5,4,0,0
0x402e1e,0%,4,0,4,0,4,0,0
0x5bc3ab,82.6087%,4,19,23,0,0,4,19
0x8fd2c0,0%,4,0,4,0,0,4,0
0x9746be,94.1176%,4,64,68,0,0,4,64
0x4b7a3f,63.6364%,4,7,11,0,0,4,7
0x405e59,83.3333%,4,20,24,0,0,4,20
0x7aca68,87.5%,4,28,32,0,0,4,28
0x7f12ec,42.8571%,4,3,7,0,0,4,3
0x49f66c,92%,4,46,50,0,0,4,46
0x8434e4,33.3333%,4,2,6,2,3,1,0
0x9c5307,66.6667%,4,8,12,4,4,0,4
0x40ad55,0%,4,0,4,0,4,0,0
0x533804,71.4286%,4,10,14,3,4,0,7
0x90a792,97.3856%,4,149,153,0,0,4,149
0x805e06,0%,4,0,4,0,0,4,0
0xa06530,88.5714%,4,31,35,0,4,0,31
0x9591b8,75%,4,12,16,12,1,3,0
0x9f47ef,0%,4,0,4,0,4,0,0
0x5ff24e,96.5812%,4,113,117,0,0,4,113
0x8d9a11,33.3333%,4,2,6,0,0,4,2
0x8a9e9d,99.3818%,4,643,647,0,0,4,643
0x40ad45,42.8571%,4,3,7,3,0,4,0
0xa4200a,98.9362%,4,372,376,0,0,4,372
0x5f9e9d,33.3333%,4,2,6,2,4,0,0
0x8ed543,77.7778%,4,14,18,4,2,2,10
0x533a49,55.5556%,4,5,9,0,0,4,5
0x906776,96.7742%,4,120,124,120,4,0,0
0x5fee6d,92.4528%,4,49,53,0,0,4,49
0x94b16b,98.0676%,4,203,207,0,0,4,203
0x5c370d,0%,4,0,4,0,4,0,0
0x90eef8,99.5838%,4,957,961,0,0,4,957
0x8381bc,20%,4,1,5,1,4,0,0
0x5c37ee,0%,4,0,4,0,4,0,0
0x8ff307,60%,4,6,10,0,3,1,6
0x591533,42.8571%,4,3,7,0,0,4,3
0x49a39e,60%,4,6,10,0,0,4,6
0x648680,92.8571%,4,52,56,51,3,1,1
0x95b368,0%,4,0,4,0,0,4,0
0x9f49ff,0%,4,0,4,0,3,1,0
0x49bda4,0%,4,0,4,0,0,4,0
0x50eba7,89.4737%,4,34,38,34,4,0,0
0x9ee55f,92.9825%,4,53,57,53,4,0,0
0x50b102,90.9091%,4,40,44,2,2,2,38
0x50e55a,90.4762%,4,38,42,38,4,0,0
0x59205d,0%,4,0,4,0,4,0,0
0xa1a1c4,63.6364%,4,7,11,2,0,4,5
0x80f7e9,94.5946%,4,70,74,0,0,4,70
0xa09747,33.3333%,4,2,6,0,1,3,2
0xa58a74,97.1014%,4,134,138,0,0,4,134
0xa2ec71,93.75%,4,60,64,60,4,0,0
0x60bb86,77.7778%,4,14,18,9,4,0,5
0xa3d0e3,50%,4,4,8,0,0,4,4
0xa4969e,90.4762%,4,38,42,0,0,4,38
0x9a8d28,87.0968%,4,27,31,27,4,0,0
0x4045b9,98.2143%,4,220,224,0,0,4,220
0x9a0f48,80.9524%,4,17,21,0,0,4,17
0x9a3367,97.2603%,4,142,146,0,0,4,142
0xa456b7,66.6667%,4,8,12,8,0,4,0
0x8e4da6,99.2141%,4,505,509,505,4,0,0
0x8a886b,20%,4,1,5,0,3,1,1
0xa477e4,0%,4,0,4,0,4,0,0
0x8dc412,0%,4,0,4,0,4,0,0
0x8f12b5,90%,4,36,40,36,4,0,0
0x9d07d2,93.5484%,4,58,62,58,4,0,0
0x554779,93.6508%,4,59,63,0,0,4,59
0x4b9ab9,50%,4,4,8,0,4,0,4
0x4a02b0,95.5556%,4,86,90,0,0,4,86
0x9f026a,95.7447%,4,90,94,0,0,4,90
0x482a83,55.5556%,4,5,9,0,0,4,5
0xad4505,33.3333%,4,2,6,0,0,4,2
0x50ee29,95.4545%,4,84,88,0,0,4,84
0x9e7dcc,83.3333%,4,20,24,0,0,4,20
0x5f2896,20%,4,1,5,1,4,0,0
0x4828c4,55.5556%,4,5,9,5,4,0,0
0x483999,86.2069%,4,25,29,0,0,4,25
0x985054,66.6667%,4,8,12,0,4,0,8
0x82103c,95.3488%,4,82,86,0,0,4,82
0x5b5eba,0%,4,0,4,0,4,0,0
0x80a68e,98.0952%,4,206,210,206,2,2,0
0x499969,60%,4,6,10,6,4,0,0
0x50734b,99.4595%,4,736,740,0,0,4,736
0x806365,33.3333%,4,2,6,0,0,4,2
0x9a4915,75%,4,12,16,12,0,4,0
0x611463,90.4762%,4,38,42,27,4,0,11
0x5c4ca6,81.8182%,4,18,22,13,1,3,5
0x94a1c2,95%,4,76,80,76,4,0,0
0x502ba7,69.2308%,4,9,13,9,4,0,0
0x9f0825,20%,4,1,5,1,4,0,0
0xa5f33a,0%,4,0,4,0,4,0,0
0x8e1055,75%,4,12,16,10,2,2,2
0xa37ad9,60%,4,6,10,0,0,4,6
0x6114f6,87.0968%,4,27,31,27,4,0,0
0x4b4c1e,98.9218%,4,367,371,0,2,2,367
0x6964c1,92.8571%,4,52,56,0,0,4,52
0x7afd64,85.7143%,4,24,28,0,0,4,24
0x81fad4,99.3769%,4,638,642,638,4,0,0
0x97b7fd,78.9474%,4,15,19,15,4,0,0
0x811938,83.3333%,4,20,24,18,3,1,2
0x808787,85.1852%,4,23,27,23,4,0,0
0xaabdfb,63.6364%,4,7,11,0,0,4,7
0x5ec518,50%,4,4,8,4,4,0,0
0x999fb4,0%,4,0,4,0,4,0,0
0x487061,97.1014%,4,134,138,134,4,0,0
0x5f5d3f,0%,4,0,4,0,0,4,0
0x833fa5,94.2857%,4,66,70,0,0,4,66
0x809182,99.5255%,4,839,843,839,2,2,0
0x9d26d1,85.7143%,4,24,28,22,3,1,2
0xa4a3a2,60%,4,6,10,0,0,4,6
0xa01c50,42.8571%,4,3,7,0,4,0,3
0x4943fe,92.1569%,4,47,51,47,4,0,0
0x4a64db,60%,4,6,10,0,0,4,6
0xa533aa,33.3333%,4,2,6,0,2,2,2
0x558e27,95.4545%,4,84,88,0,0,4,84
0x812014,0%,4,0,4,0,2,2,0
0x81216d,0%,4,0,4,0,4,0,0
0x5feab4,92.4528%,4,49,53,49,4,0,0
0x94e0ef,42.8571%,4,3,7,3,4,0,0
0xa22d87,93.8462%,4,61,65,0,3,1,61
0x80ea8a,99.2395%,4,522,526,0,0,4,522
0x97a488,71.4286%,4,10,14,10,2,2,0
0x7d161e,94.0299%,4,63,67,2,0,4,61
0x670a19,78.9474%,4,15,19,0,0,4,15
0xa9d298,92%,4,46,50,16,0,4,30
0xa3418b,95.7447%,4,90,94,0,0,4,90
0x8d3a55,60%,4,6,10,6,4,0,0
0x8e3e39,0%,4,0,4,0,0,4,0
0xaa5bc0,82.6087%,4,19,23,18,2,2,1
0x8d3f0b,69.2308%,4,9,13,0,0,4,9
0xaab851,50%,4,4,8,4,4,0,0
0x51068a,98.4496%,4,254,258,254,4,0,0
0xa5561c,99.0172%,4,403,407,0,0,4,403
0x4c4c7b,73.3333%,4,11,15,0,0,4,11
0x49ce10,81.8182%,4,18,22,18,4,0,0
0xa2db6f,71.4286%,4,10,14,0,0,4,10
0xa50d9b,0%,4,0,4,0,0,4,0
0xa3774b,60%,4,6,10,6,4,0,0
0x67cbe5,92.3077%,4,48,52,0,0,4,48
0x5dfa6f,71.4286%,4,10,14,10,4,0,0
0x6616fb,97.4684%,4,154,158,154,4,0,0
0x673d6e,78.9474%,4,15,19,15,4,0,0
0x81ecfb,99.7498%,4,1595,1599,0,0,4,1595
0xa90618,92.9825%,4,53,57,1,3,1,52
0xa32942,78.9474%,4,15,19,14,4,0,1
0xb2e31e,76.4706%,4,13,17,0,0,4,13
0x8101c8,99.4987%,4,794,798,0,0,4,794
0x88a190,81.8182%,4,18,22,14,2,2,4
0x95b786,0%,4,0,4,0,0,4,0
0x67e486,94.8718%,4,74,78,22,0,4,52
0x5ff4e7,0%,4,0,4,0,0,4,0
0xa4a35d,77.7778%,4,14,18,0,0,4,14
0xa32939,80%,4,16,20,0,1,3,16
0x98447f,78.9474%,4,15,19,15,3,1,0
0x60aea1,92%,4,46,50,46,4,0,0
0x7ac162,80.9524%,4,17,21,11,4,0,6
0x78f649,71.4286%,4,10,14,10,4,0,0
0x40576c,96.7213%,4,118,122,118,4,0,0
0x9e73fe,97.0588%,4,132,136,10,1,3,122
0xa596f9,60%,4,6,10,0,0,4,6
0xa58d94,96.5517%,4,112,116,0,0,4,112
0xa09504,66.6667%,4,8,12,0,0,4,8
0xa99ab3,73.3333%,4,11,15,11,4,0,0
0x7d2c5a,78.9474%,4,15,19,15,0,4,0
0xa8a96c,85.7143%,4,24,28,24,4,0,0
0x40a0f2,75%,4,12,16,12,1,3,0
0x5ff3e6,33.3333%,4,2,6,2,0,4,0
0x8db726,97.5904%,4,162,166,162,4,0,0
0x951ad9,88.8889%,4,32,36,32,4,0,0
0xa2ef37,97.8261%,4,180,184,98,2,2,82
0x8ee4ea,90.4762%,4,38,42,38,4,0,0
0xa4fe05,0%,4,0,4,0,0,4,0
0x8bc9a7,92.3077%,4,48,52,48,4,0,0
0x975116,78.9474%,4,15,19,15,4,0,0
0xa2d2db,98.9848%,4,390,394,1,3,1,389
0x53b8e4,81.8182%,4,18,22,10,1,3,8
0x6923c2,81.8182%,4,18,22,6,4,0,12
0x547a3c,0%,4,0,4,0,0,4,0
0x98c71d,88.8889%,4,32,36,0,0,4,32
0x9fb010,98.722%,4,309,313,0,0,4,309
0xa3d220,50%,4,4,8,4,4,0,0
0x80598b,99.7124%,4,1387,1391,0,0,4,1387
0x40380c,96.3636%,4,106,110,0,0,4,106
0xaadb0b,93.75%,4,60,64,0,0,4,60
0xa49fd0,97.2414%,4,141,145,0,0,4,141
0x9bddb3,94.4444%,4,68,72,68,2,2,0
0x7d340d,66.6667%,4,8,12,0,4,0,8
0x80f6dd,94.5946%,4,70,74,0,0,4,70
0x98082a,63.6364%,4,7,11,0,0,4,7
0x4bbd45,92.8571%,4,52,56,52,4,0,0
0x951d5c,99.3721%,4,633,637,633,4,0,0
0x9e7a3e,97.1631%,4,137,141,0,0,4,137
0x40441b,99.7195%,4,1422,1426,0,2,2,1422
0x5d981d,50%,4,4,8,0,0,4,4
0x951cd6,99.3721%,4,633,637,633,4,0,0
0x8ffc75,94.1176%,4,64,68,0,0,4,64
0x5ec0f3,71.4286%,4,10,14,10,4,0,0
0x8ea61e,0%,4,0,4,0,4,0,0
0x7f37a2,73.3333%,4,11,15,0,0,4,11
0x9e7a83,97.1631%,4,137,141,0,0,4,137
0xa47f06,66.6667%,4,8,12,0,0,4,8
0x509564,42.8571%,4,3,7,3,4,0,0
0x53feea,99.061%,4,422,426,0,0,4,422
0xa9d283,0%,4,0,4,0,4,0,0
0xa21110,0%,4,0,4,0,4,0,0
0x66f7c6,78.9474%,4,15,19,0,0,4,15
0x5b22e0,33.3333%,4,2,6,0,0,4,2
0x68b11a,0%,4,0,4,0,0,4,0
0x80834c,0%,4,0,4,0,0,4,0
0x977b7c,42.8571%,4,3,7,0,0,4,3
0x592baf,93.2203%,4,55,59,0,0,4,55
0xa4d1a8,0%,4,0,4,0,4,0,0
0x5d3bce,50%,4,4,8,0,0,4,4
0x9a356a,85.7143%,4,24,28,5,3,1,19
0x60b2fd,93.5484%,4,58,62,58,4,0,0
0x590ccc,81.8182%,4,18,22,2,0,4,16
0x95b8b4,0%,4,0,4,0,4,0,0
0x501642,99.7195%,4,1422,1426,0,0,4,1422
0x8e9317,42.8571%,4,3,7,0,4,0,3
0xa8a814,97.7143%,4,171,175,0,4,0,171
0xa15f3e,66.6667%,4,8,12,0,0,4,8
0x55449f,0%,4,0,4,0,0,4,0
0xa42ffb,0%,4,0,4,0,4,0,0
0x58d278,88.5714%,4,31,35,0,0,4,31
0xa487c6,97.7528%,4,174,178,174,4,0,0
0xa0f3ca,33.3333%,4,2,6,0,0,4,2
0xa482c7,66.6667%,4,8,12,2,2,2,6
0x4a84aa,95.6522%,4,88,92,88,4,0,0
0x818960,99.3671%,4,628,632,0,0,4,628
0x77b9a1,85.7143%,4,24,28,24,4,0,0
0x8141f2,99.9652%,4,11504,11508,0,0,4,11504
0x77b9e0,85.7143%,4,24,28,0,4,0,24
0x96c211,84.6154%,4,22,26,0,0,4,22
0x99aa46,96.0784%,4,98,102,0,0,4,98
0x8a734c,99.0196%,4,404,408,404,4,0,0
0x64c6a9,90.4762%,4,38,42,38,0,4,0
0x90a66e,90.9091%,4,40,44,0,0,4,40
0x9d2939,20%,4,1,5,1,4,0,0
0x4828b6,78.9474%,4,15,19,6,4,0,9
0x49de5a,95.9184%,4,94,98,0,0,4,94
0x9e5301,66.6667%,4,8,12,8,4,0,0
0xa545e5,50%,4,4,8,1,1,3,3
0x908d72,99.9064%,4,4270,4274,0,0,4,4270
0x49fc33,95.3488%,4,82,86,0,0,4,82
0xa3666d,98.6395%,4,290,294,0,0,4,290
0xa90efc,0%,4,0,4,0,0,4,0
0x80a427,99.5283%,4,844,848,840,3,1,4
0x4ab211,20%,4,1,5,1,4,0,0
0x49bdeb,0%,4,0,4,0,4,0,0
0x544260,92.9825%,4,53,57,0,0,4,53
0x4ab20b,20%,4,1,5,0,0,4,1
0xa49a85,0%,4,0,4,0,4,0,0
0x8ec336,99.636%,4,1095,1099,1095,4,0,0
0x4b950b,69.2308%,4,9,13,0,1,3,9
0x592c77,78.9474%,4,15,19,0,0,4,15
0x81eb29,98.806%,4,331,335,331,4,0,0
0x8ddae3,96.4286%,4,108,112,0,0,4,108
0xaa2f28,96.0784%,4,98,102,0,0,4,98
0x9f5bc7,0%,4,0,4,0,0,4,0
0xaae6e0,91.4894%,4,43,47,43,4,0,0
0x906b37,98.8827%,4,354,358,0,0,4,354
0x5bc3ca,82.6087%,4,19,23,0,0,4,19
0x811c02,99.4798%,4,765,769,0,0,4,765
0x5ff54a,50%,4,4,8,0,0,4,4
0x8d3e6d,73.3333%,4,11,15,1,2,2,10
0x790fd8,88.5714%,4,31,35,31,4,0,0
0x9e1a19,91.3043%,4,42,46,0,0,4,42
0x539bad,99.5%,4,796,800,0,0,4,796
0x90abcb,99.5354%,4,857,861,0,0,4,857
0x8bdcb3,42.8571%,4,3,7,0,0,4,3
0x6d1ef3,87.8788%,4,29,33,0,0,4,29
0x80a451,99.117%,4,449,453,0,0,4,449
0x64c682,96.6387%,4,115,119,115,4,0,0
0x4c0264,94.1176%,4,64,68,64,4,0,0
0x9a9b93,96.2264%,4,102,106,0,0,4,102
0x8dc385,0%,4,0,4,0,0,4,0
0x9e7d12,83.3333%,4,20,24,20,4,0,0
0x8dc3a3,0%,4,0,4,0,0,4,0
0x9f4758,50%,4,4,8,0,0,4,4
0xa2e123,98.3936%,4,245,249,0,0,4,245
0x49fc04,95.3488%,4,82,86,0,0,4,82
0x483c99,78.9474%,4,15,19,15,4,0,0
0x8e3382,75%,4,12,16,0,0,4,12
0x917608,98%,4,196,200,0,0,4,196
0x7898b2,89.1892%,4,33,37,33,4,0,0
0x8e7709,66.6667%,4,8,12,8,4,0,0
0x80a258,0%,4,0,4,0,4,0,0
0xa8abb9,97.7143%,4,171,175,171,4,0,0
0xaa7f08,66.6667%,4,8,12,0,0,4,8
0x65bc91,99.2079%,4,501,505,0,0,4,501
0xa8ab82,95.1807%,4,79,83,0,0,4,79
0x99e65e,69.2308%,4,9,13,0,0,4,9
0xa36bf5,42.8571%,4,3,7,0,0,4,3
0xa0bb0d,20%,4,1,5,1,4,0,0
0xa95683,0%,4,0,4,0,4,0,0
0xa9bac0,42.8571%,4,3,7,3,4,0,0
0x90e665,99.5609%,4,907,911,0,0,4,907
0x682e5a,66.6667%,4,8,12,0,0,4,8
0x9a7de8,90.6977%,4,39,43,0,0,4,39
0x90b187,94.2857%,4,66,70,0,0,4,66
0x9f7de8,20%,4,1,5,1,4,0,0
0xa7b3dd,20%,4,1,5,1,4,0,0
0x9f3a43,42.8571%,4,3,7,1,3,1,2
0xa94d57,0%,4,0,4,0,4,0,0
0x81c679,99.6572%,4,1163,1167,0,0,4,1163
0x6228ec,60%,4,6,10,6,4,0,0
0x7c79fc,83.3333%,4,20,24,0,0,4,20
0x9f6522,97.7654%,4,175,179,0,0,4,175
0xa27750,0%,4,0,4,0,0,4,0
0x819175,88.2353%,4,30,34,0,0,4,30
0xaab7fd,95.9596%,4,95,99,0,0,4,95
0x9a61a8,66.6667%,4,8,12,8,4,0,0
0x48e0c9,84%,4,21,25,0,0,4,21
0xa41e99,99.3958%,4,658,662,0,0,4,658
0x504787,42.8571%,4,3,7,0,0,4,3
0xa35530,66.6667%,4,8,12,0,0,4,8
0xa37530,60%,4,6,10,6,4,0,0
0x90ffc9,99.4118%,4,676,680,676,4,0,0
0x4bf751,83.3333%,4,20,24,0,0,4,20
0x5d265b,96.9925%,4,129,133,129,4,0,0
0x9095d9,99.7844%,4,1851,1855,1851,4,0,0
0xa32d03,84%,4,21,25,21,4,0,0
0x48770b,71.4286%,4,10,14,1,1,3,9
0x543cd5,92.3077%,4,48,52,0,0,4,48
0x48df03,90.2439%,4,37,41,0,0,4,37
0x90bbb1,81.8182%,4,18,22,18,4,0,0
0x909182,99.7846%,4,1853,1857,0,0,4,1853
0xa90452,96.4912%,4,110,114,0,0,4,110
0x5f3ae0,0%,4,0,4,0,4,0,0
0x6492ef,94.5946%,4,70,74,68,0,4,2
0x98cd77,88.5714%,4,31,35,0,0,4,31
0xa0f18c,33.3333%,4,2,6,0,0,4,2
0x9ed547,66.6667%,4,8,12,0,4,0,8
0x58d22f,95.6522%,4,88,92,27,3,1,61
0x909108,99.7846%,4,1853,1857,0,0,4,1853
0xa39e87,93.1034%,4,54,58,4,3,1,50
0x48c14b,95.9184%,4,94,98,0,0,4,94
0x9e2d78,75%,4,12,16,0,0,4,12
0x5089b9,0%,4,0,4,0,0,4,0
0xa6cb39,85.1852%,4,23,27,19,4,0,4
0xa337ef,84%,4,21,25,0,0,4,21
0xa9492c,83.3333%,4,20,24,0,0,4,20
0x512a2c,97.3333%,4,146,150,146,4,0,0
0xb2abc5,98.8439%,4,342,346,342,4,0,0
0x97ab1d,77.7778%,4,14,18,0,0,4,14
0x9f0a78,85.7143%,4,24,28,24,4,0,0
0x486fff,95.7895%,4,91,95,91,2,2,0
0x55607d,93.3333%,4,56,60,56,3,1,0
0x9ab63c,91.4894%,4,43,47,0,0,4,43
0x9e6ea7,50%,4,4,8,4,4,0,0
0x50b7ae,0%,4,0,4,0,0,4,0
0x9117e5,87.0968%,4,27,31,0,0,4,27
0xa984c3,0%,4,0,4,0,4,0,0
0x5f0883,98.6486%,4,292,296,0,0,4,292
0x5feae7,92.4528%,4,49,53,49,4,0,0
0x50f25b,89.4737%,4,34,38,0,4,0,34
0xa93e0b,66.6667%,4,8,12,8,4,0,0
0x5338b4,77.7778%,4,14,18,14,4,0,0
0x695f7a,83.3333%,4,20,24,0,0,4,20
0xa016bb,50%,4,4,8,4,2,2,0
0x9f07b7,42.8571%,4,3,7,0,3,1,3
0x9f7c96,55.5556%,4,5,9,5,4,0,0
0x49a523,0%,4,0,4,0,4,0,0
0xa4a000,33.3333%,4,2,6,0,0,4,2
0x97b95e,96.4912%,4,110,114,0,0,4,110
0x9a6f52,55.5556%,4,5,9,0,0,4,5
0x5f13ce,90%,4,36,40,0,0,4,36
0xa9cdb4,0%,4,0,4,0,0,4,0
0x544a34,77.7778%,4,14,18,9,0,4,5
0x9ef3f9,93.3333%,4,56,60,56,4,0,0
0x4a7b29,98.7342%,4,312,316,0,0,4,312
0xa15963,60%,4,6,10,2,4,0,4
0x65ae7f,69.2308%,4,9,13,0,0,4,9
0x5d147f,0%,4,0,4,0,0,4,0
0x54d925,75%,4,12,16,12,4,0,0
0xaef72d,0%,4,0,4,0,4,0,0
0x917781,97.8723%,4,184,188,184,4,0,0
0x980794,63.6364%,4,7,11,7,4,0,0
0x5f1328,93.75%,4,60,64,60,4,0,0
0xa56eb9,98.9583%,4,380,384,0,0,4,380
0x8efd7d,63.6364%,4,7,11,0,0,4,7
0x4a1b13,90.6977%,4,39,43,39,4,0,0
0x8f6a6d,73.3333%,4,11,15,11,4,0,0
0x97b838,55.5556%,4,5,9,0,0,4,5
0x9f93d4,87.5%,4,28,32,28,4,0,0
0xa35377,99.5662%,4,918,922,0,0,4,918
0x600100,85.1852%,4,23,27,0,0,4,23
0x6deb4f,0%,4,0,4,0,4,0,0
0x7dfc25,75%,4,12,16,4,4,0,8
0x97bb3f,88.2353%,4,30,34,0,0,4,30
0x8dfd73,98.3471%,4,238,242,0,0,4,238
0x556d78,96.1905%,4,101,105,0,0,4,101
0xa5306f,50%,4,4,8,4,4,0,0
0xa45028,99.3432%,4,605,609,0,4,0,605
0xa7b48a,0%,4,0,4,0,4,0,0
0x900bf6,98.8024%,4,330,334,0,0,4,330
0x8f4344,99.7245%,4,1448,1452,1448,4,0,0
0xaad29e,42.8571%,4,3,7,3,4,0,0
0xaad30f,42.8571%,4,3,7,3,4,0,0
0xb182b0,99.5943%,4,982,986,982,4,0,0
0x8066d9,77.7778%,4,14,18,0,0,4,14
0x81a6a2,99.9693%,4,13034,13038,13034,4,0,0
0x8dd0a8,96.0396%,4,97,101,0,0,4,97
0x969eb4,89.7436%,4,35,39,35,4,0,0
0xa53741,50%,4,4,8,0,0,4,4
0x534f9a,87.5%,4,28,32,0,0,4,28
0x804ebb,95.8333%,4,92,96,92,4,0,0
0x99ee96,69.2308%,4,9,13,9,4,0,0
0x4c185e,80%,4,16,20,0,4,0,16
0x53405e,33.3333%,4,2,6,1,3,1,1
0x5af864,92.4528%,4,49,53,49,4,0,0
0xa503b5,0%,4,0,4,0,4,0,0
0x51b5fc,20%,4,1,5,1,4,0,0
0xa508d0,0%,4,0,4,0,0,4,0
0x50bce7,83.3333%,4,20,24,16,4,0,4
0x5440ad,63.6364%,4,7,11,0,2,2,7
0x8df63d,55.5556%,4,5,9,5,0,4,0
0x678dc8,82.6087%,4,19,23,0,0,4,19
0x5ef0b0,77.7778%,4,14,18,13,3,1,1
0xa97e91,80%,4,16,20,16,4,0,0
0x901315,92%,4,46,50,0,0,4,46
0x95b613,0%,4,0,4,0,4,0,0
0x81bc9b,86.6667%,4,26,30,0,1,3,26
0x8fdb24,55.5556%,4,5,9,5,4,0,0
0x6cd01f,33.3333%,4,2,6,2,4,0,0
0x943db5,97.1223%,4,135,139,135,4,0,0
0x8ee560,90.4762%,4,38,42,0,0,4,38
0x6cd00d,33.3333%,4,2,6,0,0,4,2
0x7858f5,42.8571%,4,3,7,3,4,0,0
0xa4a176,91.3043%,4,42,46,0,4,0,42
0x640560,98%,4,196,200,196,4,0,0
0x58bc99,93.75%,4,60,64,0,0,4,60
0x48ec92,73.3333%,4,11,15,0,0,4,11
0xaabb9c,0%,4,0,4,0,4,0,0
0x4bb6e1,98.0861%,4,205,209,205,4,0,0
0xa3d0e7,50%,4,4,8,0,0,4,4
0x5127da,98.8858%,4,355,359,0,1,3,355
0x4c65be,85.7143%,4,24,28,24,2,2,0
0x818af6,97.9487%,4,191,195,1,0,4,190
0x409d92,98.2222%,4,221,225,221,4,0,0
0xa507f7,98.4436%,4,253,257,0,4,0,253
0x95b796,0%,4,0,4,0,4,0,0
0x5a9700,50%,4,4,8,2,3,1,2
0xa37231,50%,4,4,8,4,0,4,0
0x5baa0c,88.2353%,4,30,34,30,4,0,0
0x8fd7ae,73.3333%,4,11,15,0,0,4,11
0x9c3b4b,50%,4,4,8,0,0,4,4
0xa37a13,60%,4,6,10,0,0,4,6
0x8e1cc4,0%,4,0,4,0,4,0,0
0x4c9348,75%,4,12,16,12,0,4,0
0x5d9729,50%,4,4,8,4,4,0,0
0x9d0469,88.8889%,4,32,36,0,0,4,32
0x9c3b31,55.5556%,4,5,9,0,1,3,5
0x8f12a9,90%,4,36,40,0,0,4,36
0xa69f80,0%,4,0,4,0,4,0,0
0xa22e45,55.5556%,4,5,9,5,4,0,0
0xa40fc1,63.6364%,4,7,11,0,0,4,7
0x5b2074,78.9474%,4,15,19,0,1,3,15
0xa51a5f,66.6667%,4,8,12,2,3,1,6
0xa311a1,97.1631%,4,137,141,137,4,0,0
0x547ae6,63.6364%,4,7,11,0,0,4,7
0x9d1fba,96.0396%,4,97,101,0,0,4,97
0xa189e0,91.1111%,4,41,45,0,2,2,41
0x4c64bd,85.7143%,4,24,28,0,0,4,24
0xa7224e,42.8571%,4,3,7,0,0,4,3
0x54f3a2,76.4706%,4,13,17,13,4,0,0
0x5b2a76,91.4894%,4,43,47,1,1,3,42
0x9e11af,86.2069%,4,25,29,1,2,2,24
0x5bc9aa,0%,4,0,4,0,4,0,0
0x48d215,33.3333%,4,2,6,2,4,0,0
0xa85431,20%,4,1,5,0,0,4,1
0x40ed8d,50%,4,4,8,4,4,0,0
0x9595e7,0%,4,0,4,0,0,4,0
0xa50e71,0%,4,0,4,0,0,4,0
0x80a074,0%,4,0,4,0,4,0,0
0x64f4eb,66.6667%,4,8,12,8,4,0,0
0xa72264,42.8571%,4,3,7,3,0,4,0
0x4096f6,93.8462%,4,61,65,0,2,2,61
0x5fb8cb,92.7273%,4,51,55,0,0,4,51
0x9812fe,95%,4,76,80,0,0,4,76
0x9ef454,93.3333%,4,56,60,0,0,4,56
0x5931b4,71.4286%,4,10,14,0,0,4,10
0x5f80b4,0%,4,0,4,0,4,0,0
0x49a415,33.3333%,4,2,6,0,0,4,2
0x9773e9,66.6667%,4,8,12,8,4,0,0
0xaabb85,50%,4,4,8,4,0,4,0
0x722ea9,77.7778%,4,14,18,0,4,0,14
0x8ecb75,94.4444%,4,68,72,4,0,4,64
0x906c06,97.9592%,4,192,196,192,4,0,0
0x97b75b,88.5714%,4,31,35,31,4,0,0
0x405cbd,95.6522%,4,88,92,0,0,4,88
0x5bc418,99.5851%,4,960,964,960,4,0,0
0x9810b5,94.5946%,4,70,74,9,2,2,61
0x4417b7,63.6364%,4,7,11,0,0,4,7
0xa5c61c,60%,4,6,10,6,4,0,0
0x9f6510,97.7654%,4,175,179,0,0,4,175
0xa08ba2,55.5556%,4,5,9,3,1,3,2
0x844427,99.1379%,4,460,464,0,0,4,460
0x9fc6b9,66.6667%,4,8,12,0,2,2,8
0x84360b,0%,4,0,4,0,4,0,0
0x981372,93.5484%,4,58,62,0,0,4,58
0x5f404c,0%,4,0,4,0,0,4,0
0x966007,78.9474%,4,15,19,15,4,0,0
0x80c507,20%,4,1,5,1,4,0,0
0x9fe0f0,84%,4,21,25,21,4,0,0
0xaa25a8,81.8182%,4,18,22,0,0,4,18
0x50520b,99.4595%,4,736,740,0,0,4,736
0x9799f7,50%,4,4,8,0,0,4,4
0x9aa3f8,73.3333%,4,11,15,11,4,0,0
0x9f35e7,0%,4,0,4,0,4,0,0
0xa087f2,0%,4,0,4,0,4,0,0
0x9f07a5,42.8571%,4,3,7,1,1,3,2
0x4c97c7,42.8571%,4,3,7,3,4,0,0
0x806689,0%,4,0,4,0,0,4,0
0x9fe10f,84%,4,21,25,0,0,4,21
0xa4bc38,97.8022%,4,178,182,2,0,4,176
0xa30b19,99.763%,4,1684,1688,0,0,4,1684
0xa3138a,95.2941%,4,81,85,0,0,4,81
0x9bdf96,91.6667%,4,44,48,16,0,4,28
0x8a9117,85.1852%,4,23,27,0,0,4,23
0x4bc7ef,96.8504%,4,123,127,123,4,0,0
0x4414b7,92.9825%,4,53,57,0,0,4,53
0x441637,63.6364%,4,7,11,0,0,4,7
0xa47039,81.8182%,4,18,22,0,0,4,18
0x53dd04,50%,4,4,8,4,4,0,0
0x9eb671,94.0299%,4,63,67,0,4,0,63
0xa90fa2,85.7143%,4,24,28,24,4,0,0
0x809fdc,98.7768%,4,323,327,323,4,0,0
0x88df7d,33.3333%,4,2,6,0,0,4,2
0x95191c,95.6044%,4,87,91,87,4,0,0
0x8f31a8,69.2308%,4,9,13,9,4,0,0
0xa297f6,0%,4,0,4,0,0,4,0
0xa49a4d,0%,4,0,4,0,4,0,0
0x4801c3,78.9474%,4,15,19,15,4,0,0
0x8092c1,88.5714%,4,31,35,30,4,0,1
0x40e96a,20%,4,1,5,1,4,0,0
0xa901cd,93.6508%,4,59,63,38,0,4,21
0x7ce82c,87.5%,4,28,32,28,4,0,0
0x64752b,80.9524%,4,17,21,0,0,4,17
0xab32c9,97.6744%,4,168,172,0,0,4,168
0xb1c3db,95.122%,4,78,82,0,0,4,78
0x97ab10,77.7778%,4,14,18,0,0,4,14
0x9a82a7,71.4286%,4,10,14,10,4,0,0
0x9eefb1,33.3333%,4,2,6,2,4,0,0
0x9e791b,96.7213%,4,118,122,114,2,2,4
0x9c4d5c,20%,4,1,5,0,0,4,1
0x9c504b,50%,4,4,8,0,4,0,4
0x959645,96.875%,4,124,128,3,1,3,121
0x9d1bc5,78.9474%,4,15,19,0,2,2,15
0x9c4edf,0%,4,0,4,0,4,0,0
0x441797,63.6364%,4,7,11,0,0,4,7
0x9fe177,84%,4,21,25,0,0,4,21
0x8a9813,99.9694%,4,13048,13052,0,0,4,13048
0x722a06,98.8201%,4,335,339,0,0,4,335
0x670904,80%,4,16,20,16,4,0,0
0x9733c8,90%,4,36,40,0,0,4,36
0x692404,60%,4,6,10,0,0,4,6
0x9e18ee,93.9394%,4,62,66,62,4,0,0
0x63ae5e,98.3402%,4,237,241,237,4,0,0
0x793e69,33.3333%,4,2,6,2,4,0,0
0x540a66,71.4286%,4,10,14,5,3,1,5
0xa4e8fe,97.5%,4,156,160,0,0,4,156
0xa96f3d,78.9474%,4,15,19,2,4,0,13
0x7c75e9,0%,4,0,4,0,0,4,0
0xaa4616,95.9596%,4,95,99,0,0,4,95
0x53ec60,20%,4,1,5,0,0,4,1
0x5d3032,0%,4,0,4,0,4,0,0
0xa8e675,20%,4,1,5,0,4,0,1
0x63ad5f,98.9583%,4,380,384,380,4,0,0
0x8a67e5,55.5556%,4,5,9,5,4,0,0
0xa482d0,50%,4,4,8,0,0,4,4
0x8c82d1,87.5%,4,28,32,0,0,4,28
0x5f960e,50%,4,4,8,4,4,0,0
0xa31b3b,97.8022%,4,178,182,0,0,4,178
0xb498ad,60%,4,6,10,0,0,4,6
0x8dc44e,0%,4,0,4,0,0,4,0
0x8f3516,66.6667%,4,8,12,8,4,0,0
0x9ec41b,50%,4,4,8,1,4,0,3
0x5fe87c,81.8182%,4,18,22,18,4,0,0
0x83a9b3,73.3333%,4,11,15,9,3,1,2
0x4aaeeb,63.6364%,4,7,11,0,0,4,7
0x8f48aa,99.7108%,4,1379,1383,1379,4,0,0
0x9f3a5e,33.3333%,4,2,6,0,1,3,2
0x943d0b,50%,4,4,8,4,4,0,0
0x96a4e6,94.4444%,4,68,72,68,4,0,0
0x9ec310,90%,4,36,40,0,0,4,36
0xa0a5b8,50%,4,4,8,0,0,4,4
0x8dbd85,97.8495%,4,182,186,182,4,0,0
0x5f86a9,94.7368%,4,72,76,0,0,4,72
0x441d12,63.6364%,4,7,11,7,4,0,0
0x5f91ab,55.5556%,4,5,9,1,0,4,4
0x95b47c,63.6364%,4,7,11,7,4,0,0
0x9e1616,85.1852%,4,23,27,23,4,0,0
0x5fb69c,94.6667%,4,71,75,0,0,4,71
0x94ed3d,86.6667%,4,26,30,0,0,4,26
0x4c73ab,77.7778%,4,14,18,14,4,0,0
0x81b750,78.9474%,4,15,19,0,4,0,15
0xa723d9,0%,4,0,4,0,0,4,0
0x5ec317,87.0968%,4,27,31,0,0,4,27
0x4416ce,63.6364%,4,7,11,0,0,4,7
0xa66203,85.1852%,4,23,27,0,0,4,23
0x5ae64a,84%,4,21,25,19,2,2,2
0x5afe4c,80.9524%,4,17,21,17,4,0,0
0x5bab3b,96.6387%,4,115,119,0,0,4,115
0x68a8ef,94.7368%,4,72,76,72,4,0,0
0xa17faf,98.9333%,4,371,375,0,0,4,371
0xa3d0a5,50%,4,4,8,0,0,4,4
0xa98d84,20%,4,1,5,0,3,1,1
0xa586fc,50%,4,4,8,2,2,2,2
0x5f53ea,66.6667%,4,8,12,0,0,4,8
0x7d2ca8,0%,4,0,4,0,4,0,0
0xa3ba4d,97.2222%,4,140,144,0,4,0,140
0x95b38f,0%,4,0,4,0,0,4,0
0x95ae90,82.6087%,4,19,23,19,4,0,0
0x9f861c,71.4286%,4,10,14,0,3,1,10
0x4b56b4,96.0784%,4,98,102,0,0,4,98
0x80e56b,94.5205%,4,69,73,69,4,0,0
0x90a87b,94.5946%,4,70,74,0,0,4,70
0xa96f6d,73.3333%,4,11,15,0,0,4,11
0x8ea774,0%,4,0,4,0,4,0,0
0x90ec8b,98%,4,196,200,0,0,4,196
0xa08c6b,0%,4,0,4,0,0,4,0
0x8e5ee9,87.5%,4,28,32,0,0,4,28
0x5ff383,88.2353%,4,30,34,13,4,0,17
0x9fe3f5,96.9466%,4,127,131,0,0,4,127
0x59edc6,50%,4,4,8,2,2,2,2
0x5b8e14,0%,4,0,4,0,4,0,0
0xa27773,0%,4,0,4,0,0,4,0
0x95ad2a,0%,4,0,4,0,0,4,0
0x6708e8,80%,4,16,20,0,0,4,16
0x40abc9,20%,4,1,5,1,4,0,0
0xa4fb9b,0%,4,0,4,0,4,0,0
0xb0c67f,99.8054%,4,2052,2056,2052,4,0,0
0x8e5edf,87.5%,4,28,32,0,0,4,28
0xb4999d,63.6364%,4,7,11,0,0,4,7
0x49ff45,99.8716%,4,3112,3116,3112,4,0,0
0x7b862b,55.5556%,4,5,9,3,4,0,2
0x8e1262,75%,4,12,16,0,0,4,12
0x546621,0%,4,0,4,0,0,4,0
0x981dae,0%,4,0,4,0,4,0,0
0x4c5ff6,75%,4,12,16,12,4,0,0
0x8e4eaa,98.4496%,4,254,258,0,0,4,254
0x6cfc35,0%,4,0,4,0,0,4,0
0xa3feee,77.7778%,4,14,18,0,0,4,14
0x4b6f03,85.7143%,4,24,28,24,4,0,0
0x959a44,66.6667%,4,8,12,4,4,0,4
0x4b3876,80%,4,16,20,0,0,4,16
0x80d530,95.4545%,4,84,88,84,4,0,0
0xa07b08,42.8571%,4,3,7,3,4,0,0
0x643a17,83.3333%,4,20,24,0,0,4,20
0xa412a2,50%,4,4,8,4,4,0,0
0x8a710c,92.8571%,4,52,56,52,4,0,0
0xa91cbb,98.6577%,4,294,298,0,0,4,294
0x7f370d,73.3333%,4,11,15,7,4,0,4
0x95b0ee,0%,4,0,4,0,4,0,0
0x550db0,83.3333%,4,20,24,0,0,4,20
0x8a74af,98.4496%,4,254,258,0,0,4,254
0x97864c,60%,4,6,10,6,4,0,0
0x5b8e5d,0%,4,0,4,0,4,0,0
0x94bc65,75%,4,12,16,0,0,4,12
0x65c6ae,0%,4,0,4,0,0,4,0
0x95a783,0%,4,0,4,0,4,0,0
0x90e89a,99.5838%,4,957,961,957,4,0,0
0x9c4f52,0%,4,0,4,0,4,0,0
0x9e1606,85.1852%,4,23,27,0,0,4,23
0x959cc8,0%,4,0,4,0,4,0,0
0x959d45,0%,4,0,4,0,4,0,0
0x983fa8,50%,4,4,8,0,0,4,4
0x7c20d0,66.6667%,4,8,12,0,0,4,8
0xa39862,0%,4,0,4,0,0,4,0
0x83be87,20%,4,1,5,1,4,0,0
0x69656f,98.9924%,4,393,397,393,4,0,0
0xa29702,42.8571%,4,3,7,0,3,1,3
0xab1e27,0%,4,0,4,0,0,4,0
0xa39858,0%,4,0,4,0,0,4,0
0x7a11cc,88.5714%,4,31,35,2,4,0,29
0xa9a3c4,20%,4,1,5,1,4,0,0
0x9746a1,94.1176%,4,64,68,0,0,4,64
0x95a9c9,0%,4,0,4,0,0,4,0
0x9eb67b,93.6508%,4,59,63,59,4,0,0
0x8e204c,98.6207%,4,286,290,286,4,0,0
0x8dce06,0%,4,0,4,0,4,0,0
0x40a972,95.6044%,4,87,91,87,4,0,0
0x8a71f4,98.5714%,4,276,280,276,4,0,0
0x90224c,99.7626%,4,1681,1685,1681,4,0,0
0x638f91,98.8166%,4,334,338,334,4,0,0
0x5b9c1b,94.5205%,4,69,73,0,0,4,69
0x80b37f,33.3333%,4,2,6,1,4,0,1
0x638f7c,98.8166%,4,334,338,0,0,4,334
0x40a138,69.2308%,4,9,13,1,1,3,8
0x5f0f9a,88.2353%,4,30,34,30,4,0,0
0xa50da1,0%,4,0,4,0,0,4,0
0x90b18e,94.2857%,4,66,70,66,4,0,0
0x7d09dc,99.3631%,4,624,628,624,4,0,0
0xa9687d,98.2301%,4,222,226,0,0,4,222
0x67f320,97.0149%,4,130,134,130,4,0,0
0xa2e7cd,95.2941%,4,81,85,0,0,4,81
0x5ffaf2,91.3043%,4,42,46,0,0,4,42
0x54d686,80%,4,16,20,0,0,4,16
0x58e748,33.3333%,4,2,6,2,4,0,0
0x95a7d1,0%,4,0,4,0,4,0,0
0x4048a7,86.2069%,4,25,29,0,0,4,25
0xa4dfcc,0%,4,0,4,0,4,0,0
0x8f61cd,71.4286%,4,10,14,0,2,2,10
0x4bc8b8,95.7447%,4,90,94,90,4,0,0
0x409bc2,90.2439%,4,37,41,37,4,0,0
0x409d42,69.2308%,4,9,13,0,0,4,9
0x97462b,96.2264%,4,102,106,0,0,4,102
0xb2ad43,99.6146%,4,1034,1038,0,0,4,1034
0x409d4c,69.2308%,4,9,13,6,0,4,3
0x5c4742,50%,4,4,8,0,0,4,4
0x5cd897,0%,4,0,4,0,4,0,0
0x974683,90%,4,36,40,36,2,2,0
0xa8e4bd,33.3333%,4,2,6,0,2,2,2
0x908f39,99.7764%,4,1785,1789,976,2,2,809
0x64f282,0%,4,0,4,0,4,0,0
0x554ca0,93.75%,4,60,64,0,0,4,60
0x404f07,83.3333%,4,20,24,10,2,2,10
0xa2aa17,96.4602%,4,109,113,109,1,3,0
0x8e9e1d,0%,4,0,4,0,0,4,0
0xa06f56,55.5556%,4,5,9,0,0,4,5
0xa2da62,71.4286%,4,10,14,0,0,4,10
0xa94a36,98.2143%,4,220,224,0,0,4,220
0x8e4b8d,97.7528%,4,174,178,0,0,4,174
0x53a490,69.2308%,4,9,13,9,3,1,0
0xa48667,0%,4,0,4,0,4,0,0
0x815b0f,90.2439%,4,37,41,0,0,4,37
0x507383,63.6364%,4,7,11,0,0,4,7
0x900cbe,98.8024%,4,330,334,0,0,4,330
0x983f00,93.75%,4,60,64,0,0,4,60
0x5f9e33,33.3333%,4,2,6,0,0,4,2
0xa5cfaf,96.5217%,4,111,115,0,0,4,111
0x66731e,87.0968%,4,27,31,0,0,4,27
0x8ddb19,96.4286%,4,108,112,0,0,4,108
0x556fa3,98.3806%,4,243,247,0,0,4,243
0x9e62ed,78.9474%,4,15,19,15,4,0,0
0xa5f582,97.7011%,4,170,174,0,0,4,170
0xa06ee3,89.4737%,4,34,38,25,4,0,9
0x7f0c0a,0%,4,0,4,0,4,0,0
0x67adab,99.8549%,4,2753,2757,2753,4,0,0
0x9fb6c9,93.3333%,4,56,60,56,4,0,0
0xa2e81e,96.6667%,4,116,120,0,0,4,116
0x95b122,50%,4,4,8,4,0,4,0
0xa96c19,20%,4,1,5,0,2,2,1
0xa3ef0b,50%,4,4,8,4,4,0,0
0x40bc36,96.1165%,4,99,103,99,0,4,0
0xa430e1,0%,4,0,4,0,4,0,0
0x49c107,95.7895%,4,91,95,0,0,4,91
0x8f7c0f,97.4522%,4,153,157,153,2,2,0
0x917759,97.8723%,4,184,188,0,0,4,184
0x7f0025,78.9474%,4,15,19,0,1,3,15
0x789147,69.2308%,4,9,13,0,3,1,9
0x959efd,0%,4,0,4,0,4,0,0
0x60e124,93.9394%,4,62,66,62,4,0,0
0xa3e2c8,75%,4,12,16,12,4,0,0
0x482c30,78.9474%,4,15,19,0,0,4,15
0x48b294,98.7539%,4,317,321,0,0,4,317
0x9e6292,94.4444%,4,68,72,0,0,4,68
0x8ebed3,50%,4,4,8,0,0,4,4
0xa955c1,0%,4,0,4,0,0,4,0
0x5da0c6,0%,4,0,4,0,4,0,0
0xaac3e4,0%,4,0,4,0,0,4,0
0xa59c4a,50%,4,4,8,3,2,2,1
0x609bb3,98.4127%,4,248,252,0,0,4,248
0x819bc3,98.5816%,4,278,282,0,0,4,278
0xaac3b2,0%,4,0,4,0,0,4,0
0xa41163,50%,4,4,8,0,0,4,4
0xa5f8af,50%,4,4,8,0,0,4,4
0xa3e2e2,75%,4,12,16,4,4,0,8
0x40bd9f,0%,4,0,4,0,4,0,0
0x99a01e,0%,4,0,4,0,4,0,0
0x97bb55,96.4912%,4,110,114,0,0,4,110
0x80a434,20%,4,1,5,1,4,0,0
0x97a45f,77.7778%,4,14,18,0,0,4,14
0x7911e6,81.8182%,4,18,22,0,0,4,18
0x50ef35,78.9474%,4,15,19,0,0,4,15
0xa04ba4,90.4762%,4,38,42,0,4,0,38
0x809375,98.7879%,4,326,330,0,0,4,326
0x50eebb,95.1807%,4,79,83,0,0,4,79
0x8a9ef5,97.7901%,4,177,181,0,0,4,177
0x8edddf,99.1131%,4,447,451,0,0,4,447
0x547ee7,99.2661%,4,541,545,0,0,4,541
0x7f0c99,94.6667%,4,71,75,0,0,4,71
0x9110c8,92.4528%,4,49,53,0,0,4,49
0x9be987,75%,4,12,16,0,2,2,12
0x5b1772,60%,4,6,10,0,0,4,6
0xa3d8f8,50%,4,4,8,0,0,4,4
0x94c88e,75%,4,12,16,12,4,0,0
0x65a0df,99.734%,4,1500,1504,1500,4,0,0
0x80a5d1,20%,4,1,5,1,4,0,0
0x9fb749,98.6928%,4,302,306,0,0,4,302
0x9595d1,0%,4,0,4,0,4,0,0
0x80ca84,98.5816%,4,278,282,278,4,0,0
0xa97aae,20%,4,1,5,1,4,0,0
0x6808f0,99.5619%,4,909,913,0,0,4,909
0xa352ee,77.7778%,4,14,18,5,4,0,9
0xa4cb86,0%,4,0,4,0,0,4,0
0x95a7a2,0%,4,0,4,0,0,4,0
0xa56fe5,95.122%,4,78,82,0,0,4,78
0x5b8fc9,0%,4,0,4,0,4,0,0
0x81f963,94.9367%,4,75,79,0,0,4,75
0x8ea676,0%,4,0,4,0,0,4,0
0x441617,63.6364%,4,7,11,0,0,4,7
0x5dae37,0%,4,0,4,0,4,0,0
0x5f9e19,33.3333%,4,2,6,0,0,4,2
0x5f3eff,0%,4,0,4,0,4,0,0
0x502a25,93.6508%,4,59,63,0,0,4,59
0x4ac74a,80%,4,16,20,0,0,4,16
0xa43acd,96.9466%,4,127,131,127,4,0,0
0x5ff4f0,0%,4,0,4,0,0,4,0
0x607061,80%,4,16,20,16,4,0,0
0xa2d4b5,0%,4,0,4,0,4,0,0
0xa8f9ab,95.2941%,4,81,85,81,4,0,0
0x8e9bd1,98.7179%,3,231,234,0,0,3,231
0x40452f,99.5885%,3,726,729,726,3,0,0
0x4c2113,98.1132%,3,156,159,156,3,0,0
0x49cd3e,40%,3,2,5,2,3,0,0
0x70d740,0%,3,0,3,0,3,0,0
0x4c20ea,98.1132%,3,156,159,0,0,3,156
0x9a3eda,89.2857%,3,25,28,0,0,3,25
0x48fae9,0%,3,0,3,0,3,0,0
0x547ec2,99.5261%,3,630,633,630,3,0,0
0x5f27e2,90.3226%,3,28,31,24,2,1,4
0xa9072d,99.2126%,3,378,381,0,0,3,378
0x48f453,50%,3,3,6,1,2,1,2
0x5fb203,98.9437%,3,281,284,0,2,1,281
0xa64c84,62.5%,3,5,8,0,2,1,5
0x70d72f,0%,3,0,3,0,0,3,0
0x5ffbe1,93.4783%,3,43,46,0,0,3,43
0x5c6ce9,99.4854%,3,580,583,0,0,3,580
0x8340c3,50%,3,3,6,0,2,1,3
0xa58f18,97.479%,3,116,119,0,0,3,116
0x88a152,86.3636%,3,19,22,19,3,0,0
0x780a36,78.5714%,3,11,14,0,0,3,11
0x9a0a6b,89.2857%,3,25,28,0,0,3,25
0x64f224,82.3529%,3,14,17,14,3,0,0
0x80ae7b,91.4286%,3,32,35,0,2,1,32
0x59167b,0%,3,0,3,0,0,3,0
0x783e13,72.7273%,3,8,11,8,3,0,0
0x50595d,96.3415%,3,79,82,79,3,0,0
0x4c658e,89.2857%,3,25,28,16,0,3,9
0x5fa82d,95.6522%,3,66,69,0,0,3,66
0x817201,98.125%,3,157,160,0,3,0,157
0x81e52c,96.1538%,3,75,78,75,1,2,0
0xaadc2c,99.0769%,3,322,325,0,0,3,322
0xa510ad,95.4545%,3,63,66,0,0,3,63
0x9a0bbd,89.2857%,3,25,28,0,0,3,25
0x5b0196,85.7143%,3,18,21,0,3,0,18
0x8edd96,99.3348%,3,448,451,0,0,3,448
0x5b1b17,93.3333%,3,42,45,42,3,0,0
0x67ef1b,70%,3,7,10,7,3,0,0
0x4c62ab,93.1818%,3,41,44,41,3,0,0
0x8eb04f,50%,3,3,6,0,0,3,3
0x618a3c,95.7143%,3,67,70,0,0,3,67
0x5062c8,99.5363%,3,644,647,0,0,3,644
0xa07fac,40%,3,2,5,2,2,1,0
0x490c0e,50%,3,3,6,0,0,3,3
0x88a03e,82.3529%,3,14,17,0,0,3,14
0x9f2877,99.4755%,3,569,572,569,3,0,0
0xa55f40,0%,3,0,3,0,3,0,0
0x900ffa,91.8919%,3,34,37,0,0,3,34
0x59162f,0%,3,0,3,0,3,0,0
0x7bdb3e,62.5%,3,5,8,0,0,3,5
0x7cd1cc,62.5%,3,5,8,5,3,0,0
0xb47654,81.25%,3,13,16,0,0,3,13
0x4bb10c,98.9726%,3,289,292,289,3,0,0
0x9fdcba,57.1429%,3,4,7,0,0,3,4
0x9fc568,78.5714%,3,11,14,0,0,3,11
0xa53d25,98.1707%,3,161,164,0,0,3,161
0x5fad9d,93.75%,3,45,48,0,0,3,45
0x9f93cd,91.1765%,3,31,34,0,2,1,31
0x4beec1,90.9091%,3,30,33,0,0,3,30
0xb22ba7,99.8394%,3,1865,1868,0,0,3,1865
0x4bbf01,99.6855%,3,951,954,0,0,3,951
0x6a395b,95.3125%,3,61,64,61,3,0,0
0xa96536,25%,3,1,4,1,3,0,0
0x5e17c7,97.7444%,3,130,133,130,3,0,0
0x80939b,99.0909%,3,327,330,0,0,3,327
0x98b4a7,98.3146%,3,175,178,0,0,3,175
0xa4387f,95%,3,57,60,11,1,2,46
0xa920ec,25%,3,1,4,0,0,3,1
0x5b349f,93.3333%,3,42,45,42,3,0,0
0x5f4085,57.1429%,3,4,7,0,3,0,4
0x491963,95.8333%,3,69,72,0,0,3,69
0x58d925,50%,3,3,6,3,3,0,0
0x906acd,99.162%,3,355,358,355,3,0,0
0x8115f1,99.6441%,3,840,843,840,1,2,0
0xa02772,88.8889%,3,24,27,0,0,3,24
0x4c5eba,93.0233%,3,40,43,0,0,3,40
0x9ef2ad,97.8723%,3,138,141,0,0,3,138
0x5b2734,93.4783%,3,43,46,43,3,0,0
0x5f5657,25%,3,1,4,1,3,0,0
0x4c8e0d,97.7444%,3,130,133,0,0,3,130
0x7942ed,81.25%,3,13,16,13,3,0,0
0xa02a05,75%,3,9,12,0,0,3,9
0x49c5da,50%,3,3,6,0,0,3,3
0x99124c,83.3333%,3,15,18,15,3,0,0
0x6923da,70%,3,7,10,0,0,3,7
0x8ffdd5,62.5%,3,5,8,0,0,3,5
0x49c6da,50%,3,3,6,1,1,2,2
0x64b53a,75%,3,9,12,0,0,3,9
0x60dbf7,98.9051%,3,271,274,271,3,0,0
0x9e5ec4,82.3529%,3,14,17,14,3,0,0
0x6dcc17,92.8571%,3,39,42,38,3,0,1
0x58d9f8,95.7143%,3,67,70,67,3,0,0
0xa2e8d9,94.3396%,3,50,53,0,0,3,50
0x600117,88.8889%,3,24,27,0,0,3,24
0xa94995,87.5%,3,21,24,21,3,0,0
0x4a97cc,25%,3,1,4,1,3,0,0
0x6f5524,99.3776%,3,479,482,0,0,3,479
0x59c588,96.7033%,3,88,91,0,0,3,88
0x9e6063,83.3333%,3,15,18,15,3,0,0
0x81589e,66.6667%,3,6,9,6,3,0,0
0x8df916,25%,3,1,4,0,1,2,1
0x9f858b,66.6667%,3,6,9,0,0,3,6
0x905279,97.8102%,3,134,137,134,3,0,0
0x7c7a9b,90.625%,3,29,32,6,2,1,23
0x40bd58,25%,3,1,4,1,3,0,0
0x9e790e,97.541%,3,119,122,0,0,3,119
0xa9036d,97.7099%,3,128,131,128,3,0,0
0x55813e,99.2519%,3,398,401,398,3,0,0
0x7c7acf,87.5%,3,21,24,0,0,3,21
0x5a963e,62.5%,3,5,8,0,0,3,5
0xa94a82,96.0526%,3,73,76,0,0,3,73
0x81492d,99.0909%,3,327,330,0,0,3,327
0xa57b23,92.6829%,3,38,41,0,2,1,38
0xa496b6,92.8571%,3,39,42,39,3,0,0
0x88e01d,50%,3,3,6,3,3,0,0
0x97b8c7,92.6829%,3,38,41,0,0,3,38
0xa9019a,95.2381%,3,60,63,0,0,3,60
0x9c382b,96.5116%,3,83,86,0,0,3,83
0xa46ad5,94.6429%,3,53,56,53,3,0,0
0x4a7b17,99.0937%,3,328,331,15,0,3,313
0x77b9f7,87.5%,3,21,24,20,2,1,1
0xa470ec,86.3636%,3,19,22,0,3,0,19
0x4be7fc,88.8889%,3,24,27,0,0,3,24
0x5fe83c,0%,3,0,3,0,0,3,0
0xa8f74e,25%,3,1,4,0,0,3,1
0x5fe7a5,97.1429%,3,102,105,0,0,3,102
0x81b22b,99.4242%,3,518,521,0,0,3,518
0xa48271,75%,3,9,12,9,3,0,0
0x4b9d2f,85.7143%,3,18,21,0,0,3,18
0x682cf7,75%,3,9,12,9,3,0,0
0xa39d0c,96.3855%,3,80,83,0,0,3,80
0x78151c,99.5569%,3,674,677,0,0,3,674
0x9a3f74,89.2857%,3,25,28,25,3,0,0
0x48b330,99.0654%,3,318,321,0,0,3,318
0x4b7327,72.7273%,3,8,11,8,3,0,0
0x4bbd35,94.6429%,3,53,56,0,0,3,53
0x4bb941,97.3214%,3,109,112,54,2,1,55
0x5fb70b,94.5455%,3,52,55,0,0,3,52
0x9feaeb,57.1429%,3,4,7,4,3,0,0
0x9097af,97.4359%,3,114,117,114,3,0,0
0x4ac8e5,50%,3,3,6,3,0,3,0
0xa358ee,99.7003%,3,998,1001,0,0,3,998
0xa59301,80%,3,12,15,0,0,3,12
0x48f0c0,0%,3,0,3,0,3,0,0
0x65b061,76.9231%,3,10,13,10,3,0,0
0x54d171,82.3529%,3,14,17,14,3,0,0
0x81670f,62.5%,3,5,8,0,0,3,5
0x59168b,0%,3,0,3,0,0,3,0
0xa5757a,92.6829%,3,38,41,0,0,3,38
0x5960c9,76.9231%,3,10,13,0,0,3,10
0x49439f,82.3529%,3,14,17,0,0,3,14
0x817e5a,98.8%,3,247,250,0,0,3,247
0x5fba07,99.2268%,3,385,388,0,2,1,385
0x909096,99.8384%,3,1854,1857,1854,3,0,0
0x99de18,80%,3,12,15,12,3,0,0
0x8171b2,40%,3,2,5,2,3,0,0
0x8340ee,25%,3,1,4,0,0,3,1
0x4b8683,72.7273%,3,8,11,0,0,3,8
0x54cf1f,0%,3,0,3,0,3,0,0
0xa44768,94.2308%,3,49,52,0,0,3,49
0xa91244,25%,3,1,4,1,3,0,0
0xa51209,75%,3,9,12,0,0,3,9
0x5a96f4,62.5%,3,5,8,0,0,3,5
0x90670c,97.5806%,3,121,124,0,0,3,121
0x7c6a50,62.5%,3,5,8,5,3,0,0
0x4be362,72.7273%,3,8,11,0,0,3,8
0x4b7bbd,72.7273%,3,8,11,8,2,1,0
0x9bc87e,97.6378%,3,124,127,124,1,2,0
0x9eb1e7,94.6429%,3,53,56,53,3,0,0
0x5501b7,97.7941%,3,133,136,0,0,3,133
0x99e081,80%,3,12,15,0,0,3,12
0x980eba,95.9459%,3,71,74,0,0,3,71
0x8a78cc,98.8327%,3,254,257,254,0,3,0
0x59c55d,98.8848%,3,266,269,0,0,3,266
0x8dba32,98.75%,3,237,240,0,0,3,237
0x5c83b1,50%,3,3,6,3,3,0,0
0x4b7b36,72.7273%,3,8,11,8,3,0,0
0x5b305e,93.3333%,3,42,45,42,3,0,0
0xa5a018,57.1429%,3,4,7,0,0,3,4
0x8168b8,85.7143%,3,18,21,0,0,3,18
0x643990,91.1765%,3,31,34,31,3,0,0
0x815256,50%,3,3,6,3,3,0,0
0x811f3b,99.4455%,3,538,541,0,0,3,538
0x547e87,99.4495%,3,542,545,0,0,3,542
0xa3789f,70%,3,7,10,0,0,3,7
0x81ee47,99.6633%,3,888,891,0,0,3,888
0x40aa1f,94.4444%,3,51,54,0,0,3,51
0x9ff63b,76.9231%,3,10,13,0,0,3,10
0x65163e,40%,3,2,5,2,3,0,0
0x606d17,62.5%,3,5,8,5,3,0,0
0x5b8dd8,62.5%,3,5,8,2,2,1,3
0x8a5d80,98.6239%,3,215,218,215,3,0,0
0x4a9beb,70%,3,7,10,7,1,2,0
0x5ec2db,90.3226%,3,28,31,28,3,0,0
0x4b4f07,70%,3,7,10,7,1,2,0
0x5db5da,25%,3,1,4,1,3,0,0
0x8f3777,99.0625%,3,317,320,0,0,3,317
0x5b8de0,25%,3,1,4,0,0,3,1
0x4024ff,96.9388%,3,95,98,95,3,0,0
0x4b5ffb,97.2727%,3,107,110,0,0,3,107
0x5da2bd,25%,3,1,4,1,3,0,0
0x8a70ae,94.6429%,3,53,56,0,0,3,53
0x503364,92.6829%,3,38,41,0,2,1,38
0x8e3868,93.75%,3,45,48,0,0,3,45
0xa495f9,99.2574%,3,401,404,401,3,0,0
0x80e6de,96.3855%,3,80,83,0,0,3,80
0x8088aa,98.7013%,3,228,231,0,0,3,228
0x4bcbc5,0%,3,0,3,0,3,0,0
0x90fd56,98.9286%,3,277,280,0,0,3,277
0x805f41,98.6726%,3,223,226,0,0,3,223
0xa3747b,90.625%,3,29,32,29,3,0,0
0x4bb85e,98.5294%,3,201,204,0,0,3,201
0xa94cae,25%,3,1,4,0,0,3,1
0x4bb9f0,85.7143%,3,18,21,18,3,0,0
0xa4588c,92.6829%,3,38,41,0,0,3,38
0x9ef280,98.2759%,3,171,174,171,3,0,0
0x666f21,25%,3,1,4,0,0,3,1
0x4bf212,96.5116%,3,83,86,83,3,0,0
0x540f69,62.5%,3,5,8,0,3,0,5
0x81cb8f,98.2558%,3,169,172,0,0,3,169
0xa584b0,70%,3,7,10,7,3,0,0
0x606e9c,85%,3,17,20,10,0,3,7
0xaabb7d,62.5%,3,5,8,0,0,3,5
0x6ccfab,50%,3,3,6,0,0,3,3
0x9fb5ab,98.6486%,3,219,222,219,3,0,0
0x6ccfbc,50%,3,3,6,0,0,3,3
0xa48d00,98.2036%,3,164,167,164,3,0,0
0xa4bcaa,25%,3,1,4,1,3,0,0
0x9ef1b5,98.2759%,3,171,174,171,3,0,0
0x8fd827,50%,3,3,6,0,0,3,3
0xa36d66,92.8571%,3,39,42,39,3,0,0
0x6ccfec,50%,3,3,6,0,0,3,3
0x9f636c,0%,3,0,3,0,3,0,0
0x50a2f3,25%,3,1,4,0,0,3,1
0x63d762,97.8723%,3,138,141,138,0,3,0
0xa36777,94.4444%,3,51,54,0,0,3,51
0xa04193,40%,3,2,5,0,1,2,2
0x495d95,92.1053%,3,35,38,35,3,0,0
0x9d06ac,95.3846%,3,62,65,62,3,0,0
0xa4bde9,25%,3,1,4,0,0,3,1
0x80437d,66.6667%,3,6,9,6,3,0,0
0x7235cf,99.7925%,3,1443,1446,0,0,3,1443
0x66d3e8,50%,3,3,6,3,3,0,0
0x620fc9,40%,3,2,5,2,3,0,0
0x8fd78f,80%,3,12,15,12,3,0,0
0xaa4f72,97.9592%,3,144,147,144,3,0,0
0x9d0a29,94.1176%,3,48,51,0,0,3,48
0x99c5ba,98.0132%,3,148,151,148,3,0,0
0x40bc8e,99.6134%,3,773,776,0,1,2,773
0xa3fdd3,89.2857%,3,25,28,0,0,3,25
0xa961ff,87.5%,3,21,24,0,0,3,21
0x507817,83.3333%,3,15,18,15,3,0,0
0x99cf99,66.6667%,3,6,9,0,0,3,6
0x8a5b47,98.6239%,3,215,218,215,1,2,0
0x609baf,98.8095%,3,249,252,0,0,3,249
0x4a6dda,89.2857%,3,25,28,0,0,3,25
0x97515c,80%,3,12,15,0,3,0,12
0x5d093e,83.3333%,3,15,18,0,0,3,15
0xa34464,94.2308%,3,49,52,49,0,3,0
0x5bb8a4,99.6888%,3,961,964,961,3,0,0
0x5b410c,90.3226%,3,28,31,0,0,3,28
0x8d9862,62.5%,3,5,8,0,0,3,5
0x812066,70%,3,7,10,6,2,1,1
0x483b3d,84.2105%,3,16,19,16,2,1,0
0xa95ff1,88.4615%,3,23,26,0,0,3,23
0xa975a8,80%,3,12,15,11,3,0,1
0x4ad383,85%,3,17,20,17,3,0,0
0x5ec185,78.5714%,3,11,14,11,3,0,0
0x819977,99.0506%,3,313,316,0,0,3,313
0x4047b5,99.5114%,3,611,614,0,0,3,611
0x81cb46,95%,3,57,60,0,0,3,57
0x8434c1,50%,3,3,6,0,2,1,3
0xa37622,70%,3,7,10,0,0,3,7
0x54d9c6,92.3077%,3,36,39,0,0,3,36
0xa52767,25%,3,1,4,1,3,0,0
0x490f21,92.6829%,3,38,41,0,3,0,38
0x490eda,66.6667%,3,6,9,6,3,0,0
0x9732d3,92.8571%,3,39,42,0,0,3,39
0x8434c7,25%,3,1,4,0,0,3,1
0x8f4dd8,50%,3,3,6,0,0,3,3
0x8df8f1,25%,3,1,4,0,0,3,1
0x9bd665,87.5%,3,21,24,0,0,3,21
0x5cf4d2,92.3077%,3,36,39,0,0,3,36
0xaa5718,96.7742%,3,90,93,0,0,3,90
0x490cad,85%,3,17,20,3,0,3,14
0x639b17,25%,3,1,4,0,0,3,1
0xa8e4a4,50%,3,3,6,1,0,3,2
0xa9ba3d,72.7273%,3,8,11,0,0,3,8
0x5f9520,66.6667%,3,6,9,0,0,3,6
0xa9ba4a,72.7273%,3,8,11,0,0,3,8
0xa36444,57.1429%,3,4,7,0,0,3,4
0xa9bc26,57.1429%,3,4,7,4,3,0,0
0x9a8b95,95.1613%,3,59,62,59,3,0,0
0xa4cf29,62.5%,3,5,8,5,3,0,0
0x63b574,99.7703%,3,1303,1306,1303,3,0,0
0x627e5b,86.9565%,3,20,23,0,0,3,20
0x83aa54,25%,3,1,4,1,3,0,0
0x908cad,99.4585%,3,551,554,0,0,3,551
0xb499dc,0%,3,0,3,0,0,3,0
0x5d130d,25%,3,1,4,1,3,0,0
0x783c5b,98.0769%,3,153,156,0,0,3,153
0xa98599,25%,3,1,4,0,0,3,1
0x8a6ab1,0%,3,0,3,0,3,0,0
0x50b5ff,25%,3,1,4,0,0,3,1
0x609c49,99.5106%,3,610,613,0,0,3,610
0x819984,99.0506%,3,313,316,0,0,3,313
0x63d776,0%,3,0,3,0,3,0,0
0xb3041c,40%,3,2,5,0,0,3,2
0xa9884c,62.5%,3,5,8,2,2,1,3
0x5f93da,0%,3,0,3,0,0,3,0
0x47fe0f,84.2105%,3,16,19,16,3,0,0
0x677463,95.8904%,3,70,73,0,2,1,70
0x909a00,99.8384%,3,1854,1857,1854,3,0,0
0x48c42c,25%,3,1,4,0,2,1,1
0x403fab,70%,3,7,10,0,0,3,7
0xa44be8,25%,3,1,4,0,0,3,1
0x5fe504,25%,3,1,4,0,0,3,1
0x47fcef,84.2105%,3,16,19,16,3,0,0
0x8e7817,98.3516%,3,179,182,0,0,3,179
0x9a18ae,98.5222%,3,200,203,0,0,3,200
0x8efa2e,98.4375%,3,189,192,0,0,3,189
0x9f3ae9,25%,3,1,4,1,3,0,0
0x441ae4,72.7273%,3,8,11,8,3,0,0
0x4936cb,97.6562%,3,125,128,0,0,3,125
0x8e36ab,25%,3,1,4,0,2,1,1
0x8a5f5b,96.4706%,3,82,85,0,3,0,82
0x9a0bf8,89.2857%,3,25,28,0,0,3,25
0x6188dd,96.2963%,3,78,81,0,0,3,78
0xa992c9,0%,3,0,3,0,0,3,0
0x4b4b41,95.7746%,3,68,71,0,0,3,68
0x9aa560,80%,3,12,15,12,3,0,0
0x5576f5,95.8333%,3,69,72,0,0,3,69
0x8fc022,99.594%,3,736,739,0,0,3,736
0x5020ff,96.1538%,3,75,78,0,0,3,75
0x551031,80%,3,12,15,0,0,3,12
0x4c168d,75%,3,9,12,8,1,2,1
0x5f9225,57.1429%,3,4,7,0,0,3,4
0xaa134d,98.4615%,3,192,195,0,0,3,192
0x9a317b,98.8889%,3,267,270,0,0,3,267
0x591f74,95.7143%,3,67,70,0,0,3,67
0x9f5168,72.7273%,3,8,11,0,0,3,8
0xa596c7,89.6552%,3,26,29,0,3,0,26
0x5a9684,40%,3,2,5,0,0,3,2
0x53968c,97.2477%,3,106,109,0,0,3,106
0x9f3a5a,25%,3,1,4,0,2,1,1
0x65a239,0%,3,0,3,0,0,3,0
0xa5400a,86.3636%,3,19,22,19,3,0,0
0x5c46bf,84.2105%,3,16,19,0,0,3,16
0x5f7fd5,57.1429%,3,4,7,0,0,3,4
0x9a1bd8,98.5222%,3,200,203,0,0,3,200
0x8a8c48,99.4872%,3,582,585,42,3,0,540
0x63d539,99.6144%,3,775,778,775,3,0,0
0x4039bf,75%,3,9,12,9,1,2,0
0xa529bc,98.4043%,3,185,188,0,0,3,185
0x809537,25%,3,1,4,1,1,2,0
0xaa2593,86.3636%,3,19,22,0,0,3,19
0x9c5469,62.5%,3,5,8,4,0,3,1
0x95b88f,25%,3,1,4,0,0,3,1
0x5c46a0,84.2105%,3,16,19,0,0,3,16
0x8a62c8,97.7941%,3,133,136,0,0,3,133
0x9ec3dc,92.5%,3,37,40,34,3,0,3
0x677528,98.4043%,3,185,188,0,0,3,185
0x5eafc3,25%,3,1,4,1,3,0,0
0x679a99,95.082%,3,58,61,58,3,0,0
0x901ba7,98.2249%,3,166,169,0,0,3,166
0x5f3e9f,25%,3,1,4,1,3,0,0
0xa44c10,25%,3,1,4,0,0,3,1
0xa15ebc,62.5%,3,5,8,4,0,3,1
0x816765,95.5882%,3,65,68,0,0,3,65
0x90fd9f,81.25%,3,13,16,13,3,0,0
0xa5ed16,40%,3,2,5,2,3,0,0
0x8dc22f,99.6556%,3,868,871,868,3,0,0
0x5f8070,25%,3,1,4,0,0,3,1
0xa96bfe,40%,3,2,5,0,0,3,2
0x9ecf0e,90.9091%,3,30,33,30,3,0,0
0x8dfa93,85%,3,17,20,17,3,0,0
0x4813e0,84.2105%,3,16,19,16,3,0,0
0x804555,76.9231%,3,10,13,0,0,3,10
0x4acbda,80%,3,12,15,9,3,0,3
0xa360cc,99.0033%,3,298,301,0,0,3,298
0xa4cd12,25%,3,1,4,0,0,3,1
0xa9222e,25%,3,1,4,0,0,3,1
0x64b48e,99.0099%,3,300,303,0,0,3,300
0x502e1b,0%,3,0,3,0,3,0,0
0x81f4bd,25%,3,1,4,0,0,3,1
0x9d32e6,94.5455%,3,52,55,52,3,0,0
0x4816e7,84.2105%,3,16,19,16,3,0,0
0x556a99,25%,3,1,4,0,0,3,1
0x95ad83,86.9565%,3,20,23,0,0,3,20
0xa9291b,50%,3,3,6,0,0,3,3
0xa9294c,50%,3,3,6,3,3,0,0
0x9a8ed4,89.2857%,3,25,28,11,3,0,14
0x4a854d,62.5%,3,5,8,0,0,3,5
0xa28250,0%,3,0,3,0,3,0,0
0x607056,85%,3,17,20,0,0,3,17
0x805444,50%,3,3,6,2,2,1,1
0xa34f86,90.625%,3,29,32,0,0,3,29
0xa89543,96.3855%,3,80,83,0,0,3,80
0x9b8f95,96.3855%,3,80,83,0,0,3,80
0x5c481a,62.5%,3,5,8,1,3,0,4
0xa44daa,99.3072%,3,430,433,430,3,0,0
0x4c80c5,82.3529%,3,14,17,14,3,0,0
0xa41076,93.3333%,3,42,45,0,0,3,42
0x97465c,92.1053%,3,35,38,35,1,2,0
0x4041dc,98.7234%,3,232,235,0,0,3,232
0x8e02f5,98.9474%,3,282,285,0,0,3,282
0x969812,95.8333%,3,69,72,0,0,3,69
0x65a0cd,99.8005%,3,1501,1504,0,0,3,1501
0x4ba3f2,99.3392%,3,451,454,0,0,3,451
0xa96d9c,85.7143%,3,18,21,18,3,0,0
0x8e030e,99.4737%,3,567,570,0,0,3,567
0x63ce47,98.5%,3,197,200,197,3,0,0
0xa47346,72.7273%,3,8,11,8,3,0,0
0x814b5f,92.6829%,3,38,41,0,0,3,38
0xa9b644,50%,3,3,6,0,0,3,3
0x606eee,0%,3,0,3,0,3,0,0
0x54ff60,99.3392%,3,451,454,0,0,3,451
0xa9390c,72.7273%,3,8,11,8,3,0,0
0x9f64a2,98.324%,3,176,179,0,0,3,176
0x8ebfc0,95.5882%,3,65,68,65,1,2,0
0x80c2e5,98.5294%,3,201,204,0,0,3,201
0xa41138,88.8889%,3,24,27,0,2,1,24
0x90cb1a,97.479%,3,116,119,116,3,0,0
0x5550a5,25%,3,1,4,1,3,0,0
0xa410a0,91.4286%,3,32,35,0,0,3,32
0x4b4c5a,95.7746%,3,68,71,68,1,2,0
0x8bdcf2,72.7273%,3,8,11,5,0,3,3
0x722cb5,70%,3,7,10,0,2,1,7
0xaa0038,0%,3,0,3,0,0,3,0
0x9f86ee,0%,3,0,3,0,0,3,0
0xa9f30e,0%,3,0,3,0,0,3,0
0xa2a7f1,62.5%,3,5,8,5,1,2,0
0xaa4954,0%,3,0,3,0,3,0,0
0x63ac41,99.4197%,3,514,517,514,3,0,0
0x5ff5d9,96%,3,72,75,0,0,3,72
0x9f5cd6,84.2105%,3,16,19,0,0,3,16
0xaa4a33,0%,3,0,3,0,3,0,0
0x9178f6,99.5588%,3,677,680,0,0,3,677
0xa920b7,25%,3,1,4,1,3,0,0
0x9f332e,98.125%,3,157,160,0,0,3,157
0x54d9f2,92.3077%,3,36,39,0,3,0,36
0xaa5488,76.9231%,3,10,13,0,0,3,10
0x7b00a8,62.5%,3,5,8,0,0,3,5
0xa9f290,84.2105%,3,16,19,16,0,3,0
0x482d2a,84.2105%,3,16,19,0,0,3,16
0x686dc8,96.3855%,3,80,83,0,0,3,80
0x4b6e2f,62.5%,3,5,8,0,0,3,5
0xa48b26,98.2036%,3,164,167,0,0,3,164
0x9e6099,83.3333%,3,15,18,0,0,3,15
0x8f1fcc,98.8679%,3,262,265,262,3,0,0
0xa58965,94.4444%,3,51,54,0,0,3,51
0x9ab59f,98.5%,3,197,200,0,0,3,197
0x53c337,86.3636%,3,19,22,11,0,3,8
0xa04b8e,92.8571%,3,39,42,0,0,3,39
0x674ff8,90.625%,3,29,32,29,3,0,0
0x40a9af,90.625%,3,29,32,29,3,0,0
0x8df628,86.9565%,3,20,23,0,0,3,20
0x4a59d9,25%,3,1,4,0,0,3,1
0x4b6dd2,89.2857%,3,25,28,0,0,3,25
0x9a1a23,85%,3,17,20,17,3,0,0
0x5b6e99,62.5%,3,5,8,5,3,0,0
0x99e99b,94.5455%,3,52,55,0,0,3,52
0x789196,70%,3,7,10,0,0,3,7
0x544ab5,94.7368%,3,54,57,0,0,3,54
0x8fcea6,93.1818%,3,41,44,0,0,3,41
0x60df2f,99.5646%,3,686,689,686,3,0,0
0xa336d5,99.0323%,3,307,310,0,0,3,307
0x8ef18c,90.625%,3,29,32,29,3,0,0
0x4b6d8c,89.2857%,3,25,28,0,0,3,25
0x820a3f,62.5%,3,5,8,5,3,0,0
0x8f2164,92.3077%,3,36,39,0,2,1,36
0xa51a34,78.5714%,3,11,14,7,0,3,4
0xa32765,96.1538%,3,75,78,0,0,3,75
0x4a9801,25%,3,1,4,1,3,0,0
0x5a9678,0%,3,0,3,0,3,0,0
0xa4d216,25%,3,1,4,1,3,0,0
0x4b6dde,89.2857%,3,25,28,25,3,0,0
0x6097dc,97.0297%,3,98,101,0,0,3,98
0xa96617,62.5%,3,5,8,0,0,3,5
0x54463e,66.6667%,3,6,9,6,3,0,0
0xa54652,62.5%,3,5,8,5,1,2,0
0x5441e4,83.3333%,3,15,18,7,2,1,8
0x590cb8,83.3333%,3,15,18,0,0,3,15
0x5f5683,25%,3,1,4,0,0,3,1
0x965fc4,96.3855%,3,80,83,0,0,3,80
0x4b531d,95.7746%,3,68,71,0,0,3,68
0x4419e3,72.7273%,3,8,11,0,0,3,8
0x99e7fc,76.9231%,3,10,13,10,3,0,0
0xa90b4a,62.5%,3,5,8,0,3,0,5
0x5d8b5e,70%,3,7,10,7,3,0,0
0x4c803a,95.6522%,3,66,69,0,0,3,66
0xa5b05a,80%,3,12,15,12,3,0,0
0x4bf2dd,91.4286%,3,32,35,2,3,0,30
0x533989,72.7273%,3,8,11,8,3,0,0
0xb46930,88.4615%,3,23,26,23,3,0,0
0xa5b4ca,75%,3,9,12,0,0,3,9
0xa18002,99.2481%,3,396,399,0,0,3,396
0x673d99,57.1429%,3,4,7,0,2,1,4
0x7e207f,76.9231%,3,10,13,0,0,3,10
0x908a22,99.6878%,3,958,961,958,3,0,0
0x5fa71f,50%,3,3,6,0,0,3,3
0xa9cfcf,25%,3,1,4,0,2,1,1
0x548bf5,57.1429%,3,4,7,0,0,3,4
0x496199,75%,3,9,12,0,0,3,9
0x99be04,76.9231%,3,10,13,10,3,0,0
0x807b40,97.561%,3,120,123,120,3,0,0
0xa9d051,85%,3,17,20,17,1,2,0
0x8db8a5,95.4545%,3,63,66,0,0,3,63
0xa08e71,93.3333%,3,42,45,0,0,3,42
0x608432,96.6667%,3,87,90,0,0,3,87
0x5bb66c,86.9565%,3,20,23,0,0,3,20
0x63f86e,99.9129%,3,3442,3445,3442,3,0,0
0x5090da,40%,3,2,5,2,3,0,0
0x5fa91b,98.1818%,3,162,165,0,0,3,162
0x5bbcb9,99.8708%,3,2319,2322,2319,3,0,0
0x9a1e1e,97.619%,3,123,126,0,0,3,123
0xb499cb,0%,3,0,3,0,0,3,0
0x592580,97.5%,3,117,120,0,0,3,117
0x7826d3,50%,3,3,6,0,0,3,3
0x5b15d7,72.7273%,3,8,11,8,3,0,0
0x50809a,99.2347%,3,389,392,0,0,3,389
0x59c2ef,57.1429%,3,4,7,0,0,3,4
0xa15b16,50%,3,3,6,2,2,1,1
0x8bd835,85%,3,17,20,17,2,1,0
0x99e201,80%,3,12,15,0,2,1,12
0x49635c,91.1765%,3,31,34,0,0,3,31
0x619ddd,40%,3,2,5,0,0,3,2
0x485eed,82.3529%,3,14,17,14,3,0,0
0x4b9fc1,94%,3,47,50,0,3,0,47
0xaa011e,0%,3,0,3,0,3,0,0
0x900ba9,99.1071%,3,333,336,0,0,3,333
0x9a0f5d,85.7143%,3,18,21,18,3,0,0
0xa9d733,85%,3,17,20,17,3,0,0
0x4b3a1e,25%,3,1,4,1,3,0,0
0x4935ab,80%,3,12,15,0,0,3,12
0x49978b,88.4615%,3,23,26,0,0,3,23
0x99b7d6,80%,3,12,15,2,0,3,10
0x7cf679,62.5%,3,5,8,0,0,3,5
0x8dc4b1,25%,3,1,4,0,0,3,1
0x49612f,75%,3,9,12,9,0,3,0
0xa63ad8,25%,3,1,4,0,0,3,1
0xaa07f1,95.5882%,3,65,68,65,3,0,0
0xa2101a,50%,3,3,6,0,0,3,3
0x4c6ef4,90.9091%,3,30,33,30,3,0,0
0x496133,0%,3,0,3,0,0,3,0
0x9fc6d9,70%,3,7,10,0,0,3,7
0x5bb898,99.6898%,3,964,967,0,3,0,964
0xaa33d1,81.25%,3,13,16,0,0,3,13
0x53ec9e,98.0519%,3,151,154,0,0,3,151
0x54db5e,92.3077%,3,36,39,0,0,3,36
0x83776e,0%,3,0,3,0,3,0,0
0xa962a8,62.5%,3,5,8,0,0,3,5
0xa962a0,62.5%,3,5,8,0,0,3,5
0x65a0a3,99.8057%,3,1541,1544,1461,2,1,80
0x90a74a,95.9459%,3,71,74,0,0,3,71
0x8f09b7,97.4359%,3,114,117,0,0,3,114
0x8f5634,98.4293%,3,188,191,0,0,3,188
0x510524,99.7596%,3,1245,1248,0,0,3,1245
0x7cfa3c,70%,3,7,10,7,3,0,0
0x50aeff,50%,3,3,6,2,2,1,1
0x9a1665,85.7143%,3,18,21,0,1,2,18
0x652028,92.3077%,3,36,39,0,0,3,36
0x99f136,72.7273%,3,8,11,0,0,3,8
0x591662,0%,3,0,3,0,3,0,0
0x6f4517,83.3333%,3,15,18,0,0,3,15
0x73d8ef,90.9091%,3,30,33,30,0,3,0
0x4bf6e2,89.6552%,3,26,29,0,0,3,26
0xa37cbd,40%,3,2,5,2,3,0,0
0x80aeab,90.9091%,3,30,33,0,0,3,30
0x8bd37b,99.8286%,3,1747,1750,0,0,3,1747
0x78189f,25%,3,1,4,1,3,0,0
0x7ad53a,88.4615%,3,23,26,0,0,3,23
0x4a136d,97.4576%,3,115,118,0,1,2,115
0xa96a1c,95.082%,3,58,61,0,0,3,58
0x9f09e9,97.8571%,3,137,140,0,0,3,137
0x88e9a0,92.3077%,3,36,39,0,0,3,36
0x88e94f,92.3077%,3,36,39,0,0,3,36
0xa29d47,81.25%,3,13,16,0,0,3,13
0x95b89c,25%,3,1,4,0,0,3,1
0x81b07c,91.4286%,3,32,35,0,1,2,32
0xa4c71d,25%,3,1,4,0,0,3,1
0x9c50ba,62.5%,3,5,8,0,0,3,5
0x9e54a8,98.2249%,3,166,169,0,0,3,166
0x483337,89.6552%,3,26,29,26,3,0,0
0xaa04c5,92.1053%,3,35,38,35,3,0,0
0x66d409,99.0033%,3,298,301,298,3,0,0
0xa4804c,90.9091%,3,30,33,12,3,0,18
0xa97888,70%,3,7,10,0,0,3,7
0x8f18e9,98.4375%,3,189,192,0,0,3,189
0x492c94,25%,3,1,4,0,2,1,1
0x4b6702,72.7273%,3,8,11,0,0,3,8
0x5f5a75,78.5714%,3,11,14,9,3,0,2
0xa2f286,92.1053%,3,35,38,0,0,3,35
0x5ef8b5,82.3529%,3,14,17,14,3,0,0
0xa3e2b6,87.5%,3,21,24,8,0,3,13
0x5f9e87,50%,3,3,6,0,0,3,3
0x40ae21,25%,3,1,4,0,2,1,1
0x48397c,89.6552%,3,26,29,0,0,3,26
0x838b23,50%,3,3,6,0,3,0,3
0x59254f,97.5207%,3,118,121,2,1,2,116
0x53fd1d,99.0033%,3,298,301,0,0,3,298
0xa337c6,89.6552%,3,26,29,1,3,0,25
0xa56168,97.619%,3,123,126,0,0,3,123
0x606df0,62.5%,3,5,8,0,0,3,5
0x608ca3,98.5%,3,197,200,0,0,3,197
0x65b1a6,76.9231%,3,10,13,10,3,0,0
0x48f08c,90.9091%,3,30,33,30,3,0,0
0x81f824,93.3333%,3,42,45,42,3,0,0
0x540dc5,62.5%,3,5,8,5,3,0,0
0x4ca42a,98.5849%,3,209,212,209,3,0,0
0x59f572,25%,3,1,4,1,1,2,0
0xa5c88f,83.3333%,3,15,18,0,0,3,15
0xa5515e,62.5%,3,5,8,4,2,1,1
0x63903d,88%,3,22,25,3,0,3,19
0x48f10d,97.6744%,3,126,129,0,0,3,126
0xa7bee7,40%,3,2,5,0,0,3,2
0x838a8a,0%,3,0,3,0,2,1,0
0x8378a6,40%,3,2,5,0,3,0,2
0xa33069,98.9437%,3,281,284,0,0,3,281
0x8f1034,92.5%,3,37,40,0,0,3,37
0x8ad5cf,97.8261%,3,135,138,135,3,0,0
0x4c0549,90.3226%,3,28,31,0,0,3,28
0xa2e1c1,98.7952%,3,246,249,246,3,0,0
0x483b57,84.2105%,3,16,19,16,3,0,0
0x4a8539,62.5%,3,5,8,0,0,3,5
0x4c05ca,90.3226%,3,28,31,28,3,0,0
0x94ea42,90%,3,27,30,1,1,2,26
0xaa4cc3,0%,3,0,3,0,0,3,0
0x6a3a74,88.4615%,3,23,26,23,3,0,0
0x5391dd,72.7273%,3,8,11,0,0,3,8
0x4be5c1,72.7273%,3,8,11,8,3,0,0
0x5f6159,75%,3,9,12,9,1,2,0
0xa94b10,25%,3,1,4,0,0,3,1
0x5391fb,72.7273%,3,8,11,8,3,0,0
0x538fbc,72.7273%,3,8,11,0,0,3,8
0x540e57,62.5%,3,5,8,0,0,3,5
0x59da57,94%,3,47,50,47,3,0,0
0x90a49b,93.1818%,3,41,44,41,3,0,0
0x88e491,92.3077%,3,36,39,36,3,0,0
0xb23bb2,99.1329%,3,343,346,0,0,3,343
0xa27515,99.0798%,3,323,326,0,0,3,323
0xa9cdf3,98.5646%,3,206,209,0,0,3,206
0x8e5f76,98.8848%,3,266,269,266,3,0,0
0x8dfe6f,98.8462%,3,257,260,0,0,3,257
0xa58c74,89.6552%,3,26,29,26,3,0,0
0x4b68e2,93.8776%,3,46,49,0,0,3,46
0xa92f03,96.5909%,3,85,88,0,0,3,85
0xa9a0c7,40%,3,2,5,2,3,0,0
0x9eed7a,50%,3,3,6,0,0,3,3
0x8ef6d6,97.7778%,3,132,135,0,0,3,132
0xa99437,0%,3,0,3,0,3,0,0
0xa92d9c,96.5909%,3,85,88,85,3,0,0
0x8bb6d2,76.9231%,3,10,13,0,0,3,10
0xa536b3,50%,3,3,6,3,3,0,0
0xa3254e,25%,3,1,4,1,3,0,0
0xa3010c,40%,3,2,5,1,2,1,1
0x6f45df,50%,3,3,6,3,3,0,0
0x48e6fb,97.0588%,3,99,102,99,3,0,0
0x622ea1,40%,3,2,5,0,1,2,2
0x81d0f5,50%,3,3,6,0,0,3,3
0x833ce9,96%,3,72,75,72,1,2,0
0x673d7e,84.2105%,3,16,19,0,0,3,16
0x4beff0,96.5116%,3,83,86,0,0,3,83
0x5f759a,97.6744%,3,126,129,126,3,0,0
0x5f757a,97.6744%,3,126,129,126,3,0,0
0x54da8c,92.3077%,3,36,39,0,0,3,36
0x6d0515,89.6552%,3,26,29,26,3,0,0
0x98cdec,75%,3,9,12,0,0,3,9
0x5b9ede,62.5%,3,5,8,3,3,0,2
0xa550eb,62.5%,3,5,8,5,3,0,0
0x441aa3,72.7273%,3,8,11,8,3,0,0
0xa51936,82.3529%,3,14,17,0,0,3,14
0x544933,99.1124%,3,335,338,335,1,2,0
0x9f4fc5,98.2249%,3,166,169,0,0,3,166
0x9e526b,72.7273%,3,8,11,8,3,0,0
0x9f0ac0,25%,3,1,4,1,3,0,0
0x9c4d50,50%,3,3,6,0,1,2,3
0x679804,50%,3,3,6,3,3,0,0
0x9e15f9,88.8889%,3,24,27,0,0,3,24
0xa5ed4a,40%,3,2,5,2,1,2,0
0x9e629e,95.8333%,3,69,72,0,0,3,69
0x5bd152,99.6888%,3,961,964,961,3,0,0
0xa2ee22,89.6552%,3,26,29,0,0,3,26
0xa6b270,25%,3,1,4,1,3,0,0
0x973b8b,70%,3,7,10,0,0,3,7
0x65a207,98.7903%,3,245,248,245,3,0,0
0x5465ee,25%,3,1,4,0,0,3,1
0x900bf0,99.1018%,3,331,334,0,0,3,331
0x5af6c7,95.1613%,3,59,62,53,0,3,6
0x64bb80,99.7853%,3,1394,1397,1394,3,0,0
0xa5bdbd,90.625%,3,29,32,29,3,0,0
0xa06184,96.3855%,3,80,83,21,0,3,59
0xa1a149,40%,3,2,5,0,0,3,2
0x554c6c,95.3125%,3,61,64,0,0,3,61
0x7e055d,66.6667%,3,6,9,0,0,3,6
0x409ba2,86.3636%,3,19,22,0,2,1,19
0x555841,25%,3,1,4,1,3,0,0
0xa33f29,97.2477%,3,106,109,0,0,3,106
0x9ab2e3,99.6725%,3,913,916,0,0,3,913
0x8d20bc,50%,3,3,6,0,2,1,3
0x5d0ae7,85%,3,17,20,17,3,0,0
0x81ba94,98.5294%,3,201,204,0,0,3,201
0x50aca3,75%,3,9,12,7,3,0,2
0x9a46c8,98.9691%,3,288,291,0,0,3,288
0x9530ac,70%,3,7,10,0,0,3,7
0xa47b4e,66.6667%,3,6,9,6,3,0,0
0x838af7,50%,3,3,6,1,0,3,2
0x59c9ab,72.7273%,3,8,11,8,3,0,0
0x8e92ca,25%,3,1,4,1,3,0,0
0x980879,0%,3,0,3,0,0,3,0
0x98085f,0%,3,0,3,0,3,0,0
0x63e060,99.6878%,3,958,961,958,3,0,0
0x98066b,0%,3,0,3,0,3,0,0
0x9fb660,98.7805%,3,243,246,0,0,3,243
0x5b3038,70%,3,7,10,3,3,0,4
0x5b6ad2,40%,3,2,5,2,3,0,0
0x9a93f4,85%,3,17,20,0,0,3,17
0x5bbd21,50%,3,3,6,0,2,1,3
0x95abee,25%,3,1,4,1,3,0,0
0x974720,98.0263%,3,149,152,149,3,0,0
0x9a9281,91.1765%,3,31,34,0,0,3,31
0x90ab79,88.8889%,3,24,27,24,3,0,0
0x5db52b,25%,3,1,4,1,3,0,0
0xa2e986,25%,3,1,4,1,3,0,0
0xa4cebf,25%,3,1,4,0,0,3,1
0x95a40d,25%,3,1,4,1,3,0,0
0x977dcd,97.5207%,3,118,121,0,0,3,118
0x90e6c3,99.6707%,3,908,911,908,3,0,0
0x5cba2b,97.7099%,3,128,131,0,0,3,128
0xa34552,97.3451%,3,110,113,0,0,3,110
0x503e88,93.75%,3,45,48,0,3,0,45
0x63a6b9,98.5%,3,197,200,197,3,0,0
0xaa7dca,57.1429%,3,4,7,4,3,0,0
0x5cb907,96.5116%,3,83,86,83,3,0,0
0x95a12d,25%,3,1,4,1,3,0,0
0xa32628,25%,3,1,4,1,1,2,0
0x8114b1,40%,3,2,5,2,3,0,0
0x7aedd4,72.7273%,3,8,11,0,0,3,8
0x94b198,97.1963%,3,104,107,104,3,0,0
0x804401,50%,3,3,6,3,3,0,0
0x58fdd0,96.9697%,3,96,99,0,1,2,96
0x838aba,0%,3,0,3,0,0,3,0
0x58fdca,96.9697%,3,96,99,0,0,3,96
0x7d3ebb,0%,3,0,3,0,0,3,0
0x9a89c9,98.8848%,3,266,269,0,0,3,266
0xa5c38f,95.8333%,3,69,72,69,3,0,0
0xa32c1c,99.6764%,3,924,927,924,3,0,0
0x95b7c5,25%,3,1,4,1,3,0,0
0x815189,99.0909%,3,327,330,0,0,3,327
0x9a0beb,89.2857%,3,25,28,0,0,3,25
0x9eb6cd,95.8333%,3,69,72,0,0,3,69
0x50e4ee,50%,3,3,6,0,0,3,3
0x9a9702,85%,3,17,20,0,0,3,17
0x815241,57.1429%,3,4,7,3,3,0,1
0x5fae67,90.9091%,3,30,33,0,0,3,30
0x80eb9f,99.1848%,3,365,368,0,0,3,365
0xa69f41,25%,3,1,4,0,0,3,1
0x48f5e3,0%,3,0,3,0,0,3,0
0x9fb12d,97.5806%,3,121,124,0,0,3,121
0xa5c34b,75%,3,9,12,0,0,3,9
0x598ea8,40%,3,2,5,0,0,3,2
0x7c8368,25%,3,1,4,0,0,3,1
0x48cf78,85%,3,17,20,17,3,0,0
0x805dde,25%,3,1,4,0,0,3,1
0x441c5c,72.7273%,3,8,11,8,3,0,0
0xa91ad1,99.1736%,3,360,363,0,0,3,360
0xa95a39,25%,3,1,4,0,0,3,1
0x98d022,75%,3,9,12,0,0,3,9
0xaa8061,99.4329%,3,526,529,526,3,0,0
0x789b27,89.2857%,3,25,28,1,0,3,24
0xa4fc27,25%,3,1,4,0,0,3,1
0x619eba,40%,3,2,5,0,0,3,2
0x58c86c,99.0798%,3,323,326,323,3,0,0
0x40e550,81.25%,3,13,16,0,0,3,13
0x49ca40,82.3529%,3,14,17,14,3,0,0
0x507f27,40%,3,2,5,0,0,3,2
0xa34c0c,95%,3,57,60,0,0,3,57
0x49c3b2,50%,3,3,6,3,3,0,0
0x4ab170,50%,3,3,6,0,0,3,3
0x5f0596,40%,3,2,5,2,1,2,0
0x50296b,96.9072%,3,94,97,94,3,0,0
0x49ad3c,50%,3,3,6,0,3,0,3
0x618a01,95.7143%,3,67,70,0,0,3,67
0xa34e98,97.973%,3,145,148,0,0,3,145
0x9bb40a,95.3846%,3,62,65,0,3,0,62
0xa33793,89.6552%,3,26,29,0,3,0,26
0x5f325e,40%,3,2,5,0,0,3,2
0x80b9d1,99.4208%,3,515,518,515,1,2,0
0x805acf,96.4286%,3,81,84,0,0,3,81
0x983b71,95.9459%,3,71,74,64,2,1,7
0x9e71c8,98.8%,3,247,250,246,2,1,1
0x59ec61,62.5%,3,5,8,3,1,2,2
0xa96b27,0%,3,0,3,0,3,0,0
0xaaa5f3,57.1429%,3,4,7,0,0,3,4
0x805af3,96.4286%,3,81,84,0,0,3,81
0x5f0591,50%,3,3,6,0,1,2,3
0x81f5d0,25%,3,1,4,1,3,0,0
0x50d0a1,96.4286%,3,81,84,0,2,1,81
0x9e7a8c,97.8723%,3,138,141,138,3,0,0
0x50a2ca,97.7941%,3,133,136,0,0,3,133
0x9ab9dc,98.7013%,3,228,231,0,0,3,228
0xa3948d,78.5714%,3,11,14,0,0,3,11
0x9e86d9,90.625%,3,29,32,29,3,0,0
0x8be81a,86.9565%,3,20,23,0,0,3,20
0x8dce41,95.082%,3,58,61,0,0,3,58
0xa959ec,25%,3,1,4,1,3,0,0
0x64bfdc,99.4516%,3,544,547,544,3,0,0
0x81a41e,99.2701%,3,408,411,0,0,3,408
0x8f19ac,93.75%,3,45,48,0,0,3,45
0x58e5dc,50%,3,3,6,0,3,0,3
0x94a96f,96.25%,3,77,80,77,3,0,0
0x59f20f,25%,3,1,4,0,2,1,1
0x59f19b,25%,3,1,4,0,2,1,1
0xa46f03,83.3333%,3,15,18,15,3,0,0
0x7d3de0,0%,3,0,3,0,0,3,0
0x480e22,66.6667%,3,6,9,6,3,0,0
0x9f5cb9,84.2105%,3,16,19,0,0,3,16
0x40ace2,40%,3,2,5,2,3,0,0
0x60c678,0%,3,0,3,0,0,3,0
0xa2df9b,91.1765%,3,31,34,0,0,3,31
0x6752d5,0%,3,0,3,0,0,3,0
0x5f77df,25%,3,1,4,1,3,0,0
0xa99caf,25%,3,1,4,1,3,0,0
0x53a357,99.8795%,3,2487,2490,0,0,3,2487
0x7dff1e,66.6667%,3,6,9,0,1,2,6
0xa35928,99.7003%,3,998,1001,0,0,3,998
0xa3591d,99.7003%,3,998,1001,0,0,3,998
0xa96954,97.9866%,3,146,149,146,3,0,0
0x9fe4c3,0%,3,0,3,0,3,0,0
0xa2d324,99.2386%,3,391,394,0,0,3,391
0x9591c6,0%,3,0,3,0,3,0,0
0x49ad33,50%,3,3,6,0,0,3,3
0x8f573d,99.6089%,3,764,767,764,3,0,0
0x792211,85.7143%,3,18,21,18,3,0,0
0x4aaef6,72.7273%,3,8,11,8,3,0,0
0x50ce44,94.2308%,3,49,52,0,0,3,49
0x503a7b,95.082%,3,58,61,58,2,1,0
0x5bc409,99.6898%,3,964,967,0,3,0,964
0x98b2c2,98.6364%,3,217,220,0,0,3,217
0xa4278e,98.6667%,3,222,225,222,3,0,0
0x5f27f1,40%,3,2,5,0,0,3,2
0x814a8e,95.2381%,3,60,63,0,0,3,60
0x508a77,72.7273%,3,8,11,8,3,0,0
0xa42779,98.6667%,3,222,225,0,0,3,222
0x9f4adb,92.1053%,3,35,38,0,0,3,35
0x40bd9b,25%,3,1,4,0,0,3,1
0x9a5edf,78.5714%,3,11,14,11,3,0,0
0x50eba2,92.5%,3,37,40,1,1,2,36
0xa905b7,95.4545%,3,63,66,63,3,0,0
0xa4dfe7,25%,3,1,4,1,1,2,0
0x550fce,57.1429%,3,4,7,4,1,2,0
0x9f8fb9,97.8261%,3,135,138,0,0,3,135
0x8045da,82.3529%,3,14,17,0,0,3,14
0x53dcac,70%,3,7,10,0,0,3,7
0x5baf88,98.4211%,3,187,190,0,0,3,187
0x8149dd,95.2381%,3,60,63,0,0,3,60
0x9f887c,84.2105%,3,16,19,16,3,0,0
0xa4583b,98.8327%,3,254,257,254,3,0,0
0x8c900f,99.3852%,3,485,488,485,1,2,0
0x4c81fe,83.3333%,3,15,18,15,3,0,0
0x5e3ae0,0%,3,0,3,0,3,0,0
0x8c757d,99.6829%,3,943,946,3,0,3,940
0x5f0ab1,0%,3,0,3,0,0,3,0
0x99da49,91.6667%,3,33,36,33,3,0,0
0x58c37a,40%,3,2,5,2,2,1,0
0x5e5cd5,0%,3,0,3,0,0,3,0
0x7c7544,62.5%,3,5,8,0,2,1,5
0x8f35e5,88.4615%,3,23,26,23,3,0,0
0x9c3b96,66.6667%,3,6,9,0,0,3,6
0x50bca9,92.5%,3,37,40,0,0,3,37
0x4c81d3,86.3636%,3,19,22,3,1,2,16
0x679821,50%,3,3,6,0,0,3,3
0x441c4c,72.7273%,3,8,11,8,3,0,0
0x98d091,57.1429%,3,4,7,4,3,0,0
0xa01914,25%,3,1,4,1,3,0,0
0x8f639e,75%,3,9,12,9,3,0,0
0x5f4202,57.1429%,3,4,7,0,0,3,4
0x8df35b,62.5%,3,5,8,0,0,3,5
0x8c8835,25%,3,1,4,1,3,0,0
0x4aad84,90%,3,27,30,0,0,3,27
0xa45f97,83.3333%,3,15,18,0,0,3,15
0xb2edf9,25%,3,1,4,1,1,2,0
0x816a13,76.9231%,3,10,13,9,3,0,1
0xa47911,78.5714%,3,11,14,11,3,0,0
0xa494d1,0%,3,0,3,0,3,0,0
0x7f130f,57.1429%,3,4,7,0,0,3,4
0x9fb0d7,97.5806%,3,121,124,0,0,3,121
0x4bde46,57.1429%,3,4,7,4,3,0,0
0x9a0a64,89.2857%,3,25,28,0,0,3,25
0x9f8174,0%,3,0,3,0,3,0,0
0xa52f9e,98.4536%,3,191,194,0,0,3,191
0x7be036,25%,3,1,4,0,0,3,1
0x60c610,57.1429%,3,4,7,2,2,1,2
0x9f63e7,0%,3,0,3,0,2,1,0
0x8c82fe,90%,3,27,30,0,0,3,27
0x8121e9,98.8593%,3,260,263,0,0,3,260
0x9e2e70,76.9231%,3,10,13,0,0,3,10
0x5b178b,70%,3,7,10,7,3,0,0
0xa9ff3a,0%,3,0,3,0,0,3,0
0x8df8ac,25%,3,1,4,0,0,3,1
0x9fde0e,88%,3,22,25,0,0,3,22
0x8e3e09,25%,3,1,4,0,0,3,1
0x9eb387,95.9459%,3,71,74,1,1,2,70
0x9f4d37,66.6667%,3,6,9,6,3,0,0
0xa31bb0,90.3226%,3,28,31,28,3,0,0
0x977c2f,97.9021%,3,140,143,140,3,0,0
0x4a25a2,50%,3,3,6,0,0,3,3
0x4a6564,97.973%,3,145,148,0,3,0,145
0x441577,72.7273%,3,8,11,0,0,3,8
0x95962d,97.5806%,3,121,124,121,3,0,0
0x97130c,57.1429%,3,4,7,0,0,3,4
0x80c278,91.4286%,3,32,35,0,1,2,32
0x815b64,92.6829%,3,38,41,0,0,3,38
0x4414ee,72.7273%,3,8,11,0,0,3,8
0x9e2d8d,81.25%,3,13,16,13,3,0,0
0x5fe7bb,97.1429%,3,102,105,0,0,3,102
0x9f3c29,82.3529%,3,14,17,0,0,3,14
0x50433c,95.1613%,3,59,62,0,0,3,59
0x8ff2b6,95.7143%,3,67,70,3,3,0,64
0x487794,87.5%,3,21,24,21,3,0,0
0x48ef9c,92.5%,3,37,40,37,3,0,0
0x8c938c,40%,3,2,5,0,0,3,2
0x58d166,95.8333%,3,69,72,69,1,2,0
0x661624,99.7628%,3,1262,1265,1262,3,0,0
0x5bab6b,97.479%,3,116,119,0,0,3,116
0x441917,72.7273%,3,8,11,0,0,3,8
0x44190e,72.7273%,3,8,11,0,0,3,8
0x9f3242,98.0645%,3,152,155,0,0,3,152
0x6752e2,0%,3,0,3,0,0,3,0
0x99aa21,97.0588%,3,99,102,0,0,3,99
0x817d4d,62.5%,3,5,8,0,0,3,5
0xa1b50f,40%,3,2,5,0,0,3,2
0x9edb90,92.6829%,3,38,41,38,3,0,0
0x502a9a,87.5%,3,21,24,21,3,0,0
0x9f93fd,94.4444%,3,51,54,1,1,2,50
0x4ab1ad,50%,3,3,6,0,0,3,3
0x7d29f3,40%,3,2,5,2,3,0,0
0x8e3e85,25%,3,1,4,0,0,3,1
0x499816,83.3333%,3,15,18,0,0,3,15
0x821248,99.7592%,3,1243,1246,0,0,3,1243
0x9f47e5,62.5%,3,5,8,1,3,0,4
0x9be488,90.625%,3,29,32,29,3,0,0
0x9aae12,91.8919%,3,34,37,0,0,3,34
0x44178e,72.7273%,3,8,11,0,0,3,8
0x99e0a4,80%,3,12,15,0,0,3,12
0x99e68e,76.9231%,3,10,13,0,0,3,10
0xa3e5ec,81.25%,3,13,16,13,3,0,0
0xa994a3,72.7273%,3,8,11,0,0,3,8
0x60e678,92.1053%,3,35,38,0,0,3,35
0xa3e393,62.5%,3,5,8,5,3,0,0
0x9fe4aa,0%,3,0,3,0,0,3,0
0x5c64ac,98.6607%,3,221,224,0,0,3,221
0x9cfe96,76.9231%,3,10,13,10,3,0,0
0x50a4c2,78.5714%,3,11,14,11,3,0,0
0x8a8971,57.1429%,3,4,7,4,3,0,0
0x59f9b6,25%,3,1,4,0,0,3,1
0x7c6f21,25%,3,1,4,1,3,0,0
0xa3bdf6,62.5%,3,5,8,5,3,0,0
0x6f4630,50%,3,3,6,3,3,0,0
0x5bd47e,99.6073%,3,761,764,0,0,3,761
0x491448,98.1013%,3,155,158,0,0,3,155
0x9c4e92,25%,3,1,4,1,0,3,0
0x50a56e,78.5714%,3,11,14,11,3,0,0
0x814d4c,99.7225%,3,1078,1081,797,3,0,281
0x409bad,85%,3,17,20,17,3,0,0
0xa3fdab,83.3333%,3,15,18,0,0,3,15
0x5bd4ef,99.7928%,3,1445,1448,1445,3,0,0
0x8e8d9f,98.8764%,3,264,267,0,0,3,264
0x9a8edc,78.5714%,3,11,14,0,0,3,11
0x5f287a,90.3226%,3,28,31,24,2,1,4
0x5d68bc,0%,3,0,3,0,0,3,0
0x5af178,70%,3,7,10,7,3,0,0
0x95abde,25%,3,1,4,0,0,3,1
0x592bbd,94.9153%,3,56,59,56,3,0,0
0x540a90,78.5714%,3,11,14,1,1,2,10
0x9a8fd4,78.5714%,3,11,14,0,0,3,11
0x5d3e42,97.7444%,3,130,133,130,3,0,0
0xa92c86,62.5%,3,5,8,5,3,0,0
0x8e0b74,99.8483%,3,1974,1977,0,0,3,1974
0x8bd2c9,99.8286%,3,1747,1750,1747,3,0,0
0x6661fe,93.75%,3,45,48,45,3,0,0
0x9fe567,97.7612%,3,131,134,0,0,3,131
0x60c631,25%,3,1,4,1,3,0,0
0x496140,0%,3,0,3,0,0,3,0
0x7f0d28,94%,3,47,50,45,3,0,2
0xa04100,50%,3,3,6,2,0,3,1
0xa285ba,90%,3,27,30,0,0,3,27
0x48398e,89.6552%,3,26,29,0,0,3,26
0x4b877e,57.1429%,3,4,7,4,3,0,0
0x5bcac7,99.6714%,3,910,913,0,2,1,910
0x7f0c20,25%,3,1,4,1,3,0,0
0xa5fa9b,62.5%,3,5,8,5,3,0,0
0x9a9f84,76.9231%,3,10,13,0,0,3,10
0x60c3a9,40%,3,2,5,2,3,0,0
0x48584c,75%,3,9,12,9,0,3,0
0x90139b,94%,3,47,50,0,0,3,47
0x7ac0af,50%,3,3,6,3,3,0,0
0x80c409,83.3333%,3,15,18,0,0,3,15
0xab3695,83.3333%,3,15,18,0,0,3,15
0x9f9630,95.5882%,3,65,68,0,0,3,65
0x5bcef6,98.893%,3,268,271,0,0,3,268
0x5b9ba3,94.6429%,3,53,56,0,0,3,53
0x9ea7db,90.625%,3,29,32,0,0,3,29
0x8f4c4b,97%,3,97,100,97,3,0,0
0x49bf2d,75%,3,9,12,4,2,1,5
0x980982,72.7273%,3,8,11,0,3,0,8
0x99d9c4,91.8919%,3,34,37,0,0,3,34
0x5f9691,62.5%,3,5,8,3,3,0,2
0x5cb11d,0%,3,0,3,0,3,0,0
0x8f25d7,91.8919%,3,34,37,34,3,0,0
0xa972f9,0%,3,0,3,0,3,0,0
0x4a868d,40%,3,2,5,2,3,0,0
0xa31a29,0%,3,0,3,0,3,0,0
0xaad2cf,0%,3,0,3,0,3,0,0
0x548ae8,25%,3,1,4,1,3,0,0
0x6661dc,93.75%,3,45,48,45,3,0,0
0x490493,0%,3,0,3,0,3,0,0
0x5f08a0,98.9865%,3,293,296,293,3,0,0
0x490608,0%,3,0,3,0,0,3,0
0x5bb1cf,84.2105%,3,16,19,16,0,3,0
0x803df8,83.3333%,3,15,18,0,0,3,15
0x5d7b20,25%,3,1,4,1,3,0,0
0x81b8c3,89.6552%,3,26,29,0,0,3,26
0x8e3e5b,25%,3,1,4,0,0,3,1
0x5bdaca,0%,3,0,3,0,3,0,0
0x5d309e,25%,3,1,4,1,3,0,0
0x787bb3,40%,3,2,5,2,3,0,0
0x4b7a03,72.7273%,3,8,11,8,3,0,0
0xa310be,98.4536%,3,191,194,0,0,3,191
0x4a9f0b,98.3784%,3,182,185,0,3,0,182
0x48bf77,70%,3,7,10,7,3,0,0
0x4a9d2e,57.1429%,3,4,7,4,3,0,0
0x97518d,40%,3,2,5,0,0,3,2
0x50a667,78.5714%,3,11,14,11,3,0,0
0x9e8578,98.951%,3,283,286,283,3,0,0
0x5c82eb,96.25%,3,77,80,77,3,0,0
0x981c8b,89.2857%,3,25,28,0,2,1,25
0x64c06c,97.6378%,3,124,127,0,0,3,124
0xa055fc,95.1613%,3,59,62,59,2,1,0
0x502168,97.8261%,3,135,138,0,0,3,135
0x985125,25%,3,1,4,0,0,3,1
0x4bfecd,0%,3,0,3,0,0,3,0
0xa051db,57.1429%,3,4,7,0,0,3,4
0x9439dd,96.9388%,3,95,98,90,3,0,5
0x9692b4,96.5116%,3,83,86,0,0,3,83
0xa1d71f,50%,3,3,6,1,1,2,2
0x7c750f,81.25%,3,13,16,0,0,3,13
0x50242d,99.1176%,3,337,340,337,3,0,0
0x9f12c1,70%,3,7,10,7,3,0,0
0x4b9cb7,70%,3,7,10,0,0,3,7
0x48b367,93.0233%,3,40,43,0,0,3,40
0xa5b1bc,80%,3,12,15,1,2,1,11
0x5b02eb,96.6667%,3,87,90,0,0,3,87
0x7c76fe,25%,3,1,4,0,0,3,1
0x8fff78,70%,3,7,10,1,3,0,6
0x8ffeeb,70%,3,7,10,3,1,2,4
0x814acf,94.9153%,3,56,59,0,2,1,56
0xa0a64d,50%,3,3,6,0,0,3,3
0xa04f6d,95.1613%,3,59,62,0,0,3,59
0x9efcdc,25%,3,1,4,0,3,0,1
0x53ec13,62.5%,3,5,8,3,1,2,2
0xa31b78,88%,3,22,25,22,3,0,0
0x9c51fa,81.25%,3,13,16,5,3,0,8
0xa1d48d,66.6667%,3,6,9,1,3,0,5
0x9c532d,25%,3,1,4,0,0,3,1
0x4c073e,96.5116%,3,83,86,83,3,0,0
0xa18b47,85%,3,17,20,0,0,3,17
0x812675,99.9487%,3,5850,5853,0,0,3,5850
0xa0566c,40%,3,2,5,0,0,3,2
0xa1ab15,72.7273%,3,8,11,0,2,1,8
0x9d0655,95.1613%,3,59,62,0,0,3,59
0x50e10c,92.8571%,3,39,42,39,3,0,0
0xa0977c,0%,3,0,3,0,1,2,0
0x67985f,50%,3,3,6,0,0,3,3
0xa065dc,25%,3,1,4,1,3,0,0
0xa92d7b,98.6726%,3,223,226,223,3,0,0
0x4bd298,57.1429%,3,4,7,4,2,1,0
0x5f59eb,78.5714%,3,11,14,0,2,1,11
0x8deea3,62.5%,3,5,8,0,0,3,5
0xa5a0cd,25%,3,1,4,0,0,3,1
0x4c83d8,0%,3,0,3,0,0,3,0
0x7d40e2,94.3396%,3,50,53,5,3,0,45
0xa90dfc,25%,3,1,4,0,0,3,1
0x818c2a,99.6372%,3,824,827,0,0,3,824
0xa1609c,75%,3,9,12,0,0,3,9
0x8435cc,25%,3,1,4,1,3,0,0
0x8e9334,0%,3,0,3,0,0,3,0
0x4a61e1,0%,3,0,3,0,0,3,0
0x609b8a,98.7755%,3,242,245,0,0,3,242
0x9d2902,40%,3,2,5,0,1,2,2
0x495f20,94.5455%,3,52,55,0,0,3,52
0x9ed8da,95.3125%,3,61,64,0,0,3,61
0x491572,98.1013%,3,155,158,0,0,3,155
0x9ed3ec,97.2973%,3,108,111,108,3,0,0
0x4b6788,72.7273%,3,8,11,0,0,3,8
0x951e79,50%,3,3,6,3,3,0,0
0xa352db,0%,3,0,3,0,0,3,0
0x8efca8,97.3451%,3,110,113,110,3,0,0
0x81382a,95.082%,3,58,61,58,3,0,0
0xa15f44,75%,3,9,12,0,0,3,9
0x5f9e23,50%,3,3,6,0,0,3,3
0x7e07ba,85%,3,17,20,0,2,1,17
0x8f1134,92.5%,3,37,40,0,0,3,37
0x48da53,93.4783%,3,43,46,0,0,3,43
0xa8ac08,96.3855%,3,80,83,0,0,3,80
0xa8e77e,96.3855%,3,80,83,80,3,0,0
0x63bbb9,0%,3,0,3,0,0,3,0
0xa34871,99.4307%,3,524,527,0,0,3,524
0x8ea404,25%,3,1,4,1,3,0,0
0x5bd116,93.1818%,3,41,44,0,0,3,41
0x8e39fa,90.625%,3,29,32,29,3,0,0
0xa1b592,62.5%,3,5,8,5,3,0,0
0x90ab2e,88.8889%,3,24,27,0,0,3,24
0x48dff4,88%,3,22,25,0,0,3,22
0xa04559,40%,3,2,5,2,3,0,0
0x40a167,72.7273%,3,8,11,8,3,0,0
0x8e1e13,98.7342%,3,234,237,234,3,0,0
0x5f7bdd,97.7778%,3,132,135,132,3,0,0
0xa47c42,92.3077%,3,36,39,0,0,3,36
0x80e8dd,99.4297%,3,523,526,0,0,3,523
0xa5c4de,83.3333%,3,15,18,3,1,2,12
0x8fd33e,62.5%,3,5,8,2,2,1,3
0xa1b5c9,25%,3,1,4,1,3,0,0
0x8f1da6,93.75%,3,45,48,39,1,2,6
0x4a62ea,62.5%,3,5,8,0,0,3,5
0x7cf7d5,62.5%,3,5,8,0,0,3,5
0x40e8c5,40%,3,2,5,2,3,0,0
0x4a62c2,70%,3,7,10,0,2,1,7
0xaadac5,95.3125%,3,61,64,61,3,0,0
0x49fe4f,76.9231%,3,10,13,0,0,3,10
0x7c7716,25%,3,1,4,1,3,0,0
0x844401,25%,3,1,4,0,0,3,1
0x4b6a42,95.082%,3,58,61,50,2,1,8
0xa08c7c,25%,3,1,4,0,0,3,1
0xa50f05,25%,3,1,4,1,3,0,0
0x53b16f,92.6829%,3,38,41,0,0,3,38
0x97519a,40%,3,2,5,0,0,3,2
0xa0a557,62.5%,3,5,8,0,0,3,5
0x8ea098,0%,3,0,3,0,0,3,0
0x9ab963,98.7013%,3,228,231,0,0,3,228
0x40df2d,97.2222%,3,105,108,0,0,3,105
0x5e205e,0%,3,0,3,0,0,3,0
0x9bd40f,75%,3,9,12,9,3,0,0
0xa7b442,25%,3,1,4,1,3,0,0
0x814f0f,94.9153%,3,56,59,0,0,3,56
0x984388,62.5%,3,5,8,5,3,0,0
0xb49c16,40%,3,2,5,0,0,3,2
0xa09889,76.9231%,3,10,13,10,3,0,0
0xa08378,57.1429%,3,4,7,0,0,3,4
0x98490a,75%,3,9,12,0,0,3,9
0x985192,62.5%,3,5,8,3,1,2,2
0xa8e2ed,99.1597%,3,354,357,0,0,3,354
0xa85403,40%,3,2,5,0,0,3,2
0xa08ea1,93.3333%,3,42,45,0,0,3,42
0x53dcf5,70%,3,7,10,0,2,1,7
0x819f82,95.9459%,3,71,74,0,0,3,71
0xaada59,98.8235%,3,252,255,0,0,3,252
0x7b0631,0%,3,0,3,0,0,3,0
0x50f09e,75%,3,9,12,9,3,0,0
0x559209,57.1429%,3,4,7,0,3,0,4
0x8165c7,92.3077%,3,36,39,0,0,3,36
0x8e3e97,25%,3,1,4,1,3,0,0
0x548bdb,57.1429%,3,4,7,4,3,0,0
0xa08eea,95.3846%,3,62,65,0,0,3,62
0x9f3ce1,70%,3,7,10,0,0,3,7
0x9ef481,86.3636%,3,19,22,19,3,0,0
0x491519,98.1132%,3,156,159,0,1,2,156
0x8ea41a,25%,3,1,4,0,0,3,1
0x9a3edf,89.2857%,3,25,28,0,0,3,25
0x4a5925,92.3077%,3,36,39,36,3,0,0
0xa9f0d7,25%,3,1,4,1,3,0,0
0x971268,70%,3,7,10,2,3,0,5
0xa087bc,62.5%,3,5,8,0,0,3,5
0x980bda,87.5%,3,21,24,21,3,0,0
0xa669fd,98.2857%,3,172,175,172,3,0,0
0x60857c,70%,3,7,10,7,3,0,0
0x40e673,92.3077%,3,36,39,36,3,0,0
0x96af2e,78.5714%,3,11,14,11,3,0,0
0x981cbd,85%,3,17,20,17,1,2,0
0xa0705c,57.1429%,3,4,7,4,3,0,0
0x8a67b2,66.6667%,3,6,9,6,3,0,0
0x40a606,86.3636%,3,19,22,19,3,0,0
0xa8e4c7,50%,3,3,6,2,1,2,1
0x9e615d,75%,3,9,12,9,3,0,0
0x60b9f3,83.3333%,3,15,18,15,3,0,0
0x9eed9d,50%,3,3,6,0,0,3,3
0x858e70,62.5%,3,5,8,1,0,3,4
0xa06ebe,88%,3,22,25,22,3,0,0
0x679892,50%,3,3,6,0,0,3,3
0x9e0539,94.8276%,3,55,58,0,0,3,55
0x905cd3,97.6562%,3,125,128,125,3,0,0
0x58dca4,97.931%,3,142,145,0,2,1,142
0x60e578,40%,3,2,5,1,0,3,1
0xa04b71,95.3125%,3,61,64,0,0,3,61
0x60e3af,25%,3,1,4,1,3,0,0
0x60e3a3,40%,3,2,5,0,1,2,2
0x9c5187,25%,3,1,4,0,0,3,1
0x9848a3,25%,3,1,4,1,3,0,0
0x9988cb,50%,3,3,6,2,0,3,1
0x981383,96%,3,72,75,0,0,3,72
0x4b575a,97.0588%,3,99,102,99,3,0,0
0x6976b0,89.2857%,3,25,28,25,3,0,0
0x8ebcc1,25%,3,1,4,1,1,2,0
0x8c8716,99.3927%,3,491,494,0,0,3,491
0x9a3dc2,89.2857%,3,25,28,25,3,0,0
0xa18ac0,93.0233%,3,40,43,40,3,0,0
0x4c5d27,85.7143%,3,18,21,0,0,3,18
0xaa537d,99.8839%,3,2580,2583,2580,3,0,0
0xa36868,99.3119%,3,433,436,0,0,3,433
0x490063,70%,3,7,10,7,3,0,0
0x8101ed,99.6241%,3,795,798,0,0,3,795
0x67540f,0%,3,0,3,0,3,0,0
0x8ee82e,0%,3,0,3,0,0,3,0
0x8f3a8c,98.2759%,3,171,174,171,3,0,0
0x64be5e,97.479%,3,116,119,0,0,3,116
0xa97e50,80%,3,12,15,12,3,0,0
0x9e78a9,97.541%,3,119,122,119,3,0,0
0x9e0bf6,82.3529%,3,14,17,0,0,3,14
0x94af9c,81.25%,3,13,16,0,0,3,13
0xa39841,25%,3,1,4,0,0,3,1
0x5509a4,94.1176%,3,48,51,48,3,0,0
0x9e05fc,94.8276%,3,55,58,0,0,3,55
0x90d472,99.0066%,3,299,302,299,3,0,0
0x9f5cce,84.2105%,3,16,19,0,0,3,16
0x9e6e1b,50%,3,3,6,3,3,0,0
0x9e6e36,50%,3,3,6,2,2,1,1
0x8163b1,94.4444%,3,51,54,0,0,3,51
0x5efa94,0%,3,0,3,0,3,0,0
0x402de9,94.9153%,3,56,59,0,0,3,56
0xa5027f,25%,3,1,4,0,0,3,1
0x98b383,40%,3,2,5,0,0,3,2
0xa4b96a,40%,3,2,5,1,2,1,1
0x8fd20f,50%,3,3,6,0,0,3,3
0x4bce17,50%,3,3,6,3,3,0,0
0x9e7ea1,25%,3,1,4,1,3,0,0
0x49622b,75%,3,9,12,6,0,3,3
0x50a08f,97.7941%,3,133,136,133,3,0,0
0xa4bd27,25%,3,1,4,0,0,3,1
0xa441ef,75%,3,9,12,9,3,0,0
0x7b00db,62.5%,3,5,8,0,0,3,5
0xa363ce,98.9899%,3,294,297,0,0,3,294
0xa3629b,98.9899%,3,294,297,0,0,3,294
0x909053,99.8384%,3,1854,1857,1854,3,0,0
0x9f02ba,96.8085%,3,91,94,0,0,3,91
0xa3618d,97.8873%,3,139,142,0,0,3,139
0x9fb1be,91.8919%,3,34,37,34,3,0,0
0xa372a1,70%,3,7,10,7,3,0,0
0x815ddc,50%,3,3,6,2,3,0,1
0x99a075,40%,3,2,5,2,3,0,0
0xa2d42c,25%,3,1,4,0,0,3,1
0x8f1052,92.5%,3,37,40,0,0,3,37
0x66fc88,84.2105%,3,16,19,0,0,3,16
0xa0b99b,50%,3,3,6,3,0,3,0
0x67ac0e,50%,3,3,6,3,3,0,0
0x809121,40%,3,2,5,2,3,0,0
0xa372e3,70%,3,7,10,1,1,2,6
0x943a61,25%,3,1,4,0,0,3,1
0xa9f3b8,0%,3,0,3,0,0,3,0
0x7b0088,70%,3,7,10,2,0,3,5
0xa0ba0d,40%,3,2,5,2,3,0,0
0x4c403f,98.5294%,3,201,204,201,3,0,0
0x8ede5e,92.8571%,3,39,42,0,0,3,39
0x55587f,25%,3,1,4,0,0,3,1
0x5dade9,25%,3,1,4,1,3,0,0
0x501a3d,50%,3,3,6,3,3,0,0
0xa36be3,70%,3,7,10,0,3,0,7
0xa69f57,25%,3,1,4,1,3,0,0
0x972f42,50%,3,3,6,3,0,3,0
0xa0306a,98.125%,3,157,160,0,0,3,157
0x7dff59,62.5%,3,5,8,0,0,3,5
0x91756a,98.5%,3,197,200,197,3,0,0
0x784541,89.6552%,3,26,29,0,1,2,26
0x918b1d,98.5%,3,197,200,0,0,3,197
0x7aed97,72.7273%,3,8,11,0,0,3,8
0xa2e1f1,99.2683%,3,407,410,0,0,3,407
0x917b97,98.5%,3,197,200,197,3,0,0
0x9e7dc3,87.5%,3,21,24,0,0,3,21
0x58daab,88.4615%,3,23,26,23,3,0,0
0x9ed749,92.1053%,3,35,38,0,2,1,35
0x5f6c91,80%,3,12,15,0,0,3,12
0x4c7ef4,25%,3,1,4,0,0,3,1
0xa21220,25%,3,1,4,0,0,3,1
0x816321,93.3333%,3,42,45,42,1,2,0
0x7ac00f,97.7444%,3,130,133,130,3,0,0
0x9e822b,87.5%,3,21,24,21,1,2,0
0x5f11d1,57.1429%,3,4,7,4,1,2,0
0xa0263e,88.8889%,3,24,27,24,3,0,0
0xaa014a,0%,3,0,3,0,3,0,0
0x99f6b6,76.9231%,3,10,13,10,3,0,0
0xa99853,40%,3,2,5,2,3,0,0
0x67ac4a,50%,3,3,6,0,0,3,3
0x5bd6dd,99.0937%,3,328,331,328,3,0,0
0x977c2a,97.9021%,3,140,143,0,0,3,140
0xa39d9b,95.3846%,3,62,65,62,3,0,0
0x7d400e,0%,3,0,3,0,0,3,0
0x7aee47,50%,3,3,6,0,0,3,3
0x7bdd3a,25%,3,1,4,1,3,0,0
0x48ef4d,99.0937%,3,328,331,0,0,3,328
0x59173a,97.8261%,3,135,138,3,3,0,132
0xa0f1db,50%,3,3,6,3,3,0,0
0x40a255,96.7033%,3,88,91,0,2,1,88
0x9e7004,93.4783%,3,43,46,43,3,0,0
0xa4301c,25%,3,1,4,0,0,3,1
0x91165d,98.5075%,3,198,201,0,0,3,198
0x9e5fb6,83.3333%,3,15,18,15,3,0,0
0xa42fba,25%,3,1,4,1,3,0,0
0x5f0da3,40%,3,2,5,0,0,3,2
0xa42f04,25%,3,1,4,1,3,0,0
0xa42ea6,25%,3,1,4,0,0,3,1
0x96af3e,57.1429%,3,4,7,0,0,3,4
0x8e4dcc,99.0099%,3,300,303,300,3,0,0
0x4bca0e,75%,3,9,12,0,0,3,9
0xa04c44,92.1053%,3,35,38,35,3,0,0
0x4ab1db,40%,3,2,5,0,0,3,2
0x481b95,84.2105%,3,16,19,7,3,0,9
0xa07551,50%,3,3,6,1,0,3,2
0xa2128b,25%,3,1,4,1,3,0,0
0xa571a6,92.6829%,3,38,41,0,0,3,38
0xa2136f,75%,3,9,12,8,0,3,1
0x9f3904,25%,3,1,4,0,0,3,1
0x5078c2,99.5946%,3,737,740,0,0,3,737
0x81857a,91.1765%,3,31,34,31,3,0,0
0x5d1555,0%,3,0,3,0,3,0,0
0xa09534,81.25%,3,13,16,8,0,3,5
0xa5c2a3,95.9459%,3,71,74,0,2,1,71
0x58cd4d,98.1818%,3,162,165,162,3,0,0
0x5ff4b9,70%,3,7,10,4,2,1,3
0x789d0e,50%,3,3,6,1,3,0,2
0x94eea9,90%,3,27,30,0,0,3,27
0x99d358,66.6667%,3,6,9,0,0,3,6
0xa21174,25%,3,1,4,1,3,0,0
0x80660e,75%,3,9,12,2,3,0,7
0x5af096,70%,3,7,10,0,0,3,7
0x5d09b3,62.5%,3,5,8,5,3,0,0
0xa31057,40%,3,2,5,0,3,0,2
0x8337ed,75%,3,9,12,9,1,2,0
0x54d092,0%,3,0,3,0,0,3,0
0x670a52,84.2105%,3,16,19,16,3,0,0
0x980821,72.7273%,3,8,11,0,0,3,8
0x981286,85%,3,17,20,17,1,2,0
0x9e01f4,89.2857%,3,25,28,0,0,3,25
0x904227,85%,3,17,20,0,0,3,17
0x648756,94.6429%,3,53,56,53,3,0,0
0x9e025a,89.2857%,3,25,28,10,0,3,15
0xa6c73d,88.8889%,3,24,27,24,3,0,0
0xa39565,99.5856%,3,721,724,0,0,3,721
0x9d0685,91.1765%,3,31,34,0,0,3,31
0x9d31c9,0%,3,0,3,0,3,0,0
0x901a27,98.8095%,3,249,252,0,0,3,249
0x543f53,98.6364%,3,217,220,0,2,1,217
0xb18277,98.5149%,3,199,202,0,0,3,199
0x9ee28c,83.3333%,3,15,18,15,3,0,0
0x5037b2,99.0066%,3,299,302,0,0,3,299
0x9ab4b1,94.1176%,3,48,51,48,3,0,0
0x910038,99.5588%,3,677,680,0,0,3,677
0x5f9526,66.6667%,3,6,9,3,0,3,3
0x9f6b40,93.1818%,3,41,44,41,3,0,0
0x8e2e8c,99.8213%,3,1676,1679,0,0,3,1676
0x5555cc,97.0874%,3,100,103,0,0,3,100
0xa4a316,83.3333%,3,15,18,0,0,3,15
0xa9050b,92.6829%,3,38,41,0,0,3,38
0x67f0b8,99.9297%,3,4266,4269,0,0,3,4266
0x918d94,98.5%,3,197,200,0,0,3,197
0x69235c,86.3636%,3,19,22,0,0,3,19
0x6815f5,50%,3,3,6,0,0,3,3
0x48d7cb,99.5929%,3,734,737,0,0,3,734
0xa9b8ce,85%,3,17,20,0,3,0,17
0x98b586,82.3529%,3,14,17,14,3,0,0
0x5d454f,78.5714%,3,11,14,0,0,3,11
0xa2db0b,78.5714%,3,11,14,0,0,3,11
0x50da93,25%,3,1,4,0,0,3,1
0x64c661,97.479%,3,116,119,116,3,0,0
0x4418d7,72.7273%,3,8,11,0,0,3,8
0x8e3df8,25%,3,1,4,0,0,3,1
0x50d968,99.4614%,3,554,557,0,0,3,554
0x60b988,92.1053%,3,35,38,0,0,3,35
0xa2da20,70%,3,7,10,0,0,3,7
0x7d4149,75%,3,9,12,0,0,3,9
0x5f3814,0%,3,0,3,0,3,0,0
0x8089a2,85.7143%,3,18,21,0,0,3,18
0xa51978,82.3529%,3,14,17,8,1,2,6
0x837f01,50%,3,3,6,0,0,3,3
0x4873d3,96.7742%,3,90,93,0,2,1,90
0x80bbc7,40%,3,2,5,2,1,2,0
0xa96e01,85.7143%,3,18,21,0,0,3,18
0x508019,99.4318%,3,525,528,0,0,3,525
0x60c40c,40%,3,2,5,0,0,3,2
0xaa5bc9,0%,3,0,3,0,3,0,0
0xa07ab1,94%,3,47,50,10,0,3,37
0x48ded5,92.6829%,3,38,41,0,0,3,38
0x808496,25%,3,1,4,0,0,3,1
0xa5f325,25%,3,1,4,0,0,3,1
0x9e7a2b,97.8723%,3,138,141,0,0,3,138
0x4a5c1a,57.1429%,3,4,7,4,0,3,0
0x8a6996,75%,3,9,12,9,3,0,0
0x619e07,40%,3,2,5,0,0,3,2
0x8d98b6,62.5%,3,5,8,3,3,0,2
0x9fe83f,0%,3,0,3,0,3,0,0
0x4bc278,76.9231%,3,10,13,10,3,0,0
0x7cf69d,62.5%,3,5,8,5,3,0,0
0x7d37b8,92.5%,3,37,40,0,0,3,37
0x49146d,98.1013%,3,155,158,0,0,3,155
0x8efe77,88.4615%,3,23,26,0,0,3,23
0x50d351,99.3988%,3,496,499,0,0,3,496
0x9fcd8f,57.1429%,3,4,7,0,0,3,4
0xa06198,85.7143%,3,18,21,0,0,3,18
0xa5405c,86.3636%,3,19,22,19,3,0,0
0x482313,66.6667%,3,6,9,6,3,0,0
0x97344b,57.1429%,3,4,7,0,0,3,4
0x8bb0e3,0%,3,0,3,0,3,0,0
0x5f18a3,57.1429%,3,4,7,1,1,2,3
0x9f1d11,99.2167%,3,380,383,0,0,3,380
0x51b389,99.841%,3,1884,1887,0,0,3,1884
0x48872b,99.2424%,3,393,396,0,0,3,393
0xa4d33b,91.6667%,3,33,36,0,0,3,33
0x5bd0e0,72.7273%,3,8,11,0,0,3,8
0x80431d,50%,3,3,6,0,0,3,3
0x8144b4,99.4382%,3,531,534,0,0,3,531
0xa5a0f3,0%,3,0,3,0,1,2,0
0x6475e7,85.7143%,3,18,21,0,0,3,18
0x94edd2,90%,3,27,30,0,0,3,27
0x8041e8,86.3636%,3,19,22,18,0,3,1
0xa338fd,40%,3,2,5,2,3,0,0
0xa30f99,40%,3,2,5,0,3,0,2
0x81ca16,98.2558%,3,169,172,0,2,1,169
0x94eb84,96.6667%,3,87,90,0,0,3,87
0xa4c831,25%,3,1,4,0,0,3,1
0x8042c7,92.8571%,3,39,42,0,3,0,39
0x5f3ace,57.1429%,3,4,7,1,2,1,3
0x40a8f5,96.7033%,3,88,91,0,2,1,88
0x8bdb1c,40%,3,2,5,2,3,0,0
0x486f21,96.8421%,3,92,95,92,1,2,0
0x558d7b,99%,3,297,300,0,0,3,297
0x556099,92.3077%,3,36,39,36,3,0,0
0x9f11b3,40%,3,2,5,0,0,3,2
0xa4bc7b,25%,3,1,4,1,3,0,0
0x4c1275,87.5%,3,21,24,21,3,0,0
0x5fa7ee,95.6522%,3,66,69,0,0,3,66
0x8f458a,96.5909%,3,85,88,30,1,2,55
0x5ebd9c,57.1429%,3,4,7,4,3,0,0
0x96ae62,84.2105%,3,16,19,0,0,3,16
0x405043,85.7143%,3,18,21,18,3,0,0
0x7f372e,80%,3,12,15,8,3,0,4
0x50b152,25%,3,1,4,0,0,3,1
0x8ecaad,72.7273%,3,8,11,6,3,0,2
0x99e92e,94.5455%,3,52,55,0,0,3,52
0x48277f,57.1429%,3,4,7,0,0,3,4
0x815e4b,66.6667%,3,6,9,6,3,0,0
0xaa640c,96.6667%,3,87,90,0,0,3,87
0x944f9d,98.3516%,3,179,182,0,0,3,179
0x81f4ed,25%,3,1,4,0,0,3,1
0xaa259c,86.3636%,3,19,22,0,0,3,19
0xa64c7e,62.5%,3,5,8,0,0,3,5
0xa9732d,0%,3,0,3,0,0,3,0
0x8f45a2,94.7368%,3,54,57,54,3,0,0
0x5f3cc5,25%,3,1,4,1,3,0,0
0x78ace7,94.3396%,3,50,53,0,0,3,50
0x49c09c,25%,3,1,4,1,3,0,0
0x9f063c,70%,3,7,10,0,0,3,7
0x97351a,75%,3,9,12,0,0,3,9
0x40b46e,98.4456%,3,190,193,190,1,2,0
0x50b2b6,25%,3,1,4,1,3,0,0
0x6492df,96.0526%,3,73,76,0,2,1,73
0x833bb5,25%,3,1,4,1,3,0,0
0x99aff4,92.5%,3,37,40,0,0,3,37
0x9f0119,70%,3,7,10,5,3,0,2
0x9ab271,99.5804%,3,712,715,0,0,3,712
0xa48ddf,98.3146%,3,175,178,0,0,3,175
0x8d46ae,88%,3,22,25,18,2,1,4
0x80af42,91.4286%,3,32,35,32,3,0,0
0xa02ab7,80%,3,12,15,12,3,0,0
0x50b3eb,62.5%,3,5,8,0,0,3,5
0x80418f,95%,3,57,60,53,2,1,4
0x80aec2,91.1765%,3,31,34,30,2,1,1
0x9e728c,98.8%,3,247,250,0,0,3,247
0x97b8df,92.6829%,3,38,41,38,3,0,0
0x8c73fb,99.2736%,3,410,413,410,0,3,0
0x8e38e3,93.75%,3,45,48,0,0,3,45
0x4996d4,95.9459%,3,71,74,0,0,3,71
0x8ff841,98.5294%,3,201,204,0,0,3,201
0x812045,75%,3,9,12,0,2,1,9
0x5f550c,50%,3,3,6,1,1,2,2
0x83806a,50%,3,3,6,1,3,0,2
0x403d5f,99.7687%,3,1294,1297,0,0,3,1294
0x8f1ae1,0%,3,0,3,0,1,2,0
0x95245a,98.8889%,3,267,270,0,0,3,267
0x9d1291,81.25%,3,13,16,13,3,0,0
0x99dd11,80%,3,12,15,0,0,3,12
0x679b19,50%,3,3,6,3,3,0,0
0x5b20da,83.3333%,3,15,18,15,3,0,0
0xb17a3d,99.5804%,3,712,715,0,0,3,712
0xa64c25,50%,3,3,6,1,3,0,2
0x977d6e,97.6744%,3,126,129,0,0,3,126
0x50b20b,25%,3,1,4,0,0,3,1
0x8efe90,78.5714%,3,11,14,2,1,2,9
0x5d0386,50%,3,3,6,0,3,0,3
0x9a0a3b,89.2857%,3,25,28,0,0,3,25
0x494f76,25%,3,1,4,1,3,0,0
0x4c1de7,95.082%,3,58,61,44,1,2,14
0x4c776a,62.5%,3,5,8,5,3,0,0
0x9ee578,99.2556%,3,400,403,400,3,0,0
0xa29751,25%,3,1,4,0,0,3,1
0x9f4043,90.9091%,3,30,33,0,0,3,30
0x402fff,95.3846%,3,62,65,62,3,0,0
0xa296f4,81.25%,3,13,16,8,1,2,5
0x5bc176,99.786%,3,1399,1402,0,0,3,1399
0x53fc77,25%,3,1,4,0,0,3,1
0x491522,98.1013%,3,155,158,0,0,3,155
0x8104c3,93.75%,3,45,48,3,3,0,42
0x8107b1,99.5957%,3,739,742,0,0,3,739
0xb347a6,25%,3,1,4,1,3,0,0
0x810205,99.6241%,3,795,798,0,0,3,795
0x80e9d1,89.2857%,3,25,28,0,0,3,25
0x80e7e0,99.4297%,3,523,526,0,0,3,523
0x4a6276,0%,3,0,3,0,3,0,0
0x80d73f,25%,3,1,4,0,0,3,1
0xa53e18,98.1707%,3,161,164,0,0,3,161
0xa27854,62.5%,3,5,8,2,2,1,3
0x813413,99.8227%,3,1689,1692,0,0,3,1689
0x9ed28a,94.7368%,3,54,57,0,0,3,54
0x58c8aa,98.9899%,3,294,297,0,0,3,294
0x67a2e8,86.9565%,3,20,23,20,3,0,0
0x8f3e5c,98.9831%,3,292,295,0,0,3,292
0x590616,84.2105%,3,16,19,16,3,0,0
0x5dec58,99.7583%,3,1238,1241,1238,3,0,0
0x49aea1,92.3077%,3,36,39,36,3,0,0
0x58d61f,0%,3,0,3,0,0,3,0
0x5d2044,0%,3,0,3,0,3,0,0
0x555b0e,0%,3,0,3,0,3,0,0
0xa01e40,95.5882%,3,65,68,65,3,0,0
0xa325ff,25%,3,1,4,1,3,0,0
0x8dc3be,25%,3,1,4,0,0,3,1
0xa993dc,0%,3,0,3,0,0,3,0
0x491418,0%,3,0,3,0,3,0,0
0xa63cbe,25%,3,1,4,0,0,3,1
0xaa7f88,0%,3,0,3,0,0,3,0
0xa63be8,97.561%,3,120,123,120,3,0,0
0x8ee1a1,98.4211%,3,187,190,0,0,3,187
0x5db4e0,25%,3,1,4,1,3,0,0
0xa467c7,75%,3,9,12,9,3,0,0
0x5c4cd6,88%,3,22,25,20,0,3,2
0x59c540,96.6292%,3,86,89,86,3,0,0
0x540a57,97.1698%,3,103,106,103,1,2,0
0x7bba05,62.5%,3,5,8,5,3,0,0
0x80f322,25%,3,1,4,1,3,0,0
0x673d3c,92.1053%,3,35,38,0,0,3,35
0x48c5a4,70%,3,7,10,0,0,3,7
0xa4bbf7,99.3072%,3,430,433,0,0,3,430
0x64751d,85.7143%,3,18,21,0,0,3,18
0xa2811d,0%,3,0,3,0,3,0,0
0x666eb3,0%,3,0,3,0,3,0,0
0xa28118,0%,3,0,3,0,0,3,0
0x8102b2,99.812%,3,1593,1596,795,3,0,798
0x556226,40%,3,2,5,1,2,1,1
0xa98d4c,40%,3,2,5,2,3,0,0
0x80976d,40%,3,2,5,2,3,0,0
0x647271,85.7143%,3,18,21,18,3,0,0
0x809a05,66.6667%,3,6,9,6,1,2,0
0xa5b53e,90.3226%,3,28,31,0,2,1,28
0x50876c,72.7273%,3,8,11,0,0,3,8
0x508771,72.7273%,3,8,11,8,3,0,0
0xa2aac2,97.3451%,3,110,113,0,0,3,110
0x94a0bd,98.5507%,3,204,207,0,0,3,204
0x973455,57.1429%,3,4,7,0,0,3,4
0x495ee7,94.5455%,3,52,55,0,0,3,52
0x40dee5,97.2222%,3,105,108,1,2,1,104
0x9e4e8e,95%,3,57,60,57,3,0,0
0x50b13c,25%,3,1,4,0,0,3,1
0xa2ee8b,98.3696%,3,181,184,147,2,1,34
0xa53e00,98.1707%,3,161,164,0,0,3,161
0x8f53a2,98.3784%,3,182,185,182,3,0,0
0x5f13ba,92.5%,3,37,40,0,0,3,37
0x8f5794,98.4293%,3,188,191,0,0,3,188
0x80bfbd,90.625%,3,29,32,15,1,2,14
0xa058c3,70%,3,7,10,3,2,1,4
0x506229,72.7273%,3,8,11,3,1,2,5
0xa69e67,25%,3,1,4,1,3,0,0
0xa9ff84,0%,3,0,3,0,0,3,0
0x8efad5,99.3166%,3,436,439,0,0,3,436
0xa41b63,99.6037%,3,754,757,0,0,3,754
0xa5bb05,95.3846%,3,62,65,0,0,3,62
0x58dc6e,50%,3,3,6,0,0,3,3
0x806ecb,97.2727%,3,107,110,0,0,3,107
0xa285a5,90%,3,27,30,0,0,3,27
0x80bd73,57.1429%,3,4,7,1,1,2,3
0xa50871,25%,3,1,4,1,3,0,0
0x81e5dd,25%,3,1,4,1,3,0,0
0x9f82cd,72.7273%,3,8,11,8,3,0,0
0x48f64f,0%,3,0,3,0,3,0,0
0x809b50,96%,3,72,75,72,3,0,0
0xa4689c,88.4615%,3,23,26,0,0,3,23
0xa48cab,98.2036%,3,164,167,0,0,3,164
0x5d0574,83.3333%,3,15,18,15,3,0,0
0x8f1dbe,92.5%,3,37,40,0,0,3,37
0x53ef7b,98.0519%,3,151,154,151,3,0,0
0xa44a8d,25%,3,1,4,0,0,3,1
0x838108,40%,3,2,5,0,0,3,2
0x81fd8d,93.75%,3,45,48,0,0,3,45
0x543a6c,98.6364%,3,217,220,0,2,1,217
0x781673,94.6429%,3,53,56,53,3,0,0
0xa02a77,75%,3,9,12,0,0,3,9
0x405e61,87.5%,3,21,24,0,0,3,21
0x9bdc48,25%,3,1,4,0,0,3,1
0x9ab369,99.7425%,3,1162,1165,0,0,3,1162
0x5336fa,66.6667%,3,6,9,1,1,2,5
0x8f49bf,50%,3,3,6,0,0,3,3
0x53f310,99.3007%,3,426,429,426,3,0,0
0x4b9d00,85.7143%,3,18,21,18,3,0,0
0x8f4b8c,50%,3,3,6,0,0,3,3
0x4bcaf3,75%,3,9,12,9,3,0,0
0x7c639f,98%,3,147,150,147,3,0,0
0x651697,94.6429%,3,53,56,0,0,3,53
0x8a677a,40%,3,2,5,1,2,1,1
0x9a2397,86.9565%,3,20,23,3,3,0,17
0x9807f6,72.7273%,3,8,11,8,3,0,0
0x4c076c,96.5116%,3,83,86,0,0,3,83
0x5f5d46,25%,3,1,4,0,2,1,1
0x8e5776,90.625%,3,29,32,13,3,0,16
0x817e5f,98.8%,3,247,250,7,1,2,240
0x53e797,25%,3,1,4,0,0,3,1
0x8f4544,85.7143%,3,18,21,18,3,0,0
0x80c27d,91.1765%,3,31,34,0,0,3,31
0x9e5ddc,82.3529%,3,14,17,14,3,0,0
0x8e9b71,40%,3,2,5,0,0,3,2
0x4bd5ef,62.5%,3,5,8,0,1,2,5
0x8f4ea3,99.8802%,3,2502,2505,0,0,3,2502
0xa2587f,40%,3,2,5,0,0,3,2
0x494f99,50%,3,3,6,3,3,0,0
0xa21027,25%,3,1,4,0,0,3,1
0xaccb10,0%,3,0,3,0,3,0,0
0x4b8b05,81.25%,3,13,16,0,0,3,13
0x4b8462,81.25%,3,13,16,13,3,0,0
0x4b9c11,89.6552%,3,26,29,1,1,2,25
0x9e6e52,62.5%,3,5,8,5,3,0,0
0xa5b558,0%,3,0,3,0,3,0,0
0x53ec1b,25%,3,1,4,0,0,3,1
0x63ae45,98.7552%,3,238,241,238,3,0,0
0x8f56d9,98.1707%,3,161,164,0,0,3,161
0x90240d,93.8776%,3,46,49,0,0,3,46
0xa06489,91.4286%,3,32,35,0,0,3,32
0x4936dc,97.6%,3,122,125,0,0,3,122
0x8e2636,99.9431%,3,5272,5275,0,0,3,5272
0xa91bc0,97.8102%,3,134,137,0,0,3,134
0x8084ee,62.5%,3,5,8,4,0,3,1
0x50a2fc,25%,3,1,4,0,0,3,1
0xa37042,90.625%,3,29,32,0,0,3,29
0x8aacc9,86.3636%,3,19,22,0,0,3,19
0xa9646d,87.5%,3,21,24,0,0,3,21
0xa55f14,82.3529%,3,14,17,0,0,3,14
0x4c5203,99.115%,3,336,339,0,0,3,336
0x948909,86.3636%,3,19,22,19,3,0,0
0xa50c9e,98.6667%,3,222,225,0,0,3,222
0x5b2f05,98.4925%,3,196,199,196,3,0,0
0xaa5d68,98.5915%,3,210,213,0,0,3,210
0xa04f7e,95.1613%,3,59,62,0,0,3,59
0x4c4ffa,82.3529%,3,14,17,14,3,0,0
0x50f26f,70%,3,7,10,1,3,0,6
0x63adbf,98.8506%,3,258,261,258,3,0,0
0x5bd0af,99.6888%,3,961,964,961,3,0,0
0x4b871e,72.7273%,3,8,11,8,3,0,0
0x7c74bc,81.25%,3,13,16,0,0,3,13
0x8f6e1b,95.3125%,3,61,64,61,3,0,0
0x81192f,87.5%,3,21,24,0,0,3,21
0xa26d19,50%,3,3,6,3,3,0,0
0x9a717a,78.5714%,3,11,14,3,1,2,8
0x9e5dd3,82.3529%,3,14,17,0,0,3,14
0x4b70c4,96.5517%,3,84,87,84,3,0,0
0x5d8c65,70%,3,7,10,7,3,0,0
0x4c74a5,83.3333%,3,15,18,0,0,3,15
0x4a6215,0%,3,0,3,0,0,3,0
0xa50e57,25%,3,1,4,1,3,0,0
0xa278dd,50%,3,3,6,0,0,3,3
0xa26ca4,70%,3,7,10,0,0,3,7
0xa944f9,89.6552%,3,26,29,0,2,1,26
0xacce9e,0%,3,0,3,0,3,0,0
0xa26c68,70%,3,7,10,0,0,3,7
0x8bd790,50%,3,3,6,3,1,2,0
0xa4773d,92.8571%,3,39,42,0,0,3,39
0x4a78bb,99.8205%,3,1668,1671,0,0,3,1668
0x55597c,94.5455%,3,52,55,0,0,3,52
0x8df0ee,87.5%,3,21,24,0,0,3,21
0x9f999a,86.3636%,3,19,22,19,3,0,0
0x9a4938,81.25%,3,13,16,0,0,3,13
0xa04b9d,92.8571%,3,39,42,0,0,3,39
0x4bf1a5,80%,3,12,15,12,3,0,0
0x5f390b,0%,3,0,3,0,3,0,0
0x4c27ae,40%,3,2,5,2,3,0,0
0x481c64,66.6667%,3,6,9,6,2,1,0
0x8127b2,50%,3,3,6,0,0,3,3
0xa285e4,66.6667%,3,6,9,1,2,1,5
0x53f2c1,99.3007%,3,426,429,0,0,3,426
0xa64f5c,25%,3,1,4,1,3,0,0
0x8e1639,90.625%,3,29,32,0,0,3,29
0x8fd844,50%,3,3,6,0,3,0,3
0x9444cb,82.3529%,3,14,17,14,3,0,0
0x5f37e5,0%,3,0,3,0,0,3,0
0xa54bfc,75%,3,9,12,4,2,1,5
0x9f5fe0,95%,3,57,60,57,3,0,0
0x5f3921,0%,3,0,3,0,0,3,0
0x59c8f5,0%,3,0,3,0,3,0,0
0x5510b9,50%,3,3,6,0,0,3,3
0x8e92bb,0%,3,0,3,0,0,3,0
0x5555c7,97.0874%,3,100,103,0,0,3,100
0x550f9b,85.7143%,3,18,21,18,3,0,0
0x4be86e,0%,3,0,3,0,3,0,0
0x4be23c,25%,3,1,4,0,0,3,1
0x8e2fe7,25%,3,1,4,1,3,0,0
0x6471e4,85.7143%,3,18,21,0,0,3,18
0x787d7f,50%,3,3,6,3,3,0,0
0x50b41e,25%,3,1,4,1,3,0,0
0x9a9808,70%,3,7,10,7,3,0,0
0x8d332f,0%,3,0,3,0,0,3,0
0x9a7e26,88%,3,22,25,0,0,3,22
0x70c2d8,50%,3,3,6,3,3,0,0
0x8dec9a,50%,3,3,6,3,1,2,0
0x8d3310,87.5%,3,21,24,21,0,3,0
0x817da9,91.6667%,3,33,36,0,0,3,33
0x70e8a9,50%,3,3,6,0,0,3,3
0x5ea9b1,88.8889%,3,24,27,16,3,0,8
0x5f4106,57.1429%,3,4,7,4,3,0,0
0xa543b0,84.2105%,3,16,19,0,0,3,16
0x6dcdee,25%,3,1,4,1,3,0,0
0xa58343,62.5%,3,5,8,0,0,3,5
0x5f31a4,57.1429%,3,4,7,0,1,2,4
0x60959c,98.8095%,3,249,252,0,0,3,249
0x4bc071,81.25%,3,13,16,0,0,3,13
0x8e5350,81.25%,3,13,16,0,0,3,13
0x503a8e,95.082%,3,58,61,58,1,2,0
0xa54aa6,62.5%,3,5,8,0,0,3,5
0x81e0ed,98.6047%,3,212,215,212,3,0,0
0x40e3d1,50%,3,3,6,2,0,3,1
0x9be654,87.5%,3,21,24,21,3,0,0
0x9f6c6f,76.9231%,3,10,13,0,3,0,10
0xa09514,75%,3,9,12,3,1,2,6
0x8dc40c,25%,3,1,4,0,0,3,1
0x606f12,85%,3,17,20,8,2,1,9
0x55604a,98.7603%,3,239,242,0,1,2,239
0x64af1d,95.3125%,3,61,64,0,0,3,61
0x81f92e,99.8518%,3,2021,2024,0,0,3,2021
0x81e580,62.5%,3,5,8,0,0,3,5
0x4ac804,80%,3,12,15,12,3,0,0
0x8f2103,82.3529%,3,14,17,0,0,3,14
0xa91f1f,25%,3,1,4,0,0,3,1
0x790fd3,91.4286%,3,32,35,0,0,3,32
0xa5a151,62.5%,3,5,8,0,0,3,5
0x6102a4,90.9091%,3,30,33,30,3,0,0
0x9be6af,93.75%,3,45,48,0,0,3,45
0x6841d6,62.5%,3,5,8,0,0,3,5
0xacced6,0%,3,0,3,0,0,3,0
0x5d002f,25%,3,1,4,0,0,3,1
0x78bfb7,66.6667%,3,6,9,0,0,3,6
0x557ae3,0%,3,0,3,0,3,0,0
0xa50930,99.162%,3,355,358,0,0,3,355
0x4903d4,0%,3,0,3,0,0,3,0
0x5042c5,0%,3,0,3,0,3,0,0
0x490bb1,92.6829%,3,38,41,0,0,3,38
0x65b013,76.9231%,3,10,13,0,0,3,10
0x550dee,87.5%,3,21,24,21,3,0,0
0xa97ad6,40%,3,2,5,2,3,0,0
0x67ac84,50%,3,3,6,3,3,0,0
0x503f21,66.6667%,3,6,9,5,2,1,1
0x49050f,0%,3,0,3,0,0,3,0
0xa4c9bf,25%,3,1,4,0,0,3,1
0x59f196,25%,3,1,4,0,0,3,1
0x504277,0%,3,0,3,0,0,3,0
0x9bb3e4,95.3846%,3,62,65,0,0,3,62
0x5be1ba,99.6319%,3,812,815,812,3,0,0
0x8df5fe,88.8889%,3,24,27,0,1,2,24
0xa9bce5,70%,3,7,10,7,3,0,0
0xa5316e,62.5%,3,5,8,5,3,0,0
0x8a9408,99.9026%,3,3077,3080,0,0,3,3077
0xa5050a,98.8327%,3,254,257,0,0,3,254
0x8bb690,76.9231%,3,10,13,10,3,0,0
0x81e7e6,99.9717%,3,10587,10590,10587,3,0,0
0x4b9675,76.9231%,3,10,13,10,1,2,0
0x5905ca,81.25%,3,13,16,2,1,2,11
0x4b93fa,76.9231%,3,10,13,0,1,2,10
0xa4c949,25%,3,1,4,1,3,0,0
0x50773c,93.1818%,3,41,44,0,0,3,41
0xa4c838,25%,3,1,4,1,3,0,0
0xa8a771,96.3855%,3,80,83,0,0,3,80
0x40deed,97.2222%,3,105,108,0,2,1,105
0x9752c1,50%,3,3,6,3,0,3,0
0x59bf6f,94.3396%,3,50,53,50,3,0,0
0xa53160,62.5%,3,5,8,0,0,3,5
0x8def89,81.25%,3,13,16,0,0,3,13
0x7d29a4,96.8085%,3,91,94,70,0,3,21
0x99f123,75%,3,9,12,0,1,2,9
0x7847b2,91.4286%,3,32,35,0,0,3,32
0x9082e2,99.5614%,3,681,684,681,3,0,0
0x9e8458,0%,3,0,3,0,3,0,0
0x8a9170,88.8889%,3,24,27,0,0,3,24
0x8bd7f8,85%,3,17,20,0,0,3,17
0xa4cbe4,25%,3,1,4,1,3,0,0
0x4a1270,99.0228%,3,304,307,304,3,0,0
0x5086f5,72.7273%,3,8,11,8,3,0,0
0x5b0ee9,94.9153%,3,56,59,0,0,3,56
0xa5eb62,40%,3,2,5,0,0,3,2
0x8fd463,95.5882%,3,65,68,0,2,1,65
0x9e48ce,83.3333%,3,15,18,15,3,0,0
0x8ebdba,62.5%,3,5,8,4,2,1,1
0x4a9da8,81.25%,3,13,16,13,3,0,0
0x90b177,95.7143%,3,67,70,0,0,3,67
0x593772,99.5276%,3,632,635,2,0,3,630
0x511948,98.5849%,3,209,212,0,0,3,209
0x9e48c5,83.3333%,3,15,18,0,0,3,15
0x908d76,99.9298%,3,4271,4274,0,0,3,4271
0x5fedcf,99.2208%,3,382,385,0,0,3,382
0x9e3007,98.7342%,3,234,237,0,0,3,234
0xa9180c,82.3529%,3,14,17,14,3,0,0
0xb30011,40%,3,2,5,2,3,0,0
0x9fe29c,96.4706%,3,82,85,0,0,3,82
0xa311f2,98.6111%,3,213,216,213,3,0,0
0xa9e10f,98.7342%,3,234,237,234,3,0,0
0xa4c68e,25%,3,1,4,0,0,3,1
0xa4c7a3,25%,3,1,4,0,0,3,1
0xab3234,98.4375%,3,189,192,189,3,0,0
0x96eb83,0%,3,0,3,0,1,2,0
0x58d91b,50%,3,3,6,0,0,3,3
0xa08556,40%,3,2,5,2,3,0,0
0x9f09ad,92.3077%,3,36,39,36,3,0,0
0x49faae,97.9167%,3,141,144,0,2,1,141
0x9746ee,82.3529%,3,14,17,13,0,3,1
0xa01b69,94.5455%,3,52,55,0,0,3,52
0x9eb0a3,95.8333%,3,69,72,69,1,2,0
0x63e0e6,99.6878%,3,958,961,227,3,0,731
0xa01cd1,57.1429%,3,4,7,3,2,1,1
0x7e2092,76.9231%,3,10,13,0,0,3,10
0x48fa9e,0%,3,0,3,0,3,0,0
0xa3218c,25%,3,1,4,1,3,0,0
0x4ad03e,25%,3,1,4,1,3,0,0
0x48f5d0,0%,3,0,3,0,3,0,0
0x6d44b9,72.7273%,3,8,11,0,0,3,8
0xa41513,88%,3,22,25,0,0,3,22
0x48f503,0%,3,0,3,0,3,0,0
0x7d3e11,0%,3,0,3,0,0,3,0
0x5d871e,90%,3,27,30,0,0,3,27
0x8fda2b,25%,3,1,4,0,0,3,1
0xa53199,70%,3,7,10,0,2,1,7
0x818d5b,98.2558%,3,169,172,0,0,3,169
0x5d8816,90%,3,27,30,27,3,0,0
0x4b8878,62.5%,3,5,8,0,0,3,5
0xa4cd19,25%,3,1,4,1,3,0,0
0x808c93,99.7557%,3,1225,1228,0,0,3,1225
0xa7a299,0%,3,0,3,0,3,0,0
0x9a6b5e,70%,3,7,10,7,3,0,0
0x8ebc9f,25%,3,1,4,1,3,0,0
0xa90a84,25%,3,1,4,1,3,0,0
0xa4cd8f,25%,3,1,4,0,0,3,1
0x9fcc94,57.1429%,3,4,7,4,3,0,0
0xa47ac2,84.2105%,3,16,19,0,0,3,16
0x64ac67,62.5%,3,5,8,0,0,3,5
0x7d2feb,95.3846%,3,62,65,0,2,1,62
0x97851c,99.3814%,3,482,485,482,3,0,0
0xa01ca2,0%,3,0,3,0,0,3,0
0x65ad44,78.5714%,3,11,14,0,0,3,11
0x67a09a,50%,3,3,6,0,0,3,3
0xaa7f90,0%,3,0,3,0,0,3,0
0xa03163,95.9459%,3,71,74,70,2,1,1
0x7d0d31,99.2167%,3,380,383,380,3,0,0
0xa6b98a,25%,3,1,4,0,0,3,1
0x647e09,94.1176%,3,48,51,0,2,1,48
0x5e3802,0%,3,0,3,0,3,0,0
0xa29819,25%,3,1,4,1,3,0,0
0xa31ef4,91.6667%,3,33,36,0,0,3,33
0x9fe196,88%,3,22,25,0,0,3,22
0xa2aa2b,0%,3,0,3,0,0,3,0
0x5c7550,0%,3,0,3,0,0,3,0
0x5e3904,0%,3,0,3,0,0,3,0
0x9f2a73,40%,3,2,5,2,3,0,0
0x9fb356,0%,3,0,3,0,0,3,0
0x5af0ab,70%,3,7,10,0,0,3,7
0x5e3923,0%,3,0,3,0,3,0,0
0x5a6071,25%,3,1,4,0,0,3,1
0x8e9956,25%,3,1,4,1,3,0,0
0x9e8450,0%,3,0,3,0,0,3,0
0x7894a7,62.5%,3,5,8,3,1,2,2
0x81d3e4,98.3516%,3,179,182,0,0,3,179
0x8de97f,98.5%,3,197,200,197,3,0,0
0x7dfcab,62.5%,3,5,8,0,0,3,5
0x9fb7ba,0%,3,0,3,0,3,0,0
0x972cf7,50%,3,3,6,3,3,0,0
0x9e8843,0%,3,0,3,0,3,0,0
0x59095d,85%,3,17,20,0,0,3,17
0x9e880e,0%,3,0,3,0,0,3,0
0xa90e2a,25%,3,1,4,1,3,0,0
0x40ab07,93.1818%,3,41,44,0,2,1,41
0xa47305,92.8571%,3,39,42,0,0,3,39
0xaa2ad2,0%,3,0,3,0,0,3,0
0x50c628,93.4783%,3,43,46,0,0,3,43
0xa54001,86.3636%,3,19,22,0,0,3,19
0x9c4cfa,50%,3,3,6,3,3,0,0
0xa03a40,97.4359%,3,114,117,114,3,0,0
0x666f03,25%,3,1,4,1,3,0,0
0x487f0f,78.5714%,3,11,14,0,1,2,11
0xb30451,40%,3,2,5,2,3,0,0
0x9aadc8,96.2025%,3,76,79,0,0,3,76
0xa582a5,86.9565%,3,20,23,0,0,3,20
0x8162da,93.3333%,3,42,45,42,3,0,0
0xa960b3,88.4615%,3,23,26,0,0,3,23
0xa31ce1,90.3226%,3,28,31,28,3,0,0
0xa085e7,40%,3,2,5,2,3,0,0
0xa06383,50%,3,3,6,3,0,3,0
0xa43d65,57.1429%,3,4,7,4,3,0,0
0x8dfa57,57.1429%,3,4,7,4,3,0,0
0x5e6153,70%,3,7,10,7,3,0,0
0x5d1139,0%,3,0,3,0,3,0,0
0x9f203a,25%,3,1,4,1,3,0,0
0x9e52ca,75%,3,9,12,0,0,3,9
0xa3abd2,78.5714%,3,11,14,11,3,0,0
0x9ebeee,95.082%,3,58,61,0,0,3,58
0x8a5eb8,97.8417%,3,136,139,136,3,0,0
0x8a3479,25%,3,1,4,0,0,3,1
0x5ef997,82.3529%,3,14,17,0,0,3,14
0x983fc7,62.5%,3,5,8,0,0,3,5
0x9e5ba5,25%,3,1,4,0,0,3,1
0x96605a,70%,3,7,10,0,0,3,7
0x494d42,98.125%,3,157,160,0,2,1,157
0x4ada20,40%,3,2,5,2,3,0,0
0x490554,0%,3,0,3,0,3,0,0
0x606ed1,0%,3,0,3,0,0,3,0
0x49145b,98.1013%,3,155,158,0,0,3,155
0xa312fb,94.2308%,3,49,52,0,0,3,49
0x9f791e,99.5312%,3,637,640,637,3,0,0
0x48e83c,57.1429%,3,4,7,1,0,3,3
0xa31497,94.2308%,3,49,52,0,0,3,49
0x78ad41,86.9565%,3,20,23,20,3,0,0
0x5d69ec,0%,3,0,3,0,0,3,0
0xa01dfa,50%,3,3,6,0,2,1,3
0xa1adbe,93.1818%,3,41,44,41,3,0,0
0xa47f9b,75%,3,9,12,9,3,0,0
0x5d69d6,0%,3,0,3,0,0,3,0
0xa44771,94.2308%,3,49,52,49,3,0,0
0x5bc147,99.786%,3,1399,1402,1399,1,2,0
0x8deb1e,95.4545%,3,63,66,63,3,0,0
0x9e4f2d,85%,3,17,20,0,0,3,17
0xa4d6b8,92.1053%,3,35,38,0,2,1,35
0x97385b,92.5%,3,37,40,0,0,3,37
0xa5770d,89.2857%,3,25,28,25,3,0,0
0xa5730e,92.6829%,3,38,41,38,3,0,0
0x7d3fee,0%,3,0,3,0,0,3,0
0x80da79,97.1698%,3,103,106,103,3,0,0
0x40ee7f,97.619%,3,123,126,123,3,0,0
0xa57377,92.6829%,3,38,41,0,0,3,38
0x60850e,70%,3,7,10,0,0,3,7
0xa46b3c,83.3333%,3,15,18,15,3,0,0
0x99dac7,85.7143%,3,18,21,0,0,3,18
0x8377bc,62.5%,3,5,8,4,1,2,1
0x80e3c0,25%,3,1,4,1,1,2,0
0xa5740e,0%,3,0,3,0,3,0,0
0x815df9,40%,3,2,5,1,3,0,1
0x679ec0,97.0297%,3,98,101,98,3,0,0
0x4a62f1,70%,3,7,10,7,3,0,0
0x7b7284,88.8889%,3,24,27,24,1,2,0
0xa574c6,96.7033%,3,88,91,0,0,3,88
0xa39325,99.5066%,3,605,608,0,0,3,605
0x973343,92.8571%,3,39,42,39,3,0,0
0xa9d1ec,95.4545%,3,63,66,0,0,3,63
0xa22df6,84.2105%,3,16,19,0,0,3,16
0xa57433,0%,3,0,3,0,0,3,0
0x5f9379,91.8919%,3,34,37,25,3,0,9
0x50bede,91.4286%,3,32,35,0,0,3,32
0xaa9fec,88.8889%,3,24,27,24,3,0,0
0xaaa608,57.1429%,3,4,7,4,3,0,0
0x499ff8,81.25%,3,13,16,0,0,3,13
0x4905ef,0%,3,0,3,0,0,3,0
0x80e80e,94.4444%,3,51,54,20,0,3,31
0xa4a1f5,95%,3,57,60,0,0,3,57
0x973ae5,70%,3,7,10,0,0,3,7
0x5415c6,62.5%,3,5,8,0,0,3,5
0x8ee67b,25%,3,1,4,1,3,0,0
0xa04117,50%,3,3,6,0,3,0,3
0x8efeae,66.6667%,3,6,9,6,3,0,0
0x9e3794,88%,3,22,25,0,0,3,22
0x67f679,97.1698%,3,103,106,103,3,0,0
0xb17ad4,99.5804%,3,712,715,712,3,0,0
0x9e709c,40%,3,2,5,1,1,2,1
0x59efe7,62.5%,3,5,8,2,2,1,3
0x81f161,99.6516%,3,858,861,858,3,0,0
0x83899c,40%,3,2,5,2,3,0,0
0x6804ec,99.9344%,3,4572,4575,0,0,3,4572
0x8221bc,98.9011%,3,270,273,0,0,3,270
0x9812e0,76.9231%,3,10,13,10,3,0,0
0x7f031b,84.2105%,3,16,19,0,0,3,16
0xa2dd68,91.6667%,3,33,36,0,0,3,33
0xa9194d,94.9153%,3,56,59,0,0,3,56
0x8e9341,0%,3,0,3,0,3,0,0
0x5f1c9e,57.1429%,3,4,7,4,3,0,0
0xa3d911,62.5%,3,5,8,0,0,3,5
0x490535,0%,3,0,3,0,0,3,0
0x5e206f,0%,3,0,3,0,0,3,0
0x80de0a,94.7368%,3,54,57,54,3,0,0
0x4a702b,95%,3,57,60,0,0,3,57
0x5febcf,95.1613%,3,59,62,59,3,0,0
0x9f407d,0%,3,0,3,0,3,0,0
0x8c8ea3,50%,3,3,6,3,3,0,0
0x80fe29,99.4958%,3,592,595,592,3,0,0
0x8e9b47,40%,3,2,5,2,3,0,0
0xa039d3,98.4615%,3,192,195,0,0,3,192
0x9813b1,96%,3,72,75,72,3,0,0
0x8e27a8,99.9732%,3,11202,11205,11202,3,0,0
0x99bdf0,76.9231%,3,10,13,0,0,3,10
0x80aa30,0%,3,0,3,0,0,3,0
0x9850c0,25%,3,1,4,0,0,3,1
0x7dfc60,62.5%,3,5,8,0,0,3,5
0x648877,94.6429%,3,53,56,53,3,0,0
0x9e0974,92.5%,3,37,40,0,0,3,37
0xa64bf8,50%,3,3,6,0,0,3,3
0xa019fb,62.5%,3,5,8,4,0,3,1
0x609653,96.3855%,3,80,83,0,0,3,80
0x490325,94.4444%,3,51,54,0,0,3,51
0x812058,70%,3,7,10,0,0,3,7
0x61172e,99.7588%,3,1241,1244,0,0,3,1241
0xa56f4f,95.8333%,3,69,72,0,0,3,69
0x9f4995,25%,3,1,4,1,3,0,0
0x4858ea,0%,3,0,3,0,3,0,0
0x61077b,76.9231%,3,10,13,0,0,3,10
0x81ea1d,96.0526%,3,73,76,0,0,3,73
0x8e9ee2,99.893%,3,2801,2804,0,0,3,2801
0x7d33fe,75%,3,9,12,0,0,3,9
0x8e9d02,40%,3,2,5,1,0,3,1
0x4ab4ec,50%,3,3,6,0,0,3,3
0x9a7a90,91.4286%,3,32,35,0,0,3,32
0xa55151,62.5%,3,5,8,0,0,3,5
0x8e9ce2,40%,3,2,5,0,0,3,2
0xa99c7e,25%,3,1,4,0,0,3,1
0x82275a,25%,3,1,4,1,1,2,0
0x4bf4c7,85%,3,17,20,0,0,3,17
0xa65027,25%,3,1,4,0,0,3,1
0x8f108e,92.5%,3,37,40,37,3,0,0
0x9fc105,99.0196%,3,303,306,0,0,3,303
0x9e0c29,76.9231%,3,10,13,10,3,0,0
0xa06308,50%,3,3,6,0,3,0,3
0x9fcbc7,83.3333%,3,15,18,15,3,0,0
0x59074b,0%,3,0,3,0,3,0,0
0xa7a2db,0%,3,0,3,0,3,0,0
0x4417ee,72.7273%,3,8,11,0,0,3,8
0x627797,93.4783%,3,43,46,0,0,3,43
0x63f3a5,98.5%,3,197,200,197,1,2,0
0x81caa2,98.2558%,3,169,172,0,0,3,169
0x5f2641,50%,3,3,6,0,0,3,3
0xa3614f,95.7143%,3,67,70,0,0,3,67
0x59611c,76.9231%,3,10,13,0,0,3,10
0x48f132,90%,3,27,30,27,3,0,0
0x592d3a,83.3333%,3,15,18,0,0,3,15
0x99f1fa,85%,3,17,20,0,0,3,17
0x499ddf,93.75%,3,45,48,0,0,3,45
0x99f1df,85%,3,17,20,0,0,3,17
0x5033a5,91.8919%,3,34,37,34,3,0,0
0xa35343,99.8423%,3,1899,1902,0,0,3,1899
0x8be4a4,83.3333%,3,15,18,0,0,3,15
0x99cd5e,66.6667%,3,6,9,6,3,0,0
0x8f1f1c,92.5%,3,37,40,0,0,3,37
0x48589f,0%,3,0,3,0,3,0,0
0x5f55e9,25%,3,1,4,1,3,0,0
0x48f087,90.9091%,3,30,33,0,0,3,30
0x485899,0%,3,0,3,0,0,3,0
0x65c314,95.3846%,3,62,65,0,0,3,62
0xa051cd,57.1429%,3,4,7,0,0,3,4
0x4a95a2,70%,3,7,10,0,0,3,7
0x8efe5a,78.5714%,3,11,14,0,0,3,11
0xa9dd34,0%,2,0,2,0,0,2,0
0x4a6d38,97.9798%,2,97,99,97,2,0,0
0xa558f7,50%,2,2,4,0,2,0,2
0x533e99,0%,2,0,2,0,2,0,0
0x8c9371,81.8182%,2,9,11,0,0,2,9
0x481c1e,77.7778%,2,7,9,0,0,2,7
0x9f3909,50%,2,2,4,2,2,0,0
0x60bacb,88.8889%,2,16,18,16,1,1,0
0x99da0b,94.5946%,2,35,37,0,1,1,35
0x50cd4a,98.2906%,2,115,117,0,0,2,115
0x40af6c,0%,2,0,2,0,2,0,0
0x58fa22,99.5763%,2,470,472,470,0,2,0
0x494a4f,0%,2,0,2,0,0,2,0
0x5474e1,0%,2,0,2,0,0,2,0
0x5beb72,0%,2,0,2,0,2,0,0
0x4b1604,0%,2,0,2,0,2,0,0
0x505a67,50%,2,2,4,0,0,2,2
0x8ed09e,77.7778%,2,7,9,7,2,0,0
0x8d2247,0%,2,0,2,0,0,2,0
0x66750e,0%,2,0,2,0,0,2,0
0x4949ec,0%,2,0,2,0,0,2,0
0x80e0cd,50%,2,2,4,2,2,0,0
0x6796b4,98.2143%,2,110,112,0,0,2,110
0x8212bc,0%,2,0,2,0,2,0,0
0x494adf,0%,2,0,2,0,2,0,0
0x8ab630,0%,2,0,2,0,2,0,0
0x7c680a,0%,2,0,2,0,0,2,0
0x4949d9,0%,2,0,2,0,2,0,0
0x48e197,92%,2,23,25,23,2,0,0
0x48c7ed,0%,2,0,2,0,2,0,0
0x67329e,89.4737%,2,17,19,17,2,0,0
0x5062d0,99.6909%,2,645,647,0,0,2,645
0x61076a,88.2353%,2,15,17,4,0,2,11
0xa4152a,92%,2,23,25,0,0,2,23
0x8443e6,50%,2,2,4,1,1,1,1
0x5eb99a,0%,2,0,2,0,0,2,0
0xaad9f8,99.3056%,2,286,288,0,0,2,286
0x492caf,0%,2,0,2,0,2,0,0
0x58f9ce,0%,2,0,2,0,0,2,0
0x817d6f,75%,2,6,8,0,2,0,6
0x973b97,80%,2,8,10,0,0,2,8
0x78e091,50%,2,2,4,0,0,2,2
0x5bc03b,0%,2,0,2,0,2,0,0
0xa4c645,50%,2,2,4,2,2,0,0
0xa074cd,95.6522%,2,44,46,0,0,2,44
0xaad22b,71.4286%,2,5,7,0,0,2,5
0xa47c0c,95.2381%,2,40,42,40,2,0,0
0x8d222b,0%,2,0,2,0,0,2,0
0x40a945,0%,2,0,2,0,2,0,0
0x686db6,97.5904%,2,81,83,0,0,2,81
0x548a1d,66.6667%,2,4,6,0,0,2,4
0x5bec16,0%,2,0,2,0,2,0,0
0x5beb9f,0%,2,0,2,0,2,0,0
0x548a7f,66.6667%,2,4,6,1,1,1,3
0xad0630,0%,2,0,2,0,0,2,0
0x4949fc,0%,2,0,2,0,2,0,0
0x789af5,92.8571%,2,26,28,0,0,2,26
0x494427,0%,2,0,2,0,2,0,0
0x8f419c,99.3846%,2,323,325,323,2,0,0
0x9ecb59,60%,2,3,5,3,2,0,0
0xa2db82,85.7143%,2,12,14,0,0,2,12
0xa47b0f,60%,2,3,5,3,2,0,0
0x58dd34,0%,2,0,2,0,2,0,0
0xb18147,99.6409%,2,555,557,0,0,2,555
0x901a06,96.4912%,2,55,57,55,2,0,0
0x944fb4,77.7778%,2,7,9,0,0,2,7
0x481d41,0%,2,0,2,0,0,2,0
0x54c660,33.3333%,2,1,3,1,2,0,0
0x7e0521,81.8182%,2,9,11,0,2,0,9
0xa44717,96.1538%,2,50,52,50,2,0,0
0xa43c63,95.8333%,2,46,48,46,2,0,0
0x8d467d,80%,2,8,10,8,2,0,0
0xa42a2c,92.8571%,2,26,28,26,2,0,0
0x99df25,92.8571%,2,26,28,0,0,2,26
0x90512d,98.5401%,2,135,137,135,2,0,0
0x5bc583,98.3193%,2,117,119,0,0,2,117
0x5f0a68,33.3333%,2,1,3,0,0,2,1
0x5f4dcc,0%,2,0,2,0,0,2,0
0x782723,80%,2,8,10,0,0,2,8
0x58ed44,0%,2,0,2,0,0,2,0
0x481d2f,0%,2,0,2,0,2,0,0
0x88dfbd,66.6667%,2,4,6,0,0,2,4
0xa47e9b,83.3333%,2,10,12,0,0,2,10
0xa2e889,96.2264%,2,51,53,0,0,2,51
0x8ecab6,0%,2,0,2,0,2,0,0
0x5f2c79,0%,2,0,2,0,2,0,0
0x48255c,77.7778%,2,7,9,7,2,0,0
0x9ed974,98.4127%,2,124,126,0,0,2,124
0xa94bb6,50%,2,2,4,2,2,0,0
0x5b2827,0%,2,0,2,0,0,2,0
0x9e5e2f,88.2353%,2,15,17,15,2,0,0
0xa394a2,85.7143%,2,12,14,12,2,0,0
0x5488ec,75%,2,6,8,0,0,2,6
0xae701a,0%,2,0,2,0,0,2,0
0xa4c7da,50%,2,2,4,0,0,2,2
0xa4c8eb,50%,2,2,4,0,0,2,2
0x9ea19f,0%,2,0,2,0,0,2,0
0x4ad9bb,60%,2,3,5,0,2,0,3
0xa97fb5,80%,2,8,10,8,2,0,0
0x4b0d8c,0%,2,0,2,0,2,0,0
0x59f1b3,0%,2,0,2,0,0,2,0
0x5f78e1,50%,2,2,4,0,0,2,2
0xa4fea9,50%,2,2,4,0,0,2,2
0x99dc3f,86.6667%,2,13,15,0,0,2,13
0xa53581,75%,2,6,8,0,0,2,6
0x9f5bbe,50%,2,2,4,0,0,2,2
0x58ee48,0%,2,0,2,0,2,0,0
0x78ad5f,90.4762%,2,19,21,0,0,2,19
0x5916d6,33.3333%,2,1,3,0,0,2,1
0xa07539,66.6667%,2,4,6,0,2,0,4
0x7dff7a,75%,2,6,8,0,0,2,6
0x4c660a,0%,2,0,2,0,2,0,0
0x542f99,75%,2,6,8,0,0,2,6
0x83bea3,60%,2,3,5,3,1,1,0
0x60b69d,99.1935%,2,246,248,0,0,2,246
0x65150a,81.8182%,2,9,11,9,2,0,0
0x4024c5,0%,2,0,2,0,2,0,0
0x9fc5a4,85.7143%,2,12,14,0,0,2,12
0xae3f77,0%,2,0,2,0,0,2,0
0x542ffd,50%,2,2,4,2,2,0,0
0x88df84,66.6667%,2,4,6,4,2,0,0
0x4b7b94,81.8182%,2,9,11,9,2,0,0
0x5f9dde,0%,2,0,2,0,2,0,0
0x5f0897,99.3243%,2,294,296,0,0,2,294
0x4a7727,50%,2,2,4,0,2,0,2
0x5909e8,50%,2,2,4,0,2,0,2
0xa498a7,90.9091%,2,20,22,0,0,2,20
0xa8e6cc,0%,2,0,2,0,2,0,0
0x8feeca,99.4832%,2,385,387,0,0,2,385
0x7e8164,0%,2,0,2,0,2,0,0
0x53e75b,50%,2,2,4,0,0,2,2
0x59208d,50%,2,2,4,0,0,2,2
0x78a3a2,33.3333%,2,1,3,0,2,0,1
0x5b33fd,0%,2,0,2,0,2,0,0
0x494834,0%,2,0,2,0,0,2,0
0x5efa1c,33.3333%,2,1,3,1,2,0,0
0xa63cdd,0%,2,0,2,0,0,2,0
0x5f0d2f,99.2933%,2,281,283,0,0,2,281
0xa497a1,99.3377%,2,300,302,0,0,2,300
0xa9edab,85.7143%,2,12,14,0,2,0,12
0x9ed867,96.875%,2,62,64,62,2,0,0
0xaa074f,95.8333%,2,46,48,0,0,2,46
0x5beee3,0%,2,0,2,0,0,2,0
0x99d98a,98.4252%,2,125,127,0,0,2,125
0x5b33cd,0%,2,0,2,0,0,2,0
0xae7000,0%,2,0,2,0,0,2,0
0x48d24a,66.6667%,2,4,6,0,0,2,4
0xa4989e,90.9091%,2,20,22,0,0,2,20
0x481c2b,77.7778%,2,7,9,0,0,2,7
0xa276b9,99.7368%,2,758,760,0,0,2,758
0x666d39,50%,2,2,4,0,0,2,2
0x4b4eb8,0%,2,0,2,0,0,2,0
0x5465b4,75%,2,6,8,0,0,2,6
0x5b1be3,0%,2,0,2,0,2,0,0
0xa4800c,33.3333%,2,1,3,1,2,0,0
0x5beec7,0%,2,0,2,0,0,2,0
0x5f510e,0%,2,0,2,0,1,1,0
0x508084,99.4898%,2,390,392,0,0,2,390
0x59f9e6,50%,2,2,4,0,2,0,2
0xa55c49,97.5904%,2,81,83,0,0,2,81
0x8d231b,60%,2,3,5,3,2,0,0
0x985160,50%,2,2,4,0,0,2,2
0x5efac1,33.3333%,2,1,3,1,1,1,0
0x5f5013,0%,2,0,2,0,2,0,0
0xa95dab,87.5%,2,14,16,14,2,0,0
0x670e12,0%,2,0,2,0,0,2,0
0x4c4dbf,81.8182%,2,9,11,9,2,0,0
0x8ee441,95.2381%,2,40,42,40,2,0,0
0x5b27e1,0%,2,0,2,0,0,2,0
0x8434ba,66.6667%,2,4,6,0,0,2,4
0x789f33,75%,2,6,8,0,0,2,6
0x4822b6,77.7778%,2,7,9,7,2,0,0
0x9e27fb,96.5517%,2,56,58,0,0,2,56
0x966063,80%,2,8,10,0,0,2,8
0x60b5f4,99.1189%,2,225,227,0,0,2,225
0xa3bddb,75%,2,6,8,0,0,2,6
0x61099a,84.6154%,2,11,13,11,2,0,0
0x8e177a,99.9822%,2,11203,11205,0,0,2,11203
0x5ff0c4,94.8718%,2,37,39,37,0,2,0
0xa9003e,98.7805%,2,162,164,0,0,2,162
0x9be551,0%,2,0,2,0,2,0,0
0x4945f7,0%,2,0,2,0,0,2,0
0x58dd9f,0%,2,0,2,0,2,0,0
0x49465f,50%,2,2,4,0,0,2,2
0x5fa54a,95%,2,38,40,0,0,2,38
0x58e058,0%,2,0,2,0,2,0,0
0x65af3b,84.6154%,2,11,13,11,2,0,0
0x9019c1,99.4083%,2,336,338,0,0,2,336
0x488c1b,99.3548%,2,308,310,308,2,0,0
0xa55d63,50%,2,2,4,0,0,2,2
0xaad22f,71.4286%,2,5,7,5,2,0,0
0x5f1417,95%,2,38,40,0,0,2,38
0xa53cb4,0%,2,0,2,0,0,2,0
0x5991fa,33.3333%,2,1,3,0,0,2,1
0x49bf36,66.6667%,2,4,6,4,2,0,0
0xa45692,83.3333%,2,10,12,0,0,2,10
0x951b90,77.7778%,2,7,9,7,2,0,0
0x783dfb,81.8182%,2,9,11,0,0,2,9
0xa48400,99.1736%,2,240,242,240,2,0,0
0xa528b9,0%,2,0,2,0,2,0,0
0x973ba3,80%,2,8,10,0,2,0,8
0x9fe8f1,95%,2,38,40,1,2,0,37
0xa5b4bb,83.3333%,2,10,12,0,0,2,10
0x8c7f31,0%,2,0,2,0,2,0,0
0x9fe812,33.3333%,2,1,3,1,2,0,0
0x7aca7e,93.75%,2,30,32,0,0,2,30
0x9a9f8c,84.6154%,2,11,13,0,0,2,11
0x48aea2,85.7143%,2,12,14,12,2,0,0
0x78949f,75%,2,6,8,0,0,2,6
0x9fe745,95%,2,38,40,38,2,0,0
0x4094d4,0%,2,0,2,0,2,0,0
0x7f0618,0%,2,0,2,0,0,2,0
0x80b925,0%,2,0,2,0,0,2,0
0x9fe710,95%,2,38,40,0,0,2,38
0x80badb,98.3193%,2,117,119,0,0,2,117
0x5a8726,0%,2,0,2,0,2,0,0
0x9a61a4,83.3333%,2,10,12,0,0,2,10
0x80bba5,71.4286%,2,5,7,5,0,2,0
0xa017c2,0%,2,0,2,0,0,2,0
0x9eb7b6,97.4684%,2,77,79,0,0,2,77
0x9432fe,97.3333%,2,73,75,0,0,2,73
0x81cfc4,98.9011%,2,180,182,0,0,2,180
0x502d41,98.9474%,2,188,190,0,0,2,188
0x9fddf4,92%,2,23,25,0,0,2,23
0xab2d30,81.8182%,2,9,11,4,0,2,5
0x675106,33.3333%,2,1,3,0,0,2,1
0x4947d1,0%,2,0,2,0,2,0,0
0x675119,33.3333%,2,1,3,0,0,2,1
0xa4a801,0%,2,0,2,0,0,2,0
0x6752d0,33.3333%,2,1,3,0,0,2,1
0xa06ac5,0%,2,0,2,0,2,0,0
0x67070d,0%,2,0,2,0,1,1,0
0x974cd8,0%,2,0,2,0,2,0,0
0x902172,99.0148%,2,201,203,0,0,2,201
0x973203,95%,2,38,40,0,0,2,38
0x60c729,71.4286%,2,5,7,5,2,0,0
0x60c67d,33.3333%,2,1,3,1,2,0,0
0xa5c6e2,98.0392%,2,100,102,96,0,2,4
0xa951a7,50%,2,2,4,2,2,0,0
0x80a057,50%,2,2,4,0,0,2,2
0x96a4bb,0%,2,0,2,0,0,2,0
0x8060af,99.851%,2,1340,1342,1340,0,2,0
0x917716,98.773%,2,161,163,161,2,0,0
0x833cbe,0%,2,0,2,0,0,2,0
0x5e5c9f,33.3333%,2,1,3,1,2,0,0
0x8c91f7,0%,2,0,2,0,2,0,0
0x5e59c9,33.3333%,2,1,3,1,2,0,0
0x90f892,0%,2,0,2,0,0,2,0
0x49c7ee,96.4286%,2,54,56,0,0,2,54
0x9a7429,80%,2,8,10,3,2,0,5
0x9f5533,97.5%,2,78,80,78,2,0,0
0xa5c58a,98.1982%,2,109,111,0,2,0,109
0xa5c550,98.9189%,2,183,185,0,0,2,183
0xa5bf0c,93.75%,2,30,32,30,2,0,0
0xa5befc,93.75%,2,30,32,0,0,2,30
0xa5bb3e,93.75%,2,30,32,0,0,2,30
0xa5baa6,0%,2,0,2,0,0,2,0
0x61a37a,60%,2,3,5,0,0,2,3
0x9fb824,99.3464%,2,304,306,0,0,2,304
0x67a005,66.6667%,2,4,6,4,2,0,0
0x540f7e,60%,2,3,5,0,0,2,3
0x5f30a6,0%,2,0,2,0,0,2,0
0x5b9c44,98.2143%,2,110,112,110,2,0,0
0x5467b5,71.4286%,2,5,7,5,2,0,0
0x7b811c,71.4286%,2,5,7,5,2,0,0
0x9fb651,99.187%,2,244,246,0,0,2,244
0x9fb627,99.0698%,2,213,215,213,2,0,0
0x409d7d,71.4286%,2,5,7,0,2,0,5
0x49ba5f,75%,2,6,8,0,0,2,6
0x9fc6e9,80%,2,8,10,0,0,2,8
0xa4c5bc,50%,2,2,4,0,0,2,2
0x9fe6d6,95%,2,38,40,38,2,0,0
0x837f19,66.6667%,2,4,6,0,2,0,4
0x9a45ab,99.6262%,2,533,535,0,0,2,533
0xa3ac9e,50%,2,2,4,0,0,2,2
0x9a6b0d,84.6154%,2,11,13,4,0,2,7
0x40a36d,75%,2,6,8,6,0,2,0
0x4ae56d,0%,2,0,2,0,0,2,0
0xa99f45,80%,2,8,10,0,0,2,8
0x9ec45a,33.3333%,2,1,3,1,2,0,0
0xa05e12,71.4286%,2,5,7,0,1,1,5
0xaa25b4,90.9091%,2,20,22,0,0,2,20
0x40bc6a,98.0583%,2,101,103,0,0,2,101
0x4094e6,0%,2,0,2,0,0,2,0
0x7f0c05,60%,2,3,5,1,0,2,2
0x5fa448,97.3333%,2,73,75,0,0,2,73
0x7c20f1,83.3333%,2,10,12,10,2,0,0
0x9052c0,98.5401%,2,135,137,0,0,2,135
0x97ba8e,83.3333%,2,10,12,0,0,2,10
0x809338,0%,2,0,2,0,0,2,0
0xa5c25e,0%,2,0,2,0,0,2,0
0x4bd23b,0%,2,0,2,0,0,2,0
0x9eb815,98.1481%,2,106,108,0,0,2,106
0xb22fca,98.7013%,2,152,154,0,0,2,152
0x5ffb03,95.6522%,2,44,46,44,2,0,0
0x8a3177,80%,2,8,10,8,0,2,0
0x4103e7,0%,2,0,2,0,2,0,0
0x409e7a,87.5%,2,14,16,14,2,0,0
0x81094e,87.5%,2,14,16,3,1,1,11
0xa5c2be,98.895%,2,179,181,0,0,2,179
0x809a87,0%,2,0,2,0,1,1,0
0x5cb0c5,99.7743%,2,884,886,0,0,2,884
0x9a9467,0%,2,0,2,0,2,0,0
0x8ee99b,33.3333%,2,1,3,0,0,2,1
0x7aee2b,66.6667%,2,4,6,0,0,2,4
0x9c3eea,93.75%,2,30,32,0,0,2,30
0x966575,0%,2,0,2,0,2,0,0
0x99ef6f,0%,2,0,2,0,0,2,0
0xa4ca1d,50%,2,2,4,2,2,0,0
0xa3fce0,96.4286%,2,54,56,0,0,2,54
0x48f88b,87.5%,2,14,16,0,0,2,14
0x9bc5d1,0%,2,0,2,0,0,2,0
0xa52d17,99.449%,2,361,363,361,2,0,0
0xa31084,50%,2,2,4,0,0,2,2
0x48d226,66.6667%,2,4,6,4,2,0,0
0x648e8f,0%,2,0,2,0,2,0,0
0x991a56,99.2424%,2,262,264,262,2,0,0
0x67741f,0%,2,0,2,0,2,0,0
0xa58750,98.2759%,2,114,116,114,2,0,0
0xa31fae,94.4444%,2,34,36,0,0,2,34
0xa18aac,95.3488%,2,41,43,0,0,2,41
0x9ea9c4,89.4737%,2,17,19,0,2,0,17
0xa994d8,81.8182%,2,9,11,9,2,0,0
0xa264cb,0%,2,0,2,0,0,2,0
0x8eca48,97.1429%,2,68,70,0,0,2,68
0x9ea2fe,97.2222%,2,70,72,70,2,0,0
0x4c9f65,98.913%,2,182,184,0,0,2,182
0x9bc89c,0%,2,0,2,0,2,0,0
0x4ca4f4,80%,2,8,10,8,2,0,0
0xa02c40,0%,2,0,2,0,0,2,0
0x4ca6aa,0%,2,0,2,0,2,0,0
0x5edd23,71.4286%,2,5,7,5,2,0,0
0x5e3ad7,33.3333%,2,1,3,0,0,2,1
0x5e3abe,33.3333%,2,1,3,0,0,2,1
0x4ca09a,0%,2,0,2,0,0,2,0
0x4ca0c7,0%,2,0,2,0,0,2,0
0x48f428,33.3333%,2,1,3,0,0,2,1
0x80f4db,98.8636%,2,174,176,0,0,2,174
0x6497ef,0%,2,0,2,0,2,0,0
0x5df21c,98.1982%,2,109,111,0,0,2,109
0x486ef2,0%,2,0,2,0,0,2,0
0x4a9700,81.8182%,2,9,11,9,2,0,0
0x7e1845,0%,2,0,2,0,2,0,0
0x50321d,0%,2,0,2,0,0,2,0
0x7c5fef,0%,2,0,2,0,2,0,0
0x5f26af,0%,2,0,2,0,0,2,0
0x80a7eb,0%,2,0,2,0,0,2,0
0x9ec44c,33.3333%,2,1,3,0,0,2,1
0xa52fb3,98.9583%,2,190,192,0,2,0,190
0x80b86f,0%,2,0,2,0,0,2,0
0xa6cb5c,83.3333%,2,10,12,10,2,0,0
0xa031c8,50%,2,2,4,2,1,1,0
0xa52f5d,90%,2,18,20,18,0,2,0
0x555747,50%,2,2,4,2,2,0,0
0x670496,77.7778%,2,7,9,0,0,2,7
0x48d8e1,0%,2,0,2,0,2,0,0
0xa4cded,50%,2,2,4,2,2,0,0
0x9eaacd,0%,2,0,2,0,2,0,0
0x4a9b18,33.3333%,2,1,3,0,1,1,1
0x9f9764,93.75%,2,30,32,0,0,2,30
0x404eb2,97.2222%,2,70,72,70,2,0,0
0x9eaa7f,0%,2,0,2,0,0,2,0
0x8336a4,98.2759%,2,114,116,114,0,2,0
0x99ef66,0%,2,0,2,0,0,2,0
0x9ea9d4,0%,2,0,2,0,0,2,0
0x9fccc9,71.4286%,2,5,7,0,0,2,5
0xa01af5,0%,2,0,2,0,0,2,0
0x9fcf19,92%,2,23,25,0,0,2,23
0x5af889,96.2264%,2,51,53,51,2,0,0
0xa01e7c,0%,2,0,2,0,0,2,0
0x973215,95%,2,38,40,0,0,2,38
0x7d419b,83.3333%,2,10,12,7,0,2,3
0xa06a1d,0%,2,0,2,0,0,2,0
0x7d2a12,50%,2,2,4,2,2,0,0
0xa0193d,50%,2,2,4,0,0,2,2
0x9fceb3,92%,2,23,25,0,0,2,23
0x48f0e6,98.4496%,2,127,129,0,0,2,127
0xa018c7,98.6842%,2,150,152,0,2,0,150
0x9ea169,0%,2,0,2,0,2,0,0
0xa9ef6f,0%,2,0,2,0,2,0,0
0xa069c1,0%,2,0,2,0,2,0,0
0x973475,95%,2,38,40,33,0,2,5
0x5d1373,50%,2,2,4,2,2,0,0
0x9ebaf1,99.4792%,2,382,384,0,2,0,382
0x9eb686,50%,2,2,4,2,2,0,0
0x9eb85d,92.3077%,2,24,26,24,2,0,0
0x9eb6ad,93.75%,2,30,32,0,1,1,30
0xa4a14c,95.6522%,2,44,46,0,0,2,44
0x9e379c,92%,2,23,25,23,2,0,0
0x66f403,0%,2,0,2,0,0,2,0
0x481afd,89.4737%,2,17,19,0,1,1,17
0x975137,89.4737%,2,17,19,0,0,2,17
0x816306,95.5556%,2,43,45,43,0,2,0
0x9eb829,98.1481%,2,106,108,106,2,0,0
0x9fe2f6,80%,2,8,10,8,2,0,0
0x402cb4,99.7319%,2,744,746,0,0,2,744
0x5386e4,99.793%,2,964,966,0,0,2,964
0xa36856,99.5413%,2,434,436,0,0,2,434
0x68376d,95.7447%,2,45,47,45,2,0,0
0x8c8852,50%,2,2,4,2,2,0,0
0x441597,81.8182%,2,9,11,0,0,2,9
0xa039f7,98.3193%,2,117,119,0,2,0,117
0x6497b6,0%,2,0,2,0,0,2,0
0x8dc38e,50%,2,2,4,0,0,2,2
0x9fc59b,85.7143%,2,12,14,0,0,2,12
0xa963c9,0%,2,0,2,0,2,0,0
0x8ecda6,99.799%,2,993,995,993,2,0,0
0xa47865,50%,2,2,4,1,2,0,1
0x9fc4dd,85.7143%,2,12,14,0,0,2,12
0x9f25c4,94.8718%,2,37,39,37,2,0,0
0x4a659b,33.3333%,2,1,3,0,0,2,1
0xa02fb7,97.0588%,2,66,68,0,0,2,66
0x9e0543,96.5517%,2,56,58,0,0,2,56
0x9e0328,90.9091%,2,20,22,0,0,2,20
0x5423e6,99.0868%,2,217,219,0,0,2,217
0x4c60ce,87.5%,2,14,16,14,2,0,0
0x4c7f8b,50%,2,2,4,2,2,0,0
0x9ecefc,93.9394%,2,31,33,0,0,2,31
0x5f2e3e,0%,2,0,2,0,2,0,0
0xa01c14,0%,2,0,2,0,0,2,0
0x502d92,75%,2,6,8,6,2,0,0
0x9731c7,95.2381%,2,40,42,0,0,2,40
0x8bcbe7,92.3077%,2,24,26,0,0,2,24
0x9d123a,98.3333%,2,118,120,0,0,2,118
0xa21d8e,0%,2,0,2,0,0,2,0
0x9bc4a6,0%,2,0,2,0,0,2,0
0x9fc6b4,85.7143%,2,12,14,0,2,0,12
0xa8a78a,97.5904%,2,81,83,0,0,2,81
0xa294f9,87.5%,2,14,16,0,0,2,14
0x50eff8,0%,2,0,2,0,0,2,0
0xa1b597,60%,2,3,5,0,0,2,3
0xa8a6fe,98.8571%,2,173,175,0,0,2,173
0xa8a6d7,97.5904%,2,81,83,0,0,2,81
0x822422,99.1489%,2,233,235,233,2,0,0
0x8f09bf,98.2906%,2,115,117,4,0,2,111
0xb37344,85.7143%,2,12,14,0,0,2,12
0x4c049a,97.6744%,2,84,86,84,2,0,0
0xa0a632,75%,2,6,8,0,2,0,6
0xa1bb4f,86.6667%,2,13,15,13,2,0,0
0xa21dce,0%,2,0,2,0,0,2,0
0x98517e,75%,2,6,8,0,0,2,6
0xa5670d,75%,2,6,8,0,0,2,6
0xa1d705,0%,2,0,2,0,0,2,0
0xa1d72b,50%,2,2,4,0,2,0,2
0xa1d742,0%,2,0,2,0,2,0,0
0x6f4571,88.8889%,2,16,18,16,2,0,0
0xad6c5a,0%,2,0,2,0,0,2,0
0xa1b1c1,60%,2,3,5,3,2,0,0
0x80a610,0%,2,0,2,0,0,2,0
0xa21cae,0%,2,0,2,0,2,0,0
0xa4a4fb,80%,2,8,10,8,2,0,0
0x9f0881,80%,2,8,10,8,0,2,0
0xa09773,66.6667%,2,4,6,2,1,1,2
0x9519f5,98.5294%,2,134,136,134,2,0,0
0xa094e1,50%,2,2,4,0,0,2,2
0x8ae923,85.7143%,2,12,14,5,2,0,7
0x805dae,50%,2,2,4,2,2,0,0
0x97a67c,75%,2,6,8,0,0,2,6
0x8bc85d,93.75%,2,30,32,30,2,0,0
0x9e3ce7,85.7143%,2,12,14,0,0,2,12
0x805ff7,99.5927%,2,489,491,0,2,0,489
0x9d25dc,0%,2,0,2,0,0,2,0
0x59c537,97.7528%,2,87,89,0,0,2,87
0x9809c4,81.8182%,2,9,11,9,2,0,0
0xa953d3,50%,2,2,4,0,0,2,2
0xa96522,50%,2,2,4,0,0,2,2
0xaa23a4,94.1176%,2,32,34,0,0,2,32
0x9d318a,33.3333%,2,1,3,0,0,2,1
0x48781b,0%,2,0,2,0,0,2,0
0x951b72,77.7778%,2,7,9,7,2,0,0
0x9d03f0,88.8889%,2,16,18,0,0,2,16
0x951dfa,81.8182%,2,9,11,9,2,0,0
0x8ad62f,0%,2,0,2,0,0,2,0
0x486f9c,0%,2,0,2,0,0,2,0
0xa6c6ba,95.3488%,2,41,43,41,2,0,0
0x98149e,95.9184%,2,47,49,0,2,0,47
0x980dcd,95.7447%,2,45,47,45,2,0,0
0x8ad769,0%,2,0,2,0,0,2,0
0x9e3e6d,50%,2,2,4,0,0,2,2
0x8ad78c,0%,2,0,2,0,0,2,0
0x9e3e34,50%,2,2,4,0,0,2,2
0x9f38bd,50%,2,2,4,0,0,2,2
0xa9dd3e,0%,2,0,2,0,2,0,0
0x5fa7cd,97.1014%,2,67,69,0,0,2,67
0x59f916,50%,2,2,4,0,2,0,2
0xa18afd,95.3488%,2,41,43,0,0,2,41
0x481d27,77.7778%,2,7,9,7,0,2,0
0xa18aef,95.3488%,2,41,43,0,0,2,41
0xa18a6d,95.3488%,2,41,43,0,0,2,41
0x9d0057,60%,2,3,5,3,2,0,0
0xa7b401,60%,2,3,5,3,1,1,0
0x9cfe32,84.6154%,2,11,13,11,2,0,0
0x4a13c9,96.4286%,2,54,56,0,0,2,54
0x48740e,98.5507%,2,136,138,0,0,2,136
0xa0a5e7,50%,2,2,4,0,0,2,2
0x8dfa20,60%,2,3,5,3,2,0,0
0x5af7a4,96.2264%,2,51,53,0,0,2,51
0x5f405d,50%,2,2,4,0,0,2,2
0x980ff2,75%,2,6,8,0,0,2,6
0xa0a532,0%,2,0,2,0,0,2,0
0x980ad9,97.2973%,2,72,74,0,0,2,72
0x980acc,97.2973%,2,72,74,0,0,2,72
0x9c5032,75%,2,6,8,0,0,2,6
0x984113,96.3636%,2,53,55,0,0,2,53
0x9840d9,97.2973%,2,72,74,72,2,0,0
0x4a5b45,95.4545%,2,42,44,0,0,2,42
0x9c4db6,0%,2,0,2,0,0,2,0
0x9c4df1,0%,2,0,2,0,0,2,0
0x9c4e11,71.4286%,2,5,7,0,2,0,5
0x9c4ecf,50%,2,2,4,0,0,2,2
0xa06ab1,0%,2,0,2,0,0,2,0
0x4a5df5,96.1538%,2,50,52,0,0,2,50
0x9d0b4d,96.0784%,2,49,51,0,0,2,49
0x9850ae,50%,2,2,4,0,0,2,2
0x8a5a59,0%,2,0,2,0,0,2,0
0xa1aac1,60%,2,3,5,3,2,0,0
0x9c535b,50%,2,2,4,0,0,2,2
0xa1a351,77.7778%,2,7,9,7,2,0,0
0x7b0ab4,90.9091%,2,20,22,0,0,2,20
0x97826a,89.4737%,2,17,19,0,0,2,17
0xa4bc65,50%,2,2,4,2,2,0,0
0x9c51ce,75%,2,6,8,0,0,2,6
0xa5a0c7,71.4286%,2,5,7,2,1,1,3
0xa92d29,99.115%,2,224,226,0,0,2,224
0x9988f2,0%,2,0,2,0,2,0,0
0xa90a74,50%,2,2,4,0,0,2,2
0x9c4feb,75%,2,6,8,4,0,2,2
0x8aea2f,99.0783%,2,215,217,215,2,0,0
0x98403d,83.3333%,2,10,12,0,0,2,10
0x9d0efa,99.2565%,2,267,269,0,0,2,267
0x4beb26,98.8571%,2,173,175,0,0,2,173
0x5cfc7e,83.3333%,2,10,12,10,2,0,0
0x983f17,75%,2,6,8,0,0,2,6
0x90ebda,99%,2,198,200,198,2,0,0
0x9d030a,99.5261%,2,420,422,0,0,2,420
0x610f7e,0%,2,0,2,0,0,2,0
0x981d05,50%,2,2,4,2,2,0,0
0x9eee72,92.3077%,2,24,26,24,2,0,0
0xa5c702,66.6667%,2,4,6,4,2,0,0
0x4bc587,97.9167%,2,94,96,0,0,2,94
0x9813f2,97.3333%,2,73,75,73,0,2,0
0xa95926,50%,2,2,4,2,2,0,0
0x4ab130,81.8182%,2,9,11,4,1,1,5
0x8e7e4d,99.1071%,2,222,224,0,0,2,222
0xa51c7e,94.7368%,2,36,38,0,0,2,36
0xa95b1e,0%,2,0,2,0,2,0,0
0xa95ae4,0%,2,0,2,0,2,0,0
0x4bd224,0%,2,0,2,0,0,2,0
0xa95abe,0%,2,0,2,0,0,2,0
0x49c82b,88.8889%,2,16,18,16,1,1,0
0xa95b45,0%,2,0,2,0,2,0,0
0x5eef8b,88.8889%,2,16,18,3,2,0,13
0x49cb36,66.6667%,2,4,6,4,2,0,0
0xa39499,85.7143%,2,12,14,0,0,2,12
0x4946a7,0%,2,0,2,0,2,0,0
0x7c86c1,50%,2,2,4,2,2,0,0
0x4aaff2,81.8182%,2,9,11,9,2,0,0
0x904251,99.5122%,2,408,410,408,2,0,0
0x63f041,0%,2,0,2,0,2,0,0
0x9e8247,0%,2,0,2,0,2,0,0
0x9e706f,71.4286%,2,5,7,1,1,1,4
0x9e7057,71.4286%,2,5,7,5,2,0,0
0x63f204,0%,2,0,2,0,2,0,0
0xa9558a,50%,2,2,4,0,0,2,2
0x5f1371,33.3333%,2,1,3,0,0,2,1
0x63f25f,0%,2,0,2,0,2,0,0
0xa953a4,50%,2,2,4,0,0,2,2
0x90f803,0%,2,0,2,0,2,0,0
0xa0794b,60%,2,3,5,3,2,0,0
0xa945d6,0%,2,0,2,0,2,0,0
0x63f46c,99.855%,2,1377,1379,0,0,2,1377
0x5509da,60%,2,3,5,3,1,1,0
0x9f0819,60%,2,3,5,0,0,2,3
0x40a934,94.2857%,2,33,35,0,0,2,33
0x40a674,50%,2,2,4,2,2,0,0
0x5a969c,60%,2,3,5,0,0,2,3
0xa4116d,75%,2,6,8,0,0,2,6
0x9f07d2,0%,2,0,2,0,2,0,0
0x9f07c6,0%,2,0,2,0,0,2,0
0x9f07c0,50%,2,2,4,0,2,0,2
0x40abdb,60%,2,3,5,3,2,0,0
0x9f078e,71.4286%,2,5,7,0,2,0,5
0x9f02f7,0%,2,0,2,0,2,0,0
0x9f01b9,98.2759%,2,114,116,0,2,0,114
0x678d9d,91.3043%,2,21,23,21,2,0,0
0x8a72fa,99.8696%,2,1532,1534,0,0,2,1532
0x5e5ce3,33.3333%,2,1,3,1,2,0,0
0x5be5bc,98.8235%,2,168,170,0,0,2,168
0x551104,0%,2,0,2,0,2,0,0
0x61145a,95.2381%,2,40,42,0,0,2,40
0x49be63,50%,2,2,4,2,0,2,0
0x59f1c5,50%,2,2,4,2,0,2,0
0xa2ecac,90.9091%,2,20,22,0,0,2,20
0x9f3421,50%,2,2,4,2,2,0,0
0x5e1ae7,0%,2,0,2,0,2,0,0
0x492ace,98.7879%,2,163,165,163,0,2,0
0x40aeef,0%,2,0,2,0,2,0,0
0xa98da6,0%,2,0,2,0,0,2,0
0xa98d9c,0%,2,0,2,0,0,2,0
0xb2e430,0%,2,0,2,0,2,0,0
0x9e7fda,98.374%,2,121,123,121,2,0,0
0xa36c03,71.4286%,2,5,7,3,1,1,2
0xa02aa3,92.5926%,2,25,27,0,0,2,25
0x8db8f2,99.3651%,2,313,315,0,0,2,313
0xa21f2e,0%,2,0,2,0,0,2,0
0x69dd39,83.3333%,2,10,12,0,0,2,10
0x98133c,84.6154%,2,11,13,11,2,0,0
0x67de7d,94.7368%,2,36,38,36,2,0,0
0x5d4659,85.7143%,2,12,14,12,2,0,0
0x5dfbd5,85.7143%,2,12,14,0,0,2,12
0x5dfaab,85.7143%,2,12,14,12,2,0,0
0x67f171,98.1481%,2,106,108,106,2,0,0
0x817115,0%,2,0,2,0,0,2,0
0x8ad520,0%,2,0,2,0,0,2,0
0xa96421,91.6667%,2,22,24,22,2,0,0
0xa5859c,98.3193%,2,117,119,0,0,2,117
0x486e9a,0%,2,0,2,0,0,2,0
0x5d984e,75%,2,6,8,6,2,0,0
0x487223,97.8495%,2,91,93,0,2,0,91
0x48723e,99.1266%,2,227,229,0,0,2,227
0xa340ac,92%,2,23,25,23,2,0,0
0x5ec5d6,75%,2,6,8,6,2,0,0
0x8ad5ff,0%,2,0,2,0,0,2,0
0xa21bcc,0%,2,0,2,0,1,1,0
0x5d3d3a,75%,2,6,8,6,2,0,0
0x5d3be1,75%,2,6,8,6,2,0,0
0x4858cc,33.3333%,2,1,3,0,0,2,1
0x5d2a81,75%,2,6,8,6,2,0,0
0x5d0c95,75%,2,6,8,6,2,0,0
0x618555,0%,2,0,2,0,0,2,0
0xa945c2,0%,2,0,2,0,0,2,0
0x9e7d7b,91.6667%,2,22,24,0,0,2,22
0x5d0813,75%,2,6,8,6,2,0,0
0x8b9f71,86.6667%,2,13,15,3,1,1,10
0x556d84,98.0952%,2,103,105,0,0,2,103
0x8080dc,0%,2,0,2,0,0,2,0
0xa0ba42,60%,2,3,5,0,1,1,3
0xa0f336,66.6667%,2,4,6,0,0,2,4
0xa0f27c,66.6667%,2,4,6,0,0,2,4
0x90fed4,99.4521%,2,363,365,363,2,0,0
0x8158df,77.7778%,2,7,9,7,2,0,0
0x9a23d4,88.2353%,2,15,17,0,0,2,15
0xa96abb,81.8182%,2,9,11,0,2,0,9
0x4c8ac8,98.4962%,2,131,133,131,2,0,0
0x4a8723,0%,2,0,2,0,2,0,0
0x81313e,99.9212%,2,2536,2538,0,0,2,2536
0x90d386,99.6661%,2,597,599,0,0,2,597
0xa0bc63,71.4286%,2,5,7,0,1,1,5
0x40a4c9,0%,2,0,2,0,2,0,0
0x909137,99.8343%,2,1205,1207,1205,2,0,0
0xa0bb3e,60%,2,3,5,3,2,0,0
0xa91ec1,50%,2,2,4,0,0,2,2
0x9e6e88,75%,2,6,8,0,0,2,6
0x5fc9bd,0%,2,0,2,0,2,0,0
0x91002c,99.7059%,2,678,680,0,0,2,678
0x9e3da0,81.8182%,2,9,11,0,0,2,9
0xa0b9c9,0%,2,0,2,0,2,0,0
0x50ca48,90%,2,18,20,0,0,2,18
0x8a68c0,98.5612%,2,137,139,137,2,0,0
0x8a5202,99.0783%,2,215,217,0,0,2,215
0x4802e6,94.7368%,2,36,38,36,2,0,0
0x4802c9,94.7368%,2,36,38,36,2,0,0
0x480240,89.4737%,2,17,19,0,0,2,17
0x4801b7,89.4737%,2,17,19,0,0,2,17
0x82238c,99.2674%,2,271,273,0,0,2,271
0xa44cf9,50%,2,2,4,0,0,2,2
0xa64d40,50%,2,2,4,2,2,0,0
0xa46e86,88.8889%,2,16,18,16,2,0,0
0x97375e,95%,2,38,40,38,2,0,0
0x8fd4e0,98.2301%,2,111,113,0,0,2,111
0x556218,33.3333%,2,1,3,0,0,2,1
0xa44c39,50%,2,2,4,2,2,0,0
0xa22e8d,75%,2,6,8,6,2,0,0
0x9ff67c,60%,2,3,5,0,0,2,3
0xa6c5c0,97.5904%,2,81,83,81,2,0,0
0x91563a,99%,2,198,200,0,0,2,198
0xa2d410,50%,2,2,4,1,1,1,1
0xa2b351,0%,2,0,2,0,0,2,0
0x47fa1f,89.4737%,2,17,19,17,2,0,0
0xa07e4d,0%,2,0,2,0,1,1,0
0x47f8cd,88.8889%,2,16,18,0,0,2,16
0x49a2f0,85.7143%,2,12,14,12,2,0,0
0x54ff23,88.2353%,2,15,17,0,0,2,15
0xa50741,50%,2,2,4,2,2,0,0
0x9eb6ea,97.2222%,2,70,72,0,0,2,70
0x844440,50%,2,2,4,2,2,0,0
0x977050,66.6667%,2,4,6,0,0,2,4
0x49c5bc,66.6667%,2,4,6,0,0,2,4
0xa58447,80%,2,8,10,0,0,2,8
0xa4523e,99.3671%,2,314,316,0,0,2,314
0x609ea2,99.6737%,2,611,613,0,0,2,611
0x48321f,93.1034%,2,27,29,27,2,0,0
0x481929,93.1034%,2,27,29,0,0,2,27
0xa4654f,99.5902%,2,486,488,486,2,0,0
0x8a77e7,99.6161%,2,519,521,0,0,2,519
0x9e2262,0%,2,0,2,0,0,2,0
0x4817e5,94.7368%,2,36,38,0,0,2,36
0xa45324,99.4975%,2,396,398,396,2,0,0
0x4b9103,77.7778%,2,7,9,0,0,2,7
0x8a5cfd,99.0826%,2,216,218,0,0,2,216
0x81f81b,95.7447%,2,45,47,0,2,0,45
0x5b8f6b,50%,2,2,4,2,0,2,0
0x4813bd,89.4737%,2,17,19,16,0,2,1
0x8a743a,99.2218%,2,255,257,0,0,2,255
0xa98655,0%,2,0,2,0,2,0,0
0x81d3ea,98.9011%,2,180,182,0,0,2,180
0x5db021,50%,2,2,4,2,2,0,0
0x502713,99.4302%,2,349,351,349,2,0,0
0x48073e,94.7368%,2,36,38,36,2,0,0
0x48066c,94.7368%,2,36,38,27,2,0,9
0x98b308,75%,2,6,8,0,0,2,6
0x48064e,94.7368%,2,36,38,36,2,0,0
0x9a14ab,97.1014%,2,67,69,0,0,2,67
0x5f4d45,0%,2,0,2,0,2,0,0
0x9e15e6,92.5926%,2,25,27,0,0,2,25
0x4a9bbd,0%,2,0,2,0,0,2,0
0x8e9f93,83.3333%,2,10,12,10,2,0,0
0x590a9d,88.8889%,2,16,18,0,0,2,16
0xa0975b,66.6667%,2,4,6,1,1,1,3
0xa2a8bb,97.0588%,2,66,68,0,2,0,66
0x88e712,94.8718%,2,37,39,37,2,0,0
0x9432e5,97.3333%,2,73,75,73,2,0,0
0x4ad29c,90%,2,18,20,0,0,2,18
0xa520f4,81.8182%,2,9,11,9,2,0,0
0x96a258,0%,2,0,2,0,2,0,0
0x9ea26c,0%,2,0,2,0,0,2,0
0x943592,97.3333%,2,73,75,0,0,2,73
0x4945ba,0%,2,0,2,0,0,2,0
0xa6bdee,50%,2,2,4,2,2,0,0
0x67382f,0%,2,0,2,0,2,0,0
0x53ee5b,50%,2,2,4,0,0,2,2
0x9a1944,90%,2,18,20,18,2,0,0
0x8dc275,99.3827%,2,322,324,0,0,2,322
0x48ec79,86.6667%,2,13,15,0,0,2,13
0x590c7a,90%,2,18,20,0,0,2,18
0x9a1c3a,95.7447%,2,45,47,24,2,0,21
0x50aaa8,50%,2,2,4,0,0,2,2
0xa65536,50%,2,2,4,0,0,2,2
0xa053ee,90.4762%,2,19,21,0,1,1,19
0x7f0b75,60%,2,3,5,3,2,0,0
0x8da425,99.7037%,2,673,675,673,2,0,0
0xaadd89,0%,2,0,2,0,0,2,0
0xaac3d8,50%,2,2,4,0,0,2,2
0x590d51,90%,2,18,20,0,0,2,18
0x49636d,93.1034%,2,27,29,27,2,0,0
0x4bb707,99.0431%,2,207,209,0,0,2,207
0x8bd829,90%,2,18,20,0,0,2,18
0xa37ca7,60%,2,3,5,0,0,2,3
0x8e5766,95.8333%,2,46,48,14,2,0,32
0x7c7a02,91.6667%,2,22,24,0,0,2,22
0x495df4,89.4737%,2,17,19,1,0,2,16
0xa4bcea,50%,2,2,4,2,2,0,0
0xaa7d06,80%,2,8,10,0,0,2,8
0x94cf9d,95.7447%,2,45,47,0,0,2,45
0x8a6dbd,0%,2,0,2,0,2,0,0
0x54d69e,90%,2,18,20,0,0,2,18
0x5b304d,50%,2,2,4,0,0,2,2
0x5b3020,80%,2,8,10,8,0,2,0
0x5b3012,80%,2,8,10,0,0,2,8
0x49bf55,66.6667%,2,4,6,0,0,2,4
0xaa7db4,71.4286%,2,5,7,0,0,2,5
0x781837,66.6667%,2,4,6,0,0,2,4
0x5b8d28,75%,2,6,8,0,0,2,6
0x7ce926,99.4302%,2,349,351,0,0,2,349
0x5b4131,90%,2,18,20,18,2,0,0
0x99b0db,90.4762%,2,19,21,19,2,0,0
0x4913e3,0%,2,0,2,0,2,0,0
0x5556b3,50%,2,2,4,0,1,1,2
0x490ce0,77.7778%,2,7,9,0,0,2,7
0x490bbe,95.122%,2,39,41,0,0,2,39
0x494355,98.0952%,2,103,105,0,0,2,103
0x5f4e03,0%,2,0,2,0,2,0,0
0xaef6fd,75%,2,6,8,4,0,2,2
0xa263cc,98.1481%,2,106,108,106,2,0,0
0xa51ce0,83.3333%,2,10,12,0,0,2,10
0x9a162d,90.4762%,2,19,21,0,0,2,19
0x88a109,90.9091%,2,20,22,0,0,2,20
0x9e2a7d,97.2973%,2,72,74,0,0,2,72
0x99f64b,98.0392%,2,100,102,0,0,2,100
0x99a8d2,98.0392%,2,100,102,0,0,2,100
0x99a8e1,98.0392%,2,100,102,0,0,2,100
0x9fc518,85.7143%,2,12,14,0,0,2,12
0x9f3ac5,66.6667%,2,4,6,2,0,2,2
0x49404b,86.6667%,2,13,15,13,2,0,0
0x64f3a6,90.9091%,2,20,22,20,2,0,0
0x64f2ed,90.9091%,2,20,22,18,0,2,2
0xb499f8,75%,2,6,8,0,0,2,6
0xaadc61,99.3846%,2,323,325,323,2,0,0
0x64f2ae,90.9091%,2,20,22,20,0,2,0
0x88a11d,90.9091%,2,20,22,0,0,2,20
0xaccb5f,33.3333%,2,1,3,0,0,2,1
0x8d431f,83.3333%,2,10,12,8,2,0,2
0x88a0bb,90.9091%,2,20,22,20,2,0,0
0x99ac2a,99.2157%,2,253,255,0,0,2,253
0x499e54,87.5%,2,14,16,14,2,0,0
0x4a61ea,33.3333%,2,1,3,0,0,2,1
0x9e269f,99.6289%,2,537,539,537,2,0,0
0x976f6b,0%,2,0,2,0,0,2,0
0x946f47,89.4737%,2,17,19,0,0,2,17
0x9810c4,96.8254%,2,61,63,0,0,2,61
0x9f86a6,81.8182%,2,9,11,9,2,0,0
0x493708,97.8022%,2,89,91,0,0,2,89
0x9f46bb,99.4269%,2,347,349,347,2,0,0
0x670ff1,0%,2,0,2,0,0,2,0
0x9a3adb,84.6154%,2,11,13,0,0,2,11
0x804340,77.7778%,2,7,9,2,0,2,5
0x9452d6,84.6154%,2,11,13,11,2,0,0
0x65bf44,83.3333%,2,10,12,10,2,0,0
0x406bce,88.8889%,2,16,18,0,0,2,16
0xace165,0%,2,0,2,0,2,0,0
0x58deff,87.5%,2,14,16,0,0,2,14
0x51194f,99.0566%,2,210,212,0,0,2,210
0x54d0a4,33.3333%,2,1,3,0,0,2,1
0x8b9c05,99.9142%,2,2329,2331,0,0,2,2329
0x44148e,99.6564%,2,580,582,0,0,2,580
0x5b8d3e,50%,2,2,4,2,2,0,0
0x7d2fd9,96.9231%,2,63,65,0,0,2,63
0x4bd1bd,0%,2,0,2,0,2,0,0
0xa32d24,97.8947%,2,93,95,93,0,2,0
0x8a5439,99.5169%,2,412,414,0,0,2,412
0x4c81bd,90.9091%,2,20,22,0,0,2,20
0x4960ff,83.3333%,2,10,12,0,0,2,10
0x9a0bd7,92.8571%,2,26,28,26,2,0,0
0x482038,50%,2,2,4,0,0,2,2
0x4045a9,99.1071%,2,222,224,0,0,2,222
0x97701c,0%,2,0,2,0,0,2,0
0x80faca,0%,2,0,2,0,0,2,0
0x99dfac,86.6667%,2,13,15,13,2,0,0
0x837f0e,66.6667%,2,4,6,0,0,2,4
0xa067b1,0%,2,0,2,0,0,2,0
0x5a9668,75%,2,6,8,3,2,0,3
0x5fa018,66.6667%,2,4,6,0,0,2,4
0x9e0130,99.8138%,2,1072,1074,0,0,2,1072
0x80bd9d,86.6667%,2,13,15,0,0,2,13
0x4419cb,81.8182%,2,9,11,0,0,2,9
0xa4670a,87.5%,2,14,16,14,2,0,0
0xb49918,0%,2,0,2,0,0,2,0
0xaa7f15,83.3333%,2,10,12,0,0,2,10
0xad6dd9,0%,2,0,2,0,2,0,0
0x4bee93,96.5517%,2,56,58,0,0,2,56
0xad06b0,50%,2,2,4,0,2,0,2
0x80af6e,0%,2,0,2,0,2,0,0
0xb22b4d,99.8929%,2,1866,1868,1866,2,0,0
0x809f19,0%,2,0,2,0,2,0,0
0x5b8f7b,0%,2,0,2,0,2,0,0
0x8ef11b,98.5185%,2,133,135,133,2,0,0
0x9d1210,98.3333%,2,118,120,0,0,2,118
0x483983,93.1034%,2,27,29,0,0,2,27
0x64dfd3,96.0784%,2,49,51,0,0,2,49
0x9ab826,99.1304%,2,228,230,0,0,2,228
0x4bca68,87.5%,2,14,16,9,1,1,5
0x608d34,98.7654%,2,160,162,0,0,2,160
0x483577,92.5926%,2,25,27,25,2,0,0
0x48c438,0%,2,0,2,0,2,0,0
0x5b35ce,66.6667%,2,4,6,4,2,0,0
0xa45955,96.0784%,2,49,51,49,2,0,0
0x5fc206,95%,2,38,40,2,2,0,36
0x9f950c,98.5075%,2,132,134,0,0,2,132
0x7e1cc7,0%,2,0,2,0,2,0,0
0x5b8de8,50%,2,2,4,2,2,0,0
0xa5375c,75%,2,6,8,0,0,2,6
0x609dcb,98.9691%,2,192,194,0,0,2,192
0xa45982,96.0784%,2,49,51,49,2,0,0
0x4c5309,99.3197%,2,292,294,0,0,2,292
0x483c58,89.4737%,2,17,19,17,2,0,0
0x919099,0%,2,0,2,0,0,2,0
0xaa5894,50%,2,2,4,2,2,0,0
0x99e1a2,84.6154%,2,11,13,11,2,0,0
0x5f324e,71.4286%,2,5,7,2,0,2,3
0x5a94e7,60%,2,3,5,0,0,2,3
0xa64cb2,66.6667%,2,4,6,4,2,0,0
0x482e7e,89.4737%,2,17,19,17,2,0,0
0x482c16,89.4737%,2,17,19,17,2,0,0
0x80be6c,60%,2,3,5,0,0,2,3
0x40b143,98.9637%,2,191,193,0,2,0,191
0x5b0e8b,96.3636%,2,53,55,0,0,2,53
0x44194e,81.8182%,2,9,11,0,0,2,9
0x4826ef,89.4737%,2,17,19,17,2,0,0
0x4ba94c,95.8333%,2,46,48,0,0,2,46
0x493dd2,94.8718%,2,37,39,0,0,2,37
0x5a8861,0%,2,0,2,0,0,2,0
0x96e4c7,0%,2,0,2,0,2,0,0
0x5c33dc,75%,2,6,8,0,0,2,6
0x78a617,87.5%,2,14,16,14,2,0,0
0x597ef7,86.6667%,2,13,15,0,0,2,13
0x659e02,89.4737%,2,17,19,17,2,0,0
0x6476d3,95.5556%,2,43,45,0,0,2,43
0x597f44,86.6667%,2,13,15,13,2,0,0
0x50749b,75%,2,6,8,0,0,2,6
0xa237ad,0%,2,0,2,0,0,2,0
0x483ba7,89.4737%,2,17,19,0,0,2,17
0x4c00cb,0%,2,0,2,0,2,0,0
0xa97b17,0%,2,0,2,0,0,2,0
0x5f3aab,71.4286%,2,5,7,0,0,2,5
0x5d02fc,98.4962%,2,131,133,131,2,0,0
0x821288,81.8182%,2,9,11,9,0,2,0
0xa5413e,0%,2,0,2,0,2,0,0
0x5ba095,80%,2,8,10,0,0,2,8
0x8164b9,0%,2,0,2,0,2,0,0
0x7942cc,93.1034%,2,27,29,0,0,2,27
0x99bb74,90%,2,18,20,0,0,2,18
0xa324f4,50%,2,2,4,0,2,0,2
0x5dd939,98.4962%,2,131,133,131,2,0,0
0x5f1e71,94.4444%,2,34,36,3,0,2,31
0x80c972,80%,2,8,10,0,0,2,8
0xa9a387,60%,2,3,5,3,2,0,0
0x838bca,0%,2,0,2,0,2,0,0
0x94ea6b,92.8571%,2,26,28,0,0,2,26
0x4ba5de,0%,2,0,2,0,2,0,0
0x647c7b,95.3488%,2,41,43,41,2,0,0
0x5d283d,98.6207%,2,143,145,0,0,2,143
0xa4d3bd,97.0149%,2,65,67,65,2,0,0
0x94d856,93.3333%,2,28,30,28,2,0,0
0x5d1711,91.6667%,2,22,24,0,0,2,22
0x5f1ced,71.4286%,2,5,7,0,0,2,5
0x5fedc2,99.4805%,2,383,385,0,0,2,383
0x5f1c2d,71.4286%,2,5,7,0,0,2,5
0x5f18f7,0%,2,0,2,0,2,0,0
0x904214,90%,2,18,20,0,0,2,18
0xa5469c,98.0392%,2,100,102,0,0,2,100
0x5ebd47,71.4286%,2,5,7,5,2,0,0
0x5ebd6f,86.6667%,2,13,15,6,2,0,7
0x8ad409,0%,2,0,2,0,2,0,0
0xa01deb,50%,2,2,4,0,2,0,2
0x40bb1d,99.5536%,2,446,448,0,0,2,446
0x78e102,0%,2,0,2,0,0,2,0
0x7dfa72,0%,2,0,2,0,0,2,0
0xa34a61,95.122%,2,39,41,0,0,2,39
0x9c4e52,0%,2,0,2,0,1,1,0
0x492ec2,97.2222%,2,70,72,7,1,1,63
0xa59cd0,33.3333%,2,1,3,1,2,0,0
0x4935d3,88.2353%,2,15,17,0,0,2,15
0x58dc00,98.6755%,2,149,151,143,0,2,6
0x5f37a9,71.4286%,2,5,7,0,2,0,5
0x58db9b,98.6755%,2,149,151,0,0,2,149
0xb316a2,96.6102%,2,57,59,0,0,2,57
0xa9db4a,85.7143%,2,12,14,12,2,0,0
0x58d9c3,96.875%,2,62,64,0,0,2,62
0x618bac,97.1429%,2,68,70,0,0,2,68
0x789c44,33.3333%,2,1,3,1,2,0,0
0x94ae36,99.6454%,2,562,564,0,0,2,562
0x6964db,96.4286%,2,54,56,54,2,0,0
0xa4e02b,0%,2,0,2,0,0,2,0
0x5f3dc1,50%,2,2,4,2,0,2,0
0x5f3c65,71.4286%,2,5,7,2,2,0,3
0x67f43a,0%,2,0,2,0,2,0,0
0x48da49,95.6522%,2,44,46,0,0,2,44
0xaa57d5,0%,2,0,2,0,0,2,0
0x59f9f5,0%,2,0,2,0,0,2,0
0x5f3c1f,71.4286%,2,5,7,3,0,2,2
0x5fb41a,0%,2,0,2,0,0,2,0
0xa4e8ac,0%,2,0,2,0,0,2,0
0xa6553b,50%,2,2,4,2,2,0,0
0xa01847,50%,2,2,4,0,0,2,2
0x9e8aca,98.6207%,2,143,145,0,0,2,143
0x9fe882,95%,2,38,40,0,0,2,38
0x5904a3,97.1831%,2,69,71,0,0,2,69
0x4914be,98.7578%,2,159,161,1,1,1,158
0x491a7d,98.7879%,2,163,165,163,2,0,0
0x48fc05,50%,2,2,4,2,2,0,0
0x48fca1,50%,2,2,4,2,2,0,0
0x494ff1,0%,2,0,2,0,2,0,0
0x4b4f2e,0%,2,0,2,0,0,2,0
0x4918f3,0%,2,0,2,0,0,2,0
0x5cb090,99.7743%,2,884,886,0,0,2,884
0x4918e5,0%,2,0,2,0,0,2,0
0xa5a0d9,50%,2,2,4,2,2,0,0
0xa985fa,0%,2,0,2,0,2,0,0
0xa54506,80%,2,8,10,7,1,1,1
0x490639,99.2674%,2,271,273,0,0,2,271
0xa571e8,95.122%,2,39,41,38,1,1,1
0xa57c23,96.7213%,2,59,61,0,2,0,59
0x9a3a71,0%,2,0,2,0,0,2,0
0x8c9256,0%,2,0,2,0,2,0,0
0x4c8bc9,98.4962%,2,131,133,131,2,0,0
0x8a6250,99.0148%,2,201,203,0,0,2,201
0x5fff99,99.7608%,2,834,836,0,0,2,834
0xa49ffa,66.6667%,2,4,6,0,0,2,4
0xa4df0b,90%,2,18,20,18,2,0,0
0x7d442b,0%,2,0,2,0,0,2,0
0x4b5718,0%,2,0,2,0,2,0,0
0x48fda3,90%,2,18,20,10,0,2,8
0x6474ed,90.4762%,2,19,21,19,2,0,0
0x5ebdab,71.4286%,2,5,7,0,0,2,5
0x40b029,0%,2,0,2,0,2,0,0
0x59f5d6,50%,2,2,4,0,2,0,2
0x90cefb,99.7625%,2,840,842,840,2,0,0
0x665a07,98.4615%,2,128,130,0,0,2,128
0x64729e,90.4762%,2,19,21,1,0,2,18
0x96a135,0%,2,0,2,0,2,0,0
0xa8e657,60%,2,3,5,0,0,2,3
0x53895c,99.8866%,2,1761,1763,0,0,2,1761
0x647299,90.4762%,2,19,21,0,0,2,19
0x558e34,97.7273%,2,86,88,0,0,2,86
0x7dfc8b,75%,2,6,8,0,0,2,6
0x5561f4,33.3333%,2,1,3,0,0,2,1
0x78c056,0%,2,0,2,0,2,0,0
0x58cbcb,71.4286%,2,5,7,0,0,2,5
0xa69ef4,50%,2,2,4,2,2,0,0
0x5f14f5,94.7368%,2,36,38,0,0,2,36
0x5f2e20,0%,2,0,2,0,2,0,0
0x8bd66f,66.6667%,2,4,6,0,0,2,4
0x5555d5,98.0583%,2,101,103,101,2,0,0
0xa37f3d,60%,2,3,5,3,2,0,0
0x88a26a,88.2353%,2,15,17,15,2,0,0
0x63f3de,0%,2,0,2,0,0,2,0
0x494dc4,90%,2,18,20,18,2,0,0
0xa4e7e4,98.7654%,2,160,162,0,0,2,160
0xa4d59f,98.75%,2,158,160,0,0,2,158
0x8ea7d1,50%,2,2,4,2,2,0,0
0x5bc151,0%,2,0,2,0,0,2,0
0x951b52,77.7778%,2,7,9,7,2,0,0
0xa55781,50%,2,2,4,0,0,2,2
0xa50fb8,66.6667%,2,4,6,0,0,2,4
0x58e27d,97.3333%,2,73,75,0,0,2,73
0xa50f8c,94.7368%,2,36,38,36,2,0,0
0x9a1cde,99.0148%,2,201,203,0,0,2,201
0xa95fb4,75%,2,6,8,0,0,2,6
0x58bc94,96.875%,2,62,64,0,0,2,62
0x9a24fe,95%,2,38,40,38,2,0,0
0xa55f2a,81.8182%,2,9,11,6,2,0,3
0x9fdc0a,88.8889%,2,16,18,16,2,0,0
0x4c4732,60%,2,3,5,0,0,2,3
0x65a0c3,99.867%,2,1502,1504,0,0,2,1502
0x8fda42,97.4684%,2,77,79,77,2,0,0
0x5fb4a3,0%,2,0,2,0,0,2,0
0x9a247e,95%,2,38,40,38,2,0,0
0x4958a8,97.7011%,2,85,87,0,0,2,85
0x4c7627,50%,2,2,4,0,0,2,2
0x7cc155,83.3333%,2,10,12,0,0,2,10
0x492b36,0%,2,0,2,0,0,2,0
0x9bde5f,0%,2,0,2,0,0,2,0
0x816881,99.115%,2,224,226,0,0,2,224
0xa50d6a,50%,2,2,4,2,2,0,0
0x9bde11,0%,2,0,2,0,0,2,0
0x9bddf7,0%,2,0,2,0,0,2,0
0x9bdddd,0%,2,0,2,0,0,2,0
0xa2b30c,0%,2,0,2,0,0,2,0
0x8f786e,98.7261%,2,155,157,0,0,2,155
0xa90309,94.7368%,2,36,38,0,0,2,36
0x9bdbae,50%,2,2,4,2,2,0,0
0x7c7b78,97.9381%,2,95,97,0,0,2,95
0x493589,86.6667%,2,13,15,13,2,0,0
0xa9818b,0%,2,0,2,0,0,2,0
0xa4499e,50%,2,2,4,0,0,2,2
0xa91840,85.7143%,2,12,14,0,0,2,12
0xae6fe6,0%,2,0,2,0,0,2,0
0xa99c72,50%,2,2,4,0,0,2,2
0x5af975,96.2264%,2,51,53,0,0,2,51
0x98cc26,88.8889%,2,16,18,0,0,2,16
0x9a1e6e,97.5309%,2,79,81,0,0,2,79
0x9197bd,99%,2,198,200,198,2,0,0
0xa63dc7,0%,2,0,2,0,2,0,0
0xae706f,97.1014%,2,67,69,67,2,0,0
0xa51218,90.9091%,2,20,22,20,2,0,0
0x9e82b5,50%,2,2,4,2,2,0,0
0x5f5a69,85.7143%,2,12,14,0,2,0,12
0x94d5f6,99.6454%,2,562,564,0,0,2,562
0x97baa2,83.3333%,2,10,12,10,2,0,0
0xa57586,95.122%,2,39,41,0,0,2,39
0x492b0b,0%,2,0,2,0,2,0,0
0x78072f,96.2963%,2,52,54,52,2,0,0
0x7cf6e4,85.7143%,2,12,14,0,0,2,12
0x4b7217,81.8182%,2,9,11,9,2,0,0
0x9a3a7a,0%,2,0,2,0,0,2,0
0x5b2ade,95.5556%,2,43,45,0,0,2,43
0x5b272f,95.7447%,2,45,47,0,1,1,45
0x7cf542,75%,2,6,8,6,2,0,0
0x4a650a,80%,2,8,10,8,2,0,0
0xa4a346,94.7368%,2,36,38,18,0,2,18
0x5f630b,50%,2,2,4,0,2,0,2
0xa4980d,95.2381%,2,40,42,0,0,2,40
0x9bd273,97.0149%,2,65,67,0,0,2,65
0x9bd266,97.0149%,2,65,67,0,0,2,65
0x8f1366,95%,2,38,40,38,2,0,0
0x4acb4c,83.3333%,2,10,12,0,0,2,10
0x9bd20b,96.3636%,2,53,55,0,0,2,53
0x9bd1e4,96.3636%,2,53,55,0,0,2,53
0x9bd192,96.3636%,2,53,55,0,0,2,53
0x815b3d,95.122%,2,39,41,39,2,0,0
0x9bd116,97.2222%,2,70,72,0,0,2,70
0x5f61f4,0%,2,0,2,0,2,0,0
0x5f4937,0%,2,0,2,0,2,0,0
0x5f489b,0%,2,0,2,0,2,0,0
0x6096dc,98.7654%,2,160,162,0,0,2,160
0x9bdc69,96.3636%,2,53,55,0,0,2,53
0x5f484f,0%,2,0,2,0,0,2,0
0x61855e,0%,2,0,2,0,2,0,0
0x54678c,0%,2,0,2,0,0,2,0
0x679f1d,66.6667%,2,4,6,0,0,2,4
0x99f003,0%,2,0,2,0,0,2,0
0xaa819b,60%,2,3,5,0,0,2,3
0xa5ac77,86.6667%,2,13,15,0,0,2,13
0xa54ad2,75%,2,6,8,6,2,0,0
0x5cbb89,98.7097%,2,153,155,0,0,2,153
0x804b08,0%,2,0,2,0,0,2,0
0x5f30e0,66.6667%,2,4,6,4,2,0,0
0x5f409f,50%,2,2,4,0,1,1,2
0x5f4064,50%,2,2,4,2,2,0,0
0xa9baa8,50%,2,2,4,2,2,0,0
0x5f5a8c,0%,2,0,2,0,0,2,0
0x980e44,97.2973%,2,72,74,72,2,0,0
0x48069f,93.1034%,2,27,29,0,0,2,27
0x7c744c,75%,2,6,8,1,1,1,5
0x6710e3,0%,2,0,2,0,2,0,0
0x9bdd1d,87.5%,2,14,16,14,2,0,0
0x5f5d19,0%,2,0,2,0,0,2,0
0x40ae63,0%,2,0,2,0,2,0,0
0xa45779,50%,2,2,4,0,0,2,2
0x4914ce,98.7421%,2,157,159,157,1,1,0
0x5f5e49,0%,2,0,2,0,0,2,0
0x5f5ff9,0%,2,0,2,0,2,0,0
0x63f04f,0%,2,0,2,0,2,0,0
0x7f3e7a,86.6667%,2,13,15,0,0,2,13
0x490bfc,66.6667%,2,4,6,0,0,2,4
0x9bd688,91.6667%,2,22,24,22,2,0,0
0x9bd627,94.4444%,2,34,36,0,0,2,34
0x4ac63a,86.6667%,2,13,15,0,2,0,13
0x4ac64b,86.6667%,2,13,15,0,2,0,13
0x4ac717,86.6667%,2,13,15,0,2,0,13
0x556315,33.3333%,2,1,3,1,2,0,0
0x649e17,0%,2,0,2,0,2,0,0
0xa505cc,94.7368%,2,36,38,0,0,2,36
0x64a864,98.1132%,2,104,106,0,0,2,104
0x9bd3c5,83.3333%,2,10,12,0,0,2,10
0x81b78b,89.4737%,2,17,19,17,2,0,0
0x48efd0,99.2424%,2,262,264,0,0,2,262
0x4949cf,0%,2,0,2,0,0,2,0
0x78e12a,0%,2,0,2,0,0,2,0
0x81172d,99.9469%,2,3764,3766,0,0,2,3764
0x8e4dba,99.505%,2,402,404,0,0,2,402
0x8ad8af,0%,2,0,2,0,2,0,0
0x78e0b8,0%,2,0,2,0,0,2,0
0xa3e302,75%,2,6,8,0,0,2,6
0xb30426,60%,2,3,5,0,0,2,3
0x9712ac,60%,2,3,5,0,0,2,3
0x78e0f2,0%,2,0,2,0,0,2,0
0x48a6a9,88.8889%,2,16,18,0,0,2,16
0x7b00e5,75%,2,6,8,0,0,2,6
0x78e136,0%,2,0,2,0,2,0,0
0xa537ab,66.6667%,2,4,6,4,2,0,0
0x80707b,99.4898%,2,390,392,390,2,0,0
0xa29d1d,87.5%,2,14,16,0,0,2,14
0x5e3ac7,33.3333%,2,1,3,1,2,0,0
0x96ae0a,0%,2,0,2,0,2,0,0
0x8052cd,0%,2,0,2,0,0,2,0
0x496103,83.3333%,2,10,12,0,0,2,10
0x4b9476,0%,2,0,2,0,0,2,0
0x7bccbf,0%,2,0,2,0,0,2,0
0x8ec28d,99.8382%,2,1234,1236,1234,0,2,0
0x4c97bf,71.4286%,2,5,7,0,0,2,5
0x88e118,0%,2,0,2,0,0,2,0
0x4c39c1,71.4286%,2,5,7,0,0,2,5
0x88dee9,0%,2,0,2,0,2,0,0
0x88deb9,0%,2,0,2,0,2,0,0
0xa06aa1,0%,2,0,2,0,0,2,0
0x5f4c0e,0%,2,0,2,0,1,1,0
0x679c33,99.8344%,2,1206,1208,34,2,0,1172
0x8a75ad,98.6395%,2,145,147,0,0,2,145
0x99c86f,99.7347%,2,752,754,0,0,2,752
0x88de9a,0%,2,0,2,0,2,0,0
0x977b61,90.4762%,2,19,21,0,0,2,19
0x8f1648,98.5075%,2,132,134,132,2,0,0
0x59fce1,0%,2,0,2,0,0,2,0
0x5a64b1,0%,2,0,2,0,2,0,0
0x9e408c,50%,2,2,4,0,0,2,2
0x8212a4,0%,2,0,2,0,0,2,0
0xa97e5e,90.9091%,2,20,22,19,1,1,1
0x81fde3,0%,2,0,2,0,2,0,0
0x50fe54,0%,2,0,2,0,0,2,0
0x5a6444,0%,2,0,2,0,2,0,0
0x4c279d,66.6667%,2,4,6,0,1,1,4
0x4b84cc,0%,2,0,2,0,0,2,0
0x4b5ccd,92.8571%,2,26,28,26,2,0,0
0x9e7496,0%,2,0,2,0,2,0,0
0x8fd7ed,33.3333%,2,1,3,0,0,2,1
0x67f3dd,0%,2,0,2,0,0,2,0
0x5511dd,50%,2,2,4,2,2,0,0
0x5a96db,60%,2,3,5,3,2,0,0
0x65bd34,98.8701%,2,175,177,0,0,2,175
0x4be19f,0%,2,0,2,0,2,0,0
0x80b270,0%,2,0,2,0,0,2,0
0x7807c0,75%,2,6,8,0,0,2,6
0x5a8775,0%,2,0,2,0,2,0,0
0x50fef5,0%,2,0,2,0,2,0,0
0x4a772f,0%,2,0,2,0,0,2,0
0x4be453,50%,2,2,4,0,0,2,2
0x591b9d,98.1651%,2,107,109,0,0,2,107
0x6704a6,77.7778%,2,7,9,5,2,0,2
0x8df2bc,91.6667%,2,22,24,0,0,2,22
0x9e765b,98.1308%,2,105,107,0,0,2,105
0x81a4a4,99.7582%,2,825,827,0,0,2,825
0x5b2c83,0%,2,0,2,0,2,0,0
0x808b44,0%,2,0,2,0,0,2,0
0x9461b5,89.4737%,2,17,19,0,0,2,17
0x4b84ab,0%,2,0,2,0,0,2,0
0x8a98bf,99.9351%,2,3078,3080,3078,2,0,0
0x59e9c4,75%,2,6,8,2,2,0,4
0x59e9f1,75%,2,6,8,4,0,2,2
0x590a6b,50%,2,2,4,2,0,2,0
0x945fd6,89.4737%,2,17,19,0,0,2,17
0xa9545f,50%,2,2,4,2,2,0,0
0x90adab,98.6577%,2,147,149,0,0,2,147
0xa5af20,0%,2,0,2,0,0,2,0
0x4c4c0a,84.6154%,2,11,13,0,0,2,11
0xa95428,50%,2,2,4,0,0,2,2
0x8e11b8,94.5946%,2,35,37,35,2,0,0
0x81160a,0%,2,0,2,0,2,0,0
0x4c4d6b,84.6154%,2,11,13,0,2,0,11
0x4c4d9a,81.8182%,2,9,11,0,0,2,9
0xa98174,0%,2,0,2,0,0,2,0
0x80a02c,50%,2,2,4,2,2,0,0
0xa34214,98.8235%,2,168,170,0,0,2,168
0x49f684,91.6667%,2,22,24,0,0,2,22
0x9f5bb3,75%,2,6,8,4,0,2,2
0x59f023,50%,2,2,4,0,0,2,2
0x5f1187,71.4286%,2,5,7,5,2,0,0
0x5bef55,0%,2,0,2,0,0,2,0
0xaa6432,97.7778%,2,88,90,0,0,2,88
0x804dcf,50%,2,2,4,0,0,2,2
0x817e19,83.3333%,2,10,12,0,0,2,10
0x99ec1a,0%,2,0,2,0,2,0,0
0xa85427,60%,2,3,5,0,0,2,3
0x50956e,71.4286%,2,5,7,0,0,2,5
0xa5b1c5,83.3333%,2,10,12,10,2,0,0
0x9737c4,95%,2,38,40,0,2,0,38
0x8e7e6b,99.1071%,2,222,224,222,2,0,0
0xa5ace5,90.4762%,2,19,21,0,0,2,19
0x59f015,0%,2,0,2,0,0,2,0
0xa34ede,98.2906%,2,115,117,0,0,2,115
0x5efc5e,33.3333%,2,1,3,1,1,1,0
0x8f1aaf,98.6111%,2,142,144,0,0,2,142
0xa59f9c,33.3333%,2,1,3,0,0,2,1
0x494665,50%,2,2,4,0,2,0,2
0x4bd19a,50%,2,2,4,0,2,0,2
0x9a288c,86.6667%,2,13,15,0,0,2,13
0x64f2bd,0%,2,0,2,0,0,2,0
0x4c2fb7,84.6154%,2,11,13,0,0,2,11
0x5b0605,0%,2,0,2,0,2,0,0
0x5062db,99.6909%,2,645,647,0,0,2,645
0x9bcabd,0%,2,0,2,0,2,0,0
0x80a9bc,33.3333%,2,1,3,1,2,0,0
0xa5a04d,33.3333%,2,1,3,0,0,2,1
0x4c39ad,84.6154%,2,11,13,6,0,2,5
0x811898,0%,2,0,2,0,0,2,0
0xa5aa5e,80%,2,8,10,8,2,0,0
0xa5a133,80%,2,8,10,0,2,0,8
0x59e726,75%,2,6,8,2,2,0,4
0x9497bb,97.4684%,2,77,79,0,0,2,77
0x4bd5fc,71.4286%,2,5,7,0,0,2,5
0x8ef253,75%,2,6,8,0,0,2,6
0xa5b369,81.8182%,2,9,11,0,0,2,9
0x485ccd,33.3333%,2,1,3,1,2,0,0
0x808d3b,99.9758%,2,8276,8278,0,0,2,8276
0x4ace68,96.7742%,2,60,62,0,0,2,60
0x4b7c24,81.8182%,2,9,11,9,2,0,0
0x80a84f,60%,2,3,5,3,2,0,0
0xa5b302,33.3333%,2,1,3,1,2,0,0
0x5f2b1a,0%,2,0,2,0,0,2,0
0xb306c2,60%,2,3,5,3,2,0,0
0x8080d3,99.7628%,2,841,843,841,0,2,0
0x805de7,50%,2,2,4,0,0,2,2
0x60c708,71.4286%,2,5,7,0,0,2,5
0x7808c3,0%,2,0,2,0,2,0,0
0x9c37c2,95.6522%,2,44,46,44,2,0,0
0xa1d6da,94.1176%,2,32,34,32,0,2,0
0x608502,80%,2,8,10,0,0,2,8
0x7c688d,0%,2,0,2,0,0,2,0
0x81e5a4,83.3333%,2,10,12,0,0,2,10
0x53fe3a,50%,2,2,4,0,0,2,2
0x5f07c8,0%,2,0,2,0,0,2,0
0x9aa5f0,90.9091%,2,20,22,20,2,0,0
0xaa1273,50%,2,2,4,0,0,2,2
0x7c6899,0%,2,0,2,0,0,2,0
0x7c68bb,0%,2,0,2,0,0,2,0
0x8e39af,93.75%,2,30,32,0,0,2,30
0xa06fc5,77.7778%,2,7,9,0,0,2,7
0xa0658b,93.5484%,2,29,31,0,0,2,29
0x809e68,95.3488%,2,41,43,0,1,1,41
0x7c6937,0%,2,0,2,0,0,2,0
0xa44815,0%,2,0,2,0,2,0,0
0x554441,50%,2,2,4,2,2,0,0
0xa33817,50%,2,2,4,0,0,2,2
0x9e8485,33.3333%,2,1,3,1,2,0,0
0xa63c87,50%,2,2,4,1,0,2,1
0xa48a6e,98.8764%,2,176,178,0,0,2,176
0x8044a3,0%,2,0,2,0,0,2,0
0x5f12eb,77.7778%,2,7,9,0,0,2,7
0x5b050b,0%,2,0,2,0,2,0,0
0x9f0655,80%,2,8,10,0,2,0,8
0x593564,0%,2,0,2,0,0,2,0
0x5f3c71,33.3333%,2,1,3,0,0,2,1
0x8f12c4,95%,2,38,40,38,2,0,0
0x8db8af,96.9697%,2,64,66,64,2,0,0
0x94edc2,93.3333%,2,28,30,0,0,2,28
0x8ddf28,95.6522%,2,44,46,0,0,2,44
0x5f61e3,50%,2,2,4,2,0,2,0
0x5d463a,88.8889%,2,16,18,2,2,0,14
0x4a8712,0%,2,0,2,0,0,2,0
0x63e517,99.7919%,2,959,961,0,0,2,959
0x499977,87.5%,2,14,16,14,2,0,0
0x8ade04,0%,2,0,2,0,2,0,0
0x5fd91d,66.6667%,2,4,6,0,0,2,4
0x811581,60%,2,3,5,3,2,0,0
0x8040fa,96.6667%,2,58,60,0,0,2,58
0xa0405c,0%,2,0,2,0,1,1,0
0xa96564,50%,2,2,4,0,0,2,2
0x481bfc,89.4737%,2,17,19,0,0,2,17
0x7f0ccb,92%,2,23,25,23,2,0,0
0x99eac5,86.6667%,2,13,15,13,2,0,0
0x803d27,0%,2,0,2,0,2,0,0
0x5336d4,77.7778%,2,7,9,7,2,0,0
0x5f49d7,0%,2,0,2,0,2,0,0
0x539b81,99.8004%,2,1000,1002,0,0,2,1000
0x8e9de8,50%,2,2,4,2,2,0,0
0x8ee8f0,33.3333%,2,1,3,1,2,0,0
0x804dd7,50%,2,2,4,2,0,2,0
0x8063b8,96.2963%,2,52,54,0,1,1,52
0x919037,0%,2,0,2,0,2,0,0
0xa06476,94.2857%,2,33,35,0,0,2,33
0xa30da0,97.5%,2,78,80,78,2,0,0
0xa373c5,93.75%,2,30,32,30,2,0,0
0x952433,0%,2,0,2,0,0,2,0
0x8631e1,0%,2,0,2,0,2,0,0
0x86321f,0%,2,0,2,0,2,0,0
0x863252,0%,2,0,2,0,2,0,0
0x647dbd,96.0784%,2,49,51,49,2,0,0
0x8d4123,81.8182%,2,9,11,8,1,1,1
0x803b38,0%,2,0,2,0,2,0,0
0xa2f92f,97.5904%,2,81,83,0,0,2,81
0x47c0cf,0%,2,0,2,0,2,0,0
0xa37b0b,80%,2,8,10,8,2,0,0
0x815389,0%,2,0,2,0,2,0,0
0xa974c7,33.3333%,2,1,3,1,0,2,0
0x53b371,99.2032%,2,249,251,249,0,2,0
0x482a3c,77.7778%,2,7,9,7,2,0,0
0x8e4691,87.5%,2,14,16,0,0,2,14
0x65a0fd,98.1982%,2,109,111,0,0,2,109
0x8a6a33,33.3333%,2,1,3,1,1,1,0
0x90a061,99.7819%,2,915,917,0,0,2,915
0x9aa132,93.9394%,2,31,33,0,0,2,31
0x9fb35b,33.3333%,2,1,3,1,2,0,0
0x4b53ce,92%,2,23,25,23,0,2,0
0xa53152,80%,2,8,10,0,2,0,8
0xa04fa8,60%,2,3,5,0,0,2,3
0x9edd66,96.875%,2,62,64,0,2,0,62
0x8d2e99,0%,2,0,2,0,2,0,0
0xa36816,99.5465%,2,439,441,0,0,2,439
0xab1cdd,50%,2,2,4,0,0,2,2
0x8d37db,90.4762%,2,19,21,3,2,0,16
0x8d38ca,66.6667%,2,4,6,4,2,0,0
0x4bd507,33.3333%,2,1,3,1,2,0,0
0x556df8,75%,2,6,8,0,0,2,6
0xa90245,94.7368%,2,36,38,0,0,2,36
0x97336f,77.7778%,2,7,9,0,0,2,7
0x4b63a4,60%,2,3,5,3,2,0,0
0x9a67c4,0%,2,0,2,0,2,0,0
0x59f5e0,0%,2,0,2,0,2,0,0
0x97825b,89.4737%,2,17,19,0,0,2,17
0x58e5ea,33.3333%,2,1,3,1,2,0,0
0x976fe8,0%,2,0,2,0,2,0,0
0x8f4079,96.7213%,2,59,61,0,0,2,59
0x5b39ff,99.061%,2,211,213,10,2,0,201
0xa379a8,80%,2,8,10,0,0,2,8
0x9a9f28,92.8571%,2,26,28,0,0,2,26
0xa05802,60%,2,3,5,0,1,1,3
0x649d1d,0%,2,0,2,0,2,0,0
0xa35e5b,85.7143%,2,12,14,0,0,2,12
0x5542b9,0%,2,0,2,0,0,2,0
0x9cfe08,84.6154%,2,11,13,11,2,0,0
0x5960c1,84.6154%,2,11,13,0,0,2,11
0xa02a89,83.3333%,2,10,12,0,0,2,10
0x5f2e76,0%,2,0,2,0,2,0,0
0x9714e8,71.4286%,2,5,7,0,2,0,5
0x8e4f04,99.6071%,2,507,509,0,0,2,507
0x8e0c85,98.2143%,2,110,112,0,0,2,110
0x8d3f55,84.6154%,2,11,13,0,0,2,11
0x807074,99.4898%,2,390,392,0,0,2,390
0x619de9,60%,2,3,5,3,2,0,0
0x68161c,66.6667%,2,4,6,0,0,2,4
0xa1af24,95.4545%,2,42,44,42,2,0,0
0x8f6cd6,95.5556%,2,43,45,0,0,2,43
0x978415,99.7436%,2,778,780,0,0,2,778
0x8ea0b0,33.3333%,2,1,3,1,2,0,0
0x9734aa,83.3333%,2,10,12,3,2,0,7
0x9ea285,87.5%,2,14,16,14,0,2,0
0xa35ef5,99.6569%,2,581,583,0,0,2,581
0x4a0414,87.5%,2,14,16,14,2,0,0
0x5f0c02,99.3464%,2,304,306,0,0,2,304
0x49ae37,0%,2,0,2,0,0,2,0
0x9f4d6a,77.7778%,2,7,9,7,2,0,0
0x58db5b,71.4286%,2,5,7,3,1,1,2
0x8d3985,97.1831%,2,69,71,0,0,2,69
0x670407,98.4962%,2,131,133,0,0,2,131
0x8b9a4a,99.5763%,2,470,472,0,0,2,470
0x78e0ac,50%,2,2,4,2,0,2,0
0xacfbee,95%,2,38,40,38,2,0,0
0xb306b6,60%,2,3,5,0,0,2,3
0x480c45,77.7778%,2,7,9,0,0,2,7
0xa1a02f,84.6154%,2,11,13,0,0,2,11
0x8d3b65,0%,2,0,2,0,0,2,0
0x8e96b8,0%,2,0,2,0,0,2,0
0x8d3c09,0%,2,0,2,0,2,0,0
0x4bf498,97.0588%,2,66,68,0,0,2,66
0xa36459,98.4615%,2,128,130,0,0,2,128
0x4878ec,0%,2,0,2,0,0,2,0
0x906a9c,99.4413%,2,356,358,0,0,2,356
0x81227b,97.9798%,2,97,99,97,2,0,0
0x5f39b7,71.4286%,2,5,7,5,2,0,0
0x4b8e99,50%,2,2,4,0,0,2,2
0x50da2c,86.6667%,2,13,15,0,0,2,13
0x5052a8,90%,2,18,20,0,0,2,18
0x81e08f,0%,2,0,2,0,2,0,0
0x8c8e06,75%,2,6,8,6,2,0,0
0x502549,99.8264%,2,1150,1152,0,0,2,1150
0x404b81,77.7778%,2,7,9,0,2,0,7
0xa4a86e,0%,2,0,2,0,0,2,0
0x7bc18c,75%,2,6,8,6,2,0,0
0x492b3b,0%,2,0,2,0,2,0,0
0x4b78c6,92.8571%,2,26,28,0,0,2,26
0x95b656,50%,2,2,4,2,2,0,0
0x80c157,88.2353%,2,15,17,0,0,2,15
0x58b9f6,80%,2,8,10,7,1,1,1
0x81b8cc,93.1034%,2,27,29,27,2,0,0
0x8eddd4,99.5565%,2,449,451,0,0,2,449
0x8d24b3,0%,2,0,2,0,2,0,0
0x816580,96.1538%,2,50,52,6,2,0,44
0x5466db,50%,2,2,4,0,0,2,2
0x4bf30a,93.5484%,2,29,31,29,2,0,0
0x9b896a,0%,2,0,2,0,2,0,0
0x7d2c67,50%,2,2,4,0,0,2,2
0x4bfdf0,92%,2,23,25,23,2,0,0
0x5f37cb,60%,2,3,5,0,2,0,3
0x5eb9be,0%,2,0,2,0,2,0,0
0x951d71,99.686%,2,635,637,635,2,0,0
0x7b013c,66.6667%,2,4,6,0,0,2,4
0x542ece,98.6928%,2,151,153,0,0,2,151
0x4940c0,86.6667%,2,13,15,13,2,0,0
0xa95aa6,50%,2,2,4,0,2,0,2
0x4bb67b,96.1538%,2,50,52,0,0,2,50
0xa9f056,0%,2,0,2,0,0,2,0
0x5df2a5,93.9394%,2,31,33,0,0,2,31
0xa2aabe,98.2301%,2,111,113,0,0,2,111
0x5f0bb9,0%,2,0,2,0,0,2,0
0x4c6ee0,97.5904%,2,81,83,0,0,2,81
0x819ccd,93.9394%,2,31,33,0,1,1,31
0xaa33c4,87.5%,2,14,16,0,0,2,14
0xaa7f9f,33.3333%,2,1,3,0,0,2,1
0x9813e6,97.3333%,2,73,75,0,0,2,73
0xa9df90,0%,2,0,2,0,0,2,0
0x4c454a,88.2353%,2,15,17,0,0,2,15
0x80692c,91.6667%,2,22,24,0,0,2,22
0x4c4561,88.2353%,2,15,17,15,2,0,0
0x5cf5de,99.8561%,2,1388,1390,0,0,2,1388
0x493609,88.2353%,2,15,17,15,2,0,0
0xa366e2,98.6842%,2,150,152,0,0,2,150
0x816f41,60%,2,3,5,3,2,0,0
0x965fb6,97.5904%,2,81,83,0,0,2,81
0xa58a65,98.5507%,2,136,138,0,0,2,136
0x99e115,86.6667%,2,13,15,0,0,2,13
0x4094ed,0%,2,0,2,0,2,0,0
0x58d422,83.3333%,2,10,12,0,0,2,10
0x55de0d,0%,2,0,2,0,0,2,0
0x5f0a8a,33.3333%,2,1,3,0,0,2,1
0x8fef22,96.9231%,2,63,65,63,2,0,0
0x8ff9f0,98.2609%,2,113,115,0,0,2,113
0x8d990b,75%,2,6,8,6,2,0,0
0xa3d0da,75%,2,6,8,0,0,2,6
0x8ee090,95.2381%,2,40,42,0,0,2,40
0xa9d40d,90%,2,18,20,0,0,2,18
0x9a6aac,50%,2,2,4,2,2,0,0
0x5d8fda,80%,2,8,10,8,2,0,0
0xa34f52,98.6486%,2,146,148,146,2,0,0
0x4b7839,99.5037%,2,401,403,0,0,2,401
0x808e41,60%,2,3,5,3,2,0,0
0x509048,66.6667%,2,4,6,0,1,1,4
0xa96824,92.3077%,2,24,26,24,2,0,0
0xa36d17,50%,2,2,4,1,1,1,1
0x9bdb6e,50%,2,2,4,2,2,0,0
0x64cd75,99.5444%,2,437,439,437,2,0,0
0x80b5eb,99.8246%,2,1138,1140,1138,0,2,0
0x505289,83.3333%,2,10,12,0,0,2,10
0xa36c40,0%,2,0,2,0,0,2,0
0x90ed8c,99.8923%,2,1855,1857,0,0,2,1855
0x7d4496,0%,2,0,2,0,2,0,0
0xa97b01,0%,2,0,2,0,0,2,0
0x8dc46f,50%,2,2,4,0,0,2,2
0x8f6b9c,86.6667%,2,13,15,13,2,0,0
0xa9b7d8,97.7273%,2,86,88,0,0,2,86
0x4bbb48,95.3488%,2,41,43,0,0,2,41
0x9439a5,50%,2,2,4,2,0,2,0
0x4c005e,98.9899%,2,196,198,196,0,2,0
0x4c17bb,98.9899%,2,196,198,196,2,0,0
0x649ce8,0%,2,0,2,0,0,2,0
0x5467a0,0%,2,0,2,0,0,2,0
0x595e6b,91.3043%,2,21,23,0,0,2,21
0xa64cac,66.6667%,2,4,6,0,0,2,4
0x485823,83.3333%,2,10,12,0,0,2,10
0x63f9ec,99.929%,2,2816,2818,2816,2,0,0
0x58d8c1,97.1014%,2,67,69,0,0,2,67
0x5eaecb,50%,2,2,4,0,0,2,2
0x81b40e,81.8182%,2,9,11,0,0,2,9
0x50340b,0%,2,0,2,0,2,0,0
0x783cd1,98.7179%,2,154,156,154,2,0,0
0xa9ca5f,80%,2,8,10,0,0,2,8
0x618ab6,97.1429%,2,68,70,68,2,0,0
0x7ce5a2,83.3333%,2,10,12,10,2,0,0
0x505a75,50%,2,2,4,0,0,2,2
0x918a9c,99%,2,198,200,0,0,2,198
0x4bffea,91.6667%,2,22,24,0,0,2,22
0x6498c0,0%,2,0,2,0,2,0,0
0x40bbf0,98.0952%,2,103,105,0,1,1,103
0x81f030,50%,2,2,4,0,0,2,2
0x7d3780,97.0149%,2,65,67,25,2,0,40
0x70e8ed,50%,2,2,4,2,2,0,0
0x50b791,50%,2,2,4,0,0,2,2
0x8fefbf,99.4334%,2,351,353,351,2,0,0
0x4c1451,88.2353%,2,15,17,15,2,0,0
0x495995,89.4737%,2,17,19,0,0,2,17
0x4b7071,93.5484%,2,29,31,29,2,0,0
0x906aae,99.4413%,2,356,358,0,0,2,356
0x9f0760,0%,2,0,2,0,0,2,0
0x4a9a78,0%,2,0,2,0,0,2,0
0x4b788b,93.5484%,2,29,31,0,0,2,29
0x81396f,95.4545%,2,42,44,0,0,2,42
0xa9c6bb,98.5915%,2,140,142,140,2,0,0
0x65a058,99.2095%,2,251,253,0,0,2,251
0x966039,80%,2,8,10,8,2,0,0
0x99e153,86.6667%,2,13,15,2,0,2,11
0x8f77b3,98.7261%,2,155,157,0,0,2,155
0xa983df,50%,2,2,4,0,2,0,2
0xa96387,0%,2,0,2,0,2,0,0
0x5bbfae,0%,2,0,2,0,2,0,0
0x8e2089,99.0909%,2,218,220,0,0,2,218
0xa9c7ee,80%,2,8,10,0,0,2,8
0x50b9e3,50%,2,2,4,0,2,0,2
0x9be996,85.7143%,2,12,14,12,2,0,0
0x50ce84,93.5484%,2,29,31,0,0,2,29
0xa337ca,92%,2,23,25,0,0,2,23
0x4416ee,81.8182%,2,9,11,0,0,2,9
0x557ba8,75%,2,6,8,6,2,0,0
0x4a9f2a,33.3333%,2,1,3,1,2,0,0
0x534082,0%,2,0,2,0,0,2,0
0x817181,0%,2,0,2,0,0,2,0
0x41045c,91.6667%,2,22,24,0,2,0,22
0x4b9743,80%,2,8,10,0,0,2,8
0x8170a4,0%,2,0,2,0,0,2,0
0xa413ea,75%,2,6,8,6,2,0,0
0x7955e6,84.6154%,2,11,13,11,2,0,0
0x9e247e,99.6678%,2,600,602,600,2,0,0
0x70e950,0%,2,0,2,0,0,2,0
0x9487ab,94.8718%,2,37,39,0,0,2,37
0x817d99,94.4444%,2,34,36,0,0,2,34
0x99bb67,90.4762%,2,19,21,0,1,1,19
0xa58fed,95.122%,2,39,41,0,0,2,39
0x8bcd23,96.6667%,2,58,60,58,2,0,0
0x4a134f,99.5717%,2,465,467,0,0,2,465
0x90f7fa,0%,2,0,2,0,0,2,0
0xa99c4e,50%,2,2,4,0,0,2,2
0x5f0dd5,60%,2,3,5,3,2,0,0
0x7aed77,81.8182%,2,9,11,0,0,2,9
0x58ba82,50%,2,2,4,2,2,0,0
0x54464f,0%,2,0,2,0,2,0,0
0x816cc2,99.1667%,2,238,240,0,0,2,238
0x4c5ee3,95.3488%,2,41,43,0,2,0,41
0x78abee,33.3333%,2,1,3,1,2,0,0
0x5ebdb8,71.4286%,2,5,7,5,2,0,0
0x68b129,50%,2,2,4,0,0,2,2
0x554fc4,33.3333%,2,1,3,1,2,0,0
0x51060f,87.5%,2,14,16,0,0,2,14
0xa53325,66.6667%,2,4,6,0,0,2,4
0x58e467,60%,2,3,5,0,0,2,3
0x5f61c5,0%,2,0,2,0,2,0,0
0xa59364,92.8571%,2,26,28,0,0,2,26
0x8bb731,80%,2,8,10,0,0,2,8
0x4c448f,90%,2,18,20,0,2,0,18
0x59e736,50%,2,2,4,2,2,0,0
0xa4a946,0%,2,0,2,0,2,0,0
0x7c7708,50%,2,2,4,0,0,2,2
0x59edd4,50%,2,2,4,0,0,2,2
0xa5c615,88.8889%,2,16,18,6,2,0,10
0x4c47bf,96.6667%,2,58,60,58,2,0,0
0x814a59,0%,2,0,2,0,0,2,0
0x58e517,83.3333%,2,10,12,0,0,2,10
0x59ea10,0%,2,0,2,0,2,0,0
0x8c9082,0%,2,0,2,0,2,0,0
0x48e68b,95.8333%,2,46,48,0,0,2,46
0x8a6bf3,98.0392%,2,100,102,0,1,1,100
0x4c736a,88.8889%,2,16,18,0,0,2,16
0x49fec4,99.7664%,2,854,856,0,0,2,854
0x8e4bb1,99.9427%,2,3487,3489,0,0,2,3487
0x5fa7c4,97.1014%,2,67,69,0,0,2,67
0x55623a,0%,2,0,2,0,2,0,0
0xa91a90,98.9744%,2,193,195,0,0,2,193
0x8f2880,95.4545%,2,42,44,42,2,0,0
0x8da9c7,99.0099%,2,200,202,0,2,0,200
0x4c76dd,50%,2,2,4,0,0,2,2
0x4c7f1a,50%,2,2,4,0,0,2,2
0x63f3bb,0%,2,0,2,0,2,0,0
0x5d1806,91.6667%,2,22,24,0,0,2,22
0xa30b33,99.8815%,2,1686,1688,0,0,2,1686
0x4c8151,90.9091%,2,20,22,20,2,0,0
0x7844ad,93.1034%,2,27,29,27,2,0,0
0x5962e7,89.4737%,2,17,19,0,0,2,17
0x490419,33.3333%,2,1,3,1,2,0,0
0x4b3938,50%,2,2,4,0,0,2,2
0x4c5c5f,75%,2,6,8,0,0,2,6
0x95b415,81.8182%,2,9,11,0,0,2,9
0xaa1348,98.9744%,2,193,195,0,0,2,193
0x4c5e7e,75%,2,6,8,0,0,2,6
0x503580,0%,2,0,2,0,0,2,0
0x643b3a,0%,2,0,2,0,2,0,0
0x811d3b,99.4709%,2,376,378,376,2,0,0
0x4b4acf,0%,2,0,2,0,0,2,0
0x5efa12,33.3333%,2,1,3,0,0,2,1
0x814001,99.2063%,2,250,252,0,0,2,250
0x8f1dac,75%,2,6,8,0,0,2,6
0x4b81e3,81.8182%,2,9,11,9,2,0,0
0x81fdf0,95.8333%,2,46,48,0,0,2,46
0x8093b2,99.3939%,2,328,330,328,2,0,0
0xa35e51,85.7143%,2,12,14,0,0,2,12
0xa02e17,98.1308%,2,105,107,0,0,2,105
0x81c1cb,97.9167%,2,94,96,0,0,2,94
0xa329f8,0%,2,0,2,0,0,2,0
0x9fcc3f,92%,2,23,25,0,0,2,23
0x6f454f,92.8571%,2,26,28,0,0,2,26
0x942a81,97.3333%,2,73,75,0,0,2,73
0xa9d13b,0%,2,0,2,0,2,0,0
0x78ac0c,50%,2,2,4,0,0,2,2
0x8f66e8,99.4366%,2,353,355,0,0,2,353
0x4bffc3,91.6667%,2,22,24,0,0,2,22
0x7df9ee,0%,2,0,2,0,2,0,0
0x8e03d7,99.7661%,2,853,855,0,0,2,853
0xa9d004,50%,2,2,4,0,2,0,2
0xa43037,50%,2,2,4,2,2,0,0
0x97a46f,88.8889%,2,16,18,0,0,2,16
0x4b847c,81.8182%,2,9,11,0,0,2,9
0x9d1e1b,60%,2,3,5,0,0,2,3
0x9e8129,91.6667%,2,22,24,22,0,2,0
0x4b9c87,97.1831%,2,69,71,38,2,0,31
0x5f0b3d,0%,2,0,2,0,2,0,0
0x606d9b,75%,2,6,8,6,2,0,0
0x8055aa,89.4737%,2,17,19,0,0,2,17
0x973812,94.7368%,2,36,38,0,0,2,36
0x9d6855,0%,2,0,2,0,0,2,0
0x781531,77.7778%,2,7,9,0,0,2,7
0x815efd,77.7778%,2,7,9,7,0,2,0
0x9711ca,60%,2,3,5,0,0,2,3
0x6dce1a,50%,2,2,4,2,2,0,0
0x5f54e6,66.6667%,2,4,6,4,2,0,0
0x78997d,77.7778%,2,7,9,6,1,1,1
0x59f221,0%,2,0,2,0,2,0,0
0x838b99,0%,2,0,2,0,0,2,0
0x7ad549,92.3077%,2,24,26,0,0,2,24
0xa4a811,0%,2,0,2,0,2,0,0
0x4a8750,0%,2,0,2,0,2,0,0
0x8e9e83,50%,2,2,4,0,0,2,2
0xa07a79,96.6102%,2,57,59,7,0,2,50
0x805b0b,99.9282%,2,2783,2785,0,0,2,2783
0xa91986,95.2381%,2,40,42,0,0,2,40
0x4c8ac0,98.4962%,2,131,133,0,0,2,131
0x9f113c,94.4444%,2,34,36,30,1,1,4
0x6498d6,0%,2,0,2,0,2,0,0
0xa6486c,0%,2,0,2,0,2,0,0
0x4b8593,81.8182%,2,9,11,9,2,0,0
0xa90b2b,66.6667%,2,4,6,1,1,1,3
0xa58ee0,98.3193%,2,117,119,0,0,2,117
0x649db0,0%,2,0,2,0,2,0,0
0x4b86e3,81.8182%,2,9,11,9,2,0,0
0xa180a7,99.7097%,2,687,689,0,0,2,687
0x5089e3,50%,2,2,4,2,2,0,0
0xa46460,98.9637%,2,191,193,0,0,2,191
0x8fd207,75%,2,6,8,0,2,0,6
0x4c208b,98.7421%,2,157,159,0,0,2,157
0x4c20b9,98.7421%,2,157,159,157,2,0,0
0x54695c,75%,2,6,8,0,0,2,6
0xa596a3,93.1034%,2,27,29,27,2,0,0
0x5bb213,87.5%,2,14,16,14,2,0,0
0x9e8816,33.3333%,2,1,3,1,2,0,0
0xa237e9,0%,2,0,2,0,2,0,0
0x9f6d1c,99.0826%,2,216,218,216,2,0,0
0x973024,92.5926%,2,25,27,0,0,2,25
0xaab3ac,50%,2,2,4,2,2,0,0
0xaef71b,50%,2,2,4,0,0,2,2
0x8ebcce,0%,2,0,2,0,2,0,0
0x9e5e6b,88.2353%,2,15,17,15,2,0,0
0x7d1e3b,97.0149%,2,65,67,0,2,0,65
0x5ee17c,99.1736%,2,240,242,240,2,0,0
0x5b9e92,75%,2,6,8,0,0,2,6
0xa01bb2,87.5%,2,14,16,0,0,2,14
0x4b2992,0%,2,0,2,0,2,0,0
0xad068d,0%,2,0,2,0,0,2,0
0x991302,98.1481%,2,106,108,0,0,2,106
0x4b9424,0%,2,0,2,0,2,0,0
0x48f8a7,83.3333%,2,10,12,0,2,0,10
0xa4f7c6,87.5%,2,14,16,0,0,2,14
0x9e1160,0%,2,0,2,0,0,2,0
0x81c13c,97.9167%,2,94,96,0,0,2,94
0x5e2084,33.3333%,2,1,3,1,2,0,0
0x53373b,71.4286%,2,5,7,0,0,2,5
0xacc2a5,0%,2,0,2,0,2,0,0
0x5cfc60,83.3333%,2,10,12,0,0,2,10
0x809076,0%,2,0,2,0,0,2,0
0x40b2b5,0%,2,0,2,0,2,0,0
0x9e153b,0%,2,0,2,0,0,2,0
0x8d396b,97.2603%,2,71,73,0,2,0,71
0x9f44cc,98.7097%,2,153,155,0,0,2,153
0x9e817d,91.6667%,2,22,24,22,2,0,0
0x4097c7,0%,2,0,2,0,2,0,0
0x5f32e9,0%,2,0,2,0,2,0,0
0x9e7e3c,50%,2,2,4,2,2,0,0
0x4b84e1,33.3333%,2,1,3,0,0,2,1
0x9fe56b,98.5075%,2,132,134,0,0,2,132
0xa5312c,0%,2,0,2,0,2,0,0
0xa51104,50%,2,2,4,0,0,2,2
0x5c7f90,97.5%,2,78,80,0,0,2,78
0xa63b96,0%,2,0,2,0,2,0,0
0x8dae9b,0%,2,0,2,0,2,0,0
0x9f780a,98.75%,2,158,160,0,0,2,158
0xa53110,0%,2,0,2,0,0,2,0
0xa31283,96.1538%,2,50,52,50,2,0,0
0x942bf6,97.3333%,2,73,75,0,0,2,73
0xa96f79,86.6667%,2,13,15,0,0,2,13
0x9e2236,0%,2,0,2,0,2,0,0
0x8da95d,0%,2,0,2,0,2,0,0
0x492d9e,0%,2,0,2,0,2,0,0
0x5ffa53,97.8261%,2,90,92,45,1,1,45
0x8ae9fa,85.7143%,2,12,14,12,2,0,0
0x7bcce0,0%,2,0,2,0,0,2,0
0xa531e6,0%,2,0,2,0,2,0,0
0x9f47cd,75%,2,6,8,0,0,2,6
0x546645,50%,2,2,4,0,0,2,2
0x7b642f,60%,2,3,5,3,1,1,0
0x405ad6,98.0769%,2,102,104,2,0,2,100
0x9a7e58,92%,2,23,25,0,0,2,23
0xa4f93d,87.5%,2,14,16,0,0,2,14
0x9e8a02,98.6207%,2,143,145,143,2,0,0
0x5a60d7,50%,2,2,4,0,0,2,2
0xa4eef3,90.9091%,2,20,22,0,0,2,20
0x951859,99.4135%,2,339,341,0,0,2,339
0x60c647,50%,2,2,4,2,2,0,0
0x5f6338,0%,2,0,2,0,2,0,0
0x815b01,95.122%,2,39,41,0,0,2,39
0x5b2938,0%,2,0,2,0,2,0,0
0x5c78be,97.5%,2,78,80,0,0,2,78
0x8162ce,95.5556%,2,43,45,0,0,2,43
0x670d2d,0%,2,0,2,0,2,0,0
0x4ac934,33.3333%,2,1,3,1,2,0,0
0x975104,75%,2,6,8,0,2,0,6
0xa01ceb,0%,2,0,2,0,2,0,0
0x9735bc,60%,2,3,5,0,0,2,3
0x8f3044,88.2353%,2,15,17,0,0,2,15
0xa07800,0%,2,0,2,0,2,0,0
0xa2f7f3,98.6207%,2,143,145,143,2,0,0
0x99d33d,77.7778%,2,7,9,7,2,0,0
0xa5611f,98.913%,2,182,184,0,0,2,182
0xa63ca9,0%,2,0,2,0,2,0,0
0x812099,0%,2,0,2,0,2,0,0
0x9752ca,33.3333%,2,1,3,1,2,0,0
0x81fc8b,97.9592%,2,96,98,0,0,2,96
0x8a676c,60%,2,3,5,0,0,2,3
0x5fb43d,0%,2,0,2,0,0,2,0
0x9e5ee3,88.8889%,2,16,18,16,2,0,0
0x405eb7,98.8764%,2,176,178,0,0,2,176
0x80892d,99.1453%,2,232,234,232,0,2,0
0xa06e25,94.7368%,2,36,38,0,0,2,36
0x81d101,98.9011%,2,180,182,0,0,2,180
0x99ebe6,0%,2,0,2,0,0,2,0
0x95b39f,50%,2,2,4,2,2,0,0
0x5fe9e8,95.3488%,2,41,43,0,0,2,41
0x99ebfe,0%,2,0,2,0,2,0,0
0xaac302,50%,2,2,4,2,2,0,0
0xa9d2a6,80%,2,8,10,8,2,0,0
0x63eaf5,99%,2,198,200,0,0,2,198
0x9bd34e,83.3333%,2,10,12,10,2,0,0
0x5089c8,50%,2,2,4,0,0,2,2
0xa9da9f,86.6667%,2,13,15,0,0,2,13
0x6410f7,0%,2,0,2,0,2,0,0
0x970d80,0%,2,0,2,0,2,0,0
0x97506a,60%,2,3,5,3,2,0,0
0x5f4e33,0%,2,0,2,0,0,2,0
0x9750bb,75%,2,6,8,0,0,2,6
0x507d2b,50%,2,2,4,0,0,2,2
0xa33b54,97.2222%,2,70,72,0,0,2,70
0x5d202d,33.3333%,2,1,3,0,0,2,1
0x7b72b1,0%,2,0,2,0,2,0,0
0x7c685a,0%,2,0,2,0,0,2,0
0x5d2084,33.3333%,2,1,3,1,2,0,0
0x4a5c71,50%,2,2,4,2,2,0,0
0x695f71,91.6667%,2,22,24,0,0,2,22
0x69769e,92.8571%,2,26,28,0,0,2,26
0x9e1176,0%,2,0,2,0,0,2,0
0x9d6822,0%,2,0,2,0,0,2,0
0x9d6845,0%,2,0,2,0,2,0,0
0x8c8d69,75%,2,6,8,0,0,2,6
0x548a14,83.3333%,2,10,12,5,1,1,5
0x9ff5e8,91.6667%,2,22,24,0,0,2,22
0xa3bc6b,88.8889%,2,16,18,16,2,0,0
0xa26bb8,66.6667%,2,4,6,0,2,0,4
0x9e5120,88.8889%,2,16,18,16,2,0,0
0x4b5f7b,50%,2,2,4,0,0,2,2
0x977058,66.6667%,2,4,6,4,2,0,0
0x49039d,97.4684%,2,77,79,0,0,2,77
0x9e5c70,94.2857%,2,33,35,33,2,0,0
0x809c75,0%,2,0,2,0,2,0,0
0x619ad0,60%,2,3,5,0,0,2,3
0x835f31,0%,2,0,2,0,2,0,0
0x9f274d,97.6471%,2,83,85,83,2,0,0
0x819e03,87.5%,2,14,16,0,0,2,14
0x9e5216,83.3333%,2,10,12,0,0,2,10
0x9e6178,83.3333%,2,10,12,0,0,2,10
0x5eeec4,0%,2,0,2,0,0,2,0
0xaadc31,99.3846%,2,323,325,0,0,2,323
0x63ef93,0%,2,0,2,0,2,0,0
0x80392c,0%,2,0,2,0,0,2,0
0x722c97,80%,2,8,10,0,0,2,8
0x555e7e,99.5146%,2,410,412,410,2,0,0
0xa3ff3f,91.6667%,2,22,24,22,2,0,0
0xa2e224,0%,2,0,2,0,0,2,0
0x99e2fb,84.6154%,2,11,13,0,0,2,11
0x4416d7,81.8182%,2,9,11,0,0,2,9
0x8ba025,98.0392%,2,100,102,0,0,2,100
0x8bf128,0%,2,0,2,0,2,0,0
0xa9d23a,50%,2,2,4,2,2,0,0
0x809c60,0%,2,0,2,0,0,2,0
0x4a856e,95.5556%,2,43,45,0,0,2,43
0x9f8352,0%,2,0,2,0,0,2,0
0xa4a674,93.9394%,2,31,33,0,0,2,31
0x4ada0d,60%,2,3,5,3,2,0,0
0x49afff,0%,2,0,2,0,0,2,0
0x4bd492,0%,2,0,2,0,2,0,0
0x81e083,0%,2,0,2,0,0,2,0
0x58f26c,96.1538%,2,50,52,50,2,0,0
0x9f4d5a,77.7778%,2,7,9,0,0,2,7
0x9e2cf6,84.6154%,2,11,13,11,2,0,0
0xa542b4,50%,2,2,4,2,2,0,0
0xa46e29,88.8889%,2,16,18,16,2,0,0
0x9012ad,33.3333%,2,1,3,0,2,0,1
0x9e2c60,91.3043%,2,21,23,0,0,2,21
0x99ad51,95.7447%,2,45,47,45,2,0,0
0x8da7aa,66.6667%,2,4,6,4,2,0,0
0x404117,99.5789%,2,473,475,0,0,2,473
0x7d4110,87.5%,2,14,16,0,0,2,14
0x680df8,97.8947%,2,93,95,93,2,0,0
0x49c8bd,75%,2,6,8,6,2,0,0
0x6486ad,0%,2,0,2,0,2,0,0
0xb49c27,60%,2,3,5,0,0,2,3
0x5916b2,33.3333%,2,1,3,1,2,0,0
0x441557,81.8182%,2,9,11,0,0,2,9
0x49ff19,99.9771%,2,8744,8746,0,0,2,8744
0x9e8428,33.3333%,2,1,3,0,0,2,1
0x4049a3,50%,2,2,4,2,2,0,0
0x9f8551,77.7778%,2,7,9,7,2,0,0
0x806178,0%,2,0,2,0,2,0,0
0xa58b79,93.1034%,2,27,29,27,2,0,0
0x974719,98.6842%,2,150,152,0,0,2,150
0x5b4a60,0%,2,0,2,0,2,0,0
0x8f4646,83.3333%,2,10,12,10,2,0,0
0x8fd21a,66.6667%,2,4,6,2,0,2,2
0x8e9a01,50%,2,2,4,0,2,0,2
0x5bd729,98.6207%,2,143,145,143,2,0,0
0x441cdf,81.8182%,2,9,11,9,2,0,0
0xa083c9,71.4286%,2,5,7,5,2,0,0
0xaabde6,81.8182%,2,9,11,9,2,0,0
0x610cc2,93.3333%,2,28,30,0,0,2,28
0x8ece47,99.799%,2,993,995,993,2,0,0
0x610cd9,93.3333%,2,28,30,0,0,2,28
0xa5836a,75%,2,6,8,0,0,2,6
0x67178a,0%,2,0,2,0,2,0,0
0x808e72,98.9848%,2,195,197,1,0,2,194
0xa48d21,98.8024%,2,165,167,165,2,0,0
0x9f5155,81.8182%,2,9,11,0,2,0,9
0x9e1a91,80%,2,8,10,1,1,1,7
0xa36192,98.5915%,2,140,142,0,0,2,140
0x7d2fe2,96.9231%,2,63,65,0,0,2,63
0x7c7a0c,91.6667%,2,22,24,0,0,2,22
0x9e2e78,84.6154%,2,11,13,11,2,0,0
0xa46e56,88.8889%,2,16,18,16,2,0,0
0x9f4875,50%,2,2,4,2,2,0,0
0x94e7a5,93.3333%,2,28,30,0,0,2,28
0x5da0aa,50%,2,2,4,2,2,0,0
0x4a97b9,50%,2,2,4,0,0,2,2
0x8ee8b8,33.3333%,2,1,3,0,0,2,1
0x5bd554,99.7076%,2,682,684,0,0,2,682
0x402d8d,96.8254%,2,61,63,0,0,2,61
0x8bf17e,0%,2,0,2,0,0,2,0
0x9f0e4a,94.4444%,2,34,36,0,0,2,34
0xa4f84b,0%,2,0,2,0,2,0,0
0xa52e13,77.7778%,2,7,9,0,0,2,7
0x49bd3e,0%,2,0,2,0,0,2,0
0x48790d,0%,2,0,2,0,0,2,0
0x65b1e7,84.6154%,2,11,13,11,2,0,0
0x804ff2,99.3939%,2,328,330,328,2,0,0
0x9733d8,95%,2,38,40,38,2,0,0
0x78a39a,33.3333%,2,1,3,0,0,2,1
0xa557ec,50%,2,2,4,2,0,2,0
0xa4eeeb,90.9091%,2,20,22,0,0,2,20
0x8f3197,84.6154%,2,11,13,0,0,2,11
0x9f4034,93.9394%,2,31,33,0,0,2,31
0x9e707a,60%,2,3,5,0,0,2,3
0xa55890,50%,2,2,4,0,0,2,2
0x590c9d,90.9091%,2,20,22,2,0,2,18
0x8bbd49,0%,2,0,2,0,2,0,0
0x9e2965,60%,2,3,5,0,0,2,3
0xa53273,66.6667%,2,4,6,4,2,0,0
0xa533c0,50%,2,2,4,2,2,0,0
0xa56fb3,98.1481%,2,106,108,0,0,2,106
0xa5452b,0%,2,0,2,0,0,2,0
0xa54534,0%,2,0,2,0,0,2,0
0xa54604,0%,2,0,2,0,0,2,0
0x9439c5,0%,2,0,2,0,2,0,0
0x5e1acb,0%,2,0,2,0,0,2,0
0x48fbf1,50%,2,2,4,0,0,2,2
0x809ec2,50%,2,2,4,0,2,0,2
0x814ea6,90.9091%,2,20,22,0,1,1,20
0x59096a,90%,2,18,20,16,2,0,2
0xa547af,0%,2,0,2,0,2,0,0
0x4bb745,0%,2,0,2,0,0,2,0
0x9e0fc4,97.5%,2,78,80,0,0,2,78
0x5fbaf9,0%,2,0,2,0,2,0,0
0x5d0193,75%,2,6,8,6,2,0,0
0xa55ad3,50%,2,2,4,2,2,0,0
0x50a3b4,98.5294%,2,134,136,0,0,2,134
0x7c79ca,93.75%,2,30,32,6,2,0,24
0x659fcd,91.6667%,2,22,24,22,2,0,0
0xa36cbf,50%,2,2,4,1,2,0,1
0x47fb99,89.4737%,2,17,19,17,2,0,0
0x9f6ae8,94.4444%,2,34,36,0,0,2,34
0xb6a103,60%,2,3,5,0,0,2,3
0x598eb5,60%,2,3,5,3,2,0,0
0x64a6bd,0%,2,0,2,0,2,0,0
0x9f5065,96.4912%,2,55,57,4,1,1,51
0x8171ec,98.75%,2,158,160,0,0,2,158
0x558d67,99.2857%,2,278,280,0,0,2,278
0x538dba,98.4496%,2,127,129,127,2,0,0
0x8195c7,99.3921%,2,327,329,0,0,2,327
0x4bd4aa,50%,2,2,4,2,1,1,0
0xa558d8,50%,2,2,4,2,0,2,0
0x65b21b,84.6154%,2,11,13,0,0,2,11
0x5dadff,50%,2,2,4,0,0,2,2
0xa55905,0%,2,0,2,0,0,2,0
0xa55950,0%,2,0,2,0,2,0,0
0x977209,0%,2,0,2,0,2,0,0
0xb30444,60%,2,3,5,0,0,2,3
0xa55969,50%,2,2,4,0,0,2,2
0x95b7aa,50%,2,2,4,2,2,0,0
0x499bf9,96.2264%,2,51,53,51,2,0,0
0x4ba745,93.5484%,2,29,31,0,0,2,29
0x688e9f,91.6667%,2,22,24,0,0,2,22
0xa55b31,66.6667%,2,4,6,2,2,0,2
0xa95d8d,88.8889%,2,16,18,0,2,0,16
0xa55a90,0%,2,0,2,0,2,0,0
0x8f6852,98.1651%,2,107,109,0,0,2,107
0x9ff742,0%,2,0,2,0,0,2,0
0xa37a8a,80%,2,8,10,0,0,2,8
0xa722a5,50%,2,2,4,2,2,0,0
0xa72364,50%,2,2,4,0,0,2,2
0xa7234a,50%,2,2,4,0,0,2,2
0xa2e944,96.2264%,2,51,53,0,0,2,51
0x8f3dfb,99.4819%,2,384,386,0,0,2,384
0xa35da7,99.5536%,2,446,448,0,0,2,446
0x9ff71a,0%,2,0,2,0,0,2,0
0xa47cd1,94.8718%,2,37,39,37,2,0,0
0xa72323,50%,2,2,4,0,0,2,2
0x8e8c61,0%,2,0,2,0,0,2,0
0xa55809,66.6667%,2,4,6,2,2,0,2
0x81b137,93.75%,2,30,32,0,0,2,30
0x788dbb,77.7778%,2,7,9,7,2,0,0
0xa722eb,50%,2,2,4,2,2,0,0
0xa28726,90.4762%,2,19,21,0,0,2,19
0x9e8131,0%,2,0,2,0,2,0,0
0xa05b42,93.1034%,2,27,29,0,0,2,27
0x809b28,97.3333%,2,73,75,0,0,2,73
0xa2f67a,60%,2,3,5,3,2,0,0
0xa989ad,86.6667%,2,13,15,13,2,0,0
0x80bb04,71.4286%,2,5,7,0,2,0,5
0xaaaefa,83.3333%,2,10,12,10,2,0,0
0x80bdd0,80%,2,8,10,8,2,0,0
0x94a98c,97.5%,2,78,80,78,2,0,0
0x5b0695,0%,2,0,2,0,2,0,0
0x480118,89.4737%,2,17,19,0,0,2,17
0xa56e09,0%,2,0,2,0,0,2,0
0xa8a89b,50%,2,2,4,0,0,2,2
0x81e7a7,98.5612%,2,137,139,137,2,0,0
0x9a5de7,80%,2,8,10,8,2,0,0
0xa2a808,0%,2,0,2,0,2,0,0
0x814bbe,88.8889%,2,16,18,0,0,2,16
0x8d26f3,97.4026%,2,75,77,0,2,0,75
0x50903e,66.6667%,2,4,6,0,0,2,4
0x8e392a,95.8333%,2,46,48,0,0,2,46
0x81c75e,97.1429%,2,68,70,0,0,2,68
0x9f9bf1,92%,2,23,25,4,2,0,19
0xa63cc4,50%,2,2,4,0,2,0,2
0x7c71ab,95.4545%,2,42,44,0,2,0,42
0xa96557,50%,2,2,4,0,0,2,2
0x80d830,50%,2,2,4,1,1,1,1
0xad0689,0%,2,0,2,0,0,2,0
0x9c3b54,75%,2,6,8,0,0,2,6
0xa63ce2,0%,2,0,2,0,0,2,0
0x69238c,90.9091%,2,20,22,20,2,0,0
0x8f4961,99.8554%,2,1381,1383,1365,2,0,16
0xa64d68,50%,2,2,4,0,0,2,2
0x80d868,99.569%,2,462,464,0,0,2,462
0xa64f57,50%,2,2,4,0,0,2,2
0xa6501b,50%,2,2,4,0,0,2,2
0x5fb4f8,0%,2,0,2,0,2,0,0
0x8e94ec,50%,2,2,4,2,2,0,0
0x410684,98.9071%,2,181,183,0,0,2,181
0x58b8c1,98.1818%,2,108,110,0,0,2,108
0xa2950a,87.5%,2,14,16,14,2,0,0
0x8ad913,96.4912%,2,55,57,0,2,0,55
0x5beb89,0%,2,0,2,0,0,2,0
0x608d97,90.4762%,2,19,21,19,2,0,0
0xa654ff,50%,2,2,4,0,0,2,2
0x809a83,33.3333%,2,1,3,0,2,0,1
0x5f45fa,0%,2,0,2,0,2,0,0
0x78d14a,0%,2,0,2,0,0,2,0
0xa4ba00,50%,2,2,4,0,0,2,2
0x548aae,50%,2,2,4,2,2,0,0
0x590d92,98.8166%,2,167,169,167,2,0,0
0x5f7fe6,71.4286%,2,5,7,5,2,0,0
0xa27a6b,50%,2,2,4,0,0,2,2
0x59058c,0%,2,0,2,0,0,2,0
0x9ff7a1,0%,2,0,2,0,0,2,0
0xa6b93c,50%,2,2,4,2,2,0,0
0x814ed2,88.8889%,2,16,18,0,0,2,16
0xa3b239,99.1228%,2,226,228,0,0,2,226
0x8115fe,0%,2,0,2,0,0,2,0
0x8bc099,0%,2,0,2,0,0,2,0
0x59fdc0,50%,2,2,4,0,2,0,2
0xace146,0%,2,0,2,0,0,2,0
0x80a6b4,33.3333%,2,1,3,0,2,0,1
0xa4ed7a,98.7654%,2,160,162,160,0,2,0
0x8fd240,0%,2,0,2,0,2,0,0
0x59259b,33.3333%,2,1,3,0,0,2,1
0x8088ba,99.1342%,2,229,231,229,2,0,0
0x80ae55,94.5946%,2,35,37,0,2,0,35
0xa5f8f3,75%,2,6,8,0,0,2,6
0x81ca76,98.8372%,2,170,172,0,2,0,170
0x96ae75,89.4737%,2,17,19,0,0,2,17
0xaccde2,33.3333%,2,1,3,0,0,2,1
0x817e21,83.3333%,2,10,12,10,0,2,0
0xa47817,50%,2,2,4,2,2,0,0
0x7921e3,90.4762%,2,19,21,0,0,2,19
0x99eb2d,84.6154%,2,11,13,11,2,0,0
0x5c8cdd,66.6667%,2,4,6,4,2,0,0
0x80457b,84.6154%,2,11,13,5,0,2,6
0x80458c,75%,2,6,8,0,0,2,6
0x648ca5,0%,2,0,2,0,2,0,0
0x974583,0%,2,0,2,0,2,0,0
0xa8a8d1,50%,2,2,4,2,2,0,0
0x7afc42,0%,2,0,2,0,2,0,0
0x5b6e94,75%,2,6,8,0,0,2,6
0xa985d8,50%,2,2,4,0,2,0,2
0x487e08,85.7143%,2,12,14,0,0,2,12
0x672c89,0%,2,0,2,0,0,2,0
0x8045f5,88.2353%,2,15,17,0,0,2,15
0x809862,60%,2,3,5,0,0,2,3
0x80966e,0%,2,0,2,0,0,2,0
0x8096aa,0%,2,0,2,0,0,2,0
0x53a393,97.4026%,2,75,77,0,0,2,75
0x593203,85.7143%,2,12,14,12,2,0,0
0x8096d2,0%,2,0,2,0,0,2,0
0x8f1969,95.8333%,2,46,48,0,0,2,46
0xa0181b,50%,2,2,4,2,0,2,0
0x80974d,86.6667%,2,13,15,0,0,2,13
0x81b79d,89.4737%,2,17,19,0,0,2,17
0xa1aadc,60%,2,3,5,0,0,2,3
0xa97726,50%,2,2,4,2,2,0,0
0x8098b6,81.8182%,2,9,11,5,1,1,4
0x8eb0aa,66.6667%,2,4,6,0,0,2,4
0xa284d2,75%,2,6,8,0,0,2,6
0x804d7f,0%,2,0,2,0,0,2,0
0x809a65,33.3333%,2,1,3,0,0,2,1
0xa55a27,50%,2,2,4,2,0,2,0
0x8049bc,0%,2,0,2,0,2,0,0
0xa51f8e,0%,2,0,2,0,0,2,0
0x804c9a,0%,2,0,2,0,2,0,0
0x8036a4,0%,2,0,2,0,2,0,0
0x50c0dc,90%,2,18,20,0,0,2,18
0x8038ac,0%,2,0,2,0,2,0,0
0x8038fe,0%,2,0,2,0,2,0,0
0xa5b4ed,77.7778%,2,7,9,0,0,2,7
0x80dac7,99.0909%,2,218,220,0,0,2,218
0x64b47c,99.3399%,2,301,303,0,0,2,301
0x8039a6,0%,2,0,2,0,2,0,0
0x65b124,84.6154%,2,11,13,11,2,0,0
0x5bb70c,91.3043%,2,21,23,0,0,2,21
0x8d3bd9,0%,2,0,2,0,0,2,0
0x8039cc,0%,2,0,2,0,0,2,0
0x648d51,0%,2,0,2,0,2,0,0
0x5f5d58,0%,2,0,2,0,2,0,0
0x48586e,66.6667%,2,4,6,0,0,2,4
0x4c3974,84.6154%,2,11,13,0,0,2,11
0x485874,66.6667%,2,4,6,3,0,2,1
0xa9989c,60%,2,3,5,3,2,0,0
0x9f6e31,85.7143%,2,12,14,12,2,0,0
0x9d1280,87.5%,2,14,16,0,0,2,14
0xa65513,50%,2,2,4,2,2,0,0
0x5b177a,80%,2,8,10,0,0,2,8
0x67c99b,99.8419%,2,1263,1265,1263,2,0,0
0x8e966d,0%,2,0,2,0,0,2,0
0xa48178,99.1597%,2,236,238,236,2,0,0
0xa0675c,0%,2,0,2,0,0,2,0
0x4947e0,0%,2,0,2,0,2,0,0
0xa35382,99.7831%,2,920,922,0,0,2,920
0xb148a3,99.953%,2,4256,4258,0,0,2,4256
0x40b06f,0%,2,0,2,0,0,2,0
0x911b75,97.7778%,2,88,90,0,0,2,88
0xa338f2,71.4286%,2,5,7,1,1,1,4
0x590719,33.3333%,2,1,3,0,0,2,1
0x4b510c,75%,2,6,8,6,2,0,0
0x722e8b,88.8889%,2,16,18,0,0,2,16
0x81b7a6,89.4737%,2,17,19,0,0,2,17
0x494fe1,0%,2,0,2,0,0,2,0
0x9f5c6b,92.8571%,2,26,28,26,2,0,0
0x8a672c,97.7778%,2,88,90,0,0,2,88
0x4ad9c1,33.3333%,2,1,3,1,2,0,0
0x4821a9,89.4737%,2,17,19,0,0,2,17
0xa94749,93.1034%,2,27,29,0,0,2,27
0x4ad9e6,33.3333%,2,1,3,1,2,0,0
0x65c69b,50%,2,2,4,2,2,0,0
0xa3722b,80%,2,8,10,0,2,0,8
0xa418d1,77.7778%,2,7,9,0,0,2,7
0x70c1cf,66.6667%,2,4,6,0,0,2,4
0x53ee7a,50%,2,2,4,2,2,0,0
0xa21e3b,0%,2,0,2,0,0,2,0
0x66f54c,99.0291%,2,204,206,0,0,2,204
0x8e334a,99.422%,2,344,346,344,2,0,0
0x98b3db,96.2264%,2,51,53,0,0,2,51
0x64bf9b,98.8304%,2,169,171,169,2,0,0
0x4b66cb,93.3333%,2,28,30,1,1,1,27
0xa3d9f0,75%,2,6,8,0,0,2,6
0x9190a3,0%,2,0,2,0,0,2,0
0x9bd441,83.3333%,2,10,12,0,0,2,10
0x8e2d8f,84.6154%,2,11,13,11,2,0,0
0x96e36e,0%,2,0,2,0,2,0,0
0xaac399,50%,2,2,4,0,0,2,2
0x81990b,99.6086%,2,509,511,509,2,0,0
0xa06357,66.6667%,2,4,6,0,1,1,4
0x96eb9b,0%,2,0,2,0,0,2,0
0x906d1a,98.9796%,2,194,196,194,2,0,0
0xa99769,0%,2,0,2,0,2,0,0
0x814bff,95.122%,2,39,41,39,2,0,0
0x959f78,50%,2,2,4,0,0,2,2
0x9e0dbb,60%,2,3,5,0,0,2,3
0x482a97,77.7778%,2,7,9,7,2,0,0
0xa55c69,66.6667%,2,4,6,4,2,0,0
0x649c7e,0%,2,0,2,0,2,0,0
0x8dc583,50%,2,2,4,2,2,0,0
0x8bf19a,0%,2,0,2,0,0,2,0
0x9bd0e1,0%,2,0,2,0,0,2,0
0xa042e2,0%,2,0,2,0,0,2,0
0x99d361,77.7778%,2,7,9,0,0,2,7
0x4879a4,66.6667%,2,4,6,0,2,0,4
0xa4bc40,98.8889%,2,178,180,0,0,2,178
0x67cb9f,97.619%,2,82,84,82,2,0,0
0xacdcba,0%,2,0,2,0,0,2,0
0x487ea3,0%,2,0,2,0,0,2,0
0x901038,94.5946%,2,35,37,0,0,2,35
0x81510c,60%,2,3,5,3,0,2,0
0x410011,0%,2,0,2,0,2,0,0
0x80a1c9,50%,2,2,4,0,0,2,2
0x8e373c,99.8988%,2,1975,1977,1975,2,0,0
0x7c7226,83.3333%,2,10,12,3,0,2,7
0x66f3f9,0%,2,0,2,0,0,2,0
0x8debaf,66.6667%,2,4,6,4,2,0,0
0x96ae4a,90.4762%,2,19,21,0,2,0,19
0xa51f2c,50%,2,2,4,2,0,2,0
0xa06831,0%,2,0,2,0,0,2,0
0x803851,0%,2,0,2,0,2,0,0
0x974752,50%,2,2,4,2,2,0,0
0x9746e5,89.4737%,2,17,19,0,2,0,17
0x9bde45,0%,2,0,2,0,0,2,0
0x60c528,80%,2,8,10,8,2,0,0
0x838ac7,33.3333%,2,1,3,0,1,1,1
0x9be545,0%,2,0,2,0,0,2,0
0x9713ed,71.4286%,2,5,7,0,0,2,5
0x80db10,99.0909%,2,218,220,0,0,2,218
0x9fc4a5,99.0698%,2,213,215,213,2,0,0
0x8151ed,75%,2,6,8,0,0,2,6
0x44198e,81.8182%,2,9,11,0,0,2,9
0x80dcba,99.8405%,2,1252,1254,0,0,2,1252
0x8a233f,0%,2,0,2,0,0,2,0
0xa90032,98.7805%,2,162,164,0,0,2,162
0x40ce8b,0%,2,0,2,0,2,0,0
0x58c5d2,81.8182%,2,9,11,9,2,0,0
0xa15f23,83.3333%,2,10,12,0,0,2,10
0x80d971,98.1132%,2,104,106,0,0,2,104
0x95a926,50%,2,2,4,0,0,2,2
0x547983,86.6667%,2,13,15,0,0,2,13
0xa21bfc,0%,2,0,2,0,0,2,0
0x793e4a,90.4762%,2,19,21,14,1,1,5
0x499e82,87.5%,2,14,16,14,2,0,0
0x65ba12,99.9563%,2,4574,4576,4574,2,0,0
0xa9819c,0%,2,0,2,0,2,0,0
0x4a8717,0%,2,0,2,0,0,2,0
0xa46317,97.7011%,2,85,87,85,2,0,0
0xa04132,0%,2,0,2,0,2,0,0
0x81f55b,50%,2,2,4,0,0,2,2
0xa237bf,0%,2,0,2,0,0,2,0
0x8aac89,80%,2,8,10,0,0,2,8
0x7be0a2,50%,2,2,4,0,0,2,2
0x4ca41b,0%,2,0,2,0,2,0,0
0x81a71f,99.9665%,2,5963,5965,0,0,2,5963
0x80ba21,0%,2,0,2,0,0,2,0
0x822286,99.2674%,2,271,273,0,0,2,271
0x4ade1f,90%,2,18,20,1,1,1,17
0xa22d6f,96.9231%,2,63,65,0,0,2,63
0x95a25c,50%,2,2,4,0,0,2,2
0xa9f3b0,33.3333%,2,1,3,0,0,2,1
0x592db3,0%,2,0,2,0,0,2,0
0x8dffd0,66.6667%,2,4,6,0,0,2,4
0x8f67a3,87.5%,2,14,16,0,0,2,14
0x95ac25,50%,2,2,4,2,2,0,0
0x95ab88,50%,2,2,4,2,2,0,0
0x5f8889,98.0769%,2,102,104,6,2,0,96
0xa46818,99.3902%,2,326,328,326,2,0,0
0x974636,95%,2,38,40,38,2,0,0
0x4039df,0%,2,0,2,0,2,0,0
0x4b98a3,92.5926%,2,25,27,0,2,0,25
0x59371c,0%,2,0,2,0,2,0,0
0x95b12b,50%,2,2,4,2,2,0,0
0x8f41e3,99.3846%,2,323,325,323,2,0,0
0x59388d,0%,2,0,2,0,2,0,0
0x49beab,0%,2,0,2,0,0,2,0
0x49bec7,0%,2,0,2,0,2,0,0
0x555d3c,94.7368%,2,36,38,0,0,2,36
0x666d59,50%,2,2,4,0,1,1,2
0x4a9b3c,33.3333%,2,1,3,1,2,0,0
0x9e26b1,99.6289%,2,537,539,0,0,2,537
0x8df599,95.2381%,2,40,42,0,0,2,40
0x4c006e,0%,2,0,2,0,0,2,0
0x44168e,81.8182%,2,9,11,0,0,2,9
0x66f4cf,71.4286%,2,5,7,5,1,1,0
0x8a243e,0%,2,0,2,0,2,0,0
0x666f4d,0%,2,0,2,0,0,2,0
0xa0638c,33.3333%,2,1,3,0,1,1,1
0x9c3bfb,94.4444%,2,34,36,34,2,0,0
0x9f406f,33.3333%,2,1,3,0,0,2,1
0x666d19,66.6667%,2,4,6,1,1,1,3
0x4415ae,81.8182%,2,9,11,0,0,2,9
0x5580fb,99.4595%,2,368,370,6,2,0,362
0x5fa1ba,92.5926%,2,25,27,0,0,2,25
0x5fa36f,66.6667%,2,4,6,4,2,0,0
0x5f9659,75%,2,6,8,0,0,2,6
0x7879af,0%,2,0,2,0,0,2,0
0xa9db67,95.8333%,2,46,48,0,0,2,46
0x5f75cb,93.3333%,2,28,30,28,2,0,0
0x8e920d,99.8584%,2,1410,1412,0,0,2,1410
0x648443,99.278%,2,275,277,0,0,2,275
0x818a8f,99.322%,2,293,295,293,2,0,0
0x5414bf,75%,2,6,8,0,0,2,6
0x6670f8,98.3193%,2,117,119,0,0,2,117
0xa062ea,33.3333%,2,1,3,0,2,0,1
0x5f9661,75%,2,6,8,6,2,0,0
0x5f914e,77.7778%,2,7,9,3,0,2,4
0x8dfa39,66.6667%,2,4,6,4,1,1,0
0x4c00c1,0%,2,0,2,0,0,2,0
0x4c00ab,0%,2,0,2,0,0,2,0
0xa29cef,87.5%,2,14,16,0,0,2,14
0x9519d7,98.5294%,2,134,136,134,2,0,0
0x63f795,0%,2,0,2,0,0,2,0
0xa4ed26,98.75%,2,158,160,158,2,0,0
0x5fa916,98.7879%,2,163,165,0,0,2,163
0x63f8f5,0%,2,0,2,0,2,0,0
0x649c6c,0%,2,0,2,0,0,2,0
0xa02b58,0%,2,0,2,0,0,2,0
0x64b9c0,99.8568%,2,1395,1397,0,0,2,1395
0x66f6b6,80%,2,8,10,8,2,0,0
0x61142e,77.7778%,2,7,9,7,1,1,0
0x9e3e9e,98.7013%,2,152,154,0,0,2,152
0xa15cdf,66.6667%,2,4,6,4,2,0,0
0x809f03,50%,2,2,4,2,0,2,0
0x8f35fc,99.4709%,2,376,378,0,0,2,376
0x555bda,94.7368%,2,36,38,0,0,2,36
0xa0019f,96.9697%,2,64,66,63,1,1,1
0xa0683a,0%,2,0,2,0,0,2,0
0x59fdac,0%,2,0,2,0,0,2,0
0x9771f2,50%,2,2,4,0,2,0,2
0x5badac,0%,2,0,2,0,0,2,0
0xa4f81f,0%,2,0,2,0,0,2,0
0x5bae3f,0%,2,0,2,0,2,0,0
0x5ff573,75%,2,6,8,0,0,2,6
0x5bae68,0%,2,0,2,0,0,2,0
0xaa581c,99.7992%,2,994,996,0,0,2,994
0x5ff562,75%,2,6,8,0,2,0,6
0x903df2,96.1538%,2,50,52,0,0,2,50
0x5fa657,66.6667%,2,4,6,4,2,0,0
0x8065f9,92.5926%,2,25,27,0,0,2,25
0x4c475a,0%,2,0,2,0,0,2,0
0x40b042,0%,2,0,2,0,0,2,0
0x5fa5d3,66.6667%,2,4,6,4,2,0,0
0x5fa452,97.3333%,2,73,75,73,2,0,0
0x9774b1,0%,2,0,2,0,0,2,0
0x677b9b,97.4359%,2,76,78,0,0,2,76
0x4bd207,0%,2,0,2,0,0,2,0
0x5bad18,98.4496%,2,127,129,0,0,2,127
0xa066ec,95.5556%,2,43,45,0,0,2,43
0xa94227,0%,2,0,2,0,2,0,0
0x40e2a2,33.3333%,2,1,3,0,0,2,1
0x53f154,75%,2,6,8,2,2,0,4
0x50c0e9,90%,2,18,20,0,0,2,18
0xa53a57,0%,2,0,2,0,0,2,0
0x4bd1fe,0%,2,0,2,0,0,2,0
0x40e430,50%,2,2,4,2,2,0,0
0x547a5b,50%,2,2,4,0,0,2,2
0x547ab0,50%,2,2,4,2,2,0,0
0x9eccf4,98.1818%,2,108,110,0,0,2,108
0x5451ea,50%,2,2,4,0,0,2,2
0x649424,0%,2,0,2,0,2,0,0
0x96add3,0%,2,0,2,0,2,0,0
0x7b0179,66.6667%,2,4,6,0,0,2,4
0x670615,98.4962%,2,131,133,0,0,2,131
0xa2e7f4,98.5075%,2,132,134,0,0,2,132
0xaccb36,33.3333%,2,1,3,1,2,0,0
0x53ec3a,50%,2,2,4,2,2,0,0
0xa2c1c7,0%,2,0,2,0,2,0,0
0xaccba8,33.3333%,2,1,3,1,2,0,0
0x543980,84.6154%,2,11,13,0,0,2,11
0x8f0b6b,87.5%,2,14,16,14,2,0,0
0x48f5de,33.3333%,2,1,3,0,0,2,1
0x8ebf05,0%,2,0,2,0,2,0,0
0x502b72,60%,2,3,5,0,0,2,3
0xaccf75,33.3333%,2,1,3,1,2,0,0
0xad4341,33.3333%,2,1,3,0,0,2,1
0xad4523,66.6667%,2,4,6,4,2,0,0
0x8f63fd,83.3333%,2,10,12,10,2,0,0
0x5fb424,0%,2,0,2,0,0,2,0
0x4c7536,0%,2,0,2,0,0,2,0
0x8a6e05,0%,2,0,2,0,2,0,0
0x9d3402,96.3636%,2,53,55,0,0,2,53
0x5f7aa0,99.0291%,2,204,206,0,0,2,204
0x5f7b1a,98.75%,2,158,160,0,0,2,158
0x5f865c,98.8024%,2,165,167,0,0,2,165
0x611539,96.9231%,2,63,65,0,0,2,63
0xa0a574,83.3333%,2,10,12,10,0,2,0
0xa1595e,80%,2,8,10,0,0,2,8
0x5bb540,0%,2,0,2,0,0,2,0
0x5bb40b,94.2857%,2,33,35,33,0,2,0
0x8ee4bd,95.2381%,2,40,42,0,0,2,40
0x81747a,0%,2,0,2,0,2,0,0
0x8f4b18,66.6667%,2,4,6,4,2,0,0
0x8ee41e,95.5556%,2,43,45,1,2,0,42
0x977082,0%,2,0,2,0,2,0,0
0x8ebd83,0%,2,0,2,0,0,2,0
0x4c642d,0%,2,0,2,0,0,2,0
0x5f7948,99.6965%,2,657,659,0,0,2,657
0x5bb7bb,99.7932%,2,965,967,965,2,0,0
0x8eecce,81.8182%,2,9,11,0,2,0,9
0x59c90e,0%,2,0,2,0,2,0,0
0x63f335,0%,2,0,2,0,0,2,0
0x5d05e3,90%,2,18,20,18,2,0,0
0x94e8f1,93.3333%,2,28,30,28,2,0,0
0x8df88f,50%,2,2,4,2,0,2,0
0xa430ab,50%,2,2,4,2,2,0,0
0xa39bcf,97.5904%,2,81,83,81,2,0,0
0x54534b,50%,2,2,4,0,0,2,2
0x54522b,50%,2,2,4,2,2,0,0
0x7f12f8,71.4286%,2,5,7,0,0,2,5
0x7d444e,0%,2,0,2,0,0,2,0
0x98cff4,97.7778%,2,88,90,88,2,0,0
0x905051,98.5401%,2,135,137,0,0,2,135
0x6675b9,0%,2,0,2,0,2,0,0
0xa042cf,33.3333%,2,1,3,0,1,1,1
0x8db62c,99.8315%,2,1185,1187,36,1,1,1149
0x5d8a3d,66.6667%,2,4,6,4,2,0,0
0x833baf,50%,2,2,4,0,0,2,2
0x9ebc74,96.8254%,2,61,63,0,0,2,61
0x9ed29e,96.4912%,2,55,57,55,2,0,0
0x833824,50%,2,2,4,0,2,0,2
0xa94241,0%,2,0,2,0,0,2,0
0x48c614,33.3333%,2,1,3,0,1,1,1
0x5fbfd6,0%,2,0,2,0,0,2,0
0xa94246,0%,2,0,2,0,0,2,0
0x7dfa59,97.5904%,2,81,83,81,0,2,0
0x5fbfec,0%,2,0,2,0,0,2,0
0x804efc,97.9167%,2,94,96,94,0,2,0
0xa9d1d5,96.9697%,2,64,66,0,0,2,64
0x808191,92.5926%,2,25,27,0,0,2,25
0x949a5a,96.2264%,2,51,53,0,0,2,51
0x811c9c,96.3636%,2,53,55,20,0,2,33
0x904a59,99.3355%,2,299,301,299,2,0,0
0x9c5546,75%,2,6,8,6,2,0,0
0x804fcb,96.8254%,2,61,63,0,2,0,61
0xa94706,93.1034%,2,27,29,0,2,0,27
0x8c9052,0%,2,0,2,0,2,0,0
0x4a657d,98.6207%,2,143,145,143,2,0,0
0xa9478a,93.1034%,2,27,29,0,2,0,27
0x8ffecd,66.6667%,2,4,6,0,0,2,4
0x53ef5d,98.7013%,2,152,154,0,0,2,152
0x906693,98.1818%,2,108,110,0,0,2,108
0x816515,96.1538%,2,50,52,50,2,0,0
0x402f18,66.6667%,2,4,6,0,0,2,4
0x81be8b,99.0196%,2,202,204,0,0,2,202
0x820cb3,96%,2,48,50,48,1,1,0
0x4b55b0,0%,2,0,2,0,0,2,0
0x5fc925,0%,2,0,2,0,2,0,0
0x40a27e,94.1176%,2,32,34,0,0,2,32
0x6cfbef,50%,2,2,4,2,2,0,0
0x903320,83.3333%,2,10,12,0,0,2,10
0x4b55a3,66.6667%,2,4,6,4,0,2,0
0x7d3dc0,33.3333%,2,1,3,0,0,2,1
0xa36d85,95.2381%,2,40,42,0,0,2,40
0x4b55b9,0%,2,0,2,0,0,2,0
0x4c5328,99.3197%,2,292,294,0,0,2,292
0x548acd,75%,2,6,8,0,0,2,6
0x7d33e7,83.3333%,2,10,12,0,0,2,10
0x67cf01,85.7143%,2,12,14,12,2,0,0
0x78d212,0%,2,0,2,0,0,2,0
0x404941,99.2278%,2,257,259,0,0,2,257
0x4a5c57,71.4286%,2,5,7,1,2,0,4
0xa946dc,93.1034%,2,27,29,0,0,2,27
0x59c5f2,50%,2,2,4,0,0,2,2
0x8fd2d8,75%,2,6,8,6,0,2,0
0x70e8fc,0%,2,0,2,0,0,2,0
0xa90a13,50%,2,2,4,0,0,2,2
0xa9496a,91.6667%,2,22,24,22,2,0,0
0x4a6474,33.3333%,2,1,3,1,0,2,0
0x405cac,97.8261%,2,90,92,0,0,2,90
0x94eec6,93.3333%,2,28,30,28,2,0,0
0xa2ee31,93.1034%,2,27,29,20,1,1,7
0x5fc2f5,98.2759%,2,114,116,114,2,0,0
0x5fc2dc,98.2759%,2,114,116,0,0,2,114
0xa53fcd,98.1308%,2,105,107,105,2,0,0
0x67af65,99.9275%,2,2755,2757,0,0,2,2755
0x5d87dd,93.3333%,2,28,30,0,0,2,28
0x552b22,92.8571%,2,26,28,0,0,2,26
0x4c4741,60%,2,3,5,3,0,2,0
0xa060d2,77.7778%,2,7,9,4,0,2,3
0x5fb4b9,0%,2,0,2,0,2,0,0
0xa459b0,93.9394%,2,31,33,31,2,0,0
0x5f5395,0%,2,0,2,0,0,2,0
0x8bcc73,86.6667%,2,13,15,13,2,0,0
0x5d68cd,33.3333%,2,1,3,1,2,0,0
0x835ee9,0%,2,0,2,0,2,0,0
0xa06080,50%,2,2,4,2,2,0,0
0x5f53ef,83.3333%,2,10,12,0,0,2,10
0x48e72a,98.0392%,2,100,102,0,0,2,100
0x67e4e0,90.9091%,2,20,22,0,0,2,20
0xa900da,99.2701%,2,272,274,0,0,2,272
0x90b97c,99.7919%,2,959,961,0,0,2,959
0x835fae,0%,2,0,2,0,0,2,0
0x8de78f,97.4359%,2,76,78,0,0,2,76
0xacdceb,0%,2,0,2,0,2,0,0
0x509fc9,99.5927%,2,489,491,489,2,0,0
0x5f53fb,83.3333%,2,10,12,10,2,0,0
0x7efd2d,97.2222%,2,70,72,0,0,2,70
0x5f547a,0%,2,0,2,0,2,0,0
0x5a5e07,50%,2,2,4,0,2,0,2
0x59160a,33.3333%,2,1,3,0,0,2,1
0x591645,33.3333%,2,1,3,0,0,2,1
0xa33c48,97.2222%,2,70,72,0,0,2,70
0x675139,33.3333%,2,1,3,1,1,1,0
0x7efba6,0%,2,0,2,0,2,0,0
0x5fe601,50%,2,2,4,2,2,0,0
0x4b9cae,80%,2,8,10,0,0,2,8
0x5916bf,33.3333%,2,1,3,0,0,2,1
0x50d2d6,99.3289%,2,296,298,0,0,2,296
0xa35eec,99.6569%,2,581,583,0,0,2,581
0xa0653f,93.5484%,2,29,31,0,0,2,29
0xa9458b,92.5926%,2,25,27,25,2,0,0
0x7b7ffb,92%,2,23,25,23,2,0,0
0x6664c1,93.3333%,2,28,30,0,0,2,28
0x8d98dc,75%,2,6,8,6,2,0,0
0x5ffc37,95.6522%,2,44,46,44,2,0,0
0x9f454a,97.5%,2,78,80,0,0,2,78
0x900c01,99.4012%,2,332,334,332,2,0,0
0xa94548,93.1034%,2,27,29,0,0,2,27
0xa9454d,93.1034%,2,27,29,0,0,2,27
0x533dce,0%,2,0,2,0,0,2,0
0x8340f4,50%,2,2,4,2,2,0,0
0x808af2,0%,2,0,2,0,0,2,0
0x9be949,87.5%,2,14,16,14,2,0,0
0x40acb2,71.4286%,2,5,7,2,0,2,3
0x81ef63,50%,2,2,4,2,2,0,0
0x40520c,98.4848%,2,130,132,0,0,2,130
0x90699a,97.4684%,2,77,79,77,2,0,0
0x5f5569,95%,2,38,40,38,2,0,0
0x404241,99.5789%,2,473,475,0,0,2,473
0xa05f4e,60%,2,3,5,0,0,2,3
0x5f5afe,0%,2,0,2,0,2,0,0
0x8ec9a8,50%,2,2,4,0,0,2,2
0x49f587,88.8889%,2,16,18,16,2,0,0
0x5fefe4,50%,2,2,4,0,0,2,2
0x555aef,50%,2,2,4,0,1,1,2
0x67064d,90%,2,18,20,0,0,2,18
0x4900b8,80%,2,8,10,8,0,2,0
0x78f6e5,93.1034%,2,27,29,27,2,0,0
0x771479,90.4762%,2,19,21,0,0,2,19
0x5f9d4a,92.5926%,2,25,27,25,2,0,0
0x4c3cd5,71.4286%,2,5,7,5,2,0,0
0x7b80fe,77.7778%,2,7,9,0,2,0,7
0x838ae1,0%,2,0,2,0,2,0,0
0x4b8a62,87.5%,2,14,16,0,0,2,14
0xa07ab9,95%,2,38,40,0,0,2,38
0x441be9,81.8182%,2,9,11,9,2,0,0
0x80683f,83.3333%,2,10,12,9,2,0,1
0xa525f7,98.0198%,2,99,101,99,2,0,0
0x9028fa,98.0583%,2,101,103,0,0,2,101
0x50a9f1,94.4444%,2,34,36,0,0,2,34
0xa086bc,50%,2,2,4,0,0,2,2
0x80619e,0%,2,0,2,0,0,2,0
0x50b36b,95%,2,38,40,38,2,0,0
0x50aab1,50%,2,2,4,2,0,2,0
0x8e9365,50%,2,2,4,2,2,0,0
0xa2ed1c,96.875%,2,62,64,0,0,2,62
0x8ef9d6,99.5565%,2,449,451,449,2,0,0
0x50acd6,83.3333%,2,10,12,0,0,2,10
0x50e40c,50%,2,2,4,0,2,0,2
0xa53a67,0%,2,0,2,0,2,0,0
0x5f95ee,75%,2,6,8,0,0,2,6
0x806944,91.6667%,2,22,24,22,2,0,0
0x4b9a9e,50%,2,2,4,0,0,2,2
0x50a844,98.0198%,2,99,101,0,1,1,99
0x555d42,94.7368%,2,36,38,36,2,0,0
0x786111,0%,2,0,2,0,2,0,0
0x5bd77f,98.3193%,2,117,119,0,0,2,117
0x502918,97.9381%,2,95,97,0,0,2,95
0x806914,83.3333%,2,10,12,0,0,2,10
0x7ace35,0%,2,0,2,0,2,0,0
0x805200,0%,2,0,2,0,2,0,0
0x503cff,96.1538%,2,50,52,0,0,2,50
0x50aef6,66.6667%,2,4,6,0,0,2,4
0x8d42dc,83.3333%,2,10,12,0,0,2,10
0x50af25,66.6667%,2,4,6,4,2,0,0
0x80b856,94.1176%,2,32,34,32,2,0,0
0x9745b6,0%,2,0,2,0,0,2,0
0x40a943,33.3333%,2,1,3,1,0,2,0
0xa65002,50%,2,2,4,0,0,2,2
0x5f1433,95%,2,38,40,0,0,2,38
0x4099e7,89.4737%,2,17,19,0,0,2,17
0x50a627,85.7143%,2,12,14,0,0,2,12
0x81fc1c,99.3808%,2,321,323,0,0,2,321
0x441dfd,81.8182%,2,9,11,0,0,2,9
0xa077af,0%,2,0,2,0,0,2,0
0x81fb3d,99.3808%,2,321,323,0,0,2,321
0x5b0574,0%,2,0,2,0,2,0,0
0x8f2f13,99.1071%,2,222,224,222,0,2,0
0x505800,97.8495%,2,91,93,0,0,2,91
0x8ec591,98.1132%,2,104,106,104,0,2,0
0x8ec57c,98.1132%,2,104,106,104,2,0,0
0x5ae66c,50%,2,2,4,0,2,0,2
0x504d47,0%,2,0,2,0,0,2,0
0x97117d,60%,2,3,5,0,0,2,3
0x50a7a9,96.0784%,2,49,51,49,2,0,0
0x9846ec,50%,2,2,4,2,2,0,0
0x5be18f,99.8789%,2,1650,1652,0,0,2,1650
0x7bae7d,0%,2,0,2,0,0,2,0
0xa2e22f,0%,2,0,2,0,2,0,0
0x9ed31a,92.5926%,2,25,27,0,0,2,25
0x504162,96.7742%,2,60,62,0,0,2,60
0xa0689c,0%,2,0,2,0,2,0,0
0xa06991,0%,2,0,2,0,0,2,0
0xa2e7b4,97.6471%,2,83,85,0,0,2,83
0x50e835,85.7143%,2,12,14,0,0,2,12
0x50eeaa,97.6471%,2,83,85,1,1,1,82
0x5904ba,0%,2,0,2,0,0,2,0
0x8bb2b0,0%,2,0,2,0,2,0,0
0xa06a2f,0%,2,0,2,0,0,2,0
0x9ff72c,0%,2,0,2,0,2,0,0
0x8fcc90,99.4253%,2,346,348,0,0,2,346
0x5f32c8,0%,2,0,2,0,0,2,0
0x9f5b86,75%,2,6,8,0,0,2,6
0x6750f2,33.3333%,2,1,3,0,0,2,1
0x53e344,99.9365%,2,3146,3148,0,0,2,3146
0x80f742,0%,2,0,2,0,2,0,0
0xa2d698,99.2933%,2,281,283,0,0,2,281
0xa0672d,0%,2,0,2,0,2,0,0
0x5a9716,33.3333%,2,1,3,1,2,0,0
0x8d293d,98.4848%,2,130,132,0,0,2,130
0x5dae4d,50%,2,2,4,2,2,0,0
0x49b297,0%,2,0,2,0,0,2,0
0xa36b4d,80%,2,8,10,0,0,2,8
0x4a7d2c,99.2701%,2,272,274,272,1,1,0
0x49af47,98.6577%,2,147,149,0,0,2,147
0x404eff,91.6667%,2,22,24,0,0,2,22
0x4ac191,98.8372%,2,170,172,0,0,2,170
0x804dff,0%,2,0,2,0,0,2,0
0x9a10d1,86.6667%,2,13,15,0,0,2,13
0x547366,96.7213%,2,59,61,0,0,2,59
0x409369,0%,2,0,2,0,0,2,0
0x8d24ff,97.561%,2,80,82,80,2,0,0
0x5c33cc,99.095%,2,219,221,219,2,0,0
0xa96322,0%,2,0,2,0,2,0,0
0x590c07,81.8182%,2,9,11,5,0,2,4
0x7f0647,0%,2,0,2,0,2,0,0
0x5bc06a,0%,2,0,2,0,0,2,0
0x660f8a,0%,2,0,2,0,2,0,0
0x5bc0d1,0%,2,0,2,0,2,0,0
0x50319b,0%,2,0,2,0,2,0,0
0x5f4b81,71.4286%,2,5,7,5,2,0,0
0x8f4bbe,83.3333%,2,10,12,4,2,0,6
0x5468d8,0%,2,0,2,0,2,0,0
0x50ccbf,99.1416%,2,231,233,0,0,2,231
0x5bc358,98.3193%,2,117,119,0,0,2,117
0xa2b343,0%,2,0,2,0,0,2,0
0x9eaa66,0%,2,0,2,0,2,0,0
0x501666,99.8014%,2,1005,1007,0,0,2,1005
0x50d5a1,98.7578%,2,159,161,0,0,2,159
0xa2dbc8,50%,2,2,4,0,0,2,2
0x80b9a6,0%,2,0,2,0,0,2,0
0x8dc403,50%,2,2,4,0,0,2,2
0xa54094,90.9091%,2,20,22,20,2,0,0
0x533bd9,77.7778%,2,7,9,7,2,0,0
0x8a97e6,99.9847%,2,13050,13052,0,0,2,13050
0x60e520,97.5309%,2,79,81,0,0,2,79
0x50ce24,98.3333%,2,118,120,0,0,2,118
0xa2e08c,99.1968%,2,247,249,0,0,2,247
0x8dc420,50%,2,2,4,2,2,0,0
0xa0881b,75%,2,6,8,3,1,1,3
0x9ed1db,66.6667%,2,4,6,0,0,2,4
0x782699,99.095%,2,219,221,0,0,2,219
0x508bc1,99.6248%,2,531,533,531,2,0,0
0x9a6358,85.7143%,2,12,14,0,0,2,12
0x971193,60%,2,3,5,0,0,2,3
0xacabd1,92.8571%,2,26,28,26,2,0,0
0x5070f8,99.6516%,2,572,574,0,0,2,572
0x4b9526,0%,2,0,2,0,2,0,0
0x505413,99.7297%,2,738,740,738,2,0,0
0x8a70d9,96.4286%,2,54,56,54,2,0,0
0x9e155a,0%,2,0,2,0,2,0,0
0x5bd12e,95.4545%,2,42,44,0,0,2,42
0x64c2a6,96.2264%,2,51,53,51,2,0,0
0x557abe,96.9231%,2,63,65,59,1,1,4
0x8e9949,75%,2,6,8,0,2,0,6
0xa2f6af,60%,2,3,5,0,0,2,3
0x7b838d,0%,2,0,2,0,2,0,0
0x8df87e,50%,2,2,4,2,2,0,0
0x8df6b4,0%,2,0,2,0,0,2,0
0x53402f,0%,2,0,2,0,0,2,0
0x4bb750,0%,2,0,2,0,2,0,0
0x8ff71e,71.4286%,2,5,7,0,0,2,5
0xa4b9ba,50%,2,2,4,2,0,2,0
0x49ce4a,75%,2,6,8,6,2,0,0
0x7d1fe3,99.6396%,2,553,555,553,2,0,0
0x5f26fd,0%,2,0,2,0,2,0,0
0x541b95,99.5506%,2,443,445,0,0,2,443
0x40bae6,98.6667%,2,148,150,0,0,2,148
0x59aadb,0%,2,0,2,0,2,0,0
0xa4a860,0%,2,0,2,0,0,2,0
0xa07643,66.6667%,2,4,6,1,0,2,3
0xa08057,50%,2,2,4,0,0,2,2
0x508887,81.8182%,2,9,11,0,0,2,9
0xa32532,50%,2,2,4,1,1,1,1
0x5f86ce,97.4359%,2,76,78,0,1,1,76
0xace0ea,0%,2,0,2,0,0,2,0
0xa97dda,94.5946%,2,35,37,0,0,2,35
0xa4f7b0,88.8889%,2,16,18,0,2,0,16
0x4b6c16,77.7778%,2,7,9,0,0,2,7
0xa4a30c,88.8889%,2,16,18,0,0,2,16
0x65c320,96.9231%,2,63,65,0,2,0,63
0xace075,0%,2,0,2,0,2,0,0
0x9f2a8a,60%,2,3,5,3,2,0,0
0x9eeedc,66.6667%,2,4,6,0,0,2,4
0xacda63,0%,2,0,2,0,2,0,0
0x51b69e,75%,2,6,8,0,1,1,6
0x649263,0%,2,0,2,0,2,0,0
0x9e0548,96.5517%,2,56,58,0,0,2,56
0x804057,33.3333%,2,1,3,0,0,2,1
0x667556,0%,2,0,2,0,0,2,0
0x4a9a07,0%,2,0,2,0,2,0,0
0x4419fd,81.8182%,2,9,11,0,0,2,9
0xace035,0%,2,0,2,0,2,0,0
0x593537,0%,2,0,2,0,0,2,0
0x50b419,50%,2,2,4,0,0,2,2
0x49d7c3,97.8495%,2,91,93,0,0,2,91
0x9be9bb,0%,2,0,2,0,2,0,0
0x50b5f5,50%,2,2,4,0,0,2,2
0xacd94f,0%,2,0,2,0,2,0,0
0xace0b8,0%,2,0,2,0,0,2,0
0x9f0138,0%,2,0,2,0,2,0,0
0xa07a8a,96.1538%,2,50,52,0,2,0,50
0xa4b6d8,99.1561%,2,235,237,0,0,2,235
0xa1baf0,50%,2,2,4,0,1,1,2
0x501cb7,60%,2,3,5,3,2,0,0
0x666109,33.3333%,2,1,3,0,2,0,1
0xb30706,60%,2,3,5,0,0,2,3
0xace0fb,0%,2,0,2,0,2,0,0
0x9a0a43,92.8571%,2,26,28,0,0,2,26
0x8e1065,50%,2,2,4,2,2,0,0
0x8ee10f,75%,2,6,8,6,2,0,0
0x494a3d,0%,2,0,2,0,0,2,0
0x9ed916,96.875%,2,62,64,0,0,2,62
0x50a6fb,97.1429%,2,68,70,0,0,2,68
0x8f1a3d,75%,2,6,8,0,0,2,6
0x9ede19,98.5507%,2,136,138,136,2,0,0
0xa3bcc8,0%,2,0,2,0,2,0,0
0x8f1833,99.005%,2,199,201,0,2,0,199
0xa91ef5,50%,2,2,4,2,2,0,0
0x5e5cde,33.3333%,2,1,3,0,0,2,1
0x5011ac,99.8957%,2,1916,1918,0,0,2,1916
0x95ad2f,50%,2,2,4,0,0,2,2
0x95c509,83.3333%,2,10,12,10,2,0,0
0x9bda33,96.6102%,2,57,59,0,0,2,57
0x40ab16,95.2381%,2,40,42,0,0,2,40
0x50505f,97.1429%,2,68,70,68,2,0,0
0x50b981,98.5185%,2,133,135,0,0,2,133
0x441a05,81.8182%,2,9,11,9,2,0,0
0x5bbfda,0%,2,0,2,0,2,0,0
0x8212b0,0%,2,0,2,0,0,2,0
0xa00257,77.7778%,2,7,9,7,2,0,0
0xa557e7,66.6667%,2,4,6,1,1,1,3
0x9e5262,81.8182%,2,9,11,0,0,2,9
0x49b187,0%,2,0,2,0,0,2,0
0x60e670,94.7368%,2,36,38,0,0,2,36
0x5960f2,84.6154%,2,11,13,0,0,2,11
0xa08099,50%,2,2,4,2,2,0,0
0xa31230,97.6471%,2,83,85,0,0,2,83
0x94479e,98.3051%,2,116,118,0,0,2,116
0x7acd6a,0%,2,0,2,0,0,2,0
0xa15dca,75%,2,6,8,0,0,2,6
0x505052,97.1429%,2,68,70,0,0,2,68
0xa07977,66.6667%,2,4,6,3,2,0,1
0x5f0996,99.3243%,2,294,296,0,0,2,294
0x73d7ef,66.6667%,2,4,6,1,1,1,3
0x9439f2,60%,2,3,5,0,0,2,3
0xa073cc,50%,2,2,4,0,2,0,2
0x501f94,96.3636%,2,53,55,0,0,2,53
0x489958,75%,2,6,8,6,2,0,0
0x7c6841,0%,2,0,2,0,0,2,0
0x5bcabb,99.7809%,2,911,913,0,0,2,911
0x49cd29,60%,2,3,5,0,0,2,3
0x491468,98.7342%,2,156,158,0,0,2,156
0x8ec45c,0%,2,0,2,0,2,0,0
0x8ec4dc,0%,2,0,2,0,0,2,0
0x991498,0%,2,0,2,0,2,0,0
0x8f6cc2,95.5556%,2,43,45,0,0,2,43
0x4c81b7,90.9091%,2,20,22,0,0,2,20
0x7c66e2,75%,2,6,8,0,0,2,6
0x8fc53c,85.7143%,2,12,14,12,2,0,0
0x409466,50%,2,2,4,0,2,0,2
0x8a8e02,0%,2,0,2,0,0,2,0
0x4aaed3,81.8182%,2,9,11,9,2,0,0
0x4094c1,0%,2,0,2,0,0,2,0
0x8170b0,0%,2,0,2,0,2,0,0
0x671302,0%,2,0,2,0,2,0,0
0x9d0d58,90.9091%,2,20,22,20,2,0,0
0x983bbd,0%,2,0,2,0,2,0,0
0xb2303e,98.7013%,2,152,154,152,2,0,0
0x9f9930,92%,2,23,25,0,0,2,23
0xb23001,98.7013%,2,152,154,152,2,0,0
0xa06afd,0%,2,0,2,0,2,0,0
0xacd83f,0%,2,0,2,0,2,0,0
0x4b6288,98.75%,2,158,160,3,2,0,155
0x8def65,87.5%,2,14,16,14,2,0,0
0x9735ff,77.7778%,2,7,9,0,0,2,7
0xa0800f,50%,2,2,4,2,0,2,0
0x66647f,93.3333%,2,28,30,0,0,2,28
0xa07f50,96.3636%,2,53,55,53,1,1,0
0x94a0c6,99.0338%,2,205,207,205,2,0,0
0xa08070,50%,2,2,4,0,0,2,2
0xa28222,33.3333%,2,1,3,0,0,2,1
0x8e36a3,75%,2,6,8,4,0,2,2
0x49c23e,50%,2,2,4,2,2,0,0
0xb24657,99.9832%,2,11897,11899,0,0,2,11897
0x49b293,87.5%,2,14,16,14,0,2,0
0xb28b64,99.929%,2,2816,2818,0,0,2,2816
0x5f6112,0%,2,0,2,0,0,2,0
0x9447b0,98.3051%,2,116,118,0,0,2,116
0x404954,88.2353%,2,15,17,6,2,0,9
0x9e00e4,99.8138%,2,1072,1074,0,0,2,1072
0x9f738c,85.7143%,2,12,14,12,2,0,0
0x5f9205,77.7778%,2,7,9,0,0,2,7
0x48d729,90.4762%,2,19,21,1,0,2,18
0x50f0f0,97.7273%,2,86,88,86,2,0,0
0x481c92,77.7778%,2,7,9,7,2,0,0
0x9d0947,96.0784%,2,49,51,49,2,0,0
0x8e1fdc,99.0654%,2,212,214,0,0,2,212
0x838f8e,90%,2,18,20,0,2,0,18
0x7c7551,66.6667%,2,4,6,4,2,0,0
0x4bb80f,88.8889%,2,16,18,0,0,2,16
0x816f18,0%,2,0,2,0,0,2,0
0x973ac6,80%,2,8,10,8,2,0,0
0x8fdd21,95.8333%,2,46,48,0,0,2,46
0x8fdd18,95.8333%,2,46,48,0,0,2,46
0x649409,0%,2,0,2,0,0,2,0
0x8ff2c6,96.875%,2,62,64,0,0,2,62
0x83a938,33.3333%,2,1,3,1,2,0,0
0x918b50,99%,2,198,200,198,2,0,0
0x63d73d,98.5816%,2,139,141,139,2,0,0
0x4ca089,75%,2,6,8,6,0,2,0
0xa464aa,80%,2,8,10,0,0,2,8
0x80ca78,99.2908%,2,280,282,0,0,2,280
0xa99fb3,0%,2,0,2,0,2,0,0
0x63c8aa,99.4778%,2,381,383,381,2,0,0
0x817066,0%,2,0,2,0,0,2,0
0x9e10fb,93.1034%,2,27,29,0,0,2,27
0x494b28,0%,2,0,2,0,2,0,0
0xa9ec17,50%,2,2,4,2,2,0,0
0x555fc9,33.3333%,2,1,3,0,0,2,1
0x502051,91.6667%,2,22,24,22,2,0,0
0x682380,94.1176%,2,32,34,0,0,2,32
0x9089cb,99.7919%,2,959,961,959,2,0,0
0x5034dc,0%,2,0,2,0,0,2,0
0x63fb92,99.8923%,2,1855,1857,0,0,2,1855
0x5034b2,0%,2,0,2,0,0,2,0
0x503491,0%,2,0,2,0,2,0,0
0x81b13c,93.75%,2,30,32,0,0,2,30
0x90ed05,99.6923%,2,648,650,0,0,2,648
0x9d0baf,96.0784%,2,49,51,0,0,2,49
0x503449,0%,2,0,2,0,0,2,0
0xaa81e5,60%,2,3,5,0,0,2,3
0x9a485a,75%,2,6,8,4,0,2,2
0xa2b311,0%,2,0,2,0,2,0,0
0x506ad5,0%,2,0,2,0,0,2,0
0x9d0b9d,96.0784%,2,49,51,0,0,2,49
0x5ebee5,85.7143%,2,12,14,0,0,2,12
0xa984e4,50%,2,2,4,2,2,0,0
0x94446d,0%,2,0,2,0,2,0,0
0x666c62,0%,2,0,2,0,2,0,0
0x943cff,75%,2,6,8,0,0,2,6
0x9a80b1,97.7778%,2,88,90,0,0,2,88
0x9abe6e,98.8889%,2,178,180,0,0,2,178
0x6ccfdd,66.6667%,2,4,6,0,0,2,4
0x6411a7,0%,2,0,2,0,2,0,0
0x9e02ea,91.6667%,2,22,24,22,2,0,0
0x619ada,60%,2,3,5,0,0,2,3
0x503585,0%,2,0,2,0,2,0,0
0x9d32cf,96.3636%,2,53,55,0,0,2,53
0x59f59a,50%,2,2,4,0,0,2,2
0xa1a056,92.5926%,2,25,27,0,2,0,25
0x8fdb79,77.7778%,2,7,9,0,0,2,7
0xa4a322,88.8889%,2,16,18,16,2,0,0
0x622994,80%,2,8,10,0,0,2,8
0xa55e95,90.9091%,2,20,22,0,0,2,20
0x402e7c,94.1176%,2,32,34,0,0,2,32
0xa2fdd8,98.1982%,2,109,111,109,2,0,0
0x90e55b,99.6683%,2,601,603,601,2,0,0
0x811809,0%,2,0,2,0,0,2,0
0x838b0b,66.6667%,2,4,6,2,0,2,2
0x837f38,50%,2,2,4,2,2,0,0
0x81fd5b,95.8333%,2,46,48,0,0,2,46
0xa96296,75%,2,6,8,0,0,2,6
0x9e21ea,98.0769%,2,102,104,0,0,2,102
0x53380d,71.4286%,2,5,7,0,0,2,5
0x90e83a,93.3333%,2,28,30,0,0,2,28
0xa97e48,86.6667%,2,13,15,0,0,2,13
0x5fa2b1,99.2095%,2,251,253,251,2,0,0
0x838b2c,33.3333%,2,1,3,1,0,2,0
0x5baa43,99.8955%,2,1912,1914,1912,2,0,0
0xa44015,96.875%,2,62,64,62,2,0,0
0x80c4c8,60%,2,3,5,0,2,0,3
0xa4a57d,75%,2,6,8,0,0,2,6
0x9ecb29,60%,2,3,5,3,2,0,0
0x83812d,60%,2,3,5,0,0,2,3
0x837a2a,90%,2,18,20,4,0,2,14
0x4aaf09,81.8182%,2,9,11,0,0,2,9
0x6a3ad8,94.7368%,2,36,38,24,2,0,12
0x9ecd88,80%,2,8,10,8,2,0,0
0x4103da,91.6667%,2,22,24,20,2,0,2
0xa47380,88.8889%,2,16,18,0,0,2,16
0x59169e,33.3333%,2,1,3,1,2,0,0
0x4bd144,75%,2,6,8,0,1,1,6
0x4b49fd,80%,2,8,10,0,2,0,8
0xa4469c,96.1538%,2,50,52,50,2,0,0
0x78f640,85.7143%,2,12,14,0,0,2,12
0xa98406,0%,2,0,2,0,2,0,0
0x8bf1a8,0%,2,0,2,0,2,0,0
0x4a21c3,75%,2,6,8,6,2,0,0
0x5fea81,91.6667%,2,22,24,15,0,2,7
0x681e6d,66.6667%,2,4,6,4,2,0,0
0xa9749e,94.8718%,2,37,39,0,0,2,37
0xa086a3,50%,2,2,4,0,0,2,2
0x971002,60%,2,3,5,3,2,0,0
0x80411e,96.6667%,2,58,60,0,0,2,58
0x8f637e,83.3333%,2,10,12,0,0,2,10
0x4a1e62,50%,2,2,4,0,0,2,2
0xa92cb7,75%,2,6,8,6,2,0,0
0x8f1d81,95.8333%,2,46,48,0,0,2,46
0x6a3a6b,92.3077%,2,24,26,0,0,2,24
0xa9c730,98.5915%,2,140,142,0,0,2,140
0x49beb4,0%,2,0,2,0,2,0,0
0x9be535,0%,2,0,2,0,0,2,0
0x8ebb21,99.5893%,2,485,487,0,0,2,485
0xa9d2cc,90.9091%,2,20,22,20,2,0,0
0x919192,99%,2,198,200,198,2,0,0
0x539743,50%,2,2,4,0,0,2,2
0x7c7455,66.6667%,2,4,6,4,2,0,0
0x838965,50%,2,2,4,0,0,2,2
0x789f3b,75%,2,6,8,4,0,2,2
0x5a89d0,0%,2,0,2,0,2,0,0
0x90e2fd,99.6683%,2,601,603,0,0,2,601
0x5f8357,92.5926%,2,25,27,0,0,2,25
0x686820,98.7421%,2,157,159,0,0,2,157
0xa4a1d0,96.8254%,2,61,63,0,0,2,61
0x4ba486,99.3902%,2,326,328,0,0,2,326
0x9027a2,94.8718%,2,37,39,0,0,2,37
0xa92a31,66.6667%,2,4,6,0,0,2,4
0x90278c,96.0784%,2,49,51,0,0,2,49
0x8bd726,90%,2,18,20,18,2,0,0
0x4b9f22,99.1525%,2,234,236,3,1,1,231
0x49d076,33.3333%,2,1,3,0,1,1,1
0x724c87,0%,2,0,2,0,0,2,0
0x8ee2ff,95.5556%,2,43,45,0,0,2,43
0x4900e4,80%,2,8,10,0,0,2,8
0x8c825a,99.8942%,2,1888,1890,0,0,2,1888
0x8ad70d,0%,2,0,2,0,0,2,0
0xa5779b,85.7143%,2,12,14,0,0,2,12
0x812033,50%,2,2,4,0,0,2,2
0x8051f4,0%,2,0,2,0,0,2,0
0xa92f79,71.4286%,2,5,7,5,2,0,0
0x50fae8,80%,2,8,10,8,2,0,0
0x4bacd8,99.0826%,2,216,218,216,2,0,0
0xa3d29f,75%,2,6,8,6,2,0,0
0xa21b53,0%,2,0,2,0,1,1,0
0x9f6330,33.3333%,2,1,3,1,2,0,0
0xaa81c3,60%,2,3,5,0,0,2,3
0x99887c,0%,2,0,2,0,0,2,0
0x8ad7ee,0%,2,0,2,0,2,0,0
0x8062b1,0%,2,0,2,0,2,0,0
0xa8f87e,50%,2,2,4,1,0,2,1
0x811c86,96.3636%,2,53,55,53,2,0,0
0x8e5258,99.8687%,2,1521,1523,0,0,2,1521
0x6229cb,80%,2,8,10,0,0,2,8
0x4b4b74,99.2308%,2,258,260,0,0,2,258
0x5f3b92,33.3333%,2,1,3,1,2,0,0
0xa99d3b,81.8182%,2,9,11,0,0,2,9
0x4b902f,50%,2,2,4,2,2,0,0
0x4bf831,98.0769%,2,102,104,102,2,0,0
0x943a2f,0%,2,0,2,0,0,2,0
0x5a0774,0%,2,0,2,0,2,0,0
0x4aade9,95%,2,38,40,0,1,1,38
0xa97e0f,77.7778%,2,7,9,0,0,2,7
0x4ae54b,0%,2,0,2,0,2,0,0
0x8ec644,0%,2,0,2,0,2,0,0
0x5db631,50%,2,2,4,0,0,2,2
0x5d45e1,88.8889%,2,16,18,16,2,0,0
0x4b6003,98.1818%,2,108,110,108,1,1,0
0x555ef9,0%,2,0,2,0,0,2,0
0x50479c,71.4286%,2,5,7,5,2,0,0
0x50ca61,90%,2,18,20,0,0,2,18
0x723521,99.8617%,2,1444,1446,0,0,2,1444
0x97a12b,0%,2,0,2,0,2,0,0
0x90bb70,90.9091%,2,20,22,20,2,0,0
0x9f7fa6,85.7143%,2,12,14,12,2,0,0
0x8a3116,0%,2,0,2,0,0,2,0
0x8eb7dc,99.9298%,2,2847,2849,0,0,2,2847
0x619a44,90%,2,18,20,0,0,2,18
0x69768f,92.8571%,2,26,28,0,0,2,26
0x543a9e,95.5556%,2,43,45,0,0,2,43
0x5d3b75,50%,2,2,4,0,0,2,2
0x5fc2a5,98.2759%,2,114,116,0,0,2,114
0x4b5f7f,50%,2,2,4,0,0,2,2
0x5d3144,50%,2,2,4,2,2,0,0
0x5d2f9b,50%,2,2,4,0,0,2,2
0x619aa8,86.6667%,2,13,15,10,0,2,3
0x476e8c,90%,2,18,20,18,2,0,0
0x4b4c85,0%,2,0,2,0,0,2,0
0x5f9246,71.4286%,2,5,7,0,0,2,5
0x819e2e,87.5%,2,14,16,14,2,0,0
0xa99478,33.3333%,2,1,3,0,0,2,1
0x649413,0%,2,0,2,0,0,2,0
0xa0a66b,0%,2,0,2,0,2,0,0
0x977043,75%,2,6,8,0,2,0,6
0x504d26,0%,2,0,2,0,2,0,0
0xaab78b,97.9798%,2,97,99,0,0,2,97
0x70c1e0,66.6667%,2,4,6,4,2,0,0
0x70c21c,66.6667%,2,4,6,0,0,2,4
0xad456a,60%,2,3,5,0,0,2,3
0x81218a,50%,2,2,4,2,0,2,0
0x5f9250,71.4286%,2,5,7,4,0,2,1
0x9f40f1,33.3333%,2,1,3,1,2,0,0
0x4b5f56,75%,2,6,8,0,0,2,6
0x4a25b8,66.6667%,2,4,6,0,2,0,4
0x7229e8,99.4135%,2,339,341,0,2,0,339
0x5f7614,0%,2,0,2,0,0,2,0
0x94ca90,96.875%,2,62,64,0,0,2,62
0x7f376d,86.6667%,2,13,15,0,0,2,13
0x50fe3e,0%,2,0,2,0,0,2,0
0x5bc37e,91.3043%,2,21,23,0,0,2,21
0x81bb0e,99.6161%,2,519,521,0,0,2,519
0xa55b55,0%,2,0,2,0,0,2,0
0x99ed34,86.6667%,2,13,15,13,0,2,0
0x5b4aac,0%,2,0,2,0,2,0,0
0x8e9a33,0%,2,0,2,0,0,2,0
0xad456f,60%,2,3,5,3,2,0,0
0xb49721,85.7143%,2,12,14,0,0,2,12
0x511dcf,99.4792%,2,382,384,0,0,2,382
0x677d7f,99.6241%,2,530,532,0,0,2,530
0xa6b8e1,50%,2,2,4,0,0,2,2
0x9a9ed4,92.3077%,2,24,26,24,2,0,0
0x4b4906,99.4609%,2,369,371,0,0,2,369
0x6f558f,98.8439%,2,171,173,0,0,2,171
0x4b48f6,97.1831%,2,69,71,0,0,2,69
0x9be9b6,0%,2,0,2,0,0,2,0
0x6229d4,80%,2,8,10,8,2,0,0
0x67b59e,99.8885%,2,1792,1794,1792,2,0,0
0x53c46d,98.4848%,2,130,132,0,0,2,130
0x5af6ce,77.7778%,2,7,9,0,0,2,7
0x51afea,99.2308%,2,258,260,0,0,2,258
0x90c899,97.4359%,2,76,78,0,0,2,76
0x94ee6f,93.3333%,2,28,30,28,2,0,0
0x5ef962,97.5904%,2,81,83,81,2,0,0
0x812118,0%,2,0,2,0,2,0,0
0x803db5,0%,2,0,2,0,0,2,0
0x66f65f,33.3333%,2,1,3,1,0,2,0
0xa9a124,60%,2,3,5,0,0,2,3
0xa9a0f2,60%,2,3,5,3,2,0,0
0xa379ca,80%,2,8,10,0,0,2,8
0x482e8b,89.4737%,2,17,19,17,2,0,0
0xa9ceff,89.4737%,2,17,19,0,0,2,17
0xa9988b,60%,2,3,5,3,2,0,0
0x81b812,83.3333%,2,10,12,0,0,2,10
0x9eee5e,92.3077%,2,24,26,0,0,2,24
0xa9bcb6,80%,2,8,10,8,2,0,0
0x8f63aa,0%,2,0,2,0,2,0,0
0x4a9b4c,33.3333%,2,1,3,1,0,2,0
0x81628f,0%,2,0,2,0,0,2,0
0xa63a17,50%,2,2,4,0,0,2,2
0x5446eb,0%,2,0,2,0,0,2,0
0xa4a876,0%,2,0,2,0,0,2,0
0x9ab5de,98.5612%,2,137,139,0,0,2,137
0x8038a3,0%,2,0,2,0,0,2,0
0x9ed44a,98.6667%,2,148,150,0,0,2,148
0xa073ec,0%,2,0,2,0,2,0,0
0x540926,83.3333%,2,10,12,10,2,0,0
0x9ed41d,99.2337%,2,259,261,0,0,2,259
0x4822d3,77.7778%,2,7,9,7,2,0,0
0x672ca0,0%,2,0,2,0,0,2,0
0x9ede75,0%,2,0,2,0,0,2,0
0x670db4,0%,2,0,2,0,0,2,0
0x50c9e2,99.5455%,2,438,440,438,2,0,0
0x8139df,84.6154%,2,11,13,11,2,0,0
0x816557,96.1538%,2,50,52,0,0,2,50
0x8adca2,90.9091%,2,20,22,20,2,0,0
0x5336cb,77.7778%,2,7,9,0,0,2,7
0xaa03ef,94.7368%,2,36,38,0,0,2,36
0x533975,0%,2,0,2,0,0,2,0
0x538fda,81.8182%,2,9,11,9,2,0,0
0x670aa5,0%,2,0,2,0,2,0,0
0x9a11a0,97.5309%,2,79,81,0,0,2,79
0x838aa8,66.6667%,2,4,6,2,1,1,2
0x8061c4,0%,2,0,2,0,2,0,0
0x67c172,91.6667%,2,22,24,0,0,2,22
0x977442,88.8889%,2,16,18,6,0,2,10
0x835ead,0%,2,0,2,0,2,0,0
0xa06f6a,77.7778%,2,7,9,7,2,0,0
0x943cf3,80%,2,8,10,0,2,0,8
0x838a70,0%,2,0,2,0,1,1,0
0x6753b5,50%,2,2,4,0,1,1,2
0x61141f,97.2603%,2,71,73,0,0,2,71
0x66fcd0,89.4737%,2,17,19,0,0,2,17
0x9f226d,97.5309%,2,79,81,79,0,2,0
0x70e933,0%,2,0,2,0,2,0,0
0x538b9e,81.8182%,2,9,11,6,1,1,3
0x8a95a4,83.3333%,2,10,12,0,0,2,10
0x6722dc,0%,2,0,2,0,0,2,0
0x6722ed,0%,2,0,2,0,2,0,0
0x40466a,0%,2,0,2,0,2,0,0
0xa63a97,50%,2,2,4,2,2,0,0
0x48c332,71.4286%,2,5,7,5,2,0,0
0xa160a3,83.3333%,2,10,12,10,2,0,0
0x67f3b8,0%,2,0,2,0,2,0,0
0xa2fce4,95.3488%,2,41,43,0,0,2,41
0xa073e6,0%,2,0,2,0,0,2,0
0x49af85,98.6577%,2,147,149,0,0,2,147
0x554797,96.8254%,2,61,63,61,2,0,0
0xa4a8cb,0%,2,0,2,0,2,0,0
0x672a85,0%,2,0,2,0,0,2,0
0xa05a3b,96.5517%,2,56,58,0,0,2,56
0xa4ca47,50%,2,2,4,0,0,2,2
0x5916ee,33.3333%,2,1,3,0,0,2,1
0x78d154,0%,2,0,2,0,0,2,0
0x671b6f,0%,2,0,2,0,2,0,0
0x67f40d,0%,2,0,2,0,0,2,0
0x90c889,97.4359%,2,76,78,0,0,2,76
0x671b64,0%,2,0,2,0,0,2,0
0x67187b,0%,2,0,2,0,2,0,0
0x9aae6d,95.6522%,2,44,46,0,0,2,44
0x4ac669,86.6667%,2,13,15,13,2,0,0
0x6712f0,0%,2,0,2,0,0,2,0
0xa9103b,99.0099%,2,200,202,0,0,2,200
0x78d290,0%,2,0,2,0,2,0,0
0x9772b3,75%,2,6,8,0,2,0,6
0x544b81,96.4912%,2,55,57,0,0,2,55
0x9ea1af,0%,2,0,2,0,2,0,0
0x9ea1db,0%,2,0,2,0,2,0,0
0x40ea3a,99.3769%,2,319,321,3,1,1,316
0x812149,50%,2,2,4,2,2,0,0
0x4946c3,50%,2,2,4,2,0,2,0
0x837946,95.5556%,2,43,45,0,0,2,43
0xa264d2,0%,2,0,2,0,0,2,0
0xa4ed19,98.5507%,2,136,138,0,0,2,136
0x837967,98.8636%,2,174,176,0,0,2,174
0x837996,98.0769%,2,102,104,0,0,2,102
0x5f2888,60%,2,3,5,0,2,0,3
0x8ee93a,33.3333%,2,1,3,0,0,2,1
0xa442cf,95.9184%,2,47,49,47,2,0,0
0x8379dc,95.8333%,2,46,48,2,2,0,44
0x55761e,0%,2,0,2,0,2,0,0
0x983f92,96.875%,2,62,64,0,0,2,62
0xa08415,75%,2,6,8,0,1,1,6
0x5cd631,33.3333%,2,1,3,0,0,2,1
0x5b2b94,0%,2,0,2,0,2,0,0
0x66f7aa,89.4737%,2,17,19,0,0,2,17
0x9d1cba,97.1831%,2,69,71,0,0,2,69
0x557ac8,60%,2,3,5,0,2,0,3
0x66f6e9,89.4737%,2,17,19,17,1,1,0
0x835ec9,0%,2,0,2,0,2,0,0
0x837d36,98.4252%,2,125,127,125,2,0,0
0xa58c1d,93.1034%,2,27,29,27,2,0,0
0x4a97f9,50%,2,2,4,0,0,2,2
0x670682,33.3333%,2,1,3,0,0,2,1
0x4aad74,93.3333%,2,28,30,28,2,0,0
0x8a6083,0%,2,0,2,0,0,2,0
0x40ecb4,99.2754%,2,274,276,274,2,0,0
0xa05c2f,93.1034%,2,27,29,0,0,2,27
0xa4d58b,98.7654%,2,160,162,0,2,0,160
0x670a4d,89.4737%,2,17,19,0,0,2,17
0xa8ee6d,85.7143%,2,12,14,0,0,2,12
0x819aac,94.1176%,2,32,34,0,0,2,32
0xa60c07,60%,2,3,5,3,2,0,0
0x5fef2b,95.8333%,2,46,48,46,2,0,0
0x838a94,66.6667%,2,4,6,0,1,1,4
0xa4a7c3,0%,2,0,2,0,2,0,0
0x8d97ac,75%,2,6,8,6,2,0,0
0x5b574e,50%,1,1,2,1,1,0,0
0xa92327,75%,1,3,4,0,0,1,3
0xa3aba0,75%,1,3,4,0,0,1,3
0xa067c5,50%,1,1,2,1,1,0,0
0xa7a1d9,99.4286%,1,174,175,0,0,1,174
0x7efa39,50%,1,1,2,1,1,0,0
0x9f63ee,0%,1,0,1,0,0,1,0
0x9810d8,98.6486%,1,73,74,73,1,0,0
0x9e3866,99.7126%,1,347,348,0,0,1,347
0xa89549,98.7952%,1,82,83,0,0,1,82
0x9e3950,99.6753%,1,307,308,0,0,1,307
0xa37a8e,90%,1,9,10,2,1,0,7
0x943894,97.7778%,1,44,45,0,0,1,44
0x4951b8,0%,1,0,1,0,0,1,0
0x7b00c4,87.5%,1,7,8,0,0,1,7
0xa21b45,50%,1,1,2,0,0,1,1
0x821bcd,0%,1,0,1,0,1,0,0
0x675632,0%,1,0,1,0,0,1,0
0x6755c9,0%,1,0,1,0,0,1,0
0x5f0818,99.6732%,1,305,306,305,1,0,0
0x675406,0%,1,0,1,0,0,1,0
0xa32a97,90.9091%,1,10,11,0,0,1,10
0x9e1097,96.5517%,1,28,29,0,0,1,28
0x7bae9b,50%,1,1,2,1,1,0,0
0x9f8298,0%,1,0,1,0,1,0,0
0x9f2a6b,80%,1,4,5,0,0,1,4
0x9843a8,87.5%,1,7,8,7,1,0,0
0xa0f366,83.3333%,1,5,6,0,0,1,5
0x8109d9,91.6667%,1,11,12,11,1,0,0
0x9f2b1c,80%,1,4,5,4,1,0,0
0x9f80f4,0%,1,0,1,0,1,0,0
0xa3625b,99.6633%,1,296,297,296,1,0,0
0xa079f3,85.7143%,1,6,7,1,0,1,5
0x9f81da,0%,1,0,1,0,1,0,0
0x9f811c,0%,1,0,1,0,1,0,0
0x5a6512,50%,1,1,2,1,0,1,0
0xa36010,99.6678%,1,300,301,0,0,1,300
0x80a6c0,50%,1,1,2,0,1,0,1
0x9d09a4,75%,1,3,4,0,0,1,3
0xaa8125,80%,1,4,5,4,1,0,0
0x6673d3,97.5%,1,39,40,0,0,1,39
0x50bd1b,50%,1,1,2,1,1,0,0
0x4952a0,0%,1,0,1,0,1,0,0
0x495297,0%,1,0,1,0,0,1,0
0x5f13ac,97.5%,1,39,40,0,0,1,39
0x67559a,0%,1,0,1,0,1,0,0
0x984929,75%,1,3,4,0,0,1,3
0xa07791,50%,1,1,2,0,0,1,1
0x9f691f,87.5%,1,7,8,7,1,0,0
0x495277,0%,1,0,1,0,1,0,0
0xa30cfa,94.7368%,1,18,19,0,0,1,18
0xa04fb3,80%,1,4,5,4,1,0,0
0x7860fd,50%,1,1,2,0,0,1,1
0x50dad0,75%,1,3,4,0,0,1,3
0x6755ee,0%,1,0,1,0,0,1,0
0x491e41,0%,1,0,1,0,1,0,0
0xa082d4,0%,1,0,1,0,1,0,0
0x6673ca,97.5%,1,39,40,0,0,1,39
0xa0800b,0%,1,0,1,0,1,0,0
0xa91892,94.1176%,1,16,17,16,1,0,0
0x491e34,0%,1,0,1,0,0,1,0
0x8e4bbf,99.9713%,1,3488,3489,0,0,1,3488
0xaa813f,80%,1,4,5,4,1,0,0
0x5f13c3,97.5%,1,39,40,0,0,1,39
0xa53a38,50%,1,1,2,0,0,1,1
0x7aee5e,83.3333%,1,5,6,0,0,1,5
0xa9ef3a,50%,1,1,2,0,0,1,1
0x78a600,50%,1,1,2,1,1,0,0
0x9f179e,97.5%,1,39,40,39,1,0,0
0x99291d,50%,1,1,2,0,0,1,1
0x7b8649,50%,1,1,2,1,1,0,0
0x79482f,83.3333%,1,5,6,5,1,0,0
0xa0799e,85.7143%,1,6,7,6,1,0,0
0x7930e3,50%,1,1,2,1,1,0,0
0x4915c1,0%,1,0,1,0,0,1,0
0xa2a876,0%,1,0,1,0,1,0,0
0x94c9bb,98.4375%,1,63,64,63,1,0,0
0x5b0463,97.9592%,1,48,49,0,0,1,48
0x508d6e,95.2381%,1,20,21,20,1,0,0
0x9f877a,66.6667%,1,2,3,2,1,0,0
0x9f80d6,66.6667%,1,2,3,2,0,1,0
0x9f81bc,66.6667%,1,2,3,1,1,0,1
0x8dff02,90%,1,9,10,9,1,0,0
0x80fa90,98.913%,1,91,92,91,1,0,0
0x8d279c,66.6667%,1,2,3,0,0,1,2
0xa0b8a4,0%,1,0,1,0,0,1,0
0x98485f,75%,1,3,4,0,0,1,3
0xa21f3c,50%,1,1,2,0,1,0,1
0xa316d5,50%,1,1,2,0,0,1,1
0x487845,0%,1,0,1,0,1,0,0
0x804c46,0%,1,0,1,0,1,0,0
0x403fd9,90%,1,9,10,0,0,1,9
0x66f4db,0%,1,0,1,0,1,0,0
0xa088fb,80%,1,4,5,0,0,1,4
0xa36aeb,90%,1,9,10,0,0,1,9
0x5efc78,0%,1,0,1,0,0,1,0
0x9e1aa3,87.5%,1,7,8,7,1,0,0
0x9e02da,95.8333%,1,23,24,0,0,1,23
0x96a10f,50%,1,1,2,0,0,1,1
0x620f68,80%,1,4,5,0,0,1,4
0x4c0282,98.5294%,1,67,68,67,1,0,0
0x7b637f,97.7778%,1,44,45,44,1,0,0
0x8bb28f,0%,1,0,1,0,0,1,0
0x5ae451,88.8889%,1,8,9,0,0,1,8
0x804be1,0%,1,0,1,0,1,0,0
0xa0854d,80%,1,4,5,0,0,1,4
0xa53730,87.5%,1,7,8,0,0,1,7
0x5a9414,98.1818%,1,54,55,0,0,1,54
0x4a62a0,66.6667%,1,2,3,0,1,0,2
0xa36405,85.7143%,1,6,7,0,0,1,6
0x9fb3ad,66.6667%,1,2,3,2,1,0,0
0x533f8d,50%,1,1,2,1,1,0,0
0x482579,88.8889%,1,8,9,8,1,0,0
0x485cee,66.6667%,1,2,3,0,0,1,2
0xaabe03,90.9091%,1,10,11,0,0,1,10
0x60c718,85.7143%,1,6,7,0,0,1,6
0xaa8f97,95.6522%,1,22,23,22,1,0,0
0x5571dd,95.6522%,1,22,23,19,1,0,3
0x40b451,50%,1,1,2,0,0,1,1
0xaa2402,97.0588%,1,33,34,0,0,1,33
0x5f138c,93.75%,1,15,16,0,0,1,15
0xaa2410,97.0588%,1,33,34,0,0,1,33
0xa08f59,83.3333%,1,5,6,5,1,0,0
0x480d8a,88.8889%,1,8,9,8,1,0,0
0xa0b9aa,66.6667%,1,2,3,0,0,1,2
0xaa25d0,95.4545%,1,21,22,0,0,1,21
0xa36dbc,90%,1,9,10,9,1,0,0
0xaa262c,90.9091%,1,10,11,0,0,1,10
0xa0b97a,66.6667%,1,2,3,2,0,1,0
0xa41fd2,99.654%,1,288,289,0,0,1,288
0x482a27,88.8889%,1,8,9,0,0,1,8
0x9f63d6,66.6667%,1,2,3,0,0,1,2
0x6228d5,90%,1,9,10,0,0,1,9
0xa0b938,0%,1,0,1,0,0,1,0
0x5f91c2,75%,1,3,4,3,1,0,0
0x980eee,87.5%,1,7,8,7,1,0,0
0x8066f9,80%,1,4,5,0,0,1,4
0xa33990,99.8195%,1,553,554,0,0,1,553
0xaad2ae,66.6667%,1,2,3,0,0,1,2
0x494e95,0%,1,0,1,0,1,0,0
0x675672,0%,1,0,1,0,0,1,0
0x4a65b6,66.6667%,1,2,3,0,0,1,2
0x8063fd,0%,1,0,1,0,1,0,0
0x50fe90,50%,1,1,2,0,0,1,1
0xa33f40,99.0826%,1,108,109,0,0,1,108
0xa05d12,50%,1,1,2,1,0,1,0
0xa6cb16,96.2963%,1,26,27,0,0,1,26
0x5bcf51,75%,1,3,4,1,1,0,2
0xa086df,75%,1,3,4,3,1,0,0
0xaad2c4,66.6667%,1,2,3,2,1,0,0
0x494e2c,0%,1,0,1,0,1,0,0
0xa0bdc7,85.7143%,1,6,7,1,1,0,5
0x506ec9,0%,1,0,1,0,1,0,0
0x49531e,0%,1,0,1,0,1,0,0
0x9d1dfe,83.3333%,1,5,6,0,1,0,5
0xa06a78,50%,1,1,2,1,1,0,0
0xa37953,90%,1,9,10,9,1,0,0
0xa0a5b0,50%,1,1,2,0,0,1,1
0x9f959d,99.0826%,1,108,109,108,1,0,0
0xa8a6ce,98.7952%,1,82,83,0,0,1,82
0x59fcbb,50%,1,1,2,0,1,0,1
0x5eef41,0%,1,0,1,0,1,0,0
0xa9453e,96.5517%,1,28,29,0,0,1,28
0x5b26c9,0%,1,0,1,0,1,0,0
0x9005ae,99.4186%,1,171,172,0,0,1,171
0x5af74b,88.8889%,1,8,9,8,1,0,0
0x9e0daf,80%,1,4,5,0,0,1,4
0x5f3e42,0%,1,0,1,0,0,1,0
0x9e1a64,50%,1,1,2,1,1,0,0
0x4a64f2,90%,1,9,10,9,1,0,0
0xb31698,98.3051%,1,58,59,0,0,1,58
0x9699b8,97.4359%,1,38,39,38,1,0,0
0x620f6f,80%,1,4,5,4,1,0,0
0x61f35b,90%,1,9,10,0,0,1,9
0x61f366,90%,1,9,10,9,1,0,0
0xa520e8,90.9091%,1,10,11,0,0,1,10
0xa392b9,92.8571%,1,13,14,0,0,1,13
0x59f1ca,50%,1,1,2,0,1,0,1
0x62299a,90%,1,9,10,0,0,1,9
0xa6c6f0,96.2963%,1,26,27,0,0,1,26
0x9c5530,75%,1,3,4,0,0,1,3
0x58e5c5,83.3333%,1,5,6,0,0,1,5
0xaa822e,80%,1,4,5,4,1,0,0
0xa352d3,83.3333%,1,5,6,2,1,0,3
0x9f9953,96%,1,24,25,0,0,1,24
0xa6c706,96.2963%,1,26,27,0,0,1,26
0xa1a1d8,88.8889%,1,8,9,0,0,1,8
0x492c19,50%,1,1,2,0,0,1,1
0x94b179,99.5169%,1,206,207,0,0,1,206
0x647552,95.2381%,1,20,21,20,1,0,0
0x9c37b4,95%,1,19,20,19,1,0,0
0xa2f19f,0%,1,0,1,0,0,1,0
0x9c50ee,87.5%,1,7,8,7,1,0,0
0xa0546d,95.2381%,1,20,21,0,1,0,20
0x5ff454,75%,1,3,4,3,0,1,0
0xa4a83b,50%,1,1,2,0,0,1,1
0x5a5e24,75%,1,3,4,0,0,1,3
0x8fe8ef,0%,1,0,1,0,0,1,0
0xa01c58,66.6667%,1,2,3,0,0,1,2
0x7b821f,93.75%,1,15,16,1,1,0,14
0x8ecc2d,0%,1,0,1,0,0,1,0
0x7eeb87,50%,1,1,2,0,0,1,1
0x984f8e,91.6667%,1,11,12,4,0,1,7
0x9439ad,50%,1,1,2,0,0,1,1
0x9e72ea,92.8571%,1,13,14,13,0,1,0
0xa2f4df,99.3333%,1,149,150,0,0,1,149
0x9cfc3c,87.5%,1,7,8,7,1,0,0
0xa6cb84,93.75%,1,15,16,15,1,0,0
0xa5c2ec,96.875%,1,31,32,0,0,1,31
0xa0878c,87.5%,1,7,8,0,0,1,7
0x8fe8de,0%,1,0,1,0,0,1,0
0x9e7237,96.9697%,1,32,33,32,1,0,0
0x74b96e,0%,1,0,1,0,1,0,0
0x59ec84,75%,1,3,4,3,1,0,0
0x962ef3,50%,1,1,2,1,1,0,0
0x8fd9ea,80%,1,4,5,4,0,1,0
0xa6b34b,75%,1,3,4,3,1,0,0
0x5c473d,87.5%,1,7,8,0,0,1,7
0xa066a6,97.7778%,1,44,45,44,1,0,0
0xa6b2e4,75%,1,3,4,3,1,0,0
0x7869d5,83.3333%,1,5,6,0,0,1,5
0xa4736c,90.9091%,1,10,11,0,0,1,10
0x9aa3db,93.3333%,1,14,15,0,0,1,14
0x5d7f4f,75%,1,3,4,0,0,1,3
0x60e528,98.7654%,1,80,81,0,0,1,80
0x611479,90.9091%,1,10,11,0,0,1,10
0x9c4fbb,75%,1,3,4,0,0,1,3
0x618aad,98.5714%,1,69,70,0,0,1,69
0xa543f1,99.0654%,1,106,107,0,0,1,106
0x611492,90.9091%,1,10,11,0,0,1,10
0x58bf68,0%,1,0,1,0,1,0,0
0xa32692,50%,1,1,2,0,0,1,1
0x9c50be,87.5%,1,7,8,7,1,0,0
0x9bb3b4,50%,1,1,2,0,0,1,1
0xa3035e,99.4118%,1,169,170,0,0,1,169
0xa69ebc,75%,1,3,4,3,1,0,0
0xa2f7d8,99.5614%,1,227,228,0,0,1,227
0xa3018e,80%,1,4,5,0,0,1,4
0xa32697,50%,1,1,2,0,0,1,1
0x78f62e,93.3333%,1,14,15,0,1,0,14
0x7efca4,50%,1,1,2,1,1,0,0
0x9e74d3,99.8954%,1,955,956,0,0,1,955
0xa34c04,98.3333%,1,59,60,0,0,1,59
0x6625cb,93.75%,1,15,16,15,1,0,0
0x59fb84,0%,1,0,1,0,0,1,0
0xace132,50%,1,1,2,0,0,1,1
0x7ef9bf,50%,1,1,2,1,1,0,0
0x8fd9f8,0%,1,0,1,0,0,1,0
0x5a610a,75%,1,3,4,0,0,1,3
0xa32710,96.5517%,1,28,29,28,0,1,0
0x9f0852,80%,1,4,5,0,1,0,4
0x8bc835,50%,1,1,2,1,1,0,0
0x820bc5,0%,1,0,1,0,0,1,0
0xa9033c,97.3684%,1,37,38,37,1,0,0
0xa059bc,96.5517%,1,28,29,28,1,0,0
0xa981d4,66.6667%,1,2,3,2,1,0,0
0x67538e,0%,1,0,1,0,1,0,0
0x7808d0,50%,1,1,2,0,0,1,1
0x95aa11,75%,1,3,4,0,0,1,3
0x4c00e6,50%,1,1,2,1,1,0,0
0xa4a385,96.7742%,1,30,31,0,0,1,30
0xa442fa,97.9592%,1,48,49,0,0,1,48
0xa95960,75%,1,3,4,3,1,0,0
0xa057d9,0%,1,0,1,0,0,1,0
0xa5c3f8,98.7013%,1,76,77,76,1,0,0
0x675350,0%,1,0,1,0,0,1,0
0xa2e876,98.1132%,1,52,53,0,0,1,52
0xa50d22,98.8636%,1,87,88,0,0,1,87
0x5dd9fd,0%,1,0,1,0,0,1,0
0x980832,90.9091%,1,10,11,0,0,1,10
0xa05705,75%,1,3,4,0,0,1,3
0x95aaa5,75%,1,3,4,3,1,0,0
0xab1e56,75%,1,3,4,3,1,0,0
0x58c3ab,75%,1,3,4,3,1,0,0
0x95acda,75%,1,3,4,0,0,1,3
0x5def8c,0%,1,0,1,0,1,0,0
0x5e4348,66.6667%,1,2,3,0,0,1,2
0x5def70,0%,1,0,1,0,1,0,0
0x4b9c5f,50%,1,1,2,1,1,0,0
0xa96d88,95.2381%,1,20,21,0,0,1,20
0xa420bb,90.9091%,1,10,11,10,1,0,0
0xa4a636,96.9697%,1,32,33,0,0,1,32
0xa05321,75%,1,3,4,0,0,1,3
0xa3992c,92.8571%,1,13,14,0,0,1,13
0x683147,97.2973%,1,36,37,36,1,0,0
0x4c664e,50%,1,1,2,1,1,0,0
0x4bd2e8,0%,1,0,1,0,0,1,0
0x47f95a,0%,1,0,1,0,1,0,0
0x8ddc29,99.1071%,1,111,112,0,0,1,111
0xa6cb45,75%,1,3,4,0,0,1,3
0x4bd360,0%,1,0,1,0,1,0,0
0x61083a,92.3077%,1,12,13,0,0,1,12
0xa72427,75%,1,3,4,3,1,0,0
0x984238,96%,1,24,25,0,0,1,24
0xa7240d,75%,1,3,4,0,0,1,3
0x974773,75%,1,3,4,0,0,1,3
0xa4a205,98.3333%,1,59,60,4,0,1,55
0x59fa5e,0%,1,0,1,0,0,1,0
0x7aee0b,90%,1,9,10,3,1,0,6
0xa055a5,87.5%,1,7,8,7,0,1,0
0xa30233,99.4872%,1,194,195,0,0,1,194
0x59f000,75%,1,3,4,1,1,0,2
0x59ed9b,87.5%,1,7,8,0,0,1,7
0x9ef4d4,88.8889%,1,8,9,8,1,0,0
0xa95900,75%,1,3,4,0,0,1,3
0xa05c24,96.5517%,1,28,29,0,0,1,28
0xa2d2cd,99.7462%,1,393,394,0,0,1,393
0x5d1c69,95%,1,19,20,0,0,1,19
0x9d1ee4,96.4286%,1,27,28,27,1,0,0
0x4bbad3,0%,1,0,1,0,1,0,0
0xaaae56,97.8261%,1,45,46,45,1,0,0
0xa7233d,75%,1,3,4,0,0,1,3
0x59f52b,75%,1,3,4,2,0,1,1
0x5a87db,50%,1,1,2,1,1,0,0
0xa6bdd9,75%,1,3,4,0,0,1,3
0xab1bd9,75%,1,3,4,0,0,1,3
0x94445b,50%,1,1,2,0,0,1,1
0xa07bff,0%,1,0,1,0,1,0,0
0x9813a9,98.6667%,1,74,75,0,0,1,74
0xa34538,99.115%,1,112,113,0,0,1,112
0x95b322,75%,1,3,4,3,1,0,0
0x4c5284,96.2963%,1,26,27,0,0,1,26
0x8a9073,50%,1,1,2,1,1,0,0
0xa07b69,80%,1,4,5,4,0,1,0
0x60e5a0,0%,1,0,1,0,0,1,0
0x54fc7c,0%,1,0,1,0,0,1,0
0x977b9a,85.7143%,1,6,7,6,1,0,0
0x6753c5,66.6667%,1,2,3,2,0,1,0
0x610f00,50%,1,1,2,0,0,1,1
0x5a8877,50%,1,1,2,0,0,1,1
0x95109a,50%,1,1,2,1,0,1,0
0xa0badd,0%,1,0,1,0,0,1,0
0x4c5373,95%,1,19,20,19,1,0,0
0x943d50,90%,1,9,10,0,0,1,9
0x94bcc4,93.75%,1,15,16,0,0,1,15
0xa6b8ea,75%,1,3,4,3,1,0,0
0x666236,97.9167%,1,47,48,47,1,0,0
0x7f0427,99.3548%,1,154,155,0,0,1,154
0x7f041f,99.3548%,1,154,155,0,0,1,154
0x5a8881,50%,1,1,2,1,1,0,0
0xa06402,50%,1,1,2,0,0,1,1
0xa50da6,75%,1,3,4,0,0,1,3
0x4b5fa7,75%,1,3,4,3,1,0,0
0xa42fe0,75%,1,3,4,0,0,1,3
0x54fcb6,0%,1,0,1,0,0,1,0
0xa21ddc,50%,1,1,2,0,1,0,1
0x9f086d,75%,1,3,4,0,0,1,3
0x7efa35,50%,1,1,2,0,0,1,1
0x54fc66,0%,1,0,1,0,0,1,0
0xa93de0,91.6667%,1,11,12,0,0,1,11
0x675581,0%,1,0,1,0,0,1,0
0xa22e66,88.8889%,1,8,9,0,1,0,8
0xaa81af,80%,1,4,5,0,0,1,4
0xa22e73,87.5%,1,7,8,0,0,1,7
0x491b9f,0%,1,0,1,0,0,1,0
0x9e7766,85.7143%,1,6,7,6,1,0,0
0x9f8075,66.6667%,1,2,3,0,0,1,2
0x7f03cc,94.7368%,1,18,19,0,0,1,18
0x90226b,91.6667%,1,11,12,0,0,1,11
0x675561,50%,1,1,2,0,1,0,1
0x49a3d6,83.3333%,1,5,6,5,1,0,0
0xa0baab,0%,1,0,1,0,0,1,0
0x9c7543,0%,1,0,1,0,1,0,0
0x7b063b,66.6667%,1,2,3,0,0,1,2
0x4b5ede,75%,1,3,4,0,0,1,3
0xa6c1c2,75%,1,3,4,3,1,0,0
0x4c92d9,93.75%,1,15,16,0,0,1,15
0x5ef98a,94.1176%,1,16,17,0,0,1,16
0xa07e22,50%,1,1,2,0,0,1,1
0x5ec539,87.5%,1,7,8,7,1,0,0
0x7afd44,96.4286%,1,27,28,0,0,1,27
0xa3d059,87.5%,1,7,8,0,0,1,7
0xa3ef38,87.5%,1,7,8,7,1,0,0
0x48fa7c,83.3333%,1,5,6,0,0,1,5
0x60e630,97.3684%,1,37,38,37,1,0,0
0x7f0c52,80%,1,4,5,4,1,0,0
0xa075c8,85.7143%,1,6,7,0,1,0,6
0x60c5b1,80%,1,4,5,0,0,1,4
0xaac426,75%,1,3,4,3,1,0,0
0x61a38a,80%,1,4,5,0,0,1,4
0xad439f,0%,1,0,1,0,1,0,0
0xa6b750,75%,1,3,4,3,1,0,0
0x492e6f,0%,1,0,1,0,0,1,0
0x8f4469,0%,1,0,1,0,0,1,0
0x7f0b4f,80%,1,4,5,0,0,1,4
0x78a6b4,90%,1,9,10,0,0,1,9
0x61a39d,80%,1,4,5,0,0,1,4
0x984126,98.4615%,1,64,65,64,1,0,0
0x9bd6a5,95.8333%,1,23,24,0,0,1,23
0xa075b8,87.5%,1,7,8,0,1,0,7
0xa0510e,0%,1,0,1,0,0,1,0
0x78f0eb,90%,1,9,10,9,1,0,0
0x9e80e9,95.8333%,1,23,24,23,1,0,0
0x58e5c9,83.3333%,1,5,6,0,0,1,5
0x8f1606,97.3684%,1,37,38,37,1,0,0
0x789b18,96.4286%,1,27,28,0,0,1,27
0x481db9,94.7368%,1,18,19,18,1,0,0
0xa36cd6,0%,1,0,1,0,1,0,0
0x7f0cb0,98.6667%,1,74,75,0,0,1,74
0x959369,75%,1,3,4,3,1,0,0
0x9aa030,96.1538%,1,25,26,25,1,0,0
0x959377,75%,1,3,4,0,0,1,3
0x95b72c,75%,1,3,4,0,0,1,3
0x4991ad,96.7742%,1,30,31,30,1,0,0
0x5dd9b6,0%,1,0,1,0,0,1,0
0x546764,90%,1,9,10,0,0,1,9
0x619b38,80%,1,4,5,4,1,0,0
0xa39839,75%,1,3,4,0,0,1,3
0xa52f57,95%,1,19,20,0,0,1,19
0x5eaf3b,75%,1,3,4,3,1,0,0
0x90d4ae,99.6689%,1,301,302,0,0,1,301
0x943d83,87.5%,1,7,8,7,1,0,0
0x4c5fd4,93.75%,1,15,16,0,0,1,15
0xa3fd93,83.3333%,1,5,6,5,1,0,0
0xa6b7d2,75%,1,3,4,0,0,1,3
0x5a899c,50%,1,1,2,1,1,0,0
0x5d980e,87.5%,1,7,8,0,0,1,7
0xa0f386,83.3333%,1,5,6,0,0,1,5
0xa3fe84,94.4444%,1,17,18,0,0,1,17
0xa060a9,80%,1,4,5,0,0,1,4
0x5d4b44,87.5%,1,7,8,7,1,0,0
0x4c5494,0%,1,0,1,0,0,1,0
0x94cadb,97.5%,1,39,40,39,1,0,0
0x4c6e8a,98.7952%,1,82,83,0,0,1,82
0x78506c,96.4286%,1,27,28,0,0,1,27
0x5fa960,96.2963%,1,26,27,0,0,1,26
0xa06039,75%,1,3,4,0,0,1,3
0xa3dca6,87.5%,1,7,8,7,1,0,0
0x4c545f,0%,1,0,1,0,0,1,0
0xa075e9,83.3333%,1,5,6,0,0,1,5
0xa05080,0%,1,0,1,0,0,1,0
0x9be502,50%,1,1,2,1,1,0,0
0x9e0da3,95.6522%,1,22,23,22,1,0,0
0xa9857c,75%,1,3,4,3,1,0,0
0xacce85,0%,1,0,1,0,1,0,0
0x666125,0%,1,0,1,0,0,1,0
0xa984a1,75%,1,3,4,0,0,1,3
0x9a4904,93.75%,1,15,16,0,0,1,15
0x4a2159,75%,1,3,4,3,1,0,0
0xa64c38,50%,1,1,2,0,0,1,1
0x4c8e2e,99.2481%,1,132,133,132,1,0,0
0x5408a8,83.3333%,1,5,6,0,0,1,5
0x96999a,97.4359%,1,38,39,38,1,0,0
0x843502,0%,1,0,1,0,0,1,0
0x843471,0%,1,0,1,0,0,1,0
0x835fbc,50%,1,1,2,0,1,0,1
0x835fb7,50%,1,1,2,0,0,1,1
0x8389c1,0%,1,0,1,0,1,0,0
0xacce59,0%,1,0,1,0,1,0,0
0x838b32,50%,1,1,2,1,1,0,0
0x5a9427,98.1818%,1,54,55,54,1,0,0
0x4836b9,96.2963%,1,26,27,0,0,1,26
0xa9ce28,98.4615%,1,64,65,0,0,1,64
0x481268,94.7368%,1,18,19,1,0,1,17
0x8377c3,66.6667%,1,2,3,2,1,0,0
0x53387d,94.4444%,1,17,18,0,0,1,17
0x606eb7,66.6667%,1,2,3,2,1,0,0
0xa97dea,97.2973%,1,36,37,0,0,1,36
0xa970fd,97.2973%,1,36,37,0,0,1,36
0x9ebf46,98.3607%,1,60,61,60,1,0,0
0x96a11c,50%,1,1,2,0,0,1,1
0xa21d97,50%,1,1,2,0,0,1,1
0xad6e54,50%,1,1,2,0,0,1,1
0x4bdbf3,95%,1,19,20,19,0,1,0
0x59f2dd,75%,1,3,4,2,0,1,1
0x58db12,99.3377%,1,150,151,150,1,0,0
0x50f123,50%,1,1,2,0,0,1,1
0x50efb0,50%,1,1,2,0,0,1,1
0x9d3419,98.1818%,1,54,55,54,1,0,0
0x50ef87,50%,1,1,2,0,0,1,1
0x48311e,96.5517%,1,28,29,0,0,1,28
0x8104fa,98%,1,49,50,15,1,0,34
0x48326f,96.5517%,1,28,29,0,0,1,28
0x5b22f1,83.3333%,1,5,6,5,1,0,0
0x9d3113,98.2759%,1,57,58,0,0,1,57
0x53fb4e,75%,1,3,4,2,0,1,1
0x5b355d,83.3333%,1,5,6,0,0,1,5
0x9d0ab2,98.0392%,1,50,51,0,0,1,50
0x9d09be,98.0392%,1,50,51,50,1,0,0
0xa9ce55,99.3056%,1,143,144,0,0,1,143
0xa45922,99.7436%,1,389,390,389,1,0,0
0xa3d946,87.5%,1,7,8,7,1,0,0
0xaa57ce,50%,1,1,2,0,0,1,1
0x9d08fb,99.0196%,1,101,102,101,1,0,0
0x50ee4b,97.7273%,1,43,44,0,0,1,43
0x50337f,97.2973%,1,36,37,36,1,0,0
0x8bc99d,98.0769%,1,51,52,0,0,1,51
0x83be26,0%,1,0,1,0,1,0,0
0x843542,75%,1,3,4,0,1,0,3
0x8325e0,0%,1,0,1,0,0,1,0
0x5c9b7f,83.3333%,1,5,6,0,0,1,5
0xa998e0,50%,1,1,2,1,0,1,0
0xaccdfe,0%,1,0,1,0,1,0,0
0xa98638,50%,1,1,2,1,1,0,0
0x670d8d,50%,1,1,2,0,0,1,1
0x4ad248,95%,1,19,20,0,0,1,19
0x835e97,50%,1,1,2,0,0,1,1
0x595df9,99.5238%,1,209,210,0,0,1,209
0x4c4628,94.1176%,1,16,17,0,0,1,16
0x672a8f,50%,1,1,2,1,1,0,0
0x5af78f,50%,1,1,2,0,0,1,1
0x495f5d,91.6667%,1,11,12,0,0,1,11
0x495f70,91.6667%,1,11,12,0,0,1,11
0x496107,91.6667%,1,11,12,0,0,1,11
0x67177f,50%,1,1,2,0,0,1,1
0x6711b6,50%,1,1,2,1,1,0,0
0x6710b0,50%,1,1,2,1,1,0,0
0x670e69,50%,1,1,2,0,0,1,1
0x4961b0,91.6667%,1,11,12,11,1,0,0
0x5b60cf,0%,1,0,1,0,1,0,0
0x595df4,99.5238%,1,209,210,0,0,1,209
0x4be7d7,96.2963%,1,26,27,0,0,1,26
0x610259,96.9697%,1,32,33,0,0,1,32
0x6117be,96.9697%,1,32,33,0,0,1,32
0x5b1017,88.8889%,1,8,9,8,1,0,0
0x8875e3,80%,1,4,5,0,1,0,4
0x887743,0%,1,0,1,0,1,0,0
0x8878c4,0%,1,0,1,0,0,1,0
0x81ed70,99.5968%,1,247,248,0,0,1,247
0x7180b8,0%,1,0,1,0,0,1,0
0x889ff1,95.4545%,1,21,22,0,0,1,21
0x670a0c,94.7368%,1,18,19,18,1,0,0
0x5ffbd0,97.8261%,1,45,46,0,0,1,45
0x88a0b7,95.4545%,1,21,22,0,0,1,21
0x83aa6e,75%,1,3,4,3,0,1,0
0x544118,88.8889%,1,8,9,0,0,1,8
0x837dec,98.9247%,1,92,93,92,1,0,0
0xad04df,50%,1,1,2,0,0,1,1
0x47f1b6,94.7368%,1,18,19,18,1,0,0
0x8379e6,97.7273%,1,43,44,43,1,0,0
0xa3e44e,87.5%,1,7,8,0,0,1,7
0x7840ed,87.5%,1,7,8,7,1,0,0
0x4b9aeb,85.7143%,1,6,7,6,1,0,0
0x780879,94.4444%,1,17,18,0,0,1,17
0x8f6e6c,99.6491%,1,284,285,0,0,1,284
0x544d98,99.2424%,1,131,132,131,1,0,0
0x54499b,88.8889%,1,8,9,0,0,1,8
0x483d12,94.7368%,1,18,19,18,1,0,0
0x483d76,94.7368%,1,18,19,18,1,0,0
0x5441ec,88.8889%,1,8,9,0,0,1,8
0x54420b,88.8889%,1,8,9,8,1,0,0
0x7f0271,94.7368%,1,18,19,0,1,0,18
0x533ad3,88.8889%,1,8,9,0,0,1,8
0x5339f6,50%,1,1,2,1,1,0,0
0xaef70c,75%,1,3,4,0,0,1,3
0x837777,80%,1,4,5,0,0,1,4
0x838ba2,50%,1,1,2,0,0,1,1
0x838a34,50%,1,1,2,0,0,1,1
0xa48b5f,99.4012%,1,166,167,0,0,1,166
0x78b6d2,91.6667%,1,11,12,0,0,1,11
0x835f7c,50%,1,1,2,1,0,1,0
0x4ab339,0%,1,0,1,0,1,0,0
0x4ab2f8,0%,1,0,1,0,0,1,0
0x592ce3,97.2222%,1,35,36,35,1,0,0
0x59c3da,95.6522%,1,22,23,22,1,0,0
0x59c432,95.6522%,1,22,23,0,0,1,22
0x5560f2,99.5833%,1,239,240,239,1,0,0
0xa99987,0%,1,0,1,0,1,0,0
0x538cfd,90.9091%,1,10,11,0,0,1,10
0x651705,97.4359%,1,38,39,0,0,1,38
0x4b64e0,97.9592%,1,48,49,0,0,1,48
0x7b71ca,96.875%,1,31,32,31,1,0,0
0x7b3085,97.2222%,1,35,36,0,0,1,35
0x7b0a9b,95.4545%,1,21,22,0,0,1,21
0x4bec61,99.2857%,1,139,140,0,0,1,139
0x785847,50%,1,1,2,1,1,0,0
0x9a0c05,96.4286%,1,27,28,0,0,1,27
0x5a658d,50%,1,1,2,1,1,0,0
0x4c9886,92.8571%,1,13,14,0,0,1,13
0xa9b65c,83.3333%,1,5,6,5,1,0,0
0x4b5174,85.7143%,1,6,7,0,0,1,6
0x490e9c,88.8889%,1,8,9,8,1,0,0
0x4c271b,98.8095%,1,83,84,0,0,1,83
0x490f38,97.561%,1,40,41,0,0,1,40
0x4c209b,99.3711%,1,158,159,0,0,1,158
0xa32791,98.7179%,1,77,78,77,1,0,0
0xa9bb5b,75%,1,3,4,0,0,1,3
0xa9626f,75%,1,3,4,0,0,1,3
0x9d0bc6,98.0392%,1,50,51,50,1,0,0
0xa32923,66.6667%,1,2,3,0,1,0,2
0x70c1a6,83.3333%,1,5,6,5,1,0,0
0x5b1941,92.8571%,1,13,14,13,0,1,0
0x4bbe62,99.4949%,1,197,198,0,0,1,197
0x5a898e,50%,1,1,2,0,0,1,1
0x78d21b,50%,1,1,2,0,0,1,1
0x54d6c3,95%,1,19,20,19,1,0,0
0xa0a54a,91.6667%,1,11,12,0,0,1,11
0x8d2ef3,50%,1,1,2,0,0,1,1
0xa9d26a,75%,1,3,4,0,0,1,3
0x5d1a5f,98.3871%,1,61,62,0,0,1,61
0x54cf74,93.3333%,1,14,15,14,1,0,0
0x53388a,94.4444%,1,17,18,0,0,1,17
0x49cf73,0%,1,0,1,0,1,0,0
0xaa003d,66.6667%,1,2,3,0,0,1,2
0x7ef9f3,50%,1,1,2,1,1,0,0
0xa9f39c,66.6667%,1,2,3,0,0,1,2
0xa853fa,80%,1,4,5,0,0,1,4
0x495ad6,0%,1,0,1,0,0,1,0
0xaa49de,66.6667%,1,2,3,2,1,0,0
0x8f289f,97.7273%,1,43,44,43,1,0,0
0xa9deb8,97.561%,1,40,41,0,0,1,40
0x816b51,99.9342%,1,1519,1520,185,1,0,1334
0x495adf,0%,1,0,1,0,1,0,0
0x5d2ed6,94.4444%,1,17,18,17,1,0,0
0x94dd85,99.8296%,1,586,587,0,0,1,586
0x8d3ff7,92.3077%,1,12,13,12,1,0,0
0x4b801b,90.9091%,1,10,11,8,1,0,2
0xa8e58c,75%,1,3,4,0,0,1,3
0x9d3162,66.6667%,1,2,3,0,0,1,2
0x5bca25,99.5%,1,199,200,199,1,0,0
0xa9ea63,99.5575%,1,225,226,225,1,0,0
0x4bf60d,98.8372%,1,85,86,0,0,1,85
0x95cbe4,50%,1,1,2,1,1,0,0
0xa52660,99.2063%,1,125,126,0,0,1,125
0x54daa5,97.4359%,1,38,39,0,0,1,38
0x4beee5,96%,1,24,25,0,0,1,24
0x4c13c4,95.8333%,1,23,24,0,0,1,23
0x495efb,98.1818%,1,54,55,54,1,0,0
0xa993f1,66.6667%,1,2,3,0,0,1,2
0xa99b7b,93.3333%,1,14,15,0,0,1,14
0x51af08,50%,1,1,2,1,1,0,0
0x47fe2f,94.7368%,1,18,19,0,0,1,18
0x803d4a,50%,1,1,2,1,1,0,0
0x671000,50%,1,1,2,1,1,0,0
0x480089,94.7368%,1,18,19,18,1,0,0
0x53969e,99.0826%,1,108,109,0,0,1,108
0xa9bd1c,90%,1,9,10,0,0,1,9
0x4fdd8c,98.7805%,1,81,82,81,1,0,0
0x5446df,50%,1,1,2,0,0,1,1
0xa92ad3,97.6744%,1,42,43,0,0,1,42
0x5da977,99.2481%,1,132,133,132,1,0,0
0x5f14df,97.3684%,1,37,38,0,0,1,37
0x6084a1,97.9167%,1,47,48,0,0,1,47
0xaa63d7,98.8889%,1,89,90,89,1,0,0
0x4b4727,75%,1,3,4,0,0,1,3
0xa96f4e,93.3333%,1,14,15,0,0,1,14
0xa3058d,75%,1,3,4,3,1,0,0
0xa96f1f,95.2381%,1,20,21,0,0,1,20
0x491fa7,0%,1,0,1,0,1,0,0
0x50fec8,50%,1,1,2,0,0,1,1
0x50fec0,50%,1,1,2,0,0,1,1
0x50ff16,75%,1,3,4,2,0,1,1
0x5575cc,98.1818%,1,54,55,54,1,0,0
0x9a92aa,99.6%,1,249,250,0,0,1,249
0x480f2d,94.7368%,1,18,19,18,1,0,0
0x53e3e0,50%,1,1,2,0,1,0,1
0x9f4184,96.9697%,1,32,33,0,0,1,32
0x5034c9,50%,1,1,2,0,0,1,1
0x481437,94.7368%,1,18,19,18,1,0,0
0x5b208f,94.4444%,1,17,18,17,1,0,0
0x670a04,94.7368%,1,18,19,18,1,0,0
0x5dfd49,75%,1,3,4,0,0,1,3
0x5dfd2f,75%,1,3,4,0,0,1,3
0x5db515,75%,1,3,4,3,1,0,0
0x495a10,94.4444%,1,17,18,0,0,1,17
0x5dadd8,75%,1,3,4,0,0,1,3
0xa2f8cf,98.7179%,1,77,78,0,0,1,77
0x67da6f,98.5714%,1,69,70,69,1,0,0
0x4b4c8f,50%,1,1,2,0,0,1,1
0xa97758,90%,1,9,10,9,1,0,0
0x5b1633,90%,1,9,10,0,0,1,9
0x4ba34b,96.875%,1,31,32,0,0,1,31
0x809a96,0%,1,0,1,0,0,1,0
0x9017a0,96.4286%,1,27,28,0,1,0,27
0x9a653a,99.4318%,1,175,176,0,0,1,175
0xa9816b,66.6667%,1,2,3,0,1,0,2
0xa2b2e0,50%,1,1,2,0,0,1,1
0x4b9db8,99.9225%,1,1289,1290,1289,1,0,0
0x5b2133,94.4444%,1,17,18,17,1,0,0
0x590e5c,94.4444%,1,17,18,0,0,1,17
0x90e6b8,99.8902%,1,910,911,0,0,1,910
0x96b218,96.875%,1,31,32,0,0,1,31
0xa9e153,97.5%,1,39,40,0,0,1,39
0x4a653a,66.6667%,1,2,3,0,0,1,2
0xa2b430,92.8571%,1,13,14,13,1,0,0
0xa2d3ec,75%,1,3,4,0,0,1,3
0xa969a6,93.75%,1,15,16,0,0,1,15
0x4b4737,75%,1,3,4,1,1,0,2
0x58d624,66.6667%,1,2,3,0,0,1,2
0x4946bd,75%,1,3,4,0,0,1,3
0x9564a7,0%,1,0,1,0,1,0,0
0xa324d7,75%,1,3,4,0,0,1,3
0x9bdeb4,50%,1,1,2,0,0,1,1
0xab5b3e,50%,1,1,2,1,1,0,0
0xa2d84f,75%,1,3,4,0,0,1,3
0x5f4e55,0%,1,0,1,0,1,0,0
0x5f4e99,0%,1,0,1,0,1,0,0
0x5f4eb8,0%,1,0,1,0,1,0,0
0x5095a7,94.4444%,1,17,18,17,1,0,0
0x9e21d7,99.0385%,1,103,104,0,0,1,103
0x5f50fd,50%,1,1,2,1,1,0,0
0x593003,0%,1,0,1,0,0,1,0
0x5fb434,50%,1,1,2,0,0,1,1
0x441a72,90.9091%,1,10,11,10,1,0,0
0x94a073,99.5516%,1,222,223,222,1,0,0
0x5ef756,0%,1,0,1,0,0,1,0
0x4947c2,50%,1,1,2,1,1,0,0
0x9447bf,99.1525%,1,117,118,117,1,0,0
0x48bc60,0%,1,0,1,0,1,0,0
0x48bccd,0%,1,0,1,0,1,0,0
0x502763,98%,1,49,50,0,0,1,49
0x5a0745,50%,1,1,2,1,1,0,0
0x48c60e,66.6667%,1,2,3,0,0,1,2
0xa31cbd,96.7742%,1,30,31,0,0,1,30
0x9e3dd7,90.9091%,1,10,11,10,1,0,0
0x48c65f,50%,1,1,2,1,1,0,0
0xa5a0de,66.6667%,1,2,3,0,0,1,2
0x95648a,0%,1,0,1,0,1,0,0
0x6674f8,50%,1,1,2,1,1,0,0
0x8e929b,66.6667%,1,2,3,2,1,0,0
0x481c6d,0%,1,0,1,0,1,0,0
0x481ca2,88.8889%,1,8,9,8,1,0,0
0x50b252,75%,1,3,4,0,0,1,3
0x50b1b8,75%,1,3,4,0,0,1,3
0x50e61d,94.4444%,1,17,18,17,1,0,0
0x8ff58f,50%,1,1,2,0,1,0,1
0x507f1a,80%,1,4,5,0,0,1,4
0x9d0a3e,98.0392%,1,50,51,50,1,0,0
0x5efdf8,0%,1,0,1,0,0,1,0
0x506f1e,95%,1,19,20,0,0,1,19
0x5efdfe,0%,1,0,1,0,1,0,0
0xa441c9,98.0769%,1,51,52,51,1,0,0
0x8fda1f,0%,1,0,1,0,1,0,0
0x481d5b,50%,1,1,2,1,1,0,0
0x508871,90.9091%,1,10,11,10,1,0,0
0x808ed3,50%,1,1,2,0,0,1,1
0xa31c4d,96.7742%,1,30,31,0,0,1,30
0x495aba,0%,1,0,1,0,0,1,0
0x495ac3,0%,1,0,1,0,0,1,0
0x956009,0%,1,0,1,0,1,0,0
0x95603a,0%,1,0,1,0,0,1,0
0x956049,0%,1,0,1,0,0,1,0
0xb3042e,80%,1,4,5,0,0,1,4
0x505b31,90.9091%,1,10,11,10,1,0,0
0xa07fe4,50%,1,1,2,0,1,0,1
0x483ce9,0%,1,0,1,0,1,0,0
0xa065b9,96.7742%,1,30,31,30,1,0,0
0xa32516,75%,1,3,4,0,0,1,3
0xaaaadd,0%,1,0,1,0,1,0,0
0x5ef716,0%,1,0,1,0,1,0,0
0x5ef72c,0%,1,0,1,0,1,0,0
0xa546a7,99.0196%,1,101,102,0,0,1,101
0x5f11a7,85.7143%,1,6,7,6,1,0,0
0x98cee8,91.6667%,1,11,12,0,0,1,11
0x50a81f,98.0392%,1,50,51,0,0,1,50
0x50cf11,99.5708%,1,232,233,0,0,1,232
0x50cf09,99.5708%,1,232,233,0,0,1,232
0xa210bb,66.6667%,1,2,3,0,0,1,2
0x88e009,83.3333%,1,5,6,0,0,1,5
0x48de73,99.1071%,1,111,112,0,0,1,111
0x48deb7,98.6667%,1,74,75,0,0,1,74
0x5080b9,99.6094%,1,255,256,0,0,1,255
0xa47f0f,91.6667%,1,11,12,11,1,0,0
0x487f40,0%,1,0,1,0,1,0,0
0x9f5b9b,87.5%,1,7,8,0,0,1,7
0x50fe47,50%,1,1,2,0,0,1,1
0x5020ae,98.7654%,1,80,81,0,0,1,80
0x78bfef,50%,1,1,2,0,0,1,1
0x4050ce,90.9091%,1,10,11,0,0,1,10
0x943a82,75%,1,3,4,3,1,0,0
0x48ece4,98.7805%,1,81,82,0,0,1,81
0x9613fb,87.5%,1,7,8,7,1,0,0
0x59f920,50%,1,1,2,0,0,1,1
0xa2d660,99.4845%,1,193,194,0,0,1,193
0x58c567,91.6667%,1,11,12,11,1,0,0
0x9e05bc,98.2759%,1,57,58,0,0,1,57
0x58c548,97.0588%,1,33,34,0,0,1,33
0x40293d,99.6795%,1,311,312,0,0,1,311
0xa45e64,75%,1,3,4,3,1,0,0
0xa45de9,98.0769%,1,51,52,51,1,0,0
0x9e05d1,98.2759%,1,57,58,0,0,1,57
0xa45d62,75%,1,3,4,0,0,1,3
0x60c5cd,90%,1,9,10,0,0,1,9
0x502003,96.875%,1,31,32,16,0,1,15
0xa722d6,75%,1,3,4,0,0,1,3
0x494b82,50%,1,1,2,1,1,0,0
0x8ec7df,50%,1,1,2,1,0,1,0
0x50bd03,95%,1,19,20,18,0,1,1
0x50b893,97.5%,1,39,40,0,0,1,39
0x5f0795,50%,1,1,2,1,1,0,0
0x5f087a,99.6622%,1,295,296,0,0,1,295
0x670693,66.6667%,1,2,3,2,1,0,0
0xa498b5,95.4545%,1,21,22,0,0,1,21
0xa48061,94.4444%,1,17,18,17,1,0,0
0xa2f3be,75%,1,3,4,1,1,0,2
0xa2f126,50%,1,1,2,0,1,0,1
0x5f10f9,99.6732%,1,305,306,0,0,1,305
0x4c2f73,92.3077%,1,12,13,0,0,1,12
0x50b4b8,75%,1,3,4,3,1,0,0
0x5f0a79,66.6667%,1,2,3,0,0,1,2
0x5f0ac4,66.6667%,1,2,3,1,1,0,1
0x51b489,99.6154%,1,259,260,0,0,1,259
0x8f613f,99.4845%,1,193,194,0,0,1,193
0x783df1,90.9091%,1,10,11,0,0,1,10
0xa43e44,98.5075%,1,66,67,0,0,1,66
0x7dff70,87.5%,1,7,8,0,0,1,7
0x4414ce,98.2456%,1,56,57,0,0,1,56
0xa2ec5d,98.4375%,1,63,64,0,0,1,63
0xb46799,0%,1,0,1,0,0,1,0
0xa21c3c,50%,1,1,2,1,0,1,0
0x5f1171,50%,1,1,2,0,0,1,1
0x50e52e,98.9691%,1,96,97,0,0,1,96
0x50e39c,98.9691%,1,96,97,0,0,1,96
0x5fb728,98.1818%,1,54,55,54,1,0,0
0x94b0f6,99.5169%,1,206,207,206,1,0,0
0xa48625,75%,1,3,4,0,0,1,3
0x99d843,50%,1,1,2,0,0,1,1
0xa944bd,96.5517%,1,28,29,0,0,1,28
0x5ffb39,97.8261%,1,45,46,0,0,1,45
0x5fbc47,50%,1,1,2,0,0,1,1
0x592d48,94.4444%,1,17,18,17,1,0,0
0x643a11,95.8333%,1,23,24,0,0,1,23
0x8e11a9,97.2973%,1,36,37,0,0,1,36
0x94afcc,93.75%,1,15,16,0,0,1,15
0x6cfc46,75%,1,3,4,3,1,0,0
0x5f9d3a,96.2963%,1,26,27,0,0,1,26
0x5ff016,97.5%,1,39,40,39,1,0,0
0x5f2f8e,0%,1,0,1,0,0,1,0
0x5fb841,98.1818%,1,54,55,0,0,1,54
0x8c92cc,99.8913%,1,919,920,919,1,0,0
0x90c917,99.9527%,1,2113,2114,2113,1,0,0
0x5ae2dc,96%,1,24,25,24,1,0,0
0x4b6eac,93.75%,1,15,16,15,1,0,0
0x5fb360,83.3333%,1,5,6,5,1,0,0
0x5afe86,95.2381%,1,20,21,0,0,1,20
0x490c06,83.3333%,1,5,6,0,0,1,5
0x5fac03,0%,1,0,1,0,0,1,0
0x5fdd9c,0%,1,0,1,0,1,0,0
0x490d32,83.3333%,1,5,6,5,1,0,0
0x490d7f,83.3333%,1,5,6,5,1,0,0
0x5fdc5f,0%,1,0,1,0,0,1,0
0x8bba44,92.3077%,1,12,13,0,0,1,12
0x4bee2b,98.2759%,1,57,58,0,0,1,57
0x490ded,83.3333%,1,5,6,0,0,1,5
0x610968,92.3077%,1,12,13,0,0,1,12
0x65a0ed,99.0991%,1,110,111,0,0,1,110
0x503676,0%,1,0,1,0,0,1,0
0x820c62,50%,1,1,2,1,1,0,0
0x95cbda,50%,1,1,2,0,0,1,1
0x9a6409,99.4318%,1,175,176,175,1,0,0
0x88a189,95.4545%,1,21,22,0,0,1,21
0x5fc8e5,50%,1,1,2,1,1,0,0
0x5fc7b3,50%,1,1,2,0,0,1,1
0x5fc76c,50%,1,1,2,1,1,0,0
0xa9491f,95.8333%,1,23,24,0,0,1,23
0xa949b1,95.8333%,1,23,24,0,0,1,23
0xa48e78,96.9697%,1,32,33,32,1,0,0
0xa345fc,98.9011%,1,90,91,0,0,1,90
0x5b5daa,75%,1,3,4,0,0,1,3
0x5a01b3,80%,1,4,5,0,0,1,4
0x8bb6ea,92.3077%,1,12,13,0,0,1,12
0x610795,92.3077%,1,12,13,12,1,0,0
0x5a01bd,80%,1,4,5,4,1,0,0
0x833b73,83.3333%,1,5,6,1,1,0,4
0xa07fee,0%,1,0,1,0,0,1,0
0x90f004,99.5%,1,199,200,199,1,0,0
0x833751,50%,1,1,2,0,0,1,1
0x5a964f,66.6667%,1,2,3,2,1,0,0
0xa947a2,96.2963%,1,26,27,26,1,0,0
0xa438b7,91.6667%,1,11,12,11,1,0,0
0xa55220,87.5%,1,7,8,0,0,1,7
0x904ab0,99.6678%,1,300,301,300,1,0,0
0x83428e,98.1132%,1,52,53,0,0,1,52
0x905cee,99.2188%,1,127,128,0,0,1,127
0x4418ce,90.9091%,1,10,11,0,0,1,10
0x9ed754,97.2222%,1,35,36,31,0,1,4
0x97724d,50%,1,1,2,0,0,1,1
0xa472d1,97.619%,1,41,42,0,0,1,41
0x977204,50%,1,1,2,0,0,1,1
0xa9df89,50%,1,1,2,0,0,1,1
0x80b4d3,0%,1,0,1,0,1,0,0
0x5f87fc,0%,1,0,1,0,0,1,0
0x9f95dc,98.6667%,1,74,75,0,0,1,74
0xa474c2,97.619%,1,41,42,0,0,1,41
0xa46a4b,98.9583%,1,95,96,0,0,1,95
0x5f85a8,99.5885%,1,242,243,0,0,1,242
0x5f774a,75%,1,3,4,0,0,1,3
0xa4771e,97.619%,1,41,42,0,0,1,41
0x4c69d5,96.4286%,1,27,28,0,0,1,27
0x547a79,99.7041%,1,337,338,0,0,1,337
0xa47bf4,97.619%,1,41,42,0,0,1,41
0xa47332,90.9091%,1,10,11,0,0,1,10
0x53f202,99.7647%,1,424,425,0,0,1,424
0xa94272,50%,1,1,2,1,1,0,0
0xa34864,99.8102%,1,526,527,0,0,1,526
0x60b67b,99.5968%,1,247,248,247,1,0,0
0x73d8f9,66.6667%,1,2,3,2,1,0,0
0xa2aa70,66.6667%,1,2,3,2,0,1,0
0x53e87b,75%,1,3,4,3,1,0,0
0xa9b63b,83.3333%,1,5,6,0,0,1,5
0x505fee,96.6667%,1,29,30,29,1,0,0
0x5efb8c,91.6667%,1,11,12,0,0,1,11
0x50af13,50%,1,1,2,0,0,1,1
0x9edf96,99.187%,1,122,123,0,0,1,122
0xa410ad,97.1429%,1,34,35,0,0,1,34
0x50b4d1,75%,1,3,4,3,1,0,0
0x906b1b,99.7207%,1,357,358,0,0,1,357
0x6ed6d0,0%,1,0,1,0,0,1,0
0x8bb804,98.6111%,1,71,72,0,0,1,71
0x5fdc2b,0%,1,0,1,0,1,0,0
0x5fabe4,0%,1,0,1,0,0,1,0
0x5faad7,0%,1,0,1,0,0,1,0
0xa160df,83.3333%,1,5,6,0,0,1,5
0x5abdf0,88.8889%,1,8,9,0,0,1,8
0xa15cd4,83.3333%,1,5,6,4,1,0,1
0xa59fbb,66.6667%,1,2,3,2,1,0,0
0x5faa96,0%,1,0,1,0,1,0,0
0x5b4a7b,50%,1,1,2,1,1,0,0
0xa1809d,99.8549%,1,688,689,0,0,1,688
0x649e32,50%,1,1,2,1,1,0,0
0xa17fa3,99.7333%,1,374,375,0,0,1,374
0x98cbd4,85.7143%,1,6,7,0,0,1,6
0x5ff656,99.0099%,1,100,101,0,0,1,100
0x8fdb04,94.4444%,1,17,18,0,0,1,17
0x58edef,50%,1,1,2,0,0,1,1
0x492822,0%,1,0,1,0,1,0,0
0x55b390,99.9047%,1,1048,1049,0,0,1,1048
0x9c3d11,97.7778%,1,44,45,44,1,0,0
0x9f5af8,91.6667%,1,11,12,0,0,1,11
0x502ce4,94.7368%,1,18,19,0,0,1,18
0x5f7a8d,0%,1,0,1,0,0,1,0
0x9d1221,99.1667%,1,119,120,0,0,1,119
0x5f91b7,88.8889%,1,8,9,5,0,1,3
0x58d43b,91.6667%,1,11,12,11,1,0,0
0x5a96ab,80%,1,4,5,0,0,1,4
0x5f8aaa,87.5%,1,7,8,4,0,1,3
0x4857aa,66.6667%,1,2,3,0,0,1,2
0x96e8c8,0%,1,0,1,0,1,0,0
0x54fe1a,0%,1,0,1,0,0,1,0
0x54fca0,0%,1,0,1,0,0,1,0
0x9eb28f,50%,1,1,2,1,1,0,0
0x96e85c,0%,1,0,1,0,0,1,0
0x9a3311,0%,1,0,1,0,0,1,0
0xa56ed6,99.6124%,1,257,258,257,1,0,0
0x96e792,0%,1,0,1,0,0,1,0
0x96e779,0%,1,0,1,0,0,1,0
0x491646,0%,1,0,1,0,1,0,0
0x9a310f,0%,1,0,1,0,1,0,0
0xa97e6c,50%,1,1,2,0,0,1,1
0xa4d1a2,75%,1,3,4,0,0,1,3
0x9a30d4,0%,1,0,1,0,1,0,0
0x80e7a2,99.3333%,1,149,150,0,0,1,149
0x99abdf,0%,1,0,1,0,1,0,0
0x80a8f6,99.8811%,1,840,841,840,1,0,0
0xa56fbf,99.0741%,1,107,108,0,0,1,107
0x49cf1f,0%,1,0,1,0,0,1,0
0xa99975,0%,1,0,1,0,0,1,0
0x99cfa1,88.8889%,1,8,9,0,0,1,8
0x817523,50%,1,1,2,0,0,1,1
0x666eaa,66.6667%,1,2,3,0,0,1,2
0xa57001,96.6667%,1,29,30,29,1,0,0
0x9d699d,50%,1,1,2,1,1,0,0
0xa042b9,0%,1,0,1,0,0,1,0
0xa042b0,0%,1,0,1,0,0,1,0
0xa04282,0%,1,0,1,0,1,0,0
0xa04223,50%,1,1,2,0,0,1,1
0xa4de6f,98.7654%,1,80,81,80,1,0,0
0x96eadd,0%,1,0,1,0,1,0,0
0xa4704d,95.4545%,1,21,22,21,1,0,0
0xa04424,0%,1,0,1,0,1,0,0
0x96ec41,0%,1,0,1,0,0,1,0
0xa4ccbb,75%,1,3,4,0,0,1,3
0x96e49f,0%,1,0,1,0,0,1,0
0x96e3a2,0%,1,0,1,0,0,1,0
0x9a1a78,0%,1,0,1,0,1,0,0
0x9a1a57,0%,1,0,1,0,1,0,0
0x9a1a40,0%,1,0,1,0,0,1,0
0x96e38b,50%,1,1,2,0,0,1,1
0xa4cde6,75%,1,3,4,0,0,1,3
0x96eb50,0%,1,0,1,0,0,1,0
0x9a0c6f,85.7143%,1,6,7,0,0,1,6
0xa2612e,0%,1,0,1,0,1,0,0
0x63f0bd,50%,1,1,2,1,1,0,0
0xb49ca7,66.6667%,1,2,3,0,0,1,2
0x96eac3,0%,1,0,1,0,0,1,0
0xa45f32,75%,1,3,4,0,0,1,3
0x96ea84,0%,1,0,1,0,1,0,0
0x9eb0b4,50%,1,1,2,0,0,1,1
0xa2610c,0%,1,0,1,0,1,0,0
0x96ea3a,0%,1,0,1,0,1,0,0
0x96ea0b,0%,1,0,1,0,0,1,0
0x6704e0,50%,1,1,2,0,0,1,1
0x487a00,50%,1,1,2,0,0,1,1
0x4ad029,75%,1,3,4,0,0,1,3
0x96e9a9,0%,1,0,1,0,1,0,0
0x49d224,0%,1,0,1,0,1,0,0
0x40e409,75%,1,3,4,3,1,0,0
0x49d137,50%,1,1,2,0,0,1,1
0xa28a5b,93.75%,1,15,16,15,1,0,0
0xa64c61,50%,1,1,2,0,0,1,1
0xa64be7,83.3333%,1,5,6,0,0,1,5
0x49139d,99.3789%,1,160,161,2,1,0,158
0x4913ae,99.3789%,1,160,161,0,0,1,160
0x618613,50%,1,1,2,1,1,0,0
0x4914f6,99.3711%,1,158,159,0,0,1,158
0x5f146f,99.3671%,1,157,158,0,0,1,157
0x78d265,50%,1,1,2,0,0,1,1
0xa4f715,97.3684%,1,37,38,0,0,1,37
0x78d24c,50%,1,1,2,0,0,1,1
0x81c081,98.8235%,1,84,85,0,0,1,84
0x80f47a,99.4318%,1,175,176,0,0,1,175
0x80f207,99.4118%,1,169,170,0,0,1,169
0x810537,97.0588%,1,33,34,33,1,0,0
0x59c948,99.3827%,1,161,162,0,0,1,161
0x96e398,50%,1,1,2,0,1,0,1
0xa28845,93.75%,1,15,16,15,1,0,0
0x9a8b8e,98.3871%,1,61,62,0,0,1,61
0x59c950,99.3827%,1,161,162,161,1,0,0
0x80d6a0,50%,1,1,2,0,0,1,1
0x9ff778,50%,1,1,2,0,0,1,1
0x9ff75a,50%,1,1,2,0,0,1,1
0x4bfcb1,93.75%,1,15,16,15,1,0,0
0x9ff663,80%,1,4,5,0,0,1,4
0x80d610,50%,1,1,2,1,1,0,0
0x5e7790,75%,1,3,4,0,0,1,3
0x494db1,99.3671%,1,157,158,0,0,1,157
0xaa8fb4,95.6522%,1,22,23,0,0,1,22
0x8d2885,94.1176%,1,16,17,0,0,1,16
0x5bc630,99.1597%,1,118,119,118,1,0,0
0x4a03ae,98.3333%,1,59,60,0,0,1,59
0x481787,97.3684%,1,37,38,37,1,0,0
0xa574ef,98.9011%,1,90,91,0,0,1,90
0x63bbd6,66.6667%,1,2,3,0,0,1,2
0xa040e7,83.3333%,1,5,6,0,1,0,5
0x6388aa,90.9091%,1,10,11,10,1,0,0
0xa573d0,96.1538%,1,25,26,25,1,0,0
0xa541da,99.8551%,1,689,690,0,0,1,689
0x59f9c9,75%,1,3,4,3,1,0,0
0x4039ce,50%,1,1,2,0,0,1,1
0x8ec309,0%,1,0,1,0,0,1,0
0x50ef69,87.5%,1,7,8,5,1,0,2
0x49214a,0%,1,0,1,0,0,1,0
0x8dfff9,91.6667%,1,11,12,11,1,0,0
0x8dffec,91.6667%,1,11,12,0,0,1,11
0xa06392,50%,1,1,2,1,1,0,0
0x9ea991,50%,1,1,2,0,0,1,1
0xa5418a,75%,1,3,4,3,1,0,0
0x64cd4d,96%,1,24,25,24,1,0,0
0x8dec29,83.3333%,1,5,6,5,1,0,0
0x810a05,87.5%,1,7,8,7,1,0,0
0x551207,94.1176%,1,16,17,16,1,0,0
0xa5797f,97.6744%,1,42,43,0,0,1,42
0x8deca1,50%,1,1,2,1,1,0,0
0x804bd7,90%,1,9,10,8,1,0,1
0x80d95f,99.0566%,1,105,106,0,0,1,105
0x9be610,50%,1,1,2,1,1,0,0
0x80dda7,99.1228%,1,113,114,113,1,0,0
0xa64ae1,50%,1,1,2,1,1,0,0
0x9f4a4c,66.6667%,1,2,3,2,1,0,0
0x49ae9a,97.4359%,1,38,39,0,0,1,38
0x9ebb1a,99.5146%,1,205,206,205,1,0,0
0x9fcb75,96%,1,24,25,0,0,1,24
0x9e2d60,93.75%,1,15,16,0,0,1,15
0x4b5efb,75%,1,3,4,0,0,1,3
0x9fcbe3,96%,1,24,25,0,0,1,24
0x4b9e74,99.5305%,1,212,213,0,0,1,212
0x9f5c08,91.6667%,1,11,12,11,1,0,0
0x8f1fa6,99.115%,1,112,113,112,1,0,0
0xaab94b,98.9474%,1,94,95,0,0,1,94
0xa08f4d,85.7143%,1,6,7,0,1,0,6
0x9ebcb7,98.4127%,1,62,63,7,0,1,55
0xa41ed5,96.7742%,1,30,31,0,0,1,30
0x5b2aa4,97.7778%,1,44,45,44,1,0,0
0xa043b6,0%,1,0,1,0,0,1,0
0x9f6a9d,97.2222%,1,35,36,0,0,1,35
0x482054,90.9091%,1,10,11,10,1,0,0
0x8aaa3c,98.4127%,1,62,63,62,1,0,0
0x9ea063,50%,1,1,2,1,1,0,0
0xa55a52,50%,1,1,2,0,0,1,1
0xa01831,75%,1,3,4,2,0,1,1
0xa559ed,75%,1,3,4,0,0,1,3
0x9fcd20,85.7143%,1,6,7,6,1,0,0
0x9fcd41,85.7143%,1,6,7,6,1,0,0
0x5def47,0%,1,0,1,0,1,0,0
0xa55115,50%,1,1,2,1,1,0,0
0xa01a9b,50%,1,1,2,1,1,0,0
0xa01b18,98.5294%,1,67,68,0,0,1,67
0xa4f82a,50%,1,1,2,0,0,1,1
0xa01b51,98.5294%,1,67,68,0,0,1,67
0xa4ed87,50%,1,1,2,0,0,1,1
0x4b6503,99.1304%,1,114,115,114,1,0,0
0x9be47f,96.875%,1,31,32,0,0,1,31
0x95b3fd,90.9091%,1,10,11,0,0,1,10
0x441dd8,90.9091%,1,10,11,10,1,0,0
0x441bb6,90.9091%,1,10,11,10,1,0,0
0x5fe51c,75%,1,3,4,3,1,0,0
0x9f3408,75%,1,3,4,1,1,0,2
0x97b84c,88.8889%,1,8,9,8,1,0,0
0x9f8864,90.9091%,1,10,11,0,0,1,10
0xa58cd3,92.3077%,1,12,13,12,1,0,0
0x9bdfa1,96.875%,1,31,32,0,0,1,31
0x441877,90.9091%,1,10,11,0,0,1,10
0xa58ba6,92.3077%,1,12,13,0,0,1,12
0x9f4a0c,0%,1,0,1,0,0,1,0
0x8e3e1e,75%,1,3,4,0,0,1,3
0x9f491a,75%,1,3,4,0,0,1,3
0x9f4848,87.5%,1,7,8,0,0,1,7
0xa54667,50%,1,1,2,1,1,0,0
0x9fe182,96%,1,24,25,0,0,1,24
0x9f527d,90.9091%,1,10,11,10,1,0,0
0x9fe1a7,96%,1,24,25,0,0,1,24
0x9be4c4,50%,1,1,2,1,1,0,0
0x9e9ffc,50%,1,1,2,0,0,1,1
0x5f4e4e,0%,1,0,1,0,0,1,0
0x9eb340,50%,1,1,2,0,0,1,1
0x9f3dc9,90%,1,9,10,0,0,1,9
0x441777,90.9091%,1,10,11,0,0,1,10
0x9f5cfa,85.7143%,1,6,7,0,1,0,6
0x502d65,99.4737%,1,189,190,189,1,0,0
0x4415f7,90.9091%,1,10,11,0,0,1,10
0x9f3db3,94.1176%,1,16,17,0,0,1,16
0x8aa9f2,98.4127%,1,62,63,62,1,0,0
0x49bf9a,83.3333%,1,5,6,0,0,1,5
0xa389af,66.6667%,1,2,3,2,1,0,0
0x8149aa,50%,1,1,2,0,0,1,1
0xa02c07,50%,1,1,2,0,0,1,1
0x5ae5c6,96%,1,24,25,0,0,1,24
0x5d6c46,66.6667%,1,2,3,0,0,1,2
0x9ea2a2,50%,1,1,2,0,0,1,1
0x9d9255,50%,1,1,2,1,1,0,0
0x9fe62b,75%,1,3,4,3,1,0,0
0x5d20aa,66.6667%,1,2,3,0,0,1,2
0x9ea4a7,98.6111%,1,71,72,0,0,1,71
0xa08c85,75%,1,3,4,0,0,1,3
0x5d2026,66.6667%,1,2,3,0,0,1,2
0xa359d2,99.4286%,1,174,175,0,0,1,174
0x97b9df,99.1228%,1,113,114,0,0,1,113
0x9e50e2,91.6667%,1,11,12,11,1,0,0
0x5e39e4,66.6667%,1,2,3,2,1,0,0
0x97b94f,99.1228%,1,113,114,0,0,1,113
0x96e7d9,0%,1,0,1,0,0,1,0
0x9e5f5c,94.4444%,1,17,18,0,0,1,17
0xa4b9a1,75%,1,3,4,3,1,0,0
0x4acb66,0%,1,0,1,0,1,0,0
0x64a50f,50%,1,1,2,1,1,0,0
0x97b6f7,50%,1,1,2,0,0,1,1
0x9ea817,96.875%,1,31,32,0,0,1,31
0x97362f,88.8889%,1,8,9,0,0,1,8
0x4ac91f,66.6667%,1,2,3,0,1,0,2
0x9ebfd4,95%,1,19,20,10,0,1,9
0xa32c4e,99.8921%,1,926,927,0,0,1,926
0x900262,91.6667%,1,11,12,11,1,0,0
0xa041d6,75%,1,3,4,3,1,0,0
0xa4ece9,95.4545%,1,21,22,21,1,0,0
0xa5465b,50%,1,1,2,0,0,1,1
0xa545d7,87.5%,1,7,8,0,0,1,7
0x78089e,50%,1,1,2,1,1,0,0
0xa53224,50%,1,1,2,0,0,1,1
0xa02ec2,50%,1,1,2,0,0,1,1
0xa53119,50%,1,1,2,0,0,1,1
0xa53764,87.5%,1,7,8,0,0,1,7
0xa536fd,87.5%,1,7,8,0,0,1,7
0x49535c,0%,1,0,1,0,0,1,0
0xa030bc,98.6842%,1,75,76,0,0,1,75
0x9bcaf2,50%,1,1,2,1,1,0,0
0xa030a7,96.5517%,1,28,29,28,1,0,0
0xa534db,50%,1,1,2,0,0,1,1
0x80671e,90%,1,9,10,0,0,1,9
0x491b3a,50%,1,1,2,0,0,1,1
0x65b2c0,92.8571%,1,13,14,0,0,1,13
0xa60cdc,66.6667%,1,2,3,0,0,1,2
0xa0395e,98.6842%,1,75,76,75,1,0,0
0xaa7f67,66.6667%,1,2,3,0,0,1,2
0x5cf346,75%,1,3,4,0,0,1,3
0x9e7f27,75%,1,3,4,3,1,0,0
0xa03ae4,99.1597%,1,118,119,118,1,0,0
0x9f4c38,99.6743%,1,306,307,0,0,1,306
0x5d039b,66.6667%,1,2,3,2,1,0,0
0x9e3d30,50%,1,1,2,1,1,0,0
0x9e7b7e,50%,1,1,2,1,1,0,0
0x9e7b4a,50%,1,1,2,1,1,0,0
0x9e7483,50%,1,1,2,0,0,1,1
0x9e400f,94.7368%,1,18,19,0,0,1,18
0x63f3d2,50%,1,1,2,0,0,1,1
0x9bd9ee,91.6667%,1,11,12,0,0,1,11
0xa5b460,75%,1,3,4,3,1,0,0
0x9be886,91.6667%,1,11,12,11,1,0,0
0x9be975,93.75%,1,15,16,0,0,1,15
0x9f3f52,99.3939%,1,164,165,0,0,1,164
0xa556d5,98.7952%,1,82,83,82,1,0,0
0x9bdca5,96.4286%,1,27,28,27,1,0,0
0x4b90cb,88.8889%,1,8,9,0,0,1,8
0x5f12b2,98.4375%,1,63,64,1,1,0,62
0x4b6ca2,94.4444%,1,17,18,9,0,1,8
0x8e2718,99.9254%,1,1340,1341,0,0,1,1340
0xa411e5,96%,1,24,25,24,1,0,0
0xa5b54e,94.7368%,1,18,19,0,0,1,18
0x5ef8d0,94.1176%,1,16,17,0,0,1,16
0xa5b4f3,88.8889%,1,8,9,0,0,1,8
0x4c26c8,92.3077%,1,12,13,12,1,0,0
0xa07937,83.3333%,1,5,6,0,1,0,5
0x53df00,99.7543%,1,406,407,406,1,0,0
0x668117,99.5833%,1,239,240,239,1,0,0
0x5a94d7,80%,1,4,5,4,1,0,0
0x4946d3,50%,1,1,2,1,1,0,0
0x5a94f1,80%,1,4,5,0,0,1,4
0x945cf3,94.7368%,1,18,19,18,1,0,0
0x487702,93.3333%,1,14,15,0,1,0,14
0x5fdcb7,0%,1,0,1,0,1,0,0
0x4a21bd,87.5%,1,7,8,0,0,1,7
0x48778e,95.8333%,1,23,24,0,0,1,23
0x7bdd31,75%,1,3,4,0,0,1,3
0x8e26e1,99.9301%,1,1429,1430,0,0,1,1429
0xa50d5d,75%,1,3,4,0,0,1,3
0x7941fd,80%,1,4,5,0,0,1,4
0xa085ab,80%,1,4,5,0,0,1,4
0x670d05,50%,1,1,2,0,0,1,1
0x4b7a5f,50%,1,1,2,0,0,1,1
0xa0028c,88.8889%,1,8,9,8,1,0,0
0x97133d,80%,1,4,5,0,0,1,4
0x97132c,85.7143%,1,6,7,5,0,1,1
0xa64cd8,75%,1,3,4,0,0,1,3
0x970fbe,91.6667%,1,11,12,0,0,1,11
0x970fa2,85.7143%,1,6,7,6,1,0,0
0x4b9adb,92.3077%,1,12,13,5,1,0,7
0x4b96c8,92.3077%,1,12,13,2,1,0,10
0x81905d,97.0588%,1,33,34,0,0,1,33
0x9ed1a4,83.3333%,1,5,6,0,0,1,5
0x4b8f27,75%,1,3,4,0,1,0,3
0x494a9d,50%,1,1,2,1,1,0,0
0x9f4eb2,99.1736%,1,120,121,0,0,1,120
0x4c4cbb,93.3333%,1,14,15,0,0,1,14
0x9bd3d5,91.6667%,1,11,12,11,1,0,0
0x4be4fd,85.7143%,1,6,7,6,1,0,0
0x9a6837,99.3197%,1,146,147,0,0,1,146
0xa5081c,75%,1,3,4,3,1,0,0
0xa5aa9e,66.6667%,1,2,3,0,0,1,2
0xa50892,75%,1,3,4,0,0,1,3
0x9a683f,99.3197%,1,146,147,0,0,1,146
0xa5a170,90%,1,9,10,9,1,0,0
0xa5a15b,90%,1,9,10,0,0,1,9
0x4c3833,92.3077%,1,12,13,0,0,1,12
0x5f5558,98.2143%,1,55,56,0,0,1,55
0x4876c2,66.6667%,1,2,3,2,1,0,0
0x4c3826,92.3077%,1,12,13,0,0,1,12
0x4b8061,90.9091%,1,10,11,0,0,1,10
0x4c563e,95.8333%,1,23,24,0,0,1,23
0x4c40b0,98.913%,1,91,92,91,1,0,0
0x4bbf60,98.2143%,1,55,56,55,1,0,0
0xa04153,0%,1,0,1,0,0,1,0
0xa5968b,96.5517%,1,28,29,0,0,1,28
0x5b2b84,97.7778%,1,44,45,44,1,0,0
0x4b87ff,87.5%,1,7,8,7,1,0,0
0x8ecacc,50%,1,1,2,1,1,0,0
0xa64af4,50%,1,1,2,1,1,0,0
0x4be836,93.3333%,1,14,15,0,0,1,14
0xa5119c,75%,1,3,4,0,0,1,3
0x4be7b2,88.8889%,1,8,9,0,0,1,8
0xa917cc,96.875%,1,31,32,31,1,0,0
0x980b6b,66.6667%,1,2,3,2,1,0,0
0x4024b7,99.0909%,1,109,110,107,1,0,2
0x88a0de,95.4545%,1,21,22,21,1,0,0
0x4be300,93.3333%,1,14,15,14,1,0,0
0xae7059,98.5714%,1,69,70,69,0,1,0
0x4b7a49,90.9091%,1,10,11,0,0,1,10
0x5ecdcf,87.5%,1,7,8,0,0,1,7
0x491b8b,0%,1,0,1,0,0,1,0
0x49b264,50%,1,1,2,0,0,1,1
0x99f742,92.3077%,1,12,13,12,1,0,0
0x49be7a,50%,1,1,2,0,0,1,1
0xa9d00d,50%,1,1,2,0,0,1,1
0xa9d082,50%,1,1,2,1,1,0,0
0x493575,93.3333%,1,14,15,0,0,1,14
0xa51632,99.3827%,1,161,162,0,0,1,161
0x94dd1b,99.8296%,1,586,587,0,0,1,586
0xa9ef22,75%,1,3,4,1,1,0,2
0xa58e35,99.3151%,1,145,146,0,0,1,145
0x5d8c55,90%,1,9,10,0,0,1,9
0x4c7486,94.4444%,1,17,18,0,0,1,17
0x4c7204,94.4444%,1,17,18,17,1,0,0
0x4c7138,0%,1,0,1,0,1,0,0
0x4c44ed,92.8571%,1,13,14,0,0,1,13
0x492c8e,75%,1,3,4,0,0,1,3
0x4c4906,98.3333%,1,59,60,58,0,1,1
0x5f5a4d,50%,1,1,2,0,0,1,1
0x4bf177,93.3333%,1,14,15,0,0,1,14
0x492ecf,98.4375%,1,63,64,0,0,1,63
0x4c1cec,98.3607%,1,60,61,60,1,0,0
0x4c5d8d,87.5%,1,7,8,0,0,1,7
0x5ae277,97.561%,1,40,41,40,1,0,0
0x959ede,75%,1,3,4,3,1,0,0
0x5ae3e4,97.561%,1,40,41,40,1,0,0
0x4929b9,50%,1,1,2,0,0,1,1
0xa58ddd,99.1379%,1,115,116,0,0,1,115
0x9488ed,95.4545%,1,21,22,0,0,1,21
0x5af3a1,98.3871%,1,61,62,61,1,0,0
0x4c7631,75%,1,3,4,3,1,0,0
0x7b5dde,75%,1,3,4,3,1,0,0
0x4c4455,98.75%,1,79,80,0,0,1,79
0x58e286,98.6667%,1,74,75,74,1,0,0
0xa55fc0,99.7613%,1,418,419,418,1,0,0
0x4919e0,50%,1,1,2,0,0,1,1
0x5c4500,97.2973%,1,36,37,36,1,0,0
0x952427,50%,1,1,2,0,0,1,1
0x5b26f9,97.8723%,1,46,47,46,1,0,0
0x4c0247,98.5294%,1,67,68,0,0,1,67
0x4bf4da,98.5294%,1,67,68,30,0,1,37
0x8d20eb,50%,1,1,2,0,0,1,1
0x80689b,94.1176%,1,16,17,0,0,1,16
0x806882,98.6667%,1,74,75,0,0,1,74
0x8045b2,87.5%,1,7,8,0,1,0,7
0x5f30b1,50%,1,1,2,0,0,1,1
0x5f1cc1,85.7143%,1,6,7,6,1,0,0
0xaa5c5c,97.0588%,1,33,34,33,1,0,0
0x49c235,75%,1,3,4,0,0,1,3
0x5f1d05,85.7143%,1,6,7,6,1,0,0
0x8041b3,80%,1,4,5,0,0,1,4
0x8063a3,95.8333%,1,23,24,0,0,1,23
0x647c31,97.6744%,1,42,43,0,0,1,42
0x806321,83.3333%,1,5,6,0,0,1,5
0x8ed137,83.3333%,1,5,6,2,0,1,3
0x80412a,98.3333%,1,59,60,0,0,1,59
0x8040e2,98.3333%,1,59,60,0,0,1,59
0x8045ea,94.1176%,1,16,17,0,0,1,16
0x5be7e6,50%,1,1,2,0,0,1,1
0x5be7ca,50%,1,1,2,0,0,1,1
0x5f1f51,97.2222%,1,35,36,35,1,0,0
0x5f1fa6,97.2222%,1,35,36,35,1,0,0
0x9a1fa5,99.5074%,1,202,203,202,1,0,0
0x4c7571,94.4444%,1,17,18,2,1,0,15
0x942ae1,87.5%,1,7,8,0,0,1,7
0x7c692d,50%,1,1,2,0,0,1,1
0xa4e87a,50%,1,1,2,1,1,0,0
0x8060ef,50%,1,1,2,1,1,0,0
0x7c6916,50%,1,1,2,0,0,1,1
0x915c66,50%,1,1,2,0,0,1,1
0xaa57c8,50%,1,1,2,0,0,1,1
0x4c5c01,97.6744%,1,42,43,0,0,1,42
0xab3303,97.619%,1,41,42,0,0,1,41
0x80be67,80%,1,4,5,0,0,1,4
0x9ff5b4,97.5%,1,39,40,0,0,1,39
0xa4ecd9,99.2754%,1,137,138,137,1,0,0
0x9f68c4,99.6587%,1,292,293,292,1,0,0
0x4928e2,0%,1,0,1,0,0,1,0
0xa2869a,0%,1,0,1,0,1,0,0
0xa2866e,0%,1,0,1,0,1,0,0
0x80c046,98.1132%,1,52,53,0,0,1,52
0xa2862f,0%,1,0,1,0,1,0,0
0x4928ef,0%,1,0,1,0,1,0,0
0xa28610,50%,1,1,2,1,0,1,0
0x80babd,97.7273%,1,43,44,0,0,1,43
0x5f2f1c,0%,1,0,1,0,1,0,0
0x9ebff3,95%,1,19,20,9,1,0,10
0xa2852a,99.375%,1,159,160,0,0,1,159
0x5f3c2e,75%,1,3,4,2,0,1,1
0x64758a,95.2381%,1,20,21,20,1,0,0
0x8096ff,85.7143%,1,6,7,1,1,0,5
0xa4eda8,99.3827%,1,161,162,0,0,1,161
0x804d56,50%,1,1,2,0,0,1,1
0x803987,50%,1,1,2,1,1,0,0
0x803963,50%,1,1,2,1,1,0,0
0x6472b1,95%,1,19,20,0,0,1,19
0x6472bb,95%,1,19,20,0,0,1,19
0x96ad9c,95.2381%,1,20,21,20,1,0,0
0x97516c,94.7368%,1,18,19,0,0,1,18
0x8bc0ac,50%,1,1,2,0,0,1,1
0x6475ff,95.2381%,1,20,21,20,1,0,0
0x8047ae,50%,1,1,2,0,0,1,1
0x838942,80%,1,4,5,0,1,0,4
0x5508fb,95.2381%,1,20,21,20,1,0,0
0x66f3b9,50%,1,1,2,0,0,1,1
0x4b5460,50%,1,1,2,1,1,0,0
0xa37202,90%,1,9,10,9,1,0,0
0x5f30d2,85.7143%,1,6,7,0,1,0,6
0x4c280d,0%,1,0,1,0,0,1,0
0x5a9460,98.5075%,1,66,67,0,0,1,66
0x97827e,83.3333%,1,5,6,5,1,0,0
0x4c2803,0%,1,0,1,0,0,1,0
0x97824b,94.7368%,1,18,19,0,0,1,18
0x4b6013,0%,1,0,1,0,1,0,0
0xa069b3,50%,1,1,2,0,0,1,1
0x4bb311,93.3333%,1,14,15,0,0,1,14
0x4bc2b9,0%,1,0,1,0,1,0,0
0x5f37fd,66.6667%,1,2,3,0,0,1,2
0x7b8bdd,0%,1,0,1,0,1,0,0
0x58cbc7,85.7143%,1,6,7,0,0,1,6
0x5031d3,50%,1,1,2,1,1,0,0
0x59c904,66.6667%,1,2,3,1,0,1,1
0x4b8520,66.6667%,1,2,3,0,1,0,2
0xa41b02,99.6255%,1,266,267,0,0,1,266
0x5f45ee,50%,1,1,2,0,0,1,1
0x5f460d,50%,1,1,2,0,1,0,1
0x4bdf7b,75%,1,3,4,0,0,1,3
0x5f4659,50%,1,1,2,1,1,0,0
0x81b482,83.3333%,1,5,6,5,1,0,0
0x647219,95.2381%,1,20,21,20,1,0,0
0x5f4834,50%,1,1,2,0,0,1,1
0x9a772a,92.8571%,1,13,14,13,1,0,0
0x5f4860,0%,1,0,1,0,0,1,0
0x9e6264,50%,1,1,2,0,0,1,1
0x5ef9f1,0%,1,0,1,0,0,1,0
0xaa57e6,50%,1,1,2,0,0,1,1
0x49c3f3,50%,1,1,2,0,0,1,1
0x8d3dbf,96.7742%,1,30,31,0,0,1,30
0x8d3dab,96.7742%,1,30,31,0,0,1,30
0xa34089,98.9362%,1,93,94,0,0,1,93
0x8d3d97,96.7742%,1,30,31,0,0,1,30
0x8d3d53,96.7742%,1,30,31,0,0,1,30
0x8d3a33,90%,1,9,10,0,0,1,9
0x8d4389,50%,1,1,2,0,1,0,1
0x8d4273,90.9091%,1,10,11,10,1,0,0
0xa723bf,75%,1,3,4,0,0,1,3
0xa4e035,50%,1,1,2,0,0,1,1
0x649146,50%,1,1,2,0,0,1,1
0x8d4110,90.9091%,1,10,11,0,0,1,10
0x98d079,85.7143%,1,6,7,0,0,1,6
0xa02a48,91.6667%,1,11,12,11,1,0,0
0x8d3f7a,90%,1,9,10,0,0,1,9
0xa4fe0d,75%,1,3,4,0,0,1,3
0x675791,0%,1,0,1,0,1,0,0
0xa02a63,91.6667%,1,11,12,0,0,1,11
0x8b9932,90.9091%,1,10,11,0,0,1,10
0x58dc31,83.3333%,1,5,6,0,0,1,5
0x8ba2dd,96.2963%,1,26,27,0,0,1,26
0x9a7ed4,98%,1,49,50,24,1,0,25
0x8be2af,50%,1,1,2,0,0,1,1
0x96e3ad,0%,1,0,1,0,0,1,0
0x8d3834,75%,1,3,4,3,1,0,0
0x54fcc1,0%,1,0,1,0,1,0,0
0x9e81f3,95.8333%,1,23,24,23,1,0,0
0x686832,99.3711%,1,158,159,0,0,1,158
0x7c1696,75%,1,3,4,0,0,1,3
0xa54308,94.7368%,1,18,19,0,0,1,18
0xa4580f,99.6109%,1,256,257,256,1,0,0
0x4a7c22,98.0392%,1,50,51,50,1,0,0
0xa94b67,75%,1,3,4,3,1,0,0
0x5cfca9,95.8333%,1,23,24,0,0,1,23
0x984866,75%,1,3,4,3,1,0,0
0xa8f867,75%,1,3,4,0,1,0,3
0x6750b0,66.6667%,1,2,3,0,0,1,2
0x9e7b8d,50%,1,1,2,1,1,0,0
0x5b0efe,0%,1,0,1,0,0,1,0
0xa46483,99.4819%,1,192,193,0,0,1,192
0xa3d3c1,87.5%,1,7,8,7,1,0,0
0xa5aab3,66.6667%,1,2,3,0,0,1,2
0x70e8df,83.3333%,1,5,6,2,0,1,3
0x70e8ae,83.3333%,1,5,6,5,1,0,0
0x81734a,0%,1,0,1,0,1,0,0
0x7c6872,50%,1,1,2,0,0,1,1
0x692449,90%,1,9,10,9,1,0,0
0x4b589f,99.6296%,1,269,270,0,0,1,269
0x973b63,90%,1,9,10,0,0,1,9
0x7d1f04,75%,1,3,4,3,1,0,0
0xaa05cb,98.5294%,1,67,68,0,1,0,67
0x9f3cc6,90%,1,9,10,0,0,1,9
0x7180a4,0%,1,0,1,0,0,1,0
0x6ec04d,0%,1,0,1,0,1,0,0
0x4c9f5b,87.5%,1,7,8,0,0,1,7
0x6ebffe,0%,1,0,1,0,0,1,0
0x6ebfec,0%,1,0,1,0,0,1,0
0x6b702f,0%,1,0,1,0,1,0,0
0x6b461c,0%,1,0,1,0,1,0,0
0x9a3a35,92.3077%,1,12,13,0,0,1,12
0x6a78e8,0%,1,0,1,0,1,0,0
0x8063f3,0%,1,0,1,0,0,1,0
0x6a78c6,0%,1,0,1,0,1,0,0
0x641021,50%,1,1,2,1,1,0,0
0x6a7896,0%,1,0,1,0,0,1,0
0xa07ad4,0%,1,0,1,0,0,1,0
0x5fc09f,50%,1,1,2,0,0,1,1
0x4905c3,66.6667%,1,2,3,0,0,1,2
0x5f3c7f,66.6667%,1,2,3,2,1,0,0
0x535893,98.4375%,1,63,64,0,1,0,63
0x808987,95.6522%,1,22,23,0,1,0,22
0x8f38fb,99.8755%,1,802,803,802,1,0,0
0x54fdcc,0%,1,0,1,0,1,0,0
0x8081a8,96.2963%,1,26,27,26,1,0,0
0xa43073,75%,1,3,4,3,1,0,0
0x5bedbd,50%,1,1,2,1,1,0,0
0x80aa10,66.6667%,1,2,3,0,0,1,2
0x40df58,99.0741%,1,107,108,106,0,1,1
0x911217,98.6842%,1,75,76,0,0,1,75
0xa63cff,50%,1,1,2,1,1,0,0
0x7d4257,0%,1,0,1,0,1,0,0
0x591672,66.6667%,1,2,3,0,0,1,2
0x99e826,92.3077%,1,12,13,0,0,1,12
0x9c4e40,50%,1,1,2,0,0,1,1
0xa21bc7,50%,1,1,2,0,0,1,1
0x99d32b,88.8889%,1,8,9,0,0,1,8
0x8fcde5,97.7273%,1,43,44,43,1,0,0
0x81912c,97.0588%,1,33,34,0,0,1,33
0x81b086,97.0588%,1,33,34,0,0,1,33
0x9f413c,96.9697%,1,32,33,0,0,1,32
0xa51e49,97.4359%,1,38,39,0,0,1,38
0x4a7d67,0%,1,0,1,0,0,1,0
0x96e816,0%,1,0,1,0,0,1,0
0x9049fc,99.4595%,1,184,185,0,0,1,184
0x8df2c5,95.8333%,1,23,24,15,1,0,8
0x7930c4,50%,1,1,2,0,0,1,1
0x90685e,98.7342%,1,78,79,0,0,1,78
0x8d20f7,50%,1,1,2,1,1,0,0
0xa965cb,87.5%,1,7,8,7,1,0,0
0x618a08,98.5714%,1,69,70,69,1,0,0
0x8e35db,99.7797%,1,453,454,0,0,1,453
0x6ed74e,0%,1,0,1,0,1,0,0
0x8a5125,50%,1,1,2,0,0,1,1
0x58e840,83.3333%,1,5,6,5,1,0,0
0x6994d6,0%,1,0,1,0,1,0,0
0xa30e43,99.1071%,1,111,112,111,1,0,0
0x6994d1,0%,1,0,1,0,0,1,0
0x69947e,0%,1,0,1,0,1,0,0
0x699471,0%,1,0,1,0,0,1,0
0x699443,0%,1,0,1,0,1,0,0
0x699436,0%,1,0,1,0,0,1,0
0x511dc3,99.7396%,1,383,384,0,0,1,383
0x811e07,99.968%,1,3125,3126,0,0,1,3125
0xa478fd,92.8571%,1,13,14,0,0,1,13
0x67f390,50%,1,1,2,0,0,1,1
0x9ff6b3,80%,1,4,5,0,0,1,4
0xa3eee7,87.5%,1,7,8,0,0,1,7
0x67ec55,99.1803%,1,121,122,0,0,1,121
0x810b87,93.75%,1,15,16,0,0,1,15
0x5beca2,50%,1,1,2,1,1,0,0
0x5b52fe,50%,1,1,2,1,1,0,0
0xa5d1d5,95.8333%,1,23,24,0,0,1,23
0x8fd4f6,99.6337%,1,272,273,0,0,1,272
0x5bb64a,95.6522%,1,22,23,0,0,1,22
0x5bb550,50%,1,1,2,1,1,0,0
0x6402e6,99.9645%,1,2817,2818,2817,1,0,0
0x7d4160,91.6667%,1,11,12,0,0,1,11
0x8eed3a,99.7041%,1,337,338,0,0,1,337
0xa1bb7c,93.3333%,1,14,15,14,1,0,0
0x66d422,98.8235%,1,84,85,84,1,0,0
0x504db8,97.3684%,1,37,38,37,1,0,0
0x8f6389,91.6667%,1,11,12,0,0,1,11
0x8f61de,91.6667%,1,11,12,11,1,0,0
0x65a115,99.9316%,1,1462,1463,0,0,1,1462
0x8ee5af,97.619%,1,41,42,0,0,1,41
0x96ebcf,0%,1,0,1,0,1,0,0
0x8ee765,99.4118%,1,169,170,0,0,1,169
0x66709e,99.3289%,1,148,149,148,1,0,0
0x495121,0%,1,0,1,0,1,0,0
0x82244c,99.4624%,1,185,186,0,0,1,185
0xa8540b,80%,1,4,5,0,0,1,4
0x8df5c3,97.5%,1,39,40,0,0,1,39
0x7180c6,0%,1,0,1,0,1,0,0
0xa2ed5e,96.5517%,1,28,29,0,0,1,28
0x666f5e,50%,1,1,2,0,0,1,1
0x4c9300,93.75%,1,15,16,0,0,1,15
0x5beaa2,50%,1,1,2,0,0,1,1
0x5beaba,50%,1,1,2,1,1,0,0
0xa062d0,50%,1,1,2,0,1,0,1
0x7d3474,91.6667%,1,11,12,11,1,0,0
0xad4562,80%,1,4,5,0,0,1,4
0x8d269e,50%,1,1,2,1,1,0,0
0x8c8d17,87.5%,1,7,8,7,1,0,0
0xaccf49,66.6667%,1,2,3,2,0,1,0
0x488e41,75%,1,3,4,0,0,1,3
0xaccb9a,66.6667%,1,2,3,0,0,1,2
0xaccb67,66.6667%,1,2,3,2,1,0,0
0x9a48f1,93.75%,1,15,16,0,0,1,15
0x666cd3,50%,1,1,2,0,0,1,1
0x8388a2,80%,1,4,5,4,1,0,0
0xa99606,90.9091%,1,10,11,10,1,0,0
0x90126d,97.5%,1,39,40,0,0,1,39
0x9fcb89,96%,1,24,25,24,1,0,0
0x7d28d7,91.6667%,1,11,12,0,0,1,11
0x81e418,99.5349%,1,214,215,0,0,1,214
0x8eefe1,98.8095%,1,83,84,83,1,0,0
0x8ede77,97.619%,1,41,42,0,0,1,41
0x5bb776,50%,1,1,2,0,0,1,1
0xa040b9,0%,1,0,1,0,0,1,0
0x5bb680,95.6522%,1,22,23,0,0,1,22
0x8bd769,95%,1,19,20,18,0,1,1
0x8f0d3f,97.5%,1,39,40,39,1,0,0
0x80beb7,85.7143%,1,6,7,1,1,0,5
0x9173c6,50%,1,1,2,1,1,0,0
0x5f568a,75%,1,3,4,3,1,0,0
0x5f5527,75%,1,3,4,0,0,1,3
0xaa483e,99.6198%,1,262,263,262,1,0,0
0x49b053,50%,1,1,2,0,0,1,1
0x591694,66.6667%,1,2,3,0,0,1,2
0x8bb163,99.6479%,1,283,284,0,0,1,283
0x556ac9,75%,1,3,4,3,1,0,0
0x5f544e,91.6667%,1,11,12,0,0,1,11
0x507c77,99.7717%,1,437,438,0,0,1,437
0x746548,80%,1,4,5,4,1,0,0
0xa5366d,83.3333%,1,5,6,5,1,0,0
0xa05f6f,80%,1,4,5,0,0,1,4
0x67e4f2,95.4545%,1,21,22,0,0,1,21
0x610776,92.3077%,1,12,13,0,0,1,12
0x671521,50%,1,1,2,0,0,1,1
0x6752fd,66.6667%,1,2,3,0,1,0,2
0x6e4454,93.75%,1,15,16,0,0,1,15
0x68b04d,75%,1,3,4,3,1,0,0
0x6d9e7b,0%,1,0,1,0,1,0,0
0x71c2aa,0%,1,0,1,0,1,0,0
0xb3ac13,0%,1,0,1,0,1,0,0
0x666cc6,50%,1,1,2,0,0,1,1
0x9ee17f,83.3333%,1,5,6,0,0,1,5
0x7b29a1,98.1132%,1,52,53,52,1,0,0
0x5f5e50,50%,1,1,2,1,1,0,0
0x5bb1e2,66.6667%,1,2,3,2,1,0,0
0xb6a10d,80%,1,4,5,0,0,1,4
0xa90c24,99.2701%,1,136,137,0,0,1,136
0x822254,99.6337%,1,272,273,0,0,1,272
0x49056c,66.6667%,1,2,3,0,0,1,2
0x9f3ad2,75%,1,3,4,3,1,0,0
0x48737d,50%,1,1,2,0,0,1,1
0x96e88d,0%,1,0,1,0,1,0,0
0x4bf6fc,96.5517%,1,28,29,0,0,1,28
0x5bbf84,50%,1,1,2,1,1,0,0
0xaa2f20,99.0196%,1,101,102,0,0,1,101
0xaccf16,66.6667%,1,2,3,2,1,0,0
0x8bf170,50%,1,1,2,0,0,1,1
0x8bf162,50%,1,1,2,0,0,1,1
0x8bf146,50%,1,1,2,0,0,1,1
0x9e3f63,94.7368%,1,18,19,0,0,1,18
0x63f80f,50%,1,1,2,0,0,1,1
0x6b4668,0%,1,0,1,0,0,1,0
0x5bc0a3,50%,1,1,2,0,0,1,1
0x63fbab,99.9461%,1,1856,1857,1856,1,0,0
0x538526,50%,1,1,2,0,1,0,1
0x9750c8,87.5%,1,7,8,7,1,0,0
0xa067e7,50%,1,1,2,0,0,1,1
0x494120,95.4545%,1,21,22,21,1,0,0
0x80f963,50%,1,1,2,1,1,0,0
0x5ff42b,85.7143%,1,6,7,2,1,0,4
0x975155,94.7368%,1,18,19,3,1,0,15
0x81c808,99.435%,1,176,177,176,1,0,0
0x4b298e,50%,1,1,2,0,0,1,1
0x9aa24e,97.2973%,1,36,37,0,0,1,36
0x63a987,99.5%,1,199,200,199,1,0,0
0x63fa31,99.8959%,1,960,961,960,1,0,0
0x8c90be,50%,1,1,2,0,0,1,1
0x81c4d3,99.7549%,1,407,408,0,0,1,407
0x53406a,50%,1,1,2,0,0,1,1
0x5f5a2e,50%,1,1,2,1,1,0,0
0x49521b,0%,1,0,1,0,0,1,0
0x50a057,99.7963%,1,490,491,0,0,1,490
0x54687c,50%,1,1,2,0,0,1,1
0x804d62,50%,1,1,2,1,1,0,0
0x65c352,0%,1,0,1,0,1,0,0
0x81afa9,50%,1,1,2,0,0,1,1
0x976eaf,80%,1,4,5,1,1,0,3
0x5b27f5,50%,1,1,2,1,1,0,0
0x4b67ab,90.9091%,1,10,11,0,0,1,10
0x9f2afa,80%,1,4,5,0,0,1,4
0x53ff13,99.7653%,1,425,426,0,0,1,425
0x480f03,94.7368%,1,18,19,18,1,0,0
0x976fbc,50%,1,1,2,0,0,1,1
0x6d9a9d,87.5%,1,7,8,7,1,0,0
0x718104,0%,1,0,1,0,0,1,0
0xa4e89d,50%,1,1,2,0,0,1,1
0x9a7ce3,91.6667%,1,11,12,0,0,1,11
0x6823c2,97.0588%,1,33,34,0,0,1,33
0x8ea0a1,66.6667%,1,2,3,0,0,1,2
0x816863,99.5575%,1,225,226,0,0,1,225
0x96e95c,0%,1,0,1,0,0,1,0
0xaaaf46,99.1935%,1,123,124,0,0,1,123
0x591c0a,50%,1,1,2,0,1,0,1
0x5dea2e,0%,1,0,1,0,1,0,0
0x5bc339,96.9697%,1,32,33,32,1,0,0
0x503f97,88.8889%,1,8,9,8,1,0,0
0x53a50f,50%,1,1,2,0,0,1,1
0x9111c0,98.6842%,1,75,76,0,0,1,75
0x44150e,90.9091%,1,10,11,0,0,1,10
0x9ec491,80%,1,4,5,0,0,1,4
0xa1ac59,80%,1,4,5,0,0,1,4
0x99e8c0,99.0476%,1,104,105,0,0,1,104
0x90fac5,50%,1,1,2,1,1,0,0
0x7c9e1a,75%,1,3,4,0,0,1,3
0x540748,50%,1,1,2,1,1,0,0
0x548ae4,75%,1,3,4,0,0,1,3
0x8efdac,99.1453%,1,116,117,4,0,1,112
0x9f068d,50%,1,1,2,1,1,0,0
0x49c859,0%,1,0,1,0,0,1,0
0x51aec3,50%,1,1,2,0,0,1,1
0x8a61ad,99.3506%,1,153,154,0,0,1,153
0xa2d49c,75%,1,3,4,0,0,1,3
0x540ebd,87.5%,1,7,8,7,1,0,0
0x815f91,50%,1,1,2,0,0,1,1
0xa3d1ae,87.5%,1,7,8,0,0,1,7
0x6757c5,0%,1,0,1,0,1,0,0
0xa2fe7d,99.639%,1,276,277,0,0,1,276
0x9d1ed6,96.4286%,1,27,28,0,0,1,27
0x8e03be,99.883%,1,854,855,0,0,1,854
0xa57324,97.561%,1,40,41,40,1,0,0
0xa4a353,95%,1,19,20,19,1,0,0
0x485ed5,95.6522%,1,22,23,0,0,1,22
0xa9c95d,97.7273%,1,43,44,0,0,1,43
0x5f53ae,50%,1,1,2,0,0,1,1
0x9ff5ca,97.5%,1,39,40,0,0,1,39
0x4a97b0,75%,1,3,4,0,0,1,3
0x8f0a72,99.1453%,1,116,117,116,1,0,0
0xa96a42,97.2973%,1,36,37,0,0,1,36
0x7b8b94,0%,1,0,1,0,0,1,0
0x8bdc8d,85.7143%,1,6,7,0,0,1,6
0x808c9a,99.9186%,1,1227,1228,0,0,1,1227
0xa95ab9,50%,1,1,2,0,0,1,1
0x811b17,50%,1,1,2,1,1,0,0
0x67f70a,99.0566%,1,105,106,105,1,0,0
0xa961ea,50%,1,1,2,0,0,1,1
0x8222d0,99.6337%,1,272,273,234,0,1,38
0x80c3d6,0%,1,0,1,0,0,1,0
0xad4580,80%,1,4,5,4,1,0,0
0x5467d2,50%,1,1,2,0,0,1,1
0x8ed906,99.4709%,1,188,189,0,0,1,188
0xa051e3,85.7143%,1,6,7,6,0,1,0
0xa54540,50%,1,1,2,0,0,1,1
0x81caf6,98.3333%,1,59,60,0,0,1,59
0x552955,94.7368%,1,18,19,18,1,0,0
0x671530,50%,1,1,2,1,1,0,0
0x9aa126,96.9697%,1,32,33,0,0,1,32
0x959803,97.9167%,1,47,48,47,1,0,0
0x4ca0b3,50%,1,1,2,1,1,0,0
0x672338,50%,1,1,2,1,1,0,0
0xa4c61c,75%,1,3,4,3,1,0,0
0x4c76f4,75%,1,3,4,3,1,0,0
0x511000,99.2958%,1,141,142,141,1,0,0
0x68373b,98.7654%,1,80,81,0,0,1,80
0x5c7898,98.75%,1,79,80,0,0,1,79
0x8f4c30,98.6842%,1,75,76,75,1,0,0
0x9ed2c7,98.2456%,1,56,57,56,1,0,0
0x4a9cf3,93.3333%,1,14,15,0,0,1,14
0x8e9630,50%,1,1,2,0,0,1,1
0x81ef57,75%,1,3,4,0,0,1,3
0x538e77,94.4444%,1,17,18,0,0,1,17
0x5a656a,50%,1,1,2,0,1,0,1
0x6f556e,99.422%,1,172,173,0,0,1,172
0x40b038,50%,1,1,2,0,0,1,1
0x80a489,50%,1,1,2,0,0,1,1
0x40bd38,75%,1,3,4,3,1,0,0
0x404965,88.8889%,1,8,9,0,0,1,8
0x97b9d5,99.1228%,1,113,114,0,0,1,113
0x99db21,95.2381%,1,20,21,20,1,0,0
0x99aa39,99.0196%,1,101,102,0,0,1,101
0x6f555f,99.6764%,1,308,309,308,1,0,0
0xa4e941,99.2754%,1,137,138,137,1,0,0
0x80ba81,75%,1,3,4,1,1,0,2
0x82201b,96.875%,1,31,32,31,1,0,0
0xb4a007,0%,1,0,1,0,0,1,0
0x6a3b08,96.1538%,1,25,26,0,0,1,25
0xa05684,80%,1,4,5,0,1,0,4
0x7d23c7,0%,1,0,1,0,1,0,0
0x80c3cd,99.2958%,1,141,142,141,0,1,0
0x9a972c,90%,1,9,10,9,1,0,0
0xa04278,50%,1,1,2,0,1,0,1
0x959173,93.75%,1,15,16,15,1,0,0
0x8a6b8b,92.3077%,1,12,13,12,1,0,0
0x90a8b9,98.6486%,1,73,74,0,0,1,73
0x8c8e3f,87.5%,1,7,8,0,0,1,7
0x4c5161,0%,1,0,1,0,1,0,0
0x4952e7,0%,1,0,1,0,1,0,0
0x9eed58,83.3333%,1,5,6,5,1,0,0
0xa97661,99.1228%,1,113,114,113,1,0,0
0x499972,93.75%,1,15,16,0,0,1,15
0x48236e,88.8889%,1,8,9,8,1,0,0
0x8f2111,94.1176%,1,16,17,15,1,0,1
0x6a3aa7,96.1538%,1,25,26,25,1,0,0
0x6a3a96,96.1538%,1,25,26,0,0,1,25
0x9173b8,50%,1,1,2,0,0,1,1
0xa41520,96%,1,24,25,0,0,1,24
0x647b7a,97.6744%,1,42,43,0,0,1,42
0xa97f1b,91.6667%,1,11,12,11,1,0,0
0x81398d,97.7273%,1,43,44,0,0,1,43
0x70c187,83.3333%,1,5,6,0,0,1,5
0x9021e4,99.1453%,1,116,117,0,0,1,116
0x48fbb5,75%,1,3,4,3,1,0,0
0x6d45c4,99.3103%,1,144,145,0,0,1,144
0x8dc554,75%,1,3,4,0,0,1,3
0x63ab91,99.8066%,1,516,517,516,1,0,0
0xa91f35,75%,1,3,4,3,1,0,0
0x640053,99.8462%,1,649,650,0,0,1,649
0x5406f9,50%,1,1,2,0,0,1,1
0xb4695e,0%,1,0,1,0,1,0,0
0x915704,99.5%,1,199,200,0,0,1,199
0x7826e1,83.3333%,1,5,6,0,0,1,5
0x54141e,97.5%,1,39,40,0,0,1,39
0x4904d6,66.6667%,1,2,3,2,1,0,0
0x49d20c,0%,1,0,1,0,0,1,0
0x959f45,75%,1,3,4,0,0,1,3
0x78f8a5,0%,1,0,1,0,1,0,0
0xb4a16c,99.8956%,1,957,958,957,1,0,0
0x9a1e24,99.2063%,1,125,126,125,1,0,0
0x9461f1,94.7368%,1,18,19,18,1,0,0
0xa21b7e,50%,1,1,2,0,0,1,1
0x4a65d6,66.6667%,1,2,3,0,0,1,2
0x9f015b,50%,1,1,2,0,0,1,1
0x68a9c5,0%,1,0,1,0,1,0,0
0x68a9b3,0%,1,0,1,0,0,1,0
0x4900dc,90%,1,9,10,0,0,1,9
0x4a7896,83.3333%,1,5,6,0,0,1,5
0x9a3a47,92.3077%,1,12,13,0,0,1,12
0xa302cb,99.4872%,1,194,195,0,0,1,194
0x60986e,99.7487%,1,397,398,0,0,1,397
0x682360,97.0588%,1,33,34,0,0,1,33
0xaabd28,75%,1,3,4,3,1,0,0
0xa561f5,99.7613%,1,418,419,0,0,1,418
0x5beada,50%,1,1,2,1,1,0,0
0x94d805,99.8127%,1,533,534,0,0,1,533
0x80a692,50%,1,1,2,1,0,1,0
0x8bf154,50%,1,1,2,0,0,1,1
0x5f4858,50%,1,1,2,0,1,0,1
0x63ccea,99.5%,1,199,200,199,1,0,0
0x9d0644,98.3871%,1,61,62,0,0,1,61
0x5b2868,50%,1,1,2,0,0,1,1
0x81edc3,99.5968%,1,247,248,0,0,1,247
0x6f1710,91.6667%,1,11,12,0,0,1,11
0x70c279,83.3333%,1,5,6,0,0,1,5
0x8e036a,99.8246%,1,569,570,0,0,1,569
0x820a32,87.5%,1,7,8,0,0,1,7
0x917543,99.5%,1,199,200,0,0,1,199
0x99e6c7,92.3077%,1,12,13,0,0,1,12
0x58f3b5,98.0769%,1,51,52,51,1,0,0
0x6229aa,90%,1,9,10,9,1,0,0
0xa04bf5,97.3684%,1,37,38,37,1,0,0
0x6f09e1,93.75%,1,15,16,0,0,1,15
0xa9ea39,99.4048%,1,167,168,167,1,0,0
0x9c5115,87.5%,1,7,8,7,1,0,0
0x47f1a6,0%,1,0,1,0,1,0,0
0x9a3ab3,50%,1,1,2,0,0,1,1
0x9d1bd4,94.1176%,1,16,17,0,0,1,16
0x48d93c,50%,1,1,2,1,1,0,0
0x482155,94.7368%,1,18,19,18,1,0,0
0x782814,50%,1,1,2,1,1,0,0
0x99a9da,99.0196%,1,101,102,101,1,0,0
0x8118a6,50%,1,1,2,0,0,1,1
0x5f5bcb,50%,1,1,2,0,0,1,1
0x99ad9b,99.5192%,1,207,208,0,0,1,207
0xa2dbec,75%,1,3,4,0,0,1,3
0x97384f,97.5%,1,39,40,0,0,1,39
0x666d77,66.6667%,1,2,3,0,0,1,2
0xaa3065,99.0196%,1,101,102,0,0,1,101
0x40460b,88.8889%,1,8,9,0,0,1,8
0xa55a33,50%,1,1,2,0,0,1,1
0x59edb5,87.5%,1,7,8,0,0,1,7
0x4a6dd1,96.4286%,1,27,28,0,0,1,27
0xa28a30,93.75%,1,15,16,15,1,0,0
0xb1c353,99.0196%,1,101,102,101,1,0,0
0xa15af8,83.3333%,1,5,6,0,0,1,5
0x8a8827,92.8571%,1,13,14,2,0,1,11
0x901a4e,96.5517%,1,28,29,0,0,1,28
0xa2f209,0%,1,0,1,0,0,1,0
0x48782d,0%,1,0,1,0,0,1,0
0x68054a,94.7368%,1,18,19,18,1,0,0
0xa3b162,75%,1,3,4,3,1,0,0
0x5fbc23,50%,1,1,2,1,1,0,0
0xa2a9f3,99.115%,1,112,113,112,1,0,0
0x8a95ea,91.6667%,1,11,12,11,1,0,0
0x81b797,94.7368%,1,18,19,0,0,1,18
0x4a86db,50%,1,1,2,0,0,1,1
0x9f3c81,0%,1,0,1,0,0,1,0
0x50fb17,90%,1,9,10,0,0,1,9
0x99e8af,99.0476%,1,104,105,0,0,1,104
0x5ffa6a,97.8261%,1,45,46,45,1,0,0
0x809c29,50%,1,1,2,0,0,1,1
0x4ca0ae,50%,1,1,2,0,0,1,1
0x606901,92.8571%,1,13,14,13,1,0,0
0x973c2e,90%,1,9,10,1,1,0,8
0x69de1a,91.6667%,1,11,12,11,1,0,0
0xa63c51,50%,1,1,2,0,1,0,1
0x99dea8,93.3333%,1,14,15,0,0,1,14
0x8deab8,99.2188%,1,127,128,0,0,1,127
0x99dd23,93.3333%,1,14,15,0,0,1,14
0x9d1c67,66.6667%,1,2,3,0,1,0,2
0x6109f5,92.3077%,1,12,13,0,0,1,12
0x61095f,92.3077%,1,12,13,0,0,1,12
0x48fb1c,66.6667%,1,2,3,0,0,1,2
0x95608f,0%,1,0,1,0,1,0,0
0x90d2fa,99.1935%,1,123,124,0,0,1,123
0x5908ed,95.4545%,1,21,22,0,0,1,21
0x5fab50,0%,1,0,1,0,1,0,0
0xa4165c,96%,1,24,25,0,0,1,24
0x63ee13,99.9461%,1,1856,1857,1856,1,0,0
0x7b8bae,0%,1,0,1,0,0,1,0
0x8aa8c9,99.8639%,1,734,735,734,1,0,0
0x696311,99.9101%,1,1111,1112,1111,1,0,0
0x58de24,98.6667%,1,74,75,0,0,1,74
0xa25e6f,98.7179%,1,77,78,77,1,0,0
0x9ff5be,97.5%,1,39,40,0,0,1,39
0x554e5d,99.0476%,1,104,105,104,1,0,0
0x64bae7,99.9284%,1,1396,1397,0,0,1,1396
0x8a5ae4,50%,1,1,2,0,0,1,1
0x8aebce,99.711%,1,345,346,0,0,1,345
0x4a9a5b,50%,1,1,2,0,1,0,1
0x405de2,87.5%,1,7,8,7,1,0,0
0x64ac4d,87.5%,1,7,8,7,1,0,0
0x805741,50%,1,1,2,0,0,1,1
0x95104b,50%,1,1,2,1,1,0,0
0x8a6cab,50%,1,1,2,1,1,0,0
0x9a0c75,96.4286%,1,27,28,0,0,1,27
0xa2f7ce,99.5614%,1,227,228,0,0,1,227
0xa63c5a,0%,1,0,1,0,0,1,0
0x9a3f66,96.4286%,1,27,28,0,0,1,27
0x4b9610,92.3077%,1,12,13,12,1,0,0
0x5f120b,50%,1,1,2,1,1,0,0
0x65bf7c,91.6667%,1,11,12,0,0,1,11
0x65be82,91.6667%,1,11,12,0,0,1,11
0x94a3f8,99.631%,1,270,271,0,1,0,270
0xa99d1b,90.9091%,1,10,11,0,0,1,10
0x4b539a,50%,1,1,2,0,0,1,1
0x811af9,50%,1,1,2,0,0,1,1
0x8a8bd6,95.8333%,1,23,24,0,0,1,23
0x4945ec,50%,1,1,2,0,0,1,1
0x4bd4d1,0%,1,0,1,0,1,0,0
0x4ad36a,95%,1,19,20,0,0,1,19
0x808f3a,94.1176%,1,16,17,0,0,1,16
0x83a91d,75%,1,3,4,0,1,0,3
0x59fc21,0%,1,0,1,0,1,0,0
0x5f50e6,50%,1,1,2,1,1,0,0
0xa96211,95.8333%,1,23,24,0,0,1,23
0xa06294,50%,1,1,2,0,0,1,1
0xa26244,99.0741%,1,107,108,107,1,0,0
0x8c8178,0%,1,0,1,0,0,1,0
0x8d3d3b,96.7742%,1,30,31,0,0,1,30
0x9a357a,95%,1,19,20,19,1,0,0
0x7b88e7,93.75%,1,15,16,13,1,0,2
0x9a91ec,92.8571%,1,13,14,0,0,1,13
0xa53567,87.5%,1,7,8,0,0,1,7
0x608d8a,95.2381%,1,20,21,0,0,1,20
0x49bf7e,83.3333%,1,5,6,5,1,0,0
0x4bec69,99.2857%,1,139,140,139,1,0,0
0xaa7d2b,90%,1,9,10,9,1,0,0
0x671c5b,50%,1,1,2,0,0,1,1
0x99c861,98.9796%,1,97,98,0,0,1,97
0x99af9a,85.7143%,1,6,7,0,0,1,6
0x69de4d,91.6667%,1,11,12,0,0,1,11
0x5a884a,50%,1,1,2,1,1,0,0
0x6750c9,66.6667%,1,2,3,0,1,0,2
0x4c680a,91.6667%,1,11,12,0,0,1,11
0xa31712,50%,1,1,2,1,1,0,0
0x8bcc2e,98.5714%,1,69,70,69,1,0,0
0x9a1ead,99.5074%,1,202,203,0,0,1,202
0x4a6222,66.6667%,1,2,3,0,0,1,2
0x4092c5,50%,1,1,2,1,1,0,0
0x5fa240,99.6047%,1,252,253,0,0,1,252
0x6d11ef,75%,1,3,4,3,1,0,0
0xa28753,93.75%,1,15,16,15,1,0,0
0x4b75e5,90.9091%,1,10,11,10,1,0,0
0x803847,50%,1,1,2,1,1,0,0
0xa28549,99.375%,1,159,160,0,0,1,159
0x60bc37,94.4444%,1,17,18,17,1,0,0
0xaaddd8,50%,1,1,2,0,0,1,1
0xaaddd3,50%,1,1,2,0,0,1,1
0x590cab,95%,1,19,20,1,1,0,18
0x590ca2,95%,1,19,20,0,0,1,19
0x9a1a1d,95%,1,19,20,0,0,1,19
0x590a86,94.4444%,1,17,18,17,1,0,0
0x4b3848,95%,1,19,20,19,1,0,0
0x80b744,0%,1,0,1,0,0,1,0
0x4afb84,95%,1,19,20,0,0,1,19
0xa99906,0%,1,0,1,0,1,0,0
0x9e21b9,50%,1,1,2,0,0,1,1
0x4926d0,0%,1,0,1,0,1,0,0
0x53dc6b,90%,1,9,10,0,0,1,9
0x4aaac9,98.0769%,1,51,52,0,0,1,51
0xa326c6,50%,1,1,2,0,0,1,1
0x5d0908,94.4444%,1,17,18,17,1,0,0
0x803908,50%,1,1,2,1,1,0,0
0x9a1374,96.6667%,1,29,30,29,1,0,0
0xa5b273,66.6667%,1,2,3,2,1,0,0
0xa57027,98.0769%,1,51,52,51,1,0,0
0x9a7e33,96%,1,24,25,0,0,1,24
0x6797ce,83.3333%,1,5,6,5,1,0,0
0x81281b,93.3333%,1,14,15,0,0,1,14
0x58c367,80%,1,4,5,0,1,0,4
0x5aefeb,95.4545%,1,21,22,21,1,0,0
0x4ca72b,50%,1,1,2,1,1,0,0
0x5eedc0,50%,1,1,2,1,1,0,0
0xa04260,50%,1,1,2,0,0,1,1
0x60a873,99.7468%,1,394,395,0,0,1,394
0x50d6db,99.7996%,1,498,499,0,0,1,498
0x7b0571,66.6667%,1,2,3,2,1,0,0
0x8a71e0,99.9068%,1,1072,1073,0,0,1,1072
0xa522e7,98.9691%,1,96,97,0,0,1,96
0x8a5cb0,50%,1,1,2,0,0,1,1
0x70c28c,83.3333%,1,5,6,5,1,0,0
0x5f3e65,0%,1,0,1,0,1,0,0
0x4a852d,87.5%,1,7,8,6,0,1,1
0x8a6b1c,0%,1,0,1,0,1,0,0
0x9a3358,99.3151%,1,145,146,0,0,1,145
0x4c44f8,92.8571%,1,13,14,0,0,1,13
0xa5869a,87.5%,1,7,8,7,1,0,0
0x8a69f9,80%,1,4,5,0,0,1,4
0x40b47c,50%,1,1,2,1,1,0,0
0x8a656d,94.1176%,1,16,17,16,1,0,0
0x977297,50%,1,1,2,0,0,1,1
0x9f826f,0%,1,0,1,0,1,0,0
0x998887,50%,1,1,2,1,0,1,0
0x554f78,75%,1,3,4,0,0,1,3
0x6070a6,98.9474%,1,94,95,0,0,1,94
0x949a95,98.1132%,1,52,53,52,1,0,0
0x4ca68a,80%,1,4,5,3,0,1,1
0xa2ed75,96.5517%,1,28,29,0,0,1,28
0x7ce7da,91.6667%,1,11,12,0,0,1,11
0x9a1bfa,99.5074%,1,202,203,0,0,1,202
0x8a6076,50%,1,1,2,0,0,1,1
0x554760,98.4375%,1,63,64,0,1,0,63
0x4c6fb5,98%,1,49,50,49,1,0,0
0xa4e979,99.2754%,1,137,138,0,0,1,137
0x535813,98.2759%,1,57,58,0,1,0,57
0x7cc20a,91.6667%,1,11,12,11,1,0,0
0x64c599,99.8172%,1,546,547,546,1,0,0
0x5bc8ad,50%,1,1,2,1,1,0,0
0x8061b8,50%,1,1,2,0,0,1,1
0x492e1a,50%,1,1,2,0,1,0,1
0x8f1abb,99.3056%,1,143,144,0,0,1,143
0x8c80cd,0%,1,0,1,0,0,1,0
0x6dceb6,75%,1,3,4,0,0,1,3
0x8c8a76,98.8095%,1,83,84,83,1,0,0
0x807060,99.7449%,1,391,392,0,0,1,391
0x5b6067,0%,1,0,1,0,0,1,0
0x5bd4bb,99.9482%,1,1931,1932,0,0,1,1931
0x58f68f,50%,1,1,2,0,0,1,1
0x8f2f54,50%,1,1,2,1,1,0,0
0x8ec809,50%,1,1,2,0,1,0,1
0x8ec4ed,50%,1,1,2,0,0,1,1
0xa4cfa9,87.5%,1,7,8,0,0,1,7
0x673854,50%,1,1,2,1,1,0,0
0x8062a3,50%,1,1,2,0,0,1,1
0xb28b1a,99.9645%,1,2817,2818,0,0,1,2817
0x49b311,99.9707%,1,3407,3408,3407,1,0,0
0x9e72f5,0%,1,0,1,0,1,0,0
0xb2175d,99.711%,1,345,346,345,1,0,0
0xa5a00f,85.7143%,1,6,7,0,0,1,6
0x99d2e8,88.8889%,1,8,9,0,0,1,8
0x4fdc2d,99.7275%,1,366,367,0,0,1,366
0x5bc531,99.1597%,1,118,119,0,0,1,118
0xa69e53,75%,1,3,4,0,0,1,3
0x90077c,0%,1,0,1,0,1,0,0
0xa09593,0%,1,0,1,0,0,1,0
0xb1c41a,99.6212%,1,263,264,263,1,0,0
0xa63c8d,66.6667%,1,2,3,2,1,0,0
0x58c0d6,90%,1,9,10,0,0,1,9
0xa2a984,0%,1,0,1,0,1,0,0
0x5bca52,99.5%,1,199,200,199,1,0,0
0x5bd71b,99.3103%,1,144,145,144,1,0,0
0x8bd81d,95%,1,19,20,0,0,1,19
0xa9ff17,66.6667%,1,2,3,2,1,0,0
0xa04137,0%,1,0,1,0,0,1,0
0x66648f,96.6667%,1,29,30,0,0,1,29
0xa06058,75%,1,3,4,3,0,1,0
0x610f72,50%,1,1,2,0,0,1,1
0x80b8fc,99.5192%,1,207,208,207,1,0,0
0x70e926,50%,1,1,2,0,0,1,1
0x80b8cd,99.5192%,1,207,208,207,1,0,0
0x80b89b,99.5192%,1,207,208,207,1,0,0
0x8ee826,66.6667%,1,2,3,0,0,1,2
0x5f6304,75%,1,3,4,0,0,1,3
0xb23039,99.3506%,1,153,154,0,0,1,153
0x9a3a89,50%,1,1,2,0,0,1,1
0x8d2268,50%,1,1,2,0,0,1,1
0x99e0ea,93.3333%,1,14,15,14,1,0,0
0xa0f3d2,83.3333%,1,5,6,5,1,0,0
0x48d331,50%,1,1,2,1,1,0,0
0x51b469,98.5915%,1,70,71,0,0,1,70
0x8ee959,66.6667%,1,2,3,0,0,1,2
0xb17ba4,99.9057%,1,1060,1061,0,0,1,1060
0x8e9389,75%,1,3,4,0,0,1,3
0x6116b9,90%,1,9,10,0,0,1,9
0x9f3a4c,66.6667%,1,2,3,1,0,1,1
0xa5ab2c,85.7143%,1,6,7,6,1,0,0
0xaad9b7,99.1667%,1,119,120,0,0,1,119
0x4bc092,0%,1,0,1,0,1,0,0
0x9190c8,50%,1,1,2,1,1,0,0
0xa43faa,98.4375%,1,63,64,63,1,0,0
0xb4a018,0%,1,0,1,0,0,1,0
0xace0a4,50%,1,1,2,0,0,1,1
0x8e2539,50%,1,1,2,0,0,1,1
0xacdcd7,50%,1,1,2,1,1,0,0
0x8df513,87.5%,1,7,8,7,1,0,0
0x4fd949,99.0654%,1,106,107,0,0,1,106
0x6b460e,0%,1,0,1,0,0,1,0
0x54fbed,0%,1,0,1,0,1,0,0
0x811959,66.6667%,1,2,3,0,0,1,2
0x8c714f,50%,1,1,2,0,0,1,1
0x981290,50%,1,1,2,1,0,1,0
0x7d2219,0%,1,0,1,0,1,0,0
0x8ec921,50%,1,1,2,0,0,1,1
0x55de1b,50%,1,1,2,0,0,1,1
0x55de08,50%,1,1,2,0,0,1,1
0x5bdf69,99.8066%,1,516,517,0,0,1,516
0x550f28,94.1176%,1,16,17,0,0,1,16
0x59fb7a,0%,1,0,1,0,0,1,0
0x977417,91.6667%,1,11,12,0,0,1,11
0x649e40,50%,1,1,2,0,0,1,1
0x49b270,50%,1,1,2,0,0,1,1
0xace175,50%,1,1,2,1,1,0,0
0x8ebeb1,50%,1,1,2,0,0,1,1
0xb3ab69,97.1429%,1,34,35,0,0,1,34
0xb17b4e,99.8601%,1,714,715,0,0,1,714
0x5089aa,75%,1,3,4,0,0,1,3
0x49c286,83.3333%,1,5,6,0,0,1,5
0xa98d3b,93.3333%,1,14,15,0,0,1,14
0xa9473f,96.5517%,1,28,29,0,0,1,28
0xa50fde,75%,1,3,4,3,1,0,0
0xa0b984,83.3333%,1,5,6,0,1,0,5
0x611486,90.9091%,1,10,11,0,0,1,10
0x973034,96.2963%,1,26,27,0,0,1,26
0x70e95d,50%,1,1,2,0,0,1,1
0xa4e004,50%,1,1,2,1,1,0,0
0x90d45a,99.6689%,1,301,302,0,0,1,301
0x8efcc8,99.1453%,1,116,117,0,0,1,116
0x63ae14,99.5851%,1,240,241,240,1,0,0
0x81bd50,50%,1,1,2,0,0,1,1
0x548a94,75%,1,3,4,0,0,1,3
0xa0676f,50%,1,1,2,1,1,0,0
0x540517,50%,1,1,2,0,0,1,1
0x54050e,75%,1,3,4,2,0,1,1
0x5f46fc,50%,1,1,2,0,0,1,1
0x806289,50%,1,1,2,0,0,1,1
0x4b2ccb,50%,1,1,2,1,1,0,0
0x4ca0e2,50%,1,1,2,0,0,1,1
0x51106e,99.9735%,1,3773,3774,0,0,1,3773
0x972fce,98.6301%,1,72,73,0,0,1,72
0x5f2bdd,50%,1,1,2,0,0,1,1
0x5f2b6e,50%,1,1,2,1,1,0,0
0x55118e,95.2381%,1,20,21,0,0,1,20
0x80c6ba,80%,1,4,5,4,1,0,0
0x7c75cc,91.6667%,1,11,12,7,1,0,4
0xa2738b,99.0566%,1,105,106,84,1,0,21
0x5f9172,97.8261%,1,45,46,0,0,1,45
0x809294,50%,1,1,2,0,0,1,1
0x815f29,50%,1,1,2,1,1,0,0
0x8ec617,50%,1,1,2,0,0,1,1
0xa2f143,0%,1,0,1,0,0,1,0
0x9452a3,99.5575%,1,225,226,0,0,1,225
0x9e864d,97.561%,1,40,41,0,0,1,40
0xa93dc4,91.6667%,1,11,12,0,0,1,11
0x5068b0,99.2647%,1,135,136,0,0,1,135
0x5f2b26,50%,1,1,2,0,0,1,1
0x5f6025,50%,1,1,2,1,1,0,0
0x610a5b,92.3077%,1,12,13,0,0,1,12
0x591416,83.3333%,1,5,6,5,1,0,0
0x5f5b1d,50%,1,1,2,0,0,1,1
0x95103f,66.6667%,1,2,3,0,1,0,2
0x619bb1,95%,1,19,20,19,1,0,0
0xa58705,75%,1,3,4,0,0,1,3
0x8bb926,97.2973%,1,36,37,10,0,1,26
0x659efc,94.7368%,1,18,19,18,1,0,0
0xa07acc,0%,1,0,1,0,0,1,0
0x8f0c1d,97.9167%,1,47,48,47,1,0,0
0x58dbcf,0%,1,0,1,0,0,1,0
0x9a728a,96%,1,24,25,0,1,0,24
0xa42b1b,99.8837%,1,859,860,0,0,1,859
0x9a95ca,95%,1,19,20,19,1,0,0
0x59a3e7,50%,1,1,2,1,1,0,0
0x5b746f,50%,1,1,2,1,1,0,0
0xace627,50%,1,1,2,1,1,0,0
0xace5b9,50%,1,1,2,0,0,1,1
0xace505,50%,1,1,2,1,1,0,0
0x5bc0cc,50%,1,1,2,0,0,1,1
0x77b905,96.4286%,1,27,28,0,0,1,27
0x81198c,50%,1,1,2,0,0,1,1
0x53400b,50%,1,1,2,1,1,0,0
0x666fcd,99.1597%,1,118,119,118,1,0,0
0x77cc67,93.75%,1,15,16,0,0,1,15
0x77aeb5,0%,1,0,1,0,1,0,0
0x4adc9c,97.5%,1,39,40,39,1,0,0
0x60dfc8,88.8889%,1,8,9,0,0,1,8
0x409359,50%,1,1,2,0,0,1,1
0xa50d8f,75%,1,3,4,0,0,1,3
0x9ee1ba,98.3871%,1,61,62,61,1,0,0
0x40bc42,75%,1,3,4,0,0,1,3
0x666cb2,50%,1,1,2,0,0,1,1
0xb4973b,85.7143%,1,6,7,0,0,1,6
0x490e01,83.3333%,1,5,6,5,1,0,0
0x4b0d0c,50%,1,1,2,1,1,0,0
0x4ada90,80%,1,4,5,0,0,1,4
0x8f1a9a,99.3056%,1,143,144,0,0,1,143
0xad04e9,50%,1,1,2,1,1,0,0
0x8fc4dd,0%,1,0,1,0,1,0,0
0x8a6b90,75%,1,3,4,0,1,0,3
0x4b1627,50%,1,1,2,1,1,0,0
0x49d106,50%,1,1,2,0,1,0,1
0x8dae59,50%,1,1,2,1,1,0,0
0x5eed94,50%,1,1,2,1,1,0,0
0x54082a,91.6667%,1,11,12,11,1,0,0
0x49c865,0%,1,0,1,0,1,0,0
0x53382f,94.4444%,1,17,18,0,0,1,17
0xa258c1,80%,1,4,5,4,1,0,0
0x8ef3c9,97.9167%,1,47,48,0,0,1,47
0xa9ce5a,99.3056%,1,143,144,0,0,1,143
0xa5ec87,80%,1,4,5,0,0,1,4
0x9f6d54,99.5413%,1,217,218,0,0,1,217
0x5f04ea,50%,1,1,2,0,0,1,1
0x5bef09,50%,1,1,2,0,0,1,1
0x4904cc,66.6667%,1,2,3,0,0,1,2
0x53b2ff,50%,1,1,2,0,0,1,1
0x9e7d58,95.8333%,1,23,24,23,1,0,0
0xa56196,99.2063%,1,125,126,125,1,0,0
0x8434a1,0%,1,0,1,0,0,1,0
0x492e74,0%,1,0,1,0,1,0,0
0x555bb3,97.3684%,1,37,38,37,1,0,0
0x6108b2,92.3077%,1,12,13,0,0,1,12
0x48e947,50%,1,1,2,1,1,0,0
0xa56e34,50%,1,1,2,0,0,1,1
0x5d254e,99.9197%,1,1244,1245,1244,1,0,0
0x80c41a,94.4444%,1,17,18,0,0,1,17
0x811b02,50%,1,1,2,0,0,1,1
0x804e12,50%,1,1,2,0,0,1,1
0x667377,97.5%,1,39,40,0,0,1,39
0x80ab08,50%,1,1,2,0,0,1,1
0x8a887a,50%,1,1,2,1,1,0,0
0x49c0b9,75%,1,3,4,3,1,0,0
0x7c7bfb,0%,1,0,1,0,0,1,0
0xb3ab75,0%,1,0,1,0,1,0,0
0xa91142,75%,1,3,4,3,1,0,0
0x9fc701,90%,1,9,10,9,1,0,0
0x48e5b7,97.9167%,1,47,48,0,0,1,47
0xa99d51,90.9091%,1,10,11,0,0,1,10
0x8d4391,0%,1,0,1,0,1,0,0
0x6491eb,50%,1,1,2,1,1,0,0
0x7d41f7,0%,1,0,1,0,0,1,0
0x9fe1eb,96%,1,24,25,0,0,1,24
0x4bb2f8,93.3333%,1,14,15,14,1,0,0
0x814e89,95.4545%,1,21,22,0,0,1,21
0x96ea7d,0%,1,0,1,0,0,1,0
0x90a07b,99.3289%,1,148,149,148,1,0,0
0x59fc10,0%,1,0,1,0,0,1,0
0x816231,50%,1,1,2,0,0,1,1
0x48bc13,0%,1,0,1,0,0,1,0
0x8ec547,50%,1,1,2,0,0,1,1
0x5badbc,50%,1,1,2,1,1,0,0
0x49c920,94.4444%,1,17,18,0,0,1,17
0x5101ba,99.7653%,1,425,426,0,0,1,425
0x80a210,75%,1,3,4,0,0,1,3
0x5a93d7,96.9697%,1,32,33,32,1,0,0
0xa37cb4,80%,1,4,5,0,0,1,4
0xa2388f,98.4615%,1,64,65,0,0,1,64
0x8ed0e5,88.8889%,1,8,9,0,0,1,8
0xa92632,99.4709%,1,188,189,0,0,1,188
0x8f09a9,99.1453%,1,116,117,0,0,1,116
0x90dbc1,99.8959%,1,960,961,0,0,1,960
0xa0678a,50%,1,1,2,0,0,1,1
0x9850da,91.6667%,1,11,12,0,0,1,11
0x8dc33d,75%,1,3,4,0,0,1,3
0x49d269,0%,1,0,1,0,0,1,0
0x53382b,85.7143%,1,6,7,6,1,0,0
0x4a639f,66.6667%,1,2,3,0,1,0,2
0x596114,90.9091%,1,10,11,0,0,1,10
0x915a0d,50%,1,1,2,1,1,0,0
0x7ce601,99.0385%,1,103,104,103,1,0,0
0x495b56,94.7368%,1,18,19,18,1,0,0
0x5f9dd2,95.2381%,1,20,21,20,1,0,0
0x8082d6,96.2963%,1,26,27,0,0,1,26
0xa2f137,0%,1,0,1,0,0,1,0
0xa6b4c4,75%,1,3,4,0,0,1,3
0xa26c5d,90%,1,9,10,0,0,1,9
0x8ec514,50%,1,1,2,0,0,1,1
0x8434f0,0%,1,0,1,0,0,1,0
0x77cb31,83.3333%,1,5,6,5,1,0,0
0xa5c5a2,98.5294%,1,67,68,0,0,1,67
0xa2f77a,99.5614%,1,227,228,0,0,1,227
0x813804,50%,1,1,2,0,0,1,1
0x659e42,94.7368%,1,18,19,18,1,0,0
0x7d41b8,80%,1,4,5,3,1,0,1
0x805f5f,75%,1,3,4,3,1,0,0
0x8aba6a,50%,1,1,2,1,1,0,0
0xa08f11,98.4375%,1,63,64,0,0,1,63
0x811634,50%,1,1,2,0,0,1,1
0x9f4bf3,99.4286%,1,174,175,0,0,1,174
0x7f0c38,0%,1,0,1,0,1,0,0
0x5ae45e,88.8889%,1,8,9,0,0,1,8
0x5b5f9d,0%,1,0,1,0,1,0,0
0x80b72b,66.6667%,1,2,3,0,0,1,2
0x51b1f3,50%,1,1,2,0,0,1,1
0x81bb63,99.6845%,1,316,317,0,0,1,316
0x81aeda,50%,1,1,2,0,0,1,1
0x5f4866,0%,1,0,1,0,1,0,0
0x80a67d,99.5238%,1,209,210,0,0,1,209
0x9f1cc4,90%,1,9,10,0,0,1,9
0x977df7,99.2481%,1,132,133,0,0,1,132
0x5f8105,99.3333%,1,149,150,0,0,1,149
0x659dd6,94.7368%,1,18,19,18,1,0,0
0x6663dd,50%,1,1,2,0,0,1,1
0x4c54c3,0%,1,0,1,0,1,0,0
0x99f144,90.9091%,1,10,11,10,1,0,0
0xaaaaa7,66.6667%,1,2,3,2,0,1,0
0x80a98a,66.6667%,1,2,3,0,0,1,2
0x8a65cb,94.1176%,1,16,17,0,0,1,16
0x5cfda7,95.8333%,1,23,24,0,0,1,23
0x804f15,50%,1,1,2,1,1,0,0
0x679650,99.1071%,1,111,112,0,0,1,111
0xa4a58a,87.5%,1,7,8,0,0,1,7
0x96e77f,0%,1,0,1,0,1,0,0
0x5960ed,92.3077%,1,12,13,0,0,1,12
0x99aa6d,99.0196%,1,101,102,0,0,1,101
0x80e541,98.6301%,1,72,73,0,0,1,72
0x815eba,88.8889%,1,8,9,8,1,0,0
0x9988e0,66.6667%,1,2,3,1,0,1,1
0x8aacdd,95.4545%,1,21,22,0,0,1,21
0x80a7ae,0%,1,0,1,0,0,1,0
0x81460f,94.4444%,1,17,18,17,1,0,0
0x7effff,94.7368%,1,18,19,18,1,0,0
0x49d789,98.8636%,1,87,88,0,0,1,87
0x809d04,50%,1,1,2,0,0,1,1
0xa09675,0%,1,0,1,0,0,1,0
0x53e85c,75%,1,3,4,0,0,1,3
0xa38977,96.6667%,1,29,30,0,0,1,29
0x8165d7,97.4359%,1,38,39,38,1,0,0
0x8a53d2,83.3333%,1,5,6,0,0,1,5
0x9f8096,66.6667%,1,2,3,2,1,0,0
0xa04bbf,97.3684%,1,37,38,37,1,0,0
0x58f3d2,98.0769%,1,51,52,51,1,0,0
0xb2ee7c,83.3333%,1,5,6,1,1,0,4
0x4915ce,0%,1,0,1,0,0,1,0
0xa41675,96%,1,24,25,24,1,0,0
0x6ebfbc,0%,1,0,1,0,1,0,0
0x833b6d,83.3333%,1,5,6,0,0,1,5
0xa37917,90%,1,9,10,9,1,0,0
0x64f661,97.619%,1,41,42,41,1,0,0
0x8ecfb5,83.3333%,1,5,6,2,0,1,3
0x8ad8fb,94.7368%,1,18,19,0,0,1,18
0x9ea4d7,99.4048%,1,167,168,0,0,1,167
0xa05117,0%,1,0,1,0,0,1,0
0xacce4e,66.6667%,1,2,3,2,0,1,0
0x4a97e9,75%,1,3,4,0,0,1,3
0x8e95f8,50%,1,1,2,0,0,1,1
0x49bc1e,99.1304%,1,114,115,0,0,1,114
0x6754da,0%,1,0,1,0,1,0,0
0x6196e0,98.6667%,1,74,75,74,1,0,0
0xb30689,80%,1,4,5,0,0,1,4
0x99dcfe,93.3333%,1,14,15,0,0,1,14
0x4817f5,88.8889%,1,8,9,8,1,0,0
0xa18a52,97.6744%,1,42,43,0,0,1,42
0x5fbdfe,99.4652%,1,186,187,0,0,1,186
0x546277,99.7143%,1,349,350,0,0,1,349
0x8e8d63,50%,1,1,2,0,0,1,1
0x81e383,99.9403%,1,1674,1675,0,0,1,1674
0x808c3d,50%,1,1,2,0,0,1,1
0x8e9a55,99.6255%,1,266,267,0,0,1,266
0x8ecc75,92.3077%,1,12,13,0,0,1,12
0x58e633,91.6667%,1,11,12,11,1,0,0
0x4092ae,50%,1,1,2,0,0,1,1
0x487fb4,50%,1,1,2,0,0,1,1
0xa961d8,50%,1,1,2,0,0,1,1
0x8ee47d,97.619%,1,41,42,0,0,1,41
0x556efd,99.5951%,1,246,247,0,0,1,246
0x48fc69,75%,1,3,4,0,0,1,3
0x8e961b,50%,1,1,2,0,0,1,1
0x9eb41c,98.4127%,1,62,63,0,0,1,62
0x4b897d,90.9091%,1,10,11,10,1,0,0
0x7c20ae,92.8571%,1,13,14,2,0,1,11
0x5f37bd,80%,1,4,5,0,0,1,4
0x8bcc5f,98.1132%,1,52,53,22,0,1,30
0x814c6e,97.561%,1,40,41,0,0,1,40
0x9f07f2,50%,1,1,2,0,1,0,1
0x8119b1,80%,1,4,5,4,1,0,0
0x48716c,50%,1,1,2,1,1,0,0
0x5b52ed,50%,1,1,2,0,0,1,1
0x81fb92,99.6904%,1,322,323,0,0,1,322
0x5b15e2,90%,1,9,10,0,0,1,9
0x980c14,97.8723%,1,46,47,46,1,0,0
0x48d988,99.8869%,1,883,884,0,0,1,883
0x804e2b,50%,1,1,2,0,0,1,1
0x96e547,50%,1,1,2,1,0,1,0
0x6b465a,0%,1,0,1,0,0,1,0
0x80a23b,75%,1,3,4,0,0,1,3
0x81ef94,75%,1,3,4,0,0,1,3
0x9f6895,99.6587%,1,292,293,0,0,1,292
0x718112,0%,1,0,1,0,0,1,0
0x491a2d,50%,1,1,2,0,0,1,1
0x53dc8d,90%,1,9,10,9,1,0,0
0xa9d02b,50%,1,1,2,1,1,0,0
0x9d02b4,99.7143%,1,349,350,349,1,0,0
0x48e8b3,85.7143%,1,6,7,5,1,0,1
0x667546,50%,1,1,2,0,0,1,1
0x8dbb4c,99.6825%,1,314,315,314,1,0,0
0x65aecb,92.3077%,1,12,13,0,0,1,12
0xa0f118,83.3333%,1,5,6,5,1,0,0
0x91767a,99.5%,1,199,200,199,1,0,0
0xb0ba95,99.9798%,1,4947,4948,0,0,1,4947
0x65ae11,92.3077%,1,12,13,0,0,1,12
0x65ad35,92.8571%,1,13,14,0,0,1,13
0x65ad7e,0%,1,0,1,0,1,0,0
0x9aa453,95.4545%,1,21,22,21,1,0,0
0x5b52a5,80%,1,4,5,4,1,0,0
0x99dfca,93.3333%,1,14,15,14,1,0,0
0xa07eab,0%,1,0,1,0,1,0,0
0xa056e2,80%,1,4,5,0,1,0,4
0x9786b0,90%,1,9,10,9,1,0,0
0x4871f5,50%,1,1,2,0,0,1,1
0x8dcab2,75%,1,3,4,0,0,1,3
0x9bc7f0,99.6656%,1,298,299,0,0,1,298
0xa36c36,66.6667%,1,2,3,1,0,1,1
0x65b254,92.3077%,1,12,13,0,0,1,12
0x78d234,50%,1,1,2,0,0,1,1
0x590b6a,90.9091%,1,10,11,10,1,0,0
0xa0822f,75%,1,3,4,3,1,0,0
0x8f42a2,99.9603%,1,2517,2518,1,0,1,2516
0x9a18f0,95.2381%,1,20,21,0,1,0,20
0x6774b9,98.5915%,1,70,71,0,0,1,70
0xa51153,75%,1,3,4,3,1,0,0
0x9c5480,75%,1,3,4,0,0,1,3
0x8ed32d,88.8889%,1,8,9,8,1,0,0
0x487821,50%,1,1,2,0,1,0,1
0x675127,66.6667%,1,2,3,1,1,0,1
0x805aa3,99.9514%,1,2058,2059,0,0,1,2058
0x4ca717,90.9091%,1,10,11,9,0,1,1
0xa0bdd7,80%,1,4,5,4,1,0,0
0x973bb9,90%,1,9,10,0,0,1,9
0x54cf55,94.1176%,1,16,17,16,1,0,0
0x5f5bd8,50%,1,1,2,1,1,0,0
0x915c76,50%,1,1,2,1,1,0,0
0x675702,0%,1,0,1,0,0,1,0
0x9fd216,85.7143%,1,6,7,0,0,1,6
0x6112ab,98.6842%,1,75,76,0,0,1,75
0x6491d7,50%,1,1,2,0,0,1,1
0x50d37f,99.7996%,1,498,499,498,1,0,0
0x4c02c5,97.3684%,1,37,38,13,0,1,24
0x7ce69b,97.7273%,1,43,44,43,1,0,0
0x4b955d,50%,1,1,2,0,1,0,1
0x4ac58c,87.5%,1,7,8,0,0,1,7
0xa22e0d,94.7368%,1,18,19,18,1,0,0
0x9eb2b2,50%,1,1,2,0,0,1,1
0x8137cf,50%,1,1,2,0,0,1,1
0x673daf,80%,1,4,5,0,0,1,4
0x619927,98.6667%,1,74,75,74,1,0,0
0x4a6f59,99.8043%,1,510,511,0,0,1,510
0xa3bb27,94.4444%,1,17,18,0,0,1,17
0x8136fa,50%,1,1,2,0,0,1,1
0xa15b23,50%,1,1,2,1,1,0,0
0x803a6c,99.7768%,1,447,448,0,0,1,447
0xa94b22,75%,1,3,4,0,0,1,3
0xa2f113,50%,1,1,2,1,1,0,0
0x7f0696,50%,1,1,2,1,1,0,0
0x8ee26a,99.4536%,1,182,183,182,1,0,0
0x9f825b,0%,1,0,1,0,0,1,0
0x9a5e06,90%,1,9,10,0,0,1,9
0x69dd7d,91.6667%,1,11,12,11,1,0,0
0xa3cbd2,87.5%,1,7,8,0,0,1,7
0x5b9ef9,50%,1,1,2,1,1,0,0
0x8a5ee0,99.2806%,1,138,139,0,0,1,138
0xaa294b,99.2754%,1,137,138,0,0,1,137
0x67517f,66.6667%,1,2,3,2,1,0,0
0x40a61e,97.9167%,1,47,48,0,0,1,47
0xa3fdb8,94.4444%,1,17,18,0,0,1,17
0xa8e3b5,0%,1,0,1,0,0,1,0
0xa0a4f3,50%,1,1,2,0,0,1,1
0x8bdcb9,85.7143%,1,6,7,0,0,1,6
0x4ab52a,97.0588%,1,33,34,27,1,0,6
0x49bf87,83.3333%,1,5,6,0,0,1,5
0xa97df8,97.2973%,1,36,37,0,0,1,36
0x670639,97.561%,1,40,41,0,0,1,40
0x80b7c2,50%,1,1,2,0,0,1,1
0x611473,90.9091%,1,10,11,0,0,1,10
0x8ec558,50%,1,1,2,0,0,1,1
0x7c9b2d,75%,1,3,4,0,0,1,3
0x9f5171,90.9091%,1,10,11,10,1,0,0
0x53dcd9,90%,1,9,10,9,1,0,0
0x8e9f85,99.9406%,1,1683,1684,1683,1,0,0
0x4bb9b7,99.5098%,1,203,204,203,1,0,0
0x816456,50%,1,1,2,1,1,0,0
0x8ee625,97.619%,1,41,42,41,1,0,0
0xa017cb,50%,1,1,2,0,0,1,1
0x9a1cb9,99.5074%,1,202,203,0,0,1,202
0x96e7e1,0%,1,0,1,0,0,1,0
0x9f40dd,66.6667%,1,2,3,0,0,1,2
0x9a1ccc,99.5074%,1,202,203,0,0,1,202
0xad4566,80%,1,4,5,0,0,1,4
0x8f38be,99.1379%,1,115,116,0,0,1,115
0x49a532,75%,1,3,4,3,1,0,0
0xa01a4b,75%,1,3,4,3,1,0,0
0x81f7c2,97.8723%,1,46,47,0,0,1,46
0x90dd33,96.6667%,1,29,30,29,1,0,0
0x7c161e,99.5025%,1,200,201,0,0,1,200
0x5d88a6,96.6667%,1,29,30,29,1,0,0
0x4a72c6,0%,1,0,1,0,1,0,0
0x8dcaa5,75%,1,3,4,0,0,1,3
0x67073d,0%,1,0,1,0,1,0,0
0x49002b,90%,1,9,10,0,1,0,9
0xa50c44,98.4848%,1,65,66,0,0,1,65
0x9ec2c2,90%,1,9,10,9,1,0,0
0x9a32ea,99.3151%,1,145,146,0,0,1,145
0xad4540,80%,1,4,5,4,1,0,0
0x8be98c,50%,1,1,2,1,1,0,0
0xa45f2d,66.6667%,1,2,3,2,1,0,0
0x491b85,50%,1,1,2,0,1,0,1
0xa48b6b,99.4012%,1,166,167,0,0,1,166
0x781240,97.7273%,1,43,44,43,1,0,0
0x4a9c88,93.75%,1,15,16,15,1,0,0
0xa32805,98.6111%,1,71,72,0,0,1,71
0x5ef0a2,94.4444%,1,17,18,17,1,0,0
0x490c40,96.1538%,1,25,26,25,1,0,0
0x8e935b,66.6667%,1,2,3,2,1,0,0
0x94ebd1,98.8889%,1,89,90,0,0,1,89
0x81e277,0%,1,0,1,0,0,1,0
0xa2aa80,0%,1,0,1,0,1,0,0
0x8a5fa3,50%,1,1,2,1,1,0,0
0x8a5e2c,99.6815%,1,313,314,0,0,1,313
0x9a97ce,95%,1,19,20,0,0,1,19
0x8e91a4,50%,1,1,2,0,0,1,1
0x78b6b6,91.6667%,1,11,12,0,0,1,11
0x8a5c0c,50%,1,1,2,1,1,0,0
0x9f8221,0%,1,0,1,0,1,0,0
0x811fc5,92.8571%,1,13,14,13,1,0,0
0x8e4916,99.8438%,1,639,640,0,0,1,639
0x40b417,50%,1,1,2,0,0,1,1
0x5d184e,95.8333%,1,23,24,23,1,0,0
0x6d9f48,0%,1,0,1,0,1,0,0
0x8ad47c,50%,1,1,2,1,1,0,0
0x4aaf0f,90.9091%,1,10,11,0,0,1,10
0x816a78,92.3077%,1,12,13,0,0,1,12
0x80fd44,99.989%,1,9087,9088,9087,1,0,0
0xa0699e,50%,1,1,2,0,0,1,1
0x811a31,80%,1,4,5,4,1,0,0
0x78c004,50%,1,1,2,0,0,1,1
0xaadb7e,98.1481%,1,53,54,0,0,1,53
0x4959a9,94.7368%,1,18,19,18,1,0,0
0xaa4a6e,66.6667%,1,2,3,2,1,0,0
0x80568e,50%,1,1,2,1,1,0,0
0xa9b9e6,95%,1,19,20,19,1,0,0
0x5557af,75%,1,3,4,0,0,1,3
0x9a3f4b,96.4286%,1,27,28,0,0,1,27
0x8dc3fa,75%,1,3,4,0,0,1,3
0x50293f,98.9691%,1,96,97,0,0,1,96
0x9f7c86,92.3077%,1,12,13,4,0,1,8
0x81cda0,99.435%,1,176,177,176,1,0,0
0x805316,50%,1,1,2,0,0,1,1
0x5f0a9d,66.6667%,1,2,3,0,0,1,2
0x805303,50%,1,1,2,0,0,1,1
0x486e6a,50%,1,1,2,1,1,0,0
0xa0561e,0%,1,0,1,0,0,1,0
0x8e39a7,96.875%,1,31,32,0,0,1,31
0x590179,93.3333%,1,14,15,14,1,0,0
0x5f5b23,50%,1,1,2,0,0,1,1
0x8a6988,0%,1,0,1,0,0,1,0
0x7d416a,91.6667%,1,11,12,0,0,1,11
0x5b49dc,50%,1,1,2,0,0,1,1
0x69e68e,0%,1,0,1,0,1,0,0
0x81f993,88.8889%,1,8,9,0,0,1,8
0x64c02f,99.4152%,1,170,171,170,1,0,0
0x4b957a,75%,1,3,4,0,0,1,3
0xa53504,50%,1,1,2,0,0,1,1
0x9fdb9a,96%,1,24,25,24,1,0,0
0x7c5d71,92.8571%,1,13,14,0,0,1,13
0x9f9543,96%,1,24,25,0,0,1,24
0x956372,0%,1,0,1,0,1,0,0
0xb467ba,0%,1,0,1,0,1,0,0
0x5bbf9c,50%,1,1,2,1,1,0,0
0x48313a,96.5517%,1,28,29,28,1,0,0
0x9e6d88,99.711%,1,345,346,345,1,0,0
0x4c6842,91.6667%,1,11,12,0,0,1,11
0x49cf98,0%,1,0,1,0,0,1,0
0x911752,98.2143%,1,55,56,0,0,1,55
0x8d9b9a,99.7297%,1,369,370,0,0,1,369
0xa08ca2,87.5%,1,7,8,4,0,1,3
0x9005a8,99.4186%,1,171,172,0,0,1,171
0x54d036,75%,1,3,4,0,0,1,3
0x81afd1,80%,1,4,5,4,1,0,0
0x9e1239,96.2963%,1,26,27,26,1,0,0
0x9ea96a,50%,1,1,2,1,1,0,0
0x8ed399,83.3333%,1,5,6,0,0,1,5
0x5910d6,0%,1,0,1,0,1,0,0
0x4bb737,80%,1,4,5,2,1,0,2
0x9f870f,66.6667%,1,2,3,2,1,0,0
0x8dbb2f,99.6825%,1,314,315,0,0,1,314
0xa90196,98.4127%,1,62,63,0,0,1,62
0x4bd105,66.6667%,1,2,3,0,1,0,2
0x48f413,66.6667%,1,2,3,0,0,1,2
0x7e81a8,50%,1,1,2,1,1,0,0
0x805279,50%,1,1,2,1,1,0,0
0x8119fd,50%,1,1,2,0,0,1,1
0x811a47,99.8814%,1,842,843,842,1,0,0
0xa5066b,0%,1,0,1,0,0,1,0
0x555f66,66.6667%,1,2,3,0,0,1,2
0x8160c6,99.0385%,1,103,104,0,0,1,103
0x7d23a8,0%,1,0,1,0,0,1,0
0x8f0e11,97.5%,1,39,40,39,1,0,0
0x8aad49,95.4545%,1,21,22,0,0,1,21
0x808b81,80%,1,4,5,4,1,0,0
0x900fd1,97.2973%,1,36,37,0,0,1,36
0x80b11c,50%,1,1,2,0,0,1,1
0xa0976a,83.3333%,1,5,6,0,0,1,5
0xb497cd,80%,1,4,5,0,0,1,4
0x804e5b,50%,1,1,2,0,0,1,1
0x81d643,99.7653%,1,425,426,0,0,1,425
0xa06aec,50%,1,1,2,0,0,1,1
0x65be40,91.6667%,1,11,12,11,1,0,0
0x90be3d,99.8959%,1,960,961,0,0,1,960
0x80b131,50%,1,1,2,1,1,0,0
0x90adb3,99.3289%,1,148,149,0,0,1,148
0x49975e,98.6486%,1,73,74,73,1,0,0
0x8ec896,50%,1,1,2,1,1,0,0
0x8e53d6,93.75%,1,15,16,15,1,0,0
0x4c0409,98.8372%,1,85,86,0,0,1,85
0x9027fb,97.3684%,1,37,38,0,0,1,37
0x807021,99.7449%,1,391,392,0,0,1,391
0x5f87c4,0%,1,0,1,0,0,1,0
0x88ea28,97.4359%,1,38,39,38,1,0,0
0xa910cc,99.2537%,1,133,134,0,0,1,133
0x5e36ff,90%,1,9,10,0,0,1,9
0x8dc5f5,75%,1,3,4,3,1,0,0
0x9d124a,99.1667%,1,119,120,0,0,1,119
0xa95a42,75%,1,3,4,0,0,1,3
0x90a6a7,85.7143%,1,6,7,6,1,0,0
0x8fc4c8,0%,1,0,1,0,0,1,0
0x54c657,66.6667%,1,2,3,0,0,1,2
0x590d46,95%,1,19,20,0,0,1,19
0x77d85c,83.3333%,1,5,6,0,0,1,5
0x90673e,99.1935%,1,123,124,123,1,0,0
0x69dbed,91.6667%,1,11,12,11,1,0,0
0x8e2f95,99.5215%,1,208,209,208,1,0,0
0x809d3c,75%,1,3,4,2,0,1,1
0x9f3a9c,83.3333%,1,5,6,0,0,1,5
0x965f37,50%,1,1,2,0,0,1,1
0x40ac3f,96%,1,24,25,0,0,1,24
0x4a7250,0%,1,0,1,0,1,0,0
0x53a505,50%,1,1,2,0,0,1,1
0x608cd6,99.5%,1,199,200,199,1,0,0
0x8ee79e,99.4118%,1,169,170,0,0,1,169
0xa972d3,66.6667%,1,2,3,0,0,1,2
0x4bf0db,99.4681%,1,187,188,0,0,1,187
0x7f045c,50%,1,1,2,1,1,0,0
0x63fd7a,99.8959%,1,960,961,0,0,1,960
0x96e3e7,0%,1,0,1,0,1,0,0
0x4b5552,83.3333%,1,5,6,5,1,0,0
0xa9ca3a,90%,1,9,10,0,0,1,9
0xa92a17,83.3333%,1,5,6,0,0,1,5
0xa0b9ce,0%,1,0,1,0,0,1,0
0x8f6c78,93.3333%,1,14,15,14,1,0,0
0xa1a163,80%,1,4,5,4,1,0,0
0x649333,50%,1,1,2,1,1,0,0
0x80b3f1,80%,1,4,5,4,1,0,0
0x9ec377,97.5%,1,39,40,39,1,0,0
0xa05661,80%,1,4,5,0,0,1,4
0xa042f2,50%,1,1,2,1,1,0,0
0xa37474,96.875%,1,31,32,0,0,1,31
0x4c13d3,95.8333%,1,23,24,0,0,1,23
0x688eb6,95.8333%,1,23,24,23,1,0,0
0xad6e37,50%,1,1,2,1,1,0,0
0x80aa38,66.6667%,1,2,3,1,0,1,1
0xa519db,88.8889%,1,8,9,1,1,0,7
0x40bc2e,99.0291%,1,102,103,0,0,1,102
0x8f28c7,97.7273%,1,43,44,0,0,1,43
0x5f4c17,0%,1,0,1,0,1,0,0
0x833856,50%,1,1,2,1,1,0,0
0x901337,50%,1,1,2,1,1,0,0
0x80b436,0%,1,0,1,0,0,1,0
0x814603,94.4444%,1,17,18,0,0,1,17
0x780713,98.1481%,1,53,54,53,1,0,0
0x80af06,50%,1,1,2,0,0,1,1
0x7d27c6,98.9899%,1,98,99,0,1,0,98
0x8e6986,99.6875%,1,319,320,0,0,1,319
0x99e91b,98.1818%,1,54,55,0,0,1,54
0x5bbf7f,50%,1,1,2,0,0,1,1
0x90ba62,99.8255%,1,572,573,0,0,1,572
0x63f442,99.5%,1,199,200,0,0,1,199
0x906877,98.7342%,1,78,79,78,1,0,0
0x558d4c,95%,1,19,20,0,0,1,19
0xb1813e,99.8483%,1,658,659,101,1,0,557
0x4c768f,75%,1,3,4,0,0,1,3
0x7dfc2f,87.5%,1,7,8,0,0,1,7
0x492815,50%,1,1,2,0,1,0,1
0x8ddf64,96.875%,1,31,32,0,0,1,31
0xa96d44,95.2381%,1,20,21,0,0,1,20
0x80ab18,50%,1,1,2,1,1,0,0
0x8dc482,75%,1,3,4,3,1,0,0
0x809f3b,50%,1,1,2,0,0,1,1
0x49ceaa,80%,1,4,5,0,0,1,4
0x5ef156,94.4444%,1,17,18,17,1,0,0
0xa33f19,99.0826%,1,108,109,0,0,1,108
0x9b909e,88.8889%,1,8,9,8,1,0,0
0x8f4969,93.75%,1,15,16,15,1,0,0
0x4103c8,66.6667%,1,2,3,2,1,0,0
0x619c2b,95%,1,19,20,0,0,1,19
0x97514d,94.7368%,1,18,19,0,0,1,18
0x5d98a4,87.5%,1,7,8,7,1,0,0
0x814e69,50%,1,1,2,0,0,1,1
0xa25d68,98.7179%,1,77,78,77,1,0,0
0x90a6d1,97.7273%,1,43,44,43,1,0,0
0x81fba0,99.6904%,1,322,323,0,0,1,322
0x50d093,98.8095%,1,83,84,0,0,1,83
0x9f83db,50%,1,1,2,0,0,1,1
0x818b77,98.75%,1,79,80,79,1,0,0
0xb0d355,98.8235%,1,84,85,84,1,0,0
0x49cff4,0%,1,0,1,0,0,1,0
0xa51f63,75%,1,3,4,1,1,0,2
0x5f4f2d,0%,1,0,1,0,1,0,0
0x540e49,87.5%,1,7,8,0,0,1,7
0x81b67c,50%,1,1,2,0,0,1,1
0xa1a290,88.8889%,1,8,9,0,0,1,8
0xa976f2,90%,1,9,10,9,1,0,0
0x5f5a91,50%,1,1,2,1,1,0,0
0xa380f6,80%,1,4,5,4,1,0,0
0x649a95,75%,1,3,4,2,0,1,1
0x64bf93,99.4152%,1,170,171,0,0,1,170
0x817157,50%,1,1,2,0,0,1,1
0xa52fda,99.4792%,1,191,192,0,0,1,191
0x822739,50%,1,1,2,0,0,1,1
0x8ebd4f,50%,1,1,2,1,1,0,0
0x81691c,98.3051%,1,58,59,0,0,1,58
0x7c74f8,93.75%,1,15,16,0,0,1,15
0x8dedee,92.3077%,1,12,13,0,1,0,12
0x787e38,98.4848%,1,65,66,0,0,1,65
0x59f932,50%,1,1,2,1,1,0,0
0x8f2423,0%,1,0,1,0,0,1,0
0x8161b5,50%,1,1,2,0,0,1,1
0x8161a1,88.8889%,1,8,9,7,0,1,1
0x409289,50%,1,1,2,1,1,0,0
0xa985bb,75%,1,3,4,3,1,0,0
0x58c37e,0%,1,0,1,0,1,0,0
0x49c251,75%,1,3,4,3,1,0,0
0x5c562a,80%,1,4,5,0,0,1,4
0x8bd875,66.6667%,1,2,3,0,0,1,2
0x58bcb1,98.3607%,1,60,61,60,1,0,0
0xb6a0f3,80%,1,4,5,0,0,1,4
0x808bcc,99.6139%,1,258,259,0,0,1,258
0xa9578a,75%,1,3,4,3,1,0,0
0x80ba52,50%,1,1,2,0,0,1,1
0x6109fe,92.3077%,1,12,13,0,0,1,12
0x48f914,97.8723%,1,46,47,0,0,1,46
0x990ab1,99.0196%,1,101,102,0,0,1,101
0x8dba9d,87.5%,1,7,8,7,1,0,0
0x5c751f,66.6667%,1,2,3,2,1,0,0
0x8dba66,87.5%,1,7,8,7,1,0,0
0x4ab908,96.7742%,1,30,31,0,0,1,30
0xa4def2,95%,1,19,20,0,0,1,19
0x7e2c89,50%,1,1,2,1,1,0,0
0xa586db,87.5%,1,7,8,7,1,0,0
0x7c7a2a,95.8333%,1,23,24,23,1,0,0
0xb90273,80%,1,4,5,0,0,1,4
0x59c2f7,85.7143%,1,6,7,0,0,1,6
0x6667d6,50%,1,1,2,0,0,1,1
0x60bdae,90%,1,9,10,9,1,0,0
0x66f6f2,0%,1,0,1,0,0,1,0
0x8e8de2,50%,1,1,2,1,1,0,0
0x48eed9,87.5%,1,7,8,7,1,0,0
0xa28829,93.75%,1,15,16,15,1,0,0
0xa1b51e,80%,1,4,5,0,0,1,4
0x5bad48,50%,1,1,2,0,0,1,1
0x812132,75%,1,3,4,0,0,1,3
0x7d403d,66.6667%,1,2,3,0,0,1,2
0x918f46,99.5%,1,199,200,199,1,0,0
0x7d1dba,0%,1,0,1,0,1,0,0
0x815cf7,97.561%,1,40,41,0,0,1,40
0x80dcfc,99.8405%,1,626,627,0,0,1,626
0xa575fc,92.8571%,1,13,14,0,0,1,13
0x509060,80%,1,4,5,0,0,1,4
0x8dd890,99.5%,1,199,200,0,0,1,199
0x809e95,50%,1,1,2,0,0,1,1
0x80b5d3,0%,1,0,1,0,1,0,0
0x813067,99.8818%,1,845,846,0,0,1,845
0x50e169,97.619%,1,41,42,41,1,0,0
0x494b4c,50%,1,1,2,1,1,0,0
0x9e831b,96%,1,24,25,24,1,0,0
0xa95e80,91.6667%,1,11,12,0,0,1,11
0x608d44,99.3827%,1,161,162,161,1,0,0
0x8f4660,91.6667%,1,11,12,8,1,0,3
0x5fbde5,98.6667%,1,74,75,74,1,0,0
0x8f45e3,91.6667%,1,11,12,0,0,1,11
0x673a60,50%,1,1,2,0,0,1,1
0x40aece,50%,1,1,2,1,1,0,0
0x48f7f9,94.4444%,1,17,18,17,1,0,0
0x5dda63,0%,1,0,1,0,1,0,0
0x4be8fc,0%,1,0,1,0,1,0,0
0xa06958,50%,1,1,2,0,0,1,1
0x4c4dd6,50%,1,1,2,1,1,0,0
0x40ae02,75%,1,3,4,0,0,1,3
0x4c6048,93.75%,1,15,16,15,1,0,0
0x90e874,96.6667%,1,29,30,0,0,1,29
0x81e0d8,99.5349%,1,214,215,0,0,1,214
0x81e9b8,98.6842%,1,75,76,75,1,0,0
0xa35e9b,99.7487%,1,397,398,397,1,0,0
0x8373f2,0%,1,0,1,0,1,0,0
0x487f73,0%,1,0,1,0,0,1,0
0xaa1337,99.4872%,1,194,195,0,0,1,194
0x8eda70,99.2063%,1,125,126,0,0,1,125
0x4ac9f0,50%,1,1,2,1,1,0,0
0x8f21a3,97.3684%,1,37,38,0,1,0,37
0x806677,75%,1,3,4,0,0,1,3
0x918f34,99.5%,1,199,200,0,0,1,199
0x8ddaac,99.7573%,1,411,412,0,0,1,411
0x7bb47f,87.5%,1,7,8,7,1,0,0
0x554cf4,99.654%,1,288,289,0,0,1,288
0x540661,75%,1,3,4,0,0,1,3
0x609768,98.7952%,1,82,83,0,0,1,82
0x81ffcc,99.6904%,1,322,323,0,0,1,322
0x547e67,99.3151%,1,145,146,0,0,1,145
0x833ade,99.2424%,1,131,132,0,0,1,131
0x648c2d,92.3077%,1,12,13,12,1,0,0
0xa32af5,99.948%,1,1921,1922,0,0,1,1921
0x807ba2,99.5516%,1,222,223,0,0,1,222
0xa9d0e5,50%,1,1,2,1,1,0,0
0x501e7c,80%,1,4,5,0,0,1,4
0x8dc283,99.6914%,1,323,324,323,1,0,0
0xa983c2,75%,1,3,4,3,1,0,0
0x80aeca,50%,1,1,2,1,0,1,0
0x6712e8,50%,1,1,2,0,0,1,1
0x9bc981,50%,1,1,2,1,1,0,0
0x8ec8e3,50%,1,1,2,0,0,1,1
0x9a48d3,96.875%,1,31,32,16,0,1,15
0x8065e1,92.8571%,1,13,14,0,0,1,13
0x811b72,99.5098%,1,203,204,0,0,1,203
0x788c8f,98.3051%,1,58,59,9,1,0,49
0x808e18,50%,1,1,2,0,0,1,1
0x80ae23,50%,1,1,2,0,0,1,1
0x8c917b,66.6667%,1,2,3,2,0,1,0
0x821b94,0%,1,0,1,0,1,0,0
0x8ae848,80%,1,4,5,0,0,1,4
0x49486e,99.5475%,1,220,221,0,0,1,220
0x66612a,0%,1,0,1,0,1,0,0
0x7f0c8e,98.6667%,1,74,75,0,0,1,74
0x7cf357,99.8387%,1,619,620,0,0,1,619
0x8da940,50%,1,1,2,1,1,0,0
0x8f45ec,98.2456%,1,56,57,44,1,0,12
0x8f6ded,95.4545%,1,21,22,0,0,1,21
0x815a0d,98.8095%,1,83,84,83,1,0,0
0x814d18,50%,1,1,2,0,1,0,1
0xa23840,50%,1,1,2,0,0,1,1
0x8e5fb0,99.6283%,1,268,269,268,1,0,0
0x7e11be,0%,1,0,1,0,0,1,0
0x81fbb8,99.6904%,1,322,323,0,0,1,322
0x8dd390,99.8652%,1,741,742,741,1,0,0
0x4ac9e7,66.6667%,1,2,3,0,1,0,2
0xa45e72,75%,1,3,4,0,0,1,3
0x80abee,50%,1,1,2,1,1,0,0
0x8a9ecf,99.4475%,1,180,181,180,1,0,0
0x7cd9bd,87.5%,1,7,8,7,1,0,0
0x4927b7,50%,1,1,2,1,1,0,0
0x8e53c8,93.75%,1,15,16,0,0,1,15
0x99e01d,93.3333%,1,14,15,0,0,1,14
0x4b793f,96.4286%,1,27,28,0,1,0,27
0x908d7e,99.8195%,1,553,554,0,0,1,553
0x5f1896,50%,1,1,2,0,0,1,1
0x556000,66.6667%,1,2,3,0,0,1,2
0xa4707f,95.4545%,1,21,22,0,0,1,21
0x812304,94.1176%,1,16,17,1,1,0,15
0x5f2b2f,50%,1,1,2,0,0,1,1
0x5f59a2,50%,1,1,2,0,0,1,1
0x58e41e,97.5%,1,39,40,0,0,1,39
0x64113c,50%,1,1,2,1,1,0,0
0x6411cf,99.9275%,1,1378,1379,0,0,1,1378
0x816f67,50%,1,1,2,0,0,1,1
0x5510e2,50%,1,1,2,1,1,0,0
0x55601c,66.6667%,1,2,3,2,1,0,0
0x8aadb9,80%,1,4,5,4,1,0,0
0x8db754,99.6825%,1,314,315,314,1,0,0
0x492f99,97.0588%,1,33,34,33,1,0,0
0x804562,92.3077%,1,12,13,0,0,1,12
0x8ece04,99.8995%,1,994,995,0,0,1,994
0x54daf0,97.4359%,1,38,39,0,0,1,38
0x5ef750,0%,1,0,1,0,0,1,0
0x90ba30,99.8255%,1,572,573,572,1,0,0
0x4ad2ec,95%,1,19,20,0,0,1,19
0x817072,50%,1,1,2,1,1,0,0
0xa438b2,91.6667%,1,11,12,11,1,0,0
0x77ae76,0%,1,0,1,0,1,0,0
0x8a6057,50%,1,1,2,0,0,1,1
0x8ff586,50%,1,1,2,0,0,1,1
0x8ff0ad,98.8636%,1,87,88,0,0,1,87
0x80a6d9,0%,1,0,1,0,1,0,0
0xad4352,66.6667%,1,2,3,0,0,1,2
0x81f1aa,99.9481%,1,1927,1928,0,0,1,1927
0x4ca4a1,90.9091%,1,10,11,0,1,0,10
0x8063c7,98.1132%,1,52,53,0,1,0,52
0xace0c2,50%,1,1,2,0,0,1,1
0x8f5385,99.4595%,1,184,185,184,1,0,0
0x482913,88.8889%,1,8,9,8,1,0,0
0x7ce585,91.6667%,1,11,12,0,0,1,11
0xa050ae,0%,1,0,1,0,0,1,0
0x48bc2b,0%,1,0,1,0,0,1,0
0x8f5713,99.8696%,1,766,767,0,0,1,766
0x486fab,50%,1,1,2,0,0,1,1
0x9782b7,94.7368%,1,18,19,0,0,1,18
0x492a9f,99.3939%,1,164,165,0,0,1,164
0xa8e4d0,66.6667%,1,2,3,0,1,0,2
0xa264ab,50%,1,1,2,1,1,0,0
0x65be8b,91.6667%,1,11,12,11,1,0,0
0x9f966e,98.5294%,1,67,68,0,0,1,67
0x8e9281,98.8235%,1,84,85,0,0,1,84
0xa31313,98.0769%,1,51,52,51,1,0,0
0x40b3f5,50%,1,1,2,1,1,0,0
0x4093cd,50%,1,1,2,1,0,1,0
0x9e2e67,92.3077%,1,12,13,0,0,1,12
0x5fac8a,0%,1,0,1,0,0,1,0
0x5efe75,0%,1,0,1,0,1,0,0
0xa4fea3,75%,1,3,4,0,0,1,3
0x8ec82d,50%,1,1,2,1,1,0,0
0x649e00,50%,1,1,2,1,1,0,0
0x649a1b,75%,1,3,4,3,1,0,0
0xa3abbb,92.8571%,1,13,14,0,0,1,13
0x8f0b29,97.619%,1,41,42,0,0,1,41
0x8e72e8,99.6979%,1,330,331,0,0,1,330
0x4915e2,0%,1,0,1,0,1,0,0
0x9ecb8f,75%,1,3,4,3,1,0,0
0x51b1e9,50%,1,1,2,0,0,1,1
0x8f3039,94.1176%,1,16,17,0,0,1,16
0x8d468a,0%,1,0,1,0,1,0,0
0x9f642b,66.6667%,1,2,3,0,0,1,2
0x9013ab,98%,1,49,50,0,0,1,49
0xa55751,75%,1,3,4,1,1,0,2
0x5b0622,98.4615%,1,64,65,64,1,0,0
0x678e32,95.6522%,1,22,23,0,0,1,22
0x78582a,75%,1,3,4,1,1,0,2
0x4b55cd,50%,1,1,2,1,1,0,0
0x5b27bc,50%,1,1,2,1,1,0,0
0x8ec62b,50%,1,1,2,0,0,1,1
0x9bdfd4,98.5075%,1,66,67,66,1,0,0
0x49294b,50%,1,1,2,1,1,0,0
0x48bc33,0%,1,0,1,0,1,0,0
0x9fe792,97.2973%,1,36,37,0,0,1,36
0x9002b6,90%,1,9,10,9,1,0,0
0x4a7446,97.4359%,1,38,39,38,1,0,0
0x7f0ad1,0%,1,0,1,0,1,0,0
0x51231e,99.8442%,1,641,642,641,1,0,0
0xa3eef7,87.5%,1,7,8,0,0,1,7
0x67541f,0%,1,0,1,0,0,1,0
0x81fc41,92.8571%,1,13,14,0,0,1,13
0x599968,50%,1,1,2,1,1,0,0
0x80b734,66.6667%,1,2,3,1,1,0,1
0x793096,90%,1,9,10,2,0,1,7
0x8df14f,99.4737%,1,189,190,0,0,1,189
0x8ec607,50%,1,1,2,0,0,1,1
0x9812d5,98.6667%,1,74,75,62,0,1,12
0x5f617b,91.6667%,1,11,12,0,0,1,11
0x4bc1d9,98.2143%,1,55,56,55,1,0,0
0x8dd33c,99.8715%,1,777,778,0,0,1,777
0x8ee732,99.7305%,1,370,371,370,1,0,0
0x81e9c4,98.6842%,1,75,76,0,0,1,75
0x819e7c,98.9011%,1,90,91,90,1,0,0
0x7b71be,96.875%,1,31,32,0,0,1,31
0xa21e44,50%,1,1,2,0,0,1,1
0xa6500f,75%,1,3,4,0,0,1,3
0x63efff,50%,1,1,2,0,0,1,1
0x5f621c,50%,1,1,2,1,1,0,0
0x9e827d,75%,1,3,4,3,1,0,0
0xa08754,75%,1,3,4,0,0,1,3
0x94323e,98.6667%,1,74,75,74,1,0,0
0x9c5068,75%,1,3,4,0,0,1,3
0x8a63ec,99.2647%,1,135,136,0,0,1,135
0xa37ed4,95%,1,19,20,0,0,1,19
0x5f4e40,50%,1,1,2,0,1,0,1
0x8c8806,75%,1,3,4,3,1,0,0
0xaa7f7c,66.6667%,1,2,3,0,0,1,2
0x5542c3,50%,1,1,2,0,0,1,1
0xa37251,83.3333%,1,5,6,0,0,1,5
0xa311c3,99.2908%,1,140,141,0,0,1,140
0x9e7b71,50%,1,1,2,0,0,1,1
0xa2e039,99.5984%,1,248,249,0,0,1,248
0xaa5d1e,0%,1,0,1,0,1,0,0
0x5b4b2f,0%,1,0,1,0,0,1,0
0xa91189,75%,1,3,4,0,0,1,3
0x48efea,99.6212%,1,263,264,0,0,1,263
0xa04046,50%,1,1,2,0,0,1,1
0x902830,66.6667%,1,2,3,0,0,1,2
0x77ccdb,91.6667%,1,11,12,11,1,0,0
0x7d4185,91.6667%,1,11,12,0,0,1,11
0x542be7,50%,1,1,2,1,1,0,0
0x647bb3,97.6744%,1,42,43,0,0,1,42
0x499e48,93.75%,1,15,16,15,1,0,0
0xa1b095,0%,1,0,1,0,1,0,0
0x7d2b98,99.7312%,1,371,372,371,1,0,0
0x5a8705,50%,1,1,2,1,1,0,0
0x9f876a,66.6667%,1,2,3,0,0,1,2
0x67f3ab,50%,1,1,2,0,0,1,1
0x58e282,98.6667%,1,74,75,0,0,1,74
0xa1b06d,0%,1,0,1,0,1,0,0
0x99f01f,98.9583%,1,95,96,0,0,1,95
0x5f6463,50%,1,1,2,1,1,0,0
0x555f03,50%,1,1,2,0,0,1,1
0x9e5404,97.4359%,1,38,39,38,1,0,0
0xa05022,50%,1,1,2,1,0,1,0
0x404727,87.5%,1,7,8,7,1,0,0
0x80ad3b,50%,1,1,2,1,1,0,0
0x8aab30,94.7368%,1,18,19,0,0,1,18
0x7d208e,85.7143%,1,6,7,0,0,1,6
0x673d57,94.7368%,1,18,19,0,0,1,18
0x5cd170,99.2366%,1,130,131,130,1,0,0
0x67514c,0%,1,0,1,0,0,1,0
0xa09684,0%,1,0,1,0,0,1,0
0xa21d5c,50%,1,1,2,1,0,1,0
0x5f3ee2,75%,1,3,4,3,1,0,0
0xa2dfd2,99.6845%,1,316,317,0,0,1,316
0x99b8da,96.1538%,1,25,26,0,0,1,25
0xa52a3e,98.9474%,1,94,95,0,0,1,94
0xa1b4b4,75%,1,3,4,0,0,1,3
0x40a382,50%,1,1,2,1,1,0,0
0x80c9b5,90%,1,9,10,0,0,1,9
0x5f631c,50%,1,1,2,0,0,1,1
0x8aab3e,94.7368%,1,18,19,0,0,1,18
0x4ac964,66.6667%,1,2,3,2,1,0,0
0xa499f7,90%,1,9,10,0,0,1,9
0x9ab35f,99.9142%,1,1164,1165,0,0,1,1164
0xa1d757,50%,1,1,2,1,1,0,0
0x7d4400,50%,1,1,2,0,0,1,1
0x7d3118,99.7151%,1,350,351,350,1,0,0
0xaa1311,99.4872%,1,194,195,0,0,1,194
0x8093be,50%,1,1,2,0,0,1,1
0x5467f5,50%,1,1,2,0,0,1,1
0x9bc88b,50%,1,1,2,1,1,0,0
0x9597e9,99.3056%,1,143,144,0,0,1,143
0x487ed8,92.8571%,1,13,14,0,0,1,13
0x9f20ae,75%,1,3,4,0,0,1,3
0x9bc4ae,50%,1,1,2,1,1,0,0
0xa21d9c,50%,1,1,2,1,0,1,0
0x8f2cf1,50%,1,1,2,0,0,1,1
0x4ca6ec,50%,1,1,2,0,0,1,1
0x8d27e5,66.6667%,1,2,3,0,1,0,2
0x8a23ff,50%,1,1,2,0,0,1,1
0xa063f9,50%,1,1,2,0,0,1,1
0x5f3e48,0%,1,0,1,0,0,1,0
0x8a2422,50%,1,1,2,1,1,0,0
0x9a67e4,50%,1,1,2,0,0,1,1
0x8ad7bd,50%,1,1,2,1,1,0,0
0x40bd16,75%,1,3,4,3,1,0,0
0x9bde79,50%,1,1,2,0,0,1,1
0x557533,99.5951%,1,246,247,246,1,0,0
0x9bc758,95.2381%,1,20,21,0,0,1,20
0x8ad796,50%,1,1,2,0,0,1,1
0x5f7595,99.2248%,1,128,129,0,0,1,128
0xa1ad72,98.1132%,1,52,53,0,0,1,52
0xad6c65,50%,1,1,2,0,0,1,1
0xa4e040,50%,1,1,2,1,1,0,0
0x666114,0%,1,0,1,0,1,0,0
0x8adcdc,95.2381%,1,20,21,20,1,0,0
0x8ebe94,50%,1,1,2,1,1,0,0
0x78f89c,0%,1,0,1,0,0,1,0
0x4b9472,50%,1,1,2,0,0,1,1
0x8df03d,93.75%,1,15,16,15,1,0,0
0x9f6565,99.1525%,1,117,118,117,1,0,0
0x4c70e1,94.4444%,1,17,18,0,0,1,17
0x4a724a,50%,1,1,2,1,1,0,0
0xa21b4e,50%,1,1,2,0,0,1,1
0x9e5bea,97.1429%,1,34,35,34,1,0,0
0xa1ad06,90.9091%,1,10,11,5,1,0,5
0x5920ba,75%,1,3,4,0,0,1,3
0xa080d6,75%,1,3,4,3,1,0,0
0x5ff4d1,75%,1,3,4,0,0,1,3
0x5e3ce2,66.6667%,1,2,3,2,1,0,0
0x8adbf4,50%,1,1,2,0,0,1,1
0xa097e9,0%,1,0,1,0,0,1,0
0xa4794c,88.8889%,1,8,9,0,0,1,8
0x6406f3,99.5%,1,199,200,0,0,1,199
0x99d992,99.2126%,1,126,127,0,0,1,126
0x858e1d,87.5%,1,7,8,0,0,1,7
0xa8e467,0%,1,0,1,0,0,1,0
0xa47ccc,97.4359%,1,38,39,0,0,1,38
0x9a9841,90%,1,9,10,9,1,0,0
0x649d96,50%,1,1,2,1,1,0,0
0xa8e3e4,0%,1,0,1,0,1,0,0
0xa8e3c2,0%,1,0,1,0,0,1,0
0x441937,90.9091%,1,10,11,0,0,1,10
0xa64c41,50%,1,1,2,1,1,0,0
0x5deebc,0%,1,0,1,0,1,0,0
0x9f3c77,0%,1,0,1,0,0,1,0
0x80a1c5,75%,1,3,4,0,0,1,3
0x5f1466,99.3711%,1,158,159,0,1,0,158
0xa5f8e5,87.5%,1,7,8,7,1,0,0
0x9c539c,87.5%,1,7,8,0,0,1,7
0x8bdcd2,0%,1,0,1,0,1,0,0
0x4951e8,0%,1,0,1,0,0,1,0
0x7e819d,85.7143%,1,6,7,6,1,0,0
0x506ae0,50%,1,1,2,1,1,0,0
0xa8e502,0%,1,0,1,0,0,1,0
0x99dc1a,93.3333%,1,14,15,0,0,1,14
0x8d3809,75%,1,3,4,0,0,1,3
0x4a25af,83.3333%,1,5,6,0,0,1,5
0x83be07,0%,1,0,1,0,0,1,0
0x5b9e11,98.1132%,1,52,53,52,1,0,0
0xa59287,90%,1,9,10,0,0,1,9
0x8aada9,80%,1,4,5,0,0,1,4
0x90969d,99.9461%,1,1856,1857,1856,1,0,0
0xa0409f,0%,1,0,1,0,0,1,0
0x901ca5,99.5726%,1,233,234,0,0,1,233
0xa5f8bd,87.5%,1,7,8,0,0,1,7
0xa5bfa4,96.875%,1,31,32,31,1,0,0
0xa8e4e2,50%,1,1,2,1,1,0,0
0x9732f2,97.3684%,1,37,38,37,1,0,0
0x81904b,97.0588%,1,33,34,0,0,1,33
0x5915f9,66.6667%,1,2,3,0,0,1,2
0x8f179b,99.2537%,1,133,134,0,0,1,133
0x5eb2c4,50%,1,1,2,0,0,1,1
0x9d0696,97.0588%,1,33,34,0,0,1,33
0x858e29,87.5%,1,7,8,0,0,1,7
0xa09782,50%,1,1,2,1,1,0,0
0x9f7c11,92.3077%,1,12,13,0,0,1,12
0x592b1d,98.8889%,1,89,90,0,0,1,89
0x80858f,99.0291%,1,102,103,102,1,0,0
0xa1a29e,88.8889%,1,8,9,8,1,0,0
0xa58c4d,96.5517%,1,28,29,0,0,1,28
0xa53a9a,50%,1,1,2,0,0,1,1
0x492eba,98.6111%,1,71,72,0,0,1,71
0xaa120c,98.1481%,1,53,54,0,0,1,53
0x60b65e,99.5968%,1,247,248,0,0,1,247
0xa097f2,0%,1,0,1,0,0,1,0
0xa2eab6,75%,1,3,4,3,1,0,0
0x9fe6c7,97.5%,1,39,40,0,0,1,39
0x6798b9,83.3333%,1,5,6,0,0,1,5
0x58d40f,98.913%,1,91,92,0,0,1,91
0x4a871c,50%,1,1,2,0,0,1,1
0x9f802c,92.8571%,1,13,14,0,0,1,13
0x66f3c3,50%,1,1,2,0,0,1,1
0x678df7,95.6522%,1,22,23,0,0,1,22
0xa096c0,0%,1,0,1,0,0,1,0
0xa096a7,0%,1,0,1,0,0,1,0
0x490da9,83.3333%,1,5,6,0,0,1,5
0x9e7e61,75%,1,3,4,0,0,1,3
0x590ea4,95.6522%,1,22,23,0,0,1,22
0x998953,80%,1,4,5,0,1,0,4
0x4c6791,96.1538%,1,25,26,12,0,1,13
0x99a047,80%,1,4,5,4,1,0,0
0x9988e6,50%,1,1,2,0,0,1,1
0x7d2b86,92.3077%,1,12,13,12,1,0,0
0xa1d4f4,80%,1,4,5,4,1,0,0
0x7d2b49,92.3077%,1,12,13,0,0,1,12
0x9bdaef,75%,1,3,4,3,0,1,0
0x9d2929,75%,1,3,4,0,0,1,3
0x8ba05a,0%,1,0,1,0,0,1,0
0x6499e7,50%,1,1,2,1,1,0,0
0x9a1209,98.7654%,1,80,81,0,0,1,80
0x9a763b,92.8571%,1,13,14,0,0,1,13
0x491c93,0%,1,0,1,0,1,0,0
0x8a34f8,50%,1,1,2,0,0,1,1
0x9a81f2,92.8571%,1,13,14,13,1,0,0
0x5f4728,50%,1,1,2,1,1,0,0
0x59e8ef,75%,1,3,4,3,1,0,0
0x4859f4,97.619%,1,41,42,41,1,0,0
0x494dfb,0%,1,0,1,0,1,0,0
0x5f60ab,50%,1,1,2,0,0,1,1
0x66f384,50%,1,1,2,1,1,0,0
0x48d753,95.2381%,1,20,21,20,1,0,0
0x4b84fd,66.6667%,1,2,3,0,0,1,2
0x48eadc,99.9093%,1,1102,1103,0,0,1,1102
0x48d719,95.2381%,1,20,21,0,0,1,20
0x9ea220,50%,1,1,2,1,1,0,0
0x9eb259,50%,1,1,2,1,1,0,0
0x6096ba,98.7952%,1,82,83,0,0,1,82
0xa05eca,0%,1,0,1,0,0,1,0
0x4991f1,96.7742%,1,30,31,30,1,0,0
0xa481d2,97.7778%,1,44,45,0,0,1,44
0x48719c,50%,1,1,2,0,0,1,1
0x63f24b,50%,1,1,2,0,0,1,1
0x486e17,50%,1,1,2,1,1,0,0
0x4b396d,75%,1,3,4,0,0,1,3
0xa53055,87.5%,1,7,8,0,0,1,7
0x590e57,94.4444%,1,17,18,0,0,1,17
0x48fac3,66.6667%,1,2,3,0,0,1,2
0x409d2e,95.2381%,1,20,21,0,0,1,20
0x918a7e,50%,1,1,2,0,0,1,1
0x555b6a,99.5868%,1,241,242,0,1,0,241
0xa21050,0%,1,0,1,0,0,1,0
0x4928c7,50%,1,1,2,1,0,1,0
0x8ae9be,99.7245%,1,362,363,1,1,0,361
0x48f5f1,66.6667%,1,2,3,0,0,1,2
0xa2100a,0%,1,0,1,0,0,1,0
0x5089d7,75%,1,3,4,0,0,1,3
0xa535b5,87.5%,1,7,8,0,0,1,7
0xa20fc8,0%,1,0,1,0,0,1,0
0x490257,83.3333%,1,5,6,0,0,1,5
0x8094f1,50%,1,1,2,0,0,1,1
0x9175af,99.5%,1,199,200,199,1,0,0
0x480989,94.7368%,1,18,19,0,0,1,18
0x8ad60d,50%,1,1,2,1,0,1,0
0x677d14,99.3103%,1,144,145,144,1,0,0
0xa21bbe,50%,1,1,2,0,0,1,1
0x4914de,0%,1,0,1,0,0,1,0
0xa05f0a,0%,1,0,1,0,1,0,0
0x77caa1,83.3333%,1,5,6,5,1,0,0
0xa05ed2,85.7143%,1,6,7,0,1,0,6
0xa0785d,85.7143%,1,6,7,5,1,0,1
0x90fcbd,99.6429%,1,279,280,279,1,0,0
0x40988e,99.8024%,1,505,506,0,0,1,505
0x918c5e,99.5%,1,199,200,0,0,1,199
0x9eaaa9,50%,1,1,2,0,0,1,1
0x971161,90%,1,9,10,4,1,0,5
0x48eebd,98.1481%,1,53,54,0,0,1,53
0x64ba24,99.9284%,1,1396,1397,0,0,1,1396
0xa55925,50%,1,1,2,1,1,0,0
0x90a0a5,99.3289%,1,148,149,148,1,0,0
0x63ece3,99.8632%,1,730,731,0,0,1,730
0x80395a,50%,1,1,2,0,0,1,1
0x6664a4,96.6667%,1,29,30,0,0,1,29
0x9fcaa2,96%,1,24,25,24,1,0,0
0x908673,99.9379%,1,1610,1611,0,0,1,1610
0x5f0f8b,97.0588%,1,33,34,0,0,1,33
0x7d1ec0,97.9167%,1,47,48,43,1,0,4
0x917b56,99.5%,1,199,200,0,0,1,199
0x58e5c0,91.6667%,1,11,12,5,1,0,6
0x58e744,83.3333%,1,5,6,0,0,1,5
0x5ee150,99.9669%,1,3017,3018,0,0,1,3017
0x48733d,50%,1,1,2,1,1,0,0
0x945c56,98.4615%,1,64,65,0,0,1,64
0x54fcbc,0%,1,0,1,0,0,1,0
0x66f648,66.6667%,1,2,3,0,0,1,2
0x9d081f,0%,1,0,1,0,1,0,0
0x99f200,95%,1,19,20,19,1,0,0
0x5f62e6,75%,1,3,4,3,1,0,0
0x8aac75,90%,1,9,10,9,1,0,0
0x9ed5f3,83.3333%,1,5,6,0,0,1,5
0x48fe2d,90%,1,9,10,9,1,0,0
0x9f6ca0,92.3077%,1,12,13,12,1,0,0
0xa21143,75%,1,3,4,3,1,0,0
0x48fd60,90%,1,9,10,9,1,0,0
0x838b1a,83.3333%,1,5,6,0,0,1,5
0xa44a14,99.8106%,1,527,528,527,1,0,0
0xa3eab7,87.5%,1,7,8,0,0,1,7
0x538714,99.9629%,1,2695,2696,0,0,1,2695
0x5fbd10,50%,1,1,2,0,0,1,1
0x9fd1f0,85.7143%,1,6,7,0,0,1,6
0x403e2e,91.6667%,1,11,12,0,0,1,11
0x8226b0,75%,1,3,4,3,1,0,0
0x9bc5f2,50%,1,1,2,1,1,0,0
0x5d0743,66.6667%,1,2,3,2,1,0,0
0x80b0b2,50%,1,1,2,1,1,0,0
0x9bc692,50%,1,1,2,0,0,1,1
0xa3a47d,99.726%,1,364,365,364,1,0,0
0x951de0,90.9091%,1,10,11,10,1,0,0
0x8f54b0,91.6667%,1,11,12,0,0,1,11
0x441a66,90.9091%,1,10,11,0,0,1,10
0x5b6070,0%,1,0,1,0,1,0,0
0x8d20cb,75%,1,3,4,1,1,0,2
0x554eda,99.2958%,1,141,142,0,0,1,141
0x64006b,99.8462%,1,649,650,0,0,1,649
0x9782c1,94.7368%,1,18,19,0,0,1,18
0xa4114f,96%,1,24,25,0,0,1,24
0x7c86b8,75%,1,3,4,0,0,1,3
0x90d46b,99.6689%,1,301,302,0,0,1,301
0x78abb3,85.7143%,1,6,7,0,0,1,6
0xa3ef2c,87.5%,1,7,8,0,0,1,7
0x4828ba,88.8889%,1,8,9,0,0,1,8
0x94ee55,96.6667%,1,29,30,0,0,1,29
0x51b361,99.7642%,1,423,424,0,0,1,423
0x9f4a24,0%,1,0,1,0,1,0,0
0x4b8942,90.9091%,1,10,11,0,0,1,10
0x804293,0%,1,0,1,0,0,1,0
0x951a31,99.3421%,1,151,152,0,0,1,151
0x975000,83.3333%,1,5,6,0,0,1,5
0x4022fa,98.1481%,1,53,54,53,0,1,0
0x50ad46,99.0991%,1,110,111,0,0,1,110
0x90f7f2,50%,1,1,2,1,1,0,0
0x5c33e1,87.5%,1,7,8,0,0,1,7
0xaab7f4,98.9899%,1,98,99,0,0,1,98
0xa97efb,92.8571%,1,13,14,0,0,1,13
0x5b2346,97.561%,1,40,41,0,0,1,40
0x97a414,98.0769%,1,51,52,0,0,1,51
0x672323,50%,1,1,2,0,0,1,1
0x9d1c34,83.3333%,1,5,6,0,1,0,5
0xa5130d,91.6667%,1,11,12,0,0,1,11
0x556fe5,98.8235%,1,84,85,0,0,1,84
0xa9cd58,87.5%,1,7,8,0,0,1,7
0xa69ea8,75%,1,3,4,0,0,1,3
0x9d1c2a,66.6667%,1,2,3,1,1,0,1
0x7bb90b,75%,1,3,4,0,0,1,3
0x7d1c0c,0%,1,0,1,0,1,0,0
0x558d29,98.6667%,1,74,75,0,0,1,74
0x9a9277,92.8571%,1,13,14,0,0,1,13
0x63f085,50%,1,1,2,1,1,0,0
0xa21b8c,50%,1,1,2,0,1,0,1
0x8a6a3f,0%,1,0,1,0,1,0,0
0x9d25fa,0%,1,0,1,0,0,1,0
0x48391c,96.5517%,1,28,29,28,1,0,0
0x63f0e2,50%,1,1,2,1,1,0,0
0x619ec3,80%,1,4,5,0,0,1,4
0x9e88b2,80%,1,4,5,0,0,1,4
0xa210a2,75%,1,3,4,0,1,0,3
0x81bd2b,99.6845%,1,316,317,316,1,0,0
0x6663ed,50%,1,1,2,0,0,1,1
0x4aca2b,85.7143%,1,6,7,5,0,1,1
0x4a7d38,0%,1,0,1,0,1,0,0
0x49292f,0%,1,0,1,0,0,1,0
0x48fb23,66.6667%,1,2,3,2,1,0,0
0x485831,91.6667%,1,11,12,0,0,1,11
0xa8ab7a,98.7952%,1,82,83,0,0,1,82
0x69ddb9,91.6667%,1,11,12,0,0,1,11
0x5b05e0,50%,1,1,2,1,1,0,0
0x7c9d1f,75%,1,3,4,0,0,1,3
0x9bc5c8,50%,1,1,2,0,0,1,1
0x90bba2,95.4545%,1,21,22,0,0,1,21
0xa55a45,75%,1,3,4,1,1,0,2
0x7e81c9,50%,1,1,2,1,1,0,0
0xa501e8,94.1176%,1,16,17,0,0,1,16
0x51b2f2,83.3333%,1,5,6,5,1,0,0
0x4bd48c,50%,1,1,2,0,0,1,1
0x5f4d5d,50%,1,1,2,1,1,0,0
0x59f5b8,75%,1,3,4,3,1,0,0
0xa04174,0%,1,0,1,0,0,1,0
0xa35cce,99.9177%,1,1214,1215,0,0,1,1214
0xa64fca,75%,1,3,4,3,1,0,0
0x973716,80%,1,4,5,4,1,0,0
0x5d88a0,96.6667%,1,29,30,0,0,1,29
0x495b0f,0%,1,0,1,0,0,1,0
0xa3bd5f,87.5%,1,7,8,0,0,1,7
0x7c9e2a,75%,1,3,4,3,1,0,0
0x780615,99.6914%,1,323,324,0,0,1,323
0x9d269a,96.4286%,1,27,28,0,0,1,27
0x91896f,50%,1,1,2,0,0,1,1
0x7c73d4,93.75%,1,15,16,0,0,1,15
0x9013ca,98.9583%,1,95,96,95,1,0,0
0x5f4387,50%,1,1,2,1,1,0,0
0x9c4df7,50%,1,1,2,0,0,1,1
0x99d6b5,88.8889%,1,8,9,8,1,0,0
0x9eca88,88.8889%,1,8,9,4,0,1,4
0x65b020,92.3077%,1,12,13,12,1,0,0
0x7cc161,91.6667%,1,11,12,0,0,1,11
0xa04053,50%,1,1,2,0,0,1,1
0x69242e,90%,1,9,10,0,0,1,9
0x8c9430,99.1597%,1,118,119,0,0,1,118
0x9f11d3,80%,1,4,5,0,0,1,4
0x7ce7a2,97.2222%,1,35,36,0,0,1,35
0xa042de,50%,1,1,2,0,0,1,1
0x40ea7e,75%,1,3,4,3,1,0,0
0xa60ce8,99.5781%,1,236,237,0,0,1,236
0x48180e,96.5517%,1,28,29,0,0,1,28
0x5baa65,99.7481%,1,396,397,0,0,1,396
0x94385c,97.5%,1,39,40,0,0,1,39
0xa0981a,0%,1,0,1,0,1,0,0
0xa660e7,98.7952%,1,82,83,0,0,1,82
0x9d24fa,92.3077%,1,12,13,0,1,0,12
0xa7b40f,0%,1,0,1,0,0,1,0
0x911b5e,99.8331%,1,598,599,0,0,1,598
0x78f82c,96.5517%,1,28,29,28,1,0,0
0x7c7446,87.5%,1,7,8,0,0,1,7
0xa33c75,99.8113%,1,529,530,0,0,1,529
0x5f4c8a,50%,1,1,2,0,1,0,1
0x9a9d87,99.1935%,1,123,124,0,0,1,123
0xa8e54f,80%,1,4,5,4,1,0,0
0x8eee12,99.2857%,1,139,140,0,0,1,139
0xa21062,0%,1,0,1,0,0,1,0
0x4c4bf2,92.3077%,1,12,13,0,0,1,12
0xa99949,50%,1,1,2,0,0,1,1
0xaaa618,85.7143%,1,6,7,6,1,0,0
0x409d01,98.9011%,1,90,91,0,0,1,90
0x6d45bb,99.3103%,1,144,145,0,0,1,144
0xa853e4,80%,1,4,5,4,1,0,0
0xa66217,96.2963%,1,26,27,26,1,0,0
0x675170,0%,1,0,1,0,0,1,0
0xa55827,50%,1,1,2,0,0,1,1
0x492d2d,98.6111%,1,71,72,0,0,1,71
0x50bb93,99.7955%,1,488,489,0,0,1,488
0x48c380,85.7143%,1,6,7,0,0,1,6
0x8dfff1,91.6667%,1,11,12,0,0,1,11
0x972c90,96.4286%,1,27,28,0,0,1,27
0xa1d7e9,50%,1,1,2,1,1,0,0
0x9e052e,98.2759%,1,57,58,0,0,1,57
0x40df0f,66.6667%,1,2,3,2,0,1,0
0x9c3e45,98.8372%,1,85,86,0,0,1,85
0x80a6a7,66.6667%,1,2,3,0,0,1,2
0x409a26,94.7368%,1,18,19,0,1,0,18
0xa36c77,50%,1,1,2,0,0,1,1
0x8fd297,50%,1,1,2,1,1,0,0
0x9e53ea,97.4359%,1,38,39,0,0,1,38
0xa2f3d6,50%,1,1,2,0,0,1,1
0x9027de,91.6667%,1,11,12,0,0,1,11
0x651709,97.4359%,1,38,39,0,0,1,38
0x49946c,96.4286%,1,27,28,0,0,1,27
0x7c7480,83.3333%,1,5,6,5,1,0,0
0x8ea6a6,75%,1,3,4,0,0,1,3
0x8bade3,99.7743%,1,442,443,0,0,1,442
0x5931fb,96.4286%,1,27,28,13,1,0,14
0x9177b8,99.4681%,1,187,188,187,1,0,0
0x8c8d93,87.5%,1,7,8,0,0,1,7
0xa15955,90%,1,9,10,0,0,1,9
0x8a5a63,50%,1,1,2,0,0,1,1
0x8aae19,80%,1,4,5,0,0,1,4
0x9f5953,96%,1,24,25,0,0,1,24
0x8d3fae,92.3077%,1,12,13,0,0,1,12
0x490113,90%,1,9,10,0,0,1,9
0x610782,92.3077%,1,12,13,0,0,1,12
0x9c4e17,80%,1,4,5,1,0,1,3
0x8c7117,50%,1,1,2,1,1,0,0
0x40b427,50%,1,1,2,0,0,1,1
0x8102be,99.8747%,1,797,798,797,1,0,0
0x409a66,99.3631%,1,156,157,0,0,1,156
0xa8e572,80%,1,4,5,0,1,0,4
0xa8e634,0%,1,0,1,0,0,1,0
0x6497ac,50%,1,1,2,0,0,1,1
0x409ffa,93.75%,1,15,16,15,0,1,0
0x977c55,99.3007%,1,142,143,0,0,1,142
0x670507,50%,1,1,2,0,1,0,1
0x99cd87,88.8889%,1,8,9,0,0,1,8
0x9ef382,98.3333%,1,59,60,0,0,1,59
0x8aae23,80%,1,4,5,0,0,1,4
0xa44a52,75%,1,3,4,3,1,0,0
0x7c20df,91.6667%,1,11,12,0,0,1,11
0x8c834e,91.6667%,1,11,12,11,1,0,0
0x64c26d,100%,0,118,118,0,0,0,118
0x4c67ea,100%,0,12,12,0,0,0,12
0x7d09d4,100%,0,628,628,0,0,0,628
0x8ea729,100%,0,4,4,4,0,0,0
0x99aa2a,100%,0,102,102,0,0,0,102
0x4c0781,100%,0,86,86,86,0,0,0
0x7c7519,100%,0,16,16,0,0,0,16
0xa9ff5d,100%,0,3,3,3,0,0,0
0x9fe71a,100%,0,40,40,0,0,0,40
0x5bd486,100%,0,764,764,0,0,0,764
0x8bb2e0,100%,0,2,2,0,0,0,2
0x49d040,100%,0,1,1,0,0,0,1
0x822276,100%,0,273,273,0,0,0,273
0x4879c7,100%,0,4,4,0,0,0,4
0x49d091,100%,0,2,2,2,0,0,0
0x9f40c8,100%,0,3,3,0,0,0,3
0x7f0673,100%,0,2,2,0,0,0,2
0x4acf5e,100%,0,4,4,4,0,0,0
0x67f435,100%,0,2,2,0,0,0,2
0x7c9e22,100%,0,4,4,0,0,0,4
0x7899df,100%,0,6,6,0,0,0,6
0x409d1b,100%,0,82,82,0,0,0,82
0x49d204,100%,0,1,1,0,0,0,1
0x49d0f7,100%,0,2,2,0,0,0,2
0x9725db,100%,0,10,10,0,0,0,10
0x48799d,100%,0,6,6,0,0,0,6
0x60bbd8,100%,0,9,9,0,0,0,9
0x80aeda,100%,0,1,1,0,0,0,1
0x5b2323,100%,0,240,240,0,0,0,240
0x66755f,100%,0,2,2,2,0,0,0
0x49d06f,100%,0,3,3,0,0,0,3
0xa15f6f,100%,0,12,12,12,0,0,0
0x49cfeb,100%,0,1,1,0,0,0,1
0x8f2418,100%,0,16,16,0,0,0,16
0x808343,100%,0,4,4,0,0,0,4
0x814d21,100%,0,1,1,0,0,0,1
0x97531b,100%,0,6,6,0,0,0,6
0x5d3b86,100%,0,4,4,4,0,0,0
0x4ac8f3,100%,0,3,3,3,0,0,0
0x5936f4,100%,0,11,11,0,0,0,11
0x81006c,100%,0,432,432,432,0,0,0
0x63f2e9,100%,0,2,2,0,0,0,2
0x5fdc1d,100%,0,1,1,0,0,0,1
0x600258,100%,0,23,23,0,0,0,23
0xa954a0,100%,0,4,4,4,0,0,0
0x975023,100%,0,6,6,0,0,0,6
0x97500c,100%,0,6,6,0,0,0,6
0x506eac,100%,0,1,1,0,0,0,1
0x804136,100%,0,60,60,0,0,0,60
0x4ca4bf,100%,0,10,10,0,0,0,10
0x80b980,100%,0,2,2,0,0,0,2
0x555e08,100%,0,400,400,0,0,0,400
0xa95436,100%,0,4,4,0,0,0,4
0xa41887,100%,0,8,8,0,0,0,8
0xa2f03c,100%,0,84,84,0,0,0,84
0x99886f,100%,0,2,2,0,0,0,2
0x8a6a60,100%,0,3,3,3,0,0,0
0x9e389f,100%,0,25,25,25,0,0,0
0x4ac9cd,100%,0,3,3,3,0,0,0
0x9736f3,100%,0,5,5,0,0,0,5
0x9e10cb,100%,0,29,29,29,0,0,0
0x9751b8,100%,0,5,5,5,0,0,0
0x9736e3,100%,0,4,4,4,0,0,0
0x40ceda,100%,0,2,2,2,0,0,0
0x78b6dc,100%,0,12,12,0,0,0,12
0xa5ab04,100%,0,7,7,0,0,0,7
0x9e7223,100%,0,33,33,0,0,0,33
0x60c65d,100%,0,4,4,0,0,0,4
0x8198fb,100%,0,511,511,0,0,0,511
0xa9c9b5,100%,0,34,34,0,0,0,34
0x809f98,100%,0,327,327,0,0,0,327
0xa5ab96,100%,0,28,28,0,0,0,28
0x5f8a9a,100%,0,8,8,0,0,0,8
0xa5abdc,100%,0,15,15,15,0,0,0
0xa955b8,100%,0,4,4,0,0,0,4
0x99f5d9,100%,0,102,102,102,0,0,0
0xa956d4,100%,0,4,4,0,0,0,4
0x96eba2,100%,0,2,2,2,0,0,0
0x96eb7c,100%,0,3,3,0,0,0,3
0x491bf4,100%,0,1,1,1,0,0,0
0x40945f,100%,0,4,4,0,0,0,4
0x98408b,100%,0,74,74,0,0,0,74
0xb497bc,100%,0,5,5,0,0,0,5
0x8e32f3,100%,0,1977,1977,0,0,0,1977
0x487673,100%,0,15,15,15,0,0,0
0x906a78,100%,0,358,358,358,0,0,0
0xa041b1,100%,0,4,4,0,0,0,4
0x63f298,100%,0,2,2,0,0,0,2
0x63f257,100%,0,2,2,0,0,0,2
0x9f0355,100%,0,10,10,0,0,0,10
0xa35906,100%,0,1001,1001,0,0,0,1001
0xa955ae,100%,0,4,4,0,0,0,4
0x81e453,100%,0,808,808,0,0,0,808
0x7d3dab,100%,0,3,3,0,0,0,3
0x81aeb1,100%,0,5,5,5,0,0,0
0x96ebc6,100%,0,1,1,0,0,0,1
0x99da26,100%,0,1,1,1,0,0,0
0x96e4fe,100%,0,2,2,2,0,0,0
0x8a8baf,100%,0,24,24,0,0,0,24
0x8dacfb,100%,0,44,44,0,0,0,44
0x8df5be,100%,0,40,40,0,0,0,40
0x4bc8d4,100%,0,12,12,12,0,0,0
0x67c9db,100%,0,162,162,0,0,0,162
0x95a9d6,100%,0,4,4,0,0,0,4
0x63bb7f,100%,0,3,3,3,0,0,0
0xa04126,100%,0,2,2,0,0,0,2
0x8ebdc5,100%,0,2,2,0,0,0,2
0x5fc801,100%,0,2,2,0,0,0,2
0x4ab159,100%,0,6,6,0,0,0,6
0x8a5c3f,100%,0,2,2,2,0,0,0
0x970fc4,100%,0,12,12,5,0,0,7
0x9f12fb,100%,0,10,10,0,0,0,10
0x49be87,100%,0,2,2,0,0,0,2
0xa97b29,100%,0,2,2,0,0,0,2
0x7aca5d,100%,0,32,32,0,0,0,32
0x592dc1,100%,0,2,2,2,0,0,0
0xa97b3b,100%,0,2,2,0,0,0,2
0x8e905b,100%,0,2,2,0,0,0,2
0x99cdc9,100%,0,9,9,0,0,0,9
0x8f3054,100%,0,17,17,0,0,0,17
0x59073e,100%,0,3,3,0,0,0,3
0x809ed1,100%,0,2,2,0,0,0,2
0x8f5f6e,100%,0,708,708,0,0,0,708
0xa042da,100%,0,2,2,0,0,0,2
0x8f36b5,100%,0,101,101,101,0,0,0
0x943a47,100%,0,4,4,0,0,0,4
0x590710,100%,0,3,3,0,0,0,3
0x8099e2,100%,0,7,7,7,0,0,0
0x8ec321,100%,0,1,1,0,0,0,1
0x666d95,100%,0,3,3,3,0,0,0
0x58e1cb,100%,0,75,75,0,0,0,75
0x666d8b,100%,0,3,3,3,0,0,0
0x815fd2,100%,0,9,9,0,0,0,9
0x7d3417,100%,0,8,8,8,0,0,0
0x9751ab,100%,0,5,5,0,0,0,5
0x50a12a,100%,0,9,9,0,0,0,9
0x4a035c,100%,0,28,28,0,0,0,28
0x8dec0a,100%,0,6,6,6,0,0,0
0xa9861a,100%,0,2,2,0,0,0,2
0x7808d9,100%,0,2,2,0,0,0,2
0x99dde4,100%,0,15,15,15,0,0,0
0x8d217e,100%,0,2,2,2,0,0,0
0x8bdb96,100%,0,5,5,5,0,0,0
0x5e1add,100%,0,2,2,0,0,0,2
0x4bd113,100%,0,10,10,10,0,0,0
0x8dec3c,100%,0,6,6,6,0,0,0
0x44166e,100%,0,11,11,0,0,0,11
0x60c59e,100%,0,5,5,5,0,0,0
0x5eb2d6,100%,0,2,2,0,0,0,2
0x95b05e,100%,0,23,23,0,0,0,23
0x55b399,100%,0,1049,1049,0,0,0,1049
0x8deb71,100%,0,6,6,0,0,0,6
0x94c620,100%,0,2,2,0,0,0,2
0x49c88f,100%,0,1,1,0,0,0,1
0x8dec7f,100%,0,6,6,0,0,0,6
0x58b8d0,100%,0,110,110,0,0,0,110
0x64bd73,100%,0,119,119,0,0,0,119
0x40af17,100%,0,2,2,2,0,0,0
0x8e21af,100%,0,4,4,0,0,0,4
0x8df894,100%,0,2,2,0,0,0,2
0x5b2c2c,100%,0,2,2,0,0,0,2
0xa99ca6,100%,0,4,4,0,0,0,4
0x8f4474,100%,0,1,1,1,0,0,0
0x8dfa4c,100%,0,1,1,1,0,0,0
0x8ed738,100%,0,1,1,1,0,0,0
0x49a154,100%,0,32,32,0,0,0,32
0x9d0806,100%,0,1,1,0,0,0,1
0x4aaec4,100%,0,11,11,0,0,0,11
0x973e33,100%,0,12,12,0,0,0,12
0x60e5a8,100%,0,1,1,0,0,0,1
0x54fbd8,100%,0,1,1,0,0,0,1
0x48783f,100%,0,1,1,0,0,0,1
0x8ebe31,100%,0,18,18,0,0,0,18
0x96e7b5,100%,0,1,1,0,0,0,1
0xa41213,100%,0,25,25,0,0,0,25
0x7d448a,100%,0,2,2,0,0,0,2
0x77d87c,100%,0,6,6,0,0,0,6
0x96e840,100%,0,1,1,1,0,0,0
0x9fca56,100%,0,25,25,25,0,0,0
0x9a312d,100%,0,1,1,1,0,0,0
0x679b4b,100%,0,2757,2757,2757,0,0,0
0xa723e6,100%,0,4,4,0,0,0,4
0x6f4591,100%,0,10,10,0,0,0,10
0xa5af16,100%,0,2,2,0,0,0,2
0x60bc27,100%,0,18,18,0,0,0,18
0x610ce4,100%,0,30,30,0,0,0,30
0xa1d49a,100%,0,5,5,0,0,0,5
0x5dd9d4,100%,0,1,1,0,0,0,1
0x49cf8e,100%,0,1,1,0,0,0,1
0x96e91f,100%,0,1,1,0,0,0,1
0x60e5da,100%,0,1,1,1,0,0,0
0x40995c,100%,0,177,177,0,0,0,177
0xb0a135,100%,0,345,345,0,0,0,345
0xa05fb5,100%,0,9,9,0,0,0,9
0x54fe41,100%,0,1,1,0,0,0,1
0x5adaf5,100%,0,27,27,27,0,0,0
0x506ec4,100%,0,1,1,0,0,0,1
0xa2df4a,100%,0,194,194,0,0,0,194
0x54fdc3,100%,0,1,1,0,0,0,1
0x9fe6cf,100%,0,40,40,0,0,0,40
0x54fcf9,100%,0,1,1,0,0,0,1
0x4877e2,100%,0,1,1,0,0,0,1
0xaa5d0a,100%,0,1,1,0,0,0,1
0x81fcda,100%,0,14,14,0,0,0,14
0x99d3a3,100%,0,9,9,9,0,0,0
0x99d365,100%,0,9,9,0,0,0,9
0x610a54,100%,0,13,13,0,0,0,13
0x4916fc,100%,0,1,1,1,0,0,0
0xa2f87d,100%,0,249,249,0,0,0,249
0x9e10ab,100%,0,29,29,29,0,0,0
0x956451,100%,0,1,1,0,0,0,1
0x8ea428,100%,0,4,4,0,0,0,4
0x60e5d0,100%,0,1,1,0,0,0,1
0xa95a6c,100%,0,4,4,4,0,0,0
0x99cf58,100%,0,9,9,0,0,0,9
0xa21c37,100%,0,2,2,0,0,0,2
0xa95b31,100%,0,2,2,0,0,0,2
0x94703c,100%,0,19,19,19,0,0,0
0x9e414d,100%,0,609,609,609,0,0,0
0x7e11d6,100%,0,1,1,0,0,0,1
0x49cfc6,100%,0,1,1,1,0,0,0
0x9bd1c6,100%,0,55,55,0,0,0,55
0xa95a2d,100%,0,4,4,4,0,0,0
0xa0436c,100%,0,1,1,0,0,0,1
0x7c8398,100%,0,4,4,4,0,0,0
0x97bc10,100%,0,2,2,2,0,0,0
0xa959b9,100%,0,4,4,0,0,0,4
0x4857f9,100%,0,15,15,0,0,0,15
0x9772cc,100%,0,6,6,6,0,0,0
0x49cdb5,100%,0,5,5,0,0,0,5
0x81fcc7,100%,0,14,14,0,0,0,14
0x48fe0e,100%,0,10,10,0,0,0,10
0xaa56c7,100%,0,36,36,36,0,0,0
0x6e445d,100%,0,16,16,0,0,0,16
0xa4787a,100%,0,1,1,1,0,0,0
0x50193a,100%,0,700,700,0,0,0,700
0x55b3a3,100%,0,1049,1049,0,0,0,1049
0xa01abf,100%,0,2,2,2,0,0,0
0x6750c0,100%,0,3,3,0,0,0,3
0x90910e,100%,0,1857,1857,1857,0,0,0
0x8f5526,100%,0,1703,1703,1703,0,0,0
0x8f1884,100%,0,192,192,0,0,0,192
0x4950d2,100%,0,1,1,0,0,0,1
0xa5332d,100%,0,6,6,0,0,0,6
0x90ec52,100%,0,200,200,0,0,0,200
0x49b174,100%,0,2,2,0,0,0,2
0x8f569a,100%,0,12,12,0,0,0,12
0x444958,100%,0,13,13,13,0,0,0
0xa0f1cc,100%,0,6,6,0,0,0,6
0x4c5c78,100%,0,8,8,0,0,0,8
0x9fdbfb,100%,0,18,18,0,0,0,18
0x80af11,100%,0,2,2,1,0,0,1
0x5b2889,100%,0,2,2,0,0,0,2
0xa53636,100%,0,6,6,0,0,0,6
0x7f36a6,100%,0,15,15,15,0,0,0
0x8f3a71,100%,0,174,174,0,0,0,174
0xa6b495,100%,0,4,4,4,0,0,0
0x8e9663,100%,0,2,2,0,0,0,2
0x9848e5,100%,0,4,4,0,0,0,4
0xa0bc4b,100%,0,7,7,0,0,0,7
0x9012b5,100%,0,1,1,0,0,0,1
0xa4ed81,100%,0,2,2,0,0,0,2
0x80c33d,100%,0,1,1,0,0,0,1
0x9e6f58,100%,0,3,3,0,0,0,3
0x8f1809,100%,0,397,397,0,0,0,397
0x677bd4,100%,0,30,30,0,0,0,30
0x67553d,100%,0,2,2,0,0,0,2
0x9739e4,100%,0,40,40,0,0,0,40
0x9439b8,100%,0,2,2,0,0,0,2
0xa545dd,100%,0,8,8,0,0,0,8
0x80b45d,100%,0,1,1,0,0,0,1
0x4c8184,100%,0,22,22,22,0,0,0
0x40e91a,100%,0,5,5,5,0,0,0
0x9fec31,100%,0,30,30,0,0,0,30
0x4bf137,100%,0,15,15,15,0,0,0
0xa0f38c,100%,0,6,6,6,0,0,0
0x811462,100%,0,2,2,0,0,0,2
0xa4eedb,100%,0,22,22,0,0,0,22
0x9fbade,100%,0,306,306,306,0,0,0
0x5c82dc,100%,0,80,80,0,0,0,80
0xa30aa9,100%,0,1688,1688,0,0,0,1688
0x619e2f,100%,0,5,5,5,0,0,0
0x9f6a69,100%,0,36,36,36,0,0,0
0x8a34fd,100%,0,2,2,0,0,0,2
0x81a0ab,100%,0,91,91,0,0,0,91
0xaa826d,100%,0,5,5,0,0,0,5
0x9f55b7,100%,0,66,66,0,0,0,66
0x8ea9dd,100%,0,1225,1225,1225,0,0,0
0x4ada4f,100%,0,5,5,5,0,0,0
0x9f556f,100%,0,80,80,80,0,0,0
0xb28b39,100%,0,2818,2818,0,0,0,2818
0xa0f283,100%,0,6,6,6,0,0,0
0xa53736,100%,0,8,8,0,0,0,8
0xa4b648,100%,0,6,6,0,0,0,6
0x4c4f59,100%,0,17,17,0,0,0,17
0xa5364a,100%,0,8,8,0,0,0,8
0x5a076c,100%,0,2,2,0,0,0,2
0xa0f30c,100%,0,6,6,0,0,0,6
0x5c7944,100%,0,80,80,0,0,0,80
0x7d1e85,100%,0,51,51,0,0,0,51
0x4c5d9e,100%,0,8,8,0,0,0,8
0x4ba4e5,100%,0,22,22,0,0,0,22
0x7e1cb0,100%,0,2,2,0,0,0,2
0x5f10dc,100%,0,36,36,36,0,0,0
0xa53511,100%,0,2,2,0,0,0,2
0xa534ef,100%,0,2,2,2,0,0,0
0x4c5e84,100%,0,8,8,8,0,0,0
0xa3d6ad,100%,0,8,8,8,0,0,0
0xa37980,100%,0,10,10,10,0,0,0
0xa0b9e2,100%,0,1,1,0,0,0,1
0x9b9019,100%,0,9,9,0,0,0,9
0x8e9f08,100%,0,704,704,0,0,0,704
0xa0b9fd,100%,0,1,1,0,0,0,1
0xa4bb63,100%,0,14,14,0,0,0,14
0xa4b682,100%,0,20,20,0,0,0,20
0x4ca6fd,100%,0,2,2,2,0,0,0
0x8fd9e5,100%,0,5,5,0,0,0,5
0xa51d38,100%,0,8,8,8,0,0,0
0x4c769b,100%,0,4,4,0,0,0,4
0x8091b7,100%,0,223,223,223,0,0,0
0xa56794,100%,0,18,18,0,0,0,18
0xa51e4f,100%,0,39,39,0,0,0,39
0x666c25,100%,0,2,2,2,0,0,0
0x998913,100%,0,1,1,0,0,0,1
0x48f4e1,100%,0,3,3,0,0,0,3
0xa0b9bd,100%,0,2,2,0,0,0,2
0x5df81d,100%,0,14,14,14,0,0,0
0x5937bd,100%,0,19,19,0,0,0,19
0x91759c,100%,0,200,200,0,0,0,200
0x9f5be3,100%,0,12,12,0,0,0,12
0x9f5bdd,100%,0,12,12,0,0,0,12
0xa69e61,100%,0,4,4,0,0,0,4
0x5bd001,100%,0,642,642,642,0,0,0
0x590e82,100%,0,23,23,0,0,0,23
0x90b30a,100%,0,131,131,0,0,0,131
0x4b55c0,100%,0,2,2,0,0,0,2
0x592084,100%,0,4,4,0,0,0,4
0xa46e14,100%,0,18,18,0,0,0,18
0x815247,100%,0,1,1,1,0,0,0
0x8167a0,100%,0,68,68,0,0,0,68
0xa41ee4,100%,0,31,31,0,0,0,31
0x7d423a,100%,0,1,1,0,0,0,1
0x53c3bb,100%,0,22,22,0,0,0,22
0x9ef39f,100%,0,9,9,0,0,0,9
0x5b2b69,100%,0,45,45,0,0,0,45
0x803e85,100%,0,17,17,0,0,0,17
0x6983a9,100%,0,13,13,0,0,0,13
0x9f40b6,100%,0,3,3,0,0,0,3
0x9f40a3,100%,0,3,3,0,0,0,3
0xa55b27,100%,0,6,6,0,0,0,6
0x7d4460,100%,0,2,2,0,0,0,2
0x533636,100%,0,7,7,0,0,0,7
0xa558e4,100%,0,2,2,0,0,0,2
0x9e7ded,100%,0,4,4,0,0,0,4
0x7d447a,100%,0,2,2,0,0,0,2
0x7d2c8f,100%,0,4,4,0,0,0,4
0x9cfc6f,100%,0,8,8,0,0,0,8
0x40a6c2,100%,0,26,26,26,0,0,0
0x81c093,100%,0,85,85,0,0,0,85
0x4903cf,100%,0,3,3,0,0,0,3
0x40f720,100%,0,4,4,0,0,0,4
0xa380e5,100%,0,5,5,0,0,0,5
0x67564c,100%,0,1,1,0,0,0,1
0xa55a74,100%,0,2,2,2,0,0,0
0xa55a67,100%,0,2,2,0,0,0,2
0x63f00f,100%,0,2,2,2,0,0,0
0x90aebb,100%,0,119,119,119,0,0,0
0xa55a49,100%,0,2,2,0,0,0,2
0x4c7f15,100%,0,4,4,0,0,0,4
0x647577,100%,0,21,21,0,0,0,21
0xa4f8e2,100%,0,14,14,0,0,0,14
0x8198e0,100%,0,827,827,0,0,0,827
0x4c805d,100%,0,22,22,0,0,0,22
0x402ff7,100%,0,65,65,0,0,0,65
0x533894,100%,0,18,18,0,0,0,18
0x610f12,100%,0,2,2,0,0,0,2
0x7d21d4,100%,0,4,4,4,0,0,0
0xa558fc,100%,0,2,2,0,0,0,2
0x555c9b,100%,0,38,38,38,0,0,0
0x5eaf65,100%,0,4,4,4,0,0,0
0x9e78d2,100%,0,122,122,0,0,0,122
0x94f1ae,100%,0,1,1,0,0,0,1
0x4c491b,100%,0,2,2,2,0,0,0
0x4bb2e6,100%,0,30,30,30,0,0,0
0x5d69e4,100%,0,3,3,0,0,0,3
0x5f2f3b,100%,0,1,1,0,0,0,1
0xa294ab,100%,0,16,16,0,0,0,16
0x7d441f,100%,0,2,2,0,0,0,2
0xa94600,100%,0,2,2,0,0,0,2
0x555c11,100%,0,38,38,0,0,0,38
0x6715f0,100%,0,2,2,2,0,0,0
0x8bcac7,100%,0,9,9,0,0,0,9
0x80b487,100%,0,1,1,0,0,0,1
0x9fc77a,100%,0,14,14,14,0,0,0
0x959129,100%,0,2,2,0,0,0,2
0x97bb33,100%,0,34,34,0,0,0,34
0xa4e8f5,100%,0,160,160,0,0,0,160
0x9e5bb0,100%,0,4,4,0,0,0,4
0x5905a5,100%,0,13,13,0,0,0,13
0x959382,100%,0,4,4,0,0,0,4
0x9e5ba0,100%,0,4,4,0,0,0,4
0x9fe5a9,100%,0,94,94,94,0,0,0
0x80b0f0,100%,0,2,2,0,0,0,2
0x7efc1a,100%,0,2,2,2,0,0,0
0x64a4f0,100%,0,2,2,0,0,0,2
0x641108,100%,0,2,2,2,0,0,0
0x64a6ae,100%,0,2,2,0,0,0,2
0x5e20ce,100%,0,3,3,3,0,0,0
0x94529a,100%,0,226,226,0,0,0,226
0x915830,100%,0,2,2,2,0,0,0
0x5d8d91,100%,0,10,10,0,0,0,10
0x94f0b9,100%,0,1,1,1,0,0,0
0x9f3e71,100%,0,159,159,0,0,0,159
0x808363,100%,0,4,4,4,0,0,0
0x64abb4,100%,0,8,8,8,0,0,0
0x48ec69,100%,0,15,15,0,0,0,15
0x97b9cd,100%,0,114,114,0,0,0,114
0x89ecec,100%,0,2,2,2,0,0,0
0x8f2080,100%,0,39,39,39,0,0,0
0x90f897,100%,0,2,2,0,0,0,2
0x80b3a2,100%,0,5,5,0,0,0,5
0x7efb99,100%,0,2,2,0,0,0,2
0x606bd1,100%,0,12,12,12,0,0,0
0x917af1,100%,0,200,200,0,0,0,200
0x550e8c,100%,0,7,7,0,0,0,7
0x5405e5,100%,0,4,4,0,0,0,4
0xa5084e,100%,0,4,4,4,0,0,0
0x94f191,100%,0,1,1,0,0,0,1
0x9e604f,100%,0,18,18,0,0,0,18
0x9fdb5d,100%,0,25,25,0,0,0,25
0x8a8e50,100%,0,4,4,0,0,0,4
0xa95416,100%,0,4,4,0,0,0,4
0x4c52f1,100%,0,18,18,18,0,0,0
0xa94623,100%,0,2,2,2,0,0,0
0x8a9ec3,100%,0,466,466,466,0,0,0
0x5d0363,100%,0,6,6,6,0,0,0
0x9ee037,100%,0,161,161,0,0,0,161
0x81cfde,100%,0,182,182,0,0,0,182
0x9e5960,100%,0,3,3,3,0,0,0
0x441deb,100%,0,11,11,0,0,0,11
0x5c77e9,100%,0,80,80,0,0,0,80
0x8d3c04,100%,0,2,2,0,0,0,2
0xa1a283,100%,0,9,9,0,0,0,9
0x9e5259,100%,0,12,12,1,0,0,11
0x49f657,100%,0,134,134,0,0,0,134
0x8e26eb,100%,0,1341,1341,0,0,0,1341
0x8e3f1d,100%,0,4,4,0,0,0,4
0xa04bea,100%,0,38,38,0,0,0,38
0xa50b8b,100%,0,16,16,0,0,0,16
0x58f951,100%,0,41,41,0,0,0,41
0x9fe9e7,100%,0,3,3,0,0,0,3
0x6109fa,100%,0,13,13,0,0,0,13
0x4a7c33,100%,0,51,51,51,0,0,0
0xa47070,100%,0,22,22,0,0,0,22
0xa0ba5c,100%,0,4,4,0,0,0,4
0xa94ca5,100%,0,4,4,0,0,0,4
0x81fb4a,100%,0,323,323,0,0,0,323
0x4c6768,100%,0,4,4,0,0,0,4
0x4c44dd,100%,0,14,14,0,0,0,14
0x9117ac,100%,0,31,31,31,0,0,0
0x9d3619,100%,0,55,55,0,0,0,55
0x9e8447,100%,0,3,3,0,0,0,3
0x9e84fa,100%,0,21,21,0,0,0,21
0x9e84e9,100%,0,21,21,0,0,0,21
0x9d3154,100%,0,3,3,0,0,0,3
0x8fe391,100%,0,30,30,0,0,0,30
0xa4fd05,100%,0,4,4,4,0,0,0
0xa4f7da,100%,0,16,16,16,0,0,0
0x9a7ad9,100%,0,87,87,0,0,0,87
0x9a6851,100%,0,147,147,0,0,0,147
0x9f4980,100%,0,4,4,0,0,0,4
0xa53912,100%,0,14,14,0,0,0,14
0xa94252,100%,0,2,2,0,0,0,2
0xa538f1,100%,0,7,7,0,0,0,7
0xa538c4,100%,0,7,7,0,0,0,7
0xa5381f,100%,0,14,14,7,0,0,7
0x5b3768,100%,0,2,2,2,0,0,0
0x972f00,100%,0,6,6,0,0,0,6
0xaa1148,100%,0,36,36,0,0,0,36
0x9f8486,100%,0,2,2,2,0,0,0
0x4c4b54,100%,0,36,36,36,0,0,0
0x917ab1,100%,0,200,200,200,0,0,0
0xa51fc6,100%,0,2,2,0,0,0,2
0x81f508,100%,0,4,4,4,0,0,0
0x81ba9d,100%,0,204,204,204,0,0,0
0x9e3d15,100%,0,2,2,2,0,0,0
0x9f6496,100%,0,179,179,0,0,0,179
0x9e3d02,100%,0,2,2,0,0,0,2
0x675713,100%,0,1,1,0,0,0,1
0x9e7d44,100%,0,24,24,0,0,0,24
0x4059e3,100%,0,34,34,34,0,0,0
0x493fe5,100%,0,2,2,2,0,0,0
0x5d8b4e,100%,0,10,10,0,0,0,10
0x9f64b1,100%,0,179,179,0,0,0,179
0x9e71f6,100%,0,2,2,2,0,0,0
0x54135f,100%,0,8,8,8,0,0,0
0xa07a6b,100%,0,59,59,0,0,0,59
0x9e3f39,100%,0,21,21,21,0,0,0
0x5b61b8,100%,0,1,1,1,0,0,0
0x9a7cb0,100%,0,12,12,0,0,0,12
0xa1aaf0,100%,0,5,5,0,0,0,5
0x9e5bbc,100%,0,4,4,0,0,0,4
0x4bfd65,100%,0,86,86,0,0,0,86
0x72363b,100%,0,1446,1446,0,0,0,1446
0x9e7f1e,100%,0,4,4,0,0,0,4
0x666c41,100%,0,2,2,0,0,0,2
0x9e7e80,100%,0,4,4,4,0,0,0
0x5ff5ab,100%,0,8,8,0,0,0,8
0x80401a,100%,0,3,3,3,0,0,0
0x9e7e6e,100%,0,4,4,0,0,0,4
0x9f68b0,100%,0,293,293,0,0,0,293
0x9e5f0b,100%,0,18,18,18,0,0,0
0x9e7e28,100%,0,4,4,0,0,0,4
0x9e7e01,100%,0,4,4,4,0,0,0
0x5f78fd,100%,0,4,4,0,0,0,4
0x787c01,100%,0,6,6,6,0,0,0
0x81305b,100%,0,846,846,0,0,0,846
0x7c724d,100%,0,9,9,0,0,0,9
0x808b20,100%,0,2,2,2,0,0,0
0x5dfd38,100%,0,4,4,0,0,0,4
0x9711f7,100%,0,5,5,0,0,0,5
0x78e0da,100%,0,2,2,0,0,0,2
0x590a1d,100%,0,2,2,2,0,0,0
0x590a05,100%,0,2,2,0,0,0,2
0x7cf816,100%,0,8,8,8,0,0,0
0x8dff4c,100%,0,32,32,0,0,0,32
0x679667,100%,0,112,112,0,0,0,112
0xa9a2ce,100%,0,5,5,5,0,0,0
0x590a45,100%,0,2,2,2,0,0,0
0x9fb891,100%,0,306,306,0,0,0,306
0x4877e7,100%,0,1,1,1,0,0,0
0x7c68d3,100%,0,2,2,0,0,0,2
0x8a8853,100%,0,12,12,0,0,0,12
0x96ec1b,100%,0,1,1,0,0,0,1
0x7c68a2,100%,0,2,2,0,0,0,2
0xa0735e,100%,0,9,9,0,0,0,9
0xa5bda9,100%,0,32,32,0,0,0,32
0xa3032e,100%,0,255,255,0,0,0,255
0x8ea07e,100%,0,3,3,0,0,0,3
0x9e631b,100%,0,18,18,0,0,0,18
0x97111e,100%,0,5,5,0,0,0,5
0xa9c9be,100%,0,34,34,34,0,0,0
0x81b721,100%,0,19,19,0,0,0,19
0x9f7c50,100%,0,13,13,0,0,0,13
0x5f674e,100%,0,2,2,2,0,0,0
0x95b375,100%,0,4,4,0,0,0,4
0x4b6ef1,100%,0,28,28,0,0,0,28
0x9711d6,100%,0,5,5,0,0,0,5
0x5a8829,100%,0,2,2,0,0,0,2
0xa238e8,100%,0,110,110,0,0,0,110
0x98515a,100%,0,4,4,0,0,0,4
0x8631a3,100%,0,2,2,2,0,0,0
0x976d9b,100%,0,34,34,0,0,0,34
0x4c976a,100%,0,10,10,0,0,0,10
0x952396,100%,0,2,2,0,0,0,2
0xa5bed6,100%,0,32,32,0,0,0,32
0xa8f808,100%,0,4,4,0,0,0,4
0x51061e,100%,0,1,1,0,0,0,1
0xa55d56,100%,0,4,4,0,0,0,4
0x590e98,100%,0,23,23,0,0,0,23
0xaa5d5b,100%,0,1,1,0,0,0,1
0xa0a5f7,100%,0,4,4,4,0,0,0
0x60ddc4,100%,0,81,81,0,0,0,81
0x88a042,100%,0,17,17,0,0,0,17
0x64b4e2,100%,0,3,3,3,0,0,0
0x5be37e,100%,0,85,85,0,0,0,85
0x7cd9b1,100%,0,8,8,0,0,0,8
0x8bb96f,100%,0,11,11,11,0,0,0
0x8bb769,100%,0,10,10,10,0,0,0
0x480ee4,100%,0,19,19,19,0,0,0
0x610f4e,100%,0,2,2,0,0,0,2
0x7efd14,100%,0,72,72,0,0,0,72
0xa57306,100%,0,41,41,0,0,0,41
0x510812,100%,0,11,11,11,0,0,0
0x9027f5,100%,0,38,38,0,0,0,38
0x99aba4,100%,0,1,1,1,0,0,0
0x7e11e2,100%,0,1,1,1,0,0,0
0x7c742d,100%,0,16,16,0,0,0,16
0x7c6838,100%,0,2,2,0,0,0,2
0x5fd73c,100%,0,92,92,0,0,0,92
0x7c682c,100%,0,2,2,0,0,0,2
0xa9e176,100%,0,30,30,30,0,0,0
0x803b5b,100%,0,2,2,0,0,0,2
0x78e11d,100%,0,2,2,0,0,0,2
0x8dfaaa,100%,0,30,30,30,0,0,0
0x49a068,100%,0,16,16,0,0,0,16
0x6750ed,100%,0,3,3,0,0,0,3
0x8d48a2,100%,0,2,2,0,0,0,2
0x4c2738,100%,0,49,49,49,0,0,0
0x8d3dd3,100%,0,31,31,0,0,0,31
0x65af2e,100%,0,13,13,0,0,0,13
0x88a0da,100%,0,22,22,0,0,0,22
0x6815d0,100%,0,6,6,6,0,0,0
0x7a113b,100%,0,6,6,0,0,0,6
0x619b26,100%,0,10,10,10,0,0,0
0x680591,100%,0,19,19,0,0,0,19
0x680584,100%,0,19,19,0,0,0,19
0x970f97,100%,0,7,7,0,0,0,7
0x8c8e7b,100%,0,6,6,0,0,0,6
0x81f40a,100%,0,4,4,0,0,0,4
0x943ae8,100%,0,9,9,9,0,0,0
0xaa25f3,100%,0,22,22,0,0,0,22
0x8e8c31,100%,0,2,2,2,0,0,0
0x804492,100%,0,2,2,0,0,0,2
0x80666e,100%,0,4,4,0,0,0,4
0xa29d71,100%,0,16,16,16,0,0,0
0xaa5ced,100%,0,10,10,10,0,0,0
0x679826,100%,0,6,6,6,0,0,0
0x7d33cb,100%,0,12,12,0,0,0,12
0x590575,100%,0,2,2,0,0,0,2
0x977b11,100%,0,7,7,0,0,0,7
0x8089c0,100%,0,9,9,9,0,0,0
0x5addb0,100%,0,27,27,27,0,0,0
0x8bc063,100%,0,2,2,0,0,0,2
0x7f0ca7,100%,0,75,75,0,0,0,75
0x8bb27a,100%,0,3,3,2,0,0,1
0xa27a1a,100%,0,3,3,3,0,0,0
0x804219,100%,0,4,4,4,0,0,0
0x99cf24,100%,0,9,9,9,0,0,0
0x804798,100%,0,2,2,0,0,0,2
0x9f1da5,100%,0,78,78,78,0,0,0
0x8da3c4,100%,0,106,106,0,0,0,106
0x80466f,100%,0,2,2,0,0,0,2
0x4b94c5,100%,0,13,13,13,0,0,0
0x804618,100%,0,7,7,0,0,0,7
0x80a62c,100%,0,2,2,0,0,0,2
0x804085,100%,0,253,253,0,0,0,253
0x804375,100%,0,9,9,0,0,0,9
0xa285b1,100%,0,30,30,0,0,0,30
0xa45fd4,100%,0,4,4,4,0,0,0
0x9f0c0b,100%,0,95,95,0,0,0,95
0xa58c60,100%,0,29,29,0,0,0,29
0x65a11e,100%,0,1463,1463,0,0,0,1463
0x78e0c1,100%,0,2,2,0,0,0,2
0x8df9d6,100%,0,3,3,2,0,0,1
0x7c7246,100%,0,9,9,0,0,0,9
0x81484c,100%,0,2,2,0,0,0,2
0x9f2a58,100%,0,104,104,0,0,0,104
0x803ddf,100%,0,75,75,0,0,0,75
0x970fd4,100%,0,7,7,5,0,0,2
0x8ecc37,100%,0,1,1,0,0,0,1
0x4a953b,100%,0,133,133,0,0,0,133
0x65bcb0,100%,0,505,505,505,0,0,0
0x4ac576,100%,0,8,8,0,0,0,8
0x5b33e6,100%,0,2,2,0,0,0,2
0x7b72a5,100%,0,2,2,0,0,0,2
0xa4ec9f,100%,0,138,138,0,0,0,138
0x804200,100%,0,4,4,0,0,0,4
0x8d2eca,100%,0,2,2,0,0,0,2
0x803fae,100%,0,17,17,0,0,0,17
0x88dfe5,100%,0,6,6,0,0,0,6
0x78ac2a,100%,0,4,4,4,0,0,0
0x60e54d,100%,0,81,81,0,0,0,81
0x68695f,100%,0,281,281,0,0,0,281
0x8ecb12,100%,0,1237,1237,0,0,0,1237
0x80639a,100%,0,24,24,0,0,0,24
0x8dc568,100%,0,4,4,0,0,0,4
0x81d044,100%,0,5,5,0,0,0,5
0xa9fec0,100%,0,3,3,3,0,0,0
0x9e6285,100%,0,72,72,0,0,0,72
0x8043c7,100%,0,9,9,0,0,0,9
0xa05245,100%,0,45,45,0,0,0,45
0x4a0463,100%,0,16,16,16,0,0,0
0x8d3b83,100%,0,2,2,2,0,0,0
0x8f34ce,100%,0,12,12,0,0,0,12
0x4be8c1,100%,0,1,1,0,0,0,1
0x8e0fa2,100%,0,16,16,0,0,0,16
0x40a155,100%,0,11,11,0,0,0,11
0x4bc06b,100%,0,16,16,0,0,0,16
0x4bc065,100%,0,16,16,0,0,0,16
0xa482e8,100%,0,8,8,0,0,0,8
0x4a9a33,100%,0,2,2,2,0,0,0
0x8e54c1,100%,0,16,16,16,0,0,0
0x9a2540,100%,0,40,40,0,0,0,40
0x40a0e1,100%,0,16,16,0,0,0,16
0x789f0c,100%,0,8,8,0,0,0,8
0x8df314,100%,0,8,8,8,0,0,0
0x81e9d6,100%,0,76,76,76,0,0,0
0x8a3147,100%,0,10,10,0,0,0,10
0x672477,100%,0,1,1,0,0,0,1
0x9a8cc0,100%,0,62,62,62,0,0,0
0x838a25,100%,0,2,2,0,0,0,2
0x8d2f4e,100%,0,71,71,0,0,0,71
0xa05dd7,100%,0,1,1,0,0,0,1
0x5b8e47,100%,0,4,4,0,0,0,4
0x6dcc26,100%,0,1,1,0,0,0,1
0x8d2f03,100%,0,2,2,2,0,0,0
0x65aed8,100%,0,13,13,13,0,0,0
0x8101d6,100%,0,798,798,0,0,0,798
0x8e451c,100%,0,32,32,0,0,0,32
0x8e7752,100%,0,83,83,83,0,0,0
0x63ef5b,100%,0,2,2,2,0,0,0
0x80e7b0,100%,0,150,150,0,0,0,150
0x7a1143,100%,0,6,6,0,0,0,6
0x98b3e4,100%,0,53,53,0,0,0,53
0x4be8b4,100%,0,1,1,0,0,0,1
0x48f492,100%,0,3,3,0,0,0,3
0x488beb,100%,0,506,506,0,0,0,506
0x4ae57d,100%,0,2,2,1,0,0,1
0x8e3edc,100%,0,4,4,0,0,0,4
0x8e0fac,100%,0,16,16,16,0,0,0
0x50a656,100%,0,14,14,0,0,0,14
0x7b8bc9,100%,0,1,1,0,0,0,1
0x7b8b74,100%,0,1,1,0,0,0,1
0x8eb060,100%,0,6,6,0,0,0,6
0x7b646e,100%,0,1,1,1,0,0,0
0x94bc5c,100%,0,16,16,0,0,0,16
0x7b6447,100%,0,1,1,0,0,0,1
0xa05e4a,100%,0,1,1,0,0,0,1
0x503268,100%,0,2,2,2,0,0,0
0x4c2353,100%,0,8,8,8,0,0,0
0x4b85f6,100%,0,2,2,2,0,0,0
0x4b85eb,100%,0,2,2,0,0,0,2
0x4b854e,100%,0,2,2,0,0,0,2
0x5bb3a5,100%,0,2,2,0,0,0,2
0x409f5d,100%,0,30,30,0,0,0,30
0xa64cec,100%,0,4,4,4,0,0,0
0x9fe37e,100%,0,134,134,0,0,0,134
0x900c64,100%,0,334,334,0,0,0,334
0x9a3183,100%,0,270,270,0,0,0,270
0xa5322c,100%,0,2,2,0,0,0,2
0x5a5fc6,100%,0,4,4,4,0,0,0
0x8be493,100%,0,18,18,0,0,0,18
0x809d46,100%,0,2,2,0,0,0,2
0xa8f9d8,100%,0,85,85,0,0,0,85
0x9fe3c1,100%,0,94,94,94,0,0,0
0x8fd7f6,100%,0,3,3,0,0,0,3
0x8efba1,100%,0,117,117,117,0,0,0
0xa021c5,100%,0,27,27,0,0,0,27
0x8fd7e4,100%,0,3,3,0,0,0,3
0x81caed,100%,0,60,60,0,0,0,60
0x809f2b,100%,0,2,2,0,0,0,2
0x99b7e2,100%,0,13,13,0,0,0,13
0x4aaec9,100%,0,11,11,0,0,0,11
0x487119,100%,0,2,2,2,0,0,0
0x843728,100%,0,8,8,0,0,0,8
0xa04c87,100%,0,38,38,0,0,0,38
0x4b7a91,100%,0,2,2,0,0,0,2
0x4bd154,100%,0,7,7,0,0,0,7
0xa3da34,100%,0,8,8,0,0,0,8
0x4be411,100%,0,4,4,0,0,0,4
0x8f2185,100%,0,37,37,0,0,0,37
0x90195a,100%,0,357,357,0,0,0,357
0x5406f0,100%,0,4,4,2,0,0,2
0xa97473,100%,0,20,20,0,0,0,20
0xa369fb,100%,0,3,3,0,0,0,3
0x494a19,100%,0,2,2,2,0,0,0
0xaa57ee,100%,0,2,2,0,0,0,2
0x8eb027,100%,0,6,6,0,0,0,6
0xa1bb36,100%,0,12,12,0,0,0,12
0x7dfa92,100%,0,2,2,2,0,0,0
0x8d42e7,100%,0,12,12,0,0,0,12
0xa352ea,100%,0,3,3,3,0,0,0
0xa02cdf,100%,0,63,63,0,0,0,63
0xa95aaf,100%,0,2,2,0,0,0,2
0x8ea088,100%,0,3,3,0,0,0,3
0xa32788,100%,0,78,78,0,0,0,78
0x619ae4,100%,0,5,5,5,0,0,0
0x59609a,100%,0,19,19,0,0,0,19
0xa99963,100%,0,1,1,0,0,0,1
0x7efcf1,100%,0,2,2,0,0,0,2
0x4c27a2,100%,0,5,5,0,0,0,5
0x8d3fd9,100%,0,13,13,0,0,0,13
0x65b095,100%,0,13,13,0,0,0,13
0x4b7a69,100%,0,2,2,2,0,0,0
0x8d3f8a,100%,0,13,13,0,0,0,13
0x49178c,100%,0,1,1,1,0,0,0
0x81f41d,100%,0,4,4,0,0,0,4
0x8aac97,100%,0,10,10,0,0,0,10
0x4ae593,100%,0,1,1,0,0,0,1
0x48ea63,100%,0,364,364,364,0,0,0
0x8d3932,100%,0,2,2,2,0,0,0
0x8d3343,100%,0,3,3,0,0,0,3
0x55501a,100%,0,55,55,55,0,0,0
0x48710f,100%,0,2,2,0,0,0,2
0x80b385,100%,0,1,1,0,0,0,1
0x66f378,100%,0,2,2,0,0,0,2
0x8a78da,100%,0,3,3,0,0,0,3
0x972f14,100%,0,6,6,0,0,0,6
0x9e614a,100%,0,12,12,0,0,0,12
0x9ed533,100%,0,12,12,12,0,0,0
0xa5c6b7,100%,0,98,98,0,0,0,98
0x4bda9a,100%,0,3,3,3,0,0,0
0x9e09a1,100%,0,74,74,74,0,0,0
0x65ad6f,100%,0,1,1,0,0,0,1
0x78a6bd,100%,0,10,10,10,0,0,0
0x9fcc6b,100%,0,7,7,0,0,0,7
0x50b77a,100%,0,557,557,0,0,0,557
0x804eaf,100%,0,96,96,0,0,0,96
0xa55d02,100%,0,83,83,83,0,0,0
0x8fdd09,100%,0,48,48,0,0,0,48
0x4be42d,100%,0,4,4,0,0,0,4
0x8b9cc5,100%,0,73,73,0,0,0,73
0x590a19,100%,0,2,2,0,0,0,2
0x4b9027,100%,0,4,4,0,0,0,4
0x8dd996,100%,0,16,16,0,0,0,16
0x9a7edc,100%,0,25,25,0,0,0,25
0x4ae59c,100%,0,1,1,0,0,0,1
0x63f420,100%,0,2,2,0,0,0,2
0x81f5a9,100%,0,4,4,0,0,0,4
0x8d3b2b,100%,0,247,247,1,0,0,246
0xa05a64,100%,0,29,29,29,0,0,0
0x9597b9,100%,0,48,48,0,0,0,48
0x809a0d,100%,0,2,2,0,0,0,2
0x80f217,100%,0,4,4,4,0,0,0
0x4aa9b3,100%,0,9,9,9,0,0,0
0x5510ff,100%,0,2,2,0,0,0,2
0x8d2172,100%,0,2,2,0,0,0,2
0xa2edbe,100%,0,29,29,0,0,0,29
0x4bbb07,100%,0,1,1,0,0,0,1
0x9fe469,100%,0,3,3,0,0,0,3
0x80f356,100%,0,4,4,0,0,0,4
0x90cab5,100%,0,119,119,0,0,0,119
0x8f4a13,100%,0,6,6,0,0,0,6
0x54461c,100%,0,9,9,0,0,0,9
0x816870,100%,0,226,226,0,0,0,226
0x806085,100%,0,2,2,0,0,0,2
0x5ef025,100%,0,18,18,18,0,0,0
0x61a6bc,100%,0,5,5,0,0,0,5
0xa662f1,100%,0,1,1,1,0,0,0
0x78d186,100%,0,2,2,0,0,0,2
0xa997bb,100%,0,2,2,2,0,0,0
0xaabcd0,100%,0,4,4,4,0,0,0
0xa5b2be,100%,0,3,3,0,0,0,3
0xa23929,100%,0,83,83,83,0,0,0
0x9fe4e7,100%,0,3,3,3,0,0,0
0xa9d36b,100%,0,2,2,0,0,0,2
0x78d209,100%,0,2,2,0,0,0,2
0x7d1efa,100%,0,4,4,0,0,0,4
0xb49ff6,100%,0,1,1,0,0,0,1
0x78d16c,100%,0,2,2,0,0,0,2
0x5ea9d6,100%,0,8,8,8,0,0,0
0xa63ac1,100%,0,4,4,0,0,0,4
0x80f45f,100%,0,8,8,4,0,0,4
0x8084c9,100%,0,4,4,0,0,0,4
0x970fed,100%,0,2,2,2,0,0,0
0x80f427,100%,0,4,4,0,0,0,4
0x80a82d,100%,0,841,841,0,0,0,841
0x95a273,100%,0,4,4,4,0,0,0
0x5dadc2,100%,0,4,4,4,0,0,0
0x50b0b2,100%,0,42,42,42,0,0,0
0x4bf0d5,100%,0,188,188,0,0,0,188
0xa03010,100%,0,68,68,0,0,0,68
0x54053a,100%,0,2,2,0,0,0,2
0x96e80b,100%,0,1,1,0,0,0,1
0x8ec9e1,100%,0,4,4,0,0,0,4
0x5a05d0,100%,0,2,2,0,0,0,2
0x81f57a,100%,0,4,4,0,0,0,4
0x80d7a5,100%,0,4,4,0,0,0,4
0x7c5fd1,100%,0,14,14,12,0,0,2
0x486f6b,100%,0,2,2,2,0,0,0
0x9fb2bd,100%,0,41,41,0,0,0,41
0x80c2ad,100%,0,35,35,0,0,0,35
0xa9b8e8,100%,0,6,6,0,0,0,6
0x61a2d6,100%,0,5,5,5,0,0,0
0x4bb91a,100%,0,56,56,0,0,0,56
0x8c87f6,100%,0,4,4,0,0,0,4
0xa294d2,100%,0,16,16,0,0,0,16
0x8390a5,100%,0,16,16,16,0,0,0
0x9ecaa6,100%,0,5,5,5,0,0,0
0x902288,100%,0,2,2,2,0,0,0
0x9ecacf,100%,0,5,5,5,0,0,0
0x544a3c,100%,0,9,9,0,0,0,9
0x59c43c,100%,0,23,23,0,0,0,23
0x8ade6a,100%,0,2,2,0,0,0,2
0x619abc,100%,0,5,5,0,0,0,5
0x80eb8e,100%,0,368,368,0,0,0,368
0xa2922f,100%,0,16,16,0,0,0,16
0xa29210,100%,0,16,16,0,0,0,16
0x7d2c77,100%,0,4,4,0,0,0,4
0x9f238f,100%,0,2,2,0,0,0,2
0x96e759,100%,0,1,1,0,0,0,1
0x4c1058,100%,0,24,24,0,0,0,24
0x59c649,100%,0,6,6,0,0,0,6
0x9fc5ac,100%,0,14,14,0,0,0,14
0x7d1c8b,100%,0,1,1,1,0,0,0
0x94b602,100%,0,79,79,79,0,0,0
0x7f0337,100%,0,19,19,19,0,0,0
0x7e8154,100%,0,2,2,0,0,0,2
0x80d9b8,100%,0,106,106,0,0,0,106
0x5d2f52,100%,0,4,4,4,0,0,0
0x555d09,100%,0,1081,1081,0,0,0,1081
0x9009c4,100%,0,146,146,0,0,0,146
0xa1ad96,100%,0,74,74,0,0,0,74
0x9f831b,100%,0,11,11,0,0,0,11
0xa0788b,100%,0,6,6,0,0,0,6
0x64b528,100%,0,12,12,0,0,0,12
0xa2f15f,100%,0,1,1,0,0,0,1
0x480124,100%,0,19,19,19,0,0,0
0x80d912,100%,0,106,106,0,0,0,106
0xa04bda,100%,0,38,38,0,0,0,38
0x60dff9,100%,0,9,9,9,0,0,0
0x7f036c,100%,0,19,19,19,0,0,0
0x4a0318,100%,0,28,28,0,0,0,28
0x81369c,100%,0,61,61,0,0,0,61
0x81e28b,100%,0,1,1,0,0,0,1
0x810a38,100%,0,20,20,20,0,0,0
0x5c36a6,100%,0,4,4,4,0,0,0
0xa42c1c,100%,0,54,54,0,0,0,54
0x5446a3,100%,0,2,2,0,0,0,2
0xaab837,100%,0,107,107,0,0,0,107
0x5c37e5,100%,0,4,4,0,0,0,4
0x8108f8,100%,0,264,264,0,0,0,264
0x80d47e,100%,0,110,110,0,0,0,110
0x5ff28f,100%,0,117,117,117,0,0,0
0x4992ac,100%,0,17,17,0,0,0,17
0x4c4c5c,100%,0,50,50,0,0,0,50
0x977005,100%,0,2,2,0,0,0,2
0x80f945,100%,0,37,37,0,0,0,37
0x98435f,100%,0,8,8,0,0,0,8
0x809df1,100%,0,5,5,5,0,0,0
0x80d84f,100%,0,4,4,0,0,0,4
0x813771,100%,0,2,2,0,0,0,2
0x81e2c2,100%,0,215,215,215,0,0,0
0x8d3e44,100%,0,15,15,0,0,0,15
0xa64c57,100%,0,2,2,0,0,0,2
0xa64c31,100%,0,2,2,0,0,0,2
0x50338f,100%,0,37,37,0,0,0,37
0xa64f3c,100%,0,4,4,0,0,0,4
0x81f03c,100%,0,4,4,4,0,0,0
0x8e9323,100%,0,3,3,0,0,0,3
0x5b2932,100%,0,2,2,0,0,0,2
0x8436d1,100%,0,4,4,0,0,0,4
0x80f675,100%,0,30,30,0,0,0,30
0x78d27d,100%,0,2,2,0,0,0,2
0xa5b2b9,100%,0,3,3,0,0,0,3
0x817163,100%,0,2,2,2,0,0,0
0x9f38ff,100%,0,4,4,0,0,0,4
0x5c37fe,100%,0,4,4,4,0,0,0
0x4bfc92,100%,0,16,16,0,0,0,16
0xa4ed97,100%,0,162,162,0,0,0,162
0x5ffb34,100%,0,46,46,0,0,0,46
0xa9ca48,100%,0,10,10,0,0,0,10
0x80db1e,100%,0,220,220,0,0,0,220
0xa65045,100%,0,4,4,0,0,0,4
0x9f01ec,100%,0,2,2,2,0,0,0
0x9ff793,100%,0,2,2,2,0,0,0
0x9f394d,100%,0,4,4,0,0,0,4
0x8e72f3,100%,0,331,331,0,0,0,331
0x6497a0,100%,0,2,2,0,0,0,2
0x60dfc0,100%,0,9,9,0,0,0,9
0x7c6944,100%,0,2,2,2,0,0,0
0x44158e,100%,0,11,11,0,0,0,11
0x485d00,100%,0,3,3,3,0,0,0
0x5be2f4,100%,0,85,85,0,0,0,85
0x67ac00,100%,0,6,6,0,0,0,6
0x480329,100%,0,38,38,38,0,0,0
0xa1a15a,100%,0,5,5,0,0,0,5
0xa51a5b,100%,0,7,7,7,0,0,0
0x984f81,100%,0,12,12,0,0,0,12
0x7c8389,100%,0,4,4,0,0,0,4
0x488ea1,100%,0,4,4,0,0,0,4
0x606d95,100%,0,8,8,0,0,0,8
0x88ea88,100%,0,39,39,0,0,0,39
0xa41031,100%,0,45,45,0,0,0,45
0x5b9bbc,100%,0,73,73,73,0,0,0
0xa955a1,100%,0,4,4,0,0,0,4
0xa1a1a4,100%,0,5,5,0,0,0,5
0xa2aab5,100%,0,113,113,0,0,0,113
0x80533e,100%,0,2,2,0,0,0,2
0x40aa5a,100%,0,26,26,0,0,0,26
0x4c4f93,100%,0,17,17,0,0,0,17
0xaac3e9,100%,0,4,4,0,0,0,4
0x809a48,100%,0,3,3,0,0,0,3
0x9f07d7,100%,0,2,2,0,0,0,2
0x72361c,100%,0,1446,1446,0,0,0,1446
0x809a24,100%,0,2,2,1,0,0,1
0x6663fe,100%,0,2,2,0,0,0,2
0x9f080d,100%,0,1,1,0,0,0,1
0xaa81ef,100%,0,5,5,0,0,0,5
0x81f466,100%,0,4,4,0,0,0,4
0x8f2e47,100%,0,337,337,0,0,0,337
0x809879,100%,0,11,11,11,0,0,0
0x7d211b,100%,0,8,8,8,0,0,0
0x99ed46,100%,0,15,15,2,0,0,13
0xa08089,100%,0,4,4,0,0,0,4
0x67a066,100%,0,6,6,0,0,0,6
0x4be4d0,100%,0,7,7,0,0,0,7
0x60dbb5,100%,0,274,274,0,0,0,274
0x80972f,100%,0,5,5,0,0,0,5
0xa20fd7,100%,0,1,1,0,0,0,1
0x7f0d0f,100%,0,50,50,50,0,0,0
0x794209,100%,0,5,5,5,0,0,0
0xa95dce,100%,0,16,16,0,0,0,16
0x9f645c,100%,0,179,179,0,0,0,179
0x9a803c,100%,0,31,31,0,0,0,31
0x490059,100%,0,10,10,0,0,0,10
0x8f34fe,100%,0,12,12,0,0,0,12
0x4b8ea1,100%,0,4,4,0,0,0,4
0x97a684,100%,0,8,8,0,0,0,8
0x9ff766,100%,0,2,2,0,0,0,2
0x80480a,100%,0,2,2,2,0,0,0
0xa06565,100%,0,31,31,31,0,0,0
0xa48c72,100%,0,167,167,0,0,0,167
0x817e09,100%,0,12,12,0,0,0,12
0x58d865,100%,0,69,69,0,0,0,69
0x58c49c,100%,0,12,12,12,0,0,0
0x95a9b4,100%,0,4,4,0,0,0,4
0x550f6b,100%,0,27,27,0,0,0,27
0x4b50f6,100%,0,10,10,0,0,0,10
0x80b5f8,100%,0,2,2,1,0,0,1
0x5a5ebd,100%,0,4,4,0,0,0,4
0x494d9c,100%,0,158,158,0,0,0,158
0x96afb4,100%,0,7,7,7,0,0,0
0x8ad8e6,100%,0,2,2,0,0,0,2
0x90fa8d,100%,0,2,2,2,0,0,0
0x803875,100%,0,2,2,0,0,0,2
0x67a0a3,100%,0,6,6,6,0,0,0
0x649cef,100%,0,2,2,2,0,0,0
0x80372b,100%,0,2,2,0,0,0,2
0x5b068d,100%,0,2,2,0,0,0,2
0x7941da,100%,0,5,5,0,0,0,5
0x8a9eca,100%,0,181,181,0,0,0,181
0x5dae26,100%,0,4,4,0,0,0,4
0x63f02d,100%,0,2,2,0,0,0,2
0x5f07fc,100%,0,2,2,0,0,0,2
0x80d5eb,100%,0,2,2,0,0,0,2
0x4c3881,100%,0,13,13,0,0,0,13
0x4c3986,100%,0,13,13,0,0,0,13
0x809f0c,100%,0,2,2,2,0,0,0
0xa96cf6,100%,0,21,21,21,0,0,0
0xa08e82,100%,0,45,45,0,0,0,45
0x8d2868,100%,0,17,17,0,0,0,17
0x7c9b3f,100%,0,4,4,4,0,0,0
0x9ed358,100%,0,27,27,27,0,0,0
0xa64d75,100%,0,4,4,0,0,0,4
0xa7223f,100%,0,7,7,0,0,0,7
0x9ff624,100%,0,22,22,0,0,0,22
0x4858de,100%,0,3,3,0,0,0,3
0x8ebf6f,100%,0,2,2,0,0,0,2
0x81fd00,100%,0,14,14,0,0,0,14
0xa5a113,100%,0,2,2,0,0,0,2
0x809d86,100%,0,561,561,0,0,0,561
0x9ff714,100%,0,2,2,0,0,0,2
0x809d71,100%,0,5,5,5,0,0,0
0x5b605e,100%,0,1,1,0,0,0,1
0x9ff74d,100%,0,2,2,0,0,0,2
0x80d68a,100%,0,2,2,0,0,0,2
0xa160c9,100%,0,8,8,0,0,0,8
0x9ff723,100%,0,2,2,2,0,0,0
0x8e3acd,100%,0,8,8,8,0,0,0
0x4c5a03,100%,0,24,24,3,0,0,21
0x80bdca,100%,0,5,5,0,0,0,5
0x9ff6ba,100%,0,5,5,0,0,0,5
0x5f7665,100%,0,125,125,0,0,0,125
0x9f01e7,100%,0,2,2,0,0,0,2
0x48f73f,100%,0,2,2,0,0,0,2
0x8f1af6,100%,0,2,2,2,0,0,0
0x80d600,100%,0,2,2,0,0,0,2
0xa72398,100%,0,4,4,0,0,0,4
0x40ab45,100%,0,6,6,0,0,0,6
0x63f33c,100%,0,2,2,0,0,0,2
0x551018,100%,0,15,15,15,0,0,0
0x83a997,100%,0,15,15,15,0,0,0
0x9f0751,100%,0,2,2,0,0,0,2
0x95a179,100%,0,4,4,4,0,0,0
0x80bb16,100%,0,5,5,0,0,0,5
0xa28569,100%,0,152,152,0,0,0,152
0x405dcb,100%,0,8,8,0,0,0,8
0x80bc88,100%,0,75,75,75,0,0,0
0x65a318,100%,0,48,48,48,0,0,0
0x4ac59f,100%,0,8,8,0,0,0,8
0xa21378,100%,0,4,4,4,0,0,0
0xa91edf,100%,0,4,4,0,0,0,4
0x4bc964,100%,0,12,12,0,0,0,12
0x98064d,100%,0,53,53,0,0,0,53
0x809ac0,100%,0,2,2,0,0,0,2
0x64a28c,100%,0,2,2,2,0,0,0
0x67acc3,100%,0,2757,2757,0,0,0,2757
0x8e0e9b,100%,0,321,321,0,0,0,321
0x5f60dd,100%,0,2,2,0,0,0,2
0x9ff228,100%,0,2,2,0,0,0,2
0x8bd248,100%,0,6552,6552,0,0,0,6552
0x9f026f,100%,0,94,94,0,0,0,94
0x9e71db,100%,0,2,2,2,0,0,0
0x9d68a1,100%,0,2,2,2,0,0,0
0x8e3f30,100%,0,4,4,4,0,0,0
0xa98e6a,100%,0,2,2,0,0,0,2
0x8aeca5,100%,0,9,9,9,0,0,0
0x78c02c,100%,0,2,2,0,0,0,2
0xa92d0a,100%,0,8,8,0,0,0,8
0x9f273e,100%,0,85,85,0,0,0,85
0xa285df,100%,0,9,9,0,0,0,9
0xaa241f,100%,0,34,34,0,0,0,34
0x80bd86,100%,0,5,5,5,0,0,0
0x619ac6,100%,0,5,5,0,0,0,5
0x943e72,100%,0,2,2,2,0,0,0
0x803b4b,100%,0,2,2,0,0,0,2
0x5415ea,100%,0,5,5,0,0,0,5
0x943e3b,100%,0,10,10,0,0,0,10
0x60c510,100%,0,10,10,10,0,0,0
0x4bc085,100%,0,1,1,0,0,0,1
0x5d45b0,100%,0,14,14,0,0,0,14
0x619b14,100%,0,5,5,5,0,0,0
0x833cf0,100%,0,2,2,0,0,0,2
0x6484d3,100%,0,2,2,2,0,0,0
0x78a69f,100%,0,10,10,0,0,0,10
0x619e55,100%,0,5,5,0,0,0,5
0x9c5100,100%,0,8,8,0,0,0,8
0x943cd6,100%,0,10,10,0,0,0,10
0xa263f0,100%,0,108,108,0,0,0,108
0xaa0171,100%,0,3,3,0,0,0,3
0x9ee40d,100%,0,22,22,22,0,0,0
0x556cdf,100%,0,247,247,247,0,0,0
0x508df9,100%,0,9,9,0,0,0,9
0x999f7b,100%,0,4,4,4,0,0,0
0x97a646,100%,0,36,36,36,0,0,0
0xa3266c,100%,0,2,2,0,0,0,2
0x78a373,100%,0,3,3,0,0,0,3
0x80abde,100%,0,2,2,0,0,0,2
0x81d40c,100%,0,182,182,0,0,0,182
0x9ecadb,100%,0,4,4,4,0,0,0
0x5f5baa,100%,0,2,2,0,0,0,2
0x9c4f77,100%,0,4,4,0,0,0,4
0xa8e3a8,100%,0,1,1,0,0,0,1
0x61cda2,100%,0,5,5,5,0,0,0
0x619db7,100%,0,5,5,0,0,0,5
0x540f4d,100%,0,8,8,0,0,0,8
0xa2a93f,100%,0,1,1,0,0,0,1
0x60c5c8,100%,0,5,5,0,0,0,5
0x78a6ab,100%,0,10,10,0,0,0,10
0x9c501c,100%,0,4,4,0,0,0,4
0x61a31a,100%,0,5,5,5,0,0,0
0xa6c6a6,100%,0,43,43,0,0,0,43
0x4c00b8,100%,0,2,2,0,0,0,2
0xa21c2e,100%,0,2,2,0,0,0,2
0xa3799d,100%,0,10,10,0,0,0,10
0xa34884,100%,0,527,527,0,0,0,527
0xa34850,100%,0,527,527,0,0,0,527
0xa1a3a1,100%,0,9,9,9,0,0,0
0xa7b0f4,100%,0,5,5,5,0,0,0
0xa36e3f,100%,0,10,10,10,0,0,0
0x4a2271,100%,0,4,4,0,0,0,4
0x9c51fe,100%,0,8,8,0,0,0,8
0xa1d4aa,100%,0,5,5,0,0,0,5
0x4ca4e5,100%,0,10,10,0,0,0,10
0x4a63db,100%,0,2,2,0,0,0,2
0x50dae8,100%,0,4,4,0,0,0,4
0x49b01b,100%,0,2,2,0,0,0,2
0x4b6730,100%,0,11,11,0,0,0,11
0xa72271,100%,0,4,4,0,0,0,4
0x9ec171,100%,0,56,56,56,0,0,0
0xa378f3,100%,0,4,4,0,0,0,4
0xa378c5,100%,0,4,4,0,0,0,4
0x9c520c,100%,0,8,8,0,0,0,8
0x488c7c,100%,0,117,117,0,0,0,117
0x506eb7,100%,0,1,1,0,0,0,1
0xa1d737,100%,0,2,2,0,0,0,2
0x7817f8,100%,0,4,4,4,0,0,0
0x9591bc,100%,0,3,3,0,0,0,3
0x619d3d,100%,0,5,5,0,0,0,5
0x999f55,100%,0,1,1,1,0,0,0
0xaa81fa,100%,0,5,5,5,0,0,0
0x9988f7,100%,0,1,1,0,0,0,1
0x8f4d46,100%,0,6,6,6,0,0,0
0xaa818b,100%,0,5,5,0,0,0,5
0xaa8165,100%,0,5,5,5,0,0,0
0x78f61f,100%,0,15,15,0,0,0,15
0x8f5ad1,100%,0,9,9,0,0,0,9
0xa09615,100%,0,4,4,0,0,0,4
0x9c51dc,100%,0,8,8,0,0,0,8
0x8210b9,100%,0,2,2,2,0,0,0
0x94ac61,100%,0,80,80,0,0,0,80
0x9e5c09,100%,0,35,35,35,0,0,0
0xa37f16,100%,0,5,5,0,0,0,5
0xa095d7,100%,0,5,5,0,0,0,5
0x4bf672,100%,0,198,198,198,0,0,0
0x73d7f9,100%,0,4,4,4,0,0,0
0x675572,100%,0,1,1,0,0,0,1
0x5547fb,100%,0,100,100,0,0,0,100
0x53854b,100%,0,1,1,0,0,0,1
0xa9ff49,100%,0,3,3,0,0,0,3
0x9027c4,100%,0,12,12,0,0,0,12
0x6754af,100%,0,1,1,0,0,0,1
0x490f06,100%,0,41,41,0,0,0,41
0x610f45,100%,0,2,2,0,0,0,2
0x6472e7,100%,0,5,5,0,0,0,5
0x8c86f5,100%,0,494,494,494,0,0,0
0x5f5117,100%,0,1,1,1,0,0,0
0xa0bc1c,100%,0,5,5,0,0,0,5
0xa8e4d6,100%,0,2,2,0,0,0,2
0x8e9cec,100%,0,5,5,0,0,0,5
0x6753bd,100%,0,3,3,0,0,0,3
0xa4a3ad,100%,0,10,10,10,0,0,0
0x6a3b15,100%,0,26,26,26,0,0,0
0x5bd4c5,100%,0,1932,1932,1932,0,0,0
0xa97b51,100%,0,2,2,2,0,0,0
0xa4a737,100%,0,8,8,0,0,0,8
0x5b8d0c,100%,0,2,2,0,0,0,2
0xa961e2,100%,0,2,2,0,0,0,2
0xa8e521,100%,0,1,1,0,0,0,1
0x67075d,100%,0,1,1,1,0,0,0
0x7be092,100%,0,4,4,0,0,0,4
0xa06331,100%,0,2,2,0,0,0,2
0x697981,100%,0,56,56,0,0,0,56
0xa8e5d4,100%,0,1,1,1,0,0,0
0x699426,100%,0,1,1,0,0,0,1
0x54db4e,100%,0,39,39,0,0,0,39
0x9d0317,100%,0,422,422,422,0,0,0
0x4c59d8,100%,0,24,24,0,0,0,24
0x4bc5d2,100%,0,10,10,0,0,0,10
0xa16033,100%,0,12,12,0,0,0,12
0x7d420d,100%,0,1,1,0,0,0,1
0x808308,100%,0,27,27,0,0,0,27
0xa8e4ea,100%,0,1,1,0,0,0,1
0x63fa5f,100%,0,1857,1857,1857,0,0,0
0x9a48cd,100%,0,32,32,0,0,0,32
0x5fc9a4,100%,0,2,2,0,0,0,2
0x5ff513,100%,0,6,6,1,0,0,5
0xb3159a,100%,0,2,2,0,0,0,2
0x9a6ab7,100%,0,1,1,0,0,0,1
0xa329ef,100%,0,1,1,1,0,0,0
0xa329ba,100%,0,1,1,0,0,0,1
0x5f553f,100%,0,4,4,0,0,0,4
0x951bf9,100%,0,9,9,9,0,0,0
0x5ff4c5,100%,0,4,4,0,0,0,4
0xa3290c,100%,0,2,2,0,0,0,2
0xa8e3df,100%,0,1,1,0,0,0,1
0x9d0f1c,100%,0,269,269,0,0,0,269
0x5ff49a,100%,0,10,10,0,0,0,10
0x983fcf,100%,0,8,8,0,0,0,8
0x533a5a,100%,0,9,9,0,0,0,9
0x491952,100%,0,72,72,0,0,0,72
0x786957,100%,0,12,12,0,0,0,12
0x78f637,100%,0,14,14,0,0,0,14
0x49d00f,100%,0,1,1,0,0,0,1
0x5d2919,100%,0,145,145,145,0,0,0
0x8ea7b5,100%,0,4,4,0,0,0,4
0x66f6f7,100%,0,1,1,1,0,0,0
0xa8e476,100%,0,1,1,0,0,0,1
0x5f797b,100%,0,295,295,0,0,0,295
0x5f0ae9,100%,0,1,1,1,0,0,0
0x66f719,100%,0,1,1,0,0,0,1
0xa43f77,100%,0,64,64,0,0,0,64
0xaabd18,100%,0,4,4,0,0,0,4
0x5f1398,100%,0,16,16,0,0,0,16
0x8bb2a3,100%,0,1,1,1,0,0,0
0xa4a2ee,100%,0,18,18,0,0,0,18
0x506e20,100%,0,1,1,0,0,0,1
0xa4a22b,100%,0,56,56,0,0,0,56
0x9d200c,100%,0,101,101,101,0,0,0
0x789cbf,100%,0,12,12,6,0,0,6
0xa069e5,100%,0,2,2,2,0,0,0
0xa05d84,100%,0,1,1,0,0,0,1
0x983f2e,100%,0,8,8,0,0,0,8
0xa4a119,100%,0,87,87,87,0,0,0
0x7869fc,100%,0,6,6,0,0,0,6
0x80b4ba,100%,0,1,1,0,0,0,1
0x9510c0,100%,0,1,1,0,0,0,1
0xa07bb2,100%,0,1,1,1,0,0,0
0x5f0b33,100%,0,2,2,0,0,0,2
0xa1d776,100%,0,2,2,2,0,0,0
0x8d402a,100%,0,13,13,0,0,0,13
0x5ef9e2,100%,0,1,1,0,0,0,1
0x6071d4,100%,0,20,20,20,0,0,0
0x7b061a,100%,0,3,3,0,0,0,3
0x8dab00,100%,0,44,44,44,0,0,0
0x7b05fe,100%,0,3,3,0,0,0,3
0x9510c4,100%,0,1,1,0,0,0,1
0x8ed90e,100%,0,189,189,189,0,0,0
0x9c5583,100%,0,4,4,4,0,0,0
0x8f1fb2,100%,0,39,39,39,0,0,0
0x820008,100%,0,323,323,0,0,0,323
0xa4a246,100%,0,18,18,18,0,0,0
0x5960fb,100%,0,13,13,0,0,0,13
0x815cfe,100%,0,41,41,0,0,0,41
0xa3595f,100%,0,175,175,0,0,0,175
0xa1d6fa,100%,0,2,2,0,0,0,2
0x6114f1,100%,0,31,31,0,0,0,31
0xa04ac1,100%,0,2,2,2,0,0,0
0x4c9310,100%,0,4,4,4,0,0,0
0x7aee68,100%,0,6,6,0,0,0,6
0x822395,100%,0,273,273,0,0,0,273
0x8f20a5,100%,0,17,17,0,0,0,17
0x6823d4,100%,0,34,34,34,0,0,0
0xa064f7,100%,0,35,35,0,0,0,35
0x805355,100%,0,2,2,0,0,0,2
0x805429,100%,0,2,2,0,0,0,2
0xaa5d16,100%,0,1,1,0,0,0,1
0x789893,100%,0,37,37,0,0,0,37
0x5f0bc2,100%,0,2,2,0,0,0,2
0xa43094,100%,0,4,4,0,0,0,4
0xa1d7db,100%,0,2,2,0,0,0,2
0x984f98,100%,0,8,8,8,0,0,0
0xaa81d3,100%,0,5,5,0,0,0,5
0x9850e9,100%,0,4,4,0,0,0,4
0x5f0bac,100%,0,2,2,0,0,0,2
0x8dc4e5,100%,0,4,4,0,0,0,4
0xa1d798,100%,0,2,2,2,0,0,0
0x8ebe47,100%,0,18,18,0,0,0,18
0xa96279,100%,0,4,4,0,0,0,4
0x5afec6,100%,0,21,21,0,0,0,21
0x670b55,100%,0,2,2,2,0,0,0
0xa1b031,100%,0,5,5,0,0,0,5
0x5a608a,100%,0,4,4,0,0,0,4
0x5a5eb0,100%,0,4,4,0,0,0,4
0x5a5e59,100%,0,4,4,4,0,0,0
0x5a5e3f,100%,0,4,4,0,0,0,4
0xa998d8,100%,0,2,2,0,0,0,2
0x5ae676,100%,0,2,2,0,0,0,2
0x5a5e0f,100%,0,2,2,0,0,0,2
0x481e40,100%,0,19,19,0,0,0,19
0x9a6817,100%,0,147,147,147,0,0,0
0x812490,100%,0,843,843,0,0,0,843
0x8f0ca3,100%,0,6,6,6,0,0,0
0x8ba05f,100%,0,1,1,1,0,0,0
0x815250,100%,0,6,6,0,0,0,6
0x59e972,100%,0,8,8,8,0,0,0
0x8116b0,100%,0,560,560,560,0,0,0
0x7aeafd,100%,0,21,21,0,0,0,21
0x7f0c2c,100%,0,1,1,0,0,0,1
0x84351d,100%,0,1,1,0,0,0,1
0xa06fc0,100%,0,9,9,0,0,0,9
0x9a1e7a,100%,0,81,81,0,0,0,81
0x590739,100%,0,3,3,0,0,0,3
0x7e1c99,100%,0,2,2,0,0,0,2
0x7e1c7e,100%,0,2,2,0,0,0,2
0x8ef294,100%,0,48,48,0,0,0,48
0x7f3e8c,100%,0,15,15,0,0,0,15
0x4096d8,100%,0,58,58,58,0,0,0
0x9c7522,100%,0,4,4,4,0,0,0
0x492e2a,100%,0,1,1,0,0,0,1
0xa3038e,100%,0,85,85,0,0,0,85
0xa30384,100%,0,85,85,0,0,0,85
0x5c4ff8,100%,0,31,31,0,0,0,31
0x610984,100%,0,13,13,0,0,0,13
0x5ae696,100%,0,2,2,2,0,0,0
0xa5bf82,100%,0,32,32,0,0,0,32
0x4a7918,100%,0,6,6,0,0,0,6
0xa36368,100%,0,12,12,0,0,0,12
0x821294,100%,0,2,2,0,0,0,2
0xb4997b,100%,0,1,1,0,0,0,1
0x9c5352,100%,0,4,4,0,0,0,4
0x5049f1,100%,0,7,7,0,0,0,7
0x81b476,100%,0,6,6,0,0,0,6
0x6228cc,100%,0,10,10,0,0,0,10
0x62284a,100%,0,10,10,0,0,0,10
0x780884,100%,0,18,18,18,0,0,0
0x9f8045,100%,0,3,3,3,0,0,0
0xa58661,100%,0,16,16,16,0,0,0
0x8142c3,100%,0,328,328,0,0,0,328
0xa35553,100%,0,12,12,0,0,0,12
0x9c538e,100%,0,8,8,0,0,0,8
0x809162,100%,0,513,513,513,0,0,0
0x9c53a1,100%,0,8,8,8,0,0,0
0xa36a19,100%,0,3,3,0,0,0,3
0x9c549e,100%,0,4,4,4,0,0,0
0xa9f3a7,100%,0,3,3,0,0,0,3
0x843462,100%,0,1,1,0,0,0,1
0x5052be,100%,0,20,20,20,0,0,0
0x50d8d1,100%,0,13,13,13,0,0,0
0xa1d47a,100%,0,9,9,0,0,0,9
0xa1a38a,100%,0,9,9,0,0,0,9
0xa325a4,100%,0,4,4,0,0,0,4
0x506e15,100%,0,1,1,0,0,0,1
0x8bb2ee,100%,0,1,1,0,0,0,1
0x9f2aa2,100%,0,5,5,0,0,0,5
0x8e9a0e,100%,0,2,2,0,0,0,2
0x812004,100%,0,4,4,0,0,0,4
0x5f07ba,100%,0,2,2,0,0,0,2
0x60bb11,100%,0,17,17,0,0,0,17
0x816a84,100%,0,13,13,13,0,0,0
0x9c5337,100%,0,4,4,4,0,0,0
0x61dc58,100%,0,20,20,20,0,0,0
0x619be7,100%,0,20,20,0,0,0,20
0x99e69b,100%,0,13,13,0,0,0,13
0x619a9a,100%,0,15,15,0,0,0,15
0xa06803,100%,0,2,2,2,0,0,0
0x619a58,100%,0,20,20,20,0,0,0
0x5049f6,100%,0,7,7,0,0,0,7
0x670e58,100%,0,2,2,0,0,0,2
0x7c948b,100%,0,4,4,4,0,0,0
0x505a58,100%,0,4,4,0,0,0,4
0x505a49,100%,0,4,4,0,0,0,4
0x404f7f,100%,0,12,12,0,0,0,12
0x5b1bfa,100%,0,2,2,0,0,0,2
0x4bbce6,100%,0,825,825,0,0,0,825
0xa33a34,100%,0,53,53,39,0,0,14
0x8122d6,100%,0,81,81,81,0,0,0
0x8d24a0,100%,0,2,2,0,0,0,2
0x505a81,100%,0,4,4,4,0,0,0
0x58c62a,100%,0,1,1,1,0,0,0
0x58c5fa,100%,0,1,1,1,0,0,0
0x4b8af8,100%,0,16,16,0,0,0,16
0x78998a,100%,0,2,2,0,0,0,2
0x804f09,100%,0,2,2,0,0,0,2
0xa99c3c,100%,0,15,15,0,0,0,15
0xa99d24,100%,0,11,11,0,0,0,11
0x98cc2e,100%,0,18,18,0,0,0,18
0xa21d57,100%,0,2,2,0,0,0,2
0x7c68e3,100%,0,2,2,0,0,0,2
0x969805,100%,0,72,72,0,0,0,72
0x9f2af3,100%,0,5,5,0,0,0,5
0x50901a,100%,0,6,6,6,0,0,0
0x60dc25,100%,0,60,60,0,0,0,60
0x50efcc,100%,0,2,2,0,0,0,2
0x9c555c,100%,0,8,8,4,0,0,4
0x5fc073,100%,0,2,2,0,0,0,2
0xa50b97,100%,0,16,16,0,0,0,16
0xa1aab7,100%,0,5,5,0,0,0,5
0xa60be4,100%,0,5,5,5,0,0,0
0x81283b,100%,0,15,15,0,0,0,15
0x5f1bf4,100%,0,7,7,0,0,0,7
0x5b2c3a,100%,0,2,2,0,0,0,2
0xaadb17,100%,0,64,64,64,0,0,0
0xa0437c,100%,0,1,1,1,0,0,0
0xa098c7,100%,0,5,5,5,0,0,0
0x81ef0a,100%,0,40,40,0,0,0,40
0x671c6b,100%,0,2,2,2,0,0,0
0x7d4415,100%,0,2,2,0,0,0,2
0xa07b7e,100%,0,1,1,0,0,0,1
0xa083c1,100%,0,7,7,0,0,0,7
0x838f70,100%,0,10,10,0,0,0,10
0x4b5eea,100%,0,4,4,0,0,0,4
0xa07ee6,100%,0,1,1,1,0,0,0
0xa50701,100%,0,37,37,37,0,0,0
0xa07e56,100%,0,1,1,1,0,0,0
0x819ebd,100%,0,91,91,0,0,0,91
0xa077c3,100%,0,2,2,2,0,0,0
0xa07c66,100%,0,1,1,0,0,0,1
0x980f2a,100%,0,8,8,8,0,0,0
0x7f37b8,100%,0,15,15,0,0,0,15
0x980f8f,100%,0,8,8,0,0,0,8
0xa46804,100%,0,328,328,0,0,0,328
0x4c186a,100%,0,16,16,0,0,0,16
0x40e859,100%,0,5,5,5,0,0,0
0x544121,100%,0,9,9,0,0,0,9
0x5eed78,100%,0,2,2,0,0,0,2
0xa04229,100%,0,2,2,2,0,0,0
0x60bba5,100%,0,5,5,5,0,0,0
0xa06e56,100%,0,4,4,0,0,0,4
0xa3623e,100%,0,434,434,0,0,0,434
0x534aec,100%,0,56,56,0,0,0,56
0x78270d,100%,0,10,10,0,0,0,10
0x612845,100%,0,70,70,0,0,0,70
0x8125c8,100%,0,327,327,0,0,0,327
0x4c9351,100%,0,4,4,4,0,0,0
0x5afe69,100%,0,21,21,0,0,0,21
0xa078a1,100%,0,6,6,6,0,0,0
0x951c9f,100%,0,637,637,0,0,0,637
0xa08309,100%,0,1,1,0,0,0,1
0x81d323,100%,0,190,190,190,0,0,0
0x9a3a91,100%,0,2,2,0,0,0,2
0x98d0c3,100%,0,7,7,0,0,0,7
0x8f2139,100%,0,39,39,0,0,0,39
0xa0a52c,100%,0,2,2,0,0,0,2
0x4a590e,100%,0,55,55,0,0,0,55
0xa04120,100%,0,3,3,1,0,0,2
0xa661bf,100%,0,27,27,0,0,0,27
0x4b5f91,100%,0,4,4,0,0,0,4
0x4b5f25,100%,0,4,4,0,0,0,4
0x4c547d,100%,0,1,1,0,0,0,1
0x8e16a2,100%,0,32,32,0,0,0,32
0xa06f09,100%,0,9,9,0,0,0,9
0x7e2147,100%,0,2,2,2,0,0,0
0x40a4b3,100%,0,2,2,0,0,0,2
0x4c5aa8,100%,0,21,21,0,0,0,21
0x4c54af,100%,0,1,1,0,0,0,1
0x7f3750,100%,0,15,15,0,0,0,15
0x59fa79,100%,0,1,1,0,0,0,1
0x8a7e32,100%,0,2,2,2,0,0,0
0x5c51e0,100%,0,8,8,0,0,0,8
0x8e939e,100%,0,4,4,0,0,0,4
0x979f34,100%,0,8,8,8,0,0,0
0x786c91,100%,0,2,2,2,0,0,0
0xa584aa,100%,0,10,10,0,0,0,10
0x786c77,100%,0,2,2,0,0,0,2
0x9776af,100%,0,1654,1654,0,0,0,1654
0x4b9748,100%,0,10,10,10,0,0,0
0x80a3ce,100%,0,8,8,4,0,0,4
0x974702,100%,0,2,2,2,0,0,0
0x4b96d5,100%,0,10,10,0,0,0,10
0xa39835,100%,0,4,4,0,0,0,4
0x817131,100%,0,2,2,0,0,0,2
0x5e211a,100%,0,3,3,3,0,0,0
0xa0a592,100%,0,2,2,0,0,0,2
0xa39848,100%,0,4,4,0,0,0,4
0x5d20ca,100%,0,3,3,3,0,0,0
0x7b016f,100%,0,6,6,0,0,0,6
0x590597,100%,0,2,2,0,0,0,2
0x94af8b,100%,0,16,16,0,0,0,16
0x4c606e,100%,0,16,16,16,0,0,0
0xa08380,100%,0,7,7,0,0,0,7
0x9f47dd,100%,0,8,8,0,0,0,8
0x50d0bc,100%,0,2,2,0,0,0,2
0xa8f990,100%,0,85,85,0,0,0,85
0x492ae2,100%,0,2,2,0,0,0,2
0x4bdc10,100%,0,1,1,1,0,0,0
0xa06fb6,100%,0,9,9,0,0,0,9
0x5bdb01,100%,0,3,3,3,0,0,0
0x5bd137,100%,0,44,44,0,0,0,44
0xa8e60d,100%,0,1,1,1,0,0,0
0x984694,100%,0,95,95,0,0,0,95
0xa50b37,100%,0,19,19,0,0,0,19
0xa08b67,100%,0,5,5,0,0,0,5
0x9c4dc5,100%,0,2,2,0,0,0,2
0x984856,100%,0,4,4,0,0,0,4
0xa0891a,100%,0,5,5,5,0,0,0
0xa085b7,100%,0,5,5,0,0,0,5
0x491753,100%,0,1,1,1,0,0,0
0x8aac1d,100%,0,10,10,0,0,0,10
0x9bd59d,100%,0,12,12,0,0,0,12
0x984675,100%,0,95,95,0,0,0,95
0x977dbe,100%,0,10,10,10,0,0,0
0x9840c5,100%,0,74,74,0,0,0,74
0xa6633a,100%,0,9,9,0,0,0,9
0x40ea79,100%,0,4,4,0,0,0,4
0xa08746,100%,0,4,4,0,0,0,4
0x806719,100%,0,10,10,0,0,0,10
0x61284e,100%,0,70,70,70,0,0,0
0x4a9a71,100%,0,2,2,0,0,0,2
0x49b037,100%,0,2,2,0,0,0,2
0x9f483b,100%,0,8,8,0,0,0,8
0xa21e49,100%,0,2,2,1,0,0,1
0x4825ed,100%,0,19,19,0,0,0,19
0x8bd864,100%,0,19,19,16,0,0,3
0x6750a7,100%,0,3,3,0,0,0,3
0x6114c0,100%,0,1,1,1,0,0,0
0x9c4d49,100%,0,6,6,0,0,0,6
0x9c4d29,100%,0,6,6,0,0,0,6
0xa64c18,100%,0,6,6,0,0,0,6
0xaa4cf9,100%,0,3,3,0,0,0,3
0x555088,100%,0,55,55,55,0,0,0
0x8ad77e,100%,0,2,2,0,0,0,2
0x96ec53,100%,0,1,1,1,0,0,0
0xa02f1c,100%,0,2,2,0,0,0,2
0x67978b,100%,0,6,6,0,0,0,6
0x8d27a6,100%,0,3,3,0,0,0,3
0x5ecdae,100%,0,8,8,0,0,0,8
0x67e49d,100%,0,56,56,56,0,0,0
0xa08e92,100%,0,45,45,0,0,0,45
0x63e5cb,100%,0,810,810,810,0,0,0
0xa08e63,100%,0,45,45,0,0,0,45
0xa0a502,100%,0,2,2,0,0,0,2
0x9735a5,100%,0,5,5,0,0,0,5
0xa0699a,100%,0,2,2,0,0,0,2
0x7bccef,100%,0,2,2,2,0,0,0
0x51b6d9,100%,0,5,5,0,0,0,5
0x7bafb3,100%,0,2,2,2,0,0,0
0xa06973,100%,0,2,2,2,0,0,0
0xa06934,100%,0,2,2,2,0,0,0
0x984176,100%,0,74,74,65,0,0,9
0xa98817,100%,0,15,15,15,0,0,0
0xa06a42,100%,0,2,2,0,0,0,2
0xa06826,100%,0,2,2,0,0,0,2
0xa1a01c,100%,0,13,13,0,0,0,13
0x4a5917,100%,0,55,55,0,0,0,55
0x984310,100%,0,8,8,0,0,0,8
0xa073d8,100%,0,2,2,0,0,0,2
0x7bad32,100%,0,2,2,2,0,0,0
0x8c83d9,100%,0,2,2,2,0,0,0
0xa065a1,100%,0,31,31,0,0,0,31
0x8dcaa9,100%,0,4,4,0,0,0,4
0x7c7608,100%,0,4,4,0,0,0,4
0x6ed743,100%,0,1,1,0,0,0,1
0xa08c72,100%,0,4,4,0,0,0,4
0x7c76e7,100%,0,4,4,0,0,0,4
0x8325d9,100%,0,1,1,0,0,0,1
0x7c762f,100%,0,4,4,4,0,0,0
0xa7b408,100%,0,1,1,0,0,0,1
0x9e8503,100%,0,21,21,21,0,0,0
0x7c7625,100%,0,4,4,0,0,0,4
0xa08be1,100%,0,4,4,4,0,0,0
0x7c7a7b,100%,0,32,32,0,0,0,32
0xa953aa,100%,0,4,4,4,0,0,0
0x8e02a9,100%,0,4,4,0,0,0,4
0xa66243,100%,0,27,27,0,0,0,27
0x7899f4,100%,0,6,6,6,0,0,0
0x7899eb,100%,0,6,6,0,0,0,6
0xa0671a,100%,0,1,1,0,0,0,1
0x8e4c9e,100%,0,44,44,0,0,0,44
0xa06a64,100%,0,2,2,0,0,0,2
0x5eef82,100%,0,18,18,0,0,0,18
0x551059,100%,0,21,21,0,0,0,21
0x4bb2dc,100%,0,30,30,0,0,0,30
0xa458f0,100%,0,689,689,689,0,0,0
0x9027ba,100%,0,24,24,0,0,0,24
0x4c6639,100%,0,2,2,0,0,0,2
0x815c63,100%,0,41,41,0,0,0,41
0x4ac631,100%,0,15,15,0,0,0,15
0x4bb166,100%,0,18,18,0,0,0,18
0x49f651,100%,0,134,134,0,0,0,134
0x9fe3fa,100%,0,131,131,0,0,0,131
0x51b5ec,100%,0,5,5,0,0,0,5
0x983b33,100%,0,92,92,0,0,0,92
0xa853d7,100%,0,5,5,0,0,0,5
0x94f1a1,100%,0,1,1,0,0,0,1
0x8ffee7,100%,0,10,10,0,0,0,10
0x804f66,100%,0,2,2,0,0,0,2
0x5485a4,100%,0,201,201,0,0,0,201
0x843744,100%,0,8,8,8,0,0,0
0x491c47,100%,0,1,1,1,0,0,0
0x4c4d7b,100%,0,11,11,0,0,0,11
0x9d1e51,100%,0,20,20,20,0,0,0
0x4c619f,100%,0,7,7,0,0,0,7
0x4c16c4,100%,0,3,3,3,0,0,0
0x4c169a,100%,0,3,3,0,0,0,3
0xa050e0,100%,0,1,1,0,0,0,1
0xa0508e,100%,0,1,1,0,0,0,1
0x5f4a00,100%,0,2,2,2,0,0,0
0x7cf687,100%,0,8,8,0,0,0,8
0x5bedb4,100%,0,2,2,0,0,0,2
0x8ee70d,100%,0,371,371,0,0,0,371
0x9d003a,100%,0,5,5,5,0,0,0
0x8ffdfe,100%,0,6,6,0,0,0,6
0xa3899c,100%,0,10,10,10,0,0,0
0x8145fa,100%,0,21,21,3,0,0,18
0x4b569d,100%,0,102,102,0,0,0,102
0xa05fdf,100%,0,20,20,0,0,0,20
0x9d0b5a,100%,0,51,51,0,0,0,51
0x4c52b4,100%,0,24,24,0,0,0,24
0x8bdcc8,100%,0,1,1,0,0,0,1
0x83a980,100%,0,3,3,0,0,0,3
0x9c507e,100%,0,8,8,8,0,0,0
0xa42760,100%,0,225,225,0,0,0,225
0x64c779,100%,0,7,7,0,0,0,7
0x8aadfc,100%,0,5,5,5,0,0,0
0x40a44a,100%,0,2,2,0,0,0,2
0xaadabd,100%,0,64,64,0,0,0,64
0x4a5c4a,100%,0,6,6,0,0,0,6
0x40e899,100%,0,5,5,5,0,0,0
0x40e868,100%,0,5,5,5,0,0,0
0x557ad4,100%,0,3,3,0,0,0,3
0x98b3ec,100%,0,53,53,0,0,0,53
0x555620,100%,0,4,4,0,0,0,4
0x8aad9f,100%,0,5,5,0,0,0,5
0x806991,100%,0,24,24,12,0,0,12
0x8aad92,100%,0,5,5,0,0,0,5
0xa28227,100%,0,3,3,3,0,0,0
0x6667cc,100%,0,2,2,0,0,0,2
0x983f26,100%,0,8,8,0,0,0,8
0x5fe7c3,100%,0,105,105,0,0,0,105
0x4a9f03,100%,0,185,185,0,0,0,185
0x8388e4,100%,0,5,5,5,0,0,0
0x780893,100%,0,3,3,1,0,0,2
0xa8e530,100%,0,5,5,0,0,0,5
0x8ffde7,100%,0,8,8,0,0,0,8
0xace098,100%,0,2,2,0,0,0,2
0x4bf02a,100%,0,13,13,0,0,0,13
0x9eca92,100%,0,5,5,0,0,0,5
0x9f5cf1,100%,0,7,7,0,0,0,7
0x8136d4,100%,0,330,330,330,0,0,0
0x8fd2dd,100%,0,2,2,2,0,0,0
0x88e67f,100%,0,39,39,39,0,0,0
0xa050ee,100%,0,1,1,0,0,0,1
0x7c7188,100%,0,44,44,0,0,0,44
0x8fd236,100%,0,2,2,0,0,0,2
0x81e3ab,100%,0,215,215,0,0,0,215
0x9ef2b8,100%,0,141,141,0,0,0,141
0x9fbf86,100%,0,306,306,0,0,0,306
0x8aae12,100%,0,5,5,0,0,0,5
0xa35b46,100%,0,32,32,32,0,0,0
0x502f13,100%,0,47,47,47,0,0,0
0x40af58,100%,0,2,2,2,0,0,0
0x78402d,100%,0,3,3,0,0,0,3
0x96e969,100%,0,1,1,0,0,0,1
0x959138,100%,0,2,2,0,0,0,2
0x5388a6,100%,0,1201,1201,1201,0,0,0
0xa058cb,100%,0,5,5,0,0,0,5
0x64bd95,100%,0,119,119,119,0,0,0
0x812728,100%,0,52,52,0,0,0,52
0x81a731,100%,0,5965,5965,5965,0,0,0
0x4c7527,100%,0,2,2,0,0,0,2
0x4bbb10,100%,0,1,1,1,0,0,0
0x980fd9,100%,0,66,66,0,0,0,66
0x984372,100%,0,8,8,0,0,0,8
0xa957c4,100%,0,4,4,0,0,0,4
0x83891c,100%,0,1,1,0,0,0,1
0x8e339a,100%,0,16,16,0,0,0,16
0x58c099,100%,0,70,70,0,0,0,70
0x8ef3dc,100%,0,48,48,0,0,0,48
0x8ebc93,100%,0,4,4,0,0,0,4
0xa7c781,100%,0,5,5,5,0,0,0
0xa0562c,100%,0,1,1,0,0,0,1
0x4c008a,100%,0,2,2,0,0,0,2
0xa04bb4,100%,0,38,38,0,0,0,38
0xa0a5c4,100%,0,8,8,0,0,0,8
0xa8e604,100%,0,1,1,0,0,0,1
0x4b9549,100%,0,2,2,0,0,0,2
0x8dce5d,100%,0,2,2,2,0,0,0
0x4b9416,100%,0,2,2,0,0,0,2
0x4bd231,100%,0,2,2,0,0,0,2
0xa0a580,100%,0,2,2,0,0,0,2
0x5c7559,100%,0,3,3,3,0,0,0
0xa04c78,100%,0,38,38,0,0,0,38
0xa0642a,100%,0,2,2,2,0,0,0
0x784790,100%,0,35,35,0,0,0,35
0xa0a5ed,100%,0,4,4,0,0,0,4
0x491c79,100%,0,2,2,1,0,0,1
0x8fe909,100%,0,1,1,0,0,0,1
0x981060,100%,0,8,8,8,0,0,0
0x649316,100%,0,6,6,6,0,0,0
0xa066cd,100%,0,45,45,0,0,0,45
0xa8e5cf,100%,0,1,1,0,0,0,1
0x63872d,100%,0,29,29,3,0,0,26
0x4ad822,100%,0,4,4,2,0,0,2
0x787bf9,100%,0,11,11,5,0,0,6
0xa0166b,100%,0,8,8,8,0,0,0
0xa05345,100%,0,29,29,0,0,0,29
0xa7a19e,100%,0,175,175,0,0,0,175
0x9843d3,100%,0,8,8,0,0,0,8
0x4c83b3,100%,0,3,3,0,0,0,3
0x4c83ab,100%,0,3,3,0,0,0,3
0xa7b424,100%,0,1,1,1,0,0,0
0x9f592c,100%,0,25,25,0,0,0,25
0x9843a1,100%,0,8,8,0,0,0,8
0x819d73,100%,0,327,327,0,0,0,327
0xa7bef3,100%,0,5,5,0,0,0,5
0xa0650b,100%,0,35,35,35,0,0,0
0xa1a316,100%,0,9,9,9,0,0,0
0xa0647f,100%,0,35,35,0,0,0,35
0x5be7d8,100%,0,2,2,0,0,0,2
0x8fce93,100%,0,44,44,44,0,0,0
0x77ad96,100%,0,522,522,522,0,0,0
0x5fabf0,100%,0,1,1,0,0,0,1
0x7b0158,100%,0,6,6,0,0,0,6
0x4b968b,100%,0,2,2,0,0,0,2
0xa06327,100%,0,3,3,1,0,0,2
0x5a6504,100%,0,2,2,0,0,0,2
0xa0631a,100%,0,3,3,0,0,0,3
0x6105bb,100%,0,6,6,0,0,0,6
0x4c677e,100%,0,4,4,0,0,0,4
0x4c6753,100%,0,4,4,0,0,0,4
0x4c66a0,100%,0,4,4,4,0,0,0
0xa062b7,100%,0,2,2,0,0,0,2
0x59e702,100%,0,4,4,4,0,0,0
0x4bd629,100%,0,1,1,1,0,0,0
0xa7bf3c,100%,0,5,5,5,0,0,0
0x58e5cd,100%,0,6,6,0,0,0,6
0x9f3c95,100%,0,1,1,0,0,0,1
0x80740d,100%,0,14692,14692,14692,0,0,0
0xa052fd,100%,0,4,4,0,0,0,4
0x4bd2ef,100%,0,1,1,1,0,0,0
0x5ff492,100%,0,10,10,0,0,0,10
0x49ffdc,100%,0,37,37,0,0,0,37
0xa96ac6,100%,0,9,9,1,0,0,8
0xa33fc4,100%,0,3,3,3,0,0,0
0xa3bc40,100%,0,18,18,0,0,0,18
0xa53828,100%,0,7,7,7,0,0,0
0x90f8be,100%,0,2,2,0,0,0,2
0x8173ca,100%,0,92,92,0,0,0,92
0x9e1547,100%,0,2,2,0,0,0,2
0x81fc6f,100%,0,98,98,0,0,0,98
0x5be45a,100%,0,170,170,0,0,0,170
0x9e111c,100%,0,2,2,2,0,0,0
0x9e1115,100%,0,2,2,0,0,0,2
0x5f2f89,100%,0,1,1,0,0,0,1
0x9f5a19,100%,0,47,47,47,0,0,0
0x9f824b,100%,0,1,1,0,0,0,1
0x9f8203,100%,0,1,1,0,0,0,1
0xa21004,100%,0,1,1,0,0,0,1
0x555db3,100%,0,105,105,0,0,0,105
0x6f4520,100%,0,18,18,18,0,0,0
0x81ba03,100%,0,204,204,0,0,0,204
0xa37cb0,100%,0,5,5,0,0,0,5
0xa07750,100%,0,5,5,5,0,0,0
0xa9a142,100%,0,15,15,0,0,0,15
0xa3d1a5,100%,0,8,8,0,0,0,8
0x8e4d17,100%,0,66,66,0,0,0,66
0x95b50a,100%,0,4,4,0,0,0,4
0xa3d10d,100%,0,8,8,8,0,0,0
0x81e180,100%,0,215,215,0,0,0,215
0xa327f5,100%,0,72,72,0,0,0,72
0x64a618,100%,0,2,2,2,0,0,0
0xab1bde,100%,0,4,4,4,0,0,0
0x98146b,100%,0,8,8,8,0,0,0
0x9f62aa,100%,0,8,8,0,0,0,8
0xa3d095,100%,0,8,8,0,0,0,8
0x5af0b8,100%,0,10,10,0,0,0,10
0xab1bd4,100%,0,4,4,0,0,0,4
0xa3bd76,100%,0,8,8,8,0,0,0
0xa429e3,100%,0,28,28,28,0,0,0
0xaab116,100%,0,16,16,0,0,0,16
0x8161af,100%,0,2,2,0,0,0,2
0xa34475,100%,0,3,3,0,0,0,3
0xa3bcb0,100%,0,16,16,0,0,0,16
0x48d732,100%,0,20,20,0,0,0,20
0x804db1,100%,0,2,2,0,0,0,2
0x5f32dd,100%,0,2,2,0,0,0,2
0xa05eec,100%,0,6,6,6,0,0,0
0x65b165,100%,0,13,13,13,0,0,0
0xa97e7a,100%,0,2,2,2,0,0,0
0xa3fe46,100%,0,28,28,28,0,0,0
0x9fcf30,100%,0,18,18,0,0,0,18
0x9f9aca,100%,0,109,109,0,0,0,109
0x9f9abd,100%,0,109,109,0,0,0,109
0xa97341,100%,0,3,3,3,0,0,0
0x9f2ab6,100%,0,5,5,0,0,0,5
0xa972e5,100%,0,3,3,0,0,0,3
0xa96e4a,100%,0,3,3,3,0,0,0
0xa05eac,100%,0,6,6,6,0,0,0
0x8d9bf5,100%,0,370,370,0,0,0,370
0x9f9bfa,100%,0,19,19,19,0,0,0
0xa959c6,100%,0,4,4,0,0,0,4
0x9ecc29,100%,0,5,5,5,0,0,0
0xa90222,100%,0,38,38,38,0,0,0
0x9ed388,100%,0,27,27,0,0,0,27
0xa2aa79,100%,0,1,1,0,0,0,1
0x9f6a00,100%,0,20,20,0,0,0,20
0x9f6984,100%,0,8,8,0,0,0,8
0x686968,100%,0,281,281,0,0,0,281
0x99eb5f,100%,0,13,13,0,0,0,13
0x48eff7,100%,0,264,264,0,0,0,264
0x9e8a39,100%,0,1,1,1,0,0,0
0x9f6904,100%,0,8,8,8,0,0,0
0xa5c6f4,100%,0,6,6,0,0,0,6
0x556aa9,100%,0,4,4,4,0,0,0
0xa3d1b2,100%,0,8,8,0,0,0,8
0x8ad608,100%,0,2,2,0,0,0,2
0x7d3404,100%,0,12,12,0,0,0,12
0x9f9620,100%,0,24,24,24,0,0,0
0x64b9e9,100%,0,1397,1397,0,0,0,1397
0x9f2b4d,100%,0,5,5,5,0,0,0
0x9e1221,100%,0,27,27,0,0,0,27
0x9f2b37,100%,0,5,5,0,0,0,5
0x7d4435,100%,0,2,2,0,0,0,2
0x51023f,100%,0,236,236,0,0,0,236
0xa3f072,100%,0,8,8,0,0,0,8
0x600275,100%,0,23,23,0,0,0,23
0x5d7b07,100%,0,4,4,0,0,0,4
0x9f5b31,100%,0,12,12,0,0,0,12
0x7d338c,100%,0,12,12,0,0,0,12
0x99c694,100%,0,151,151,151,0,0,0
0x5f4f8c,100%,0,1,1,1,0,0,0
0x97ab38,100%,0,14,14,14,0,0,0
0x959f67,100%,0,4,4,0,0,0,4
0x8f685e,100%,0,109,109,0,0,0,109
0xa3bcfd,100%,0,2,2,2,0,0,0
0x8221cd,100%,0,273,273,0,0,0,273
0x97abd1,100%,0,14,14,0,0,0,14
0x8f4626,100%,0,12,12,12,0,0,0
0x5e1f02,100%,0,6,6,6,0,0,0
0x8dabbf,100%,0,44,44,44,0,0,0
0x80aa7b,100%,0,2,2,2,0,0,0
0x5905d5,100%,0,18,18,0,0,0,18
0x9d25cf,100%,0,2,2,0,0,0,2
0xa3cab2,100%,0,8,8,0,0,0,8
0xa2125b,100%,0,8,8,0,0,0,8
0x9d2694,100%,0,28,28,0,0,0,28
0xa22d90,100%,0,62,62,0,0,0,62
0x59e6a2,100%,0,8,8,8,0,0,0
0x80b3ba,100%,0,5,5,0,0,0,5
0x5bd6fc,100%,0,315,315,0,0,0,315
0xa22d67,100%,0,65,65,0,0,0,65
0x5f85af,100%,0,243,243,243,0,0,0
0x94c8e6,100%,0,40,40,0,0,0,40
0x7c67f4,100%,0,2,2,0,0,0,2
0x83a9f9,100%,0,4,4,0,0,0,4
0x903315,100%,0,12,12,0,0,0,12
0x959cc1,100%,0,4,4,0,0,0,4
0x956440,100%,0,1,1,1,0,0,0
0x65c6b3,100%,0,4,4,0,0,0,4
0x98099a,100%,0,8,8,8,0,0,0
0x8aebf3,100%,0,198,198,0,0,0,198
0x504927,100%,0,15,15,0,0,0,15
0x58ba66,100%,0,4,4,4,0,0,0
0x60c629,100%,0,4,4,0,0,0,4
0xa963a8,100%,0,2,2,0,0,0,2
0x88e620,100%,0,25,25,0,0,0,25
0x4c281c,100%,0,1,1,1,0,0,0
0x95b7f2,100%,0,4,4,0,0,0,4
0x5f5945,100%,0,2,2,0,0,0,2
0x8ae94a,100%,0,7,7,7,0,0,0
0x95b759,100%,0,4,4,4,0,0,0
0x8a9870,100%,0,4642,4642,4642,0,0,0
0x814f6f,100%,0,18,18,0,0,0,18
0x811c7a,100%,0,55,55,0,0,0,55
0xaac41a,100%,0,4,4,0,0,0,4
0x95b814,100%,0,4,4,0,0,0,4
0xa094fb,100%,0,12,12,0,0,0,12
0x814fed,100%,0,2,2,0,0,0,2
0x809d8f,100%,0,561,561,0,0,0,561
0x40bafd,100%,0,150,150,0,0,0,150
0x956028,100%,0,1,1,0,0,0,1
0x984191,100%,0,9,9,9,0,0,0
0x95b8d6,100%,0,4,4,4,0,0,0
0xa3d476,100%,0,8,8,0,0,0,8
0x80852b,100%,0,7,7,7,0,0,0
0x5b067f,100%,0,2,2,0,0,0,2
0xa211b1,100%,0,4,4,4,0,0,0
0x908770,100%,0,961,961,961,0,0,0
0xaac3f8,100%,0,4,4,4,0,0,0
0x97acd8,100%,0,8,8,0,0,0,8
0xa3e341,100%,0,8,8,8,0,0,0
0xaac3f3,100%,0,4,4,0,0,0,4
0xa3e2f1,100%,0,8,8,0,0,0,8
0x4b9c9d,100%,0,10,10,0,0,0,10
0x9d1063,100%,0,8,8,8,0,0,0
0x9ed33b,100%,0,27,27,0,0,0,27
0x5b2664,100%,0,1,1,1,0,0,0
0x5dda06,100%,0,1,1,0,0,0,1
0x95a9a2,100%,0,4,4,0,0,0,4
0xa3d901,100%,0,8,8,0,0,0,8
0x6753e7,100%,0,1,1,0,0,0,1
0x8aeb4b,100%,0,7,7,0,0,0,7
0x9799ef,100%,0,8,8,0,0,0,8
0xa3d81e,100%,0,8,8,0,0,0,8
0x95b827,100%,0,12,12,0,0,0,12
0x5ff85e,100%,0,46,46,46,0,0,0
0xa58b61,100%,0,29,29,0,0,0,29
0x8f34e8,100%,0,12,12,0,0,0,12
0x7dfc95,100%,0,8,8,0,0,0,8
0xa3f079,100%,0,8,8,0,0,0,8
0x69de07,100%,0,12,12,0,0,0,12
0x718093,100%,0,1,1,0,0,0,1
0x4417ce,100%,0,11,11,0,0,0,11
0x54d524,100%,0,6,6,0,0,0,6
0x9f4a8c,100%,0,1,1,1,0,0,0
0xa52f47,100%,0,192,192,0,0,0,192
0x5af26f,100%,0,6,6,0,0,0,6
0x9f4a43,100%,0,3,3,0,0,0,3
0x99f653,100%,0,102,102,0,0,0,102
0x63b270,100%,0,821,821,821,0,0,0
0x649e4a,100%,0,2,2,2,0,0,0
0x4417ae,100%,0,11,11,0,0,0,11
0x9813f7,100%,0,2,2,2,0,0,0
0x675740,100%,0,1,1,1,0,0,0
0x63ecee,100%,0,731,731,731,0,0,0
0x4877d9,100%,0,1,1,0,0,0,1
0x95b86c,100%,0,4,4,4,0,0,0
0x9f36ca,100%,0,4,4,0,0,0,4
0x647bae,100%,0,43,43,0,0,0,43
0x5b8db3,100%,0,8,8,8,0,0,0
0xa58934,100%,0,54,54,0,0,0,54
0x9a6594,100%,0,4,4,0,0,0,4
0x9a6568,100%,0,4,4,0,0,0,4
0xa017ab,100%,0,2,2,2,0,0,0
0x80a1ee,100%,0,8,8,4,0,0,4
0x4419b3,100%,0,11,11,0,0,0,11
0xa21f37,100%,0,2,2,0,0,0,2
0x5dfbc4,100%,0,14,14,0,0,0,14
0x4418f7,100%,0,11,11,0,0,0,11
0x9f324a,100%,0,155,155,0,0,0,155
0x4418b7,100%,0,11,11,0,0,0,11
0x441897,100%,0,11,11,0,0,0,11
0xa58c09,100%,0,29,29,0,0,0,29
0x83783f,100%,0,5,5,5,0,0,0
0xa909b3,100%,0,149,149,0,0,0,149
0x5a87ff,100%,0,2,2,0,0,0,2
0x7c68fe,100%,0,2,2,0,0,0,2
0x8dbb1c,100%,0,8,8,0,0,0,8
0x4415ee,100%,0,11,11,0,0,0,11
0x4415b7,100%,0,11,11,0,0,0,11
0x91776c,100%,0,188,188,0,0,0,188
0x64869e,100%,0,2,2,0,0,0,2
0x44152e,100%,0,11,11,0,0,0,11
0xa0b945,100%,0,1,1,0,0,0,1
0x9fe963,100%,0,37,37,37,0,0,0
0x6486a3,100%,0,2,2,0,0,0,2
0x9f448f,100%,0,22,22,0,0,0,22
0xa41b0f,100%,0,267,267,0,0,0,267
0x8bc091,100%,0,2,2,0,0,0,2
0xa058ea,100%,0,5,5,5,0,0,0
0x917bec,100%,0,200,200,200,0,0,0
0x8ad8da,100%,0,2,2,0,0,0,2
0x9e2cea,100%,0,13,13,0,0,0,13
0x5d0cbe,100%,0,8,8,8,0,0,0
0x97521d,100%,0,19,19,0,0,0,19
0x5f4ec8,100%,0,1,1,0,0,0,1
0x8dea5e,100%,0,130,130,0,0,0,130
0x494712,100%,0,2,2,2,0,0,0
0x809dc0,100%,0,2,2,0,0,0,2
0xa42c40,100%,0,54,54,54,0,0,0
0x9ecb87,100%,0,4,4,0,0,0,4
0x9ecb41,100%,0,4,4,4,0,0,0
0xa5775f,100%,0,14,14,0,0,0,14
0x640288,100%,0,2342,2342,0,0,0,2342
0x547b30,100%,0,11,11,11,0,0,0
0x8f445e,100%,0,1,1,0,0,0,1
0x99d420,100%,0,9,9,9,0,0,0
0x44176e,100%,0,11,11,0,0,0,11
0x44174e,100%,0,11,11,0,0,0,11
0x8e0f98,100%,0,16,16,0,0,0,16
0x8ebfc5,100%,0,2,2,0,0,0,2
0xa6b322,100%,0,4,4,4,0,0,0
0x9f5d16,100%,0,28,28,0,0,0,28
0x441657,100%,0,11,11,0,0,0,11
0x9fdb83,100%,0,25,25,0,0,0,25
0x44162e,100%,0,11,11,0,0,0,11
0x9f634f,100%,0,3,3,0,0,0,3
0x8f5f74,100%,0,40,40,0,0,0,40
0x9849d0,100%,0,4,4,4,0,0,0
0x8f2668,100%,0,1,1,0,0,0,1
0x9f833b,100%,0,3,3,1,0,0,2
0x5ece06,100%,0,8,8,0,0,0,8
0x984342,100%,0,8,8,8,0,0,0
0x81ea56,100%,0,3,3,3,0,0,0
0x491730,100%,0,1,1,1,0,0,0
0x486d91,100%,0,93,93,93,0,0,0
0xa06176,100%,0,21,21,0,0,0,21
0xa061bb,100%,0,29,29,29,0,0,0
0x9e2dc0,100%,0,13,13,0,0,0,13
0x9f86d4,100%,0,3,3,0,0,0,3
0x5b1826,100%,0,74,74,74,0,0,0
0x9eca4a,100%,0,4,4,4,0,0,0
0xaa25ea,100%,0,22,22,0,0,0,22
0x9c4fc0,100%,0,4,4,0,0,0,4
0x486e0d,100%,0,2,2,0,0,0,2
0x9f831f,100%,0,11,11,0,0,0,11
0x8ad525,100%,0,2,2,2,0,0,0
0xa05e8a,100%,0,1,1,0,0,0,1
0xa31a46,100%,0,3,3,3,0,0,0
0x8a5e3c,100%,0,314,314,0,0,0,314
0x7d3ed5,100%,0,3,3,3,0,0,0
0xa31a04,100%,0,3,3,0,0,0,3
0x677621,100%,0,2,2,2,0,0,0
0x9e21c5,100%,0,2,2,2,0,0,0
0x99e52f,100%,0,13,13,13,0,0,0
0x81f4b2,100%,0,4,4,0,0,0,4
0xa5b01f,100%,0,3,3,0,0,0,3
0x8a6ba8,100%,0,2,2,2,0,0,0
0x8ecc67,100%,0,13,13,0,0,0,13
0x8f5b03,100%,0,9,9,9,0,0,0
0x4bf78a,100%,0,34,34,0,0,0,34
0xa05dff,100%,0,1,1,0,0,0,1
0xb49a06,100%,0,8,8,0,0,0,8
0x9e7fd2,100%,0,123,123,0,0,0,123
0x7f1304,100%,0,7,7,0,0,0,7
0x8a9970,100%,0,8,8,4,0,0,4
0x9e1a98,100%,0,8,8,0,0,0,8
0x81c701,100%,0,70,70,0,0,0,70
0x8ece90,100%,0,995,995,0,0,0,995
0x9f7b42,100%,0,4,4,0,0,0,4
0x95b43d,100%,0,11,11,11,0,0,0
0x4bd4bb,100%,0,1,1,0,0,0,1
0x5bc58f,100%,0,119,119,119,0,0,0
0x5d457f,100%,0,14,14,14,0,0,0
0x492f2e,100%,0,72,72,0,0,0,72
0x5df7fd,100%,0,14,14,0,0,0,14
0x9c4e70,100%,0,1,1,0,0,0,1
0x95adfa,100%,0,15,15,0,0,0,15
0x441d85,100%,0,11,11,11,0,0,0
0x441d75,100%,0,11,11,11,0,0,0
0x8d4319,100%,0,12,12,0,0,0,12
0xaa40de,100%,0,14,14,0,0,0,14
0x54144f,100%,0,40,40,0,0,0,40
0xa075f7,100%,0,6,6,6,0,0,0
0x7cf7f2,100%,0,8,8,0,0,0,8
0xa4a91b,100%,0,2,2,0,0,0,2
0x441b86,100%,0,11,11,11,0,0,0
0x95aec8,100%,0,23,23,0,0,0,23
0x7c3bf7,100%,0,51,51,51,0,0,0
0x804b72,100%,0,2,2,0,0,0,2
0x67d6bb,100%,0,706,706,706,0,0,0
0x9e6f4f,100%,0,3,3,0,0,0,3
0x5c834b,100%,0,6,6,6,0,0,0
0x9f8694,100%,0,11,11,0,0,0,11
0xaabe0a,100%,0,11,11,11,0,0,0
0x8daa74,100%,0,400,400,0,0,0,400
0x95a936,100%,0,4,4,0,0,0,4
0x98423d,100%,0,25,25,25,0,0,0
0x95aeb2,100%,0,23,23,23,0,0,0
0x9f7d70,100%,0,9,9,0,0,0,9
0x95aeaa,100%,0,23,23,0,0,0,23
0x8ecdc4,100%,0,995,995,995,0,0,0
0x9f7aaa,100%,0,20,20,0,0,0,20
0x4414f7,100%,0,11,11,0,0,0,11
0xa25e24,100%,0,78,78,0,0,0,78
0x5cfd0e,100%,0,24,24,24,0,0,0
0x95ae4f,100%,0,23,23,0,0,0,23
0x80a90b,100%,0,841,841,841,0,0,0
0x6185a0,100%,0,2,2,2,0,0,0
0x59f2ed,100%,0,2,2,2,0,0,0
0x492e3e,100%,0,1,1,1,0,0,0
0x5f0bcf,100%,0,2,2,0,0,0,2
0x58d41d,100%,0,12,12,0,0,0,12
0x59fd3c,100%,0,2,2,0,0,0,2
0x95c4ef,100%,0,12,12,0,0,0,12
0x95c4e6,100%,0,12,12,0,0,0,12
0xa8a7db,100%,0,175,175,0,0,0,175
0x59fccb,100%,0,1,1,0,0,0,1
0x8bbbaf,100%,0,35,35,35,0,0,0
0x59fca9,100%,0,4,4,2,0,0,2
0x59fc94,100%,0,4,4,0,0,0,4
0x59fa41,100%,0,4,4,3,0,0,1
0xa2fa9b,100%,0,78,78,0,0,0,78
0x59f993,100%,0,4,4,0,0,0,4
0x666c36,100%,0,2,2,0,0,0,2
0x9737d6,100%,0,38,38,38,0,0,0
0x58e5d2,100%,0,6,6,0,0,0,6
0xa2f99f,100%,0,83,83,0,0,0,83
0x9bc497,100%,0,2,2,0,0,0,2
0xa06864,100%,0,2,2,2,0,0,0
0x7d2559,100%,0,4,4,4,0,0,0
0x5e5cc5,100%,0,3,3,0,0,0,3
0xa72613,100%,0,175,175,175,0,0,0
0x5a8743,100%,0,2,2,2,0,0,0
0x5b5b10,100%,0,2,2,0,0,0,2
0xa32e73,100%,0,7,7,7,0,0,0
0xa32b60,100%,0,7,7,0,0,0,7
0xa2cb19,100%,0,2,2,2,0,0,0
0x8151c5,100%,0,55,55,0,0,0,55
0xae705e,100%,0,1,1,0,0,0,1
0xa46288,100%,0,41,41,0,0,0,41
0x8b9fe6,100%,0,40,40,40,0,0,0
0x59fdf8,100%,0,2,2,2,0,0,0
0x5573c0,100%,0,6,6,0,0,0,6
0xa5d193,100%,0,24,24,0,0,0,24
0x8a246d,100%,0,2,2,0,0,0,2
0x5a6497,100%,0,2,2,0,0,0,2
0x5a6477,100%,0,2,2,0,0,0,2
0xa358f6,100%,0,1001,1001,0,0,0,1001
0x59c83f,100%,0,1,1,1,0,0,0
0x813491,100%,0,2,2,0,0,0,2
0x5f05a1,100%,0,2,2,2,0,0,0
0xa6c5e0,100%,0,83,83,83,0,0,0
0x48279b,100%,0,7,7,0,0,0,7
0x4ae783,100%,0,2,2,0,0,0,2
0x972be9,100%,0,12,12,12,0,0,0
0x5c4d0c,100%,0,169,169,0,0,0,169
0x7cf701,100%,0,14,14,0,0,0,14
0x480c56,100%,0,9,9,9,0,0,0
0x5ae466,100%,0,9,9,0,0,0,9
0x980d68,100%,0,47,47,0,0,0,47
0x8ada98,100%,0,2,2,2,0,0,0
0x5f12f8,100%,0,9,9,1,0,0,8
0x8ada56,100%,0,2,2,2,0,0,0
0xa02de4,100%,0,107,107,107,0,0,0
0x8ad95e,100%,0,2,2,2,0,0,0
0x9814d6,100%,0,29,29,0,0,0,29
0x981516,100%,0,29,29,0,0,0,29
0x482a4f,100%,0,9,9,0,0,0,9
0x59f4d2,100%,0,4,4,0,0,0,4
0xa2f938,100%,0,83,83,83,0,0,0
0xa42c29,100%,0,54,54,0,0,0,54
0xaccdf6,100%,0,3,3,2,0,0,1
0xa2f90c,100%,0,83,83,83,0,0,0
0xa2f8fb,100%,0,83,83,0,0,0,83
0x5cfd74,100%,0,24,24,24,0,0,0
0x4c8396,100%,0,3,3,0,0,0,3
0x4b84ed,100%,0,3,3,2,0,0,1
0x5a8808,100%,0,2,2,2,0,0,0
0x80a83c,100%,0,841,841,0,0,0,841
0x8ad7a0,100%,0,2,2,0,0,0,2
0x9e5238,100%,0,12,12,12,0,0,0
0x480e14,100%,0,9,9,0,0,0,9
0x8ad6a0,100%,0,2,2,0,0,0,2
0xa41fc1,100%,0,289,289,0,0,0,289
0x48d932,100%,0,2,2,0,0,0,2
0x480d84,100%,0,9,9,0,0,0,9
0x8e0219,100%,0,4,4,0,0,0,4
0x80e4a3,100%,0,2,2,0,0,0,2
0x67d6ec,100%,0,2,2,2,0,0,0
0x8adccc,100%,0,21,21,0,0,0,21
0xb304f8,100%,0,5,5,0,0,0,5
0x5db599,100%,0,4,4,0,0,0,4
0xa343ad,100%,0,49,49,0,0,0,49
0xad3206,100%,0,2,2,0,0,0,2
0x5b0039,100%,0,4,4,4,0,0,0
0x492bb3,100%,0,2,2,2,0,0,0
0xa33e1b,100%,0,28,28,0,0,0,28
0x4a64e6,100%,0,10,10,0,0,0,10
0xa061d5,100%,0,21,21,21,0,0,0
0xa1af10,100%,0,44,44,0,0,0,44
0x60c37c,100%,0,5,5,5,0,0,0
0xa34a65,100%,0,41,41,0,0,0,41
0x838f61,100%,0,28,28,28,0,0,0
0x80624a,100%,0,2,2,0,0,0,2
0x675684,100%,0,1,1,1,0,0,0
0x5ae653,100%,0,4,4,0,0,0,4
0x7808e8,100%,0,2,2,2,0,0,0
0xa15dc2,100%,0,8,8,0,0,0,8
0x59ed8b,100%,0,8,8,0,0,0,8
0x9c4eaf,100%,0,3,3,0,0,0,3
0x5474f9,100%,0,2,2,2,0,0,0
0xa3012e,100%,0,2,2,0,0,0,2
0x59f005,100%,0,2,2,0,0,0,2
0xa2fa04,100%,0,4,4,4,0,0,0
0xa468b0,100%,0,26,26,26,0,0,0
0x59edfc,100%,0,8,8,8,0,0,0
0x959611,100%,0,4,4,4,0,0,0
0x8bd845,100%,0,20,20,0,0,0,20
0xb6a117,100%,0,5,5,0,0,0,5
0x4ba345,100%,0,32,32,0,0,0,32
0x673cfc,100%,0,19,19,19,0,0,0
0x679798,100%,0,6,6,6,0,0,0
0x815e7b,100%,0,9,9,0,0,0,9
0xa21dd7,100%,0,2,2,0,0,0,2
0x59e9fa,100%,0,4,4,2,0,0,2
0x534a04,100%,0,9,9,0,0,0,9
0xa477a8,100%,0,19,19,19,0,0,0
0x5cd32c,100%,0,3,3,3,0,0,0
0x5a89a9,100%,0,2,2,0,0,0,2
0x4b53b6,100%,0,2,2,0,0,0,2
0xa8fa85,100%,0,85,85,0,0,0,85
0x6a78a8,100%,0,1,1,0,0,0,1
0xa1ac8a,100%,0,11,11,11,0,0,0
0x8adc16,100%,0,89,89,0,0,0,89
0x80536f,100%,0,2,2,0,0,0,2
0x554d2a,100%,0,4,4,0,0,0,4
0xa3d170,100%,0,8,8,0,0,0,8
0xa1ac4e,100%,0,5,5,0,0,0,5
0x59fb2c,100%,0,1,1,1,0,0,0
0x5a8989,100%,0,2,2,0,0,0,2
0x80a4b1,100%,0,5,5,5,0,0,0
0x5a893d,100%,0,2,2,2,0,0,0
0x4ad850,100%,0,21,21,0,0,0,21
0x9f83ef,100%,0,2,2,2,0,0,0
0x9f63db,100%,0,3,3,0,0,0,3
0x5a883d,100%,0,2,2,0,0,0,2
0x8ff991,100%,0,115,115,115,0,0,0
0xa5b4ab,100%,0,12,12,0,0,0,12
0x7c20e8,100%,0,12,12,0,0,0,12
0xa1ada6,100%,0,44,44,0,0,0,44
0xa35db2,100%,0,448,448,0,0,0,448
0x9069de,100%,0,79,79,0,0,0,79
0x83381e,100%,0,4,4,0,0,0,4
0x814c9e,100%,0,41,41,0,0,0,41
0x8f120f,100%,0,40,40,0,0,0,40
0x64c79c,100%,0,5,5,5,0,0,0
0x606f16,100%,0,10,10,0,0,0,10
0xa35a06,100%,0,32,32,32,0,0,0
0xa63af4,100%,0,4,4,4,0,0,0
0x900761,100%,0,1,1,0,0,0,1
0x90be59,100%,0,119,119,0,0,0,119
0xa5922a,100%,0,119,119,119,0,0,0
0x99f222,100%,0,20,20,20,0,0,0
0x50329c,100%,0,2,2,0,0,0,2
0xa8955a,100%,0,83,83,0,0,0,83
0x5d7bce,100%,0,4,4,4,0,0,0
0x59fb55,100%,0,1,1,0,0,0,1
0x612816,100%,0,70,70,0,0,0,70
0x96e3c9,100%,0,1,1,1,0,0,0
0x98078c,100%,0,11,11,0,0,0,11
0xa2107c,100%,0,1,1,0,0,0,1
0x9c3b39,100%,0,8,8,0,0,0,8
0x8e6e58,100%,0,331,331,331,0,0,0
0x5def9f,100%,0,1,1,0,0,0,1
0x8df694,100%,0,2,2,2,0,0,0
0x97a480,100%,0,14,14,0,0,0,14
0xa36c68,100%,0,2,2,0,0,0,2
0x5dee9b,100%,0,1,1,0,0,0,1
0x78072a,100%,0,54,54,0,0,0,54
0x8e949b,100%,0,2,2,2,0,0,0
0x804757,100%,0,2,2,0,0,0,2
0x6704bc,100%,0,2,2,2,0,0,0
0x4bfeda,100%,0,3,3,3,0,0,0
0x80a408,100%,0,2,2,0,0,0,2
0x95a9fa,100%,0,4,4,0,0,0,4
0x58e697,100%,0,6,6,0,0,0,6
0x679a88,100%,0,61,61,0,0,0,61
0x95a995,100%,0,4,4,0,0,0,4
0x977a93,100%,0,39,39,39,0,0,0
0xa99f77,100%,0,10,10,0,0,0,10
0x5d6891,100%,0,3,3,3,0,0,0
0x8e9cd9,100%,0,5,5,0,0,0,5
0xa6b2de,100%,0,4,4,0,0,0,4
0xa2dea7,100%,0,35,35,0,0,0,35
0x978139,100%,0,133,133,0,0,0,133
0xa2de5e,100%,0,35,35,0,0,0,35
0xa6b2a4,100%,0,4,4,0,0,0,4
0x538534,100%,0,1,1,0,0,0,1
0xa2ed7e,100%,0,29,29,0,0,0,29
0x81ea7b,100%,0,1199,1199,0,0,0,1199
0x8e932f,100%,0,3,3,0,0,0,3
0xa90fd2,100%,0,195,195,0,0,0,195
0x5cb91e,100%,0,26,26,0,0,0,26
0x402e0d,100%,0,4,4,0,0,0,4
0xa72371,100%,0,4,4,0,0,0,4
0xa2ef4a,100%,0,84,84,0,0,0,84
0x8e9415,100%,0,2,2,2,0,0,0
0x951b1f,100%,0,9,9,9,0,0,0
0x9ff68e,100%,0,5,5,0,0,0,5
0x95a76a,100%,0,4,4,4,0,0,0
0x9a945c,100%,0,2,2,0,0,0,2
0x4bf1f8,100%,0,86,86,0,0,0,86
0x80b609,100%,0,2,2,1,0,0,1
0xaa260b,100%,0,22,22,0,0,0,22
0x96eab6,100%,0,1,1,0,0,0,1
0xa6b2ae,100%,0,4,4,0,0,0,4
0x64baf7,100%,0,1392,1392,1392,0,0,0
0x95a790,100%,0,4,4,0,0,0,4
0x95a77c,100%,0,4,4,0,0,0,4
0x9814b4,100%,0,18,18,0,0,0,18
0x95a6cf,100%,0,4,4,0,0,0,4
0x8aae3f,100%,0,5,5,5,0,0,0
0x95a6c2,100%,0,4,4,0,0,0,4
0xa237a0,100%,0,2,2,0,0,0,2
0x67c9b7,100%,0,1265,1265,0,0,0,1265
0xaab0ce,100%,0,4,4,4,0,0,0
0x811552,100%,0,2,2,0,0,0,2
0x95a269,100%,0,4,4,0,0,0,4
0xa42e97,100%,0,4,4,0,0,0,4
0xa9f2ac,100%,0,3,3,3,0,0,0
0xa50677,100%,0,1,1,1,0,0,0
0x67546b,100%,0,2,2,0,0,0,2
0x95a93b,100%,0,4,4,0,0,0,4
0x97a40f,100%,0,52,52,0,0,0,52
0x5f3212,100%,0,7,7,7,0,0,0
0x9cfd5b,100%,0,36,36,0,0,0,36
0xa42ecc,100%,0,4,4,0,0,0,4
0x90a67f,100%,0,44,44,0,0,0,44
0x80a19b,100%,0,4,4,0,0,0,4
0xa6b372,100%,0,4,4,4,0,0,0
0x974662,100%,0,2,2,0,0,0,2
0x4b850f,100%,0,3,3,3,0,0,0
0x499759,100%,0,74,74,0,0,0,74
0x95a8fc,100%,0,4,4,0,0,0,4
0x9cfcc7,100%,0,36,36,36,0,0,0
0x9ede99,100%,0,2,2,2,0,0,0
0x4bcdf6,100%,0,16,16,1,0,0,15
0x9d3198,100%,0,3,3,0,0,0,3
0x9e0265,100%,0,18,18,0,0,0,18
0x9d2782,100%,0,1,1,1,0,0,0
0x49522e,100%,0,1,1,1,0,0,0
0xa25e04,100%,0,78,78,78,0,0,0
0x8eca65,100%,0,70,70,0,0,0,70
0x4c92c6,100%,0,16,16,0,0,0,16
0x65ad58,100%,0,1,1,0,0,0,1
0xa8e6c7,100%,0,2,2,0,0,0,2
0x80a5a9,100%,0,2,2,0,0,0,2
0x5bbd2b,100%,0,4,4,4,0,0,0
0x4914e5,100%,0,1,1,0,0,0,1
0x820fd9,100%,0,72,72,0,0,0,72
0xa9942b,100%,0,3,3,0,0,0,3
0xa53061,100%,0,8,8,0,0,0,8
0x9be3f0,100%,0,2,2,0,0,0,2
0x9698e5,100%,0,72,72,0,0,0,72
0x980887,100%,0,3,3,0,0,0,3
0xa6c712,100%,0,27,27,0,0,0,27
0x9ea8e8,100%,0,2,2,2,0,0,0
0x980848,100%,0,3,3,3,0,0,0
0x8e9392,100%,0,4,4,0,0,0,4
0xaa81a5,100%,0,5,5,5,0,0,0
0xa3fedb,100%,0,6,6,0,0,0,6
0x8eb047,100%,0,6,6,0,0,0,6
0xa6c683,100%,0,43,43,0,0,0,43
0xa34821,100%,0,1298,1298,0,0,0,1298
0x53f190,100%,0,5,5,0,0,0,5
0x49287f,100%,0,1,1,0,0,0,1
0x492852,100%,0,1,1,0,0,0,1
0x7f0aba,100%,0,1,1,0,0,0,1
0x495366,100%,0,1,1,0,0,0,1
0x7817bd,100%,0,63,63,0,0,0,63
0xa300cb,100%,0,228,228,0,0,0,228
0x5e78a0,100%,0,73,73,0,0,0,73
0x9d28dc,100%,0,1,1,0,0,0,1
0x7d3df8,100%,0,3,3,0,0,0,3
0x9d1c81,100%,0,2,2,2,0,0,0
0xa33879,100%,0,116,116,116,0,0,0
0x9e2ce1,100%,0,13,13,0,0,0,13
0x976ed1,100%,0,3,3,0,0,0,3
0x4952fa,100%,0,1,1,0,0,0,1
0x6495ff,100%,0,2,2,2,0,0,0
0xa28a1b,100%,0,16,16,0,0,0,16
0x8a905d,100%,0,2,2,0,0,0,2
0xa4cd43,100%,0,4,4,0,0,0,4
0x8a62f3,100%,0,136,136,136,0,0,0
0xa7a1b2,100%,0,175,175,175,0,0,0
0x80a4f0,100%,0,2,2,0,0,0,2
0x951bd9,100%,0,9,9,0,0,0,9
0xa69de0,100%,0,4,4,4,0,0,0
0xa7a1f7,100%,0,175,175,0,0,0,175
0xa8a8ad,100%,0,4,4,0,0,0,4
0xa69f6b,100%,0,4,4,0,0,0,4
0xa6b4eb,100%,0,4,4,4,0,0,0
0xa96b04,100%,0,16,16,0,0,0,16
0xa2f4be,100%,0,261,261,0,0,0,261
0x9d03e8,100%,0,18,18,0,0,0,18
0xa2f4a2,100%,0,111,111,111,0,0,0
0x8c873d,100%,0,44,44,0,0,0,44
0xa2f156,100%,0,1,1,0,0,0,1
0x951b61,100%,0,9,9,0,0,0,9
0xa2f279,100%,0,38,38,0,0,0,38
0x81b648,100%,0,2,2,0,0,0,2
0xa8aa0f,100%,0,4,4,4,0,0,0
0x59f060,100%,0,4,4,0,0,0,4
0x97ab2a,100%,0,18,18,4,0,0,14
0x951e4f,100%,0,6,6,0,0,0,6
0xa48ad2,100%,0,167,167,0,0,0,167
0x543f8c,100%,0,45,45,0,0,0,45
0xa2fda4,100%,0,228,228,0,0,0,228
0x4c76cb,100%,0,4,4,0,0,0,4
0xa8ab5f,100%,0,83,83,0,0,0,83
0xa0b9b7,100%,0,3,3,1,0,0,2
0x4c5452,100%,0,1,1,0,0,0,1
0x8ec976,100%,0,4,4,0,0,0,4
0x8ec9bf,100%,0,4,4,0,0,0,4
0x8eaef4,100%,0,72,72,0,0,0,72
0xa6b78d,100%,0,4,4,0,0,0,4
0xa6b784,100%,0,4,4,0,0,0,4
0x99dbd8,100%,0,15,15,15,0,0,0
0xa8a8bf,100%,0,4,4,0,0,0,4
0xa6a31b,100%,0,4,4,0,0,0,4
0x48e982,100%,0,2,2,2,0,0,0
0x9fcbb2,100%,0,18,18,0,0,0,18
0x4b5eca,100%,0,4,4,0,0,0,4
0xa5eb9d,100%,0,280,280,0,0,0,280
0xa53ab0,100%,0,2,2,0,0,0,2
0x9a659e,100%,0,4,4,0,0,0,4
0xa0f33c,100%,0,6,6,6,0,0,0
0xa608b3,100%,0,5,5,0,0,0,5
0x4b0d42,100%,0,2,2,2,0,0,0
0xa92943,100%,0,6,6,0,0,0,6
0xa25807,100%,0,5,5,5,0,0,0
0x48e01d,100%,0,25,25,0,0,0,25
0x610629,100%,0,4,4,4,0,0,0
0x544a5b,100%,0,9,9,9,0,0,0
0x4aaf2b,100%,0,1,1,0,0,0,1
0x4ab21e,100%,0,5,5,0,0,0,5
0x5cd6d6,100%,0,5,5,0,0,0,5
0xa4c942,100%,0,4,4,0,0,0,4
0x8d42cd,100%,0,12,12,0,0,0,12
0x540854,100%,0,12,12,12,0,0,0
0x48d056,100%,0,1,1,0,0,0,1
0x807684,100%,0,286,286,0,0,0,286
0x5bebca,100%,0,2,2,2,0,0,0
0x48e17d,100%,0,25,25,0,0,0,25
0x9f414c,100%,0,33,33,33,0,0,0
0x53b3a1,100%,0,2,2,0,0,0,2
0x48ecfb,100%,0,57,57,0,0,0,57
0x5bee3f,100%,0,2,2,2,0,0,0
0xa583af,100%,0,123,123,0,0,0,123
0xa440ba,100%,0,2,2,2,0,0,0
0xa49a6d,100%,0,4,4,0,0,0,4
0xb46954,100%,0,1,1,0,0,0,1
0xa47837,100%,0,4,4,0,0,0,4
0xa98423,100%,0,2,2,0,0,0,2
0xa3bd69,100%,0,8,8,0,0,0,8
0x619dc0,100%,0,5,5,5,0,0,0
0x5f3d56,100%,0,4,4,4,0,0,0
0x918eba,100%,0,200,200,0,0,0,200
0x5cd319,100%,0,3,3,0,0,0,3
0xaa8278,100%,0,5,5,0,0,0,5
0x5909a9,100%,0,2,2,2,0,0,0
0x590e7d,100%,0,23,23,0,0,0,23
0xa4cbdd,100%,0,4,4,0,0,0,4
0x983a18,100%,0,4,4,4,0,0,0
0x809190,100%,0,2,2,0,0,0,2
0x7e0553,100%,0,9,9,0,0,0,9
0x5f2b40,100%,0,2,2,0,0,0,2
0x99afa6,100%,0,7,7,7,0,0,0
0x675602,100%,0,1,1,1,0,0,0
0xa47a48,100%,0,9,9,9,0,0,0
0x7e0496,100%,0,11,11,11,0,0,0
0x9bc96e,100%,0,2,2,2,0,0,0
0x94afd9,100%,0,16,16,0,0,0,16
0x5f0acd,100%,0,1,1,0,0,0,1
0x5f2b9d,100%,0,2,2,2,0,0,0
0xa3d931,100%,0,8,8,0,0,0,8
0x9e5b2d,100%,0,88,88,0,0,0,88
0xa52602,100%,0,101,101,101,0,0,0
0x8a235e,100%,0,2,2,0,0,0,2
0x4c9e95,100%,0,4,4,0,0,0,4
0x5f0cc4,100%,0,34,34,34,0,0,0
0x5f0db0,100%,0,5,5,0,0,0,5
0x9bca24,100%,0,2,2,2,0,0,0
0x8c87ed,100%,0,4,4,0,0,0,4
0xa33ac0,100%,0,72,72,72,0,0,0
0x58da36,100%,0,209,209,0,0,0,209
0x5465dc,100%,0,4,4,0,0,0,4
0x98cea7,100%,0,12,12,12,0,0,0
0x5f2831,100%,0,5,5,5,0,0,0
0x4ad982,100%,0,5,5,2,0,0,3
0xa42b6f,100%,0,112,112,112,0,0,0
0x48ed7a,100%,0,25,25,25,0,0,0
0x5d6a00,100%,0,3,3,3,0,0,0
0x819072,100%,0,34,34,34,0,0,0
0x678d8c,100%,0,23,23,0,0,0,23
0x67531f,100%,0,1,1,0,0,0,1
0x48736e,100%,0,2,2,0,0,0,2
0xa98dbb,100%,0,2,2,2,0,0,0
0x7dff3e,100%,0,8,8,0,0,0,8
0x95ae85,100%,0,23,23,0,0,0,23
0x48fbe0,100%,0,4,4,0,0,0,4
0x5d0a63,100%,0,133,133,133,0,0,0
0x5f2138,100%,0,36,36,0,0,0,36
0x4bb959,100%,0,204,204,0,0,0,204
0xa4e866,100%,0,2,2,0,0,0,2
0x5bd0ea,100%,0,11,11,11,0,0,0
0x69dd6c,100%,0,12,12,0,0,0,12
0x502195,100%,0,67,67,0,0,0,67
0x5f7630,100%,0,607,607,0,0,0,607
0xa9ef42,100%,0,2,2,2,0,0,0
0x5f8dbb,100%,0,1,1,0,0,0,1
0xa4f83b,100%,0,2,2,0,0,0,2
0x97a464,100%,0,18,18,0,0,0,18
0xa2d734,100%,0,85,85,0,0,0,85
0x5f2176,100%,0,36,36,0,0,0,36
0x681648,100%,0,1,1,1,0,0,0
0xa06f1d,100%,0,9,9,9,0,0,0
0x8dc356,100%,0,4,4,4,0,0,0
0x9f9ae8,100%,0,109,109,109,0,0,0
0x59fd04,100%,0,2,2,0,0,0,2
0xb18292,100%,0,202,202,0,0,0,202
0x5f0ae0,100%,0,1,1,0,0,0,1
0xa3386d,100%,0,116,116,0,0,0,116
0x48d9ff,100%,0,377,377,0,0,0,377
0x9e16c5,100%,0,2,2,0,0,0,2
0x64c583,100%,0,25,25,25,0,0,0
0x6ed718,100%,0,1,1,1,0,0,0
0x951e65,100%,0,6,6,6,0,0,0
0xa041ea,100%,0,1,1,0,0,0,1
0xa50c4c,100%,0,66,66,0,0,0,66
0x8fd807,100%,0,6,6,0,0,0,6
0x403ce1,100%,0,113,113,0,0,0,113
0x5f21a7,100%,0,36,36,0,0,0,36
0xaca884,100%,0,28,28,28,0,0,0
0x8dec67,100%,0,6,6,0,0,0,6
0x557aa2,100%,0,65,65,0,0,0,65
0xa37023,100%,0,32,32,32,0,0,0
0x5f2007,100%,0,33,33,0,0,0,33
0x50620a,100%,0,647,647,0,0,0,647
0x48da6c,100%,0,46,46,0,0,0,46
0x78bf97,100%,0,9,9,0,0,0,9
0x480df5,100%,0,9,9,9,0,0,0
0x9bea04,100%,0,12,12,0,0,0,12
0x5a96cd,100%,0,5,5,0,0,0,5
0xa45d5d,100%,0,2,2,2,0,0,0
0xa087c7,100%,0,8,8,4,0,0,4
0xa45cfc,100%,0,64,64,64,0,0,0
0x5bc0e0,100%,0,2,2,2,0,0,0
0xa4e8c0,100%,0,2,2,2,0,0,0
0xa53a22,100%,0,2,2,0,0,0,2
0x540732,100%,0,2,2,0,0,0,2
0xa956dd,100%,0,4,4,0,0,0,4
0x4ba60f,100%,0,2,2,2,0,0,0
0x533ef8,100%,0,2,2,0,0,0,2
0x49d13e,100%,0,2,2,2,0,0,0
0x670ad0,100%,0,2,2,2,0,0,0
0x67a075,100%,0,6,6,6,0,0,0
0x492e5a,100%,0,1,1,0,0,0,1
0x8ebe62,100%,0,2,2,2,0,0,0
0x5beb5d,100%,0,2,2,2,0,0,0
0xa41ec5,100%,0,31,31,0,0,0,31
0x80a3a5,100%,0,4,4,0,0,0,4
0xacfaeb,100%,0,21,21,21,0,0,0
0x90a902,100%,0,83,83,0,0,0,83
0xa5460b,100%,0,2,2,2,0,0,0
0x4bcd06,100%,0,13,13,0,0,0,13
0x77b9fd,100%,0,2,2,0,0,0,2
0x99f036,100%,0,96,96,0,0,0,96
0xb3aba7,100%,0,1,1,0,0,0,1
0xb3abae,100%,0,1,1,0,0,0,1
0xb3abd8,100%,0,1,1,1,0,0,0
0x64c82d,100%,0,4,4,4,0,0,0
0x5f0cb6,100%,0,34,34,0,0,0,34
0x49a1c3,100%,0,1,1,1,0,0,0
0x4be36c,100%,0,11,11,11,0,0,0
0x7809f6,100%,0,8,8,0,0,0,8
0xa58450,100%,0,10,10,0,0,0,10
0x8e16b4,100%,0,32,32,0,0,0,32
0x40a566,100%,0,2,2,2,0,0,0
0x7be056,100%,0,4,4,0,0,0,4
0x84355c,100%,0,3,3,0,0,0,3
0xb4988c,100%,0,5,5,0,0,0,5
0x487e70,100%,0,2,2,2,0,0,0
0xa4677c,100%,0,12,12,0,0,0,12
0x95609f,100%,0,1,1,1,0,0,0
0x95607e,100%,0,1,1,0,0,0,1
0xa4671d,100%,0,30,30,0,0,0,30
0x95605d,100%,0,1,1,1,0,0,0
0x480053,100%,0,19,19,0,0,0,19
0x5f37d7,100%,0,3,3,0,0,0,3
0x487918,100%,0,2,2,0,0,0,2
0x94d66f,100%,0,4,4,4,0,0,0
0xa44855,100%,0,52,52,0,0,0,52
0x956369,100%,0,1,1,0,0,0,1
0x682392,100%,0,34,34,0,0,0,34
0x495a9d,100%,0,1,1,1,0,0,0
0x5b2a37,100%,0,47,47,0,0,0,47
0x670dea,100%,0,2,2,0,0,0,2
0x492d99,100%,0,2,2,0,0,0,2
0xa6b664,100%,0,4,4,0,0,0,4
0x97abe0,100%,0,14,14,14,0,0,0
0x6d9f37,100%,0,1,1,0,0,0,1
0xa1d74c,100%,0,2,2,0,0,0,2
0x64f215,100%,0,17,17,0,0,0,17
0x7d3eb5,100%,0,3,3,0,0,0,3
0x5f4e72,100%,0,1,1,1,0,0,0
0x610710,100%,0,25,25,0,0,0,25
0xa3fee1,100%,0,6,6,0,0,0,6
0x53b2f5,100%,0,2,2,0,0,0,2
0x8c8337,100%,0,19,19,0,0,0,19
0x6a7885,100%,0,1,1,0,0,0,1
0x9c5013,100%,0,4,4,0,0,0,4
0x5f3e20,100%,0,4,4,3,0,0,1
0x863162,100%,0,2,2,2,0,0,0
0xa9801b,100%,0,15,15,15,0,0,0
0x59c636,100%,0,6,6,0,0,0,6
0x99dc2d,100%,0,15,15,0,0,0,15
0x97748b,100%,0,6,6,6,0,0,0
0xaaaab7,100%,0,1,1,0,0,0,1
0x818871,100%,0,827,827,0,0,0,827
0xacfae1,100%,0,21,21,0,0,0,21
0xaaaa66,100%,0,1,1,0,0,0,1
0x606ce3,100%,0,8,8,8,0,0,0
0x812581,100%,0,646,646,0,0,0,646
0x9e04ff,100%,0,58,58,58,0,0,0
0x7d2298,100%,0,1,1,1,0,0,0
0x80f227,100%,0,4,4,4,0,0,0
0xa47c80,100%,0,39,39,39,0,0,0
0xa9f326,100%,0,3,3,3,0,0,0
0x5efb53,100%,0,5,5,0,0,0,5
0xa36e6f,100%,0,10,10,0,0,0,10
0x492aeb,100%,0,2,2,2,0,0,0
0x4c0422,100%,0,86,86,0,0,0,86
0x78c018,100%,0,2,2,0,0,0,2
0x48061c,100%,0,9,9,9,0,0,0
0xa60c20,100%,0,5,5,0,0,0,5
0x8222f1,100%,0,39,39,39,0,0,0
0xa6b6b7,100%,0,4,4,0,0,0,4
0x88a1ab,100%,0,6,6,0,0,0,6
0x485cf4,100%,0,3,3,0,0,0,3
0x8e92b1,100%,0,3,3,0,0,0,3
0x5f4618,100%,0,1,1,0,0,0,1
0xa9c683,100%,0,142,142,0,0,0,142
0x482328,100%,0,9,9,9,0,0,0
0x9f4a84,100%,0,1,1,0,0,0,1
0x493e4e,100%,0,2,2,2,0,0,0
0x533c92,100%,0,3,3,0,0,0,3
0x5f600d,100%,0,2,2,0,0,0,2
0x5efcfe,100%,0,1,1,1,0,0,0
0x5efb73,100%,0,1,1,1,0,0,0
0x9a0fa4,100%,0,6,6,0,0,0,6
0x5abdf6,100%,0,9,9,9,0,0,0
0x5f8a91,100%,0,8,8,0,0,0,8
0x9f63c2,100%,0,3,3,0,0,0,3
0xa31afd,100%,0,3,3,0,0,0,3
0x5f38ff,100%,0,3,3,0,0,0,3
0xa4c862,100%,0,4,4,0,0,0,4
0x675729,100%,0,1,1,0,0,0,1
0x5faacc,100%,0,1,1,0,0,0,1
0x4b0d64,100%,0,2,2,2,0,0,0
0xa4992d,100%,0,35,35,35,0,0,0
0xa06696,100%,0,45,45,0,0,0,45
0x48f4a0,100%,0,3,3,3,0,0,0
0xa959c2,100%,0,4,4,0,0,0,4
0xa043bb,100%,0,1,1,0,0,0,1
0xa3fd57,100%,0,6,6,0,0,0,6
0x409d20,100%,0,82,82,0,0,0,82
0x7e2c0f,100%,0,2,2,2,0,0,0
0xa2ab66,100%,0,12,12,12,0,0,0
0x494af8,100%,0,2,2,2,0,0,0
0x58c257,100%,0,222,222,222,0,0,0
0x667590,100%,0,2,2,2,0,0,0
0x667587,100%,0,2,2,0,0,0,2
0x494a5b,100%,0,2,2,2,0,0,0
0xa49864,100%,0,22,22,0,0,0,22
0xa47aa2,100%,0,19,19,19,0,0,0
0x9e60ac,100%,0,238,238,0,0,0,238
0xa4710b,100%,0,19,19,0,0,0,19
0x94ac52,100%,0,80,80,0,0,0,80
0x9e0c12,100%,0,4,4,4,0,0,0
0x80d402,100%,0,2,2,0,0,0,2
0x65a02c,100%,0,152,152,152,0,0,0
0xa4e902,100%,0,160,160,0,0,0,160
0xa41696,100%,0,25,25,25,0,0,0
0x8a23e8,100%,0,2,2,2,0,0,0
0x9f484f,100%,0,8,8,4,0,0,4
0x8df2a9,100%,0,8,8,0,0,0,8
0x5f0719,100%,0,22,22,0,0,0,22
0xa41255,100%,0,8,8,8,0,0,0
0xa477fe,100%,0,4,4,0,0,0,4
0x8a23ab,100%,0,2,2,0,0,0,2
0x58df33,100%,0,209,209,0,0,0,209
0x5f09bf,100%,0,296,296,0,0,0,296
0x8a23dd,100%,0,2,2,0,0,0,2
0x4c296e,100%,0,1,1,0,0,0,1
0x7e8177,100%,0,2,2,0,0,0,2
0x7e8180,100%,0,2,2,0,0,0,2
0x99d84d,100%,0,2,2,0,0,0,2
0x5b2efa,100%,0,199,199,0,0,0,199
0x8148de,100%,0,2,2,0,0,0,2
0xa04357,100%,0,1,1,1,0,0,0
0x65a12b,100%,0,1463,1463,0,0,0,1463
0x5f3f4e,100%,0,4,4,4,0,0,0
0xb30439,100%,0,5,5,0,0,0,5
0x9f6354,100%,0,3,3,3,0,0,0
0x8fe8e9,100%,0,1,1,0,0,0,1
0x4948e2,100%,0,2,2,0,0,0,2
0x5f3e4f,100%,0,1,1,0,0,0,1
0x972fe9,100%,0,46,46,0,0,0,46
0x805453,100%,0,2,2,0,0,0,2
0x9a1ee4,100%,0,203,203,0,0,0,203
0xa5be8d,100%,0,32,32,0,0,0,32
0x9d2b68,100%,0,5,5,5,0,0,0
0x9f9adb,100%,0,109,109,0,0,0,109
0x70e72a,100%,0,6,6,6,0,0,0
0x5f50d8,100%,0,2,2,2,0,0,0
0x5f4c98,100%,0,1,1,0,0,0,1
0x5f4c92,100%,0,1,1,0,0,0,1
0x5f4c81,100%,0,2,2,0,0,0,2
0x592e73,100%,0,2,2,0,0,0,2
0x5f4234,100%,0,7,7,7,0,0,0
0x90b1d4,100%,0,70,70,70,0,0,0
0x5f4f22,100%,0,1,1,0,0,0,1
0x5f4ed6,100%,0,1,1,1,0,0,0
0x48bd96,100%,0,1,1,1,0,0,0
0x9f5944,100%,0,2,2,0,0,0,2
0x5f408f,100%,0,4,4,0,0,0,4
0xa414d9,100%,0,25,25,0,0,0,25
0x59f048,100%,0,4,4,0,0,0,4
0x9bd408,100%,0,12,12,0,0,0,12
0x65a065,100%,0,253,253,0,0,0,253
0x8ade70,100%,0,2,2,2,0,0,0
0x8addfe,100%,0,2,2,0,0,0,2
0xa41206,100%,0,25,25,0,0,0,25
0x49d0ee,100%,0,2,2,0,0,0,2
0xa41145,100%,0,25,25,0,0,0,25
0x60704b,100%,0,20,20,0,0,0,20
0x48bcb7,100%,0,1,1,0,0,0,1
0xa07384,100%,0,9,9,9,0,0,0
0x5f4124,100%,0,7,7,7,0,0,0
0x6ec00d,100%,0,1,1,0,0,0,1
0x9e1a44,100%,0,16,16,0,0,0,16
0x48ba5b,100%,0,2,2,2,0,0,0
0x5ba907,100%,0,2,2,2,0,0,0
0xa549e3,100%,0,37,37,37,0,0,0
0x8efdde,100%,0,14,14,0,0,0,14
0x803cfb,100%,0,2,2,2,0,0,0
0xaa4a0e,100%,0,3,3,0,0,0,3
0x48c659,100%,0,2,2,0,0,0,2
0x99131a,100%,0,17,17,0,0,0,17
0x9cfc50,100%,0,8,8,0,0,0,8
0xa4e7ed,100%,0,162,162,0,0,0,162
0xace383,100%,0,2,2,0,0,0,2
0x8a5e86,100%,0,139,139,0,0,0,139
0xad46a1,100%,0,2,2,2,0,0,0
0x83373a,100%,0,2,2,0,0,0,2
0x5a89b1,100%,0,2,2,0,0,0,2
0x50d0c5,100%,0,2,2,0,0,0,2
0x8d3351,100%,0,3,3,3,0,0,0
0xb2304a,100%,0,154,154,0,0,0,154
0x8e9d0f,100%,0,4,4,4,0,0,0
0x50cbe5,100%,0,19,19,0,0,0,19
0x50cc50,100%,0,20,20,0,0,0,20
0xa06a4b,100%,0,2,2,0,0,0,2
0xa353a1,100%,0,285,285,285,0,0,0
0x8df8e3,100%,0,4,4,0,0,0,4
0x8ee993,100%,0,3,3,0,0,0,3
0x5ee16b,100%,0,242,242,0,0,0,242
0x8ff2cf,100%,0,64,64,4,0,0,60
0x8f221b,100%,0,16,16,16,0,0,0
0x8df8b9,100%,0,4,4,0,0,0,4
0x506255,100%,0,11,11,11,0,0,0
0x506242,100%,0,7,7,0,0,0,7
0x506232,100%,0,7,7,0,0,0,7
0x487fbe,100%,0,2,2,2,0,0,0
0x9fe114,100%,0,25,25,25,0,0,0
0xa55eca,100%,0,3,3,3,0,0,0
0x8df9ca,100%,0,3,3,0,0,0,3
0x49b1b1,100%,0,14,14,14,0,0,0
0x494d84,100%,0,158,158,0,0,0,158
0x505b2c,100%,0,11,11,0,0,0,11
0xa4f7a5,100%,0,18,18,0,0,0,18
0x505b13,100%,0,11,11,0,0,0,11
0xa6b470,100%,0,4,4,4,0,0,0
0x79218f,100%,0,6,6,6,0,0,0
0x50276c,100%,0,50,50,0,0,0,50
0x809722,100%,0,5,5,0,0,0,5
0x8ff96d,100%,0,96,96,96,0,0,0
0x95c4c5,100%,0,6,6,6,0,0,0
0xa3bc51,100%,0,18,18,0,0,0,18
0x7aedca,100%,0,11,11,0,0,0,11
0x8df6a9,100%,0,2,2,0,0,0,2
0x66676b,100%,0,59,59,59,0,0,0
0xaa4cc8,100%,0,3,3,3,0,0,0
0x9ecdd4,100%,0,21,21,0,0,0,21
0xa27a11,100%,0,4,4,1,0,0,3
0xa53df6,100%,0,164,164,0,0,0,164
0x50777a,100%,0,8,8,8,0,0,0
0xaa4a8c,100%,0,3,3,3,0,0,0
0x99def0,100%,0,15,15,0,0,0,15
0x507675,100%,0,18,18,18,0,0,0
0xa5eb38,100%,0,5,5,0,0,0,5
0x95a9e8,100%,0,4,4,0,0,0,4
0x81287e,100%,0,37,37,0,0,0,37
0x5bbf5a,100%,0,2,2,0,0,0,2
0xa94b2a,100%,0,4,4,0,0,0,4
0x50ca7a,100%,0,20,20,0,0,0,20
0xa6b808,100%,0,4,4,4,0,0,0
0x4ae5a6,100%,0,1,1,1,0,0,0
0x491beb,100%,0,1,1,0,0,0,1
0x5f8b2b,100%,0,8,8,0,0,0,8
0x8df66d,100%,0,2,2,0,0,0,2
0x8f3e24,100%,0,295,295,0,0,0,295
0x8f2857,100%,0,44,44,44,0,0,0
0x505239,100%,0,27,27,0,0,0,27
0x508857,100%,0,11,11,0,0,0,11
0xb1ae38,100%,0,433,433,0,0,0,433
0x8e363a,100%,0,4,4,0,0,0,4
0xaadde0,100%,0,2,2,2,0,0,0
0xa4ecb8,100%,0,138,138,138,0,0,0
0x59c5df,100%,0,4,4,4,0,0,0
0x5d6c5c,100%,0,3,3,3,0,0,0
0x4c5fdf,100%,0,16,16,16,0,0,0
0x8ec2a3,100%,0,2,2,0,0,0,2
0xa050b7,100%,0,1,1,0,0,0,1
0x5f1460,100%,0,159,159,0,0,0,159
0xaa2adb,100%,0,3,3,2,0,0,1
0x533656,100%,0,7,7,0,0,0,7
0x543996,100%,0,13,13,0,0,0,13
0x9a230f,100%,0,15,15,0,0,0,15
0x4c1749,100%,0,20,20,20,0,0,0
0x8f6dfb,100%,0,22,22,0,0,0,22
0x503214,100%,0,2,2,0,0,0,2
0xa97af7,100%,0,2,2,0,0,0,2
0x550e0f,100%,0,17,17,0,0,0,17
0x7c7c0d,100%,0,1,1,1,0,0,0
0x48f018,100%,0,129,129,0,0,0,129
0xad43c9,100%,0,3,3,0,0,0,3
0x80da3e,100%,0,106,106,0,0,0,106
0x504271,100%,0,3,3,0,0,0,3
0x48ef34,100%,0,331,331,0,0,0,331
0x504e7d,100%,0,38,38,0,0,0,38
0x50167f,100%,0,106,106,106,0,0,0
0x9f47ae,100%,0,8,8,8,0,0,0
0x503f31,100%,0,7,7,7,0,0,0
0xaccf95,100%,0,3,3,3,0,0,0
0xa92d55,100%,0,148,148,0,0,0,148
0x48fcef,100%,0,4,4,4,0,0,0
0x9a6e0b,100%,0,9,9,9,0,0,0
0x8f19a0,100%,0,48,48,0,0,0,48
0xa077f6,100%,0,2,2,0,0,0,2
0x5f00e5,100%,0,182,182,182,0,0,0
0x9d0016,100%,0,5,5,5,0,0,0
0x59945c,100%,0,2,2,2,0,0,0
0x410861,100%,0,54,54,0,0,0,54
0xb18230,100%,0,986,986,986,0,0,0
0x9844a6,100%,0,66,66,0,0,0,66
0x814a0d,100%,0,2,2,0,0,0,2
0x53f028,100%,0,183,183,183,0,0,0
0xaccb08,100%,0,3,3,0,0,0,3
0x9ff7a8,100%,0,2,2,0,0,0,2
0xa97f44,100%,0,2,2,0,0,0,2
0xa958f1,100%,0,4,4,0,0,0,4
0xa44982,100%,0,4,4,0,0,0,4
0x80d933,100%,0,106,106,0,0,0,106
0x5a661f,100%,0,2,2,0,0,0,2
0x8f1e60,100%,0,8,8,0,0,0,8
0xa64fa4,100%,0,4,4,4,0,0,0
0x8f7721,100%,0,5,5,5,0,0,0
0x976efb,100%,0,3,3,0,0,0,3
0x8f1a60,100%,0,8,8,8,0,0,0
0xaabd21,100%,0,4,4,0,0,0,4
0x50c696,100%,0,10,10,0,0,0,10
0x4aaca9,100%,0,9,9,9,0,0,0
0x8ea7a9,100%,0,4,4,0,0,0,4
0xa06e1d,100%,0,38,38,0,0,0,38
0x5bef25,100%,0,2,2,0,0,0,2
0x99134d,100%,0,91,91,0,0,0,91
0xa44c20,100%,0,4,4,0,0,0,4
0x59c992,100%,0,80,80,80,0,0,0
0x8f45b3,100%,0,57,57,57,0,0,0
0x99bb11,100%,0,190,190,0,0,0,190
0x9a483b,100%,0,8,8,0,0,0,8
0x9ff6f2,100%,0,22,22,0,0,0,22
0x8ee98b,100%,0,3,3,0,0,0,3
0x8bd8bd,100%,0,18,18,0,0,0,18
0x4bd5a2,100%,0,1,1,1,0,0,0
0x619ab2,100%,0,5,5,0,0,0,5
0x48ef2b,100%,0,331,331,0,0,0,331
0x48ef1f,100%,0,331,331,0,0,0,331
0x5f1478,100%,0,158,158,158,0,0,0
0x8df538,100%,0,8,8,0,0,0,8
0xacdccd,100%,0,2,2,0,0,0,2
0x837ee6,100%,0,6,6,6,0,0,0
0xacdd40,100%,0,2,2,2,0,0,0
0x48c5ea,100%,0,1,1,1,0,0,0
0x48e0f8,100%,0,15,15,0,0,0,15
0x8a6699,100%,0,98,98,0,0,0,98
0x50b47f,100%,0,4,4,4,0,0,0
0xacc2f8,100%,0,2,2,0,0,0,2
0xacc308,100%,0,2,2,2,0,0,0
0xacdf93,100%,0,2,2,2,0,0,0
0x5bb291,100%,0,2,2,2,0,0,0
0xb22b3f,100%,0,1868,1868,0,0,0,1868
0xaa127b,100%,0,4,4,0,0,0,4
0xa30bd9,100%,0,207,207,0,0,0,207
0x80b8b4,100%,0,208,208,208,0,0,0
0x5ebcfa,100%,0,15,15,0,0,0,15
0x77ca50,100%,0,12,12,12,0,0,0
0xa530db,100%,0,192,192,0,0,0,192
0x99f81a,100%,0,13,13,13,0,0,0
0xa2e29b,100%,0,64,64,0,0,0,64
0xa2eeb6,100%,0,35,35,0,0,0,35
0x5cd6a7,100%,0,5,5,5,0,0,0
0x80b7f5,100%,0,1,1,1,0,0,0
0x4b49d7,100%,0,56,56,0,0,0,56
0x4b5f41,100%,0,4,4,0,0,0,4
0x488c43,100%,0,196,196,0,0,0,196
0x97ac7c,100%,0,14,14,14,0,0,0
0xa5928c,100%,0,10,10,0,0,0,10
0xa33b98,100%,0,72,72,72,0,0,0
0x64ce6c,100%,0,538,538,0,0,0,538
0x7808ba,100%,0,2,2,0,0,0,2
0x5d17a3,100%,0,24,24,24,0,0,0
0x5bd3bf,100%,0,119,119,119,0,0,0
0x803b99,100%,0,2,2,2,0,0,0
0x4acb5a,100%,0,1,1,0,0,0,1
0xa956ca,100%,0,4,4,0,0,0,4
0x7d21aa,100%,0,4,4,0,0,0,4
0x6673ce,100%,0,40,40,0,0,0,40
0x8ec87f,100%,0,2,2,2,0,0,0
0x5bd280,100%,0,964,964,0,0,0,964
0x5bd289,100%,0,964,964,964,0,0,0
0x77ad6f,100%,0,522,522,522,0,0,0
0x77adad,100%,0,522,522,522,0,0,0
0x53efd5,100%,0,183,183,0,0,0,183
0xa1ac28,100%,0,5,5,0,0,0,5
0x502828,100%,0,97,97,97,0,0,0
0x77d89a,100%,0,2,2,0,0,0,2
0xa36e73,100%,0,10,10,0,0,0,10
0xa346d3,100%,0,394,394,0,0,0,394
0x50a9c2,100%,0,36,36,0,0,0,36
0xa9f358,100%,0,3,3,0,0,0,3
0x6475ec,100%,0,21,21,0,0,0,21
0x64c264,100%,0,118,118,0,0,0,118
0x50d74c,100%,0,58,58,58,0,0,0
0x5bcd2a,100%,0,964,964,964,0,0,0
0x4a1e7e,100%,0,12,12,0,0,0,12
0x9e0943,100%,0,8,8,8,0,0,0
0xa077e5,100%,0,2,2,0,0,0,2
0x64c6ca,100%,0,54,54,54,0,0,0
0x94eda1,100%,0,30,30,0,0,0,30
0xa2dbe7,100%,0,4,4,0,0,0,4
0xa37a97,100%,0,7,7,7,0,0,0
0x51c216,100%,0,17,17,0,0,0,17
0x9a1e61,100%,0,81,81,0,0,0,81
0xb1c951,100%,0,264,264,0,0,0,264
0x5c525d,100%,0,8,8,8,0,0,0
0x675622,100%,0,1,1,0,0,0,1
0x9a0c2c,100%,0,28,28,0,0,0,28
0x50aae0,100%,0,10,10,0,0,0,10
0xa63b43,100%,0,125,125,0,0,0,125
0x9190da,100%,0,2,2,2,0,0,0
0xa1afe6,100%,0,11,11,11,0,0,0
0x4b61b1,100%,0,21,21,0,0,0,21
0xad4744,100%,0,119,119,0,0,0,119
0xa69e14,100%,0,4,4,0,0,0,4
0xa548c7,100%,0,433,433,0,0,0,433
0x5072f4,100%,0,136,136,136,0,0,0
0xad0537,100%,0,2,2,0,0,0,2
0x8efc02,100%,0,117,117,0,0,0,117
0x64bd87,100%,0,119,119,0,0,0,119
0x5d171f,100%,0,24,24,0,0,0,24
0x5c475c,100%,0,8,8,0,0,0,8
0xa2e74b,100%,0,134,134,0,0,0,134
0x8e9be2,100%,0,234,234,0,0,0,234
0x4b6d9f,100%,0,28,28,0,0,0,28
0x5e06a7,100%,0,4,4,0,0,0,4
0x70d726,100%,0,3,3,0,0,0,3
0x5cfd5b,100%,0,24,24,0,0,0,24
0x55921b,100%,0,4,4,4,0,0,0
0x40ac95,100%,0,7,7,0,0,0,7
0xa9ff03,100%,0,3,3,0,0,0,3
0x5b5db9,100%,0,4,4,4,0,0,0
0x64c691,100%,0,119,119,0,0,0,119
0x4415ce,100%,0,11,11,0,0,0,11
0x501bb3,100%,0,775,775,0,0,0,775
0x50bd35,100%,0,18,18,18,0,0,0
0xa313c1,100%,0,85,85,0,0,0,85
0x9eb73d,100%,0,125,125,0,0,0,125
0xa05339,100%,0,4,4,0,0,0,4
0x555fb9,100%,0,3,3,0,0,0,3
0xa548ba,100%,0,433,433,0,0,0,433
0xaa4a2e,100%,0,3,3,0,0,0,3
0x48e036,100%,0,82,82,0,0,0,82
0xa63cf9,100%,0,2,2,0,0,0,2
0x981528,100%,0,29,29,0,0,0,29
0x558a7f,100%,0,369,369,0,0,0,369
0x5bc87b,100%,0,2,2,0,0,0,2
0x8a726b,100%,0,280,280,280,0,0,0
0x65ad65,100%,0,1,1,0,0,0,1
0x6994a9,100%,0,1,1,0,0,0,1
0x51aeed,100%,0,2,2,0,0,0,2
0x6472ab,100%,0,20,20,0,0,0,20
0x50b885,100%,0,40,40,0,0,0,40
0x505842,100%,0,81,81,0,0,0,81
0x7c761f,100%,0,4,4,0,0,0,4
0x8ec75f,100%,0,2,2,0,0,0,2
0x508124,100%,0,136,136,136,0,0,0
0x555b49,100%,0,3,3,0,0,0,3
0x8f5415,100%,0,12,12,12,0,0,0
0xa39f7e,100%,0,30,30,30,0,0,0
0x410436,100%,0,2,2,0,0,0,2
0x81288b,100%,0,4,4,4,0,0,0
0x5bc128,100%,0,2,2,0,0,0,2
0xa06920,100%,0,2,2,0,0,0,2
0x5f2f48,100%,0,1,1,1,0,0,0
0x7bb91d,100%,0,4,4,0,0,0,4
0xa9a2be,100%,0,5,5,0,0,0,5
0x66f347,100%,0,2,2,0,0,0,2
0x5f87de,100%,0,1,1,0,0,0,1
0xa06551,100%,0,31,31,0,0,0,31
0x7dfc56,100%,0,8,8,0,0,0,8
0x4ca4db,100%,0,10,10,0,0,0,10
0x5e37b8,100%,0,651,651,0,0,0,651
0x5f1fc0,100%,0,3,3,3,0,0,0
0xa414f2,100%,0,25,25,25,0,0,0
0x5bc84c,100%,0,2,2,2,0,0,0
0x50e851,100%,0,14,14,14,0,0,0
0x9fe9fb,100%,0,3,3,3,0,0,0
0xa960b7,100%,0,26,26,0,0,0,26
0x409e52,100%,0,16,16,0,0,0,16
0xa2e215,100%,0,4,4,2,0,0,2
0xa5b2fd,100%,0,3,3,0,0,0,3
0x7d37d6,100%,0,40,40,40,0,0,0
0x50e9e9,100%,0,14,14,0,0,0,14
0x8fe39d,100%,0,30,30,15,0,0,15
0x58f724,100%,0,2,2,0,0,0,2
0x9f8360,100%,0,2,2,0,0,0,2
0xaa1316,100%,0,195,195,195,0,0,0
0x50e84c,100%,0,14,14,0,0,0,14
0x7d3e66,100%,0,3,3,0,0,0,3
0x60bc01,100%,0,9,9,9,0,0,0
0xa2dde8,100%,0,36,36,0,0,0,36
0x64b9ff,100%,0,1397,1397,0,0,0,1397
0x8bdd5f,100%,0,5,5,0,0,0,5
0x9e5da2,100%,0,4,4,4,0,0,0
0x99ef20,100%,0,2,2,2,0,0,0
0x78b6ab,100%,0,12,12,0,0,0,12
0x5bd3de,100%,0,839,839,0,0,0,839
0xa316e9,100%,0,2,2,2,0,0,0
0xa4825d,100%,0,12,12,0,0,0,12
0x4c6820,100%,0,12,12,0,0,0,12
0x504892,100%,0,126,126,0,0,0,126
0x504370,100%,0,62,62,0,0,0,62
0x9f4e04,100%,0,9,9,9,0,0,0
0x50a643,100%,0,14,14,0,0,0,14
0x50a635,100%,0,14,14,0,0,0,14
0x5f4629,100%,0,1,1,1,0,0,0
0xa21d4e,100%,0,2,2,0,0,0,2
0x5bd507,100%,0,1448,1448,1448,0,0,0
0x5bd545,100%,0,1448,1448,0,0,0,1448
0x6472c8,100%,0,20,20,0,0,0,20
0xb14866,100%,0,824,824,0,0,0,824
0x9fe8e9,100%,0,40,40,0,0,0,40
0x7808ab,100%,0,2,2,0,0,0,2
0x8daa5b,100%,0,200,200,0,0,0,200
0x5041aa,100%,0,62,62,0,0,0,62
0x8a7466,100%,0,144,144,0,0,0,144
0x48ee87,100%,0,54,54,0,0,0,54
0x60bb5d,100%,0,18,18,0,0,0,18
0x618893,100%,0,81,81,0,0,0,81
0x9595cc,100%,0,4,4,0,0,0,4
0x4801aa,100%,0,19,19,0,0,0,19
0x649169,100%,0,2,2,0,0,0,2
0x9a1c4f,100%,0,177,177,177,0,0,0
0xaa3ae5,100%,0,19,19,0,0,0,19
0x8a619e,100%,0,154,154,0,0,0,154
0x991345,100%,0,91,91,0,0,0,91
0xa41175,100%,0,8,8,0,0,0,8
0x94c57a,100%,0,4,4,0,0,0,4
0x99eb04,100%,0,15,15,2,0,0,13
0x9bde2b,100%,0,2,2,0,0,0,2
0x648ce9,100%,0,2,2,2,0,0,0
0xa2de08,100%,0,17,17,0,0,0,17
0x6ec01e,100%,0,1,1,1,0,0,0
0x8a69e1,100%,0,5,5,0,0,0,5
0x9a31c6,100%,0,214,214,214,0,0,0
0x47fc95,100%,0,18,18,0,0,0,18
0x5eed86,100%,0,2,2,2,0,0,0
0x55de25,100%,0,2,2,2,0,0,0
0x80d992,100%,0,106,106,0,0,0,106
0x5f875e,100%,0,88,88,0,0,0,88
0x649ad5,100%,0,106,106,0,0,0,106
0x403a26,100%,0,1,1,1,0,0,0
0x5f90f7,100%,0,2,2,0,0,0,2
0x60c416,100%,0,5,5,5,0,0,0
0x90c8d2,100%,0,78,78,0,0,0,78
0x48064a,100%,0,38,38,0,0,0,38
0x4ade2a,100%,0,18,18,0,0,0,18
0x5f14fd,100%,0,38,38,0,0,0,38
0x63f0a2,100%,0,2,2,0,0,0,2
0x5f12c5,100%,0,1,1,1,0,0,0
0x5f8d76,100%,0,1,1,0,0,0,1
0x4c65f5,100%,0,2,2,0,0,0,2
0x9714f2,100%,0,7,7,0,0,0,7
0xa95432,100%,0,4,4,0,0,0,4
0x6410ff,100%,0,2,2,0,0,0,2
0xa3443f,100%,0,49,49,0,0,0,49
0x495b8d,100%,0,19,19,0,0,0,19
0x8a6d75,100%,0,2,2,2,0,0,0
0x8a6e4d,100%,0,2,2,2,0,0,0
0x9b8f71,100%,0,2,2,0,0,0,2
0x6198a4,100%,0,75,75,75,0,0,0
0x4ac895,100%,0,15,15,0,0,0,15
0xa312b8,100%,0,23,23,0,0,0,23
0x495bc7,100%,0,19,19,0,0,0,19
0x4994b5,100%,0,5,5,5,0,0,0
0xa4bd43,100%,0,4,4,0,0,0,4
0x5b163c,100%,0,10,10,0,0,0,10
0x638ed3,100%,0,547,547,0,0,0,547
0x8ecf44,100%,0,22,22,0,0,0,22
0x9e2550,100%,0,15,15,15,0,0,0
0x4959de,100%,0,19,19,19,0,0,0
0x50774c,100%,0,26,26,0,0,0,26
0xa278ea,100%,0,6,6,0,0,0,6
0x666c55,100%,0,2,2,2,0,0,0
0x9e54ea,100%,0,169,169,0,0,0,169
0x8d48c5,100%,0,2,2,2,0,0,0
0xa41226,100%,0,25,25,0,0,0,25
0x492ba9,100%,0,2,2,0,0,0,2
0x9a32f3,100%,0,146,146,0,0,0,146
0x80fab9,100%,0,2,2,2,0,0,0
0x494f6d,100%,0,6,6,2,0,0,4
0x48d221,100%,0,6,6,0,0,0,6
0x4a9b2a,100%,0,2,2,0,0,0,2
0x5d46f1,100%,0,4,4,4,0,0,0
0x492ca9,100%,0,2,2,0,0,0,2
0x47f821,100%,0,19,19,0,0,0,19
0xa5bdea,100%,0,32,32,0,0,0,32
0x50f149,100%,0,2,2,0,0,0,2
0x492d03,100%,0,72,72,72,0,0,0
0x99b03f,100%,0,10,10,0,0,0,10
0x60de43,100%,0,81,81,0,0,0,81
0x59f1d0,100%,0,1,1,0,0,0,1
0xa50ed7,100%,0,165,165,0,0,0,165
0xa277ba,100%,0,5,5,5,0,0,0
0x5b177f,100%,0,10,10,0,0,0,10
0x5b1645,100%,0,10,10,10,0,0,0
0x4832bb,100%,0,29,29,0,0,0,29
0x8d43b2,100%,0,1,1,1,0,0,0
0x9bdb41,100%,0,4,4,4,0,0,0
0xaa002c,100%,0,3,3,0,0,0,3
0x5f5980,100%,0,2,2,2,0,0,0
0xa92a09,100%,0,6,6,0,0,0,6
0x9bdb86,100%,0,4,4,4,0,0,0
0x649862,100%,0,2,2,2,0,0,0
0x99c5f2,100%,0,151,151,0,0,0,151
0x61085c,100%,0,13,13,0,0,0,13
0x4ca696,100%,0,2,2,0,0,0,2
0x5b8d34,100%,0,4,4,0,0,0,4
0x483285,100%,0,29,29,29,0,0,0
0x6498b9,100%,0,2,2,0,0,0,2
0xa43b13,100%,0,131,131,131,0,0,0
0x9bdbc7,100%,0,4,4,0,0,0,4
0x80e866,100%,0,24,24,0,0,0,24
0x649aeb,100%,0,32,32,32,0,0,0
0xa29495,100%,0,16,16,16,0,0,0
0xa4959c,100%,0,102,102,102,0,0,0
0x481b8c,100%,0,19,19,0,0,0,19
0xa464d1,100%,0,14,14,14,0,0,0
0x6108fe,100%,0,13,13,0,0,0,13
0xa45643,100%,0,12,12,0,0,0,12
0x5b8e42,100%,0,4,4,0,0,0,4
0x5f5b34,100%,0,2,2,2,0,0,0
0x54fc60,100%,0,1,1,0,0,0,1
0xa32d3b,100%,0,2,2,2,0,0,0
0x58dbd5,100%,0,1,1,1,0,0,0
0x58dbc0,100%,0,1,1,1,0,0,0
0xa05e2c,100%,0,6,6,6,0,0,0
0x959f4d,100%,0,4,4,0,0,0,4
0x9bd52e,100%,0,4,4,4,0,0,0
0x9bdacf,100%,0,4,4,4,0,0,0
0xaccdf0,100%,0,1,1,0,0,0,1
0x62293b,100%,0,10,10,10,0,0,0
0xa37455,100%,0,32,32,32,0,0,0
0x83259e,100%,0,1,1,0,0,0,1
0x9bdb0b,100%,0,4,4,0,0,0,4
0x832596,100%,0,1,1,0,0,0,1
0x4878e4,100%,0,2,2,0,0,0,2
0x48deee,100%,0,41,41,0,0,0,41
0x9eb283,100%,0,2,2,0,0,0,2
0x946178,100%,0,19,19,0,0,0,19
0x4810e3,100%,0,19,19,0,0,0,19
0x5a94c7,100%,0,5,5,0,0,0,5
0x480f53,100%,0,19,19,0,0,0,19
0x99d3cf,100%,0,9,9,9,0,0,0
0x8ed0fa,100%,0,6,6,0,0,0,6
0x5f3ca9,100%,0,3,3,3,0,0,0
0x8ffb49,100%,0,115,115,115,0,0,0
0x95b806,100%,0,4,4,0,0,0,4
0x480f1d,100%,0,19,19,0,0,0,19
0x480ed7,100%,0,19,19,0,0,0,19
0x50b33b,100%,0,2,2,0,0,0,2
0xa53ae7,100%,0,2,2,2,0,0,0
0x5510c9,100%,0,6,6,4,0,0,2
0x48099d,100%,0,19,19,0,0,0,19
0xa31efd,100%,0,36,36,0,0,0,36
0x8aac26,100%,0,10,10,0,0,0,10
0x480967,100%,0,19,19,0,0,0,19
0x446588,100%,0,4,4,0,0,0,4
0x9a12b9,100%,0,152,152,0,0,0,152
0x590705,100%,0,3,3,0,0,0,3
0x9d1c5a,100%,0,3,3,0,0,0,3
0x5a5db2,100%,0,4,4,4,0,0,0
0xa06341,100%,0,2,2,2,0,0,0
0x5442ed,100%,0,57,57,0,0,0,57
0xa5a03e,100%,0,3,3,0,0,0,3
0x9a1339,100%,0,30,30,0,0,0,30
0x446590,100%,0,4,4,0,0,0,4
0x67549b,100%,0,1,1,0,0,0,1
0x9a134d,100%,0,30,30,30,0,0,0
0xa4a111,100%,0,87,87,0,0,0,87
0xa96f11,100%,0,21,21,0,0,0,21
0x4816cb,100%,0,19,19,0,0,0,19
0x481693,100%,0,38,38,0,0,0,38
0xa99fab,100%,0,2,2,0,0,0,2
0x481677,100%,0,19,19,0,0,0,19
0x49b0e9,100%,0,2,2,0,0,0,2
0x4037fc,100%,0,531,531,0,0,0,531
0xa516d4,100%,0,134,134,134,0,0,0
0x9a3299,100%,0,68,68,68,0,0,0
0x888607,100%,0,2,2,2,0,0,0
0xa51796,100%,0,77,77,77,0,0,0
0x496354,100%,0,34,34,0,0,0,34
0x6674e9,100%,0,2,2,0,0,0,2
0x9f8546,100%,0,9,9,0,0,0,9
0x59f783,100%,0,4,4,4,0,0,0
0xa9f104,100%,0,4,4,4,0,0,0
0x94c925,100%,0,64,64,0,0,0,64
0x8047d8,100%,0,2,2,2,0,0,0
0x54d1bd,100%,0,15,15,15,0,0,0
0x4a65cc,100%,0,3,3,0,0,0,3
0x8a874b,100%,0,2,2,0,0,0,2
0x78ab97,100%,0,19,19,0,0,0,19
0x78b694,100%,0,12,12,0,0,0,12
0xaa4a4f,100%,0,3,3,0,0,0,3
0x78b6fa,100%,0,12,12,12,0,0,0
0x6797f9,100%,0,6,6,0,0,0,6
0x8f2171,100%,0,37,37,0,0,0,37
0x9a23ef,100%,0,57,57,0,0,0,57
0xa50f65,100%,0,38,38,0,0,0,38
0x9a1b97,100%,0,21,21,21,0,0,0
0xa487f8,100%,0,42,42,42,0,0,0
0x9bda75,100%,0,4,4,4,0,0,0
0x90be35,100%,0,961,961,0,0,0,961
0x88a113,100%,0,22,22,0,0,0,22
0xa99c8c,100%,0,4,4,0,0,0,4
0xaadd8e,100%,0,2,2,0,0,0,2
0xaadd96,100%,0,2,2,2,0,0,0
0x58de2d,100%,0,75,75,75,0,0,0
0x5b0472,100%,0,49,49,2,0,0,47
0x95a9e2,100%,0,4,4,0,0,0,4
0x54d9a7,100%,0,39,39,39,0,0,0
0x42acce,100%,0,2,2,0,0,0,2
0x54d949,100%,0,16,16,16,0,0,0
0x81f121,100%,0,861,861,0,0,0,861
0x54d834,100%,0,16,16,16,0,0,0
0x95b647,100%,0,4,4,4,0,0,0
0x49cf60,100%,0,1,1,1,0,0,0
0x54c716,100%,0,19,19,19,0,0,0
0xb1ae20,100%,0,433,433,0,0,0,433
0x7d3ec4,100%,0,3,3,0,0,0,3
0x9a6573,100%,0,4,4,0,0,0,4
0xa510c8,100%,0,4,4,0,0,0,4
0xa05239,100%,0,45,45,0,0,0,45
0x40a00f,100%,0,1,1,0,0,0,1
0x7c7b3c,100%,0,113,113,8,0,0,105
0x7810cd,100%,0,51,51,0,0,0,51
0xa90d13,100%,0,63,63,63,0,0,0
0x5b2816,100%,0,2,2,0,0,0,2
0x7e1cba,100%,0,2,2,0,0,0,2
0x487264,100%,0,138,138,138,0,0,0
0x5b2b1e,100%,0,45,45,0,0,0,45
0x5b2afe,100%,0,45,45,0,0,0,45
0x682e6b,100%,0,12,12,12,0,0,0
0x5fc9b4,100%,0,2,2,0,0,0,2
0x9a2305,100%,0,15,15,0,0,0,15
0x5b2af6,100%,0,45,45,0,0,0,45
0x4c4c1a,100%,0,13,13,0,0,0,13
0x5b28fb,100%,0,47,47,0,0,0,47
0x661afc,100%,0,2,2,0,0,0,2
0x8ae99d,100%,0,146,146,0,0,0,146
0x5cfc58,100%,0,12,12,0,0,0,12
0xaa58a1,100%,0,49,49,0,0,0,49
0x7d3e86,100%,0,3,3,0,0,0,3
0x5a652b,100%,0,1,1,1,0,0,0
0x5fabec,100%,0,1,1,0,0,0,1
0xae709d,100%,0,69,69,0,0,0,69
0x9a1eb4,100%,0,203,203,0,0,0,203
0xa07982,100%,0,1,1,1,0,0,0
0x49d290,100%,0,1,1,0,0,0,1
0x44184e,100%,0,11,11,0,0,0,11
0x9eee22,100%,0,26,26,26,0,0,0
0x4a5c61,100%,0,4,4,0,0,0,4
0x64abd3,100%,0,8,8,0,0,0,8
0x8f0d19,100%,0,40,40,0,0,0,40
0x4024ac,100%,0,110,110,0,0,0,110
0x590b55,100%,0,6,6,0,0,0,6
0x58d9f0,100%,0,70,70,0,0,0,70
0x815a8a,100%,0,31,31,31,0,0,0
0x54d2b8,100%,0,6,6,6,0,0,0
0x9ed91e,100%,0,64,64,0,0,0,64
0x6096c5,100%,0,83,83,0,0,0,83
0x5ef75b,100%,0,1,1,1,0,0,0
0x8deb46,100%,0,6,6,6,0,0,0
0x908fe1,100%,0,1857,1857,0,0,0,1857
0x490e4f,100%,0,9,9,9,0,0,0
0x5fc7c4,100%,0,2,2,0,0,0,2
0xa07f32,100%,0,1,1,0,0,0,1
0x554636,100%,0,1218,1218,0,0,0,1218
0x54d472,100%,0,6,6,6,0,0,0
0xaa5b13,100%,0,47,47,0,0,0,47
0x7ce762,100%,0,44,44,0,0,0,44
0xa05203,100%,0,1,1,1,0,0,0
0x9cfd6c,100%,0,36,36,0,0,0,36
0x9032e6,100%,0,12,12,12,0,0,0
0x4942d2,100%,0,70,70,0,0,0,70
0xa042a5,100%,0,1,1,0,0,0,1
0x8107d1,100%,0,6,6,6,0,0,0
0xad6c4a,100%,0,2,2,0,0,0,2
0xa51ce6,100%,0,12,12,0,0,0,12
0x490c88,100%,0,20,20,0,0,0,20
0x60bdb6,100%,0,21,21,0,0,0,21
0x49370d,100%,0,91,91,0,0,0,91
0x60bdc3,100%,0,21,21,21,0,0,0
0x90ecce,100%,0,961,961,0,0,0,961
0xa08f2f,100%,0,5,5,0,0,0,5
0x48ef84,100%,0,55,55,0,0,0,55
0x590dea,100%,0,1,1,0,0,0,1
0x59fbd2,100%,0,1,1,1,0,0,0
0x8e24e3,100%,0,110,110,0,0,0,110
0x7c7bec,100%,0,1,1,0,0,0,1
0x8a94b7,100%,0,24938,24938,24938,0,0,0
0x495a70,100%,0,41,41,0,0,0,41
0x490c5e,100%,0,26,26,0,0,0,26
0xa52a2a,100%,0,95,95,0,0,0,95
0x8d3cc0,100%,0,473,473,0,0,0,473
0x7bb9fc,100%,0,8,8,0,0,0,8
0x40b4e7,100%,0,2,2,2,0,0,0
0xacdb9c,100%,0,2,2,2,0,0,0
0x81fa00,100%,0,16,16,16,0,0,0
0xa054ae,100%,0,21,21,21,0,0,0
0xa51f8a,100%,0,2,2,2,0,0,0
0xa087a5,100%,0,8,8,0,0,0,8
0x4ad3eb,100%,0,20,20,0,0,0,20
0x815f1d,100%,0,2,2,0,0,0,2
0x4bcb3b,100%,0,12,12,0,0,0,12
0x54fd0b,100%,0,1,1,0,0,0,1
0x4ad40a,100%,0,20,20,0,0,0,20
0xa557d8,100%,0,2,2,0,0,0,2
0xa5245a,100%,0,101,101,0,0,0,101
0xa51f6b,100%,0,2,2,0,0,0,2
0xa55f34,100%,0,3,3,0,0,0,3
0x94e039,100%,0,421,421,0,0,0,421
0x95979f,100%,0,48,48,48,0,0,0
0x4ae883,100%,0,20,20,0,0,0,20
0x5af48b,100%,0,62,62,62,0,0,0
0xa50f41,100%,0,257,257,0,0,0,257
0x5af53a,100%,0,62,62,0,0,0,62
0xa46b00,100%,0,18,18,0,0,0,18
0x82273e,100%,0,4,4,0,0,0,4
0x9a18d3,100%,0,21,21,0,0,0,21
0xa263f9,100%,0,108,108,108,0,0,0
0x969927,100%,0,65,65,0,0,0,65
0x54db05,100%,0,39,39,0,0,0,39
0x60c598,100%,0,5,5,0,0,0,5
0x48e8ce,100%,0,1,1,1,0,0,0
0x60c5dd,100%,0,5,5,5,0,0,0
0x88e50a,100%,0,39,39,39,0,0,0
0x9a18ca,100%,0,21,21,0,0,0,21
0x622911,100%,0,10,10,0,0,0,10
0x9a3ee6,100%,0,28,28,0,0,0,28
0x9fcc57,100%,0,7,7,0,0,0,7
0x7c7be2,100%,0,1,1,0,0,0,1
0x65ae8c,100%,0,13,13,13,0,0,0
0xa51a3c,100%,0,7,7,0,0,0,7
0xaa5db6,100%,0,206,206,0,0,0,206
0x815f0b,100%,0,2,2,0,0,0,2
0xa51aa6,100%,0,12,12,0,0,0,12
0x48eed4,100%,0,8,8,0,0,0,8
0x94357a,100%,0,75,75,0,0,0,75
0x99e93e,100%,0,55,55,0,0,0,55
0xa560bc,100%,0,80,80,0,0,0,80
0x9a0ae4,100%,0,28,28,0,0,0,28
0xa9f366,100%,0,3,3,0,0,0,3
0x9a0b0b,100%,0,28,28,0,0,0,28
0x9f40ea,100%,0,3,3,0,0,0,3
0x8c87c3,100%,0,442,442,442,0,0,0
0x64a7de,100%,0,2,2,2,0,0,0
0xb4764f,100%,0,16,16,0,0,0,16
0x9bd375,100%,0,12,12,12,0,0,0
0x5b1c0d,100%,0,2,2,2,0,0,0
0xa48530,100%,0,56,56,0,0,0,56
0x494017,100%,0,2,2,0,0,0,2
0x44146e,100%,0,582,582,0,0,0,582
0x493f70,100%,0,2,2,2,0,0,0
0x493f54,100%,0,2,2,0,0,0,2
0x48e8e8,100%,0,2,2,0,0,0,2
0xa3eeab,100%,0,8,8,0,0,0,8
0x493ea4,100%,0,2,2,2,0,0,0
0x9e1131,100%,0,2,2,2,0,0,0
0x60baa2,100%,0,5,5,5,0,0,0
0xa041c8,100%,0,1,1,1,0,0,0
0x8fcdc3,100%,0,44,44,0,0,0,44
0x959259,100%,0,128,128,0,0,0,128
0xaa0389,100%,0,121,121,0,0,0,121
0x9bd2c2,100%,0,67,67,67,0,0,0
0x4877b6,100%,0,1,1,1,0,0,0
0x4aaf35,100%,0,1,1,0,0,0,1
0x88df1d,100%,0,2,2,2,0,0,0
0x511e17,100%,0,560,560,560,0,0,0
0x5b0190,100%,0,21,21,0,0,0,21
0x7d2dd2,100%,0,14,14,14,0,0,0
0xa48597,100%,0,41,41,0,0,0,41
0x9bd323,100%,0,63,63,0,0,0,63
0x5018af,100%,0,1,1,1,0,0,0
0x9bd32c,100%,0,63,63,0,0,0,63
0x9a3ebb,100%,0,28,28,0,0,0,28
0x8bb6bf,100%,0,13,13,0,0,0,13
0x5afe40,100%,0,21,21,0,0,0,21
0x5df862,100%,0,14,14,14,0,0,0
0x4b3973,100%,0,4,4,4,0,0,0
0x9bd47c,100%,0,12,12,0,0,0,12
0xa7befc,100%,0,5,5,5,0,0,0
0xa48237,100%,0,60,60,0,0,0,60
0x99efc6,100%,0,102,102,0,0,0,102
0x5a9632,100%,0,8,8,0,0,0,8
0x402f5f,100%,0,6,6,0,0,0,6
0x918b86,100%,0,200,200,200,0,0,0
0xa481fc,100%,0,60,60,0,0,0,60
0x444967,100%,0,13,13,0,0,0,13
0x9bd446,100%,0,12,12,12,0,0,0
0x99d38b,100%,0,9,9,0,0,0,9
0x606fa0,100%,0,10,10,0,0,0,10
0x9bd483,100%,0,12,12,12,0,0,0
0x8338ba,100%,0,2,2,0,0,0,2
0x9bd5ac,100%,0,12,12,0,0,0,12
0x679ef8,100%,0,18,18,18,0,0,0
0x48067a,100%,0,9,9,0,0,0,9
0x9bd5b5,100%,0,24,24,0,0,0,24
0xaa3073,100%,0,102,102,102,0,0,0
0x54ceeb,100%,0,4,4,4,0,0,0
0x9f7c26,100%,0,13,13,0,0,0,13
0x40aa6c,100%,0,1,1,1,0,0,0
0xa95d94,100%,0,16,16,0,0,0,16
0x54d024,100%,0,4,4,0,0,0,4
0x64a4fc,100%,0,2,2,2,0,0,0
0x54d500,100%,0,7,7,0,0,0,7
0xa0783e,100%,0,5,5,0,0,0,5
0x54d433,100%,0,7,7,0,0,0,7
0xa48294,100%,0,12,12,0,0,0,12
0x81f458,100%,0,4,4,0,0,0,4
0x959c9e,100%,0,4,4,0,0,0,4
0x8325a5,100%,0,1,1,1,0,0,0
0xa28148,100%,0,3,3,3,0,0,0
0xa0679e,100%,0,2,2,0,0,0,2
0xa335ee,100%,0,1428,1428,1428,0,0,0
0x9bd3cd,100%,0,12,12,0,0,0,12
0x991286,100%,0,13,13,0,0,0,13
0x6499db,100%,0,4,4,2,0,0,2
0x98d082,100%,0,7,7,0,0,0,7
0x9a3a26,100%,0,13,13,0,0,0,13
0xa48300,100%,0,8,8,8,0,0,0
0xa55918,100%,0,2,2,0,0,0,2
0x5a9693,100%,0,5,5,0,0,0,5
0x811b0b,100%,0,2,2,0,0,0,2
0xa6b934,100%,0,4,4,0,0,0,4
0x99b914,100%,0,26,26,0,0,0,26
0xae6fb5,100%,0,2,2,2,0,0,0
0x649cb2,100%,0,2,2,0,0,0,2
0x5fbdcc,100%,0,2,2,0,0,0,2
0x9fc6c9,100%,0,10,10,0,0,0,10
0x99f737,100%,0,13,13,0,0,0,13
0x8a8f66,100%,0,136,136,136,0,0,0
0x58e044,100%,0,2,2,0,0,0,2
0x5f6216,100%,0,2,2,0,0,0,2
0x58dd91,100%,0,2,2,0,0,0,2
0x9ff6a9,100%,0,5,5,5,0,0,0
0x492a30,100%,0,7,7,0,0,0,7
0x58d17c,100%,0,2,2,0,0,0,2
0x5b292a,100%,0,2,2,0,0,0,2
0x8f2b3d,100%,0,34,34,34,0,0,0
0xa92d5d,100%,0,148,148,0,0,0,148
0x4b7bc6,100%,0,1,1,1,0,0,0
0x48f782,100%,0,6,6,0,0,0,6
0xa47734,100%,0,42,42,0,0,0,42
0xa25d60,100%,0,78,78,0,0,0,78
0x88e64e,100%,0,39,39,39,0,0,0
0x53dcb5,100%,0,10,10,0,0,0,10
0x609db6,100%,0,194,194,0,0,0,194
0x80c344,100%,0,1,1,1,0,0,0
0x88dff6,100%,0,6,6,2,0,0,4
0x83896e,100%,0,5,5,0,0,0,5
0x9e0d97,100%,0,23,23,0,0,0,23
0x649e2a,100%,0,2,2,0,0,0,2
0x9746b6,100%,0,68,68,0,0,0,68
0x80db3c,100%,0,220,220,0,0,0,220
0x533a73,100%,0,9,9,9,0,0,0
0x6471fd,100%,0,21,21,21,0,0,0
0xa4c973,100%,0,4,4,0,0,0,4
0x64f2fc,100%,0,4,4,0,0,0,4
0xa99901,100%,0,1,1,0,0,0,1
0x49a109,100%,0,16,16,0,0,0,16
0xa06feb,100%,0,9,9,9,0,0,0
0x7858dd,100%,0,13,13,6,0,0,7
0x5b4a31,100%,0,2,2,0,0,0,2
0x5b4a1a,100%,0,2,2,0,0,0,2
0x4a86e0,100%,0,2,2,2,0,0,0
0x5b49c7,100%,0,2,2,0,0,0,2
0x5b1bf0,100%,0,2,2,0,0,0,2
0x9530b8,100%,0,10,10,10,0,0,0
0x48f420,100%,0,3,3,0,0,0,3
0x5bb5ef,100%,0,2,2,0,0,0,2
0x5b5d46,100%,0,2,2,2,0,0,0
0x692387,100%,0,22,22,0,0,0,22
0xa53aa6,100%,0,2,2,0,0,0,2
0xa5bad2,100%,0,72,72,0,0,0,72
0x5f6138,100%,0,12,12,12,0,0,0
0xa48cb3,100%,0,167,167,0,0,0,167
0x5b1bd5,100%,0,2,2,0,0,0,2
0x6ed6c0,100%,0,1,1,0,0,0,1
0x5f2f10,100%,0,2,2,1,0,0,1
0x490dbd,100%,0,6,6,6,0,0,0
0x4acb93,100%,0,15,15,15,0,0,0
0x58ee97,100%,0,2,2,2,0,0,0
0x5df7f5,100%,0,14,14,0,0,0,14
0x5f61dd,100%,0,4,4,0,0,0,4
0xa60cd2,100%,0,3,3,0,0,0,3
0x58ee43,100%,0,2,2,0,0,0,2
0x58ee2f,100%,0,2,2,2,0,0,0
0x64a27e,100%,0,2,2,0,0,0,2
0x58ee06,100%,0,2,2,0,0,0,2
0x540f09,100%,0,8,8,8,0,0,0
0x53f372,100%,0,4,4,0,0,0,4
0x5ef883,100%,0,17,17,17,0,0,0
0x5ef9ab,100%,0,17,17,17,0,0,0
0x58ed88,100%,0,2,2,2,0,0,0
0x5b2878,100%,0,2,2,0,0,0,2
0xa07559,100%,0,5,5,0,0,0,5
0x5b2851,100%,0,2,2,0,0,0,2
0x5b283b,100%,0,2,2,0,0,0,2
0x4b38a0,100%,0,4,4,0,0,0,4
0x81e251,100%,0,1,1,0,0,0,1
0x592c69,100%,0,19,19,19,0,0,0
0x4826ff,100%,0,19,19,0,0,0,19
0x99e8a6,100%,0,105,105,0,0,0,105
0x9be8e4,100%,0,12,12,0,0,0,12
0x5c36d8,100%,0,4,4,4,0,0,0
0x99e8e4,100%,0,105,105,0,0,0,105
0x7d25e5,100%,0,16,16,16,0,0,0
0x5c4653,100%,0,77,77,0,0,0,77
0xa21276,100%,0,12,12,0,0,0,12
0x59060c,100%,0,19,19,0,0,0,19
0x7d336c,100%,0,63,63,51,0,0,12
0xa723b2,100%,0,4,4,0,0,0,4
0x556391,100%,0,3,3,3,0,0,0
0x5f6013,100%,0,2,2,0,0,0,2
0x50fb3b,100%,0,10,10,10,0,0,0
0x60c439,100%,0,5,5,5,0,0,0
0xa5564d,100%,0,77,77,0,0,0,77
0x9a110d,100%,0,15,15,0,0,0,15
0x9e0204,100%,0,28,28,28,0,0,0
0x9bea0d,100%,0,12,12,12,0,0,0
0x8f1220,100%,0,40,40,0,0,0,40
0xa58ae5,100%,0,96,96,0,0,0,96
0x492f76,100%,0,34,34,0,0,0,34
0xa48b7e,100%,0,167,167,0,0,0,167
0x99e6b0,100%,0,13,13,0,0,0,13
0x48f4f5,100%,0,3,3,0,0,0,3
0x9be8ab,100%,0,12,12,12,0,0,0
0xa08696,100%,0,4,4,0,0,0,4
0x50ee0f,100%,0,137,137,0,0,0,137
0x9be964,100%,0,16,16,0,0,0,16
0x8c7290,100%,0,107,107,107,0,0,0
0x48224b,100%,0,19,19,0,0,0,19
0xa341fd,100%,0,170,170,0,0,0,170
0x99e857,100%,0,15,15,0,0,0,15
0x9be98f,100%,0,14,14,0,0,0,14
0x9be8cc,100%,0,12,12,12,0,0,0
0x482863,100%,0,2,2,0,0,0,2
0x482801,100%,0,19,19,0,0,0,19
0xae6fee,100%,0,2,2,0,0,0,2
0x7cc16a,100%,0,12,12,12,0,0,0
0x96e75e,100%,0,1,1,0,0,0,1
0x5adc66,100%,0,27,27,27,0,0,0
0x7b6462,100%,0,1,1,0,0,0,1
0x544277,100%,0,57,57,57,0,0,0
0xa97f30,100%,0,2,2,0,0,0,2
0x8a9ed8,100%,0,466,466,0,0,0,466
0xa066dd,100%,0,45,45,0,0,0,45
0x9f63b7,100%,0,3,3,0,0,0,3
0x99ebb2,100%,0,13,13,0,0,0,13
0x64decd,100%,0,4,4,4,0,0,0
0x808304,100%,0,27,27,0,0,0,27
0x9bdd0a,100%,0,55,55,0,0,0,55
0xa468eb,100%,0,16,16,16,0,0,0
0xa538bc,100%,0,7,7,0,0,0,7
0x9bd4b7,100%,0,4,4,0,0,0,4
0x901c38,100%,0,1,1,0,0,0,1
0xa7bebd,100%,0,5,5,5,0,0,0
0x6780c6,100%,0,246,246,0,0,0,246
0x784ada,100%,0,8,8,0,0,0,8
0x9bd4f4,100%,0,4,4,0,0,0,4
0x7cf7b8,100%,0,8,8,0,0,0,8
0x9fe78e,100%,0,37,37,0,0,0,37
0x5920c5,100%,0,4,4,0,0,0,4
0x4ab896,100%,0,6,6,0,0,0,6
0x4059f6,100%,0,88,88,88,0,0,0
0xa4720e,100%,0,167,167,0,0,0,167
0xad0196,100%,0,2,2,2,0,0,0
0x9bd6c2,100%,0,12,12,0,0,0,12
0xa01c26,100%,0,2,2,0,0,0,2
0x9a8bc9,100%,0,269,269,0,0,0,269
0xa5570c,100%,0,83,83,83,0,0,0
0x78b674,100%,0,12,12,0,0,0,12
0x490147,100%,0,10,10,10,0,0,0
0xad6c4f,100%,0,2,2,0,0,0,2
0xa39abf,100%,0,18,18,18,0,0,0
0x49d118,100%,0,2,2,2,0,0,0
0x7d41e7,100%,0,1,1,0,0,0,1
0xad0647,100%,0,2,2,0,0,0,2
0x50e83d,100%,0,14,14,0,0,0,14
0x6484c9,100%,0,2,2,0,0,0,2
0x781898,100%,0,4,4,0,0,0,4
0x79306b,100%,0,10,10,0,0,0,10
0x4ac741,100%,0,20,20,0,0,0,20
0xa08ca9,100%,0,4,4,4,0,0,0
0xa993cd,100%,0,3,3,0,0,0,3
0xaadab8,100%,0,64,64,0,0,0,64
0xaadb02,100%,0,64,64,0,0,0,64
0xa437ff,100%,0,364,364,0,0,0,364
0x9be6d9,100%,0,12,12,0,0,0,12
0x889f80,100%,0,17,17,0,0,0,17
0x88a22c,100%,0,39,39,0,0,0,39
0x8886e9,100%,0,22,22,0,0,0,22
0x494e4d,100%,0,1,1,0,0,0,1
0x8878b9,100%,0,1,1,0,0,0,1
0x4ac609,100%,0,15,15,0,0,0,15
0x9e60ee,100%,0,7,7,7,0,0,0
0xa9c75b,100%,0,142,142,142,0,0,0
0x5b61b3,100%,0,1,1,0,0,0,1
0x9be6f3,100%,0,24,24,24,0,0,0
0x651617,100%,0,6,6,6,0,0,0
0x60b99b,100%,0,85,85,0,0,0,85
0x5b6142,100%,0,1,1,1,0,0,0
0x60bc2f,100%,0,18,18,0,0,0,18
0x598f0c,100%,0,1,1,1,0,0,0
0x60bb4f,100%,0,18,18,0,0,0,18
0x5b5e48,100%,0,5,5,0,0,0,5
0x5a5edd,100%,0,4,4,0,0,0,4
0x5b5e2c,100%,0,5,5,5,0,0,0
0x441997,100%,0,11,11,0,0,0,11
0xa08cd3,100%,0,8,8,8,0,0,0
0x9f3c6b,100%,0,1,1,0,0,0,1
0x4aaeb8,100%,0,11,11,11,0,0,0
0x99aa41,100%,0,102,102,0,0,0,102
0x97723d,100%,0,2,2,0,0,0,2
0x9737b7,100%,0,40,40,0,0,0,40
0x99ac37,100%,0,255,255,0,0,0,255
0x7f374b,100%,0,15,15,0,0,0,15
0x4ac81d,100%,0,15,15,0,0,0,15
0xa3d19d,100%,0,8,8,0,0,0,8
0x606cdd,100%,0,8,8,0,0,0,8
0x4ac84f,100%,0,15,15,0,0,0,15
0x75882c,100%,0,1,1,0,0,0,1
0x8a78f5,100%,0,3,3,3,0,0,0
0x675130,100%,0,1,1,0,0,0,1
0x49b1a7,100%,0,2,2,0,0,0,2
0x809ee3,100%,0,2,2,0,0,0,2
0x96af66,100%,0,7,7,7,0,0,0
0x7f3772,100%,0,15,15,0,0,0,15
0x9bd66e,100%,0,24,24,0,0,0,24
0x7f36f5,100%,0,15,15,0,0,0,15
0x65b0d6,100%,0,13,13,0,0,0,13
0x58c6d2,100%,0,14,14,0,0,0,14
0x7f3795,100%,0,15,15,0,0,0,15
0x9ec45e,100%,0,5,5,0,0,0,5
0x7807c9,100%,0,8,8,0,0,0,8
0x7f3690,100%,0,15,15,0,0,0,15
0x99e309,100%,0,13,13,13,0,0,0
0xa4378f,100%,0,424,424,0,0,0,424
0x503ee8,100%,0,9,9,0,0,0,9
0x649cbc,100%,0,2,2,2,0,0,0
0x99e695,100%,0,13,13,0,0,0,13
0x5fab2c,100%,0,1,1,1,0,0,0
0x803758,100%,0,75,75,0,0,0,75
0x5b613c,100%,0,1,1,0,0,0,1
0xa05396,100%,0,8,8,0,0,0,8
0x8ee5ed,100%,0,42,42,0,0,0,42
0x5b60ca,100%,0,1,1,0,0,0,1
0x5b60b9,100%,0,1,1,0,0,0,1
0x5b6093,100%,0,1,1,1,0,0,0
0x5b4b37,100%,0,1,1,1,0,0,0
0x4b6d7c,100%,0,28,28,0,0,0,28
0x5b4ae5,100%,0,1,1,1,0,0,0
0x53f16b,100%,0,4,4,4,0,0,0
0xaa7faf,100%,0,3,3,3,0,0,0
0x496165,100%,0,3,3,3,0,0,0
0x49614e,100%,0,3,3,0,0,0,3
0x9a3ad2,100%,0,13,13,0,0,0,13
0x80a915,100%,0,2,2,0,0,0,2
0x5f89a5,100%,0,8,8,0,0,0,8
0x9bd5da,100%,0,12,12,0,0,0,12
0x4c4d87,100%,0,11,11,0,0,0,11
0x4b7f26,100%,0,2,2,2,0,0,0
0x95a24d,100%,0,4,4,0,0,0,4
0x9a0ad5,100%,0,28,28,0,0,0,28
0xa4a38a,100%,0,31,31,18,0,0,13
0x9fc8ae,100%,0,7,7,7,0,0,0
0xa9c5f7,100%,0,42,42,0,0,0,42
0x5e0bdd,100%,0,4,4,4,0,0,0
0x6dcc38,100%,0,1,1,1,0,0,0
0x4bad11,100%,0,8,8,0,0,0,8
0x7ce568,100%,0,12,12,0,0,0,12
0x8bd9ba,100%,0,13,13,13,0,0,0
0xa929fd,100%,0,6,6,0,0,0,6
0x81cefe,100%,0,60,60,60,0,0,0
0x902796,100%,0,39,39,0,0,0,39
0x6d0427,100%,0,50,50,50,0,0,0
0x789cdf,100%,0,6,6,0,0,0,6
0x8dc4f1,100%,0,4,4,4,0,0,0
0xaa7de5,100%,0,47,47,0,0,0,47
0x8fe471,100%,0,6,6,6,0,0,0
0x6d9a3a,100%,0,8,8,8,0,0,0
0x4ba926,100%,0,48,48,0,0,0,48
0x4ba8d7,100%,0,48,48,48,0,0,0
0x63d1ba,100%,0,23,23,0,0,0,23
0x54fc3a,100%,0,1,1,0,0,0,1
0x5db575,100%,0,4,4,0,0,0,4
0x5db4fe,100%,0,4,4,0,0,0,4
0x58d618,100%,0,3,3,0,0,0,3
0x723670,100%,0,1446,1446,0,0,0,1446
0x5db29b,100%,0,4,4,4,0,0,0
0x5db285,100%,0,4,4,4,0,0,0
0x808a6e,100%,0,9,9,0,0,0,9
0x9eee0e,100%,0,26,26,0,0,0,26
0x6d9a86,100%,0,8,8,0,0,0,8
0x63af09,100%,0,821,821,0,0,0,821
0xa2d2ef,100%,0,4,4,0,0,0,4
0x973360,100%,0,42,42,0,0,0,42
0x4b4ca2,100%,0,2,2,0,0,0,2
0x590df8,100%,0,1,1,0,0,0,1
0xa2865a,100%,0,1,1,0,0,0,1
0x787f44,100%,0,50,50,50,0,0,0
0x5d2f46,100%,0,4,4,0,0,0,4
0x8a5afb,100%,0,218,218,0,0,0,218
0x4bb2ce,100%,0,30,30,0,0,0,30
0x8a6758,100%,0,9,9,0,0,0,9
0x4b29ca,100%,0,2,2,2,0,0,0
0x9fd1eb,100%,0,7,7,0,0,0,7
0x8fd820,100%,0,6,6,0,0,0,6
0x8e2b0e,100%,0,2143,2143,0,0,0,2143
0xa550e3,100%,0,8,8,0,0,0,8
0x4ba6bd,100%,0,342,342,0,0,0,342
0xb4a162,100%,0,958,958,0,0,0,958
0x619a8c,100%,0,15,15,0,0,0,15
0x9fd1e1,100%,0,7,7,0,0,0,7
0x7d3f20,100%,0,3,3,3,0,0,0
0x63de8f,100%,0,961,961,961,0,0,0
0x80c457,100%,0,5,5,5,0,0,0
0xaca81b,100%,0,28,28,28,0,0,0
0xa9c57a,100%,0,199,199,0,0,0,199
0x487414,100%,0,138,138,138,0,0,0
0x4b4994,100%,0,138,138,0,0,0,138
0x78c039,100%,0,2,2,0,0,0,2
0x80f35b,100%,0,4,4,4,0,0,0
0x9f836a,100%,0,2,2,0,0,0,2
0xa96c22,100%,0,3,3,3,0,0,0
0x494670,100%,0,2,2,2,0,0,0
0x9d384b,100%,0,4,4,0,0,0,4
0x973285,100%,0,40,40,0,0,0,40
0x7d21c5,100%,0,4,4,0,0,0,4
0x590e15,100%,0,1,1,0,0,0,1
0x4ac65c,100%,0,15,15,13,0,0,2
0x48ea3f,100%,0,364,364,0,0,0,364
0x8dc448,100%,0,4,4,0,0,0,4
0x72358b,100%,0,1446,1446,0,0,0,1446
0xa374b8,100%,0,7,7,7,0,0,0
0xa4a5a6,100%,0,8,8,8,0,0,0
0x96b20c,100%,0,32,32,0,0,0,32
0x63c02d,100%,0,961,961,961,0,0,0
0x5b4119,100%,0,31,31,0,0,0,31
0x8fe36e,100%,0,15,15,0,0,0,15
0x4ba473,100%,0,243,243,243,0,0,0
0xa37c37,100%,0,5,5,0,0,0,5
0x7d33b2,100%,0,12,12,0,0,0,12
0x9f4f0f,100%,0,9,9,9,0,0,0
0x4c7f99,100%,0,7,7,7,0,0,0
0x8df32f,100%,0,8,8,0,0,0,8
0x7b7c1b,100%,0,25,25,0,0,0,25
0x793081,100%,0,10,10,0,0,0,10
0x4bc5db,100%,0,10,10,10,0,0,0
0xaa5be2,100%,0,20,20,0,0,0,20
0x9e1530,100%,0,2,2,0,0,0,2
0x9199bc,100%,0,961,961,961,0,0,0
0xa4eec3,100%,0,22,22,0,0,0,22
0x9a9f16,100%,0,41,41,13,0,0,28
0x504934,100%,0,15,15,0,0,0,15
0x4c5338,100%,0,294,294,0,0,0,294
0x4bf6a7,100%,0,83,83,0,0,0,83
0x63fe68,100%,0,961,961,961,0,0,0
0x5c474a,100%,0,8,8,0,0,0,8
0x9ebccc,100%,0,56,56,56,0,0,0
0xa2ecc5,100%,0,22,22,22,0,0,0
0x4c0af6,100%,0,104,104,0,0,0,104
0x9fcf70,100%,0,18,18,18,0,0,0
0x4c4067,100%,0,204,204,0,0,0,204
0x60bae5,100%,0,1,1,1,0,0,0
0x4b513b,100%,0,128,128,0,0,0,128
0x8f1bd5,100%,0,134,134,134,0,0,0
0x814cd7,100%,0,2,2,0,0,0,2
0x814bf3,100%,0,41,41,0,0,0,41
0x4b51a5,100%,0,1,1,0,0,0,1
0x9fe90b,100%,0,37,37,0,0,0,37
0x5b6e8c,100%,0,8,8,0,0,0,8
0x5f45c8,100%,0,2,2,0,0,0,2
0x7bb8f2,100%,0,8,8,4,0,0,4
0xa1b470,100%,0,1,1,0,0,0,1
0xa9c6e0,100%,0,142,142,0,0,0,142
0x6387c6,100%,0,11,11,11,0,0,0
0x5fe795,100%,0,105,105,0,0,0,105
0xa853f4,100%,0,5,5,0,0,0,5
0xa95fed,100%,0,26,26,0,0,0,26
0x9eb5aa,100%,0,63,63,63,0,0,0
0x81b508,100%,0,6,6,0,0,0,6
0x78191a,100%,0,156,156,0,0,0,156
0x9ebcaf,100%,0,63,63,0,0,0,63
0x8084c5,100%,0,4,4,0,0,0,4
0x9e3fac,100%,0,87,87,0,0,0,87
0x7d1d9b,100%,0,1,1,0,0,0,1
0xa8a6df,100%,0,83,83,0,0,0,83
0xa088b5,100%,0,5,5,0,0,0,5
0x5d45c7,100%,0,18,18,18,0,0,0
0xa3e2f9,100%,0,8,8,0,0,0,8
0x5d4543,100%,0,4,4,4,0,0,0
0x670469,100%,0,133,133,0,0,0,133
0x4bb240,100%,0,27,27,27,0,0,0
0x5e0354,100%,0,4,4,0,0,0,4
0x4c3862,100%,0,13,13,0,0,0,13
0x4bedc8,100%,0,58,58,0,0,0,58
0x5b8f34,100%,0,4,4,4,0,0,0
0x4b4fb3,100%,0,71,71,0,0,0,71
0x5d0948,100%,0,18,18,18,0,0,0
0x9fcc80,100%,0,7,7,0,0,0,7
0x8bdca6,100%,0,4,4,0,0,0,4
0x8be63a,100%,0,18,18,0,0,0,18
0x44160e,100%,0,11,11,0,0,0,11
0x9ebd01,100%,0,63,63,0,0,0,63
0x8efa02,100%,0,451,451,0,0,0,451
0x9a1d62,100%,0,15,15,0,0,0,15
0xa9948e,100%,0,7,7,0,0,0,7
0x8bba4d,100%,0,13,13,0,0,0,13
0x8a5d42,100%,0,218,218,0,0,0,218
0x81c7f2,100%,0,177,177,0,0,0,177
0xa99f67,100%,0,10,10,0,0,0,10
0x918aee,100%,0,200,200,0,0,0,200
0x4824fb,100%,0,9,9,9,0,0,0
0x9fd24f,100%,0,7,7,7,0,0,0
0x9e37bf,100%,0,25,25,0,0,0,25
0x6753a5,100%,0,1,1,1,0,0,0
0x4bb870,100%,0,204,204,204,0,0,0
0x49aedf,100%,0,39,39,0,0,0,39
0x96e972,100%,0,1,1,0,0,0,1
0x640340,100%,0,961,961,0,0,0,961
0xa97d97,100%,0,4,4,0,0,0,4
0xa02212,100%,0,27,27,0,0,0,27
0x9ebd44,100%,0,7,7,0,0,0,7
0xa02d09,100%,0,63,63,0,0,0,63
0x503557,100%,0,2,2,0,0,0,2
0x5034eb,100%,0,2,2,0,0,0,2
0x50342b,100%,0,2,2,0,0,0,2
0x7d2172,100%,0,555,555,0,0,0,555
0x9d0bdd,100%,0,51,51,0,0,0,51
0x9f7b50,100%,0,4,4,0,0,0,4
0x672484,100%,0,1,1,1,0,0,0
0x9ef36f,100%,0,60,60,0,0,0,60
0x50f27b,100%,0,6,6,0,0,0,6
0x80a66a,100%,0,210,210,0,0,0,210
0x5c4585,100%,0,876,876,0,0,0,876
0x90bf3c,100%,0,119,119,0,0,0,119
0x50f232,100%,0,2,2,0,0,0,2
0x81d4e1,100%,0,182,182,0,0,0,182
0x99a8b4,100%,0,102,102,0,0,0,102
0x97a01b,100%,0,51,51,0,0,0,51
0x682371,100%,0,34,34,0,0,0,34
0x50f004,100%,0,2,2,2,0,0,0
0x50efbd,100%,0,2,2,0,0,0,2
0x8c8183,100%,0,1,1,1,0,0,0
0x8a7238,100%,0,280,280,280,0,0,0
0xa9018d,100%,0,63,63,0,0,0,63
0x63ae22,100%,0,241,241,241,0,0,0
0x50fee6,100%,0,2,2,0,0,0,2
0xa531bd,100%,0,2,2,0,0,0,2
0x50fedf,100%,0,2,2,0,0,0,2
0x9fccf4,100%,0,7,7,7,0,0,0
0x606f1a,100%,0,10,10,0,0,0,10
0x63ae69,100%,0,241,241,241,0,0,0
0x63aea7,100%,0,241,241,241,0,0,0
0x639ad9,100%,0,37,37,0,0,0,37
0x50fe37,100%,0,4,4,2,0,0,2
0x55765a,100%,0,27,27,0,0,0,27
0x63ce8a,100%,0,200,200,0,0,0,200
0x649e64,100%,0,2,2,2,0,0,0
0x64c770,100%,0,7,7,0,0,0,7
0xa9411d,100%,0,19,19,13,0,0,6
0x48efbb,100%,0,264,264,0,0,0,264
0xa963b5,100%,0,2,2,0,0,0,2
0x556f2f,100%,0,28,28,0,0,0,28
0x81ae88,100%,0,2,2,0,0,0,2
0xaa7f74,100%,0,3,3,0,0,0,3
0x5bc20b,100%,0,1402,1402,0,0,0,1402
0x99e2d2,100%,0,13,13,13,0,0,0
0x8c8e91,100%,0,6,6,0,0,0,6
0xa042c1,100%,0,1,1,0,0,0,1
0x9aa13f,100%,0,33,33,0,0,0,33
0x50ee60,100%,0,44,44,0,0,0,44
0x838f8a,100%,0,20,20,0,0,0,20
0x5033d1,100%,0,37,37,0,0,0,37
0x61f3d5,100%,0,20,20,0,0,0,20
0xa6b990,100%,0,4,4,4,0,0,0
0xaa4a69,100%,0,3,3,0,0,0,3
0x404976,100%,0,9,9,0,0,0,9
0x5d68b7,100%,0,3,3,0,0,0,3
0xa36c52,100%,0,2,2,0,0,0,2
0xa938c9,100%,0,169,169,0,0,0,169
0x5032bd,100%,0,2,2,0,0,0,2
0x97524a,100%,0,5,5,5,0,0,0
0x9a100e,100%,0,15,15,15,0,0,0
0x99f454,100%,0,13,13,0,0,0,13
0x81f620,100%,0,4,4,0,0,0,4
0x666c4b,100%,0,2,2,2,0,0,0
0x6cce8d,100%,0,6,6,6,0,0,0
0x506e36,100%,0,1,1,0,0,0,1
0xa96281,100%,0,4,4,0,0,0,4
0x50ef4f,100%,0,8,8,0,0,0,8
0x722e4b,100%,0,22,22,0,0,0,22
0x9d312c,100%,0,58,58,0,0,0,58
0xa9731b,100%,0,3,3,0,0,0,3
0x606ede,100%,0,3,3,0,0,0,3
0xa96ac0,100%,0,9,9,0,0,0,9
0x816423,100%,0,2,2,2,0,0,0
0xa9ffc0,100%,0,3,3,3,0,0,0
0xaccde8,100%,0,3,3,2,0,0,1
0x9e58fe,100%,0,30,30,0,0,0,30
0xacda59,100%,0,2,2,0,0,0,2
0xaa7f6c,100%,0,3,3,0,0,0,3
0xa03a65,100%,0,117,117,117,0,0,0
0x90f89f,100%,0,2,2,2,0,0,0
0xa69e1d,100%,0,4,4,0,0,0,4
0x816d04,100%,0,1,1,1,0,0,0
0xa39f49,100%,0,30,30,0,0,0,30
0x5f54ba,100%,0,2,2,0,0,0,2
0xa1a1aa,100%,0,5,5,0,0,0,5
0x63c84d,100%,0,961,961,0,0,0,961
0x889fb7,100%,0,22,22,22,0,0,0
0xa0683e,100%,0,2,2,0,0,0,2
0x9fb707,100%,0,7,7,7,0,0,0
0x5bcec6,100%,0,44,44,44,0,0,0
0xa02f73,100%,0,2,2,0,0,0,2
0x9bd527,100%,0,4,4,0,0,0,4
0x50cdec,100%,0,321,321,0,0,0,321
0x9bd1b5,100%,0,55,55,0,0,0,55
0x6f54fb,100%,0,40,40,0,0,0,40
0x54489c,100%,0,1057,1057,1057,0,0,0
0x5c46b7,100%,0,19,19,0,0,0,19
0x5446f9,100%,0,2,2,2,0,0,0
0x5c46ad,100%,0,19,19,0,0,0,19
0x5c46a5,100%,0,19,19,0,0,0,19
0xa47948,100%,0,9,9,0,0,0,9
0x972ede,100%,0,6,6,6,0,0,0
0x7d3e1b,100%,0,3,3,3,0,0,0
0xa969ba,100%,0,16,16,16,0,0,0
0xa01cd9,100%,0,2,2,0,0,0,2
0x4b48ed,100%,0,71,71,0,0,0,71
0x49040a,100%,0,3,3,0,0,0,3
0xa99e27,100%,0,15,15,0,0,0,15
0x4b47bb,100%,0,2,2,2,0,0,0
0x63f419,100%,0,2,2,0,0,0,2
0x80ba05,100%,0,2,2,0,0,0,2
0x666ec8,100%,0,3,3,0,0,0,3
0x820d5f,100%,0,33,33,0,0,0,33
0x95a909,100%,0,4,4,0,0,0,4
0x65b224,100%,0,13,13,13,0,0,0
0x610f08,100%,0,2,2,0,0,0,2
0x7d1e4c,100%,0,65,65,0,0,0,65
0xb6a0fd,100%,0,5,5,0,0,0,5
0xa2f152,100%,0,1,1,0,0,0,1
0x9009d8,100%,0,146,146,0,0,0,146
0x5396f7,100%,0,109,109,62,0,0,47
0x63ad14,100%,0,384,384,384,0,0,0
0x70c2b5,100%,0,6,6,0,0,0,6
0xa992df,100%,0,3,3,3,0,0,0
0x7b8905,100%,0,2,2,2,0,0,0
0x96eb2a,100%,0,1,1,0,0,0,1
0x6f1742,100%,0,12,12,12,0,0,0
0x5f94d5,100%,0,3,3,0,0,0,3
0xa96f81,100%,0,15,15,15,0,0,0
0x9712bf,100%,0,5,5,0,0,0,5
0x63acf1,100%,0,384,384,384,0,0,0
0xa993e7,100%,0,3,3,0,0,0,3
0x5f7691,100%,0,30,30,0,0,0,30
0xa96f65,100%,0,15,15,0,0,0,15
0x5f766a,100%,0,125,125,125,0,0,0
0x4a040e,100%,0,16,16,0,0,0,16
0xa4a00a,100%,0,139,139,0,0,0,139
0x7d310f,100%,0,351,351,0,0,0,351
0xa1b03a,100%,0,5,5,4,0,0,1
0x9fccb0,100%,0,7,7,0,0,0,7
0x50fef0,100%,0,2,2,0,0,0,2
0x49ca19,100%,0,38,38,38,0,0,0
0x8ecbeb,100%,0,52,52,0,0,0,52
0x7d3746,100%,0,106,106,0,0,0,106
0x51aeb9,100%,0,2,2,0,0,0,2
0xa9984d,100%,0,5,5,0,0,0,5
0x540f7a,100%,0,5,5,0,0,0,5
0x7d279d,100%,0,111,111,0,0,0,111
0x70c02b,100%,0,6,6,6,0,0,0
0x5b2c20,100%,0,2,2,0,0,0,2
0xa9946f,100%,0,3,3,0,0,0,3
0xa99c5c,100%,0,4,4,0,0,0,4
0x70c193,100%,0,6,6,0,0,0,6
0x5f93f7,100%,0,3,3,3,0,0,0
0x7d446a,100%,0,2,2,0,0,0,2
0xa9941b,100%,0,3,3,0,0,0,3
0xa02ff6,100%,0,68,68,0,0,0,68
0xa99406,100%,0,3,3,0,0,0,3
0xa03003,100%,0,68,68,0,0,0,68
0xa40fad,100%,0,11,11,0,0,0,11
0xa361b8,100%,0,5,5,5,0,0,0
0x50e501,100%,0,6,6,6,0,0,0
0xa91790,100%,0,32,32,32,0,0,0
0xa368d9,100%,0,432,432,432,0,0,0
0x5f19b1,100%,0,2,2,2,0,0,0
0x4bdbe7,100%,0,27,27,7,0,0,20
0x4c63fd,100%,0,2,2,2,0,0,0
0xa0582e,100%,0,4,4,0,0,0,4
0x8fc4c0,100%,0,1,1,0,0,0,1
0x9fb6f4,100%,0,7,7,0,0,0,7
0xacdcc4,100%,0,2,2,0,0,0,2
0x48f897,100%,0,18,18,0,0,0,18
0xa917b4,100%,0,32,32,0,0,0,32
0xaca83b,100%,0,28,28,28,0,0,0
0x837f9a,100%,0,4,4,4,0,0,0
0xa06969,100%,0,2,2,0,0,0,2
0x7ba310,100%,0,4,4,0,0,0,4
0x780b86,100%,0,4,4,0,0,0,4
0xa552ab,100%,0,265,265,265,0,0,0
0x675167,100%,0,1,1,0,0,0,1
0x7b5dc9,100%,0,4,4,0,0,0,4
0x9786d3,100%,0,10,10,10,0,0,0
0x8ee312,100%,0,45,45,45,0,0,0
0x670519,100%,0,1,1,1,0,0,0
0xa585a8,100%,0,119,119,0,0,0,119
0x8c82c9,100%,0,32,32,0,0,0,32
0x8deab0,100%,0,128,128,0,0,0,128
0x5b3009,100%,0,10,10,0,0,0,10
0x4ab27e,100%,0,3,3,3,0,0,0
0xa992bb,100%,0,3,3,0,0,0,3
0x9e2cca,100%,0,13,13,0,0,0,13
0xa91931,100%,0,17,17,0,0,0,17
0x7b5db2,100%,0,4,4,0,0,0,4
0x4419ae,100%,0,11,11,0,0,0,11
0x97aceb,100%,0,8,8,8,0,0,0
0x8ebe16,100%,0,18,18,0,0,0,18
0xa1d4ec,100%,0,5,5,0,0,0,5
0x6831f5,100%,0,37,37,0,0,0,37
0x98d0bb,100%,0,7,7,0,0,0,7
0x670fd8,100%,0,2,2,0,0,0,2
0x6754aa,100%,0,1,1,0,0,0,1
0x58d62d,100%,0,3,3,3,0,0,0
0x7c71a1,100%,0,44,44,0,0,0,44
0x67066a,100%,0,20,20,0,0,0,20
0xa9dd1c,100%,0,2,2,0,0,0,2
0xa9db93,100%,0,2,2,2,0,0,0
0x9f7c06,100%,0,13,13,0,0,0,13
0x81f431,100%,0,4,4,0,0,0,4
0x978676,100%,0,10,10,10,0,0,0
0xa91964,100%,0,42,42,0,0,0,42
0x4b394c,100%,0,4,4,4,0,0,0
0x97861c,100%,0,10,10,0,0,0,10
0xa9dd39,100%,0,2,2,0,0,0,2
0x4c7359,100%,0,18,18,0,0,0,18
0x8a91b1,100%,0,10,10,10,0,0,0
0x649e13,100%,0,2,2,0,0,0,2
0xa08460,100%,0,5,5,0,0,0,5
0x9bd197,100%,0,55,55,55,0,0,0
0x5cf4b8,100%,0,33,33,0,0,0,33
0xa9f0a3,100%,0,2,2,2,0,0,0
0x4bb69a,100%,0,52,52,52,0,0,0
0xa9f076,100%,0,2,2,2,0,0,0
0xa98d8e,100%,0,2,2,0,0,0,2
0x785832,100%,0,2,2,0,0,0,2
0x7d4043,100%,0,3,3,0,0,0,3
0x7ac7a5,100%,0,12,12,12,0,0,0
0xaae484,100%,0,13,13,0,0,0,13
0x593229,100%,0,14,14,0,0,0,14
0x7ac776,100%,0,12,12,0,0,0,12
0x65b1da,100%,0,13,13,0,0,0,13
0x9fc91b,100%,0,7,7,0,0,0,7
0xa48694,100%,0,4,4,4,0,0,0
0x49d0fc,100%,0,2,2,0,0,0,2
0x7ac76b,100%,0,12,12,0,0,0,12
0x60bdd8,100%,0,21,21,21,0,0,0
0xa9d030,100%,0,2,2,0,0,0,2
0x80a3a9,100%,0,4,4,0,0,0,4
0x8fcec2,100%,0,44,44,0,0,0,44
0x9a3a80,100%,0,2,2,0,0,0,2
0x5d7ddd,100%,0,4,4,4,0,0,0
0x9d25e5,100%,0,2,2,1,0,0,1
0x5f0b92,100%,0,2,2,0,0,0,2
0x901639,100%,0,72,72,0,0,0,72
0xb0d3d9,100%,0,85,85,85,0,0,0
0x8c838d,100%,0,30,30,0,0,0,30
0x97112a,100%,0,5,5,0,0,0,5
0xa592b5,100%,0,10,10,10,0,0,0
0x49a41b,100%,0,6,6,6,0,0,0
0x491f9f,100%,0,1,1,0,0,0,1
0x8eb09b,100%,0,6,6,0,0,0,6
0x911b9b,100%,0,90,90,0,0,0,90
0x8f5bbe,100%,0,9,9,0,0,0,9
0x4c5c38,100%,0,32,32,0,0,0,32
0x8c9094,100%,0,2,2,0,0,0,2
0x803d40,100%,0,2,2,0,0,0,2
0x5f391b,100%,0,3,3,0,0,0,3
0x5fe510,100%,0,4,4,0,0,0,4
0x7be0b9,100%,0,4,4,0,0,0,4
0x804c21,100%,0,1,1,0,0,0,1
0x6f1730,100%,0,12,12,0,0,0,12
0x96a64f,100%,0,72,72,0,0,0,72
0x5d35bd,100%,0,20,20,20,0,0,0
0x4c5629,100%,0,24,24,0,0,0,24
0xa96a0b,100%,0,5,5,0,0,0,5
0x9487b9,100%,0,39,39,0,0,0,39
0x9698d3,100%,0,2,2,0,0,0,2
0x9ebef3,100%,0,61,61,61,0,0,0
0x9697f4,100%,0,2,2,0,0,0,2
0x7dfc3f,100%,0,8,8,0,0,0,8
0xad438d,100%,0,3,3,2,0,0,1
0x5a61dd,100%,0,4,4,0,0,0,4
0x6ebfb0,100%,0,1,1,0,0,0,1
0x7cf665,100%,0,8,8,0,0,0,8
0xaa7dbe,100%,0,7,7,0,0,0,7
0x4c6714,100%,0,28,28,26,0,0,2
0x490489,100%,0,3,3,0,0,0,3
0x9a322d,100%,0,56,56,0,0,0,56
0x9eb06a,100%,0,109,109,0,0,0,109
0x8c836b,100%,0,18,18,18,0,0,0
0x9c4d65,100%,0,5,5,5,0,0,0
0x9aa68b,100%,0,368,368,0,0,0,368
0x97b871,100%,0,9,9,9,0,0,0
0xa93934,100%,0,11,11,11,0,0,0
0xa3026c,100%,0,110,110,0,0,0,110
0x4a6439,100%,0,8,8,8,0,0,0
0x7bb927,100%,0,4,4,4,0,0,0
0x403dc7,100%,0,16,16,0,0,0,16
0x808b36,100%,0,2,2,0,0,0,2
0x60c618,100%,0,3,3,3,0,0,0
0xa3d156,100%,0,8,8,0,0,0,8
0xa58fbc,100%,0,119,119,0,0,0,119
0xa4a84e,100%,0,2,2,0,0,0,2
0x808188,100%,0,27,27,0,0,0,27
0x7bb9cf,100%,0,8,8,0,0,0,8
0x4a2171,100%,0,12,12,0,0,0,12
0x5c4754,100%,0,8,8,0,0,0,8
0x4bacc2,100%,0,218,218,0,0,0,218
0x96a67e,100%,0,65,65,65,0,0,0
0x4903dc,100%,0,3,3,3,0,0,0
0x4a203b,100%,0,4,4,0,0,0,4
0x8c82e4,100%,0,2,2,2,0,0,0
0x889fa5,100%,0,22,22,0,0,0,22
0x491509,100%,0,159,159,0,0,0,159
0x4bb903,100%,0,56,56,0,0,0,56
0x7c76c8,100%,0,4,4,0,0,0,4
0x4bc17d,100%,0,112,112,112,0,0,0
0x4bc175,100%,0,112,112,0,0,0,112
0x63f32e,100%,0,2,2,0,0,0,2
0xa592ea,100%,0,15,15,0,0,0,15
0x9ff670,100%,0,5,5,0,0,0,5
0x4a6416,100%,0,8,8,0,0,0,8
0x8dd3d4,100%,0,18,18,18,0,0,0
0x5f7a47,100%,0,207,207,0,0,0,207
0x8038d0,100%,0,2,2,2,0,0,0
0x8ec992,100%,0,4,4,0,0,0,4
0x4bb8d2,100%,0,56,56,0,0,0,56
0x808062,100%,0,2,2,0,0,0,2
0xa99e01,100%,0,15,15,15,0,0,0
0x7be088,100%,0,4,4,0,0,0,4
0x96a674,100%,0,65,65,0,0,0,65
0x781070,100%,0,7,7,7,0,0,0
0x816009,100%,0,9,9,0,0,0,9
0x40eda6,100%,0,8,8,0,0,0,8
0x789d06,100%,0,6,6,0,0,0,6
0x5908dd,100%,0,22,22,0,0,0,22
0xa7238b,100%,0,4,4,0,0,0,4
0x4419f1,100%,0,11,11,0,0,0,11
0xa956bd,100%,0,4,4,0,0,0,4
0x80a37b,100%,0,4,4,0,0,0,4
0xa95fc5,100%,0,8,8,0,0,0,8
0x5f0dc8,100%,0,5,5,0,0,0,5
0x4bffd4,100%,0,24,24,24,0,0,0
0x94a1aa,100%,0,80,80,0,0,0,80
0x8e3dac,100%,0,159,159,0,0,0,159
0x96c21b,100%,0,26,26,0,0,0,26
0x80bb30,100%,0,5,5,5,0,0,0
0x8df2fb,100%,0,24,24,0,0,0,24
0x4bf71f,100%,0,28,28,0,0,0,28
0x4915d9,100%,0,1,1,1,0,0,0
0x63d7d6,100%,0,3,3,3,0,0,0
0x409b74,100%,0,22,22,0,0,0,22
0x558de5,100%,0,22,22,0,0,0,22
0xa99970,100%,0,1,1,0,0,0,1
0x670551,100%,0,1,1,1,0,0,0
0x5ba035,100%,0,22,22,0,0,0,22
0x6d4b85,100%,0,16,16,0,0,0,16
0x4c0511,100%,0,86,86,86,0,0,0
0x4c044c,100%,0,86,86,0,0,0,86
0xa9ecdc,100%,0,226,226,0,0,0,226
0x9f4859,100%,0,4,4,0,0,0,4
0x9e0281,100%,0,18,18,18,0,0,0
0x786a04,100%,0,6,6,4,0,0,2
0xa9ed4c,100%,0,81,81,0,0,0,81
0x9fcafc,100%,0,25,25,0,0,0,25
0xa998ea,100%,0,1,1,0,0,0,1
0x9f5a14,100%,0,47,47,0,0,0,47
0x4a9bd7,100%,0,10,10,0,0,0,10
0x5f3def,100%,0,4,4,0,0,0,4
0x53fef7,100%,0,426,426,0,0,0,426
0x4bedf0,100%,0,58,58,0,0,0,58
0x4a04ac,100%,0,16,16,0,0,0,16
0x8ef5a4,100%,0,135,135,0,0,0,135
0x8aa9d9,100%,0,63,63,0,0,0,63
0x9d0b63,100%,0,51,51,0,0,0,51
0xa93e79,100%,0,12,12,12,0,0,0
0xa9c780,100%,0,142,142,0,0,0,142
0xa35cb9,100%,0,836,836,0,0,0,836
0xa1d7d2,100%,0,2,2,0,0,0,2
0xa9f37a,100%,0,3,3,3,0,0,0
0x48283a,100%,0,2,2,2,0,0,0
0x900c45,100%,0,334,334,334,0,0,0
0x48f80b,100%,0,18,18,0,0,0,18
0x9f64ac,100%,0,179,179,0,0,0,179
0x4b51a1,100%,0,1,1,0,0,0,1
0x8f6e0f,100%,0,22,22,22,0,0,0
0x8aaa50,100%,0,63,63,0,0,0,63
0x4ac702,100%,0,15,15,0,0,0,15
0x60851a,100%,0,10,10,10,0,0,0
0x8fd411,100%,0,1,1,1,0,0,0
0x81b040,100%,0,2,2,0,0,0,2
0x90bcd7,100%,0,176,176,176,0,0,0
0xa5b436,100%,0,4,4,4,0,0,0
0x9fe837,100%,0,3,3,0,0,0,3
0x8f404c,100%,0,61,61,61,0,0,0
0xa96373,100%,0,2,2,0,0,0,2
0xa9cd85,100%,0,4,4,0,0,0,4
0xa5c493,100%,0,50,50,0,0,0,50
0x4b5e32,100%,0,50,50,50,0,0,0
0x60c42e,100%,0,5,5,0,0,0,5
0x8f2f20,100%,0,2,2,2,0,0,0
0xa9daa8,100%,0,15,15,0,0,0,15
0x5eb9b5,100%,0,2,2,0,0,0,2
0xa2f21c,100%,0,1,1,0,0,0,1
0x681591,100%,0,144,144,0,0,0,144
0x5d0037,100%,0,4,4,4,0,0,0
0x90ab92,100%,0,27,27,0,0,0,27
0xa9c91e,100%,0,10,10,0,0,0,10
0x7af535,100%,0,32,32,32,0,0,0
0x8f7881,100%,0,157,157,157,0,0,0
0x6673a0,100%,0,40,40,40,0,0,0
0x61a291,100%,0,5,5,5,0,0,0
0x53e8a0,100%,0,5,5,0,0,0,5
0xa583d1,100%,0,123,123,0,0,0,123
0x4b6769,100%,0,11,11,0,0,0,11
0x4bd732,100%,0,6,6,0,0,0,6
0x8ef48b,100%,0,144,144,0,0,0,144
0x4c2318,100%,0,8,8,0,0,0,8
0x977d57,100%,0,143,143,0,0,0,143
0x5d8c3f,100%,0,10,10,10,0,0,0
0xaa0117,100%,0,3,3,0,0,0,3
0xaa00f2,100%,0,3,3,3,0,0,0
0xa06f45,100%,0,9,9,0,0,0,9
0xaa00c3,100%,0,3,3,3,0,0,0
0x4c2313,100%,0,16,16,8,0,0,8
0xaa00bc,100%,0,3,3,0,0,0,3
0x648f8b,100%,0,2,2,2,0,0,0
0x8ef416,100%,0,451,451,0,0,0,451
0xa6c178,100%,0,4,4,4,0,0,0
0x9fde38,100%,0,7,7,7,0,0,0
0x9f0646,100%,0,10,10,0,0,0,10
0x4b3941,100%,0,4,4,0,0,0,4
0xa9ff98,100%,0,3,3,3,0,0,0
0x99f772,100%,0,13,13,0,0,0,13
0xa9f164,100%,0,168,168,168,0,0,0
0x7d1ef1,100%,0,4,4,0,0,0,4
0x9f2231,100%,0,2,2,0,0,0,2
0xa57443,100%,0,41,41,0,0,0,41
0x49ce60,100%,0,5,5,0,0,0,5
0x4bb5e1,100%,0,52,52,52,0,0,0
0x4bb491,100%,0,52,52,0,0,0,52
0x4b61c4,100%,0,21,21,0,0,0,21
0xa9f2d1,100%,0,3,3,0,0,0,3
0x4b9fda,100%,0,47,47,0,0,0,47
0xa43ab9,100%,0,131,131,0,0,0,131
0x7d41da,100%,0,1,1,0,0,0,1
0xa95a46,100%,0,4,4,0,0,0,4
0xaaaace,100%,0,1,1,0,0,0,1
0x68160e,100%,0,6,6,0,0,0,6
0x9fe1ae,100%,0,25,25,0,0,0,25
0x810508,100%,0,34,34,0,0,0,34
0x962ee9,100%,0,2,2,0,0,0,2
0x805023,100%,0,2,2,0,0,0,2
0x4b5aa8,100%,0,27,27,0,0,0,27
0x4c2320,100%,0,16,16,0,0,0,16
0x49177e,100%,0,1,1,1,0,0,0
0x77cc70,100%,0,16,16,16,0,0,0
0x4b78e6,100%,0,28,28,0,0,0,28
0x81f503,100%,0,4,4,0,0,0,4
0x4b78ba,100%,0,28,28,0,0,0,28
0x40eaa6,100%,0,4,4,4,0,0,0
0xa06049,100%,0,4,4,0,0,0,4
0x67200a,100%,0,2,2,2,0,0,0
0x5f0680,100%,0,80,80,0,0,0,80
0x4b6dc0,100%,0,28,28,0,0,0,28
0x4943a7,100%,0,17,17,17,0,0,0
0x4b78f2,100%,0,28,28,0,0,0,28
0x7be071,100%,0,4,4,0,0,0,4
0x7b6401,100%,0,37,37,0,0,0,37
0xa3295a,100%,0,1,1,1,0,0,0
0x7acd8a,100%,0,2,2,2,0,0,0
0x5575fc,100%,0,27,27,0,0,0,27
0xaae4bf,100%,0,2,2,2,0,0,0
0x9d086c,100%,0,51,51,51,0,0,0
0x9eb3b8,100%,0,32,32,0,0,0,32
0xa48b75,100%,0,167,167,0,0,0,167
0x8ee659,100%,0,42,42,0,0,0,42
0x8ed56c,100%,0,4,4,4,0,0,0
0x5086c2,100%,0,38,38,0,0,0,38
0xa9f34b,100%,0,3,3,0,0,0,3
0x5dda22,100%,0,1,1,0,0,0,1
0x9067a8,100%,0,124,124,0,0,0,124
0xa9f2e9,100%,0,3,3,3,0,0,0
0x7c753a,100%,0,8,8,0,0,0,8
0x61cd94,100%,0,5,5,0,0,0,5
0xa47e72,100%,0,35,35,35,0,0,0
0x9cfcb8,100%,0,36,36,0,0,0,36
0xa05316,100%,0,4,4,0,0,0,4
0xa36e7c,100%,0,10,10,0,0,0,10
0x48d9ac,100%,0,474,474,0,0,0,474
0xa9815b,100%,0,3,3,0,0,0,3
0x58d42c,100%,0,12,12,0,0,0,12
0x818821,100%,0,827,827,0,0,0,827
0x4bd710,100%,0,39,39,0,0,0,39
0xa3638a,100%,0,5,5,0,0,0,5
0x99cf8f,100%,0,9,9,0,0,0,9
0x6d11de,100%,0,4,4,0,0,0,4
0x5d2fa8,100%,0,4,4,4,0,0,0
0x49010e,100%,0,10,10,0,0,0,10
0x6000d7,100%,0,27,27,0,0,0,27
0x9595ec,100%,0,4,4,0,0,0,4
0x65a1d3,100%,0,254,254,254,0,0,0
0x5fb75b,100%,0,55,55,0,0,0,55
0x5f8139,100%,0,150,150,0,0,0,150
0xa56fdd,100%,0,82,82,0,0,0,82
0x817e81,100%,0,55,55,0,0,0,55
0x6d1118,100%,0,4,4,4,0,0,0
0x5fb892,100%,0,55,55,0,0,0,55
0x5fb6c6,100%,0,388,388,0,0,0,388
0x5fb6a6,100%,0,75,75,75,0,0,0
0x7c7ab6,100%,0,24,24,0,0,0,24
0x5fb631,100%,0,2,2,0,0,0,2
0x684190,100%,0,8,8,8,0,0,0
0xb90265,100%,0,5,5,0,0,0,5
0xa9f06e,100%,0,2,2,0,0,0,2
0xa7bee1,100%,0,5,5,0,0,0,5
0x64750e,100%,0,21,21,1,0,0,20
0x5ff364,100%,0,102,102,0,0,0,102
0x9f72b4,100%,0,14,14,14,0,0,0
0x6ebdb8,100%,0,1,1,1,0,0,0
0x4a9b24,100%,0,2,2,0,0,0,2
0x48f74a,100%,0,2,2,2,0,0,0
0xa56f57,100%,0,72,72,0,0,0,72
0x4096b6,100%,0,65,65,65,0,0,0
0x6ec03d,100%,0,1,1,0,0,0,1
0x8e3606,100%,0,2,2,0,0,0,2
0x81f65d,100%,0,4,4,0,0,0,4
0x5f549e,100%,0,2,2,2,0,0,0
0xa28802,100%,0,16,16,0,0,0,16
0x5fe827,100%,0,56,56,0,0,0,56
0x5fb9d8,100%,0,26,26,0,0,0,26
0x5fb9c4,100%,0,26,26,0,0,0,26
0x5fb8ef,100%,0,26,26,26,0,0,0
0x8df2df,100%,0,8,8,8,0,0,0
0x60024a,100%,0,23,23,0,0,0,23
0x7180eb,100%,0,1,1,0,0,0,1
0x5fb8a2,100%,0,55,55,0,0,0,55
0x90fae5,100%,0,2,2,0,0,0,2
0x544302,100%,0,57,57,0,0,0,57
0xa8f81b,100%,0,4,4,0,0,0,4
0xa5748c,100%,0,91,91,91,0,0,0
0x80f336,100%,0,4,4,4,0,0,0
0x5faabd,100%,0,1,1,0,0,0,1
0xa574bc,100%,0,91,91,0,0,0,91
0x9e2c73,100%,0,23,23,0,0,0,23
0x9a12ac,100%,0,152,152,0,0,0,152
0x63f6ce,100%,0,2,2,2,0,0,0
0x5f5664,100%,0,4,4,4,0,0,0
0xa97f09,100%,0,12,12,0,0,0,12
0x48fa26,100%,0,10,10,10,0,0,0
0x90fb0b,100%,0,2,2,2,0,0,0
0xa58f0e,100%,0,119,119,0,0,0,119
0x8fce25,100%,0,44,44,44,0,0,0
0x6708a7,100%,0,6,6,6,0,0,0
0x544b9e,100%,0,57,57,0,0,0,57
0x67ac40,100%,0,6,6,0,0,0,6
0x6667e1,100%,0,2,2,0,0,0,2
0x9edcbf,100%,0,64,64,0,0,0,64
0x5d1818,100%,0,24,24,0,0,0,24
0xa9d412,100%,0,20,20,20,0,0,0
0x98d08a,100%,0,7,7,0,0,0,7
0x9e16e0,100%,0,2,2,2,0,0,0
0x5fac1d,100%,0,1,1,1,0,0,0
0xa57051,100%,0,168,168,0,0,0,168
0x5fdcf2,100%,0,1,1,1,0,0,0
0x5fdc78,100%,0,1,1,0,0,0,1
0x5fdc74,100%,0,1,1,0,0,0,1
0x6b4641,100%,0,1,1,0,0,0,1
0x973664,100%,0,9,9,0,0,0,9
0x8bb677,100%,0,23,23,0,0,0,23
0x510249,100%,0,236,236,0,0,0,236
0xa47093,100%,0,22,22,22,0,0,0
0x99f677,100%,0,102,102,0,0,0,102
0x6071fd,100%,0,20,20,20,0,0,0
0x6071f7,100%,0,20,20,0,0,0,20
0x63f88c,100%,0,2,2,2,0,0,0
0x5f55be,100%,0,4,4,0,0,0,4
0x8dad1a,100%,0,44,44,44,0,0,0
0x647642,100%,0,20,20,20,0,0,0
0x9064b1,100%,0,110,110,0,0,0,110
0x5a8959,100%,0,2,2,0,0,0,2
0x9ec19c,100%,0,56,56,0,0,0,56
0xa46771,100%,0,346,346,346,0,0,0
0x5e3890,100%,0,3,3,3,0,0,0
0x8335d9,100%,0,2,2,0,0,0,2
0x550e15,100%,0,17,17,0,0,0,17
0x80a647,100%,0,210,210,0,0,0,210
0x906a00,100%,0,79,79,0,0,0,79
0x48fabd,100%,0,3,3,0,0,0,3
0x9ecd7d,100%,0,10,10,0,0,0,10
0x905f47,100%,0,128,128,0,0,0,128
0x5bce17,100%,0,964,964,964,0,0,0
0x4bdfec,100%,0,2,2,2,0,0,0
0x490246,100%,0,6,6,0,0,0,6
0x8089b4,100%,0,9,9,0,0,0,9
0x969318,100%,0,86,86,86,0,0,0
0xa0177e,100%,0,40,40,0,0,0,40
0x58ebfa,100%,0,12,12,12,0,0,0
0x833911,100%,0,86,86,86,0,0,0
0x65a06e,100%,0,253,253,0,0,0,253
0xa94a8b,100%,0,76,76,76,0,0,0
0x6083a7,100%,0,126,126,0,0,0,126
0x9eb235,100%,0,56,56,56,0,0,0
0x833b53,100%,0,2,2,2,0,0,0
0x833a3f,100%,0,218,218,0,0,0,218
0x83396a,100%,0,133,133,133,0,0,0
0x9ec11b,100%,0,56,56,56,0,0,0
0x5b184b,100%,0,75,75,0,0,0,75
0x8ff81e,100%,0,100,100,0,0,0,100
0x6196d3,100%,0,75,75,0,0,0,75
0x833884,100%,0,2,2,0,0,0,2
0x833850,100%,0,2,2,0,0,0,2
0xab32db,100%,0,20,20,0,0,0,20
0x8337cd,100%,0,2,2,0,0,0,2
0x5b6058,100%,0,1,1,0,0,0,1
0x65a2aa,100%,0,190,190,190,0,0,0
0x5e06c6,100%,0,4,4,0,0,0,4
0x5f648a,100%,0,2,2,0,0,0,2
0xa94cb2,100%,0,4,4,0,0,0,4
0x6cdce9,100%,0,6,6,6,0,0,0
0x6a7864,100%,0,1,1,1,0,0,0
0x9ec4b3,100%,0,3,3,0,0,0,3
0x9ec25c,100%,0,6,6,6,0,0,0
0x6a78b5,100%,0,1,1,0,0,0,1
0x9eb1f7,100%,0,2,2,2,0,0,0
0x5ff81f,100%,0,46,46,0,0,0,46
0x5f9262,100%,0,3,3,0,0,0,3
0x99dc71,100%,0,15,15,0,0,0,15
0x67ef00,100%,0,10,10,0,0,0,10
0x809302,100%,0,34,34,34,0,0,0
0x7b823d,100%,0,14,14,14,0,0,0
0x6b45e9,100%,0,1,1,0,0,0,1
0x5ff0d2,100%,0,2,2,0,0,0,2
0x8092c7,100%,0,1,1,1,0,0,0
0x6b45fa,100%,0,1,1,0,0,0,1
0xa94c8e,100%,0,4,4,0,0,0,4
0x7a11ef,100%,0,29,29,0,0,0,29
0x5f268b,100%,0,2,2,0,0,0,2
0xa2d76c,100%,0,85,85,85,0,0,0
0x80aede,100%,0,1,1,0,0,0,1
0x7bdb20,100%,0,8,8,0,0,0,8
0xa04216,100%,0,2,2,0,0,0,2
0xa470d2,100%,0,22,22,22,0,0,0
0x8340aa,100%,0,2,2,2,0,0,0
0x5c4cdc,100%,0,5,5,0,0,0,5
0x834067,100%,0,2,2,0,0,0,2
0x80ae3f,100%,0,2,2,0,0,0,2
0xa4d873,100%,0,121,121,0,0,0,121
0x8ed45b,100%,0,6,6,0,0,0,6
0x9049f3,100%,0,185,185,0,0,0,185
0x6a7858,100%,0,1,1,0,0,0,1
0x90487c,100%,0,185,185,0,0,0,185
0x5fbe15,100%,0,112,112,0,0,0,112
0x67eece,100%,0,10,10,10,0,0,0
0x402e16,100%,0,4,4,0,0,0,4
0x64b546,100%,0,12,12,0,0,0,12
0x88dfaf,100%,0,6,6,0,0,0,6
0x65b054,100%,0,13,13,0,0,0,13
0x96e7a8,100%,0,1,1,1,0,0,0
0x5bb315,100%,0,2,2,2,0,0,0
0x8ee3c3,100%,0,45,45,45,0,0,0
0x7d4224,100%,0,1,1,0,0,0,1
0x9a7221,100%,0,5,5,0,0,0,5
0x5f87f0,100%,0,1,1,0,0,0,1
0xa90ed3,100%,0,4,4,0,0,0,4
0x6196cb,100%,0,75,75,0,0,0,75
0x6dce71,100%,0,4,4,4,0,0,0
0xa15dd5,100%,0,8,8,8,0,0,0
0x998933,100%,0,1,1,0,0,0,1
0x820d6d,100%,0,33,33,33,0,0,0
0x9be5bf,100%,0,10,10,10,0,0,0
0xa58469,100%,0,10,10,10,0,0,0
0xa374ab,100%,0,10,10,0,0,0,10
0x48f8dc,100%,0,22,22,0,0,0,22
0x5bb735,100%,0,23,23,23,0,0,0
0x5f7a06,100%,0,207,207,0,0,0,207
0x984044,100%,0,146,146,146,0,0,0
0x4bf186,100%,0,15,15,0,0,0,15
0x7c79aa,100%,0,32,32,0,0,0,32
0xa0606e,100%,0,1,1,0,0,0,1
0x550fff,100%,0,21,21,0,0,0,21
0x49a44e,100%,0,26,26,0,0,0,26
0x81ee04,100%,0,4,4,0,0,0,4
0x648457,100%,0,447,447,0,0,0,447
0x48f698,100%,0,37,37,37,0,0,0
0x972689,100%,0,273,273,0,0,0,273
0xa5766c,100%,0,14,14,0,0,0,14
0x977253,100%,0,2,2,2,0,0,0
0xa4862e,100%,0,4,4,4,0,0,0
0x63f36c,100%,0,200,200,0,0,0,200
0xa920b2,100%,0,4,4,0,0,0,4
0x5f8d1f,100%,0,31,31,0,0,0,31
0x5fba3b,100%,0,2,2,0,0,0,2
0x667184,100%,0,6,6,6,0,0,0
0x99e5b7,100%,0,13,13,0,0,0,13
0x5ffa5b,100%,0,46,46,0,0,0,46
0x7d402a,100%,0,3,3,0,0,0,3
0x977012,100%,0,2,2,0,0,0,2
0x5f8ee2,100%,0,179,179,0,0,0,179
0x5bac79,100%,0,378,378,0,0,0,378
0x5babb0,100%,0,759,759,0,0,0,759
0x5bd8a0,100%,0,170,170,170,0,0,0
0xa96d7a,100%,0,21,21,0,0,0,21
0x63f427,100%,0,2,2,0,0,0,2
0x9d1057,100%,0,8,8,0,0,0,8
0x622ec5,100%,0,5,5,5,0,0,0
0x84370c,100%,0,8,8,0,0,0,8
0x5451e1,100%,0,4,4,0,0,0,4
0x8f1307,100%,0,40,40,0,0,0,40
0x7810d8,100%,0,51,51,51,0,0,0
0xa99d5d,100%,0,11,11,11,0,0,0
0x9e7075,100%,0,5,5,0,0,0,5
0xa4eefd,100%,0,22,22,0,0,0,22
0x543fcb,100%,0,8,8,0,0,0,8
0xa5313c,100%,0,190,190,0,0,0,190
0x670514,100%,0,1,1,0,0,0,1
0x677baa,100%,0,78,78,78,0,0,0
0x90e268,100%,0,160,160,0,0,0,160
0x9ed724,100%,0,59,59,0,0,0,59
0x4b5f0c,100%,0,4,4,0,0,0,4
0xa21b87,100%,0,2,2,0,0,0,2
0xa378cd,100%,0,4,4,0,0,0,4
0x5f7544,100%,0,2,2,0,0,0,2
0x5357cc,100%,0,5,5,0,0,0,5
0x5bb7a6,100%,0,967,967,0,0,0,967
0x8f6aef,100%,0,336,336,0,0,0,336
0x9a6ac0,100%,0,1,1,0,0,0,1
0x4c5eef,100%,0,41,41,0,0,0,41
0x5ef9fe,100%,0,1,1,0,0,0,1
0x5414c4,100%,0,8,8,8,0,0,0
0x49022b,100%,0,54,54,0,0,0,54
0x8ef273,100%,0,48,48,0,0,0,48
0x58ee3e,100%,0,2,2,0,0,0,2
0x49aee6,100%,0,39,39,39,0,0,0
0x547cf0,100%,0,146,146,146,0,0,0
0x4416f7,100%,0,11,11,0,0,0,11
0x90f156,100%,0,200,200,0,0,0,200
0x8f0b03,100%,0,42,42,42,0,0,0
0x8f0bc4,100%,0,48,48,48,0,0,0
0x5fd55f,100%,0,8,8,0,0,0,8
0x7826c1,100%,0,6,6,0,0,0,6
0x5fa673,100%,0,6,6,0,0,0,6
0xa5751b,100%,0,41,41,0,0,0,41
0xa57522,100%,0,41,41,41,0,0,0
0x5fea14,100%,0,62,62,0,0,0,62
0x5bb184,100%,0,7,7,7,0,0,0
0x4b9acb,100%,0,4,4,0,0,0,4
0x5b074e,100%,0,2,2,2,0,0,0
0xa9460f,100%,0,2,2,0,0,0,2
0x5f1f96,100%,0,36,36,36,0,0,0
0x9eca3e,100%,0,4,4,0,0,0,4
0x5fe13c,100%,0,231,231,0,0,0,231
0x60be18,100%,0,10,10,0,0,0,10
0x4c297c,100%,0,1,1,0,0,0,1
0xa5756d,100%,0,41,41,0,0,0,41
0x9e11bc,100%,0,26,26,0,0,0,26
0x40b08e,100%,0,2,2,2,0,0,0
0x8ee224,100%,0,183,183,0,0,0,183
0x8d4338,100%,0,2,2,2,0,0,0
0x4b8f13,100%,0,4,4,0,0,0,4
0x49c849,100%,0,1,1,0,0,0,1
0x48361e,100%,0,27,27,27,0,0,0
0xa572bc,100%,0,41,41,0,0,0,41
0xa572ff,100%,0,41,41,0,0,0,41
0x48fbd6,100%,0,4,4,0,0,0,4
0x5b9b08,100%,0,65,65,0,0,0,65
0xa58727,100%,0,4,4,0,0,0,4
0x8bf18c,100%,0,2,2,0,0,0,2
0x5bad98,100%,0,2,2,0,0,0,2
0x4905d6,100%,0,3,3,3,0,0,0
0x99143e,100%,0,17,17,0,0,0,17
0x9042fa,100%,0,14,14,0,0,0,14
0x5bae00,100%,0,2,2,0,0,0,2
0xa3898f,100%,0,13,13,3,0,0,10
0x4913bd,100%,0,161,161,0,0,0,161
0xa36ca0,100%,0,4,4,4,0,0,0
0xa57381,100%,0,41,41,0,0,0,41
0xa57386,100%,0,41,41,0,0,0,41
0x4905cf,100%,0,3,3,0,0,0,3
0x60be25,100%,0,10,10,0,0,0,10
0xa544ae,100%,0,112,112,112,0,0,0
0xa2f314,100%,0,4,4,4,0,0,0
0xa04413,100%,0,1,1,0,0,0,1
0x8f2a7b,100%,0,40,40,40,0,0,0
0x667113,100%,0,193,193,193,0,0,0
0xa57bac,100%,0,39,39,0,0,0,39
0x5af6d4,100%,0,9,9,0,0,0,9
0x8ee7b3,100%,0,170,170,0,0,0,170
0x5f7afe,100%,0,7,7,0,0,0,7
0x9021ed,100%,0,117,117,0,0,0,117
0x67c5a0,100%,0,1548,1548,0,0,0,1548
0x5f968a,100%,0,8,8,0,0,0,8
0xa366ec,100%,0,152,152,0,0,0,152
0xb498ec,100%,0,12,12,0,0,0,12
0x50352f,100%,0,2,2,2,0,0,0
0x540f43,100%,0,8,8,0,0,0,8
0x540f3a,100%,0,8,8,0,0,0,8
0x8f6922,100%,0,119,119,119,0,0,0
0x9fdb1b,100%,0,25,25,25,0,0,0
0x5416f9,100%,0,8,8,0,0,0,8
0x4c3441,100%,0,23,23,23,0,0,0
0x80eaac,100%,0,526,526,0,0,0,526
0x5fa20e,100%,0,273,273,0,0,0,273
0x9f481a,100%,0,8,8,0,0,0,8
0xa570c8,100%,0,41,41,0,0,0,41
0x7ce798,100%,0,36,36,0,0,0,36
0x9f7d8a,100%,0,9,9,0,0,0,9
0x9064d5,100%,0,110,110,110,0,0,0
0x666d49,100%,0,4,4,0,0,0,4
0xaa08dc,100%,0,6,6,6,0,0,0
0x48fad8,100%,0,3,3,3,0,0,0
0xa571aa,100%,0,41,41,0,0,0,41
0x5fedca,100%,0,385,385,0,0,0,385
0x9912ea,100%,0,108,108,0,0,0,108
0x44164e,100%,0,11,11,0,0,0,11
0x9f02cf,100%,0,94,94,94,0,0,0
0xa571c4,100%,0,14,14,0,0,0,14
0x9f0258,100%,0,94,94,0,0,0,94
0x906a06,100%,0,79,79,0,0,0,79
0x5f7a97,100%,0,1,1,1,0,0,0
0x4bf1e9,100%,0,86,86,0,0,0,86
0x6d4b8e,100%,0,16,16,0,0,0,16
0x83902f,100%,0,16,16,0,0,0,16
0x9ec01a,100%,0,10,10,10,0,0,0
0x839015,100%,0,16,16,0,0,0,16
0xace0d3,100%,0,2,2,0,0,0,2
0x837a63,100%,0,16,16,0,0,0,16
0x4c3b82,100%,0,4,4,4,0,0,0
0x5c33d7,100%,0,8,8,0,0,0,8
0x6a3b47,100%,0,26,26,0,0,0,26
0xa3db39,100%,0,8,8,8,0,0,0
0xa92d4d,100%,0,78,78,78,0,0,0
0x9ea7a3,100%,0,32,32,32,0,0,0
0x8c7eb7,100%,0,2,2,2,0,0,0
0x6f461e,100%,0,6,6,0,0,0,6
0x9bd3af,100%,0,12,12,0,0,0,12
0x62291e,100%,0,10,10,0,0,0,10
0x64cbe5,100%,0,563,563,563,0,0,0
0x976fc1,100%,0,2,2,2,0,0,0
0x9116d1,100%,0,171,171,0,0,0,171
0x88dede,100%,0,2,2,0,0,0,2
0xa970af,100%,0,37,37,37,0,0,0
0x96607d,100%,0,10,10,10,0,0,0
0x9bc83a,100%,0,172,172,172,0,0,0
0x59161b,100%,0,3,3,3,0,0,0
0x9fe486,100%,0,3,3,3,0,0,0
0x533c3d,100%,0,9,9,0,0,0,9
0x837439,100%,0,4,4,0,0,0,4
0x4c9ea5,100%,0,4,4,4,0,0,0
0xa08722,100%,0,4,4,0,0,0,4
0x59f1e8,100%,0,1,1,0,0,0,1
0xa33fb1,100%,0,3,3,0,0,0,3
0x496233,100%,0,6,6,0,0,0,6
0xa96a38,100%,0,37,37,0,0,0,37
0x6717e4,100%,0,2,2,2,0,0,0
0xa97f3b,100%,0,2,2,0,0,0,2
0x4c535e,100%,0,3,3,0,0,0,3
0x8386e2,100%,0,5,5,5,0,0,0
0x8ea1ff,100%,0,144,144,0,0,0,144
0x8381b3,100%,0,5,5,0,0,0,5
0xa0bac5,100%,0,1,1,0,0,0,1
0x4ae587,100%,0,1,1,0,0,0,1
0x804112,100%,0,60,60,0,0,0,60
0xa3d822,100%,0,8,8,8,0,0,0
0xaa4749,100%,0,16,16,0,0,0,16
0x544b95,100%,0,57,57,0,0,0,57
0x8fce08,100%,0,44,44,0,0,0,44
0xa4a7ab,100%,0,2,2,0,0,0,2
0x8fce1b,100%,0,44,44,0,0,0,44
0x48f94c,100%,0,9,9,9,0,0,0
0x723555,100%,0,1446,1446,0,0,0,1446
0x4c75be,100%,0,4,4,4,0,0,0
0x9ec01e,100%,0,10,10,0,0,0,10
0x8dec8e,100%,0,6,6,0,0,0,6
0xa92f4d,100%,0,88,88,0,0,0,88
0x66f64d,100%,0,3,3,0,0,0,3
0x647976,100%,0,64,64,0,0,0,64
0x9ec054,100%,0,10,10,0,0,0,10
0x7d28f0,100%,0,12,12,12,0,0,0
0xa498c9,100%,0,22,22,22,0,0,0
0x5442a6,100%,0,57,57,57,0,0,0
0x5393fd,100%,0,505,505,0,0,0,505
0xa4c615,100%,0,4,4,0,0,0,4
0x8edb83,100%,0,2,2,0,0,0,2
0xa1b04c,100%,0,1,1,0,0,0,1
0x8be45c,100%,0,18,18,0,0,0,18
0x53b8ec,100%,0,11,11,0,0,0,11
0x5ff49f,100%,0,10,10,0,0,0,10
0xa2975a,100%,0,4,4,0,0,0,4
0xb2ffe0,100%,0,628,628,628,0,0,0
0x9bc6ef,100%,0,127,127,0,0,0,127
0x67f3ea,100%,0,2,2,2,0,0,0
0x53935c,100%,0,11,11,0,0,0,11
0x441ac3,100%,0,11,11,11,0,0,0
0x9ea7d0,100%,0,32,32,0,0,0,32
0x803807,100%,0,394,394,0,0,0,394
0x5f94f1,100%,0,3,3,0,0,0,3
0x49fc9e,100%,0,15,15,0,0,0,15
0x4c4dd1,100%,0,2,2,0,0,0,2
0x90a48a,100%,0,44,44,0,0,0,44
0xa92c5b,100%,0,226,226,0,0,0,226
0x843680,100%,0,4,4,0,0,0,4
0xa06285,100%,0,2,2,0,0,0,2
0x697992,100%,0,56,56,56,0,0,0
0xa43058,100%,0,4,4,0,0,0,4
0x80512e,100%,0,2,2,0,0,0,2
0x543d4e,100%,0,187,187,0,0,0,187
0x97b79e,100%,0,69,69,0,0,0,69
0x48eb55,100%,0,83,83,0,0,0,83
0x6815c2,100%,0,6,6,0,0,0,6
0x9f4865,100%,0,4,4,0,0,0,4
0x9c438d,100%,0,2,2,0,0,0,2
0xa99955,100%,0,2,2,1,0,0,1
0x4a7d76,100%,0,1,1,1,0,0,0
0x9f12bc,100%,0,10,10,0,0,0,10
0x675333,100%,0,1,1,0,0,0,1
0x4a2043,100%,0,4,4,4,0,0,0
0x695f91,100%,0,24,24,24,0,0,0
0xa97ac9,100%,0,5,5,0,0,0,5
0xa4724b,100%,0,167,167,0,0,0,167
0x64bb17,100%,0,4,4,0,0,0,4
0x8f38c5,100%,0,116,116,116,0,0,0
0x5c9bb1,100%,0,6,6,0,0,0,6
0x83be6e,100%,0,1,1,0,0,0,1
0xa9ece6,100%,0,226,226,0,0,0,226
0x675493,100%,0,2,2,1,0,0,1
0xaa4c9e,100%,0,3,3,3,0,0,0
0x5e3888,100%,0,3,3,0,0,0,3
0x409e6a,100%,0,16,16,0,0,0,16
0xa34781,100%,0,394,394,394,0,0,0
0xa04acd,100%,0,36,36,36,0,0,0
0x9027d0,100%,0,12,12,0,0,0,12
0x8a240a,100%,0,2,2,2,0,0,0
0x843904,100%,0,4,4,4,0,0,0
0x5c9b88,100%,0,6,6,0,0,0,6
0x6f557f,100%,0,173,173,0,0,0,173
0xa2e2a4,100%,0,64,64,0,0,0,64
0xa0316f,100%,0,2,2,1,0,0,1
0x4ab518,100%,0,6,6,0,0,0,6
0x4c5d2d,100%,0,21,21,21,0,0,0
0x8436ee,100%,0,12,12,0,0,0,12
0x482a08,100%,0,9,9,9,0,0,0
0xb49908,100%,0,2,2,0,0,0,2
0x492df1,100%,0,2,2,2,0,0,0
0x969282,100%,0,175,175,0,0,0,175
0x9be96d,100%,0,16,16,0,0,0,16
0x9ea3bd,100%,0,72,72,0,0,0,72
0x4c70f6,100%,0,18,18,0,0,0,18
0x9ea489,100%,0,72,72,0,0,0,72
0x838f9b,100%,0,18,18,18,0,0,0
0xa95fac,100%,0,8,8,0,0,0,8
0x9017e4,100%,0,27,27,0,0,0,27
0x965f8a,100%,0,2,2,0,0,0,2
0x99cf17,100%,0,9,9,0,0,0,9
0x837534,100%,0,4,4,4,0,0,0
0x5b4314,100%,0,20,20,20,0,0,0
0x4a8782,100%,0,53,53,0,0,0,53
0x837506,100%,0,4,4,4,0,0,0
0x4a8583,100%,0,22,22,0,0,0,22
0x64abdf,100%,0,8,8,0,0,0,8
0x5338a1,100%,0,18,18,0,0,0,18
0x4ba5c6,100%,0,4,4,2,0,0,2
0xad6e47,100%,0,2,2,0,0,0,2
0x8435f4,100%,0,4,4,0,0,0,4
0x805ac5,100%,0,84,84,0,0,0,84
0x9a1f86,100%,0,203,203,203,0,0,0
0x84349b,100%,0,1,1,0,0,0,1
0xa9d314,100%,0,6,6,6,0,0,0
0x8ec904,100%,0,2,2,0,0,0,2
0x8ef2b0,100%,0,48,48,48,0,0,0
0x5f89d6,100%,0,8,8,0,0,0,8
0x80b5c7,100%,0,1,1,0,0,0,1
0x9ebffc,100%,0,10,10,0,0,0,10
0x533e6e,100%,0,4,4,2,0,0,2
0x533e53,100%,0,2,2,0,0,0,2
0x533de7,100%,0,2,2,2,0,0,0
0x533dbd,100%,0,2,2,0,0,0,2
0xa1a302,100%,0,9,9,0,0,0,9
0x88e981,100%,0,39,39,0,0,0,39
0x49985a,100%,0,33,33,0,0,0,33
0xa04248,100%,0,2,2,0,0,0,2
0x7d3e0b,100%,0,3,3,0,0,0,3
0x692361,100%,0,22,22,22,0,0,0
0x6f0a0c,100%,0,16,16,0,0,0,16
0x6dce46,100%,0,4,4,4,0,0,0
0x9d1c71,100%,0,2,2,0,0,0,2
0x6dce96,100%,0,4,4,0,0,0,4
0x9e7dad,100%,0,3,3,0,0,0,3
0x5d8705,100%,0,30,30,0,0,0,30
0x67501f,100%,0,25,25,0,0,0,25
0x6dcea7,100%,0,4,4,0,0,0,4
0x66f72f,100%,0,19,19,19,0,0,0
0x6dcec8,100%,0,4,4,4,0,0,0
0x6f09fc,100%,0,16,16,0,0,0,16
0x610522,100%,0,63,63,0,0,0,63
0x6ebfdb,100%,0,1,1,0,0,0,1
0x5b4a0a,100%,0,2,2,0,0,0,2
0x805e48,100%,0,4,4,4,0,0,0
0x7d40bb,100%,0,53,53,0,0,0,53
0x54469a,100%,0,2,2,0,0,0,2
0x66f63a,100%,0,26,26,0,0,0,26
0x9ead24,100%,0,2,2,0,0,0,2
0x5a875f,100%,0,2,2,0,0,0,2
0x6ed70b,100%,0,1,1,0,0,0,1
0x670d16,100%,0,2,2,2,0,0,0
0x670b50,100%,0,2,2,0,0,0,2
0x670b43,100%,0,2,2,0,0,0,2
0x610216,100%,0,33,33,0,0,0,33
0x837452,100%,0,5,5,0,0,0,5
0x6ed290,100%,0,1,1,1,0,0,0
0x670abf,100%,0,2,2,0,0,0,2
0x6ed6dd,100%,0,1,1,1,0,0,0
0x670a76,100%,0,2,2,0,0,0,2
0x4a9aa0,100%,0,2,2,2,0,0,0
0x90bc37,100%,0,176,176,176,0,0,0
0x4a9b53,100%,0,2,2,2,0,0,0
0x6ed76b,100%,0,1,1,0,0,0,1
0x6ed770,100%,0,1,1,1,0,0,0
0x58da4e,100%,0,209,209,0,0,0,209
0x6f09ef,100%,0,16,16,0,0,0,16
0x66fcbd,100%,0,19,19,0,0,0,19
0x4b5210,100%,0,1,1,0,0,0,1
0x6084b6,100%,0,14,14,0,0,0,14
0x48f7da,100%,0,18,18,0,0,0,18
0xa94b33,100%,0,4,4,0,0,0,4
0x80d565,100%,0,2,2,0,0,0,2
0x5fc477,100%,0,116,116,0,0,0,116
0x900be5,100%,0,334,334,0,0,0,334
0x9eb070,100%,0,109,109,109,0,0,0
0x545a7a,100%,0,8,8,0,0,0,8
0x6cdb4e,100%,0,6,6,6,0,0,0
0xa5672b,100%,0,8,8,6,0,0,2
0x8c8da1,100%,0,8,8,8,0,0,0
0xa94b37,100%,0,4,4,0,0,0,4
0x5fc287,100%,0,2,2,0,0,0,2
0x59c0e0,100%,0,214,214,0,0,0,214
0x6d1efc,100%,0,33,33,0,0,0,33
0x7d404d,100%,0,3,3,3,0,0,0
0xa942ae,100%,0,8,8,8,0,0,0
0xa94257,100%,0,2,2,0,0,0,2
0x48fb0f,100%,0,3,3,0,0,0,3
0x9f9655,100%,0,68,68,0,0,0,68
0x809156,100%,0,513,513,0,0,0,513
0x65b117,100%,0,13,13,0,0,0,13
0x69243b,100%,0,10,10,0,0,0,10
0x66f61c,100%,0,67,67,0,0,0,67
0x4a7da6,100%,0,1,1,1,0,0,0
0x50367b,100%,0,1,1,1,0,0,0
0x6841e7,100%,0,8,8,8,0,0,0
0x804768,100%,0,2,2,2,0,0,0
0xa3d0b9,100%,0,8,8,8,0,0,0
0xa04338,100%,0,1,1,1,0,0,0
0x5fc99a,100%,0,2,2,0,0,0,2
0x67d78e,100%,0,2,2,2,0,0,0
0x9f7c7f,100%,0,13,13,1,0,0,12
0x5fdc89,100%,0,1,1,1,0,0,0
0x804761,100%,0,2,2,0,0,0,2
0x494595,100%,0,2,2,0,0,0,2
0x7d1648,100%,0,65,65,65,0,0,0
0x70e909,100%,0,2,2,2,0,0,0
0x8c832d,100%,0,11,11,0,0,0,11
0x70e96b,100%,0,2,2,2,0,0,0
0x5fc49d,100%,0,2,2,0,0,0,2
0xa4ca16,100%,0,4,4,0,0,0,4
0x90ab6a,100%,0,27,27,0,0,0,27
0x837715,100%,0,5,5,0,0,0,5
0x9e0fd7,100%,0,80,80,0,0,0,80
0x8376a3,100%,0,5,5,0,0,0,5
0x83765b,100%,0,53,53,53,0,0,0
0x83757a,100%,0,33,33,0,0,0,33
0x8374c9,100%,0,5,5,0,0,0,5
0xa052e7,100%,0,4,4,0,0,0,4
0x838ad1,100%,0,2,2,0,0,0,2
0x9ea886,100%,0,2,2,0,0,0,2
0x6d44a7,100%,0,11,11,0,0,0,11
0x9fc4f1,100%,0,14,14,14,0,0,0
0x838a57,100%,0,2,2,0,0,0,2
0x6d44b0,100%,0,11,11,0,0,0,11
0x836568,100%,0,1,1,1,0,0,0
0x7d1ed8,100%,0,4,4,0,0,0,4
0x835f77,100%,0,2,2,0,0,0,2
0x835f6e,100%,0,2,2,0,0,0,2
0x9f8392,100%,0,2,2,2,0,0,0
0x90be08,100%,0,176,176,0,0,0,176
0x48773e,100%,0,36,36,0,0,0,36
0xa5d221,100%,0,61,61,61,0,0,0
0x90ad70,100%,0,44,44,44,0,0,0
0xa90f29,100%,0,4,4,0,0,0,4
0xa2124e,100%,0,8,8,0,0,0,8
0x99f424,100%,0,2,2,2,0,0,0
0x959364,100%,0,4,4,0,0,0,4
0x547b13,100%,0,988,988,988,0,0,0
0x5453c7,100%,0,22,22,0,0,0,22
0xa05c68,100%,0,5,5,5,0,0,0
0x90a5bc,100%,0,44,44,44,0,0,0
0x90a636,100%,0,44,44,44,0,0,0
0xaa4c14,100%,0,3,3,3,0,0,0
0x81440b,100%,0,534,534,0,0,0,534
0x8df8b4,100%,0,4,4,0,0,0,4
0x441537,100%,0,11,11,0,0,0,11
0xa72400,100%,0,4,4,0,0,0,4
0xa3bded,100%,0,8,8,0,0,0,8
0x8377e7,100%,0,5,5,0,0,0,5
0x6994b4,100%,0,1,1,1,0,0,0
0xa34b66,100%,0,75,75,75,0,0,0
0x673a78,100%,0,2,2,2,0,0,0
0x907570,100%,0,23,23,0,0,0,23
0x6737f5,100%,0,2,2,2,0,0,0
0x51b1d7,100%,0,2,2,0,0,0,2
0x6711d6,100%,0,2,2,2,0,0,0
0x5ae477,100%,0,9,9,9,0,0,0
0x9c3ca6,100%,0,9,9,0,0,0,9
0x9eaa84,100%,0,2,2,2,0,0,0
0x67181a,100%,0,2,2,2,0,0,0
0x670e79,100%,0,2,2,2,0,0,0
0x7d3ea2,100%,0,3,3,0,0,0,3
0x915bd2,100%,0,2,2,0,0,0,2
0x670dc6,100%,0,2,2,2,0,0,0
0x48f0bb,100%,0,3,3,0,0,0,3
0x610316,100%,0,33,33,0,0,0,33
0x8045d2,100%,0,17,17,0,0,0,17
0x482eb7,100%,0,19,19,0,0,0,19
0x670d24,100%,0,2,2,0,0,0,2
0x69904a,100%,0,1,1,1,0,0,0
0xa54549,100%,0,2,2,2,0,0,0
0x5d20be,100%,0,3,3,0,0,0,3
0x68b075,100%,0,4,4,4,0,0,0
0xa02b94,100%,0,2,2,0,0,0,2
0x4a97c6,100%,0,4,4,0,0,0,4
0x68b109,100%,0,4,4,0,0,0,4
0x68b13b,100%,0,4,4,4,0,0,0
0x9a1046,100%,0,15,15,15,0,0,0
0x8a643d,100%,0,105,105,0,0,0,105
0x9488bc,100%,0,39,39,0,0,0,39
0x492150,100%,0,1,1,1,0,0,0
0x610f8a,100%,0,2,2,2,0,0,0
0x67f35e,100%,0,2,2,2,0,0,0
0x5f8a0f,100%,0,8,8,8,0,0,0
0x6724db,100%,0,2,2,2,0,0,0
0x67246e,100%,0,2,2,1,0,0,1
0xa4cc0e,100%,0,4,4,0,0,0,4
0x67f418,100%,0,2,2,2,0,0,0
0x67184a,100%,0,2,2,2,0,0,0
