Branch PC,Accuracy,Mispredictions,Correct Predictions,Total,dir_t_pred_t,dir_t_pred_nt,dir_nt_pred_t,dir_nt_pred_nt
aggregate,99.4568%,141044,25824974,25966018,16091918,62026,79018,9733056
0x411cdb,98.101%,16272,840609,856881,755860,7326,8946,84749
0x4120ef,98.3362%,13308,786534,799842,728214,5232,8076,58320
0x411480,97.6721%,12202,511959,524161,419967,4767,7435,91992
0x41ac73,97.9592%,10124,485951,496075,434947,5420,4704,51004
0x41104e,97.9632%,9890,475667,485557,418918,4034,5856,56749
0x410794,96.6914%,8670,253371,262041,212352,3269,5401,41019
0x412633,97.1467%,7467,254226,261693,43449,4072,3395,210777
0x41ae23,98.6017%,6441,454196,460637,437422,1351,5090,16774
0x412d38,99.2813%,5747,793928,799675,703752,2395,3352,90176
0x4130f0,99.1651%,4375,519619,523994,459424,2132,2243,60195
0x4123df,93.8279%,4098,62298,66396,21991,2540,1558,40307
0x4118ce,98.559%,3501,239456,242957,141796,1475,2026,97660
0x410341,98.2141%,2867,157671,160538,28147,1513,1354,129524
0x412fb0,98.8789%,2722,240068,242790,142207,1323,1399,97861
0x4134a1,98.977%,2679,259195,261874,230898,1483,1196,28297
0x41321e,99.454%,2650,482740,485390,430151,1276,1374,52589
0x412e6e,99.7046%,2531,854184,856715,756147,1049,1482,98037
0x410c08,98.866%,1381,120402,121783,67019,634,747,53383
0x4135e8,99.4107%,945,159426,160371,141928,423,522,17498
0x413360,99.3093%,840,120776,121616,75036,327,513,45740
0x41acba,99.8309%,839,495236,496075,388232,361,478,107004
0x40f2d5,83.7296%,739,3803,4542,3630,159,580,173
0x40f66f,93.8448%,430,6556,6986,5700,133,297,856
0x40c713,92.1003%,378,4407,4785,3722,111,267,685
0x40c3fc,92.2048%,373,4412,4785,711,241,132,3701
0x40c0b8,92.7482%,347,4438,4785,3818,91,256,620
0x40bdac,92.8318%,343,4442,4785,623,253,90,3819
0x40bcce,98.3313%,280,16500,16780,295,216,64,16205
0x4157fb,86.3683%,265,1679,1944,272,201,64,1407
0x40aa4d,98.4587%,259,16545,16804,304,207,52,16241
0x40f685,77.6236%,258,895,1153,646,114,144,249
0x40b308,98.5014%,252,16564,16816,316,195,57,16248
0x415803,89.0536%,251,2042,2293,1359,112,139,683
0x40f41e,83.7007%,244,1253,1497,1086,100,144,167
0x409b47,94.6731%,233,4141,4374,1897,86,147,2244
0x409b7f,90.2969%,232,2159,2391,436,158,74,1723
0x401ce3,94.5175%,225,3879,4104,1221,149,76,2658
0x40f567,94.1904%,216,3502,3718,3463,30,186,39
0x4097ea,89.8386%,214,1892,2106,354,157,57,1538
0x401d33,94.9074%,209,3895,4104,1254,129,80,2641
0x401dc4,95.3947%,189,3915,4104,2824,87,102,1091
0x406a70,91.9278%,170,1936,2106,406,105,65,1530
0x402c4d,95.2301%,170,3394,3564,754,111,59,2640
0x409d02,84.4071%,167,904,1071,576,69,98,328
0x405b15,89.9267%,165,1473,1638,286,118,47,1187
0x40840b,89.9267%,165,1473,1638,297,107,58,1176
0x402745,94.9495%,160,3008,3168,676,98,62,2332
0x4087ef,90.4762%,156,1482,1638,294,107,49,1188
0x404bfc,95.0936%,152,2946,3098,2645,58,94,301
0x4040f5,95.1227%,151,2945,3096,2822,47,104,123
0x407968,83.9207%,146,762,908,343,78,68,419
0x40218b,95.5177%,142,3026,3168,676,99,43,2350
0x406cc6,90.8328%,142,1407,1549,314,92,50,1093
0x40de8a,98.135%,142,7472,7614,1741,94,48,5731
0x403608,95.5408%,141,3021,3162,2932,33,108,89
0x4063e7,91.5751%,138,1500,1638,308,93,45,1192
0x416203,92.9527%,137,1807,1944,1694,34,103,113
0x407765,89.6272%,128,1106,1234,48,96,32,1058
0x409965,93.1034%,110,1485,1595,1405,28,82,80
0x409cc8,87.8409%,107,773,880,172,59,48,601
0x40f39a,93%,105,1395,1500,1391,22,83,4
0x40ced6,93.9815%,104,1624,1728,1588,28,76,36
0x409bbc,94.2126%,104,1693,1797,1609,32,72,84
0x406c9b,96.0624%,101,2464,2565,987,29,72,1477
0x41ad1f,99.9497%,99,196677,196776,174861,51,48,21816
0x40d632,94.4444%,96,1632,1728,1587,27,69,45
0x409d27,91.3321%,95,1001,1096,594,51,44,407
0x40a88e,95.5366%,94,2012,2106,1855,17,77,157
0x408879,92.4818%,93,1144,1237,1088,27,66,56
0x40f692,76.8448%,91,302,393,292,16,75,10
0x41ae1d,99.9795%,90,438683,438773,89260,34,56,349423
0x40738b,95.8215%,88,2018,2106,1855,17,71,163
0x41108f,99.8626%,86,62519,62605,9286,34,52,53233
0x40d884,84.7518%,86,478,564,106,55,31,372
0x4078de,86.0269%,83,511,594,120,49,34,391
0x4083d5,86.0269%,83,511,594,425,25,58,86
0x409c9f,93.9043%,79,1217,1296,375,41,38,842
0x40d37d,79.5756%,77,300,377,234,31,46,66
0x411dc7,99.9178%,77,93618,93695,22422,36,41,71196
0x4089f0,86.69%,76,495,571,123,41,35,372
0x415138,96.0905%,76,1868,1944,1450,21,55,418
0x40c657,98.4326%,75,4710,4785,3161,29,46,1549
0x40564b,95.5856%,75,1624,1699,1291,27,48,333
0x4114c1,99.9266%,73,99354,99427,13347,29,44,86007
0x405c10,84.2672%,73,391,464,90,41,32,301
0x401cf1,98.27%,71,4033,4104,3616,32,39,417
0x412629,99.8925%,69,64105,64174,10276,36,33,53829
0x40f2eb,90.8367%,69,684,753,662,10,59,22
0x40d89e,83.1266%,68,335,403,60,38,30,275
0x4108ba,99.8557%,67,46353,46420,9004,39,28,37349
0x40f702,98.2225%,66,3647,3713,2445,33,33,1202
0x40d145,82.7586%,65,312,377,45,46,19,267
0x4021d2,97.3673%,63,2330,2393,2309,16,47,21
0x405b65,94.8947%,63,1171,1234,1124,17,46,47
0x404d3c,96.3222%,63,1650,1713,1539,25,38,111
0x40950d,89.317%,61,510,571,426,23,38,84
0x40332e,98.3165%,60,3504,3564,3154,14,46,350
0x40daca,89.3617%,60,504,564,433,17,43,71
0x412660,99.898%,59,57774,57833,53609,31,28,4165
0x407353,97.6998%,59,2506,2565,2249,31,28,257
0x40473e,98.1193%,58,3026,3084,2689,11,47,337
0x406209,96.4591%,58,1580,1638,1387,17,41,193
0x411c44,99.9427%,57,99462,99519,29776,29,28,69686
0x411cfc,99.9392%,57,93638,93695,5574,25,32,88064
0x402e2f,96.599%,57,1619,1676,877,17,40,742
0x40f593,73.6111%,57,159,216,123,29,28,36
0x402a91,98.2008%,57,3111,3168,2756,16,41,355
0x401d41,98.6355%,56,4048,4104,3626,22,34,422
0x406b90,96.489%,56,1539,1595,1488,12,44,51
0x406482,85.7143%,55,330,385,73,30,25,257
0x4052c1,63.0872%,55,94,149,40,28,27,54
0x411740,99.9446%,55,99205,99260,13333,19,36,85872
0x410c59,99.8984%,55,54075,54130,9953,28,27,44122
0x4084d5,96.7033%,54,1584,1638,1391,13,41,193
0x406ced,95.4506%,52,1091,1143,840,11,41,251
0x4046f4,95.6192%,52,1135,1187,946,26,26,189
0x410473,99.8247%,52,29608,29660,10978,19,33,18630
0x402e51,93.4783%,51,731,782,154,34,17,577
0x410fb4,99.9055%,51,53912,53963,16211,22,29,37701
0x407aa0,77.9221%,51,180,231,76,24,27,104
0x4061a4,89.0086%,51,413,464,359,12,39,54
0x40f432,83.6013%,51,260,311,251,12,39,9
0x402577,98.3902%,51,3117,3168,2761,11,40,356
0x40a83e,98.834%,51,4323,4374,3870,18,33,453
0x409dc4,96.142%,50,1246,1296,1138,14,36,108
0x4079b2,88.1235%,50,371,421,14,35,15,357
0x40bfff,98.9551%,50,4735,4785,3167,23,27,1568
0x4027b2,97.9114%,50,2344,2394,2310,16,34,34
0x4113c4,99.9199%,50,62388,62438,19585,16,34,42803
0x40d15f,82.8671%,49,237,286,35,34,15,202
0x411b94,99.9431%,49,86099,86148,85505,27,22,594
0x402ca5,98.1845%,49,2650,2699,2622,9,40,28
0x411309,99.9215%,49,62389,62438,9270,26,23,53119
0x410edd,99.9092%,49,53914,53963,9926,31,18,43988
0x41223d,99.9262%,49,66347,66396,18253,17,32,48094
0x40f714,96.0324%,49,1186,1235,803,21,28,383
0x40689c,87.5325%,48,337,385,294,19,29,43
0x4119ca,99.9518%,48,99638,99686,29901,23,25,69737
0x412024,99.9487%,48,93480,93528,22323,15,33,71157
0x4068d3,97.0696%,48,1590,1638,1386,18,30,204
0x411907,99.9518%,48,99638,99686,13360,35,13,86278
0x4058b5,88.1313%,47,349,396,330,22,25,19
0x409acd,96.7764%,47,1411,1458,948,24,23,463
0x408a76,80.9917%,46,196,242,20,30,16,176
0x40417c,96.1635%,46,1153,1199,1128,12,34,25
0x412853,99.7468%,46,18118,18164,147,21,25,17971
0x403c3c,96.1506%,46,1149,1195,988,11,35,161
0x410d1a,99.9169%,45,54085,54130,16334,18,27,37751
0x40645c,96.3622%,45,1192,1237,1152,13,32,40
0x411814,99.9557%,44,99216,99260,29759,21,23,69457
0x407a57,69.5035%,43,98,141,22,16,27,76
0x40babf,97.9582%,43,2063,2106,1862,10,33,201
0x41158a,99.9568%,43,99384,99427,29881,18,25,69503
0x408a57,89.4349%,43,364,407,327,16,27,37
0x40c9fb,88.6243%,43,335,378,101,22,21,234
0x41115f,99.9313%,43,62562,62605,19704,16,27,42858
0x40369c,96.4883%,42,1154,1196,1148,8,34,6
0x401cae,97.8909%,41,1903,1944,1476,12,29,427
0x409574,97.4969%,41,1597,1638,1396,8,33,201
0x403c89,98.7029%,41,3120,3161,2754,12,29,366
0x40ca9e,98.0532%,41,2065,2106,1855,17,24,210
0x41175c,99.9523%,41,85867,85908,85448,16,25,419
0x41212f,99.933%,41,61113,61154,60418,18,23,695
0x412645,99.9809%,41,214131,214172,6338,3,38,207793
0x4057b5,89.899%,40,356,396,250,14,26,106
0x408b5a,82.8326%,40,193,233,59,12,28,134
0x409d5f,93.9535%,39,606,645,570,13,26,36
0x401df5,98.0453%,38,1906,1944,1714,14,24,192
0x40f72e,90.7543%,38,373,411,261,15,23,112
0x40f6a1,55.2941%,38,47,85,38,11,27,9
0x409c15,87.108%,37,250,287,25,23,14,225
0x406c35,95.7895%,36,819,855,552,18,18,267
0x411923,99.9583%,36,86255,86291,85578,25,11,677
0x411d18,99.9591%,36,88060,88096,87504,18,18,556
0x401f94,62.766%,35,59,94,34,16,19,25
0x411f5e,99.9626%,35,93493,93528,5560,15,20,87933
0x409bf9,77.5641%,35,121,156,82,9,26,39
0x40db1a,97.9745%,35,1693,1728,1534,2,33,159
0x4106ec,99.8813%,35,29458,29493,10861,17,18,18597
0x41ac53,99.9827%,34,196742,196776,111148,10,24,85594
0x40ca24,97.8107%,34,1519,1553,1479,7,27,40
0x4103a8,99.8854%,34,29626,29660,5969,18,16,23657
0x402ef2,98.012%,33,1627,1660,1477,11,22,150
0x40d3ca,98.0903%,33,1695,1728,1527,9,24,168
0x40e146,96.0993%,33,813,846,746,6,27,67
0x40acb8,99.9745%,33,129162,129195,114814,26,7,14348
0x41155e,99.9876%,32,257605,257637,171565,21,11,86040
0x412276,99.8303%,31,18239,18270,5365,24,7,12874
0x411325,99.9417%,31,53111,53142,52851,8,23,260
0x410629,99.8949%,31,29462,29493,5955,8,23,23507
0x40b885,98.0564%,31,1564,1595,1524,5,26,40
0x411c1e,99.988%,31,257797,257828,171661,19,12,86136
0x401f73,96.3357%,31,815,846,731,21,10,84
0x40d8e0,90.1639%,30,275,305,255,11,19,20
0x40a983,92.4242%,30,366,396,349,3,27,17
0x4121ae,99.9836%,30,182714,182744,121566,24,6,61148
0x408b14,70.297%,30,71,101,15,15,15,56
0x4013c2,80.3922%,30,123,153,122,12,18,1
0x40afcd,98.1191%,30,1565,1595,1553,0,30,12
0x407a87,83.7989%,29,150,179,89,14,15,61
0x407455,92.6768%,29,367,396,338,14,15,29
0x41ad47,99.9867%,29,218611,218640,196749,27,2,21862
0x40f745,79.2593%,28,107,135,85,7,21,22
0x411aed,99.9817%,28,152780,152808,76392,12,16,76388
0x412f4d,99.9816%,28,152348,152376,76175,13,15,76173
0x410d56,99.8288%,28,16324,16352,4413,14,14,11911
0x40b22f,98.6705%,28,2078,2106,1860,12,16,218
0x4158e4,98.5597%,28,1916,1944,1881,8,20,35
0x411ffe,99.9897%,27,263330,263357,175384,20,7,87946
0x40ca76,95.5224%,27,576,603,331,7,20,245
0x40cbff,93.1818%,27,369,396,345,7,20,24
0x4108f6,99.7014%,27,9016,9043,4666,16,11,4350
0x4048c9,93.1818%,27,369,396,341,11,16,28
0x411196,99.8631%,27,19693,19720,4493,12,15,15200
0x4114dd,99.9686%,27,86024,86051,85523,12,15,501
0x4058c6,38.6364%,27,17,44,2,16,11,15
0x410b54,99.9438%,26,46227,46253,8912,12,14,37315
0x40df85,99.6585%,26,7588,7614,6763,5,21,825
0x4117ee,99.9899%,26,257254,257280,171353,19,7,85901
0x408bb9,75.2475%,25,76,101,43,8,17,33
0x40a862,98.2853%,25,1433,1458,1288,8,17,145
0x407aff,82.2695%,25,116,141,81,11,14,35
0x411f7a,99.9716%,25,87928,87953,87431,20,5,497
0x40e7ee,73.4043%,25,69,94,60,10,15,9
0x4103c4,99.8944%,25,23648,23673,23523,7,18,125
0x412884,99.8974%,25,24339,24364,2001,9,16,22338
0x412fbe,99.9194%,24,29756,29780,4447,11,13,25309
0x411b78,99.9759%,24,99495,99519,13364,7,17,86131
0x409c5b,94.4444%,24,408,432,279,9,15,129
0x41199e,99.9907%,24,258161,258185,171881,13,11,86280
0x41218a,99.9624%,23,61131,61154,0,0,23,61131
0x4027e0,88.3838%,23,175,198,43,7,16,132
0x40d1a3,89.4009%,23,194,217,171,8,15,23
0x41515a,98.8169%,23,1921,1944,1723,5,18,198
0x405360,84.5638%,23,126,149,112,6,17,14
0x4022cc,87.4317%,23,160,183,108,10,13,52
0x40e107,99.6962%,23,7548,7571,6728,4,19,820
0x411a06,99.9265%,22,29902,29924,4440,16,6,25462
0x401412,85.6209%,22,131,153,128,8,14,3
0x40340f,94.4444%,22,374,396,350,2,20,24
0x412113,99.9669%,22,66374,66396,5234,8,14,61140
0x403e6c,94.4444%,22,374,396,343,9,13,31
0x41088e,99.9827%,22,127244,127266,84763,19,3,42481
0x40c9a2,98.6207%,22,1573,1595,1549,4,18,24
0x402de7,96.4765%,21,575,596,399,9,12,176
0x41621d,90.2778%,21,195,216,184,8,13,11
0x40ea3f,77.6596%,21,73,94,5,19,2,68
0x41295a,99.9138%,21,24343,24364,13766,5,16,10577
0x40224b,88.7097%,21,165,186,37,14,7,128
0x406d2d,92.8082%,21,271,292,250,6,15,21
0x40f59e,67.1875%,21,43,64,34,4,17,9
0x410cee,99.9849%,20,132253,132273,88110,14,6,44143
0x411eee,99.9627%,20,53671,53691,35786,8,12,17885
0x4107ed,99.9569%,20,46400,46420,3930,6,14,42470
0x40db5c,89.5833%,20,172,192,161,7,13,11
0x4013d0,86.9281%,20,133,153,128,8,12,5
0x412d46,99.9105%,20,22318,22338,4499,14,6,17819
0x40e8b4,98.9712%,20,1924,1944,1722,6,14,202
0x4058a9,99.4669%,19,3545,3564,3163,5,14,382
0x40e2ad,97.7541%,19,827,846,748,4,15,79
0x401a84,99.0226%,19,1925,1944,444,12,7,1481
0x40285c,89.6739%,19,165,184,121,9,10,44
0x411f12,99.9797%,19,93676,93695,93676,19,0,0
0x410a85,99.9589%,19,46234,46253,3909,3,16,42325
0x40e1e0,99.9722%,19,68363,68382,60780,4,15,7583
0x40565c,99.3839%,19,3065,3084,371,11,8,2694
0x408b40,82.5688%,19,90,109,61,10,9,29
0x40a992,56.8182%,19,25,44,7,11,8,18
0x411ac0,99.9751%,19,76385,76404,0,0,19,76385
0x40ca95,96.8491%,19,584,603,531,5,14,53
0x411b29,99.9809%,19,99667,99686,99667,19,0,0
0x402e78,96.9697%,18,576,594,369,9,9,207
0x4110ab,99.9662%,18,53267,53285,52922,8,10,345
0x4116ad,99.9882%,18,152346,152364,76174,8,10,76172
0x405c98,60.8696%,18,28,46,5,8,10,23
0x405c52,94.5946%,18,315,333,313,6,12,2
0x40ca1a,95.2381%,18,360,378,334,2,16,26
0x411e06,99.9199%,18,22440,22458,4553,8,10,17887
0x41126d,99.9803%,18,91272,91290,45639,6,12,45633
0x410ef9,99.9591%,18,43988,44006,43896,8,10,92
0x40c953,99.6238%,18,4767,4785,3178,12,6,1589
0x4064d8,71.875%,18,46,64,6,10,8,40
0x41abe6,99.9588%,18,43710,43728,21861,3,15,21849
0x4073aa,92.3077%,18,216,234,202,6,12,14
0x411b02,99.9764%,18,76386,76404,50921,15,3,25465
0x41292e,99.9745%,17,66757,66774,44415,5,12,22342
0x40e8a8,99.9028%,17,17479,17496,15542,10,7,1937
0x40d414,91.1458%,17,175,192,162,6,11,13
0x40c2fb,99.6447%,17,4768,4785,3187,3,14,1581
0x41308d,99.9888%,17,151915,151932,75954,12,5,75961
0x40b570,99.9868%,17,129178,129195,114826,14,3,14352
0x412a4e,99.9711%,17,58759,58776,29382,6,11,29377
0x40c9ff,93.3333%,17,238,255,86,7,10,152
0x411fdd,99.9807%,17,87936,87953,0,0,17,87936
0x40df9f,98.1087%,16,830,846,747,5,11,83
0x411edd,99.9851%,16,107366,107382,53681,10,6,53685
0x40cc13,63.6364%,16,28,44,11,9,7,17
0x41adab,99.9909%,16,174896,174912,174896,16,0,0
0x401f62,99.7899%,16,7598,7614,6760,8,8,838
0x40e066,99.7889%,16,7562,7578,7562,9,7,0
0x4064c2,94.3262%,16,266,282,263,3,13,3
0x40b0eb,61.9048%,16,26,42,23,7,9,3
0x40f6f2,99.7708%,16,6966,6982,3492,1,15,3474
0x40f578,92.8889%,16,209,225,192,5,11,17
0x409b92,99.9011%,16,16157,16173,14364,12,4,1793
0x403600,99.9438%,16,28442,28458,25282,14,2,3160
0x410c75,99.9638%,16,44133,44149,43964,11,5,169
0x401de2,98.9035%,15,1353,1368,905,7,8,448
0x40f315,60.5263%,15,23,38,13,6,9,10
0x406d49,85%,15,85,100,25,10,5,60
0x40135c,90.1961%,15,138,153,135,1,14,3
0x40cada,93.5897%,15,219,234,151,5,10,68
0x411d8e,99.9943%,15,263699,263714,175605,13,2,88094
0x4178f3,95.4955%,15,318,333,0,6,9,318
0x41153a,99.9826%,15,86036,86051,0,0,15,86036
0x41043e,99.9788%,15,70861,70876,47194,9,6,23667
0x401ad6,99.2284%,15,1929,1944,1723,5,10,206
0x40defd,99.9712%,15,51996,52011,46219,13,2,5777
0x412ca6,99.961%,15,38412,38427,0,0,15,38412
0x412bae,99.9918%,15,182372,182387,121366,10,5,61006
0x410809,99.9647%,15,42469,42484,42293,5,10,176
0x40de09,98.3452%,14,832,846,750,2,12,82
0x41298f,99.8983%,14,13757,13771,3967,8,6,9790
0x417924,94.9275%,14,262,276,0,5,9,262
0x410e3d,99.9804%,14,71536,71550,35765,10,4,35771
0x40bcdd,99.9139%,14,16255,16269,10997,10,4,5258
0x40b8ec,78.7879%,14,52,66,15,10,4,37
0x407449,99.6072%,14,3550,3564,3163,5,9,387
0x40a8ad,94.0171%,14,220,234,204,4,10,16
0x41309e,99.9816%,14,75952,75966,50636,8,6,25316
0x40f6b1,61.1111%,14,22,36,10,5,9,12
0x411680,99.9816%,14,76168,76182,0,0,14,76168
0x401420,91.5033%,13,140,153,133,3,10,7
0x40736f,98.4795%,13,842,855,758,2,11,84
0x408837,99.8832%,13,11120,11133,9889,7,6,1231
0x40e729,98.4634%,13,833,846,749,3,10,84
0x41249e,99.9806%,13,67118,67131,44624,10,3,22494
0x413011,99.9829%,13,75953,75966,75953,13,0,0
0x40e0c5,63.8889%,13,23,36,2,8,5,21
0x40eb6a,93.9815%,13,203,216,186,6,7,17
0x40f2f5,83.9506%,13,68,81,20,10,3,48
0x412f5e,99.9829%,13,76175,76188,50781,11,2,25394
0x41124a,99.9715%,13,45632,45645,0,0,13,45632
0x407ac2,98.5556%,13,887,900,792,8,5,95
0x4105c3,99.9562%,13,29647,29660,29647,13,0,0
0x40c8fb,99.9623%,13,34484,34497,30651,13,0,3833
0x40e8c0,94.4444%,12,204,216,188,4,8,16
0x407ac7,88%,12,88,100,88,6,6,0
0x40eaeb,94.4444%,12,204,216,192,0,12,12
0x40e936,94.4444%,12,204,216,188,4,8,16
0x4179d3,94.7598%,12,217,229,1,3,9,216
0x412b1c,99.9803%,12,60999,61011,60358,7,5,641
0x40e0d5,53.8462%,12,14,26,3,4,8,11
0x41ae54,99.9726%,12,43716,43728,21857,7,5,21859
0x41267d,99.9511%,12,24519,24531,24496,8,4,23
0x40280d,99.0991%,12,1320,1332,1174,10,2,146
0x413281,99.9663%,12,35547,35559,35547,12,0,0
0x4115c6,99.9599%,12,29887,29899,4498,7,5,25389
0x412403,99.9511%,12,24519,24531,2034,0,12,22485
0x40a977,99.6633%,12,3552,3564,3165,3,9,387
0x40a96b,99.9626%,12,32064,32076,28503,9,3,3561
0x40743d,99.9626%,12,32064,32076,28505,7,5,3559
0x4131cd,99.9868%,12,90846,90858,45421,8,4,45425
0x40e62a,99.8418%,12,7572,7584,6743,0,12,829
0x409cdb,99.7946%,12,5829,5841,5188,4,8,641
0x410aa1,99.9717%,12,42329,42341,42223,4,8,106
0x40ca7a,95.4717%,12,253,265,147,7,5,106
0x40d62d,99.9228%,12,15540,15552,13815,9,3,1725
0x4117bf,99.986%,12,85896,85908,0,0,12,85896
0x402f0f,97.931%,12,568,580,526,2,10,42
0x40acc3,99.9234%,11,14344,14355,12754,6,5,1590
0x4046ad,57.6923%,11,15,26,6,6,5,9
0x40b24f,95.2991%,11,223,234,208,0,11,15
0x410f8e,99.9917%,11,131905,131916,87902,8,3,44003
0x410b02,99.974%,11,42330,42341,0,0,11,42330
0x412cde,99.9714%,11,38416,38427,25610,8,3,12806
0x409df7,97.4537%,11,421,432,382,2,9,39
0x4033f9,99.6914%,11,3553,3564,3166,2,9,387
0x403690,99.8978%,11,10753,10764,9561,7,4,1192
0x4112a5,99.9824%,11,62594,62605,62594,11,0,0
0x4124bf,99.9552%,11,24520,24531,13886,5,6,10634
0x41322c,99.9322%,11,16222,16233,4374,6,5,11848
0x405638,63.3333%,11,19,30,9,5,6,10
0x40589d,99.9657%,11,32065,32076,28505,7,4,3560
0x40ea00,99.8555%,11,7603,7614,6767,1,10,836
0x40e266,99.8551%,11,7582,7593,6750,2,9,832
0x411a71,99.9856%,11,76393,76404,76393,11,0,0
0x411eba,99.9795%,11,53680,53691,0,0,11,53680
0x412c00,99.9394%,11,18139,18150,5338,3,8,12801
0x40f57e,64.2857%,10,18,28,16,3,7,2
0x410e10,99.972%,10,35765,35775,0,0,10,35765
0x40e5c3,54.5455%,10,12,22,1,4,6,11
0x40b995,84.8485%,10,56,66,0,7,3,56
0x41112e,99.9937%,10,159490,159500,106210,5,5,53280
0x412a20,99.966%,10,29378,29388,0,0,10,29378
0x4128a0,99.9553%,10,22344,22354,22059,7,3,285
0x40bf9f,99.9716%,10,35171,35181,31263,9,1,3908
0x412bcc,99.9849%,10,66219,66229,18148,2,8,48071
0x412832,99.9592%,10,24494,24504,6339,2,8,18155
0x40ddfd,99.8687%,10,7604,7614,6762,6,4,842
0x412372,99.9741%,10,38633,38643,25756,6,4,12877
0x40f325,99.7789%,10,4513,4523,3018,5,5,1495
0x40cbf3,99.7194%,10,3554,3564,3167,1,9,387
0x40e061,99.9853%,10,68192,68202,60616,8,2,7576
0x409840,99.9303%,10,14345,14355,12752,8,2,1593
0x412ac8,99.9849%,10,66219,66229,0,0,10,66219
0x40e568,99.8682%,10,7579,7589,7579,5,5,0
0x412df6,99.9813%,10,53465,53475,0,0,10,53465
0x417634,78.7234%,10,37,47,1,6,4,36
0x4132d8,99.9719%,10,35549,35559,0,0,10,35549
0x40e1e5,99.8684%,10,7588,7598,7588,5,5,0
0x41a64a,97.9167%,9,423,432,380,4,5,43
0x412330,99.9767%,9,38634,38643,0,0,9,38634
0x40eadd,99.537%,9,1935,1944,1725,3,6,210
0x40f3d1,59.0909%,9,13,22,6,7,2,7
0x458d85,99.959%,9,21951,21960,0,0,9,21951
0x458e39,99.959%,9,21951,21960,0,0,9,21951
0x412e2e,99.9832%,9,53466,53475,35645,5,4,17821
0x41137f,99.9831%,9,53133,53142,0,0,9,53133
0x402595,97.7273%,9,387,396,349,3,6,38
0x401b2c,95.8333%,9,207,216,189,3,6,18
0x412ccd,99.9883%,9,76845,76854,38419,8,1,38426
0x412903,99.9597%,9,22345,22354,0,0,9,22345
0x412f2c,99.9882%,9,76179,76188,0,0,9,76179
0x40f5bb,74.2857%,9,26,35,5,4,5,21
0x40e662,98.9362%,9,837,846,562,2,7,275
0x41139e,99.9943%,9,159134,159143,105996,5,4,53138
0x411bef,99.9896%,9,86139,86148,0,0,9,86139
0x40742e,99.7475%,9,3555,3564,0,0,9,3555
0x412ed1,99.9882%,9,76179,76188,76179,9,0,0
0x40f2b3,99.7033%,9,3024,3033,1515,4,5,1509
0x40d861,99.8227%,9,5067,5076,4508,4,5,559
0x402ea9,95.8333%,9,207,216,197,0,9,10
0x407460,79.5455%,9,35,44,12,6,3,23
0x4130fe,99.9541%,9,19592,19601,4456,2,7,15136
0x40f3a4,55%,9,11,20,4,5,4,7
0x40d920,76.9231%,9,30,39,18,1,8,12
0x40f2a3,99.8018%,9,4533,4542,3029,4,5,1504
0x40f6bb,57.1429%,9,12,21,0,1,8,12
0x45c3c7,99.9636%,8,21952,21960,0,0,8,21952
0x40e9f4,99.9883%,8,68518,68526,60909,3,5,7609
0x45c353,99.9636%,8,21952,21960,0,0,8,21952
0x413caa,83.3333%,8,40,48,21,3,5,19
0x417734,97.7778%,8,352,360,319,1,7,33
0x406e1f,50%,8,8,16,8,4,4,0
0x41041a,99.9662%,8,23665,23673,0,0,8,23665
0x41ac79,99.9856%,8,55700,55708,55700,8,0,0
0x410dc1,99.9776%,8,35767,35775,35767,8,0,0
0x40621c,96.5812%,8,226,234,203,5,3,23
0x4015d6,96.2963%,8,208,216,189,3,5,19
0x402819,94.5946%,8,140,148,130,3,5,10
0x412e7c,99.9732%,8,29797,29805,4409,0,8,25388
0x40d122,99.7642%,8,3385,3393,3009,7,1,376
0x40279d,99.9629%,8,21538,21546,19145,7,1,2393
0x40bcc9,99.8614%,8,5765,5773,0,0,8,5765
0x45c9e3,99.9636%,8,21952,21960,0,0,8,21952
0x41aafc,99.9634%,8,21856,21864,0,0,8,21856
0x40775d,99.928%,8,11098,11106,9864,8,0,1234
0x4175a4,85.1852%,8,46,54,41,7,1,5
0x4021cd,99.9629%,8,21529,21537,19137,7,1,2392
0x408b81,90.1408%,7,64,71,63,1,6,1
0x410645,99.9703%,7,23523,23530,23452,7,0,71
0x4131ac,99.9846%,7,45422,45429,0,0,7,45422
0x40f309,85.7143%,7,42,49,9,2,5,33
0x417a8b,85.1064%,7,40,47,40,1,6,0
0x41306c,99.9908%,7,75959,75966,0,0,7,75959
0x402f3f,95.1389%,7,137,144,127,1,6,10
0x4073bd,84.0909%,7,37,44,0,0,7,37
0x40641f,99.9371%,7,11126,11133,9890,6,1,1236
0x40b317,99.9571%,7,16298,16305,14703,7,0,1595
0x412b00,99.9894%,7,66222,66229,5212,6,1,61010
0x4156eb,99.88%,7,5825,5832,0,0,7,5825
0x41241f,99.9689%,7,22490,22497,22135,2,5,355
0x45c3a3,99.9681%,7,21953,21960,0,0,7,21953
0x4157b6,99.96%,7,17489,17496,11658,6,1,5831
0x410e76,99.9871%,7,54123,54130,54123,7,0,0
0x45a86d,99.9681%,7,21953,21960,21953,7,0,0
0x41260c,99.9715%,7,24524,24531,13996,1,6,10528
0x402ae5,98.2323%,7,389,396,352,0,7,37
0x40e248,53.3333%,7,8,15,1,4,3,7
0x40e79e,92.2222%,7,83,90,79,1,6,4
0x40e5c8,58.8235%,7,10,17,0,5,2,10
0x406dfc,70.8333%,7,17,24,2,6,1,15
0x409582,97.0085%,7,227,234,206,2,5,21
0x40f5ce,73.0769%,7,19,26,0,6,1,19
0x410a16,99.9849%,7,46413,46420,46413,7,0,0
0x412e1d,99.9935%,7,106943,106950,53472,3,4,53471
0x40cb1f,91.0256%,7,71,78,50,2,5,21
0x41059e,99.96%,7,17492,17499,11662,4,3,5830
0x4098af,99.5611%,7,1588,1595,0,0,7,1588
0x45c3d0,99.9681%,7,21953,21960,0,0,7,21953
0x458d63,99.9727%,6,21954,21960,0,0,6,21954
0x40ced1,99.9614%,6,15546,15552,13823,1,5,1723
0x414d9b,87.5%,6,42,48,22,2,4,20
0x40763c,99.7151%,6,2100,2106,1866,6,0,234
0x40b57b,99.9582%,6,14349,14355,12759,1,5,1590
0x4132fd,99.9916%,6,71112,71118,35555,4,2,35557
0x41aaec,99.9726%,6,21858,21864,0,0,6,21858
0x410e52,99.9832%,6,35769,35775,23846,4,2,11923
0x4104b6,99.9454%,6,10991,10997,5160,4,2,5831
0x4019c5,97.2222%,6,210,216,192,0,6,18
0x4173d4,77.7778%,6,21,27,20,1,5,1
0x45c9ec,99.9727%,6,21954,21960,21954,6,0,0
0x402e9d,99.6914%,6,1938,1944,1728,0,6,210
0x458dba,99.9727%,6,21954,21960,0,0,6,21954
0x40dfee,99.9208%,6,7572,7578,0,0,6,7572
0x410b2e,99.9953%,6,126903,126909,84568,0,6,42335
0x40b034,85.7143%,6,36,42,0,3,3,36
0x40ff91,99.967%,6,18181,18187,0,0,6,18181
0x458d6d,99.9727%,6,21954,21960,0,0,6,21954
0x45c367,99.9727%,6,21954,21960,0,0,6,21954
0x40f766,86.0465%,6,37,43,34,3,3,3
0x46fdac,99.6672%,6,1797,1803,1797,6,0,0
0x4134b7,99.9448%,6,10872,10878,5114,3,3,5758
0x4024c3,77.7778%,6,21,27,17,4,2,4
0x41343d,99.9767%,6,25728,25734,12866,1,5,12862
0x402c9d,99.9753%,6,24285,24291,21588,4,2,2697
0x45c3ac,99.9727%,6,21954,21960,21954,6,0,0
0x4125dd,99.9899%,6,59202,59208,29601,3,3,29601
0x411631,99.9921%,6,76176,76182,76176,6,0,0
0x415707,99.8971%,6,5826,5832,0,0,6,5826
0x4064b6,99.7636%,6,2532,2538,2253,3,3,279
0x411d6a,99.9932%,6,88090,88096,0,0,6,88090
0x40334d,98.4848%,6,390,396,350,2,4,40
0x406ddb,77.7778%,6,21,27,2,1,5,19
0x4116c2,99.9921%,6,76176,76182,50785,3,3,25391
0x40d1db,84.2105%,6,32,38,18,2,4,14
0x4116e9,99.994%,6,99421,99427,99421,6,0,0
0x40b0c8,94.8718%,6,111,117,111,4,2,0
0x4023a2,77.7778%,6,21,27,20,4,2,1
0x40aada,99.9582%,6,14349,14355,12756,4,2,1593
0x412a5f,99.9796%,6,29382,29388,19591,1,5,9791
0x40ea11,99.2908%,6,840,846,748,4,2,92
0x4111e1,99.9869%,6,45639,45645,45639,6,0,0
0x458d97,99.9772%,5,21955,21960,0,0,5,21955
0x45c3bb,99.9772%,5,21955,21960,0,0,5,21955
0x40bae1,97.8632%,5,229,234,208,0,5,21
0x40b215,94.9495%,5,94,99,94,3,2,0
0x40f5a8,80.7692%,5,21,26,0,0,5,21
0x4019b9,99.7428%,5,1939,1944,1728,0,5,211
0x40af66,99.6865%,5,1590,1595,0,0,5,1590
0x401f4f,99.9927%,5,68521,68526,60910,2,3,7611
0x40e243,75%,5,15,20,3,2,3,12
0x41abd9,99.9771%,5,21859,21864,0,0,5,21859
0x406b23,99.8955%,5,4780,4785,0,0,5,4780
0x40541f,83.871%,5,26,31,1,0,5,25
0x402d90,99.183%,5,607,612,403,5,0,204
0x402481,81.4815%,5,22,27,22,2,3,0
0x4157c7,99.9143%,5,5827,5832,3887,1,4,1940
0x408b27,99.2175%,5,634,639,568,0,5,66
0x41197a,99.9942%,5,86286,86291,0,0,5,86286
0x4033ed,99.9844%,5,32071,32076,28509,3,2,3562
0x40e67f,98.227%,5,277,282,186,2,3,91
0x41336e,99.944%,5,8919,8924,4633,2,3,4286
0x40e5d4,70.5882%,5,12,17,11,1,4,1
0x409924,99.9652%,5,14350,14355,9565,5,0,4785
0x4131de,99.989%,5,45424,45429,30282,4,1,15142
0x404385,91.5254%,5,54,59,4,2,3,50
0x40cbe7,99.9844%,5,32071,32076,28508,4,1,3563
0x406932,97.8632%,5,229,234,206,2,3,23
0x4109dd,99.9809%,5,26161,26166,13082,1,4,13079
0x40f5ec,37.5%,5,3,8,1,3,2,2
0x4125b0,99.9831%,5,29599,29604,0,0,5,29599
0x4040f0,99.9821%,5,27859,27864,24763,5,0,3096
0x45a267,99.9772%,5,21955,21960,21955,5,0,0
0x401dd6,99.8782%,5,4099,4104,2734,2,3,1365
0x4040ae,99.8385%,5,3091,3096,0,0,5,3091
0x417aab,81.4815%,5,22,27,21,3,2,1
0x4106ce,99.9929%,5,70514,70519,46984,5,0,23530
0x41069d,99.9788%,5,23525,23530,0,0,5,23525
0x41110a,99.9906%,5,53280,53285,0,0,5,53280
0x4023e2,81.4815%,5,22,27,18,3,2,4
0x410cca,99.9887%,5,44144,44149,0,0,5,44144
0x412da1,99.9906%,5,53470,53475,53470,5,0,0
0x40f6e7,37.5%,5,3,8,2,2,3,1
0x4125f2,99.9831%,5,29599,29604,19734,2,3,9865
0x40f3dc,44.4444%,5,4,9,2,2,3,2
0x458e0f,99.9772%,5,21955,21960,21955,5,0,0
0x4177a3,98.6111%,5,355,360,319,1,4,36
0x40f6d0,54.5455%,5,6,11,0,1,4,6
0x4038a6,87.5%,5,35,40,24,3,2,11
0x4174d4,90.7407%,5,49,54,47,1,4,2
0x4057c6,96.9697%,4,128,132,87,1,3,41
0x402900,96.8254%,4,122,126,108,4,0,14
0x41127e,99.9912%,4,45641,45645,30427,3,1,15214
0x40b394,99.9721%,4,14351,14355,12756,4,0,1595
0x408b65,97.5309%,4,158,162,0,0,4,158
0x413511,99.9769%,4,17279,17283,17279,4,0,0
0x409ba4,99.7774%,4,1793,1797,0,0,4,1793
0x4014f2,97.3856%,4,149,153,149,2,2,0
0x406b35,99.9721%,4,14351,14355,9567,3,1,4784
0x40e73a,95.7447%,4,90,94,8,2,2,82
0x405b5d,99.964%,4,11102,11106,9868,4,0,1234
0x40791d,99.8954%,4,3821,3825,3397,3,1,424
0x45a275,99.9818%,4,21956,21960,0,0,4,21956
0x409d75,93.5484%,4,58,62,52,2,2,6
0x4177e0,98.8889%,4,356,360,319,1,3,37
0x408ba2,93.6508%,4,59,63,55,1,3,4
0x417792,98.8889%,4,356,360,0,0,4,356
0x4086ee,99.8101%,4,2102,2106,1870,2,2,232
0x458d75,99.9818%,4,21956,21960,0,0,4,21956
0x4122e1,99.9896%,4,38639,38643,38639,4,0,0
0x41235d,99.9948%,4,77282,77286,38642,1,3,38640
0x406d21,99.8478%,4,2624,2628,2333,3,1,291
0x401e2c,98.1481%,4,212,216,189,3,1,23
0x403a3a,90%,4,36,40,33,3,1,3
0x402950,96.8254%,4,122,126,108,4,0,14
0x4047fc,96.2963%,4,104,108,95,1,3,9
0x405c4d,99.8665%,4,2993,2997,2662,2,2,331
0x4020fd,99.8878%,4,3560,3564,3164,4,0,396
0x40f6c6,80%,4,16,20,8,1,3,8
0x40aa5c,99.9754%,4,16289,16293,14694,4,0,1595
0x406e7a,85.1852%,4,23,27,23,1,3,0
0x4129d1,99.9864%,4,29384,29388,29384,4,0,0
0x40aa14,99.8101%,4,2102,2106,0,0,4,2102
0x458da8,99.9818%,4,21956,21960,0,0,4,21956
0x40ce12,99.7685%,4,1724,1728,1534,2,2,190
0x40b975,96.748%,4,119,123,119,2,2,0
0x4089ff,99.8908%,4,3659,3663,3253,3,1,406
0x403284,97.2222%,4,140,144,95,1,3,45
0x413418,99.9689%,4,12863,12867,0,0,4,12863
0x40a95c,99.8878%,4,3560,3564,0,0,4,3560
0x405d91,33.3333%,4,2,6,2,3,1,0
0x410f62,99.9909%,4,44002,44006,0,0,4,44002
0x403bcd,88.8889%,4,32,36,30,2,2,2
0x40c5ef,99.9884%,4,34493,34497,30662,2,2,3831
0x41b25d,99.3289%,4,592,596,297,1,3,295
0x40af3a,99.9791%,3,14352,14355,12759,1,2,1593
0x403d0d,66.6667%,3,6,9,6,2,1,0
0x4022b1,88.8889%,3,24,27,23,1,2,1
0x405a3e,99.8575%,3,2103,2106,1872,0,3,231
0x40232f,88.8889%,3,24,27,23,1,2,1
0x4084e1,98.7179%,3,231,234,208,0,3,23
0x414055,98.6111%,3,213,216,191,1,2,22
0x411e51,99.9944%,3,53688,53691,53688,3,0,0
0x401503,98.0392%,3,150,153,102,0,3,48
0x41b449,99.8881%,3,2679,2682,1786,2,1,893
0x41058d,99.9914%,3,34995,34998,17499,0,3,17496
0x4019ad,99.9829%,3,17493,17496,15552,0,3,1941
0x4023f0,88.8889%,3,24,27,24,0,3,0
0x402754,99.8747%,3,2391,2394,0,0,3,2391
0x41086a,99.9929%,3,42481,42484,0,0,3,42481
0x402422,88.8889%,3,24,27,23,1,2,1
0x40f60f,25%,3,1,4,1,0,3,0
0x40eb5e,99.8457%,3,1941,1944,1725,3,0,216
0x458dc9,99.9863%,3,21957,21960,21957,3,0,0
0x40da4a,85%,3,17,20,17,2,1,0
0x40dde9,99.6454%,3,843,846,0,0,3,843
0x40b7f2,99.9791%,3,14352,14355,12757,3,0,1595
0x45a255,99.9863%,3,21957,21960,0,0,3,21957
0x40dd9d,96.8085%,3,91,94,0,0,3,91
0x458e2f,99.9863%,3,21957,21960,21957,3,0,0
0x45c9ca,99.9863%,3,21957,21960,0,0,3,21957
0x41358d,99.9913%,3,34563,34566,17282,1,2,17281
0x40e792,99.6296%,3,807,810,718,2,1,89
0x408a52,99.9181%,3,3660,3663,3253,3,0,407
0x408874,99.9731%,3,11130,11133,9893,3,0,1237
0x45c37b,99.9863%,3,21957,21960,21957,3,0,0
0x4159e0,94.5455%,3,52,55,0,0,3,52
0x4117ab,99.3243%,3,441,444,0,0,3,441
0x405d4d,91.6667%,3,33,36,32,0,3,1
0x409d32,99.3348%,3,448,451,0,0,3,448
0x45a20a,99.9863%,3,21957,21960,0,0,3,21957
0x40e460,99.9605%,3,7586,7589,0,0,3,7586
0x404045,99.9158%,3,3561,3564,3168,0,3,393
0x40ead4,99.9829%,3,17493,17496,15551,1,2,1942
0x41b00c,98.9933%,3,295,298,0,0,3,295
0x409912,99.9373%,3,4782,4785,0,0,3,4782
0x411bdb,99.513%,3,613,616,0,0,3,613
0x40f5dd,85%,3,17,20,11,1,2,6
0x412b7d,99.9951%,3,61008,61011,0,0,3,61008
0x4020bb,99.2424%,3,393,396,0,0,3,393
0x409d0d,99.2958%,3,423,426,1,3,0,422
0x40f6da,70%,3,7,10,0,2,1,7
0x40eb1b,98.6111%,3,213,216,192,0,3,21
0x407a6d,99.6764%,3,924,927,824,0,3,100
0x4154b6,99.8457%,3,1941,1944,0,0,3,1941
0x415de5,98.1818%,3,162,165,53,2,1,109
0x41247a,99.9867%,3,22494,22497,0,0,3,22494
0x4155e6,99.9829%,3,17493,17496,11661,3,0,5832
0x40573c,97.619%,3,123,126,112,0,3,11
0x406b8b,99.9791%,3,14352,14355,12758,2,1,1594
0x409d70,99.4624%,3,555,558,495,1,2,60
0x414ffe,98.6111%,3,213,216,192,0,3,21
0x408b7c,99.5305%,3,636,639,566,2,1,70
0x402eb9,98.0392%,3,150,153,2,1,2,148
0x40e9e3,99.9606%,3,7611,7614,0,0,3,7611
0x410f4b,97.0588%,3,99,102,0,0,3,99
0x41b0d7,99.3289%,2,296,298,0,0,2,296
0x4030a2,98.6111%,2,142,144,112,0,2,30
0x4024d1,92.5926%,2,25,27,24,0,2,1
0x405d1b,66.6667%,2,4,6,0,2,0,4
0x406b46,99.9582%,2,4783,4785,3189,1,1,1594
0x414e6e,99.0741%,2,214,216,190,2,0,24
0x41578e,99.9657%,2,5830,5832,0,0,2,5830
0x40450c,96.6102%,2,57,59,31,2,0,26
0x40ca7f,99.5546%,2,447,449,447,2,0,0
0x41afa6,99.3289%,2,296,298,0,0,2,296
0x403d7c,77.7778%,2,7,9,7,1,1,0
0x414202,95.8333%,2,46,48,24,0,2,22
0x401d08,99.5614%,2,454,456,0,0,2,454
0x415548,99.9657%,2,5830,5832,0,0,2,5830
0x403111,98.6111%,2,142,144,128,0,2,14
0x40ba93,97.9167%,2,94,96,62,2,0,32
0x407973,99.5893%,2,485,487,483,0,2,2
0x45c9d3,99.9909%,2,21958,21960,0,0,2,21958
0x409960,99.9861%,2,14353,14355,12758,2,0,1595
0x40c9a6,95.2381%,2,40,42,0,0,2,40
0x410406,98.6014%,2,141,143,0,0,2,141
0x403dac,77.7778%,2,7,9,7,1,1,0
0x403b7d,94.4444%,2,34,36,31,1,1,3
0x406e51,50%,2,2,4,2,0,2,0
0x4063f0,99.8383%,2,1235,1237,0,0,2,1235
0x40f3bd,83.3333%,2,10,12,0,0,2,10
0x40d1cf,99.4152%,2,340,342,303,1,1,37
0x46fdd3,99.8891%,2,1801,1803,0,0,2,1801
0x415166,99.0741%,2,214,216,191,1,1,23
0x4124f6,99.9856%,2,13889,13891,4023,0,2,9866
0x40bd0d,99.9582%,2,4783,4785,0,0,2,4783
0x409bb7,99.9876%,2,16171,16173,14376,0,2,1795
0x402ece,98.6667%,2,148,150,134,0,2,14
0x414625,99.537%,2,430,432,383,1,1,47
0x406e45,94.4444%,2,34,36,32,0,2,2
0x40b1fb,97.9798%,2,97,99,66,0,2,31
0x40f2ff,96.0784%,2,49,51,0,2,0,49
0x403bdd,50%,2,2,4,0,1,1,2
0x410504,99.9886%,2,17497,17499,17497,2,0,0
0x41774a,95%,2,38,40,38,2,0,0
0x40ca20,99.8712%,2,1551,1553,0,0,2,1551
0x402688,99.4949%,2,394,396,0,0,2,394
0x40844d,99.982%,2,11104,11106,9871,1,1,1233
0x405823,95.4545%,2,42,44,0,0,2,42
0x4173dd,66.6667%,2,4,6,4,2,0,0
0x403545,99.9439%,2,3562,3564,3167,1,1,395
0x40d66e,99.8051%,2,1024,1026,911,1,1,113
0x401325,88.2353%,2,15,17,0,0,2,15
0x4055be,99.2593%,2,268,270,239,1,1,29
0x413d30,99.0741%,2,214,216,192,0,2,22
0x406e5a,50%,2,2,4,1,1,1,1
0x46fde4,99.8891%,2,1801,1803,74,1,1,1727
0x402842,98.4127%,2,124,126,112,0,2,12
0x408452,99.8379%,2,1232,1234,1232,2,0,0
0x41482e,98.6111%,2,142,144,96,0,2,46
0x4179f0,97.2603%,2,71,73,49,0,2,22
0x41ab81,99.9909%,2,21862,21864,0,0,2,21862
0x401f30,99.9737%,2,7612,7614,0,0,2,7612
0x41b15e,99.3289%,2,296,298,0,0,2,296
0x40227d,99.8354%,2,1213,1215,1079,1,1,134
0x40f3eb,60%,2,3,5,0,2,0,3
0x46fec2,99.596%,2,493,495,396,0,2,97
0x40da73,88.8889%,1,8,9,8,0,1,0
0x40150f,98.0392%,1,50,51,34,0,1,16
0x40fd0d,83.3333%,1,5,6,5,1,0,0
0x4126d1,99.5885%,1,242,243,215,1,0,27
0x401f1b,99.8818%,1,845,846,0,0,1,845
0x46fe6e,98.9899%,1,98,99,0,0,1,98
0x4133c1,99.9922%,1,12866,12867,12866,1,0,0
0x401cbf,99.7807%,1,455,456,0,0,1,455
0x41b3c3,99.9627%,1,2681,2682,2384,0,1,297
0x458e3e,99.9954%,1,21959,21960,21959,1,0,0
0x402c5c,99.9629%,1,2698,2699,0,0,1,2698
0x4015c1,99.9486%,1,1943,1944,1728,0,1,215
0x415107,99.537%,1,215,216,192,0,1,23
0x401aef,99.537%,1,215,216,191,1,0,24
0x402297,96.2963%,1,26,27,0,0,1,26
0x40b986,99.187%,1,122,123,82,0,1,40
0x40bcf4,99.981%,1,5261,5262,3667,0,1,1594
0x41a5a2,97.9167%,1,47,48,47,1,0,0
0x407606,99.5726%,1,233,234,0,0,1,233
0x4033bb,99.7475%,1,395,396,0,0,1,395
0x41b4e4,99.9581%,1,2383,2384,2383,1,0,0
0x41a594,97.9167%,1,47,48,0,0,1,47
0x40588e,99.9719%,1,3563,3564,0,0,1,3563
0x41a522,97.9167%,1,47,48,0,0,1,47
0x40e44b,99.9868%,1,7588,7589,0,0,1,7588
0x40f124,99.5885%,1,242,243,215,1,0,27
0x406b57,99.9373%,1,1594,1595,0,0,1,1594
0x406e6a,50%,1,1,2,1,1,0,0
0x405d78,0%,1,0,1,0,1,0,0
0x409ced,99.8459%,1,648,649,0,0,1,648
0x41a475,97.9167%,1,47,48,0,0,1,47
0x40351d,99.7475%,1,395,396,0,0,1,395
0x406d96,88.8889%,1,8,9,6,0,1,2
0x4035c3,99.9684%,1,3161,3162,0,0,1,3161
0x406d65,98.4615%,1,64,65,64,0,1,0
0x405ca7,96.9697%,1,32,33,32,0,1,0
0x41afda,99.6644%,1,297,298,297,1,0,0
0x405d59,75%,1,3,4,3,0,1,0
0x414a06,97.9167%,1,47,48,0,0,1,47
0x413566,99.9942%,1,17282,17283,0,0,1,17282
0x409c20,99.5816%,1,238,239,16,1,0,222
0x404170,99.9907%,1,10790,10791,9591,1,0,1199
0x401dbd,99.9269%,1,1367,1368,0,0,1,1367
0x40e984,98.9362%,1,93,94,0,0,1,93
0x403b0a,75%,1,3,4,0,0,1,3
0x411966,99.8547%,1,687,688,0,0,1,687
0x405d67,50%,1,1,2,0,1,0,1
0x417904,99.6942%,1,326,327,293,1,0,33
0x40e898,99.9486%,1,1943,1944,0,0,1,1943
0x41b250,99.8322%,1,595,596,0,0,1,595
0x41b4b7,99.6644%,1,297,298,297,1,0,0
0x40b226,98.9899%,1,98,99,66,0,1,32
0x402d0d,98.5294%,1,67,68,0,0,1,67
0x4026a5,99.9719%,1,3563,3564,3167,1,0,396
0x41a638,99.9743%,1,3887,3888,3455,1,0,432
0x406abd,99.9373%,1,1594,1595,0,0,1,1594
0x403d3d,88.8889%,1,8,9,8,0,1,0
0x41ac15,99.9954%,1,21863,21864,0,0,1,21863
0x40c2a3,99.9972%,1,35180,35181,31272,0,1,3908
0x40bfcb,99.9744%,1,3908,3909,0,0,1,3908
0x40c2cf,99.9744%,1,3908,3909,0,0,1,3908
0x4033d1,99.9719%,1,3563,3564,0,0,1,3563
0x417931,99.631%,1,270,271,243,0,1,27
0x407641,99.5726%,1,233,234,0,0,1,233
0x41330e,99.9972%,1,35558,35559,23705,1,0,11853
0x40ce17,99.4792%,1,191,192,0,0,1,191
0x46fe67,98.9899%,1,98,99,0,0,1,98
0x414025,99.537%,1,215,216,191,1,0,24
0x41ab0a,99.9954%,1,21863,21864,0,0,1,21863
0x46fe98,99.798%,1,494,495,0,0,1,494
0x40cf0a,99.9008%,1,1007,1008,896,0,1,111
0x40f3c7,95.6522%,1,22,23,0,1,0,22
0x40d561,99.9421%,1,1727,1728,1536,0,1,191
0x412712,96.2963%,1,26,27,0,0,1,26
0x40d566,99.4792%,1,191,192,0,0,1,191
0x4014d7,98.0392%,1,50,51,0,0,1,50
0x403bf5,66.6667%,1,2,3,0,0,1,2
0x40c889,99.9739%,1,3832,3833,0,0,1,3832
0x458d59,99.9954%,1,21959,21960,0,0,1,21959
0x415da7,99.3939%,1,164,165,110,0,1,54
0x4179c4,98.7013%,1,76,77,0,0,1,76
0x46fda7,99.9453%,1,1826,1827,98,1,0,1728
0x412c51,99.9974%,1,38426,38427,38426,1,0,0
0x415d63,99.3939%,1,164,165,0,0,1,164
0x4157d5,99.9486%,1,1943,1944,0,0,1,1943
0x41056d,99.9943%,1,17498,17499,0,0,1,17498
0x40b0d9,99.1453%,1,116,117,78,0,1,38
0x408a04,99.7543%,1,406,407,406,1,0,0
0x4087f8,99.9192%,1,1236,1237,0,0,1,1236
0x4056ff,99.2063%,1,125,126,111,1,0,14
0x4097f3,99.9373%,1,1594,1595,0,0,1,1594
0x40faa7,98.1481%,1,53,54,47,1,0,6
0x409845,99.9373%,1,1594,1595,0,0,1,1594
0x413ff5,99.537%,1,215,216,191,1,0,24
0x40479d,99.0741%,1,107,108,95,1,0,12
0x4109f2,99.9924%,1,13082,13083,8721,1,0,4361
0x45a30d,99.9954%,1,21959,21960,0,0,1,21959
0x40aade,99.9373%,1,1594,1595,0,0,1,1594
0x41ac10,99.9977%,1,43727,43728,21864,0,1,21863
0x40c927,99.9739%,1,3832,3833,0,0,1,3832
0x40b0a6,99.1453%,1,116,117,77,1,0,39
0x40481c,99.0741%,1,107,108,95,1,0,12
0x40b398,99.9373%,1,1594,1595,0,0,1,1594
0x40b522,99.9373%,1,1594,1595,0,0,1,1594
0x40b81e,99.9373%,1,1594,1595,0,0,1,1594
0x4155fc,99.9829%,1,5831,5832,3887,1,0,1944
0x402289,99.2593%,1,134,135,132,0,1,2
0x46fdfa,99.9445%,1,1802,1803,1802,1,0,0
0x411526,99.8062%,1,515,516,0,0,1,515
0x40f258,99.6997%,1,332,333,0,0,1,332
0x40ba30,98.4848%,1,65,66,33,1,0,32
0x4179e3,99.5556%,1,224,225,151,1,0,73
0x410aeb,99.1228%,1,113,114,0,0,1,113
0x40de9b,99.9827%,1,5778,5779,0,0,1,5778
0x41136b,99.6466%,1,282,283,0,0,1,282
0x40b95b,99.187%,1,122,123,81,1,0,41
0x458de7,99.9954%,1,21959,21960,0,0,1,21959
0x402a03,99.2063%,1,125,126,98,0,1,27
0x413151,99.9978%,1,45428,45429,45428,1,0,0
0x4045fd,96.1538%,1,25,26,25,1,0,0
0x417892,99.7199%,1,356,357,238,0,1,118
0x40354a,99.7475%,1,395,396,0,0,1,395
0x4128ef,99.6528%,1,287,288,0,0,1,287
0x402942,99.2063%,1,125,126,98,0,1,27
0x4146ca,99.7685%,1,431,432,288,0,1,143
0x402828,99.2126%,1,126,127,0,1,0,126
0x407aab,99.2366%,1,130,131,2,1,0,128
0x41359e,99.9942%,1,17282,17283,11521,1,0,5761
0x406335,99.9525%,1,2105,2106,1871,1,0,234
0x410961,99.9924%,1,13082,13083,13082,1,0,0
0x413619,97.9167%,1,47,48,24,0,1,23
0x40b73d,99.9373%,1,1594,1595,0,0,1,1594
0x4031f5,97.9167%,1,47,48,32,0,1,15
0x40469d,99.5726%,1,233,234,207,1,0,26
0x41789f,99.1597%,1,118,119,80,0,1,38
0x40e5fc,80%,1,4,5,4,1,0,0
0x417882,99.7207%,1,357,358,0,1,0,357
0x402d9c,99.5098%,1,203,204,135,1,0,68
0x403af3,75%,1,3,4,0,0,1,3
0x40d331,88.8889%,1,8,9,8,0,1,0
0x40d308,94.4444%,1,17,18,17,0,1,0
0x40f583,88.8889%,1,8,9,8,1,0,0
0x403c9f,0%,1,0,1,0,1,0,0
0x403273,100%,0,144,144,112,0,0,32
0x40e25c,100%,0,15,15,15,0,0,0
0x405879,100%,0,396,396,0,0,0,396
0x404aa0,100%,0,396,396,0,0,0,396
0x40b896,100%,0,66,66,0,0,0,66
0x415cbb,100%,0,165,165,0,0,0,165
0x408b38,100%,0,71,71,0,0,0,71
0x40288f,100%,0,126,126,112,0,0,14
0x40496a,100%,0,396,396,0,0,0,396
0x40465d,100%,0,234,234,208,0,0,26
0x40ca04,100%,0,285,285,285,0,0,0
0x4047cd,100%,0,108,108,96,0,0,12
0x4079c7,100%,0,49,49,0,0,0,49
0x40d31a,100%,0,1,1,0,0,0,1
0x41af9a,100%,0,298,298,0,0,0,298
0x40b9fe,100%,0,177,177,118,0,0,59
0x40ba21,100%,0,177,177,118,0,0,59
0x415db0,100%,0,55,55,55,0,0,0
0x41b015,100%,0,298,298,0,0,0,298
0x408a81,100%,0,192,192,178,0,0,14
0x40ba41,100%,0,32,32,0,0,0,32
0x415c10,100%,0,55,55,0,0,0,55
0x40571c,100%,0,126,126,112,0,0,14
0x40e8d2,100%,0,24,24,0,0,0,24
0x40ea8d,100%,0,70,70,0,0,0,70
0x415bf8,100%,0,55,55,55,0,0,0
0x40bab6,100%,0,96,96,64,0,0,32
0x40da78,100%,0,1,1,1,0,0,0
0x40ae85,100%,0,1595,1595,0,0,0,1595
0x40302b,100%,0,48,48,32,0,0,16
0x40f5ff,100%,0,4,4,0,0,0,4
0x40994d,100%,0,1595,1595,0,0,0,1595
0x409dab,100%,0,8,8,0,0,0,8
0x401eb4,100%,0,94,94,0,0,0,94
0x40d2da,100%,0,18,18,0,0,0,18
0x40a8f6,100%,0,44,44,0,0,0,44
0x40198b,100%,0,216,216,0,0,0,216
0x40c22e,100%,0,3909,3909,0,0,0,3909
0x402971,100%,0,126,126,112,0,0,14
0x40297e,100%,0,14,14,0,0,0,14
0x40f3f5,100%,0,3,3,0,0,0,3
0x41ab24,100%,0,21864,21864,21864,0,0,0
0x407ae8,100%,0,54,54,48,0,0,6
0x40b5a7,100%,0,1595,1595,0,0,0,1595
0x40afde,100%,0,42,42,0,0,0,42
0x402a11,100%,0,126,126,112,0,0,14
0x408ba7,100%,0,7,7,0,0,0,7
0x40b045,100%,0,39,39,0,0,0,39
0x40b186,100%,0,36,36,24,0,0,12
0x415d96,100%,0,495,495,330,0,0,165
0x4028b4,100%,0,14,14,0,0,0,14
0x4140b8,100%,0,72,72,48,0,0,24
0x40401c,100%,0,396,396,0,0,0,396
0x403423,100%,0,44,44,0,0,0,44
0x40d336,100%,0,1,1,1,0,0,0
0x40d19e,100%,0,1953,1953,1736,0,0,217
0x40b198,100%,0,42,42,9,0,0,33
0x40d761,100%,0,114,114,0,0,0,114
0x40eb20,100%,0,24,24,0,0,0,24
0x4064e7,100%,0,48,48,48,0,0,0
0x40eb0d,100%,0,216,216,0,0,0,216
0x40eb00,100%,0,24,24,0,0,0,24
0x40eac7,100%,0,216,216,0,0,0,216
0x40d8db,100%,0,2745,2745,2440,0,0,305
0x40d866,100%,0,564,564,0,0,0,564
0x417424,100%,0,6,6,0,0,0,6
0x406b4e,100%,0,1595,1595,0,0,0,1595
0x41768b,100%,0,40,40,40,0,0,0
0x40d914,100%,0,351,351,312,0,0,39
0x405513,100%,0,30,30,30,0,0,0
0x405429,100%,0,31,31,1,0,0,30
0x402f6e,100%,0,16,16,0,0,0,16
0x403015,100%,0,144,144,96,0,0,48
0x40d127,100%,0,377,377,0,0,0,377
0x41552b,100%,0,5832,5832,0,0,0,5832
0x415813,100%,0,822,822,0,0,0,822
0x415dd8,100%,0,165,165,0,0,0,165
0x4045e0,100%,0,26,26,0,0,0,26
0x40c623,100%,0,3833,3833,0,0,0,3833
0x40f3a9,100%,0,11,11,11,0,0,0
0x40633a,100%,0,234,234,0,0,0,234
0x40631e,100%,0,234,234,0,0,0,234
0x4155bf,100%,0,5832,5832,0,0,0,5832
0x4030b3,100%,0,144,144,96,0,0,48
0x40f3b8,100%,0,17,17,5,0,0,12
0x4152f8,100%,0,1944,1944,0,0,0,1944
0x417a0c,100%,0,24,24,0,0,0,24
0x405672,100%,0,14,14,14,0,0,0
0x415016,100%,0,24,24,24,0,0,0
0x40561d,100%,0,270,270,240,0,0,30
0x40eb72,100%,0,24,24,24,0,0,0
0x41b2b6,100%,0,298,298,298,0,0,0
0x40da23,100%,0,20,20,0,0,0,20
0x4031d6,100%,0,144,144,96,0,0,48
0x41b46f,100%,0,894,894,0,0,0,894
0x403266,100%,0,48,48,0,0,0,48
0x40bf2a,100%,0,3909,3909,0,0,0,3909
0x403290,100%,0,48,48,32,0,0,16
0x40bc57,100%,0,2106,2106,0,0,0,2106
0x412821,100%,0,27,27,0,0,0,27
0x40b9a6,100%,0,59,59,0,0,0,59
0x40b0fc,100%,0,12,12,0,0,0,12
0x41b1d8,100%,0,298,298,0,0,0,298
0x41b116,100%,0,298,298,298,0,0,0
0x41b181,100%,0,298,298,298,0,0,0
0x41b16f,100%,0,298,298,0,0,0,298
0x415b4a,100%,0,55,55,55,0,0,0
0x41b124,100%,0,298,298,298,0,0,0
0x41b0e0,100%,0,298,298,0,0,0,298
0x40c33a,100%,0,1595,1595,0,0,0,1595
0x40c57a,100%,0,3833,3833,0,0,0,3833
0x41b4df,100%,0,894,894,298,0,0,596
0x4031b9,100%,0,48,48,0,0,0,48
0x40cbc8,100%,0,396,396,0,0,0,396
0x40cbd8,100%,0,3564,3564,0,0,0,3564
0x40cdff,100%,0,192,192,0,0,0,192
0x415435,100%,0,1944,1944,0,0,0,1944
0x41b59e,100%,0,298,298,0,0,0,298
0x40311e,100%,0,16,16,0,0,0,16
0x4030bf,100%,0,48,48,32,0,0,16
0x40534a,100%,0,149,149,0,0,0,149
0x40ce88,100%,0,1728,1728,0,0,0,1728
0x40e9d8,100%,0,846,846,0,0,0,846
0x402349,100%,0,3,3,0,0,0,3
0x40a94c,100%,0,396,396,0,0,0,396
0x409938,100%,0,4785,4785,3190,0,0,1595
0x41a615,100%,0,432,432,0,0,0,432
0x41a5b1,100%,0,48,48,0,0,0,48
0x46fe2a,100%,0,99,99,75,0,0,24
0x46fed8,100%,0,99,99,75,0,0,24
0x416240,100%,0,24,24,0,0,0,24
0x407aed,100%,0,6,6,0,0,0,6
0x40f7d4,100%,0,54,54,48,0,0,6
0x41a530,100%,0,48,48,0,0,0,48
0x40aa69,100%,0,1595,1595,0,0,0,1595
0x4110f6,100%,0,355,355,0,0,0,355
0x41a512,100%,0,48,48,0,0,0,48
0x41a4c0,100%,0,48,48,48,0,0,0
0x4026aa,100%,0,396,396,0,0,0,396
0x41a4bb,100%,0,48,48,0,0,0,48
0x40d001,100%,0,112,112,0,0,0,112
0x41739b,100%,0,27,27,27,0,0,0
0x40b1a9,100%,0,33,33,0,0,0,33
0x4029c1,100%,0,126,126,112,0,0,14
0x41b2ab,100%,0,298,298,0,0,0,298
0x413770,100%,0,48,48,0,0,0,48
0x41b506,100%,0,298,298,298,0,0,0
0x401b08,100%,0,24,24,0,0,0,24
0x40199e,100%,0,1944,1944,0,0,0,1944
0x417a22,100%,0,24,24,0,0,0,24
0x401b23,100%,0,1944,1944,1728,0,0,216
0x4079ad,100%,0,3789,3789,3368,0,0,421
0x413629,100%,0,24,24,0,0,0,24
0x40e5ba,100%,0,10,10,0,0,0,10
0x41afe7,100%,0,298,298,298,0,0,0
0x40e92a,100%,0,1944,1944,1728,0,0,216
0x40c35d,100%,0,4785,4785,0,0,0,4785
0x40b15b,100%,0,36,36,24,0,0,12
0x40193f,100%,0,24,24,0,0,0,24
0x414270,100%,0,216,216,192,0,0,24
0x41344e,100%,0,12867,12867,8578,0,0,4289
0x4149e1,100%,0,48,48,0,0,0,48
0x40ac6a,100%,0,1595,1595,0,0,0,1595
0x40ea92,100%,0,140,140,70,0,0,70
0x4148bc,100%,0,48,48,0,0,0,48
0x45a235,100%,0,21960,21960,0,0,0,21960
0x415670,100%,0,1944,1944,0,0,0,1944
0x40b324,100%,0,1595,1595,0,0,0,1595
0x40ea44,100%,0,70,70,0,0,0,70
0x405a46,100%,0,234,234,0,0,0,234
0x40e74b,100%,0,10,10,0,0,0,10
0x40e88d,100%,0,216,216,0,0,0,216
0x41b596,100%,0,298,298,0,0,0,298
0x409da6,100%,0,72,72,64,0,0,8
0x41a53e,100%,0,48,48,0,0,0,48
0x40b8fd,100%,0,41,41,0,0,0,41
0x40d546,100%,0,192,192,0,0,0,192
0x415cdf,100%,0,165,165,0,0,0,165
0x408410,100%,0,1234,1234,0,0,0,1234
0x41b5a8,100%,0,298,298,0,0,0,298
0x401b16,100%,0,216,216,0,0,0,216
0x413b86,100%,0,144,144,0,0,0,144
0x414726,100%,0,144,144,0,0,0,144
0x41b01e,100%,0,298,298,298,0,0,0
0x41b178,100%,0,298,298,0,0,0,298
0x41a667,100%,0,48,48,48,0,0,0
0x4141ca,100%,0,24,24,24,0,0,0
0x41795b,100%,0,28,28,0,0,0,28
0x417806,100%,0,40,40,0,0,0,40
0x403b1f,100%,0,4,4,4,0,0,0
0x4141b4,100%,0,72,72,48,0,0,24
0x414135,100%,0,72,72,48,0,0,24
0x41470a,100%,0,144,144,0,0,0,144
0x413fa9,100%,0,24,24,0,0,0,24
0x40b175,100%,0,36,36,36,0,0,0
0x408b4b,100%,0,38,38,0,0,0,38
0x4013dd,100%,0,17,17,0,0,0,17
0x405a0a,100%,0,234,234,0,0,0,234
0x40404a,100%,0,396,396,0,0,0,396
0x405b1e,100%,0,1234,1234,0,0,0,1234
0x40eb12,100%,0,1944,1944,1728,0,0,216
0x40b849,100%,0,1595,1595,0,0,0,1595
0x4056cd,100%,0,126,126,112,0,0,14
0x40e752,100%,0,10,10,0,0,0,10
0x4109b0,100%,0,13083,13083,0,0,0,13083
0x40eaa1,100%,0,70,70,70,0,0,0
0x40eacf,100%,0,1944,1944,0,0,0,1944
0x40e91b,100%,0,216,216,0,0,0,216
0x4045cf,100%,0,26,26,0,0,0,26
0x45c38c,100%,0,21960,21960,0,0,0,21960
0x417872,100%,0,120,120,0,0,0,120
0x41b26f,100%,0,298,298,298,0,0,0
0x40e71d,100%,0,7614,7614,6768,0,0,846
0x40e6b0,100%,0,94,94,94,0,0,0
0x40f39f,100%,0,87,87,67,0,0,20
0x40e59e,100%,0,5,5,0,0,0,5
0x41b348,100%,0,298,298,0,0,0,298
0x41b281,100%,0,298,298,298,0,0,0
0x40acef,100%,0,1595,1595,0,0,0,1595
0x401d72,100%,0,456,456,0,0,0,456
0x413795,100%,0,48,48,0,0,0,48
0x40f1da,100%,0,243,243,216,0,0,27
0x401394,100%,0,17,17,0,0,0,17
0x417aca,100%,0,3,3,3,0,0,0
0x41b22e,100%,0,298,298,298,0,0,0
0x413640,100%,0,48,48,0,0,0,48
0x46fe4f,100%,0,96,96,72,0,0,24
0x403376,100%,0,44,44,0,0,0,44
0x40883c,100%,0,1237,1237,0,0,0,1237
0x402da1,100%,0,68,68,0,0,0,68
0x4086f3,100%,0,234,234,0,0,0,234
0x4086b8,100%,0,234,234,0,0,0,234
0x407a92,100%,0,76,76,0,0,0,76
0x40baa5,100%,0,96,96,96,0,0,0
0x407a7e,100%,0,103,103,0,0,0,103
0x4174dd,100%,0,6,6,6,0,0,0
0x404f46,100%,0,149,149,0,0,0,149
0x413f9b,100%,0,24,24,24,0,0,0
0x413c8f,100%,0,144,144,96,0,0,48
0x405caf,100%,0,1,1,0,0,0,1
0x402435,100%,0,3,3,0,0,0,3
0x46fdbc,100%,0,1803,1803,1803,0,0,0
0x40e705,100%,0,846,846,0,0,0,846
0x413a10,100%,0,48,48,0,0,0,48
0x45c3d5,100%,0,21960,21960,0,0,0,21960
0x40e81e,100%,0,24,24,0,0,0,24
0x41b3d7,100%,0,298,298,298,0,0,0
0x40eab8,100%,0,24,24,0,0,0,24
0x41a558,100%,0,48,48,0,0,0,48
0x408a96,100%,0,50,50,0,0,0,50
0x40219c,100%,0,2393,2393,0,0,0,2393
0x412561,100%,0,29604,29604,29604,0,0,0
0x40f402,100%,0,3,3,3,0,0,0
0x406e97,100%,0,9,9,8,0,0,1
0x40f446,100%,0,48,48,0,0,0,48
0x412466,100%,0,360,360,0,0,0,360
0x40df02,100%,0,5779,5779,5779,0,0,0
0x40af91,100%,0,1595,1595,0,0,0,1595
0x407922,100%,0,425,425,0,0,0,425
0x40b2cf,100%,0,2106,2106,0,0,0,2106
0x402102,100%,0,396,396,0,0,0,396
0x4046b5,100%,0,14,14,0,0,0,14
0x414c85,100%,0,48,48,0,0,0,48
0x410689,100%,0,71,71,0,0,0,71
0x40497f,100%,0,396,396,0,0,0,396
0x40cb72,100%,0,44,44,0,0,0,44
0x40eb54,100%,0,216,216,0,0,0,216
0x40e17e,100%,0,7598,7598,0,0,0,7598
0x40e783,100%,0,90,90,0,0,0,90
0x401456,100%,0,17,17,0,0,0,17
0x4177d3,100%,0,360,360,0,0,0,360
0x40da5c,100%,0,1,1,0,0,0,1
0x40563c,100%,0,16,16,0,0,0,16
0x40f3b3,100%,0,76,76,59,0,0,17
0x410cb6,100%,0,174,174,0,0,0,174
0x410856,100%,0,186,186,0,0,0,186
0x40ba10,100%,0,177,177,177,0,0,0
0x413cc5,100%,0,24,24,0,0,0,24
0x40e0f5,100%,0,29,29,29,0,0,0
0x40474c,100%,0,12,12,12,0,0,0
0x40d5df,100%,0,1728,1728,0,0,0,1728
0x411d56,100%,0,574,574,0,0,0,574
0x411fc9,100%,0,502,502,0,0,0,502
0x407413,100%,0,396,396,0,0,0,396
0x412176,100%,0,718,718,0,0,0,718
0x412b69,100%,0,646,646,0,0,0,646
