Branch PC,Accuracy,Mispredictions,Correct Predictions,Total,dir_t_pred_t,dir_t_pred_nt,dir_nt_pred_t,dir_nt_pred_nt
aggregate,99.6928%,79104,25668974,25748078,15255618,34822,44282,10413356
0x4120ef,98.9993%,10962,1084478,1095440,1009699,4511,6451,74779
0x411cdb,99.004%,10599,1053605,1064204,937514,4067,6532,116091
0x412633,98.2765%,7899,450424,458323,69308,4265,3634,381116
0x411480,98.3686%,7455,449517,456972,345109,3261,4194,104408
0x4118ce,98.7445%,5625,442407,448032,327375,2324,3301,115032
0x41104e,98.5788%,5205,361039,366244,308330,2518,2687,52709
0x412fb0,99.0192%,4394,443622,448016,337327,2103,2291,106295
0x410794,97.8496%,3103,141198,144301,104564,1493,1610,36634
0x4130f0,99.3789%,2838,454118,456956,400232,1344,1494,53886
0x412d38,99.7869%,2334,1093090,1095424,971685,1132,1202,121405
0x41ac73,94.1464%,2226,35802,38028,32812,1032,1194,2990
0x41ae23,95.3922%,1652,34200,35852,34029,141,1511,171
0x4123df,98.2482%,1423,79807,81230,44421,757,666,35386
0x412e6e,99.8802%,1275,1062913,1064188,945283,588,687,117630
0x410341,99.5716%,1002,232876,233878,16152,542,460,216724
0x41321e,99.8116%,690,365538,366228,325234,306,384,40304
0x410c08,99.5559%,586,131362,131948,90968,276,310,40394
0x4134a1,99.6923%,444,143841,144285,127390,217,227,16451
0x41acba,99.0954%,344,37684,38028,29752,80,264,7932
0x4135e8,99.8674%,310,233552,233862,206394,159,151,27158
0x413360,99.837%,215,131717,131932,93592,112,103,38125
0x401dc4,66.9591%,113,229,342,199,36,77,30
0x401ce3,69.2982%,105,237,342,41,62,43,196
0x415803,59.5331%,104,153,257,81,43,61,72
0x40c0b8,75.8065%,90,282,372,270,28,62,12
0x401d33,73.9766%,89,253,342,51,54,35,202
0x40c3fc,76.0753%,89,283,372,3,74,15,280
0x411dc7,99.9274%,89,122534,122623,39571,35,54,82963
0x40c713,76.6129%,87,285,372,279,16,71,6
0x40bdac,77.6882%,83,289,372,12,62,21,277
0x406c9b,79.7721%,71,280,351,105,30,41,175
0x409b47,84.5316%,71,388,459,164,21,50,224
0x40f66f,85.1695%,70,402,472,362,30,40,40
0x409b7f,74.4526%,70,204,274,13,48,22,191
0x40f2d5,78.6408%,66,243,309,240,18,48,3
0x40218b,77.4306%,65,223,288,29,39,26,194
0x402c4d,80.2469%,64,260,324,33,43,21,227
0x406cc6,70.3704%,64,152,216,16,33,31,136
0x40de8a,91.358%,56,592,648,117,35,21,475
0x40aa4d,95.7627%,55,1243,1298,0,38,17,1243
0x411d18,99.9559%,54,122474,122528,120671,18,36,1803
0x406a70,66.6667%,54,108,162,6,32,22,102
0x410fb4,99.8722%,52,40636,40688,14108,28,24,26528
0x4097ea,68.5185%,51,111,162,4,34,17,107
0x411b94,99.9568%,51,118126,118177,116610,27,24,1516
0x412629,99.9531%,49,104477,104526,13071,29,20,91406
0x401a84,69.7531%,49,113,162,6,32,17,107
0x4114c1,99.9567%,47,108555,108602,106,32,15,108449
0x402745,83.6806%,47,241,288,38,30,17,203
0x40b308,96.379%,47,1251,1298,1,37,10,1250
0x40bcce,96.379%,47,1251,1298,2,36,11,1249
0x41115f,99.9152%,47,55349,55396,26108,32,15,29241
0x41212f,99.9421%,47,81132,81179,78558,23,24,2574
0x411c44,99.9603%,47,118270,118317,51198,22,25,67072
0x407968,61.3445%,46,73,119,46,18,28,27
0x401cae,72.8395%,44,118,162,109,15,29,9
0x405b15,65.0794%,44,82,126,6,24,20,76
0x4157fb,73.4568%,43,119,162,0,38,5,119
0x4063e7,65.873%,43,83,126,10,20,23,73
0x409d02,64.7059%,42,77,119,53,13,29,24
0x40a83e,90.8497%,42,417,459,395,13,29,22
0x415138,75.3086%,40,122,162,109,15,25,13
0x40840b,68.254%,40,86,126,6,24,16,80
0x4087ef,69.0476%,39,87,126,4,26,13,83
0x4114dd,99.965%,38,108426,108464,106308,11,27,2118
0x412024,99.9698%,37,122570,122607,39581,14,23,82989
0x411a06,99.9297%,36,51195,51231,569,19,17,50626
0x412645,99.9906%,36,384714,384750,17848,5,31,366866
0x402577,87.8472%,35,253,288,244,8,27,9
0x4119ca,99.9704%,35,118298,118333,51210,21,14,67088
0x411923,99.9712%,34,118157,118191,116631,14,20,1526
0x41ad1f,99.7754%,34,15104,15138,13437,19,15,1667
0x412660,99.9608%,34,86639,86673,84002,16,18,2637
0x409c9f,79.0123%,34,128,162,66,12,22,62
0x40f685,57.5%,34,46,80,35,19,15,11
0x4113c4,99.9386%,34,55346,55380,26114,15,19,29232
0x411f5e,99.9731%,33,122574,122607,85,8,25,122489
0x407353,90.5983%,33,318,351,296,16,17,22
0x4040f5,88.8889%,32,256,288,247,9,23,9
0x40f714,60.4938%,32,49,81,40,14,18,9
0x4108ba,99.9163%,32,38212,38244,11681,20,12,26531
0x4103a8,99.8143%,31,16663,16694,97,13,18,16566
0x41158a,99.9715%,31,108571,108602,41592,23,8,66979
0x4110ab,99.944%,31,55289,55320,53524,15,16,1765
0x410edd,99.9263%,30,40658,40688,106,13,17,40552
0x406c35,74.359%,30,87,117,65,13,17,22
0x4078de,62.5%,30,50,80,2,14,16,48
0x41223d,99.9643%,29,81201,81230,24185,7,22,57016
0x404bfc,89.7163%,29,253,282,249,7,22,4
0x40332e,91.0494%,29,295,324,285,3,26,10
0x411f7a,99.9771%,28,122486,122514,120674,7,21,1812
0x41241f,99.938%,28,45131,45159,43007,13,15,2124
0x409bbc,86.8545%,28,185,213,184,5,23,1
0x416203,82.716%,28,134,162,134,10,18,0
0x410c59,99.9312%,28,40676,40704,109,12,16,40567
0x407765,71.875%,27,69,96,4,13,14,65
0x411cfc,99.978%,27,122596,122623,83,12,15,122513
0x406ced,83.8323%,27,140,167,118,8,19,22
0x408b5a,71.7391%,26,66,92,8,14,12,58
0x405c10,53.5714%,26,30,56,1,11,15,29
0x41ae1d,99.9239%,26,34144,34170,6930,12,14,27214
0x40bfff,93.0108%,26,346,372,241,7,19,105
0x411740,99.9761%,26,108560,108586,130,6,20,108430
0x40d884,63.3803%,26,45,71,2,14,12,43
0x402a91,90.9722%,26,262,288,247,5,21,15
0x411907,99.978%,26,118307,118333,127,15,11,118180
0x410473,99.8502%,25,16669,16694,6515,8,17,10154
0x403608,91.6667%,24,264,288,253,7,17,11
0x4046f4,84.6154%,24,132,156,119,5,19,13
0x40a88e,85.1852%,24,138,162,138,6,18,0
0x4068d3,80.9524%,24,102,126,98,10,14,4
0x401d41,92.9825%,24,318,342,300,4,20,18
0x412d46,99.9394%,24,39571,39595,859,15,9,38712
0x411196,99.9082%,24,26116,26140,5174,17,7,20942
0x411309,99.9567%,24,55356,55380,62,12,12,55294
0x411814,99.9779%,24,108562,108586,41597,7,17,66965
0x406209,80.9524%,24,102,126,101,7,17,1
0x401cf1,93.2749%,23,319,342,297,7,16,22
0x40738b,85.8025%,23,139,162,139,5,18,0
0x409cc8,72.619%,23,61,84,4,14,9,57
0x411c1e,99.9938%,22,352969,352991,234802,12,10,118167
0x41155e,99.9932%,22,323225,323247,214765,18,4,108460
0x405b65,77.0833%,22,74,96,74,9,13,0
0x4107ed,99.9425%,22,38222,38244,55,7,15,38167
0x41108f,99.9603%,22,55374,55396,61,15,7,55313
0x409d27,86.25%,22,138,160,57,9,13,81
0x401df5,86.4198%,22,140,162,138,6,16,2
0x401ad6,86.4198%,22,140,162,137,7,15,3
0x406482,58.4906%,22,31,53,1,11,11,30
0x40c657,94.3548%,21,351,372,240,8,13,111
0x4083d5,73.75%,21,59,80,59,4,17,0
0x409acd,86.2745%,21,132,153,95,7,14,37
0x409574,83.3333%,21,105,126,103,5,16,2
0x412f4d,99.9931%,21,303795,303816,151898,10,11,151897
0x40f41e,79.4118%,21,81,102,80,2,19,1
0x411aed,99.9931%,21,303837,303858,151920,9,12,151917
0x409965,83.0645%,21,103,124,100,7,14,3
0x41295a,99.9557%,20,45142,45162,24034,10,10,21108
0x4089f0,70.1493%,20,47,67,5,9,11,42
0x40f702,91.7695%,20,223,243,154,8,12,69
0x412276,99.9173%,20,24172,24192,1644,9,11,22528
0x41515a,87.6543%,20,142,162,138,6,14,4
0x4084d5,84.127%,20,106,126,104,4,16,2
0x411e06,99.9495%,20,39586,39606,874,4,16,38712
0x40d632,86.1111%,20,124,144,124,4,16,0
0x40ca9e,88.2716%,19,143,162,140,4,15,3
0x408879,80.2083%,19,77,96,75,6,13,2
0x40b22f,88.2716%,19,143,162,141,3,16,2
0x4128a0,99.9579%,19,45126,45145,43000,12,7,2126
0x410629,99.8861%,19,16659,16678,101,7,12,16558
0x40daca,73.2394%,19,52,71,50,5,14,2
0x40db1a,87.5%,18,126,144,125,3,15,1
0x401de2,84.2105%,18,96,114,69,7,11,27
0x410cee,99.9851%,18,120880,120898,80299,16,2,40581
0x41175c,99.9834%,18,108432,108450,106301,10,8,2131
0x40f6f2,96.1864%,18,454,472,224,12,6,230
0x402e2f,71.875%,18,46,64,30,4,14,16
0x40689c,66.0377%,18,35,53,35,7,11,0
0x40d37d,66.6667%,18,36,54,36,5,13,0
0x40ea00,97.2222%,18,630,648,569,7,11,61
0x40d3ca,87.5%,18,126,144,124,4,14,2
0x411ac0,99.9888%,17,151912,151929,0,0,17,151912
0x4061a4,69.6429%,17,39,56,39,4,13,0
0x41ac53,99.8877%,17,15121,15138,8619,5,12,6502
0x412fbe,99.9591%,17,41587,41604,5176,10,7,36411
0x411325,99.9693%,17,55289,55306,53528,3,14,1761
0x40df85,97.3765%,17,631,648,571,5,12,60
0x40950d,74.6269%,17,50,67,46,6,11,4
0x411b02,99.9888%,17,151912,151929,101275,11,6,50637
0x40babf,89.5062%,17,145,162,140,4,13,5
0x41308d,99.9922%,17,218491,218508,109241,13,4,109250
0x41043e,99.9673%,16,48941,48957,32366,7,9,16575
0x411ffe,99.9956%,16,365693,365709,243182,13,3,122511
0x40d145,70.3704%,16,38,54,2,10,6,36
0x410b54,99.9581%,16,38212,38228,11687,3,13,26525
0x40d8e0,65.2174%,16,30,46,29,4,12,1
0x406b90,87.0968%,16,108,124,108,3,13,0
0x40564b,82.6087%,16,76,92,63,5,11,13
0x4116ad,99.9927%,16,218528,218544,109265,7,9,109263
0x412b00,99.9803%,16,81198,81214,44,5,11,81154
0x412bcc,99.9803%,16,81198,81214,24176,5,11,57022
0x40565c,94.2857%,16,264,280,22,12,4,242
0x4103c4,99.9096%,15,16569,16584,15785,4,11,784
0x40c953,95.9677%,15,357,372,243,5,10,114
0x40473e,94.7917%,15,273,288,251,1,14,22
0x4117bf,99.9862%,15,108435,108450,0,0,15,108435
0x409dc4,90.7407%,15,147,162,140,4,11,7
0x40f39a,85.2941%,15,87,102,86,6,9,1
0x410a85,99.9608%,15,38213,38228,52,8,7,38161
0x408b40,77.2727%,15,51,66,13,9,6,38
0x40d89e,72.7273%,15,40,55,0,9,6,40
0x4124bf,99.9668%,15,45163,45178,24046,9,6,21117
0x410e3d,99.9756%,14,57376,57390,28691,4,10,28685
0x41ad47,99.9168%,14,16806,16820,15128,10,4,1678
0x41267d,99.969%,14,45164,45178,45164,12,2,0
0x410d1a,99.9656%,14,40690,40704,14139,8,6,26551
0x4115c6,99.9664%,14,41601,41615,5187,4,10,36414
0x410d56,99.901%,14,14133,14147,4580,2,12,9553
0x40d62d,98.9198%,14,1282,1296,1149,3,11,133
0x410ef9,99.9655%,14,40555,40569,39719,5,9,836
0x40ced6,90.2778%,14,130,144,130,1,13,0
0x409b92,99.2697%,14,1903,1917,1699,5,9,204
0x41126d,99.9889%,14,125680,125694,62838,9,5,62842
0x4057b5,61.1111%,14,22,36,20,4,10,2
0x402e78,45.8333%,13,11,24,7,7,6,4
0x40ea11,81.9444%,13,59,72,58,6,7,1
0x41260c,99.9712%,13,45165,45178,24661,9,4,20504
0x40ced1,98.9969%,13,1283,1296,1148,4,9,135
0x41249e,99.9903%,13,133325,133338,88168,11,2,45157
0x408a57,75.4717%,13,40,53,40,5,8,0
0x401f62,97.9938%,13,635,648,572,4,9,63
0x410aa1,99.9659%,13,38155,38168,37278,3,10,877
0x411680,99.9881%,13,109259,109272,0,0,13,109259
0x40d1a3,67.5676%,12,25,37,21,3,9,4
0x4108f6,99.8974%,12,11689,11701,6686,0,12,5003
0x407449,96.2963%,12,312,324,284,4,8,28
0x410cca,99.9704%,12,40571,40583,0,0,12,40571
0x412ca6,99.9822%,12,67584,67596,0,0,12,67584
0x40f2b3,94.2029%,12,195,207,99,5,7,96
0x40279d,99.3939%,12,1968,1980,1757,3,9,211
0x40645c,87.5%,12,84,96,83,2,10,1
0x411bef,99.9898%,12,118165,118177,0,0,12,118165
0x40e2ad,83.3333%,12,60,72,59,5,7,1
0x40f567,95.0617%,12,231,243,230,6,6,1
0x4121ae,99.995%,12,240927,240939,159753,7,5,81174
0x401dd6,96.4912%,12,330,342,226,2,10,104
0x402e51,60%,12,18,30,1,5,7,17
0x412e1d,99.9948%,12,232314,232326,116154,9,3,116160
0x403c89,96.1806%,11,277,288,250,2,9,27
0x40f2a3,96.4401%,11,298,309,205,2,9,93
0x40a96b,99.6228%,11,2905,2916,2589,3,8,316
0x4027e0,38.8889%,11,7,18,0,4,7,7
0x409d5f,83.3333%,11,55,66,53,3,8,2
0x40224b,60.7143%,11,17,28,1,5,6,16
0x4079b2,82.8125%,11,53,64,0,5,6,53
0x41112e,99.9933%,11,164168,164179,108856,3,8,55312
0x40c2fb,97.043%,11,361,372,245,3,8,116
0x408b14,63.3333%,11,19,30,1,7,4,18
0x40f2eb,78.4314%,11,40,51,40,4,7,0
0x411eba,99.9905%,11,116173,116184,0,0,11,116173
0x407aa0,65.625%,11,21,32,10,4,7,11
0x411f12,99.991%,11,122612,122623,122612,11,0,0
0x409840,99.0143%,11,1105,1116,988,4,7,117
0x40d15f,73.8095%,11,31,42,1,4,7,30
0x403c3c,92.1429%,11,129,140,109,3,8,20
0x410c75,99.9729%,11,40572,40583,39730,2,9,842
0x40acc3,99.0143%,11,1105,1116,990,2,9,115
0x41306c,99.9899%,11,109243,109254,0,0,11,109243
0x411b78,99.9907%,11,118306,118317,134,6,5,118172
0x412da1,99.9914%,10,116153,116163,116153,10,0,0
0x412c00,99.9586%,10,24171,24181,1647,2,8,22524
0x412bae,99.9958%,10,240893,240903,159735,3,7,81158
0x412113,99.9877%,10,81220,81230,47,4,6,81173
0x412330,99.9852%,10,67607,67617,0,0,10,67607
0x408b27,94.9495%,10,188,198,172,4,6,16
0x408a76,62.963%,10,17,27,2,6,4,15
0x410809,99.9738%,10,38172,38182,37285,4,6,887
0x40eb5e,93.8272%,10,152,162,137,7,3,15
0x40ddfd,98.4568%,10,638,648,573,3,7,65
0x409c15,70.5882%,10,24,34,0,6,4,24
0x40cbf3,96.9136%,10,314,324,285,3,7,29
0x40cbe7,99.6571%,10,2906,2916,2590,2,8,316
0x4125dd,99.9926%,10,135038,135048,67518,6,4,67520
0x40e107,98.4568%,10,638,648,573,3,7,65
0x411d8e,99.9973%,10,365735,365745,243211,6,4,122524
0x4033f9,96.9136%,10,314,324,287,1,9,27
0x4116e9,99.9908%,10,108592,108602,108592,10,0,0
0x41199e,99.9972%,10,353017,353027,234828,8,2,118189
0x41abe6,99.7027%,10,3354,3364,1675,7,3,1679
0x40d122,97.9424%,10,476,486,429,3,7,47
0x412f2c,99.9934%,10,151898,151908,0,0,10,151898
0x412e7c,99.9805%,10,51210,51220,583,1,9,50627
0x412cde,99.9852%,10,67586,67596,45055,9,1,22531
0x40f72e,62.963%,10,17,27,15,3,7,2
0x40c8fb,99.6234%,10,2645,2655,2354,6,4,291
0x40cada,44.4444%,10,8,18,8,4,6,0
0x40e9f4,99.8457%,9,5823,5832,5181,3,6,642
0x409bf9,62.5%,9,15,24,15,1,8,0
0x405c4d,97.7273%,9,387,396,350,2,7,37
0x411b29,99.9924%,9,118324,118333,118324,9,0,0
0x4125b0,99.9867%,9,67515,67524,0,0,9,67515
0x402de7,55%,9,11,20,8,4,5,3
0x404170,99.359%,9,1395,1404,1247,1,8,148
0x4117ee,99.9972%,9,323202,323211,214753,8,1,108449
0x40280d,92.8571%,9,117,126,109,3,6,8
0x4131cd,99.9928%,9,125649,125658,62824,5,4,62825
0x407a6d,92.8571%,9,117,126,110,2,7,7
0x40defd,99.7984%,9,4455,4464,3964,4,5,491
0x40d1db,30.7692%,9,4,13,2,6,3,2
0x411fdd,99.9927%,9,122505,122514,0,0,9,122505
0x41a64a,75%,9,27,36,27,5,4,0
0x411edd,99.9961%,9,232359,232368,116179,5,4,116180
0x41153a,99.9917%,9,108455,108464,0,0,9,108455
0x40a977,97.2222%,9,315,324,286,2,7,29
0x412853,99.9671%,9,27312,27321,11,3,6,27301
0x409c5b,83.3333%,9,45,54,33,3,6,12
0x40e67f,62.5%,9,15,24,13,3,6,2
0x407a87,55%,9,11,20,11,3,6,0
0x4058a9,97.2222%,9,315,324,285,3,6,30
0x46fec2,77.5%,9,31,40,29,3,6,2
0x40e729,87.5%,9,63,72,61,3,6,2
0x403600,99.6528%,9,2583,2592,2301,3,6,282
0x40e146,87.5%,9,63,72,62,2,7,1
0x412a4e,99.9941%,8,134998,135006,67500,3,5,67498
0x412b1c,99.9901%,8,81157,81165,78570,3,5,2587
0x40736f,93.1624%,8,109,117,103,1,7,6
0x412e2e,99.9931%,8,116155,116163,77437,5,3,38718
0x408b7c,95.9596%,8,190,198,173,3,5,17
0x4155e6,99.4513%,8,1450,1458,969,3,5,481
0x403015,55.5556%,8,10,18,7,5,3,3
0x40285c,55.5556%,8,10,18,10,4,4,0
0x402ca5,96.7742%,8,240,248,240,4,4,0
0x40aa5c,99.3651%,8,1252,1260,1132,4,4,120
0x40ead4,99.4513%,8,1450,1458,1293,3,5,157
0x4131de,99.9873%,8,62821,62829,41880,6,2,20941
0x401b2c,55.5556%,8,10,18,10,6,2,0
0x401e2c,55.5556%,8,10,18,10,6,2,0
0x46fda7,94.7368%,8,144,152,4,4,4,140
0x40e266,98.7654%,8,640,648,575,1,7,65
0x412df6,99.9931%,8,116155,116163,0,0,8,116155
0x41ae54,99.7622%,8,3356,3364,1680,2,6,1676
0x40641f,99.0741%,8,856,864,767,1,7,89
0x40334d,77.7778%,8,28,36,28,4,4,0
0x45c353,99.5266%,8,1682,1690,0,0,8,1682
0x40e92a,95.0617%,8,154,162,140,4,4,14
0x4021cd,99.596%,8,1972,1980,1758,2,6,214
0x41218a,99.9901%,8,81171,81179,0,0,8,81171
0x4104b6,99.8774%,8,6515,6523,4922,6,2,1593
0x4129d1,99.9881%,8,67495,67503,67495,8,0,0
0x40bf9f,99.7017%,8,2674,2682,2378,6,2,296
0x40a983,77.7778%,8,28,36,28,4,4,0
0x4064b6,97.832%,8,361,369,327,1,7,34
0x412403,99.9823%,8,45170,45178,15,4,4,45155
0x401f73,88.8889%,8,64,72,62,2,6,2
0x40de09,88.8889%,8,64,72,64,0,8,0
0x4089ff,98.5325%,7,470,477,423,1,6,47
0x40743d,99.7599%,7,2909,2916,2589,3,4,320
0x40d861,98.9045%,7,632,639,568,0,7,64
0x41235d,99.9948%,7,135227,135234,67612,5,2,67615
0x40e1e0,99.88%,7,5825,5832,5183,1,6,642
0x40cbff,80.5556%,7,29,36,29,3,4,0
0x410e76,99.9828%,7,40697,40704,40697,7,0,0
0x40acb8,99.9303%,7,10037,10044,8923,5,2,1114
0x408837,99.1898%,7,857,864,767,1,6,90
0x40ce12,95.1389%,7,137,144,125,3,4,12
0x40df9f,90.2778%,7,65,72,62,2,5,3
0x40791d,98.7847%,7,569,576,511,1,6,58
0x40e8a8,99.5199%,7,1451,1458,1295,1,6,156
0x408874,99.1898%,7,857,864,766,2,5,91
0x410dc1,99.9756%,7,28688,28695,28688,7,0,0
0x401f4f,99.88%,7,5825,5832,5183,1,6,642
0x4056ff,61.1111%,7,11,18,11,5,2,0
0x40eadd,95.679%,7,155,162,144,0,7,11
0x406d21,98.103%,7,362,369,326,2,5,36
0x40a862,95.4248%,7,146,153,136,0,7,10
0x40bcdd,99.4444%,7,1253,1260,849,3,4,404
0x40763c,95.679%,7,155,162,143,1,6,12
0x40e8b4,95.679%,7,155,162,142,2,5,13
0x40e061,99.88%,7,5825,5832,5182,2,5,643
0x4055be,80.5556%,7,29,36,29,3,4,0
0x412884,99.9845%,7,45155,45162,12,5,2,45143
0x41322c,99.9505%,7,14129,14136,4573,4,3,9556
0x40f124,61.1111%,7,11,18,10,6,1,1
0x410f62,99.9852%,6,40563,40569,0,0,6,40563
0x413511,99.8741%,6,4761,4767,4761,6,0,0
0x407455,83.3333%,6,30,36,30,2,4,0
0x405c98,25%,6,2,8,0,3,3,2
0x407ac2,95.2381%,6,120,126,111,1,5,9
0x40e71d,99.0741%,6,642,648,575,1,5,67
0x412ed1,99.9961%,6,151902,151908,151902,6,0,0
0x403690,99.5238%,6,1254,1260,1119,1,5,135
0x40d561,95.8333%,6,138,144,126,2,4,12
0x403e6c,83.3333%,6,30,36,30,2,4,0
0x4040f0,99.7685%,6,2586,2592,2303,1,5,283
0x4026a5,98.1481%,6,318,324,287,1,5,31
0x458d97,99.645%,6,1684,1690,0,0,6,1684
0x403273,66.6667%,6,12,18,12,2,4,0
0x4157b6,99.5885%,6,1452,1458,968,4,2,484
0x408bb9,80%,6,24,30,19,3,3,5
0x40d1cf,94.8718%,6,111,117,103,1,5,8
0x4033ed,99.7942%,6,2910,2916,2590,2,4,320
0x4134b7,99.9079%,6,6506,6512,4919,4,2,1587
0x413011,99.9945%,6,109248,109254,109248,6,0,0
0x402ef2,90.3226%,6,56,62,55,1,5,1
0x40417c,96.1538%,6,150,156,150,4,2,0
0x40b24f,66.6667%,6,12,18,12,4,2,0
0x4064c2,85.3659%,6,35,41,35,4,2,0
0x409cdb,98.9899%,6,588,594,527,1,5,61
0x4019b9,96.2963%,6,156,162,142,2,4,14
0x409938,98.3871%,6,366,372,245,3,3,121
0x40d914,94.8718%,6,111,117,100,4,2,11
0x40e62a,99.0741%,6,642,648,575,1,5,67
0x4020fd,98.1481%,6,318,324,286,2,4,32
0x4058b5,83.3333%,6,30,36,30,2,4,0
0x412372,99.9911%,6,67611,67617,45076,2,4,22535
0x412a5f,99.9926%,5,67498,67503,44997,5,0,22501
0x41a638,98.4568%,5,319,324,285,3,2,34
0x415da7,58.3333%,5,7,12,6,2,3,1
0x46fde4,96.6667%,5,145,150,4,2,3,141
0x4019ad,99.6571%,5,1453,1458,1295,1,4,158
0x4030b3,72.2222%,5,13,18,11,1,4,2
0x410f8e,99.9959%,5,120857,120862,80288,5,0,40569
0x40ea3f,37.5%,5,3,8,0,2,3,3
0x4155fc,98.9712%,5,481,486,321,3,2,160
0x402d9c,58.3333%,5,7,12,7,1,4,0
0x406b46,98.6559%,5,367,372,245,3,2,122
0x4179f0,28.5714%,5,2,7,2,3,2,0
0x40e8c0,72.2222%,5,13,18,13,3,2,0
0x40b317,99.6032%,5,1255,1260,1133,3,2,122
0x417634,0%,5,0,5,0,2,3,0
0x4027b2,97.7273%,5,215,220,215,1,4,0
0x41197a,99.9958%,5,118186,118191,0,0,5,118186
0x40f745,44.4444%,5,4,9,2,4,1,2
0x411d6a,99.9959%,5,122523,122528,0,0,5,122523
0x414625,86.1111%,5,31,36,30,2,3,1
0x45c9ec,99.7041%,5,1685,1690,1685,5,0,0
0x4122e1,99.9926%,5,67612,67617,67612,5,0,0
0x404d3c,94.6809%,5,89,94,89,1,4,0
0x401b23,96.9136%,5,157,162,143,1,4,14
0x412ccd,99.9963%,5,135187,135192,67591,5,0,67596
0x402ea9,50%,5,5,10,5,3,2,0
0x405c52,88.6364%,5,39,44,39,2,3,0
0x40f432,75%,5,15,20,15,2,3,0
0x40f325,98.3713%,5,302,307,205,0,5,97
0x40d920,61.5385%,5,8,13,6,2,3,2
0x412832,99.9889%,5,45171,45176,17849,4,1,27322
0x405a3e,96.9136%,5,157,162,143,1,4,14
0x40bcf4,98.7745%,5,403,408,283,1,4,120
0x4048c9,86.1111%,5,31,36,31,1,4,0
0x41292e,99.9962%,5,133297,133302,88155,2,3,45142
0x41247a,99.9889%,5,45154,45159,0,0,5,45154
0x40e662,93.0556%,5,67,72,46,2,3,21
0x412f5e,99.9967%,5,151903,151908,101269,3,2,50634
0x4106ec,99.97%,5,16673,16678,6511,1,4,10162
0x40b570,99.9502%,5,10039,10044,8928,0,5,1111
0x404045,98.4568%,5,319,324,287,1,4,32
0x4015c1,96.9136%,5,157,162,143,1,4,14
0x40227d,97.4747%,5,193,198,175,1,4,18
0x40340f,86.1111%,5,31,36,31,1,4,0
0x4177e0,81.4815%,5,22,27,22,2,3,0
0x412903,99.9889%,5,45140,45145,0,0,5,45140
0x4086ee,96.9136%,5,157,162,143,1,4,14
0x40844d,99.4213%,5,859,864,765,3,2,94
0x4022cc,82.1429%,5,23,28,23,1,4,0
0x402ae5,88.8889%,4,32,36,32,0,4,0
0x402ece,77.7778%,4,14,18,14,2,2,0
0x4040ae,98.6111%,4,284,288,0,0,4,284
0x4146ca,88.8889%,4,32,36,22,2,2,10
0x408b81,81.8182%,4,18,22,18,2,2,0
0x403284,77.7778%,4,14,18,12,0,4,2
0x40aada,99.6416%,4,1112,1116,990,2,2,122
0x411fc9,99.7818%,4,1829,1833,0,0,4,1829
0x41298f,99.9834%,4,24040,24044,1541,2,2,22499
0x409bb7,99.7913%,4,1913,1917,1702,2,2,211
0x409924,99.6416%,4,1112,1116,742,2,2,370
0x40dde9,94.4444%,4,68,72,0,0,4,68
0x40eb6a,77.7778%,4,14,18,14,2,2,0
0x40775d,99.537%,4,860,864,765,3,1,95
0x4064d8,33.3333%,4,2,6,0,2,2,2
0x410b02,99.9895%,4,38164,38168,0,0,4,38164
0x40302b,33.3333%,4,2,6,2,2,2,0
0x403545,98.7654%,4,320,324,288,0,4,32
0x4126d1,77.7778%,4,14,18,14,2,2,0
0x406335,97.5309%,4,158,162,143,1,3,15
0x4073aa,77.7778%,4,14,18,14,2,2,0
0x410a16,99.9895%,4,38240,38244,38240,4,0,0
0x41482e,66.6667%,4,8,12,8,0,4,0
0x40b885,96.7742%,4,120,124,120,3,1,0
0x45c367,99.7633%,4,1686,1690,0,0,4,1686
0x4030a2,77.7778%,4,14,18,13,1,3,1
0x46fe6e,50%,4,4,8,0,0,4,4
0x4157c7,99.177%,4,482,486,322,2,2,160
0x413d30,77.7778%,4,14,18,14,2,2,0
0x413c8f,66.6667%,4,8,12,7,1,3,1
0x40b57b,99.6416%,4,1112,1116,992,0,4,120
0x409df7,92.5926%,4,50,54,47,1,3,3
0x4125f2,99.9941%,4,67520,67524,45012,4,0,22508
0x41343d,99.9867%,4,30050,30054,15025,2,2,15025
0x40ea92,66.6667%,4,8,12,3,3,1,5
0x40f39f,60%,4,6,10,6,1,3,0
0x415de5,66.6667%,4,8,12,2,2,2,6
0x411631,99.9963%,4,109268,109272,109268,4,0,0
0x41069d,99.9759%,4,16566,16570,0,0,4,16566
0x409960,99.6416%,4,1112,1116,990,2,2,122
0x40199e,97.5309%,4,158,162,0,0,4,158
0x40b394,99.6416%,4,1112,1116,990,2,2,122
0x4084e1,77.7778%,4,14,18,14,2,2,0
0x409d70,95.5556%,4,86,90,79,1,3,7
0x41adab,99.9703%,4,13452,13456,13452,4,0,0
0x411a71,99.9974%,4,151925,151929,151925,4,0,0
0x417931,85.1852%,4,23,27,23,1,3,0
0x40af3a,99.6416%,4,1112,1116,990,2,2,122
0x417904,85.1852%,4,23,27,23,1,3,0
0x40eb12,97.5309%,4,158,162,144,0,4,14
0x414055,77.7778%,4,14,18,14,2,2,0
0x40f1da,77.7778%,4,14,18,14,2,2,0
0x41088e,99.9965%,4,113649,113653,75469,2,2,38180
0x45c9ca,99.7633%,4,1686,1690,0,0,4,1686
0x407aff,76.4706%,4,13,17,10,2,2,3
0x40f578,42.8571%,4,3,7,2,3,1,1
0x41086a,99.9895%,4,38178,38182,0,0,4,38178
0x4177a3,85.1852%,4,23,27,23,1,3,0
0x40c2a3,99.8509%,4,2678,2682,2382,2,2,296
0x4106ce,99.9918%,4,48917,48921,32348,3,1,16569
0x411e51,99.9966%,4,116180,116184,116180,4,0,0
0x405360,0%,4,0,4,0,0,4,0
0x405638,0%,4,0,4,0,2,2,0
0x417892,85.1852%,4,23,27,17,1,3,6
0x406932,77.7778%,4,14,18,14,2,2,0
0x40f593,42.8571%,4,3,7,3,2,2,0
0x4058c6,0%,4,0,4,0,2,2,0
0x40cb1f,33.3333%,4,2,6,2,2,2,0
0x4021d2,98.1818%,4,216,220,216,0,4,0
0x41789f,55.5556%,4,5,9,5,1,3,0
0x40ca24,96.7742%,4,120,124,120,3,1,0
0x4130fe,99.9847%,4,26125,26129,5186,0,4,20939
0x40c5ef,99.8493%,4,2651,2655,2359,1,3,292
0x417734,85.1852%,4,23,27,22,2,2,1
0x402595,88.8889%,4,32,36,30,2,2,2
0x405b5d,99.537%,4,860,864,767,1,3,93
0x41110a,99.9928%,4,55316,55320,0,0,4,55316
0x411966,99.806%,3,1543,1546,0,0,3,1543
0x406b8b,99.7312%,3,1113,1116,991,1,2,122
0x46fed8,62.5%,3,5,8,5,1,2,0
0x409d32,96.8085%,3,91,94,0,0,3,91
0x408a52,99.3711%,3,474,477,423,1,2,51
0x41a512,25%,3,1,4,0,0,3,1
0x40eaeb,83.3333%,3,15,18,15,1,2,0
0x40f2ff,50%,3,3,6,1,1,2,2
0x40621c,83.3333%,3,15,18,15,1,2,0
0x41b4df,87.5%,3,21,24,7,1,2,14
0x40b7f2,99.7312%,3,1113,1116,991,1,2,122
0x40a992,25%,3,1,4,1,1,2,0
0x40e936,83.3333%,3,15,18,15,1,2,0
0x4140b8,50%,3,3,6,3,1,2,0
0x41b25d,81.25%,3,13,16,7,1,2,6
0x414ffe,83.3333%,3,15,18,15,1,2,0
0x40f309,25%,3,1,4,0,1,2,1
0x403111,83.3333%,3,15,18,15,1,2,0
0x412b7d,99.9963%,3,81162,81165,0,0,3,81162
0x458d85,99.8225%,3,1687,1690,0,0,3,1687
0x40541f,25%,3,1,4,0,0,3,1
0x407a57,82.3529%,3,14,17,1,2,1,13
0x415d96,91.6667%,3,33,36,24,0,3,9
0x410e10,99.9895%,3,28692,28695,0,0,3,28692
0x4052c1,25%,3,1,4,0,0,3,1
0x40d66e,97.9167%,3,141,144,128,0,3,13
0x45c3d0,99.8225%,3,1687,1690,0,0,3,1687
0x403290,50%,3,3,6,3,1,2,0
0x4110f6,99.8316%,3,1778,1781,0,0,3,1778
0x4109dd,99.99%,3,30087,30090,15043,2,1,15044
0x41139e,99.9982%,3,164140,164143,108835,2,1,55305
0x40f2f5,57.1429%,3,4,7,0,1,2,4
0x4141b4,50%,3,3,6,2,2,1,1
0x41b015,62.5%,3,5,8,0,0,3,5
0x458d6d,99.8225%,3,1687,1690,0,0,3,1687
0x4031d6,83.3333%,3,15,18,10,2,1,5
0x40cc13,25%,3,1,4,0,2,1,1
0x40742e,99.0741%,3,321,324,0,0,3,321
0x40e1e5,99.537%,3,645,648,645,3,0,0
0x46fe4f,62.5%,3,5,8,5,1,2,0
0x414e6e,83.3333%,3,15,18,15,1,2,0
0x4015d6,83.3333%,3,15,18,15,1,2,0
0x40e7ee,62.5%,3,5,8,5,1,2,0
0x401aef,83.3333%,3,15,18,15,1,2,0
0x415166,83.3333%,3,15,18,15,1,2,0
0x4111e1,99.9952%,3,62844,62847,62844,3,0,0
0x412ac8,99.9963%,3,81211,81214,0,0,3,81211
0x414025,83.3333%,3,15,18,15,1,2,0
0x41621d,83.3333%,3,15,18,15,1,2,0
0x41127e,99.9952%,3,62844,62847,41895,3,0,20949
0x4105c3,99.982%,3,16691,16694,16691,3,0,0
0x413619,25%,3,1,4,0,2,1,1
0x40ca76,66.6667%,3,6,9,6,0,3,0
0x41b3c3,95.8333%,3,69,72,64,0,3,5
0x411eee,99.9974%,3,116181,116184,77455,1,2,38726
0x4116c2,99.9973%,3,109269,109272,72846,2,1,36423
0x40f692,88.4615%,3,23,26,23,1,2,0
0x406d2d,92.6829%,3,38,41,38,1,2,0
0x458d75,99.8225%,3,1687,1690,0,0,3,1687
0x413caa,25%,3,1,4,0,2,1,1
0x41336e,99.9743%,3,11687,11690,6680,1,2,5007
0x41b449,95.8333%,3,69,72,48,0,3,21
0x414202,25%,3,1,4,1,1,2,0
0x406d49,25%,3,1,4,0,2,1,1
0x40571c,83.3333%,3,15,18,15,1,2,0
0x40db5c,81.25%,3,13,16,13,1,2,0
0x40f315,0%,3,0,3,0,2,1,0
0x4057c6,75%,3,9,12,7,1,2,2
0x402c9d,99.8656%,3,2229,2232,1984,0,3,245
0x413ff5,83.3333%,3,15,18,15,1,2,0
0x406b23,99.1935%,3,369,372,0,0,3,369
0x4132d8,99.9895%,3,28674,28677,0,0,3,28674
0x412a20,99.9956%,3,67500,67503,0,0,3,67500
0x4112a5,99.9946%,3,55393,55396,55393,3,0,0
0x402f3f,83.3333%,3,15,18,15,1,2,0
0x407460,25%,3,1,4,1,1,2,0
0x4109f2,99.9801%,3,15042,15045,10030,0,3,5012
0x4124f6,99.9875%,3,24052,24055,1546,1,2,22506
0x41a594,50%,2,2,4,0,0,2,2
0x40e17e,99.6914%,2,646,648,0,0,2,646
0x40aa69,98.3871%,2,122,124,0,0,2,122
0x45a235,99.8817%,2,1688,1690,0,0,2,1688
0x4174d4,77.7778%,2,7,9,7,1,1,0
0x40af91,98.3871%,2,122,124,0,0,2,122
0x41a53e,50%,2,2,4,0,0,2,2
0x4179d3,91.6667%,2,22,24,0,1,1,22
0x406b57,98.3871%,2,122,124,0,0,2,122
0x40573c,88.8889%,2,16,18,16,0,2,0
0x4019c5,88.8889%,2,16,18,16,0,2,0
0x458d59,99.8817%,2,1688,1690,0,0,2,1688
0x402f0f,88.8889%,2,16,18,16,0,2,0
0x40dd9d,75%,2,6,8,0,0,2,6
0x41137f,99.9964%,2,55304,55306,0,0,2,55304
0x40193f,0%,2,0,2,0,0,2,0
0x4030bf,66.6667%,2,4,6,4,0,2,0
0x405b1e,97.9167%,2,94,96,0,0,2,94
0x40351d,94.4444%,2,34,36,0,0,2,34
0x414270,88.8889%,2,16,18,16,0,2,0
0x413281,99.993%,2,28675,28677,28675,2,0,0
0x40ba10,33.3333%,2,1,3,1,2,0,0
0x401f94,75%,2,6,8,4,0,2,2
0x414d9b,50%,2,2,4,2,0,2,0
0x402688,94.4444%,2,34,36,0,0,2,34
0x4177d3,92.5926%,2,25,27,0,0,2,25
0x458e3e,99.8817%,2,1688,1690,1688,2,0,0
0x45a275,99.8817%,2,1688,1690,0,0,2,1688
0x40e73a,75%,2,6,8,0,0,2,6
0x46fdfa,98.6667%,2,148,150,148,2,0,0
0x40d761,87.5%,2,14,16,0,0,2,14
0x40b9fe,33.3333%,2,1,3,1,1,1,0
0x40de9b,99.5968%,2,494,496,0,0,2,494
0x4175a4,77.7778%,2,7,9,7,1,1,0
0x4173d4,33.3333%,2,1,3,1,1,1,0
0x41b22e,75%,2,6,8,6,2,0,0
0x406b35,99.8208%,2,1114,1116,744,0,2,370
0x40219c,99.0909%,2,218,220,0,0,2,218
0x412561,99.997%,2,67522,67524,67522,2,0,0
0x40cdff,87.5%,2,14,16,0,0,2,14
0x40d414,87.5%,2,14,16,14,0,2,0
0x40cf0a,98.2906%,2,115,117,103,1,1,12
0x40bae1,88.8889%,2,16,18,16,0,2,0
0x411d56,99.8912%,2,1837,1839,0,0,2,1837
0x40d8db,99.5169%,2,412,414,367,1,1,45
0x4131ac,99.9968%,2,62827,62829,0,0,2,62827
0x46fe67,75%,2,6,8,0,0,2,6
0x40561d,94.4444%,2,34,36,32,0,2,2
0x40eb1b,88.8889%,2,16,18,16,0,2,0
0x458dc9,99.8817%,2,1688,1690,1688,2,0,0
0x46fdac,98.6667%,2,148,150,148,2,0,0
0x410b2e,99.9982%,2,113615,113617,75449,0,2,38166
0x402d90,94.4444%,2,34,36,24,0,2,10
0x407aab,88.8889%,2,16,18,0,0,2,16
0x417792,92.5926%,2,25,27,0,0,2,25
0x40bcc9,99.5516%,2,444,446,0,0,2,444
0x45a20a,99.8817%,2,1688,1690,0,0,2,1688
0x409582,88.8889%,2,16,18,16,0,2,0
0x40d19e,99.3994%,2,331,333,295,1,1,36
0x408ba2,88.8889%,2,16,18,16,0,2,0
0x408a81,89.4737%,2,17,19,17,2,0,0
0x407ac7,85.7143%,2,12,14,12,2,0,0
0x4079ad,99.6528%,2,574,576,512,0,2,62
0x409c20,92.8571%,2,26,28,0,2,0,26
0x40a8ad,88.8889%,2,16,18,16,0,2,0
0x458e0f,99.8817%,2,1688,1690,1688,2,0,0
0x413a10,50%,2,2,4,0,0,2,2
0x4132fd,99.9965%,2,57352,57354,28677,0,2,28675
0x45c3a3,99.8817%,2,1688,1690,0,0,2,1688
0x412712,0%,2,0,2,0,0,2,0
0x41ab81,99.8811%,2,1680,1682,0,0,2,1680
0x45c37b,99.8817%,2,1688,1690,1688,2,0,0
0x458da8,99.8817%,2,1688,1690,0,0,2,1688
0x41abd9,99.8811%,2,1680,1682,0,0,2,1680
0x41ac10,99.9405%,2,3362,3364,1680,2,0,1682
0x41ac79,99.9522%,2,4182,4184,4182,2,0,0
0x40ae85,98.3871%,2,122,124,0,0,2,122
0x41b59e,75%,2,6,8,0,0,2,6
0x40b398,98.3871%,2,122,124,0,0,2,122
0x458e2f,99.8817%,2,1688,1690,1688,2,0,0
0x410cb6,99.765%,2,849,851,0,0,2,849
0x40f6a1,0%,2,0,2,0,1,1,0
0x46fe2a,75%,2,6,8,5,1,1,1
0x4073bd,50%,2,2,4,0,0,2,2
0x413418,99.9867%,2,15025,15027,0,0,2,15025
0x409d75,80%,2,8,10,8,2,0,0
0x4031f5,66.6667%,2,4,6,3,1,1,1
0x402102,94.4444%,2,34,36,0,0,2,34
0x40ff91,99.9927%,2,27323,27325,0,0,2,27323
0x40b8ec,0%,1,0,1,0,1,0,0
0x40ca7a,66.6667%,1,2,3,2,0,1,0
0x40e568,99.8457%,1,647,648,647,1,0,0
0x40e460,99.8457%,1,647,648,0,0,1,647
0x41124a,99.9984%,1,62846,62847,0,0,1,62846
0x41b26f,87.5%,1,7,8,7,1,0,0
0x40acef,99.1935%,1,123,124,0,0,1,123
0x40f258,95.4545%,1,21,22,0,0,1,21
0x40b522,99.1935%,1,123,124,0,0,1,123
0x405429,75%,1,3,4,0,0,1,3
0x45c3c7,99.9408%,1,1689,1690,0,0,1,1689
0x40f3a4,66.6667%,1,2,3,2,1,0,0
0x4045cf,50%,1,1,2,0,0,1,1
0x415b4a,75%,1,3,4,3,1,0,0
0x41739b,66.6667%,1,2,3,2,1,0,0
0x40f766,66.6667%,1,2,3,2,1,0,0
0x41b4b7,87.5%,1,7,8,7,1,0,0
0x4154b6,99.3827%,1,161,162,0,0,1,161
0x40e898,99.3827%,1,161,162,0,0,1,161
0x40d001,92.3077%,1,12,13,0,0,1,12
0x4056cd,94.4444%,1,17,18,16,0,1,1
0x41768b,66.6667%,1,2,3,2,1,0,0
0x40f5ec,0%,1,0,1,0,1,0,0
0x409d0d,98.1132%,1,52,53,0,0,1,52
0x417aab,66.6667%,1,2,3,2,1,0,0
0x40a8f6,75%,1,3,4,0,0,1,3
0x401cbf,97.3684%,1,37,38,0,0,1,37
0x40bd0d,99.7312%,1,371,372,0,0,1,371
0x404385,50%,1,1,2,0,0,1,1
0x415d63,91.6667%,1,11,12,0,0,1,11
0x40bab6,66.6667%,1,2,3,2,0,1,0
0x413cc5,50%,1,1,2,0,0,1,1
0x40ba93,66.6667%,1,2,3,2,0,1,0
0x40df02,99.7984%,1,495,496,495,1,0,0
0x410e52,99.9965%,1,28694,28695,19130,0,1,9564
0x40ba21,66.6667%,1,2,3,2,0,1,0
0x40588e,99.6914%,1,323,324,0,0,1,323
0x40b2cf,99.3827%,1,161,162,0,0,1,161
0x4179e3,95.6522%,1,22,23,16,0,1,6
0x401f1b,98.6111%,1,71,72,0,0,1,71
0x40b81e,99.1935%,1,123,124,0,0,1,123
0x40e066,99.8457%,1,647,648,647,1,0,0
0x402f6e,50%,1,1,2,0,0,1,1
0x40af66,99.1935%,1,123,124,0,0,1,123
0x407a7e,92.8571%,1,13,14,0,0,1,13
0x413f9b,50%,1,1,2,1,1,0,0
0x417a8b,80%,1,4,5,3,1,0,1
0x403423,75%,1,3,4,0,0,1,3
0x40b9a6,0%,1,0,1,0,0,1,0
0x4035c3,99.6528%,1,287,288,0,0,1,287
0x409ba4,99.5305%,1,212,213,0,0,1,212
0x408452,98.9583%,1,95,96,95,1,0,0
0x406abd,99.1935%,1,123,124,0,0,1,123
0x45c3ac,99.9408%,1,1689,1690,1689,1,0,0
0x45c3bb,99.9408%,1,1689,1690,0,0,1,1689
0x409845,99.1935%,1,123,124,0,0,1,123
0x4179c4,87.5%,1,7,8,0,0,1,7
0x407a92,83.3333%,1,5,6,0,0,1,5
0x4086b8,94.4444%,1,17,18,0,0,1,17
0x4086f3,94.4444%,1,17,18,0,0,1,17
0x402e9d,98.8889%,1,89,90,79,1,0,10
0x4097f3,99.1935%,1,123,124,0,0,1,123
0x40883c,98.9583%,1,95,96,0,0,1,95
0x405ca7,80%,1,4,5,4,1,0,0
0x415bf8,75%,1,3,4,3,1,0,0
0x408b65,98.5714%,1,69,70,0,0,1,69
0x406b4e,99.1935%,1,123,124,0,0,1,123
0x408ba7,50%,1,1,2,0,0,1,1
0x41b0d7,87.5%,1,7,8,0,0,1,7
0x4152f8,99.3827%,1,161,162,0,0,1,161
0x412176,99.9615%,1,2597,2598,0,0,1,2597
0x40e9d8,98.6111%,1,71,72,0,0,1,71
0x4156eb,99.7942%,1,485,486,0,0,1,485
0x40e705,98.6111%,1,71,72,0,0,1,71
0x41aaec,99.9405%,1,1681,1682,0,0,1,1681
0x41b2b6,87.5%,1,7,8,7,1,0,0
0x41b181,87.5%,1,7,8,7,1,0,0
0x41b16f,87.5%,1,7,8,0,0,1,7
0x41b124,87.5%,1,7,8,7,1,0,0
0x41b0e0,87.5%,1,7,8,0,0,1,7
0x41b46f,95.8333%,1,23,24,0,0,1,23
0x45a267,99.9408%,1,1689,1690,1689,1,0,0
0x40563c,50%,1,1,2,0,0,1,1
0x40f3b3,90%,1,9,10,9,1,0,0
0x40ea8d,83.3333%,1,5,6,0,0,1,5
0x40589d,99.9657%,1,2915,2916,2592,0,1,323
0x40aade,99.1935%,1,123,124,0,0,1,123
0x40c22e,99.6644%,1,297,298,0,0,1,297
0x402da1,75%,1,3,4,0,0,1,3
0x41afda,87.5%,1,7,8,7,1,0,0
0x4026aa,97.2222%,1,35,36,0,0,1,35
0x402819,92.8571%,1,13,14,13,1,0,0
0x4141ca,50%,1,1,2,1,1,0,0
0x41309e,99.9991%,1,109253,109254,72835,1,0,36418
0x41b5a8,87.5%,1,7,8,0,0,1,7
0x40b324,99.1935%,1,123,124,0,0,1,123
0x45c9e3,99.9408%,1,1689,1690,0,0,1,1689
0x40b896,0%,1,0,1,0,0,1,0
0x415707,99.7942%,1,485,486,0,0,1,485
0x40ea44,83.3333%,1,5,6,0,0,1,5
0x41b15e,87.5%,1,7,8,0,0,1,7
0x415670,99.3827%,1,161,162,0,0,1,161
0x41a4c0,75%,1,3,4,3,1,0,0
0x41b01e,87.5%,1,7,8,7,1,0,0
0x4173dd,0%,1,0,1,0,1,0,0
0x41a522,75%,1,3,4,0,0,1,3
0x40ce17,93.75%,1,15,16,0,0,1,15
0x407641,94.4444%,1,17,18,0,0,1,17
0x40e88d,94.4444%,1,17,18,0,0,1,17
0x40d546,93.75%,1,15,16,0,0,1,15
0x413fa9,50%,1,1,2,0,0,1,1
0x458e39,99.9408%,1,1689,1690,0,0,1,1689
0x40ba41,0%,1,0,1,0,0,1,0
0x415cdf,91.6667%,1,11,12,0,0,1,11
0x415107,94.4444%,1,17,18,16,0,1,1
0x417924,96.2963%,1,26,27,0,0,1,26
0x41b178,87.5%,1,7,8,0,0,1,7
0x410645,99.994%,1,16569,16570,15781,0,1,788
0x40d866,98.5915%,1,70,71,0,0,1,70
0x4063f0,98.9583%,1,95,96,0,0,1,95
0x41b3d7,87.5%,1,7,8,7,1,0,0
0x40c623,99.661%,1,294,295,0,0,1,294
0x41774a,66.6667%,1,2,3,2,1,0,0
0x40d308,80%,1,4,5,4,1,0,0
0x414135,83.3333%,1,5,6,4,0,1,1
0x402d0d,75%,1,3,4,0,0,1,3
0x40497f,97.2222%,1,35,36,0,0,1,35
0x41358d,99.9895%,1,9533,9534,4766,1,0,4767
0x40f5a8,0%,1,0,1,0,0,1,0
0x46fe98,97.5%,1,39,40,0,0,1,39
0x413151,99.9984%,1,62828,62829,62828,1,0,0
0x41041a,99.994%,1,16583,16584,0,0,1,16583
0x40eb0d,94.4444%,1,17,18,0,0,1,17
0x4149e1,75%,1,3,4,0,0,1,3
0x4045e0,50%,1,1,2,1,1,0,0
0x46fdbc,99.3333%,1,149,150,149,1,0,0
0x40da23,80%,1,4,5,0,0,1,4
0x40cbd8,99.6914%,1,323,324,0,0,1,323
0x40c889,99.661%,1,294,295,0,0,1,294
0x40c2cf,99.6644%,1,297,298,0,0,1,297
0x408b38,95.4545%,1,21,22,0,0,1,21
0x4133c1,99.9933%,1,15026,15027,15026,1,0,0
0x405513,75%,1,3,4,3,1,0,0
0x41578e,99.7942%,1,485,486,0,0,1,485
0x405672,50%,1,1,2,1,1,0,0
0x408b4b,97.7273%,1,43,44,0,0,1,43
0x402289,95.4545%,1,21,22,21,1,0,0
0x40631e,94.4444%,1,17,18,0,0,1,17
0x40eb72,50%,1,1,2,1,1,0,0
0x40eb00,50%,1,1,2,0,0,1,1
0x401b08,50%,1,1,2,0,0,1,1
0x41a5a2,75%,1,3,4,3,1,0,0
0x410504,99.9791%,1,4784,4785,4784,1,0,0
0x40ca95,88.8889%,1,8,9,8,0,1,0
0x40f59e,50%,1,1,2,1,0,1,0
0x41a5b1,75%,1,3,4,0,0,1,3
0x40c35d,99.7312%,1,371,372,0,0,1,371
0x40ca7f,85.7143%,1,6,7,6,1,0,0
0x4158e4,99.3827%,1,161,162,158,0,1,3
0x409912,99.7312%,1,371,372,0,0,1,371
0x40ce88,100%,0,144,144,0,0,0,144
0x41afa6,100%,0,8,8,0,0,0,8
0x415548,100%,0,486,486,0,0,0,486
0x4155bf,100%,0,486,486,0,0,0,486
0x41af9a,100%,0,8,8,0,0,0,8
0x40311e,100%,0,2,2,0,0,0,2
0x40994d,100%,0,124,124,0,0,0,124
0x4098af,100%,0,124,124,0,0,0,124
0x403266,100%,0,6,6,0,0,0,6
0x40eb20,100%,0,2,2,0,0,0,2
0x405879,100%,0,36,36,0,0,0,36
0x404aa0,100%,0,36,36,0,0,0,36
0x40f5dd,100%,0,1,1,0,0,0,1
0x41552b,100%,0,486,486,0,0,0,486
0x415cbb,100%,0,12,12,0,0,0,12
0x40496a,100%,0,36,36,0,0,0,36
0x414a06,100%,0,4,4,0,0,0,4
0x417a0c,100%,0,2,2,0,0,0,2
0x415016,100%,0,2,2,2,0,0,0
0x40f6b1,100%,0,1,1,1,0,0,0
0x40c57a,100%,0,295,295,0,0,0,295
0x40f5ce,100%,0,1,1,0,0,0,1
0x415dd8,100%,0,12,12,0,0,0,12
0x4157d5,100%,0,162,162,0,0,0,162
0x417424,100%,0,1,1,0,0,0,1
0x40633a,100%,0,18,18,0,0,0,18
0x40ca20,100%,0,124,124,0,0,0,124
0x417a22,100%,0,2,2,0,0,0,2
0x40c9a2,100%,0,124,124,124,0,0,0
0x40b5a7,100%,0,124,124,0,0,0,124
0x40ba30,100%,0,1,1,0,0,0,1
0x40c33a,100%,0,124,124,0,0,0,124
0x40e8d2,100%,0,2,2,0,0,0,2
0x40bc57,100%,0,162,162,0,0,0,162
0x40cb72,100%,0,4,4,0,0,0,4
0x40bfcb,100%,0,298,298,0,0,0,298
0x40a95c,100%,0,324,324,0,0,0,324
0x40bf2a,100%,0,298,298,0,0,0,298
0x40d566,100%,0,16,16,0,0,0,16
0x40aa14,100%,0,162,162,0,0,0,162
0x412b69,100%,0,2592,2592,0,0,0,2592
0x40eac7,100%,0,18,18,0,0,0,18
0x41b116,100%,0,8,8,8,0,0,0
0x41b1d8,100%,0,8,8,0,0,0,8
0x402eb9,100%,0,18,18,0,0,0,18
0x4064e7,100%,0,4,4,4,0,0,0
0x41ab24,100%,0,1682,1682,1682,0,0,0
0x415db0,100%,0,4,4,4,0,0,0
0x415c10,100%,0,4,4,0,0,0,4
0x40d2da,100%,0,5,5,0,0,0,5
0x40d127,100%,0,54,54,0,0,0,54
0x415813,100%,0,133,133,0,0,0,133
0x40afcd,100%,0,124,124,124,0,0,0
0x415435,100%,0,162,162,0,0,0,162
0x40534a,100%,0,4,4,0,0,0,4
0x41a475,100%,0,4,4,0,0,0,4
0x4033d1,100%,0,324,324,0,0,0,324
0x40eaa1,100%,0,6,6,6,0,0,0
0x40369c,100%,0,140,140,140,0,0,0
0x417806,100%,0,3,3,0,0,0,3
0x417882,100%,0,27,27,0,0,0,27
0x41b2ab,100%,0,8,8,0,0,0,8
0x41344e,100%,0,15027,15027,10018,0,0,5009
0x40dfee,100%,0,648,648,0,0,0,648
0x40da4a,100%,0,5,5,5,0,0,0
0x405823,100%,0,4,4,0,0,0,4
0x414726,100%,0,12,12,0,0,0,12
0x41058d,100%,0,9570,9570,4785,0,0,4785
0x41470a,100%,0,12,12,0,0,0,12
0x413b86,100%,0,12,12,0,0,0,12
0x41aafc,100%,0,1682,1682,0,0,0,1682
0x40f446,100%,0,3,3,0,0,0,3
0x41a4bb,100%,0,4,4,0,0,0,4
0x40e44b,100%,0,648,648,0,0,0,648
0x40f57e,100%,0,2,2,2,0,0,0
0x4178f3,100%,0,27,27,0,0,0,27
0x41a530,100%,0,4,4,0,0,0,4
0x41ab0a,100%,0,1682,1682,0,0,0,1682
0x40450c,100%,0,2,2,0,0,0,2
0x4159e0,100%,0,4,4,0,0,0,4
0x401f30,100%,0,648,648,0,0,0,648
0x41a615,100%,0,36,36,0,0,0,36
0x408a96,100%,0,8,8,0,0,0,8
0x41a558,100%,0,4,4,0,0,0,4
0x4148bc,100%,0,4,4,0,0,0,4
0x40eab8,100%,0,2,2,0,0,0,2
0x40ac6a,100%,0,124,124,0,0,0,124
0x41795b,100%,0,3,3,0,0,0,3
0x4128ef,100%,0,2133,2133,0,0,0,2133
0x41afe7,100%,0,8,8,8,0,0,0
0x413566,100%,0,4767,4767,0,0,0,4767
0x412c51,100%,0,67596,67596,67596,0,0,0
0x40a94c,100%,0,36,36,0,0,0,36
0x405a46,100%,0,18,18,0,0,0,18
0x4117ab,100%,0,2139,2139,0,0,0,2139
0x41056d,100%,0,4785,4785,0,0,0,4785
0x41b596,100%,0,8,8,0,0,0,8
0x41b00c,100%,0,8,8,0,0,0,8
0x402754,100%,0,220,220,0,0,0,220
0x41b506,100%,0,8,8,8,0,0,0
0x410961,100%,0,15045,15045,15045,0,0,0
0x41059e,100%,0,4785,4785,3190,0,0,1595
0x4109b0,100%,0,15045,15045,0,0,0,15045
0x41ac15,100%,0,1682,1682,0,0,0,1682
0x416240,100%,0,2,2,0,0,0,2
0x40b995,100%,0,1,1,0,0,0,1
0x458de7,100%,0,1690,1690,0,0,0,1690
0x41359e,100%,0,4767,4767,3178,0,0,1589
0x40354a,100%,0,36,36,0,0,0,36
0x41330e,100%,0,28677,28677,19118,0,0,9559
0x408410,100%,0,96,96,0,0,0,96
0x401b16,100%,0,18,18,0,0,0,18
0x41a667,100%,0,4,4,4,0,0,0
0x410406,100%,0,795,795,0,0,0,795
0x40b849,100%,0,124,124,0,0,0,124
0x40f5bb,100%,0,1,1,0,0,0,1
0x413770,100%,0,4,4,0,0,0,4
0x4174dd,100%,0,1,1,0,0,0,1
0x458dba,100%,0,1690,1690,0,0,0,1690
0x40e91b,100%,0,18,18,0,0,0,18
0x41b348,100%,0,8,8,0,0,0,8
0x40e984,100%,0,8,8,0,0,0,8
0x45c38c,100%,0,1690,1690,0,0,0,1690
0x4020bb,100%,0,36,36,0,0,0,36
0x41b250,100%,0,16,16,0,0,0,16
0x40eacf,100%,0,162,162,0,0,0,162
0x45a255,100%,0,1690,1690,0,0,0,1690
0x45a86d,100%,0,1690,1690,1690,0,0,0
0x45c9d3,100%,0,1690,1690,0,0,0,1690
0x45a30d,100%,0,1690,1690,0,0,0,1690
0x40e81e,100%,0,2,2,0,0,0,2
0x4031b9,100%,0,6,6,0,0,0,6
0x45c3d5,100%,0,1690,1690,0,0,0,1690
0x458d63,100%,0,1690,1690,0,0,0,1690
0x417872,100%,0,9,9,0,0,0,9
0x403376,100%,0,4,4,0,0,0,4
0x4033bb,100%,0,36,36,0,0,0,36
0x41b4e4,100%,0,64,64,64,0,0,0
0x409ced,100%,0,66,66,0,0,0,66
0x406d65,100%,0,2,2,2,0,0,0
0x407606,100%,0,18,18,0,0,0,18
0x407922,100%,0,64,64,0,0,0,64
0x407973,100%,0,55,55,55,0,0,0
0x4079c7,100%,0,5,5,0,0,0,5
0x401eb4,100%,0,8,8,0,0,0,8
0x40198b,100%,0,18,18,0,0,0,18
0x40baa5,100%,0,3,3,3,0,0,0
0x4087f8,100%,0,96,96,0,0,0,96
0x40401c,100%,0,36,36,0,0,0,36
0x408a04,100%,0,53,53,53,0,0,0
0x40e9e3,100%,0,648,648,0,0,0,648
0x4174e7,100%,0,1,1,0,0,0,1
0x40b73d,100%,0,124,124,0,0,0,124
0x40404a,100%,0,36,36,0,0,0,36
0x405a0a,100%,0,18,18,0,0,0,18
0x407413,100%,0,36,36,0,0,0,36
0x411bdb,100%,0,1540,1540,0,0,0,1540
0x40d5df,100%,0,144,144,0,0,0,144
0x46fdd3,100%,0,150,150,0,0,0,150
0x41136b,100%,0,1775,1775,0,0,0,1775
0x410f4b,100%,0,845,845,0,0,0,845
0x401d08,100%,0,38,38,0,0,0,38
0x410689,100%,0,789,789,0,0,0,789
0x414c85,100%,0,4,4,0,0,0,4
0x401dbd,100%,0,114,114,0,0,0,114
0x410aeb,100%,0,887,887,0,0,0,887
0x40cbc8,100%,0,36,36,0,0,0,36
0x40eb54,100%,0,18,18,0,0,0,18
0x412466,100%,0,2139,2139,0,0,0,2139
0x411526,100%,0,2145,2145,0,0,0,2145
0x410856,100%,0,893,893,0,0,0,893
0x404f46,100%,0,4,4,0,0,0,4
0x413640,100%,0,4,4,0,0,0,4
0x402c5c,100%,0,248,248,0,0,0,248
0x413795,100%,0,4,4,0,0,0,4
0x401d72,100%,0,38,38,0,0,0,38
0x40c927,100%,0,295,295,0,0,0,295
0x41b281,100%,0,8,8,8,0,0,0
0x412821,100%,0,2,2,0,0,0,2
0x413629,100%,0,2,2,0,0,0,2
0x40e6b0,100%,0,8,8,8,0,0,0
