Branch PC,Accuracy,Mispredictions,Correct Predictions,Total,dir_t_pred_t,dir_t_pred_nt,dir_nt_pred_t,dir_nt_pred_nt
aggregate,99.5695%,110327,25518508,25628835,15599342,47384,62943,9919166
0x411cdb,97.8465%,17666,802659,820325,732903,6773,10893,69756
0x4120ef,98.3465%,10431,620424,630855,562804,4298,6133,57620
0x41104e,98.954%,7958,752824,760782,677847,2858,5100,74977
0x41ac73,96.1664%,6402,160593,166995,145191,3316,3086,15402
0x412633,97.3246%,5514,200585,206099,40453,2775,2739,160132
0x411480,98.5777%,5314,368304,373618,265158,2226,3088,103146
0x4123df,92.736%,4631,59122,63753,26839,2537,2094,32283
0x41ae23,97.0837%,4347,144714,149061,141079,752,3595,3635
0x41321e,99.484%,3925,756800,760725,674353,1869,2056,82447
0x412d38,99.3808%,3906,626892,630798,548516,1690,2216,78376
0x410794,98.7139%,3869,296965,300834,232098,1804,2065,64867
0x410c08,98.6065%,2868,202945,205813,119777,1477,1391,83168
0x4130f0,99.3425%,2456,371105,373561,292467,1074,1382,78638
0x412e6e,99.7053%,2417,817851,820268,724528,1176,1241,93323
0x412fb0,99.4412%,2210,393293,395503,288017,1309,901,105276
0x4134a1,99.2769%,2175,298603,300778,262082,917,1258,36521
0x410341,98.8603%,2050,177821,179871,36787,1048,1002,141034
0x4118ce,99.5586%,1746,393814,395560,300266,673,1073,93548
0x41acba,99.5479%,755,166240,166995,130559,268,487,35681
0x4135e8,99.6591%,613,179202,179815,159195,290,323,20007
0x413360,99.774%,465,205292,205757,138678,203,262,66614
0x40c0b8,82.6692%,274,1307,1581,1185,63,211,122
0x409b7f,80.5091%,268,1107,1375,234,160,108,873
0x40f2d5,81.4712%,267,1174,1441,1150,50,217,24
0x40bdac,84.8197%,240,1341,1581,154,179,61,1187
0x409d02,85.8456%,231,1401,1632,615,117,114,786
0x401dc4,85.3801%,225,1314,1539,1034,88,137,280
0x40f66f,91.0025%,219,2215,2434,1963,72,147,252
0x415803,75.5079%,217,669,886,385,131,86,284
0x401ce3,85.8999%,217,1322,1539,425,113,104,897
0x409b47,90.2439%,216,1998,2214,771,68,148,1227
0x40c713,86.5275%,213,1368,1581,1281,34,179,87
0x40c3fc,86.5908%,212,1369,1581,93,173,39,1276
0x40aa4d,96.35%,209,5517,5726,36,166,43,5481
0x406c9b,89.3519%,207,1737,1944,674,86,121,1063
0x401d33,86.6797%,205,1334,1539,363,133,72,971
0x40b308,96.5632%,197,5535,5732,41,161,36,5494
0x406a70,73.3882%,194,535,729,79,123,71,456
0x40840b,67.9012%,182,385,567,61,102,80,324
0x40bcce,96.9011%,178,5566,5744,61,141,37,5505
0x4157fb,76.264%,169,543,712,74,122,47,469
0x4097ea,77.3663%,165,564,729,83,119,46,481
0x406cc6,86.0642%,165,1019,1184,218,112,53,801
0x405b15,73.1922%,152,415,567,65,98,54,350
0x407968,69.3712%,151,342,493,156,76,75,186
0x40de8a,93.6143%,150,2199,2349,534,92,58,1665
0x402c4d,80.5213%,142,587,729,119,83,59,468
0x409cc8,86.4683%,141,901,1042,233,69,72,668
0x4063e7,76.3668%,134,433,567,76,85,49,357
0x402745,79.4753%,133,515,648,100,83,50,415
0x40218b,79.784%,131,517,648,99,82,49,418
0x415138,82.3045%,129,600,729,480,47,82,120
0x4087ef,78.6596%,121,446,567,72,89,32,374
0x409c9f,92.1958%,118,1394,1512,415,55,63,979
0x40f685,70.9273%,116,283,399,232,39,77,51
0x409d27,90.795%,110,1085,1195,671,61,49,414
0x4089f0,71.5493%,101,254,355,90,37,64,164
0x40f567,92.5154%,97,1199,1296,1192,25,72,7
0x40f41e,80.3347%,94,384,478,354,20,74,30
0x416203,87.0787%,92,620,712,609,24,68,11
0x401cae,87.7915%,89,640,729,534,24,65,106
0x41ad1f,99.8648%,88,64982,65070,57798,42,46,7184
0x409bbc,91.4373%,84,897,981,822,21,63,75
0x4078de,76.3006%,82,264,346,70,44,38,194
0x405c10,73.9683%,82,233,315,54,47,35,179
0x407765,80.198%,80,324,404,24,55,25,300
0x40c657,94.9399%,80,1501,1581,1024,30,50,477
0x409965,85.0095%,79,448,527,421,24,55,27
0x406482,74.2574%,78,225,303,58,43,35,167
0x40738b,89.4376%,77,652,729,634,14,63,18
0x406c35,88.5802%,74,574,648,403,29,45,171
0x409dc4,95.172%,73,1439,1512,1316,28,45,123
0x406b90,86.3378%,72,455,527,439,16,56,16
0x40950d,80%,71,284,355,253,31,40,31
0x40a88e,90.8093%,67,662,729,637,11,56,25
0x404bfc,89.6605%,67,581,648,540,27,40,41
0x401a84,90.9465%,66,663,729,134,37,29,529
0x40645c,84.9754%,61,345,406,327,17,44,18
0x4061a4,80.6349%,61,254,315,228,18,43,26
0x40d145,71.3615%,61,152,213,23,40,21,129
0x411dc7,99.9256%,60,80589,80649,34498,23,37,46091
0x403608,90.7407%,60,588,648,575,18,42,13
0x411d18,99.9117%,60,67891,67951,67395,17,43,496
0x408b40,67.5824%,59,123,182,37,38,21,86
0x4083d5,82.948%,59,287,346,247,20,39,40
0x40564b,84.6154%,56,308,364,265,18,38,43
0x40a83e,97.4706%,56,2158,2214,1948,20,36,210
0x40ced6,91.358%,56,592,648,591,7,49,1
0x403c89,91.5123%,55,593,648,553,14,41,40
0x40bfff,96.5212%,55,1526,1581,1033,21,34,493
0x403c3c,76.8908%,55,183,238,160,23,32,23
0x408b5a,60.8696%,54,84,138,53,21,33,31
0x41ae1d,99.9626%,53,141778,141831,28883,19,34,112895
0x406ced,93.7939%,53,801,854,605,16,37,196
0x4079b2,77.1552%,53,179,232,13,23,30,166
0x402577,91.9753%,52,596,648,554,13,39,42
0x405b65,87.1287%,52,352,404,325,10,42,27
0x407353,97.3765%,51,1893,1944,1708,20,31,185
0x402e51,73.2984%,51,140,191,40,24,27,100
0x408879,87.4384%,51,355,406,319,16,35,36
0x40689c,83.1683%,51,252,303,228,13,38,24
0x409acd,93.0894%,51,687,738,465,27,24,222
0x411b94,99.9304%,51,73267,73318,72916,23,28,351
0x411cfc,99.938%,50,80599,80649,12685,13,37,67914
0x40f2eb,79.2531%,50,191,241,187,20,30,4
0x409c15,81.203%,50,216,266,27,29,21,189
0x4119ca,99.9472%,50,94571,94621,45378,26,24,49193
0x40d15f,67.3333%,49,101,150,28,24,25,73
0x407a57,63.9706%,49,87,136,24,27,22,63
0x4068d3,91.358%,49,518,567,474,12,37,44
0x40d37d,77.4648%,48,165,213,152,11,37,13
0x40d884,71.2575%,48,119,167,31,24,24,88
0x4084d5,91.5344%,48,519,567,478,8,40,41
0x4040f5,92.5926%,48,600,648,595,10,38,5
0x4114dd,99.9428%,48,83894,83942,83189,14,34,705
0x402a91,92.5926%,48,600,648,560,7,41,40
0x40df85,97.9566%,48,2301,2349,2072,16,32,229
0x401cf1,97.011%,46,1493,1539,1351,17,29,142
0x411c44,99.9514%,46,94518,94564,45352,12,34,49166
0x41115f,99.9426%,46,80031,80077,32091,13,33,47940
0x407aa0,79.1667%,45,171,216,65,20,25,106
0x40ca9e,93.8272%,45,684,729,630,18,27,54
0x40332e,93.8272%,45,684,729,646,2,43,38
0x40f39a,91.0042%,43,435,478,431,13,30,4
0x412660,99.9212%,43,54547,54590,51634,31,12,2913
0x41108f,99.9463%,43,80034,80077,16845,18,25,63189
0x4173d4,69.2857%,43,97,140,96,13,30,1
0x417634,84.1912%,43,229,272,6,29,14,223
0x4114c1,99.9605%,42,106192,106234,22279,13,29,83913
0x406209,92.5926%,42,525,567,482,4,38,43
0x40c9fb,84.9462%,42,237,279,111,20,22,126
0x4110ab,99.9336%,42,63172,63214,62731,15,27,441
0x417a8b,84.5588%,42,230,272,229,13,29,1
0x412629,99.9355%,41,63539,63580,11343,19,22,52196
0x409c5b,91.8651%,41,463,504,322,14,27,141
0x401df5,94.3759%,41,688,729,639,9,32,49
0x41212f,99.9203%,41,51427,51468,50732,10,31,695
0x401412,85.3047%,41,238,279,196,19,22,42
0x41175c,99.9523%,40,83853,83893,83155,23,17,698
0x411740,99.9623%,40,106137,106177,22268,16,24,83869
0x4113c4,99.95%,40,79980,80020,32054,10,30,47926
0x409574,93.1217%,39,528,567,479,7,32,49
0x401d41,97.4659%,39,1500,1539,1351,17,22,149
0x406d49,82.1918%,39,180,219,18,24,15,162
0x4108ba,99.9417%,39,66893,66932,12621,19,20,54272
0x410c59,99.9551%,38,84521,84559,26008,15,23,58513
0x412853,99.8135%,38,20340,20378,41,15,23,20299
0x40c953,97.5965%,38,1543,1581,1037,17,21,506
0x41158a,99.9642%,38,106196,106234,55769,18,20,50427
0x412024,99.9541%,37,80555,80592,34456,25,12,46099
0x40ca24,92.5403%,37,459,496,453,12,25,6
0x40daca,77.8443%,37,130,167,110,17,20,20
0x409bf9,73.1884%,37,101,138,70,10,27,31
0x40d632,94.2901%,37,611,648,603,5,32,8
0x410b54,99.9447%,37,66839,66876,12577,23,14,54262
0x404d3c,90.1099%,36,328,364,314,11,25,14
0x411923,99.9509%,36,73331,73367,72952,12,24,379
0x409d5f,95.2186%,35,697,732,599,17,18,98
0x406d2d,84.9785%,35,198,233,177,12,23,21
0x411f7a,99.9485%,35,67867,67902,67368,19,16,499
0x408b14,72.8682%,35,94,129,35,18,17,59
0x40db1a,94.7531%,34,614,648,571,5,29,43
0x408a57,85.0877%,34,194,228,178,15,19,16
0x41515a,95.3361%,34,695,729,641,7,27,54
0x401de2,93.3723%,34,479,513,329,13,21,150
0x40f702,97.4458%,33,1259,1292,847,17,16,412
0x4117ee,99.9869%,33,250931,250964,167049,22,11,83882
0x40d3ca,94.9074%,33,615,648,568,8,25,47
0x402e2f,87.7778%,33,237,270,65,14,19,172
0x40ee5c,80.8642%,31,131,162,125,10,21,6
0x407a87,73.5043%,31,86,117,72,13,18,14
0x40565c,95.216%,31,617,648,64,17,14,553
0x411814,99.9708%,31,106146,106177,55731,16,15,50415
0x40f714,92.757%,31,397,428,273,15,16,124
0x40473e,95.3704%,30,618,648,563,4,26,55
0x4046f4,85.8537%,29,176,205,155,7,22,21
0x411aed,99.9886%,29,255403,255432,127706,10,19,127697
0x41ac53,99.9554%,29,65041,65070,36121,11,18,28920
0x408bb9,77.5194%,29,100,129,81,14,15,19
0x40c9a2,94.6869%,28,499,527,489,7,21,10
0x410fb4,99.9669%,28,84475,84503,26973,11,17,57502
0x40e146,89.272%,28,233,261,224,8,20,9
0x411ffe,99.9867%,27,203164,203191,135268,21,6,67896
0x40f692,78.9062%,27,101,128,94,7,20,7
0x4057b5,66.6667%,27,54,81,41,13,14,13
0x412a4e,99.9683%,27,85245,85272,42622,14,13,42623
0x409cdb,99.5946%,27,6633,6660,5909,11,16,724
0x4064c2,87.1287%,26,176,202,172,7,19,4
0x40afcd,95.057%,26,500,526,494,1,25,6
0x412645,99.984%,26,162845,162871,8982,8,18,153863
0x4121ae,99.9831%,26,153652,153678,102196,14,12,51456
0x411c1e,99.9882%,26,219549,219575,146240,17,9,73309
0x412d46,99.9246%,26,34455,34481,2946,5,21,31509
0x4013c2,90.681%,26,253,279,240,6,20,13
0x410473,99.9313%,26,37809,37835,9249,10,16,28560
0x41ad47,99.964%,26,72274,72300,65049,21,5,7225
0x412113,99.9592%,26,63727,63753,12271,14,12,51456
0x417aab,82.1429%,25,115,140,115,10,15,0
0x41223d,99.9608%,25,63728,63753,24980,16,9,38748
0x412fbe,99.9552%,25,55722,55747,3439,1,24,52283
0x411b29,99.9736%,25,94596,94621,94596,25,0,0
0x41308d,99.992%,25,313817,313842,156908,13,12,156909
0x40c2fb,98.4187%,25,1556,1581,1050,4,21,506
0x4107ed,99.9641%,24,66908,66932,11815,9,15,55093
0x40f72e,82.8571%,24,116,140,88,8,16,28
0x40cbe7,99.6342%,24,6537,6561,5816,16,8,721
0x401ad6,96.7078%,24,705,729,642,6,18,63
0x411edd,99.9873%,24,189300,189324,94653,9,15,94647
0x412e1d,99.9873%,24,189156,189180,94577,13,11,94579
0x410e3d,99.9831%,24,142062,142086,71028,15,9,71034
0x41306c,99.9847%,24,156897,156921,0,0,24,156897
0x40acb8,99.9437%,24,42582,42606,37852,20,4,4730
0x40babf,96.7078%,24,705,729,640,8,16,65
0x40eadd,96.845%,23,706,729,641,7,16,65
0x4103a8,99.9392%,23,37812,37835,8366,11,12,29446
0x412bae,99.985%,23,153535,153558,102121,17,6,51414
0x4116ad,99.9927%,23,313963,313986,156979,14,9,156984
0x40ca76,91.7563%,23,256,279,93,8,15,163
0x408a76,69.7368%,23,53,76,26,8,15,27
0x409b92,99.7395%,23,8806,8829,7832,16,7,974
0x40a977,96.9822%,22,707,729,638,10,12,69
0x411309,99.9725%,22,79998,80020,16849,6,16,63149
0x40ea11,91.5709%,22,239,261,221,11,11,18
0x40d89e,80.3571%,22,90,112,7,16,6,83
0x40f6f2,99.0947%,22,2408,2430,1212,5,17,1196
0x410edd,99.974%,22,84481,84503,26007,8,14,58474
0x412e7c,99.9515%,22,45342,45364,2813,3,19,42529
0x40b22f,96.9822%,22,707,729,640,8,14,67
0x411680,99.9866%,21,156972,156993,0,0,21,156972
0x40e568,99.0712%,21,2240,2261,2239,9,12,1
0x410809,99.9619%,21,55087,55108,54813,8,13,274
0x40e2ad,91.954%,21,240,261,227,5,16,13
0x409d75,81.8966%,21,95,116,85,12,9,10
0x405c52,90.1869%,21,193,214,174,8,13,19
0x4064d8,60.3774%,21,32,53,10,12,9,22
0x40b885,96.0076%,21,505,526,489,6,15,16
0x411f5e,99.9752%,20,80572,80592,12676,14,6,67896
0x41295a,99.9318%,20,29300,29320,17245,7,13,12055
0x412276,99.92%,20,24976,24996,4002,9,11,20974
0x402ef2,92.5926%,20,250,270,234,6,14,16
0x40defd,99.871%,20,15487,15507,13773,11,9,1714
0x411a06,99.956%,20,45384,45404,2821,11,9,42563
0x410cee,99.9886%,20,175342,175362,116815,11,9,58527
0x40d62d,99.6571%,20,5812,5832,5177,7,13,635
0x410d56,99.9297%,19,27005,27024,3334,9,10,23671
0x40369c,92.0168%,19,219,238,219,7,12,0
0x41241f,99.9226%,19,24538,24557,23955,8,11,583
0x412f4d,99.9926%,19,255269,255288,127635,9,10,127634
0x411b78,99.9799%,19,94545,94564,21239,7,12,73306
0x411907,99.9799%,19,94602,94621,21245,9,10,73357
0x40f578,75.9494%,19,60,79,57,10,9,3
0x40ee0e,92.1811%,19,224,243,21,6,13,203
0x40b0eb,38.7097%,19,12,31,8,9,10,4
0x40ced1,99.6742%,19,5813,5832,5178,6,13,635
0x40ca95,93.5484%,18,261,279,243,5,13,18
0x40e0d5,70.4918%,18,43,61,6,8,10,37
0x40cbff,77.7778%,18,63,81,63,9,9,0
0x411b02,99.9859%,18,127698,127716,85132,12,6,42566
0x40791d,99.1379%,18,2070,2088,1851,5,13,219
0x412f5e,99.9859%,18,127626,127644,85089,7,11,42537
0x401f73,93.1034%,18,243,261,230,2,16,13
0x407aff,86.7647%,18,118,136,89,11,7,29
0x405c98,80.2198%,18,73,91,24,8,10,49
0x40736f,97.2222%,18,630,648,570,6,12,60
0x409840,99.6205%,18,4725,4743,4212,4,14,513
0x410b2e,99.9897%,17,164900,164917,109844,13,4,55056
0x411ac0,99.9867%,17,127699,127716,0,0,17,127699
0x410d1a,99.9799%,17,84542,84559,27021,3,14,57521
0x40f432,83.6538%,17,87,104,82,6,11,5
0x41199e,99.9923%,17,219681,219698,146321,10,7,73360
0x40edbd,57.5%,17,23,40,6,7,10,17
0x4058b5,79.0123%,17,64,81,64,8,9,0
0x410b02,99.9691%,17,55043,55060,0,0,17,55043
0x40279d,99.5938%,17,4168,4185,3710,10,7,458
0x40f593,76.3889%,17,55,72,51,3,14,4
0x40f745,61.3636%,17,27,44,23,9,8,4
0x40cada,79.0123%,17,64,81,49,5,12,15
0x4058a9,97.8052%,16,713,729,645,3,13,68
0x41088e,99.9903%,16,165021,165037,109921,8,8,55100
0x40f2b3,98.3368%,16,946,962,477,4,12,469
0x411eba,99.9831%,16,94646,94662,0,0,16,94646
0x412ca6,99.9746%,16,62867,62883,0,0,16,62867
0x40a96b,99.7561%,16,6545,6561,5827,5,11,718
0x412b1c,99.9689%,16,51404,51420,50714,4,12,690
0x417734,99.2499%,16,2117,2133,1890,6,10,227
0x40ef3e,93.3884%,16,226,242,210,6,10,16
0x40e8b4,97.8052%,16,713,729,644,4,12,69
0x41292e,99.9781%,16,72941,72957,48438,10,6,24503
0x412b00,99.9749%,16,63681,63697,12268,9,7,51413
0x411bef,99.9782%,16,73302,73318,0,0,16,73302
0x401f62,99.3614%,15,2334,2349,2086,2,13,248
0x412884,99.9488%,15,29305,29320,4803,8,7,24502
0x40aa5c,99.7285%,15,5509,5524,4987,10,5,522
0x40e662,94.2529%,15,246,261,168,6,9,78
0x41322c,99.9444%,15,26969,26984,3322,5,10,23647
0x402de7,83.3333%,15,75,90,52,8,7,23
0x40a862,97.9675%,15,723,738,650,6,9,73
0x4027b2,96.7742%,15,450,465,447,8,7,3
0x40135c,94.6237%,15,264,279,246,2,13,18
0x401dd6,99.0253%,15,1524,1539,1023,3,12,501
0x4131cd,99.9913%,15,171729,171744,85866,6,9,85863
0x411325,99.9763%,15,63150,63165,62714,7,8,436
0x40e67f,82.7586%,15,72,87,52,6,9,20
0x4103c4,99.9491%,15,29443,29458,29211,5,10,232
0x411a71,99.9883%,15,127701,127716,127701,15,0,0
0x4027e0,77.4194%,14,48,62,23,5,9,25
0x40417c,93.1707%,14,191,205,189,6,8,2
0x4117bf,99.9833%,14,83879,83893,0,0,14,83879
0x413011,99.9911%,14,156907,156921,156907,14,0,0
0x4158e4,98.0337%,14,698,712,697,6,8,1
0x4177d3,98.4073%,14,865,879,129,4,10,736
0x401420,94.9821%,14,265,279,245,3,11,20
0x41155e,99.9944%,14,251073,251087,167134,11,3,83939
0x405b5d,99.615%,14,3622,3636,3224,8,6,398
0x410ef9,99.9761%,14,58474,58488,58263,3,11,211
0x408b27,97.9532%,14,670,684,604,4,10,66
0x408b7c,97.8979%,14,652,666,591,1,13,61
0x40f325,99.0264%,14,1424,1438,957,3,11,467
0x411fdd,99.9794%,14,67888,67902,0,0,14,67888
0x407449,98.0796%,14,715,729,648,0,14,67
0x40e0c5,82.6667%,13,62,75,8,6,7,54
0x4129d1,99.9695%,13,42623,42636,42623,13,0,0
0x40340f,83.9506%,13,68,81,68,4,9,0
0x4013d0,95.3405%,13,266,279,245,3,10,21
0x407ac7,84.7059%,13,72,85,70,5,8,2
0x410f62,99.9778%,13,58475,58488,0,0,13,58475
0x40ee1b,93.9815%,13,203,216,78,3,10,125
0x408837,99.6442%,13,3641,3654,3243,5,8,398
0x40b317,99.7649%,13,5517,5530,4996,7,6,521
0x40f2a3,99.0978%,13,1428,1441,960,2,11,468
0x41218a,99.9747%,13,51455,51468,0,0,13,51455
0x40d8e0,85.3933%,13,76,89,75,3,10,1
0x4106ec,99.9656%,13,37766,37779,9216,3,10,28550
0x412c00,99.9479%,13,24943,24956,3995,0,13,20948
0x411d8e,99.9936%,13,203301,203314,135357,6,7,67944
0x40f2ff,50%,13,13,26,4,6,7,9
0x40224b,68.2927%,13,28,41,8,5,8,20
0x40b995,58.0645%,13,18,31,12,6,7,6
0x41043e,99.9852%,13,88119,88132,58666,8,5,29453
0x4109dd,99.975%,13,51947,51960,25972,8,5,25975
0x40e266,99.4423%,13,2318,2331,2073,1,12,245
0x40285c,79.0323%,13,49,62,47,5,8,2
0x40ee7c,55.5556%,12,15,27,15,6,6,0
0x4073aa,85.1852%,12,69,81,69,3,9,0
0x41260c,99.9592%,12,29364,29376,17453,8,4,11911
0x411196,99.9626%,12,32092,32104,3454,2,10,28638
0x405c4d,99.3769%,12,1914,1926,1707,5,7,207
0x40e8a8,99.8171%,12,6549,6561,5828,4,8,721
0x40ea00,99.4891%,12,2337,2349,2086,2,10,251
0x40ea3f,58.6207%,12,17,29,1,8,4,16
0x40e8c0,85.1852%,12,69,81,69,3,9,0
0x40e061,99.9428%,12,20949,20961,18625,7,5,2324
0x4040f0,99.7942%,12,5820,5832,5175,9,3,645
0x40ce12,98.1481%,12,636,648,569,7,5,67
0x4105c3,99.9683%,12,37823,37835,37823,12,0,0
0x40db5c,83.3333%,12,60,72,60,3,9,0
0x412a20,99.9719%,12,42624,42636,0,0,12,42624
0x40cbf3,98.3539%,12,717,729,646,2,10,71
0x40a8ad,85.1852%,12,69,81,66,6,6,3
0x46fda7,98.1424%,12,634,646,29,5,7,605
0x412ccd,99.9905%,12,125754,125766,62878,5,7,62876
0x411e06,99.9652%,12,34509,34521,2964,3,9,31545
0x407455,85.1852%,12,69,81,69,3,9,0
0x40e5c8,78.9474%,12,45,57,6,7,5,39
0x411631,99.9924%,12,156981,156993,156981,12,0,0
0x40e107,99.4816%,12,2303,2315,2065,3,9,238
0x40b570,99.9718%,12,42594,42606,37863,9,3,4731
0x40e066,99.4848%,12,2317,2329,2311,4,8,6
0x404170,99.4038%,11,1834,1845,1634,6,5,200
0x41343d,99.9788%,11,51805,51816,25902,6,5,25903
0x411f12,99.9864%,11,80638,80649,80638,11,0,0
0x417792,99.3345%,11,1642,1653,78,2,9,1564
0x40de09,95.7854%,11,250,261,229,3,8,21
0x40aada,99.7681%,11,4732,4743,4207,9,2,525
0x409582,86.4198%,11,70,81,70,2,9,0
0x40641f,99.699%,11,3643,3654,3242,6,5,401
0x40d122,99.4262%,11,1906,1917,1699,5,6,207
0x40eb1b,86.4198%,11,70,81,70,2,9,0
0x409df7,97.8175%,11,493,504,448,0,11,45
0x4089ff,99.4639%,11,2041,2052,1822,2,9,219
0x412403,99.9626%,11,29365,29376,4818,1,10,24547
0x401f4f,99.948%,11,21130,21141,18786,6,5,2344
0x4019c5,86.4198%,11,70,81,70,2,9,0
0x403e6c,86.4198%,11,70,81,70,2,9,0
0x40e5c3,81.9672%,11,50,61,0,4,7,50
0x4124bf,99.9626%,11,29365,29376,17290,2,9,12075
0x4132fd,99.9923%,11,141931,141942,70964,7,4,70967
0x40f2f5,67.6471%,11,23,34,3,5,6,20
0x41abe6,99.9239%,11,14449,14460,7227,3,8,7222
0x41a64a,93.2099%,11,151,162,140,4,7,11
0x40a983,86.4198%,11,70,81,70,2,9,0
0x401f94,62.069%,11,18,29,18,2,9,0
0x414d9b,38.8889%,11,7,18,4,5,6,3
0x40e73a,62.069%,11,18,29,5,6,5,13
0x40bcf4,99.382%,11,1769,1780,1247,6,5,522
0x412a5f,99.9742%,11,42625,42636,28420,4,7,14205
0x4116c2,99.993%,11,156982,156993,104656,6,5,52326
0x4064b6,99.3949%,11,1807,1818,1612,4,7,195
0x4015c1,98.4911%,11,718,729,643,5,6,75
0x4048c9,86.4198%,11,70,81,68,4,7,2
0x412e2e,99.9884%,11,94579,94590,63052,8,3,31527
0x41267d,99.9626%,11,29365,29376,29359,9,2,6
0x41126d,99.9942%,10,171878,171888,85936,8,2,85942
0x406b8b,99.7892%,10,4733,4743,4208,8,2,525
0x412da1,99.9894%,10,94580,94590,94580,10,0,0
0x40334d,87.6543%,10,71,81,70,2,8,1
0x40f6a1,62.963%,10,17,27,12,3,7,5
0x40eaeb,87.6543%,10,71,81,70,2,8,1
0x412ed1,99.9922%,10,127634,127644,127634,10,0,0
0x40ef76,74.359%,10,29,39,23,3,7,6
0x40eb5e,98.6283%,10,719,729,644,4,6,75
0x4125b0,99.9766%,10,42698,42708,0,0,10,42698
0x40acc3,99.7888%,10,4724,4734,4200,8,2,524
0x412f2c,99.9922%,10,127634,127644,0,0,10,127634
0x40e62a,99.5552%,10,2238,2248,1999,1,9,239
0x410f8e,99.9943%,10,175232,175242,116745,9,1,58487
0x40e1e0,99.9524%,10,21005,21015,18677,3,7,2328
0x412bcc,99.9843%,10,63686,63696,24950,6,4,38736
0x4022cc,75.6098%,10,31,41,28,3,7,3
0x40b24f,87.6543%,10,71,81,70,2,8,1
0x410e52,99.9859%,10,71033,71043,47355,7,3,23678
0x41247a,99.9593%,10,24547,24557,0,0,10,24547
0x413281,99.9859%,10,70961,70971,70961,10,0,0
0x406d21,99.5231%,10,2087,2097,1862,2,8,225
0x41112e,99.9947%,10,189164,189174,125956,4,6,63208
0x45c353,99.8623%,10,7254,7264,0,0,10,7254
0x4021d2,97.8587%,10,457,467,454,3,7,3
0x407ac2,98.6928%,10,755,765,679,1,9,76
0x4019ad,99.8476%,10,6551,6561,5827,5,5,724
0x4106ce,99.9886%,10,88002,88012,58595,7,3,29407
0x40ca1a,96.4158%,10,269,279,245,3,7,24
0x41abd9,99.8617%,10,7220,7230,0,0,10,7220
0x4108f6,99.9209%,10,12630,12640,3976,4,6,8654
0x402ae5,87.6543%,10,71,81,71,1,9,0
0x402ca5,98.1025%,10,517,527,513,4,6,4
0x41309e,99.9936%,10,156911,156921,104607,7,3,52304
0x403545,98.6283%,10,719,729,642,6,4,77
0x417924,91%,9,91,100,0,1,8,91
0x40621c,88.8889%,9,72,81,71,1,8,1
0x410a85,99.9865%,9,66867,66876,11809,7,2,55058
0x4115c6,99.9839%,9,55778,55787,3454,2,7,52324
0x40d861,99.4012%,9,1494,1503,1334,2,7,160
0x40ca7a,94.9438%,9,169,178,71,1,8,98
0x401b2c,88.8889%,9,72,81,67,5,4,5
0x40f59e,50%,9,9,18,8,3,6,1
0x4033f9,98.7654%,9,720,729,647,1,8,73
0x40d66e,97.5%,9,351,360,318,2,7,33
0x40bcdd,99.8376%,9,5533,5542,3755,7,2,1778
0x406932,88.8889%,9,72,81,70,2,7,2
0x401e2c,88.8889%,9,72,81,66,6,3,6
0x41ae54,99.9378%,9,14451,14460,7224,6,3,7227
0x41ab81,99.8755%,9,7221,7230,0,0,9,7221
0x40d1a3,90.8163%,9,89,98,86,2,7,3
0x40bae1,88.8889%,9,72,81,71,1,8,1
0x410e10,99.9873%,9,71034,71043,0,0,9,71034
0x4130fe,99.9719%,9,32055,32064,3439,1,8,28616
0x410c75,99.9846%,9,58527,58536,58284,6,3,243
0x41139e,99.9952%,9,189042,189051,125879,7,2,63163
0x4104b6,99.9028%,9,9250,9259,5192,2,7,4058
0x4134b7,99.9024%,9,9210,9219,5172,6,3,4038
0x40c9ff,93.9189%,9,139,148,64,3,6,75
0x4021cd,99.7859%,9,4194,4203,3732,4,5,462
0x412832,99.9694%,9,29359,29368,8987,3,6,20372
0x4131ac,99.9895%,9,85863,85872,0,0,9,85863
0x413caa,43.75%,9,7,16,6,2,7,1
0x4128a0,99.9633%,9,24500,24509,23934,5,4,566
0x401503,97.1326%,8,271,279,182,4,4,89
0x40c5ef,99.9324%,8,11827,11835,10514,6,2,1313
0x406335,98.9026%,8,721,729,647,1,7,74
0x4178f3,93.8462%,8,122,130,0,3,5,122
0x41336e,99.9365%,8,12592,12600,3958,6,2,8634
0x4015d6,90.1235%,8,73,81,69,3,5,4
0x4052c1,79.4872%,8,31,39,30,1,7,1
0x4122e1,99.9873%,8,62947,62955,62947,8,0,0
0x403690,99.6265%,8,2134,2142,1903,1,7,231
0x417882,94.7712%,8,145,153,7,2,6,138
0x4084e1,90.1235%,8,73,81,72,0,8,1
0x40775d,99.78%,8,3628,3636,3226,6,2,402
0x412903,99.9674%,8,24501,24509,0,0,8,24501
0x40280d,97.3856%,8,298,306,271,1,7,27
0x407a6d,98.9542%,8,757,765,678,2,6,79
0x40e9f4,99.9622%,8,21133,21141,18788,4,4,2345
0x40b7f2,99.831%,8,4726,4734,4204,4,4,522
0x4026a5,98.9026%,8,721,729,645,3,5,76
0x4019b9,98.9026%,8,721,729,647,1,7,74
0x4157c7,99.626%,8,2131,2139,1423,3,5,708
0x402595,90.1235%,8,73,81,70,2,6,3
0x40ddfd,99.6594%,8,2341,2349,2084,4,4,257
0x408874,99.7811%,8,3646,3654,3243,5,3,403
0x41137f,99.9873%,8,63157,63165,0,0,8,63157
0x40c8fb,99.9324%,8,11827,11835,10517,3,5,1310
0x40227d,96.8254%,8,244,252,222,2,6,22
0x4157b6,99.8753%,8,6409,6417,4272,6,2,2137
0x40bf9f,99.9288%,8,11224,11232,9979,5,3,1245
0x406e7a,85.1852%,8,46,54,45,3,5,1
0x406ddb,85.1852%,8,46,54,45,4,4,1
0x410e76,99.9905%,8,84551,84559,84551,8,0,0
0x409d70,99.2337%,8,1036,1044,926,2,6,110
0x41b449,98.8604%,8,694,702,463,5,3,231
0x412b7d,99.9844%,8,51412,51420,0,0,8,51412
0x41127e,99.9907%,8,85936,85944,57292,4,4,28644
0x40e936,90.1235%,8,73,81,71,1,7,2
0x404045,98.9026%,8,721,729,646,2,6,75
0x402c9d,99.8313%,8,4735,4743,4215,1,7,520
0x458d75,99.8899%,8,7256,7264,0,0,8,7256
0x4132d8,99.9887%,8,70963,70971,0,0,8,70963
0x45c3ac,99.8899%,8,7256,7264,7256,8,0,0
0x4086ee,98.9026%,8,721,729,647,1,7,74
0x40d914,92.9293%,7,92,99,82,6,1,10
0x402f0f,92.2222%,7,83,90,77,3,4,6
0x40e1e5,99.7002%,7,2328,2335,2328,3,4,0
0x40ef31,85.4167%,7,41,48,41,2,5,0
0x406b4e,98.6717%,7,520,527,0,0,7,520
0x41621d,91.1392%,7,72,79,70,1,6,2
0x413418,99.973%,7,25901,25908,0,0,7,25901
0x4179f0,75%,7,21,28,17,2,5,4
0x40589d,99.8933%,7,6554,6561,5831,1,6,723
0x45c9ca,99.9036%,7,7257,7264,0,0,7,7257
0x40844d,99.8075%,7,3629,3636,3226,6,1,403
0x41124a,99.9919%,7,85937,85944,0,0,7,85937
0x41249e,99.9904%,7,73070,73077,48515,5,2,24555
0x4131de,99.9918%,7,85865,85872,57242,6,1,28623
0x40f57e,41.6667%,7,5,12,1,4,3,4
0x411e51,99.9926%,7,94655,94662,94655,7,0,0
0x40e729,97.318%,7,254,261,230,2,5,24
0x412ac8,99.989%,7,63690,63697,0,0,7,63690
0x410aa1,99.9873%,7,55053,55060,54796,1,6,257
0x4174dd,76.6667%,7,23,30,23,2,5,0
0x40e92a,99.0398%,7,722,729,644,4,3,78
0x409938,99.5572%,7,1574,1581,1051,3,4,523
0x412330,99.9889%,7,62948,62955,0,0,7,62948
0x4125dd,99.9918%,7,85409,85416,42704,4,3,42705
0x46fec2,95.8824%,7,163,170,134,2,5,29
0x411d6a,99.9897%,7,67944,67951,0,0,7,67944
0x458d6d,99.9036%,7,7257,7264,0,0,7,7257
0x45c9d3,99.9036%,7,7257,7264,0,0,7,7257
0x45a255,99.9036%,7,7257,7264,0,0,7,7257
0x409960,99.8524%,7,4736,4743,4212,4,3,524
0x45c367,99.9036%,7,7257,7264,0,0,7,7257
0x414ffe,91.358%,7,74,81,71,1,6,3
0x412df6,99.9926%,7,94583,94590,0,0,7,94583
0x410dc1,99.9901%,7,71036,71043,71036,7,0,0
0x40cb1f,74.0741%,7,20,27,18,0,7,2
0x41ac79,99.9621%,7,18481,18488,18481,7,0,0
0x415da7,74.0741%,7,20,27,16,2,5,4
0x409924,99.8524%,7,4736,4743,3157,5,2,1579
0x41110a,99.9889%,7,63207,63214,0,0,7,63207
0x4175a4,97.4074%,7,263,270,237,3,4,26
0x40eee3,77.4194%,7,24,31,24,1,6,0
0x40d414,90.2778%,7,65,72,62,1,6,3
0x4020fd,99.177%,6,723,729,647,1,5,76
0x412372,99.9905%,6,62949,62955,41965,5,1,20984
0x45c9ec,99.9174%,6,7258,7264,7258,6,0,0
0x45c3a3,99.9174%,6,7258,7264,0,0,6,7258
0x40b57b,99.8733%,6,4728,4734,4205,3,3,523
0x413d30,91.6667%,6,66,72,61,3,3,5
0x4156eb,99.7195%,6,2133,2139,0,0,6,2133
0x40150f,93.5484%,6,87,93,61,1,5,26
0x40e71d,99.7446%,6,2343,2349,2088,0,6,255
0x40e792,99.3266%,6,885,891,789,3,3,96
0x46fdac,99.0581%,6,631,637,631,6,0,0
0x4033ed,99.9086%,6,6555,6561,5831,1,5,724
0x458d97,99.9174%,6,7258,7264,0,0,6,7258
0x4155e6,99.9065%,6,6411,6417,4276,2,4,2135
0x4111e1,99.993%,6,85938,85944,85938,6,0,0
0x408b65,90.625%,6,58,64,0,1,5,58
0x410629,99.9841%,6,37773,37779,8367,2,4,29406
0x410cca,99.9897%,6,58530,58536,0,0,6,58530
0x40eb12,99.177%,6,723,729,648,0,6,75
0x408ba2,83.3333%,6,30,36,29,3,3,1
0x4116e9,99.9944%,6,106228,106234,106228,6,0,0
0x41330e,99.9915%,6,70965,70971,47309,5,1,23656
0x4179e3,93.1818%,6,82,88,56,4,2,26
0x40b8ec,80.6452%,6,25,31,0,2,4,25
0x40e79e,93.9394%,6,93,99,87,1,5,6
0x4112a5,99.9925%,6,80071,80077,80071,6,0,0
0x41a638,99.5885%,6,1452,1458,1295,1,5,157
0x45c3bb,99.9174%,6,7258,7264,0,0,6,7258
0x40eed0,87.7551%,6,43,49,18,0,6,25
0x40e243,62.5%,6,10,16,1,3,3,9
0x40af3a,99.8733%,6,4728,4734,4204,4,2,524
0x40743d,99.9086%,6,6555,6561,5830,2,4,725
0x406d96,66.6667%,6,12,18,9,3,3,3
0x40199e,99.177%,6,723,729,0,0,6,723
0x41153a,99.9929%,6,83936,83942,0,0,6,83936
0x40f5bb,57.1429%,6,8,14,2,2,4,6
0x402d90,94.4444%,5,85,90,59,1,4,26
0x41ab0a,99.9308%,5,7225,7230,0,0,5,7225
0x40f5a8,28.5714%,5,2,7,0,0,5,2
0x40c2a3,99.9555%,5,11227,11232,9982,2,3,1245
0x417931,94.9495%,5,94,99,87,1,4,7
0x410a16,99.9925%,5,66927,66932,66927,5,0,0
0x4040ae,99.2284%,5,643,648,0,0,5,643
0x41ac10,99.9654%,5,14455,14460,7226,4,1,7229
0x409bb7,99.9434%,5,8824,8829,7844,4,1,980
0x4177a3,99.6821%,5,1568,1573,1414,2,3,154
0x4109f2,99.9808%,5,25975,25980,17316,4,1,8659
0x401b23,99.3141%,5,724,729,648,0,5,76
0x40cf0a,98.8889%,5,445,450,397,3,2,48
0x407ae8,94.4444%,5,85,90,78,2,3,7
0x40e248,58.3333%,5,7,12,1,3,2,6
0x4146ca,96.9136%,5,157,162,107,1,4,50
0x408b81,93.2432%,5,69,74,68,2,3,1
0x403600,99.9143%,5,5827,5832,5182,2,3,645
0x415d96,93.8272%,5,76,81,53,1,4,23
0x4117ab,99.3007%,5,710,715,0,0,5,710
0x4014f2,98.2079%,5,274,279,274,2,3,0
0x40f309,68.75%,5,11,16,8,0,5,3
0x405a3e,99.3141%,5,724,729,647,1,4,77
0x41b181,93.5897%,5,73,78,73,5,0,0
0x46fed8,85.2941%,5,29,34,24,1,4,5
0x40e7ee,82.7586%,5,24,29,17,3,2,7
0x40df9f,98.0843%,5,256,261,231,1,4,25
0x41578e,99.7662%,5,2134,2139,0,0,5,2134
0x4124f6,99.9711%,5,17287,17292,3055,1,4,14232
0x41b2b6,93.5897%,5,73,78,73,5,0,0
0x40ff91,99.9755%,5,20381,20386,0,0,5,20381
0x414625,96.9136%,5,157,162,143,1,4,14
0x4057c6,81.4815%,5,22,27,14,4,1,8
0x41298f,99.971%,5,17247,17252,3040,0,5,14207
0x415166,93.8272%,5,76,81,71,1,4,5
0x41789f,91.1111%,4,41,45,29,1,3,12
0x406e45,88.8889%,4,32,36,30,2,2,2
0x414270,95.0617%,4,77,81,72,0,4,5
0x41adab,99.9931%,4,57836,57840,57836,4,0,0
0x408a81,90.4762%,4,38,42,38,3,1,0
0x40f124,94.4444%,4,68,72,63,1,3,5
0x458d63,99.9449%,4,7260,7264,0,0,4,7260
0x40aade,99.241%,4,523,527,0,1,3,523
0x40d1db,60%,4,6,10,4,2,2,2
0x411bdb,98.9446%,4,375,379,0,0,4,375
0x4177e0,99.4638%,4,742,746,722,0,4,20
0x417892,97.2222%,4,140,144,98,1,3,42
0x40a95c,99.4513%,4,725,729,0,0,4,725
0x40b394,99.9157%,4,4739,4743,4214,2,2,525
0x401aef,95.0617%,4,77,81,71,1,3,6
0x4174d4,98.5185%,4,266,270,240,0,4,26
0x4173dd,87.0968%,4,27,31,27,2,2,0
0x40f766,66.6667%,4,8,12,8,1,3,0
0x40bab6,93.3333%,4,56,60,39,1,3,17
0x4079ad,99.8084%,4,2084,2088,1855,1,3,229
0x406b35,99.9157%,4,4739,4743,3161,1,3,1578
0x40f3a4,60%,4,6,10,2,2,2,4
0x45c37b,99.9449%,4,7260,7264,7260,4,0,0
0x40acef,99.2395%,4,522,526,0,0,4,522
0x4179d3,95.5556%,4,86,90,0,2,2,86
0x45a20a,99.9449%,4,7260,7264,0,0,4,7260
0x412561,99.9906%,4,42704,42708,42704,4,0,0
0x414055,95.0617%,4,77,81,71,1,3,6
0x410645,99.9864%,4,29406,29410,29191,1,3,215
0x4141b4,85.1852%,4,23,27,17,1,3,6
0x413c8f,91.6667%,4,44,48,30,2,2,14
0x406e97,77.7778%,4,14,18,14,2,2,0
0x40d19e,99.5465%,4,878,882,782,2,2,96
0x413ff5,95.0617%,4,77,81,71,1,3,6
0x40d561,99.3827%,4,644,648,576,0,4,68
0x41058d,99.9836%,4,24386,24390,12194,1,3,12192
0x40f5ec,33.3333%,4,2,6,2,3,1,0
0x402d9c,86.6667%,4,26,30,19,1,3,7
0x40ead4,99.939%,4,6557,6561,5831,1,3,726
0x40eb6a,95.0617%,4,77,81,70,2,2,7
0x406b46,99.747%,4,1577,1581,1052,2,2,525
0x40496a,95.0617%,4,77,81,0,0,4,77
0x40f315,50%,4,4,8,0,3,1,4
0x40d920,63.6364%,4,7,11,7,0,4,0
0x405b1e,99.0099%,4,400,404,0,0,4,400
0x40f6b1,66.6667%,4,8,12,1,1,3,7
0x46fe2a,88.2353%,4,30,34,24,1,3,6
0x40219c,99.1435%,4,463,467,0,0,4,463
0x40e5d4,91.6667%,4,44,48,36,0,4,8
0x40763c,99.4513%,4,725,729,648,0,4,77
0x41b3c3,99.4302%,4,698,702,622,2,2,76
0x40efa7,69.2308%,4,9,13,6,3,1,3
0x409c20,98.5714%,3,207,210,0,2,1,207
0x40ba93,95%,3,57,60,40,0,3,17
0x406d65,98.3051%,3,174,177,174,1,2,0
0x40b9fe,92.3077%,3,36,39,26,0,3,10
0x40b0d9,96.7742%,3,90,93,61,1,2,29
0x40f5ce,70%,3,7,10,0,2,1,7
0x417904,97.6378%,3,124,127,115,0,3,9
0x40f39f,91.1765%,3,31,34,23,1,2,8
0x40f3dc,50%,3,3,6,3,2,1,0
0x41b25d,98.0769%,3,153,156,77,1,2,76
0x402e78,97.6378%,3,124,127,108,0,3,16
0x40f7d4,88.8889%,3,24,27,24,0,3,0
0x41056d,99.9754%,3,12192,12195,0,0,3,12192
0x46fdbc,99.529%,3,634,637,634,3,0,0
0x40f446,81.25%,3,13,16,0,0,3,13
0x40dfee,99.8712%,3,2326,2329,0,0,3,2326
0x409da6,98.2456%,3,168,171,151,1,2,17
0x409d0d,99.6667%,3,897,900,7,1,2,890
0x40b95b,96.5517%,3,84,87,57,1,2,27
0x40da4a,25%,3,1,4,1,2,1,0
0x40b522,99.4297%,3,523,526,0,0,3,523
0x40b398,99.4307%,3,524,527,0,1,2,524
0x4157d5,99.5792%,3,710,713,0,1,2,710
0x40f6c6,62.5%,3,5,8,1,2,1,4
0x45a275,99.9587%,3,7261,7264,0,0,3,7261
0x413511,99.9753%,3,12120,12123,12120,3,0,0
0x4155fc,99.8597%,3,2136,2139,1424,2,1,712
0x458dba,99.9587%,3,7261,7264,0,0,3,7261
0x4125f2,99.993%,3,42705,42708,28470,2,1,14235
0x414025,96.2963%,3,78,81,71,1,2,7
0x415de5,88.8889%,3,24,27,7,2,1,17
0x41235d,99.9976%,3,125907,125910,62953,2,1,62954
0x411eee,99.9968%,3,94659,94662,63105,3,0,31554
0x415548,99.8597%,3,2136,2139,0,0,3,2136
0x413fa9,66.6667%,3,6,9,0,0,3,6
0x404aa0,96.2963%,3,78,81,0,0,3,78
0x413a10,81.25%,3,13,16,0,0,3,13
0x411fc9,99.4175%,3,512,515,0,0,3,512
0x40b1fb,94.1176%,3,48,51,33,1,2,15
0x406b23,99.8102%,3,1578,1581,0,0,3,1578
0x408a52,99.8538%,3,2049,2052,1823,1,2,226
0x45c3d0,99.9587%,3,7261,7264,0,0,3,7261
0x41482e,94.4444%,3,51,54,35,1,2,16
0x40f1da,95.8333%,3,69,72,64,0,3,5
0x40ba10,92.3077%,3,36,39,36,3,0,0
0x415435,99.5792%,3,710,713,0,0,3,710
0x458de7,99.9587%,3,7261,7264,0,0,3,7261
0x4109b0,99.9885%,3,25977,25980,0,0,3,25977
0x46fde4,99.529%,3,634,637,24,1,2,610
0x40b0c8,97.8495%,2,91,93,91,2,0,0
0x40f6bb,80%,2,8,10,0,2,0,8
0x40ba30,93.5484%,2,29,31,10,1,1,19
0x41344e,99.9923%,2,25906,25908,17272,0,2,8634
0x408452,99.505%,2,402,404,402,2,0,0
0x40588e,99.7257%,2,727,729,0,0,2,727
0x458dc9,99.9725%,2,7262,7264,7262,2,0,0
0x40b226,96.0784%,2,49,51,34,0,2,15
0x41086a,99.9964%,2,55106,55108,0,0,2,55106
0x40d8db,99.7503%,2,799,801,711,1,1,88
0x411966,99.5037%,2,401,403,0,0,2,401
0x40da73,77.7778%,2,7,9,7,1,1,0
0x40534a,94.8718%,2,37,39,0,0,2,37
0x401b16,97.5309%,2,79,81,0,0,2,79
0x40c35d,99.8735%,2,1579,1581,0,0,2,1579
0x40e17e,99.9143%,2,2333,2335,0,0,2,2333
0x409912,99.8735%,2,1579,1581,0,0,2,1579
0x40f3c7,75%,2,6,8,1,1,1,5
0x40b0a6,97.8495%,2,91,93,61,1,1,30
0x40f3b3,92.8571%,2,26,28,25,0,2,1
0x414e6e,97.5309%,2,79,81,72,0,2,7
0x413619,88.2353%,2,15,17,8,1,1,7
0x402c5c,99.6205%,2,525,527,0,0,2,525
0x40b15b,95.2381%,2,40,42,28,0,2,12
0x45a235,99.9725%,2,7262,7264,0,0,2,7262
0x415cdf,92.5926%,2,25,27,0,0,2,25
0x41b4df,99.1453%,2,232,234,77,1,1,155
0x40b986,97.7011%,2,85,87,57,1,1,28
0x4126d1,97.2222%,2,70,72,63,1,1,7
0x40ea92,95%,2,38,40,18,2,0,20
0x40c889,99.8479%,2,1313,1315,0,0,2,1313
0x41136b,99.5495%,2,442,444,0,0,2,442
0x406abd,99.6205%,2,525,527,0,0,2,525
0x41b0e0,97.4359%,2,76,78,0,0,2,76
0x40de9b,99.8839%,2,1721,1723,0,0,2,1721
0x40f583,71.4286%,2,5,7,5,2,0,0
0x40fd0d,33.3333%,2,1,3,1,1,1,0
0x4133c1,99.9923%,2,25906,25908,25906,2,0,0
0x401325,93.5484%,2,29,31,0,0,2,29
0x402ea9,89.4737%,2,17,19,17,2,0,0
0x40d331,77.7778%,2,7,9,7,1,1,0
0x46fe4f,94.4444%,2,34,36,27,0,2,7
0x40faa7,92.5926%,2,25,27,24,0,2,1
0x407aab,98.4733%,2,129,131,0,0,2,129
0x402688,97.5309%,2,79,81,0,0,2,79
0x405a0a,97.5309%,2,79,81,0,0,2,79
0x40e74b,81.8182%,2,9,11,0,0,2,9
0x4063f0,99.5074%,2,404,406,0,0,2,404
0x41041a,99.9932%,2,29456,29458,0,0,2,29456
0x458d85,99.9725%,2,7262,7264,0,0,2,7262
0x41768b,99.1561%,2,235,237,235,2,0,0
0x45c3c7,99.9725%,2,7262,7264,0,0,2,7262
0x40eb0d,97.5309%,2,79,81,0,0,2,79
0x40e44b,99.9115%,2,2259,2261,0,0,2,2259
0x407973,99.2337%,2,259,261,259,2,0,0
0x40c2cf,99.8397%,2,1246,1248,0,0,2,1246
0x405360,94.8718%,2,37,39,37,1,1,0
0x4140b8,92.5926%,2,25,27,18,0,2,7
0x45c9e3,99.9725%,2,7262,7264,0,0,2,7262
0x40f5dd,75%,2,6,8,1,1,1,5
0x40afde,93.5484%,2,29,31,0,0,2,29
0x41197a,99.9973%,2,73365,73367,0,0,2,73365
0x40a94c,97.5309%,2,79,81,0,0,2,79
0x412c51,99.9968%,2,62881,62883,62881,2,0,0
0x40ca7f,99.0338%,2,205,207,205,2,0,0
0x40c22e,99.8397%,2,1246,1248,0,0,2,1246
0x40450c,80%,2,8,10,8,1,1,0
0x41b59e,97.4359%,2,76,78,0,0,2,76
0x402e9d,98.8304%,2,169,171,152,0,2,17
0x40497f,97.5309%,2,79,81,0,0,2,79
0x407641,97.5309%,2,79,81,0,0,2,79
0x458da8,99.9725%,2,7262,7264,0,0,2,7262
0x402102,97.5309%,2,79,81,0,0,2,79
0x417872,96.2963%,2,52,54,0,0,2,52
0x40e460,99.9115%,2,2259,2261,0,0,2,2259
0x40cdff,97.2222%,2,70,72,0,0,2,70
0x40654e,77.7778%,2,7,9,7,1,1,0
0x40e59e,84.6154%,2,11,13,0,0,2,11
0x40ba21,94.8718%,2,37,39,25,1,1,12
0x406dfc,60%,2,3,5,0,1,1,3
0x40efc1,50%,2,2,4,2,1,1,0
0x41552b,99.9065%,2,2137,2139,0,0,2,2137
0x4159e0,77.7778%,2,7,9,0,0,2,7
0x413566,99.9835%,2,12121,12123,0,0,2,12121
0x41358d,99.9918%,2,24244,24246,12123,0,2,12121
0x408b4b,98.1308%,2,105,107,0,1,1,105
0x417aca,86.6667%,2,13,15,13,0,2,0
0x40b5a7,99.6198%,2,524,526,0,0,2,524
0x403a3a,83.3333%,2,10,12,10,2,0,0
0x40b175,95.2381%,2,40,42,40,2,0,0
0x41aafc,99.9723%,2,7228,7230,0,0,2,7228
0x414202,88.8889%,2,16,18,9,0,2,7
0x4152f8,99.7195%,2,711,713,0,0,2,711
0x40dd9d,96.5517%,1,28,29,0,0,1,28
0x40ea44,95%,1,19,20,0,0,1,19
0x46fe6e,97.0588%,1,33,34,0,0,1,33
0x40e25c,91.6667%,1,11,12,11,1,0,0
0x409845,99.8102%,1,526,527,0,0,1,526
0x401f1b,99.6169%,1,260,261,0,0,1,260
0x40f3f5,0%,1,0,1,0,1,0,0
0x40994d,99.8102%,1,526,527,0,0,1,526
0x40eee8,83.3333%,1,5,6,5,0,1,0
0x412466,99.8316%,1,593,594,0,0,1,593
0x40633a,98.7654%,1,80,81,0,0,1,80
0x40f002,0%,1,0,1,0,1,0,0
0x41ab24,99.9862%,1,7229,7230,7229,1,0,0
0x41aaec,99.9862%,1,7229,7230,0,0,1,7229
0x401d08,99.4152%,1,170,171,0,0,1,170
0x4064e7,96.7742%,1,30,31,29,1,0,1
0x40eefc,0%,1,0,1,0,0,1,0
0x404385,90%,1,9,10,9,0,1,0
0x40c623,99.924%,1,1314,1315,0,0,1,1314
0x402819,97.0588%,1,33,34,33,1,0,0
0x40c33a,99.8102%,1,526,527,0,0,1,526
0x40e705,99.6169%,1,260,261,0,0,1,260
0x40c9a6,96.7742%,1,30,31,0,0,1,30
0x4038a6,91.6667%,1,11,12,5,1,0,6
0x46fdfa,99.843%,1,636,637,636,1,0,0
0x402289,96.4286%,1,27,28,27,1,0,0
0x40da78,0%,1,0,1,0,1,0,0
0x40cbd8,99.8628%,1,728,729,0,0,1,728
0x40f3d1,83.3333%,1,5,6,0,0,1,5
0x417424,96.6667%,1,29,30,0,0,1,29
0x40198b,98.7654%,1,80,81,0,0,1,80
0x40da23,75%,1,3,4,0,0,1,3
0x401eb4,96.5517%,1,28,29,0,0,1,28
0x40d1cf,98.8889%,1,89,90,79,1,0,10
0x40d308,75%,1,3,4,2,1,0,1
0x402da1,90%,1,9,10,0,0,1,9
0x403376,88.8889%,1,8,9,0,0,1,8
0x40d866,99.4012%,1,166,167,0,0,1,166
0x40d761,97.5%,1,39,40,0,0,1,39
0x40d566,98.6111%,1,71,72,0,0,1,71
0x40351d,98.7654%,1,80,81,0,0,1,80
0x403423,88.8889%,1,8,9,0,0,1,8
0x40e6b0,96.5517%,1,28,29,28,1,0,0
0x40df02,99.942%,1,1722,1723,1722,1,0,0
0x40b198,96.7742%,1,30,31,13,1,0,17
0x40b186,97.619%,1,41,42,28,0,1,13
0x41b46f,99.5726%,1,233,234,0,0,1,233
0x41b16f,98.7179%,1,77,78,0,0,1,77
0x41b0d7,98.7179%,1,77,78,0,0,1,77
0x40b81e,99.8099%,1,525,526,0,0,1,525
0x40da5c,0%,1,0,1,0,0,1,0
0x40ca04,99.5283%,1,211,212,211,1,0,0
0x402d0d,90%,1,9,10,0,0,1,9
0x41b015,98.7179%,1,77,78,0,0,1,77
0x40b045,96.7742%,1,30,31,0,0,1,30
0x40bc57,99.8628%,1,728,729,0,0,1,728
0x415016,88.8889%,1,8,9,8,1,0,0
0x406e1f,75%,1,3,4,0,0,1,3
0x41b4b7,98.7179%,1,77,78,77,1,0,0
0x40eb72,88.8889%,1,8,9,8,1,0,0
0x40e898,99.8628%,1,728,729,0,0,1,728
0x40bd0d,99.9367%,1,1580,1581,0,0,1,1580
0x40bf2a,99.9199%,1,1247,1248,0,0,1,1247
0x40742e,99.8628%,1,728,729,0,0,1,728
0x40e984,96.5517%,1,28,29,0,0,1,28
0x410aeb,99.6198%,1,262,263,0,0,1,262
0x45a86d,99.9862%,1,7263,7264,7263,1,0,0
0x404f46,97.4359%,1,38,39,0,0,1,38
0x40e783,98.9899%,1,98,99,0,0,1,98
0x40af66,99.8099%,1,525,526,0,0,1,525
0x406b57,99.8102%,1,526,527,0,0,1,526
0x410856,99.6516%,1,286,287,0,0,1,286
0x410f4b,99.5495%,1,221,222,0,0,1,221
0x46fe98,99.4118%,1,169,170,0,0,1,169
0x40f3a9,83.3333%,1,5,6,5,1,0,0
0x46fdd3,99.843%,1,636,637,0,0,1,636
0x40f6da,80%,1,4,5,1,0,1,3
0x40e5fc,91.6667%,1,11,12,11,1,0,0
0x412176,99.8623%,1,725,726,0,0,1,725
0x402754,99.7849%,1,464,465,0,0,1,464
0x417adb,50%,1,1,2,0,0,1,1
0x41795b,90.9091%,1,10,11,0,0,1,10
0x409d32,99.784%,1,462,463,0,0,1,462
0x4033d1,99.8628%,1,728,729,0,0,1,728
0x412cde,99.9984%,1,62882,62883,41922,0,1,20960
0x4154b6,99.8597%,1,712,713,0,0,1,712
0x40b8fd,96.5517%,1,28,29,0,0,1,28
0x40c927,99.924%,1,1314,1315,0,0,1,1314
0x414135,96.2963%,1,26,27,18,0,1,8
0x40ef03,0%,1,0,1,0,0,1,0
0x413795,93.75%,1,15,16,0,0,1,15
0x40f258,99.0654%,1,106,107,0,0,1,106
0x41069d,99.9966%,1,29409,29410,0,0,1,29409
0x41059e,99.9918%,1,12194,12195,8130,0,1,4064
0x40f5ff,0%,1,0,1,0,1,0,0
0x41b00c,98.7179%,1,77,78,0,0,1,77
0x40b2cf,99.8628%,1,728,729,0,0,1,728
0x45c38c,99.9862%,1,7263,7264,0,0,1,7263
0x408b38,98.6842%,1,75,76,0,0,1,75
0x40b324,99.8102%,1,526,527,0,0,1,526
0x415670,99.8597%,1,712,713,0,0,1,712
0x416240,88.8889%,1,8,9,0,1,0,8
0x410961,99.9962%,1,25979,25980,25979,1,0,0
0x458d59,99.9862%,1,7263,7264,0,0,1,7263
0x40b215,98.0392%,1,50,51,50,1,0,0
0x41a53e,94.4444%,1,17,18,0,0,1,17
0x41b5a8,98.7179%,1,77,78,0,0,1,77
0x41afe7,98.7179%,1,77,78,77,1,0,0
0x458e39,99.9862%,1,7263,7264,0,0,1,7263
0x40cb72,88.8889%,1,8,9,0,0,1,8
0x458e2f,99.9862%,1,7263,7264,7263,1,0,0
0x405429,0%,1,0,1,0,1,0,0
0x40e88d,98.7654%,1,80,81,0,0,1,80
0x40f6d0,80%,1,4,5,0,0,1,4
0x40354a,98.7654%,1,80,81,0,0,1,80
0x40b73d,99.8099%,1,525,526,0,0,1,525
0x4013dd,96.7742%,1,30,31,0,0,1,30
0x41a558,94.4444%,1,17,18,0,0,1,17
0x401b08,88.8889%,1,8,9,0,0,1,8
0x407aed,90%,1,9,10,0,0,1,9
0x41ac15,99.9862%,1,7229,7230,0,0,1,7229
0x41b22e,98.7179%,1,77,78,77,1,0,0
0x40f3b8,66.6667%,1,2,3,0,1,0,2
0x40b849,99.8099%,1,525,526,0,0,1,525
0x40404a,98.7654%,1,80,81,0,0,1,80
0x40e752,90.9091%,1,10,11,0,0,1,10
0x4179c4,96.6667%,1,29,30,0,0,1,29
0x413f9b,87.5%,1,7,8,7,1,0,0
0x412712,87.5%,1,7,8,0,0,1,7
0x40b975,98.8506%,1,86,87,86,1,0,0
0x408a04,99.5614%,1,227,228,227,1,0,0
0x4087f8,99.7537%,1,405,406,0,0,1,405
0x415107,98.7654%,1,80,81,72,0,1,8
0x407a7e,98.8235%,1,84,85,0,0,1,84
0x41a4c0,94.4444%,1,17,18,17,1,0,0
0x41a512,94.4444%,1,17,18,0,0,1,17
0x41a522,94.4444%,1,17,18,0,0,1,17
0x4173e2,50%,1,1,2,1,0,1,0
0x416255,0%,1,0,1,0,1,0,0
0x407606,98.7654%,1,80,81,0,0,1,80
0x407460,88.8889%,1,8,9,0,0,1,8
0x41a594,94.4444%,1,17,18,0,0,1,17
0x409ced,99.8649%,1,739,740,0,0,1,739
0x45c3d5,99.9862%,1,7263,7264,0,0,1,7263
0x45a267,99.9862%,1,7263,7264,7263,1,0,0
0x40541f,0%,1,0,1,0,0,1,0
0x4149e1,94.4444%,1,17,18,0,0,1,17
0x413b86,97.9167%,1,47,48,0,0,1,47
0x40e81e,88.8889%,1,8,9,0,0,1,8
0x458e0f,99.9862%,1,7263,7264,7263,1,0,0
0x415cbb,100%,0,27,27,0,0,0,27
0x406528,100%,0,1,1,0,0,0,1
0x40883c,100%,0,406,406,0,0,0,406
0x40b1a9,100%,0,17,17,0,0,0,17
0x405879,100%,0,81,81,0,0,0,81
0x40655a,100%,0,1,1,1,0,0,0
0x41af9a,100%,0,78,78,0,0,0,78
0x4155bf,100%,0,2139,2139,0,0,0,2139
0x41afa6,100%,0,78,78,0,0,0,78
0x415707,100%,0,2139,2139,0,0,0,2139
0x4148bc,100%,0,18,18,0,0,0,18
0x41afda,100%,0,78,78,78,0,0,0
0x40eab8,100%,0,9,9,0,0,0,9
0x40aa69,100%,0,527,527,0,0,0,527
0x415d63,100%,0,27,27,0,0,0,27
0x40ea8d,100%,0,20,20,0,0,0,20
0x408a96,100%,0,34,34,0,0,0,34
0x41b124,100%,0,78,78,78,0,0,0
0x413151,100%,0,85872,85872,85872,0,0,0
0x41a667,100%,0,18,18,18,0,0,0
0x40af91,100%,0,526,526,0,0,0,526
0x40eac7,100%,0,81,81,0,0,0,81
0x401dbd,100%,0,513,513,0,0,0,513
0x41b596,100%,0,78,78,0,0,0,78
0x406e51,100%,0,4,4,4,0,0,0
0x40eb00,100%,0,9,9,0,0,0,9
0x405ca7,100%,0,59,59,59,0,0,0
0x414726,100%,0,54,54,0,0,0,54
0x406585,100%,0,1,1,0,0,0,1
0x40401c,100%,0,81,81,0,0,0,81
0x4097f3,100%,0,527,527,0,0,0,527
0x41a475,100%,0,18,18,0,0,0,18
0x41a4bb,100%,0,18,18,0,0,0,18
0x40eb20,100%,0,9,9,0,0,0,9
0x414c85,100%,0,18,18,0,0,0,18
0x410689,100%,0,218,218,0,0,0,218
0x40ac6a,100%,0,526,526,0,0,0,526
0x414a06,100%,0,18,18,0,0,0,18
0x40a8f6,100%,0,9,9,0,0,0,9
0x415bf8,100%,0,9,9,9,0,0,0
0x415c10,100%,0,9,9,0,0,0,9
0x41a5a2,100%,0,18,18,18,0,0,0
0x4058c6,100%,0,9,9,0,0,0,9
0x415db0,100%,0,9,9,9,0,0,0
0x40d001,100%,0,50,50,0,0,0,50
0x40ecae,100%,0,2,2,0,0,0,2
0x40f3bd,100%,0,2,2,0,0,0,2
0x417a0c,100%,0,9,9,0,0,0,9
0x4128ef,100%,0,570,570,0,0,0,570
0x409dab,100%,0,19,19,0,0,0,19
0x40e5ba,100%,0,25,25,0,0,0,25
0x40631e,100%,0,81,81,0,0,0,81
0x4014d7,100%,0,93,93,0,0,0,93
0x41a5b1,100%,0,18,18,0,0,0,18
0x41a615,100%,0,162,162,0,0,0,162
0x40eef6,100%,0,1,1,0,0,0,1
0x401f30,100%,0,2349,2349,0,0,0,2349
0x409ba4,100%,0,981,981,0,0,0,981
0x41b506,100%,0,78,78,78,0,0,0
0x40ef18,100%,0,1,1,1,0,0,0
0x401cbf,100%,0,171,171,0,0,0,171
0x41b15e,100%,0,78,78,0,0,0,78
0x41a530,100%,0,18,18,0,0,0,18
0x41b116,100%,0,78,78,78,0,0,0
0x40aa14,100%,0,729,729,0,0,0,729
0x41b1d8,100%,0,78,78,0,0,0,78
0x4035c3,100%,0,648,648,0,0,0,648
0x4045e0,100%,0,1,1,1,0,0,0
0x41359e,100%,0,12123,12123,8082,0,0,4041
0x46fe67,100%,0,34,34,0,0,0,34
0x415dd8,100%,0,27,27,0,0,0,27
0x40a992,100%,0,9,9,0,0,0,9
0x40ef09,100%,0,1,1,0,0,0,1
0x405a46,100%,0,81,81,0,0,0,81
0x415813,100%,0,370,370,0,0,0,370
0x406507,100%,0,1,1,0,0,0,1
0x415b4a,100%,0,9,9,9,0,0,0
0x40dde9,100%,0,261,261,0,0,0,261
0x412821,100%,0,8,8,0,0,0,8
0x40bfcb,100%,0,1248,1248,0,0,0,1248
0x417806,100%,0,24,24,0,0,0,24
0x40e8d2,100%,0,9,9,0,0,0,9
0x4045cf,100%,0,1,1,0,0,0,1
0x40e91b,100%,0,81,81,0,0,0,81
0x40b0fc,100%,0,14,14,0,0,0,14
0x41b348,100%,0,78,78,0,0,0,78
0x4073bd,100%,0,9,9,0,0,0,9
0x40e9d8,100%,0,261,261,0,0,0,261
0x413629,100%,0,8,8,0,0,0,8
0x41b26f,100%,0,78,78,78,0,0,0
0x4026aa,100%,0,81,81,0,0,0,81
0x4020bb,100%,0,81,81,0,0,0,81
0x41b250,100%,0,156,156,0,0,0,156
0x40c57a,100%,0,1315,1315,0,0,0,1315
0x40ca20,100%,0,496,496,0,0,0,496
0x41b2ab,100%,0,78,78,0,0,0,78
0x4174e7,100%,0,5,5,0,0,0,5
0x401d72,100%,0,171,171,0,0,0,171
0x40d546,100%,0,72,72,0,0,0,72
0x40ef10,100%,0,1,1,0,0,0,1
0x40b896,100%,0,31,31,0,0,0,31
0x45a30d,100%,0,7264,7264,0,0,0,7264
0x408410,100%,0,404,404,0,0,0,404
0x401456,100%,0,31,31,0,0,0,31
0x4172fb,100%,0,2,2,0,0,0,2
0x40eacf,100%,0,729,729,0,0,0,729
0x41b178,100%,0,78,78,0,0,0,78
0x40ba41,100%,0,20,20,0,0,0,20
0x4098af,100%,0,527,527,0,0,0,527
0x40f6e7,100%,0,4,4,4,0,0,0
0x410504,100%,0,12195,12195,12195,0,0,0
0x41b281,100%,0,78,78,78,0,0,0
0x4110f6,100%,0,468,468,0,0,0,468
0x41b3d7,100%,0,78,78,78,0,0,0
0x41774a,100%,0,237,237,237,0,0,0
0x40eaa1,100%,0,20,20,20,0,0,0
0x41b01e,100%,0,78,78,78,0,0,0
0x41470a,100%,0,54,54,0,0,0,54
0x40b9a6,100%,0,13,13,0,0,0,13
0x40e0f5,100%,0,61,61,61,0,0,0
0x41b4e4,100%,0,624,624,624,0,0,0
0x40d31a,100%,0,1,1,0,0,0,1
0x411d56,100%,0,539,539,0,0,0,539
0x4079c7,100%,0,36,36,0,0,0,36
0x40f3eb,100%,0,1,1,0,0,0,1
0x413cc5,100%,0,8,8,0,0,0,8
0x40eb54,100%,0,81,81,0,0,0,81
0x411526,100%,0,739,739,0,0,0,739
0x4033bb,100%,0,81,81,0,0,0,81
0x40cc13,100%,0,9,9,0,0,0,9
0x40d5df,100%,0,648,648,0,0,0,648
0x40d336,100%,0,1,1,1,0,0,0
0x40baa5,100%,0,60,60,60,0,0,0
0x407a92,100%,0,32,32,0,0,0,32
0x412b69,100%,0,702,702,0,0,0,702
0x4086b8,100%,0,81,81,0,0,0,81
0x410406,100%,0,242,242,0,0,0,242
0x40ae85,100%,0,526,526,0,0,0,526
0x4086f3,100%,0,81,81,0,0,0,81
0x4141ca,100%,0,9,9,9,0,0,0
0x413770,100%,0,16,16,0,0,0,16
0x41739b,100%,0,140,140,140,0,0,0
0x407413,100%,0,81,81,0,0,0,81
0x40bcc9,100%,0,1982,1982,0,0,0,1982
0x401394,100%,0,31,31,0,0,0,31
0x413640,100%,0,16,16,0,0,0,16
0x40ce17,100%,0,72,72,0,0,0,72
0x417a22,100%,0,9,9,0,0,0,9
0x40ce88,100%,0,648,648,0,0,0,648
0x40193f,100%,0,9,9,0,0,0,9
0x40d127,100%,0,213,213,0,0,0,213
0x405823,100%,0,9,9,0,0,0,9
0x40e9e3,100%,0,2349,2349,0,0,0,2349
0x410cb6,100%,0,246,246,0,0,0,246
0x458e3e,100%,0,7264,7264,7264,0,0,0
0x40eec7,100%,0,49,49,0,0,0,49
0x407922,100%,0,232,232,0,0,0,232
0x408ba7,100%,0,4,4,0,0,0,4
0x40ece2,100%,0,5,5,0,0,0,5
0x40d2da,100%,0,4,4,0,0,0,4
0x40cbc8,100%,0,81,81,0,0,0,81
0x40b034,100%,0,31,31,0,0,0,31
