Branch PC,Accuracy,Mispredictions,Correct Predictions,Total,dir_t_pred_t,dir_t_pred_nt,dir_nt_pred_t,dir_nt_pred_nt
aggregate,99.4627%,140196,25952214,26092410,16118435,58137,82059,9833779
0x411cdb,98.356%,14532,869402,883934,788032,6076,8456,81370
0x411480,97.9001%,12902,601509,614411,508820,4934,7968,92689
0x41104e,98.0296%,10358,515327,525685,451001,3843,6515,64326
0x4120ef,98.7841%,9708,788743,798451,749837,3755,5953,38906
0x41ac73,97.601%,9064,368767,377831,342495,4084,4980,26272
0x41ae23,97.014%,6546,212679,219225,204693,1054,5492,7986
0x412fb0,98.6393%,5080,368254,373334,270489,2279,2801,97765
0x412633,98.1634%,4935,263773,268708,35536,2660,2275,228237
0x4118ce,98.8509%,4291,369134,373425,271431,1721,2570,97703
0x41321e,99.2742%,3815,521779,525594,465477,1702,2113,56302
0x412d38,99.5806%,3348,795011,798359,706937,1688,1660,88074
0x410794,99.0663%,2797,296776,299573,248015,1276,1521,48761
0x4130f0,99.5773%,2597,611723,614320,542463,1107,1490,69260
0x4123df,94.2955%,2559,42300,44859,27007,1304,1255,15293
0x410341,98.4279%,2133,133542,135675,32883,1127,1006,100659
0x410c08,97.943%,2110,100466,102576,43211,859,1251,57255
0x412e6e,99.8261%,1537,882305,883842,782953,707,830,99352
0x4134a1,99.4995%,1499,297983,299482,264809,754,745,33174
0x41acba,99.7075%,1105,376726,377831,295556,357,748,81170
0x413360,99.2282%,791,101694,102485,51967,327,464,49727
0x409d02,77.2277%,713,2418,3131,605,414,299,1813
0x409b7f,81.1257%,674,2897,3571,1064,369,305,1833
0x40f2d5,82.2402%,658,3047,3705,2980,101,557,67
0x40ee5c,84.0157%,652,3427,4079,3230,169,483,197
0x409b47,93.036%,534,7134,7668,3905,192,342,3229
0x40f66f,91.4856%,525,5641,6166,5013,128,397,628
0x40de8a,91.5916%,504,5490,5994,1674,300,204,3816
0x406cc6,79.7468%,496,1953,2449,630,304,192,1323
0x409d27,82.5851%,481,2281,2762,741,263,218,1540
0x409cc8,73.913%,468,1326,1794,513,251,217,813
0x40bdac,84.7919%,464,2587,3051,431,306,158,2156
0x409bbc,78.3442%,463,1675,2138,1251,165,298,424
0x4097ea,72.3457%,448,1172,1620,344,259,189,828
0x406a70,72.8395%,440,1180,1620,358,245,195,822
0x40b308,96.4564%,428,11650,12078,279,324,104,11371
0x402c4d,79.8025%,409,1616,2025,452,253,156,1164
0x40bcce,96.6301%,405,11613,12018,311,292,113,11302
0x407968,79.8005%,405,1600,2005,413,222,183,1187
0x40c0b8,86.8568%,401,2650,3051,2191,123,278,459
0x40aa4d,96.7811%,389,11696,12085,301,302,87,11395
0x40c713,88.0039%,366,2685,3051,2278,113,253,407
0x406c9b,93.2918%,355,4937,5292,2730,113,242,2207
0x4157fb,66.8566%,349,704,1053,163,216,133,541
0x40c3fc,88.7906%,342,2709,3051,424,236,106,2285
0x402745,80.9978%,339,1445,1784,416,195,144,1029
0x4063e7,72.8405%,327,877,1204,245,190,137,632
0x40840b,74.5942%,313,919,1232,261,180,133,658
0x40f685,69.9512%,308,717,1025,576,121,187,141
0x409c9f,93.3201%,303,4233,4536,2642,100,203,1591
0x4078de,72.9242%,300,808,1108,334,130,170,474
0x415138,72.4596%,290,763,1053,587,87,203,176
0x4087ef,77.0764%,276,928,1204,270,165,111,658
0x40f567,91.6969%,275,3037,3312,3027,57,218,10
0x405b15,78.1656%,269,963,1232,276,165,104,687
0x40218b,85.0897%,266,1518,1784,455,160,106,1063
0x401ce3,88.0792%,265,1958,2223,576,146,119,1382
0x4135e8,99.8075%,261,135322,135583,119652,120,141,15670
0x402e51,76.1029%,260,828,1088,317,148,112,511
0x401dc4,88.8439%,248,1975,2223,1459,106,142,516
0x409965,76.9535%,233,778,1011,652,75,158,126
0x40d145,61.8033%,233,377,610,95,143,90,282
0x401d33,90.1484%,219,2004,2223,553,150,69,1451
0x40f41e,82.1951%,219,1011,1230,893,72,147,118
0x4089f0,72.2293%,218,567,785,234,92,126,333
0x40ee0e,96.6008%,208,5911,6119,1890,84,124,4021
0x405c10,71.3246%,197,490,687,174,103,94,316
0x40d884,64.9541%,191,354,545,118,111,80,236
0x406b90,81.3056%,189,822,1011,785,30,159,37
0x404bfc,89.4677%,186,1580,1766,1496,54,132,84
0x403608,90.0785%,177,1607,1784,1520,53,124,87
0x406482,69.6491%,173,397,570,135,82,91,262
0x407765,78.6346%,169,622,791,126,104,65,496
0x402e2f,92.5326%,166,2057,2223,1085,50,116,972
0x4040f5,90.7658%,164,1612,1776,1552,36,128,60
0x408879,78.8036%,163,606,769,520,55,108,86
0x4083d5,85.5596%,160,948,1108,830,48,112,118
0x412629,99.7313%,153,56782,56935,6261,73,80,50521
0x408b40,74.3633%,151,438,589,100,91,60,338
0x409d5f,85.0598%,150,854,1004,720,48,102,134
0x409c15,78.5503%,145,531,676,53,115,30,478
0x407a87,79.0159%,145,546,691,121,90,55,425
0x406ced,90.495%,144,1371,1515,916,54,90,455
0x40ee7c,78.9706%,143,537,680,529,35,108,8
0x408a57,69.0632%,142,317,459,252,46,96,65
0x407a57,68.1614%,142,304,446,166,65,77,138
0x40eee3,79.5918%,140,546,686,533,37,103,13
0x409acd,94.6792%,136,2420,2556,1635,69,67,785
0x415803,83.9243%,136,710,846,623,51,85,87
0x408a76,71.8163%,135,344,479,80,73,62,264
0x40ced6,85.5769%,135,801,936,786,18,117,15
0x40224b,73.8703%,133,376,509,169,65,68,207
0x40d632,85.8684%,131,796,927,783,26,105,13
0x405b65,83.6915%,129,662,791,607,32,97,55
0x40950d,83.5669%,129,656,785,540,51,78,116
0x40645c,83.355%,128,641,769,610,22,106,31
0x40d89e,59.4937%,128,188,316,42,74,54,146
0x408b14,70.6697%,127,306,433,187,54,73,119
0x4079b2,80%,127,508,635,61,79,48,447
0x409dc4,97.2002%,127,4409,4536,3984,48,79,425
0x40f2eb,79.8077%,126,498,624,487,32,94,11
0x40738b,92.284%,125,1495,1620,1428,12,113,67
0x408b5a,78.4722%,124,452,576,124,64,60,328
0x403c3c,82.7089%,120,574,694,443,40,80,131
0x416203,88.604%,120,933,1053,913,23,97,20
0x407aa0,82.4666%,118,555,673,145,63,55,410
0x409c5b,92.328%,116,1396,1512,960,48,68,436
0x40689c,80%,114,456,570,397,36,78,59
0x40d15f,70.6989%,109,263,372,78,55,54,185
0x40d37d,82.1311%,109,501,610,443,35,74,58
0x40daca,80.0731%,109,438,547,399,30,79,39
0x407aff,76.6816%,104,342,446,268,38,66,74
0x4013c2,91.2458%,104,1084,1188,1051,21,83,33
0x4046f4,83.1933%,100,495,595,363,44,56,132
0x40a88e,93.8889%,99,1521,1620,1419,21,78,102
0x40eec7,90.4669%,98,930,1028,234,50,48,696
0x401412,91.835%,97,1091,1188,1020,30,67,71
0x409bf9,86.7036%,96,626,722,513,25,71,113
0x4061a4,86.0262%,96,591,687,506,29,67,85
0x406c35,94.5578%,96,1668,1764,1127,49,47,541
0x4084d5,92.289%,95,1137,1232,1025,31,64,112
0x40f39a,92.439%,93,1137,1230,1125,19,74,12
0x41ad1f,99.9242%,92,121210,121302,107783,41,51,13427
0x402577,94.8991%,91,1693,1784,1542,19,72,151
0x402ca5,93.3333%,88,1232,1320,1209,21,67,23
0x408bb9,80.3695%,85,348,433,244,36,49,104
0x40332e,95.8519%,84,1941,2025,1778,22,62,163
0x4021d2,93.071%,81,1088,1169,1066,18,63,22
0x40f714,92.8312%,79,1023,1102,701,35,44,322
0x40babf,95.1235%,79,1541,1620,1424,16,63,117
0x4027e0,75.9878%,79,250,329,155,35,44,95
0x4064c2,77.9037%,78,275,353,261,20,58,14
0x40564b,88.777%,78,617,695,463,21,57,154
0x40ef3e,98.7412%,77,6040,6117,5407,32,45,633
0x406209,93.75%,77,1155,1232,1045,11,66,110
0x401a84,92.7825%,76,977,1053,204,43,33,773
0x409574,93.6877%,76,1128,1204,1016,16,60,112
0x40369c,89.1931%,75,619,694,599,16,59,20
0x40c657,97.5418%,75,2976,3051,2008,26,49,968
0x40db1a,91.9094%,75,852,927,808,16,59,44
0x401cae,93.0674%,73,980,1053,776,30,43,204
0x404d3c,89.7143%,72,628,700,607,20,52,21
0x41108f,99.8984%,72,70769,70841,2678,39,33,68091
0x41515a,93.2574%,71,982,1053,916,20,51,66
0x411b94,99.9268%,71,96989,97060,96358,33,38,631
0x405c52,82.6829%,71,339,410,328,22,49,11
0x40f702,97.8846%,70,3239,3309,2180,27,43,1059
0x4158e4,93.3523%,70,983,1053,963,27,43,20
0x4027b2,94.2029%,68,1105,1173,1075,22,46,30
0x411d18,99.9232%,68,88421,88489,87603,22,46,818
0x41115f,99.9054%,67,70774,70841,22038,30,37,48736
0x40a83e,99.1393%,66,7602,7668,6781,35,31,821
0x40df85,98.8989%,66,5928,5994,5300,28,38,628
0x40417c,88.9076%,66,529,595,520,20,46,9
0x40ca9e,95.9259%,66,1554,1620,1422,18,48,132
0x402a91,96.4126%,64,1720,1784,1549,12,52,171
0x407353,98.7906%,64,5228,5292,4676,28,36,552
0x405c98,69.2308%,64,144,208,16,37,27,128
0x40f578,71.9298%,64,164,228,148,28,36,16
0x40e146,90.3904%,64,602,666,588,4,60,14
0x4114dd,99.9354%,63,97482,97545,96596,19,44,886
0x406d2d,88.4404%,63,482,545,461,12,51,21
0x411cfc,99.931%,62,89764,89826,1311,26,36,88453
0x4064d8,73.617%,62,173,235,28,39,23,145
0x412024,99.9309%,62,89672,89734,38447,30,32,51225
0x410fb4,99.8956%,61,58354,58415,13862,30,31,44492
0x40b22f,96.2346%,61,1559,1620,1431,9,52,128
0x40d1a3,74.8954%,60,179,239,170,11,49,9
0x402ef2,97.2949%,60,2158,2218,1961,15,45,197
0x402e78,90.3692%,60,563,623,445,19,41,118
0x40e5c3,70.936%,59,144,203,30,32,27,114
0x406d49,76.6798%,59,194,253,16,48,11,178
0x409df7,96.164%,58,1454,1512,1321,23,35,133
0x41212f,99.8674%,58,43682,43740,42565,25,33,1117
0x40e066,99.0163%,58,5838,5896,5826,18,40,12
0x40ee1b,98.6007%,58,4087,4145,2010,30,28,2077
0x40ca76,92.2356%,58,689,747,295,25,33,394
0x40736f,96.7687%,57,1707,1764,1551,17,40,156
0x4110ab,99.9163%,57,68067,68124,67375,16,41,692
0x4068d3,95.2658%,57,1147,1204,1017,15,42,130
0x411923,99.9424%,56,97082,97138,96412,18,38,670
0x41ae1d,99.9728%,56,205691,205747,39367,17,39,166324
0x40f692,83.2317%,55,273,328,264,16,39,9
0x401df5,94.7768%,55,998,1053,917,19,36,81
0x4114c1,99.9464%,54,100603,100657,3088,24,30,97515
0x40a862,97.9264%,53,2503,2556,2248,24,29,255
0x40e243,76.1261%,53,169,222,34,23,30,135
0x40edbd,94.8039%,53,967,1020,312,28,25,655
0x401cf1,97.6158%,53,2170,2223,1958,18,35,212
0x40f432,80%,53,212,265,210,14,39,2
0x40c9fb,92.1922%,52,614,666,343,22,30,271
0x4022cc,89.7839%,52,457,509,410,14,38,47
0x40ef31,95.0292%,51,975,1026,894,18,33,81
0x412276,99.6472%,51,14403,14454,1976,29,22,12427
0x411dc7,99.9432%,51,89775,89826,38524,19,32,51251
0x411c44,99.9491%,51,100131,100182,35543,22,29,64588
0x40d8e0,75%,50,150,200,130,9,41,20
0x40ef76,95.1866%,49,969,1018,658,22,27,311
0x40ca24,94.9045%,48,894,942,845,14,34,49
0x40565c,97.2743%,48,1713,1761,187,30,18,1526
0x403c89,97.3655%,47,1737,1784,1558,3,44,179
0x40e0d5,76.1421%,47,150,197,25,27,20,125
0x411f7a,99.9468%,47,88363,88410,87568,17,30,795
0x407ac7,77.4038%,47,161,208,150,12,35,11
0x4119ca,99.9541%,46,100227,100273,35611,19,27,64616
0x402de7,93.62%,46,675,721,450,24,22,225
0x410c59,99.9231%,45,58461,58506,3723,18,27,54738
0x41223d,99.9019%,44,44815,44859,14434,20,24,30381
0x41241f,99.8421%,44,27825,27869,26730,6,38,1095
0x40f745,63.3333%,44,76,120,71,11,33,5
0x41ac53,99.9637%,44,121258,121302,52842,20,24,68416
0x40f72e,87.9781%,44,322,366,229,17,27,93
0x40e1e5,99.2574%,44,5881,5925,5869,10,34,12
0x411740,99.9572%,43,100523,100566,3071,28,15,97452
0x408b81,77.1277%,43,145,188,124,10,33,21
0x4113c4,99.9392%,43,70707,70750,21986,17,26,48721
0x40d3ca,95.5128%,42,894,936,823,9,33,71
0x412660,99.9057%,42,44488,44530,42735,14,28,1753
0x401420,96.4646%,42,1146,1188,1048,8,34,98
0x40f2f5,60%,42,63,105,5,23,19,58
0x4058b5,81.7778%,41,184,225,184,16,25,0
0x40285c,87.4618%,41,286,327,236,17,24,50
0x40bfff,98.6562%,41,3010,3051,2017,17,24,993
0x40e266,99.3196%,40,5839,5879,5258,1,39,581
0x40ca95,94.6452%,40,707,747,638,26,14,69
0x4052c1,45.2055%,40,33,73,9,20,20,24
0x41158a,99.9603%,40,100617,100657,35976,13,27,64641
0x40c953,98.689%,40,3011,3051,2015,19,21,996
0x40f593,81.2207%,40,173,213,155,18,22,18
0x40e2ad,93.994%,40,626,666,581,11,29,45
0x40f6f2,99.3511%,40,6124,6164,3067,15,25,3057
0x406ddb,81.9444%,39,177,216,133,19,20,44
0x412d46,99.8986%,39,38438,38477,1578,19,20,36860
0x4014f2,96.7172%,39,1149,1188,1133,10,29,16
0x411309,99.9449%,39,70711,70750,2683,21,18,68028
0x412853,99.7545%,39,15850,15889,77,14,25,15773
0x411f5e,99.9577%,38,89696,89734,1308,16,22,88388
0x401d41,98.2906%,38,2185,2223,1962,14,24,223
0x4057b5,83.1111%,38,187,225,135,15,23,52
0x40e0c5,84.2975%,38,204,242,21,24,14,183
0x40473e,97.9167%,37,1739,1776,1547,7,30,192
0x411b78,99.9631%,37,100145,100182,3105,17,20,97040
0x401ad6,96.4862%,37,1016,1053,925,11,26,91
0x40b885,96.4567%,36,980,1016,929,6,30,51
0x41043e,99.9629%,36,96998,97034,64546,21,15,32452
0x40afcd,96.4602%,36,981,1017,939,5,31,42
0x409b92,99.8129%,36,19206,19242,17081,23,13,2125
0x410d1a,99.9385%,36,58470,58506,13944,13,23,44526
0x40c9a2,96.4602%,36,981,1017,925,17,19,56
0x401de2,95.2767%,35,706,741,483,11,24,223
0x409d75,85.1695%,35,201,236,183,12,23,18
0x410ef9,99.936%,35,54652,54687,54321,6,29,331
0x4108ba,99.9324%,34,50248,50282,6146,12,22,44102
0x410473,99.9%,34,33976,34010,5057,9,25,28919
0x4048c9,84.8889%,34,191,225,189,11,23,2
0x40e248,80%,33,132,165,27,19,14,105
0x412b00,99.9263%,33,44734,44767,1083,23,10,43651
0x403e6c,85.3333%,33,192,225,192,8,25,0
0x40e568,99.4454%,33,5917,5950,5909,12,21,8
0x40a983,85.3333%,33,192,225,192,8,25,0
0x410c75,99.9397%,33,54732,54765,54355,11,22,377
0x4103a8,99.9059%,32,33978,34010,1526,17,15,32452
0x41ad47,99.9763%,32,134748,134780,121273,29,3,13475
0x40eed0,95.6989%,32,712,744,332,10,22,380
0x412113,99.9287%,32,44827,44859,1111,8,24,43716
0x40ea11,95.1952%,32,634,666,573,19,13,61
0x409cdb,99.6548%,32,9238,9270,8219,21,11,1019
0x406dfc,50%,32,32,64,8,21,11,24
0x401f73,95.3453%,31,635,666,578,14,17,57
0x40340f,86.2222%,31,194,225,194,6,25,0
0x411814,99.9692%,31,100535,100566,35909,15,16,64626
0x4089ff,99.2496%,31,4100,4131,3661,11,20,439
0x40acb8,99.9636%,30,82347,82377,73203,21,9,9144
0x402595,86.6667%,30,195,225,189,11,19,6
0x412645,99.987%,30,230482,230512,12401,4,26,218081
0x40cbff,87.1111%,29,196,225,190,10,19,6
0x407455,87.1111%,29,196,225,195,5,24,1
0x40f57e,44.2308%,29,23,52,22,15,14,1
0x4013d0,97.6431%,28,1160,1188,1052,4,24,108
0x410809,99.9427%,28,48839,48867,48428,8,20,411
0x407449,98.6667%,27,1998,2025,1795,5,22,203
0x4021cd,99.7434%,27,10494,10521,9335,17,10,1159
0x40f2b3,98.9091%,27,2448,2475,1225,13,14,1223
0x40cada,85%,27,153,180,105,15,12,48
0x40ced1,99.6795%,27,8397,8424,7475,13,14,922
0x412fbe,99.9276%,26,35898,35924,2286,7,19,33612
0x402f0f,96.3687%,26,690,716,630,7,19,60
0x410edd,99.9555%,26,58389,58415,3719,9,17,54670
0x40e73a,66.2162%,25,49,74,17,19,6,32
0x4107ed,99.9503%,25,50257,50282,1410,5,20,48847
0x4103c4,99.923%,25,32442,32467,32094,6,19,348
0x401f94,66.2162%,25,49,74,44,5,20,5
0x40e67f,88.7387%,25,197,222,139,9,16,58
0x40defd,99.9309%,25,36155,36180,32142,18,7,4013
0x412e7c,99.9297%,25,35540,35565,1311,0,25,34229
0x40efc1,77.6786%,25,87,112,72,3,22,15
0x412884,99.9114%,25,28194,28219,416,13,12,27778
0x40f2a3,99.3522%,24,3681,3705,2470,5,19,1211
0x40f2ff,68.8312%,24,53,77,1,16,8,52
0x41155e,99.9918%,24,291681,291705,194143,17,7,97538
0x41322c,99.8272%,24,13868,13892,2033,10,14,11835
0x40791d,99.5859%,24,5772,5796,5143,9,15,629
0x40f309,60%,24,36,60,29,8,16,7
0x402c9d,99.798%,24,11856,11880,10546,14,10,1310
0x41175c,99.9754%,24,97443,97467,96568,8,16,875
0x410cee,99.9854%,24,163872,163896,109115,16,8,54757
0x41621d,80.3419%,23,94,117,94,10,13,0
0x411a06,99.9354%,23,35607,35630,1326,11,12,34281
0x412403,99.9188%,23,28288,28311,432,10,13,27856
0x4064b6,99.276%,23,3154,3177,2814,10,13,340
0x4026a5,98.8642%,23,2002,2025,1788,12,11,214
0x40c2fb,99.2461%,23,3028,3051,2027,7,16,1001
0x40f325,99.4049%,22,3675,3697,2459,8,14,1216
0x40d1db,62.069%,22,36,58,18,11,11,18
0x411325,99.9677%,22,68024,68046,67344,8,14,680
0x403690,99.6478%,22,6224,6246,5542,10,12,682
0x4058a9,98.9136%,22,2003,2025,1794,6,16,209
0x401f62,99.633%,22,5972,5994,5322,6,16,650
0x4106ec,99.9351%,22,33897,33919,4989,12,10,28908
0x40621c,88.3333%,21,159,180,154,6,15,5
0x40ca7a,95.082%,21,406,427,212,6,15,194
0x406d96,70.8333%,21,51,72,37,11,10,14
0x410d56,99.8495%,21,13936,13957,2065,4,17,11871
0x417734,89.8551%,21,186,207,178,6,15,8
0x40de09,96.8468%,21,645,666,589,3,18,56
0x411196,99.9048%,21,22047,22068,2302,17,4,19745
0x4115c6,99.9444%,20,35969,35989,2316,3,17,33653
0x4117ee,99.9931%,20,291490,291510,194031,12,8,97459
0x40f5bb,47.3684%,20,18,38,5,8,12,13
0x40cbe7,99.8903%,20,18205,18225,16191,9,11,2014
0x40641f,99.711%,20,6901,6921,6139,13,7,762
0x411d8e,99.9924%,20,264583,264603,176099,15,5,88484
0x409582,88.8889%,20,160,180,151,9,11,9
0x406d21,99.5923%,20,4885,4905,4352,8,12,533
0x411c1e,99.9931%,20,290491,290511,193435,16,4,97056
0x40743d,99.8903%,20,18205,18225,16192,8,12,2013
0x40d62d,99.7603%,20,8323,8343,7408,8,12,915
0x409840,99.7924%,19,9134,9153,8128,8,11,1006
0x402ea9,88.0503%,19,140,159,133,6,13,7
0x40d920,68.8525%,19,42,61,27,8,11,15
0x40e662,97.1471%,19,647,666,440,4,15,207
0x40eaeb,83.7607%,19,98,117,98,6,13,0
0x411e06,99.9507%,19,38524,38543,1619,4,15,36905
0x4128a0,99.9316%,19,27771,27790,26688,8,11,1083
0x40e5c8,86.5248%,19,122,141,15,14,5,107
0x40135c,98.4007%,19,1169,1188,1049,7,12,120
0x40d861,99.6141%,19,4904,4923,4369,7,12,535
0x40f6a1,60.4167%,19,29,48,21,8,11,8
0x40e1e0,99.9644%,19,53306,53325,47395,5,14,5911
0x40ca1a,97.2973%,18,648,666,585,7,11,63
0x41adab,99.9833%,18,107806,107824,107806,18,0,0
0x410629,99.9469%,18,33901,33919,1525,5,13,32376
0x408b7c,98.9362%,18,1674,1692,1501,3,15,173
0x4124bf,99.9364%,18,28293,28311,13859,8,10,14434
0x4038a6,77.2152%,18,61,79,6,11,7,55
0x409bb7,99.9065%,18,19224,19242,17089,15,3,2135
0x40ddfd,99.6997%,18,5976,5994,5321,7,11,655
0x40f59e,55%,18,22,40,15,2,16,7
0x408b27,98.9583%,18,1710,1728,1529,7,11,181
0x412f4d,99.9912%,18,205506,205524,102754,8,10,102752
0x411aed,99.9913%,18,205740,205758,102871,8,10,102869
0x401dd6,99.1903%,18,2205,2223,1482,0,18,723
0x40b0c8,89.6552%,18,156,174,156,10,8,0
0x40cc13,28%,18,7,25,5,7,11,2
0x411edd,99.9923%,17,221503,221520,110753,7,10,110750
0x410aa1,99.9652%,17,48772,48789,48392,5,12,380
0x40763c,98.9506%,17,1603,1620,1437,3,14,166
0x40a977,99.1605%,17,2008,2025,1796,4,13,212
0x41153a,99.9826%,17,97528,97545,0,0,17,97528
0x41295a,99.9398%,17,28202,28219,13795,6,11,14407
0x40334d,92.4444%,17,208,225,190,10,7,18
0x402eb9,81.9149%,17,77,94,5,10,7,72
0x40eee8,85.3448%,17,99,116,99,4,13,0
0x40a96b,99.9067%,17,18208,18225,16199,1,16,2009
0x40b8ec,79.0123%,17,64,81,19,9,8,45
0x4116ad,99.9916%,17,202003,202020,101004,6,11,100999
0x411ffe,99.9936%,17,264388,264405,175982,13,4,88406
0x4121ae,99.9869%,17,130053,130070,86321,9,8,43732
0x4084e1,90.5556%,17,163,180,157,3,14,6
0x40eadd,98.3856%,17,1036,1053,932,4,13,104
0x405c4d,99.5393%,17,3673,3690,3273,7,10,400
0x410e3d,99.9762%,17,71311,71328,35658,6,11,35653
0x412e2e,99.9846%,17,110623,110640,73752,8,9,36871
0x403600,99.8941%,17,16039,16056,14259,13,4,1780
0x4033f9,99.1605%,17,2008,2025,1795,5,12,213
0x40279d,99.839%,17,10540,10557,9376,8,9,1164
0x40450c,69.0909%,17,38,55,23,11,6,15
0x40e107,99.7091%,17,5827,5844,5228,2,15,599
0x40cbf3,99.2099%,16,2009,2025,1799,1,15,210
0x40bcdd,99.8598%,16,11399,11415,7797,14,2,3602
0x4019ad,99.8312%,16,9461,9477,8413,11,5,1048
0x40c9ff,94.6844%,16,285,301,169,6,10,116
0x406e7a,92.5926%,16,200,216,190,2,14,10
0x412bae,99.9877%,16,129856,129872,86203,8,8,43653
0x4019b9,98.4805%,16,1037,1053,932,4,12,105
0x40d414,84.6154%,16,88,104,80,11,5,8
0x40baa5,85.1852%,16,92,108,83,6,10,9
0x410645,99.9506%,16,32373,32389,32048,13,3,325
0x405a3e,99.0741%,15,1605,1620,1440,0,15,165
0x40e8b4,98.5755%,15,1038,1053,933,3,12,105
0x40b0eb,79.4521%,15,58,73,30,9,6,28
0x40aa5c,99.8694%,15,11467,11482,10457,8,7,1010
0x40e7ee,79.7297%,15,59,74,56,5,10,3
0x417634,57.1429%,15,20,35,5,7,8,15
0x40e62a,99.7467%,15,5906,5921,5283,1,14,623
0x41112e,99.9926%,15,203624,203639,135504,11,4,68120
0x40227d,99.3939%,15,2460,2475,2193,7,8,267
0x4033ed,99.9177%,15,18210,18225,16193,7,8,2017
0x407ac2,99.1987%,15,1857,1872,1658,6,9,199
0x411fdd,99.983%,15,88395,88410,0,0,15,88395
0x4019c5,87.1795%,15,102,117,100,4,11,2
0x40d122,99.7268%,15,5475,5490,4876,4,11,599
0x410b02,99.9693%,15,48774,48789,0,0,15,48774
0x402ae5,93.3333%,15,210,225,197,3,12,13
0x404170,99.7199%,15,5340,5355,4757,3,12,583
0x412ed1,99.9854%,15,102747,102762,102747,15,0,0
0x40faa7,84.8485%,15,84,99,76,12,3,8
0x412cde,99.9597%,15,37212,37227,24805,13,2,12407
0x41306c,99.9861%,14,100879,100893,0,0,14,100879
0x40ea3f,81.0811%,14,60,74,0,13,1,60
0x410b54,99.9721%,14,50177,50191,6088,5,9,44089
0x411eba,99.9874%,14,110746,110760,0,0,14,110746
0x41199e,99.9952%,14,290692,290706,193556,12,2,97136
0x40e061,99.9736%,14,53050,53064,47163,5,9,5887
0x409d32,99.2036%,14,1744,1758,7,8,6,1737
0x40c8fb,99.9349%,14,21505,21519,19117,11,3,2388
0x4131cd,99.9882%,14,118246,118260,59126,4,10,59120
0x4117bf,99.9856%,14,97453,97467,0,0,14,97453
0x414d9b,46.1538%,14,12,26,7,6,8,5
0x41088e,99.9904%,14,146156,146170,97296,7,7,48860
0x402828,82.0513%,14,64,78,10,7,7,54
0x413011,99.9861%,14,100879,100893,100879,14,0,0
0x402819,89.9281%,14,125,139,115,5,9,10
0x40b57b,99.858%,13,9140,9153,8131,5,8,1009
0x412bcc,99.971%,13,44754,44767,14385,3,10,30369
0x411907,99.987%,13,100260,100273,3130,5,8,97130
0x402d90,98.3951%,13,797,810,536,4,9,261
0x40b175,87.2549%,13,89,102,84,8,5,5
0x40f766,65.7895%,13,25,38,25,2,11,0
0x45c9ca,99.9039%,13,13517,13530,0,0,13,13517
0x4132fd,99.9817%,13,71081,71094,35539,8,5,35542
0x40ea00,99.7831%,13,5981,5994,5326,2,11,655
0x41260c,99.9541%,13,28298,28311,14120,5,8,14178
0x41292e,99.9842%,13,82263,82276,54478,8,5,27785
0x40e729,98.048%,13,653,666,588,4,9,65
0x40b317,99.8867%,13,11462,11475,10450,8,5,1012
0x410f8e,99.9921%,13,163688,163701,109002,12,1,54686
0x40844d,99.8174%,13,7106,7119,6319,9,4,787
0x409924,99.858%,13,9140,9153,6095,7,6,3045
0x411f12,99.9855%,13,89813,89826,89813,13,0,0
0x40280d,98.9608%,13,1238,1251,1109,3,10,129
0x413418,99.8828%,13,11075,11088,0,0,13,11075
0x406932,92.7778%,13,167,180,156,4,9,11
0x401503,98.9057%,13,1175,1188,788,4,9,387
0x40d308,55.1724%,13,16,29,3,10,3,13
0x412df6,99.9883%,13,110627,110640,0,0,13,110627
0x401b23,98.7654%,13,1040,1053,933,3,10,107
0x4129d1,99.9636%,13,35744,35757,35744,13,0,0
0x406528,55.5556%,12,15,27,7,5,7,8
0x40e5d4,93.1034%,12,162,174,122,1,11,40
0x411d6a,99.9864%,12,88477,88489,0,0,12,88477
0x404385,78.1818%,12,43,55,4,2,10,39
0x403545,99.4074%,12,2013,2025,1796,4,8,217
0x402297,53.8462%,12,14,26,3,6,6,11
0x40b995,85.1852%,12,69,81,0,8,4,69
0x41a64a,94.8718%,12,222,234,201,7,5,21
0x403a3a,84.8101%,12,67,79,57,7,5,10
0x40b034,83.5616%,12,61,73,7,8,4,54
0x4015d6,89.7436%,12,105,117,99,5,7,6
0x40150f,96.9697%,12,384,396,262,2,10,122
0x40f5dd,36.8421%,12,7,19,3,7,5,4
0x40bcf4,99.667%,12,3592,3604,2581,6,6,1011
0x405b5d,99.8314%,12,7107,7119,6322,6,6,785
0x404045,99.4074%,12,2013,2025,1798,2,10,215
0x4125dd,99.9833%,12,71742,71754,35870,7,5,35872
0x4130fe,99.9455%,12,21991,22003,2291,2,10,19700
0x41a638,99.4302%,12,2094,2106,1866,6,6,228
0x409960,99.8681%,12,9087,9099,8081,7,5,1006
0x407a6d,99.3798%,12,1923,1935,1717,3,9,206
0x40f6b1,36.8421%,12,7,19,3,7,5,4
0x401e2c,90.5983%,11,106,117,96,8,3,10
0x405d1b,52.1739%,11,12,23,11,5,6,1
0x406b8b,99.8791%,11,9088,9099,8080,8,3,1008
0x40df9f,98.3483%,11,655,666,589,3,8,66
0x41aafc,99.9184%,11,13467,13478,0,0,11,13467
0x409d70,99.4821%,11,2113,2124,1884,4,7,229
0x41ae54,99.9592%,11,26945,26956,13473,5,6,13472
0x411b29,99.989%,11,100262,100273,100262,11,0,0
0x405360,84.9315%,11,62,73,60,2,9,2
0x41126d,99.9907%,11,118483,118494,59243,4,7,59240
0x4086f3,93.8889%,11,169,180,3,5,6,166
0x4178f3,94.3878%,11,185,196,0,4,7,185
0x40d561,98.8248%,11,925,936,830,2,9,95
0x402e9d,99.2313%,11,1420,1431,1269,3,8,151
0x410a85,99.9781%,11,50180,50191,1397,5,6,48783
0x40b570,99.9866%,11,82366,82377,73217,7,4,9149
0x46fda7,98.89%,11,980,991,51,4,7,929
0x411ac0,99.9893%,11,102868,102879,0,0,11,102868
0x406b46,99.6395%,11,3040,3051,2026,8,3,1014
0x41218a,99.9749%,11,43729,43740,0,0,11,43729
0x411b02,99.9893%,11,102868,102879,68577,9,2,34291
0x413caa,61.5385%,10,16,26,10,3,7,6
0x407641,94.4444%,10,170,180,1,3,7,169
0x40ba10,95.4338%,10,209,219,209,5,5,0
0x40b1fb,93.8272%,10,152,162,105,3,7,47
0x4116e9,99.9901%,10,100647,100657,100647,10,0,0
0x406e97,86.1111%,10,62,72,60,4,6,2
0x4086ee,99.3827%,10,1610,1620,1438,2,8,172
0x406335,99.3827%,10,1610,1620,1437,3,7,173
0x412c00,99.9305%,10,14378,14388,1975,4,6,12403
0x40633a,94.4444%,10,170,180,2,6,4,168
0x40b24f,94.4444%,10,170,180,158,2,8,12
0x406b23,99.6722%,10,3041,3051,0,0,10,3041
0x410e10,99.972%,10,35654,35664,0,0,10,35654
0x40e8c0,91.453%,10,107,117,101,3,7,6
0x40e9f4,99.9815%,10,53936,53946,47949,3,7,5987
0x41127e,99.9831%,10,59237,59247,39492,6,4,19745
0x408874,99.8555%,10,6911,6921,6144,8,2,767
0x417924,93.3333%,10,140,150,0,4,6,140
0x406e1f,71.4286%,10,25,35,24,4,6,1
0x40b394,99.8907%,10,9143,9153,8128,8,2,1015
0x408837,99.8555%,10,6911,6921,6148,4,6,763
0x40404a,95.5556%,10,215,225,1,2,8,214
0x40f5ce,60%,10,15,25,3,3,7,12
0x41267d,99.9647%,10,28301,28311,28288,7,3,13
0x403284,77.7778%,10,35,45,27,3,7,8
0x40ce12,98.9316%,10,926,936,827,5,5,99
0x40db5c,90.3846%,10,94,104,87,4,6,7
0x4157c7,99.6834%,10,3149,3159,2103,3,7,1046
0x40b215,94.4444%,9,153,162,147,4,5,6
0x41110a,99.9868%,9,68115,68124,0,0,9,68115
0x411680,99.9911%,9,101001,101010,0,0,9,101001
0x403273,80%,9,36,45,34,1,8,2
0x40d1cf,98.2759%,9,513,522,458,6,3,55
0x412a4e,99.9874%,9,71505,71514,35753,4,5,35752
0x401f4f,99.9833%,9,53937,53946,47949,3,6,5988
0x409d0d,99.5739%,9,2103,2112,5,6,3,2098
0x40eb1b,92.3077%,9,108,117,102,2,7,6
0x40f3a4,64%,9,16,25,5,3,6,11
0x40af3a,99.9017%,9,9144,9153,8128,8,1,1016
0x41ac10,99.9666%,9,26947,26956,13472,6,3,13475
0x407460,64%,9,16,25,1,4,5,15
0x458d6d,99.9335%,9,13521,13530,0,0,9,13521
0x415166,92.3077%,9,108,117,103,1,8,5
0x413d30,92.3077%,9,108,117,100,4,5,8
0x40eb5e,99.1453%,9,1044,1053,932,4,5,112
0x4155e6,99.905%,9,9468,9477,6314,4,5,3154
0x412a5f,99.9748%,9,35748,35757,23833,5,4,11915
0x4108f6,99.8538%,9,6149,6158,2421,2,7,3728
0x40cb1f,85%,9,51,60,39,1,8,12
0x40f3c7,66.6667%,9,18,27,9,3,6,9
0x40bf9f,99.9568%,9,20817,20826,18505,7,2,2312
0x402289,96.7273%,9,266,275,266,0,9,0
0x412ccd,99.9879%,9,74445,74454,37222,5,4,37223
0x41abe6,99.9666%,9,26947,26956,13472,6,3,13475
0x41249e,99.9891%,9,82465,82474,54598,7,2,27867
0x406b35,99.9017%,9,9144,9153,6098,4,5,3046
0x45c3c7,99.9335%,9,13521,13530,0,0,9,13521
0x4057c6,88%,9,66,75,46,4,5,20
0x40ca04,98.3707%,8,483,491,483,5,3,0
0x40e792,99.7257%,8,2908,2916,2589,3,5,319
0x41308d,99.996%,8,201778,201786,100887,6,2,100891
0x408b65,97.9381%,8,380,388,0,3,5,380
0x4030b3,82.2222%,8,37,45,29,1,7,8
0x40e79e,97.5309%,8,316,324,285,3,5,31
0x40df02,99.801%,8,4012,4020,4012,3,5,0
0x412832,99.9717%,8,28287,28295,12402,3,5,15885
0x412ca6,99.9785%,8,37219,37227,0,0,8,37219
0x41041a,99.9754%,8,32459,32467,0,0,8,32459
0x4126d1,94.4444%,8,136,144,123,5,3,13
0x411a71,99.9922%,8,102871,102879,102871,8,0,0
0x40ea92,93.75%,8,120,128,55,6,2,65
0x40e8a8,99.9156%,8,9469,9477,8422,2,6,1047
0x4106ce,99.9917%,8,96831,96839,64446,4,4,32385
0x40fd0d,27.2727%,8,3,11,3,3,5,0
0x40ead4,99.9156%,8,9469,9477,8423,1,7,1046
0x407aab,98.2796%,8,457,465,0,3,5,457
0x40f124,94.4444%,8,136,144,124,4,4,12
0x45c353,99.9409%,8,13522,13530,0,0,8,13522
0x40654e,94.0741%,8,127,135,119,1,7,8
0x41336e,99.8687%,8,6085,6093,2396,1,7,3689
0x4058c6,68%,8,17,25,0,5,3,17
0x410961,99.9286%,8,11197,11205,11197,8,0,0
0x40bab6,92.5926%,8,100,108,71,1,7,29
0x40b95b,94.9686%,8,151,159,100,6,2,51
0x40de9b,99.801%,8,4012,4020,0,0,8,4012
0x4073aa,95.5556%,8,172,180,158,2,6,14
0x401b2c,93.1624%,8,109,117,99,5,3,10
0x40acc3,99.9126%,8,9145,9153,8132,4,4,1013
0x40a8ad,95.5556%,8,172,180,157,3,5,15
0x4020fd,99.6049%,8,2017,2025,1798,2,6,219
0x415d96,98.5891%,8,559,567,378,0,8,181
0x407973,99.4161%,8,1362,1370,1357,4,4,5
0x40d19e,99.6281%,8,2143,2151,1906,6,2,237
0x4030a2,84.4444%,7,38,45,35,0,7,3
0x4122e1,99.9813%,7,37340,37347,37340,7,0,0
0x405d91,69.5652%,7,16,23,12,4,3,4
0x40354a,96.8889%,7,218,225,0,2,5,218
0x40b0d9,95.977%,7,167,174,115,1,6,52
0x4124f6,99.9495%,7,13860,13867,1908,0,7,11952
0x45c367,99.9483%,7,13523,13530,0,0,7,13523
0x405638,30%,7,3,10,2,3,4,1
0x410e76,99.988%,7,58499,58506,58499,7,0,0
0x458d85,99.9483%,7,13523,13530,0,0,7,13523
0x406b4e,99.3117%,7,1010,1017,0,6,1,1010
0x4026aa,96.8889%,7,218,225,0,2,5,218
0x45a267,99.9483%,7,13523,13530,13523,7,0,0
0x40eb6a,94.0171%,7,110,117,101,3,4,9
0x411bef,99.9928%,7,97053,97060,0,0,7,97053
0x45c3a3,99.9483%,7,13523,13530,0,0,7,13523
0x417892,96.6184%,7,200,207,135,3,4,65
0x40c5ef,99.9675%,7,21512,21519,19123,5,2,2389
0x408ba2,98.5597%,7,479,486,430,2,5,49
0x40ba93,93.5185%,7,101,108,71,1,6,30
0x417a8b,80%,7,28,35,28,3,4,0
0x412330,99.9813%,7,37340,37347,0,0,7,37340
0x404aa0,96.8889%,7,218,225,0,3,4,218
0x40f5a8,69.5652%,7,16,23,0,0,7,16
0x41058d,99.9407%,7,11795,11802,5899,2,5,5896
0x417aab,46.1538%,7,6,13,4,7,0,2
0x412903,99.9748%,7,27783,27790,0,0,7,27783
0x40ca7f,98.6767%,7,522,529,522,5,2,0
0x40bc57,99.5679%,7,1613,1620,0,0,7,1613
0x414055,94.0171%,7,110,117,101,3,4,9
0x4134b7,99.86%,7,4994,5001,3071,2,5,1923
0x40eb12,99.3352%,7,1046,1053,935,1,6,111
0x408a52,99.8305%,7,4124,4131,3668,4,3,456
0x402a03,61.1111%,7,11,18,10,4,3,1
0x4040f0,99.9562%,7,15977,15984,14204,4,3,1773
0x4157b6,99.9261%,7,9470,9477,6313,5,2,3157
0x40994d,99.3117%,7,1010,1017,0,6,1,1010
0x402d9c,97.4074%,7,263,270,179,1,6,84
0x41139e,99.9966%,7,203437,203444,135393,5,2,68044
0x412b1c,99.9863%,6,43655,43661,42546,4,2,1109
0x410f62,99.989%,6,54681,54687,0,0,6,54681
0x40e92a,99.4302%,6,1047,1053,934,2,4,113
0x4177a3,97.1014%,6,201,207,183,1,5,18
0x46fec2,97.8182%,6,269,275,219,1,5,50
0x40b15b,94.1176%,6,96,102,66,2,4,30
0x45c9e3,99.9557%,6,13524,13530,0,0,6,13524
0x410e52,99.9832%,6,35658,35664,23773,3,3,11885
0x40b7f2,99.9344%,6,9147,9153,8131,5,1,1016
0x409938,99.8033%,6,3045,3051,2032,2,4,1013
0x40775d,99.9157%,6,7113,7119,6323,5,1,790
0x4155fc,99.8101%,6,3153,3159,2104,2,4,1049
0x41ab81,99.9555%,6,13472,13478,0,0,6,13472
0x403015,86.6667%,6,39,45,28,2,4,11
0x41b449,99.5434%,6,1308,1314,873,3,3,435
0x405a46,96.6667%,6,174,180,0,4,2,174
0x40c9a6,92%,6,69,75,0,1,5,69
0x402942,66.6667%,6,12,18,11,3,3,1
0x4112a5,99.9915%,6,70835,70841,70835,6,0,0
0x4104b6,99.8816%,6,5060,5066,3097,2,4,1963
0x414ffe,94.8718%,6,111,117,103,1,5,8
0x406d65,96.8254%,6,183,189,178,3,3,5
0x415de5,96.8254%,6,183,189,61,2,4,122
0x4015c1,99.4302%,6,1047,1053,935,1,5,112
0x45a255,99.9557%,6,13524,13530,0,0,6,13524
0x458d75,99.9557%,6,13524,13530,0,0,6,13524
0x41069d,99.9815%,6,32383,32389,0,0,6,32383
0x412f5e,99.9942%,6,102756,102762,68503,5,1,34253
0x40d331,95.8333%,6,138,144,124,4,2,14
0x40589d,99.9671%,6,18219,18225,16196,4,2,2023
0x41789f,91.3043%,6,63,69,43,3,3,20
0x40f3dc,53.8462%,6,7,13,6,3,3,1
0x406e45,90.4762%,6,57,63,53,3,3,4
0x414625,97.4359%,6,228,234,205,3,3,23
0x40da4a,76.9231%,6,20,26,6,4,2,14
0x412e1d,99.9973%,6,221274,221280,110634,6,0,110640
0x406585,77.7778%,6,21,27,20,2,4,1
0x46fed8,89.0909%,6,49,55,39,3,3,10
0x410b2e,99.9959%,6,145969,145975,97183,3,3,48786
0x458dc9,99.9557%,6,13524,13530,13524,6,0,0
0x40a992,76%,6,19,25,2,3,3,17
0x458e0f,99.9557%,6,13524,13530,13524,6,0,0
0x4128ef,99.4516%,6,1088,1094,0,0,6,1088
0x458e39,99.9557%,6,13524,13530,0,0,6,13524
0x40588e,99.7037%,6,2019,2025,0,0,6,2019
0x40ba21,97.2603%,6,213,219,142,4,2,71
0x40d914,98.9071%,6,543,549,483,5,1,60
0x40d866,99.0859%,5,542,547,1,1,4,541
0x407ae8,98.7923%,5,409,414,367,1,4,42
0x405b1e,99.3679%,5,786,791,0,0,5,786
0x40cf0a,99.5791%,5,1183,1188,1054,2,3,129
0x41358d,99.9568%,5,11563,11568,5780,4,1,5783
0x40e460,99.916%,5,5945,5950,0,0,5,5945
0x40d8db,99.7222%,5,1795,1800,1599,1,4,196
0x411e51,99.9955%,5,110755,110760,110755,5,0,0
0x409c20,99.0157%,5,503,508,12,4,1,491
0x413281,99.9859%,5,35542,35547,35542,5,0,0
0x402842,91.8033%,5,56,61,56,3,2,0
0x412da1,99.9955%,5,110635,110640,110635,5,0,0
0x412f2c,99.9951%,5,102757,102762,0,0,5,102757
0x414025,95.7265%,5,112,117,102,2,3,10
0x46fe98,98.1818%,5,270,275,0,0,5,270
0x410a16,99.9901%,5,50277,50282,50277,5,0,0
0x405d4d,92.0635%,5,58,63,55,1,4,3
0x4056ff,88.8889%,5,40,45,36,4,1,4
0x40aada,99.9454%,5,9148,9153,8133,3,2,1015
0x41124a,99.9916%,5,59242,59247,0,0,5,59242
0x40c22e,99.7839%,5,2309,2314,0,0,5,2309
0x40c2a3,99.976%,5,20821,20826,18511,1,4,2310
0x40f3b8,61.5385%,5,8,13,0,3,2,8
0x402da1,94.4444%,5,85,90,5,1,4,80
0x40199e,99.5252%,5,1048,1053,0,0,5,1048
0x4179f0,88.0952%,5,37,42,28,1,4,9
0x4177e0,97.5845%,5,202,207,184,0,5,18
0x40f3b3,92.7536%,5,64,69,54,2,3,10
0x417904,97.3958%,5,187,192,172,1,4,15
0x40df34,88.8889%,5,40,45,40,0,5,0
0x40f6bb,44.4444%,5,4,9,1,2,3,3
0x403af3,66.6667%,5,10,15,0,2,3,10
0x41086a,99.9898%,5,48862,48867,0,0,5,48862
0x410dc1,99.986%,5,35659,35664,35659,5,0,0
0x4131de,99.9915%,5,59125,59130,39416,4,1,19709
0x40f39f,94.186%,5,81,86,60,1,4,21
0x41298f,99.9638%,5,13796,13801,1878,4,1,11918
0x413ff5,95.7265%,5,112,117,103,1,4,9
0x402102,97.7778%,5,220,225,0,2,3,220
0x458e2f,99.963%,5,13525,13530,13525,5,0,0
0x4131ac,99.9915%,5,59125,59130,0,0,5,59125
0x4141b4,87.1795%,5,34,39,25,1,4,9
0x40f002,86.4865%,5,32,37,23,2,3,9
0x41137f,99.9927%,5,68041,68046,0,0,5,68041
0x411eee,99.9955%,5,110755,110760,73835,5,0,36920
0x45c38c,99.963%,5,13525,13530,0,0,5,13525
0x40f7d4,95.9596%,4,95,99,86,2,2,9
0x414202,84.6154%,4,22,26,13,0,4,9
0x412b7d,99.9908%,4,43657,43661,0,0,4,43657
0x4179d3,96.9231%,4,126,130,0,2,2,126
0x458d97,99.9704%,4,13526,13530,0,0,4,13526
0x40302b,73.3333%,4,11,15,8,2,2,3
0x40dde9,99.3994%,4,662,666,0,0,4,662
0x40573c,91.1111%,4,41,45,40,0,4,1
0x40b226,97.5309%,4,158,162,108,0,4,50
0x405d78,20%,4,1,5,1,4,0,0
0x406e5a,42.8571%,4,3,7,1,1,3,2
0x40e936,96.5812%,4,113,117,104,0,4,9
0x4055be,95.5556%,4,86,90,79,1,3,7
0x40288f,77.7778%,4,14,18,14,2,2,0
0x40e71d,99.9333%,4,5990,5994,5328,0,4,662
0x4156eb,99.8734%,4,3155,3159,0,0,4,3155
0x40496a,98.2222%,4,221,225,0,0,4,221
0x458e3e,99.9704%,4,13526,13530,13526,4,0,0
0x415107,96.5812%,4,113,117,102,2,2,11
0x40ef03,63.6364%,4,7,11,0,2,2,7
0x40f1da,97.2222%,4,140,144,127,1,3,13
0x40f5ec,55.5556%,4,5,9,0,3,1,5
0x4173d4,69.2308%,4,9,13,9,0,4,0
0x40f6c6,33.3333%,4,2,6,1,2,2,1
0x405a0a,97.7778%,4,176,180,0,0,4,176
0x40b975,97.4843%,4,155,159,155,2,2,0
0x415c10,93.6508%,4,59,63,0,0,4,59
0x410cca,99.9927%,4,54761,54765,0,0,4,54761
0x40acef,99.6067%,4,1013,1017,0,0,4,1013
0x45c37b,99.9704%,4,13526,13530,13526,4,0,0
0x411631,99.996%,4,101006,101010,101006,4,0,0
0x403111,91.1111%,4,41,45,39,1,3,2
0x40ca20,99.5758%,4,939,943,0,1,3,939
0x40da23,84.6154%,4,22,26,0,0,4,22
0x40bae1,97.7778%,4,176,180,159,1,3,17
0x40ba30,95.0617%,4,77,81,41,4,0,36
0x40ff91,99.9748%,4,15899,15903,0,0,4,15899
0x403290,73.3333%,4,11,15,8,2,2,3
0x45a86d,99.9704%,4,13526,13530,13526,4,0,0
0x4174d4,88.8889%,4,32,36,32,0,4,0
0x4173dd,0%,4,0,4,0,4,0,0
0x41343d,99.982%,4,22172,22176,11085,3,1,11087
0x411bdb,99.4021%,4,665,669,0,0,4,665
0x41b25d,98.6301%,4,288,292,145,1,3,143
0x40efa7,98.8166%,4,334,338,225,1,3,109
0x401aef,96.5812%,4,113,117,103,1,3,10
0x46fe2a,92.7273%,4,51,55,39,3,1,12
0x40655a,73.3333%,4,11,15,11,1,3,0
0x4175a4,88.8889%,4,32,36,32,0,4,0
0x41330e,99.9887%,4,35543,35547,23698,0,4,11845
0x40f315,82.6087%,4,19,23,7,1,3,12
0x417931,97.9452%,3,143,146,131,0,3,12
0x4031f5,80%,3,12,15,9,1,2,3
0x40219c,99.7434%,3,1166,1169,0,0,3,1166
0x413511,99.9481%,3,5781,5784,5781,3,0,0
0x40469d,83.3333%,3,15,18,15,1,2,0
0x4116c2,99.997%,3,101007,101010,67338,2,1,33669
0x4063f0,99.6099%,3,766,769,0,0,3,766
0x41344e,99.9729%,3,11085,11088,7391,1,2,3694
0x4064e7,98.2143%,3,165,168,163,0,3,2
0x4079ad,99.9475%,3,5712,5715,5079,1,2,633
0x40b8fd,94.3396%,3,50,53,0,0,3,50
0x40571c,93.3333%,3,42,45,39,1,2,3
0x408a81,99.0798%,3,323,326,318,0,3,5
0x40aa14,99.8148%,3,1617,1620,0,0,3,1617
0x402971,83.3333%,3,15,18,15,1,2,0
0x413a10,88.4615%,3,23,26,0,0,3,23
0x41247a,99.9892%,3,27866,27869,0,0,3,27866
0x4132d8,99.9916%,3,35544,35547,0,0,3,35544
0x458da8,99.9778%,3,13527,13530,0,0,3,13527
0x40d66e,99.7175%,3,1059,1062,943,1,2,116
0x412821,81.25%,3,13,16,1,2,1,12
0x4152f8,99.7151%,3,1050,1053,0,0,3,1050
0x40f5ff,50%,3,3,6,1,2,1,2
0x45a275,99.9778%,3,13527,13530,0,0,3,13527
0x46fe6e,94.5455%,3,52,55,0,0,3,52
0x40b986,98.1132%,3,156,159,105,1,2,51
0x40dd9d,95.9459%,3,71,74,0,0,3,71
0x40ef18,57.1429%,3,4,7,0,2,1,4
0x45a20a,99.9778%,3,13527,13530,0,0,3,13527
0x45c3ac,99.9778%,3,13527,13530,13527,3,0,0
0x4030bf,80%,3,12,15,9,1,2,3
0x40d001,97.7273%,3,129,132,0,0,3,129
0x4111e1,99.9949%,3,59244,59247,59244,3,0,0
0x402950,83.3333%,3,15,18,15,1,2,0
0x41b3c3,99.7717%,3,1311,1314,1167,1,2,144
0x413619,88.4615%,3,23,26,11,2,1,12
0x4140b8,92.3077%,3,36,39,25,1,2,11
0x413c8f,96.1538%,3,75,78,50,2,1,25
0x4029c1,83.3333%,3,15,18,15,1,2,0
0x40d566,97.1154%,3,101,104,0,1,2,101
0x40eb0d,97.4359%,3,114,117,0,0,3,114
0x41afe7,97.9452%,3,143,146,143,3,0,0
0x415548,99.905%,3,3156,3159,0,0,3,3156
0x4155bf,99.905%,3,3156,3159,0,0,3,3156
0x45c3bb,99.9778%,3,13527,13530,0,0,3,13527
0x4045e0,85.7143%,3,18,21,17,2,1,1
0x402ece,96.2025%,3,76,79,74,0,3,2
0x4105c3,99.9912%,3,34007,34010,34007,3,0,0
0x408410,99.6207%,3,788,791,0,0,3,788
0x40465d,83.3333%,3,15,18,15,1,2,0
0x46fe4f,94.2308%,3,49,52,39,0,3,10
0x413151,99.9949%,3,59127,59130,59127,3,0,0
0x406e51,57.1429%,3,4,7,3,2,1,1
0x40b0a6,98.2759%,3,171,174,115,1,2,56
0x405ca7,98.0645%,3,152,155,148,0,3,4
0x406564,62.5%,3,5,8,0,3,0,5
0x41a53e,88.4615%,3,23,26,0,0,3,23
0x4146ca,98.7179%,3,231,234,155,1,2,76
0x40f01d,75%,3,9,12,9,0,3,0
0x40f3d1,80%,3,12,15,0,2,1,12
0x40afde,95.8904%,3,70,73,0,0,3,70
0x40f446,92.6829%,3,38,41,0,0,3,38
0x402a11,83.3333%,3,15,18,15,1,2,0
0x409da6,99.187%,3,366,369,327,1,2,39
0x46fdfa,99.7955%,2,976,978,976,2,0,0
0x4031d6,95.5556%,2,43,45,29,1,1,14
0x408a04,99.5643%,2,457,459,457,2,0,0
0x41a594,92.3077%,2,24,26,0,0,2,24
0x40f3eb,50%,2,2,4,0,1,1,2
0x46fdbc,99.7955%,2,976,978,976,2,0,0
0x4040ae,99.8874%,2,1774,1776,0,0,2,1774
0x402f3f,95.5556%,2,43,45,40,0,2,3
0x41a512,92.3077%,2,24,26,0,0,2,24
0x41a4c0,92.3077%,2,24,26,24,2,0,0
0x407a92,99.5833%,2,478,480,2,2,0,476
0x411d56,99.7685%,2,862,864,0,0,2,862
0x41056d,99.9661%,2,5899,5901,0,0,2,5899
0x414135,94.8718%,2,37,39,25,1,1,12
0x41ac79,99.9936%,2,31250,31252,31250,2,0,0
0x40da73,98.6111%,2,142,144,128,0,2,14
0x406e6a,60%,2,3,5,3,2,0,0
0x409ba4,99.9065%,2,2136,2138,0,0,2,2136
0x405d67,75%,2,6,8,1,2,0,5
0x41abd9,99.9852%,2,13476,13478,0,0,2,13476
0x458d63,99.9852%,2,13528,13530,0,0,2,13528
0x402688,99.1111%,2,223,225,0,0,2,223
0x40b186,98.0392%,2,100,102,68,0,2,32
0x40ecae,94.8718%,2,37,39,0,0,2,37
0x40bf2a,99.9136%,2,2312,2314,0,0,2,2312
0x4035c3,99.8879%,2,1782,1784,0,0,2,1782
0x40631e,98.8889%,2,178,180,0,0,2,178
0x401f1b,99.6997%,2,664,666,0,0,2,664
0x40351d,99.1111%,2,223,225,0,0,2,223
0x41aaec,99.9852%,2,13476,13478,0,0,2,13476
0x410689,99.3902%,2,326,328,0,0,2,326
0x401d08,99.1903%,2,245,247,0,0,2,245
0x40b198,97.2603%,2,71,73,18,1,1,53
0x414e6e,98.2906%,2,115,117,103,1,1,12
0x41b59e,98.6301%,2,144,146,0,0,2,144
0x41b015,98.6301%,2,144,146,0,0,2,144
0x415813,98.8372%,2,170,172,0,0,2,170
0x41b2b6,98.6301%,2,144,146,144,2,0,0
0x40bcc9,99.9525%,2,4205,4207,0,0,2,4205
0x40c2cf,99.9136%,2,2312,2314,0,0,2,2312
0x4177d3,99.0338%,2,205,207,0,0,2,205
0x405429,81.8182%,2,9,11,0,1,1,9
0x414270,98.2906%,2,115,117,104,0,2,11
0x4179e3,98.4375%,2,126,128,86,0,2,40
0x409ced,99.8058%,2,1028,1030,0,0,2,1028
0x41ac15,99.9852%,2,13476,13478,0,0,2,13476
0x41b506,98.6301%,2,144,146,144,2,0,0
0x401b16,98.2906%,2,115,117,0,0,2,115
0x45c9ec,99.9852%,2,13528,13530,13528,2,0,0
0x405d59,71.4286%,2,5,7,3,1,1,2
0x4013dd,98.4848%,2,130,132,0,0,2,130
0x415da7,98.9418%,2,187,189,125,1,1,62
0x41774a,91.3043%,2,21,23,21,2,0,0
0x4109b0,99.9822%,2,11203,11205,0,0,2,11203
0x40e74b,94.4444%,2,34,36,0,0,2,34
0x412a20,99.9944%,2,35755,35757,0,0,2,35755
0x417792,99.0338%,2,205,207,0,0,2,205
0x41197a,99.9979%,2,97136,97138,0,0,2,97136
0x458dba,99.9852%,2,13528,13530,0,0,2,13528
0x40b849,99.8033%,2,1015,1017,0,1,1,1015
0x41b5a8,98.6301%,2,144,146,0,0,2,144
0x40e88d,98.2906%,2,115,117,0,0,2,115
0x45a235,99.9852%,2,13528,13530,0,0,2,13528
0x41a667,92.3077%,2,24,26,24,2,0,0
0x409912,99.9344%,2,3049,3051,0,0,2,3049
0x4125f2,99.9944%,2,35875,35877,23916,2,0,11959
0x45c3d0,99.9852%,2,13528,13530,0,0,2,13528
0x41b00c,98.6301%,2,144,146,0,0,2,144
0x40561d,97.7778%,2,88,90,80,0,2,8
0x40f3bd,80%,2,8,10,0,0,2,8
0x41b15e,99.3151%,1,145,146,0,0,1,145
0x41ab24,99.9926%,1,13477,13478,13477,1,0,0
0x415670,99.905%,1,1052,1053,0,0,1,1052
0x40ae85,99.9017%,1,1016,1017,0,0,1,1016
0x40ea44,98.3607%,1,60,61,0,0,1,60
0x403376,96%,1,24,25,0,0,1,24
0x406abd,99.9017%,1,1016,1017,0,0,1,1016
0x40b398,99.9017%,1,1016,1017,0,0,1,1016
0x40e17e,99.9831%,1,5924,5925,0,0,1,5924
0x402d0d,98.8889%,1,89,90,0,0,1,89
0x41b4e4,99.9144%,1,1167,1168,1167,1,0,0
0x403423,96%,1,24,25,0,0,1,24
0x458de7,99.9926%,1,13529,13530,0,0,1,13529
0x4031b9,93.3333%,1,14,15,0,0,1,14
0x45c9d3,99.9926%,1,13529,13530,0,0,1,13529
0x41739b,92.3077%,1,12,13,0,0,1,12
0x40ce88,99.8932%,1,935,936,0,0,1,935
0x40198b,99.1453%,1,116,117,0,0,1,116
0x40e6b0,98.6486%,1,73,74,73,1,0,0
0x4087f8,99.87%,1,768,769,0,0,1,768
0x40883c,99.87%,1,768,769,0,0,1,768
0x4086b8,99.4444%,1,179,180,0,0,1,179
0x415bf8,98.4127%,1,62,63,62,1,0,0
0x40e898,99.905%,1,1052,1053,0,0,1,1052
0x4045cf,95.2381%,1,20,21,0,1,0,20
0x408ba7,98.1481%,1,53,54,0,0,1,53
0x40e984,98.6486%,1,73,74,0,0,1,73
0x40e9d8,99.8498%,1,665,666,0,0,1,665
0x407606,99.4444%,1,179,180,0,0,1,179
0x40eac7,99.1453%,1,116,117,0,0,1,116
0x403b0a,93.3333%,1,14,15,14,1,0,0
0x401394,99.2424%,1,131,132,0,0,1,131
0x407922,99.8447%,1,643,644,0,0,1,643
0x4097f3,99.9017%,1,1016,1017,0,0,1,1016
0x40e705,99.8498%,1,665,666,0,0,1,665
0x4014d7,99.7475%,1,395,396,0,0,1,395
0x40f6e7,66.6667%,1,2,3,2,0,1,0
0x40aade,99.9017%,1,1016,1017,0,0,1,1016
0x40a95c,99.9506%,1,2024,2025,0,0,1,2024
0x41b4df,99.7717%,1,437,438,145,1,0,292
0x40cb72,96%,1,24,25,0,0,1,24
0x40541f,90.9091%,1,10,11,0,0,1,10
0x40497f,99.5556%,1,224,225,0,0,1,224
0x4174dd,75%,1,3,4,3,1,0,0
0x4109dd,99.9955%,1,22409,22410,11205,0,1,11204
0x40e25c,99.4318%,1,175,176,175,1,0,0
0x40e8d2,92.3077%,1,12,13,0,0,1,12
0x40742e,99.9506%,1,2024,2025,0,0,1,2024
0x4028b4,50%,1,1,2,0,0,1,1
0x402900,94.4444%,1,17,18,15,1,0,2
0x40297e,50%,1,1,2,0,0,1,1
0x408b4b,99.7487%,1,397,398,0,1,0,397
0x406b57,99.9011%,1,1010,1011,0,0,1,1010
0x45c3d5,99.9926%,1,13529,13530,0,0,1,13529
0x40b045,98.2759%,1,57,58,0,0,1,57
0x417a22,92.3077%,1,12,13,0,0,1,12
0x40b9fe,99.5434%,1,218,219,146,0,1,72
0x40a8f6,96%,1,24,25,0,0,1,24
0x40da78,93.75%,1,15,16,15,1,0,0
0x40f6d0,66.6667%,1,2,3,0,0,1,2
0x40f6da,66.6667%,1,2,3,0,0,1,2
0x4045fd,50%,1,1,2,1,1,0,0
0x417aca,50%,1,1,2,1,1,0,0
0x40ea8d,98.3607%,1,60,61,0,0,1,60
0x40ce17,99.0385%,1,103,104,0,0,1,103
0x410504,99.9831%,1,5900,5901,5900,1,0,0
0x415cdf,99.4709%,1,188,189,0,0,1,188
0x4133c1,99.991%,1,11087,11088,11087,1,0,0
0x40eb72,92.3077%,1,12,13,12,1,0,0
0x414a06,96.1538%,1,25,26,0,0,1,25
0x415016,92.3077%,1,12,13,12,1,0,0
0x41235d,99.9987%,1,74693,74694,37346,1,0,37347
0x41578e,99.9683%,1,3158,3159,0,0,1,3158
0x41afa6,99.3151%,1,145,146,0,0,1,145
0x4125b0,99.9972%,1,35876,35877,0,0,1,35876
0x4046b5,50%,1,1,2,0,0,1,1
0x415435,99.905%,1,1052,1053,0,0,1,1052
0x41b0d7,99.3151%,1,145,146,0,0,1,145
0x41b124,99.3151%,1,145,146,145,1,0,0
0x41309e,99.999%,1,100892,100893,67261,1,0,33631
0x41b16f,99.3151%,1,145,146,0,0,1,145
0x41b181,99.3151%,1,145,146,145,1,0,0
0x415db0,98.4127%,1,62,63,62,1,0,0
0x41b1d8,99.3151%,1,145,146,0,0,1,145
0x40f3a9,94.1176%,1,16,17,16,1,0,0
0x41b178,99.3151%,1,145,146,0,0,1,145
0x4056cd,97.7778%,1,44,45,40,0,1,4
0x41b46f,99.7717%,1,437,438,0,0,1,437
0x40eefc,91.6667%,1,11,12,0,1,0,11
0x408b38,99.4792%,1,191,192,0,0,1,191
0x413629,92.3077%,1,12,13,0,0,1,12
0x40eef6,92.3077%,1,12,13,0,1,0,12
0x410f4b,99.7222%,1,359,360,0,0,1,359
0x40c623,99.9582%,1,2390,2391,0,0,1,2390
0x40b73d,99.9017%,1,1016,1017,0,0,1,1016
0x46fdd3,99.8978%,1,977,978,0,0,1,977
0x401cbf,99.5951%,1,246,247,0,0,1,246
0x40e44b,99.9832%,1,5949,5950,0,0,1,5949
0x40b5a7,99.9017%,1,1016,1017,0,0,1,1016
0x414c85,96.1538%,1,25,26,0,0,1,25
0x411fc9,99.8788%,1,824,825,0,0,1,824
0x40af91,99.9017%,1,1016,1017,0,0,1,1016
0x40e5fc,98.0392%,1,50,51,50,1,0,0
0x405513,90%,1,9,10,9,1,0,0
0x412466,99.9117%,1,1132,1133,0,0,1,1132
0x40f3f5,66.6667%,1,2,3,2,0,1,0
0x404f46,98.6301%,1,72,73,0,0,1,72
0x412712,93.75%,1,15,16,0,0,1,15
0x40b2cf,99.9383%,1,1619,1620,0,0,1,1619
0x410856,99.768%,1,430,431,0,0,1,430
0x41a5b1,96.1538%,1,25,26,0,0,1,25
0x40af66,99.9017%,1,1016,1017,0,0,1,1016
0x40193f,92.3077%,1,12,13,0,0,1,12
0x40563c,80%,1,4,5,0,0,1,4
0x41a5a2,96.1538%,1,25,26,25,1,0,0
0x4141ca,92.3077%,1,12,13,12,1,0,0
0x46fde4,99.8978%,1,977,978,41,1,0,936
0x4117ab,99.8878%,1,890,891,0,0,1,890
0x41a530,96.1538%,1,25,26,0,0,1,25
0x413640,96.1538%,1,25,26,0,0,1,25
0x41b22e,99.3151%,1,145,146,145,1,0,0
0x410aeb,99.7449%,1,391,392,0,0,1,391
0x40f583,93.3333%,1,14,15,14,1,0,0
0x412ac8,99.9978%,1,44766,44767,0,0,1,44766
0x46fdac,99.8978%,1,977,978,977,1,0,0
0x40ef10,85.7143%,1,6,7,0,0,1,6
0x40ef09,88.8889%,1,8,9,1,1,0,7
0x413770,96.1538%,1,25,26,0,0,1,25
0x40eab8,92.3077%,1,12,13,0,0,1,12
0x41b2ab,99.3151%,1,145,146,0,0,1,145
0x40dfee,99.983%,1,5895,5896,0,0,1,5895
0x4179c4,97.7273%,1,43,44,0,0,1,43
0x402c5c,99.9242%,1,1319,1320,0,0,1,1319
0x40ac6a,99.9017%,1,1016,1017,0,0,1,1016
0x413f9b,92.3077%,1,12,13,12,1,0,0
0x40c35d,99.9672%,1,3050,3051,0,0,1,3050
0x40d546,99.0385%,1,103,104,0,0,1,103
0x405672,80%,1,4,5,4,1,0,0
0x417872,98.5507%,1,68,69,0,0,1,68
0x40ece2,99.1228%,1,113,114,0,0,1,113
0x402f6e,80%,1,4,5,0,0,1,4
0x4109f2,99.9911%,1,11204,11205,7469,1,0,3735
0x413fa9,92.3077%,1,12,13,0,0,1,12
0x41552b,100%,0,3159,3159,0,0,0,3159
0x415dd8,100%,0,189,189,0,0,0,189
0x417424,100%,0,4,4,0,0,0,4
0x41b0e0,100%,0,146,146,0,0,0,146
0x41470a,100%,0,78,78,0,0,0,78
0x412b69,100%,0,1111,1111,0,0,0,1111
0x41795b,100%,0,15,15,0,0,0,15
0x41a615,100%,0,234,234,0,0,0,234
0x414726,100%,0,78,78,0,0,0,78
0x415cbb,100%,0,189,189,0,0,0,189
0x415b4a,100%,0,63,63,63,0,0,0
0x4159e0,100%,0,63,63,0,0,0,63
0x40eb54,100%,0,117,117,0,0,0,117
0x401f30,100%,0,5994,5994,0,0,0,5994
0x41afda,100%,0,146,146,146,0,0,0
0x4073bd,100%,0,25,25,0,0,0,25
0x405879,100%,0,225,225,0,0,0,225
0x411966,100%,0,708,708,0,0,0,708
0x411526,100%,0,930,930,0,0,0,930
0x40c889,100%,0,2391,2391,0,0,0,2391
0x4157d5,100%,0,1053,1053,0,0,0,1053
0x41af9a,100%,0,146,146,0,0,0,146
0x415d63,100%,0,189,189,0,0,0,189
0x415707,100%,0,3159,3159,0,0,0,3159
0x40d5df,100%,0,927,927,0,0,0,927
0x40df0d,100%,0,5,5,0,0,0,5
0x41768b,100%,0,23,23,23,0,0,0
0x40e5ba,100%,0,80,80,0,0,0,80
0x40e59e,100%,0,29,29,0,0,0,29
0x412176,100%,0,1150,1150,0,0,0,1150
0x417806,100%,0,23,23,0,0,0,23
0x410406,100%,0,367,367,0,0,0,367
0x407413,100%,0,225,225,0,0,0,225
0x40cbd8,100%,0,2025,2025,0,0,0,2025
0x417a0c,100%,0,13,13,0,0,0,13
0x406507,100%,0,5,5,0,0,0,5
0x40eaa1,100%,0,67,67,67,0,0,0
0x40534a,100%,0,73,73,0,0,0,73
0x4173bc,100%,0,13,13,0,0,0,13
0x40d127,100%,0,610,610,0,0,0,610
0x40aa69,100%,0,1017,1017,0,0,0,1017
0x40f60f,100%,0,3,3,1,0,0,2
0x417882,100%,0,207,207,0,0,0,207
0x401b08,100%,0,13,13,0,0,0,13
0x4022b1,100%,0,17,17,17,0,0,0
0x41136b,100%,0,694,694,0,0,0,694
0x40e752,100%,0,36,36,0,0,0,36
0x409dab,100%,0,41,41,0,0,0,41
0x413cc5,100%,0,13,13,0,0,0,13
0x41a475,100%,0,26,26,0,0,0,26
0x41a4bb,100%,0,26,26,0,0,0,26
0x41b116,100%,0,146,146,146,0,0,0
0x40d31a,100%,0,16,16,0,0,0,16
0x41a522,100%,0,26,26,0,0,0,26
0x406575,100%,0,5,5,5,0,0,0
0x41b3d7,100%,0,146,146,146,0,0,0
0x40b9a6,100%,0,73,73,0,0,0,73
0x41059e,100%,0,5901,5901,3934,0,0,1967
0x40b1a9,100%,0,54,54,0,0,0,54
0x408452,100%,0,791,791,791,0,0,0
0x41b26f,100%,0,146,146,146,0,0,0
0x41b281,100%,0,146,146,146,0,0,0
0x40f402,100%,0,1,1,0,0,0,1
0x4079c7,100%,0,140,140,0,0,0,140
0x407a7e,100%,0,215,215,0,0,0,215
0x407aed,100%,0,46,46,0,0,0,46
0x4149e1,100%,0,26,26,0,0,0,26
0x41b4b7,100%,0,146,146,146,0,0,0
0x40f258,100%,0,273,273,0,0,0,273
0x413795,100%,0,26,26,0,0,0,26
0x40ba41,100%,0,36,36,0,0,0,36
0x40e9e3,100%,0,5994,5994,0,0,0,5994
0x40e91b,100%,0,117,117,0,0,0,117
0x41b348,100%,0,146,146,0,0,0,146
0x401dbd,100%,0,741,741,0,0,0,741
0x4098af,100%,0,1017,1017,0,0,0,1017
0x408a96,100%,0,153,153,0,0,0,153
0x40eacf,100%,0,1053,1053,0,0,0,1053
0x40e81e,100%,0,13,13,0,0,0,13
0x40e0f5,100%,0,190,190,190,0,0,0
0x41a558,100%,0,26,26,0,0,0,26
0x40a94c,100%,0,225,225,0,0,0,225
0x401325,100%,0,132,132,0,0,0,132
0x40311e,100%,0,5,5,0,0,0,5
0x45a30d,100%,0,13530,13530,0,0,0,13530
0x40da5c,100%,0,16,16,0,0,0,16
0x46fe67,100%,0,55,55,0,0,0,55
0x403266,100%,0,15,15,0,0,0,15
0x40b896,100%,0,81,81,0,0,0,81
0x405caf,100%,0,7,7,0,0,0,7
0x401456,100%,0,132,132,0,0,0,132
0x412561,100%,0,35877,35877,35877,0,0,0
0x416240,100%,0,13,13,0,0,0,13
0x41b01e,100%,0,146,146,146,0,0,0
0x41359e,100%,0,5784,5784,3856,0,0,1928
0x40c927,100%,0,2391,2391,0,0,0,2391
0x40d2da,100%,0,29,29,0,0,0,29
0x40bfcb,100%,0,2314,2314,0,0,0,2314
0x40e783,100%,0,324,324,0,0,0,324
0x40c33a,100%,0,1017,1017,0,0,0,1017
0x401eb4,100%,0,74,74,0,0,0,74
0x40c57a,100%,0,2391,2391,0,0,0,2391
0x4110f6,100%,0,733,733,0,0,0,733
0x40cdff,100%,0,104,104,0,0,0,104
0x413b86,100%,0,78,78,0,0,0,78
0x405823,100%,0,25,25,0,0,0,25
0x40bd0d,100%,0,3051,3051,0,0,0,3051
0x40401c,100%,0,225,225,0,0,0,225
0x410cb6,100%,0,399,399,0,0,0,399
0x4148bc,100%,0,26,26,0,0,0,26
0x40d336,100%,0,16,16,16,0,0,0
0x4173a4,100%,0,13,13,0,0,0,13
0x40cbc8,100%,0,225,225,0,0,0,225
0x40d761,100%,0,118,118,0,0,0,118
0x41482e,100%,0,78,78,52,0,0,26
0x40eb00,100%,0,13,13,0,0,0,13
0x412372,100%,0,37347,37347,24898,0,0,12449
0x458d59,100%,0,13530,13530,0,0,0,13530
0x4020bb,100%,0,225,225,0,0,0,225
0x41b250,100%,0,292,292,0,0,0,292
0x409845,100%,0,1017,1017,0,0,0,1017
0x41ab0a,100%,0,13478,13478,0,0,0,13478
0x412c51,100%,0,37227,37227,37227,0,0,0
0x4154b6,100%,0,1053,1053,0,0,0,1053
0x40b324,100%,0,1017,1017,0,0,0,1017
0x4033d1,100%,0,2025,2025,0,0,0,2025
0x40eb20,100%,0,13,13,0,0,0,13
0x40b0fc,100%,0,34,34,0,0,0,34
0x4033bb,100%,0,225,225,0,0,0,225
0x402754,100%,0,1173,1173,0,0,0,1173
0x4046ad,100%,0,2,2,0,0,0,2
0x401d72,100%,0,247,247,0,0,0,247
0x40b522,100%,0,1017,1017,0,0,0,1017
0x40b81e,100%,0,1017,1017,0,0,0,1017
0x41b596,100%,0,146,146,0,0,0,146
0x413566,100%,0,5784,5784,0,0,0,5784
