Branch PC,Accuracy,Mispredictions,Correct Predictions,Total,dir_t_pred_t,dir_t_pred_nt,dir_nt_pred_t,dir_nt_pred_nt
aggregate,99.5471%,131482,28900494,29031976,18840043,56729,74753,10060451
0x41ac73,99.1729%,16113,1932115,1948228,1741370,8810,7303,190745
0x41ae23,99.3327%,10506,1563804,1574310,1491394,2770,7736,72410
0x411cdb,97.1533%,7360,251184,258544,229902,2610,4750,21282
0x411480,97.9213%,4739,223242,227981,195122,1867,2872,28120
0x4120ef,97.9561%,4509,216094,220603,203549,1636,2873,12545
0x41104e,97.504%,3948,154228,158176,129556,1473,2475,24672
0x40f2d5,87.4627%,2687,18745,21432,17094,721,1966,1651
0x412633,96.2521%,2501,64229,66730,9209,1398,1103,55020
0x410794,97.5964%,2210,89735,91945,76418,950,1260,13317
0x4118ce,98.0385%,2005,100212,102217,71074,807,1198,29138
0x409d02,90.9087%,1937,19369,21306,6325,1094,843,13044
0x412e6e,99.327%,1737,256373,258110,227538,670,1067,28835
0x40f66f,94.9919%,1710,32435,34145,27897,508,1202,4538
0x412d38,99.261%,1627,218542,220169,193904,667,960,24638
0x40ee5c,89.4054%,1559,13156,14715,11792,469,1090,1364
0x412fb0,98.5233%,1503,100280,101783,70439,786,717,29841
0x4130f0,99.3496%,1480,226067,227547,200218,616,864,25849
0x4123df,90.6408%,1443,13975,15418,8122,828,615,5853
0x409d27,91.973%,1417,16236,17653,6485,809,608,9751
0x41321e,99.1816%,1291,156451,157742,139774,571,720,16677
0x410341,97.3509%,1278,46964,48242,10144,682,596,36820
0x410c08,96.941%,1195,37870,39065,20774,460,735,17096
0x41acba,99.9438%,1095,1947133,1948228,1524314,433,662,422819
0x407968,87.79%,1042,7492,8534,2939,644,398,4553
0x40f567,94.281%,1040,17145,18185,16945,132,908,200
0x40f685,83.2927%,959,4781,5740,3498,348,611,1283
0x409b47,96.8373%,912,27924,28836,13014,334,578,14910
0x409b7f,94.1568%,905,14583,15488,3955,543,362,10628
0x409cc8,91.7097%,882,9757,10639,2626,487,395,7131
0x40bdac,95.0892%,867,16788,17655,3171,589,278,13617
0x409bbc,92.6297%,810,10180,10990,7795,294,516,2385
0x40b308,98.8451%,741,63420,64161,1826,510,231,61594
0x4134a1,99.2056%,727,90784,91511,80808,311,416,9976
0x40aa4d,98.9054%,706,63792,64498,1828,503,203,61964
0x406cc6,95.0261%,706,13488,14194,3738,399,307,9750
0x40bcce,98.9249%,695,63952,64647,1890,432,263,62062
0x415803,87.9466%,668,4874,5542,3451,273,395,1423
0x40f41e,90.7749%,656,6455,7111,5318,249,407,1137
0x40c0b8,96.3861%,638,17016,17654,13705,189,449,3311
0x4097ea,92.3115%,629,7552,8181,1921,392,237,5631
0x409c9f,96.938%,606,19185,19791,8918,234,372,10267
0x40f2eb,84.5452%,559,3058,3617,2859,155,404,199
0x406c9b,97.919%,554,26068,26622,12230,198,356,13838
0x409965,90.593%,552,5316,5868,4642,158,394,674
0x40f39a,92.2547%,551,6563,7114,6401,93,458,162
0x40c713,96.9295%,542,17110,17652,14188,153,389,2922
0x40c3fc,96.9805%,533,17119,17652,2975,336,197,14144
0x4135e8,98.9165%,518,47290,47808,41967,252,266,5323
0x406a70,93.6805%,517,7664,8181,2047,266,251,5617
0x408b40,90.2043%,513,4724,5237,1231,297,216,3493
0x4157fb,90.2619%,502,4653,5155,1101,330,172,3552
0x40de8a,97.9912%,480,23415,23895,6117,292,188,17298
0x4078de,90.598%,478,4606,5084,1205,290,188,3401
0x408b5a,90.3776%,474,4452,4926,1200,264,210,3252
0x404bfc,94.7697%,469,8498,8967,7763,164,305,735
0x40840b,92.6921%,465,5898,6363,1528,269,196,4370
0x406b90,92.1609%,460,5408,5868,4747,135,325,661
0x401ce3,96.1714%,419,10525,10944,3295,276,143,7230
0x4087ef,93.5565%,410,5953,6363,1622,267,143,4331
0x407765,91.2396%,400,4166,4566,747,242,158,3419
0x401d33,96.3724%,397,10547,10944,3144,284,113,7403
0x4040f5,95.6294%,393,8599,8992,8367,84,309,232
0x407a87,84.2857%,385,2065,2450,768,222,163,1297
0x4089f0,90.3671%,370,3471,3841,1071,196,174,2400
0x403608,95.9%,369,8631,9000,8327,94,275,304
0x408879,91.9982%,358,4116,4474,3439,118,240,677
0x408a57,86.4025%,350,2224,2574,1746,134,216,478
0x405b65,92.3784%,348,4218,4566,3518,136,212,700
0x40645c,92.3111%,344,4130,4474,3519,113,231,611
0x402c4d,96.6025%,344,9781,10125,2596,226,118,7185
0x413360,99.1251%,338,38293,38631,24330,158,180,13963
0x40218b,96.2444%,338,8662,9000,2237,222,116,6425
0x405b15,94.7666%,333,6030,6363,1583,214,119,4447
0x402745,96.3222%,331,8669,9000,2372,183,148,6297
0x405c10,92.9475%,329,4336,4665,1173,187,142,3163
0x40ee0e,98.5182%,327,21741,22068,7093,156,171,14648
0x4063e7,94.8923%,325,6038,6363,1687,202,123,4351
0x407aa0,86.3575%,303,1918,2221,823,161,142,1095
0x4083d5,94.2958%,290,4794,5084,3973,122,168,821
0x40eee3,83.8384%,288,1494,1782,1379,105,183,115
0x40ee7c,88.6308%,279,2175,2454,2094,62,217,81
0x408a76,84.8964%,277,1557,1834,525,156,121,1032
0x406482,92.2419%,272,3234,3506,1029,139,133,2205
0x409c15,91.5873%,265,2885,3150,559,174,91,2326
0x409dc4,98.6812%,261,19530,19791,17501,91,170,2029
0x40f692,86.3252%,259,1635,1894,1443,52,207,192
0x407a57,84.2627%,254,1360,1614,460,158,96,900
0x408b14,88.4177%,254,1939,2193,542,123,131,1397
0x409d5f,96.5725%,250,7044,7294,6202,93,157,842
0x4064c2,89.7348%,240,2098,2338,1684,73,167,414
0x401dc4,97.8253%,238,10706,10944,7745,106,132,2961
0x40d884,78.0148%,237,841,1078,158,156,81,683
0x40689c,93.2687%,236,3270,3506,2579,85,151,691
0x40ced6,95.0427%,232,4448,4680,4293,51,181,155
0x40950d,94.012%,230,3611,3841,2841,83,147,770
0x40d632,95.1446%,225,4409,4634,4321,41,184,88
0x40738b,97.3475%,217,7964,8181,7227,45,172,737
0x40d145,84.4802%,212,1154,1366,237,134,78,917
0x415138,95.9298%,211,4973,5184,3681,66,145,1292
0x4064d8,86.9565%,210,1400,1610,458,111,99,942
0x404d3c,93.9994%,209,3274,3483,2895,88,121,379
0x4061a4,95.7342%,199,4466,4665,3686,67,132,780
0x406d2d,93.3243%,197,2754,2951,2207,74,123,547
0x4079b2,94.6693%,191,3392,3583,213,131,60,3179
0x40f432,87.6943%,190,1354,1544,1259,51,139,95
0x40564b,94.711%,183,3277,3460,2366,77,106,911
0x406c35,97.9716%,180,8694,8874,5823,93,87,2871
0x40d89e,76.5707%,179,585,764,129,112,67,456
0x406d49,93.1748%,178,2430,2608,414,116,62,2016
0x409acd,98.1586%,177,9435,9612,6309,99,78,3126
0x416203,96.644%,173,4982,5155,4558,25,148,424
0x40eec7,93.7523%,167,2506,2673,764,69,98,1742
0x408bb9,92.3849%,167,2026,2193,1469,43,124,557
0x409c5b,97.5595%,161,6436,6597,4306,92,69,2130
0x405c52,95.1891%,159,3146,3305,2971,51,108,175
0x40f593,84.0717%,151,797,948,748,34,117,49
0x41ad1f,99.9796%,147,721166,721313,641101,67,80,80065
0x406dfc,93.1872%,143,1956,2099,627,73,70,1329
0x4084d5,97.7841%,141,6222,6363,5421,33,108,801
0x40d37d,89.6779%,141,1225,1366,982,48,93,243
0x4046f4,91.0657%,140,1427,1567,968,60,80,459
0x407aff,91.4498%,138,1476,1614,1206,64,74,270
0x40f578,87.8159%,135,973,1108,801,55,80,172
0x40d15f,86.5327%,134,861,995,151,97,37,710
0x402e51,88.6364%,130,1014,1144,258,79,51,756
0x406ced,98.7173%,129,9928,10057,7050,56,73,2878
0x409574,98.0041%,127,6236,6363,5423,31,96,813
0x408b81,91.735%,121,1343,1464,1164,27,94,179
0x40bfff,99.3203%,120,17535,17655,11721,49,71,5814
0x403c3c,92.5439%,119,1477,1596,955,62,57,522
0x40a88e,98.5454%,119,8062,8181,7238,34,85,824
0x40daca,89.415%,114,963,1077,774,32,82,189
0x402e2f,94.6737%,111,1973,2084,888,52,59,1085
0x402577,98.8%,108,8892,9000,7858,17,91,1034
0x401412,94.5946%,108,1890,1998,1472,48,60,418
0x40f745,83.982%,107,561,668,404,47,60,157
0x40417c,93.2441%,106,1463,1569,1445,32,74,18
0x40f309,67.8899%,105,222,327,156,36,69,66
0x409bf9,96.415%,104,2797,2901,1950,49,55,847
0x41108f,99.6206%,103,27044,27147,3484,57,46,23560
0x40332e,98.9926%,102,10023,10125,8982,18,84,1041
0x40c657,99.4222%,102,17550,17652,11720,48,54,5830
0x412629,99.3646%,101,15795,15896,2331,49,52,13464
0x40d3ca,97.8419%,101,4579,4680,4125,35,66,454
0x40e066,99.5745%,100,23403,23503,23320,37,63,83
0x40db1a,97.8847%,98,4535,4633,4100,19,79,435
0x405c98,85.5869%,97,576,673,215,62,35,361
0x40f702,99.4716%,96,18072,18168,12064,52,44,6008
0x402a91,98.9444%,95,8905,9000,7857,18,77,1048
0x41ae1d,99.9938%,93,1494071,1494164,297807,26,67,1196264
0x40f57e,63.4921%,92,160,252,37,55,37,123
0x40f2ff,81.5416%,91,402,493,118,48,43,284
0x4052c1,81.8%,91,409,500,70,64,27,339
0x40f2f5,85.0746%,90,513,603,52,58,32,461
0x40babf,98.9107%,90,8172,8262,7320,24,66,852
0x402ca5,98.7813%,89,7214,7303,7191,26,63,23
0x40c9fb,97.1337%,89,3016,3105,1359,33,56,1657
0x4068d3,98.6013%,89,6274,6363,5429,25,64,845
0x40ef31,96.7778%,86,2583,2669,2338,37,49,245
0x402ef2,95.8617%,85,1969,2054,1805,29,56,164
0x40f6a1,78.6967%,85,314,399,279,32,53,35
0x41212f,99.4055%,81,13544,13625,12790,20,61,754
0x412853,98.6579%,80,5881,5961,399,35,45,5482
0x4021d2,98.7769%,80,6461,6541,6443,14,66,18
0x4013c2,95.996%,80,1918,1998,1857,25,55,61
0x4114c1,99.7419%,80,30912,30992,3807,41,39,27105
0x411309,99.708%,78,26635,26713,3421,58,20,23214
0x40ca24,98.6099%,77,5462,5539,5088,21,56,374
0x4114dd,99.72%,76,27068,27144,26335,17,59,733
0x41515a,98.534%,76,5108,5184,4578,30,46,530
0x406209,98.8056%,76,6287,6363,5430,24,52,857
0x40e568,99.68%,76,23672,23748,23672,22,54,0
0x4027b2,98.8363%,75,6370,6445,6346,17,58,24
0x401cf1,99.3147%,75,10869,10944,9702,26,49,1167
0x40ef3e,99.6601%,75,21989,22064,19572,42,33,2417
0x40ea3f,74.9153%,74,221,295,1,63,11,220
0x4058b5,93.5111%,73,1052,1125,969,31,42,83
0x40e146,97.2505%,73,2582,2655,2350,10,63,232
0x407455,93.5111%,73,1052,1125,980,20,53,72
0x40f714,98.8103%,72,5980,6052,3991,48,24,1989
0x40f59e,57.2289%,71,95,166,54,28,43,41
0x412660,99.4533%,71,12916,12987,12113,28,43,803
0x411d18,99.704%,71,23912,23983,23308,15,56,604
0x4027e0,83.6028%,71,362,433,83,33,38,279
0x40b22f,99.1393%,71,8178,8249,7315,17,54,863
0x40ee1b,99.5276%,70,14749,14819,7311,42,28,7438
0x40369c,95.614%,70,1526,1596,1459,29,41,67
0x4108ba,99.5198%,70,14507,14577,3076,47,23,11431
0x40d8e0,86.8069%,69,454,523,359,25,44,95
0x409d75,93.0931%,69,930,999,768,23,46,162
0x40f72e,96.622%,68,1945,2013,1321,24,44,624
0x401d41,99.3878%,67,10877,10944,9716,12,55,1161
0x407353,99.7483%,67,26555,26622,23628,36,31,2927
0x40224b,86.965%,67,447,514,124,41,26,323
0x406ddb,98.2162%,67,3689,3756,1631,26,41,2058
0x401cae,98.7076%,67,5117,5184,3949,19,48,1168
0x40f5bb,72.9508%,66,178,244,35,34,32,143
0x40ca9e,99.1957%,66,8140,8206,7280,15,51,860
0x401f73,97.5518%,65,2590,2655,2359,1,64,231
0x40a83e,99.7781%,64,28772,28836,25591,41,23,3181
0x409b92,99.9363%,63,98847,98910,87874,46,17,10973
0x40565c,99.3068%,62,8882,8944,1069,33,29,7813
0x40e73a,78.9831%,62,233,295,48,58,4,185
0x410c59,99.6523%,62,17769,17831,3714,29,33,14055
0x4103a8,99.4365%,61,10765,10826,976,29,32,9789
0x41158a,99.8064%,60,30932,30992,11703,47,13,19229
0x410fb4,99.6551%,60,17337,17397,5781,17,43,11556
0x4057b5,94.6667%,60,1065,1125,721,29,31,344
0x406e7a,98.4021%,60,3695,3755,3322,16,44,373
0x411cfc,99.7734%,59,25973,26032,2018,31,28,23955
0x40f6f2,99.8271%,59,34073,34132,17051,17,42,17022
0x40efc1,85.5037%,59,348,407,253,19,40,95
0x40736f,99.3351%,59,8815,8874,7877,11,48,938
0x411b94,99.7837%,56,25838,25894,25579,12,44,259
0x40c9a2,99.0483%,56,5828,5884,5517,22,34,311
0x401df5,98.9198%,56,5128,5184,4588,20,36,540
0x407ac7,94.4106%,55,929,984,916,7,48,13
0x40df85,99.7698%,55,23840,23895,21214,26,29,2626
0x4113c4,99.7979%,54,26659,26713,7973,21,33,18686
0x4110ab,99.7755%,53,23553,23606,22861,27,26,692
0x411923,99.7982%,53,26213,26266,25759,18,35,454
0x40afcd,99.104%,53,5862,5915,5565,2,51,297
0x41115f,99.8085%,52,27095,27147,8285,19,33,18810
0x412024,99.7969%,52,25546,25598,7470,28,24,18076
0x40b0c8,94.7368%,51,918,969,916,20,31,2
0x411dc7,99.8041%,51,25981,26032,7782,26,25,18199
0x40ca76,98.6822%,51,3819,3870,1620,20,31,2199
0x40d1a3,93.1727%,51,696,747,596,15,36,100
0x40cc13,60%,50,75,125,32,28,22,43
0x40b0eb,85.6322%,50,298,348,219,15,35,79
0x41ad47,99.9939%,49,801410,801459,721274,40,9,80136
0x40a862,99.5006%,48,9564,9612,8531,13,35,1033
0x411c44,99.8395%,48,29854,29902,10728,17,31,19126
0x402de7,91.8919%,48,544,592,315,27,21,229
0x40b885,99.1896%,48,5875,5923,5489,2,46,386
0x405360,90.6%,47,453,500,343,13,34,110
0x409df7,99.2876%,47,6550,6597,5849,15,32,701
0x40e5c3,88.1748%,46,343,389,126,24,22,217
0x402e78,94.2999%,46,761,807,654,13,33,107
0x410473,99.5843%,45,10781,10826,2859,8,37,7922
0x4022cc,91.2451%,45,469,514,417,13,32,52
0x410ef9,99.6719%,45,13671,13716,13446,15,30,225
0x40eee8,84.8993%,45,253,298,238,11,34,15
0x40473e,99.5106%,44,8946,8990,7853,14,30,1093
0x4173d4,67.1756%,43,88,131,87,14,29,1
0x411f7a,99.8179%,43,23568,23611,23122,15,28,446
0x411f5e,99.832%,43,25555,25598,1971,16,27,23584
0x41241f,99.5001%,43,8558,8601,7836,12,31,722
0x40641f,99.8932%,43,40223,40266,35757,35,8,4466
0x412d46,99.4265%,43,7455,7498,838,24,19,6617
0x40acb8,99.991%,43,478991,479034,425773,35,8,53218
0x40e243,61.4679%,42,67,109,11,19,23,56
0x40ca1a,98.6473%,42,3063,3105,2740,20,22,323
0x40edbd,98.8859%,41,3639,3680,1210,16,25,2429
0x40285c,90.4651%,41,389,430,332,19,22,57
0x411a06,99.6291%,41,11014,11055,791,20,21,10223
0x40db5c,92.2179%,40,474,514,436,14,26,38
0x411907,99.8681%,40,30296,30336,4045,25,15,26251
0x40f766,81.5668%,40,177,217,148,18,22,29
0x410edd,99.7701%,40,17357,17397,3664,17,23,13693
0x40ef76,98.9391%,39,3637,3676,2437,15,24,1200
0x40b570,99.9919%,39,479724,479763,426418,38,1,53306
0x412884,99.542%,39,8477,8516,264,23,16,8213
0x40f5ce,77.7143%,39,136,175,26,22,17,110
0x40f5dd,70.8661%,37,90,127,24,18,19,66
0x410d1a,99.7925%,37,17794,17831,6094,14,23,11700
0x41223d,99.76%,37,15381,15418,6164,17,20,9217
0x411b78,99.8796%,36,29866,29902,3981,27,9,25885
0x40e7ee,87.7966%,36,259,295,210,21,15,49
0x4058c6,71.2%,36,89,125,5,19,17,84
0x409bb7,99.9636%,36,98874,98910,87886,34,2,10988
0x403c89,99.6111%,35,8965,9000,7868,7,28,1097
0x411196,99.5785%,35,8269,8304,1238,18,17,7031
0x41175c,99.8693%,35,26737,26772,26152,14,21,585
0x40a983,96.8889%,35,1090,1125,998,2,33,92
0x4048c9,96.8889%,35,1090,1125,988,12,23,102
0x417a8b,86.5385%,35,225,260,225,6,29,0
0x411c1e,99.9561%,34,77345,77379,51472,13,21,25873
0x412276,99.4499%,34,6147,6181,1307,15,19,4840
0x41ac53,99.9953%,34,721280,721314,377966,13,21,343314
0x403e6c,97.0667%,33,1092,1125,989,11,22,103
0x41621d,94.2308%,33,539,572,496,14,19,43
0x408b7c,99.7495%,33,13143,13176,11703,9,24,1440
0x406e1f,97.6412%,33,1366,1399,1237,4,29,129
0x4103c4,99.664%,33,9788,9821,9449,13,20,339
0x40791d,99.8978%,33,32268,32301,28691,21,12,3577
0x40e5c8,86.6109%,32,207,239,39,15,17,168
0x4119ca,99.8945%,32,30304,30336,11036,19,13,19268
0x41295a,99.6242%,32,8484,8516,4591,11,21,3893
0x4178f3,95.99%,32,766,798,0,17,15,766
0x40cbff,97.2444%,31,1094,1125,994,6,25,100
0x4107ed,99.7942%,30,14547,14577,1489,12,18,13058
0x4013d0,98.4985%,30,1968,1998,1772,4,26,196
0x404385,67.3913%,30,62,92,45,6,24,17
0x40c953,99.83%,30,17622,17652,11753,15,15,5869
0x40e662,98.8701%,30,2625,2655,1768,2,28,857
0x401f94,89.8305%,30,265,295,156,14,16,109
0x412113,99.8119%,29,15389,15418,1770,23,6,13619
0x40f3c7,75.4237%,29,89,118,60,16,13,29
0x40e2ad,98.9077%,29,2626,2655,2357,3,26,269
0x40cada,96.8167%,29,882,911,598,10,19,284
0x409cdb,99.9587%,28,67706,67734,60187,21,7,7519
0x40d414,94.6154%,28,492,520,437,18,10,55
0x40f2b3,99.8042%,28,14269,14297,7138,19,9,7131
0x411740,99.9084%,28,30530,30558,3778,8,20,26752
0x410809,99.7859%,28,13048,13076,12623,12,16,425
0x40e1e5,99.8826%,28,23812,23840,23812,6,22,0
0x40f315,80%,27,108,135,29,14,13,79
0x4057c6,92.8%,27,348,375,237,13,14,111
0x40621c,97.0297%,27,882,909,802,6,21,80
0x410a85,99.8091%,27,14116,14143,1431,8,19,12685
0x40a8ad,97.0297%,27,882,909,803,5,22,79
0x402c9d,99.9604%,26,65701,65727,58405,19,7,7296
0x40defd,99.9835%,26,157348,157374,139865,23,3,17483
0x411e06,99.667%,26,7782,7808,980,6,20,6802
0x4079ad,99.9194%,26,32221,32247,28642,22,4,3579
0x4084e1,97.1397%,26,883,909,805,3,23,78
0x40f5ec,69.4118%,26,59,85,21,13,13,38
0x409582,97.1397%,26,883,909,795,13,13,88
0x417634,90.3846%,25,235,260,0,16,9,235
0x411325,99.8924%,25,23209,23234,22695,7,18,514
0x40e0d5,96.4438%,25,678,703,136,10,15,542
0x407460,80%,25,100,125,9,15,10,91
0x40e0c5,96.9623%,25,798,823,108,12,13,690
0x40f6b1,71.5909%,25,63,88,27,6,19,36
0x4158e4,99.5344%,24,5131,5155,5089,8,16,42
0x401420,98.7988%,24,1974,1998,1770,6,18,204
0x40ca95,99.3798%,24,3846,3870,3435,5,19,411
0x406932,97.3597%,24,885,909,804,4,20,81
0x401de2,99.3421%,24,3624,3648,2423,9,15,1201
0x4014f2,98.7988%,24,1974,1998,1948,8,16,26
0x41adab,99.9964%,23,641145,641168,641145,23,0,0
0x410d56,99.6234%,23,6085,6108,1025,5,18,5060
0x417aab,82.4427%,23,108,131,107,9,14,1
0x41155e,99.9715%,23,80617,80640,53481,15,8,27136
0x411aed,99.9626%,23,61441,61464,30720,12,11,30721
0x40bf9f,99.9816%,23,125032,125055,111140,20,3,13892
0x411eba,99.8876%,23,20443,20466,0,0,23,20443
0x417924,96.7883%,22,663,685,0,9,13,663
0x407449,99.7827%,22,10103,10125,8996,4,18,1107
0x40340f,98.0444%,22,1103,1125,981,19,3,122
0x40f325,99.8971%,22,21367,21389,14259,16,6,7108
0x40e67f,97.5141%,22,863,885,587,3,19,276
0x40b995,94.9074%,22,410,432,162,9,13,248
0x411814,99.928%,22,30536,30558,11426,14,8,19110
0x40b8ec,94.9074%,22,410,432,84,15,7,326
0x412b00,99.8599%,21,14963,14984,1718,13,8,13245
0x41ae54,99.9869%,21,160271,160292,80143,3,18,80128
0x40f5a8,75%,21,63,84,0,0,21,63
0x405638,61.1111%,21,33,54,20,3,18,13
0x40c2a3,99.9832%,21,125025,125046,111131,21,0,13894
0x45c38c,99.9739%,21,80376,80397,0,0,21,80376
0x4073aa,97.6898%,21,888,909,801,7,14,87
0x40ced1,99.9501%,21,42099,42120,37425,15,6,4674
0x40d62d,99.9496%,21,41685,41706,37053,19,2,4632
0x4064b6,99.905%,20,21022,21042,18688,16,4,2334
0x408837,99.9503%,20,40246,40266,35774,18,2,4472
0x403600,99.9753%,20,80980,81000,71984,16,4,8996
0x409840,99.9621%,20,52792,52812,46925,19,1,5867
0x4089ff,99.9137%,20,23146,23166,20582,10,10,2564
0x40e248,74.6835%,20,59,79,10,12,8,49
0x40c9ff,98.8325%,20,1693,1713,846,11,9,847
0x412b1c,99.8491%,20,13233,13253,12617,7,13,616
0x4058a9,99.8123%,19,10106,10125,9000,0,19,1106
0x4121ae,99.9526%,19,40041,40060,26423,12,7,13618
0x40cbe7,99.9791%,19,91106,91125,80985,15,4,10121
0x40ea11,99.2844%,19,2636,2655,2358,2,17,278
0x4108f6,99.3916%,19,3104,3123,1182,12,7,1922
0x409960,99.964%,19,52793,52812,46928,16,3,5865
0x410b54,99.8657%,19,14124,14143,2801,12,7,11323
0x406d96,98.4824%,19,1233,1252,826,8,11,407
0x406b8b,99.964%,19,52793,52812,46928,16,3,5865
0x406d21,99.9285%,19,26540,26559,23590,18,1,2950
0x409d0d,99.8632%,19,13868,13887,99,8,11,13769
0x411ac0,99.9414%,18,30714,30732,0,0,18,30714
0x4117ee,99.9774%,18,79692,79710,52930,8,10,26762
0x405b5d,99.9562%,18,41076,41094,36513,15,3,4563
0x40e266,99.9244%,18,23800,23818,21185,0,18,2615
0x406b35,99.9659%,18,52794,52812,35198,10,8,17596
0x40844d,99.9562%,18,41076,41094,36513,15,3,4563
0x40f2a3,99.916%,18,21414,21432,14287,10,8,7127
0x40aa5c,99.9727%,17,62150,62167,56237,13,4,5913
0x40f3a4,86.4%,17,108,125,61,4,13,47
0x40b034,95.1149%,17,331,348,16,9,8,315
0x40c5ef,99.9868%,17,129052,129069,114711,17,0,14341
0x4030a2,93.7037%,17,253,270,206,4,13,47
0x410629,99.8364%,17,10375,10392,941,2,15,9434
0x41249e,99.9321%,17,25033,25050,16434,15,2,8599
0x40f6bb,69.0909%,17,38,55,11,4,13,27
0x45c353,99.9789%,17,80380,80397,0,0,17,80380
0x41322c,99.7068%,17,5781,5798,899,7,10,4882
0x45c3c7,99.9789%,17,80380,80397,0,0,17,80380
0x412f4d,99.9718%,17,60331,60348,30163,11,6,30168
0x41abe6,99.99%,16,160276,160292,80142,4,12,80134
0x412fbe,99.8601%,16,11424,11440,1127,5,11,10297
0x40b317,99.9741%,16,61809,61825,55883,16,0,5926
0x40743d,99.9824%,16,91109,91125,80986,14,2,10123
0x403284,94.0741%,16,254,270,177,3,13,77
0x4116ad,99.9746%,16,62948,62964,31476,6,10,31472
0x458d97,99.9801%,16,80381,80397,0,0,16,80381
0x45a235,99.9801%,16,80381,80397,0,0,16,80381
0x40589d,99.9824%,16,91109,91125,80986,14,2,10123
0x4106ec,99.846%,16,10376,10392,2550,7,9,7826
0x40e107,99.9315%,16,23341,23357,20844,4,12,2497
0x40ca7a,99.2825%,16,2214,2230,1164,1,15,1050
0x40cb1f,94.7195%,16,287,303,195,7,9,92
0x412a4e,99.9259%,16,21590,21606,10803,0,16,10787
0x4040f0,99.9802%,16,80912,80928,71922,14,2,8990
0x40c2fb,99.9094%,16,17637,17653,11766,3,13,5871
0x40f5ff,70.5882%,15,36,51,12,9,6,24
0x412e7c,99.8604%,15,10730,10745,686,1,14,10044
0x409924,99.9716%,15,52797,52812,35200,8,7,17597
0x40e5d4,95.5224%,15,320,335,250,3,12,70
0x405c4d,99.9496%,15,29730,29745,26426,14,1,3304
0x403273,94.4444%,15,255,270,207,3,12,48
0x40e061,99.9929%,15,211512,211527,188011,13,2,23501
0x4134b7,99.4134%,15,2542,2557,1483,4,11,1059
0x4179d3,97.7236%,14,601,615,0,8,6,601
0x407ac2,99.8419%,14,8842,8856,7859,13,1,983
0x4030b3,94.8148%,14,256,270,178,2,12,78
0x40654e,95.2862%,14,283,297,264,0,14,19
0x40d861,99.8557%,14,9688,9702,8615,9,5,1073
0x412bcc,99.9066%,14,14970,14984,5870,1,13,9100
0x40f6d0,60%,14,21,35,2,5,9,19
0x40cbf3,99.8617%,14,10111,10125,8998,2,12,1113
0x411bef,99.9459%,14,25880,25894,0,0,14,25880
0x40ff91,99.7676%,14,6009,6023,0,0,14,6009
0x417882,99.1954%,14,1726,1740,138,5,9,1588
0x40763c,99.8289%,14,8167,8181,7270,2,12,897
0x40d1db,89.7059%,14,122,136,56,10,4,66
0x405d1b,45.8333%,13,11,24,9,5,8,2
0x41112e,99.9815%,13,70087,70100,46487,7,6,23600
0x458d85,99.9838%,13,80384,80397,0,0,13,80384
0x411d8e,99.9818%,13,71276,71289,47296,10,3,23980
0x40bcdd,99.9791%,13,62312,62325,42279,6,7,20033
0x402ae5,98.8444%,13,1112,1125,999,1,12,113
0x4128a0,99.842%,13,8216,8229,7654,8,5,562
0x41ac79,99.9934%,13,198035,198048,198035,13,0,0
0x417734,99.408%,13,2183,2196,1949,3,10,234
0x407a6d,99.855%,13,8951,8964,7957,11,2,994
0x41308d,99.979%,13,61835,61848,30915,9,4,30920
0x40f3dc,63.8889%,13,23,36,5,9,4,18
0x4132fd,99.9557%,13,29339,29352,14672,4,9,14667
0x41199e,99.9834%,13,78296,78309,52036,7,6,26260
0x41336e,99.5379%,13,2800,2813,1068,2,11,1732
0x406585,69.7674%,13,30,43,29,2,11,1
0x45c3d0,99.9838%,13,80384,80397,0,0,13,80384
0x40b975,98.6987%,13,986,999,986,7,6,0
0x410e10,99.9147%,13,15221,15234,0,0,13,15221
0x40f01d,69.7674%,13,30,43,27,3,10,3
0x406528,72.093%,12,31,43,4,6,6,27
0x410aa1,99.9055%,12,12692,12704,12439,10,2,253
0x40b24f,98.6914%,12,905,917,813,2,10,92
0x40e8c0,97.9167%,12,564,576,503,9,3,61
0x401f4f,99.9944%,12,215043,215055,191150,10,2,23893
0x41298f,99.7392%,12,4590,4602,999,2,10,3591
0x40588e,99.8815%,12,10113,10125,0,0,12,10113
0x458d59,99.9851%,12,80385,80397,0,0,12,80385
0x4040ae,99.8665%,12,8980,8992,0,0,12,8980
0x45c367,99.9851%,12,80385,80397,0,0,12,80385
0x410cca,99.9148%,12,14076,14088,0,0,12,14076
0x411edd,99.9707%,12,40920,40932,20463,3,9,20457
0x408b27,99.9127%,12,13740,13752,12218,6,6,1522
0x40e1e0,99.9944%,12,214548,214560,190711,9,3,23837
0x40b215,98.4556%,12,765,777,706,4,8,59
0x40df9f,99.548%,12,2643,2655,2358,2,10,285
0x45c3a3,99.9851%,12,80385,80397,0,0,12,80385
0x408874,99.9702%,12,40254,40266,35783,9,3,4471
0x411eee,99.9414%,12,20454,20466,13640,4,8,6814
0x408b65,99.6534%,12,3450,3462,57,7,5,3393
0x4021cd,99.9796%,12,58857,58869,52319,9,3,6538
0x410cee,99.9713%,12,41811,41823,27729,6,6,14082
0x411ffe,99.9829%,12,70347,70359,46740,8,4,23607
0x406e5a,66.6667%,12,24,36,4,6,6,20
0x4033ed,99.9868%,12,91113,91125,80992,8,4,10121
0x40d920,92.0863%,11,128,139,65,3,8,63
0x40bcf4,99.9451%,11,20029,20040,14150,5,6,5879
0x40150f,98.3483%,11,655,666,440,4,7,215
0x41124a,99.948%,11,21133,21144,0,0,11,21133
0x405429,92.3611%,11,133,144,87,3,8,46
0x406564,56%,11,14,25,4,7,4,10
0x404170,99.9221%,11,14110,14121,12546,6,5,1564
0x40f60f,63.3333%,11,19,30,3,1,10,16
0x402f0f,98.0427%,11,551,562,502,4,7,49
0x412e2e,99.9447%,11,19897,19908,13265,7,4,6632
0x412330,99.9245%,11,14566,14577,0,0,11,14566
0x4155fc,99.9289%,11,15454,15465,10308,2,9,5146
0x407a92,99.2466%,11,1449,1460,2,4,7,1447
0x40655a,66.6667%,11,22,33,19,3,8,3
0x40ba10,98.5951%,11,772,783,772,2,9,0
0x410c75,99.9219%,11,14077,14088,13644,3,8,433
0x41043e,99.9622%,11,29093,29104,19278,5,6,9815
0x41552b,99.9289%,11,15454,15465,0,0,11,15454
0x4125f2,99.9032%,11,11350,11361,7568,6,5,3782
0x410f8e,99.9731%,11,40882,40893,27171,6,5,13711
0x402595,99.0222%,11,1114,1125,999,1,10,115
0x40fd0d,78.4314%,11,40,51,32,2,9,8
0x4086ee,99.8778%,10,8171,8181,7268,4,6,903
0x402a03,62.963%,10,17,27,15,6,4,2
0x40a992,92%,10,115,125,14,10,0,101
0x41139e,99.9855%,10,69160,69170,45930,6,4,23230
0x41153a,99.9632%,10,27134,27144,0,0,10,27134
0x40eef6,79.5918%,10,39,49,1,7,3,38
0x412e1d,99.9749%,10,39806,39816,19903,5,5,19903
0x458d75,99.9876%,10,80387,80397,0,0,10,80387
0x45c9d3,99.9876%,10,80387,80397,0,0,10,80387
0x403690,99.9304%,10,14354,14364,12764,4,6,1590
0x403015,96.2963%,10,260,270,173,7,3,87
0x40eed0,99.4565%,10,1830,1840,889,2,8,941
0x45a20a,99.9876%,10,80387,80397,0,0,10,80387
0x40de09,99.6234%,10,2645,2655,2359,1,9,286
0x40a96b,99.9901%,9,91116,91125,80995,5,4,10121
0x40f6e7,65.3846%,9,17,26,9,4,5,8
0x4131cd,99.9781%,9,41163,41172,20578,8,1,20585
0x415707,99.9418%,9,15456,15465,0,0,9,15456
0x4126d1,98.75%,9,711,720,631,9,0,80
0x406335,99.89%,9,8172,8181,7265,7,2,907
0x40d122,99.9268%,9,12285,12294,10921,7,2,1364
0x411d6a,99.9625%,9,23974,23983,0,0,9,23974
0x406e51,94.3038%,9,149,158,145,2,7,4
0x40ddfd,99.9623%,9,23886,23895,21234,6,3,2652
0x45a255,99.9888%,9,80388,80397,0,0,9,80388
0x401a84,99.8264%,9,5175,5184,1214,2,7,3961
0x40de9b,99.9485%,9,17477,17486,0,0,9,17477
0x40ef09,66.6667%,9,18,27,0,6,3,18
0x402ea9,93.5714%,9,131,140,109,1,8,22
0x412a20,99.9167%,9,10794,10803,0,0,9,10794
0x40450c,90.2174%,9,83,92,80,5,4,3
0x41267d,99.8994%,9,8941,8950,8862,8,1,79
0x408a52,99.9611%,9,23157,23166,20583,9,0,2574
0x4177e0,99.5851%,9,2160,2169,1923,5,4,237
0x45c37b,99.9888%,9,80388,80397,80388,9,0,0
0x41058d,99.8938%,8,7528,7536,3767,1,7,3761
0x40af3a,99.985%,8,53218,53226,47305,7,1,5913
0x406b46,99.9546%,8,17596,17604,11729,7,1,5867
0x408ba2,99.6744%,8,2449,2457,2180,4,4,269
0x4031d6,97.037%,8,262,270,173,7,1,89
0x40d561,99.8274%,8,4627,4635,4117,3,5,510
0x409d32,99.9228%,8,10351,10359,125,0,8,10226
0x409d70,99.911%,8,8983,8991,7987,5,3,996
0x412f5e,99.9735%,8,30166,30174,20109,7,1,10057
0x40e92a,99.8457%,8,5176,5184,4600,8,0,576
0x411f12,99.9693%,8,26024,26032,26024,8,0,0
0x45a275,99.99%,8,80389,80397,0,0,8,80389
0x412821,90%,8,72,80,8,5,3,64
0x40f3d1,80.9524%,8,34,42,1,5,3,33
0x405a3e,99.9022%,8,8173,8181,7271,1,7,902
0x41088e,99.9794%,8,38779,38787,25706,5,3,13073
0x412da1,99.9598%,8,19900,19908,19900,8,0,0
0x4106ce,99.9716%,8,28166,28174,18722,3,5,9444
0x40775d,99.9805%,8,41086,41094,36520,8,0,4566
0x412f2c,99.9735%,8,30166,30174,0,0,8,30166
0x458d6d,99.99%,8,80389,80397,0,0,8,80389
0x40c8fb,99.9938%,8,129061,129069,114721,7,1,14340
0x4155e6,99.9828%,8,46387,46395,30924,6,2,15463
0x410e3d,99.9737%,8,30460,30468,15230,4,4,15230
0x40f3eb,63.6364%,8,14,22,0,7,1,14
0x406b23,99.9546%,8,17596,17604,0,0,8,17596
0x415548,99.9483%,8,15457,15465,0,0,8,15457
0x410645,99.9153%,8,9441,9449,9272,4,4,169
0x4055be,98.3539%,8,478,486,428,4,4,50
0x41235d,99.9726%,8,29146,29154,14573,4,4,14573
0x4155bf,99.9483%,8,15457,15465,0,0,8,15457
0x412c00,99.8808%,7,5864,5871,1198,0,7,4666
0x40d914,99.4404%,7,1244,1251,1105,7,0,139
0x411b29,99.9769%,7,30329,30336,30329,7,0,0
0x40ea00,99.9707%,7,23888,23895,21238,2,5,2650
0x458e2f,99.9913%,7,80390,80397,80390,7,0,0
0x40dd40,22.2222%,7,2,9,1,4,3,1
0x403290,92.2222%,7,83,90,57,3,4,26
0x41ac10,99.9956%,7,160285,160292,80143,3,4,80142
0x4030bf,92.2222%,7,83,90,57,3,4,26
0x458e39,99.9913%,7,80390,80397,0,0,7,80390
0x412372,99.952%,7,14570,14577,9715,3,4,4855
0x401e2c,98.7847%,7,569,576,510,2,5,59
0x417792,99.6805%,7,2184,2191,0,1,6,2184
0x404045,99.9309%,7,10118,10125,8998,2,5,1120
0x41b449,99.9222%,7,8993,9000,5998,2,5,2995
0x41086a,99.9465%,7,13069,13076,0,0,7,13069
0x40eefc,82.9268%,7,34,41,8,4,3,26
0x4112a5,99.9742%,7,27140,27147,27140,7,0,0
0x4117bf,99.9739%,7,26765,26772,0,0,7,26765
0x403a3a,93.5185%,7,101,108,101,3,4,0
0x4111e1,99.9669%,7,21137,21144,21137,7,0,0
0x412b7d,99.9472%,7,13246,13253,0,0,7,13246
0x458dc9,99.9913%,7,80390,80397,80390,7,0,0
0x40f6c6,82.5%,7,33,40,1,4,3,32
0x4157b6,99.9849%,7,46388,46395,30927,3,4,15461
0x41a64a,99.3924%,7,1145,1152,1018,6,1,127
0x412ca6,99.9501%,7,14012,14019,0,0,7,14012
0x412bae,99.9821%,7,39123,39130,25874,3,4,13249
0x401503,99.6496%,7,1991,1998,1331,1,6,660
0x412645,99.9875%,7,56116,56123,2907,2,5,53209
0x402942,74.0741%,7,20,27,19,2,5,1
0x403111,97.4074%,7,263,270,239,1,6,24
0x45c9ec,99.9913%,7,80390,80397,80390,7,0,0
0x403545,99.9407%,6,10119,10125,8995,5,1,1124
0x45c9ca,99.9925%,6,80391,80397,0,0,6,80391
0x40280d,99.7897%,6,2847,2853,2534,2,4,313
0x41aaec,99.9925%,6,80139,80145,0,0,6,80139
0x401dd6,99.9452%,6,10938,10944,7293,3,3,3645
0x401f62,99.9749%,6,23889,23895,21237,3,3,2652
0x40e8b4,99.8843%,6,5178,5184,4606,2,4,572
0x40496a,99.4667%,6,1119,1125,0,0,6,1119
0x407269,33.3333%,6,3,9,3,3,3,0
0x40ef18,68.4211%,6,13,19,0,4,2,13
0x4125dd,99.9736%,6,22716,22722,11360,1,5,11356
0x41abd9,99.9925%,6,80140,80146,0,0,6,80140
0x40b394,99.9888%,6,53328,53334,47402,6,0,5926
0x412a5f,99.9445%,6,10797,10803,7201,1,5,3596
0x412c51,99.9572%,6,14013,14019,14013,6,0,0
0x405d4d,93.3333%,6,84,90,79,1,5,5
0x40465d,86.6667%,6,39,45,38,2,4,1
0x411a71,99.9805%,6,30726,30732,30726,6,0,0
0x46fdac,99.8735%,6,4736,4742,4736,6,0,0
0x40469d,86.6667%,6,39,45,36,4,2,3
0x40dceb,33.3333%,6,3,9,3,3,3,0
0x45c3bb,99.9925%,6,80391,80397,0,0,6,80391
0x409938,99.9659%,6,17598,17604,11731,5,1,5867
0x407aab,99.515%,6,1231,1237,2,4,2,1229
0x413011,99.9806%,6,30918,30924,30918,6,0,0
0x40aada,99.9887%,6,53247,53253,47330,6,0,5917
0x409ced,99.9203%,6,7520,7526,0,0,6,7520
0x40bae1,99.3464%,6,912,918,816,0,6,96
0x40f6da,78.5714%,6,22,28,0,2,4,22
0x4173dd,80%,6,24,30,24,4,2,0
0x4116c2,99.9809%,6,31476,31482,20983,5,1,10493
0x40f3b3,98.9286%,6,554,560,466,2,4,88
0x4116e9,99.9806%,6,30986,30992,30986,6,0,0
0x40279d,99.9897%,6,57999,58005,51555,5,1,6444
0x40efa7,99.5098%,6,1218,1224,813,4,2,405
0x4026a5,99.9407%,6,10119,10125,8997,3,3,1122
0x4157c7,99.9612%,6,15459,15465,10304,6,0,5155
0x406e45,99.6484%,5,1417,1422,1263,1,4,154
0x415435,99.903%,5,5152,5157,0,2,3,5152
0x40e9f4,99.9977%,5,215050,215055,191155,5,0,23895
0x458de7,99.9938%,5,80392,80397,0,0,5,80392
0x40f002,96.2963%,5,130,135,89,3,2,41
0x41110a,99.9788%,5,23601,23606,0,0,5,23601
0x458e0f,99.9938%,5,80392,80397,80392,5,0,0
0x411fc9,98.9451%,5,469,474,0,0,5,469
0x411fdd,99.9788%,5,23606,23611,0,0,5,23606
0x40bcc9,99.9776%,5,22357,22362,0,0,5,22357
0x410b02,99.9606%,5,12699,12704,0,0,5,12699
0x411b02,99.9837%,5,30727,30732,20484,4,1,10243
0x40aade,99.9155%,5,5912,5917,0,3,2,5912
0x402688,99.5556%,5,1120,1125,0,0,5,1120
0x40ca04,99.7776%,5,2243,2248,2243,3,2,0
0x46fdbc,99.8946%,5,4737,4742,4737,5,0,0
0x41306c,99.9838%,5,30919,30924,0,0,5,30919
0x41309e,99.9838%,5,30919,30924,20612,4,1,10307
0x406e97,99.6003%,5,1246,1251,1110,2,3,136
0x40da4a,92.9577%,5,66,71,0,3,2,66
0x4174dd,82.7586%,5,24,29,24,1,4,0
0x40b57b,99.9906%,5,53302,53307,47380,4,1,5922
0x41ab81,99.9938%,5,80140,80145,0,0,5,80140
0x410e76,99.972%,5,17826,17831,17826,5,0,0
0x40b198,98.5632%,5,343,348,89,0,5,254
0x4063f0,99.8882%,5,4469,4474,0,0,5,4469
0x411680,99.9841%,5,31477,31482,0,0,5,31477
0x40e62a,99.9789%,5,23689,23694,21093,0,5,2596
0x45c3ac,99.9938%,5,80392,80397,80392,5,0,0
0x406d65,99.7594%,5,2073,2078,1938,0,5,135
0x4129d1,99.9537%,5,10798,10803,10798,5,0,0
0x407973,99.899%,5,4946,4951,4943,2,3,3
0x40573c,97.5845%,5,202,207,183,1,4,19
0x40712a,44.4444%,5,4,9,2,4,1,2
0x40ca7f,99.8152%,5,2700,2705,2700,2,3,0
0x45c3d5,99.9938%,5,80392,80397,0,0,5,80392
0x41126d,99.9882%,5,42283,42288,21141,3,2,21142
0x40ce12,99.8932%,5,4675,4680,4160,0,5,515
0x40a977,99.9506%,5,10120,10125,8997,3,2,1123
0x410504,99.8673%,5,3763,3768,3763,5,0,0
0x40135c,99.7497%,5,1993,1998,1774,2,3,219
0x41aafc,99.9938%,5,80140,80145,0,0,5,80140
0x4177d3,99.7697%,5,2166,2171,0,2,3,2166
0x40713b,44.4444%,5,4,9,4,2,3,0
0x409912,99.9716%,5,17599,17604,0,0,5,17599
0x4109dd,99.9568%,5,11569,11574,5786,1,4,5783
0x4115c6,99.9574%,5,11745,11750,1255,1,4,10490
0x40ba30,98.8426%,5,427,432,157,5,0,270
0x405d91,79.1667%,5,19,24,16,2,3,3
0x41739b,96.9466%,4,127,131,0,0,4,127
0x40b7f2,99.9925%,4,53303,53307,47384,0,4,5919
0x401394,98.1982%,4,218,222,0,0,4,218
0x406b57,99.9318%,4,5864,5868,0,0,4,5864
0x411631,99.9873%,4,31478,31482,31478,4,0,0
0x41afda,99.6%,4,996,1000,996,4,0,0
0x458d63,99.995%,4,80393,80397,0,0,4,80393
0x46fdfa,99.9156%,4,4738,4742,4738,4,0,0
0x407641,99.56%,4,905,909,0,0,4,905
0x4087f8,99.9106%,4,4470,4474,0,0,4,4470
0x41330e,99.9727%,4,14672,14676,9781,3,1,4891
0x40d8db,99.915%,4,4703,4707,4181,3,1,522
0x41137f,99.9828%,4,23230,23234,0,0,4,23230
0x46fec2,99.7037%,4,1346,1350,1076,4,0,270
0x40ae85,99.9324%,4,5910,5914,0,0,4,5910
0x412ed1,99.9867%,4,30170,30174,30170,4,0,0
0x415da7,97.7011%,4,170,174,116,0,4,54
0x4029c1,85.1852%,4,23,27,22,2,2,1
0x4038a6,96.2963%,4,104,108,9,2,2,95
0x4110f6,99.4429%,4,714,718,0,0,4,714
0x4019ad,99.9914%,4,46652,46656,41469,3,1,5183
0x402971,85.1852%,4,23,27,23,1,3,0
0x410dc1,99.9737%,4,15230,15234,15230,4,0,0
0x4109b0,99.9309%,4,5783,5787,0,0,4,5783
0x40ef03,86.2069%,4,25,29,0,2,2,25
0x4131ac,99.9806%,4,20582,20586,0,0,4,20582
0x41b015,99.6%,4,996,1000,0,0,4,996
0x41041a,99.9593%,4,9817,9821,0,0,4,9817
0x4124f6,99.9186%,4,4908,4912,1124,1,3,3784
0x402950,85.1852%,4,23,27,22,2,2,1
0x41578e,99.9741%,4,15461,15465,0,0,4,15461
0x45a30d,99.995%,4,80393,80397,0,0,4,80393
0x4056ff,98.0676%,4,203,207,181,3,1,22
0x46fde4,99.9156%,4,4738,4742,206,0,4,4532
0x40b398,99.9325%,4,5922,5926,1,2,2,5921
0x45a267,99.995%,4,80393,80397,80393,4,0,0
0x406f5e,55.5556%,4,5,9,5,1,3,0
0x4070b6,55.5556%,4,5,9,4,2,2,1
0x402900,85.1852%,4,23,27,21,3,1,2
0x411bdb,98.6799%,4,299,303,0,0,4,299
0x40e729,99.8493%,4,2651,2655,2358,2,2,293
0x402842,85.7143%,4,24,28,24,1,3,0
0x4174d4,98.4674%,4,257,261,231,1,3,26
0x40acef,99.9324%,4,5910,5914,0,0,4,5910
0x4033f9,99.9605%,4,10121,10125,8998,2,2,1123
0x45c9e3,99.995%,4,80393,80397,0,0,4,80393
0x4035c3,99.9556%,4,8996,9000,0,0,4,8996
0x41ac15,99.995%,4,80142,80146,0,0,4,80142
0x402a11,85.1852%,4,23,27,22,2,2,1
0x4097f3,99.9318%,4,5864,5868,0,0,4,5864
0x406e6a,84.6154%,4,22,26,22,3,1,0
0x406fe2,55.5556%,4,5,9,5,1,3,0
0x4046ad,20%,4,1,5,0,2,2,1
0x402c5c,99.9452%,4,7299,7303,0,0,4,7299
0x407258,55.5556%,4,5,9,2,4,0,3
0x40d546,99.2233%,4,511,515,0,0,4,511
0x405d59,60%,4,6,10,6,2,2,0
0x41afa6,99.7%,3,997,1000,0,0,3,997
0x410b2e,99.9921%,3,37854,37857,25152,1,2,12702
0x40df02,99.9828%,3,17483,17486,17483,3,0,0
0x412561,99.9736%,3,11358,11361,11358,3,0,0
0x4109f2,99.9482%,3,5784,5787,3855,3,0,1929
0x403af3,25%,3,1,4,0,0,3,1
0x40d19e,99.9554%,3,6720,6723,5973,3,0,747
0x40ba21,99.6169%,3,780,783,522,0,3,258
0x40302b,96.6667%,3,87,90,59,1,2,28
0x41343d,99.9713%,3,10455,10458,5229,0,3,5226
0x40334d,99.7333%,3,1122,1125,1000,0,3,122
0x40481c,83.3333%,3,15,18,15,1,2,0
0x458e3e,99.9963%,3,80394,80397,80394,3,0,0
0x4020fd,99.9704%,3,10122,10125,9000,0,3,1122
0x4156eb,99.9806%,3,15462,15465,0,0,3,15462
0x41ab0a,99.9963%,3,80142,80145,0,0,3,80142
0x4124bf,99.9665%,3,8947,8950,4912,0,3,4035
0x402828,89.6552%,3,26,29,0,1,2,26
0x4071ea,66.6667%,3,6,9,5,1,2,1
0x40717c,66.6667%,3,6,9,6,2,1,0
0x411e51,99.9853%,3,20463,20466,20463,3,0,0
0x4031f5,96.6667%,3,87,90,60,0,3,27
0x402f3f,98.8889%,3,267,270,239,1,2,28
0x402ece,98.8889%,3,267,270,238,2,1,29
0x411526,99.6212%,3,789,792,0,0,3,789
0x40561d,99.3827%,3,483,486,431,1,2,52
0x402819,99.0536%,3,314,317,313,0,3,1
0x417aca,80%,3,12,15,12,1,2,0
0x405ca7,99.2424%,3,393,396,390,0,3,3
0x40e59e,94.4444%,3,51,54,0,0,3,51
0x412903,99.9635%,3,8226,8229,0,0,3,8226
0x4064e7,99.7118%,3,1038,1041,1027,2,1,11
0x40e792,99.9651%,3,8583,8586,7629,3,0,954
0x401456,98.6486%,3,219,222,0,0,3,219
0x40acc3,99.9944%,3,53223,53226,47309,3,0,5914
0x40479d,83.3333%,3,15,18,15,1,2,0
0x4159e0,94.8276%,3,55,58,0,0,3,55
0x408b38,99.8037%,3,1525,1528,0,0,3,1525
0x4047fc,83.3333%,3,15,18,15,1,2,0
0x40288f,88.8889%,3,24,27,23,1,2,1
0x46fe98,99.7778%,3,1347,1350,0,0,3,1347
0x4132d8,99.9796%,3,14673,14676,0,0,3,14673
0x413151,99.9854%,3,20583,20586,20583,3,0,0
0x41292e,99.9876%,3,24117,24120,15888,3,0,8229
0x40b986,99.6997%,3,996,999,666,0,3,330
0x4098af,99.9489%,3,5865,5868,0,0,3,5865
0x4015c1,99.9421%,3,5181,5184,4606,2,1,575
0x40571c,98.5507%,3,204,207,182,2,1,22
0x40e460,99.9874%,3,23745,23748,0,0,3,23745
0x40ef10,85.7143%,3,18,21,0,2,1,18
0x4014d7,99.5495%,3,663,666,0,0,3,663
0x40c57a,99.9791%,3,14338,14341,0,0,3,14338
0x41af9a,99.7%,3,997,1000,0,0,3,997
0x40d308,95.7143%,3,67,70,0,3,0,67
0x40f402,80%,3,12,15,1,2,1,11
0x40b2cf,99.9637%,3,8259,8262,0,0,3,8259
0x40c33a,99.949%,3,5881,5884,0,0,3,5881
0x408a81,99.7398%,3,1150,1153,1139,1,2,11
0x41b0e0,99.7%,3,997,1000,0,0,3,997
0x40dd4e,66.6667%,3,6,9,6,2,1,0
0x40b226,99.6139%,3,774,777,518,0,3,256
0x41260c,99.9665%,3,8947,8950,5194,1,2,3753
0x401d08,99.8355%,2,1214,1216,0,0,2,1214
0x412cde,99.9857%,2,14017,14019,9344,2,0,4673
0x41482e,99.4792%,2,382,384,255,1,1,127
0x4045cf,71.4286%,2,5,7,1,2,0,4
0x414202,98.4375%,2,126,128,62,2,0,64
0x415de5,98.8506%,2,172,174,56,2,0,116
0x45a86d,99.9975%,2,80395,80397,80395,2,0,0
0x40e8a8,99.9957%,2,46654,46656,41472,0,2,5182
0x40b9fe,99.7446%,2,781,783,522,0,2,259
0x401325,99.0991%,2,220,222,0,0,2,220
0x413770,98.3871%,2,122,124,0,0,2,122
0x413281,99.9864%,2,14674,14676,14674,2,0,0
0x4179f0,99%,2,198,200,135,1,1,63
0x40742e,99.9802%,2,10123,10125,0,0,2,10123
0x41247a,99.9767%,2,8599,8601,0,0,2,8599
0x416240,96.875%,2,62,64,0,2,0,62
0x410e52,99.9869%,2,15232,15234,10154,2,0,5078
0x409ba4,99.9818%,2,10988,10990,0,0,2,10988
0x409da6,99.8932%,2,1870,1872,1662,2,0,208
0x40b849,99.9662%,2,5921,5923,0,0,2,5921
0x4177a3,99.9087%,2,2188,2190,1945,2,0,243
0x40ead4,99.9957%,2,46654,46656,41470,2,0,5184
0x40f258,99.8742%,2,1588,1590,0,0,2,1588
0x405d78,0%,2,0,2,0,2,0,0
0x406b4e,99.9659%,2,5866,5868,0,0,2,5866
0x40d5df,99.9568%,2,4632,4634,0,0,2,4632
0x4047cd,88.8889%,2,16,18,16,0,2,0
0x40dcf9,77.7778%,2,7,9,7,1,1,0
0x40da98,77.7778%,2,7,9,7,1,1,0
0x407275,33.3333%,2,1,3,1,1,1,0
0x4071fb,33.3333%,2,1,3,1,1,1,0
0x40541f,98.6111%,2,142,144,44,2,0,98
0x458dba,99.9975%,2,80395,80397,0,0,2,80395
0x407147,33.3333%,2,1,3,1,1,1,0
0x406fee,33.3333%,2,1,3,1,1,1,0
0x406fd1,77.7778%,2,7,9,4,2,0,3
0x41b3c3,99.9778%,2,8998,9000,7998,2,0,1000
0x406ebe,77.7778%,2,7,9,7,1,1,0
0x41197a,99.9924%,2,26264,26266,0,0,2,26264
0x401f1b,99.9247%,2,2653,2655,0,0,2,2653
0x4122e1,99.9863%,2,14575,14577,14575,2,0,0
0x41344e,99.9618%,2,5227,5229,3486,0,2,1741
0x40b0d9,99.7936%,2,967,969,646,0,2,321
0x412176,99.7546%,2,813,815,0,0,2,813
0x40dfee,99.9915%,2,23501,23503,0,0,2,23501
0x4173e2,0%,2,0,2,0,1,1,0
0x4045fd,60%,2,3,5,3,2,0,0
0x40702c,77.7778%,2,7,9,7,1,1,0
0x40227d,99.9363%,2,3139,3141,2791,1,1,348
0x4175a4,99.2337%,2,259,261,232,0,2,27
0x4086b8,99.78%,2,907,909,0,0,2,907
0x40c623,99.9861%,2,14339,14341,0,0,2,14339
0x416255,0%,2,0,2,0,2,0,0
0x408b4b,99.9461%,2,3707,3709,0,0,2,3707
0x46fe2a,99.2593%,2,268,270,206,0,2,62
0x41ab24,99.9975%,2,80143,80145,80143,2,0,0
0x415cdf,98.8506%,2,172,174,0,0,2,172
0x412832,99.9775%,2,8868,8870,2908,1,1,5960
0x40e44b,99.9916%,2,23746,23748,0,0,2,23746
0x40b15b,99.4152%,2,340,342,228,0,2,112
0x40354a,99.8222%,2,1123,1125,0,0,2,1123
0x40da78,97.0588%,2,66,68,66,1,1,0
0x41b250,99.9%,2,1998,2000,0,0,2,1998
0x407922,99.9443%,2,3587,3589,0,0,2,3587
0x41b22e,99.8%,2,998,1000,998,2,0,0
0x41b0d7,99.8%,2,998,1000,0,0,2,998
0x402e9d,99.8413%,2,1258,1260,1120,0,2,138
0x4157d5,99.9612%,2,5153,5155,0,0,2,5153
0x4045e0,71.4286%,2,5,7,1,1,1,4
0x40d1cf,99.8366%,2,1222,1224,1086,2,0,136
0x40c927,99.9861%,2,14339,14341,0,0,2,14339
0x40b324,99.9663%,2,5924,5926,0,0,2,5924
0x415166,99.6528%,2,574,576,512,0,2,62
0x40b95b,99.7998%,2,997,999,666,0,2,331
0x403b0a,50%,2,2,4,2,2,0,0
0x4026aa,99.8222%,2,1123,1125,0,0,2,1123
0x41b4e4,99.975%,2,7998,8000,7998,2,0,0
0x4056cd,99.0338%,2,205,207,183,1,1,22
0x412ac8,99.9867%,2,14982,14984,0,0,2,14982
0x4070c7,33.3333%,2,1,3,1,1,1,0
0x40bd0d,99.9887%,2,17653,17655,0,0,2,17653
0x4125b0,99.9824%,2,11359,11361,0,0,2,11359
0x412ccd,99.9929%,2,28036,28038,14018,1,1,14018
0x4131de,99.9903%,2,20584,20586,13722,2,0,6862
0x4133c1,99.9618%,2,5227,5229,5227,2,0,0
0x40f7d4,99.5643%,2,457,459,406,2,0,51
0x40eb5e,99.9614%,2,5182,5184,4607,1,1,575
0x46fdd3,99.9578%,2,4740,4742,0,0,2,4740
0x41b00c,99.8%,2,998,1000,0,0,2,998
0x40e898,99.9614%,2,5182,5184,0,0,2,5182
0x40dd9d,99.322%,2,293,295,0,0,2,293
0x414ffe,99.6528%,2,574,576,510,2,0,64
0x40ac6a,99.9662%,2,5912,5914,0,0,2,5912
0x40f1da,99.7222%,2,718,720,640,0,2,78
0x41069d,99.9788%,2,9447,9449,0,0,2,9447
0x402d90,99.7416%,2,772,774,516,0,2,256
0x410f62,99.9854%,2,13714,13716,0,0,2,13714
0x405513,96.2963%,2,52,54,52,2,0,0
0x40219c,99.9847%,1,6540,6541,0,0,1,6540
0x417892,99.9374%,1,1596,1597,1159,1,0,437
0x40cf0a,99.9669%,1,3023,3024,2688,0,1,335
0x4154b6,99.9806%,1,5154,5155,0,0,1,5154
0x4015d6,99.8264%,1,575,576,511,1,0,64
0x410856,99.7732%,1,440,441,0,0,1,440
0x40883c,99.9776%,1,4473,4474,0,0,1,4473
0x405d67,75%,1,3,4,1,1,0,2
0x40d127,99.9268%,1,1365,1366,0,0,1,1365
0x408a04,99.9611%,1,2573,2574,2573,1,0,0
0x41b15e,99.9%,1,999,1000,0,0,1,999
0x40eb1b,99.8264%,1,575,576,511,1,0,64
0x408452,99.9781%,1,4565,4566,4565,1,0,0
0x406abd,99.983%,1,5867,5868,0,0,1,5867
0x40eb12,99.9807%,1,5183,5184,4607,1,0,576
0x40eb0d,99.8264%,1,575,576,0,0,1,575
0x41a558,99.2188%,1,127,128,0,0,1,127
0x409845,99.983%,1,5867,5868,0,0,1,5867
0x410a16,99.9931%,1,14576,14577,14576,1,0,0
0x40d566,99.8058%,1,514,515,0,0,1,514
0x458da8,99.9988%,1,80396,80397,0,0,1,80396
0x406f72,66.6667%,1,2,3,2,0,1,0
0x407125,66.6667%,1,2,3,0,0,1,2
0x409c20,99.9586%,1,2416,2417,169,0,1,2247
0x413566,99.9688%,1,3209,3210,0,0,1,3209
0x415d96,99.8084%,1,521,522,348,0,1,173
0x41a638,99.9904%,1,10367,10368,9215,1,0,1152
0x41b4b7,99.9%,1,999,1000,999,1,0,0
0x40faa7,99.7821%,1,458,459,407,1,0,51
0x413a10,99.1935%,1,123,124,0,0,1,123
0x413c8f,99.7312%,1,371,372,248,0,1,123
0x413caa,99.1935%,1,123,124,61,1,0,62
0x413d30,99.8208%,1,557,558,496,0,1,61
0x410f4b,99.6078%,1,254,255,0,0,1,254
0x40b1fb,99.8713%,1,776,777,518,0,1,258
0x41789f,99.7712%,1,436,437,339,0,1,97
0x417904,99.872%,1,780,781,699,1,0,81
0x41359e,99.9688%,1,3209,3210,2139,1,0,1070
0x413ff5,99.8264%,1,575,576,511,1,0,64
0x41b181,99.9%,1,999,1000,999,1,0,0
0x406575,92.8571%,1,13,14,13,1,0,0
0x40351d,99.9111%,1,1124,1125,0,0,1,1124
0x41a53e,99.2188%,1,127,128,0,0,1,127
0x40aa14,99.9879%,1,8247,8248,0,0,1,8247
0x40e9e3,99.9958%,1,23894,23895,0,0,1,23894
0x40af91,99.9831%,1,5914,5915,0,0,1,5914
0x4152f8,99.9806%,1,5156,5157,0,0,1,5156
0x40b73d,99.9831%,1,5922,5923,0,0,1,5922
0x40f3bd,98.2759%,1,57,58,0,0,1,57
0x4019c5,99.8264%,1,575,576,511,1,0,64
0x401d72,99.9178%,1,1215,1216,0,0,1,1215
0x401eb4,99.661%,1,294,295,0,0,1,294
0x41b116,99.9%,1,999,1000,999,1,0,0
0x40b5a7,99.9831%,1,5922,5923,0,0,1,5922
0x401dbd,99.9726%,1,3647,3648,0,0,1,3647
0x4104b6,99.9651%,1,2866,2867,1611,0,1,1255
0x41b1d8,99.9%,1,999,1000,0,0,1,999
0x41b4df,99.9667%,1,2999,3000,999,1,0,2000
0x409dab,99.5192%,1,207,208,0,0,1,207
0x406fcd,66.6667%,1,2,3,0,0,1,2
0x415dd8,99.4253%,1,173,174,0,0,1,173
0x4140b8,99.4792%,1,191,192,127,1,0,64
0x40401c,99.9111%,1,1124,1125,0,0,1,1124
0x41136b,99.812%,1,531,532,0,0,1,531
0x40474c,50%,1,1,2,1,1,0,0
0x414625,99.9132%,1,1151,1152,1023,1,0,128
0x40534a,99.8%,1,499,500,0,0,1,499
0x413418,99.9809%,1,5228,5229,0,0,1,5228
0x41127e,99.9953%,1,21143,21144,14095,1,0,7048
0x40f124,99.8611%,1,719,720,639,1,0,80
0x40af66,99.9831%,1,5914,5915,0,0,1,5914
0x406ef8,0%,1,0,1,0,0,1,0
0x40cbc8,99.9111%,1,1124,1125,0,0,1,1124
0x4105c3,99.9908%,1,10825,10826,10825,1,0,0
0x40e984,99.661%,1,294,295,0,0,1,294
0x401b2c,99.8264%,1,575,576,511,1,0,64
0x414e6e,99.8264%,1,575,576,511,1,0,64
0x40f3b8,98.913%,1,91,92,34,0,1,57
0x40e705,99.9623%,1,2654,2655,0,0,1,2654
0x41b281,99.9%,1,999,1000,999,1,0,0
0x40f3f5,93.3333%,1,14,15,0,0,1,14
0x40f583,99.375%,1,159,160,159,1,0,0
0x413619,99.2063%,1,125,126,63,1,0,62
0x40bfcb,99.9928%,1,13894,13895,0,0,1,13894
0x405b1e,99.9781%,1,4565,4566,0,0,1,4565
0x40d331,99.8342%,1,602,603,535,1,0,67
0x402754,99.9845%,1,6444,6445,0,0,1,6444
0x40198b,99.8264%,1,575,576,0,0,1,575
0x405672,95.6522%,1,22,23,22,1,0,0
0x40e5ba,99.2647%,1,135,136,0,0,1,135
0x412df6,99.995%,1,19907,19908,0,0,1,19907
0x407189,0%,1,0,1,0,0,1,0
0x40b186,99.7076%,1,341,342,228,0,1,113
0x407606,99.89%,1,908,909,0,0,1,908
0x415670,99.9806%,1,5154,5155,0,0,1,5154
0x4031b9,98.8889%,1,89,90,0,0,1,89
0x40da9d,0%,1,0,1,0,1,0,0
0x40dcbd,88.8889%,1,8,9,8,0,1,0
0x40bc57,99.9878%,1,8206,8207,0,0,1,8206
0x410961,99.9827%,1,5786,5787,5786,1,0,0
0x41b25d,99.95%,1,1999,2000,1000,0,1,999
0x415c10,98.2759%,1,57,58,0,0,1,57
0x415b4a,98.2759%,1,57,58,57,1,0,0
0x40ca20,99.9819%,1,5538,5539,0,0,1,5538
0x4172fb,50%,1,1,2,0,0,1,1
0x407ae8,99.8179%,1,548,549,487,1,0,61
0x40e79e,99.8952%,1,953,954,848,0,1,105
0x40a95c,99.9901%,1,10124,10125,0,0,1,10124
0x4130fe,99.9875%,1,7993,7994,1132,0,1,6861
0x401cbf,100%,0,1216,1216,0,0,0,1216
0x46fe67,100%,0,270,270,0,0,0,270
0x415d63,100%,0,174,174,0,0,0,174
0x415db0,100%,0,58,58,58,0,0,0
0x40311e,100%,0,30,30,0,0,0,30
0x40709e,100%,0,3,3,0,0,0,3
0x413511,100%,0,3210,3210,3210,0,0,0
0x403266,100%,0,90,90,0,0,0,90
0x40563c,100%,0,31,31,0,0,0,31
0x406507,100%,0,12,12,0,0,0,12
0x40f39f,100%,0,620,620,495,0,0,125
0x40e74b,100%,0,106,106,0,0,0,106
0x41218a,100%,0,13625,13625,0,0,0,13625
0x402eb9,100%,0,270,270,0,0,0,270
0x402f6e,100%,0,30,30,0,0,0,30
0x40f3a9,100%,0,60,60,60,0,0,0
0x46fed8,100%,0,270,270,206,0,0,64
0x40297e,100%,0,3,3,0,0,0,3
0x40ece2,100%,0,411,411,0,0,0,411
0x41b46f,100%,0,3000,3000,0,0,0,3000
0x40da5c,100%,0,68,68,0,0,0,68
0x40da73,100%,0,612,612,544,0,0,68
0x412466,100%,0,753,753,0,0,0,753
0x4028b4,100%,0,3,3,0,0,0,3
0x405879,100%,0,1125,1125,0,0,0,1125
0x412403,100%,0,8950,8950,349,0,0,8601
0x40eab8,100%,0,64,64,0,0,0,64
0x40eadd,100%,0,5184,5184,4608,0,0,576
0x40eb72,100%,0,64,64,64,0,0,0
0x415016,100%,0,64,64,64,0,0,0
0x414d9b,100%,0,128,128,64,0,0,64
0x41a522,100%,0,128,128,0,0,0,128
0x417adb,100%,0,2,2,0,0,0,2
0x46fda7,100%,0,4806,4806,270,0,0,4536
0x4174e7,100%,0,4,4,0,0,0,4
0x40eb20,100%,0,64,64,0,0,0,64
0x414270,100%,0,576,576,512,0,0,64
0x40e5fc,100%,0,82,82,82,0,0,0
0x413640,100%,0,124,124,0,0,0,124
0x417806,100%,0,241,241,0,0,0,241
0x412712,100%,0,80,80,0,0,0,80
0x40eb6a,100%,0,576,576,512,0,0,64
0x414c85,100%,0,128,128,0,0,0,128
0x4141ca,100%,0,64,64,64,0,0,0
0x40ce88,100%,0,4680,4680,0,0,0,4680
0x41a4bb,100%,0,128,128,0,0,0,128
0x41a512,100%,0,128,128,0,0,0,128
0x40e936,100%,0,576,576,512,0,0,64
0x40e91b,100%,0,576,576,0,0,0,576
0x41a615,100%,0,1152,1152,0,0,0,1152
0x413629,100%,0,62,62,0,0,0,62
0x414726,100%,0,384,384,0,0,0,384
0x40e88d,100%,0,576,576,0,0,0,576
0x40e81e,100%,0,64,64,0,0,0,64
0x4148bc,100%,0,128,128,0,0,0,128
0x40eb54,100%,0,576,576,0,0,0,576
0x4141b4,100%,0,192,192,128,0,0,64
0x410689,100%,0,173,173,0,0,0,173
0x40e783,100%,0,954,954,0,0,0,954
0x411966,100%,0,489,489,0,0,0,489
0x40193f,100%,0,64,64,0,0,0,64
0x40e752,100%,0,106,106,0,0,0,106
0x401ad6,100%,0,5184,5184,4608,0,0,576
0x401aef,100%,0,576,576,512,0,0,64
0x407253,100%,0,3,3,0,0,0,3
0x4013dd,100%,0,222,222,0,0,0,222
0x40e0f5,100%,0,677,677,677,0,0,0
0x401b08,100%,0,64,64,0,0,0,64
0x401b23,100%,0,5184,5184,4608,0,0,576
0x417a22,100%,0,64,64,0,0,0,64
0x40ecae,100%,0,139,139,0,0,0,139
0x415813,100%,0,1818,1818,0,0,0,1818
0x405caf,100%,0,6,6,0,0,0,6
0x402d9c,100%,0,258,258,172,0,0,86
0x4046b5,100%,0,3,3,0,0,0,3
0x411d56,100%,0,660,660,0,0,0,660
0x413795,100%,0,124,124,0,0,0,124
0x40cb72,100%,0,125,125,0,0,0,125
0x4173bc,100%,0,131,131,0,0,0,131
0x413cc5,100%,0,62,62,0,0,0,62
0x40e25c,100%,0,87,87,87,0,0,0
0x413f9b,100%,0,62,62,62,0,0,0
0x41a5b1,100%,0,128,128,0,0,0,128
0x41774a,100%,0,244,244,244,0,0,0
0x41056d,100%,0,3768,3768,0,0,0,3768
0x417872,100%,0,580,580,0,0,0,580
0x412b69,100%,0,629,629,0,0,0,629
0x4128ef,100%,0,567,567,0,0,0,567
0x41059e,100%,0,3768,3768,2512,0,0,1256
0x417931,100%,0,676,676,604,0,0,72
0x41795b,100%,0,72,72,0,0,0,72
0x4179e3,100%,0,607,607,407,0,0,200
0x414135,100%,0,192,192,128,0,0,64
0x41470a,100%,0,384,384,0,0,0,384
0x41b596,100%,0,1000,1000,0,0,0,1000
0x415bf8,100%,0,58,58,58,0,0,0
0x40eb00,100%,0,64,64,0,0,0,64
0x413fa9,100%,0,64,64,0,0,0,64
0x40b175,100%,0,342,342,342,0,0,0
0x41a667,100%,0,128,128,128,0,0,0
0x41b26f,100%,0,1000,1000,1000,0,0,0
0x40ea8d,100%,0,231,231,0,0,0,231
0x410406,100%,0,359,359,0,0,0,359
0x40bab6,100%,0,810,810,540,0,0,270
0x4146ca,100%,0,1152,1152,768,0,0,384
0x4019b9,100%,0,5184,5184,4608,0,0,576
0x407a7e,100%,0,996,996,0,0,0,996
0x40baa5,100%,0,810,810,810,0,0,0
0x40c35d,100%,0,17652,17652,0,0,0,17652
0x40c9a6,100%,0,345,345,0,0,0,345
0x405a0a,100%,0,909,909,0,0,0,909
0x41b3d7,100%,0,1000,1000,1000,0,0,0
0x40ba93,100%,0,810,810,540,0,0,270
0x40994d,100%,0,5868,5868,0,0,0,5868
0x40eacf,100%,0,5184,5184,0,0,0,5184
0x407056,100%,0,1,1,0,0,0,1
0x40d31a,100%,0,67,67,0,0,0,67
0x41b348,100%,0,1000,1000,0,0,0,1000
0x41a475,100%,0,128,128,0,0,0,128
0x40b0a6,100%,0,969,969,646,0,0,323
0x40ea92,100%,0,462,462,231,0,0,231
0x40b045,100%,0,323,323,0,0,0,323
0x41358d,100%,0,6420,6420,3210,0,0,3210
0x407aed,100%,0,61,61,0,0,0,61
0x410cb6,100%,0,441,441,0,0,0,441
0x40e6b0,100%,0,295,295,295,0,0,0
0x403376,100%,0,125,125,0,0,0,125
0x405a46,100%,0,909,909,0,0,0,909
0x401b16,100%,0,576,576,0,0,0,576
0x40eac7,100%,0,576,576,0,0,0,576
0x41b01e,100%,0,1000,1000,1000,0,0,0
0x41768b,100%,0,244,244,244,0,0,0
0x40633a,100%,0,909,909,0,0,0,909
0x40631e,100%,0,909,909,0,0,0,909
0x41b5a8,100%,0,1000,1000,0,0,0,1000
0x40d66e,100%,0,2448,2448,2176,0,0,272
0x410aeb,100%,0,255,255,0,0,0,255
0x417a0c,100%,0,64,64,0,0,0,64
0x40b9a6,100%,0,261,261,0,0,0,261
0x40d001,100%,0,336,336,0,0,0,336
0x40c2cf,100%,0,13893,13893,0,0,0,13893
0x40da23,100%,0,71,71,0,0,0,71
0x4073bd,100%,0,125,125,0,0,0,125
0x402da1,100%,0,86,86,0,0,0,86
0x40e8d2,100%,0,64,64,0,0,0,64
0x40199e,100%,0,5184,5184,0,0,0,5184
0x405823,100%,0,125,125,0,0,0,125
0x4079c7,100%,0,344,344,0,0,0,344
0x40b0fc,100%,0,114,114,0,0,0,114
0x40c889,100%,0,14341,14341,0,0,0,14341
0x402289,100%,0,349,349,349,0,0,0
0x41a594,100%,0,128,128,0,0,0,128
0x41b506,100%,0,1000,1000,1000,0,0,0
0x415107,100%,0,576,576,512,0,0,64
0x41a5a2,100%,0,128,128,128,0,0,0
0x41b2b6,100%,0,1000,1000,1000,0,0,0
0x402d0d,100%,0,86,86,0,0,0,86
0x40cbd8,100%,0,10125,10125,0,0,0,10125
0x40e71d,100%,0,23895,23895,21240,0,0,2655
0x4033d1,100%,0,10125,10125,0,0,0,10125
0x40a8f6,100%,0,125,125,0,0,0,125
0x40e9d8,100%,0,2655,2655,0,0,0,2655
0x40a94c,100%,0,1125,1125,0,0,0,1125
0x413b86,100%,0,372,372,0,0,0,372
0x40eaa1,100%,0,231,231,231,0,0,0
0x401f30,100%,0,23895,23895,0,0,0,23895
0x40b522,100%,0,5923,5923,0,0,0,5923
0x407413,100%,0,1125,1125,0,0,0,1125
0x40ce17,100%,0,520,520,0,0,0,520
0x40d866,100%,0,1078,1078,0,0,0,1078
0x404aa0,100%,0,1125,1125,0,0,0,1125
0x408410,100%,0,4566,4566,0,0,0,4566
0x415cbb,100%,0,174,174,0,0,0,174
0x4173a4,100%,0,131,131,0,0,0,131
0x4033bb,100%,0,1125,1125,0,0,0,1125
0x414025,100%,0,576,576,512,0,0,64
0x40f446,100%,0,234,234,0,0,0,234
0x403423,100%,0,125,125,0,0,0,125
0x41b124,100%,0,1000,1000,1000,0,0,0
0x40bf2a,100%,0,13895,13895,0,0,0,13895
0x40b1a9,100%,0,259,259,0,0,0,259
0x40dd1f,100%,0,9,9,8,0,0,1
0x408ba7,100%,0,273,273,0,0,0,273
0x40404a,100%,0,1125,1125,0,0,0,1125
0x414a06,100%,0,128,128,0,0,0,128
0x40d2da,100%,0,70,70,0,0,0,70
0x40d336,100%,0,67,67,67,0,0,0
0x40afde,100%,0,348,348,0,0,0,348
0x41b16f,100%,0,1000,1000,0,0,0,1000
0x40d761,100%,0,272,272,0,0,0,272
0x41b178,100%,0,1000,1000,0,0,0,1000
0x40b81e,100%,0,5923,5923,0,0,0,5923
0x41afe7,100%,0,1000,1000,1000,0,0,0
0x40c22e,100%,0,13894,13894,0,0,0,13894
0x40b8fd,100%,0,333,333,0,0,0,333
0x4086f3,100%,0,909,909,0,0,0,909
0x402102,100%,0,1125,1125,0,0,0,1125
0x40497f,100%,0,1125,1125,0,0,0,1125
0x40ea44,100%,0,231,231,0,0,0,231
0x4149e1,100%,0,128,128,0,0,0,128
0x408a96,100%,0,681,681,0,0,0,681
0x417424,100%,0,29,29,0,0,0,29
0x4071d4,100%,0,3,3,0,0,0,3
0x406f49,100%,0,3,3,0,0,0,3
0x40cdff,100%,0,520,520,0,0,0,520
0x41b59e,100%,0,1000,1000,0,0,0,1000
0x40dde9,100%,0,2655,2655,0,0,0,2655
0x40b896,100%,0,432,432,0,0,0,432
0x404f46,100%,0,500,500,0,0,0,500
0x4179c4,100%,0,208,208,0,0,0,208
0x46fe4f,100%,0,256,256,192,0,0,64
0x46fe6e,100%,0,270,270,0,0,0,270
0x40ba41,100%,0,270,270,0,0,0,270
0x40e17e,100%,0,23840,23840,0,0,0,23840
0x414055,100%,0,576,576,512,0,0,64
0x40eaeb,100%,0,576,576,512,0,0,64
0x41b2ab,100%,0,1000,1000,0,0,0,1000
0x41a4c0,100%,0,128,128,128,0,0,0
0x40aa69,100%,0,5917,5917,0,0,0,5917
0x41a530,100%,0,128,128,0,0,0,128
0x4020bb,100%,0,1125,1125,0,0,0,1125
0x4117ab,100%,0,606,606,0,0,0,606
