Branch PC,Accuracy,Mispredictions,Correct Predictions,Total,dir_t_pred_t,dir_t_pred_nt,dir_nt_pred_t,dir_nt_pred_nt
aggregate,99.6206%,96702,25388141,25484843,15698870,43416,53286,9689271
0x411cdb,98.3053%,17912,1039036,1056948,961547,7651,10261,77489
0x411480,98.5584%,10593,724237,734830,620641,4687,5906,103596
0x41104e,98.5516%,9843,669734,679577,588629,4029,5814,81105
0x4120ef,98.9642%,7931,757734,765665,727776,3193,4738,29958
0x412633,97.6721%,7654,321141,328795,50765,4221,3433,270376
0x412d38,99.1514%,6497,759158,765655,674939,2976,3521,84219
0x4118ce,98.7071%,5275,402730,408005,284313,2403,2872,118417
0x410794,98.5839%,4191,291763,295954,232379,2029,2162,59384
0x412e6e,99.6285%,3927,1053011,1056938,933815,1843,2084,119196
0x412fb0,99.0728%,3783,404213,407996,296839,1664,2119,107374
0x41321e,99.5591%,2996,676572,679568,602620,1443,1553,73952
0x410341,98.8719%,2452,214900,217352,33737,1317,1135,181163
0x4130f0,99.7021%,2189,732632,734821,646849,1062,1127,85783
0x4134a1,99.3806%,1833,294112,295945,260015,885,948,34097
0x410c08,99.1356%,1519,174205,175724,99474,736,783,74731
0x41ac73,94.8262%,1021,18713,19734,17021,545,476,1692
0x41ae23,95.512%,781,16621,17402,16454,100,681,167
0x4123df,98.3802%,562,34134,34696,32917,188,374,1217
0x413360,99.7211%,490,175225,175715,113979,199,291,61246
0x4135e8,99.7948%,446,216897,217343,192462,222,224,24435
0x41acba,99.1537%,167,19567,19734,15399,49,118,4168
0x411dc7,99.9259%,65,87685,87750,39647,29,36,48038
0x412024,99.9328%,59,87681,87740,39639,30,29,48042
0x411cfc,99.9442%,49,87701,87750,2923,21,28,84778
0x4119ca,99.9629%,45,121244,121289,54750,17,28,66494
0x411c44,99.9629%,45,121235,121280,54742,19,26,66493
0x401dc4,73.6842%,45,126,171,111,12,33,15
0x401ce3,74.8538%,43,128,171,27,26,17,101
0x409b7f,72.4359%,43,113,156,10,26,17,103
0x411b94,99.9636%,42,115497,115539,115318,24,18,179
0x40c713,77.957%,41,145,186,140,10,31,5
0x4114c1,99.9635%,40,109462,109502,6222,22,18,103240
0x40bdac,79.0323%,39,147,186,0,36,3,147
0x40c3fc,79.5699%,38,148,186,7,29,9,141
0x411d18,99.9552%,38,84768,84806,84368,10,28,400
0x41212f,99.8835%,37,31716,31753,30968,11,26,748
0x40c0b8,81.1828%,35,151,186,144,6,29,7
0x409b47,87.037%,35,235,270,101,13,22,134
0x401d33,79.5322%,35,136,171,31,24,11,105
0x411c1e,99.9908%,32,346388,346420,230865,16,16,115523
0x406c9b,85.1852%,32,184,216,89,16,16,95
0x4108ba,99.9496%,31,61515,61546,11955,8,23,49560
0x41108f,99.9655%,30,86889,86919,4682,19,11,82207
0x410473,99.9173%,29,35025,35054,10332,6,23,24693
0x410fb4,99.9616%,29,75476,75505,23865,4,25,51611
0x412629,99.9634%,29,79231,79260,15826,11,18,63405
0x4103c4,99.905%,28,29450,29478,29331,8,20,119
0x411f7a,99.9682%,27,84770,84797,84354,18,9,416
0x412645,99.9901%,27,273782,273809,8433,4,23,265349
0x412fbe,99.9364%,27,42444,42471,5919,6,21,36525
0x412660,99.9619%,27,70796,70823,65164,19,8,5632
0x410809,99.9496%,27,53530,53557,53396,13,14,134
0x40218b,81.9444%,26,118,144,19,15,11,99
0x410c59,99.9656%,26,75488,75514,16551,20,6,58937
0x40b308,95.9938%,26,623,649,0,19,7,623
0x415803,73.1959%,26,71,97,47,15,11,24
0x411923,99.9775%,26,115521,115547,115335,12,14,186
0x41158a,99.9772%,25,109477,109502,42470,7,18,67007
0x40840b,60.3175%,25,38,63,1,14,11,37
0x402c4d,85.1852%,24,138,162,22,16,8,116
0x41260c,99.9275%,24,33081,33105,19010,18,6,14071
0x40f66f,84.6154%,24,132,156,124,7,17,8
0x411309,99.9735%,23,86887,86910,4690,10,13,82197
0x41175c,99.9777%,23,103227,103250,103051,5,18,176
0x40bcce,96.4561%,23,626,649,1,18,5,625
0x406a70,71.6049%,23,58,81,4,15,8,54
0x411814,99.979%,23,109470,109493,42454,17,6,67016
0x4097ea,71.6049%,23,58,81,5,14,9,53
0x410e3d,99.9811%,22,116168,116190,58088,7,15,58080
0x4113c4,99.9747%,22,86888,86910,26511,10,12,60377
0x41ad1f,99.7117%,22,7610,7632,6773,11,11,837
0x411edd,99.9895%,22,209966,209988,104984,10,12,104982
0x407968,72.1519%,22,57,79,16,14,8,41
0x40aa4d,96.6102%,22,627,649,1,18,4,626
0x401cf1,87.7193%,21,150,171,145,7,14,5
0x41308d,99.9904%,21,219255,219276,109620,18,3,109635
0x4131cd,99.983%,21,123555,123576,61775,13,8,61780
0x4114dd,99.9797%,21,103237,103258,103056,5,16,181
0x41292e,99.9771%,21,91683,91704,60906,14,7,30777
0x410c75,99.9644%,21,58922,58943,58787,15,6,135
0x406cc6,81.0811%,21,90,111,14,12,9,76
0x409d02,72.3684%,21,55,76,47,8,13,8
0x410b54,99.9675%,20,61517,61537,11953,4,16,49564
0x41295a,99.9396%,20,33076,33096,18947,9,11,14129
0x4157fb,75.3086%,20,61,81,1,18,2,60
0x410f8e,99.9892%,19,176648,176667,117722,10,9,58926
0x41115f,99.9781%,19,86900,86919,26522,5,14,60378
0x411aed,99.9937%,19,301919,301938,150962,7,12,150957
0x412a4e,99.977%,19,82547,82566,41279,4,15,41268
0x402577,86.8056%,19,125,144,121,5,14,4
0x401a84,76.5432%,19,62,81,5,14,5,57
0x411b78,99.9843%,19,121261,121280,5732,9,10,115529
0x40de8a,94.1358%,19,305,324,64,12,7,241
0x410cee,99.9892%,19,176669,176688,117737,8,11,58932
0x411a06,99.9653%,19,54748,54767,4437,7,12,50311
0x411b29,99.9843%,19,121270,121289,121270,19,0,0
0x40f2d5,81.25%,18,78,96,77,3,15,1
0x405b15,71.4286%,18,45,63,4,11,7,41
0x411740,99.9836%,18,109475,109493,6237,6,12,103238
0x4117ee,99.9942%,18,309538,309556,206293,13,5,103245
0x411f5e,99.9806%,17,87723,87740,2941,2,15,84782
0x401cae,79.0123%,17,64,81,57,5,12,7
0x402745,88.1944%,17,127,144,18,16,1,109
0x412e7c,99.969%,17,54744,54761,4438,3,14,50306
0x412113,99.951%,17,34679,34696,2942,1,16,31737
0x4132fd,99.9862%,16,116156,116172,58076,10,6,58080
0x4087ef,74.6032%,16,47,63,2,13,3,45
0x41223d,99.9539%,16,34680,34696,20540,13,3,14140
0x412d46,99.9597%,16,39653,39669,4670,5,11,34983
0x412e1d,99.9924%,16,209948,209964,104975,7,9,104973
0x411ffe,99.9941%,15,253951,253966,169156,13,2,84795
0x412276,99.927%,15,20538,20553,6157,1,14,14381
0x409cc8,79.7297%,15,59,74,7,11,4,52
0x401df5,81.4815%,15,66,81,66,6,9,0
0x40c657,91.9355%,15,171,186,119,5,10,52
0x41ae1d,99.9094%,15,16539,16554,3339,7,8,13200
0x4089f0,62.5%,15,25,40,2,7,8,23
0x412f4d,99.995%,15,301905,301920,150953,7,8,150952
0x412b1c,99.9559%,14,31730,31744,30965,8,6,765
0x4063e7,77.7778%,14,49,63,4,11,3,45
0x40f685,44%,14,11,25,9,7,7,2
0x41241f,99.9545%,14,30778,30792,30137,4,10,641
0x410aa1,99.9739%,14,53535,53549,53397,7,7,138
0x41155e,99.9955%,14,309563,309577,206308,11,3,103255
0x407353,93.5185%,14,202,216,184,8,6,18
0x412c00,99.9319%,14,20532,20546,6149,6,8,14383
0x4125dd,99.983%,14,82576,82590,41289,6,8,41287
0x409bbc,88.3333%,14,106,120,103,3,11,3
0x412ca6,99.9676%,14,43159,43173,0,0,14,43159
0x41126d,99.9887%,14,123580,123594,61790,7,7,61790
0x40a83e,95.1852%,13,257,270,239,1,12,18
0x4084d5,79.3651%,13,50,63,50,4,9,0
0x410d1a,99.9828%,13,75501,75514,23869,6,7,51632
0x407aa0,82.8947%,13,63,76,12,8,5,51
0x410b02,99.9757%,13,53536,53549,0,0,13,53536
0x406209,79.3651%,13,50,63,50,4,9,0
0x4115c6,99.9694%,13,42464,42477,5924,4,9,36540
0x41139e,99.9947%,13,246456,246469,164247,12,1,82209
0x41153a,99.9874%,13,103245,103258,0,0,13,103245
0x407a87,80%,13,52,65,15,5,8,37
0x415138,83.9506%,13,68,81,59,3,10,9
0x416203,85.1852%,12,69,81,68,4,8,1
0x403608,91.6667%,12,132,144,128,2,10,4
0x410e10,99.9793%,12,58083,58095,0,0,12,58083
0x4079b2,60%,12,18,30,3,4,8,15
0x40df85,96.2963%,12,312,324,284,4,8,28
0x409c9f,88.8889%,12,96,108,28,6,6,68
0x40f714,55.5556%,12,15,27,13,5,7,2
0x4040f5,91.6667%,12,132,144,129,1,11,3
0x40332e,92.5926%,12,150,162,143,1,11,7
0x411ac0,99.9921%,12,150957,150969,0,0,12,150957
0x413011,99.9891%,12,109626,109638,109626,12,0,0
0x411325,99.9866%,11,82199,82210,82046,3,8,153
0x4117bf,99.9893%,11,103239,103250,0,0,11,103239
0x409dc4,89.8148%,11,97,108,94,2,9,3
0x412a5f,99.9734%,11,41272,41283,27516,6,5,13756
0x41247a,99.9643%,11,30781,30792,0,0,11,30781
0x410e76,99.9854%,11,75503,75514,75503,11,0,0
0x409965,82.2581%,11,51,62,49,3,8,2
0x41086a,99.9795%,11,53546,53557,0,0,11,53546
0x40950d,72.5%,11,29,40,28,3,8,1
0x411e06,99.9723%,11,39665,39676,4674,4,7,34991
0x4121ae,99.9884%,11,94474,94485,62726,6,5,31748
0x409acd,87.7778%,11,79,90,55,5,6,24
0x40d89e,50%,11,11,22,0,5,6,11
0x411f12,99.9875%,11,87739,87750,87739,11,0,0
0x4116c2,99.9909%,10,109637,109647,73091,7,3,36546
0x41306c,99.9909%,10,109628,109638,0,0,10,109628
0x406c35,86.1111%,10,62,72,43,5,5,19
0x412df6,99.9905%,10,104972,104982,0,0,10,104972
0x4083d5,74.359%,10,29,39,28,3,7,1
0x4105c3,99.9715%,10,35044,35054,35044,10,0,0
0x41112e,99.9959%,10,246480,246490,164270,2,8,82210
0x40689c,64.2857%,10,18,28,17,4,6,1
0x41309e,99.9909%,10,109628,109638,73087,5,5,36541
0x403c3c,84.8485%,10,56,66,50,2,8,6
0x41124a,99.9838%,10,61787,61797,0,0,10,61787
0x409c5b,72.2222%,10,26,36,21,3,7,5
0x41088e,99.9938%,10,160513,160523,106959,7,3,53554
0x405b65,79.1667%,10,38,48,38,4,6,0
0x411eba,99.9905%,10,104984,104994,0,0,10,104984
0x412bae,99.9894%,10,94451,94461,62715,2,8,31736
0x401d41,94.152%,10,161,171,150,2,8,11
0x411680,99.9909%,10,109637,109647,0,0,10,109637
0x404bfc,93.662%,9,133,142,122,2,7,11
0x41043e,99.9898%,9,88286,88295,58812,5,4,29474
0x411196,99.9661%,9,26518,26527,5925,3,6,20593
0x4110ab,99.9891%,9,82209,82218,82054,0,9,155
0x401de2,84.2105%,9,48,57,35,3,6,13
0x4132d8,99.9845%,9,58077,58086,0,0,9,58077
0x4068d3,85.7143%,9,54,63,52,2,7,2
0x4107ed,99.9854%,9,61537,61546,7985,4,5,53552
0x412cde,99.9792%,9,43164,43173,28780,2,7,14384
0x40738b,88.8889%,9,72,81,72,0,9,0
0x401ad6,88.8889%,9,72,81,69,3,6,3
0x406b90,85.4839%,9,53,62,53,1,8,0
0x408879,81.25%,9,39,48,38,1,8,1
0x4078de,76.9231%,9,30,39,2,7,2,28
0x40babf,88.8889%,9,72,81,69,3,6,3
0x407765,81.25%,9,39,48,2,6,3,37
0x41267d,99.9728%,9,33096,33105,33096,8,1,0
0x411d8e,99.9965%,9,253981,253990,169178,6,3,84803
0x4124bf,99.9728%,9,33096,33105,18956,6,3,14140
0x409574,85.7143%,9,54,63,54,0,9,0
0x412853,99.9635%,9,24656,24665,5,2,7,24651
0x411b02,99.9947%,8,150961,150969,100640,6,2,50321
0x406ced,90.5882%,8,77,85,54,2,6,23
0x4130fe,99.9698%,8,26513,26521,5923,2,6,20590
0x403c89,94.4444%,8,136,144,125,1,7,11
0x410cca,99.9864%,8,58935,58943,0,0,8,58935
0x411907,99.9934%,8,121281,121289,5739,3,5,115542
0x402a91,94.4444%,8,136,144,125,1,7,11
0x410ef9,99.9864%,8,58927,58935,58794,3,5,133
0x4106ce,99.9909%,8,88266,88274,58801,3,5,29465
0x412372,99.9815%,8,43177,43185,28785,5,3,14392
0x410edd,99.9894%,8,75497,75505,16567,3,5,58930
0x406482,71.4286%,8,20,28,2,5,3,18
0x410e52,99.9862%,8,58087,58095,38725,5,3,19362
0x4103a8,99.9772%,8,35046,35054,5574,2,6,29472
0x412903,99.974%,8,30776,30784,0,0,8,30776
0x402e51,63.6364%,8,14,22,1,4,4,13
0x407a57,72.4138%,8,21,29,6,3,5,15
0x40d15f,57.8947%,8,11,19,1,5,3,10
0x40d145,69.2308%,8,18,26,2,5,3,16
0x40a88e,90.1235%,8,73,81,72,0,8,1
0x40645c,83.3333%,8,40,48,39,2,6,1
0x41344e,99.9685%,7,22241,22248,14825,7,0,7416
0x410629,99.98%,7,35038,35045,5574,1,6,29464
0x411d6a,99.9917%,7,84799,84806,0,0,7,84799
0x40b22f,91.358%,7,74,81,70,2,5,4
0x409d5f,87.037%,7,47,54,40,1,6,7
0x4128a0,99.9773%,7,30777,30784,30133,3,4,644
0x40417c,90.7895%,7,69,76,69,3,4,0
0x411e51,99.9933%,7,104987,104994,104987,7,0,0
0x412da1,99.9933%,7,104975,104982,104975,7,0,0
0x4046f4,90.7895%,7,69,76,60,2,5,9
0x40564b,89.8551%,7,62,69,51,1,6,11
0x40f567,91.358%,7,74,81,74,4,3,0
0x412403,99.9789%,7,33098,33105,2313,0,7,30785
0x4106ec,99.98%,7,35038,35045,10329,3,4,24709
0x412f5e,99.9954%,7,150953,150960,100636,4,3,50317
0x41199e,99.998%,7,346434,346441,230890,4,3,115544
0x40d3ca,90.2778%,7,65,72,63,1,6,2
0x410b2e,99.9956%,7,160495,160502,106947,6,1,53548
0x4109dd,99.9865%,6,44508,44514,22255,2,4,22253
0x40f702,92.5926%,6,75,81,51,3,3,24
0x4122e1,99.9861%,6,43179,43185,43179,6,0,0
0x409d27,92.2078%,6,71,77,51,3,3,20
0x41343d,99.9865%,6,44490,44496,22246,2,4,22244
0x41336e,99.9498%,6,11951,11957,4539,2,4,7412
0x41197a,99.9948%,6,115541,115547,0,0,6,115541
0x40f41e,80.6452%,6,25,31,25,0,6,0
0x40ff91,99.9757%,6,24662,24668,0,0,6,24662
0x41041a,99.9796%,6,29472,29478,0,0,6,29472
0x412832,99.9819%,6,33098,33104,8437,0,6,24661
0x412b00,99.9827%,6,34680,34686,2938,4,2,31742
0x41249e,99.9935%,6,91719,91725,60931,2,4,30788
0x411fdd,99.9929%,6,84791,84797,0,0,6,84791
0x410a85,99.9902%,6,61531,61537,7986,2,4,53545
0x4061a4,81.25%,6,26,32,25,1,5,1
0x410a16,99.9903%,6,61540,61546,61540,6,0,0
0x40db1a,91.6667%,6,66,72,62,2,4,4
0x411bef,99.9948%,6,115533,115539,0,0,6,115533
0x405c52,75%,6,18,24,18,2,4,0
0x410645,99.9796%,6,29464,29470,29329,5,1,135
0x407ac7,70%,6,14,20,14,2,4,0
0x40e8b4,92.5926%,6,75,81,69,3,3,6
0x40d884,82.7586%,5,24,29,3,4,1,21
0x412ed1,99.9967%,5,150955,150960,150955,5,0,0
0x41058d,99.9783%,5,23059,23064,11529,3,2,11530
0x41515a,93.8272%,5,76,81,70,2,3,6
0x410dc1,99.9914%,5,58090,58095,58090,5,0,0
0x40369c,92.4242%,5,61,66,61,1,4,0
0x40279d,99.4949%,5,985,990,876,4,1,109
0x40de09,86.1111%,5,31,36,31,1,4,0
0x405c10,84.375%,5,27,32,4,4,1,23
0x41218a,99.9843%,5,31748,31753,0,0,5,31748
0x40ced6,93.0556%,5,67,72,67,0,5,0
0x4124f6,99.9736%,5,18957,18962,5195,2,3,13762
0x40bfff,97.3118%,5,181,186,123,1,4,58
0x402e2f,83.3333%,5,25,30,7,1,4,18
0x40a96b,99.6571%,5,1453,1458,1295,1,4,158
0x412f2c,99.9967%,5,150955,150960,0,0,5,150955
0x40f72e,44.4444%,5,4,9,4,2,3,0
0x40d8e0,70.5882%,5,12,17,12,1,4,0
0x413566,99.9566%,5,11518,11523,0,0,5,11518
0x405c98,54.5455%,5,6,11,2,2,3,4
0x412c51,99.9884%,5,43168,43173,43168,5,0,0
0x40c953,97.3118%,5,181,186,122,2,3,59
0x40d632,93.0556%,5,67,72,67,0,5,0
0x409bf9,64.2857%,5,9,14,9,0,5,0
0x409c15,75%,5,15,20,0,4,1,15
0x4112a5,99.9954%,4,86915,86919,86915,4,0,0
0x40d1a3,69.2308%,4,9,13,9,0,4,0
0x40a977,97.5309%,4,158,162,142,2,2,16
0x40736f,94.4444%,4,68,72,63,1,3,5
0x41127e,99.9935%,4,61793,61797,41196,2,2,20597
0x412e2e,99.9962%,4,104978,104982,69985,3,1,34993
0x40ca9e,95.0617%,4,77,81,71,1,3,6
0x40c9fb,77.7778%,4,14,18,11,2,2,3
0x402ca5,96.7742%,4,120,124,120,2,2,0
0x40473e,97.2222%,4,140,144,126,0,4,14
0x40e67f,66.6667%,4,8,12,6,2,2,2
0x41abe6,99.7642%,4,1692,1696,845,3,1,847
0x40e146,88.8889%,4,32,36,30,2,2,2
0x40cbf3,97.5309%,4,158,162,143,1,3,15
0x4116e9,99.9963%,4,109498,109502,109498,4,0,0
0x4108f6,99.9666%,4,11959,11963,4543,1,3,7416
0x4104b6,99.9613%,4,10334,10338,6491,3,1,3843
0x4116ad,99.9982%,4,219290,219294,109643,4,0,109647
0x41a64a,77.7778%,4,14,18,14,2,2,0
0x41322c,99.9832%,4,23865,23869,4505,2,2,19360
0x40bcdd,99.3651%,4,626,630,422,4,0,204
0x40daca,86.2069%,4,25,29,23,1,3,2
0x4040ae,97.2222%,4,140,144,0,0,4,140
0x40ca24,93.3333%,4,56,60,56,2,2,0
0x40565c,97.1631%,4,137,141,14,3,1,123
0x40e729,88.8889%,4,32,36,30,2,2,2
0x4019b9,95.0617%,4,77,81,72,0,4,5
0x412a20,99.9903%,4,41279,41283,0,0,4,41279
0x412bcc,99.9885%,4,34682,34686,20542,4,0,14140
0x40a862,95.5556%,4,86,90,80,0,4,6
0x402ef2,86.2069%,4,25,29,25,1,3,0
0x4027b2,96.3636%,4,106,110,106,2,2,0
0x40c2fb,97.8495%,4,182,186,122,2,2,60
0x40450c,0%,4,0,4,0,2,2,0
0x412330,99.9907%,4,43181,43185,0,0,4,43181
0x40ea11,88.8889%,4,32,36,32,0,4,0
0x4131de,99.9951%,3,61785,61788,41190,2,1,20595
0x408b27,88.8889%,3,24,27,24,0,3,0
0x4033ed,99.7942%,3,1455,1458,1295,1,2,160
0x412466,99.5392%,3,648,651,0,0,3,648
0x4125f2,99.9927%,3,41292,41295,27527,3,0,13765
0x408b7c,88.8889%,3,24,27,24,0,3,0
0x40ced1,99.537%,3,645,648,575,1,2,70
0x41137f,99.9964%,3,82207,82210,0,0,3,82207
0x40d37d,88.4615%,3,23,26,20,1,2,3
0x4027e0,78.5714%,3,11,14,1,2,1,10
0x40224b,66.6667%,3,6,9,1,1,2,5
0x403690,99.4949%,3,591,594,525,3,0,66
0x40aa5c,99.5238%,3,627,630,565,3,0,62
0x4146ca,83.3333%,3,15,18,12,0,3,3
0x41358d,99.987%,3,23043,23046,11523,0,3,11520
0x4031d6,66.6667%,3,6,9,4,2,1,2
0x401e2c,66.6667%,3,6,9,6,2,1,0
0x409d0d,85.7143%,3,18,21,1,0,3,17
0x402e78,82.3529%,3,14,17,13,1,2,1
0x40791d,98.8889%,3,267,270,239,1,2,28
0x406d49,40%,3,2,5,0,2,1,2
0x40844d,99.3056%,3,429,432,384,0,3,45
0x40de9b,98.7903%,3,245,248,0,0,3,245
0x40cada,66.6667%,3,6,9,5,1,2,1
0x406d2d,89.6552%,3,26,29,26,1,2,0
0x406d21,98.8506%,3,258,261,230,2,1,28
0x412884,99.9909%,3,33093,33096,2311,1,2,30782
0x4048c9,83.3333%,3,15,18,15,1,2,0
0x40285c,78.5714%,3,11,14,11,1,2,0
0x41ad47,99.9646%,3,8477,8480,7629,3,0,848
0x40b317,99.5238%,3,627,630,566,2,1,61
0x410d56,99.9874%,3,23872,23875,4510,0,3,19362
0x4021cd,99.697%,3,987,990,877,3,0,110
0x40c9a2,95.1613%,3,59,62,59,1,2,0
0x45c353,99.6479%,3,849,852,0,0,3,849
0x40f2eb,81.25%,3,13,16,13,0,3,0
0x407aff,89.6552%,3,26,29,20,2,1,6
0x4089ff,98.9247%,3,276,279,246,2,1,30
0x40e1e0,99.8971%,3,2913,2916,2591,1,2,322
0x401f62,99.0741%,3,321,324,288,0,3,33
0x40eaeb,66.6667%,3,6,9,6,2,1,0
0x412176,99.6124%,3,771,774,0,0,3,771
0x405360,25%,3,1,4,1,1,2,0
0x405b5d,99.3056%,3,429,432,381,3,0,48
0x41235d,99.9965%,3,86367,86370,43182,3,0,43185
0x40763c,96.2963%,3,78,81,71,1,2,7
0x45a267,99.6479%,3,849,852,849,3,0,0
0x4058b5,83.3333%,3,15,18,15,1,2,0
0x41110a,99.9964%,3,82215,82218,0,0,3,82215
0x402ea9,33.3333%,2,1,3,1,1,1,0
0x408a76,33.3333%,2,1,3,1,1,1,0
0x40e8a8,99.7257%,2,727,729,648,0,2,79
0x4064c2,90.4762%,2,19,21,19,0,2,0
0x40cbff,88.8889%,2,16,18,16,0,2,0
0x40bab6,66.6667%,2,4,6,4,0,2,0
0x4086ee,97.5309%,2,79,81,72,0,2,7
0x403015,77.7778%,2,7,9,6,0,2,1
0x46fda7,97.3684%,2,74,76,3,1,1,71
0x413281,99.9966%,2,58084,58086,58084,2,0,0
0x40c2cf,98.6667%,2,148,150,0,0,2,148
0x4157c7,99.177%,2,241,243,162,0,2,79
0x409b92,99.8148%,2,1078,1080,960,0,2,118
0x413619,0%,2,0,2,0,1,1,0
0x402595,88.8889%,2,16,18,15,1,1,1
0x40e9f4,99.9314%,2,2914,2916,2591,1,1,323
0x41ac79,99.9077%,2,2166,2168,2166,2,0,0
0x40afcd,96.7742%,2,60,62,60,0,2,0
0x40e7ee,50%,2,2,4,2,1,1,0
0x41adab,99.9705%,2,6782,6784,6782,2,0,0
0x40e62a,99.3827%,2,322,324,288,0,2,34
0x40b034,0%,2,0,2,0,1,1,0
0x40ca95,88.8889%,2,16,18,15,1,1,1
0x4015c1,97.5309%,2,79,81,71,1,1,8
0x40acb8,99.9602%,2,5020,5022,4462,2,0,558
0x413418,99.991%,2,22246,22248,0,0,2,22246
0x4125b0,99.9952%,2,41293,41295,0,0,2,41293
0x40ca76,88.8889%,2,16,18,13,0,2,3
0x4022cc,77.7778%,2,7,9,7,0,2,0
0x40ca1a,88.8889%,2,16,18,15,1,1,1
0x40ea3f,50%,2,2,4,0,1,1,2
0x411a71,99.9987%,2,150967,150969,150967,2,0,0
0x410961,99.991%,2,22255,22257,22255,2,0,0
0x411eee,99.9981%,2,104992,104994,69995,1,1,34997
0x40ea00,99.3827%,2,322,324,287,1,1,35
0x409df7,94.4444%,2,34,36,32,0,2,2
0x403273,77.7778%,2,7,9,7,0,2,0
0x458d85,99.7653%,2,850,852,0,0,2,850
0x40b885,96.7742%,2,60,62,60,0,2,0
0x41059e,99.9827%,2,11530,11532,7687,1,1,3843
0x417904,77.7778%,2,7,9,7,1,1,0
0x4109f2,99.991%,2,22255,22257,14836,2,0,7419
0x40eadd,97.5309%,2,79,81,72,0,2,7
0x415107,77.7778%,2,7,9,7,1,1,0
0x40db5c,75%,2,6,8,6,1,1,0
0x402e9d,92.5926%,2,25,27,24,0,2,1
0x40f2b3,96.875%,2,62,64,32,0,2,30
0x40d920,50%,2,2,4,1,1,1,1
0x405638,0%,2,0,2,0,1,1,0
0x40f6f2,98.7179%,2,154,156,78,0,2,76
0x409d32,91.3043%,2,21,23,0,1,1,21
0x401dd6,98.8304%,2,169,171,113,1,1,56
0x401b2c,77.7778%,2,7,9,7,1,1,0
0x40f2f5,33.3333%,2,1,3,1,1,1,0
0x40340f,88.8889%,2,16,18,16,0,2,0
0x411631,99.9982%,2,109645,109647,109645,2,0,0
0x4134b7,99.9806%,2,10330,10332,6490,1,1,3840
0x40227d,96.8254%,2,61,63,55,1,1,6
0x4058a9,98.7654%,2,160,162,144,0,2,16
0x407455,88.8889%,2,16,18,16,0,2,0
0x413ff5,77.7778%,2,7,9,7,1,1,0
0x45c3bb,99.7653%,2,850,852,0,0,2,850
0x413d30,77.7778%,2,7,9,6,2,0,1
0x402de7,84.6154%,2,11,13,9,0,2,2
0x40e066,99.3827%,2,322,324,322,2,0,0
0x40f258,71.4286%,2,5,7,0,0,2,5
0x4057b5,88.8889%,2,16,18,12,0,2,4
0x412ac8,99.9942%,2,34684,34686,0,0,2,34684
0x404d3c,97.1429%,2,68,70,66,0,2,2
0x401aef,77.7778%,2,7,9,7,1,1,0
0x401f73,94.4444%,2,34,36,32,0,2,2
0x4021d2,98.1818%,2,108,110,108,0,2,0
0x4064b6,98.9418%,2,187,189,167,1,1,20
0x407449,98.7654%,2,160,162,144,0,2,16
0x409cdb,99.6032%,2,502,504,448,0,2,54
0x404170,99.7076%,2,682,684,608,0,2,74
0x40eb1b,77.7778%,2,7,9,7,1,1,0
0x412ccd,99.9977%,2,86344,86346,43173,0,2,43171
0x402c9d,99.8208%,2,1114,1116,992,0,2,122
0x409840,99.6416%,2,556,558,496,0,2,60
0x45c3c7,99.7653%,2,850,852,0,0,2,850
0x41ac53,99.9738%,2,7630,7632,4193,1,1,3437
0x4033f9,98.7654%,2,160,162,144,0,2,16
0x412561,99.9952%,2,41293,41295,41293,2,0,0
0x45a255,99.7653%,2,850,852,0,0,2,850
0x4056ff,77.7778%,2,7,9,7,1,1,0
0x408a57,93.5484%,2,29,31,29,0,2,0
0x4129d1,99.9952%,2,41281,41283,41281,2,0,0
0x40a983,88.8889%,2,16,18,16,0,2,0
0x40d414,75%,2,6,8,6,1,1,0
0x40743d,99.8628%,2,1456,1458,1295,1,1,161
0x408bb9,50%,2,2,4,1,1,1,1
0x414270,77.7778%,2,7,9,7,1,1,0
0x414055,77.7778%,2,7,9,7,1,1,0
0x408837,99.537%,2,430,432,383,1,1,47
0x41ac10,99.8821%,2,1694,1696,846,2,0,848
0x409d70,98.2906%,2,115,117,103,1,1,12
0x40d62d,99.6914%,2,646,648,574,2,0,72
0x4030b3,77.7778%,2,7,9,5,1,1,2
0x402f3f,88.8889%,1,8,9,8,0,1,0
0x41482e,83.3333%,1,5,6,4,0,1,1
0x409938,99.4624%,1,185,186,124,0,1,61
0x40c5ef,99.9259%,1,1349,1350,1199,1,0,150
0x40eb6a,88.8889%,1,8,9,8,0,1,0
0x401f94,75%,1,3,4,2,0,1,1
0x41789f,66.6667%,1,2,3,2,0,1,0
0x4040f0,99.9228%,1,1295,1296,1151,1,0,144
0x4030bf,66.6667%,1,2,3,2,0,1,0
0x40f124,88.8889%,1,8,9,8,0,1,0
0x40bcf4,99.5098%,1,203,204,142,0,1,61
0x40dd9d,75%,1,3,4,0,0,1,3
0x40eb5e,98.7654%,1,80,81,71,1,0,9
0x413a10,50%,1,1,2,0,0,1,1
0x40ce88,98.6111%,1,71,72,0,0,1,71
0x40b986,83.3333%,1,5,6,3,1,0,2
0x414202,50%,1,1,2,1,0,1,0
0x403111,88.8889%,1,8,9,8,0,1,0
0x40e92a,98.7654%,1,80,81,72,0,1,8
0x40b15b,83.3333%,1,5,6,4,0,1,1
0x40c8fb,99.9259%,1,1349,1350,1199,1,0,150
0x40193f,0%,1,0,1,0,0,1,0
0x40334d,94.4444%,1,17,18,16,0,1,1
0x417924,88.8889%,1,8,9,0,0,1,8
0x4084e1,88.8889%,1,8,9,8,0,1,0
0x4019c5,88.8889%,1,8,9,8,0,1,0
0x40defd,99.9552%,1,2231,2232,1983,1,0,248
0x4141b4,66.6667%,1,2,3,2,0,1,0
0x4015d6,88.8889%,1,8,9,8,0,1,0
0x40d1cf,97.2222%,1,35,36,32,0,1,3
0x4177d3,88.8889%,1,8,9,0,0,1,8
0x40589d,99.9314%,1,1457,1458,1296,0,1,161
0x40621c,88.8889%,1,8,9,8,0,1,0
0x406335,98.7654%,1,80,81,72,0,1,8
0x40bf9f,99.9259%,1,1349,1350,1199,1,0,150
0x404045,99.3827%,1,161,162,144,0,1,17
0x403284,88.8889%,1,8,9,6,0,1,2
0x40e936,88.8889%,1,8,9,8,0,1,0
0x40d1db,75%,1,3,4,2,0,1,1
0x40c889,99.3333%,1,149,150,0,0,1,149
0x41069d,99.9966%,1,29469,29470,0,0,1,29469
0x40bae1,88.8889%,1,8,9,8,0,1,0
0x40ddfd,99.6914%,1,323,324,287,1,0,36
0x401f1b,97.2222%,1,35,36,0,0,1,35
0x40cf0a,97.7778%,1,44,45,39,1,0,5
0x412b7d,99.9968%,1,31743,31744,0,0,1,31743
0x46fe6e,75%,1,3,4,0,0,1,3
0x40d122,99.5726%,1,233,234,208,0,1,25
0x402ece,88.8889%,1,8,9,8,0,1,0
0x408b40,75%,1,3,4,3,0,1,0
0x40a992,50%,1,1,2,1,0,1,0
0x40cdff,87.5%,1,7,8,0,0,1,7
0x413151,99.9984%,1,61787,61788,61787,1,0,0
0x401b23,98.7654%,1,80,81,72,0,1,8
0x40cb1f,66.6667%,1,2,3,2,0,1,0
0x4158e4,98.7654%,1,80,81,79,0,1,1
0x4177e0,88.8889%,1,8,9,8,0,1,0
0x414ffe,88.8889%,1,8,9,8,0,1,0
0x45c3ac,99.8826%,1,851,852,851,1,0,0
0x404385,75%,1,3,4,0,0,1,3
0x458d97,99.8826%,1,851,852,0,0,1,851
0x40ead4,99.8628%,1,728,729,648,0,1,80
0x4019ad,99.8628%,1,728,729,647,1,0,81
0x40bcc9,99.5516%,1,222,223,0,0,1,222
0x40ce12,98.6111%,1,71,72,64,0,1,7
0x4179f0,66.6667%,1,2,3,2,0,1,0
0x402d9c,83.3333%,1,5,6,4,0,1,1
0x45c9ca,99.8826%,1,851,852,0,0,1,851
0x40571c,88.8889%,1,8,9,8,0,1,0
0x405c4d,99.537%,1,215,216,192,0,1,23
0x40df9f,97.2222%,1,35,36,32,0,1,3
0x414e6e,88.8889%,1,8,9,8,0,1,0
0x415de5,83.3333%,1,5,6,1,1,0,4
0x46fde4,98.6667%,1,74,75,2,1,0,72
0x4126d1,88.8889%,1,8,9,8,0,1,0
0x40742e,99.3827%,1,161,162,0,0,1,161
0x40f315,0%,1,0,1,0,1,0,0
0x406b46,99.4624%,1,185,186,123,1,0,62
0x407460,50%,1,1,2,1,0,1,0
0x458d75,99.8826%,1,851,852,0,0,1,851
0x40302b,66.6667%,1,2,3,2,0,1,0
0x4064d8,66.6667%,1,2,3,2,0,1,0
0x4035c3,99.3056%,1,143,144,0,0,1,143
0x408b65,83.3333%,1,5,6,0,0,1,5
0x40cbe7,99.9314%,1,1457,1458,1296,0,1,161
0x46fec2,95%,1,19,20,16,0,1,3
0x409582,88.8889%,1,8,9,8,0,1,0
0x41359e,99.9913%,1,11522,11523,7682,0,1,3840
0x40573c,88.8889%,1,8,9,8,0,1,0
0x46fed8,75%,1,3,4,3,0,1,0
0x46fe4f,75%,1,3,4,3,0,1,0
0x409924,99.8208%,1,557,558,372,0,1,185
0x40e8c0,88.8889%,1,8,9,8,0,1,0
0x40f1da,88.8889%,1,8,9,8,0,1,0
0x408b5a,88.8889%,1,8,9,3,0,1,5
0x41ab0a,99.8821%,1,847,848,0,0,1,847
0x401d72,94.7368%,1,18,19,0,0,1,18
0x458e39,99.8826%,1,851,852,0,0,1,851
0x40a8ad,88.8889%,1,8,9,8,0,1,0
0x402ae5,94.4444%,1,17,18,16,0,1,1
0x405a3e,98.7654%,1,80,81,72,0,1,8
0x415cdf,83.3333%,1,5,6,0,0,1,5
0x46fe2a,75%,1,3,4,2,1,0,1
0x4031f5,66.6667%,1,2,3,2,0,1,0
0x41056d,99.9913%,1,11531,11532,0,0,1,11531
0x458dc9,99.8826%,1,851,852,851,1,0,0
0x4133c1,99.9955%,1,22247,22248,22247,1,0,0
0x4140b8,66.6667%,1,2,3,2,0,1,0
0x4055be,94.4444%,1,17,18,16,0,1,1
0x45c3d0,99.8826%,1,851,852,0,0,1,851
0x403e6c,94.4444%,1,17,18,16,0,1,1
0x409c20,93.75%,1,15,16,0,1,0,15
0x40dde9,97.2222%,1,35,36,0,0,1,35
0x415da7,83.3333%,1,5,6,3,1,0,2
0x40cc13,50%,1,1,2,0,1,0,1
0x41136b,99.3789%,1,160,161,0,0,1,160
0x4030a2,88.8889%,1,8,9,7,0,1,1
0x40b1fb,66.6667%,1,2,3,2,0,1,0
0x4131ac,99.9984%,1,61787,61788,0,0,1,61787
0x4045e0,50%,1,1,2,1,1,0,0
0x414a06,50%,1,1,2,0,0,1,1
0x40588e,99.3827%,1,161,162,0,0,1,161
0x40f6a1,0%,1,0,1,0,0,1,0
0x40d914,97.2222%,1,35,36,31,1,0,4
0x41298f,99.9947%,1,18955,18956,5195,0,1,13760
0x41330e,99.9983%,1,58085,58086,38723,1,0,19362
0x407a6d,99.4444%,1,179,180,159,1,0,20
0x4058c6,50%,1,1,2,1,0,1,0
0x413caa,50%,1,1,2,1,0,1,0
0x40f432,83.3333%,1,5,6,5,0,1,0
0x40b8ec,50%,1,1,2,0,0,1,1
0x45c367,99.8826%,1,851,852,0,0,1,851
0x40ba93,83.3333%,1,5,6,4,0,1,1
0x410f62,99.9983%,1,58934,58935,0,0,1,58934
0x45c9ec,99.8826%,1,851,852,851,1,0,0
0x458d63,99.8826%,1,851,852,0,0,1,851
0x40b95b,83.3333%,1,5,6,4,0,1,1
0x406932,88.8889%,1,8,9,8,0,1,0
0x41621d,88.8889%,1,8,9,8,0,1,0
0x40b0a6,66.6667%,1,2,3,2,0,1,0
0x417931,88.8889%,1,8,9,8,0,1,0
0x45a30d,99.8826%,1,851,852,0,0,1,851
0x402f0f,91.6667%,1,11,12,11,0,1,0
0x40b995,50%,1,1,2,1,1,0,0
0x40b7f2,99.8208%,1,557,558,495,1,0,62
0x40b57b,99.8208%,1,557,558,496,0,1,61
0x45a86d,99.8826%,1,851,852,851,1,0,0
0x40b570,99.9801%,1,5021,5022,4464,0,1,557
0x40f766,0%,1,0,1,0,1,0,0
0x4177a3,88.8889%,1,8,9,8,0,1,0
0x40e061,99.9657%,1,2915,2916,2592,0,1,323
0x40acef,98.3871%,1,61,62,0,0,1,61
0x415166,88.8889%,1,8,9,8,0,1,0
0x41abd9,99.8821%,1,847,848,0,0,1,847
0x40d861,99.6169%,1,260,261,232,0,1,28
0x41ae54,99.941%,1,1695,1696,847,1,0,848
0x414d9b,50%,1,1,2,1,0,1,0
0x40f692,88.8889%,1,8,9,8,0,1,0
0x40bc57,98.7654%,1,80,81,0,0,1,80
0x40af3a,99.8208%,1,557,558,496,0,1,61
0x458e3e,99.8826%,1,851,852,851,1,0,0
0x40f745,66.6667%,1,2,3,2,0,1,0
0x40b24f,88.8889%,1,8,9,8,0,1,0
0x40c623,100%,0,150,150,0,0,0,150
0x4052c1,100%,0,4,4,0,0,0,4
0x40541f,100%,0,2,2,0,0,0,2
0x41afda,100%,0,8,8,8,0,0,0
0x41b2b6,100%,0,8,8,8,0,0,0
0x40cbc8,100%,0,18,18,0,0,0,18
0x4056cd,100%,0,9,9,8,0,0,1
0x405429,100%,0,2,2,0,0,0,2
0x41a615,100%,0,18,18,0,0,0,18
0x41b46f,100%,0,24,24,0,0,0,24
0x40f6bb,100%,0,1,1,0,0,0,1
0x401f30,100%,0,324,324,0,0,0,324
0x401cbf,100%,0,19,19,0,0,0,19
0x41b3c3,100%,0,72,72,64,0,0,8
0x41b01e,100%,0,8,8,8,0,0,0
0x41a5b1,100%,0,2,2,0,0,0,2
0x404aa0,100%,0,18,18,0,0,0,18
0x41b015,100%,0,8,8,0,0,0,8
0x41afa6,100%,0,8,8,0,0,0,8
0x41af9a,100%,0,8,8,0,0,0,8
0x401f4f,100%,0,2916,2916,2592,0,0,324
0x40ea8d,100%,0,3,3,0,0,0,3
0x40b226,100%,0,3,3,2,0,0,1
0x406b4e,100%,0,62,62,0,0,0,62
0x41b0d7,100%,0,8,8,0,0,0,8
0x41b0e0,100%,0,8,8,0,0,0,8
0x406abd,100%,0,62,62,0,0,0,62
0x411966,100%,0,200,200,0,0,0,200
0x405879,100%,0,18,18,0,0,0,18
0x41b124,100%,0,8,8,8,0,0,0
0x406b57,100%,0,62,62,0,0,0,62
0x41b4b7,100%,0,8,8,8,0,0,0
0x41b16f,100%,0,8,8,0,0,0,8
0x41b181,100%,0,8,8,8,0,0,0
0x40199e,100%,0,81,81,0,0,0,81
0x415cbb,100%,0,6,6,0,0,0,6
0x41b4df,100%,0,24,24,8,0,0,16
0x4149e1,100%,0,2,2,0,0,0,2
0x41b116,100%,0,8,8,8,0,0,0
0x40ac6a,100%,0,62,62,0,0,0,62
0x40ea92,100%,0,6,6,3,0,0,3
0x4148bc,100%,0,2,2,0,0,0,2
0x40e898,100%,0,81,81,0,0,0,81
0x41b1d8,100%,0,8,8,0,0,0,8
0x40496a,100%,0,18,18,0,0,0,18
0x41b250,100%,0,16,16,0,0,0,16
0x40e460,100%,0,324,324,0,0,0,324
0x408b81,100%,0,3,3,3,0,0,0
0x40e705,100%,0,36,36,0,0,0,36
0x402819,100%,0,11,11,11,0,0,0
0x4020bb,100%,0,18,18,0,0,0,18
0x40280d,100%,0,99,99,88,0,0,11
0x403290,100%,0,3,3,2,0,0,1
0x40e17e,100%,0,324,324,0,0,0,324
0x40e2ad,100%,0,36,36,32,0,0,4
0x40e9d8,100%,0,36,36,0,0,0,36
0x40e107,100%,0,324,324,288,0,0,36
0x402c5c,100%,0,124,124,0,0,0,124
0x402688,100%,0,18,18,0,0,0,18
0x4026a5,100%,0,162,162,144,0,0,18
0x4031b9,100%,0,3,3,0,0,0,3
0x417a22,100%,0,1,1,0,0,0,1
0x40e1e5,100%,0,324,324,324,0,0,0
0x402289,100%,0,7,7,7,0,0,0
0x403266,100%,0,3,3,0,0,0,3
0x412b69,100%,0,771,771,0,0,0,771
0x40e6b0,100%,0,4,4,4,0,0,0
0x40e662,100%,0,36,36,24,0,0,12
0x41b281,100%,0,8,8,8,0,0,0
0x402eb9,100%,0,9,9,0,0,0,9
0x40e71d,100%,0,324,324,288,0,0,36
0x40311e,100%,0,1,1,0,0,0,1
0x40e73a,100%,0,4,4,0,0,0,4
0x40df02,100%,0,248,248,248,0,0,0
0x4045cf,100%,0,2,2,0,0,0,2
0x40e91b,100%,0,9,9,0,0,0,9
0x40e568,100%,0,324,324,324,0,0,0
0x40b0eb,100%,0,2,2,0,0,0,2
0x40b896,100%,0,2,2,0,0,0,2
0x41b348,100%,0,8,8,0,0,0,8
0x40e984,100%,0,4,4,0,0,0,4
0x402d0d,100%,0,2,2,0,0,0,2
0x405ca7,100%,0,7,7,7,0,0,0
0x403600,100%,0,1296,1296,1152,0,0,144
0x417a0c,100%,0,1,1,0,0,0,1
0x401eb4,100%,0,4,4,0,0,0,4
0x40e8d2,100%,0,1,1,0,0,0,1
0x40198b,100%,0,9,9,0,0,0,9
0x41768b,100%,0,1,1,1,0,0,0
0x4038a6,100%,0,4,4,0,0,0,4
0x4057c6,100%,0,6,6,4,0,0,2
0x405672,100%,0,1,1,1,0,0,0
0x40631e,100%,0,9,9,0,0,0,9
0x40e9e3,100%,0,324,324,0,0,0,324
0x40af91,100%,0,62,62,0,0,0,62
0x401dbd,100%,0,57,57,0,0,0,57
0x40401c,100%,0,18,18,0,0,0,18
0x40633a,100%,0,9,9,0,0,0,9
0x414c85,100%,0,2,2,0,0,0,2
0x410689,100%,0,136,136,0,0,0,136
0x41b4e4,100%,0,64,64,64,0,0,0
0x46fdfa,100%,0,75,75,75,0,0,0
0x46fdbc,100%,0,75,75,75,0,0,0
0x402da1,100%,0,2,2,0,0,0,2
0x403376,100%,0,2,2,0,0,0,2
0x4033bb,100%,0,18,18,0,0,0,18
0x402f6e,100%,0,1,1,0,0,0,1
0x40cb72,100%,0,2,2,0,0,0,2
0x408b4b,100%,0,1,1,0,0,0,1
0x401d08,100%,0,19,19,0,0,0,19
0x4064e7,100%,0,1,1,1,0,0,0
0x403423,100%,0,2,2,0,0,0,2
0x45a275,100%,0,852,852,0,0,0,852
0x40641f,100%,0,432,432,384,0,0,48
0x40351d,100%,0,18,18,0,0,0,18
0x403545,100%,0,162,162,144,0,0,18
0x40a95c,100%,0,162,162,0,0,0,162
0x40a8f6,100%,0,2,2,0,0,0,2
0x417a8b,100%,0,1,1,1,0,0,0
0x40775d,100%,0,432,432,384,0,0,48
0x408452,100%,0,48,48,48,0,0,0
0x407606,100%,0,9,9,0,0,0,9
0x406d65,100%,0,3,3,3,0,0,0
0x4073aa,100%,0,9,9,8,0,0,1
0x417734,100%,0,9,9,8,0,0,1
0x417634,100%,0,1,1,0,0,0,1
0x409ced,100%,0,56,56,0,0,0,56
0x407922,100%,0,30,30,0,0,0,30
0x413f9b,100%,0,1,1,1,0,0,0
0x413c8f,100%,0,6,6,4,0,0,2
0x458e0f,100%,0,852,852,852,0,0,0
0x458dba,100%,0,852,852,0,0,0,852
0x458d6d,100%,0,852,852,0,0,0,852
0x45c3d5,100%,0,852,852,0,0,0,852
0x40c927,100%,0,150,150,0,0,0,150
0x41b26f,100%,0,8,8,8,0,0,0
0x4086b8,100%,0,9,9,0,0,0,9
0x408a81,100%,0,1,1,1,0,0,0
0x408a52,100%,0,279,279,248,0,0,31
0x415bf8,100%,0,2,2,2,0,0,0
0x408a04,100%,0,31,31,31,0,0,0
0x408874,100%,0,432,432,384,0,0,48
0x40883c,100%,0,48,48,0,0,0,48
0x4087f8,100%,0,48,48,0,0,0,48
0x4086f3,100%,0,9,9,0,0,0,9
0x45c3a3,100%,0,852,852,0,0,0,852
0x407ae8,100%,0,36,36,32,0,0,4
0x407a92,100%,0,45,45,0,0,0,45
0x40baa5,100%,0,6,6,6,0,0,0
0x407a7e,100%,0,20,20,0,0,0,20
0x4079c7,100%,0,7,7,0,0,0,7
0x4079ad,100%,0,270,270,240,0,0,30
0x407973,100%,0,49,49,49,0,0,0
0x40d66e,100%,0,45,45,40,0,0,5
0x404f46,100%,0,4,4,0,0,0,4
0x458e2f,100%,0,852,852,852,0,0,0
0x40af66,100%,0,62,62,0,0,0,62
0x410cb6,100%,0,141,141,0,0,0,141
0x411526,100%,0,197,197,0,0,0,197
0x410856,100%,0,148,148,0,0,0,148
0x4179e3,100%,0,9,9,6,0,0,3
0x40eb54,100%,0,9,9,0,0,0,9
0x413640,100%,0,2,2,0,0,0,2
0x410aeb,100%,0,145,145,0,0,0,145
0x413cc5,100%,0,1,1,0,0,0,1
0x41774a,100%,0,1,1,1,0,0,0
0x410f4b,100%,0,138,138,0,0,0,138
0x46fdd3,100%,0,75,75,0,0,0,75
0x40d5df,100%,0,72,72,0,0,0,72
0x411bdb,100%,0,197,197,0,0,0,197
0x411d56,100%,0,428,428,0,0,0,428
0x417872,100%,0,3,3,0,0,0,3
0x40e81e,100%,0,1,1,0,0,0,1
0x45c9d3,100%,0,852,852,0,0,0,852
0x40b0c8,100%,0,3,3,3,0,0,0
0x40eacf,100%,0,81,81,0,0,0,81
0x45a20a,100%,0,852,852,0,0,0,852
0x45c38c,100%,0,852,852,0,0,0,852
0x45c37b,100%,0,852,852,852,0,0,0
0x458da8,100%,0,852,852,0,0,0,852
0x40c9ff,100%,0,5,5,5,0,0,0
0x4154b6,100%,0,81,81,0,0,0,81
0x413629,100%,0,1,1,0,0,0,1
0x412821,100%,0,1,1,0,0,0,1
0x41b59e,100%,0,8,8,0,0,0,8
0x40f578,100%,0,3,3,3,0,0,0
0x407ac2,100%,0,180,180,160,0,0,20
0x413795,100%,0,2,2,0,0,0,2
0x40d19e,100%,0,117,117,104,0,0,13
0x40eac7,100%,0,9,9,0,0,0,9
0x40d8db,100%,0,153,153,136,0,0,17
0x40d866,100%,0,29,29,0,0,0,29
0x40d761,100%,0,5,5,0,0,0,5
0x40d566,100%,0,8,8,0,0,0,8
0x40d308,100%,0,2,2,2,0,0,0
0x40d2da,100%,0,2,2,0,0,0,2
0x415d96,100%,0,18,18,12,0,0,6
0x40eb00,100%,0,1,1,0,0,0,1
0x40d127,100%,0,26,26,0,0,0,26
0x40ce17,100%,0,8,8,0,0,0,8
0x415435,100%,0,81,81,0,0,0,81
0x40ca7f,100%,0,13,13,13,0,0,0
0x40c9a6,100%,0,2,2,0,0,0,2
0x40ca20,100%,0,60,60,0,0,0,60
0x40c57a,100%,0,150,150,0,0,0,150
0x40c33a,100%,0,62,62,0,0,0,62
0x4155bf,100%,0,243,243,0,0,0,243
0x415c10,100%,0,2,2,0,0,0,2
0x415b4a,100%,0,2,2,2,0,0,0
0x415813,100%,0,35,35,0,0,0,35
0x415dd8,100%,0,6,6,0,0,0,6
0x4157d5,100%,0,81,81,0,0,0,81
0x415d63,100%,0,6,6,0,0,0,6
0x41578e,100%,0,243,243,0,0,0,243
0x415707,100%,0,243,243,0,0,0,243
0x40da23,100%,0,2,2,0,0,0,2
0x415548,100%,0,243,243,0,0,0,243
0x41552b,100%,0,243,243,0,0,0,243
0x4152f8,100%,0,81,81,0,0,0,81
0x415016,100%,0,1,1,1,0,0,0
0x40eb72,100%,0,1,1,1,0,0,0
0x40eb20,100%,0,1,1,0,0,0,1
0x40eb0d,100%,0,9,9,0,0,0,9
0x40aada,100%,0,558,558,496,0,0,62
0x40b045,100%,0,1,1,0,0,0,1
0x40afde,100%,0,2,2,0,0,0,2
0x40ae85,100%,0,62,62,0,0,0,62
0x41ab81,100%,0,848,848,0,0,0,848
0x41ab24,100%,0,848,848,848,0,0,0
0x41aaec,100%,0,848,848,0,0,0,848
0x40aade,100%,0,62,62,0,0,0,62
0x40c22e,100%,0,150,150,0,0,0,150
0x40b0d9,100%,0,3,3,2,0,0,1
0x40aa14,100%,0,81,81,0,0,0,81
0x409bb7,100%,0,1080,1080,960,0,0,120
0x409ba4,100%,0,120,120,0,0,0,120
0x40994d,100%,0,62,62,0,0,0,62
0x4098af,100%,0,62,62,0,0,0,62
0x409845,100%,0,62,62,0,0,0,62
0x4097f3,100%,0,62,62,0,0,0,62
0x40b81e,100%,0,62,62,0,0,0,62
0x40bfcb,100%,0,150,150,0,0,0,150
0x40bf2a,100%,0,150,150,0,0,0,150
0x40bd0d,100%,0,186,186,0,0,0,186
0x40c2a3,100%,0,1350,1350,1200,0,0,150
0x40ba30,100%,0,2,2,0,0,0,2
0x40b975,100%,0,6,6,6,0,0,0
0x4155fc,100%,0,243,243,162,0,0,81
0x40ca04,100%,0,13,13,13,0,0,0
0x411fc9,100%,0,425,425,0,0,0,425
0x40b5a7,100%,0,62,62,0,0,0,62
0x40b522,100%,0,62,62,0,0,0,62
0x40b398,100%,0,62,62,0,0,0,62
0x40b394,100%,0,558,558,496,0,0,62
0x40b198,100%,0,2,2,1,0,0,1
0x40b186,100%,0,6,6,4,0,0,2
0x40b0fc,100%,0,2,2,0,0,0,2
0x409d75,100%,0,13,13,13,0,0,0
0x41a53e,100%,0,2,2,0,0,0,2
0x405b1e,100%,0,48,48,0,0,0,48
0x41b449,100%,0,72,72,48,0,0,24
0x41795b,100%,0,1,1,0,0,0,1
0x40563c,100%,0,1,1,0,0,0,1
0x41b5a8,100%,0,8,8,0,0,0,8
0x40b8fd,100%,0,2,2,0,0,0,2
0x40ba41,100%,0,2,2,0,0,0,2
0x40b215,100%,0,3,3,3,0,0,0
0x413770,100%,0,2,2,0,0,0,2
0x402d90,100%,0,18,18,12,0,0,6
0x40c35d,100%,0,186,186,0,0,0,186
0x4110f6,100%,0,164,164,0,0,0,164
0x41b00c,100%,0,8,8,0,0,0,8
0x406b23,100%,0,186,186,0,0,0,186
0x410504,100%,0,11532,11532,11532,0,0,0
0x40b175,100%,0,6,6,6,0,0,0
0x406b8b,100%,0,558,558,496,0,0,62
0x40404a,100%,0,18,18,0,0,0,18
0x40acc3,100%,0,558,558,496,0,0,62
0x412712,100%,0,1,1,0,0,0,1
0x402754,100%,0,110,110,0,0,0,110
0x40354a,100%,0,18,18,0,0,0,18
0x41b596,100%,0,8,8,0,0,0,8
0x4109b0,100%,0,22257,22257,0,0,0,22257
0x40f325,100%,0,95,95,64,0,0,31
0x41a667,100%,0,2,2,2,0,0,0
0x415670,100%,0,81,81,0,0,0,81
0x40b324,100%,0,62,62,0,0,0,62
0x40ea44,100%,0,3,3,0,0,0,3
0x407aed,100%,0,4,4,0,0,0,4
0x405a46,100%,0,9,9,0,0,0,9
0x41b25d,100%,0,16,16,8,0,0,8
0x407aab,100%,0,56,56,0,0,0,56
0x41a4bb,100%,0,2,2,0,0,0,2
0x40dfee,100%,0,324,324,0,0,0,324
0x413fa9,100%,0,1,1,0,0,0,1
0x41470a,100%,0,6,6,0,0,0,6
0x414135,100%,0,3,3,2,0,0,1
0x4141ca,100%,0,1,1,1,0,0,0
0x41aafc,100%,0,848,848,0,0,0,848
0x45c9e3,100%,0,852,852,0,0,0,852
0x41a475,100%,0,2,2,0,0,0,2
0x41a638,100%,0,162,162,144,0,0,18
0x40e44b,100%,0,324,324,0,0,0,324
0x41a4c0,100%,0,2,2,2,0,0,0
0x41a512,100%,0,2,2,0,0,0,2
0x41a522,100%,0,2,2,0,0,0,2
0x40aa69,100%,0,62,62,0,0,0,62
0x41a530,100%,0,2,2,0,0,0,2
0x41a594,100%,0,2,2,0,0,0,2
0x41a5a2,100%,0,2,2,2,0,0,0
0x40d561,100%,0,72,72,64,0,0,8
0x40f6b1,100%,0,1,1,0,0,0,1
0x40534a,100%,0,4,4,0,0,0,4
0x40a94c,100%,0,18,18,0,0,0,18
0x40b1a9,100%,0,1,1,0,0,0,1
0x40ca7a,100%,0,5,5,5,0,0,0
0x4156eb,100%,0,243,243,0,0,0,243
0x458d59,100%,0,852,852,0,0,0,852
0x40eaa1,100%,0,3,3,3,0,0,0
0x405a0a,100%,0,9,9,0,0,0,9
0x405513,100%,0,2,2,2,0,0,0
0x417806,100%,0,1,1,0,0,0,1
0x417882,100%,0,9,9,0,0,0,9
0x41b2ab,100%,0,8,8,0,0,0,8
0x40d546,100%,0,8,8,0,0,0,8
0x417892,100%,0,9,9,6,0,0,3
0x4179d3,100%,0,9,9,0,0,0,9
0x408a96,100%,0,2,2,0,0,0,2
0x41b22e,100%,0,8,8,8,0,0,0
0x40f446,100%,0,1,1,0,0,0,1
0x4033d1,100%,0,162,162,0,0,0,162
0x406b35,100%,0,558,558,372,0,0,186
0x41ac15,100%,0,848,848,0,0,0,848
0x40eab8,100%,0,1,1,0,0,0,1
0x409912,100%,0,186,186,0,0,0,186
0x41a558,100%,0,2,2,0,0,0,2
0x40b73d,100%,0,62,62,0,0,0,62
0x40219c,100%,0,110,110,0,0,0,110
0x40f2a3,100%,0,96,96,64,0,0,32
0x416240,100%,0,1,1,0,0,0,1
0x4179c4,100%,0,3,3,0,0,0,3
0x4026aa,100%,0,18,18,0,0,0,18
0x41b15e,100%,0,8,8,0,0,0,8
0x4157b6,100%,0,729,729,486,0,0,243
0x41b506,100%,0,8,8,8,0,0,0
0x4117ab,100%,0,194,194,0,0,0,194
0x4020fd,100%,0,162,162,144,0,0,18
0x407413,100%,0,18,18,0,0,0,18
0x40f39a,100%,0,31,31,31,0,0,0
0x4111e1,100%,0,61797,61797,61797,0,0,0
0x40eb12,100%,0,81,81,72,0,0,9
0x40f593,100%,0,3,3,3,0,0,0
0x417792,100%,0,9,9,0,0,0,9
0x410406,100%,0,139,139,0,0,0,139
0x46fe67,100%,0,4,4,0,0,0,4
0x409960,100%,0,558,558,496,0,0,62
0x41b3d7,100%,0,8,8,8,0,0,0
0x46fdac,100%,0,75,75,75,0,0,0
0x40b2cf,100%,0,81,81,0,0,0,81
0x402102,100%,0,18,18,0,0,0,18
0x4073bd,100%,0,2,2,0,0,0,2
0x408b38,100%,0,3,3,0,0,0,3
0x407641,100%,0,9,9,0,0,0,9
0x401b16,100%,0,9,9,0,0,0,9
0x41afe7,100%,0,8,8,8,0,0,0
0x4155e6,100%,0,729,729,486,0,0,243
0x40f6c6,100%,0,1,1,1,0,0,0
0x40f309,100%,0,1,1,0,0,0,1
0x458de7,100%,0,852,852,0,0,0,852
0x403a3a,100%,0,4,4,4,0,0,0
0x415db0,100%,0,2,2,2,0,0,0
0x408410,100%,0,48,48,0,0,0,48
0x4063f0,100%,0,48,48,0,0,0,48
0x46fe98,100%,0,20,20,0,0,0,20
0x405823,100%,0,2,2,0,0,0,2
0x40d001,100%,0,5,5,0,0,0,5
0x40f2ff,100%,0,1,1,0,0,0,1
0x41b178,100%,0,8,8,0,0,0,8
0x414625,100%,0,18,18,16,0,0,2
0x4128ef,100%,0,648,648,0,0,0,648
0x413511,100%,0,11523,11523,11523,0,0,0
0x414025,100%,0,9,9,8,0,0,1
0x40cbd8,100%,0,162,162,0,0,0,162
0x40561d,100%,0,18,18,16,0,0,2
0x40da4a,100%,0,2,2,2,0,0,0
0x40e266,100%,0,324,324,288,0,0,36
0x45a235,100%,0,852,852,0,0,0,852
0x40e88d,100%,0,9,9,0,0,0,9
0x4159e0,100%,0,2,2,0,0,0,2
0x413b86,100%,0,6,6,0,0,0,6
0x408b14,100%,0,4,4,1,0,0,3
0x414726,100%,0,6,6,0,0,0,6
0x40b849,100%,0,62,62,0,0,0,62
0x40497f,100%,0,18,18,0,0,0,18
0x4178f3,100%,0,9,9,0,0,0,9
0x401b08,100%,0,1,1,0,0,0,1
