Branch PC,Accuracy,Mispredictions,Correct Predictions,Total,dir_t_pred_t,dir_t_pred_nt,dir_nt_pred_t,dir_nt_pred_nt
aggregate,98.515%,102681,6811636,6914317,3964129,50152,52529,2847507
0x41e591,86.2692%,8197,51501,59698,41392,2756,5441,10109
0x41e5cf,90.4168%,5721,53977,59698,53719,350,5371,258
0x429c82,91.2389%,4255,44312,48567,4775,2691,1564,39537
0x429c2f,91.486%,4135,44432,48567,5024,2586,1549,39408
0x429be2,93.4027%,3905,55286,59191,4353,2334,1571,50933
0x429b8e,84.1678%,3276,17416,20692,3009,2137,1139,14407
0x463a56,72.1281%,3125,8087,11212,1737,1966,1159,6350
0x45ed2a,80.3307%,2760,11272,14032,10101,566,2194,1171
0x429bfc,95.0194%,2615,49889,52504,2229,1708,907,47660
0x445f99,81.1874%,2459,10612,13071,3394,1486,973,7218
0x429ab4,86.833%,2448,16144,18592,2212,1516,932,13932
0x429bc6,96.713%,2044,60140,62184,1608,1385,659,58532
0x463b73,75.9514%,1820,5748,7568,4830,609,1211,918
0x463c2c,76.9688%,1743,5825,7568,2461,758,985,3364
0x429dc2,92.3943%,1683,20445,22128,4395,939,744,16050
0x463702,64.7605%,1442,2650,4092,231,1136,306,2419
0x429a26,97.1214%,1425,48079,49504,683,1039,386,47396
0x427c15,87.3714%,1215,8406,9621,1884,1044,171,6522
0x446639,68.9255%,1206,2675,3881,679,864,342,1996
0x41e67e,86.6408%,1137,7374,8511,7322,114,1023,52
0x43a53a,75.2903%,1064,3242,4306,1631,371,693,1611
0x463bb5,65.857%,998,1925,2923,1638,264,734,287
0x4636c8,89.6354%,995,8605,9600,5003,505,490,3602
0x426ca7,49.4041%,934,912,1846,569,375,559,343
0x463a91,87.5749%,933,6576,7509,3872,418,515,2704
0x426c80,49.6208%,930,916,1846,568,394,536,348
0x426cce,51.8418%,889,957,1846,693,311,578,264
0x426c57,53.792%,853,993,1846,574,383,470,419
0x463b98,61.0615%,829,1300,2129,704,404,425,596
0x4279f5,75.4625%,809,2488,3297,247,574,235,2241
0x429ac2,94.9072%,757,14107,14864,13272,204,553,835
0x42a014,91.4418%,723,7725,8448,691,447,276,7034
0x433027,69.4183%,715,1623,2338,1556,113,602,67
0x4279ae,80.6274%,667,2776,3443,41,569,98,2735
0x402828,95.3429%,643,13164,13807,7912,326,317,5252
0x429a34,98.6585%,641,47141,47782,46433,198,443,708
0x4279e1,87.125%,588,3979,4567,87,506,82,3892
0x45f2a3,82.7381%,580,2780,3360,2417,237,343,363
0x463650,63.1378%,578,990,1568,631,251,327,359
0x44ac5d,63.4271%,572,992,1564,584,287,285,408
0x463da2,68.6005%,525,1147,1672,449,280,245,698
0x45faf4,92.2981%,492,5896,6388,5829,96,396,67
0x45da5f,56.0575%,428,546,974,413,136,292,133
0x45d2a8,66.4062%,387,765,1152,455,189,198,310
0x42a031,94.7059%,387,6923,7310,538,233,154,6385
0x446034,97.1158%,377,12694,13071,11385,122,255,1309
0x4634d7,82.5338%,375,1772,2147,1761,27,348,11
0x4279e5,90.614%,373,3601,3974,2476,123,250,1125
0x44b95b,65.93%,370,716,1086,170,240,130,546
0x427bb5,81.1891%,367,1584,1951,600,191,176,984
0x428700,82.6402%,359,1709,2068,1205,150,209,504
0x46349a,56.1728%,355,455,810,326,125,230,129
0x463dec,66.2813%,350,688,1038,613,98,252,75
0x428f02,83.1863%,343,1697,2040,1159,190,153,538
0x463db7,63.9449%,340,603,943,233,191,149,370
0x45fb49,94.595%,335,5863,6198,5754,84,251,109
0x429e05,98.0997%,317,16365,16682,124,257,60,16241
0x429985,99.3438%,306,46325,46631,551,249,57,45774
0x45fbaa,94.95%,303,5697,6000,5660,37,266,37
0x42aaf4,81.125%,302,1298,1600,230,146,156,1068
0x42a0d2,95.9234%,298,7012,7310,363,200,98,6649
0x463754,63.9506%,292,518,810,174,150,142,344
0x46334e,65.4804%,291,552,843,473,93,198,79
0x45fd61,88.837%,287,2284,2571,2170,87,200,114
0x46336c,66.3108%,284,559,843,385,126,158,174
0x463477,65.1852%,282,528,810,74,199,83,454
0x41e741,56.2696%,279,359,638,235,115,164,124
0x44605b,82.2251%,278,1286,1564,359,184,94,927
0x427a07,88.8934%,275,2201,2476,1783,139,136,418
0x4299e6,99.3935%,275,45070,45345,689,216,59,44381
0x401a1b,83.4606%,260,1312,1572,615,158,102,697
0x446186,83.5038%,258,1306,1564,815,102,156,491
0x45fbfc,95.7265%,250,5600,5850,5570,43,207,30
0x4290da,88.9038%,248,1987,2235,1506,123,125,481
0x429e21,98.497%,245,16056,16301,88,183,62,15968
0x427bf2,90.9159%,244,2442,2686,26,224,20,2416
0x4289da,89.396%,237,1998,2235,1524,113,124,474
0x429eb7,98.5979%,234,16455,16689,231,143,91,16224
0x4482a9,85.4859%,227,1337,1564,862,60,167,475
0x42a755,92.9944%,226,3000,3226,323,118,108,2677
0x42a547,88.5204%,225,1735,1960,1167,120,105,568
0x42a77f,92.2083%,217,2568,2785,192,158,59,2376
0x427b51,73.4394%,217,600,817,11,170,47,589
0x43c33f,74.1627%,216,620,836,335,84,132,285
0x45d341,57.874%,214,294,508,255,89,125,39
0x45f036,61.343%,213,338,551,190,95,118,148
0x43a589,80.4968%,212,875,1087,810,65,147,65
0x429c34,99.4848%,211,40746,40957,2071,132,79,38675
0x45d759,91.4735%,206,2210,2416,2203,20,186,7
0x46e32e,91.1853%,206,2131,2337,1111,100,106,1020
0x429ed7,98.7374%,206,16109,16315,151,126,80,15958
0x463798,57.8189%,205,281,486,40,148,57,241
0x463745,97.9375%,198,9402,9600,8972,28,170,430
0x428c9f,91.1409%,198,2037,2235,1533,105,93,504
0x429fec,97.8437%,197,8939,9136,316,115,82,8623
0x42a125,97.9274%,193,9119,9312,8709,21,172,410
0x42869e,92.0253%,189,2181,2370,79,131,58,2102
0x413c34,91.6106%,187,2042,2229,64,116,71,1978
0x42a54c,72.5111%,185,488,673,242,88,97,246
0x426d24,95.7196%,185,4137,4322,1577,80,105,2560
0x45f00c,66.4247%,185,366,551,244,67,118,122
0x463415,82.716%,182,871,1053,529,66,116,342
0x428ab6,91.9463%,180,2055,2235,1485,75,105,570
0x42799e,95.2474%,171,3427,3598,2,153,18,3425
0x45d1f1,80.8656%,168,710,878,197,105,63,513
0x429a06,99.6242%,167,44273,44440,332,116,51,43941
0x45f064,69.6915%,167,384,551,213,78,89,171
0x42897a,93.0833%,166,2234,2400,54,111,55,2180
0x413b39,92.6926%,165,2093,2258,64,116,49,2029
0x41e724,63.7168%,164,288,452,65,99,65,223
0x427be6,94.2897%,162,2675,2837,28,123,39,2647
0x41511d,93.1138%,161,2177,2338,83,127,34,2094
0x463dbd,68.9788%,161,358,519,97,95,66,261
0x4293c3,92.7964%,161,2074,2235,1537,92,69,537
0x41e79e,71.558%,157,395,552,111,79,78,284
0x427b5d,75.9434%,153,483,636,8,137,16,475
0x428da3,93.4483%,152,2168,2320,1987,53,99,181
0x4291cb,93.2886%,150,2085,2235,1486,62,88,599
0x42a00a,98.3343%,145,8560,8705,167,90,55,8393
0x42a620,80.0279%,143,573,716,143,79,64,430
0x413bcc,93.6294%,142,2087,2229,93,87,55,1994
0x429fc7,98.4751%,142,9170,9312,83,93,49,9087
0x45d1c4,84.0547%,140,738,878,10,108,32,728
0x45ed6b,95.8395%,140,3225,3365,889,93,47,2336
0x42a551,62.0991%,130,213,343,79,62,68,134
0x4638a7,65.2174%,128,240,368,205,58,70,35
0x429de5,99.2378%,128,16666,16794,17,95,33,16649
0x4299c7,99.7267%,125,45613,45738,292,101,24,45321
0x460e13,70.7547%,124,300,424,55,78,46,245
0x463809,74.8971%,122,364,486,98,56,66,266
0x4278b5,68.5484%,117,255,372,177,46,71,78
0x45d940,88.8672%,114,910,1024,815,31,83,95
0x463692,92.7934%,113,1455,1568,1454,16,97,1
0x402ac0,99.8767%,110,89130,89240,83662,9,101,5468
0x429a78,99.1774%,110,13262,13372,156,100,10,13106
0x45dc08,81.3243%,110,479,589,301,57,53,178
0x4634f2,86.7901%,107,703,810,572,28,79,131
0x45db5e,89.5508%,107,917,1024,439,73,34,478
0x438406,74.7017%,106,313,419,284,34,72,29
0x42a62b,78.9474%,104,390,494,25,73,31,365
0x429d4f,99.5022%,103,20589,20692,15473,46,57,5116
0x42a3ee,87.6794%,103,733,836,707,25,78,26
0x45ef35,97.1494%,100,3408,3508,964,62,38,2444
0x44a9d7,93.734%,98,1466,1564,253,38,60,1213
0x45effd,89.0536%,96,781,877,259,67,29,522
0x4152f0,95.6297%,93,2035,2128,462,35,58,1573
0x434e9b,83.91%,93,485,578,16,82,11,469
0x42a833,73.7143%,92,258,350,75,40,52,183
0x427916,82.205%,92,425,517,6,74,18,419
0x42797e,97.5195%,92,3617,3709,0,86,6,3617
0x429c94,99.7786%,91,41010,41101,2115,54,37,38895
0x42ab02,92.8922%,87,1137,1224,972,40,47,165
0x45f2f8,97.4702%,85,3275,3360,3141,9,76,134
0x427bda,97.097%,85,2843,2928,43,48,37,2800
0x429e92,99.5177%,81,16713,16794,57,48,33,16656
0x463605,61.9048%,80,130,210,53,59,21,77
0x460df8,82.1918%,78,360,438,55,58,20,305
0x45f97b,83.2618%,78,388,466,365,18,60,23
0x460e48,81.7967%,77,346,423,336,22,55,10
0x4340a0,91.9287%,77,877,954,449,28,49,428
0x4278d0,81.6229%,77,342,419,183,47,30,159
0x41560a,96.7494%,76,2262,2338,770,21,55,1492
0x429b06,98.2848%,73,4183,4256,2090,38,35,2093
0x434e92,90.2069%,71,654,725,112,35,36,542
0x46188f,90.2235%,70,646,716,278,35,35,368
0x429d35,99.889%,69,62115,62184,46592,46,23,15523
0x45f2d2,90.2266%,69,637,706,449,36,33,188
0x45d85d,95.9524%,68,1612,1680,1603,19,49,9
0x45f968,93.9338%,66,1022,1088,4,50,16,1018
0x4383fd,86.1635%,66,411,477,0,58,8,411
0x463ae2,99.0465%,66,6856,6922,6853,10,56,3
0x45d6d2,93.5547%,66,958,1024,380,40,26,578
0x45d7c0,97.351%,64,2352,2416,1787,25,39,565
0x429a5e,99.5325%,63,13413,13476,57,47,16,13356
0x45dcf3,85.446%,62,364,426,106,25,37,258
0x434ec0,85.3081%,62,360,422,358,13,49,2
0x415337,97.3909%,61,2277,2338,570,25,36,1707
0x463d02,70.9524%,61,149,210,12,44,17,137
0x434eb7,87.5%,60,420,480,5,53,7,415
0x45ff50,97.7408%,57,2466,2523,1250,23,34,1216
0x45fb71,84.4444%,56,304,360,151,11,45,153
0x427b45,93.4959%,56,805,861,0,44,12,805
0x45fdaf,82.1656%,56,258,314,3,45,11,255
0x4129b6,97.8313%,54,2436,2490,635,27,27,1801
0x4638e2,85.5978%,53,315,368,315,7,46,0
0x4299a1,99.8865%,52,45779,45831,46,36,16,45733
0x42a556,74.7525%,51,151,202,116,14,37,35
0x42a844,55.6522%,51,64,115,55,21,30,9
0x45d94f,71.3483%,51,127,178,114,14,37,13
0x45fc21,79.3249%,49,188,237,95,35,14,93
0x461406,60.4839%,49,75,124,18,27,22,57
0x463845,90.1235%,48,438,486,434,6,42,4
0x4278f2,90.3808%,48,451,499,1,37,11,450
0x4286a9,97.8241%,47,2113,2160,62,30,17,2051
0x463450,94.321%,46,764,810,594,6,40,170
0x42a3f3,55.7692%,46,58,104,4,34,12,54
0x45d437,96.0069%,46,1106,1152,557,19,27,549
0x41e601,99.2006%,45,5584,5629,5584,17,28,0
0x45fcb0,84.1727%,44,234,278,186,8,36,48
0x460df3,90.9474%,43,432,475,1,36,7,431
0x45f96d,95.8414%,43,991,1034,543,25,18,448
0x4298e5,99.1308%,42,4790,4832,4214,14,28,576
0x43c80a,86.901%,41,272,313,269,7,34,3
0x4613df,80.4762%,41,169,210,71,15,26,98
0x40583b,99.9822%,41,230359,230400,230038,2,39,321
0x43840f,60.396%,40,61,101,43,16,24,18
0x45fbcf,86.7987%,40,263,303,136,14,26,127
0x43c801,88.8268%,40,318,358,13,32,8,305
0x45fc3a,99.3007%,40,5680,5720,4412,10,30,1268
0x42947c,98.375%,39,2361,2400,2361,9,30,0
0x45f989,54.2169%,38,45,83,38,12,26,7
0x429a91,99.7103%,38,13078,13116,54,25,13,13024
0x460e0e,91.7391%,38,422,460,0,36,2,422
0x434369,92.1109%,37,432,469,432,1,36,0
0x445f60,99.7246%,36,13035,13071,11486,21,15,1549
0x439d28,92.4528%,36,441,477,92,27,9,349
0x45f095,93.4664%,36,515,551,291,4,32,224
0x42907a,98.5%,36,2364,2400,137,28,8,2227
0x460e1e,92.4211%,36,439,475,416,7,29,23
0x427b86,95.4488%,36,755,791,1,26,10,754
0x429f3a,99.8418%,35,22093,22128,16576,20,15,5517
0x41e61f,99.3751%,35,5566,5601,5566,5,30,0
0x4540cd,98.5458%,34,2304,2338,2304,4,30,0
0x461ceb,95.3911%,33,683,716,347,11,22,336
0x4056c0,93.3468%,33,463,496,463,3,30,0
0x45efeb,99.0593%,33,3475,3508,2615,16,17,860
0x4611d4,90.7821%,33,325,358,289,24,9,36
0x429aeb,99.812%,32,16992,17024,12752,16,16,4240
0x413bf3,98.5828%,32,2226,2258,0,29,3,2226
0x42796e,99.1696%,31,3702,3733,0,24,7,3702
0x42a8e5,99.0391%,31,3195,3226,1609,4,27,1586
0x429a46,99.9374%,31,49473,49504,37122,6,25,12351
0x45d8b4,98.2143%,30,1650,1680,1257,3,27,393
0x463428,93.4498%,30,428,458,243,0,30,185
0x429856,99.3527%,29,4451,4480,3917,3,26,534
0x42a3fd,56.0606%,29,37,66,13,21,8,24
0x4064db,99.9499%,28,55812,55840,51071,7,21,4741
0x40f74f,99.8639%,28,20540,20568,17985,12,16,2555
0x42795e,99.2509%,28,3710,3738,0,5,23,3710
0x463bbb,98.7318%,27,2102,2129,12,16,11,2090
0x4482ae,95.7944%,27,615,642,142,23,4,473
0x42798e,99.2824%,26,3597,3623,0,25,1,3597
0x460bec,98.8879%,26,2312,2338,2303,5,21,9
0x4c9772,99.8464%,25,16247,16272,12704,16,9,3543
0x44665e,98.9307%,25,2313,2338,0,21,4,2313
0x4278a4,93.9241%,24,371,395,0,23,1,371
0x42bb5d,97.4843%,24,930,954,187,11,13,743
0x40fd91,99.994%,23,385737,385760,289306,14,9,96431
0x41e834,95.8333%,23,529,552,88,12,11,441
0x43a554,99.4659%,23,4283,4306,3207,12,11,1076
0x4129bf,98.7965%,22,1806,1828,1260,12,10,546
0x44e6e6,99.3889%,22,3578,3600,3553,2,20,25
0x46e5bd,99.059%,22,2316,2338,1551,14,8,765
0x42b3ae,74.3902%,21,61,82,58,11,10,3
0x40e51e,99.9759%,21,87099,87120,81666,9,12,5433
0x4c9657,99.9165%,20,23941,23961,4569,8,12,19372
0x41e86a,99.254%,19,2528,2547,2528,8,11,0
0x45fb19,95.8963%,19,444,463,182,8,11,262
0x4bdb49,36.6667%,19,11,30,3,7,12,8
0x42a4b8,44.1176%,19,15,34,7,13,6,8
0x433a2d,98.8834%,18,1594,1612,464,13,5,1130
0x42bb8c,98.8491%,18,1546,1564,1084,3,15,462
0x42a500,99.0816%,18,1942,1960,1913,5,13,29
0x463263,98.2906%,18,1035,1053,195,15,3,840
0x427923,95.881%,18,419,437,220,7,11,199
0x427882,95.8937%,17,397,414,0,15,2,397
0x403b0e,99.9965%,17,486895,486912,426039,9,8,60856
0x4278fd,96.3124%,17,444,461,159,12,5,285
0x429888,99.6689%,16,4816,4832,15,7,9,4801
0x4c9717,99.6504%,16,4561,4577,952,9,7,3609
0x4298b4,99.6656%,16,4768,4784,1,13,3,4767
0x4299bb,99.9672%,15,45734,45749,3,8,7,45731
0x46e34f,99.3584%,15,2323,2338,1130,7,8,1193
0x429823,99.6642%,15,4452,4467,6,6,9,4446
0x4f34f5,53.125%,15,17,32,17,4,11,0
0x401cc6,99.8827%,15,12769,12784,11984,1,14,785
0x41b2f6,99.936%,15,23409,23424,17557,11,4,5852
0x433a3e,98.7665%,14,1121,1135,0,0,14,1121
0x42a8fe,99.1321%,14,1599,1613,1587,13,1,12
0x42a378,98.3254%,14,822,836,808,5,9,14
0x42989e,99.7089%,14,4796,4810,18,8,6,4778
0x4bdb59,56.6667%,13,17,30,14,4,9,3
0x45f302,93.8095%,13,197,210,94,4,9,103
0x42794e,99.653%,13,3733,3746,0,8,5,3733
0x426639,99.9739%,12,45940,45952,0,0,12,45940
0x4bdb6c,60%,12,18,30,10,5,7,8
0x45ef1a,99.6579%,12,3496,3508,0,0,12,3496
0x42b7d0,90.7692%,12,118,130,117,6,6,1
0x4613aa,94.2857%,12,198,210,1,1,11,197
0x44a96e,99.5472%,12,2638,2650,1075,11,1,1563
0x433305,99.4867%,12,2326,2338,24,6,6,2302
0x45d962,76%,12,38,50,1,8,4,37
0x45dd9f,96.2712%,11,284,295,0,5,6,284
0x427871,97.3747%,11,408,419,0,5,6,408
0x4297f8,99.7545%,11,4469,4480,1,6,5,4468
0x46e354,99.0841%,11,1190,1201,1047,6,5,143
0x429965,99.9354%,11,17013,17024,4648,0,11,12365
0x414319,99.7469%,10,3941,3951,3738,5,5,203
0x463553,98.3333%,10,590,600,590,10,0,0
0x46351d,95.2381%,10,200,210,0,7,3,200
0x434269,97.9036%,10,467,477,1,7,3,466
0x413aed,99.5723%,10,2328,2338,78,2,8,2250
0x42a71d,99.69%,10,3216,3226,3024,4,6,192
0x439937,99.55%,10,2212,2222,1131,4,6,1081
0x41e6ae,99.0698%,10,1065,1075,1064,4,6,1
0x45ddc3,97.6247%,10,411,421,183,7,3,228
0x428d41,99.625%,9,2391,2400,79,1,8,2312
0x42bbee,99.4246%,9,1555,1564,0,6,3,1555
0x4156b5,99.4417%,9,1603,1612,1137,0,9,466
0x45f76e,95.5665%,9,194,203,98,7,2,96
0x434ef4,98.7586%,9,716,725,605,5,4,111
0x42980d,99.7988%,9,4464,4473,0,6,3,4464
0x406370,99.9839%,9,55831,55840,20349,3,6,35482
0x4156c1,98.3158%,8,467,475,420,3,5,47
0x402a19,99.991%,8,89232,89240,2174,2,6,87058
0x460c0c,99.6578%,8,2330,2338,2253,5,3,77
0x4029a0,99.991%,8,89232,89240,0,0,8,89232
0x4029b1,99.991%,8,89232,89240,89232,8,0,0
0x4186af,97.8495%,8,364,372,279,3,5,85
0x42bd95,99.4885%,8,1556,1564,74,3,5,1482
0x42bc0d,99.4885%,8,1556,1564,28,2,6,1528
0x49fe26,27.2727%,8,3,11,3,8,0,0
0x41e6cc,99.3446%,7,1061,1068,1061,2,5,0
0x4142bf,99.8228%,7,3944,3951,3786,5,2,158
0x42ab0a,96.6981%,7,205,212,82,0,7,123
0x46e638,99.7006%,7,2331,2338,2121,7,0,210
0x428b62,99.6868%,7,2228,2235,0,0,7,2228
0x4c965c,99.968%,7,21896,21903,14882,6,1,7014
0x45fdba,97.3684%,7,259,266,259,0,7,0
0x42b3c4,46.1538%,7,6,13,1,4,3,5
0x45f715,96.6667%,7,203,210,0,7,0,203
0x463977,99.839%,7,4342,4349,4342,7,0,0
0x419c89,98.0556%,7,353,360,353,3,4,0
0x45f9a2,88.8889%,6,48,54,48,4,2,0
0x41e7d0,98.3425%,6,356,362,356,3,3,0
0x414b4c,99.75%,6,2394,2400,78,2,4,2316
0x4bda5c,99.6907%,6,1934,1940,2,2,4,1932
0x415406,97.1429%,6,204,210,145,0,6,59
0x4c9748,99.9633%,6,16330,16336,60,4,2,16270
0x45d4f6,99.4141%,6,1018,1024,1018,6,0,0
0x43de79,99.8333%,6,3594,3600,3553,2,4,41
0x41459a,99.628%,6,1607,1613,1589,3,3,18
0x461284,97.1429%,6,204,210,204,6,0,0
0x4153b8,99.7434%,6,2332,2338,2127,1,5,205
0x4062ba,99.9893%,6,55834,55840,0,0,6,55834
0x460d6e,98.9619%,6,572,578,140,5,1,432
0x41447d,99.8481%,6,3945,3951,3896,4,2,49
0x41434f,99.8481%,6,3945,3951,3899,1,5,46
0x46e61d,99.718%,6,2122,2128,1629,2,4,493
0x407ee5,99.9313%,6,8722,8728,7636,1,5,1086
0x4189a1,93.3333%,6,84,90,83,4,2,1
0x40625a,99.9893%,6,55834,55840,0,0,6,55834
0x46e567,99.7861%,5,2333,2338,2124,4,1,209
0x401a30,99.3742%,5,794,799,0,0,5,794
0x414516,99.8734%,5,3946,3951,1609,4,1,2337
0x428670,99.7917%,5,2395,2400,29,1,4,2366
0x45d14f,99.4299%,5,872,877,0,0,5,872
0x4c97ba,99.4797%,5,956,961,1,2,3,955
0x42b731,64.2857%,5,9,14,2,5,0,7
0x4c9694,99.9772%,5,21898,21903,14885,4,1,7013
0x41e6f3,0%,5,0,5,0,0,5,0
0x413ecb,99.8718%,5,3895,3900,1587,5,0,2308
0x4c96aa,99.9772%,5,21898,21903,4676,1,4,17222
0x445fa8,99.939%,5,8186,8191,0,1,4,8186
0x46e18e,99.7861%,5,2333,2338,2308,0,5,25
0x42bc2c,99.6741%,5,1529,1534,5,1,4,1524
0x428aae,99.7763%,5,2230,2235,0,0,5,2230
0x4340ca,99.4759%,5,949,954,476,1,4,473
0x4170ec,68.75%,5,11,16,11,2,3,0
0x4c9980,99.9272%,5,6859,6864,6859,2,3,0
0x416e2a,94.4444%,5,85,90,83,4,1,2
0x4013a3,97.2222%,5,175,180,175,2,3,0
0x42a56f,98.4848%,5,325,330,315,0,5,10
0x418726,94.4444%,5,85,90,84,3,2,1
0x42a411,86.8421%,5,33,38,27,4,1,6
0x42bc4f,99.6741%,5,1529,1534,1522,3,2,7
0x428b7f,99.7763%,5,2230,2235,1556,4,1,674
0x4bdafe,95.935%,5,118,123,118,1,4,0
0x4c9683,99.9772%,5,21898,21903,17223,4,1,4675
0x414288,99.8734%,5,3946,3951,3740,2,3,206
0x411724,99.9957%,5,115195,115200,108000,0,5,7195
0x40a62b,99.8641%,5,3675,3680,3220,0,5,455
0x428a99,99.7763%,5,2230,2235,0,0,5,2230
0x45d136,99.54%,5,1082,1087,208,2,3,874
0x427893,98.7469%,5,394,399,0,4,1,394
0x49c6c5,54.5455%,5,6,11,0,0,5,6
0x42bb4d,99.7442%,4,1560,1564,610,0,4,950
0x42b3e0,50%,4,4,8,4,4,0,0
0x45f88c,99.632%,4,1083,1087,876,1,3,207
0x41498d,99.943%,4,7010,7014,2175,0,4,4835
0x46e594,99.812%,4,2124,2128,790,1,3,1334
0x43365e,99.8289%,4,2334,2338,2334,4,0,0
0x40297d,99.9955%,4,89236,89240,0,0,4,89236
0x433699,99.8289%,4,2334,2338,725,0,4,1609
0x404c1d,99.9581%,4,9542,9546,0,0,4,9542
0x42a653,99.752%,4,1609,1613,0,0,4,1609
0x42b9ac,33.3333%,4,2,6,1,2,2,1
0x404f3c,99.9994%,4,645292,645296,644798,2,2,494
0x4335dc,99.8289%,4,2334,2338,3,2,2,2331
0x416fa3,95.5556%,4,86,90,85,2,2,1
0x416f4b,75%,4,12,16,12,1,3,0
0x42b7e5,42.8571%,4,3,7,3,1,3,0
0x4291c3,99.821%,4,2231,2235,0,0,4,2231
0x404aed,99.9145%,4,4672,4676,0,0,4,4672
0x45f955,99.6324%,4,1084,1088,0,0,4,1084
0x4117ac,99.9931%,4,57596,57600,50398,2,2,7198
0x428fc0,99.8039%,4,2036,2040,1348,1,3,688
0x45f918,99.6324%,4,1084,1088,0,0,4,1084
0x472006,86.6667%,4,26,30,0,0,4,26
0x415504,99.812%,4,2124,2128,581,0,4,1543
0x471f34,86.6667%,4,26,30,0,0,4,26
0x45f977,99.1416%,4,462,466,0,0,4,462
0x45feb7,42.8571%,4,3,7,3,4,0,0
0x414210,99.8289%,4,2334,2338,0,0,4,2334
0x4f096b,20%,4,1,5,0,1,3,1
0x414b92,99.8289%,4,2334,2338,208,2,2,2126
0x43c357,99.5215%,4,832,836,624,2,2,208
0x428d98,99.8276%,4,2316,2320,0,0,4,2316
0x404f97,99.3952%,3,493,496,493,3,0,0
0x460046,81.25%,3,13,16,13,2,1,0
0x4bdb7d,90%,3,27,30,27,1,2,0
0x4339c6,99.814%,3,1610,1613,1610,3,0,0
0x43350d,99.8717%,3,2335,2338,725,0,3,1610
0x49bed6,0%,3,0,3,0,1,2,0
0x418c49,96.6667%,3,87,90,59,1,2,28
0x404c03,99.9686%,3,9543,9546,0,0,3,9543
0x46a131,50%,3,3,6,1,2,1,2
0x426641,99.9935%,3,45949,45952,0,0,3,45949
0x461723,99.162%,3,355,358,355,3,0,0
0x4a0fcb,40%,3,2,5,1,1,2,1
0x416922,90%,3,27,30,0,0,3,27
0x4552a6,99.3333%,3,447,450,447,2,1,0
0x49c49f,72.7273%,3,8,11,8,3,0,0
0x44a8eb,99.8868%,3,2647,2650,2647,3,0,0
0x45fca5,99.8833%,3,2568,2571,2290,3,0,278
0x4292a1,99.8658%,3,2232,2235,1548,0,3,684
0x46f417,70%,3,7,10,7,2,1,0
0x412609,99.7642%,3,1269,1272,1269,3,0,0
0x4286e2,99.8549%,3,2065,2068,0,0,3,2065
0x41a2d4,25%,3,1,4,1,2,1,0
0x416c56,96.6667%,3,87,90,0,0,3,87
0x4381b9,99.3711%,3,474,477,474,3,0,0
0x463467,98.5714%,3,207,210,207,0,3,0
0x414441,99.9241%,3,3948,3951,3789,2,1,159
0x4bda62,99.845%,3,1933,1936,966,2,1,967
0x4287b6,99.8549%,3,2065,2068,0,0,3,2065
0x46e954,99.8717%,3,2335,2338,2335,2,1,0
0x403b2e,99.9951%,3,60861,60864,53253,3,0,7608
0x416e20,25%,3,1,4,1,1,2,0
0x46e1dc,99.8717%,3,2335,2338,0,0,3,2335
0x43a56f,99.724%,3,1084,1087,0,0,3,1084
0x4a2f9b,40%,3,2,5,2,2,1,0
0x4149ad,99.938%,3,4836,4839,1612,1,2,3224
0x4287be,99.8549%,3,2065,2068,1354,1,2,711
0x4245a3,99.9887%,3,26599,26602,26599,2,1,0
0x4155d4,99.8717%,3,2335,2338,2127,1,2,208
0x41e7f5,99.1643%,3,356,359,356,1,2,0
0x4028fc,99.9966%,3,89237,89240,0,0,3,89237
0x429ad3,99.9839%,3,18589,18592,13943,1,2,4646
0x460e01,99.3684%,3,472,475,14,1,2,458
0x413ed8,99.8717%,3,2335,2338,2335,3,0,0
0x4a06e8,72.7273%,3,8,11,5,2,1,3
0x414b10,99.875%,3,2397,2400,27,3,0,2370
0x416bc5,96.5517%,3,84,87,57,1,2,27
0x40354c,99.9951%,3,60861,60864,60861,3,0,0
0x46e6b0,99.6207%,3,788,791,788,3,0,0
0x413ca0,99.8717%,3,2335,2338,2257,1,2,78
0x412950,99.8795%,3,2487,2490,2487,3,0,0
0x460c9c,99.7151%,3,1050,1053,1050,3,0,0
0x429284,99.8658%,3,2232,2235,0,0,3,2232
0x404bce,99.9679%,3,9349,9352,4676,0,3,4673
0x4a23e5,40%,3,2,5,0,1,2,2
0x4633b5,99.7151%,3,1050,1053,1050,3,0,0
0x43a563,99.724%,3,1084,1087,610,0,3,474
0x4bdb44,90.625%,3,29,32,1,2,1,28
0x4bdc89,0%,3,0,3,0,0,3,0
0x4bde07,99.9144%,3,3501,3504,0,1,2,3501
0x460cf9,99.7151%,3,1050,1053,576,2,1,474
0x45dc93,98.7013%,3,228,231,0,0,3,228
0x413e59,99.87%,3,2305,2308,0,0,3,2305
0x46e20a,99.9145%,2,2336,2338,2336,2,0,0
0x401707,92%,2,23,25,20,0,2,3
0x4a1f05,33.3333%,2,1,3,1,1,1,0
0x428ee6,99.902%,2,2038,2040,0,0,2,2038
0x401bfb,99.9844%,2,12782,12784,0,0,2,12782
0x4c9927,99.9709%,2,6862,6864,0,0,2,6862
0x4278d9,98.9418%,2,187,189,0,0,2,187
0x4155f9,99.9145%,2,2336,2338,0,0,2,2336
0x46123c,99.6479%,2,566,568,0,0,2,566
0x4151b0,99.9145%,2,2336,2338,2336,2,0,0
0x4145cc,99.876%,2,1611,1613,1531,2,0,80
0x4a1e5c,0%,2,0,2,0,1,1,0
0x4ac4ae,50%,2,2,4,1,2,0,1
0x46e8f0,99.9145%,2,2336,2338,2336,2,0,0
0x46e585,99.906%,2,2126,2128,0,0,2,2126
0x46e326,99.9145%,2,2336,2338,0,1,1,2336
0x45d6e2,99.9172%,2,2414,2416,0,0,2,2414
0x419b3f,50%,2,2,4,0,0,2,2
0x4a7523,33.3333%,2,1,3,1,2,0,0
0x42ab7b,99.0566%,2,210,212,81,1,1,129
0x433aba,99.8238%,2,1133,1135,1133,2,0,0
0x415622,99.8707%,2,1545,1547,293,0,2,1252
0x4f0be9,0%,2,0,2,0,2,0,0
0x414999,99.9587%,2,4837,4839,0,0,2,4837
0x42b54d,75%,2,6,8,0,0,2,6
0x46e1f3,99.9145%,2,2336,2338,0,0,2,2336
0x43511e,99.6721%,2,608,610,608,2,0,0
0x46e0fb,99.9145%,2,2336,2338,2336,2,0,0
0x42b58b,75%,2,6,8,0,1,1,6
0x41a4f8,50%,2,2,4,2,1,1,0
0x404ca2,99.979%,2,9544,9546,0,0,2,9544
0x49c82a,0%,2,0,2,0,2,0,0
0x42bc7a,99.8721%,2,1562,1564,0,0,2,1562
0x4bdb96,93.3333%,2,28,30,28,1,1,0
0x44acbb,99.8721%,2,1562,1564,0,0,2,1562
0x4129a4,99.9197%,2,2488,2490,0,0,2,2488
0x42b586,87.5%,2,14,16,6,2,0,8
0x4f0b85,0%,2,0,2,0,2,0,0
0x414520,99.9145%,2,2336,2338,725,0,2,1611
0x42784f,99.5227%,2,417,419,0,0,2,417
0x4a58dd,33.3333%,2,1,3,0,2,0,1
0x427c25,99.9701%,2,6691,6693,6691,2,0,0
0x403439,99.9737%,2,7606,7608,0,0,2,7606
0x42b818,33.3333%,2,1,3,1,2,0,0
0x4bdc9a,33.3333%,2,1,3,0,2,0,1
0x4340a4,99.5807%,2,475,477,475,2,0,0
0x45fdfd,71.4286%,2,5,7,5,0,2,0
0x4a0693,81.8182%,2,9,11,9,2,0,0
0x4a06df,81.8182%,2,9,11,0,0,2,9
0x427938,99.5662%,2,459,461,80,0,2,379
0x4bde60,99.9429%,2,3501,3503,3501,1,1,0
0x416aa5,33.3333%,2,1,3,1,1,1,0
0x4017a3,0%,2,0,2,0,2,0,0
0x445ed6,99.8721%,2,1562,1564,0,0,2,1562
0x4288ff,99.3377%,2,300,302,0,0,2,300
0x401b77,99.9844%,2,12782,12784,0,0,2,12782
0x414e0d,99.906%,2,2126,2128,1545,2,0,581
0x45dc75,99.1342%,2,229,231,0,0,2,229
0x49c1ea,0%,2,0,2,0,2,0,0
0x413b90,99.9103%,2,2227,2229,0,0,2,2227
0x4a23f1,60%,2,3,5,3,1,1,0
0x4061cb,99.958%,2,4760,4762,0,0,2,4760
0x401c1e,99.9844%,2,12782,12784,0,0,2,12782
0x401baf,99.9844%,2,12782,12784,12782,2,0,0
0x401aeb,99.9844%,2,12782,12784,0,0,2,12782
0x4a1631,84.6154%,2,11,13,11,1,1,0
0x42abad,99.876%,2,1611,1613,1611,2,0,0
0x404bd7,99.9572%,2,4674,4676,4674,2,0,0
0x416de1,97.7778%,2,88,90,87,1,1,1
0x47c829,33.3333%,2,1,3,1,2,0,0
0x4293bb,99.9105%,2,2233,2235,0,0,2,2233
0x46e619,99.9145%,2,2336,2338,208,2,0,2128
0x49c787,0%,2,0,2,0,2,0,0
0x44e498,99.9444%,2,3598,3600,3598,2,0,0
0x45510a,0%,2,0,2,0,1,1,0
0x428c83,99.9105%,2,2233,2235,0,0,2,2233
0x4f098a,60%,2,3,5,0,2,0,3
0x42b59d,71.4286%,2,5,7,5,2,0,0
0x45f23e,99.9405%,2,3358,3360,3358,2,0,0
0x49c4c6,81.8182%,2,9,11,9,2,0,0
0x414fca,99.9145%,2,2336,2338,2336,2,0,0
0x49bda4,33.3333%,2,1,3,1,2,0,0
0x4bdcea,0%,2,0,2,0,2,0,0
0x471d7e,93.5484%,2,29,31,0,1,1,29
0x4017d5,0%,2,0,2,0,1,1,0
0x414ab2,99.876%,2,1611,1613,0,0,2,1611
0x43a3c1,99.816%,2,1085,1087,1085,2,0,0
0x45f852,71.4286%,2,5,7,5,2,0,0
0x47c822,33.3333%,2,1,3,1,2,0,0
0x4bdbb9,0%,2,0,2,0,1,1,0
0x41a64f,0%,2,0,2,0,1,1,0
0x4615ee,99.4413%,2,356,358,356,2,0,0
0x461120,99.4413%,2,356,358,356,2,0,0
0x4145f4,99.9145%,2,2336,2338,1611,2,0,725
0x460206,96.875%,2,62,64,62,1,1,0
0x4245d7,99.9925%,2,26600,26602,26600,1,1,0
0x49c434,92.8571%,1,13,14,0,0,1,13
0x46c3d3,0%,1,0,1,0,1,0,0
0x49c567,90.9091%,1,10,11,0,1,0,10
0x4551ac,0%,1,0,1,0,0,1,0
0x471b9f,0%,1,0,1,0,1,0,0
0x455156,0%,1,0,1,0,1,0,0
0x4551cb,0%,1,0,1,0,0,1,0
0x47b3ac,0%,1,0,1,0,1,0,0
0x4bda78,99.8967%,1,967,968,0,0,1,967
0x4bdbf7,66.6667%,1,2,3,2,1,0,0
0x46cc79,0%,1,0,1,0,0,1,0
0x4ac492,66.6667%,1,2,3,0,0,1,2
0x453083,0%,1,0,1,0,1,0,0
0x45509f,0%,1,0,1,0,1,0,0
0x49c76d,50%,1,1,2,0,0,1,1
0x47af10,0%,1,0,1,0,1,0,0
0x46bfde,0%,1,0,1,0,1,0,0
0x46f75e,0%,1,0,1,0,0,1,0
0x4c97e9,66.6667%,1,2,3,0,0,1,2
0x46f769,0%,1,0,1,0,1,0,0
0x428efa,99.951%,1,2039,2040,0,0,1,2039
0x49bee4,50%,1,1,2,0,0,1,1
0x49fa0a,90.9091%,1,10,11,10,1,0,0
0x47b214,0%,1,0,1,0,0,1,0
0x433dca,99.8952%,1,953,954,0,0,1,953
0x469bc5,0%,1,0,1,0,0,1,0
0x46c01d,0%,1,0,1,0,1,0,0
0x433e78,99.8952%,1,953,954,953,1,0,0
0x4f09b4,80%,1,4,5,4,1,0,0
0x473f55,0%,1,0,1,0,1,0,0
0x40141d,0%,1,0,1,0,0,1,0
0x46f5f4,0%,1,0,1,0,0,1,0
0x4a1fc3,0%,1,0,1,0,1,0,0
0x4f3444,90.9091%,1,10,11,10,1,0,0
0x419c91,75%,1,3,4,3,1,0,0
0x49f9fd,90.9091%,1,10,11,10,1,0,0
0x46b22c,0%,1,0,1,0,1,0,0
0x437f49,99.7904%,1,476,477,476,1,0,0
0x4a0bd7,90.9091%,1,10,11,10,1,0,0
0x455427,0%,1,0,1,0,1,0,0
0x4a2093,0%,1,0,1,0,1,0,0
0x47b2a5,0%,1,0,1,0,1,0,0
0x4f0bac,50%,1,1,2,1,1,0,0
0x4a1618,92.3077%,1,12,13,0,1,0,12
0x4a1636,0%,1,0,1,0,1,0,0
0x47b317,0%,1,0,1,0,1,0,0
0x4f05b4,0%,1,0,1,0,1,0,0
0x42bd4a,99.9361%,1,1563,1564,9,0,1,1554
0x46fd27,0%,1,0,1,0,1,0,0
0x4a7226,66.6667%,1,2,3,2,1,0,0
0x45fe5b,85.7143%,1,6,7,6,0,1,0
0x47b2d1,0%,1,0,1,0,0,1,0
0x4a71e8,66.6667%,1,2,3,0,0,1,2
0x4a2265,0%,1,0,1,0,1,0,0
0x4a0fb0,80%,1,4,5,4,1,0,0
0x4a1ca1,0%,1,0,1,0,0,1,0
0x4146e5,99.9857%,1,7013,7014,7013,1,0,0
0x4a22b9,0%,1,0,1,0,0,1,0
0x4a2cee,0%,1,0,1,0,1,0,0
0x4a1538,0%,1,0,1,0,1,0,0
0x4a74d4,66.6667%,1,2,3,0,0,1,2
0x46b46c,0%,1,0,1,0,0,1,0
0x405f53,96.6667%,1,29,30,29,0,1,0
0x44ad5e,99.9361%,1,1563,1564,1563,1,0,0
0x49bce5,66.6667%,1,2,3,0,0,1,2
0x4a03b3,0%,1,0,1,0,1,0,0
0x46dd83,0%,1,0,1,0,0,1,0
0x4a1154,0%,1,0,1,0,1,0,0
0x4a1267,0%,1,0,1,0,1,0,0
0x49c7e0,50%,1,1,2,0,1,0,1
0x4a1577,0%,1,0,1,0,1,0,0
0x4a21c6,0%,1,0,1,0,0,1,0
0x4c99ae,66.6667%,1,2,3,0,0,1,2
0x46dcef,0%,1,0,1,0,1,0,0
0x4f0ab1,0%,1,0,1,0,1,0,0
0x4136a6,0%,1,0,1,0,1,0,0
0x4245e6,0%,1,0,1,0,1,0,0
0x4a1abe,0%,1,0,1,0,0,1,0
0x4a1dfe,0%,1,0,1,0,1,0,0
0x46c55e,0%,1,0,1,0,1,0,0
0x4170fa,66.6667%,1,2,3,2,1,0,0
0x49c446,92.8571%,1,13,14,1,1,0,12
0x46f0f0,0%,1,0,1,0,0,1,0
0x46ed26,0%,1,0,1,0,1,0,0
0x427a33,99.9748%,1,3973,3974,821,0,1,3152
0x46969a,0%,1,0,1,0,1,0,0
0x49c716,90.9091%,1,10,11,10,1,0,0
0x41567a,99.8736%,1,790,791,433,0,1,357
0x414f5f,99.9572%,1,2337,2338,2337,1,0,0
0x46f78a,0%,1,0,1,0,1,0,0
0x45530e,0%,1,0,1,0,1,0,0
0x43c3a7,99.9572%,1,2336,2337,0,0,1,2336
0x42454a,0%,1,0,1,0,0,1,0
0x46f7a9,0%,1,0,1,0,1,0,0
0x46fc12,0%,1,0,1,0,1,0,0
0x424551,0%,1,0,1,0,0,1,0
0x4c97c4,99.8956%,1,957,958,0,1,0,957
0x4a74c1,66.6667%,1,2,3,2,1,0,0
0x44e6f4,97.7778%,1,44,45,44,0,1,0
0x4ac4b7,0%,1,0,1,0,1,0,0
0x42a569,99.697%,1,329,330,0,0,1,329
0x428c57,99.9553%,1,2234,2235,0,0,1,2234
0x46f725,0%,1,0,1,0,1,0,0
0x469dca,0%,1,0,1,0,0,1,0
0x433194,99.9572%,1,2337,2338,0,0,1,2337
0x46f6c9,93.75%,1,15,16,15,0,1,0
0x46dd46,0%,1,0,1,0,1,0,0
0x49fa3f,90%,1,9,10,9,1,0,0
0x46e339,99.9112%,1,1125,1126,0,0,1,1125
0x4a21ce,0%,1,0,1,0,1,0,0
0x4557d7,0%,1,0,1,0,1,0,0
0x4169ef,66.6667%,1,2,3,0,0,1,2
0x416a04,66.6667%,1,2,3,2,1,0,0
0x4138a8,0%,1,0,1,0,1,0,0
0x4556fd,0%,1,0,1,0,0,1,0
0x471b14,0%,1,0,1,0,0,1,0
0x45555c,0%,1,0,1,0,1,0,0
0x4ca251,94.1176%,1,16,17,0,0,1,16
0x4a090f,0%,1,0,1,0,1,0,0
0x4ac776,96.7742%,1,30,31,0,1,0,30
0x4a75ac,66.6667%,1,2,3,0,0,1,2
0x46dbcf,0%,1,0,1,0,0,1,0
0x433770,99.938%,1,1612,1613,1612,1,0,0
0x49be43,66.6667%,1,2,3,2,1,0,0
0x402d24,99.9879%,1,8237,8238,8237,1,0,0
0x429376,99.9553%,1,2234,2235,0,0,1,2234
0x4a202f,0%,1,0,1,0,1,0,0
0x454fde,0%,1,0,1,0,1,0,0
0x4a7518,66.6667%,1,2,3,2,1,0,0
0x4a750a,66.6667%,1,2,3,0,0,1,2
0x44e538,99.9722%,1,3599,3600,3599,1,0,0
0x49fa32,90.9091%,1,10,11,0,1,0,10
0x41f87d,0%,1,0,1,0,0,1,0
0x454b83,99.9572%,1,2337,2338,0,0,1,2337
0x4a74f9,66.6667%,1,2,3,0,0,1,2
0x454f94,0%,1,0,1,0,1,0,0
0x4a02f4,0%,1,0,1,0,0,1,0
0x47401e,0%,1,0,1,0,0,1,0
0x46b404,0%,1,0,1,0,1,0,0
0x4859a3,0%,1,0,1,0,0,1,0
0x46a07a,0%,1,0,1,0,0,1,0
0x45ff10,85.7143%,1,6,7,4,1,0,2
0x4a1cae,0%,1,0,1,0,1,0,0
0x46f05a,0%,1,0,1,0,1,0,0
0x4ae53e,0%,1,0,1,0,0,1,0
0x41a666,0%,1,0,1,0,1,0,0
0x47afbd,0%,1,0,1,0,0,1,0
0x46f747,0%,1,0,1,0,1,0,0
0x46ffe1,0%,1,0,1,0,0,1,0
0x46f5e2,75%,1,3,4,3,0,1,0
0x413797,0%,1,0,1,0,1,0,0
0x4bdbc5,66.6667%,1,2,3,2,1,0,0
0x4f103a,80%,1,4,5,0,0,1,4
0x45579a,0%,1,0,1,0,0,1,0
0x412292,99.8201%,1,555,556,555,1,0,0
0x46a1d6,0%,1,0,1,0,1,0,0
0x46a236,50%,1,1,2,1,0,1,0
0x433b71,99.7904%,1,476,477,0,0,1,476
0x46fd45,0%,1,0,1,0,1,0,0
0x49f994,90.9091%,1,10,11,10,1,0,0
0x415762,0%,1,0,1,0,0,1,0
0x46b2de,0%,1,0,1,0,0,1,0
0x402acb,99.982%,1,5568,5569,5568,1,0,0
0x485a0c,0%,1,0,1,0,1,0,0
0x4c97a9,99.8959%,1,960,961,0,0,1,960
0x453276,0%,1,0,1,0,0,1,0
0x452ea5,0%,1,0,1,0,1,0,0
0x4330ba,99.9572%,1,2337,2338,2337,1,0,0
0x49be9c,66.6667%,1,2,3,2,1,0,0
0x47aee8,0%,1,0,1,0,1,0,0
0x4f1cd2,0%,1,0,1,0,1,0,0
0x4a1e88,0%,1,0,1,0,0,1,0
0x452cec,0%,1,0,1,0,1,0,0
0x46db18,0%,1,0,1,0,0,1,0
0x452aa2,0%,1,0,1,0,1,0,0
0x46b4a2,0%,1,0,1,0,1,0,0
0x4c980a,66.6667%,1,2,3,2,1,0,0
0x44e69f,99.9722%,1,3599,3600,0,0,1,3599
0x46b7ca,0%,1,0,1,0,0,1,0
0x46f6d5,0%,1,0,1,0,0,1,0
0x4558ce,0%,1,0,1,0,1,0,0
0x4a1f8b,0%,1,0,1,0,0,1,0
0x471b30,0%,1,0,1,0,0,1,0
0x471b1a,0%,1,0,1,0,0,1,0
0x49bebf,66.6667%,1,2,3,0,0,1,2
0x43999b,99.9572%,1,2336,2337,2336,1,0,0
0x46b2f1,0%,1,0,1,0,0,1,0
0x43950f,99.9572%,1,2336,2337,2336,1,0,0
0x415906,0%,1,0,1,0,0,1,0
0x4158d0,0%,1,0,1,0,0,1,0
0x4a2f81,80%,1,4,5,0,0,1,4
0x415808,0%,1,0,1,0,1,0,0
0x46983b,0%,1,0,1,0,1,0,0
0x4291ae,99.9553%,1,2234,2235,0,0,1,2234
0x41696d,96.6667%,1,29,30,29,0,1,0
0x4a1d43,0%,1,0,1,0,1,0,0
0x4245ad,0%,1,0,1,0,1,0,0
0x41a636,0%,1,0,1,0,0,1,0
0x4a231d,0%,1,0,1,0,1,0,0
0x469e24,0%,1,0,1,0,0,1,0
0x404ad3,99.9786%,1,4675,4676,0,0,1,4675
0x416b22,98.8506%,1,86,87,86,1,0,0
0x4697a1,0%,1,0,1,0,1,0,0
0x413a4a,99.9572%,1,2337,2338,29,1,0,2308
0x4a0f8f,80%,1,4,5,4,1,0,0
0x46b086,0%,1,0,1,0,1,0,0
0x4152e9,99.9572%,1,2337,2338,210,0,1,2127
0x4a0c59,90.9091%,1,10,11,10,1,0,0
0x46976b,0%,1,0,1,0,0,1,0
0x40e61c,99.9989%,1,87119,87120,81674,1,0,5445
0x469e8f,0%,1,0,1,0,1,0,0
0x469cef,0%,1,0,1,0,1,0,0
0x41387b,0%,1,0,1,0,1,0,0
0x45299e,0%,1,0,1,0,1,0,0
0x439471,99.9572%,1,2336,2337,2336,1,0,0
0x41eab4,0%,1,0,1,0,1,0,0
0x4135e9,0%,1,0,1,0,0,1,0
0x46a92c,0%,1,0,1,0,1,0,0
0x46cf5c,0%,1,0,1,0,0,1,0
0x47001f,0%,1,0,1,0,0,1,0
0x471efa,96.6667%,1,29,30,0,0,1,29
0x45e6f3,99.886%,1,876,877,876,1,0,0
0x46a116,85.7143%,1,6,7,0,1,0,6
0x46a0c0,0%,1,0,1,0,0,1,0
0x4dfe67,0%,1,0,1,0,0,1,0
0x4ac79b,96.6667%,1,29,30,0,0,1,29
0x400656,0%,1,0,1,0,1,0,0
0x471fdc,96.6667%,1,29,30,29,0,1,0
0x46a0a2,75%,1,3,4,0,1,0,3
0x415364,99.9572%,1,2337,2338,0,0,1,2337
0x43369f,99.938%,1,1612,1613,1612,1,0,0
0x4699d0,0%,1,0,1,0,1,0,0
0x46aa8b,0%,1,0,1,0,1,0,0
0x439940,99.908%,1,1086,1087,1086,1,0,0
0x46db77,0%,1,0,1,0,1,0,0
0x405608,99.9975%,1,40175,40176,39680,0,1,495
0x49c47e,90.9091%,1,10,11,10,1,0,0
0x471f65,96.6667%,1,29,30,0,0,1,29
0x49be14,66.6667%,1,2,3,2,1,0,0
0x416dd4,99.5851%,1,240,241,150,1,0,90
0x4a2cd3,0%,1,0,1,0,1,0,0
0x416931,96.6667%,1,29,30,0,0,1,29
0x469d6d,0%,1,0,1,0,1,0,0
0x42b376,98.7805%,1,81,82,81,1,0,0
0x4290bc,99.9553%,1,2234,2235,0,0,1,2234
0x429497,96.6667%,1,29,30,29,1,0,0
0x41e524,91.6667%,1,11,12,11,0,1,0
0x44e6ac,99.9722%,1,3599,3600,0,0,1,3599
0x41e00e,0%,1,0,1,0,1,0,0
0x439d36,99.7207%,1,357,358,357,1,0,0
0x43804e,99.7904%,1,476,477,476,1,0,0
0x4344f3,99.7904%,1,476,477,476,1,0,0
0x42b799,99.2308%,1,129,130,129,1,0,0
0x42ab84,99.2308%,1,129,130,129,1,0,0
0x469d9d,0%,1,0,1,0,1,0,0
0x42ab4c,99.5283%,1,211,212,0,0,1,211
0x43c7f8,99.7207%,1,357,358,0,0,1,357
0x45e503,99.9119%,1,1134,1135,1134,1,0,0
0x46ded6,0%,1,0,1,0,1,0,0
0x417182,96.6667%,1,29,30,29,0,1,0
0x433a7e,99.9119%,1,1134,1135,0,0,1,1134
0x463c6f,99.5238%,1,209,210,209,1,0,0
0x49bdfb,66.6667%,1,2,3,2,1,0,0
0x433fda,99.8952%,1,953,954,953,1,0,0
0x40585a,99.7222%,1,359,360,359,0,1,0
0x43c14c,99.5238%,1,209,210,0,0,1,209
0x45d35d,99.3902%,1,163,164,0,0,1,163
0x4a7206,66.6667%,1,2,3,2,1,0,0
0x41482c,99.9857%,1,7013,7014,0,0,1,7013
0x413871,0%,1,0,1,0,0,1,0
0x46c046,0%,1,0,1,0,1,0,0
0x46b88b,0%,1,0,1,0,1,0,0
0x41e4c3,96.4286%,1,27,28,27,0,1,0
0x404f4f,99.7984%,1,495,496,0,0,1,495
0x4a20ea,0%,1,0,1,0,1,0,0
0x416810,0%,1,0,1,0,1,0,0
0x46c29c,0%,1,0,1,0,1,0,0
0x413659,0%,1,0,1,0,0,1,0
0x49fa24,90.9091%,1,10,11,0,0,1,10
0x415179,99.9572%,1,2337,2338,210,0,1,2127
0x4a1603,0%,1,0,1,0,1,0,0
0x4135b0,0%,1,0,1,0,0,1,0
0x45ecc0,99.9929%,1,14031,14032,14031,1,0,0
0x45ec68,99.9929%,1,14031,14032,14031,1,0,0
0x427bc5,99.9138%,1,1159,1160,1159,1,0,0
0x46cf82,0%,1,0,1,0,1,0,0
0x4ac553,0%,1,0,1,0,1,0,0
0x45d7e2,99.9405%,1,1679,1680,0,0,1,1679
0x46d24d,0%,1,0,1,0,1,0,0
0x46e651,99.5238%,1,209,210,209,1,0,0
0x46ddde,0%,1,0,1,0,1,0,0
0x46db0a,0%,1,0,1,0,0,1,0
0x46d883,0%,1,0,1,0,1,0,0
0x4bdad5,75%,1,3,4,0,0,1,3
0x437d69,99.7904%,1,476,477,0,0,1,476
0x46cc9f,0%,1,0,1,0,1,0,0
0x4343ef,99.7904%,1,476,477,476,1,0,0
0x46c611,0%,1,0,1,0,1,0,0
0x4bdcc9,50%,1,1,2,0,0,1,1
0x42a40b,97.3684%,1,37,38,0,0,1,37
0x46c461,0%,1,0,1,0,1,0,0
0x4a2824,0%,1,0,1,0,0,1,0
0x46c2f0,0%,1,0,1,0,1,0,0
0x4013af,66.6667%,1,2,3,2,1,0,0
0x4a1e94,0%,1,0,1,0,0,1,0
0x461d12,99.7691%,1,432,433,432,1,0,0
0x43a59e,99.5283%,1,211,212,211,1,0,0
0x469733,0%,1,0,1,0,0,1,0
0x46ffcc,0%,1,0,1,0,0,1,0
0x4394fe,99.9572%,1,2336,2337,0,0,1,2336
0x4012d4,66.6667%,1,2,3,0,0,1,2
0x4012f0,66.6667%,1,2,3,0,0,1,2
0x4157cb,0%,1,0,1,0,1,0,0
0x427b65,99.7963%,1,490,491,490,1,0,0
0x42a660,99.938%,1,1612,1613,0,0,1,1612
0x49be7f,66.6667%,1,2,3,2,1,0,0
0x4a25dd,0%,1,0,1,0,1,0,0
0x4331e9,99.9572%,1,2337,2338,2337,1,0,0
0x46e31d,99.9572%,1,2337,2338,0,0,1,2337
0x49c5e7,90.9091%,1,10,11,0,1,0,10
0x45da77,99.7647%,1,424,425,0,0,1,424
0x4168a2,0%,1,0,1,0,1,0,0
0x469c4a,0%,1,0,1,0,1,0,0
0x4f0a7f,0%,1,0,1,0,1,0,0
0x4a74fe,66.6667%,1,2,3,2,1,0,0
0x4028ea,99.9989%,1,89239,89240,0,0,1,89239
0x469c8d,0%,1,0,1,0,1,0,0
0x471dbf,96.6667%,1,29,30,0,1,0,29
0x4c96da,99.9782%,1,4576,4577,4576,1,0,0
0x46a2b2,0%,1,0,1,0,1,0,0
0x43de8a,97.7778%,1,44,45,44,0,1,0
0x4015fc,99.4444%,1,179,180,179,0,1,0
0x40571f,0%,1,0,1,0,0,1,0
0x47b06e,0%,1,0,1,0,1,0,0
0x4c96c9,99.9942%,1,17225,17226,0,0,1,17225
0x413d32,99.9572%,1,2337,2338,2308,0,1,29
0x47af53,0%,1,0,1,0,1,0,0
0x47af0e,0%,1,0,1,0,0,1,0
0x43818a,99.7904%,1,476,477,476,1,0,0
0x4ae573,0%,1,0,1,0,1,0,0
0x4a08a4,0%,1,0,1,0,1,0,0
0x46ebd6,0%,1,0,1,0,1,0,0
0x47b020,0%,1,0,1,0,1,0,0
0x46ca05,0%,1,0,1,0,1,0,0
0x46f467,88.8889%,1,8,9,8,0,1,0
0x46f666,93.75%,1,15,16,15,0,1,0
0x4a206f,0%,1,0,1,0,1,0,0
0x41e948,0%,1,0,1,0,1,0,0
0x41ab47,0%,1,0,1,0,1,0,0
0x4147da,99.9857%,1,7013,7014,7013,1,0,0
0x42a368,99.8804%,1,835,836,0,0,1,835
0x413bc0,99.9551%,1,2228,2229,0,0,1,2228
0x469b0c,0%,1,0,1,0,1,0,0
0x46c008,0%,1,0,1,0,0,1,0
0x4a1f31,50%,1,1,2,1,1,0,0
0x469af6,0%,1,0,1,0,0,1,0
0x42a3ab,99.8804%,1,835,836,835,1,0,0
0x469b87,0%,1,0,1,0,1,0,0
0x41a6a0,50%,1,1,2,0,0,1,1
0x45ec36,99.9715%,1,3507,3508,0,0,1,3507
0x433199,99.9572%,1,2337,2338,2337,1,0,0
0x47b2d5,0%,1,0,1,0,0,1,0
0x469c0b,0%,1,0,1,0,0,1,0
0x46d808,0%,1,0,1,0,1,0,0
0x43942d,99.8361%,1,609,610,0,0,1,609
0x404ca7,99.9895%,1,9545,9546,9545,1,0,0
0x433ab3,99.9119%,1,1134,1135,0,0,1,1134
0x49c570,90%,1,9,10,9,1,0,0
0x471d48,96.7742%,1,30,31,30,1,0,0
0x401a27,99.8748%,1,798,799,0,0,1,798
0x401459,0%,1,0,1,0,1,0,0
0x4724fb,0%,1,0,1,0,1,0,0
0x44e594,99.9722%,1,3599,3600,3599,1,0,0
0x429299,99.9553%,1,2234,2235,0,0,1,2234
0x405f8f,96.6667%,1,29,30,0,0,1,29
0x413892,0%,1,0,1,0,1,0,0
0x405f63,96.6667%,1,29,30,0,0,1,29
0x41e8b6,90.9091%,1,10,11,10,0,1,0
0x41e970,0%,1,0,1,0,1,0,0
0x47b250,0%,1,0,1,0,0,1,0
0x40171a,80%,1,4,5,4,0,1,0
0x46a0e5,75%,1,3,4,3,0,1,0
0x40179e,50%,1,1,2,0,0,1,1
0x45d8bc,99.9023%,1,1023,1024,0,0,1,1023
0x40572b,0%,1,0,1,0,0,1,0
0x44e157,0%,1,0,1,0,1,0,0
0x44dfd3,0%,1,0,1,0,1,0,0
0x413a84,99.9567%,1,2307,2308,0,0,1,2307
0x4a2880,0%,1,0,1,0,1,0,0
0x41366b,0%,1,0,1,0,1,0,0
0x41f832,100%,0,1,1,0,0,0,1
0x46cfb6,100%,0,1,1,1,0,0,0
0x46d249,100%,0,1,1,0,0,0,1
0x485955,100%,0,1,1,1,0,0,0
0x44b7a2,100%,0,1086,1086,1086,0,0,0
0x46d7fa,100%,0,1,1,0,0,0,1
0x44e428,100%,0,1,1,0,0,0,1
0x404f83,100%,0,496,496,0,0,0,496
0x470024,100%,0,1,1,1,0,0,0
0x41369c,100%,0,1,1,0,0,0,1
0x455114,100%,0,1,1,1,0,0,0
0x46dea9,100%,0,1,1,0,0,0,1
0x49bf00,100%,0,2,2,0,0,0,2
0x4024e3,100%,0,1546,1546,773,0,0,773
0x413707,100%,0,1,1,0,0,0,1
0x47b2c3,100%,0,1,1,0,0,0,1
0x49be8e,100%,0,3,3,0,0,0,3
0x47cccf,100%,0,3,3,3,0,0,0
0x4c99a4,100%,0,3,3,0,0,0,3
0x46c9e0,100%,0,1,1,0,0,0,1
0x4a74b3,100%,0,3,3,0,0,0,3
0x46c4b5,100%,0,1,1,1,0,0,0
0x45521c,100%,0,1,1,0,0,0,1
0x43c29d,100%,0,836,836,836,0,0,0
0x46c521,100%,0,1,1,1,0,0,0
0x437d44,100%,0,477,477,0,0,0,477
0x41a6cb,100%,0,2,2,0,0,0,2
0x4a241c,100%,0,1,1,1,0,0,0
0x46c77e,100%,0,1,1,1,0,0,0
0x45520d,100%,0,1,1,0,0,0,1
0x4551ba,100%,0,1,1,0,0,0,1
0x4551f4,100%,0,1,1,0,0,0,1
0x4dfe76,100%,0,1,1,0,0,0,1
0x41a6ec,100%,0,2,2,0,0,0,2
0x46a08c,100%,0,1,1,0,0,0,1
0x4551d9,100%,0,1,1,0,0,0,1
0x473fe9,100%,0,1,1,0,0,0,1
0x42890f,100%,0,302,302,0,0,0,302
0x469ea3,100%,0,1,1,1,0,0,0
0x439320,100%,0,465,465,465,0,0,0
0x47001b,100%,0,1,1,0,0,0,1
0x4ae41c,100%,0,1,1,0,0,0,1
0x40283b,100%,0,5569,5569,0,0,0,5569
0x46fdbb,100%,0,1,1,0,0,0,1
0x4bde84,100%,0,2,2,0,0,0,2
0x46f79c,100%,0,1,1,0,0,0,1
0x4339a3,100%,0,1613,1613,0,0,0,1613
0x433a04,100%,0,1613,1613,0,0,0,1613
0x403f48,100%,0,2544,2544,2544,0,0,0
0x4a23d2,100%,0,4,4,0,0,0,4
0x4a7215,100%,0,3,3,0,0,0,3
0x403b58,100%,0,2218,2218,2218,0,0,0
0x46e880,100%,0,2338,2338,2128,0,0,210
0x469e05,100%,0,1,1,1,0,0,0
0x46fff4,100%,0,1,1,0,0,0,1
0x40143a,100%,0,1,1,0,0,0,1
0x44b48a,100%,0,1086,1086,1086,0,0,0
0x4125ef,100%,0,1272,1272,1272,0,0,0
0x4a2363,100%,0,1,1,0,0,0,1
0x47b245,100%,0,1,1,0,0,0,1
0x4149fb,100%,0,3226,3226,0,0,0,3226
0x4a22db,100%,0,1,1,1,0,0,0
0x46e648,100%,0,210,210,0,0,0,210
0x49c1e5,100%,0,2,2,0,0,0,2
0x4a218a,100%,0,1,1,1,0,0,0
0x4ab9c5,100%,0,1,1,0,0,0,1
0x44e457,100%,0,45,45,0,0,0,45
0x46dfd4,100%,0,1,1,0,0,0,1
0x4ac60b,100%,0,1,1,1,0,0,0
0x49c1cf,100%,0,2,2,2,0,0,0
0x4ab9b4,100%,0,1,1,0,0,0,1
0x4339b4,100%,0,1613,1613,0,0,0,1613
0x469e53,100%,0,1,1,1,0,0,0
0x433ba4,100%,0,477,477,0,0,0,477
0x4a2a0a,100%,0,1,1,1,0,0,0
0x4a2f60,100%,0,1,1,0,0,0,1
0x4ca22d,100%,0,17,17,0,0,0,17
0x4a21b8,100%,0,1,1,0,0,0,1
0x46b7c0,100%,0,1,1,0,0,0,1
0x469ed1,100%,0,1,1,1,0,0,0
0x4158ac,100%,0,1,1,1,0,0,0
0x460053,100%,0,1,1,1,0,0,0
0x45ff8b,100%,0,1,1,1,0,0,0
0x413aab,100%,0,2098,2098,0,0,0,2098
0x471ae3,100%,0,1,1,1,0,0,0
0x43de16,100%,0,1,1,0,0,0,1
0x4a1b66,100%,0,1,1,0,0,0,1
0x43de05,100%,0,1,1,0,0,0,1
0x452a21,100%,0,1,1,1,0,0,0
0x41579b,100%,0,1,1,0,0,0,1
0x419af3,100%,0,4,4,0,0,0,4
0x47b207,100%,0,1,1,0,0,0,1
0x46b72f,100%,0,1,1,1,0,0,0
0x46c192,100%,0,1,1,1,0,0,0
0x45537f,100%,0,1,1,1,0,0,0
0x469c3b,100%,0,1,1,0,0,0,1
0x4a716a,100%,0,3,3,0,0,0,3
0x46b309,100%,0,1,1,1,0,0,0
0x46b3f4,100%,0,1,1,0,0,0,1
0x47cbdc,100%,0,3,3,0,0,0,3
0x473fb4,100%,0,1,1,0,0,0,1
0x47cbac,100%,0,3,3,0,0,0,3
0x4ac4c3,100%,0,1,1,0,0,0,1
0x43380b,100%,0,1613,1613,1613,0,0,0
0x46f75a,100%,0,1,1,0,0,0,1
0x401614,100%,0,1,1,1,0,0,0
0x452f9d,100%,0,1,1,1,0,0,0
0x453031,100%,0,1,1,0,0,0,1
0x41e8d3,100%,0,1,1,0,0,0,1
0x4530ae,100%,0,1,1,1,0,0,0
0x4a717d,100%,0,3,3,0,0,0,3
0x4530d7,100%,0,1,1,1,0,0,0
0x453241,100%,0,1,1,0,0,0,1
0x44b6e0,100%,0,1086,1086,1086,0,0,0
0x4a71f5,100%,0,3,3,0,0,0,3
0x469dfb,100%,0,1,1,0,0,0,1
0x4bdc9f,100%,0,1,1,0,0,0,1
0x414980,100%,0,2338,2338,0,0,0,2338
0x45329c,100%,0,1,1,1,0,0,0
0x4a7193,100%,0,3,3,0,0,0,3
0x4533ef,100%,0,1,1,1,0,0,0
0x469c21,100%,0,1,1,0,0,0,1
0x452e5f,100%,0,1,1,1,0,0,0
0x485ac9,100%,0,1,1,1,0,0,0
0x4ac486,100%,0,3,3,0,0,0,3
0x452ecc,100%,0,1,1,1,0,0,0
0x46de6c,100%,0,1,1,1,0,0,0
0x415183,100%,0,2128,2128,2128,0,0,0
0x460f54,100%,0,210,210,210,0,0,0
0x4155ff,100%,0,2338,2338,0,0,0,2338
0x4a759f,100%,0,3,3,3,0,0,0
0x46a1f7,100%,0,1,1,0,0,0,1
0x413702,100%,0,1,1,0,0,0,1
0x41378b,100%,0,1,1,0,0,0,1
0x46b2c1,100%,0,1,1,0,0,0,1
0x46d239,100%,0,1,1,0,0,0,1
0x4ab89b,100%,0,1,1,0,0,0,1
0x46b8a2,100%,0,1,1,1,0,0,0
0x4ab88d,100%,0,1,1,0,0,0,1
0x4135f6,100%,0,1,1,0,0,0,1
0x4ab8a6,100%,0,1,1,0,0,0,1
0x4ab8b1,100%,0,1,1,1,0,0,0
0x41388e,100%,0,1,1,0,0,0,1
0x49be07,100%,0,3,3,0,0,0,3
0x46c162,100%,0,1,1,1,0,0,0
0x4a297d,100%,0,1,1,0,0,0,1
0x4ae423,100%,0,1,1,0,0,0,1
0x4a748a,100%,0,3,3,0,0,0,3
0x42aac6,100%,0,1600,1600,1600,0,0,0
0x41682a,100%,0,1,1,0,0,0,1
0x46c37f,100%,0,1,1,1,0,0,0
0x47cbbe,100%,0,3,3,0,0,0,3
0x45323b,100%,0,1,1,0,0,0,1
0x41685b,100%,0,1,1,1,0,0,0
0x469dd6,100%,0,1,1,1,0,0,0
0x41f885,100%,0,1,1,1,0,0,0
0x413637,100%,0,1,1,0,0,0,1
0x469f2b,100%,0,1,1,0,0,0,1
0x43c7ef,100%,0,358,358,0,0,0,358
0x4129ae,100%,0,2490,2490,0,0,0,2490
0x46b80b,100%,0,1,1,1,0,0,0
0x433a76,100%,0,1135,1135,0,0,0,1135
0x4ac4e0,100%,0,1,1,1,0,0,0
0x416771,100%,0,1,1,1,0,0,0
0x469d7a,100%,0,1,1,0,0,0,1
0x46f77b,100%,0,1,1,0,0,0,1
0x46b7f8,100%,0,1,1,0,0,0,1
0x4ae51c,100%,0,1,1,1,0,0,0
0x4135de,100%,0,1,1,0,0,0,1
0x46fd94,100%,0,1,1,1,0,0,0
0x46a5d5,100%,0,1,1,1,0,0,0
0x46c705,100%,0,1,1,0,0,0,1
0x4016ce,100%,0,1,1,0,0,0,1
0x46f77f,100%,0,1,1,0,0,0,1
0x4a030d,100%,0,1,1,1,0,0,0
0x43c12f,100%,0,210,210,210,0,0,0
0x4335e5,100%,0,2333,2333,2333,0,0,0
0x44afd1,100%,0,1086,1086,0,0,0,1086
0x46f130,100%,0,1,1,1,0,0,0
0x445f80,100%,0,1564,1564,0,0,0,1564
0x438d8c,100%,0,610,610,610,0,0,0
0x40e59c,100%,0,87120,87120,81675,0,0,5445
0x42ac82,100%,0,1613,1613,0,0,0,1613
0x4c971e,100%,0,3616,3616,0,0,0,3616
0x414840,100%,0,7014,7014,2338,0,0,4676
0x413a95,100%,0,2308,2308,210,0,0,2098
0x428eb1,100%,0,2040,2040,2040,0,0,0
0x44afde,100%,0,1086,1086,0,0,0,1086
0x4a1c03,100%,0,1,1,0,0,0,1
0x4a238c,100%,0,1,1,0,0,0,1
0x433011,100%,0,2338,2338,0,0,0,2338
0x416723,100%,0,1,1,1,0,0,0
0x42a60d,100%,0,725,725,9,0,0,716
0x44b0b9,100%,0,1086,1086,1086,0,0,0
0x428450,100%,0,30,30,0,0,0,30
0x418580,100%,0,90,90,0,0,0,90
0x46b7cf,100%,0,1,1,1,0,0,0
0x4289bc,100%,0,2235,2235,0,0,0,2235
0x41513f,100%,0,2338,2338,2338,0,0,0
0x4a1c0c,100%,0,1,1,0,0,0,1
0x4392f5,100%,0,610,610,610,0,0,0
0x46b848,100%,0,1,1,0,0,0,1
0x45e15c,100%,0,2337,2337,2337,0,0,0
0x45e0c4,100%,0,2337,2337,2337,0,0,0
0x439995,100%,0,2337,2337,0,0,0,2337
0x46a13e,100%,0,1,1,1,0,0,0
0x405189,100%,0,80352,80352,79856,0,0,496
0x43c954,100%,0,465,465,0,0,0,465
0x46b3d4,100%,0,1,1,0,0,0,1
0x4a12ef,100%,0,1,1,1,0,0,0
0x43c942,100%,0,465,465,0,0,0,465
0x439437,100%,0,610,610,610,0,0,0
0x406007,100%,0,30,30,0,0,0,30
0x402844,100%,0,5569,5569,0,0,0,5569
0x43a3f6,100%,0,1087,1087,1087,0,0,0
0x49bef2,100%,0,2,2,0,0,0,2
0x428e26,100%,0,280,280,0,0,0,280
0x438cf2,100%,0,610,610,610,0,0,0
0x4168bc,100%,0,1,1,1,0,0,0
0x46fdc5,100%,0,1,1,1,0,0,0
0x44b300,100%,0,1086,1086,1086,0,0,0
0x471f9a,100%,0,30,30,30,0,0,0
0x460d64,100%,0,578,578,0,0,0,578
0x433fd0,100%,0,954,954,0,0,0,954
0x4f103f,100%,0,5,5,0,0,0,5
0x44aff2,100%,0,1086,1086,1086,0,0,0
0x438ace,100%,0,610,610,0,0,0,610
0x427860,100%,0,419,419,0,0,0,419
0x46ca69,100%,0,1,1,1,0,0,0
0x401cd1,100%,0,799,799,799,0,0,0
0x42a3a6,100%,0,836,836,0,0,0,836
0x4a1db4,100%,0,1,1,0,0,0,1
0x41442b,100%,0,3951,3951,0,0,0,3951
0x446691,100%,0,2317,2317,2317,0,0,0
0x405227,100%,0,496,496,0,0,0,496
0x413b44,100%,0,2078,2078,0,0,0,2078
0x46fec5,100%,0,1,1,1,0,0,0
0x435406,100%,0,610,610,0,0,0,610
0x4a2413,100%,0,1,1,0,0,0,1
0x4556c2,100%,0,1,1,0,0,0,1
0x415042,100%,0,2338,2338,2338,0,0,0
0x49c3f1,100%,0,14,14,0,0,0,14
0x401554,100%,0,1,1,0,0,0,1
0x4338a5,100%,0,725,725,0,0,0,725
0x44aeed,100%,0,2650,2650,2650,0,0,0
0x414e00,100%,0,2128,2128,0,0,0,2128
0x45fd13,100%,0,278,278,278,0,0,0
0x4332a3,100%,0,2338,2338,1613,0,0,725
0x4461e7,100%,0,1564,1564,0,0,0,1564
0x471cb2,100%,0,1,1,0,0,0,1
0x44bc2a,100%,0,1086,1086,0,0,0,1086
0x43c94b,100%,0,465,465,0,0,0,465
0x427c02,100%,0,2436,2436,0,0,0,2436
0x402a92,100%,0,4352,4352,2176,0,0,2176
0x4289d2,100%,0,2235,2235,0,0,0,2235
0x41488e,100%,0,4676,4676,0,0,0,4676
0x46b07d,100%,0,1,1,0,0,0,1
0x4338ce,100%,0,725,725,725,0,0,0
0x416c13,100%,0,90,90,0,0,0,90
0x4351d1,100%,0,610,610,610,0,0,0
0x435275,100%,0,610,610,0,0,0,610
0x4540d7,100%,0,30,30,30,0,0,0
0x41776b,100%,0,30,30,0,0,0,30
0x44e4e5,100%,0,3600,3600,3600,0,0,0
0x46ed54,100%,0,1,1,1,0,0,0
0x45e3ed,100%,0,115,115,115,0,0,0
0x45fe24,100%,0,2,2,0,0,0,2
0x428b77,100%,0,2235,2235,0,0,0,2235
0x455091,100%,0,1,1,0,0,0,1
0x416fac,100%,0,3,3,0,0,0,3
0x414ba9,100%,0,2128,2128,2128,0,0,0
0x46e561,100%,0,2338,2338,0,0,0,2338
0x471eca,100%,0,29,29,0,0,0,29
0x43a4cb,100%,0,4306,4306,4306,0,0,0
0x428fa4,100%,0,2040,2040,0,0,0,2040
0x413afd,100%,0,2258,2258,0,0,0,2258
0x46e5a5,100%,0,2338,2338,0,0,0,2338
0x445bfb,100%,0,1564,1564,1564,0,0,0
0x4ba7f8,100%,0,1,1,0,0,0,1
0x46f857,100%,0,1,1,1,0,0,0
0x44ac6d,100%,0,693,693,0,0,0,693
0x463c80,100%,0,210,210,210,0,0,0
0x472137,100%,0,30,30,30,0,0,0
0x40171e,100%,0,1,1,0,0,0,1
0x4186c5,100%,0,90,90,90,0,0,0
0x44b97a,100%,0,676,676,0,0,0,676
0x46c087,100%,0,1,1,1,0,0,0
0x405247,100%,0,496,496,496,0,0,0
0x40519a,100%,0,496,496,496,0,0,0
0x404ec7,100%,0,496,496,0,0,0,496
0x402a96,100%,0,2176,2176,2176,0,0,0
0x41e643,100%,0,30,30,0,0,0,30
0x416b38,100%,0,87,87,87,0,0,0
0x4a1f0e,100%,0,1,1,1,0,0,0
0x471f2d,100%,0,30,30,0,0,0,30
0x49c783,100%,0,2,2,0,0,0,2
0x428e3b,100%,0,280,280,0,0,0,280
0x452d1c,100%,0,1,1,0,0,0,1
0x428ddb,100%,0,280,280,0,0,0,280
0x4a1e17,100%,0,1,1,0,0,0,1
0x46ca9d,100%,0,1,1,1,0,0,0
0x41ea86,100%,0,1,1,0,0,0,1
0x454f7f,100%,0,1,1,0,0,0,1
0x44e685,100%,0,3600,3600,0,0,0,3600
0x42b982,100%,0,3,3,0,0,0,3
0x42b80e,100%,0,3,3,0,0,0,3
0x416f5a,100%,0,3,3,3,0,0,0
0x416e79,100%,0,3,3,0,0,0,3
0x416e33,100%,0,3,3,0,0,0,3
0x461216,100%,0,45,45,45,0,0,0
0x42b9e1,100%,0,130,130,0,0,0,130
0x42ab11,100%,0,130,130,0,0,0,130
0x42b739,100%,0,82,82,0,0,0,82
0x42b31d,100%,0,82,82,0,0,0,82
0x42a416,100%,0,7,7,0,0,0,7
0x4156bb,100%,0,475,475,0,0,0,475
0x46187b,100%,0,716,716,0,0,0,716
0x428fb8,100%,0,2040,2040,0,0,0,2040
0x460de6,100%,0,475,475,0,0,0,475
0x460cfe,100%,0,475,475,475,0,0,0
0x41288d,100%,0,662,662,662,0,0,0
0x43c7e6,100%,0,358,358,0,0,0,358
0x46124d,100%,0,210,210,210,0,0,0
0x401b9e,100%,0,12784,12784,0,0,0,12784
0x45f89d,100%,0,210,210,210,0,0,0
0x4a22b1,100%,0,1,1,0,0,0,1
0x45e38a,100%,0,210,210,210,0,0,0
0x46c6fd,100%,0,1,1,0,0,0,1
0x43a598,100%,0,212,212,0,0,0,212
0x402a52,100%,0,2176,2176,0,0,0,2176
0x49bcdc,100%,0,3,3,0,0,0,3
0x433335,100%,0,30,30,30,0,0,0
0x45f992,100%,0,33,33,0,0,0,33
0x42a618,100%,0,716,716,0,0,0,716
0x4ae54a,100%,0,1,1,1,0,0,0
0x45d2cc,100%,0,508,508,508,0,0,0
0x43459c,100%,0,477,477,0,0,0,477
0x42bb75,100%,0,1564,1564,0,0,0,1564
0x4a2029,100%,0,1,1,0,0,0,1
0x4278c7,100%,0,149,149,0,0,0,149
0x429085,100%,0,2235,2235,0,0,0,2235
0x47cdc8,100%,0,1,1,0,0,0,1
0x427b7a,100%,0,791,791,0,0,0,791
0x471dd2,100%,0,29,29,0,0,0,29
0x45d172,100%,0,877,877,0,0,0,877
0x4a204e,100%,0,1,1,0,0,0,1
0x46f706,100%,0,1,1,0,0,0,1
0x4279bf,100%,0,2833,2833,0,0,0,2833
0x401768,100%,0,2,2,0,0,0,2
0x45e56c,100%,0,877,877,877,0,0,0
0x439932,100%,0,2337,2337,115,0,0,2222
0x46ecac,100%,0,1,1,0,0,0,1
0x44aa89,100%,0,1564,1564,0,0,0,1564
0x46c8ea,100%,0,1,1,1,0,0,0
0x413b2d,100%,0,2258,2258,0,0,0,2258
0x4a2819,100%,0,1,1,0,0,0,1
0x41377a,100%,0,1,1,0,0,0,1
0x455165,100%,0,1,1,1,0,0,0
0x45f104,100%,0,210,210,210,0,0,0
0x4a1af2,100%,0,1,1,0,0,0,1
0x471dc7,100%,0,29,29,0,0,0,29
0x433f80,100%,0,954,954,0,0,0,954
0x49bd4f,100%,0,3,3,3,0,0,0
0x42b805,100%,0,3,3,0,0,0,3
0x45f357,100%,0,210,210,210,0,0,0
0x469c78,100%,0,1,1,1,0,0,0
0x4286f7,100%,0,2068,2068,0,0,0,2068
0x471b34,100%,0,1,1,1,0,0,0
0x4338b2,100%,0,725,725,725,0,0,0
0x46fd8b,100%,0,1,1,0,0,0,1
0x46c0a9,100%,0,1,1,1,0,0,0
0x428985,100%,0,2235,2235,0,0,0,2235
0x405216,100%,0,496,496,0,0,0,496
0x4157e1,100%,0,1,1,0,0,0,1
0x414b58,100%,0,2320,2320,2320,0,0,0
0x42a575,100%,0,15,15,0,0,0,15
0x41789d,100%,0,90,90,90,0,0,0
0x413876,100%,0,1,1,0,0,0,1
0x428094,100%,0,30,30,30,0,0,0
0x46a02d,100%,0,1,1,0,0,0,1
0x471f01,100%,0,30,30,0,0,0,30
0x4a152b,100%,0,1,1,0,0,0,1
0x469885,100%,0,1,1,0,0,0,1
0x46ec49,100%,0,1,1,0,0,0,1
0x417007,100%,0,3,3,0,0,0,3
0x45554e,100%,0,1,1,0,0,0,1
0x46a22e,100%,0,2,2,0,0,0,2
0x452d04,100%,0,1,1,1,0,0,0
0x469716,100%,0,1,1,0,0,0,1
0x4293a7,100%,0,2235,2235,0,0,0,2235
0x469789,100%,0,1,1,0,0,0,1
0x4287a2,100%,0,2068,2068,0,0,0,2068
0x44af2e,100%,0,2650,2650,0,0,0,2650
0x46980d,100%,0,1,1,0,0,0,1
0x46f716,100%,0,1,1,0,0,0,1
0x41eaf5,100%,0,1,1,1,0,0,0
0x46efc2,100%,0,1,1,0,0,0,1
0x46efce,100%,0,1,1,0,0,0,1
0x409f51,100%,0,1142,1142,0,0,0,1142
0x49bcc5,100%,0,3,3,3,0,0,0
0x4bdb0a,100%,0,968,968,968,0,0,0
0x4ac744,100%,0,1,1,0,0,0,1
0x42b706,100%,0,7,7,0,0,0,7
0x46dc90,100%,0,1,1,0,0,0,1
0x41563e,100%,0,1254,1254,1254,0,0,0
0x46ccd3,100%,0,1,1,1,0,0,0
0x49bcef,100%,0,3,3,0,0,0,3
0x47c818,100%,0,3,3,0,0,0,3
0x4bde89,100%,0,2,2,1,0,0,1
0x46f353,100%,0,1,1,1,0,0,0
0x44a97c,100%,0,1564,1564,0,0,0,1564
0x4024ef,100%,0,773,773,773,0,0,0
0x4351c2,100%,0,610,610,0,0,0,610
0x4482ca,100%,0,1564,1564,0,0,0,1564
0x46d8b7,100%,0,1,1,1,0,0,0
0x4352fb,100%,0,610,610,610,0,0,0
0x438adb,100%,0,610,610,0,0,0,610
0x4a08fc,100%,0,1,1,0,0,0,1
0x438ae7,100%,0,610,610,0,0,0,610
0x44afb7,100%,0,1086,1086,0,0,0,1086
0x44afc4,100%,0,1086,1086,0,0,0,1086
0x49bd41,100%,0,3,3,0,0,0,3
0x434059,100%,0,954,954,0,0,0,954
0x4288a2,100%,0,302,302,0,0,0,302
0x4ac7d4,100%,0,30,30,0,0,0,30
0x4288b3,100%,0,302,302,0,0,0,302
0x41e898,100%,0,11,11,11,0,0,0
0x4152f6,100%,0,1631,1631,103,0,0,1528
0x4a29fb,100%,0,1,1,0,0,0,1
0x46dc56,100%,0,1,1,1,0,0,0
0x41e813,100%,0,2,2,0,0,0,2
0x49c420,100%,0,14,14,0,0,0,14
0x41e915,100%,0,1,1,0,0,0,1
0x41e9b5,100%,0,1,1,1,0,0,0
0x4f0bd6,100%,0,2,2,0,0,0,2
0x4a03a3,100%,0,1,1,0,0,0,1
0x4a0a88,100%,0,1,1,0,0,0,1
0x4a1123,100%,0,1,1,0,0,0,1
0x469bef,100%,0,1,1,0,0,0,1
0x4f0aa2,100%,0,1,1,0,0,0,1
0x4ae543,100%,0,1,1,0,0,0,1
0x4a15fd,100%,0,1,1,0,0,0,1
0x4f05d5,100%,0,1,1,0,0,0,1
0x46e024,100%,0,791,791,791,0,0,0
0x4a1b76,100%,0,1,1,0,0,0,1
0x4a1b84,100%,0,1,1,1,0,0,0
0x44b24c,100%,0,1086,1086,0,0,0,1086
0x49c819,100%,0,2,2,0,0,0,2
0x4a1d88,100%,0,1,1,0,0,0,1
0x4a1d98,100%,0,1,1,0,0,0,1
0x4a0fa3,100%,0,5,5,0,0,0,5
0x42bbcc,100%,0,1564,1564,0,0,0,1564
0x4f061f,100%,0,5,5,5,0,0,0
0x4a08e8,100%,0,1,1,0,0,0,1
0x40144f,100%,0,1,1,0,0,0,1
0x4f09a7,100%,0,3,3,0,0,0,3
0x4f1041,100%,0,5,5,0,0,0,5
0x49c6f9,100%,0,11,11,0,0,0,11
0x4a1eb8,100%,0,1,1,0,0,0,1
0x43c173,100%,0,210,210,210,0,0,0
0x4a140f,100%,0,1,1,0,0,0,1
0x49bd7d,100%,0,3,3,0,0,0,3
0x49bdb5,100%,0,3,3,0,0,0,3
0x4ac78a,100%,0,30,30,0,0,0,30
0x46ed3d,100%,0,1,1,0,0,0,1
0x401afc,100%,0,12784,12784,0,0,0,12784
0x4137ee,100%,0,1,1,0,0,0,1
0x437d55,100%,0,477,477,0,0,0,477
0x46f754,100%,0,1,1,0,0,0,1
0x49bfe7,100%,0,14,14,0,0,0,14
0x4ae431,100%,0,1,1,1,0,0,0
0x413f81,100%,0,2338,2338,0,0,0,2338
0x4129a9,100%,0,2490,2490,0,0,0,2490
0x4353b9,100%,0,610,610,610,0,0,0
0x4016e3,100%,0,5,5,0,0,0,5
0x46a6de,100%,0,1,1,1,0,0,0
0x4a749d,100%,0,3,3,0,0,0,3
0x49c5a0,100%,0,11,11,11,0,0,0
0x49fd0b,100%,0,11,11,11,0,0,0
0x49c5a9,100%,0,11,11,11,0,0,0
0x49c663,100%,0,11,11,11,0,0,0
0x49c3c2,100%,0,14,14,0,0,0,14
0x49bd93,100%,0,3,3,0,0,0,3
0x4ac4d0,100%,0,1,1,0,0,0,1
0x46be59,100%,0,1,1,0,0,0,1
0x49c7fd,100%,0,2,2,0,0,0,2
0x41361e,100%,0,1,1,0,0,0,1
0x427b39,100%,0,861,861,0,0,0,861
0x4a22c9,100%,0,1,1,0,0,0,1
0x46fd6d,100%,0,1,1,0,0,0,1
0x41474d,100%,0,7014,7014,7014,0,0,0
0x433131,100%,0,2338,2338,0,0,0,2338
0x469c74,100%,0,1,1,0,0,0,1
0x471cc2,100%,0,1,1,1,0,0,0
0x415340,100%,0,1743,1743,0,0,0,1743
0x4332aa,100%,0,725,725,725,0,0,0
0x46e198,100%,0,30,30,0,0,0,30
0x415899,100%,0,1,1,1,0,0,0
0x412306,100%,0,556,556,556,0,0,0
0x40602a,100%,0,30,30,30,0,0,0
0x43c813,100%,0,37,37,0,0,0,37
0x413c3f,100%,0,2049,2049,0,0,0,2049
0x461387,100%,0,210,210,0,0,0,210
0x40d054,100%,0,186784,186784,175110,0,0,11674
0x4a1022,100%,0,5,5,0,0,0,5
0x413f33,100%,0,2338,2338,2338,0,0,0
0x4a1032,100%,0,5,5,0,0,0,5
0x472025,100%,0,30,30,30,0,0,0
0x4a2990,100%,0,1,1,1,0,0,0
0x414b1f,100%,0,2370,2370,2370,0,0,0
0x414936,100%,0,2338,2338,2338,0,0,0
0x414120,100%,0,2338,2338,2338,0,0,0
0x4029fb,100%,0,89240,89240,0,0,0,89240
0x49c547,100%,0,11,11,0,0,0,11
0x4a71b4,100%,0,3,3,0,0,0,3
0x428dcb,100%,0,280,280,0,0,0,280
0x434f43,100%,0,115,115,0,0,0,115
0x402406,100%,0,773,773,0,0,0,773
0x42bb7e,100%,0,1564,1564,0,0,0,1564
0x413c28,100%,0,2229,2229,0,0,0,2229
0x439311,100%,0,610,610,145,0,0,465
0x46e962,100%,0,1,1,0,0,0,1
0x44b54d,100%,0,1086,1086,1086,0,0,0
0x4ac7a9,100%,0,30,30,0,0,0,30
0x405205,100%,0,496,496,0,0,0,496
0x4f1046,100%,0,5,5,0,0,0,5
0x402426,100%,0,773,773,0,0,0,773
0x45fe80,100%,0,1,1,0,0,0,1
0x46c73e,100%,0,1,1,1,0,0,0
0x428c97,100%,0,2235,2235,0,0,0,2235
0x46e838,100%,0,2338,2338,0,0,0,2338
0x45e546,100%,0,877,877,0,0,0,877
0x41455f,100%,0,1613,1613,0,0,0,1613
0x4a71a1,100%,0,3,3,3,0,0,0
0x413b8c,100%,0,2258,2258,29,0,0,2229
0x416875,100%,0,1,1,0,0,0,1
0x461d03,100%,0,433,433,0,0,0,433
0x4ae52d,100%,0,1,1,0,0,0,1
0x41237a,100%,0,556,556,556,0,0,0
0x40344b,100%,0,7608,7608,0,0,0,7608
0x4552e6,100%,0,1,1,0,0,0,1
0x4c9788,100%,0,3616,3616,2518,0,0,1098
0x434f0e,100%,0,115,115,0,0,0,115
0x4a2185,100%,0,1,1,0,0,0,1
0x4482b3,100%,0,477,477,0,0,0,477
0x42458a,100%,0,1,1,0,0,0,1
0x49c5f0,100%,0,10,10,10,0,0,0
0x4ae63f,100%,0,1,1,1,0,0,0
0x413bd7,100%,0,2049,2049,0,0,0,2049
0x46a208,100%,0,1,1,0,0,0,1
0x44af3d,100%,0,2650,2650,1564,0,0,1086
0x45e1b3,100%,0,2337,2337,0,0,0,2337
0x404da7,100%,0,30,30,0,0,0,30
0x44ac8b,100%,0,2650,2650,1564,0,0,1086
0x4552ae,100%,0,1,1,1,0,0,0
0x43504a,100%,0,610,610,0,0,0,610
0x471d75,100%,0,31,31,0,0,0,31
0x4158ed,100%,0,1,1,0,0,0,1
0x413bf8,100%,0,2229,2229,0,0,0,2229
0x46b3a8,100%,0,1,1,0,0,0,1
0x411b3f,100%,0,13098,13098,11460,0,0,1638
0x4290d2,100%,0,2235,2235,0,0,0,2235
0x40e6a0,100%,0,87120,87120,81675,0,0,5445
0x4352a7,100%,0,610,610,0,0,0,610
0x4a031d,100%,0,1,1,0,0,0,1
0x4ba80b,100%,0,1,1,0,0,0,1
0x453236,100%,0,1,1,0,0,0,1
0x455330,100%,0,1,1,0,0,0,1
0x45edad,100%,0,14032,14032,10524,0,0,3508
0x46e398,100%,0,1053,1053,0,0,0,1053
0x47b2ef,100%,0,1,1,0,0,0,1
0x43300c,100%,0,2338,2338,0,0,0,2338
0x4330da,100%,0,2338,2338,2338,0,0,0
0x4c966c,100%,0,21903,21903,21903,0,0,0
0x46e50a,100%,0,2338,2338,2338,0,0,0
0x4331dc,100%,0,2338,2338,0,0,0,2338
0x4331e4,100%,0,2338,2338,0,0,0,2338
0x4a1fb8,100%,0,1,1,0,0,0,1
0x45ff3b,100%,0,2,2,0,0,0,2
0x43320c,100%,0,2338,2338,0,0,0,2338
0x41582d,100%,0,1,1,0,0,0,1
0x404f72,100%,0,496,496,0,0,0,496
0x45f9e1,100%,0,1967,1967,354,0,0,1613
0x4335ac,100%,0,725,725,725,0,0,0
0x4155a6,100%,0,2338,2338,0,0,0,2338
0x45eff4,100%,0,877,877,0,0,0,877
0x405631,100%,0,496,496,496,0,0,0
0x4336e3,100%,0,725,725,725,0,0,0
0x426fae,100%,0,203,203,203,0,0,0
0x401f3b,100%,0,773,773,773,0,0,0
