Branch PC,Accuracy,Mispredictions,Correct Predictions,Total,dir_t_pred_t,dir_t_pred_nt,dir_nt_pred_t,dir_nt_pred_nt
aggregate,98.9172%,212481,19411637,19624118,7896664,82357,130124,11514973
0x4bedf9,81.2933%,140081,608748,748829,455415,47546,92535,153333
0x4c8761,95.6067%,14288,310932,325220,47035,3927,10361,263897
0x4c5c06,82.7973%,13142,63253,76395,52387,4842,8300,10866
0x4bf7d5,98.1326%,6072,319087,325159,12,5947,125,319075
0x50fc12,96.4337%,5403,146099,151502,787,4641,762,145312
0x4c5c31,75.338%,4414,13484,17898,9186,1643,2771,4298
0x4be97a,60.9305%,2872,4479,7351,3183,1161,1711,1296
0x4bf7d9,99.2591%,2365,316835,319200,316835,56,2309,0
0x4c6bb0,99.0786%,2193,235826,238019,42,2167,26,235784
0x4c2680,84.3938%,2151,11632,13783,1820,1878,273,9812
0x4bdcfc,91.777%,1776,19822,21598,17894,451,1325,1928
0x4ba40c,91.3739%,1748,18516,20264,16891,119,1629,1625
0x4cb4c0,88.0175%,1453,10673,12126,7454,686,767,3219
0x4c6bb9,99.408%,1396,234414,235810,234398,22,1374,16
0x50feb6,94.3581%,1351,22595,23946,7855,1193,158,14740
0x4cbcb0,84.7394%,1136,6308,7444,3880,537,599,2428
0x4c5c1f,94.6677%,1006,17860,18866,80,888,118,17780
0x50fe02,88.8559%,862,6873,7735,6846,76,786,27
0x4bf8b4,99.7709%,745,324413,325158,322726,87,658,1687
0x4bedd7,99.9161%,629,748815,749444,0,615,14,748815
0x4c9fcb,93.2664%,604,8366,8970,1801,475,129,6565
0x4c7ef0,92.6536%,549,6924,7473,6531,73,476,393
0x4be9c1,86.3267%,437,2759,3196,2747,16,421,12
0x4c64da,99.7469%,353,139095,139448,74515,154,199,64580
0x50fcd4,98.1608%,333,17773,18106,0,328,5,17773
0x4ca08a,99.9342%,326,495124,495450,318992,119,207,176132
0x4c5c18,98.3826%,310,18856,19166,14,286,24,18842
0x50fec1,98.3085%,252,14646,14898,3480,230,22,11166
0x4c5c38,96.5625%,243,6826,7069,41,197,46,6785
0x4cbcea,87.4421%,217,1511,1728,111,170,47,1400
0x47b38c,85.1111%,201,1149,1350,0,193,8,1149
0x4c5929,99.7629%,182,76589,76771,76348,49,133,241
0x4c4407,99.2742%,156,21339,21495,21161,6,150,178
0x50fc1e,99.9069%,136,145938,146074,145914,6,130,24
0x4c4988,92.1875%,135,1593,1728,591,100,35,1002
0x4c57c3,94.5823%,131,2287,2418,2286,8,123,1
0x4b8dbd,89.9567%,116,1039,1155,890,43,73,149
0x4c02ce,81.7886%,112,503,615,92,65,47,411
0x4ca0c8,99.9399%,106,176233,176339,154233,19,87,22000
0x4ba510,89.0849%,99,808,907,203,61,38,605
0x418b3c,90.9646%,74,745,819,745,11,63,0
0x4761b1,72.2222%,70,182,252,179,14,56,3
0x50fcff,99.63%,67,18039,18106,18039,1,66,0
0x4b9f2e,98.1868%,59,3195,3254,1115,26,33,2080
0x50fe76,95.1774%,53,1046,1099,328,45,8,718
0x4bb1ce,97.6797%,51,2147,2198,592,31,20,1555
0x50fcf7,87.062%,48,323,371,6,37,11,317
0x4c5c90,88.7019%,47,369,416,0,42,5,369
0x4c466b,99.9855%,47,325173,325220,536,44,3,324637
0x50fb20,99.2033%,45,5603,5648,44,22,23,5559
0x4bf6d4,99.454%,40,7286,7326,7286,3,37,0
0x50fb1a,99.3148%,39,5653,5692,17,27,12,5636
0x4ba887,99.9182%,39,47635,47674,47635,0,39,0
0x4c6bd4,98.9442%,38,3561,3599,128,30,8,3433
0x4bddbd,99.8721%,37,28888,28925,28888,11,26,0
0x4ba4e7,96.1905%,36,909,945,13,25,11,896
0x4bbd47,98.363%,35,2103,2138,31,19,16,2072
0x4c9e62,99.6098%,35,8935,8970,7343,14,21,1592
0x4c4d5b,99.663%,33,9760,9793,7490,27,6,2270
0x4c9ecc,99.6321%,33,8937,8970,7354,28,5,1583
0x50feaa,99.8791%,29,23958,23987,15,26,3,23943
0x4c4ccb,99.7141%,28,9765,9793,1285,11,17,8480
0x50fdec,99.5978%,28,6934,6962,6934,3,25,0
0x4cc5f3,99.9919%,26,321258,321284,319686,4,22,1572
0x4b8de2,88.2883%,26,196,222,135,11,15,61
0x4c4152,98.9899%,25,2450,2475,0,21,4,2450
0x50fe81,96.5565%,25,701,726,189,20,5,512
0x4cb570,99.2446%,24,3153,3177,280,18,6,2873
0x50fc56,99.3441%,24,3635,3659,3635,5,19,0
0x4c6e4e,99.8492%,21,13903,13924,7469,4,17,6434
0x4bdca4,99.9274%,21,28909,28930,21594,4,17,7315
0x4ca8cb,99.4534%,21,3821,3842,2766,4,17,1055
0x4c50c6,99.7521%,21,8450,8471,3658,8,13,4792
0x50fe11,97.54%,20,793,813,793,5,15,0
0x50fd04,69.697%,20,46,66,45,5,15,1
0x4b9ff0,98.4224%,18,1123,1141,1119,6,12,4
0x4c4e24,99.7999%,17,8480,8497,5930,9,8,2550
0x4bee01,99.9931%,17,245851,245868,23,17,0,245828
0x4bbd7c,99.2516%,16,2122,2138,48,7,9,2074
0x4be9ad,99.5022%,16,3198,3214,0,15,1,3198
0x50fde6,99.7706%,16,6958,6974,0,12,4,6958
0x4b9579,98.5104%,15,992,1007,17,13,2,975
0x4cb3a1,99.8468%,15,9778,9793,3991,8,7,5787
0x50fdf1,44%,14,11,25,3,11,3,8
0x4bb1b2,99.4027%,14,2330,2344,142,4,10,2188
0x4bdd0e,99.734%,13,4874,4887,0,5,8,4874
0x4bbd18,99.4001%,13,2154,2167,20,9,4,2134
0x4c4d6e,99.4728%,12,2264,2276,704,8,4,1560
0x4c7b00,99.8588%,12,8485,8497,8333,10,2,152
0x4b9ca6,80.6452%,12,50,62,11,6,6,39
0x4cab35,99.5668%,12,2758,2770,106,10,2,2652
0x4bd988,99.4898%,12,2340,2352,2340,6,6,0
0x4be5b4,99.8369%,12,7345,7357,422,11,1,6923
0x4bedac,98.1707%,12,644,656,633,4,8,11
0x50fc4e,99.6999%,11,3654,3665,0,6,5,3654
0x4c57d6,99.9843%,11,69929,69940,115,9,2,69814
0x4c3c24,99.5556%,11,2464,2475,2443,3,8,21
0x4be9e1,99.6045%,11,2770,2781,196,11,0,2574
0x4bb2db,99.4995%,11,2187,2198,32,1,10,2155
0x4c4416,96.6463%,11,317,328,207,7,4,110
0x4c4163,99.5925%,10,2444,2454,2444,1,9,0
0x4bc125,86.8421%,10,66,76,17,9,1,49
0x4bc11c,99.5323%,10,2128,2138,2085,6,4,43
0x4c77ef,97.5962%,10,406,416,1,10,0,405
0x4c96ce,99.7545%,9,3657,3666,1116,7,2,2541
0x4c39de,99.9991%,9,1038708,1038717,0,6,3,1038708
0x4b8e0d,88.1579%,9,67,76,67,9,0,0
0x4bdd44,99.8156%,9,4873,4882,4873,9,0,0
0x4b9e76,99.7587%,8,3308,3316,58,4,4,3250
0x4be704,99.8235%,8,4525,4533,182,7,1,4343
0x4b95ba,81.8182%,8,36,44,4,8,0,32
0x4bdccf,99.8909%,8,7324,7332,1627,7,1,5697
0x50fe6a,99.2721%,8,1091,1099,0,0,8,1091
0x50fc40,81.8182%,8,36,44,1,5,3,35
0x4c7a83,98.0247%,8,397,405,397,4,4,0
0x4cb63f,46.6667%,8,7,15,3,4,4,4
0x4ba518,98.7558%,8,635,643,0,6,2,635
0x4c73d5,99.876%,8,6443,6451,2059,5,3,4384
0x4bf7b0,99.9044%,7,7319,7326,7319,1,6,0
0x4c6cc7,94.8148%,7,128,135,0,5,2,128
0x4c6cb6,99.8091%,7,3659,3666,3526,5,2,133
0x60a172,93.3333%,7,98,105,98,0,7,0
0x4c3e99,99.7576%,6,2469,2475,25,4,2,2444
0x4bc1ff,99.7131%,6,2085,2091,45,1,5,2040
0x4c4d8c,99.6164%,6,1558,1564,1558,6,0,0
0x4cbcbc,99.8018%,6,3021,3027,2343,0,6,678
0x4be64b,99.9133%,6,6918,6924,0,6,0,6918
0x4b9a0a,90.3226%,6,56,62,56,6,0,0
0x50fb28,99.8925%,6,5576,5582,2,4,2,5574
0x4c3ebe,99.7956%,5,2441,2446,2441,5,0,0
0x4b9f3d,99.7634%,5,2108,2113,2108,5,0,0
0x4bdd9a,99.8976%,5,4877,4882,0,0,5,4877
0x4c3e77,82.7586%,5,24,29,0,0,5,24
0x4b959e,99.4882%,5,972,977,39,5,0,933
0x4ca1dc,99.9323%,5,7379,7384,7379,5,0,0
0x4c7b0b,96.7532%,5,149,154,5,4,1,144
0x4c7aab,98.7981%,5,411,416,370,4,1,41
0x4cbd8c,95%,5,95,100,0,0,5,95
0x4babeb,97.7477%,5,217,222,214,2,3,3
0x4bb1e2,99.6825%,5,1570,1575,1570,5,0,0
0x4c6ac5,99.7975%,5,2464,2469,0,0,5,2464
0x4c579f,99.7932%,5,2413,2418,0,0,5,2413
0x4bb2c6,99.818%,4,2194,2198,2194,4,0,0
0x4c9e23,99.9554%,4,8966,8970,8966,4,0,0
0x4c6200,99.9445%,4,7209,7213,7209,4,0,0
0x4c4954,99.7685%,4,1724,1728,0,0,4,1724
0x4bacf7,99.8294%,4,2340,2344,2340,4,0,0
0x4be9b3,99.875%,4,3195,3199,0,3,1,3195
0x4cbd28,96%,4,96,100,0,4,0,96
0x5f0533,0%,4,0,4,0,0,4,0
0x4d2de2,33.3333%,4,2,6,2,4,0,0
0x4c6bef,99.8838%,4,3437,3441,3405,1,3,32
0x4c5993,99.9948%,4,76393,76397,0,2,2,76393
0x4c44ee,99.9168%,4,4801,4805,4801,4,0,0
0x4c3e7f,86.2069%,4,25,29,0,0,4,25
0x4c623d,99.8427%,4,2539,2543,2539,4,0,0
0x5eefe5,33.3333%,4,2,6,2,4,0,0
0x4c40c5,99.8384%,4,2471,2475,0,0,4,2471
0x4c6103,95.2381%,4,80,84,40,2,2,40
0x4bc1e4,99.8565%,3,2088,2091,0,0,3,2088
0x4b8eb9,99.7027%,3,1006,1009,1006,3,0,0
0x4b9d3a,95.1613%,3,59,62,59,3,0,0
0x4c4ee3,83.3333%,3,15,18,7,2,1,8
0x4bbab8,99.8616%,3,2164,2167,2164,1,2,0
0x4ca621,99.9592%,3,7345,7348,7345,3,0,0
0x4cbcc6,98.9324%,3,278,281,0,0,3,278
0x5f06c6,0%,3,0,3,0,0,3,0
0x4bbdc7,99.856%,3,2080,2083,2080,3,0,0
0x5f052a,50%,3,3,6,0,2,1,3
0x4bf7fd,50%,3,3,6,1,0,3,2
0x609a2a,66.6667%,3,6,9,6,2,1,0
0x4bd3fd,75%,3,9,12,0,0,3,9
0x4c4073,99.8774%,3,2443,2446,0,0,3,2443
0x4b9c5b,99.9016%,3,3047,3050,3047,1,2,0
0x4cb612,57.1429%,3,4,7,0,0,3,4
0x4c9e66,99.814%,3,1610,1613,0,0,3,1610
0x4c6269,99.9182%,3,3663,3666,3663,3,0,0
0x4cb46c,99.9753%,3,12123,12126,0,0,3,12123
0x4ca756,99.9592%,3,7345,7348,7345,3,0,0
0x4ca8d0,99.7201%,3,1069,1072,1069,3,0,0
0x4cbcf6,99.7927%,3,1444,1447,1444,3,0,0
0x4c2765,99.9703%,3,10082,10085,0,0,3,10082
0x50fb33,99.9462%,3,5573,5576,5573,3,0,0
0x5ef130,50%,3,3,6,0,0,3,3
0x4bae61,99.872%,3,2341,2344,0,0,3,2341
0x4baf12,99.872%,3,2341,2344,3,3,0,2338
0x4bae6a,99.872%,3,2341,2344,2341,3,0,0
0x4c43f7,99.986%,3,21492,21495,0,0,3,21492
0x4ca304,99.9983%,3,178835,178838,178835,3,0,0
0x4c4cd0,99.9647%,3,8494,8497,8494,3,0,0
0x4bc1e8,99.8565%,3,2088,2091,0,0,3,2088
0x4ca09e,99.9983%,3,176336,176339,176336,3,0,0
0x4baaa5,99.6689%,3,903,906,0,0,3,903
0x4c4eaa,66.6667%,3,6,9,6,3,0,0
0x4b9b6a,99.9016%,3,3047,3050,3047,3,0,0
0x4c3e43,89.6552%,3,26,29,26,3,0,0
0x4ca138,99.8799%,3,2495,2498,2495,3,0,0
0x4c593e,99.4652%,2,372,374,372,2,0,0
0x4c40b8,99.9182%,2,2444,2446,0,0,2,2444
0x50f3fc,66.6667%,2,4,6,4,2,0,0
0x4cc552,99.6581%,2,583,585,193,0,2,390
0x50fa94,99.9649%,2,5691,5693,0,0,2,5691
0x4c9683,99.9454%,2,3664,3666,3664,2,0,0
0x4c480f,87.5%,2,14,16,14,2,0,0
0x4c6ab0,99.9822%,2,11258,11260,8789,2,0,2469
0x4ca12c,99.9199%,2,2496,2498,0,0,2,2496
0x4cb5ee,71.4286%,2,5,7,0,0,2,5
0x4b90f8,99.9009%,2,2016,2018,1008,1,1,1008
0x4d8ffa,98.995%,2,197,199,197,2,0,0
0x4cb476,99.9835%,2,12124,12126,12124,2,0,0
0x4c3b8e,99.9192%,2,2473,2475,2473,2,0,0
0x5ef191,66.6667%,2,4,6,4,2,0,0
0x4c5985,99.9974%,2,76769,76771,372,2,0,76397
0x5f06d7,33.3333%,2,1,3,0,0,2,1
0x4c40d3,99.9192%,2,2473,2475,0,0,2,2473
0x4c5829,99.9971%,2,69938,69940,69938,2,0,0
0x4d89f3,98.995%,2,197,199,4,2,0,193
0x5f06ed,33.3333%,2,1,3,1,1,1,0
0x4b9426,99.8018%,2,1007,1009,1007,0,2,0
0x4c4188,93.3333%,2,28,30,28,2,0,0
0x4c4d21,99.9796%,2,9791,9793,0,0,2,9791
0x4d96f7,98.995%,2,197,199,0,0,2,197
0x4b8ea0,99.8018%,2,1007,1009,0,0,2,1007
0x4bdd04,99.9591%,2,4885,4887,0,0,2,4885
0x4bc2cc,99.9022%,2,2043,2045,2043,2,0,0
0x4bc2c1,99.9022%,2,2043,2045,0,0,2,2043
0x4c5c5b,99.9971%,2,69938,69940,69566,0,2,372
0x4cc5de,99.9994%,2,321475,321477,193,0,2,321282
0x4c77d1,99.5192%,2,414,416,414,2,0,0
0x4c611d,97.619%,2,82,84,42,0,2,40
0x50fe20,88.8889%,2,16,18,16,2,0,0
0x50fac9,99.9649%,2,5691,5693,5691,1,1,0
0x4bb2f8,98.6301%,2,144,146,144,2,0,0
0x4c3a60,99.9182%,2,2444,2446,2444,2,0,0
0x50fb5d,95.4545%,2,42,44,42,2,0,0
0x4c3aa4,93.1034%,2,27,29,27,2,0,0
0x4c4ce1,99.8467%,2,1303,1305,1295,1,1,8
0x5ef229,66.6667%,2,4,6,4,2,0,0
0x4be9ca,99.5381%,2,431,433,431,2,0,0
0x5f0ab4,0%,2,0,2,0,0,2,0
0x4b90a9,99.9009%,2,2016,2018,2016,2,0,0
0x4cb6e7,99.9608%,2,5099,5101,5099,2,0,0
0x4bf7ee,99.9758%,2,8266,8268,8262,0,2,4
0x50fc64,89.4737%,2,17,19,0,0,2,17
0x4c54f1,99.9822%,2,11258,11260,11258,2,0,0
0x4c4eee,77.7778%,2,7,9,7,2,0,0
0x479c65,99.8271%,2,1155,1157,0,2,0,1155
0x5114de,99.9994%,2,319115,319117,319115,2,0,0
0x5ef0ce,66.6667%,2,4,6,4,2,0,0
0x4bb867,0%,2,0,2,0,2,0,0
0x5f0510,66.6667%,2,4,6,0,0,2,4
0x4b9b4f,0%,2,0,2,0,0,2,0
0x4c7861,99.5192%,2,414,416,414,2,0,0
0x4b950d,0%,2,0,2,0,2,0,0
0x4b9e84,99.9385%,2,3252,3254,3252,2,0,0
0x41934b,99.6032%,2,502,504,502,2,0,0
0x50fc5b,89.4737%,2,17,19,0,0,2,17
0x608b68,98.2456%,2,112,114,0,0,2,112
0x4c7a75,99.5192%,2,414,416,10,1,1,404
0x4c268d,99.9802%,2,10083,10085,10083,2,0,0
0x50fb8e,96.9697%,2,64,66,0,0,2,64
0x4cb3a6,99.9655%,2,5792,5794,5792,2,0,0
0x4c7a94,99.5192%,2,414,416,0,0,2,414
0x4be7ce,99.9728%,2,7349,7351,7349,2,0,0
0x5ef103,66.6667%,2,4,6,0,0,2,4
0x5f2635,66.6667%,2,4,6,0,0,2,4
0x4cb3f9,99.9498%,2,3984,3986,3984,2,0,0
0x4c26a8,99.9802%,2,10083,10085,10083,2,0,0
0x4c4439,98.2456%,2,112,114,112,2,0,0
0x4bb83a,93.9394%,2,31,33,30,1,1,1
0x4bc2b7,99.9044%,2,2089,2091,2089,2,0,0
0x4bc7dc,99.6951%,2,654,656,654,2,0,0
0x5ef1e3,66.6667%,2,4,6,0,0,2,4
0x4c60da,95.2381%,2,40,42,0,0,2,40
0x4bc620,93.5484%,2,29,31,29,2,0,0
0x47aa7a,99.8677%,1,755,756,0,0,1,755
0x4c276d,99.9901%,1,10084,10085,10084,1,0,0
0x4ba427,99.9693%,1,3253,3254,3253,1,0,0
0x4c3c44,96.5517%,1,28,29,28,1,0,0
0x4c5937,99.7326%,1,373,374,0,0,1,373
0x476182,99.9638%,1,2758,2759,0,0,1,2758
0x5f06b9,66.6667%,1,2,3,0,0,1,2
0x4cb32e,99.974%,1,3841,3842,3841,1,0,0
0x4bac04,83.3333%,1,5,6,5,1,0,0
0x46c539,99.4819%,1,192,193,192,1,0,0
0x4bee8b,99.9996%,1,245826,245827,0,0,1,245826
0x50f593,99.9015%,1,1014,1015,1008,1,0,6
0x60a17c,99.115%,1,112,113,7,0,1,105
0x4b945f,50%,1,1,2,1,1,0,0
0x4bb84a,50%,1,1,2,0,0,1,1
0x4c3af8,99.9586%,1,2416,2417,0,0,1,2416
0x47d3d4,99.926%,1,1350,1351,1350,1,0,0
0x40189e,99.9136%,1,1156,1157,1156,1,0,0
0x4c642b,99.9993%,1,139447,139448,139447,1,0,0
0x4c3a08,99.9999%,1,1038716,1038717,0,0,1,1038716
0x5f053e,75%,1,3,4,0,0,1,3
0x4c59a7,99.9987%,1,76394,76395,0,0,1,76394
0x4c4386,99.9928%,1,13923,13924,0,0,1,13923
0x4c43e3,99.9953%,1,21494,21495,0,0,1,21494
0x4b8d78,99.9134%,1,1154,1155,0,0,1,1154
0x5ef0eb,83.3333%,1,5,6,0,0,1,5
0x4cbd20,99.0385%,1,103,104,3,1,0,100
0x4c9fda,99.9851%,1,6693,6694,6693,1,0,0
0x4c4e38,99.9609%,1,2557,2558,2557,1,0,0
0x476206,99.9601%,1,2506,2507,1349,1,0,1157
0x4c3d31,99.9591%,1,2445,2446,2445,1,0,0
0x47702b,99.7409%,1,385,386,385,1,0,0
0x4caaed,99.9639%,1,2769,2770,2769,1,0,0
0x4c4d83,99.9361%,1,1563,1564,0,0,1,1563
0x4c57e4,99.9986%,1,69815,69816,0,0,1,69815
0x4ca086,99.9998%,1,495449,495450,0,0,1,495449
0x4ca634,99.9864%,1,7347,7348,7347,1,0,0
0x4bd486,99.9573%,1,2339,2340,2339,1,0,0
0x4bda8d,99.9574%,1,2345,2346,0,0,1,2345
0x5f2603,83.3333%,1,5,6,0,0,1,5
0x4c54c1,99.9993%,1,139448,139449,0,0,1,139448
0x4c3d1f,99.9591%,1,2445,2446,0,0,1,2445
0x50fad3,0%,1,0,1,0,1,0,0
0x4cb97a,99%,1,99,100,0,0,1,99
0x4ca5f9,99.9864%,1,7347,7348,7347,1,0,0
0x4bace2,99.9573%,1,2343,2344,0,0,1,2343
0x4cbd2c,98.9583%,1,95,96,0,0,1,95
0x5ef0f7,83.3333%,1,5,6,5,1,0,0
0x4bee73,99.9996%,1,245826,245827,0,0,1,245826
0x4bc206,99.9511%,1,2044,2045,2044,1,0,0
0x4bbd89,99.952%,1,2082,2083,0,0,1,2082
0x4c9ef0,99.9889%,1,8969,8970,8969,1,0,0
0x4b9054,99.9504%,1,2017,2018,0,0,1,2017
0x4bc35e,99.9511%,1,2044,2045,2044,1,0,0
0x4bc5eb,99.9672%,1,3044,3045,0,0,1,3044
0x4bda9e,99.9574%,1,2345,2346,2345,1,0,0
0x4c60c1,97.619%,1,41,42,0,0,1,41
0x4b958e,96.6667%,1,29,30,29,1,0,0
0x4cb57a,99.9653%,1,2878,2879,2878,0,1,0
0x4bc28c,99.9522%,1,2090,2091,2090,1,0,0
0x4bb962,96.7742%,1,30,31,30,1,0,0
0x4bb6c9,96.9697%,1,32,33,32,1,0,0
0x4bb47c,96.9697%,1,32,33,32,1,0,0
0x4c79bd,99.7596%,1,415,416,415,1,0,0
0x4ba502,99.8897%,1,906,907,0,0,1,906
0x4c651a,99.9911%,1,11259,11260,11259,1,0,0
0x4d89c9,99.4975%,1,198,199,0,0,1,198
0x4c5c72,99.7326%,1,373,374,0,0,1,373
0x4baafa,99.5495%,1,221,222,0,0,1,221
0x50fc03,99.9821%,1,5581,5582,0,0,1,5581
0x4c6ca5,99.9727%,1,3665,3666,0,0,1,3665
0x4ba35a,99.9693%,1,3253,3254,0,0,1,3253
0x4c4fee,99.9228%,1,1295,1296,1295,1,0,0
0x4ba016,99.9111%,1,1124,1125,1124,1,0,0
0x4c77df,99.7596%,1,415,416,415,1,0,0
0x4cb1b5,99.9639%,1,2769,2770,0,0,1,2769
0x5f2630,83.3333%,1,5,6,0,0,1,5
0x4ca93b,99.9639%,1,2769,2770,2769,1,0,0
0x4be719,99.9864%,1,7350,7351,0,0,1,7350
0x4cb3d4,99.9898%,1,9792,9793,0,0,1,9792
0x4c63b6,99.9727%,1,3665,3666,0,0,1,3665
0x4cc33d,99.9913%,1,11557,11558,11557,1,0,0
0x4bc1cc,99.9522%,1,2090,2091,0,0,1,2090
0x4ba395,99.9951%,1,20263,20264,20263,1,0,0
0x4c8cdd,99.2593%,1,134,135,134,1,0,0
0x4bbe73,98.1818%,1,54,55,54,1,0,0
0x4cb10b,99.9639%,1,2769,2770,2769,1,0,0
0x4c5754,93.75%,1,15,16,15,1,0,0
0x5f0495,83.3333%,1,5,6,5,1,0,0
0x4c3b13,99.9586%,1,2416,2417,2416,1,0,0
0x50fb51,97.7273%,1,43,44,0,0,1,43
0x419006,99.8677%,1,755,756,251,1,0,504
0x4cb2dc,99.974%,1,3841,3842,3841,1,0,0
0x47b39e,99.9136%,1,1156,1157,0,0,1,1156
0x608b6e,99.1228%,1,113,114,0,0,1,113
0x4c63e6,99.9993%,1,139447,139448,139447,1,0,0
0x4b99ba,96.6667%,1,29,30,29,1,0,0
0x4ba27f,99.9693%,1,3253,3254,3253,1,0,0
0x4b95d1,96.6667%,1,29,30,29,1,0,0
0x5f0559,75%,1,3,4,3,1,0,0
0x4cc596,99.9997%,1,320511,320512,0,0,1,320511
0x4cab8e,99.1379%,1,115,116,115,1,0,0
0x4d9754,99.4975%,1,198,199,0,0,1,198
0x4ce2ae,99.9997%,1,319496,319497,319496,1,0,0
0x4ba002,93.75%,1,15,16,0,0,1,15
0x4c3db7,96.5517%,1,28,29,0,0,1,28
0x4b8baa,99.9134%,1,1154,1155,1154,1,0,0
0x476158,99.9638%,1,2758,2759,2758,1,0,0
0x417e61,99.8677%,1,755,756,755,1,0,0
0x4c5afd,99.9987%,1,76142,76143,76142,1,0,0
0x47a9a0,99.8677%,1,755,756,755,1,0,0
0x5f056d,83.3333%,1,5,6,0,0,1,5
0x4c02dd,99.7817%,1,457,458,0,1,0,457
0x4beb83,83.3333%,1,5,6,5,1,0,0
0x4be4fc,83.3333%,1,5,6,5,1,0,0
0x477178,99.8677%,1,755,756,755,1,0,0
0x4be6c7,99.9864%,1,7350,7351,7350,1,0,0
0x5efae3,83.3333%,1,5,6,5,1,0,0
0x478b02,99.7409%,1,385,386,385,1,0,0
0x4be9ff,99.9856%,1,6961,6962,0,0,1,6961
0x4c601a,97.619%,1,41,42,41,1,0,0
0x5ef114,83.3333%,1,5,6,0,0,1,5
0x4bb501,96.9697%,1,32,33,32,1,0,0
0x4bb909,96.7742%,1,30,31,30,1,0,0
0x4bc161,96.1538%,1,25,26,25,1,0,0
0x4c38f2,99.9999%,1,857433,857434,0,0,1,857433
0x4c4522,99.9792%,1,4804,4805,4804,1,0,0
0x4c260b,99.9927%,1,13782,13783,13782,1,0,0
0x4c2757,99.9901%,1,10084,10085,0,0,1,10084
0x4c2832,99.9901%,1,10084,10085,10084,1,0,0
0x4bdc8e,96.7742%,1,30,31,0,0,1,30
0x4bf6e9,97.2973%,1,36,37,36,1,0,0
0x50fc6d,94.7368%,1,18,19,0,0,1,18
0x4c3d77,96.5517%,1,28,29,28,1,0,0
0x4761a7,99.6032%,1,251,252,0,0,1,251
0x4cb65b,99.6441%,1,280,281,0,0,1,280
0x4c493d,99.9421%,1,1727,1728,0,0,1,1727
0x4bdd83,99.9795%,1,4881,4882,0,0,1,4881
0x4bbac1,50%,1,1,2,1,1,0,0
0x4b94ea,50%,1,1,2,0,0,1,1
0x4bf835,80%,1,4,5,4,1,0,0
0x5ef13a,83.3333%,1,5,6,5,1,0,0
0x4c4e94,88.8889%,1,8,9,8,1,0,0
0x4d8eb3,83.3333%,1,5,6,0,0,1,5
0x5f06dc,66.6667%,1,2,3,0,0,1,2
0x5ef517,83.3333%,1,5,6,5,1,0,0
0x4bd9a5,83.3333%,1,5,6,5,1,0,0
0x4c5c53,99.9854%,1,6830,6831,6830,1,0,0
0x5ef445,83.3333%,1,5,6,0,0,1,5
0x5ef430,83.3333%,1,5,6,5,1,0,0
0x4d8fbe,99.4975%,1,198,199,198,1,0,0
0x4cd42c,83.3333%,1,5,6,0,0,1,5
0x4cc719,100%,0,193,193,0,0,0,193
0x478aa9,100%,0,386,386,386,0,0,0
0x4baf23,100%,0,2338,2338,2338,0,0,0
0x4cfc07,100%,0,193,193,193,0,0,0
0x4cc712,100%,0,193,193,0,0,0,193
0x476137,100%,0,772,772,772,0,0,0
0x50fb0d,100%,0,5692,5692,0,0,0,5692
0x4cb4ce,100%,0,19,19,0,0,0,19
0x418b5c,100%,0,63,63,63,0,0,0
0x4c3715,100%,0,319111,319111,319111,0,0,0
0x4d8a9f,100%,0,6,6,0,0,0,6
0x4cf579,100%,0,6,6,6,0,0,0
0x4cc720,100%,0,193,193,0,0,0,193
0x47aa19,100%,0,504,504,504,0,0,0
0x4d5a6f,100%,0,193,193,193,0,0,0
0x4cc72b,100%,0,193,193,193,0,0,0
0x4ba4f3,100%,0,907,907,0,0,0,907
0x4cce62,100%,0,193,193,0,0,0,193
0x47619e,100%,0,252,252,0,0,0,252
0x4cc73a,100%,0,193,193,193,0,0,0
0x4ba3f2,100%,0,20264,20264,0,0,0,20264
0x4bbd2a,100%,0,2138,2138,0,0,0,2138
0x4bab7f,100%,0,222,222,222,0,0,0
0x47d221,100%,0,193,193,193,0,0,0
0x6067ec,100%,0,193,193,193,0,0,0
0x4c7adc,100%,0,2558,2558,2558,0,0,0
0x4c3ad5,100%,0,2417,2417,2417,0,0,0
0x46c9d5,100%,0,193,193,193,0,0,0
0x47cd4e,100%,0,193,193,193,0,0,0
0x479b65,100%,0,1157,1157,1157,0,0,0
0x4cc4cc,100%,0,585,585,585,0,0,0
0x47cbb2,100%,0,193,193,0,0,0,193
0x4cf712,100%,0,6,6,0,0,0,6
0x47aa76,100%,0,756,756,0,0,0,756
0x4ba86b,100%,0,47674,47674,0,0,0,47674
0x47c85c,100%,0,193,193,0,0,0,193
0x419044,100%,0,252,252,252,0,0,0
0x47cb90,100%,0,193,193,0,0,0,193
0x476ea6,100%,0,193,193,0,0,0,193
0x4bb93b,100%,0,31,31,31,0,0,0
0x478afb,100%,0,386,386,0,0,0,386
0x4babab,100%,0,222,222,222,0,0,0
0x4bee38,100%,0,245828,245828,245828,0,0,0
0x478cfa,100%,0,193,193,0,0,0,193
0x47c860,100%,0,193,193,193,0,0,0
0x4bc7aa,100%,0,6,6,0,0,0,6
0x478ae8,100%,0,386,386,386,0,0,0
0x4b94a9,100%,0,2,2,0,0,0,2
0x4bc21a,100%,0,46,46,46,0,0,0
0x6068ae,100%,0,193,193,0,0,0,193
0x47a98e,100%,0,756,756,756,0,0,0
0x418a04,100%,0,756,756,0,0,0,756
0x4ce624,100%,0,1009,1009,1009,0,0,0
0x40188a,100%,0,1157,1157,0,0,0,1157
0x417e2b,100%,0,756,756,0,0,0,756
0x4cd4a3,100%,0,193,193,193,0,0,0
0x478bef,100%,0,386,386,386,0,0,0
0x50b030,100%,0,83494,83494,0,0,0,83494
0x4c5978,100%,0,374,374,0,0,0,374
0x47b3bc,100%,0,1157,1157,0,0,0,1157
0x478c96,100%,0,193,193,193,0,0,0
0x47c984,100%,0,193,193,0,0,0,193
0x47aa36,100%,0,756,756,756,0,0,0
0x476127,100%,0,772,772,0,0,0,772
0x47d16e,100%,0,193,193,193,0,0,0
0x4c57ef,100%,0,69816,69816,0,0,0,69816
0x418b8d,100%,0,756,756,756,0,0,0
0x47af30,100%,0,252,252,252,0,0,0
0x47c9bb,100%,0,193,193,0,0,0,193
0x477089,100%,0,756,756,756,0,0,0
0x47cd5f,100%,0,193,193,0,0,0,193
0x47cabd,100%,0,193,193,0,0,0,193
0x4c5bfc,100%,0,76395,76395,76395,0,0,0
0x4ba3d8,100%,0,20264,20264,0,0,0,20264
0x4bb81a,100%,0,33,33,0,0,0,33
0x47643c,100%,0,193,193,193,0,0,0
0x6068d8,100%,0,193,193,193,0,0,0
0x47c9e4,100%,0,193,193,0,0,0,193
0x4ba5f0,100%,0,32,32,32,0,0,0
0x47ab38,100%,0,252,252,252,0,0,0
0x479acf,100%,0,1157,1157,0,0,0,1157
0x47afe6,100%,0,252,252,252,0,0,0
0x47afce,100%,0,252,252,0,0,0,252
0x47ae44,100%,0,252,252,252,0,0,0
0x4b8daf,100%,0,1155,1155,0,0,0,1155
0x47ac7e,100%,0,252,252,0,0,0,252
0x47d3c9,100%,0,1351,1351,0,0,0,1351
0x47aaf6,100%,0,504,504,0,0,0,504
0x4d7947,100%,0,199,199,193,0,0,6
0x47d440,100%,0,193,193,193,0,0,0
0x4b93e3,100%,0,1009,1009,1009,0,0,0
0x46c79b,100%,0,193,193,0,0,0,193
0x4cfc22,100%,0,193,193,193,0,0,0
0x4b9da1,100%,0,3316,3316,3316,0,0,0
0x47cbc5,100%,0,193,193,193,0,0,0
0x4c1cfc,100%,0,457,457,457,0,0,0
0x4c6004,100%,0,42,42,0,0,0,42
0x417fa0,100%,0,756,756,0,0,0,756
0x417e3a,100%,0,756,756,0,0,0,756
0x417f93,100%,0,756,756,756,0,0,0
0x50afff,100%,0,83494,83494,83494,0,0,0
0x4d0701,100%,0,193,193,0,0,0,193
0x4cbe76,100%,0,19,19,0,0,0,19
0x4ba639,100%,0,38,38,0,0,0,38
0x47cd70,100%,0,193,193,193,0,0,0
0x4be5c0,100%,0,6924,6924,6924,0,0,0
0x4cd405,100%,0,6,6,0,0,0,6
0x4beb9d,100%,0,6,6,0,0,0,6
0x4bea6b,100%,0,6,6,6,0,0,0
0x4be574,100%,0,433,433,389,0,0,44
0x4be9a0,100%,0,3214,3214,0,0,0,3214
0x4bea13,100%,0,7351,7351,7351,0,0,0
0x47a6c4,100%,0,756,756,0,0,0,756
0x4c5b76,100%,0,76143,76143,0,0,0,76143
0x4be8e0,100%,0,7351,7351,0,0,0,7351
0x4be851,100%,0,7351,7351,7351,0,0,0
0x479c60,100%,0,1157,1157,0,0,0,1157
0x4be654,100%,0,7351,7351,7351,0,0,0
0x4c3b0a,100%,0,2417,2417,0,0,0,2417
0x4c40df,100%,0,2475,2475,2475,0,0,0
0x4cb989,100%,0,100,100,100,0,0,0
0x4c7d82,100%,0,2498,2498,0,0,0,2498
0x4be498,100%,0,6,6,6,0,0,0
0x4be482,100%,0,6,6,0,0,0,6
0x4d2e24,100%,0,6,6,6,0,0,0
0x47ab0c,100%,0,504,504,0,0,0,504
0x4d05f5,100%,0,6,6,6,0,0,0
0x5f2627,100%,0,6,6,0,0,0,6
0x4b8f6e,100%,0,1009,1009,0,0,0,1009
0x5f261b,100%,0,6,6,0,0,0,6
0x5f260c,100%,0,6,6,6,0,0,0
0x4cc870,100%,0,193,193,0,0,0,193
0x4bc1f0,100%,0,2091,2091,0,0,0,2091
0x5f046a,100%,0,6,6,0,0,0,6
0x4d052f,100%,0,6,6,6,0,0,0
0x5ef122,100%,0,6,6,0,0,0,6
0x4c500a,100%,0,7213,7213,7213,0,0,0
0x4bf88f,100%,0,5,5,0,0,0,5
0x5f0698,100%,0,1,1,0,0,0,1
0x5f06fa,100%,0,1,1,1,0,0,0
0x5f25db,100%,0,6,6,6,0,0,0
0x4bd998,100%,0,6,6,0,0,0,6
0x4cd45f,100%,0,6,6,0,0,0,6
0x5ef52a,100%,0,6,6,0,0,0,6
0x4c9ed8,100%,0,1588,1588,2,0,0,1586
0x5ef50a,100%,0,6,6,0,0,0,6
0x4c3e1f,100%,0,29,29,29,0,0,0
0x5ef1f8,100%,0,6,6,6,0,0,0
0x5ef185,100%,0,6,6,0,0,0,6
0x417fc1,100%,0,756,756,756,0,0,0
0x4d8ea9,100%,0,6,6,0,0,0,6
0x4c3b51,100%,0,2475,2475,2475,0,0,0
0x5eefd5,100%,0,6,6,0,0,0,6
0x5eefcd,100%,0,6,6,0,0,0,6
0x5eefc3,100%,0,6,6,0,0,0,6
0x5eefb9,100%,0,6,6,0,0,0,6
0x5f2c43,100%,0,6,6,0,0,0,6
0x5f2c33,100%,0,6,6,0,0,0,6
0x5f2c2a,100%,0,6,6,0,0,0,6
0x4d8ed3,100%,0,6,6,6,0,0,0
0x4d8ebb,100%,0,6,6,6,0,0,0
0x4cd43d,100%,0,6,6,6,0,0,0
0x4cd431,100%,0,6,6,0,0,0,6
0x4cbd04,100%,0,100,100,0,0,0,100
0x4cba6f,100%,0,100,100,100,0,0,0
0x46c7e8,100%,0,193,193,0,0,0,193
0x4c603b,100%,0,42,42,42,0,0,0
0x50fcb2,100%,0,66,66,0,0,0,66
0x421026,100%,0,66,66,66,0,0,0
0x60686a,100%,0,193,193,193,0,0,0
0x50fe07,100%,0,813,813,0,0,0,813
0x421013,100%,0,66,66,0,0,0,66
0x421005,100%,0,66,66,0,0,0,66
0x5f2c4c,100%,0,6,6,6,0,0,0
0x5fac9a,100%,0,6,6,6,0,0,0
0x4c9601,100%,0,135,135,135,0,0,0
0x4c4392,100%,0,13924,13924,13924,0,0,0
0x4bf878,100%,0,5,5,0,0,0,5
0x4ca7d9,100%,0,7348,7348,7348,0,0,0
0x4cdf27,100%,0,392,392,392,0,0,0
0x5f25c7,100%,0,6,6,0,0,0,6
0x606859,100%,0,193,193,0,0,0,193
0x47d3f9,100%,0,1351,1351,1158,0,0,193
0x4c9f19,100%,0,8970,8970,8970,0,0,0
0x47cab5,100%,0,193,193,0,0,0,193
0x4cbc8d,100%,0,5101,5101,0,0,0,5101
0x6067fc,100%,0,193,193,193,0,0,0
0x4d8e8a,100%,0,6,6,6,0,0,0
0x47620f,100%,0,1157,1157,1157,0,0,0
0x478b9a,100%,0,386,386,386,0,0,0
0x606918,100%,0,193,193,193,0,0,0
0x6067e7,100%,0,193,193,193,0,0,0
0x46c841,100%,0,193,193,193,0,0,0
0x4c4e9e,100%,0,9,9,9,0,0,0
0x47ce88,100%,0,193,193,0,0,0,193
0x4b95c5,100%,0,32,32,32,0,0,0
0x4cab55,100%,0,2654,2654,0,0,0,2654
0x4d050f,100%,0,6,6,0,0,0,6
0x4cfb06,100%,0,6,6,6,0,0,0
0x4cf893,100%,0,6,6,6,0,0,0
0x4cf88d,100%,0,6,6,0,0,0,6
0x4cf853,100%,0,6,6,6,0,0,0
0x4c1d43,100%,0,457,457,0,0,0,457
0x417f89,100%,0,756,756,0,0,0,756
0x5fabf2,100%,0,6,6,6,0,0,0
0x4beb8d,100%,0,6,6,0,0,0,6
0x4c58c5,100%,0,69940,69940,0,0,0,69940
0x5fabec,100%,0,6,6,0,0,0,6
0x4d5f1f,100%,0,193,193,0,0,0,193
0x4ba461,100%,0,32,32,32,0,0,0
0x4c4e8e,100%,0,9,9,9,0,0,0
0x4cf6de,100%,0,6,6,6,0,0,0
0x4cf69a,100%,0,6,6,6,0,0,0
0x476488,100%,0,193,193,0,0,0,193
0x5ef4fe,100%,0,6,6,0,0,0,6
0x4cf5b0,100%,0,6,6,6,0,0,0
0x4cf5a3,100%,0,6,6,0,0,0,6
0x4cf56f,100%,0,6,6,0,0,0,6
0x4d04c4,100%,0,6,6,6,0,0,0
0x4bc7c0,100%,0,6,6,6,0,0,0
0x47d267,100%,0,193,193,0,0,0,193
0x4bc7b7,100%,0,6,6,0,0,0,6
0x4b94c8,100%,0,2,2,0,0,0,2
0x4c456f,100%,0,2,2,2,0,0,0
0x4bd46b,100%,0,2340,2340,0,0,0,2340
0x418a0e,100%,0,756,756,756,0,0,0
0x4d0686,100%,0,193,193,193,0,0,0
0x476fc9,100%,0,386,386,386,0,0,0
0x46c8aa,100%,0,193,193,0,0,0,193
0x4cb526,100%,0,299,299,299,0,0,0
0x479b08,100%,0,1157,1157,1157,0,0,0
0x4c4806,100%,0,16,16,0,0,0,16
0x5ef0c2,100%,0,6,6,0,0,0,6
0x419345,100%,0,504,504,0,0,0,504
0x4ca369,100%,0,319111,319111,319111,0,0,0
0x417f1b,100%,0,756,756,756,0,0,0
0x476f4a,100%,0,386,386,193,0,0,193
0x47ac82,100%,0,252,252,0,0,0,252
0x47aa0d,100%,0,756,756,252,0,0,504
0x47b249,100%,0,1350,1350,0,0,0,1350
0x475f65,100%,0,1795,1795,1795,0,0,0
0x4c4b2a,100%,0,238019,238019,238019,0,0,0
0x47b4e2,100%,0,1157,1157,0,0,0,1157
0x47b22d,100%,0,1350,1350,0,0,0,1350
0x4c63cb,100%,0,139448,139448,139448,0,0,0
0x46c530,100%,0,193,193,0,0,0,193
0x4c4b09,100%,0,238019,238019,0,0,0,238019
0x4bbda1,100%,0,2083,2083,2083,0,0,0
0x479e08,100%,0,1155,1155,0,0,0,1155
0x4d78c1,100%,0,199,199,199,0,0,0
0x479baa,100%,0,1157,1157,0,0,0,1157
0x47ca8a,100%,0,193,193,0,0,0,193
0x4760f5,100%,0,772,772,772,0,0,0
0x479b47,100%,0,1157,1157,1157,0,0,0
0x4c6404,100%,0,139448,139448,139448,0,0,0
0x4d8f71,100%,0,6,6,6,0,0,0
0x4c9e74,100%,0,1613,1613,1613,0,0,0
0x47c9b3,100%,0,193,193,0,0,0,193
0x4ba981,100%,0,1009,1009,1009,0,0,0
0x4c5a6a,100%,0,76143,76143,76143,0,0,0
0x47ab03,100%,0,504,504,0,0,0,504
0x4761f7,100%,0,2507,2507,0,0,0,2507
0x418936,100%,0,756,756,756,0,0,0
0x4cf8e4,100%,0,6,6,0,0,0,6
0x476231,100%,0,1350,1350,0,0,0,1350
0x478ce9,100%,0,193,193,0,0,0,193
0x47d2e5,100%,0,193,193,193,0,0,0
0x476e8b,100%,0,193,193,0,0,0,193
0x4c58e7,100%,0,69940,69940,0,0,0,69940
0x47a1fb,100%,0,1157,1157,0,0,0,1157
0x4d9766,100%,0,199,199,0,0,0,199
0x4d575a,100%,0,193,193,193,0,0,0
0x47ce2b,100%,0,193,193,193,0,0,0
0x479e45,100%,0,1155,1155,1155,0,0,0
0x6068a7,100%,0,193,193,0,0,0,193
0x4cd061,100%,0,319497,319497,0,0,0,319497
0x478cf4,100%,0,193,193,0,0,0,193
0x4c256d,100%,0,1009,1009,1009,0,0,0
0x419436,100%,0,756,756,0,0,0,756
0x46c9fb,100%,0,193,193,0,0,0,193
0x47c99b,100%,0,193,193,0,0,0,193
0x4c598e,100%,0,76397,76397,0,0,0,76397
0x47b23e,100%,0,1350,1350,0,0,0,1350
0x4cd289,100%,0,321477,321477,965,0,0,320512
0x50fce2,100%,0,371,371,0,0,0,371
0x4cbe7f,100%,0,19,19,0,0,0,19
0x479bb3,100%,0,1157,1157,1157,0,0,0
0x476e48,100%,0,193,193,0,0,0,193
0x4ba7d1,100%,0,38,38,0,0,0,38
0x4b9580,100%,0,977,977,977,0,0,0
0x4b8fec,100%,0,1009,1009,0,0,0,1009
0x477060,100%,0,756,756,756,0,0,0
0x419425,100%,0,756,756,756,0,0,0
0x4bd463,100%,0,2340,2340,0,0,0,2340
0x609759,100%,0,105,105,105,0,0,0
0x417e51,100%,0,756,756,0,0,0,756
0x46ca04,100%,0,193,193,0,0,0,193
0x4beb2c,100%,0,6,6,0,0,0,6
0x46d0cc,100%,0,193,193,0,0,0,193
0x4ba84d,100%,0,47674,47674,0,0,0,47674
0x4ce366,100%,0,193,193,193,0,0,0
0x4be6f2,100%,0,4533,4533,0,0,0,4533
0x418b1b,100%,0,756,756,0,0,0,756
0x4c0311,100%,0,457,457,457,0,0,0
0x4d5830,100%,0,193,193,0,0,0,193
0x4cb64b,100%,0,8,8,8,0,0,0
0x476199,100%,0,2759,2759,2507,0,0,252
0x47a1c0,100%,0,1157,1157,1157,0,0,0
0x4cc57c,100%,0,320512,320512,320512,0,0,0
0x476201,100%,0,2507,2507,0,0,0,2507
0x4c24e6,100%,0,1009,1009,1009,0,0,0
0x4cc832,100%,0,193,193,193,0,0,0
0x4bb361,100%,0,33,33,33,0,0,0
0x47b3dd,100%,0,1157,1157,0,0,0,1157
0x4d04d9,100%,0,6,6,0,0,0,6
0x4cc600,100%,0,1594,1594,1594,0,0,0
0x4c4b25,100%,0,238019,238019,0,0,0,238019
0x47ce3c,100%,0,193,193,0,0,0,193
0x4b99fe,100%,0,62,62,0,0,0,62
0x4d5c54,100%,0,193,193,193,0,0,0
0x478b92,100%,0,386,386,0,0,0,386
0x418b53,100%,0,819,819,756,0,0,63
0x46d07f,100%,0,193,193,193,0,0,0
0x50fd0e,100%,0,16,16,16,0,0,0
0x4ca52d,100%,0,319111,319111,319111,0,0,0
0x47ca7e,100%,0,193,193,193,0,0,0
0x4cc9ef,100%,0,319304,319304,319304,0,0,0
0x478c91,100%,0,386,386,193,0,0,193
0x4c6bc5,100%,0,3599,3599,0,0,0,3599
0x5f25b3,100%,0,6,6,0,0,0,6
0x4ca3ee,100%,0,319111,319111,319111,0,0,0
0x4c3c10,100%,0,2475,2475,0,0,0,2475
0x4b905a,100%,0,2018,2018,1009,0,0,1009
0x4cc637,100%,0,321477,321477,0,0,0,321477
0x46c7fc,100%,0,193,193,0,0,0,193
0x4d579c,100%,0,193,193,193,0,0,0
0x418b72,100%,0,756,756,756,0,0,0
0x4c6ba5,100%,0,238019,238019,0,0,0,238019
0x476f1f,100%,0,193,193,0,0,0,193
0x4b9595,100%,0,977,977,0,0,0,977
0x417f16,100%,0,756,756,0,0,0,756
0x4c4b20,100%,0,238019,238019,0,0,0,238019
0x4ca1b1,100%,0,2498,2498,2498,0,0,0
0x4d064e,100%,0,193,193,193,0,0,0
0x47b19e,100%,0,1350,1350,0,0,0,1350
0x47abc7,100%,0,252,252,252,0,0,0
0x475f73,100%,0,1795,1795,1795,0,0,0
0x4c4658,100%,0,325220,325220,0,0,0,325220
0x50fb99,100%,0,66,66,66,0,0,0
0x4b9568,100%,0,1007,1007,0,0,0,1007
0x606813,100%,0,193,193,193,0,0,0
0x50aff9,100%,0,83494,83494,0,0,0,83494
0x60683a,100%,0,193,193,0,0,0,193
0x4d2dd7,100%,0,6,6,0,0,0,6
0x402801,100%,0,193,193,193,0,0,0
0x4d5839,100%,0,193,193,0,0,0,193
0x47a1f0,100%,0,1157,1157,1157,0,0,0
0x417f3a,100%,0,756,756,0,0,0,756
0x47b18a,100%,0,1350,1350,0,0,0,1350
0x477016,100%,0,386,386,193,0,0,193
0x4d5747,100%,0,193,193,0,0,0,193
0x4d5777,100%,0,193,193,193,0,0,0
0x4d57c8,100%,0,193,193,0,0,0,193
0x47d1d8,100%,0,193,193,0,0,0,193
0x4762c0,100%,0,193,193,193,0,0,0
0x4ba642,100%,0,38,38,38,0,0,0
0x4d583e,100%,0,193,193,0,0,0,193
0x4c4e5e,100%,0,9,9,0,0,0,9
0x4bbd96,100%,0,2083,2083,0,0,0,2083
0x4cb4d7,100%,0,19,19,19,0,0,0
0x4d5847,100%,0,193,193,193,0,0,0
0x4d8f30,100%,0,6,6,0,0,0,6
0x4d5ab3,100%,0,193,193,193,0,0,0
0x47628b,100%,0,193,193,193,0,0,0
0x4cc926,100%,0,193,193,193,0,0,0
0x4ce32e,100%,0,193,193,193,0,0,0
0x463c3a,100%,0,193,193,193,0,0,0
0x40187d,100%,0,1157,1157,0,0,0,1157
0x463c54,100%,0,193,193,193,0,0,0
0x4028cb,100%,0,193,193,193,0,0,0
0x4d8a24,100%,0,6,6,6,0,0,0
0x47618c,100%,0,2759,2759,2759,0,0,0
0x40289c,100%,0,193,193,193,0,0,0
0x40288a,100%,0,193,193,0,0,0,193
0x4cfbf9,100%,0,193,193,193,0,0,0
0x40286d,100%,0,193,193,0,0,0,193
0x4ba52f,100%,0,637,637,637,0,0,0
0x4027f1,100%,0,193,193,193,0,0,0
0x47700b,100%,0,386,386,0,0,0,386
0x476e73,100%,0,193,193,193,0,0,0
0x4baadb,100%,0,222,222,0,0,0,222
0x47b415,100%,0,1157,1157,0,0,0,1157
0x4189fd,100%,0,756,756,0,0,0,756
0x47c7f7,100%,0,193,193,0,0,0,193
0x47d426,100%,0,193,193,193,0,0,0
0x4d89f8,100%,0,193,193,0,0,0,193
0x476172,100%,0,2759,2759,0,0,0,2759
0x46c781,100%,0,193,193,0,0,0,193
0x5f25ec,100%,0,6,6,0,0,0,6
0x4cce6e,100%,0,193,193,0,0,0,193
0x4d970c,100%,0,199,199,199,0,0,0
0x414f95,100%,0,193,193,193,0,0,0
0x46ca14,100%,0,193,193,193,0,0,0
0x4761b6,100%,0,59,59,59,0,0,0
0x463c1b,100%,0,193,193,0,0,0,193
0x4ccf1f,100%,0,193,193,193,0,0,0
0x4cec5e,100%,0,193,193,193,0,0,0
0x46d0c4,100%,0,193,193,0,0,0,193
0x46c7bb,100%,0,193,193,193,0,0,0
0x476648,100%,0,1157,1157,1157,0,0,0
0x414f89,100%,0,193,193,0,0,0,193
0x4ca5cd,100%,0,7348,7348,7348,0,0,0
0x46c8b7,100%,0,193,193,0,0,0,193
0x476059,100%,0,386,386,386,0,0,0
0x46c7d2,100%,0,193,193,193,0,0,0
0x50fc92,100%,0,66,66,0,0,0,66
0x4d65ec,100%,0,193,193,193,0,0,0
0x4d5edb,100%,0,193,193,193,0,0,0
0x47d27a,100%,0,193,193,193,0,0,0
0x4d5bff,100%,0,193,193,193,0,0,0
0x4b9585,100%,0,30,30,0,0,0,30
0x476131,100%,0,772,772,0,0,0,772
0x463b97,100%,0,193,193,193,0,0,0
0x47b1b7,100%,0,1350,1350,1350,0,0,0
0x47aacd,100%,0,756,756,252,0,0,504
0x47707b,100%,0,756,756,0,0,0,756
0x4766bb,100%,0,1157,1157,1157,0,0,0
0x46d0ba,100%,0,193,193,0,0,0,193
0x401847,100%,0,1157,1157,1157,0,0,0
0x476e94,100%,0,193,193,0,0,0,193
0x419018,100%,0,504,504,504,0,0,0
0x47b3e2,100%,0,1157,1157,0,0,0,1157
0x47b3f1,100%,0,1157,1157,1157,0,0,0
0x47d3ad,100%,0,193,193,0,0,0,193
0x4bea33,100%,0,6,6,6,0,0,0
0x479bf2,100%,0,1157,1157,0,0,0,1157
0x478c54,100%,0,386,386,386,0,0,0
0x479b22,100%,0,1157,1157,0,0,0,1157
0x47b153,100%,0,1350,1350,1350,0,0,0
0x47cbbc,100%,0,193,193,0,0,0,193
0x50fc7e,100%,0,66,66,0,0,0,66
0x479e14,100%,0,1155,1155,0,0,0,1155
0x479c1f,100%,0,1157,1157,1157,0,0,0
0x4be48b,100%,0,6,6,0,0,0,6
0x5f06a5,100%,0,3,3,0,0,0,3
0x418972,100%,0,756,756,756,0,0,0
0x4766a1,100%,0,1157,1157,0,0,0,1157
0x4ba96b,100%,0,1009,1009,0,0,0,1009
0x479ad8,100%,0,1157,1157,1157,0,0,0
0x47668f,100%,0,1157,1157,1157,0,0,0
0x46c918,100%,0,193,193,0,0,0,193
0x47b198,100%,0,1350,1350,0,0,0,1350
0x478bdb,100%,0,386,386,0,0,0,386
0x4bbd55,100%,0,2088,2088,2088,0,0,0
0x479aaf,100%,0,1157,1157,1157,0,0,0
0x4b9131,100%,0,1009,1009,0,0,0,1009
0x4cc9af,100%,0,193,193,0,0,0,193
0x4b95a5,100%,0,933,933,933,0,0,0
0x4be450,100%,0,6,6,0,0,0,6
0x47aa7e,100%,0,756,756,0,0,0,756
0x47b4ea,100%,0,1157,1157,193,0,0,964
0x4b8d89,100%,0,1155,1155,0,0,0,1155
0x4b9cb7,100%,0,45,45,45,0,0,0
0x476f1a,100%,0,193,193,0,0,0,193
0x401895,100%,0,1157,1157,0,0,0,1157
0x4cc906,100%,0,193,193,0,0,0,193
0x4b8bd8,100%,0,1155,1155,1155,0,0,0
0x4cc858,100%,0,193,193,0,0,0,193
0x4c4e7e,100%,0,18,18,9,0,0,9
0x478be6,100%,0,386,386,0,0,0,386
0x4cf6c8,100%,0,6,6,0,0,0,6
0x4b8b7b,100%,0,1155,1155,0,0,0,1155
0x4bb8fa,100%,0,31,31,0,0,0,31
0x4c64b0,100%,0,139448,139448,0,0,0,139448
0x418b12,100%,0,756,756,0,0,0,756
0x4017af,100%,0,1157,1157,1157,0,0,0
0x479c8c,100%,0,1155,1155,1155,0,0,0
0x4cab42,100%,0,2654,2654,0,0,0,2654
0x606824,100%,0,193,193,0,0,0,193
0x47649e,100%,0,193,193,193,0,0,0
0x479c02,100%,0,1157,1157,1157,0,0,0
0x4ba80d,100%,0,47673,47673,47673,0,0,0
0x4d8ff1,100%,0,199,199,0,0,0,199
0x479b97,100%,0,1157,1157,0,0,0,1157
0x4ccf04,100%,0,193,193,193,0,0,0
