Branch PC,Accuracy,Mispredictions,Correct Predictions,Total,dir_t_pred_t,dir_t_pred_nt,dir_nt_pred_t,dir_nt_pred_nt
aggregate,99.0738%,183214,19598860,19782074,8000147,77611,105603,11598713
0x4bedf9,83.0118%,103113,503857,606970,374342,31177,71936,129515
0x4c5c06,81.0248%,13172,56245,69417,33762,7750,5422,22483
0x4bf7d5,96.9114%,9649,302761,312410,389,9368,281,302372
0x4c8761,97.1837%,7906,272820,280726,56004,2377,5529,216816
0x50fc12,95.5229%,6983,148987,155970,530,5928,1055,148457
0x4c5c31,74.6741%,6275,18502,24777,14688,2234,4041,3814
0x4c6bb0,97.9837%,4393,213477,217870,299,4246,147,213178
0x4be97a,62.6116%,4272,7154,11426,4331,1926,2346,2823
0x4bf7d9,98.978%,3093,299560,302653,299391,126,2967,169
0x50feb6,93.2544%,2531,34990,37521,14049,1979,552,20941
0x4bedd7,99.5936%,2477,606963,609440,6,2464,13,606957
0x4ba40c,88.8295%,2381,18934,21315,16813,263,2118,2121
0x4bf8b4,99.4075%,1851,310552,312403,309197,148,1703,1355
0x4c4988,93.5396%,1487,21530,23017,1338,1315,172,20192
0x4c5c1f,94.6788%,1463,26031,27494,1671,1046,417,24360
0x4c6bb9,99.4497%,1174,212151,213325,211984,23,1151,167
0x4be9c1,76.9702%,1090,3643,4733,3349,170,920,294
0x479c65,82.9306%,989,4805,5794,47,852,137,4758
0x50fe02,87.8854%,727,5274,6001,5266,42,685,8
0x50fc1e,99.5739%,637,148875,149512,148781,11,626,94
0x4be9b3,88.7929%,597,4730,5327,28,566,31,4702
0x50fcff,98.3904%,374,22861,23235,22861,5,369,0
0x4c7ef0,91.4315%,331,3532,3863,3531,13,318,1
0x4ca08a,99.9406%,317,532918,533235,280786,108,209,252132
0x4c5c18,98.8676%,316,27589,27905,133,278,38,27456
0x4be9ca,76.2768%,288,926,1214,198,204,84,728
0x4cbcb0,97.8841%,245,11334,11579,11084,76,169,250
0x4ba887,99.5833%,234,55919,56153,55919,2,232,0
0x4c64da,99.8978%,231,225902,226133,120002,102,129,105900
0x50fec1,99.0648%,201,21292,21493,4189,175,26,17103
0x4c02ce,92.834%,177,2293,2470,270,119,58,2023
0x4c9fcb,92.1604%,176,2069,2245,823,124,52,1246
0x4c5c38,97.7721%,175,7680,7855,5,161,14,7675
0x4b8dbd,97.4464%,125,4770,4895,3785,55,70,985
0x50fe76,93.3447%,117,1641,1758,649,102,15,992
0x47b38c,98.0691%,114,5790,5904,0,112,2,5790
0x4ca0c8,99.9616%,97,252244,252341,234465,28,69,17779
0x50feaa,99.7505%,94,37574,37668,71,76,18,37503
0x4ba510,97.4558%,92,3524,3616,1067,49,43,2457
0x4c9ecc,95.9484%,91,2155,2246,690,81,10,1465
0x50fd04,76.1518%,88,281,369,269,14,74,12
0x4b9f2e,98.5377%,62,4178,4240,2303,27,35,1875
0x4c6bd4,99.0265%,57,5798,5855,631,40,17,5167
0x4c466b,99.9783%,56,257750,257806,1686,51,5,256064
0x50fde6,98.9771%,55,5322,5377,0,48,7,5322
0x4c9e62,97.6402%,53,2193,2246,661,25,28,1532
0x50fe81,94.9355%,51,956,1007,170,38,13,786
0x418b3c,89.9194%,50,446,496,445,8,42,1
0x4be64b,99.5934%,45,11023,11068,0,44,1,11023
0x4bb1ce,97.9911%,45,2195,2240,1328,22,23,867
0x4c4407,99.8648%,44,32508,32552,32410,12,32,98
0x4be9ad,99.1993%,43,5327,5370,0,43,0,5327
0x4c5929,99.9424%,40,69418,69458,69417,0,40,1
0x50fb20,99.4834%,39,7510,7549,349,22,17,7161
0x4b9ff0,98.3691%,38,2292,2330,2278,4,34,14
0x4c4ccb,99.7171%,34,11985,12019,749,13,21,11236
0x4ba4e7,99.1424%,33,3815,3848,213,19,14,3602
0x4bee01,99.9836%,33,201418,201451,85,31,2,201333
0x4b8de2,97.2512%,29,1026,1055,855,8,21,171
0x4c4152,99.0445%,29,3006,3035,10,26,3,2996
0x4cb570,97.4933%,28,1089,1117,406,21,7,683
0x4761b1,79.8561%,28,111,139,110,2,26,1
0x4b9ca6,84.7826%,28,156,184,42,20,8,114
0x50fb1a,99.6718%,25,7593,7618,57,12,13,7536
0x4bedac,99.0723%,24,2563,2587,2495,12,12,68
0x4c50c6,99.6865%,24,7632,7656,3890,14,10,3742
0x50fdec,99.5872%,22,5307,5329,5307,5,17,0
0x4b9579,99.4792%,21,4011,4032,42,16,5,3969
0x4bbd47,98.9918%,21,2062,2083,121,10,11,1941
0x4c456f,99.9131%,20,22996,23016,78,18,2,22918
0x4c43f7,99.9386%,20,32551,32571,2,17,3,32549
0x4bbd7c,99.0879%,19,2064,2083,31,14,5,2033
0x4bbd18,99.1105%,19,2117,2136,43,10,9,2074
0x4b9e76,99.593%,18,4405,4423,175,8,10,4230
0x4cb3a1,99.8502%,18,12001,12019,3786,6,12,8215
0x4bc125,91.6667%,16,176,192,53,12,4,123
0x4c4e24,99.8579%,16,11241,11257,3731,10,6,7510
0x4cc5f3,99.9944%,16,285646,285662,281242,1,15,4404
0x4ca8cb,99.631%,14,3780,3794,3748,3,11,32
0x419006,96.9499%,14,445,459,145,8,6,300
0x4cc5de,99.9951%,14,285772,285786,113,11,3,285659
0x4cab35,99.6268%,14,3737,3751,120,12,2,3617
0x50fcd4,99.9398%,14,23223,23237,0,12,2,23223
0x4bb2db,99.4196%,13,2227,2240,102,3,10,2125
0x47aa0d,97.1678%,13,446,459,147,7,6,299
0x4bf7fd,61.7647%,13,21,34,0,8,5,21
0x4cbcbc,97.136%,12,407,419,358,3,9,49
0x4bb1b2,99.6132%,12,3090,3102,857,5,7,2233
0x4c77ef,70.7317%,12,29,41,14,7,5,15
0x4cfc07,90.9774%,12,121,133,113,6,6,8
0x50fac9,99.8427%,12,7618,7630,7618,0,12,0
0x50fe6a,99.3754%,11,1750,1761,0,3,8,1750
0x4c4d5b,99.9085%,11,12008,12019,11065,6,5,943
0x4c96ce,99.7182%,11,3893,3904,104,7,4,3789
0x4bc11c,99.4719%,11,2072,2083,1934,10,1,138
0x4c7b00,99.9023%,11,11246,11257,7443,10,1,3803
0x4df1f5,47.3684%,10,9,19,7,4,6,2
0x4c4163,99.6666%,10,2989,2999,2989,2,8,0
0x47700b,96.2121%,10,254,264,1,8,2,253
0x4cb63f,66.6667%,10,20,30,14,8,2,6
0x4bc161,84.6154%,10,55,65,52,5,5,3
0x4c02dd,99.5195%,10,2071,2081,5,10,0,2066
0x418a69,94.3182%,10,166,176,159,6,4,7
0x4c4d6e,98.9451%,10,938,948,369,7,3,569
0x606813,92.0635%,10,116,126,116,4,6,0
0x4df1dc,18.1818%,9,2,11,0,0,9,2
0x606824,92.8571%,9,117,126,4,6,3,113
0x4c4416,93.0769%,9,121,130,118,5,4,3
0x4ba518,99.64%,9,2491,2500,39,5,4,2452
0x4be5b4,99.9215%,9,11461,11470,395,7,2,11066
0x4c6bc5,99.8465%,9,5854,5863,0,8,1,5854
0x4c3c24,99.7035%,9,3026,3035,3006,1,8,20
0x50fcf7,55%,9,11,20,4,6,3,7
0x4b95ba,93.2836%,9,125,134,1,7,2,124
0x47af30,94.9686%,8,151,159,149,2,6,2
0x4c7a83,60%,8,12,20,6,4,4,6
0x4b959e,99.8239%,7,3967,3974,127,7,0,3840
0x417fc1,98.4979%,7,459,466,459,1,6,0
0x4b8e0d,96.3542%,7,185,192,185,7,0,0
0x6067e7,94.4882%,7,120,127,113,3,4,7
0x418bc7,63.1579%,7,12,19,9,4,3,3
0x6067ec,94.4444%,7,119,126,118,7,0,1
0x47aacd,98.4749%,7,452,459,152,7,0,300
0x477016,97.2549%,7,248,255,132,5,2,116
0x4c457c,99.9695%,7,22913,22920,0,0,7,22913
0x4b9f3d,99.6335%,7,1903,1910,1903,7,0,0
0x4c7b0b,99.816%,7,3797,3804,1,2,5,3796
0x4cab42,99.8066%,7,3612,3619,0,7,0,3612
0x479c1f,99.8792%,7,5787,5794,5785,2,5,2
0x4bc1ff,99.6399%,7,1937,1944,7,0,7,1930
0x47d3f9,99.8824%,7,5947,5954,5835,1,6,112
0x4b9e84,99.8585%,6,4234,4240,4234,6,0,0
0x417ffd,0%,6,0,6,0,0,6,0
0x4d579c,95.8904%,6,140,146,140,6,0,0
0x47ac7e,96.2264%,6,153,159,2,6,0,151
0x4b9a0a,96.7391%,6,178,184,178,6,0,0
0x475ed5,62.5%,6,10,16,10,6,0,0
0x476d8b,0%,6,0,6,0,6,0,0
0x4c4188,86.3636%,6,38,44,38,6,0,0
0x50fe11,99.1342%,6,687,693,687,2,4,0
0x60a1b6,64.7059%,6,11,17,2,2,4,9
0x4c57d6,99.9903%,6,61776,61782,8,6,0,61768
0x60683a,95.2381%,6,120,126,117,3,3,3
0x4cb3d4,99.9584%,5,12014,12019,0,0,5,12014
0x421026,98.6737%,5,372,377,371,0,5,1
0x47da24,16.6667%,5,1,6,0,0,5,1
0x4df6f7,54.5455%,5,6,11,5,5,0,1
0x4bae6a,99.8388%,5,3097,3102,3097,5,0,0
0x417e3a,98.927%,5,461,466,0,0,5,461
0x4c3e7f,82.1429%,5,23,28,0,0,5,23
0x4bc206,99.7419%,5,1932,1937,1932,5,0,0
0x4bc1e4,99.7428%,5,1939,1944,0,0,5,1939
0x4cc720,96.3235%,5,131,136,3,2,3,128
0x4cc712,96.3235%,5,131,136,0,0,5,131
0x4d61ab,73.6842%,5,14,19,0,5,0,14
0x476f4a,50%,5,5,10,2,3,2,3
0x47afce,96.6887%,5,146,151,2,4,1,144
0x4c6cb6,99.8719%,5,3899,3904,3897,1,4,2
0x4cc906,96.3235%,5,131,136,10,2,3,121
0x4bd988,99.837%,5,3063,3068,3063,5,0,0
0x47aa7a,98.9107%,5,454,459,8,3,2,446
0x479190,72.2222%,5,13,18,11,1,4,2
0x476d30,70.5882%,5,12,17,8,1,4,4
0x4e069b,54.5455%,5,6,11,0,0,5,6
0x4e28fc,54.5455%,5,6,11,6,5,0,0
0x47904d,72.2222%,5,13,18,0,0,5,13
0x477f3a,60%,4,6,10,6,2,2,0
0x4d58be,69.2308%,4,9,13,9,3,1,0
0x478ead,33.3333%,4,2,6,2,4,0,0
0x4b9da1,99.9096%,4,4419,4423,4419,4,0,0
0x4ca8d0,90.6977%,4,39,43,39,4,0,0
0x4c3e77,85.7143%,4,24,28,0,0,4,24
0x4d6300,0%,4,0,4,0,0,4,0
0x4d57d9,0%,4,0,4,0,0,4,0
0x476d41,55.5556%,4,5,9,1,2,2,4
0x4e2955,60%,4,6,10,6,3,1,0
0x476d0a,50%,4,4,8,0,0,4,4
0x477f29,71.4286%,4,10,14,7,3,1,3
0x4d5e00,20%,4,1,5,0,0,4,1
0x47db1e,33.3333%,4,2,6,0,0,4,2
0x476bbd,55.5556%,4,5,9,5,2,2,0
0x47dd53,33.3333%,4,2,6,0,0,4,2
0x476b09,33.3333%,4,2,6,2,4,0,0
0x4d5830,96.748%,4,119,123,1,4,0,118
0x4e2b97,63.6364%,4,7,11,7,4,0,0
0x477f01,71.4286%,4,10,14,0,0,4,10
0x4e2be1,63.6364%,4,7,11,7,4,0,0
0x4cb57a,99.4203%,4,686,690,686,1,3,0
0x4bae61,99.8711%,4,3098,3102,0,0,4,3098
0x4dfe67,60%,4,6,10,6,4,0,0
0x4cb1b5,99.8934%,4,3747,3751,0,0,4,3747
0x418936,99.1416%,4,462,466,462,2,2,0
0x4dff55,63.6364%,4,7,11,7,4,0,0
0x476526,0%,4,0,4,0,0,4,0
0x6068d8,99.4924%,4,784,788,112,4,0,672
0x4bf7ee,99.969%,4,12890,12894,12860,0,4,30
0x479c8c,99.9183%,4,4891,4895,4891,4,0,0
0x4bc1f0,99.7942%,4,1940,1944,0,0,4,1940
0x476e73,96.6102%,4,114,118,114,4,0,0
0x418c0d,20%,4,1,5,0,0,4,1
0x4cfc22,96.9925%,4,129,133,119,0,4,10
0x417e2b,99.1416%,4,462,466,0,0,4,462
0x417f93,99.1416%,4,462,466,455,0,4,7
0x47ae44,97.4843%,4,155,159,155,4,0,0
0x4e281a,63.6364%,4,7,11,7,4,0,0
0x5fa266,63.6364%,4,7,11,0,1,3,7
0x4764f3,0%,4,0,4,0,4,0,0
0x47cbb2,96.6102%,4,114,118,2,4,0,112
0x6067fc,96.8254%,4,122,126,121,2,2,1
0x4e00e9,63.6364%,4,7,11,7,4,0,0
0x4e2bed,63.6364%,4,7,11,7,4,0,0
0x4c6ab0,99.893%,4,3735,3739,3424,2,2,311
0x4e2c0b,63.6364%,4,7,11,0,0,4,7
0x50fdf1,76.4706%,4,13,17,0,0,4,13
0x4c3b8e,99.8682%,4,3031,3035,3031,4,0,0
0x4df205,63.6364%,4,7,11,2,2,2,5
0x418b12,99.3534%,3,461,464,3,1,2,458
0x417ff2,50%,3,3,6,0,0,3,3
0x4be704,99.9534%,3,6434,6437,178,2,1,6256
0x4b8eb9,99.9256%,3,4029,4032,4029,3,0,0
0x4e2448,72.7273%,3,8,11,6,2,1,2
0x476ea6,97.4576%,3,115,118,3,1,2,112
0x418a19,72.7273%,3,8,11,0,0,3,8
0x4ca621,99.9602%,3,7542,7545,7542,3,0,0
0x4df330,72.7273%,3,8,11,8,3,0,0
0x4d65ec,97.8102%,3,134,137,134,3,0,0
0x4df8d9,72.7273%,3,8,11,8,2,1,0
0x4e099d,72.7273%,3,8,11,0,0,3,8
0x4d5747,97.9452%,3,143,146,0,0,3,143
0x4cbd2c,88%,3,22,25,0,0,3,22
0x4e299b,72.7273%,3,8,11,8,3,0,0
0x408e9b,0%,3,0,3,0,3,0,0
0x4c3b51,99.9012%,3,3032,3035,3032,3,0,0
0x4189fd,99.3534%,3,461,464,0,0,3,461
0x4c5829,99.9951%,3,61779,61782,61768,0,3,11
0x4d57e3,25%,3,1,4,1,3,0,0
0x4b95c5,97.619%,3,123,126,123,3,0,0
0x608b68,78.5714%,3,11,14,0,0,3,11
0x4be9e1,99.9396%,3,4965,4968,199,2,1,4766
0x4bb2f8,99.6524%,3,860,863,860,3,0,0
0x4bbe73,93.3333%,3,42,45,42,3,0,0
0x47dd5d,50%,3,3,6,0,0,3,3
0x4c480f,97.8873%,3,139,142,139,3,0,0
0x4ba27f,99.9292%,3,4237,4240,4237,3,0,0
0x476d95,50%,3,3,6,0,0,3,3
0x4c6269,99.9232%,3,3901,3904,3901,3,0,0
0x476e01,70%,3,7,10,3,2,1,4
0x477db9,25%,3,1,4,0,0,3,1
0x4d5803,25%,3,1,4,1,3,0,0
0x4cdf27,98.9091%,3,272,275,272,3,0,0
0x4e0b11,72.7273%,3,8,11,0,0,3,8
0x4ba35a,99.9292%,3,4237,4240,0,0,3,4237
0x477f9e,62.5%,3,5,8,0,0,3,5
0x478e9c,50%,3,3,6,3,3,0,0
0x4e2b59,72.7273%,3,8,11,8,2,1,0
0x4ba395,99.9859%,3,21313,21316,21313,3,0,0
0x476b41,66.6667%,3,6,9,0,0,3,6
0x4d5cbd,84.2105%,3,16,19,16,3,0,0
0x4c500a,99.9602%,3,7536,7539,7536,3,0,0
0x47d3d4,99.9496%,3,5951,5954,5951,3,0,0
0x4bda9e,99.9021%,3,3062,3065,3062,3,0,0
0x476b5b,66.6667%,3,6,9,6,3,0,0
0x4d63d9,80%,3,12,15,0,1,2,12
0x5fa256,72.7273%,3,8,11,0,0,3,8
0x476ac7,66.6667%,3,6,9,0,3,0,6
0x4c9601,50%,3,3,6,3,3,0,0
0x4c43e3,99.9908%,3,32568,32571,0,0,3,32568
0x4d6491,84.2105%,3,16,19,16,3,0,0
0x4c6ac5,99.0415%,3,310,313,0,0,3,310
0x4c4073,99.9002%,3,3004,3007,0,0,3,3004
0x4bb6c9,97.1429%,3,102,105,102,3,0,0
0x47ce3c,97.4576%,3,115,118,0,0,3,115
0x4c4eaa,0%,3,0,3,0,3,0,0
0x418be7,50%,3,3,6,0,0,3,3
0x4d644e,40%,3,2,5,0,0,3,2
0x4d63ae,80%,3,12,15,0,0,3,12
0x477fa8,62.5%,3,5,8,1,2,1,4
0x4bda8d,99.9022%,3,3065,3068,0,3,0,3065
0x609731,57.1429%,3,4,7,0,0,3,4
0x4c6cc7,50%,3,3,6,1,3,0,2
0x4dec00,0%,3,0,3,0,2,1,0
0x4e2c23,72.7273%,3,8,11,8,3,0,0
0x4c3e43,89.2857%,3,25,28,25,3,0,0
0x4d0758,78.5714%,3,11,14,0,0,3,11
0x60a1b8,76.9231%,3,10,13,0,0,3,10
0x4d07d4,78.5714%,3,11,14,0,0,3,11
0x4d078c,78.5714%,3,11,14,11,3,0,0
0x4c5832,78.5714%,3,11,14,0,1,2,11
0x4ca304,99.9988%,3,252680,252683,252680,3,0,0
0x5fabf2,93.75%,3,45,48,45,2,1,0
0x4d7681,66.6667%,3,6,9,6,3,0,0
0x4bb2c6,99.8661%,3,2237,2240,2237,3,0,0
0x4cbd8c,88%,3,22,25,0,0,3,22
0x4cd289,99.999%,3,285783,285786,583,2,1,285200
0x4deb1d,0%,3,0,3,0,3,0,0
0x4cfc0f,78.5714%,3,11,14,0,0,3,11
0x4d5abb,84.2105%,3,16,19,16,3,0,0
0x4dfb07,70%,3,7,10,7,2,1,0
0x476da2,50%,3,3,6,3,1,2,0
0x4c44ee,99.92%,3,3749,3752,3749,3,0,0
0x4bb1e2,99.6629%,3,887,890,887,3,0,0
0x4d3222,0%,3,0,3,0,3,0,0
0x4bbd55,99.8463%,3,1949,1952,1949,3,0,0
0x4e06a4,72.7273%,3,8,11,8,3,0,0
0x4cfc77,78.5714%,3,11,14,11,3,0,0
0x4d3248,33.3333%,2,1,3,1,2,0,0
0x4dfaf4,80%,2,8,10,0,0,2,8
0x4caaed,99.9467%,2,3749,3751,3749,2,0,0
0x4d89f3,98.7421%,2,157,159,45,0,2,112
0x4c40b8,99.9335%,2,3005,3007,0,0,2,3005
0x4d374d,0%,2,0,2,0,0,2,0
0x4cd42c,95.7447%,2,45,47,0,0,2,45
0x4c63b6,99.9488%,2,3902,3904,0,0,2,3902
0x479072,88.8889%,2,16,18,0,0,2,16
0x50fb5d,97.1014%,2,67,69,67,2,0,0
0x4c5bfc,99.9971%,2,69415,69417,69415,2,0,0
0x4bc1cc,99.8971%,2,1942,1944,0,0,2,1942
0x4d314f,33.3333%,2,1,3,1,2,0,0
0x4bc28c,99.8971%,2,1942,1944,1942,2,0,0
0x4cac99,71.4286%,2,5,7,5,2,0,0
0x4cb526,99.5349%,2,428,430,428,2,0,0
0x4d8ffa,98.7421%,2,157,159,157,2,0,0
0x50fb51,97.1014%,2,67,69,0,0,2,67
0x4df21d,71.4286%,2,5,7,5,2,0,0
0x4df1fd,75%,2,6,8,6,2,0,0
0x4ca634,99.9735%,2,7543,7545,7543,2,0,0
0x4e0e07,80%,2,8,10,0,0,2,8
0x4c6bef,99.9614%,2,5182,5184,5068,0,2,114
0x4ca1dc,99.7409%,2,770,772,770,2,0,0
0x419044,98.6928%,2,151,153,151,2,0,0
0x4ba3d8,99.9906%,2,21314,21316,0,1,1,21314
0x4d7510,77.7778%,2,7,9,7,2,0,0
0x4c7aab,95.122%,2,39,41,39,2,0,0
0x418b53,99.5968%,2,494,496,451,2,0,43
0x4deb18,33.3333%,2,1,3,0,0,2,1
0x4d5a25,50%,2,2,4,2,2,0,0
0x4d575a,98.6301%,2,144,146,144,2,0,0
0x418a0e,99.569%,2,462,464,453,0,2,9
0x4c3ebe,99.9335%,2,3005,3007,3005,2,0,0
0x50fce2,90.9091%,2,20,22,0,2,0,20
0x4ba427,99.9528%,2,4237,4239,4237,2,0,0
0x4bb501,98.0952%,2,103,105,103,2,0,0
0x42102e,66.6667%,2,4,6,0,0,2,4
0x417e61,99.5708%,2,464,466,464,2,0,0
0x47cd5f,98.3051%,2,116,118,0,0,2,116
0x4d5ab3,98.5401%,2,135,137,118,0,2,17
0x5f0a87,0%,2,0,2,0,1,1,0
0x47d3ad,98.3051%,2,116,118,0,0,2,116
0x4bc233,75%,2,6,8,0,0,2,6
0x4df13c,33.3333%,2,1,3,1,2,0,0
0x4d381c,0%,2,0,2,0,2,0,0
0x4df31c,81.8182%,2,9,11,0,0,2,9
0x418bf5,66.6667%,2,4,6,4,2,0,0
0x475f65,99.9677%,2,6192,6194,6192,0,2,0
0x47649e,98.4%,2,123,125,123,2,0,0
0x479ad8,99.9655%,2,5792,5794,5792,0,2,0
0x4e05fb,81.8182%,2,9,11,9,2,0,0
0x4c40df,99.9341%,2,3033,3035,3033,2,0,0
0x4d600f,60%,2,3,5,3,2,0,0
0x5f2e20,0%,2,0,2,0,0,2,0
0x4ba016,99.9124%,2,2280,2282,2280,2,0,0
0x4d3768,0%,2,0,2,0,2,0,0
0x4e09d6,81.8182%,2,9,11,9,2,0,0
0x4b9585,96.5517%,2,56,58,0,0,2,56
0x4bb909,98.0769%,2,102,104,102,2,0,0
0x478c91,99.115%,2,224,226,112,2,0,112
0x4cc870,98.5294%,2,134,136,0,0,2,134
0x477f52,0%,2,0,2,0,1,1,0
0x47c85c,98.2906%,2,115,117,1,0,2,114
0x4c4d8c,99.6503%,2,570,572,570,2,0,0
0x4765e1,33.3333%,2,1,3,1,2,0,0
0x47abc7,98.7421%,2,157,159,157,2,0,0
0x417e51,99.5708%,2,464,466,0,0,2,464
0x4bf88f,92.3077%,2,24,26,0,0,2,24
0x606918,98.2759%,2,114,116,114,1,1,0
0x5f2f6b,0%,2,0,2,0,2,0,0
0x50fad3,83.3333%,2,10,12,10,2,0,0
0x4ba502,99.9447%,2,3614,3616,0,0,2,3614
0x609759,0%,2,0,2,0,2,0,0
0x4d7526,77.7778%,2,7,9,7,2,0,0
0x4698f6,33.3333%,2,1,3,0,0,2,1
0x476f1a,99.8628%,2,1456,1458,1344,0,2,112
0x4e2c34,33.3333%,2,1,3,0,0,2,1
0x477f0f,85.7143%,2,12,14,0,0,2,12
0x4d8ff1,98.7421%,2,157,159,0,0,2,157
0x4b8bd8,99.9591%,2,4893,4895,4893,2,0,0
0x478aa9,99.115%,2,224,226,224,2,0,0
0x4c39de,99.9998%,2,1140077,1140079,0,2,0,1140077
0x4c3d31,99.9335%,2,3005,3007,3005,2,0,0
0x4bbda1,99.9019%,2,2036,2038,2036,2,0,0
0x4e2b22,81.8182%,2,9,11,0,2,0,9
0x47ab38,98.7421%,2,157,159,157,2,0,0
0x4d3138,33.3333%,2,1,3,1,2,0,0
0x47a98e,99.5643%,2,457,459,457,2,0,0
0x4e2668,33.3333%,2,1,3,0,2,0,1
0x476206,99.9829%,2,11697,11699,5905,1,1,5792
0x4bd3fd,94.2857%,2,33,35,0,0,2,33
0x4c4858,99.9913%,2,23015,23017,23015,2,0,0
0x476c19,0%,2,0,2,0,2,0,0
0x4c7adc,99.9734%,2,7514,7516,7514,2,0,0
0x476b84,77.7778%,2,7,9,7,2,0,0
0x47a6c4,99.5643%,2,457,459,0,0,2,457
0x4c40c5,99.9341%,2,3033,3035,0,0,2,3033
0x479c3a,71.4286%,2,5,7,5,2,0,0
0x4c54f1,99.9465%,2,3737,3739,3737,2,0,0
0x5f2e1b,0%,2,0,2,0,0,2,0
0x4c3af8,99.9329%,2,2977,2979,0,0,2,2977
0x60a1c2,84.6154%,2,11,13,11,2,0,0
0x4bf835,92.3077%,2,24,26,24,2,0,0
0x476530,50%,2,2,4,2,1,1,0
0x4d050f,95.6522%,2,44,46,0,0,2,44
0x41897e,81.8182%,2,9,11,9,2,0,0
0x4c3ad5,99.9329%,2,2977,2979,2977,2,0,0
0x47805d,33.3333%,2,1,3,0,0,2,1
0x47db28,66.6667%,2,4,6,4,2,0,0
0x4765d3,33.3333%,2,1,3,0,0,2,1
0x477fb6,33.3333%,2,1,3,1,2,0,0
0x47916d,88.8889%,2,16,18,16,2,0,0
0x4df16e,33.3333%,2,1,3,0,0,2,1
0x4bb8fa,98.0769%,2,102,104,0,0,2,102
0x4d587d,50%,2,2,4,2,2,0,0
0x5eefe5,95.6522%,2,44,46,0,1,1,44
0x47831f,0%,2,0,2,0,0,2,0
0x4d5df4,60%,2,3,5,0,0,2,3
0x4780cf,0%,2,0,2,0,2,0,0
0x418b1b,99.5652%,2,458,460,6,1,1,452
0x47af5c,75%,2,6,8,6,2,0,0
0x4bc7dc,99.9227%,2,2585,2587,2585,2,0,0
0x479089,88.8889%,2,16,18,16,2,0,0
0x477f31,50%,2,2,4,2,2,0,0
0x418c07,84.6154%,2,11,13,11,1,1,0
0x4d59e2,50%,2,2,4,2,2,0,0
0x4d62f0,89.4737%,2,17,19,15,0,2,2
0x478ae8,99.115%,2,224,226,224,2,0,0
0x4d8f71,95.5556%,2,43,45,43,2,0,0
0x4d63ee,85.7143%,2,12,14,12,2,0,0
0x4c63e6,99.9991%,2,226131,226133,226131,2,0,0
0x60686a,98.2759%,2,114,116,114,2,0,0
0x4782c6,0%,2,0,2,0,0,2,0
0x4bc2cc,99.8967%,2,1935,1937,1935,2,0,0
0x4782b1,0%,2,0,2,0,2,0,0
0x4bb83a,98.0952%,2,103,105,103,1,1,0
0x4bbab8,99.9064%,2,2134,2136,2134,2,0,0
0x478f00,66.6667%,2,4,6,4,2,0,0
0x5f2d68,0%,2,0,2,0,0,2,0
0x478067,33.3333%,2,1,3,0,1,1,1
0x4d0569,0%,2,0,2,0,0,2,0
0x4c5861,84.6154%,2,11,13,11,2,0,0
0x478215,0%,2,0,2,0,2,0,0
0x5f052a,0%,2,0,2,0,1,1,0
0x478145,0%,2,0,2,0,0,2,0
0x5f2da0,0%,2,0,2,0,2,0,0
0x4cfc97,85.7143%,2,12,14,12,2,0,0
0x418c7c,60%,2,3,5,3,1,1,0
0x4baf23,99.9355%,2,3100,3102,3100,2,0,0
0x4bace2,99.9355%,2,3100,3102,0,0,2,3100
0x4cb46c,0%,2,0,2,0,1,1,0
0x4c4d83,99.6503%,2,570,572,0,0,2,570
0x5f2dfd,0%,2,0,2,0,0,2,0
0x47da5e,66.6667%,2,4,6,4,2,0,0
0x4d64a8,89.4737%,2,17,19,16,1,1,1
0x476cae,75%,2,6,8,0,0,2,6
0x4cb989,96%,1,24,25,24,1,0,0
0x4ba002,97.9167%,1,47,48,0,0,1,47
0x4bbd96,99.9509%,1,2037,2038,0,0,1,2037
0x4cb10b,99.9733%,1,3750,3751,3750,1,0,0
0x47ac82,99.3377%,1,150,151,0,0,1,150
0x5f06b9,0%,1,0,1,0,0,1,0
0x4be5c0,99.991%,1,11067,11068,11067,1,0,0
0x47ce2b,99.1525%,1,117,118,114,1,0,3
0x417f1b,99.7854%,1,465,466,465,1,0,0
0x4ba96b,99.9752%,1,4030,4031,0,0,1,4030
0x479e45,99.9796%,1,4894,4895,4894,0,1,0
0x4e0fbf,0%,1,0,1,0,1,0,0
0x47702b,99.6078%,1,254,255,254,0,1,0
0x47829b,50%,1,1,2,0,0,1,1
0x4cab8e,99.2424%,1,131,132,131,1,0,0
0x4c4ce1,99.8693%,1,764,765,762,0,1,2
0x47711c,0%,1,0,1,0,1,0,0
0x5f0837,0%,1,0,1,0,1,0,0
0x5f261b,97.7273%,1,43,44,0,0,1,43
0x47668f,99.9827%,1,5791,5792,5791,0,1,0
0x45ee0c,66.6667%,1,2,3,2,1,0,0
0x60a17c,83.3333%,1,5,6,1,0,1,4
0x4e2950,90.9091%,1,10,11,0,1,0,10
0x4cc858,99.2366%,1,130,131,0,0,1,130
0x4cb97a,96%,1,24,25,0,0,1,24
0x4e28ae,90.9091%,1,10,11,0,0,1,10
0x4e2894,90.9091%,1,10,11,0,0,1,10
0x5facab,0%,1,0,1,0,1,0,0
0x4cb64b,87.5%,1,7,8,7,1,0,0
0x4d8a5f,0%,1,0,1,0,0,1,0
0x4e2869,90.9091%,1,10,11,10,1,0,0
0x4ca086,99.9998%,1,533234,533235,0,0,1,533234
0x476866,50%,1,1,2,0,0,1,1
0x477fad,80%,1,4,5,2,0,1,2
0x4bc5eb,99.9825%,1,5698,5699,0,0,1,5698
0x417f3a,99.7854%,1,465,466,0,0,1,465
0x4d642e,92.8571%,1,13,14,0,0,1,13
0x4b9cb7,99.1803%,1,121,122,121,1,0,0
0x418edf,0%,1,0,1,0,1,0,0
0x428625,0%,1,0,1,0,0,1,0
0x4baf12,99.9678%,1,3101,3102,0,0,1,3101
0x50fc03,99.9861%,1,7177,7178,0,0,1,7177
0x4c3c44,96.4286%,1,27,28,27,1,0,0
0x4e0aac,0%,1,0,1,0,1,0,0
0x5f2dbc,50%,1,1,2,1,1,0,0
0x479e14,99.9796%,1,4894,4895,0,0,1,4894
0x4766a1,99.9827%,1,5791,5792,0,0,1,5791
0x4bb81a,99.0476%,1,104,105,0,0,1,104
0x418972,99.7845%,1,463,464,453,0,1,10
0x47643c,99.2%,1,124,125,124,1,0,0
0x4cbe7f,99.6785%,1,310,311,0,1,0,310
0x4bbd89,99.9509%,1,2037,2038,0,0,1,2037
0x47a1f0,99.9827%,1,5792,5793,5792,1,0,0
0x4e0a92,90.9091%,1,10,11,10,0,1,0
0x47b39e,99.9827%,1,5791,5792,0,0,1,5791
0x4cf582,0%,1,0,1,0,1,0,0
0x41b69e,0%,1,0,1,0,1,0,0
0x4cb5ee,95.4545%,1,21,22,0,0,1,21
0x479c60,99.9827%,1,5793,5794,0,0,1,5793
0x4b95d1,98.2759%,1,57,58,57,1,0,0
0x50fa94,99.9869%,1,7629,7630,0,0,1,7629
0x4b99ba,98.2759%,1,57,58,57,1,0,0
0x4cc832,99.2366%,1,130,131,130,1,0,0
0x4bb042,0%,1,0,1,0,1,0,0
0x4783b8,50%,1,1,2,1,1,0,0
0x401d28,0%,1,0,1,0,0,1,0
0x4cb476,0%,1,0,1,0,1,0,0
0x47628b,99.2%,1,124,125,124,1,0,0
0x5eefc3,97.8261%,1,45,46,0,0,1,45
0x5ef114,0%,1,0,1,0,0,1,0
0x4783e9,50%,1,1,2,1,1,0,0
0x4be9a0,99.9814%,1,5369,5370,0,0,1,5369
0x476de7,83.3333%,1,5,6,0,1,0,5
0x4df132,66.6667%,1,2,3,0,0,1,2
0x47cabd,99.1453%,1,116,117,0,0,1,116
0x4bac56,0%,1,0,1,0,1,0,0
0x50fb33,99.9861%,1,7177,7178,7177,1,0,0
0x4b8b7b,99.9796%,1,4894,4895,0,0,1,4894
0x5fac9a,97.8723%,1,46,47,45,0,1,1
0x5f1ed1,0%,1,0,1,0,0,1,0
0x4b9595,99.9748%,1,3973,3974,0,0,1,3973
0x4dfa9c,90%,1,9,10,9,1,0,0
0x4b90f8,99.9876%,1,8063,8064,4032,0,1,4031
0x4e14a5,0%,1,0,1,0,0,1,0
0x478250,50%,1,1,2,0,0,1,1
0x428645,0%,1,0,1,0,1,0,0
0x4cb584,91.6667%,1,11,12,11,1,0,0
0x479acf,99.9827%,1,5793,5794,0,0,1,5793
0x5f1d77,50%,1,1,2,0,0,1,1
0x428640,0%,1,0,1,0,0,1,0
0x4cb6e7,99.9911%,1,11217,11218,11217,1,0,0
0x46d36d,0%,1,0,1,0,0,1,0
0x477166,0%,1,0,1,0,1,0,0
0x4d7566,88.8889%,1,8,9,2,0,1,6
0x4d74e3,88.8889%,1,8,9,0,0,1,8
0x4c57e4,99.9984%,1,61767,61768,0,0,1,61767
0x4d0831,50%,1,1,2,0,0,1,1
0x4770a0,0%,1,0,1,0,1,0,0
0x5f2d72,50%,1,1,2,0,0,1,1
0x5f0533,0%,1,0,1,0,0,1,0
0x4bb84a,0%,1,0,1,0,0,1,0
0x476874,50%,1,1,2,1,1,0,0
0x47d16e,99.1525%,1,117,118,115,0,1,2
0x4c3a08,99.9999%,1,1140078,1140079,0,0,1,1140078
0x46d1c3,0%,1,0,1,0,0,1,0
0x4189da,50%,1,1,2,1,1,0,0
0x4e2b65,0%,1,0,1,0,0,1,0
0x5f1e02,0%,1,0,1,0,1,0,0
0x4dfb1f,0%,1,0,1,0,0,1,0
0x4c7a75,97.561%,1,40,41,20,1,0,20
0x476516,75%,1,3,4,0,0,1,3
0x4570d0,0%,1,0,1,0,0,1,0
0x476922,50%,1,1,2,1,1,0,0
0x41c685,0%,1,0,1,0,1,0,0
0x4d04d9,97.8261%,1,45,46,1,1,0,44
0x4b9d3a,99.4565%,1,183,184,183,1,0,0
0x419636,0%,1,0,1,0,1,0,0
0x418b8d,99.7792%,1,452,453,452,1,0,0
0x4c57ef,99.9984%,1,61767,61768,0,0,1,61767
0x477154,0%,1,0,1,0,1,0,0
0x4b8ea0,99.9752%,1,4031,4032,0,0,1,4031
0x6068a7,99.1379%,1,115,116,0,0,1,115
0x4c9fda,99.923%,1,1297,1298,1297,1,0,0
0x4cb2dc,99.9736%,1,3793,3794,3793,1,0,0
0x4d068b,0%,1,0,1,0,0,1,0
0x401b09,0%,1,0,1,0,1,0,0
0x4c3e1f,96.4286%,1,27,28,27,1,0,0
0x4769bb,50%,1,1,2,1,1,0,0
0x476824,50%,1,1,2,1,1,0,0
0x4d0813,50%,1,1,2,1,1,0,0
0x4c9f19,99.9555%,1,2244,2245,2244,1,0,0
0x5efae3,0%,1,0,1,0,1,0,0
0x41b64f,0%,1,0,1,0,0,1,0
0x4e1024,90%,1,9,10,0,0,1,9
0x4c9683,99.9744%,1,3903,3904,3903,1,0,0
0x5ef0ce,0%,1,0,1,0,0,1,0
0x4babeb,99.9052%,1,1054,1055,1054,0,1,0
0x4d8b80,0%,1,0,1,0,1,0,0
0x4ca52d,99.9996%,1,280894,280895,280894,0,1,0
0x4dfbc4,90%,1,9,10,9,1,0,0
0x5f1d55,50%,1,1,2,0,0,1,1
0x4df8a1,90%,1,9,10,0,0,1,9
0x4c5c5b,99.9984%,1,61768,61769,61728,0,1,40
0x4bf878,96.1538%,1,25,26,0,0,1,25
0x5f1d93,50%,1,1,2,0,1,0,1
0x5f2089,0%,1,0,1,0,0,1,0
0x47cd70,99.1525%,1,117,118,117,1,0,0
0x5f2082,0%,1,0,1,0,0,1,0
0x4c6ca5,99.9744%,1,3903,3904,0,0,1,3903
0x5ef0f7,0%,1,0,1,0,1,0,0
0x421005,99.7347%,1,376,377,0,0,1,376
0x4c9e66,99.9359%,1,1559,1560,0,1,0,1559
0x4cf6de,97.7778%,1,44,45,44,1,0,0
0x4d04c4,97.8261%,1,45,46,45,1,0,0
0x4cf579,97.8261%,1,45,46,44,1,0,1
0x41893c,50%,1,1,2,1,1,0,0
0x5f06d7,0%,1,0,1,0,0,1,0
0x4770c9,0%,1,0,1,0,1,0,0
0x4c484f,99.9957%,1,23016,23017,0,0,1,23016
0x4c2342,0%,1,0,1,0,0,1,0
0x45ee59,66.6667%,1,2,3,2,1,0,0
0x5f2d2e,50%,1,1,2,0,0,1,1
0x476c68,50%,1,1,2,0,0,1,1
0x50fb99,99.7305%,1,370,371,370,1,0,0
0x5ef099,97.7778%,1,44,45,0,0,1,44
0x609828,0%,1,0,1,0,0,1,0
0x60a172,50%,1,1,2,0,1,0,1
0x41b691,0%,1,0,1,0,1,0,0
0x408edf,66.6667%,1,2,3,2,1,0,0
0x4cab55,99.9723%,1,3611,3612,0,0,1,3611
0x5fabec,97.9167%,1,47,48,0,0,1,47
0x4c6200,99.9867%,1,7538,7539,7538,1,0,0
0x4e2c9d,66.6667%,1,2,3,2,1,0,0
0x4e2c3a,66.6667%,1,2,3,2,1,0,0
0x401895,99.9827%,1,5791,5792,0,0,1,5791
0x4cfb06,97.8261%,1,45,46,45,1,0,0
0x4d0686,99.1597%,1,118,119,118,0,1,0
0x479b08,99.9827%,1,5793,5794,5793,1,0,0
0x50f593,99.9755%,1,4077,4078,4033,1,0,44
0x4d0547,50%,1,1,2,0,0,1,1
0x5f0495,97.7778%,1,44,45,0,1,0,44
0x478268,50%,1,1,2,0,0,1,1
0x4dec09,0%,1,0,1,0,1,0,0
0x4cfa83,0%,1,0,1,0,1,0,0
0x5f1df2,0%,1,0,1,0,0,1,0
0x4c6404,99.9996%,1,226132,226133,226132,1,0,0
0x4d0570,50%,1,1,2,1,1,0,0
0x4d5716,0%,1,0,1,0,0,1,0
0x4d765e,88.8889%,1,8,9,8,1,0,0
0x4cfbf9,99.2481%,1,132,133,132,1,0,0
0x4c79bd,97.561%,1,40,41,40,1,0,0
0x4c7d71,0%,1,0,1,0,0,1,0
0x419607,0%,1,0,1,0,0,1,0
0x47c860,99.1379%,1,115,116,115,1,0,0
0x4c6e4e,99.9741%,1,3862,3863,3862,1,0,0
0x477060,99.7831%,1,460,461,460,1,0,0
0x4b99fe,99.4565%,1,183,184,0,0,1,183
0x4ca09e,99.9996%,1,252340,252341,252340,1,0,0
0x47aa19,99.6721%,1,304,305,304,1,0,0
0x5f04b5,97.7273%,1,43,44,0,1,0,43
0x4d8b96,0%,1,0,1,0,1,0,0
0x47a1fb,99.9827%,1,5792,5793,0,0,1,5792
0x41b1e9,0%,1,0,1,0,0,1,0
0x477117,0%,1,0,1,0,0,1,0
0x4bb361,99.0476%,1,104,105,104,1,0,0
0x4e06ea,90%,1,9,10,9,1,0,0
0x4d8a24,97.7778%,1,44,45,44,0,1,0
0x5f2e12,50%,1,1,2,0,0,1,1
0x4e298b,90.9091%,1,10,11,0,0,1,10
0x46c530,99.115%,1,112,113,0,0,1,112
0x4bb962,99.0385%,1,103,104,103,1,0,0
0x419621,0%,1,0,1,0,1,0,0
0x4ca12c,99.7067%,1,340,341,0,0,1,340
0x418c9a,0%,1,0,1,0,0,1,0
0x4c3aa4,96.4286%,1,27,28,27,1,0,0
0x4c23a2,0%,1,0,1,0,1,0,0
0x41b1d4,0%,1,0,1,0,0,1,0
0x46995c,66.6667%,1,2,3,0,0,1,2
0x469948,66.6667%,1,2,3,0,0,1,2
0x47d440,99.1525%,1,117,118,117,1,0,0
0x4d6d4b,0%,1,0,1,0,0,1,0
0x469932,66.6667%,1,2,3,2,1,0,0
0x4bac3a,0%,1,0,1,0,0,1,0
0x4d8a4c,0%,1,0,1,0,0,1,0
0x4df717,0%,1,0,1,0,0,1,0
0x4d63e5,92.8571%,1,13,14,0,0,1,13
0x47802f,66.6667%,1,2,3,2,1,0,0
0x479e6d,0%,1,0,1,0,1,0,0
0x479e90,0%,1,0,1,0,1,0,0
0x41934b,99.6732%,1,305,306,305,1,0,0
0x419425,99.7821%,1,458,459,458,1,0,0
0x4d5777,99.3151%,1,145,146,145,0,1,0
0x476488,99.2%,1,124,125,0,0,1,124
0x463b17,0%,1,0,1,0,1,0,0
0x4deaee,66.6667%,1,2,3,0,0,1,2
0x4df214,85.7143%,1,6,7,0,0,1,6
0x50fe20,97.9167%,1,47,48,47,1,0,0
0x4d5866,75%,1,3,4,0,0,1,3
0x47af53,87.5%,1,7,8,0,0,1,7
0x4d7947,99.3671%,1,157,158,114,0,1,43
0x47af39,87.5%,1,7,8,0,0,1,7
0x418f35,0%,1,0,1,0,1,0,0
0x4d78c1,99.3671%,1,157,158,157,1,0,0
0x418eae,0%,1,0,1,0,1,0,0
0x46c4aa,0%,1,0,1,0,1,0,0
0x4196ce,0%,1,0,1,0,1,0,0
0x4cfc30,92.8571%,1,13,14,13,1,0,0
0x4c230d,0%,1,0,1,0,1,0,0
0x476182,99.9916%,1,11837,11838,0,0,1,11837
0x4d052f,97.8261%,1,45,46,44,0,1,1
0x478b29,0%,1,0,1,0,1,0,0
0x42862f,0%,1,0,1,0,1,0,0
0x4c2360,0%,1,0,1,0,0,1,0
0x476059,99.569%,1,231,232,231,1,0,0
0x419616,0%,1,0,1,0,0,1,0
0x50fd0e,98.8372%,1,85,86,85,1,0,0
0x4195f8,50%,1,1,2,0,1,0,1
0x417fd1,83.3333%,1,5,6,0,0,1,5
0x477f1f,92.8571%,1,13,14,0,0,1,13
0x476727,50%,1,1,2,1,1,0,0
0x418cf6,0%,1,0,1,0,1,0,0
0x47cd4e,99.1525%,1,117,118,117,1,0,0
0x401d2c,0%,1,0,1,0,1,0,0
0x4d3754,50%,1,1,2,1,1,0,0
0x4cc6a1,83.3333%,1,5,6,0,0,1,5
0x4cb612,95.4545%,1,21,22,0,0,1,21
0x479eac,0%,1,0,1,0,1,0,0
0x5f06dc,0%,1,0,1,0,1,0,0
0x477f48,50%,1,1,2,0,0,1,1
0x4d314a,66.6667%,1,2,3,0,0,1,2
0x4dfb3e,0%,1,0,1,0,1,0,0
0x476b9e,88.8889%,1,8,9,0,0,1,8
0x417fd9,83.3333%,1,5,6,0,0,1,5
0x47c8cc,0%,1,0,1,0,1,0,0
0x4d5f1f,99.1525%,1,117,118,0,0,1,117
0x418f70,0%,1,0,1,0,1,0,0
0x46d182,0%,1,0,1,0,1,0,0
0x4cc4cc,99.7416%,1,386,387,386,1,0,0
0x476ae2,83.3333%,1,5,6,5,1,0,0
0x4639b7,0%,1,0,1,0,1,0,0
0x47cbd7,83.3333%,1,5,6,0,0,1,5
0x46d140,0%,1,0,1,0,0,1,0
0x47ddac,83.3333%,1,5,6,5,1,0,0
0x5eefb9,97.8261%,1,45,46,0,0,1,45
0x4decba,0%,1,0,1,0,1,0,0
0x47d9ef,83.3333%,1,5,6,5,1,0,0
0x46d238,0%,1,0,1,0,1,0,0
0x47972b,83.3333%,1,5,6,5,1,0,0
0x4781d5,50%,1,1,2,1,1,0,0
0x4d64d3,94.7368%,1,18,19,18,1,0,0
0x4deaa6,66.6667%,1,2,3,0,0,1,2
0x4d63b7,93.3333%,1,14,15,0,1,0,14
0x47a9a0,99.7821%,1,458,459,458,1,0,0
0x4dfad8,90%,1,9,10,9,1,0,0
0x4d5a6f,99.2701%,1,136,137,136,1,0,0
0x4d619e,94.7368%,1,18,19,0,0,1,18
0x477d7d,75%,1,3,4,3,1,0,0
0x609720,85.7143%,1,6,7,0,0,1,6
0x4cbd28,96%,1,24,25,0,0,1,24
0x4cb4ce,99.6785%,1,310,311,0,0,1,310
0x408e2c,66.6667%,1,2,3,2,1,0,0
0x5f06c6,0%,1,0,1,0,0,1,0
0x47a3da,0%,1,0,1,0,0,1,0
0x46d1a0,0%,1,0,1,0,1,0,0
0x4d3180,66.6667%,1,2,3,0,0,1,2
0x4790fd,94.4444%,1,17,18,17,1,0,0
0x47dd71,83.3333%,1,5,6,5,1,0,0
0x47a3e4,0%,1,0,1,0,0,1,0
0x47da2b,83.3333%,1,5,6,5,1,0,0
0x4ba3f2,99.9953%,1,21314,21315,0,0,1,21314
0x47650c,75%,1,3,4,0,0,1,3
0x476601,66.6667%,1,2,3,2,0,1,0
0x418de6,75%,1,3,4,0,0,1,3
0x46d860,0%,1,0,1,0,0,1,0
0x46c2b9,0%,1,0,1,0,1,0,0
0x476bd6,50%,1,1,2,0,0,1,1
0x4d5f70,94.7368%,1,18,19,18,1,0,0
0x4c9ed8,99.9322%,1,1474,1475,0,1,0,1474
0x50b030,99.9988%,1,80838,80839,0,1,0,80838
0x4c3e99,99.9671%,1,3034,3035,27,1,0,3007
0x4570c6,0%,1,0,1,0,1,0,0
0x4c4439,85.7143%,1,6,7,5,1,0,1
0x5f1eda,0%,1,0,1,0,0,1,0
0x46c384,0%,1,0,1,0,0,1,0
0x47819d,50%,1,1,2,1,1,0,0
0x4d5fb3,80%,1,4,5,4,1,0,0
0x4c4522,99.9733%,1,3751,3752,3751,1,0,0
0x4c4e8e,66.6667%,1,2,3,2,1,0,0
0x47820b,50%,1,1,2,0,0,1,1
0x46d169,0%,1,0,1,0,1,0,0
0x4c40d3,99.9671%,1,3034,3035,0,0,1,3034
0x4ca5f9,99.9867%,1,7544,7545,7544,1,0,0
0x4e05dd,90.9091%,1,10,11,0,0,1,10
0x4ca5cd,99.9867%,1,7544,7545,7544,1,0,0
0x4bd486,99.967%,1,3032,3033,3032,1,0,0
0x479b22,99.9827%,1,5793,5794,0,0,1,5793
0x4cb4d7,99.6785%,1,310,311,310,1,0,0
0x4d583e,99.1525%,1,117,118,0,0,1,117
0x4ca756,99.9867%,1,7544,7545,7544,1,0,0
0x4decae,0%,1,0,1,0,0,1,0
0x4d6e1b,0%,1,0,1,0,1,0,0
0x477089,99.7831%,1,460,461,460,0,1,0
0x476a73,50%,1,1,2,1,1,0,0
0x4d7553,88.8889%,1,8,9,0,0,1,8
0x60a1d1,94.1176%,1,16,17,0,0,1,16
0x41b30c,0%,1,0,1,0,1,0,0
0x4d62e1,94.7368%,1,18,19,0,0,1,18
0x46d868,0%,1,0,1,0,0,1,0
0x4ca559,0%,1,0,1,0,1,0,0
0x46d66d,0%,1,0,1,0,0,1,0
0x46d95c,0%,1,0,1,0,1,0,0
0x478b4e,50%,1,1,2,0,0,1,1
0x47d426,99.1525%,1,117,118,117,1,0,0
0x4b96d6,0%,1,0,1,0,0,1,0
0x4df12a,66.6667%,1,2,3,0,0,1,2
0x4bc21a,85.7143%,1,6,7,6,1,0,0
0x4d0b3d,50%,1,1,2,0,0,1,1
0x46d9b4,0%,1,0,1,0,0,1,0
0x4e09a3,90.9091%,1,10,11,0,0,1,10
0x4c584e,92.3077%,1,12,13,0,1,0,12
0x4b96a4,0%,1,0,1,0,1,0,0
0x4dec97,66.6667%,1,2,3,2,0,1,0
0x4bc2b7,99.9486%,1,1943,1944,1943,1,0,0
0x4ba461,99.2063%,1,125,126,125,1,0,0
0x4770b5,0%,1,0,1,0,1,0,0
0x4d5e08,80%,1,4,5,1,1,0,3
0x4c8cdd,83.3333%,1,5,6,5,1,0,0
0x5ef1e3,0%,1,0,1,0,0,1,0
0x5f2e06,100%,0,2,2,0,0,0,2
0x4c5937,100%,0,41,41,0,0,0,41
0x4df9ba,100%,0,10,10,10,0,0,0
0x4c3d1f,100%,0,3007,3007,0,0,0,3007
0x4d2e24,100%,0,44,44,44,0,0,0
0x4e0e12,100%,0,10,10,10,0,0,0
0x4e1571,100%,0,10,10,0,0,0,10
0x4c9e74,100%,0,1559,1559,1559,0,0,0
0x4c77d1,100%,0,41,41,41,0,0,0
0x4d6d54,100%,0,1,1,1,0,0,0
0x5ef229,100%,0,1,1,1,0,0,0
0x4d64be,100%,0,2,2,2,0,0,0
0x4c4ee3,100%,0,6,6,3,0,0,3
0x50fb0d,100%,0,7618,7618,0,0,0,7618
0x47a230,100%,0,1,1,1,0,0,0
0x4c4eee,100%,0,3,3,3,0,0,0
0x479fb5,100%,0,1,1,1,0,0,0
0x50fcb2,100%,0,371,371,0,0,0,371
0x5fa270,100%,0,10,10,10,0,0,0
0x4c4e9e,100%,0,3,3,3,0,0,0
0x4c4e5e,100%,0,3,3,0,0,0,3
0x47dd2d,100%,0,6,6,0,0,0,6
0x4bd46b,100%,0,3033,3033,0,0,0,3033
0x5f0a7e,100%,0,3,3,1,0,0,2
0x4c54c1,100%,0,226133,226133,0,0,0,226133
0x5f2603,100%,0,44,44,0,0,0,44
0x46d198,100%,0,1,1,0,0,0,1
0x5ef122,100%,0,1,1,0,0,0,1
0x5f2c33,100%,0,44,44,0,0,0,44
0x4bee8b,100%,0,201334,201334,0,0,0,201334
0x5f1da1,100%,0,1,1,0,0,0,1
0x4cc552,100%,0,387,387,112,0,0,275
0x421013,100%,0,377,377,0,0,0,377
0x401b40,100%,0,1,1,1,0,0,0
0x50f503,100%,0,2,2,2,0,0,0
0x50fb8e,100%,0,371,371,0,0,0,371
0x5f056d,100%,0,45,45,0,0,0,45
0x5f04c7,100%,0,43,43,43,0,0,0
0x5f2dee,100%,0,2,2,2,0,0,0
0x4c234d,100%,0,1,1,0,0,0,1
0x5f2d93,100%,0,2,2,0,0,0,2
0x609a2a,100%,0,4,4,4,0,0,0
0x5f2d40,100%,0,2,2,0,0,0,2
0x5f2d37,100%,0,2,2,2,0,0,0
0x476969,100%,0,2,2,0,0,0,2
0x4deca3,100%,0,1,1,0,0,0,1
0x5fa23f,100%,0,11,11,0,0,0,11
0x41afd0,100%,0,1,1,1,0,0,0
0x47697e,100%,0,2,2,0,0,0,2
0x50fc40,100%,0,69,69,0,0,0,69
0x4c7d5b,100%,0,1,1,0,0,0,1
0x4c7d82,100%,0,342,342,1,0,0,341
0x4c4fee,100%,0,762,762,762,0,0,0
0x46c7d2,100%,0,112,112,112,0,0,0
0x50fc92,100%,0,371,371,0,0,0,371
0x4c2371,100%,0,1,1,0,0,0,1
0x4d8a2b,100%,0,1,1,1,0,0,0
0x5eefcd,100%,0,46,46,0,0,0,46
0x5f0cf6,100%,0,1,1,1,0,0,0
0x4b9426,100%,0,4032,4032,4032,0,0,0
0x4be498,100%,0,44,44,44,0,0,0
0x4ca93b,100%,0,3751,3751,3751,0,0,0
0x4c1d43,100%,0,2066,2066,0,0,0,2066
0x50fe07,100%,0,693,693,0,0,0,693
0x417f89,100%,0,466,466,0,0,0,466
0x4c228f,100%,0,1,1,1,0,0,0
0x5f25ec,100%,0,44,44,0,0,0,44
0x5f0c64,100%,0,1,1,1,0,0,0
0x50f4f9,100%,0,2,2,0,0,0,2
0x4b96e4,100%,0,1,1,1,0,0,0
0x4769d7,100%,0,2,2,0,0,0,2
0x4baafa,100%,0,1055,1055,0,0,0,1055
0x478327,100%,0,2,2,0,0,0,2
0x5f1dd2,100%,0,1,1,0,0,0,1
0x463ae0,100%,0,1,1,0,0,0,1
0x4b958e,100%,0,58,58,58,0,0,0
0x479ea1,100%,0,1,1,1,0,0,0
0x4570e0,100%,0,1,1,1,0,0,0
0x4babab,100%,0,1055,1055,1055,0,0,0
0x4bbd2a,100%,0,2083,2083,0,0,0,2083
0x5ef191,100%,0,1,1,1,0,0,0
0x5ef008,100%,0,45,45,0,0,0,45
0x46ca14,100%,0,112,112,112,0,0,0
0x4761b6,100%,0,27,27,27,0,0,0
0x4bab7f,100%,0,1055,1055,1055,0,0,0
0x478be6,100%,0,224,224,0,0,0,224
0x4c4b20,100%,0,217870,217870,0,0,0,217870
0x4c4b09,100%,0,217870,217870,0,0,0,217870
0x4c4b25,100%,0,217870,217870,0,0,0,217870
0x478b61,100%,0,2,2,1,0,0,1
0x4baadb,100%,0,1055,1055,0,0,0,1055
0x47b415,100%,0,5792,5792,0,0,0,5792
0x46d65b,100%,0,1,1,0,0,0,1
0x4d5c8e,100%,0,19,19,19,0,0,0
0x4d6e0d,100%,0,1,1,1,0,0,0
0x4c6ba5,100%,0,217870,217870,0,0,0,217870
0x4766f0,100%,0,2,2,2,0,0,0
0x476752,100%,0,2,2,2,0,0,0
0x47cab5,100%,0,117,117,0,0,0,117
0x4cf8e4,100%,0,45,45,0,0,0,45
0x4c238b,100%,0,1,1,0,0,0,1
0x4c4e94,100%,0,3,3,3,0,0,0
0x4cd405,100%,0,47,47,0,0,0,47
0x4bea33,100%,0,44,44,44,0,0,0
0x4bbdc7,100%,0,2038,2038,2038,0,0,0
0x4bea6b,100%,0,44,44,44,0,0,0
0x4cbd20,100%,0,25,25,0,0,0,25
0x5ef0eb,100%,0,1,1,0,0,0,1
0x478b6c,100%,0,1,1,1,0,0,0
0x46d0cc,100%,0,112,112,0,0,0,112
0x4beb2c,100%,0,44,44,0,0,0,44
0x4beb9d,100%,0,44,44,0,0,0,44
0x5f1f24,100%,0,1,1,1,0,0,0
0x479bf2,100%,0,5794,5794,0,0,0,5794
0x47620f,100%,0,5793,5793,5793,0,0,0
0x4d8e8a,100%,0,44,44,44,0,0,0
0x401dc3,100%,0,1,1,1,0,0,0
0x4d8ea9,100%,0,44,44,0,0,0,44
0x4d8ebb,100%,0,44,44,44,0,0,0
0x4d8ed3,100%,0,44,44,44,0,0,0
0x4e0a9c,100%,0,1,1,1,0,0,0
0x5f2c4c,100%,0,44,44,44,0,0,0
0x5f1efa,100%,0,1,1,0,0,0,1
0x4d2de2,100%,0,44,44,44,0,0,0
0x5f0ce9,100%,0,1,1,0,0,0,1
0x5f260c,100%,0,44,44,44,0,0,0
0x4c256d,100%,0,4032,4032,4032,0,0,0
0x50f3fc,100%,0,44,44,44,0,0,0
0x418e6b,100%,0,1,1,1,0,0,0
0x4d05f5,100%,0,44,44,44,0,0,0
0x4bac1a,100%,0,1,1,1,0,0,0
0x50aff9,100%,0,80839,80839,0,0,0,80839
0x4d2dd7,100%,0,44,44,0,0,0,44
0x47807e,100%,0,2,2,2,0,0,0
0x4be482,100%,0,44,44,0,0,0,44
0x418f89,100%,0,1,1,1,0,0,0
0x47af45,100%,0,8,8,0,0,0,8
0x45ee34,100%,0,3,3,3,0,0,0
0x4be6c7,100%,0,11426,11426,11426,0,0,0
0x4cd061,100%,0,281125,281125,0,0,0,281125
0x4be719,100%,0,11426,11426,0,0,0,11426
0x40286d,100%,0,112,112,0,0,0,112
0x5ef1f8,100%,0,1,1,0,0,0,1
0x4cb32e,100%,0,3794,3794,3794,0,0,0
0x4d58d1,100%,0,2,2,2,0,0,0
0x476575,100%,0,3,3,3,0,0,0
0x50fb28,100%,0,7178,7178,0,0,0,7178
0x5f2d5e,100%,0,2,2,0,0,0,2
0x4bb47c,100%,0,105,105,105,0,0,0
0x4df828,100%,0,1,1,1,0,0,0
0x478234,100%,0,2,2,2,0,0,0
0x463ab5,100%,0,1,1,0,0,0,1
0x47a3c8,100%,0,1,1,0,0,0,1
0x5f0559,100%,0,1,1,1,0,0,0
0x4cbe76,100%,0,312,312,1,0,0,311
0x4bb867,100%,0,1,1,1,0,0,0
0x418bcd,100%,0,6,6,0,0,0,6
0x4d096c,100%,0,2,2,2,0,0,0
0x40188a,100%,0,5792,5792,0,0,0,5792
0x4ce624,100%,0,4032,4032,4032,0,0,0
0x4cb4c0,100%,0,1,1,1,0,0,0
0x4782f1,100%,0,2,2,2,0,0,0
0x478306,100%,0,2,2,0,0,0,2
0x4beb83,100%,0,44,44,44,0,0,0
0x4be85e,100%,0,1,1,1,0,0,0
0x4c3a60,100%,0,3007,3007,3007,0,0,0
0x5eeff7,100%,0,45,45,0,0,0,45
0x4c3c10,100%,0,3035,3035,0,0,0,3035
0x5ef029,100%,0,45,45,45,0,0,0
0x5ef047,100%,0,45,45,0,0,0,45
0x4d9754,100%,0,159,159,0,0,0,159
0x5f04d5,100%,0,43,43,0,0,0,43
0x476bef,100%,0,2,2,2,0,0,0
0x5f0acd,100%,0,43,43,43,0,0,0
0x4ca138,100%,0,341,341,341,0,0,0
0x4c4e38,100%,0,7516,7516,7516,0,0,0
0x476c8a,100%,0,2,2,1,0,0,1
0x47807a,100%,0,2,2,0,0,0,2
0x4bac0f,100%,0,1,1,0,0,0,1
0x4cbc8d,100%,0,11218,11218,0,0,0,11218
0x4bafec,100%,0,1,1,1,0,0,0
0x4b8d78,100%,0,4895,4895,0,0,0,4895
0x4bb032,100%,0,1,1,0,0,0,1
0x4d645b,100%,0,5,5,0,0,0,5
0x5ef13a,100%,0,1,1,1,0,0,0
0x479006,100%,0,6,6,6,0,0,0
0x4c64b0,100%,0,226133,226133,0,0,0,226133
0x4790c8,100%,0,18,18,18,0,0,0
0x4d06d9,100%,0,1,1,1,0,0,0
0x4be574,100%,0,402,402,394,0,0,8
0x4d8a9f,100%,0,45,45,0,0,0,45
0x477daa,100%,0,4,4,0,0,0,4
0x4d091b,100%,0,2,2,2,0,0,0
0x4ba84d,100%,0,56153,56153,0,0,0,56153
0x4cc57c,100%,0,285201,285201,285201,0,0,0
0x4c642b,100%,0,226133,226133,226133,0,0,0
0x41b2e6,100%,0,1,1,1,0,0,0
0x5eefd5,100%,0,46,46,0,0,0,46
0x4d61bf,100%,0,14,14,14,0,0,0
0x41b670,100%,0,1,1,1,0,0,0
0x478115,100%,0,2,2,2,0,0,0
0x5f1f0f,100%,0,1,1,0,0,0,1
0x4bc7aa,100%,0,44,44,0,0,0,44
0x46d62a,100%,0,1,1,1,0,0,0
0x4bc7b7,100%,0,44,44,0,0,0,44
0x4be7ce,100%,0,11426,11426,11426,0,0,0
0x5ef185,100%,0,1,1,0,0,0,1
0x4df90c,100%,0,1,1,1,0,0,0
0x477f3f,100%,0,2,2,0,0,0,2
0x47b3bc,100%,0,5792,5792,0,0,0,5792
0x4c5978,100%,0,41,41,0,0,0,41
0x606859,100%,0,6,6,0,0,0,6
0x5f1ea7,100%,0,1,1,0,0,0,1
0x401ad0,100%,0,1,1,1,0,0,0
0x47ab0c,100%,0,300,300,0,0,0,300
0x4d63c0,100%,0,14,14,14,0,0,0
0x4c5c72,100%,0,41,41,0,0,0,41
0x4c5c90,100%,0,41,41,0,0,0,41
0x47661d,100%,0,1,1,0,0,0,1
0x4c7a94,100%,0,41,41,0,0,0,41
0x46d93c,100%,0,1,1,1,0,0,0
0x477f5b,100%,0,1,1,1,0,0,0
0x4c63cb,100%,0,226133,226133,226133,0,0,0
0x4c3b13,100%,0,2979,2979,2979,0,0,0
0x47c90a,100%,0,1,1,0,0,0,1
0x418cb5,100%,0,1,1,1,0,0,0
0x4cb3a6,100%,0,8227,8227,8227,0,0,0
0x4c4386,100%,0,3863,3863,0,0,0,3863
0x4c3d77,100%,0,28,28,28,0,0,0
0x469919,100%,0,3,3,3,0,0,0
0x5f25db,100%,0,44,44,44,0,0,0
0x476538,100%,0,1,1,0,0,0,1
0x4c4392,100%,0,3863,3863,3863,0,0,0
0x5f0510,100%,0,2,2,0,0,0,2
0x47d178,100%,0,3,3,3,0,0,0
0x4cfa32,100%,0,1,1,1,0,0,0
0x4cf893,100%,0,45,45,45,0,0,0
0x5f06a5,100%,0,2,2,1,0,0,1
0x479b65,100%,0,5792,5792,5792,0,0,0
0x418d59,100%,0,1,1,1,0,0,0
0x4cd45f,100%,0,47,47,0,0,0,47
0x46d0c4,100%,0,112,112,0,0,0,112
0x5f0c4f,100%,0,1,1,0,0,0,1
0x4e2aef,100%,0,11,11,11,0,0,0
0x5f0c78,100%,0,1,1,1,0,0,0
0x5f0ccc,100%,0,1,1,0,0,0,1
0x4cf69a,100%,0,46,46,46,0,0,0
0x4c237b,100%,0,1,1,0,0,0,1
0x4cf56f,100%,0,46,46,0,0,0,46
0x47c940,100%,0,1,1,1,0,0,0
0x4d318d,100%,0,3,3,0,0,0,3
0x4cd43d,100%,0,47,47,47,0,0,0
0x5ef06f,100%,0,45,45,45,0,0,0
0x5f0c45,100%,0,1,1,0,0,0,1
0x4cf5a3,100%,0,46,46,0,0,0,46
0x4ca1b1,100%,0,341,341,341,0,0,0
0x47dd68,100%,0,6,6,0,0,0,6
0x418a3a,100%,0,11,11,0,0,0,11
0x4017af,100%,0,5792,5792,5792,0,0,0
0x4cf6c8,100%,0,46,46,0,0,0,46
0x4e17ad,100%,0,1,1,1,0,0,0
0x4baaa5,100%,0,3616,3616,0,0,0,3616
0x4cf712,100%,0,45,45,0,0,0,45
0x4beb8d,100%,0,44,44,0,0,0,44
0x418c1c,100%,0,5,5,5,0,0,0
0x4cf88d,100%,0,45,45,0,0,0,45
0x4bacf7,100%,0,3102,3102,3102,0,0,0
0x417f16,100%,0,466,466,0,0,0,466
0x4bc24b,100%,0,8,8,8,0,0,0
0x50afff,100%,0,80839,80839,80839,0,0,0
0x4be851,100%,0,11426,11426,11425,0,0,1
0x47ca8a,100%,0,117,117,0,0,0,117
0x476de2,100%,0,2,2,0,0,0,2
0x4d8eb3,100%,0,44,44,0,0,0,44
0x479bb3,100%,0,5794,5794,5794,0,0,0
0x5f1d37,100%,0,2,2,0,0,0,2
0x417fa0,100%,0,466,466,0,0,0,466
0x47cbbc,100%,0,112,112,0,0,0,112
0x4c7861,100%,0,41,41,41,0,0,0
0x4c1cfc,100%,0,2066,2066,2066,0,0,0
0x46c79b,100%,0,112,112,0,0,0,112
0x419345,100%,0,306,306,0,0,0,306
0x5ef0c2,100%,0,1,1,0,0,0,1
0x47d1d8,100%,0,118,118,0,0,0,118
0x4ba52f,100%,0,2456,2456,2456,0,0,0
0x47d27a,100%,0,118,118,118,0,0,0
0x4ba642,100%,0,232,232,232,0,0,0
0x4d5847,100%,0,118,118,118,0,0,0
0x47aa7e,100%,0,448,448,0,0,0,448
0x418a04,100%,0,464,464,0,0,0,464
0x46c918,100%,0,112,112,0,0,0,112
0x477178,100%,0,461,461,461,0,0,0
0x418d2b,100%,0,1,1,1,0,0,0
0x4bc7c0,100%,0,44,44,44,0,0,0
0x478cf4,100%,0,112,112,0,0,0,112
0x4d8f30,100%,0,44,44,0,0,0,44
0x4c5afd,100%,0,69413,69413,69413,0,0,0
0x5f1ebd,100%,0,1,1,0,0,0,1
0x401aa0,100%,0,1,1,1,0,0,0
0x402801,100%,0,112,112,112,0,0,0
0x4cd431,100%,0,47,47,0,0,0,47
0x418c92,100%,0,1,1,0,0,0,1
0x4be450,100%,0,44,44,0,0,0,44
0x4c9ef0,100%,0,2245,2245,2245,0,0,0
0x4b9054,100%,0,8064,8064,0,0,0,8064
0x5ef08f,100%,0,45,45,45,0,0,0
0x4766bb,100%,0,5792,5792,5792,0,0,0
0x4e2720,100%,0,11,11,0,0,0,11
0x46c8b7,100%,0,112,112,0,0,0,112
0x463c1b,100%,0,112,112,0,0,0,112
0x476199,100%,0,11838,11838,11699,0,0,139
0x476648,100%,0,5792,5792,5792,0,0,0
0x5faca4,100%,0,1,1,0,0,0,1
0x47afe6,100%,0,151,151,151,0,0,0
0x47c7f7,100%,0,117,117,0,0,0,117
0x5f2627,100%,0,44,44,0,0,0,44
0x4bac04,100%,0,1,1,0,0,0,1
0x4be8e0,100%,0,11426,11426,0,0,0,11426
0x47d267,100%,0,118,118,0,0,0,118
0x47619e,100%,0,139,139,0,0,0,139
0x47a1c0,100%,0,5793,5793,5793,0,0,0
0x46d0ba,100%,0,112,112,0,0,0,112
0x46c7fc,100%,0,112,112,0,0,0,112
0x47b19e,100%,0,5904,5904,0,0,0,5904
0x4761a7,100%,0,139,139,0,0,0,139
0x41b1ff,100%,0,1,1,1,0,0,0
0x4d5bff,100%,0,118,118,118,0,0,0
0x46c43a,100%,0,1,1,0,0,0,1
0x463c3a,100%,0,112,112,112,0,0,0
0x4ce32e,100%,0,118,118,118,0,0,0
0x463a9d,100%,0,1,1,1,0,0,0
0x479e08,100%,0,4895,4895,0,0,0,4895
0x476172,100%,0,11838,11838,0,0,0,11838
0x476e94,100%,0,118,118,0,0,0,118
0x5f06ed,100%,0,1,1,0,0,0,1
0x47b1b7,100%,0,5904,5904,5904,0,0,0
0x4027f1,100%,0,112,112,112,0,0,0
0x418b72,100%,0,453,453,453,0,0,0
0x47aaf6,100%,0,300,300,0,0,0,300
0x47d3c9,100%,0,5954,5954,0,0,0,5954
0x478b92,100%,0,224,224,0,0,0,224
0x4c593e,100%,0,41,41,41,0,0,0
0x5f1d4d,100%,0,2,2,0,0,0,2
0x47b198,100%,0,5904,5904,0,0,0,5904
0x4deacd,100%,0,3,3,3,0,0,0
0x46d653,100%,0,1,1,0,0,0,1
0x47b3f1,100%,0,5792,5792,5792,0,0,0
0x4028cb,100%,0,112,112,112,0,0,0
0x5fac9f,100%,0,2,2,1,0,0,1
0x47618c,100%,0,11838,11838,11838,0,0,0
0x408df6,100%,0,3,3,0,0,0,3
0x5f2635,100%,0,44,44,0,0,0,44
0x401847,100%,0,5792,5792,5792,0,0,0
0x4c3b0a,100%,0,2979,2979,0,0,0,2979
0x478b02,100%,0,224,224,224,0,0,0
0x4cc926,100%,0,112,112,112,0,0,0
0x40187d,100%,0,5792,5792,0,0,0,5792
0x4c4d21,100%,0,12019,12019,0,0,0,12019
0x4c77df,100%,0,41,41,41,0,0,0
0x50fc7e,100%,0,371,371,0,0,0,371
0x418fdf,100%,0,1,1,0,0,0,1
0x419018,100%,0,306,306,306,0,0,0
0x4c9e23,100%,0,2246,2246,2246,0,0,0
0x47b3e2,100%,0,5792,5792,0,0,0,5792
0x47b18a,100%,0,5904,5904,0,0,0,5904
0x479b97,100%,0,5794,5794,0,0,0,5794
0x4cc33d,100%,0,37622,37622,37622,0,0,0
0x476e8b,100%,0,118,118,0,0,0,118
0x47b4ea,100%,0,5792,5792,112,0,0,5680
0x5f1d80,100%,0,2,2,0,0,0,2
0x4d630d,100%,0,4,4,4,0,0,0
0x4ba7d1,100%,0,232,232,0,0,0,232
0x4cc596,100%,0,285201,285201,0,0,0,285201
0x476231,100%,0,5905,5905,0,0,0,5905
0x4c5993,100%,0,69417,69417,0,0,0,69417
0x4d0701,100%,0,118,118,0,0,0,118
0x47b23e,100%,0,5904,5904,0,0,0,5904
0x4c24e6,100%,0,4032,4032,4032,0,0,0
0x476201,100%,0,11699,11699,0,0,0,11699
0x5fa536,100%,0,1,1,0,0,0,1
0x4c651a,100%,0,3739,3739,3739,0,0,0
0x4cce6e,100%,0,112,112,0,0,0,112
0x46c781,100%,0,112,112,0,0,0,112
0x47b249,100%,0,5904,5904,0,0,0,5904
0x47cbc5,100%,0,112,112,112,0,0,0
0x4b93e3,100%,0,4032,4032,4032,0,0,0
0x5ef01a,100%,0,45,45,0,0,0,45
0x5f0c2b,100%,0,1,1,0,0,0,1
0x476e48,100%,0,118,118,0,0,0,118
0x463c54,100%,0,112,112,112,0,0,0
0x47707b,100%,0,461,461,0,0,0,461
0x4762c0,100%,0,125,125,125,0,0,0
0x4c5985,100%,0,69458,69458,41,0,0,69417
0x4c4806,100%,0,142,142,0,0,0,142
0x46c9fb,100%,0,112,112,0,0,0,112
0x47c9bb,100%,0,117,117,0,0,0,117
0x4bc35e,100%,0,1937,1937,1937,0,0,0
0x5f2c2a,100%,0,44,44,0,0,0,44
0x41af5b,100%,0,1,1,1,0,0,0
0x40289c,100%,0,112,112,112,0,0,0
0x5f1ddb,100%,0,1,1,1,0,0,0
0x4e14ae,100%,0,1,1,1,0,0,0
0x5ef130,100%,0,1,1,0,0,0,1
0x40189e,100%,0,5792,5792,5792,0,0,0
0x5ef09e,100%,0,45,45,45,0,0,0
0x46d07f,100%,0,112,112,112,0,0,0
0x4761f7,100%,0,11699,11699,0,0,0,11699
0x47695b,100%,0,2,2,0,0,0,2
0x606902,100%,0,672,672,672,0,0,0
0x4770b0,100%,0,1,1,0,0,0,1
0x4c623d,100%,0,3793,3793,3793,0,0,0
0x4e17a8,100%,0,1,1,0,0,0,1
0x463b97,100%,0,112,112,112,0,0,0
0x608b6e,100%,0,14,14,0,0,0,14
0x4be9ff,100%,0,11032,11032,0,0,0,11032
0x41b305,100%,0,1,1,0,0,0,1
0x47ab03,100%,0,300,300,0,0,0,300
0x401d01,100%,0,1,1,1,0,0,0
0x4c5754,100%,0,142,142,142,0,0,0
0x4ba639,100%,0,232,232,0,0,0,232
0x479c02,100%,0,5794,5794,5794,0,0,0
0x479b47,100%,0,5792,5792,5792,0,0,0
0x4760f5,100%,0,448,448,448,0,0,0
0x47b153,100%,0,5904,5904,5904,0,0,0
0x47aa36,100%,0,459,459,459,0,0,0
0x4b95a5,100%,0,3840,3840,3840,0,0,0
0x478c54,100%,0,224,224,224,0,0,0
0x47c9e4,100%,0,117,117,0,0,0,117
0x418b5c,100%,0,43,43,43,0,0,0
0x4b8f6e,100%,0,4032,4032,0,0,0,4032
0x4cc719,100%,0,136,136,0,0,0,136
0x4ca3ee,100%,0,280895,280895,280895,0,0,0
0x478bef,100%,0,224,224,224,0,0,0
0x4cc637,100%,0,285786,285786,0,0,0,285786
0x4e0b42,100%,0,1,1,0,0,0,1
0x4e0b52,100%,0,1,1,1,0,0,0
0x46d950,100%,0,1,1,0,0,0,1
0x478271,100%,0,2,2,2,0,0,0
0x475f73,100%,0,6194,6194,6194,0,0,0
0x4cd4a3,100%,0,112,112,112,0,0,0
0x47c99b,100%,0,117,117,0,0,0,117
0x46c8aa,100%,0,112,112,0,0,0,112
0x476137,100%,0,448,448,448,0,0,0
0x4dfb96,100%,0,1,1,0,0,0,1
0x414f89,100%,0,112,112,0,0,0,112
0x4cf769,100%,0,1,1,0,0,0,1
0x4cc9ef,100%,0,281013,281013,281013,0,0,0
0x5f25b3,100%,0,44,44,0,0,0,44
0x5fac08,100%,0,1,1,0,0,0,1
0x479817,100%,0,6,6,0,0,0,6
0x4bea13,100%,0,11426,11426,11426,0,0,0
0x5f2dcd,100%,0,2,2,0,0,0,2
0x4cec5e,100%,0,112,112,112,0,0,0
0x4ca369,100%,0,280895,280895,280895,0,0,0
0x5f1db3,100%,0,1,1,0,0,0,1
0x47c9b3,100%,0,117,117,0,0,0,117
0x46c9d5,100%,0,112,112,112,0,0,0
0x47ca7e,100%,0,117,117,117,0,0,0
0x5f1d87,100%,0,2,2,0,0,0,2
0x46d96c,100%,0,1,1,1,0,0,0
0x46ca04,100%,0,112,112,0,0,0,112
0x4d8fbe,100%,0,159,159,159,0,0,0
0x4d568f,100%,0,1,1,1,0,0,0
0x478b1d,100%,0,2,2,1,0,0,1
0x4d57c8,100%,0,146,146,0,0,0,146
0x4e0eea,100%,0,1,1,1,0,0,0
0x47b3dd,100%,0,5792,5792,0,0,0,5792
0x4d3169,100%,0,3,3,3,0,0,0
0x4be4fc,100%,0,44,44,44,0,0,0
0x4bd463,100%,0,3033,3033,0,0,0,3033
0x4d6e33,100%,0,1,1,1,0,0,0
0x5f053e,100%,0,1,1,0,0,0,1
0x46c7e8,100%,0,112,112,0,0,0,112
0x4c598e,100%,0,69417,69417,0,0,0,69417
0x4be48b,100%,0,44,44,0,0,0,44
0x5f046a,100%,0,45,45,0,0,0,45
0x41b297,100%,0,1,1,1,0,0,0
0x4ce2ae,100%,0,281132,281132,281132,0,0,0
0x46c7bb,100%,0,112,112,112,0,0,0
0x4195fe,100%,0,1,1,0,0,0,1
0x4cc72b,100%,0,131,131,131,0,0,0
0x4d0761,100%,0,14,14,0,0,0,14
0x4cc73a,100%,0,131,131,131,0,0,0
0x40288a,100%,0,112,112,0,0,0,112
0x46d82d,100%,0,1,1,0,0,0,1
0x4cc600,100%,0,4419,4419,4419,0,0,0
0x4c4e7e,100%,0,6,6,3,0,0,3
0x4bc2c1,100%,0,1937,1937,0,0,0,1937
0x4be6f2,100%,0,6437,6437,0,0,0,6437
0x4c4658,100%,0,257806,257806,0,0,0,257806
0x4ca7d9,100%,0,7545,7545,7545,0,0,0
0x5f1d6e,100%,0,2,2,0,0,0,2
0x4cbd04,100%,0,25,25,0,0,0,25
0x46d848,100%,0,1,1,0,0,0,1
0x4c4cd0,100%,0,11257,11257,11257,0,0,0
0x4c38f2,100%,0,884407,884407,0,0,0,884407
0x46d7d4,100%,0,1,1,1,0,0,0
0x4bc16e,100%,0,8,8,8,0,0,0
0x4c58c5,100%,0,61769,61769,0,0,0,61769
0x4d0697,100%,0,1,1,1,0,0,0
0x46d67a,100%,0,1,1,1,0,0,0
0x4d5edb,100%,0,118,118,118,0,0,0
0x4c59a7,100%,0,69417,69417,0,0,0,69417
0x477ef3,100%,0,14,14,14,0,0,0
0x4c5b76,100%,0,69413,69413,0,0,0,69413
0x4ba5f0,100%,0,126,126,126,0,0,0
0x47d221,100%,0,118,118,118,0,0,0
0x4c5c53,100%,0,7689,7689,7689,0,0,0
0x4cba6f,100%,0,25,25,25,0,0,0
0x414f95,100%,0,112,112,112,0,0,0
0x4d970c,100%,0,159,159,159,0,0,0
0x4d89c9,100%,0,159,159,0,0,0,159
0x4d5c54,100%,0,118,118,118,0,0,0
0x5f1dbd,100%,0,1,1,0,0,0,1
0x478076,100%,0,2,2,0,0,0,2
0x46d897,100%,0,1,1,0,0,0,1
0x4ba80d,100%,0,56153,56153,56153,0,0,0
0x47d9db,100%,0,6,6,0,0,0,6
0x4d89f8,100%,0,114,114,0,0,0,114
0x4195eb,100%,0,1,1,0,0,0,1
0x4d9766,100%,0,159,159,0,0,0,159
0x4c58e7,100%,0,61769,61769,0,0,0,61769
0x4b90a9,100%,0,8064,8064,8064,0,0,0
0x463ae9,100%,0,1,1,1,0,0,0
0x4bee38,100%,0,201335,201335,201335,0,0,0
0x47980d,100%,0,6,6,0,0,0,6
0x5f0936,100%,0,1,1,0,0,0,1
0x47cb90,100%,0,118,118,0,0,0,118
0x4b8d89,100%,0,4895,4895,0,0,0,4895
0x476127,100%,0,448,448,0,0,0,448
0x4d5839,100%,0,118,118,0,0,0,118
0x50f4f4,100%,0,2,2,0,0,0,2
0x463a88,100%,0,1,1,0,0,0,1
0x4d96f7,100%,0,159,159,0,0,0,159
0x476f1f,100%,0,118,118,113,0,0,5
0x5f06fa,100%,0,1,1,1,0,0,0
0x478ce9,100%,0,112,112,0,0,0,112
0x47d2e5,100%,0,118,118,118,0,0,0
0x4bb93b,100%,0,104,104,104,0,0,0
0x479baa,100%,0,5794,5794,0,0,0,5794
0x476158,100%,0,11838,11838,11838,0,0,0
0x4b8fec,100%,0,4032,4032,0,0,0,4032
0x463a71,100%,0,1,1,1,0,0,0
0x5f2c43,100%,0,44,44,0,0,0,44
0x47c913,100%,0,1,1,1,0,0,0
0x4b9131,100%,0,4032,4032,0,0,0,4032
0x4ba86b,100%,0,56153,56153,0,0,0,56153
0x4b9568,100%,0,4032,4032,0,0,0,4032
0x47aa76,100%,0,459,459,0,0,0,459
0x6068ae,100%,0,116,116,0,0,0,116
0x5ef103,100%,0,1,1,0,0,0,1
0x4c3715,100%,0,280896,280896,280896,0,0,0
0x4b8baa,100%,0,4895,4895,4895,0,0,0
0x5f25c7,100%,0,44,44,0,0,0,44
0x478afb,100%,0,226,226,2,0,0,224
0x478bdb,100%,0,224,224,0,0,0,224
0x4c5a6a,100%,0,69413,69413,69413,0,0,0
0x4ba981,100%,0,4031,4031,4031,0,0,0
0x476fc9,100%,0,264,264,264,0,0,0
0x4bc1e8,100%,0,1944,1944,0,0,0,1944
0x408eee,100%,0,3,3,3,0,0,0
0x4cb3f9,100%,0,1,1,1,0,0,0
0x5114de,100%,0,280940,280940,280940,0,0,0
0x463a97,100%,0,1,1,0,0,0,1
0x463966,100%,0,1,1,1,0,0,0
0x4be654,100%,0,11426,11426,11426,0,0,0
0x4bee73,100%,0,201334,201334,0,0,0,201334
0x4cf853,100%,0,45,45,45,0,0,0
0x478cfa,100%,0,112,112,0,0,0,112
0x4cfad9,100%,0,1,1,1,0,0,0
0x5f096d,100%,0,2,2,2,0,0,0
0x5f2630,100%,0,44,44,0,0,0,44
0x47b4e2,100%,0,5792,5792,0,0,0,5792
0x47a2c8,100%,0,1,1,1,0,0,0
0x4c3db7,100%,0,28,28,0,0,0,28
0x5f2078,100%,0,1,1,0,0,0,1
0x4cc9af,100%,0,118,118,0,0,0,118
0x4bac2c,100%,0,1,1,0,0,0,1
0x5f0a76,100%,0,1,1,0,0,0,1
0x4c0311,100%,0,2066,2066,2066,0,0,0
0x4ccf1f,100%,0,112,112,112,0,0,0
0x419436,100%,0,459,459,0,0,0,459
0x4c4b2a,100%,0,217870,217870,217870,0,0,0
0x47a2be,100%,0,1,1,0,0,0,1
0x4ce366,100%,0,118,118,118,0,0,0
0x4d064e,100%,0,119,119,119,0,0,0
0x5ef4fe,100%,0,1,1,1,0,0,0
0x4cf5b0,100%,0,46,46,46,0,0,0
0x4ccf04,100%,0,112,112,112,0,0,0
0x478c96,100%,0,112,112,112,0,0,0
0x47c984,100%,0,117,117,0,0,0,117
0x4b96f9,100%,0,1,1,0,0,0,1
0x47907c,100%,0,18,18,0,0,0,18
0x4b905a,100%,0,8064,8064,4032,0,0,4032
0x47a3fc,100%,0,1,1,0,0,0,1
0x463a6a,100%,0,1,1,0,0,0,1
0x4b9580,100%,0,3974,3974,3974,0,0,0
0x47b22d,100%,0,5904,5904,0,0,0,5904
0x46c539,100%,0,113,113,113,0,0,0
0x479aaf,100%,0,5794,5794,5794,0,0,0
0x477095,100%,0,1,1,0,0,0,1
0x47a3e8,100%,0,1,1,0,0,0,1
0x4b8daf,100%,0,4895,4895,0,0,0,4895
0x476131,100%,0,448,448,0,0,0,448
0x4e2682,100%,0,1,1,0,0,0,1
0x47ce88,100%,0,118,118,0,0,0,118
0x46c841,100%,0,112,112,112,0,0,0
0x47a292,100%,0,1,1,1,0,0,0
0x4ba4f3,100%,0,3616,3616,0,0,0,3616
0x4cce62,100%,0,112,112,0,0,0,112
0x5f0698,100%,0,1,1,0,0,0,1
0x478b9a,100%,0,224,224,224,0,0,0
0x47a3d1,100%,0,1,1,0,0,0,1
0x4d6e82,100%,0,1,1,0,0,0,1
