Branch PC,Accuracy,Mispredictions,Correct Predictions,Total,dir_t_pred_t,dir_t_pred_nt,dir_nt_pred_t,dir_nt_pred_nt
aggregate,98.7991%,284246,23385630,23669876,10716619,139451,144795,12669011
0x4bedf9,84.6019%,55787,306512,362299,216316,21696,34091,90196
0x4c8761,93.8843%,11324,173838,185162,36566,4158,7166,137272
0x4c5c06,79.3737%,9827,37816,47643,25047,4681,5146,12769
0x50fc12,96.6195%,6087,173973,180060,949,4962,1125,173024
0x4bf7d5,97.585%,4324,174721,179045,94,4121,203,174627
0x4be97a,61.3033%,3937,6237,10174,2823,2087,1850,3414
0x4c5c31,76.6627%,3916,12864,16780,10395,1291,2625,2469
0x418a69,92.8279%,3577,46297,49874,44003,1151,2426,2294
0x4bd2f8,86.9605%,3553,23695,27248,739,2835,718,22956
0x418b3c,89.5301%,3460,29587,33047,23274,1316,2144,6313
0x407405,77.0664%,3385,11375,14760,5905,1531,1854,5470
0x4bedd7,99.1436%,3129,362244,365373,2,3072,57,362242
0x60a1b6,85.9058%,2965,18072,21037,4843,1663,1302,13229
0x4bf8b4,98.7086%,2312,176714,179026,175684,245,2067,1030
0x4c2680,86.2175%,2293,14344,16637,9750,1007,1286,4594
0x4c6bb0,98.2987%,2256,130352,132608,290,2144,112,130062
0x407c1b,86.7313%,1875,12256,14131,11932,425,1450,324
0x479c65,85.1295%,1780,10190,11970,976,1316,464,9214
0x50feb6,90.7648%,1722,16924,18646,7311,1181,541,9613
0x50fcd4,94.5208%,1690,29154,30844,199,1374,316,28955
0x4ba40c,85.2135%,1666,9601,11267,8475,299,1367,1126
0x4d61ab,88.8896%,1623,12985,14608,5694,938,685,7291
0x4cc5de,99.3956%,1581,260001,261582,19241,905,676,240760
0x47700b,95.6824%,1517,33618,35135,16944,782,735,16674
0x5f04b5,86.7688%,1434,9404,10838,2374,838,596,7030
0x4ca08a,99.5759%,1410,331021,332431,183674,683,727,147347
0x4c9fcb,94.3265%,1366,22711,24077,8359,1035,331,14352
0x50fc1e,99.2231%,1353,172796,174149,172771,118,1235,25
0x5ef06f,88.0262%,1297,9535,10832,1688,803,494,7847
0x4bf7d9,99.2684%,1279,173551,174830,173541,103,1176,10
0x460104,98.1286%,1240,65019,66259,59366,376,864,5653
0x4d89f3,95.0311%,1239,23696,24935,16985,632,607,6711
0x4cd45f,91.6917%,1188,13111,14299,8163,523,665,4948
0x47b38c,90.1285%,1183,10801,11984,870,894,289,9931
0x418b12,96.2319%,1142,29165,30307,1211,710,432,27954
0x4b8dbd,92.042%,1138,13162,14300,7476,588,550,5686
0x46ffa3,95.8865%,1134,26434,27568,15493,537,597,10941
0x4cc720,93.7382%,1128,16886,18014,6483,604,524,10403
0x50fcff,96.4491%,1082,29389,30471,29319,173,909,70
0x4600f2,98.3685%,1081,65178,66259,53702,348,733,11476
0x4d7566,89.5607%,998,8562,9560,1783,604,394,6779
0x475f65,98.1703%,984,52794,53778,48906,350,634,3888
0x477016,94.3937%,976,16433,17409,10005,451,525,6428
0x418bc7,78.781%,940,3490,4430,1068,510,430,2422
0x5f0a7e,75.0407%,921,2769,3690,1484,478,443,1285
0x4c64da,99.2441%,916,120261,121177,63405,436,480,56856
0x4be9c1,80.712%,894,3741,4635,3655,192,702,86
0x4c6bb9,99.337%,863,129311,130174,129250,32,831,61
0x4195f8,71.7018%,858,2174,3032,1070,454,404,1104
0x4be9b3,84.7865%,841,4687,5528,314,579,262,4373
0x419ace,52.7714%,818,914,1732,445,402,416,469
0x4c39de,99.8931%,808,755305,756113,2969,647,161,752336
0x4d8a24,95.6122%,773,16844,17617,13751,346,427,3093
0x4d62f0,94.8014%,767,13987,14754,9137,307,460,4850
0x46ff02,97.1142%,766,25778,26544,14500,490,276,11278
0x4c9ecc,97.2296%,745,26146,26891,13731,489,256,12415
0x4c5c1f,95.7908%,743,16909,17652,310,562,181,16599
0x4cd289,99.7183%,737,260845,261582,40135,372,365,220710
0x50fe02,97.3285%,736,26814,27550,26771,124,612,43
0x5f052a,84.1146%,732,3876,4608,884,419,313,2992
0x50fcf7,78.6117%,721,2650,3371,1817,354,367,833
0x41a557,91.7736%,718,8010,8728,3572,373,345,4438
0x419aa8,59.4886%,713,1047,1760,219,429,284,828
0x4761b1,84.0904%,697,3684,4381,1952,229,468,1732
0x419b44,60.739%,680,1052,1732,204,416,264,848
0x47aacd,97.4035%,666,24984,25650,11987,372,294,12997
0x4cc5f3,99.7299%,652,240784,241436,206332,323,329,34452
0x4d8ed3,95.7496%,639,14395,15034,3353,347,292,11042
0x4cfc07,95.6476%,627,13779,14406,5553,316,311,8226
0x476206,97.8666%,622,28534,29156,15682,293,329,12852
0x5f0495,95.0566%,616,11845,12461,1236,387,229,10609
0x606824,91.4568%,614,6573,7187,2838,328,286,3735
0x5eefe5,95.0767%,613,11838,12451,1200,419,194,10638
0x4c4988,92.7464%,594,7595,8189,1954,517,77,5641
0x4ca0c8,99.5988%,594,147480,148074,136796,225,369,10684
0x4dab43,92.3252%,574,6905,7479,109,459,115,6796
0x5f06a5,91.2599%,573,5983,6556,978,375,198,5005
0x4cc906,97.0223%,537,17497,18034,5473,313,224,12024
0x4cbcb0,88.76%,533,4209,4742,3083,284,249,1126
0x4c7ef0,88.9887%,527,4259,4786,4125,121,406,134
0x60683a,92.6951%,525,6662,7187,2683,235,290,3979
0x402047,92.0886%,525,6111,6636,3179,335,190,2932
0x50fb20,94.3812%,523,8785,9308,1780,297,226,7005
0x5ee959,84.0562%,511,2694,3205,193,341,170,2501
0x4cb63f,93.1671%,507,6913,7420,3407,212,295,3506
0x4c02ce,83.9297%,494,2580,3074,492,337,157,2088
0x47ac7e,95.1733%,493,9721,10214,2218,307,186,7503
0x50fdec,98.1976%,493,26859,27352,26842,70,423,17
0x41b00a,71.1151%,487,1199,1686,614,249,238,585
0x41b031,87.1157%,482,3259,3741,2695,223,259,564
0x4bdcfc,96.4567%,473,12876,13349,12588,122,351,288
0x4ba510,92.7419%,468,5980,6448,1009,279,189,4971
0x60a1c2,96.8068%,464,14067,14531,13524,164,300,543
0x4c9e62,98.3117%,454,26437,26891,13251,226,228,13186
0x5f0a87,73.7847%,453,1275,1728,1141,172,281,134
0x47aa0d,98.2261%,451,24973,25424,9670,256,195,15303
0x5f1d80,85.0168%,445,2525,2970,761,253,192,1764
0x50fde6,98.4541%,429,27321,27750,20,378,51,27301
0x41afe5,79.1687%,421,1600,2021,1576,110,311,24
0x41a45f,93.8859%,419,6434,6853,4619,164,255,1815
0x5fabf2,97.7061%,418,17804,18222,13362,179,239,4442
0x5f06dc,76.9486%,417,1392,1809,579,234,183,813
0x479190,95.5311%,414,8850,9264,5534,224,190,3316
0x419006,98.4987%,412,27030,27442,11746,192,220,15284
0x4babeb,93.5407%,407,5894,6301,4315,173,234,1579
0x428f7c,95.2482%,404,8098,8502,4240,206,198,3858
0x4c4ccb,97.6357%,400,16518,16918,2701,247,153,13817
0x4d5830,96.176%,399,10035,10434,3037,209,190,6998
0x4cbcea,94.1026%,393,6271,6664,69,317,76,6202
0x4d5777,98.6524%,381,27892,28273,26950,126,255,942
0x445d65,74.4939%,378,1104,1482,604,176,202,500
0x418c7c,87.1553%,368,2497,2865,417,229,139,2080
0x412145,95.6052%,366,7962,8328,7805,79,287,157
0x4ba887,99.1468%,361,41948,42309,41876,15,346,72
0x4bb1ce,90.7307%,359,3514,3873,2238,198,161,1276
0x418b5c,95.8141%,354,8103,8457,7798,143,211,305
0x5ee8c8,77.9221%,340,1200,1540,345,189,151,855
0x4d0761,95.7188%,338,7557,7895,611,209,129,6946
0x50fb1a,96.896%,337,10520,10857,1325,224,113,9195
0x4cb4c0,85.7265%,334,2006,2340,1374,157,177,632
0x60a172,98.1487%,334,17707,18041,14662,169,165,3045
0x6068d8,94.5086%,333,5731,6064,1074,222,111,4657
0x50f593,98.5981%,332,23350,23682,13120,136,196,10230
0x428f58,96.3545%,327,8643,8970,3903,153,174,4740
0x476f4a,95.8582%,326,7545,7871,3764,161,165,3781
0x418c0d,88.6562%,325,2540,2865,100,202,123,2440
0x47abc7,97.3865%,323,12036,12359,10069,145,178,1967
0x606902,93.2466%,322,4446,4768,4143,118,204,303
0x418c07,79.6578%,321,1257,1578,1008,142,179,249
0x4b93e3,96.7234%,316,9328,9644,5617,181,135,3711
0x47aa7a,98.7715%,314,25246,25560,5572,153,161,19674
0x6067e7,95.8588%,312,7222,7534,1663,186,126,5559
0x479c1f,97.4201%,305,11517,11822,9782,153,152,1735
0x4cb3a1,98.2284%,304,16856,17160,14072,109,195,2784
0x4b9426,96.8685%,302,9342,9644,8333,115,187,1009
0x4d89f8,95.8732%,302,7016,7318,2101,199,103,4915
0x606813,95.798%,302,6885,7187,6538,129,173,347
0x4d8fbe,98.8009%,299,24636,24935,20914,125,174,3722
0x4d8ee8,93.2072%,298,4089,4387,546,184,114,3543
0x4c5c18,98.3868%,289,17626,17915,13,250,39,17613
0x4c4407,97.7388%,289,12492,12781,10225,121,168,2267
0x5ee980,91.1076%,285,2920,3205,2895,92,193,25
0x6067ec,96.0345%,285,6902,7187,6329,137,148,573
0x4700d9,98.947%,279,26217,26496,14884,90,189,11333
0x4c4e24,98.0029%,279,13691,13970,9891,132,147,3800
0x477f52,67.6505%,274,573,847,406,117,157,167
0x5f1eda,85.9375%,270,1650,1920,453,167,103,1197
0x4d8eb3,98.3677%,269,16211,16480,1254,192,77,14957
0x4d645b,94.3045%,269,4454,4723,1203,173,96,3251
0x418e6b,88.0072%,266,1952,2218,1477,98,168,475
0x479314,78.4137%,264,959,1223,376,134,130,583
0x4bf6d4,98.6364%,260,18807,19067,18794,15,245,13
0x47b8b8,91.2165%,252,2617,2869,955,118,134,1662
0x4ba4e7,96.6561%,252,7284,7536,928,160,92,6356
0x47702b,98.5582%,251,17158,17409,15682,90,161,1476
0x50fc56,89.805%,251,2211,2462,2130,70,181,81
0x4c4d5b,98.523%,249,16609,16858,4483,167,82,12126
0x50fce2,93.4295%,246,3498,3744,223,150,96,3275
0x45718a,94.8899%,246,4568,4814,2688,165,81,1880
0x5fac65,68.7421%,246,541,787,70,156,90,471
0x4d63d9,97.1338%,245,8303,8548,336,158,87,7967
0x5f1efa,81.1538%,245,1055,1300,663,131,114,392
0x4cbe7f,96.3864%,242,6455,6697,413,174,68,6042
0x4bac3a,85.8402%,241,1461,1702,700,109,132,761
0x476006,98.6059%,240,16975,17215,6812,135,105,10163
0x4195eb,89.3885%,236,1988,2224,264,156,80,1724
0x5ef191,85.4849%,235,1384,1619,1083,90,145,301
0x5f06fa,95.3243%,235,4791,5026,4650,82,153,141
0x417f89,99.2202%,234,29772,30006,1101,182,52,28671
0x60a1d1,98.8412%,234,19960,20194,62,174,60,19898
0x4c230d,83.7667%,231,1192,1423,815,111,120,377
0x5ee9ce,92.9173%,227,2978,3205,27,165,62,2951
0x47af30,97.7776%,227,9987,10214,7599,90,137,2388
0x4c5929,99.5302%,225,47666,47891,47270,62,163,396
0x4c5c38,95.6027%,224,4870,5094,117,138,86,4753
0x6067fc,96.9111%,222,6965,7187,6833,89,133,132
0x428f9b,97.4006%,221,8281,8502,3451,137,84,4830
0x476d30,97.606%,219,8929,9148,4719,109,110,4210
0x4b9b6a,98.304%,218,12636,12854,12607,22,196,29
0x4b8d89,98.5503%,217,14752,14969,500,169,48,14252
0x5eea0b,85.974%,216,1324,1540,1264,122,94,60
0x4791db,86.1406%,209,1299,1508,689,106,103,610
0x476199,99.3859%,206,33337,33543,29088,68,138,4249
0x4bbd18,94.5975%,204,3572,3776,1268,110,94,2304
0x479ad8,98.1157%,201,10466,10667,9201,108,93,1265
0x45737a,86.3099%,197,1242,1439,386,104,93,856
0x47600c,98.0814%,197,10071,10268,8084,96,101,1987
0x41bb29,97.9676%,197,9496,9693,8886,104,93,610
0x4c50c6,98.4195%,193,12018,12211,5589,110,83,6429
0x4b96a4,94.7064%,192,3435,3627,1929,105,87,1506
0x4c4416,92.2382%,189,2246,2435,1685,98,91,561
0x4b93f0,95.0858%,189,3657,3846,1810,91,98,1847
0x4bd3e6,99.2603%,189,25361,25550,25356,17,172,5
0x4766bb,98.3351%,188,11104,11292,9623,96,92,1481
0x4d61bf,97.6429%,188,7788,7976,7341,64,124,447
0x4cf579,99.1104%,183,20388,20571,18648,76,107,1740
0x478067,94.6081%,183,3211,3394,541,111,72,2670
0x4cd43d,98.7202%,183,14116,14299,13009,92,91,1107
0x417f93,99.3629%,183,28540,28723,25690,48,135,2850
0x4572c3,88.6604%,182,1423,1605,479,88,94,944
0x4c584e,96.5841%,182,5146,5328,64,141,41,5082
0x4c4d6e,98.5256%,180,12028,12208,9086,93,87,2942
0x4d64d3,98.8327%,179,15155,15334,14271,59,120,884
0x476601,95.0788%,178,3439,3617,2474,77,101,965
0x418936,99.4316%,173,30265,30438,30132,57,116,133
0x4bb2db,95.6106%,170,3703,3873,244,115,55,3459
0x4d3138,97.0867%,169,5632,5801,5211,71,98,421
0x4b98d4,98.4013%,169,10402,10571,10298,12,157,104
0x41afd0,92.8207%,169,2185,2354,223,110,59,1962
0x50fd04,82.8396%,168,811,979,787,56,112,24
0x48c6e2,98.2328%,167,9283,9450,5661,79,88,3622
0x4ca304,99.8997%,166,165354,165520,165260,27,139,94
0x4b9579,98.0172%,166,8206,8372,605,109,57,7601
0x4bddbd,99.1163%,163,18283,18446,18282,21,142,1
0x4d5f70,98.937%,163,15171,15334,14828,34,129,343
0x5fac08,96.5392%,162,4519,4681,3356,73,89,1163
0x5fabec,99.1583%,160,18849,19009,675,112,48,18174
0x4d63ee,98.4313%,159,9977,10136,9936,30,129,41
0x4b8de2,97.4503%,159,6077,6236,4585,55,104,1492
0x50fec1,98.4341%,159,9995,10154,1868,140,19,8127
0x47b198,98.6923%,159,12000,12159,1476,97,62,10524
0x4196a3,77.933%,158,558,716,330,90,68,228
0x45714e,96.7387%,157,4657,4814,3723,67,90,934
0x419636,89.7638%,156,1368,1524,1170,58,98,198
0x4d052f,98.0251%,156,7743,7899,5409,64,92,2334
0x5ef074,98.1297%,156,8185,8341,7373,45,111,812
0x47b5d0,94.5626%,156,2713,2869,1401,95,61,1312
0x47c85c,95.9559%,154,3654,3808,1740,67,87,1914
0x5f31a4,94.1887%,154,2496,2650,2158,67,87,338
0x4c7d82,98.4732%,153,9868,10021,3557,70,83,6311
0x458198,75.641%,152,472,624,61,95,57,411
0x476ea6,96.5344%,152,4234,4386,3434,50,102,800
0x4bc125,90.9036%,151,1509,1660,859,73,78,650
0x5f06ed,97.1146%,149,5015,5164,35,103,46,4980
0x4d6300,97.194%,149,5161,5310,834,83,66,4327
0x47d3f9,99.1563%,148,17394,17542,12544,64,84,4850
0x4d3169,97.4487%,148,5653,5801,3054,60,88,2599
0x477fad,95.4005%,147,3049,3196,1370,70,77,1679
0x60a17c,99.1951%,146,17993,18139,16514,49,97,1479
0x50b030,99.7433%,146,56737,56883,32,125,21,56705
0x40224a,69.0171%,145,323,468,288,63,82,35
0x48c7c6,98.2023%,145,7921,8066,3369,82,63,4552
0x4b9f2e,95.3038%,143,2902,3045,802,76,67,2100
0x4d90a8,96.2438%,143,3664,3807,2357,71,72,1307
0x4cb57a,98.2478%,140,7850,7990,7849,27,113,1
0x4cd061,99.9309%,139,200985,201124,617,101,38,200368
0x412f44,97.6992%,138,5860,5998,5853,17,121,7
0x4d816c,86.8946%,138,915,1053,677,64,74,238
0x46526b,99.3834%,136,21922,22058,21920,47,89,2
0x4dadbb,92.2901%,135,1616,1751,1143,67,68,473
0x4bbab8,96.4058%,135,3621,3756,3502,54,81,119
0x47ce2b,97.2962%,134,4822,4956,4643,44,90,179
0x4bbd47,94.4073%,134,2262,2396,232,84,50,2030
0x4d8154,71.5812%,133,335,468,84,72,61,251
0x4b945f,88.9632%,132,1064,1196,643,57,75,421
0x5f1f0f,73.913%,132,374,506,287,60,72,87
0x47d3d4,99.2532%,131,17411,17542,17224,39,92,187
0x4790c8,98.5531%,131,8923,9054,8330,39,92,593
0x4c57d6,99.7289%,130,47818,47948,5316,86,44,42502
0x4d6491,99.1522%,130,15204,15334,14148,55,75,1056
0x4a7a6d,78.956%,129,484,613,365,58,71,119
0x4d9118,96.7347%,128,3792,3920,448,84,44,3344
0x4c466b,99.9278%,128,177135,177263,1825,109,19,175310
0x46d169,93.0811%,128,1722,1850,1086,53,75,636
0x4cb570,98.4876%,127,8270,8397,318,89,38,7952
0x4d5e08,96.1348%,125,3109,3234,1637,62,63,1472
0x47a1c0,98.8418%,125,10668,10793,10419,47,78,249
0x50fac9,98.9105%,123,11167,11290,10830,27,96,337
0x50feaa,99.3452%,123,18662,18785,47,92,31,18615
0x4bee38,99.9009%,123,124044,124167,121633,46,77,2411
0x478b1d,95.9406%,123,2907,3030,2175,47,76,732
0x4d57e3,95.8895%,122,2846,2968,1931,56,66,915
0x5ef1f8,92.4645%,122,1497,1619,1306,39,83,191
0x445db4,91.7679%,122,1360,1482,937,77,45,423
0x5f0510,97.4767%,122,4713,4835,146,81,41,4567
0x4c96ce,97.8933%,120,5576,5696,652,73,47,4924
0x46d62a,89.5522%,119,1020,1139,247,67,52,773
0x4c4ce1,97.7874%,118,5215,5333,3756,72,46,1459
0x4b9488,89.7906%,117,1029,1146,582,68,49,447
0x4d58be,98.8701%,117,10238,10355,6913,51,66,3325
0x5f0c64,91.1653%,116,1197,1313,1027,54,62,170
0x5f1d93,94.1207%,115,1841,1956,1830,33,82,11
0x608b6e,99.5624%,114,25939,26053,705,77,37,25234
0x5f06d7,97.809%,114,5089,5203,3334,60,54,1755
0x476575,97.2161%,113,3946,4059,3570,47,66,376
0x47907c,98.9603%,112,10660,10772,1437,71,41,9223
0x4bf7b0,99.4125%,112,18953,19065,18786,32,80,167
0x50afff,99.807%,110,56884,56994,56862,21,89,22
0x465998,98.95%,110,10366,10476,10363,37,73,3
0x4d8ff1,99.5605%,110,24921,25031,3429,55,55,21492
0x4be64b,98.8614%,110,9551,9661,3,100,10,9548
0x5f05b2,51.5419%,110,117,227,4,69,41,113
0x4d9013,95.016%,109,2078,2187,1630,49,60,448
0x46feb4,99.5931%,108,26436,26544,20313,33,75,6123
0x46ff45,99.6085%,108,27476,27584,22612,86,22,4864
0x4d63ae,98.8564%,108,9336,9444,691,80,28,8645
0x48c8e1,98.5192%,107,7119,7226,2545,66,41,4574
0x606918,94.0654%,107,1696,1803,1432,67,40,264
0x47b23e,99.1155%,106,11878,11984,562,68,38,11316
0x47b59a,96.3053%,106,2763,2869,201,28,78,2562
0x4cb46c,99.069%,105,11173,11278,75,84,21,11098
0x4c6e4e,98.5824%,105,7302,7407,4732,54,51,2570
0x4d5cbd,99.336%,104,15559,15663,15318,16,88,241
0x478145,96.2071%,104,2638,2742,1064,59,45,1574
0x4d8ee0,99.0824%,104,11230,11334,6880,67,37,4350
0x418c92,95.3583%,103,2116,2219,907,54,49,1209
0x477f29,98.0101%,102,5024,5126,4213,46,56,811
0x49ca8b,95.7952%,101,2301,2402,1790,43,58,511
0x4d7510,98.954%,100,9460,9560,2026,61,39,7434
0x401d01,96.6102%,100,2850,2950,2238,30,70,612
0x4cc600,99.7125%,100,34681,34781,33896,38,62,785
0x465263,99.5529%,99,22044,22143,0,85,14,22044
0x46598d,99.068%,99,10523,10622,66,80,19,10457
0x408da2,92.8623%,99,1288,1387,1286,25,74,2
0x4ca8cb,98.0144%,99,4887,4986,2254,55,44,2633
0x608c9e,65.9794%,99,192,291,23,65,34,169
0x4d5847,98.6117%,98,6961,7059,5608,41,57,1353
0x419b51,94.4318%,98,1662,1760,1662,34,64,0
0x4079ac,99.3105%,97,13972,14069,13972,12,85,0
0x4b9ca6,86.7667%,97,636,733,132,56,41,504
0x4d63c0,98.3887%,97,5923,6020,5864,31,66,59
0x4be9ca,87.8173%,96,692,788,556,60,36,136
0x46c2b9,98.0316%,96,4781,4877,4204,39,57,577
0x50fe76,90.4762%,96,912,1008,329,81,15,583
0x4bb042,88.228%,95,712,807,612,41,54,100
0x47668f,99.1597%,95,11210,11305,10439,31,64,771
0x419607,93.7003%,95,1413,1508,778,38,57,635
0x4d6e33,93.0352%,95,1269,1364,818,57,38,451
0x4ac30a,91.9244%,94,1070,1164,851,43,51,219
0x478f00,98.1633%,94,5024,5118,4104,49,45,920
0x4d5a25,97.682%,93,3919,4012,2257,34,59,1662
0x4bc161,90.0215%,93,839,932,758,50,43,81
0x4cb64b,97.5533%,93,3708,3801,3470,27,66,238
0x4bd359,97.2894%,93,3338,3431,3156,34,59,182
0x5ef4fe,94.2557%,93,1526,1619,516,55,38,1010
0x60a278,89.0866%,92,751,843,44,58,34,707
0x4d0758,98.9274%,92,8485,8577,624,58,34,7861
0x477fa8,97.3013%,92,3317,3409,147,66,26,3170
0x4ba3b8,76.8844%,92,306,398,150,42,50,156
0x48c6c4,98.8594%,92,7974,8066,1265,76,16,6709
0x4766f0,95.3595%,91,1870,1961,1317,31,60,553
0x479acf,99.2481%,90,11880,11970,1252,51,39,10628
0x4d57d9,97.7612%,90,3930,4020,1006,46,44,2924
0x479c8c,99.0701%,90,9588,9678,9241,40,50,347
0x4cb476,99.1996%,89,11030,11119,2304,36,53,8726
0x4d64a8,99.4196%,89,15245,15334,14001,31,58,1244
0x4bb1b2,98.8428%,89,7602,7691,3777,41,48,3825
0x5f070b,69.7279%,89,205,294,96,43,46,109
0x47c4cc,98.5797%,88,6108,6196,0,0,88,6108
0x4c4439,86.5031%,88,564,652,116,61,27,448
0x478c91,98.3221%,87,5098,5185,3455,43,44,1643
0x418f89,96.0775%,87,2131,2218,2127,27,60,4
0x5fac8e,90.4396%,87,823,910,321,28,59,502
0x4d10ec,87.2969%,86,591,677,219,49,37,372
0x4ba395,99.2724%,86,11733,11819,11583,30,56,150
0x479e45,99.1217%,85,9593,9678,8468,33,52,1125
0x4d90de,96.5404%,84,2344,2428,466,58,26,1878
0x4a7aa2,86.2969%,84,529,613,215,38,46,314
0x4d8a4c,97.6136%,84,3436,3520,3363,31,53,73
0x4c4e38,97.9225%,82,3865,3947,3137,36,46,728
0x419ade,90.7345%,82,803,885,697,40,42,106
0x47c5df,98.6766%,82,6114,6196,5834,28,54,280
0x417fc1,99.7339%,81,30357,30438,27528,34,47,2829
0x47c860,96.002%,80,1921,2001,1872,38,42,49
0x47697e,95.9653%,79,1879,1958,78,32,47,1801
0x4bdca4,99.5749%,79,18507,18586,13304,45,34,5203
0x4b96f9,97.8219%,79,3548,3627,1692,41,38,1856
0x443770,94.6694%,79,1403,1482,752,28,51,651
0x4b959e,98.9815%,78,7580,7658,191,66,12,7389
0x5f096d,95.4861%,78,1650,1728,1628,39,39,22
0x476ac7,98.3247%,78,4578,4656,1726,58,20,2852
0x60a222,67.3729%,77,159,236,78,24,53,81
0x4c7b00,99.3538%,77,11839,11916,10445,44,33,1394
0x5f0837,90.5289%,77,736,813,530,49,28,206
0x4d619e,99.4886%,76,14786,14862,196,58,18,14590
0x48d722,98.7877%,76,6193,6269,5910,19,57,283
0x50fb5d,95.0585%,76,1462,1538,934,38,38,528
0x5f1df2,92.8571%,75,975,1050,919,26,49,56
0x464977,64.2857%,75,135,210,0,52,23,135
0x4bd988,97.7732%,75,3293,3368,3094,25,50,199
0x4ac923,91.3953%,74,786,860,163,39,35,623
0x609759,98.2918%,74,4258,4332,3540,39,35,718
0x4c4d8c,97.5828%,73,2947,3020,2796,36,37,151
0x477f3a,98.3095%,72,4187,4259,3381,28,44,806
0x462da2,84.5494%,72,394,466,104,32,40,290
0x60a376,85.6%,72,428,500,425,25,47,3
0x5f31d0,83.0144%,71,347,418,94,40,31,253
0x60a165,99.3932%,71,11630,11701,10839,22,49,791
0x4c57c3,88.3914%,70,533,603,520,18,52,13
0x4cf853,99.5855%,69,16576,16645,16352,17,52,224
0x46c9d5,96.2803%,69,1786,1855,1533,35,34,253
0x4c6bd4,97.8989%,69,3215,3284,154,50,19,3061
0x4210ae,92.4276%,68,830,898,470,26,42,360
0x465256,71.308%,68,169,237,0,61,7,169
0x4a72b5,78.8162%,68,253,321,61,34,34,192
0x4a2534,83.693%,68,349,417,113,47,21,236
0x427a0e,75.4579%,67,206,273,13,35,32,193
0x48c9a1,99.1694%,67,7999,8066,1804,50,17,6195
0x5f07d4,69.5455%,67,153,220,89,38,29,64
0x476b41,98.561%,67,4589,4656,225,42,25,4364
0x4a116f,88.0651%,66,487,553,68,15,51,419
0x4bac04,96.3596%,66,1747,1813,65,43,23,1682
0x4ac305,94.9541%,66,1242,1308,113,31,35,1129
0x50fb99,96.7423%,66,1960,2026,1285,32,34,675
0x4bbd7c,97.2454%,66,2330,2396,162,50,16,2168
0x46d63d,92.2424%,64,761,825,162,35,29,599
0x479b08,99.4737%,63,11907,11970,11788,34,29,119
0x60a592,78.3217%,62,224,286,223,24,38,1
0x4c7adc,98.046%,62,3111,3173,1857,36,26,1254
0x476f1a,97.0192%,62,2018,2080,1148,30,32,870
0x47b906,97.839%,62,2807,2869,2591,32,30,216
0x475fca,99.6398%,62,17153,17215,1032,35,27,16121
0x5f0b00,72.6872%,62,165,227,148,27,35,17
0x47006d,99.766%,62,26435,26497,22128,27,35,4307
0x4cc552,99.7718%,62,27107,27169,2260,37,25,24847
0x417f16,99.8%,61,30443,30504,452,46,15,29991
0x5f0c78,95.3542%,61,1252,1313,667,34,27,585
0x467cbe,70.7317%,60,145,205,85,29,31,60
0x5f1f24,62.2642%,60,99,159,35,36,24,64
0x45734a,83.6957%,60,308,368,200,30,30,108
0x46c530,99.0786%,60,6452,6512,74,27,33,6378
0x4c4e7e,98.7788%,60,4853,4913,2316,30,30,2537
0x4ba80d,99.8604%,60,42919,42979,42024,23,37,895
0x4bee01,99.9525%,59,124228,124287,67,53,6,124161
0x48c9a6,99.0502%,59,6153,6212,5107,18,41,1046
0x4ac326,95.4893%,59,1249,1308,320,36,23,929
0x4c4e8e,97.7016%,59,2508,2567,577,34,25,1931
0x4d0e42,94.0937%,58,924,982,105,32,26,819
0x476d41,98.7543%,58,4598,4656,398,38,20,4200
0x4572d5,94.4123%,58,980,1038,881,19,39,99
0x5f0936,95.7132%,58,1295,1353,217,10,48,1078
0x4ba518,98.876%,58,5102,5160,67,36,22,5035
0x479006,98.8667%,58,5060,5118,5032,36,22,28
0x4c0311,97.4497%,57,2178,2235,2126,22,35,52
0x49cf89,97.627%,57,2345,2402,1616,18,39,729
0x4cbcf6,99.0921%,57,6221,6278,6206,14,43,15
0x4d634d,95.44%,57,1193,1250,24,46,11,1169
0x45fef5,99.1415%,56,6467,6523,6,34,22,6461
0x47b4ea,99.4521%,56,10164,10220,1185,39,17,8979
0x47be60,96.3801%,56,1491,1547,87,29,27,1404
0x4a7a5c,91.6042%,56,611,667,15,39,17,596
0x4be5b4,99.4551%,56,10221,10277,591,25,31,9630
0x469919,93.743%,56,839,895,607,22,34,232
0x45b59a,99.2486%,56,7397,7453,7377,55,1,20
0x4c9e66,99.5825%,56,13358,13414,63,49,7,13295
0x46d0ba,97.5997%,56,2277,2333,541,28,28,1736
0x47bd53,96.4447%,55,1492,1547,174,38,17,1318
0x5f0741,66.2577%,55,108,163,70,23,32,38
0x4cbe76,99.1836%,55,6682,6737,11,29,26,6671
0x609a08,96.9388%,54,1710,1764,934,44,10,776
0x47b39e,99.4716%,54,10166,10220,2561,31,23,7605
0x5f0726,65.1613%,54,101,155,27,30,24,74
0x50fb28,99.2532%,54,7177,7231,155,40,14,7022
0x41af5b,97.706%,54,2300,2354,2248,17,37,52
0x4437d7,96.3563%,54,1428,1482,987,27,27,441
0x4cb4a0,99.3849%,54,8725,8779,7518,17,37,1207
0x4ba981,99.1192%,53,5964,6017,5944,19,34,20
0x60974b,97.9321%,53,2510,2563,1886,21,32,624
0x4d318d,99.0864%,53,5748,5801,3007,39,14,2741
0x4be9ad,99.048%,53,5514,5567,0,39,14,5514
0x4ca634,99.5384%,53,11430,11483,2351,30,23,9079
0x4c54f1,99.5345%,53,11333,11386,8436,22,31,2897
0x408c29,83.2808%,53,264,317,99,41,12,165
0x48c702,98.5984%,52,3658,3710,2705,20,32,953
0x46d706,84.5238%,52,284,336,76,21,31,208
0x476922,96.1367%,52,1294,1346,1201,25,27,93
0x4c6bc5,98.4366%,52,3274,3326,0,42,10,3274
0x6068a7,97.1877%,52,1797,1849,14,32,20,1783
0x4cfc97,99.3909%,52,8485,8537,8476,26,26,9
0x4a7637,83.1715%,52,257,309,257,52,0,0
0x4c6cb6,99.1046%,51,5645,5696,5551,21,30,94
0x609a2a,81.3187%,51,222,273,45,24,27,177
0x4015a1,98.1181%,51,2659,2710,1947,30,21,712
0x60a4e2,50%,51,51,102,32,7,44,19
0x4d8f71,99.7439%,51,19866,19917,17597,20,31,2269
0x4571ec,97.3993%,51,1910,1961,1780,20,31,130
0x4571f6,97.3993%,51,1910,1961,285,37,14,1625
0x476bbd,98.838%,51,4338,4389,4150,17,34,188
0x4d3754,98.2999%,50,2891,2941,2883,42,8,8
0x4b8baa,99.666%,50,14919,14969,14919,50,0,0
0x60afda,86.7374%,50,327,377,46,25,25,281
0x476824,97.4503%,50,1911,1961,1310,38,12,601
0x47bdf8,76.4151%,50,162,212,21,29,21,141
0x47695b,96.2908%,50,1298,1348,208,26,24,1090
0x4c5c5b,99.8839%,50,43002,43052,42491,11,39,511
0x479baa,99.5906%,49,11921,11970,0,0,49,11921
0x4d078c,99.3683%,49,7708,7757,7587,16,33,121
0x47a1fb,99.5469%,49,10765,10814,31,34,15,10734
0x4d0813,98.8538%,49,4226,4275,4213,41,8,13
0x47c8bb,74.7423%,49,145,194,81,24,25,64
0x4ca756,98.6611%,48,3537,3585,2318,21,27,1219
0x401fff,98.6464%,48,3498,3546,6,26,22,3492
0x4196ce,97.8417%,48,2176,2224,2176,48,0,0
0x47b18a,99.6052%,48,12111,12159,0,0,48,12111
0x4a72e2,85.0467%,48,273,321,201,26,22,72
0x4adb91,91.3978%,48,510,558,356,18,30,154
0x4b94ea,93.3989%,47,665,712,641,27,20,24
0x48cb24,98.1999%,47,2564,2611,948,36,11,1616
0x48bbcb,98.427%,47,2941,2988,315,24,23,2626
0x41b056,97.6744%,47,1974,2021,1934,21,26,40
0x4c43f7,99.6336%,47,12782,12829,11,37,10,12771
0x5f056d,99.6216%,47,12375,12422,0,0,47,12375
0x4c256d,99.5127%,47,9597,9644,9553,31,16,44
0x476e01,99.4587%,47,8635,8682,4521,34,13,4114
0x4d76c5,98.8158%,47,3922,3969,481,25,22,3441
0x4ca12c,99.2649%,47,6347,6394,106,16,31,6241
0x4baf12,99.4019%,46,7645,7691,181,37,9,7464
0x418972,99.8482%,46,30261,30307,25566,21,25,4695
0x50fb33,99.3462%,46,6990,7036,6963,13,33,27
0x4b905a,99.7615%,46,19242,19288,9604,40,6,9638
0x4189fd,99.8482%,46,30261,30307,470,27,19,29791
0x4ca7d9,98.7169%,46,3539,3585,2074,13,33,1465
0x4a618a,86.7435%,46,301,347,34,20,26,267
0x48bbef,98.2635%,46,2603,2649,1668,21,25,935
0x46b156,96.0918%,46,1131,1177,53,24,22,1078
0x4da9e9,99.3983%,45,7434,7479,127,23,22,7307
0x50fb8e,97.8334%,45,2032,2077,37,14,31,1995
0x4644de,88.3721%,45,342,387,0,0,45,342
0x46c841,97.5741%,45,1810,1855,1340,26,19,470
0x609828,95.8791%,45,1047,1092,505,30,15,542
0x4d1a7b,85.4369%,45,264,309,6,30,15,258
0x476530,98.9125%,45,4093,4138,4037,22,23,56
0x476f1f,98.9968%,44,4342,4386,419,21,23,3923
0x4b95ba,82.8794%,44,213,257,112,23,21,101
0x4c77ef,92.1288%,44,515,559,74,28,16,441
0x418e6d,93.1571%,44,599,643,0,0,44,599
0x4be9e1,99.1113%,44,4907,4951,273,30,14,4634
0x41a563,98.91%,43,3902,3945,3672,23,20,230
0x46751f,79.0244%,43,162,205,93,21,22,69
0x4cf5b0,99.791%,43,20528,20571,20384,9,34,144
0x478afb,99.1707%,43,5142,5185,3006,24,19,2136
0x4daa08,99.4124%,43,7275,7318,7275,43,0,0
0x46c781,97.6819%,43,1812,1855,868,20,23,944
0x4ac92b,93.617%,42,616,658,77,23,19,539
0x4d8a6c,98.7625%,42,3352,3394,3328,8,34,24
0x408d0a,70%,42,98,140,45,19,23,53
0x5f0844,82.0513%,42,192,234,177,18,24,15
0x609928,98.7372%,42,3284,3326,2891,10,32,393
0x50fa38,77.7778%,42,147,189,3,25,17,144
0x479eac,96.8109%,42,1275,1317,1047,28,14,228
0x4df1f5,73.5849%,42,117,159,49,23,19,68
0x4c456f,99.3345%,42,6269,6311,51,39,3,6218
0x4d583e,99.4156%,42,7145,7187,98,30,12,7047
0x4bc11c,98.2888%,41,2355,2396,2089,27,14,266
0x4c5829,99.9145%,41,47907,47948,42589,24,17,5318
0x4bb2f8,99.1143%,41,4588,4629,4588,41,0,0
0x47bc5d,83.0579%,41,201,242,14,16,25,187
0x4cbcbc,97.0182%,41,1334,1375,977,20,21,357
0x5fa266,88.0466%,41,302,343,72,27,14,230
0x60ba5a,90.9292%,41,411,452,72,23,18,339
0x50fd73,86.7314%,41,268,309,2,14,27,266
0x4c4d21,99.7577%,41,16877,16918,27,33,8,16850
0x463368,57.2917%,41,55,96,11,25,16,44
0x4d8b96,68.254%,40,86,126,7,23,17,79
0x4bedac,98.7496%,40,3159,3199,3138,17,23,21
0x48cb3f,97.9654%,40,1926,1966,980,18,22,946
0x48c981,99.1209%,40,4510,4550,1070,29,11,3440
0x4b9ff0,95.4442%,40,838,878,815,6,34,23
0x4d1063,90.22%,40,369,409,223,17,23,146
0x476da2,99.0521%,40,4180,4220,3900,10,30,280
0x4cab35,98.2676%,40,2269,2309,82,35,5,2187
0x41a520,99.2378%,39,5078,5117,53,31,8,5025
0x6097dd,98.2774%,39,2225,2264,1855,15,24,370
0x4bd321,98.8803%,39,3444,3483,22,30,9,3422
0x5ee9b3,82.1101%,39,179,218,176,33,6,3
0x4a72a3,91.7722%,39,435,474,100,16,23,335
0x40205a,98.7508%,39,3083,3122,0,0,39,3083
0x478b61,98.7129%,39,2991,3030,1498,27,12,1493
0x4a84fa,79.7927%,39,154,193,141,20,19,13
0x46e96b,95.8155%,39,893,932,893,39,0,0
0x4cc712,99.7837%,39,17995,18034,0,20,19,17995
0x4bdd44,97.5175%,39,1532,1571,974,18,21,558
0x47b935,84.1463%,39,207,246,7,23,16,200
0x4cc4cc,99.866%,38,28323,28361,28323,38,0,0
0x60a94a,80.2083%,38,154,192,19,24,14,135
0x4ca7f4,97.4633%,38,1460,1498,1084,19,19,376
0x4c6ab0,99.6649%,38,11302,11340,3482,24,14,7820
0x476589,91.4027%,38,404,442,162,27,11,242
0x4a24e4,90.404%,38,358,396,329,17,21,29
0x4c2360,97.3145%,38,1377,1415,12,21,17,1365
0x5fa313,47.1429%,37,33,70,7,12,25,26
0x60b27a,93.6644%,37,547,584,86,8,29,461
0x4d62e1,99.751%,37,14822,14859,86,19,18,14736
0x4a24c6,92.0771%,37,430,467,42,29,8,388
0x45734f,96.4355%,37,1001,1038,76,13,24,925
0x4b9e76,98.847%,37,3172,3209,143,21,16,3029
0x412f33,99.3868%,37,5997,6034,14,22,15,5983
0x4a7a53,94.8611%,37,683,720,35,18,19,648
0x4c492b,94.3511%,37,618,655,564,15,22,54
0x4c7b0b,97.4071%,37,1390,1427,308,24,13,1082
0x417f3a,99.8767%,37,29969,30006,187,35,2,29782
0x4670fc,95.1823%,37,731,768,127,12,25,604
0x4b9568,99.562%,37,8411,8448,48,28,9,8363
0x50fc4e,98.709%,37,2829,2866,379,25,12,2450
0x4655a9,90.6977%,36,351,387,235,18,18,116
0x41a678,99.502%,36,7193,7229,352,24,12,6841
0x465593,90.6977%,36,351,387,351,36,0,0
0x408c5d,79.661%,36,141,177,74,26,10,67
0x4d5ab3,99.843%,36,22901,22937,7250,24,12,15651
0x4d76f0,99.093%,36,3933,3969,2305,19,17,1628
0x50fc5b,86.2595%,36,226,262,102,10,26,124
0x4a251b,91.3669%,36,381,417,352,31,5,29
0x4c6e83,98.7705%,36,2892,2928,72,22,14,2820
0x401652,95.0887%,36,697,733,508,14,22,189
0x4df6f7,50%,36,36,72,32,31,5,4
0x4e2668,63.1579%,35,60,95,43,19,16,17
0x5f1da1,62.3656%,35,58,93,41,17,18,17
0x48c543,98.4756%,35,2261,2296,323,16,19,1938
0x476e94,99.2121%,35,4407,4442,33,23,12,4374
0x60a2c0,65.6863%,35,67,102,38,12,23,29
0x4a2b73,87.4101%,35,243,278,217,21,14,26
0x4a1192,91.9355%,35,399,434,364,18,17,35
0x407c43,99.7523%,35,14096,14131,14096,25,10,0
0x4c3c24,97.1637%,35,1199,1234,1191,16,19,8
0x47980d,99.3357%,34,5084,5118,674,15,19,4410
0x47afe6,99.5578%,34,7655,7689,7640,21,13,15
0x445af0,95.1567%,34,668,702,217,17,17,451
0x421013,99.4711%,34,6394,6428,93,18,16,6301
0x6099ad,97.2085%,34,1184,1218,992,20,14,192
0x4b8e0d,97.8697%,34,1562,1596,1558,22,12,4
0x47abcf,98.4149%,34,2111,2145,2061,19,15,50
0x4baf43,95.8076%,34,777,811,763,13,21,14
0x46d0c4,98.1293%,33,1731,1764,263,24,9,1468
0x5f0c6e,85.7759%,33,199,232,190,15,18,9
0x4b9585,95.3782%,33,681,714,80,23,10,601
0x609918,96.4668%,33,901,934,783,13,20,118
0x4bc1ff,98.436%,33,2077,2110,165,16,17,1912
0x47b1b7,99.7286%,33,12126,12159,11965,19,14,161
0x49efa6,75.188%,33,100,133,49,1,32,51
0x417fa0,99.8918%,33,30471,30504,40,26,7,30431
0x4ac918,96.4592%,33,899,932,56,16,17,843
0x4cc832,99.698%,33,10894,10927,10892,7,26,2
0x4764f3,99.2025%,33,4105,4138,4105,33,0,0
0x418eae,97.9048%,33,1542,1575,1542,16,17,0
0x479e6d,97.4943%,33,1284,1317,1284,33,0,0
0x466d2c,93.279%,33,458,491,236,13,20,222
0x4bb83a,90.9341%,33,331,364,111,11,22,220
0x4d0701,99.4348%,33,5806,5839,13,27,6,5793
0x50fa46,83.0688%,32,157,189,153,17,15,4
0x4b0996,92.233%,32,380,412,188,18,14,192
0x470057,99.8793%,32,26480,26512,0,15,17,26480
0x45de02,89.644%,32,277,309,0,0,32,277
0x4d7526,99.6653%,32,9528,9560,9528,32,0,0
0x46d6cd,90.4762%,32,304,336,189,20,12,115
0x60a7fa,85.6502%,32,191,223,46,16,16,145
0x50fbd9,95.4866%,32,677,709,677,7,25,0
0x4adbee,83.3333%,32,160,192,148,27,5,12
0x4da95d,99.5721%,32,7447,7479,55,23,9,7392
0x4d2de2,99.653%,32,9189,9221,9137,26,6,52
0x609731,99.2967%,32,4518,4550,3819,16,16,699
0x421026,99.4934%,32,6285,6317,1338,14,18,4947
0x4c4ee3,98.8296%,32,2702,2734,2369,16,16,333
0x60903d,95.5556%,32,688,720,614,18,14,74
0x479eb6,86.7769%,32,210,242,72,9,23,138
0x4bbacc,82.7957%,32,154,186,50,24,8,104
0x60aa9a,84.8341%,32,179,211,27,19,13,152
0x4014e2,98.8192%,32,2678,2710,2678,32,0,0
0x45c284,92.9978%,32,425,457,375,13,19,50
0x4cab42,98.5401%,32,2160,2192,95,24,8,2065
0x40743c,99.79%,31,14729,14760,14729,8,23,0
0x4d5c8e,99.8021%,31,15632,15663,15629,14,17,3
0x420bf5,97.6497%,31,1288,1319,0,0,31,1288
0x46012c,99.5248%,31,6492,6523,6475,23,8,17
0x4a79f7,71.028%,31,76,107,37,17,14,39
0x4c3a08,99.9959%,31,756082,756113,0,0,31,756082
0x4ca52d,99.9835%,31,187953,187984,184351,6,25,3602
0x401895,99.6239%,31,8211,8242,466,24,7,7745
0x60ae8a,68.3673%,31,67,98,51,6,25,16
0x428065,56.9444%,31,41,72,24,18,13,17
0x4d115e,92.4205%,31,378,409,181,19,12,197
0x4a6178,91.3545%,30,317,347,305,8,22,12
0x4b8bd8,99.7996%,30,14939,14969,14818,11,19,121
0x6098ad,98.6345%,30,2167,2197,1963,15,15,204
0x48cb7e,98.4741%,30,1936,1966,1297,17,13,639
0x4bee58,98.8024%,30,2475,2505,1,16,14,2474
0x5fa2fe,69.0722%,30,67,97,15,12,18,52
0x401d28,98.9831%,30,2920,2950,251,21,9,2669
0x4d9092,99.3392%,30,4510,4540,709,24,6,3801
0x4bf7ee,99.4445%,30,5371,5401,5364,10,20,7
0x5f0b2a,55.8824%,30,38,68,19,9,21,19
0x4a239e,92.8058%,30,387,417,371,12,18,16
0x49843b,65.1163%,30,56,86,18,3,27,38
0x4c5985,99.9374%,30,47861,47891,226,15,15,47635
0x4a1177,93.617%,30,440,470,15,21,9,425
0x40187d,99.6362%,30,8216,8246,0,4,26,8216
0x4b9c5b,99.7739%,29,12798,12827,12798,12,17,0
0x4210c4,92.1833%,29,342,371,324,19,10,18
0x479089,99.687%,29,9235,9264,9041,13,16,194
0x50fc40,97.0498%,29,954,983,535,23,6,419
0x4d8ffa,99.8654%,29,21518,21547,19340,20,9,2178
0x458b1a,46.2963%,29,25,54,25,29,0,0
0x5fa256,92.0765%,29,337,366,0,23,6,337
0x4a72f4,87.2247%,29,198,227,4,13,16,194
0x5f0cf6,95.8631%,29,672,701,658,8,21,14
0x4a6219,84.7368%,29,161,190,121,15,14,40
0x4c519f,98.727%,29,2249,2278,221,16,13,2028
0x46c84c,94.0695%,29,460,489,114,18,11,346
0x4c3b8e,97.6499%,29,1205,1234,1205,29,0,0
0x47c572,99.532%,29,6167,6196,6042,16,13,125
0x60abea,81.0811%,28,120,148,26,13,15,94
0x408a71,91.1672%,28,289,317,0,0,28,289
0x5ef1c3,93.722%,28,418,446,399,13,15,19
0x5f07d6,69.8925%,28,65,93,27,12,16,38
0x4d61fd,94.1053%,28,447,475,164,10,18,283
0x4a0856,85.2632%,28,162,190,141,13,15,21
0x48c294,94.1423%,28,450,478,0,0,28,450
0x4a32ab,88.2353%,28,210,238,84,17,11,126
0x50f4f4,99.0719%,28,2989,3017,0,0,28,2989
0x46d16f,96.0619%,28,683,711,683,28,0,0
0x4d0e1b,97.1487%,28,954,982,725,20,8,229
0x60b90a,82.9268%,28,136,164,27,16,12,109
0x479072,99.7414%,28,10798,10826,32,22,6,10766
0x427a34,86.6667%,28,182,210,131,13,15,51
0x41893c,88.755%,28,221,249,119,12,16,102
0x46d646,95.7006%,27,601,628,223,16,11,378
0x4210bc,93.2836%,27,375,402,18,13,14,357
0x4a7238,82.3529%,27,126,153,103,13,14,23
0x5f078d,80.5755%,27,112,139,54,11,16,58
0x4d631d,97.9118%,27,1266,1293,0,17,10,1266
0x48cc1c,91.6667%,27,297,324,0,0,27,297
0x47d2e5,99.4542%,27,4920,4947,4913,7,20,7
0x4d600f,99.1651%,27,3207,3234,3207,27,0,0
0x477f0f,99.4797%,27,5162,5189,47,16,11,5115
0x5f2c2a,99.741%,27,10399,10426,0,0,27,10399
0x4996e8,95.7075%,27,602,629,1,17,10,601
0x4a7ab1,92.5%,27,333,360,262,13,14,71
0x4c457c,99.566%,27,6194,6221,0,0,27,6194
0x463509,72.9167%,26,70,96,0,0,26,70
0x4a23d1,92.5501%,26,323,349,272,6,20,51
0x4c6269,98.4954%,26,1702,1728,1702,26,0,0
0x418bf5,99.0884%,26,2826,2852,2826,26,0,0
0x4bc24b,79.0323%,26,98,124,69,8,18,29
0x479e14,99.7313%,26,9652,9678,37,22,4,9615
0x4ac32f,97.2689%,26,926,952,17,17,9,909
0x4be006,74.7573%,26,77,103,76,13,13,1
0x4b2f82,61.7647%,26,42,68,24,10,16,18
0x465230,94.6612%,26,461,487,461,13,13,0
0x608b68,99.9014%,26,26336,26362,294,15,11,26042
0x42080d,84.9711%,26,147,173,115,17,9,32
0x47aa76,99.8986%,26,25624,25650,70,20,6,25554
0x476526,99.3717%,26,4112,4138,0,0,26,4112
0x4d630d,99.4081%,26,4367,4393,3088,12,14,1279
0x4769bb,98.6721%,26,1932,1958,1932,26,0,0
0x4e069b,63.8889%,26,46,72,10,11,15,36
0x60a2c6,50%,26,26,52,11,16,10,15
0x4c260b,99.8437%,26,16611,16637,16610,6,20,1
0x4d74e3,99.7385%,25,9535,9560,0,6,19,9535
0x4a2b5f,69.8795%,25,58,83,38,12,13,20
0x609d37,51.9231%,25,27,52,0,0,25,27
0x5fac9a,99.8154%,25,13516,13541,13408,12,13,108
0x418a04,99.9161%,25,29785,29810,1231,20,5,28554
0x50fe6a,97.5345%,25,989,1014,0,6,19,989
0x47dd71,98.9579%,25,2374,2399,2373,14,11,1
0x48cb0b,99.1499%,25,2916,2941,314,16,9,2602
0x463b17,96.8314%,25,764,789,762,18,7,2
0x4abeeb,82.8767%,25,121,146,64,16,9,57
0x46d36d,97.8051%,25,1114,1139,0,0,25,1114
0x47afce,99.6749%,25,7664,7689,384,20,5,7280
0x41897e,99.4703%,25,4695,4720,4695,25,0,0
0x4d07d4,99.6777%,25,7732,7757,673,9,16,7059
0x4d0570,99.6808%,25,7806,7831,7779,12,13,27
0x479e08,99.7417%,25,9653,9678,381,16,9,9272
0x4bdd04,99.2808%,25,3451,3476,1815,12,13,1636
0x467be0,72.5275%,25,66,91,15,15,10,51
0x4a84a6,87.0466%,25,168,193,85,9,16,83
0x6098eb,90.4%,24,226,250,141,7,17,85
0x420848,86.1272%,24,149,173,149,24,0,0
0x50f7da,92.429%,24,293,317,292,11,13,1
0x459cc6,84.9057%,24,135,159,114,15,9,21
0x48be1d,97.2881%,24,861,885,350,8,16,511
0x4c4152,97.8571%,24,1096,1120,0,17,7,1096
0x41d359,99.5088%,24,4862,4886,4862,8,16,0
0x5ef0ce,98.5176%,24,1595,1619,1041,7,17,554
0x48cad1,98.6524%,24,1757,1781,676,18,6,1081
0x48cd11,98.1352%,24,1263,1287,949,14,10,314
0x420a0b,98.0998%,24,1239,1263,0,0,24,1239
0x60ad3a,86.2857%,24,151,175,35,10,14,116
0x4d381c,99.184%,24,2917,2941,2917,24,0,0
0x41a4f4,99.668%,24,7205,7229,7174,13,11,31
0x5f0593,89.4273%,24,203,227,91,15,9,112
0x464583,93.7984%,24,363,387,173,6,18,190
0x476131,99.5716%,24,5578,5602,144,17,7,5434
0x48cb6b,98.5249%,24,1603,1627,643,16,8,960
0x49c965,99.0008%,24,2378,2402,2378,24,0,0
0x45c273,95.0207%,24,458,482,450,7,17,8
0x4bb47c,93.4066%,24,340,364,275,14,10,65
0x4a7afe,77.5701%,24,83,107,40,14,10,43
0x48cbbe,98.1735%,24,1290,1314,977,13,11,313
0x4995d9,96.1844%,24,605,629,605,24,0,0
0x60a89c,82.7338%,24,115,139,6,10,14,109
0x4e2448,66.6667%,24,48,72,37,11,13,11
0x418edf,98.9179%,24,2194,2218,2183,9,15,11
0x4a86d1,84.7134%,24,133,157,63,14,10,70
0x49ce6d,98.9395%,24,2239,2263,1811,22,2,428
0x49ef26,93.3884%,24,339,363,108,12,12,231
0x4adccb,93.8503%,23,351,374,86,20,3,265
0x460110,99.6476%,23,6503,6526,1,2,21,6502
0x478cfa,98.6366%,23,1664,1687,102,15,8,1562
0x49c8cc,97.0052%,23,745,768,0,0,23,745
0x4cf56f,99.8882%,23,20548,20571,0,0,23,20548
0x4cc596,99.9896%,23,221081,221104,14,15,8,221067
0x47c8cc,98.7272%,23,1784,1807,1784,20,3,0
0x477e3a,85.3503%,23,134,157,134,23,0,0
0x463b97,99.0859%,23,2493,2516,2235,5,18,258
0x60addc,66.6667%,23,46,69,20,15,8,26
0x4d6337,98.1975%,23,1253,1276,0,17,6,1253
0x4d8b55,95.7643%,23,520,543,5,14,9,515
0x4bd312,99.3565%,23,3551,3574,81,10,13,3470
0x48ca02,98.7594%,23,1831,1854,1266,6,17,565
0x4bdd0e,98.6052%,23,1626,1649,60,18,5,1566
0x4c228f,98.7958%,23,1887,1910,1408,15,8,479
0x465276,90.2954%,23,214,237,156,6,17,58
0x46e9e2,97.5322%,23,909,932,424,11,12,485
0x417e2b,99.9246%,23,30481,30504,0,0,23,30481
0x4b8a17,77.8846%,23,81,104,46,6,17,35
0x41740d,82.8358%,23,111,134,71,17,6,40
0x4a72c0,88.9952%,23,186,209,132,10,13,54
0x49ea37,91.6058%,23,251,274,199,9,14,52
0x4a7313,84.9673%,23,130,153,99,17,6,31
0x49f3f5,91.6058%,23,251,274,67,5,18,184
0x4df8d9,70.6667%,22,53,75,50,13,9,3
0x45b040,90.678%,22,214,236,135,11,11,79
0x46570c,87.7095%,22,157,179,0,0,22,157
0x4dfe67,65.0794%,22,41,63,41,22,0,0
0x4b34d8,87.0588%,22,148,170,91,11,11,57
0x47ce3c,99.5561%,22,4934,4956,0,9,13,4934
0x46ce49,95.5645%,22,474,496,464,8,14,10
0x4c7a83,95.186%,22,435,457,205,9,13,230
0x40208c,99.3739%,22,3492,3514,3377,13,9,115
0x467980,26.6667%,22,8,30,0,0,22,8
0x609a16,97.201%,22,764,786,443,9,13,321
0x4766a1,99.8054%,22,11283,11305,0,13,9,11283
0x48c9b9,99.252%,22,2919,2941,1844,10,12,1075
0x427a1f,90.2222%,22,203,225,2,13,9,201
0x4cc33d,99.9936%,22,343194,343216,343178,9,13,16
0x4c2592,80.3571%,22,90,112,46,6,16,44
0x4184ec,62.069%,22,36,58,34,7,15,2
0x401fc3,99.3796%,22,3524,3546,3524,22,0,0
0x4280a5,47.619%,22,20,42,10,14,8,10
0x479645,96.5079%,22,608,630,580,5,17,28
0x49f6fe,91.9708%,22,252,274,233,7,15,19
0x4d65ec,99.9041%,22,22915,22937,21911,14,8,1004
0x4b9b79,90.2222%,22,203,225,52,13,9,151
0x4c7d71,99.3934%,22,3605,3627,0,0,22,3605
0x47cbd7,99.2358%,22,2857,2879,29,10,12,2828
0x5ee90a,88.5417%,22,170,192,170,22,0,0
0x47c5bb,99.6449%,22,6174,6196,6153,10,12,21
0x609ed6,82.4%,22,103,125,19,8,14,84
0x4a72a8,93.8547%,22,336,358,25,12,10,311
0x420902,98.2581%,22,1241,1263,0,0,22,1241
0x4c237b,97.6562%,21,875,896,38,13,8,837
0x498cb7,98.2982%,21,1213,1234,20,16,5,1193
0x4d8b48,97.9228%,21,990,1011,460,8,13,530
0x46d182,98.1563%,21,1118,1139,1118,21,0,0
0x49e975,92.3358%,21,253,274,195,11,10,58
0x479b0f,85.8108%,21,127,148,116,18,3,11
0x5ef09e,99.8061%,21,10811,10832,2482,9,12,8329
0x47ac12,67.6923%,21,44,65,44,21,0,0
0x50fc64,86%,21,129,150,39,0,21,90
0x4adc06,89.0625%,21,171,192,80,12,9,91
0x4a7334,86.2745%,21,132,153,102,14,7,30
0x4c5861,99.5906%,21,5109,5130,4888,8,13,221
0x49e988,69.1176%,21,47,68,20,14,7,27
0x460065,99.6782%,21,6505,6526,2,7,14,6503
0x50f5d9,99.2102%,21,2638,2659,0,0,21,2638
0x467253,97.2656%,21,747,768,588,5,16,159
0x60a383,58%,21,29,50,9,16,5,20
0x48bc1b,97.9146%,21,986,1007,466,12,9,520
0x4d76f7,98.7234%,21,1624,1645,1624,21,0,0
0x476e73,99.5272%,21,4421,4442,4421,21,0,0
0x4d9754,99.9002%,21,21018,21039,0,0,21,21018
0x478f29,97.8238%,21,944,965,27,11,10,917
0x49f4dd,92.2794%,21,251,272,233,5,16,18
0x47da24,99.2606%,21,2819,2840,0,0,21,2819
0x4c4593,99.6894%,21,6741,6762,710,17,4,6031
0x479fb5,98.4055%,21,1296,1317,1142,14,7,154
0x4a61aa,94.964%,21,396,417,351,12,9,45
0x4cfc22,99.8542%,21,14385,14406,5866,3,18,8519
0x4c4598,99.652%,21,6014,6035,5939,9,12,75
0x4be704,99.5929%,21,5137,5158,235,13,8,4902
0x4d642e,99.7928%,21,10115,10136,766,5,16,9349
0x60b9ac,51.1628%,21,22,43,1,9,12,21
0x4a088f,88.9474%,21,169,190,142,12,9,27
0x4c6cc7,83.0645%,21,103,124,33,16,5,70
0x476c8a,90.5405%,21,201,222,59,10,11,142
0x46c4aa,99.4347%,21,3694,3715,3694,15,6,0
0x4d58d1,90.8257%,20,198,218,121,8,12,77
0x46c2f9,96.8896%,20,623,643,622,12,8,1
0x4baaa5,99.6898%,20,6427,6447,1707,8,12,4720
0x4d2fdb,98.6676%,20,1481,1501,1481,20,0,0
0x46d7d4,93.4641%,20,286,306,281,13,7,5
0x4cce6e,98.8883%,20,1779,1799,127,15,5,1652
0x4ac96b,96.4158%,20,538,558,26,14,6,512
0x4a86b9,87.2611%,20,137,157,123,16,4,14
0x4a73a8,86.9281%,20,133,153,103,13,7,30
0x4c7d5b,99.4486%,20,3607,3627,0,0,20,3607
0x4c51bd,99.122%,20,2258,2278,2258,20,0,0
0x418a0e,99.93%,20,28539,28559,25573,13,7,2966
0x4d90b8,98.5497%,20,1359,1379,1271,12,8,88
0x4d4101,85.8156%,20,121,141,106,14,6,15
0x47819d,97.344%,20,733,753,53,16,4,680
0x45b32a,94.0653%,20,317,337,42,9,11,275
0x4ca09e,99.9865%,20,148054,148074,148054,10,10,0
0x4d3768,99.32%,20,2921,2941,2921,20,0,0
0x4d3e04,72.2222%,20,52,72,26,10,10,26
0x48bc10,98.4604%,20,1279,1299,278,14,6,1001
0x5114de,99.9894%,20,188093,188113,188093,20,0,0
0x464e9f,90.4762%,20,190,210,104,12,8,86
0x49ef53,91.6667%,20,220,240,164,10,10,56
0x4172c4,85.0746%,20,114,134,78,14,6,36
0x4a7ad6,92.0949%,20,233,253,170,15,5,63
0x4b8d2f,85.7143%,20,120,140,120,20,0,0
0x5ee9c6,99.376%,20,3185,3205,0,0,20,3185
0x4bafec,97.7604%,20,873,893,800,7,13,73
0x50fad3,95.3811%,20,413,433,8,7,13,405
0x408aa1,94.0063%,19,298,317,0,7,12,298
0x4df1dc,74.6667%,19,56,75,0,0,19,56
0x4996fa,96.8903%,19,592,611,0,0,19,592
0x476de7,99.5498%,19,4201,4220,80,13,6,4121
0x45b1ea,95.7778%,19,431,450,54,9,10,377
0x4ba639,98.2537%,19,1069,1088,3,15,4,1066
0x47c88b,90.2062%,19,175,194,166,14,5,9
0x4e2b22,73.6111%,19,53,72,2,11,8,51
0x478ead,99.6288%,19,5099,5118,5099,19,0,0
0x47c86d,79.1209%,19,72,91,71,18,1,1
0x4196ac,93.5811%,19,277,296,277,19,0,0
0x46f28f,59.5745%,19,28,47,0,0,19,28
0x45aa80,92.4603%,19,233,252,21,8,11,212
0x419436,99.9308%,19,27423,27442,25,13,6,27398
0x46e965,97.9614%,19,913,932,0,0,19,913
0x4c3ebe,98.4401%,19,1199,1218,1101,10,9,98
0x4d050f,99.7605%,19,7915,7934,22,13,6,7893
0x49aead,66.0714%,19,37,56,0,0,19,37
0x479c02,99.8413%,19,11951,11970,11815,7,12,136
0x475fa6,99.8896%,19,17196,17215,17196,19,0,0
0x49ef42,84.1667%,19,101,120,101,19,0,0
0x5f784b,76.8293%,19,63,82,1,2,17,62
0x60999c,87.8205%,19,137,156,14,11,8,123
0x4ca813,97.2504%,19,672,691,241,1,18,431
0x4ba427,99.2379%,19,2474,2493,2471,5,14,3
0x4baf23,99.7458%,19,7454,7473,6656,6,13,798
0x4d8a2b,99.4602%,19,3501,3520,3489,5,14,12
0x50f4f9,99.3702%,19,2998,3017,36,11,8,2962
0x47cbb2,99.6166%,19,4937,4956,2865,14,5,2072
0x50fe20,97.7515%,19,826,845,826,19,0,0
0x48c27b,98.5407%,19,1283,1302,818,6,13,465
0x464eb9,79.7872%,19,75,94,0,0,19,75
0x4a777f,93.8511%,19,290,309,200,6,13,90
0x47af45,99.2451%,19,2498,2517,0,0,19,2498
0x60b51a,62%,19,31,50,22,4,15,9
0x47c940,98.9468%,19,1785,1804,1771,5,14,14
0x4d8e8a,99.8847%,19,16461,16480,16461,17,2,0
0x4e2682,42.4242%,19,14,33,0,0,19,14
0x420813,53.6585%,19,22,41,0,0,19,22
0x4079ba,99.8721%,18,14051,14069,14051,8,10,0
0x427965,93.4066%,18,255,273,253,5,13,2
0x49e94c,94.375%,18,302,320,278,9,9,24
0x47a18f,88.8199%,18,143,161,139,1,17,4
0x408cfc,81.6327%,18,80,98,16,5,13,64
0x49a568,50%,18,18,36,18,18,0,0
0x427a5a,72.7273%,18,48,66,29,10,8,19
0x4c5157,99.6724%,18,5476,5494,12,10,8,5464
0x4c5c90,96.7972%,18,544,562,4,8,10,540
0x4b8a60,82.6923%,18,86,104,62,4,14,24
0x4c5754,99.5703%,18,4171,4189,4171,18,0,0
0x4d765e,99.8117%,18,9542,9560,9542,18,0,0
0x50fdf1,95.9091%,18,422,440,421,9,9,1
0x467216,87.0504%,18,121,139,119,6,12,2
0x4ba96b,99.7008%,18,5999,6017,0,0,18,5999
0x4a7701,94.1748%,18,291,309,291,18,0,0
0x4c4eaf,99.1739%,18,2161,2179,664,11,7,1497
0x47bad7,82.5243%,18,85,103,20,6,12,65
0x47805d,99.4697%,18,3376,3394,0,0,18,3376
0x4d0e4b,97.8698%,18,827,845,398,11,7,429
0x42102e,99.6375%,18,4947,4965,0,0,18,4947
0x469932,97.1383%,18,611,629,611,18,0,0
0x5fa328,64.7059%,18,33,51,6,9,9,27
0x46d653,94.2675%,18,296,314,0,8,10,296
0x4ac7ba,95.1872%,18,356,374,97,3,15,259
0x4d568f,99.2638%,18,2427,2445,2427,18,0,0
0x48cb87,97.2393%,18,634,652,519,14,4,115
0x41ae06,83.7838%,18,93,111,84,12,6,9
0x4df330,75%,18,54,72,42,9,9,12
0x47c4da,99.7095%,18,6178,6196,0,0,18,6178
0x4ca852,98.374%,18,1089,1107,1000,3,15,89
0x4671cc,97.6562%,18,750,768,612,17,1,138
0x476172,99.9464%,18,33533,33551,0,0,18,33533
0x46983b,95.8042%,18,411,429,327,7,11,84
0x4184ab,72.7273%,18,48,66,7,11,7,41
0x4a7810,83.1776%,18,89,107,0,0,18,89
0x5f30e8,99.3231%,18,2641,2659,0,0,18,2641
0x4571fb,98.9018%,18,1621,1639,22,12,6,1599
0x4da9f2,99.7544%,18,7311,7329,0,11,7,7311
0x49d29f,73.5294%,18,50,68,23,11,7,27
0x418f35,99.1885%,18,2200,2218,2200,18,0,0
0x45aca8,93.254%,17,235,252,235,17,0,0
0x406cf3,60.4651%,17,26,43,6,4,13,20
0x457e7c,52.7778%,17,19,36,11,1,16,8
0x418c1c,99.3367%,17,2546,2563,2546,17,0,0
0x4d405d,87.9433%,17,124,141,124,17,0,0
0x4a4b50,0%,17,0,17,0,17,0,0
0x4db26b,99.9169%,17,20450,20467,0,0,17,20450
0x4c8925,94.0972%,17,271,288,266,9,8,5
0x4a1fed,96.0829%,17,417,434,409,8,9,8
0x4cb612,99.5681%,17,3919,3936,1,12,5,3918
0x4a8836,83%,17,83,100,56,11,6,27
0x4a7b03,67.9245%,17,36,53,36,17,0,0
0x4d6344,98.6497%,17,1242,1259,0,9,8,1242
0x45ac0a,93.1727%,17,232,249,225,11,6,7
0x4d78c1,99.7847%,17,7879,7896,7879,17,0,0
0x5fa270,93.0328%,17,227,244,162,5,12,65
0x4ad342,77.027%,17,57,74,27,10,7,30
0x401847,99.7938%,17,8229,8246,8204,8,9,25
0x4a8922,75.7143%,17,53,70,29,7,10,24
0x4d6e1b,98.7537%,17,1347,1364,1326,5,12,21
0x4ac982,96.7181%,17,501,518,473,11,6,28
0x47b706,99.4075%,17,2852,2869,2852,9,8,0
0x443768,98.8529%,17,1465,1482,0,0,17,1465
0x50fe11,97.3886%,17,634,651,634,4,13,0
0x4e2b97,76.3889%,17,55,72,55,17,0,0
0x4be635,92.2018%,17,201,218,201,15,2,0
0x4e28fc,76.3889%,17,55,72,55,17,0,0
0x4d59e2,99.5771%,17,4003,4020,4003,9,8,0
0x4cd405,99.6971%,17,5596,5613,0,0,17,5596
0x48cda1,98.0769%,17,867,884,348,3,14,519
0x478076,99.38%,17,2725,2742,7,11,6,2718
0x4b8c34,87.8571%,17,123,140,112,4,13,11
0x46b0c1,98.5556%,17,1160,1177,1151,11,6,9
0x465568,95.6072%,17,370,387,0,0,17,370
0x4d7947,99.7847%,17,7879,7896,7783,10,7,96
0x4659eb,88.3562%,17,129,146,129,17,0,0
0x46162f,97.3396%,17,622,639,3,9,8,619
0x4d1fad,93.7729%,17,256,273,250,8,9,6
0x406c00,60.4651%,17,26,43,23,8,9,3
0x4d0e24,92.827%,17,220,237,217,7,10,3
0x4d04c4,99.7857%,17,7917,7934,7917,17,0,0
0x45b339,94.0559%,17,269,286,12,8,9,257
0x4bbcd0,85.7143%,16,96,112,96,13,3,0
0x4d314a,99.7242%,16,5785,5801,0,0,16,5785
0x4a8803,84%,16,84,100,0,0,16,84
0x4e281a,77.7778%,16,56,72,56,16,0,0
0x4adbb0,91.3043%,16,168,184,89,3,13,79
0x408acb,94.9527%,16,301,317,301,13,3,0
0x4d5cc6,95.1368%,16,313,329,252,8,8,61
0x4ca175,92.8251%,16,207,223,44,5,11,163
0x609aa6,75%,16,48,64,10,11,5,38
0x4c3e7f,40.7407%,16,11,27,8,10,6,3
0x50f963,15.7895%,16,3,19,0,0,16,3
0x4a626c,91.5789%,16,174,190,0,0,16,174
0x49ecdc,94.1606%,16,258,274,26,8,8,232
0x4ac94f,97.1326%,16,542,558,0,0,16,542
0x4d8baa,83.3333%,16,80,96,78,15,1,2
0x4d5866,99.2352%,16,2076,2092,0,8,8,2076
0x47da2b,99.4366%,16,2824,2840,2824,2,14,0
0x49a440,55.5556%,16,20,36,19,0,16,1
0x60ab3c,42.8571%,16,12,28,5,4,12,7
0x4cc858,99.8536%,16,10911,10927,11,6,10,10900
0x45b065,92.9515%,16,211,227,91,10,6,120
0x46d1a0,98.5953%,16,1123,1139,453,10,6,670
0x476727,99.1841%,16,1945,1961,1882,12,4,63
0x47a3c8,98.3087%,16,930,946,1,5,11,929
0x42108b,98.2183%,16,882,898,882,16,0,0
0x4d2e24,99.8254%,16,9150,9166,9150,16,0,0
0x4607b9,27.2727%,16,6,22,5,14,2,1
0x4c5832,99.7001%,16,5319,5335,1,6,10,5318
0x4d751b,99.7859%,16,7457,7473,0,0,16,7457
0x4ac345,98.2571%,16,902,918,902,16,0,0
0x4a24ab,96.5739%,16,451,467,419,14,2,32
0x4ca1dc,99.891%,16,14661,14677,14661,16,0,0
0x464b8f,72.8814%,16,43,59,32,12,4,11
0x469d64,86.6667%,16,104,120,17,8,8,87
0x5f0ce9,97.7175%,16,685,701,164,16,0,521
0x5ee92d,99.5008%,16,3189,3205,3189,7,9,0
0x408af0,94.9527%,16,301,317,301,13,3,0
0x4073da,51.5152%,16,17,33,0,10,6,17
0x5fa403,27.2727%,16,6,22,1,7,9,5
0x5eefc3,99.8715%,16,12435,12451,0,0,16,12435
0x47a3fc,98.2979%,16,924,940,133,11,5,791
0x47a1cc,94.3662%,16,268,284,3,5,11,265
0x467538,82.4176%,16,75,91,14,16,0,61
0x47c632,95.2096%,16,318,334,312,12,4,6
0x4bacf7,99.792%,16,7675,7691,7675,16,0,0
0x5ef13a,99.0117%,16,1603,1619,1603,0,16,0
0x4c9ed8,99.8737%,16,12655,12671,448,9,7,12207
0x49b9e3,55.5556%,16,20,36,20,16,0,0
0x4c4d83,99.4718%,16,3013,3029,0,9,7,3013
0x4d6e0d,98.7979%,16,1315,1331,832,3,13,483
0x4a6246,91.5789%,16,174,190,174,16,0,0
0x4a3e84,80.7229%,16,67,83,13,3,13,54
0x4675ec,73.7705%,16,45,61,30,0,16,15
0x475fd4,99.9009%,16,16132,16148,16132,16,0,0
0x476488,99.8784%,16,13140,13156,557,12,4,12583
0x47b5b4,99.4423%,16,2853,2869,2853,16,0,0
0x476d8b,99.6209%,16,4204,4220,4204,16,0,0
0x49cfff,94.1606%,16,258,274,59,13,3,199
0x460125,99.7548%,16,6510,6526,0,3,13,6510
0x407bee,99.8705%,16,12341,12357,0,0,16,12341
0x60a218,93.2203%,16,220,236,0,0,16,220
0x40a696,99.743%,16,6210,6226,5898,3,13,312
0x6099db,96.2963%,15,390,405,332,15,0,58
0x5f1ebd,99.2192%,15,1906,1921,0,1,14,1906
0x4acb44,55.8824%,15,19,34,6,11,4,13
0x477089,99.9464%,15,27976,27991,27976,3,12,0
0x4cfb06,99.9158%,15,17793,17808,17702,8,7,91
0x45c298,78.2609%,15,54,69,5,11,4,49
0x428f82,99.6302%,15,4041,4056,4041,15,0,0
0x4d18cb,95.1456%,15,294,309,0,0,15,294
0x418d2b,99.3237%,15,2203,2218,2203,15,0,0
0x47af39,99.4059%,15,2510,2525,2,6,9,2508
0x4c02dd,99.3318%,15,2230,2245,0,10,5,2230
0x4781d5,98.008%,15,738,753,719,13,2,19
0x47bb47,85.4369%,15,88,103,85,14,1,3
0x4b3b47,85.2941%,15,87,102,34,0,15,53
0x4b9bd6,93.3036%,15,209,224,6,14,1,203
0x418be7,99.4741%,15,2837,2852,0,0,15,2837
0x464573,96.124%,15,372,387,198,9,6,174
0x4d96f7,99.9287%,15,21024,21039,0,0,15,21024
0x4b33f1,77.9412%,15,53,68,0,0,15,53
0x41b17e,99.2578%,15,2006,2021,0,0,15,2006
0x49aebe,73.2143%,15,41,56,0,0,15,41
0x5ef099,99.8615%,15,10817,10832,0,0,15,10817
0x47916d,99.8343%,15,9039,9054,9039,15,0,0
0x60b12a,65.9091%,15,29,44,22,5,10,7
0x4affbe,85.5769%,15,89,104,49,3,12,40
0x45c2f1,96.134%,15,373,388,82,10,5,291
0x4172d7,88.806%,15,119,134,40,2,13,79
0x4a8bcb,58.3333%,15,21,36,21,15,0,0
0x47d3ad,99.6968%,15,4932,4947,5,8,7,4927
0x4643f5,96.124%,15,372,387,347,12,3,25
0x4baffb,82.5581%,15,71,86,68,6,9,3
0x47a821,93.2127%,15,206,221,202,15,0,4
0x427bd6,64.2857%,15,27,42,7,8,7,20
0x4daee9,99.9267%,15,20452,20467,0,0,15,20452
0x4d58e4,98.6807%,15,1122,1137,873,9,6,249
0x47a6c4,99.942%,15,25856,25871,0,0,15,25856
0x49e7ec,77.2727%,15,51,66,33,0,15,18
0x402466,88.5496%,15,116,131,41,11,4,75
0x48cc86,97.1857%,15,518,533,0,0,15,518
0x4ca138,99.7608%,15,6257,6272,6218,2,13,39
0x47a1c7,95.6897%,15,333,348,57,7,8,276
0x4c3e99,98.7952%,15,1230,1245,24,3,12,1206
0x46496e,95.9677%,15,357,372,156,6,9,201
0x4a5903,55.8824%,15,19,34,12,5,10,7
0x4bb06c,89.8649%,15,133,148,24,10,5,109
0x4457d2,96.7949%,15,453,468,0,0,15,453
0x4deb18,44.4444%,15,12,27,1,11,4,11
0x47b9d2,93.0556%,15,201,216,0,5,10,201
0x45fcb2,77.2727%,15,51,66,1,11,4,50
0x49e7db,94.5255%,15,259,274,199,9,6,60
0x4a8aa5,55.8824%,15,19,34,19,15,0,0
0x4bac1a,99.1202%,15,1690,1705,1631,7,8,59
0x459c9d,90.7407%,15,147,162,117,12,3,30
0x407c2a,99.1545%,15,1759,1774,1698,14,1,61
0x47ba0e,93.0556%,15,201,216,0,0,15,201
0x45afda,96.6887%,15,438,453,0,6,9,438
0x49c728,86.4078%,14,89,103,30,4,10,59
0x49f680,93.0693%,14,188,202,0,0,14,188
0x60a1b8,99.9037%,14,14517,14531,0,0,14,14517
0x49ed13,79.4118%,14,54,68,27,7,7,27
0x4c3e43,48.1481%,14,13,27,13,14,0,0
0x4df16e,48.1481%,14,13,27,0,0,14,13
0x469643,97.7742%,14,615,629,196,4,10,419
0x4a3ba9,92.5532%,14,174,188,23,11,3,151
0x4dad19,99.2005%,14,1737,1751,1737,14,0,0
0x45b1f9,96.3824%,14,373,387,50,5,9,323
0x45abd4,94.4444%,14,238,252,238,14,0,0
0x50fa56,26.3158%,14,5,19,1,2,12,4
0x609bb7,85.1064%,14,80,94,0,0,14,80
0x49aecc,75%,14,42,56,42,11,3,0
0x443530,97.0085%,14,454,468,454,14,0,0
0x46d140,98.7709%,14,1125,1139,0,0,14,1125
0x419018,99.9097%,14,15490,15504,15490,14,0,0
0x4c89bc,36.3636%,14,8,22,4,1,13,4
0x4d2580,88.1356%,14,104,118,0,0,14,104
0x4782c6,98.1408%,14,739,753,0,0,14,739
0x4cc73a,99.8719%,14,10913,10927,10913,5,9,0
0x401b09,99.5254%,14,2936,2950,2936,14,0,0
0x49efb3,83.1325%,14,69,83,0,0,14,69
0x4a8402,92.7461%,14,179,193,27,9,5,152
0x606939,69.5652%,14,32,46,0,0,14,32
0x48d651,99.7767%,14,6255,6269,6247,6,8,8
0x50fae3,96.6507%,14,404,418,21,8,6,383
0x44384f,97.0085%,14,454,468,454,14,0,0
0x41c685,89.6296%,14,121,135,114,7,7,7
0x41ada6,98.1408%,14,739,753,102,9,5,637
0x417305,89.5522%,14,120,134,120,14,0,0
0x4daf36,99.9316%,14,20453,20467,0,0,14,20453
0x414f89,99.2201%,14,1781,1795,0,0,14,1781
0x48d639,99.7767%,14,6255,6269,0,0,14,6255
0x4214e7,83.7209%,14,72,86,54,13,1,18
0x4c4e94,99.3924%,14,2290,2304,2290,14,0,0
0x4be7ce,99.8623%,14,10156,10170,10156,2,12,0
0x49d018,93.0693%,14,188,202,128,6,8,60
0x4d579c,99.9505%,14,28259,28273,28259,14,0,0
0x4a6304,70.8333%,14,34,48,14,2,12,20
0x4db294,99.9316%,14,20453,20467,20453,14,0,0
0x609b26,80%,14,56,70,14,8,6,42
0x46c43a,99.6231%,14,3701,3715,0,0,14,3701
0x4a61ce,91.9075%,14,159,173,0,0,14,159
0x4bb84a,94.2149%,14,228,242,16,10,4,212
0x4c4eaa,99.446%,14,2513,2527,335,13,1,2178
0x49c91e,99.4172%,14,2388,2402,2388,14,0,0
0x4994c7,97.7742%,14,615,629,368,5,9,247
0x478aa9,99.73%,14,5171,5185,5162,4,10,9
0x463c1b,99.4436%,14,2502,2516,130,1,13,2372
0x4e2955,79.7101%,14,55,69,55,7,7,0
0x5f0b0a,73.0769%,14,38,52,4,8,6,34
0x427fe5,22.2222%,14,4,18,0,0,14,4
0x4c4806,99.6668%,14,4188,4202,8,4,10,4180
0x4dac96,97.5352%,14,554,568,554,14,0,0
0x609720,94.636%,14,247,261,194,4,10,53
0x479aaf,99.883%,14,11956,11970,11956,11,3,0
0x4655b2,89.5522%,14,120,134,2,4,10,118
0x47baae,93.5185%,14,202,216,99,6,8,103
0x46529f,81.3333%,14,61,75,61,14,0,0
0x4abe97,83.7209%,14,72,86,52,14,0,20
0x5dd8df,75.4386%,14,43,57,0,9,5,43
0x4d0686,99.7615%,14,5855,5869,5703,6,8,152
0x47c4ea,99.774%,14,6182,6196,0,0,14,6182
0x4a62da,93.1579%,13,177,190,134,8,5,43
0x47a2be,98.6258%,13,933,946,0,0,13,933
0x4c4188,91.0959%,13,133,146,133,13,0,0
0x47649e,99.8967%,13,12574,12587,12567,8,5,7
0x4c891d,95.5172%,13,277,290,0,2,11,277
0x60b66a,62.8571%,13,22,35,14,9,4,8
0x445a6a,97.2222%,13,455,468,0,0,13,455
0x47a81d,94.1176%,13,208,221,0,0,13,208
0x4cf88d,99.9219%,13,16632,16645,189,4,9,16443
0x48d74a,96.2751%,13,336,349,1,9,4,335
0x4c77d1,97.6744%,13,546,559,546,13,0,0
0x4a7b13,75.9259%,13,41,54,8,9,4,33
0x49cb53,99.4588%,13,2389,2402,135,4,9,2254
0x45c269,97.3029%,13,469,482,0,0,13,469
0x420cd8,88.1818%,13,97,110,47,8,5,50
0x4d8f30,99.9135%,13,15021,15034,10600,4,9,4421
0x461617,97.9656%,13,626,639,626,13,0,0
0x4d8ae6,35%,13,7,20,0,0,13,7
0x4d5c54,99.8213%,13,7261,7274,7055,4,9,206
0x4b988d,87.3786%,13,90,103,90,13,0,0
0x477ef3,99.7495%,13,5176,5189,5176,13,0,0
0x5fa289,83.1169%,13,64,77,0,2,11,64
0x45718f,99.3371%,13,1948,1961,1948,13,0,0
0x4a8901,81.4286%,13,57,70,0,0,13,57
0x479cd5,91.0345%,13,132,145,114,7,6,18
0x4bdccf,99.7518%,13,5224,5237,2830,7,6,2394
0x4b3526,80.8824%,13,55,68,0,0,13,55
0x5f1dbd,62.8571%,13,22,35,0,0,13,22
0x46d1c3,98.8586%,13,1126,1139,0,0,13,1126
0x60b3ca,85.2273%,13,75,88,52,5,8,23
0x46d198,98.8586%,13,1126,1139,0,0,13,1126
0x476752,99.3371%,13,1948,1961,1947,11,2,1
0x4d0c02,56.6667%,13,17,30,0,0,13,17
0x4d902e,97.4409%,13,495,508,495,13,0,0
0x499765,63.8889%,13,23,36,23,13,0,0
0x47c563,99.7902%,13,6183,6196,0,0,13,6183
0x4d587d,99.3762%,13,2071,2084,2071,13,0,0
0x4b64e2,80.8824%,13,55,68,33,1,12,22
0x4b0866,61.7647%,13,21,34,21,13,0,0
0x49f714,95.2555%,13,261,274,261,13,0,0
0x5f06c6,99.7501%,13,5190,5203,0,0,13,5190
0x4028cb,99.4536%,13,2366,2379,2366,13,0,0
0x4e2720,81.9444%,13,59,72,0,0,13,59
0x4d091b,99.6959%,13,4262,4275,4262,13,0,0
0x4a3dbc,84.3373%,13,70,83,13,3,10,57
0x4b8eb9,99.8652%,13,9631,9644,9631,13,0,0
0x4bb2c6,99.6643%,13,3860,3873,3860,13,0,0
0x462cd0,63.8889%,13,23,36,0,0,13,23
0x4a5e54,89.1667%,13,107,120,95,8,5,12
0x418b1b,99.9542%,13,28373,28386,3268,12,1,25105
0x4c3d31,98.9327%,13,1205,1218,1205,13,0,0
0x49a510,63.8889%,13,23,36,23,13,0,0
0x4a7855,87.8505%,13,94,107,44,9,4,50
0x40200f,99.6301%,13,3501,3514,0,0,13,3501
0x411311,98.6111%,13,923,936,458,10,3,465
0x4111f9,63.8889%,13,23,36,23,10,3,0
0x418a19,99.7246%,13,4708,4721,0,1,12,4708
0x4ca84d,99.1322%,13,1485,1498,381,10,3,1104
0x457f1e,45.8333%,13,11,24,11,13,0,0
0x50fb69,97.7032%,13,553,566,70,8,5,483
0x420b47,99.0137%,13,1305,1318,0,0,13,1305
0x40a570,96.4286%,13,351,364,0,0,13,351
0x4b0417,97.3029%,13,469,482,439,9,4,30
0x4df1fd,85.0575%,13,74,87,74,10,3,0
0x4c43e3,99.8987%,13,12816,12829,0,0,13,12816
0x478475,96%,13,312,325,79,3,10,233
0x48c1d5,97.2803%,13,465,478,0,0,13,465
0x4adba1,92.9348%,13,171,184,58,10,3,113
0x45dab0,83.5443%,13,66,79,66,13,0,0
0x4b1631,87.5%,13,91,104,91,13,0,0
0x4a7b55,87.8505%,13,94,107,0,0,13,94
0x46ee82,97.3684%,13,481,494,481,13,0,0
0x419209,69.7674%,13,30,43,12,6,7,18
0x406fa6,99.4375%,13,2298,2311,2298,2,11,0
0x4ba84d,99.9698%,13,42967,42980,659,12,1,42308
0x4cf8e4,99.921%,13,16439,16452,86,12,1,16353
0x4bb48f,82.6667%,13,62,75,60,9,4,2
0x4c3e77,51.8519%,13,14,27,0,0,13,14
0x479b47,99.8711%,12,9297,9309,9297,12,0,0
0x469a7e,90%,12,108,120,108,12,0,0
0x4c4e46,99.4158%,12,2042,2054,0,0,12,2042
0x4a6156,96.5418%,12,335,347,335,12,0,0
0x4d8fd4,99.692%,12,3884,3896,0,0,12,3884
0x49a3f8,66.6667%,12,24,36,24,12,0,0
0x417417,73.913%,12,34,46,34,12,0,0
0x47bebe,94.3396%,12,200,212,200,12,0,0
0x47bbe9,91.6084%,12,131,143,0,0,12,131
0x475ed5,99.9295%,12,16999,17011,16999,12,0,0
0x47da36,14.2857%,12,2,14,0,0,12,2
0x4b3418,92.9412%,12,158,170,0,0,12,158
0x41a451,99.834%,12,7217,7229,367,9,3,6850
0x50fb0d,99.8895%,12,10845,10857,0,0,12,10845
0x4d6e82,98.6286%,12,863,875,0,4,8,863
0x4c8881,45.4545%,12,10,22,10,12,0,0
0x41ac53,89.1892%,12,99,111,0,0,12,99
0x4b15ad,88.4615%,12,92,104,92,12,0,0
0x4b8b01,88.4615%,12,92,104,44,8,4,48
0x45a01f,33.3333%,12,6,18,0,0,12,6
0x40a5f9,96.7033%,12,352,364,37,2,10,315
0x49ac24,66.6667%,12,24,36,10,10,2,14
0x4e0b11,83.3333%,12,60,72,0,0,12,60
0x4a3bb1,92.2078%,12,142,154,119,1,11,23
0x4b22e1,0%,12,0,12,0,12,0,0
0x401aa0,99.5932%,12,2938,2950,2938,12,0,0
0x459d6a,92%,12,138,150,5,10,2,133
0x408d74,99.1348%,12,1375,1387,1375,12,0,0
0x4b96d6,99.6691%,12,3615,3627,0,0,12,3615
0x49c8a5,98.4375%,12,756,768,131,8,4,625
0x479fa6,85.1852%,12,69,81,66,3,9,3
0x4a3f67,85.5422%,12,71,83,0,0,12,71
0x4b6c06,29.4118%,12,5,17,5,12,0,0
0x4cfbf9,99.9167%,12,14394,14406,14394,12,0,0
0x5f25db,99.8477%,12,7869,7881,7869,12,0,0
0x49eda1,64.7059%,12,22,34,0,0,12,22
0x4d63f8,92.9412%,12,158,170,0,0,12,158
0x418b8d,99.9522%,12,25094,25106,24583,7,5,511
0x47a1f0,99.889%,12,10802,10814,10802,12,0,0
0x41add7,89.1892%,12,99,111,99,12,0,0
0x427bbb,95.6044%,12,261,273,250,8,4,11
0x5fa341,66.6667%,12,24,36,6,5,7,18
0x4a8503,62.5%,12,20,32,0,0,12,20
0x60a59f,69.2308%,12,27,39,11,8,4,16
0x4a614d,96.5418%,12,335,347,0,0,12,335
0x49aef2,77.3585%,12,41,53,25,11,1,16
0x4b8c43,50%,12,12,24,12,12,0,0
0x42806a,60%,12,18,30,6,9,3,12
0x498435,86.2069%,12,75,87,0,1,11,75
0x4bf758,55.5556%,12,15,27,6,12,0,9
0x41ab4d,72.093%,12,31,43,0,0,12,31
0x420841,93.0636%,12,161,173,0,0,12,161
0x49ef32,95.0617%,12,231,243,231,12,0,0
0x4c8a17,29.4118%,12,5,17,5,12,0,0
0x49ec2a,76%,12,38,50,38,12,0,0
0x4cdf27,99.909%,12,13170,13182,13170,12,0,0
0x467134,98.4375%,12,756,768,0,0,12,756
0x4d7681,99.8745%,12,9548,9560,9548,12,0,0
0x401d2c,99.5519%,12,2666,2678,2666,12,0,0
0x4c3aa4,55.5556%,12,15,27,10,2,10,5
0x4d6d4b,99.1202%,12,1352,1364,25,8,4,1327
0x4c480f,99.7136%,12,4178,4190,4178,11,1,0
0x4bbba6,89.2857%,12,100,112,0,0,12,100
0x479b97,99.8997%,12,11958,11970,0,0,12,11958
0x476b09,99.5822%,12,2860,2872,2860,12,0,0
0x4dcd98,96.6387%,12,345,357,345,12,0,0
0x4ca848,98.2634%,12,679,691,291,5,7,388
0x4dae15,98.4106%,12,743,755,743,12,0,0
0x47c947,57.1429%,12,16,28,0,0,12,16
0x5fa23f,96.7213%,12,354,366,0,0,12,354
0x4b9b9a,81.5385%,12,53,65,0,1,11,53
0x5f2d37,99.596%,12,2958,2970,2958,12,0,0
0x48c71a,99.4841%,12,2314,2326,2314,12,0,0
0x412b5d,72.093%,12,31,43,0,0,12,31
0x408dad,96.2145%,12,305,317,305,12,0,0
0x4996fe,98.036%,12,599,611,586,7,5,13
0x4a84ae,88.8889%,11,88,99,17,2,9,71
0x459d21,92.6667%,11,139,150,139,11,0,0
0x4abe7c,83.3333%,11,55,66,55,11,0,0
0x411868,97.5225%,11,433,444,433,11,0,0
0x4d068b,93.125%,11,149,160,124,6,5,25
0x4ac974,97.8764%,11,507,518,0,0,11,507
0x4a7a73,94.2105%,11,179,190,151,5,6,28
0x609c26,73.8095%,11,31,42,11,9,2,20
0x4a6242,94.2105%,11,179,190,0,0,11,179
0x4aff2c,94.5545%,11,191,202,191,11,0,0
0x4d0569,99.8595%,11,7820,7831,0,0,11,7820
0x47dd2d,99.5415%,11,2388,2399,0,0,11,2388
0x47d16e,99.7776%,11,4936,4947,4675,3,8,261
0x498403,87.7778%,11,79,90,0,3,8,79
0x4d1df7,95.9707%,11,262,273,6,9,2,256
0x418bcd,99.6143%,11,2841,2852,0,0,11,2841
0x4a6ff0,92.8105%,11,142,153,142,11,0,0
0x413707,70.2703%,11,26,37,23,10,1,3
0x49e75f,95.9854%,11,263,274,263,11,0,0
0x4e298b,84.7222%,11,61,72,0,9,2,61
0x60aa3e,76.087%,11,35,46,35,11,0,0
0x47628b,99.9164%,11,13145,13156,13145,11,0,0
0x4dca3e,99.8395%,11,6842,6853,0,0,11,6842
0x4573f8,90.3509%,11,103,114,52,11,0,51
0x4d263d,90.678%,11,107,118,104,5,6,3
0x420831,93.6416%,11,162,173,162,10,1,0
0x459cf1,91.4729%,11,118,129,0,0,11,118
0x49cc7b,99.542%,11,2391,2402,1827,6,5,564
0x47ab38,99.9121%,11,12504,12515,12504,11,0,0
0x408c01,96.53%,11,306,317,1,6,5,305
0x5fac9f,90.9091%,11,110,121,107,8,3,3
0x46c539,99.8284%,11,6400,6411,6400,11,0,0
0x47d9db,99.6127%,11,2829,2840,0,0,11,2829
0x45938a,98.1229%,11,575,586,564,7,4,11
0x4cd84c,97.4359%,11,418,429,418,11,0,0
0x4b07f0,97.3301%,11,401,412,368,10,1,33
0x4bee73,99.9911%,11,124155,124166,1,3,8,124154
0x464762,97.1576%,11,376,387,366,6,5,10
0x5f2630,99.8604%,11,7870,7881,0,0,11,7870
0x4bbbc0,90.1786%,11,101,112,0,0,11,101
0x4cf5e5,93.8202%,11,167,178,160,9,2,7
0x4d7bb1,76.5957%,11,36,47,17,11,0,19
0x417ffd,99.6173%,11,2863,2874,0,0,11,2863
0x4ce0a7,98.8298%,11,929,940,929,11,0,0
0x4c6728,95.5645%,11,237,248,1,1,10,236
0x420822,93.6416%,11,162,173,0,0,11,162
0x49cbf7,99.542%,11,2391,2402,1825,8,3,566
0x48d48e,96.8481%,11,338,349,3,6,5,335
0x4a5b93,45%,11,9,20,9,11,0,0
0x49ec4e,78%,11,39,50,39,11,0,0
0x4d63b7,99.8732%,11,8662,8673,2647,6,5,6015
0x4c5503,99.6243%,11,2917,2928,2917,11,0,0
0x4d1674,97.3494%,11,404,415,0,0,11,404
0x402062,99.6477%,11,3111,3122,3106,4,7,5
0x41adc5,90.0901%,11,100,111,0,0,11,100
0x49ecec,95.4167%,11,229,240,0,0,11,229
0x47c11c,95.2381%,11,220,231,0,0,11,220
0x4d7a24,72.5%,11,29,40,29,11,0,0
0x4b3152,83.8235%,11,57,68,24,10,1,33
0x4d79d2,72.5%,11,29,40,24,8,3,5
0x45fcc4,83.3333%,11,55,66,54,9,2,1
0x4a7b3c,89.7196%,11,96,107,96,11,0,0
0x47c4f4,99.8225%,11,6185,6196,6185,11,0,0
0x4c8c03,35.2941%,11,6,17,6,11,0,0
0x479ec6,86.4198%,11,70,81,69,7,4,1
0x46feca,99.957%,11,25577,25588,25577,11,0,0
0x401b40,99.6271%,11,2939,2950,2939,11,0,0
0x476059,99.9288%,11,15436,15447,15436,11,0,0
0x458d36,62.069%,11,18,29,18,11,0,0
0x4780cf,99.5962%,11,2713,2724,2706,4,7,7
0x49e6de,67.6471%,11,23,34,0,0,11,23
0x4ad3e8,85.1351%,11,63,74,0,0,11,63
0x46ceb8,54.1667%,11,13,24,0,0,11,13
0x46c604,89.1089%,11,90,101,36,3,8,54
0x49f56a,67.6471%,11,23,34,23,11,0,0
0x4a11d0,78.8462%,11,41,52,15,2,9,26
0x46ff5a,99.7749%,11,4875,4886,4862,8,3,13
0x4cbd8c,76.5957%,11,36,47,0,0,11,36
0x49f0e8,91.7293%,11,122,133,122,11,0,0
0x60b9fe,88.4211%,11,84,95,84,11,0,0
0x4d3222,99.8104%,11,5790,5801,5790,11,0,0
0x421a84,99.1235%,11,1244,1255,1244,4,7,0
0x4dcb01,99.8395%,11,6842,6853,0,0,11,6842
0x49a456,69.4444%,11,25,36,25,11,0,0
0x524813,90.5983%,11,106,117,105,3,8,1
0x45db13,86.0759%,11,68,79,21,9,2,47
0x45afe9,97.5391%,11,436,447,0,6,5,436
0x4d6403,93.5294%,11,159,170,159,11,0,0
0x4d2597,90.678%,11,107,118,107,11,0,0
0x4dcd8c,96.9188%,11,346,357,0,0,11,346
0x465981,95.1965%,11,218,229,2,5,6,216
0x4bdf2b,89.5238%,11,94,105,0,2,9,94
0x469948,98.2512%,11,618,629,0,0,11,618
0x4c4163,99.0027%,11,1092,1103,1092,7,4,0
0x4d575a,99.9611%,11,28262,28273,28262,11,0,0
0x4b6562,67.6471%,11,23,34,14,3,8,9
0x5f1dd2,68.5714%,11,24,35,23,9,2,1
0x4e299b,82.5397%,11,52,63,52,11,0,0
0x46d860,99.0342%,11,1128,1139,0,0,11,1128
0x45721e,96.5839%,11,311,322,0,0,11,311
0x50fb51,99.2899%,11,1538,1549,5,6,5,1533
0x4c9e23,99.9591%,11,26880,26891,26880,11,0,0
0x4d16c5,96.4401%,11,298,309,298,11,0,0
0x5248c3,54.1667%,11,13,24,12,9,2,1
0x47618c,99.9672%,11,33540,33551,33540,3,8,0
0x4c893a,87.2093%,11,75,86,0,3,8,75
0x46efc5,31.25%,11,5,16,0,0,11,5
0x413261,75%,10,30,40,2,5,5,28
0x5f25ec,99.8731%,10,7871,7881,0,0,10,7871
0x46447c,97.416%,10,377,387,0,0,10,377
0x5ee997,95.4128%,10,208,218,0,0,10,208
0x47bb03,90.2913%,10,93,103,0,0,10,93
0x46c615,83.871%,10,52,62,42,6,4,10
0x467744,83.6066%,10,51,61,51,10,0,0
0x4e00e9,86.1111%,10,62,72,62,10,0,0
0x4a575a,70.5882%,10,24,34,16,1,9,8
0x49f5d6,86.1111%,10,62,72,62,10,0,0
0x458c12,65.5172%,10,19,29,19,10,0,0
0x46e91a,97.9879%,10,487,497,0,0,10,487
0x45dde6,96.7638%,10,299,309,299,10,0,0
0x4a785f,81.4815%,10,44,54,10,10,0,34
0x4ccf1f,99.2679%,10,1356,1366,1356,10,0,0
0x4e05fb,86.1111%,10,62,72,62,10,0,0
0x427bb3,96.337%,10,263,273,0,0,10,263
0x476137,99.8162%,10,5431,5441,5370,7,3,61
0x4c499a,99.8909%,10,9158,9168,302,5,5,8856
0x5f2c43,99.9041%,10,10416,10426,0,0,10,10416
0x46febf,99.8387%,10,6188,6198,948,8,2,5240
0x4cf893,99.9392%,10,16442,16452,16442,10,0,0
0x4c4b09,99.9925%,10,132598,132608,0,0,10,132598
0x47d9ef,99.6479%,10,2830,2840,2830,10,0,0
0x4ac310,96.2963%,10,260,270,61,7,3,199
0x4c40d3,99.1968%,10,1235,1245,121,4,6,1114
0x47ba87,95.3704%,10,206,216,205,6,4,1
0x4ac9de,90.1961%,10,92,102,58,10,0,34
0x4c229e,97.9466%,10,477,487,477,10,0,0
0x609ca6,68.75%,10,22,32,3,5,5,19
0x41883e,76.7442%,10,33,43,33,10,0,0
0x45ff74,99.8468%,10,6516,6526,6516,10,0,0
0x4a71f2,93.4641%,10,143,153,143,10,0,0
0x459431,98.2487%,10,561,571,561,10,0,0
0x4abeb6,84.8485%,10,56,66,0,0,10,56
0x47807e,99.6329%,10,2714,2724,2714,10,0,0
0x60954d,88.0952%,10,74,84,74,7,3,0
0x5f06b9,99.8078%,10,5193,5203,0,0,10,5193
0x49ee1d,86.1111%,10,62,72,31,5,5,31
0x4d5e35,44.4444%,10,8,18,0,0,10,8
0x427ff6,44.4444%,10,8,18,8,10,0,0
0x41a507,99.8609%,10,7177,7187,2066,4,6,5111
0x420b2e,99.2418%,10,1309,1319,0,1,9,1309
0x60b31c,83.0508%,10,49,59,1,6,4,48
0x4bf7fd,62.963%,10,17,27,13,4,6,4
0x4cb526,98.0806%,10,511,521,511,10,0,0
0x4214d6,88.3721%,10,76,86,76,10,0,0
0x4d7c29,98.2014%,10,546,556,0,0,10,546
0x473bc5,97.8448%,10,454,464,454,10,0,0
0x50f601,99.6239%,10,2649,2659,2649,10,0,0
0x4d8fc6,99.7433%,10,3886,3896,0,0,10,3886
0x477f48,98.8194%,10,837,847,0,0,10,837
0x477f01,99.8073%,10,5179,5189,0,0,10,5179
0x49c24d,72.2222%,10,26,36,26,10,0,0
0x460f07,84.375%,10,54,64,28,4,6,26
0x4c4d97,94.6809%,10,178,188,95,6,4,83
0x4b963d,86.8421%,10,66,76,3,9,1,63
0x4207f5,94.2197%,10,163,173,0,0,10,163
0x4655ff,96.2687%,10,258,268,258,10,0,0
0x4bb1e2,99.3041%,10,1427,1437,1427,10,0,0
0x47a98e,99.9607%,10,25414,25424,25414,10,0,0
0x608c3f,95.2381%,10,200,210,2,7,3,198
0x4d9605,61.5385%,10,16,26,0,0,10,16
0x4187f8,76.7442%,10,33,43,33,10,0,0
0x4cb10b,99.5669%,10,2299,2309,2299,10,0,0
0x5f25b3,99.8731%,10,7871,7881,0,0,10,7871
0x50fe81,98.3278%,10,588,598,144,6,4,444
0x418fdf,99.5491%,10,2208,2218,0,3,7,2208
0x4a64a7,92.1875%,10,118,128,118,10,0,0
0x609f77,23.0769%,10,3,13,0,0,10,3
0x476fc9,99.9715%,10,35125,35135,35125,10,0,0
0x4ca17a,94.2529%,10,164,174,0,0,10,164
0x4adbca,94.7917%,10,182,192,182,10,0,0
0x459d36,93.3333%,10,140,150,0,0,10,140
0x406bec,81.4815%,10,44,54,5,6,4,39
0x4d0831,99.7661%,10,4265,4275,0,0,10,4265
0x5f0b56,75%,10,30,40,0,0,10,30
0x46c312,98.4227%,10,624,634,624,10,0,0
0x47bd73,99.2509%,10,1325,1335,1325,10,0,0
0x50fbf3,60%,10,15,25,8,10,0,7
0x463bae,96.3768%,10,266,276,266,10,0,0
0x4b3639,70.5882%,10,24,34,24,10,0,0
0x4d1d7e,96.337%,10,263,273,263,10,0,0
0x412e23,72.2222%,10,26,36,0,0,10,26
0x5f3110,99.6239%,10,2649,2659,2649,10,0,0
0x478306,98.672%,10,743,753,0,0,10,743
0x49a2dc,72.2222%,10,26,36,0,0,10,26
0x4a441f,72.973%,10,27,37,15,5,5,12
0x4aff7e,90.3846%,10,94,104,0,0,10,94
0x49e9ce,70.5882%,10,24,34,24,10,0,0
0x464965,97.416%,10,377,387,13,2,8,364
0x4be9a0,99.8204%,10,5557,5567,0,0,10,5557
0x463a6a,98.7326%,10,779,789,0,0,10,779
0x4214b2,88.3721%,10,76,86,76,10,0,0
0x45b10e,95.5947%,10,217,227,217,10,0,0
0x5f2f6b,99.6633%,10,2960,2970,2960,10,0,0
0x4dc0fc,89.6907%,10,87,97,87,10,0,0
0x4ac3e7,98.9107%,10,908,918,908,10,0,0
0x499322,98.6979%,10,758,768,758,10,0,0
0x4cc637,99.9962%,10,261572,261582,0,0,10,261572
0x46c7fc,98.9659%,10,957,967,0,0,10,957
0x41abb6,76.7442%,10,33,43,0,0,10,33
0x5f3184,99.6239%,10,2649,2659,0,9,1,2649
0x4673c6,89.011%,10,81,91,81,10,0,0
0x4282ce,33.3333%,10,5,15,0,0,10,5
0x45b3ca,92.7536%,10,128,138,0,0,10,128
0x48d979,97.0326%,10,327,337,327,10,0,0
0x4abe76,88.3721%,10,76,86,13,7,3,63
0x4b9c17,95.5357%,10,214,224,25,1,9,189
0x4c6ca5,99.8245%,10,5689,5699,0,3,7,5689
0x60b7ba,65.5172%,10,19,29,7,6,4,12
0x4dfb07,84.127%,10,53,63,45,6,4,8
0x4d61cc,98.2487%,10,561,571,561,6,4,0
0x462e41,92.6471%,10,126,136,126,10,0,0
0x476969,99.4901%,10,1951,1961,0,3,7,1951
0x4e2b59,87.5%,9,63,72,63,6,3,0
0x48d68f,0%,9,0,9,0,0,9,0
0x5f1ed1,99.5312%,9,1911,1920,0,0,9,1911
0x5f0698,99.8209%,9,5017,5026,0,0,9,5017
0x464447,97.6744%,9,378,387,0,0,9,378
0x4a8707,94.2675%,9,148,157,0,0,9,148
0x4c623d,99.1%,9,991,1000,991,9,0,0
0x477f94,86.3636%,9,57,66,35,1,8,22
0x4c45c8,98.8943%,9,805,814,725,6,3,80
0x40a563,97.5275%,9,355,364,0,0,9,355
0x4190d2,79.0698%,9,34,43,32,8,1,2
0x4df12a,66.6667%,9,18,27,2,1,8,16
0x450104,0%,9,0,9,0,0,9,0
0x463966,98.8593%,9,780,789,780,9,0,0
0x4a845e,95.3368%,9,184,193,169,6,3,15
0x412f40,99.8499%,9,5989,5998,0,0,9,5989
0x4131f3,77.5%,9,31,40,0,0,9,31
0x4d17b0,97.0874%,9,300,309,0,0,9,300
0x5f304f,99.6615%,9,2650,2659,0,0,9,2650
0x45d974,66.6667%,9,18,27,18,9,0,0
0x4639b7,98.8593%,9,780,789,780,9,0,0
0x458267,98.6547%,9,660,669,660,9,0,0
0x4b9607,88.1579%,9,67,76,0,0,9,67
0x4bdc8e,96.8198%,9,274,283,0,0,9,274
0x47ae02,95.9276%,9,212,221,0,4,5,212
0x417e3a,99.9705%,9,30495,30504,0,0,9,30495
0x477178,99.9678%,9,27982,27991,27982,9,0,0
0x419a8b,85.9375%,9,55,64,0,0,9,55
0x408a20,72.7273%,9,24,33,20,9,0,4
0x46c9fb,99.426%,9,1559,1568,71,5,4,1488
0x457206,99.4393%,9,1596,1605,0,0,9,1596
0x4cd568,99.1565%,9,1058,1067,1058,9,0,0
0x4df31c,88%,9,66,75,0,3,6,66
0x4c23a2,99.3402%,9,1355,1364,1355,5,4,0
0x4df205,88%,9,66,75,25,2,7,41
0x473b94,98.0603%,9,455,464,455,9,0,0
0x4d970c,99.9572%,9,21030,21039,21030,9,0,0
0x47cf9e,0%,9,0,9,0,9,0,0
0x418329,35.7143%,9,5,14,5,7,2,0
0x4b9f3d,99.5847%,9,2158,2167,2158,9,0,0
0x60a006,66.6667%,9,18,27,0,0,9,18
0x401f7c,92.1739%,9,106,115,104,5,4,2
0x49f139,93.2331%,9,124,133,94,6,3,30
0x4115e9,99.8385%,9,5563,5572,5563,6,3,0
0x4be5c0,99.9068%,9,9652,9661,9651,2,7,1
0x4d9686,65.3846%,9,17,26,0,0,9,17
0x4ca086,99.9973%,9,332422,332431,0,0,9,332422
0x498bb5,99.2788%,9,1239,1248,1231,3,6,8
0x421b08,99.2788%,9,1239,1248,0,0,9,1239
0x4d3f7f,66.6667%,9,18,27,18,3,6,0
0x450158,0%,9,0,9,0,0,9,0
0x4c2371,99.3488%,9,1373,1382,481,5,4,892
0x4a8a6f,73.5294%,9,25,34,0,0,9,25
0x46568e,97.6744%,9,378,387,172,7,2,206
0x4a2d80,82.6923%,9,43,52,29,4,5,14
0x478e9c,99.8242%,9,5109,5118,5109,9,0,0
0x47ae44,99.9119%,9,10205,10214,10205,8,1,0
0x4b08ef,97.8155%,9,403,412,29,5,4,374
0x5f2d5e,99.697%,9,2961,2970,0,0,9,2961
0x4a72bb,96.0177%,9,217,226,11,6,3,206
0x4d1c9e,96.7033%,9,264,273,9,6,3,255
0x45c2e7,97.6804%,9,379,388,0,0,9,379
0x50f8fb,52.6316%,9,10,19,0,0,9,10
0x469a6e,92.5%,9,111,120,0,0,9,111
0x458ad6,83.3333%,9,45,54,8,4,5,37
0x477daa,99.4071%,9,1509,1518,0,6,3,1509
0x44581c,98.0769%,9,459,468,0,0,9,459
0x49ecab,91%,9,91,100,29,5,4,62
0x46e8df,98.1891%,9,488,497,488,9,0,0
0x4112a7,99.0385%,9,927,936,462,6,3,465
0x4cd4f2,99.1565%,9,1058,1067,1058,9,0,0
0x4a89f5,87.1429%,9,61,70,12,5,4,49
0x4570d0,99.1437%,9,1042,1051,586,9,0,456
0x48bd44,98.2987%,9,520,529,68,3,6,452
0x40550a,0%,9,0,9,0,9,0,0
0x4a51bb,75.6757%,9,28,37,15,5,4,13
0x4dfad8,85.7143%,9,54,63,54,9,0,0
0x49a859,75%,9,27,36,27,9,0,0
0x4654d8,0%,9,0,9,0,0,9,0
0x47aa7e,99.9546%,9,19826,19835,0,0,9,19826
0x48de7f,97.3451%,9,330,339,330,9,0,0
0x49bb9b,75%,9,27,36,12,5,4,15
0x4d5e00,99.7227%,9,3237,3246,5,7,2,3232
0x47bf15,95.7547%,9,203,212,203,9,0,0
0x4a89bb,87.1429%,9,61,70,0,0,9,61
0x402518,97.9452%,9,429,438,429,9,0,0
0x4c89fb,30.7692%,9,4,13,4,9,0,0
0x49d2cf,73.5294%,9,25,34,0,0,9,25
0x467258,94.8571%,9,166,175,0,0,9,166
0x4ce366,99.8879%,9,8019,8028,8019,9,0,0
0x47619e,99.7948%,9,4378,4387,0,6,3,4378
0x45ee34,57.1429%,9,12,21,12,9,0,0
0x460cfa,71.875%,9,23,32,0,0,9,23
0x50f5be,99.6615%,9,2650,2659,2650,9,0,0
0x5ef1cc,73.5294%,9,25,34,4,4,5,21
0x4c2330,98.1891%,9,488,497,487,2,7,1
0x41a3df,99.8755%,9,7220,7229,7220,9,0,0
0x458c68,55%,9,11,20,0,0,9,11
0x459e62,25%,9,3,12,3,9,0,0
0x445d7a,98.8462%,9,771,780,771,9,0,0
0x4d5e44,50%,9,9,18,0,0,9,9
0x4be6f2,99.8255%,9,5149,5158,0,0,9,5149
0x4a6393,92.9688%,9,119,128,16,3,6,103
0x5f7838,89.0244%,9,73,82,0,0,9,73
0x4ba6ff,50%,9,9,18,6,8,1,3
0x4a6352,92.9688%,9,119,128,119,9,0,0
0x5f0b35,77.5%,9,31,40,14,2,7,17
0x4c3c10,99.2707%,9,1225,1234,0,0,9,1225
0x4597d5,91.1765%,9,93,102,93,9,0,0
0x4bae61,99.883%,9,7682,7691,0,0,9,7682
0x476b5b,99.7949%,9,4380,4389,4380,9,0,0
0x608bdf,97.0588%,9,297,306,289,2,7,8
0x421524,89.5349%,9,77,86,77,1,8,0
0x4a399a,95.9459%,9,213,222,180,8,1,33
0x467900,25%,9,3,12,3,9,0,0
0x48bb72,97.3451%,9,330,339,0,0,9,330
0x60b8ae,79.0698%,9,34,43,34,9,0,0
0x4a2489,98.0728%,9,458,467,458,9,0,0
0x47abdc,86.1538%,9,56,65,55,6,3,1
0x5ef0a3,99.8921%,9,8332,8341,7415,3,6,917
0x4bbbd8,91.9643%,9,103,112,103,9,0,0
0x4c48c4,98.6507%,9,658,667,8,4,5,650
0x4700d0,99.966%,9,26488,26497,16,0,9,26472
0x49969a,98.5692%,9,620,629,0,0,9,620
0x46ada4,99.1818%,9,1091,1100,0,0,9,1091
0x4d374d,99.694%,9,2932,2941,0,0,9,2932
0x4a7be2,91.5888%,9,98,107,84,6,3,14
0x46ff24,99.9221%,9,11545,11554,0,0,9,11545
0x46f145,43.75%,9,7,16,7,9,0,0
0x4d5d48,86.9565%,9,60,69,60,3,6,0
0x5ee9a1,95.8716%,9,209,218,0,0,9,209
0x4d644e,99.8094%,9,4714,4723,0,0,9,4714
0x4172d1,93.2836%,9,125,134,0,0,9,125
0x4b5f6b,73.5294%,9,25,34,17,0,9,8
0x4bb8fa,92.623%,9,113,122,44,6,3,69
0x4ccf04,99.4997%,9,1790,1799,1790,5,4,0
0x401ad0,99.6949%,9,2941,2950,2941,9,0,0
0x4655b7,92.9688%,9,119,128,113,0,9,6
0x60a74c,35.7143%,9,5,14,5,7,2,0
0x4d2dd7,99.9024%,9,9212,9221,0,0,9,9212
0x48c7ea,99.805%,9,4606,4615,0,0,9,4606
0x4e17a8,72.7273%,9,24,33,0,0,9,24
0x45822d,98.6938%,9,680,689,14,6,3,666
0x49d302,73.5294%,9,25,34,11,6,3,14
0x463a9d,98.8608%,9,781,790,781,6,3,0
0x40288a,99.6226%,9,2376,2385,0,6,3,2376
0x4bc1f0,99.5747%,9,2107,2116,2,4,5,2105
0x46c8b7,99.3411%,9,1357,1366,0,0,9,1357
0x47aff1,67.8571%,9,19,28,19,9,0,0
0x4c611d,50%,9,9,18,2,7,2,7
0x4d2dec,84.4828%,9,49,58,0,0,9,49
0x4b08dc,97.8155%,9,403,412,0,0,9,403
0x5eefb9,99.9277%,9,12442,12451,0,0,9,12442
0x606859,99.7892%,9,4260,4269,0,0,9,4260
0x4ca5f9,99.9216%,9,11474,11483,11474,9,0,0
0x4cc870,99.95%,9,18005,18014,0,0,9,18005
0x47a94e,67.8571%,9,19,28,19,9,0,0
0x49c366,75%,9,27,36,0,0,9,27
0x4d314f,99.8449%,9,5792,5801,5792,9,0,0
0x458e67,50%,9,9,18,0,0,9,9
0x4a24d6,97.9798%,8,388,396,0,0,8,388
0x4c892f,91.0112%,8,81,89,0,3,5,81
0x5eeff7,99.9261%,8,10824,10832,0,0,8,10824
0x4434ea,98.2906%,8,460,468,0,0,8,460
0x4e2950,88.8889%,8,64,72,0,3,5,64
0x4d64be,99.3856%,8,1294,1302,1294,8,0,0
0x4dafac,99.9609%,8,20459,20467,0,0,8,20459
0x50f5ad,99.6991%,8,2651,2659,0,0,8,2651
0x4e2014,33.3333%,8,4,12,4,2,6,0
0x4d16e0,97.411%,8,301,309,0,0,8,301
0x5ef0a7,99.1333%,8,915,923,0,0,8,915
0x4ca5cd,99.9303%,8,11475,11483,11475,8,0,0
0x4d8106,98.2906%,8,460,468,460,8,0,0
0x5f260c,99.8985%,8,7873,7881,7873,8,0,0
0x5f0c2b,99.3907%,8,1305,1313,0,0,8,1305
0x4a087b,95.7895%,8,182,190,182,8,0,0
0x4a7517,94.7712%,8,145,153,145,8,0,0
0x4bd3a3,99.7668%,8,3423,3431,1641,5,3,1782
0x45daf9,89.8734%,8,71,79,71,8,0,0
0x41343b,80%,8,32,40,32,8,0,0
0x4a2fd0,75.7576%,8,25,33,9,8,0,16
0x4cd80f,98.1352%,8,421,429,0,0,8,421
0x47d426,99.8383%,8,4939,4947,4939,8,0,0
0x46f569,50%,8,8,16,8,8,0,0
0x41531c,98.1352%,8,421,429,421,8,0,0
0x4d256c,93.2203%,8,110,118,110,8,0,0
0x4d9106,99.7959%,8,3912,3920,0,0,8,3912
0x4adc4e,97.861%,8,366,374,0,0,8,366
0x4a5337,52.9412%,8,9,17,0,0,8,9
0x427992,97.0696%,8,265,273,265,8,0,0
0x412230,98.1982%,8,436,444,0,0,8,436
0x50f5d4,99.6991%,8,2651,2659,0,0,8,2651
0x469686,98.1352%,8,421,429,0,0,8,421
0x463c54,99.682%,8,2508,2516,2240,3,5,268
0x498bf5,99.359%,8,1240,1248,0,0,8,1240
0x48baaa,97.6401%,8,331,339,331,5,3,0
0x47c505,99.8709%,8,6188,6196,6188,8,0,0
0x4793ff,85.1852%,8,46,54,6,3,5,40
0x4c4858,99.8932%,8,7486,7494,7486,8,0,0
0x457420,92.9825%,8,106,114,72,3,5,34
0x49ca7a,99.6669%,8,2394,2402,2394,8,0,0
0x46ce89,66.6667%,8,16,24,16,8,0,0
0x4c5993,99.9832%,8,47624,47632,0,7,1,47624
0x45b79d,99.1051%,8,886,894,8,4,4,878
0x4b2310,33.3333%,8,4,12,1,5,3,3
0x49cb5e,99.6465%,8,2255,2263,2255,8,0,0
0x48c4a7,99.2056%,8,999,1007,959,1,7,40
0x48c664,99.728%,8,2933,2941,0,0,8,2933
0x4d0e6b,98.1395%,8,422,430,422,8,0,0
0x498c91,99.3399%,8,1204,1212,0,0,8,1204
0x5f0c45,99.3907%,8,1305,1313,0,0,8,1305
0x4bb81a,97.8022%,8,356,364,0,0,8,356
0x41b69e,93.6508%,8,118,126,118,8,0,0
0x479817,99.8194%,8,4421,4429,0,0,8,4421
0x4bb361,97.8022%,8,356,364,356,8,0,0
0x5f0738,95.092%,8,155,163,0,0,8,155
0x4cc57c,99.9964%,8,221096,221104,221096,8,0,0
0x478234,98.9376%,8,745,753,726,6,2,19
0x46d7db,33.3333%,8,4,12,0,0,8,4
0x4671ea,94.2446%,8,131,139,32,6,2,99
0x401f48,93.0435%,8,107,115,107,8,0,0
0x4574a3,79.4872%,8,31,39,0,0,8,31
0x4a6273,95.7895%,8,182,190,170,3,5,12
0x4a2558,97.1223%,8,270,278,270,8,0,0
0x412235,98.1982%,8,436,444,1,5,3,435
0x4d2d97,73.3333%,8,22,30,0,0,8,22
0x4cebb6,99.3935%,8,1311,1319,1311,8,0,0
0x4d1c40,77.7778%,8,28,36,9,2,6,19
0x45979c,91.7526%,8,89,97,0,0,8,89
0x47a230,99.308%,8,1148,1156,1148,8,0,0
0x47d73f,0%,8,0,8,0,0,8,0
0x4aca6f,80%,8,32,40,0,0,8,32
0x41adea,92.7928%,8,103,111,103,8,0,0
0x46d18e,98.8748%,8,703,711,703,8,0,0
0x5f1730,96.0976%,8,197,205,0,0,8,197
0x4b15a1,92.3077%,8,96,104,0,0,8,96
0x5f31ba,98.1176%,8,417,425,5,2,6,412
0x47a9a0,99.9685%,8,25416,25424,25416,8,0,0
0x48c7c1,99.9008%,8,8058,8066,0,0,8,8058
0x45ab33,96.8254%,8,244,252,0,0,8,244
0x46759f,86.8852%,8,53,61,0,0,8,53
0x4bbac1,96%,8,192,200,8,6,2,184
0x4799aa,55.5556%,8,10,18,0,0,8,10
0x4c601a,11.1111%,8,1,9,1,8,0,0
0x48d955,97.6261%,8,329,337,329,8,0,0
0x4a7ba4,91.1111%,8,82,90,49,4,4,33
0x476874,99.4065%,8,1340,1348,1340,6,2,0
0x47904d,99.9261%,8,10818,10826,0,0,8,10818
0x469a5b,93.3333%,8,112,120,0,0,8,112
0x419621,99.4695%,8,1500,1508,1500,8,0,0
0x4bc2c1,99.5853%,8,1921,1929,0,0,8,1921
0x4c4e9e,98.6907%,8,603,611,382,6,2,221
0x4cfc77,99.9063%,8,8529,8537,8529,8,0,0
0x45fea2,99.8774%,8,6515,6523,20,5,3,6495
0x49ec1a,92%,8,92,100,44,6,2,48
0x47c90a,99.5565%,8,1796,1804,0,0,8,1796
0x4199b6,87.5%,8,56,64,56,6,2,0
0x4995cb,98.7281%,8,621,629,0,0,8,621
0x4a3036,52.9412%,8,9,17,9,8,0,0
0x4ad1bd,94.1176%,8,128,136,116,3,5,12
0x4a44b0,78.3784%,8,29,37,15,5,3,14
0x49ea57,92%,8,92,100,49,1,7,43
0x4a3a46,76.4706%,8,26,34,0,0,8,26
0x4cf6c8,99.9611%,8,20563,20571,0,0,8,20563
0x4b5f27,76.4706%,8,26,34,0,0,8,26
0x4a119d,84.6154%,8,44,52,44,8,0,0
0x4a121f,84.3137%,8,43,51,14,2,6,29
0x4992a4,98.9583%,8,760,768,760,8,0,0
0x4a8482,95.8549%,8,185,193,185,8,0,0
0x4dadd5,98.5213%,8,533,541,533,8,0,0
0x4c3715,99.9957%,8,187976,187984,187976,8,0,0
0x48c8c4,99.8267%,8,4607,4615,0,0,8,4607
0x5ddf81,79.4872%,8,31,39,31,5,3,0
0x5f2e20,99.7306%,8,2962,2970,0,0,8,2962
0x4cd17e,99.2502%,8,1059,1067,1059,8,0,0
0x4a7328,93.1034%,8,108,116,108,8,0,0
0x48e574,0%,8,0,8,0,0,8,0
0x4b8d78,99.9466%,8,14961,14969,0,0,8,14961
0x467c2e,91.2088%,8,83,91,83,8,0,0
0x476840,98.6949%,8,605,613,0,0,8,605
0x4ba7d1,99.2647%,8,1080,1088,0,0,8,1080
0x4b5fe6,52.9412%,8,9,17,0,0,8,9
0x48be5a,97.2603%,8,284,292,182,7,1,102
0x4c6ac5,99.8979%,8,7826,7834,35,5,3,7791
0x45aaee,96.8254%,8,244,252,0,0,8,244
0x4a2b1c,90.3614%,8,75,83,0,0,8,75
0x476a73,99.592%,8,1953,1961,1953,8,0,0
0x4b9957,96.9349%,8,253,261,97,6,2,156
0x4d2da1,73.3333%,8,22,30,0,0,8,22
0x49ba4b,77.7778%,8,28,36,28,8,0,0
0x45ab17,96.8254%,8,244,252,244,8,0,0
0x459e42,33.3333%,8,4,12,4,8,0,0
0x4246c2,0%,8,0,8,0,8,0,0
0x4990c0,98.9583%,8,760,768,760,8,0,0
0x4c642b,99.9934%,8,121169,121177,121169,0,8,0
0x49be80,77.7778%,8,28,36,12,5,3,16
0x5ef114,99.5059%,8,1611,1619,0,0,8,1611
0x5deec1,84.3137%,8,43,51,0,3,5,43
0x420c71,85.4545%,8,47,55,0,0,8,47
0x469c18,93.3333%,8,112,120,5,7,1,107
0x48ae2b,61.9048%,8,13,21,13,8,0,0
0x46796f,73.3333%,8,22,30,22,8,0,0
0x4ac9f8,95.2941%,8,162,170,26,8,0,136
0x42862f,88.2353%,8,60,68,60,8,0,0
0x428625,88.2353%,8,60,68,0,0,8,60
0x5ee8e9,95.8333%,8,184,192,0,0,8,184
0x4d2077,46.6667%,8,7,15,7,8,0,0
0x4a285d,90.3614%,8,75,83,0,0,8,75
0x4c5937,98.5689%,8,551,559,5,4,4,546
0x49a46c,77.7778%,8,28,36,28,8,0,0
0x4ad7f7,76.4706%,8,26,34,26,8,0,0
0x467409,91.2088%,8,83,91,83,8,0,0
0x49c755,57.8947%,8,11,19,9,7,1,2
0x478115,99.7082%,8,2734,2742,2734,8,0,0
0x4bcf6a,50%,8,8,16,8,8,0,0
0x4d7553,99.9163%,8,9552,9560,0,0,8,9552
0x4d0e39,99.1853%,8,974,982,0,0,8,974
0x5f0b3e,66.6667%,8,16,24,9,7,1,7
0x4dda94,55.5556%,8,10,18,10,8,0,0
0x4bb501,97.2318%,8,281,289,281,8,0,0
0x4d18db,97.411%,8,301,309,0,0,8,301
0x46782e,86.8852%,8,53,61,53,8,0,0
0x4b2fee,88.2353%,8,60,68,32,2,6,28
0x50f80d,97.3597%,8,295,303,295,8,0,0
0x4ac407,99.1285%,8,910,918,0,0,8,910
0x4a895c,88.5714%,8,62,70,30,4,4,32
0x4a89e0,88.5714%,8,62,70,33,3,5,29
0x4d04d9,99.8992%,8,7926,7934,7825,6,2,101
0x418b53,99.9758%,8,33039,33047,24589,1,7,8450
0x4e2be1,88.8889%,8,64,72,64,8,0,0
0x4b3d2a,88.2353%,8,60,68,60,8,0,0
0x5f1d55,99.7306%,8,2962,2970,0,0,8,2962
0x45fe21,99.8774%,8,6518,6526,6496,5,3,22
0x4d8f0f,99.6522%,8,2292,2300,2292,8,0,0
0x4a2405,52.9412%,8,9,17,9,8,0,0
0x465677,97.9328%,8,379,387,174,5,3,205
0x4b04c8,76.4706%,8,26,34,26,8,0,0
0x4cd19c,99.2502%,8,1059,1067,0,0,8,1059
0x401fb3,99.7744%,8,3538,3546,3538,8,0,0
0x458cbc,72.4138%,8,21,29,0,0,8,21
0x4a3fc9,90.3614%,8,75,83,50,0,8,25
0x4dec00,46.6667%,8,7,15,5,7,1,2
0x4b04f4,98.3402%,8,474,482,0,0,8,474
0x4a291a,90.3614%,8,75,83,0,0,8,75
0x4e2869,88.8889%,8,64,72,64,8,0,0
0x50f3fc,99.8985%,8,7873,7881,7873,8,0,0
0x4697e0,98.3683%,7,422,429,422,7,0,0
0x4594e5,53.3333%,7,8,15,8,7,0,0
0x49a4c8,80.5556%,7,29,36,29,7,0,0
0x49c218,80.5556%,7,29,36,9,7,0,20
0x4aca0f,94.8529%,7,129,136,96,6,1,33
0x49c78c,63.1579%,7,12,19,0,0,7,12
0x458284,65%,7,13,20,13,7,0,0
0x4a6f9d,95.4248%,7,146,153,0,0,7,146
0x4c4eee,97.9943%,7,342,349,342,6,1,0
0x49c198,80.5556%,7,29,36,10,7,0,19
0x4cd161,99.344%,7,1060,1067,0,0,7,1060
0x60a26e,99.1696%,7,836,843,0,0,7,836
0x49a461,80.5556%,7,29,36,18,1,6,11
0x4760f5,99.875%,7,5595,5602,5595,7,0,0
0x47bea2,99.5108%,7,1424,1431,1332,3,4,92
0x46776c,88.5246%,7,54,61,30,1,6,24
0x42791b,97.4359%,7,266,273,0,0,7,266
0x465195,98.5626%,7,480,487,0,0,7,480
0x47bfba,99.7331%,7,2616,2623,2616,7,0,0
0x49ce37,99.7086%,7,2395,2402,2395,7,0,0
0x45dae0,91.1392%,7,72,79,72,7,0,0
0x49ef0e,98.0716%,7,356,363,356,7,0,0
0x47b068,12.5%,7,1,8,0,0,7,1
0x4adc20,92.3913%,7,85,92,85,7,0,0
0x46d82d,99.3854%,7,1132,1139,0,0,7,1132
0x4c6c28,88.3333%,7,53,60,13,5,2,40
0x47c671,30%,7,3,10,3,7,0,0
0x41bb1f,99.9278%,7,9686,9693,0,0,7,9686
0x47cd4e,99.8588%,7,4949,4956,4949,7,0,0
0x469876,96.5%,7,193,200,193,7,0,0
0x4dd38e,96.3542%,7,185,192,185,7,0,0
0x4bb04c,95.4545%,7,147,154,0,6,1,147
0x47b73f,99.756%,7,2862,2869,2862,7,0,0
0x4bd388,97.0954%,7,234,241,0,0,7,234
0x41a4ce,99.9032%,7,7222,7229,0,0,7,7222
0x458c4c,75.8621%,7,22,29,5,4,3,17
0x4cb3a6,99.765%,7,2972,2979,2972,7,0,0
0x41bbd9,99.0043%,7,696,703,0,0,7,696
0x5fa392,53.3333%,7,8,15,1,1,6,7
0x49efee,93%,7,93,100,78,5,2,15
0x4d5716,99.7137%,7,2438,2445,0,0,7,2438
0x479c3a,99.629%,7,1880,1887,1880,7,0,0
0x4ac7df,93%,7,93,100,47,3,4,46
0x47a8ed,96.8326%,7,214,221,214,7,0,0
0x4ad31b,79.4118%,7,27,34,10,7,0,17
0x4da987,99.9064%,7,7472,7479,0,0,7,7472
0x479fc4,95.6522%,7,154,161,0,0,7,154
0x46fe86,99.9736%,7,26537,26544,26537,7,0,0
0x4b1477,98.301%,7,405,412,374,4,3,31
0x46cf19,98.5887%,7,489,496,0,0,7,489
0x4ace6b,79.4118%,7,27,34,27,7,0,0
0x5f0ab4,94.9275%,7,131,138,0,0,7,131
0x4abee1,95.2055%,7,139,146,0,0,7,139
0x4be48b,93.2039%,7,96,103,0,6,1,96
0x4c7aab,98.7478%,7,552,559,545,2,5,7
0x46013d,72%,7,18,25,18,7,0,0
0x42743c,53.3333%,7,8,15,0,0,7,8
0x5f25c7,99.9112%,7,7874,7881,0,0,7,7874
0x469c50,94.1667%,7,113,120,0,0,7,113
0x4c24e6,99.9274%,7,9637,9644,9637,7,0,0
0x50fc92,99.4822%,7,1345,1352,0,0,7,1345
0x5f0986,88.5246%,7,54,61,54,7,0,0
0x47bc1c,97.1074%,7,235,242,235,7,0,0
0x4a853a,96.3731%,7,186,193,157,4,3,29
0x4acbe6,86.2745%,7,44,51,11,6,1,33
0x473b09,98.4914%,7,457,464,457,7,0,0
0x50faee,98.2005%,7,382,389,60,6,1,322
0x4bc206,99.6371%,7,1922,1929,1922,7,0,0
0x4ba4f3,99.8914%,7,6441,6448,0,0,7,6441
0x48d675,99.8881%,7,6246,6253,4,5,2,6242
0x4c44ee,99.7292%,7,2578,2585,2578,7,0,0
0x4cb32e,99.8596%,7,4979,4986,4979,7,0,0
0x469c2e,94.1667%,7,113,120,0,0,7,113
0x4e2c0b,90.2778%,7,65,72,0,0,7,65
0x4131dc,80.5556%,7,29,36,0,0,7,29
0x4acce2,79.4118%,7,27,34,10,7,0,17
0x5f154f,78.125%,7,25,32,0,0,7,25
0x4a6628,79.4118%,7,27,34,0,0,7,27
0x4cf6de,99.9579%,7,16638,16645,16638,7,0,0
0x4a86dd,95.5414%,7,150,157,150,7,0,0
0x465639,94.1176%,7,112,119,2,4,3,110
0x5f315c,99.7367%,7,2652,2659,0,0,7,2652
0x4185d8,69.5652%,7,16,23,16,7,0,0
0x4d5747,99.9752%,7,28266,28273,0,0,7,28266
0x4cf5a3,99.966%,7,20564,20571,0,0,7,20564
0x4a84ca,96.3731%,7,186,193,186,7,0,0
0x4a51c6,65%,7,13,20,13,7,0,0
0x47d440,99.8585%,7,4940,4947,4940,7,0,0
0x4435ea,98.5043%,7,461,468,0,0,7,461
0x4c598e,99.9853%,7,47643,47650,18,0,7,47625
0x4b3421,95.8824%,7,163,170,163,7,0,0
0x4696e2,96.5%,7,193,200,18,4,3,175
0x60686a,99.6214%,7,1842,1849,1842,5,2,0
0x4bc233,94.3548%,7,117,124,0,0,7,117
0x46783b,88.5246%,7,54,61,54,7,0,0
0x4ac095,65%,7,13,20,12,5,2,1
0x41a34d,98.0769%,7,357,364,357,2,5,0
0x5ded41,53.3333%,7,8,15,8,4,3,0
0x4affca,86.5385%,7,45,52,45,7,0,0
0x4cd42c,99.951%,7,14292,14299,0,0,7,14292
0x469daf,92.6316%,7,88,95,88,7,0,0
0x4bc7c0,93.2039%,7,96,103,94,3,4,2
0x4ac316,96.5347%,7,195,202,0,0,7,195
0x608cab,96.5517%,7,196,203,190,5,2,6
0x4d1668,66.6667%,7,14,21,8,7,0,6
0x4652c5,90.6667%,7,68,75,68,7,0,0
0x4d8163,99.3352%,7,1046,1053,0,0,7,1046
0x4017af,99.9151%,7,8239,8246,8239,7,0,0
0x47d0d5,61.1111%,7,11,18,4,5,2,7
0x4a3571,78.7879%,7,26,33,10,7,0,16
0x4b59b4,58.8235%,7,10,17,10,7,0,0
0x4be6c7,99.9312%,7,10167,10174,10167,7,0,0
0x4dec97,74.0741%,7,20,27,9,3,4,11
0x4cf69a,99.966%,7,20564,20571,20564,7,0,0
0x4d3248,99.8793%,7,5794,5801,5794,7,0,0
0x49aa2b,80.5556%,7,29,36,29,7,0,0
0x4d1047,94.8905%,7,130,137,0,0,7,130
0x41bc97,99.0043%,7,696,703,0,0,7,696
0x4ac7ed,86%,7,43,50,43,7,0,0
0x459e99,95.679%,7,155,162,155,7,0,0
0x4d5a6f,99.9695%,7,22930,22937,22930,7,0,0
0x4deb80,41.6667%,7,5,12,0,0,7,5
0x4c40b8,99.3699%,7,1104,1111,0,0,7,1104
0x4b90f8,99.9637%,7,19281,19288,9638,6,1,9643
0x4e28ae,90.2778%,7,65,72,0,5,2,65
0x49cb85,99.6907%,7,2256,2263,1830,3,4,426
0x4a0a06,96.3158%,7,183,190,183,7,0,0
0x475f73,99.987%,7,53771,53778,53771,7,0,0
0x5f076b,94.964%,7,132,139,0,0,7,132
0x4adaea,98.7455%,7,551,558,551,7,0,0
0x4591e6,58.8235%,7,10,17,10,7,0,0
0x48deb2,97.9943%,7,342,349,341,5,2,1
0x4bda9e,99.7754%,7,3109,3116,3109,7,0,0
0x47d5e5,22.2222%,7,2,9,0,0,7,2
0x5ded22,41.6667%,7,5,12,0,0,7,5
0x6097fb,97.7049%,7,298,305,264,4,3,34
0x479576,98.8889%,7,623,630,623,7,0,0
0x40a4f4,98.0769%,7,357,364,357,7,0,0
0x479ccf,95.2703%,7,141,148,0,3,4,141
0x5f1ea7,99.6356%,7,1914,1921,0,0,7,1914
0x4c6658,97.1774%,7,241,248,241,7,0,0
0x47cd70,99.8588%,7,4949,4956,4949,7,0,0
0x419157,83.7209%,7,36,43,0,0,7,36
0x46995c,98.8871%,7,622,629,0,0,7,622
0x4d0cfa,76.6667%,7,23,30,23,7,0,0
0x4e0e07,82.0513%,7,32,39,0,0,7,32
0x4da998,99.9064%,7,7472,7479,11,1,6,7461
0x4c663c,97.1774%,7,241,248,241,7,0,0
0x4da8dc,99.9064%,7,7472,7479,7472,7,0,0
0x45b810,99.2063%,7,875,882,875,7,0,0
0x4a8a80,79.4118%,7,27,34,0,0,7,27
0x4e0a9c,61.1111%,7,11,18,11,7,0,0
0x45c24d,98.5477%,7,475,482,0,0,7,475
0x4e05dd,90.2778%,7,65,72,0,0,7,65
0x4dc180,92.7835%,7,90,97,90,7,0,0
0x45aaf8,97.2222%,7,245,252,245,7,0,0
0x463a71,99.1128%,7,782,789,782,7,0,0
0x4d403b,95.0355%,7,134,141,0,0,7,134
0x458c01,75.8621%,7,22,29,2,7,0,20
0x47661d,99.3433%,7,1059,1066,0,0,7,1059
0x4be654,99.9312%,7,10167,10174,10167,5,2,0
0x4208c9,99.4458%,7,1256,1263,0,0,7,1256
0x4283c2,53.3333%,7,8,15,0,0,7,8
0x4d7a7e,82.5%,7,33,40,33,6,1,0
0x4d5803,99.8259%,7,4013,4020,4013,7,0,0
0x49d2af,79.4118%,7,27,34,27,7,0,0
0x4daef9,99.9658%,7,20460,20467,0,0,7,20460
0x4c6103,61.1111%,7,11,18,2,7,0,9
0x464f3b,22.2222%,7,2,9,2,7,0,0
0x476b9e,99.8405%,7,4382,4389,0,0,7,4382
0x446099,98.5043%,7,461,468,461,7,0,0
0x49a9ee,80.5556%,7,29,36,0,0,7,29
0x633416,22.2222%,7,2,9,0,0,7,2
0x4a45b5,81.0811%,7,30,37,30,7,0,0
0x477f9e,99.7947%,7,3402,3409,0,0,7,3402
0x41b1ff,94.4444%,7,119,126,117,4,3,2
0x49af0b,80.5556%,7,29,36,27,6,1,2
0x4ad34d,81.0811%,7,30,37,12,5,2,18
0x4a883b,78.7879%,7,26,33,0,0,7,26
0x45b25d,78.7879%,7,26,33,26,7,0,0
0x4bf6e9,97.2868%,7,251,258,242,2,5,9
0x4b950d,84.0909%,7,37,44,37,7,0,0
0x4cd431,99.951%,7,14292,14299,0,0,7,14292
0x4de2f8,75.8621%,7,22,29,20,6,1,2
0x60b21e,92.5532%,7,87,94,87,7,0,0
0x49cf95,99.0885%,7,761,768,137,2,5,624
0x60b1cc,73.0769%,7,19,26,3,3,4,16
0x401eee,80.5556%,7,29,36,27,3,4,2
0x4b300c,79.4118%,7,27,34,0,0,7,27
0x60ab8e,82.0513%,7,32,39,32,7,0,0
0x4d90fd,99.6324%,7,1897,1904,0,0,7,1897
0x427be8,74.0741%,7,20,27,20,7,0,0
0x427bed,97.4359%,7,266,273,266,7,0,0
0x4d0e54,98.3945%,7,429,436,4,2,5,425
0x5f0b81,82.5%,7,33,40,28,4,3,5
0x476b84,99.8405%,7,4382,4389,4382,7,0,0
0x5df8eb,53.3333%,7,8,15,3,6,1,5
0x4b08f9,98.1481%,7,371,378,371,7,0,0
0x423fe9,41.6667%,7,5,12,5,7,0,0
0x45b13c,96.9163%,7,220,227,220,7,0,0
0x40289c,99.7058%,7,2372,2379,2236,4,3,136
0x46ff0f,99.9394%,7,11547,11554,0,0,7,11547
0x45a842,91.25%,7,73,80,73,7,0,0
0x4576d6,95.2381%,7,140,147,140,7,0,0
0x5dd8f3,87.7193%,7,50,57,46,2,5,4
0x47dd53,99.7082%,7,2392,2399,0,0,7,2392
0x48b8f0,83.3333%,7,35,42,35,7,0,0
0x47adba,96.8326%,7,214,221,214,7,0,0
0x46f1a6,56.25%,7,9,16,0,0,7,9
0x45fe34,99.8927%,7,6519,6526,0,0,7,6519
0x4dcdb7,98.0392%,7,350,357,350,7,0,0
0x4d3082,99.5336%,7,1494,1501,1494,7,0,0
0x420b0f,99.4693%,7,1312,1319,0,0,7,1312
0x41ac7c,93.6937%,7,104,111,104,7,0,0
0x4cfa32,99.3981%,7,1156,1163,144,4,3,1012
0x47b63e,99.756%,7,2862,2869,2862,7,0,0
0x419254,83.7209%,7,36,43,36,7,0,0
0x4b19ad,81.5789%,7,31,38,12,7,0,19
0x4a7b21,94.3925%,6,101,107,14,3,3,87
0x470036,99.948%,6,11532,11538,0,0,6,11532
0x621030,14.2857%,6,1,7,1,6,0,0
0x45b04a,93.3333%,6,84,90,0,0,6,84
0x459cb9,96.2963%,6,156,162,2,1,5,154
0x4b5feb,64.7059%,6,11,17,0,0,6,11
0x4d92f3,76.9231%,6,20,26,4,4,2,16
0x4b8ea0,99.9378%,6,9638,9644,0,0,6,9638
0x4a3de5,91.0448%,6,61,67,0,0,6,61
0x484421,85.7143%,6,36,42,0,0,6,36
0x4baf69,82.8571%,6,29,35,0,2,4,29
0x506036,0%,6,0,6,0,0,6,0
0x5ef796,25%,6,2,8,0,0,6,2
0x48429f,85.7143%,6,36,42,0,0,6,36
0x4ccaf9,98.6014%,6,423,429,0,0,6,423
0x4c5a6a,99.9872%,6,46848,46854,46832,4,2,16
0x4dda87,66.6667%,6,12,18,0,0,6,12
0x47d6d4,25%,6,2,8,0,0,6,2
0x460080,99.9079%,6,6511,6517,6511,6,0,0
0x45b89b,99.3289%,6,888,894,888,6,0,0
0x4b9580,99.9217%,6,7652,7658,7652,6,0,0
0x4b22ff,50%,6,6,12,4,2,4,2
0x5f2dee,99.798%,6,2964,2970,2964,6,0,0
0x48ab6c,85.7143%,6,36,42,36,6,0,0
0x479b22,99.9492%,6,11816,11822,0,2,4,11816
0x4ceb84,99.5451%,6,1313,1319,1313,6,0,0
0x4cfa83,95.9459%,6,142,148,142,6,0,0
0x49e8eb,81.8182%,6,27,33,27,6,0,0
0x4a2ebf,81.8182%,6,27,33,0,0,6,27
0x46c7d2,99.3795%,6,961,967,961,6,0,0
0x4d2565,94.9153%,6,112,118,0,0,6,112
0x46c2d2,99.0536%,6,628,634,0,0,6,628
0x50fa94,99.9469%,6,11284,11290,0,0,6,11284
0x4a6697,80.6452%,6,25,31,13,2,4,12
0x41a406,99.917%,6,7223,7229,7223,6,0,0
0x4b19e2,68.4211%,6,13,19,0,0,6,13
0x4b9910,97.7011%,6,255,261,255,6,0,0
0x4c579f,99.0083%,6,599,605,1,1,5,598
0x4d3180,99.8966%,6,5795,5801,0,0,6,5795
0x419616,99.1329%,6,686,692,0,0,6,686
0x46d868,99.4732%,6,1133,1139,0,0,6,1133
0x4672e2,99.2188%,6,762,768,762,6,0,0
0x420a5a,99.5249%,6,1257,1263,1257,6,0,0
0x417e61,99.9803%,6,30496,30502,30496,6,0,0
0x4b99ac,99.9427%,6,10462,10468,10462,6,0,0
0x47a3da,99.3617%,6,934,940,0,0,6,934
0x4c500a,99.8091%,6,3137,3143,3137,6,0,0
0x47d221,99.8787%,6,4941,4947,4941,6,0,0
0x427a80,77.7778%,6,21,27,19,2,4,2
0x4762c0,99.9544%,6,13150,13156,13150,6,0,0
0x4d63e5,99.9266%,6,8173,8179,2,1,5,8171
0x50f907,68.4211%,6,13,19,13,6,0,0
0x4d5abb,99.9617%,6,15657,15663,15657,6,0,0
0x45feff,99.9075%,6,6477,6483,6477,6,0,0
0x4cb5ee,99.8473%,6,3924,3930,0,0,6,3924
0x5f0c4f,99.543%,6,1307,1313,0,0,6,1307
0x459fff,66.6667%,6,12,18,0,0,6,12
0x418de6,99.0712%,6,640,646,0,0,6,640
0x45a7b0,92.5926%,6,75,81,0,0,6,75
0x4a5ea1,94.1748%,6,97,103,97,6,0,0
0x46d07f,99.7428%,6,2327,2333,2327,6,0,0
0x408e2c,75%,6,18,24,18,6,0,0
0x4d5e7b,97.2093%,6,209,215,209,6,0,0
0x47b274,93.9394%,6,93,99,73,3,3,20
0x4671dd,95.6835%,6,133,139,0,0,6,133
0x477e2a,96.1783%,6,151,157,0,0,6,151
0x5fa37d,68.4211%,6,13,19,1,3,3,12
0x5deb1e,0%,6,0,6,0,6,0,0
0x4b16de,81.25%,6,26,32,0,0,6,26
0x5f2603,99.9239%,6,7875,7881,0,0,6,7875
0x5eb6f0,50%,6,6,12,6,6,0,0
0x427476,60%,6,9,15,9,3,3,0
0x60a028,77.7778%,6,21,27,0,0,6,21
0x49ba40,83.3333%,6,30,36,30,6,0,0
0x46af32,60%,6,9,15,0,0,6,9
0x48d2fc,98.2808%,6,343,349,2,1,5,341
0x4de2a5,79.3103%,6,23,29,22,4,2,1
0x4593be,60%,6,9,15,0,0,6,9
0x48dec3,98.2659%,6,340,346,340,6,0,0
0x4de319,79.3103%,6,23,29,23,6,0,0
0x4a200a,98.2808%,6,343,349,343,6,0,0
0x47da5e,99.7877%,6,2820,2826,2820,6,0,0
0x498c5c,99.505%,6,1206,1212,0,0,6,1206
0x4cc346,79.3103%,6,23,29,23,6,0,0
0x4d5c60,97.2093%,6,209,215,209,6,0,0
0x49e8a0,97.1154%,6,202,208,171,3,3,31
0x4d1a84,97.8022%,6,267,273,267,6,0,0
0x5ddf68,84.6154%,6,33,39,1,2,4,32
0x478f4e,99.3506%,6,918,924,0,3,3,918
0x477e81,96.1783%,6,151,157,151,6,0,0
0x4c5afd,99.9872%,6,46830,46836,46691,0,6,139
0x476c19,97.2973%,6,216,222,216,6,0,0
0x46719b,99.2188%,6,762,768,762,6,0,0
0x4b324f,91.1765%,6,62,68,33,1,5,29
0x4df21d,87.5%,6,42,48,42,6,0,0
0x479c60,99.9499%,6,11964,11970,0,0,6,11964
0x47bab6,94.5946%,6,105,111,0,0,6,105
0x479976,66.6667%,6,12,18,12,6,0,0
0x49ac2c,62.5%,6,10,16,10,6,0,0
0x4073eb,73.913%,6,17,23,0,0,6,17
0x48d0c9,98.2808%,6,343,349,0,0,6,343
0x4cd606,98.6143%,6,427,433,2,2,4,425
0x4d912b,99.8229%,6,3382,3388,3382,6,0,0
0x5f30b1,99.7744%,6,2653,2659,2653,6,0,0
0x4658f7,92.9412%,6,79,85,79,6,0,0
0x458231,99.1031%,6,663,669,663,6,0,0
0x45b05c,97.4576%,6,230,236,7,2,4,223
0x464b87,89.8305%,6,53,59,0,0,6,53
0x4b9e84,99.803%,6,3039,3045,3039,6,0,0
0x4786f6,0%,6,0,6,0,0,6,0
0x4cd5b7,99.4377%,6,1061,1067,1060,3,3,1
0x47b153,99.9507%,6,12153,12159,12153,6,0,0
0x4ba3d8,99.9492%,6,11813,11819,546,6,0,11267
0x47c7f7,99.8424%,6,3802,3808,0,0,6,3802
0x47657a,98.6425%,6,436,442,0,0,6,436
0x4a5866,64.7059%,6,11,17,11,6,0,0
0x4c6e8b,99.7883%,6,2828,2834,2828,6,0,0
0x4b9054,99.9689%,6,19282,19288,0,0,6,19282
0x4d7b8f,87.234%,6,41,47,41,6,0,0
0x4ba002,89.4737%,6,51,57,0,0,6,51
0x41a682,99.9124%,6,6847,6853,6847,6,0,0
0x47db28,99.7877%,6,2820,2826,2820,6,0,0
0x478250,99.2032%,6,747,753,0,0,6,747
0x420807,96.5318%,6,167,173,0,0,6,167
0x47829b,99.2032%,6,747,753,0,0,6,747
0x4a2ab1,92.7711%,6,77,83,0,0,6,77
0x4d6e3b,98.773%,6,483,489,483,6,0,0
0x477154,50%,6,6,12,6,6,0,0
0x4a85a6,96.1783%,6,151,157,151,6,0,0
0x4c7ae1,99.5312%,6,1274,1280,1274,6,0,0
0x4d2702,94.9153%,6,112,118,112,6,0,0
0x4dac7e,98.9437%,6,562,568,0,0,6,562
0x4b94a9,99.4983%,6,1190,1196,480,4,2,710
0x476cae,99.8611%,6,4314,4320,0,0,6,4314
0x4a2ba2,85%,6,34,40,17,3,3,17
0x4a868e,96.1783%,6,151,157,0,0,6,151
0x47ceb8,84.6154%,6,33,39,33,6,0,0
0x4d3e00,91.6667%,6,66,72,0,0,6,66
0x4e09d6,91.6667%,6,66,72,48,3,3,18
0x4a62ba,96.8421%,6,184,190,184,6,0,0
0x4b4403,82.3529%,6,28,34,0,0,6,28
0x4b352e,91.1765%,6,62,68,0,0,6,62
0x609dc7,79.3103%,6,23,29,0,0,6,23
0x47d69a,25%,6,2,8,0,0,6,2
0x498c22,57.1429%,6,8,14,8,6,0,0
0x460794,72.7273%,6,16,22,16,5,1,0
0x41497d,85%,6,34,40,0,0,6,34
0x4a4d73,83.7838%,6,31,37,14,3,3,17
0x4a11c1,88.4615%,6,46,52,46,6,0,0
0x426e87,62.5%,6,10,16,0,0,6,10
0x477060,99.9786%,6,27985,27991,27985,6,0,0
0x4b35aa,94.1176%,6,96,102,96,6,0,0
0x5ef01a,99.9446%,6,10826,10832,0,0,6,10826
0x487b93,85.7143%,6,36,42,0,0,6,36
0x608d19,97.0443%,6,197,203,0,0,6,197
0x4ac888,88%,6,44,50,44,6,0,0
0x4d2e00,89.6552%,6,52,58,50,5,1,2
0x4701f4,98.7179%,6,462,468,462,6,0,0
0x4570c6,99.4291%,6,1045,1051,883,5,1,162
0x418ec1,64.7059%,6,11,17,11,6,0,0
0x418eed,76.9231%,6,20,26,0,0,6,20
0x45a5d3,92.5926%,6,75,81,75,6,0,0
0x4bdd83,99.6181%,6,1565,1571,56,6,0,1509
0x45a5a2,92.5926%,6,75,81,0,0,6,75
0x4e0fbf,66.6667%,6,12,18,12,6,0,0
0x4e0a92,88.2353%,6,45,51,29,4,2,16
0x5f7bfd,71.4286%,6,15,21,0,0,6,15
0x4bb6c9,98.3516%,6,358,364,358,6,0,0
0x4274d6,50%,6,6,12,0,0,6,6
0x4c4621,97.4895%,6,233,239,9,0,6,224
0x4a3de9,91.0448%,6,61,67,0,0,6,61
0x408cd4,93.8776%,6,92,98,92,6,0,0
0x4a3070,81.8182%,6,27,33,0,0,6,27
0x4b76f0,64.7059%,6,11,17,11,6,0,0
0x45a238,60%,6,9,15,0,0,6,9
0x4e2c23,92%,6,69,75,66,6,0,3
0x50fd7b,97.9522%,6,287,293,287,4,2,0
0x50f868,68.4211%,6,13,19,0,0,6,13
0x47d851,25%,6,2,8,0,0,6,2
0x47ac62,97.2851%,6,215,221,0,0,6,215
0x48ca37,98.9691%,6,576,582,0,0,6,576
0x49ec80,88%,6,44,50,44,6,0,0
0x4cb6e7,99.8398%,6,3740,3746,3740,6,0,0
0x424024,50%,6,6,12,6,6,0,0
0x4635ed,93.75%,6,90,96,90,6,0,0
0x45c222,98.7552%,6,476,482,476,6,0,0
0x4dc2f4,93.75%,6,90,96,90,6,0,0
0x498be4,57.1429%,6,8,14,0,0,6,8
0x45b0b0,33.3333%,6,3,9,1,2,4,2
0x4589eb,85%,6,34,40,0,0,6,34
0x60989c,78.5714%,6,22,28,0,2,4,22
0x459717,94.1176%,6,96,102,0,0,6,96
0x45ed50,64.7059%,6,11,17,11,6,0,0
0x418cb5,99.5231%,6,1252,1258,1251,6,0,1
0x4590ad,33.3333%,6,3,9,3,6,0,0
0x41a48f,99.917%,6,7223,7229,0,0,6,7223
0x4ada0b,91.8919%,6,68,74,0,0,6,68
0x47802f,99.8232%,6,3388,3394,3388,6,0,0
0x60b07a,62.5%,6,10,16,0,5,1,10
0x4a2a79,92.7711%,6,77,83,17,0,6,60
0x4deb1d,60%,6,9,15,9,6,0,0
0x4678f5,80%,6,24,30,16,2,4,8
0x60b2be,14.2857%,6,1,7,1,6,0,0
0x4a2e4d,88.4615%,6,46,52,29,4,2,17
0x4535ae,33.3333%,6,3,9,3,6,0,0
0x4c3af8,99.5037%,6,1203,1209,0,0,6,1203
0x41af76,93.2584%,6,83,89,83,6,0,0
0x4cbd04,87.234%,6,41,47,0,0,6,41
0x4a6fc8,96.0784%,6,147,153,0,0,6,147
0x465a0e,95.8904%,6,140,146,140,4,2,0
0x49d008,97.0297%,6,196,202,0,0,6,196
0x4a77fb,94.3925%,6,101,107,0,0,6,101
0x49e969,90.9091%,6,60,66,29,4,2,31
0x47c732,99.8976%,6,5856,5862,0,0,6,5856
0x4a7318,83.7838%,6,31,37,15,2,4,16
0x4d5a14,25%,6,2,8,2,6,0,0
0x49eb49,94%,6,94,100,46,4,2,48
0x428f61,99.8779%,6,4908,4914,0,0,6,4908
0x5d876e,0%,6,0,6,0,0,6,0
0x428538,66.6667%,6,12,18,2,1,5,10
0x4bd9a5,97.5904%,6,243,249,243,6,0,0
0x4bf78f,50%,6,6,12,0,0,6,6
0x45d944,77.7778%,6,21,27,14,4,2,7
0x4d3eea,77.7778%,6,21,27,0,0,6,21
0x4b5f34,82.3529%,6,28,34,28,6,0,0
0x4d92e9,76.9231%,6,20,26,0,0,6,20
0x459fa1,66.6667%,6,12,18,0,0,6,12
0x49ed72,91.1765%,6,62,68,31,3,3,31
0x46edc6,98.7928%,6,491,497,84,5,1,407
0x49ac1c,83.3333%,6,30,36,0,0,6,30
0x463086,93.75%,6,90,96,90,6,0,0
0x4b23bf,82.3529%,6,28,34,12,5,1,16
0x4285a0,50%,6,6,12,6,6,0,0
0x460166,99.9081%,6,6520,6526,6520,6,0,0
0x4bb93b,91.6667%,6,66,72,66,4,2,0
0x5ef171,62.5%,6,10,16,9,5,1,1
0x4d5f86,98.7288%,6,466,472,0,0,6,466
0x48cdc7,98.2301%,6,333,339,333,6,0,0
0x5de9bf,0%,6,0,6,0,3,3,0
0x49c22a,83.3333%,6,30,36,30,6,0,0
0x47ac5a,97.2851%,6,215,221,0,0,6,215
0x60b46c,57.1429%,6,8,14,4,3,3,4
0x420a39,99.5249%,6,1257,1263,1257,6,0,0
0x5de60c,0%,6,0,6,0,0,6,0
0x633429,33.3333%,6,3,9,3,6,0,0
0x5dd238,0%,6,0,6,0,0,6,0
0x4ad51e,91.8919%,6,68,74,68,6,0,0
0x46353f,93.75%,6,90,96,90,6,0,0
0x4be616,97.3214%,6,218,224,1,5,1,217
0x47673a,91.0448%,6,61,67,0,0,6,61
0x49ef5c,90.9091%,6,60,66,31,2,4,29
0x4a32b9,95.6204%,6,131,137,119,2,4,12
0x4e06ea,84.6154%,6,33,39,33,6,0,0
0x5f2c4c,99.9425%,6,10420,10426,10420,6,0,0
0x4bd998,97.5904%,6,243,249,0,0,6,243
0x5d8d96,0%,6,0,6,0,6,0,0
0x50fadd,98.5646%,6,412,418,0,0,6,412
0x457c6a,85.7143%,6,36,42,36,6,0,0
0x4a2681,81.8182%,6,27,33,0,0,6,27
0x48ae12,85.7143%,6,36,42,15,6,0,21
0x467261,96.5714%,6,169,175,169,6,0,0
0x401dc3,99.7966%,6,2944,2950,2944,6,0,0
0x4b69c6,64.7059%,6,11,17,11,6,0,0
0x45b748,99.3289%,6,888,894,888,6,0,0
0x608d70,97.0443%,6,197,203,194,1,5,3
0x418245,90.9091%,6,60,66,60,4,2,0
0x4b9b4f,86.3636%,6,38,44,0,0,6,38
0x4ce027,99.91%,6,6659,6665,6659,6,0,0
0x465040,98.8848%,6,532,538,47,4,2,485
0x4a7323,95.5882%,6,130,136,18,2,4,112
0x463a88,99.2395%,6,783,789,0,0,6,783
0x4bbb88,94.6429%,6,106,112,0,0,6,106
0x47bacc,94.5946%,6,105,111,4,4,2,101
0x48d67a,99.9039%,6,6238,6244,6238,6,0,0
0x505efb,0%,6,0,6,0,6,0,0
0x49ccfb,99.7349%,6,2257,2263,2257,6,0,0
0x467784,90.1639%,6,55,61,0,0,6,55
0x6099bb,97.0874%,6,200,206,0,0,6,200
0x459ce7,80%,6,24,30,16,5,1,8
0x47931d,99.6021%,6,1502,1508,1502,6,0,0
0x4bb867,97.2222%,6,210,216,210,6,0,0
0x505f0a,0%,6,0,6,0,6,0,0
0x4673bb,93.4066%,6,85,91,85,6,0,0
0x49b8bf,86.1111%,5,31,36,17,0,5,14
0x415018,98.8345%,5,424,429,0,0,5,424
0x401717,97.6303%,5,206,211,206,5,0,0
0x47b263,97.1429%,5,170,175,71,5,0,99
0x4285f1,96.8153%,5,152,157,0,0,5,152
0x4a5e78,70.5882%,5,12,17,0,0,5,12
0x4b6b27,70.5882%,5,12,17,12,5,0,0
0x49ef77,84.8485%,5,28,33,0,0,5,28
0x60b5bc,16.6667%,5,1,6,1,2,3,0
0x4214cd,94.186%,5,81,86,0,0,5,81
0x418cf6,99.7746%,5,2213,2218,2213,5,0,0
0x46ad98,99.5455%,5,1095,1100,0,0,5,1095
0x509549,83.3333%,5,25,30,0,0,5,25
0x4c2342,99.46%,5,921,926,0,4,1,921
0x4a1223,85.7143%,5,30,35,16,0,5,14
0x4a6502,73.6842%,5,14,19,0,0,5,14
0x45b28a,84.8485%,5,28,33,0,0,5,28
0x45e9c6,70.5882%,5,12,17,12,5,0,0
0x49c1cf,86.1111%,5,31,36,31,5,0,0
0x4996d6,99.2051%,5,624,629,0,0,5,624
0x4d7ddf,94.2529%,5,82,87,0,0,5,82
0x60b60e,78.2609%,5,18,23,18,5,0,0
0x476182,99.9851%,5,33546,33551,0,0,5,33546
0x4b8fec,99.9482%,5,9639,9644,0,0,5,9639
0x42842a,66.6667%,5,10,15,10,5,0,0
0x49eb9b,95%,5,95,100,95,5,0,0
0x4a667c,85.2941%,5,29,34,0,3,2,29
0x4c40c5,99.5984%,5,1240,1245,0,0,5,1240
0x4020a1,99.8577%,5,3509,3514,0,0,5,3509
0x4cb3d4,99.9709%,5,17155,17160,0,0,5,17155
0x45a86d,93.75%,5,75,80,0,0,5,75
0x4ca314,97.8541%,5,228,233,116,5,0,112
0x60980c,86.4865%,5,32,37,0,0,5,32
0x427c86,98.1685%,5,268,273,268,5,0,0
0x47cf7f,44.4444%,5,4,9,4,5,0,0
0x457f17,79.1667%,5,19,24,0,0,5,19
0x50fb76,98.9754%,5,483,488,482,4,1,1
0x428598,58.3333%,5,7,12,7,5,0,0
0x5f04c7,99.9344%,5,7621,7626,7621,5,0,0
0x46c33c,99.2114%,5,629,634,0,0,5,629
0x4a5b7c,75%,5,15,20,15,5,0,0
0x463e4b,98.8584%,5,433,438,433,5,0,0
0x5ef0eb,99.6912%,5,1614,1619,0,0,5,1614
0x47650c,99.8792%,5,4133,4138,0,0,5,4133
0x4dafa3,99.9756%,5,20462,20467,0,0,5,20462
0x466cdb,98.9817%,5,486,491,486,5,0,0
0x4d16ea,98.3819%,5,304,309,304,5,0,0
0x4c2832,99.915%,5,5875,5880,5875,5,0,0
0x4d17c7,98.3819%,5,304,309,304,5,0,0
0x48ab66,88.0952%,5,37,42,0,0,5,37
0x4dd2c1,98.4894%,5,326,331,326,5,0,0
0x4d61f0,98.9474%,5,470,475,0,0,5,470
0x45c2a2,90.566%,5,48,53,48,5,0,0
0x445800,98.9316%,5,463,468,463,5,0,0
0x50fc7e,99.6345%,5,1363,1368,12,4,1,1351
0x4d29e0,95.7627%,5,113,118,0,0,5,113
0x4b8d62,96.4286%,5,135,140,135,5,0,0
0x4b3539,92.6471%,5,63,68,33,1,4,30
0x4a8981,92.8571%,5,65,70,0,0,5,65
0x4afeab,99.1039%,5,553,558,0,0,5,553
0x4a8a03,90.566%,5,48,53,17,0,5,31
0x47b5fc,99.6658%,5,1491,1496,1491,5,0,0
0x47a2c8,99.4715%,5,941,946,941,5,0,0
0x4659c5,96.5753%,5,141,146,141,5,0,0
0x4a7524,96.732%,5,148,153,117,2,3,31
0x4a73b1,86.4865%,5,32,37,15,2,3,17
0x458d45,82.7586%,5,24,29,0,0,5,24
0x499298,99.349%,5,763,768,0,0,5,763
0x5f0b8b,87.5%,5,35,40,0,4,1,35
0x4a7365,96.732%,5,148,153,0,0,5,148
0x4b40b2,92.6471%,5,63,68,63,5,0,0
0x4a734e,96.732%,5,148,153,148,5,0,0
0x48bd24,99.0548%,5,524,529,0,0,5,524
0x4a3130,70.5882%,5,12,17,12,5,0,0
0x4a3152,70.5882%,5,12,17,12,5,0,0
0x45ed85,70.5882%,5,12,17,12,5,0,0
0x4b1908,97.2222%,5,175,180,0,0,5,175
0x427eb5,66.6667%,5,10,15,0,0,5,10
0x4a2dae,73.6842%,5,14,19,3,0,5,11
0x476de2,98.4894%,5,326,331,20,1,4,306
0x4a4530,70.5882%,5,12,17,0,0,5,12
0x464f05,94.6809%,5,89,94,8,1,4,81
0x4a464d,86.4865%,5,32,37,15,2,3,17
0x412e0a,87.5%,5,35,40,0,0,5,35
0x4131c2,99.9171%,5,6029,6034,5997,1,4,32
0x413455,28.5714%,5,2,7,0,0,5,2
0x49c361,86.1111%,5,31,36,0,0,5,31
0x4a7b9f,95.3271%,5,102,107,14,3,2,88
0x4ca82c,99.2764%,5,686,691,0,0,5,686
0x4cc9af,99.915%,5,5878,5883,0,0,5,5878
0x41b30c,96.0317%,5,121,126,118,3,2,3
0x445d5c,99.6626%,5,1477,1482,0,0,5,1477
0x4b22ee,58.3333%,5,7,12,7,5,0,0
0x4ca559,99.8621%,5,3622,3627,3622,5,0,0
0x40226f,98.5755%,5,346,351,346,5,0,0
0x60a79e,91.9355%,5,57,62,57,5,0,0
0x4b08b7,85.2941%,5,29,34,29,5,0,0
0x470364,98.9316%,5,463,468,463,5,0,0
0x4d8a5f,96.0317%,5,121,126,0,0,5,121
0x4d8b80,96.0317%,5,121,126,121,5,0,0
0x445b0b,98.9316%,5,463,468,0,0,5,463
0x41b691,96.0317%,5,121,126,121,5,0,0
0x5fa2e5,78.2609%,5,18,23,0,1,4,18
0x5fa41b,50%,5,5,10,1,3,2,4
0x4ad3f1,93.2432%,5,69,74,69,5,0,0
0x4112c1,98.9316%,5,463,468,463,5,0,0
0x4c45ec,85.7143%,5,30,35,3,0,5,27
0x5f2dbc,99.8316%,5,2965,2970,2965,5,0,0
0x49cb8f,98.8372%,5,425,430,0,0,5,425
0x47bd69,99.6255%,5,1330,1335,0,0,5,1330
0x476516,99.8792%,5,4133,4138,0,0,5,4133
0x426e27,68.75%,5,11,16,0,0,5,11
0x4b6a39,70.5882%,5,12,17,0,0,5,12
0x420a1a,99.6041%,5,1258,1263,1258,5,0,0
0x4dfbc4,92.0635%,5,58,63,58,5,0,0
0x4cab55,99.7588%,5,2068,2073,0,3,2,2068
0x4c9601,95.9677%,5,119,124,119,5,0,0
0x45ed27,70.5882%,5,12,17,12,5,0,0
0x4dff55,93.0556%,5,67,72,67,5,0,0
0x4bc16e,95.9677%,5,119,124,119,5,0,0
0x426ce3,37.5%,5,3,8,0,0,5,3
0x4e14d9,16.6667%,5,1,6,0,0,5,1
0x47b940,97.6852%,5,211,216,211,5,0,0
0x4b5ab9,85.2941%,5,29,34,29,5,0,0
0x47ccdd,87.1795%,5,34,39,34,5,0,0
0x479cbd,98.7406%,5,392,397,246,3,2,146
0x4842a6,88.0952%,5,37,42,0,0,5,37
0x406df9,84.8485%,5,28,33,0,0,5,28
0x60a4e8,92.0635%,5,58,63,0,0,5,58
0x4285b7,66.6667%,5,10,15,10,5,0,0
0x4b85e7,95.1923%,5,99,104,99,5,0,0
0x4770b5,50%,5,5,10,0,2,3,5
0x4c49a6,99.9436%,5,8856,8861,8856,5,0,0
0x4d7df1,94.2529%,5,82,87,0,1,4,82
0x45b39d,96.3768%,5,133,138,133,1,4,0
0x5df573,86.1111%,5,31,36,3,0,5,28
0x4b3a57,95.098%,5,97,102,97,5,0,0
0x60b6ae,28.5714%,5,2,7,2,5,0,0
0x6331ca,44.4444%,5,4,9,2,4,1,2
0x45a6c9,93.8272%,5,76,81,76,5,0,0
0x49c1ab,86.1111%,5,31,36,16,3,2,15
0x5ded35,66.6667%,5,10,15,5,1,4,5
0x48bdeb,99.0548%,5,524,529,2,0,5,522
0x4c484f,99.9332%,5,7476,7481,0,0,5,7476
0x50fe07,99.2366%,5,650,655,0,4,1,650
0x460cff,84.375%,5,27,32,0,0,5,27
0x45ac02,98.0159%,5,247,252,1,2,3,246
0x47933a,99.6684%,5,1503,1508,0,0,5,1503
0x4b96b8,99.6861%,5,1588,1593,0,0,5,1588
0x411295,99.4658%,5,931,936,0,0,5,931
0x609d26,91.0714%,5,51,56,0,4,1,51
0x608c0b,97.619%,5,205,210,0,0,5,205
0x4136d4,87.5%,5,35,40,3,0,5,32
0x46761c,91.8033%,5,56,61,56,5,0,0
0x41822c,92.4242%,5,61,66,0,0,5,61
0x4d8ea9,99.9697%,5,16475,16480,0,0,5,16475
0x4bae6a,99.935%,5,7686,7691,7686,5,0,0
0x4d605b,72.2222%,5,13,18,13,5,0,0
0x4d585a,72.2222%,5,13,18,13,5,0,0
0x4182d1,92.3077%,5,60,65,60,4,1,0
0x469bfc,95.8333%,5,115,120,0,0,5,115
0x4d3dd4,93.0556%,5,67,72,4,5,0,63
0x4dca4c,99.927%,5,6848,6853,6848,5,0,0
0x6073e1,58.3333%,5,7,12,0,0,5,7
0x5dd972,44.4444%,5,4,9,0,0,5,4
0x4b362a,95.098%,5,97,102,66,2,3,31
0x4ca67d,99.9451%,5,9097,9102,0,0,5,9097
0x4aca04,96.3235%,5,131,136,29,5,0,102
0x4a6f8c,97.3262%,5,182,187,34,0,5,148
0x427f9f,84.8485%,5,28,33,28,5,0,0
0x4cd52f,99.5314%,5,1062,1067,0,0,5,1062
0x4d0adc,76.1905%,5,16,21,0,0,5,16
0x4b5a82,85.2941%,5,29,34,29,5,0,0
0x45afad,98.8962%,5,448,453,448,5,0,0
0x4b3770,92.6471%,5,63,68,63,5,0,0
0x427e10,92.6471%,5,63,68,63,5,0,0
0x4c4522,99.8066%,5,2580,2585,2580,5,0,0
0x49d1c8,96.2687%,5,129,134,0,0,5,129
0x4284fe,66.6667%,5,10,15,9,3,2,1
0x4ac395,99.4553%,5,913,918,0,0,5,913
0x4b8c1a,96.4286%,5,135,140,0,0,5,135
0x47a738,96.2687%,5,129,134,129,5,0,0
0x5dda73,16.6667%,5,1,6,0,0,5,1
0x4ba35a,99.8358%,5,3040,3045,0,0,5,3040
0x4c9f19,99.9792%,5,24072,24077,24072,5,0,0
0x45a43d,66.6667%,5,10,15,0,0,5,10
0x498a44,86.1111%,5,31,36,15,1,4,16
0x4c63e6,99.9959%,5,121172,121177,121172,5,0,0
0x46cc91,93.4211%,5,71,76,0,0,5,71
0x4b3259,85.2941%,5,29,34,0,0,5,29
0x418521,70.5882%,5,12,17,11,1,4,1
0x4d7c39,99.1007%,5,551,556,469,0,5,82
0x60a13d,80.7692%,5,21,26,0,0,5,21
0x49c92d,99.7918%,5,2397,2402,2397,5,0,0
0x5fa34e,80%,5,20,25,3,1,4,17
0x4d5e26,72.2222%,5,13,18,0,0,5,13
0x608bd2,98.3819%,5,304,309,0,3,2,304
0x4ca369,99.9973%,5,187979,187984,187979,5,0,0
0x4ba769,64.2857%,5,9,14,0,0,5,9
0x47aa99,94.4444%,5,85,90,85,5,0,0
0x5ee898,96.7532%,5,149,154,149,5,0,0
0x4ba792,64.2857%,5,9,14,0,0,5,9
0x457c7a,88.0952%,5,37,42,37,5,0,0
0x4b8e5b,68.75%,5,11,16,11,5,0,0
0x4dcb10,99.927%,5,6848,6853,0,0,5,6848
0x4172e9,96.2687%,5,129,134,129,5,0,0
0x4c5978,99.1055%,5,554,559,3,3,2,551
0x48d694,44.4444%,5,4,9,0,0,5,4
0x4d9610,80.7692%,5,21,26,0,0,5,21
0x477f3f,99.4118%,5,845,850,0,3,2,845
0x4a7069,85.2941%,5,29,34,0,0,5,29
0x463ae0,99.3671%,5,785,790,0,1,4,785
0x499f6f,86.1111%,5,31,36,0,0,5,31
0x4769d7,99.745%,5,1956,1961,0,0,5,1956
0x467b12,83.3333%,5,25,30,25,5,0,0
0x459819,95.098%,5,97,102,97,5,0,0
0x428a7b,98.9316%,5,463,468,0,0,5,463
0x458a36,87.5%,5,35,40,0,0,5,35
0x45946b,66.6667%,5,10,15,7,5,0,3
0x4a7820,95.3271%,5,102,107,0,0,5,102
0x411a33,98.8739%,5,439,444,439,2,3,0
0x426f1f,68.75%,5,11,16,3,5,0,8
0x48d0ec,98.5673%,5,344,349,1,2,3,343
0x4d8d95,75%,5,15,20,15,5,0,0
0x4d8e45,75%,5,15,20,0,0,5,15
0x4d6d76,84.8485%,5,28,33,28,5,0,0
0x45d995,0%,5,0,5,0,5,0,0
0x458e81,44.4444%,5,4,9,4,0,5,0
0x4c22be,98.9733%,5,482,487,482,5,0,0
0x479ebd,96.8944%,5,156,161,156,5,0,0
0x47a10f,96.8944%,5,156,161,0,0,5,156
0x46ccda,93.4211%,5,71,76,71,2,3,0
0x4cd63f,98.8453%,5,428,433,428,5,0,0
0x4437fc,98.9316%,5,463,468,0,0,5,463
0x4b9732,95.1456%,5,98,103,98,5,0,0
0x45a0eb,72.2222%,5,13,18,13,5,0,0
0x49b8c4,73.6842%,5,14,19,14,5,0,0
0x427ec3,66.6667%,5,10,15,0,0,5,10
0x41b591,0%,5,0,5,0,5,0,0
0x40248c,93.6709%,5,74,79,74,5,0,0
0x4a4416,86.4865%,5,32,37,0,0,5,32
0x45b2fd,98.5163%,5,332,337,332,5,0,0
0x49d140,96.2687%,5,129,134,129,5,0,0
0x46fedd,99.477%,5,951,956,951,5,0,0
0x4bab7f,99.9206%,5,6296,6301,6296,5,0,0
0x476231,99.9675%,5,15363,15368,0,0,5,15363
0x4a42e4,86.4865%,5,32,37,32,5,0,0
0x4c6c6a,72.2222%,5,13,18,13,5,0,0
0x458306,87.1795%,5,34,39,34,5,0,0
0x462ec2,94.7917%,5,91,96,91,5,0,0
0x4bd2ba,99.7333%,5,1870,1875,0,0,5,1870
0x49b844,86.1111%,5,31,36,31,5,0,0
0x4d770e,99.874%,5,3964,3969,3964,5,0,0
0x478f98,87.8049%,5,36,41,36,5,0,0
0x4996ae,99.2051%,5,624,629,0,0,5,624
0x49943c,99.349%,5,763,768,628,1,4,135
0x48acdc,76.1905%,5,16,21,16,5,0,0
0x46c7e8,99.4829%,5,962,967,0,0,5,962
0x411852,98.8739%,5,439,444,0,0,5,439
0x4c4658,99.9972%,5,177258,177263,0,0,5,177258
0x484b9f,88.0952%,5,37,42,37,5,0,0
0x46727e,99.349%,5,763,768,763,5,0,0
0x427dba,85.2941%,5,29,34,0,0,5,29
0x458d80,82.7586%,5,24,29,0,0,5,24
0x47b4e2,99.9511%,5,10215,10220,0,0,5,10215
0x457e81,79.1667%,5,19,24,19,5,0,0
0x46c79b,99.4829%,5,962,967,0,0,5,962
0x46c328,99.2114%,5,629,634,0,0,5,629
0x459da8,96.6667%,5,145,150,145,5,0,0
0x4d7ef2,98.9384%,5,466,471,0,0,5,466
0x4699f2,94.3182%,5,83,88,83,5,0,0
0x4137ef,84.8485%,5,28,33,28,5,0,0
0x4c2610,76.1905%,5,16,21,16,5,0,0
0x48be36,99.0548%,5,524,529,0,0,5,524
0x5f2da0,99.8316%,5,2965,2970,2965,5,0,0
0x46007c,99.9233%,5,6512,6517,0,0,5,6512
0x479ea1,99.6203%,5,1312,1317,1312,5,0,0
0x46f4d4,68.75%,5,11,16,0,0,5,11
0x5f0979,91.8033%,5,56,61,0,0,5,56
0x46723d,96.4029%,5,134,139,0,0,5,134
0x418e1c,99.031%,5,511,516,0,0,5,511
0x4dfb1f,58.3333%,5,7,12,4,5,0,3
0x460d1a,84.375%,5,27,32,0,0,5,27
0x633881,90.1961%,5,46,51,0,0,5,46
0x5ef7ab,37.5%,5,3,8,0,0,5,3
0x47831f,99.336%,5,748,753,0,0,5,748
0x47807a,99.8164%,5,2719,2724,0,0,5,2719
0x418f70,99.7746%,5,2213,2218,2213,5,0,0
0x50fc03,99.9303%,5,7166,7171,0,0,5,7166
0x462cb0,86.1111%,5,31,36,31,5,0,0
0x4acb75,70.5882%,5,12,17,0,0,5,12
0x458494,54.5455%,5,6,11,0,0,5,6
0x469e8f,80%,5,20,25,0,0,5,20
0x4b0781,98.6772%,5,373,378,373,5,0,0
0x4b03f8,98.9627%,5,477,482,0,0,5,477
0x4d91fa,80.7692%,5,21,26,0,0,5,21
0x47b680,99.8257%,5,2864,2869,2864,5,0,0
0x41882b,88.3721%,5,38,43,0,0,5,38
0x49edbf,85.2941%,5,29,34,0,0,5,29
0x477f31,99.4233%,5,862,867,862,5,0,0
0x49eeea,98.6226%,5,358,363,358,5,0,0
0x4c3b51,99.5948%,5,1229,1234,1229,5,0,0
0x469b96,95.8333%,5,115,120,0,0,5,115
0x405496,44.4444%,5,4,9,0,0,5,4
0x4cd1bd,99.5314%,5,1062,1067,0,0,5,1062
0x45a764,93.8272%,5,76,81,76,5,0,0
0x4a6223,90.7407%,5,49,54,32,2,3,17
0x40174a,99.3179%,5,728,733,0,0,5,728
0x4d6276,98.9474%,5,470,475,470,5,0,0
0x50fd0e,96.3235%,5,131,136,131,4,1,0
0x479e90,99.6203%,5,1312,1317,1312,5,0,0
0x41a36d,98.6072%,5,354,359,354,5,0,0
0x406cf7,84.8485%,5,28,33,28,5,0,0
0x46d238,99.561%,5,1134,1139,1134,5,0,0
0x478fb7,88.6364%,5,39,44,0,0,5,39
0x478fc7,88.6364%,5,39,44,39,5,0,0
0x4535cc,44.4444%,5,4,9,0,0,5,4
0x4de2e9,82.7586%,5,24,29,0,0,5,24
0x5f30f1,99.812%,5,2654,2659,2654,5,0,0
0x49af03,86.1111%,5,31,36,0,0,5,31
0x49a3e0,86.1111%,5,31,36,0,0,5,31
0x4b9bf8,97.549%,5,199,204,0,0,5,199
0x41bcf4,16.6667%,5,1,6,0,0,5,1
0x457dd1,98.0392%,5,250,255,250,5,0,0
0x4c4dca,91.6667%,5,55,60,15,4,1,40
0x523c76,16.6667%,5,1,6,1,2,3,0
0x464417,98.708%,5,382,387,0,0,5,382
0x4b8a6b,86.8421%,5,33,38,33,5,0,0
0x609e57,66.6667%,5,10,15,0,0,5,10
0x4e2bed,93.0556%,5,67,72,67,5,0,0
0x499f7c,86.1111%,5,31,36,31,5,0,0
0x453583,44.4444%,5,4,9,0,0,5,4
0x44feac,44.4444%,5,4,9,0,0,5,4
0x46d66d,98.366%,5,301,306,0,0,5,301
0x4daf45,99.9756%,5,20462,20467,0,0,5,20462
0x420c3f,90.9091%,5,50,55,50,5,0,0
0x4d096c,99.883%,5,4270,4275,4270,5,0,0
0x47be38,99.6255%,5,1330,1335,1330,5,0,0
0x458a1e,87.5%,5,35,40,0,0,5,35
0x4d0b3d,99.7574%,5,2056,2061,0,0,5,2056
0x460e82,92.1875%,5,59,64,0,0,5,59
0x50fa20,73.6842%,5,14,19,0,0,5,14
0x60902b,99.3056%,5,715,720,0,0,5,715
0x45010c,44.4444%,5,4,9,0,0,5,4
0x6332e2,16.6667%,5,1,6,0,0,5,1
0x49cc91,99.7918%,5,2397,2402,136,3,2,2261
0x46c384,99.8975%,5,4872,4877,0,0,5,4872
0x417e51,99.9836%,5,30499,30504,0,2,3,30499
0x478c96,99.7036%,5,1682,1687,1682,5,0,0
0x459cd0,83.3333%,5,25,30,0,0,5,25
0x458e0f,82.7586%,5,24,29,6,3,2,18
0x5f3165,99.812%,5,2654,2659,0,0,5,2654
0x5fa368,76.1905%,5,16,21,0,2,3,16
0x47b661,99.8257%,5,2864,2869,0,0,5,2864
0x46993e,98.1203%,5,261,266,261,5,0,0
0x4a51ea,75%,5,15,20,15,5,0,0
0x4ad1e8,70.5882%,5,12,17,12,5,0,0
0x4c5c72,99.0909%,5,545,550,0,0,5,545
0x4a5340,70.5882%,5,12,17,0,0,5,12
0x469e52,80%,5,20,25,20,5,0,0
0x49ac60,88.8889%,4,32,36,32,4,0,0
0x4644cd,98.9664%,4,383,387,383,4,0,0
0x4de2d7,86.2069%,4,25,29,25,4,0,0
0x45e64b,0%,4,0,4,0,2,2,0
0x60a53b,89.7436%,4,35,39,0,0,4,35
0x47972b,99.9218%,4,5114,5118,5114,4,0,0
0x5f053e,99.879%,4,3301,3305,0,0,4,3301
0x47c717,99.9318%,4,5858,5862,0,0,4,5858
0x5f0c87,99.3464%,4,608,612,0,0,4,608
0x5de6d8,33.3333%,4,2,6,0,0,4,2
0x4246fb,50%,4,4,8,0,0,4,4
0x6333ec,55.5556%,4,5,9,5,4,0,0
0x4d7739,99.8992%,4,3965,3969,3965,4,0,0
0x5ee9bc,55.5556%,4,5,9,3,4,0,2
0x4c234d,99.5662%,4,918,922,0,0,4,918
0x41b9c4,20%,4,1,5,0,0,4,1
0x47af53,99.8411%,4,2513,2517,0,0,4,2513
0x46c5fa,96.0396%,4,97,101,0,0,4,97
0x48c12a,99.1632%,4,474,478,474,4,0,0
0x5f3087,99.8496%,4,2655,2659,2655,4,0,0
0x445c03,98.2906%,4,230,234,230,4,0,0
0x40188a,99.9515%,4,8238,8242,0,0,4,8238
0x467b4b,86.6667%,4,26,30,26,4,0,0
0x4cf582,99.7834%,4,1843,1847,1843,4,0,0
0x462fed,95.8333%,4,92,96,0,0,4,92
0x4d1ddb,98.5348%,4,269,273,0,0,4,269
0x45db5a,94.9367%,4,75,79,75,4,0,0
0x4df33a,80.9524%,4,17,21,17,4,0,0
0x4d5bff,99.945%,4,7270,7274,7270,4,0,0
0x4d107d,99.022%,4,405,409,0,0,4,405
0x45dddb,98.7539%,4,317,321,9,3,1,308
0x420d0a,92.7273%,4,51,55,51,4,0,0
0x498a74,82.6087%,4,19,23,0,0,4,19
0x4dcb19,99.9416%,4,6849,6853,6849,4,0,0
0x45d990,85.1852%,4,23,27,19,3,1,4
0x5de6e8,33.3333%,4,2,6,0,0,4,2
0x4a4b47,76.4706%,4,13,17,0,0,4,13
0x47b718,50%,4,4,8,4,4,0,0
0x5ef08f,99.9631%,4,10828,10832,10828,4,0,0
0x467b8b,86.6667%,4,26,30,0,0,4,26
0x49c291,88.8889%,4,32,36,32,4,0,0
0x459800,95.8763%,4,93,97,93,3,1,0
0x4d8ba3,95.8333%,4,92,96,0,0,4,92
0x464980,97.4684%,4,154,158,154,4,0,0
0x5f0533,99.879%,4,3301,3305,0,0,4,3301
0x49b610,88.8889%,4,32,36,0,0,4,32
0x4abf9d,80%,4,16,20,16,4,0,0
0x418a3a,99.9153%,4,4716,4720,0,0,4,4716
0x4214ef,78.9474%,4,15,19,0,0,4,15
0x4ad21c,76.4706%,4,13,17,0,0,4,13
0x5ef517,99.6183%,4,1044,1048,1044,4,0,0
0x40a602,98.7692%,4,321,325,0,0,4,321
0x4b94c8,99.4382%,4,708,712,0,0,4,708
0x4b213d,88.2353%,4,30,34,16,1,3,14
0x4b2346,33.3333%,4,2,6,0,0,4,2
0x5dec2b,33.3333%,4,2,6,2,4,0,0
0x412e12,90%,4,36,40,1,3,1,35
0x41bbe6,99.431%,4,699,703,699,4,0,0
0x48c65b,99.864%,4,2937,2941,0,0,4,2937
0x421005,99.9378%,4,6424,6428,0,0,4,6424
0x4a3e94,94.0299%,4,63,67,51,0,4,12
0x5dec19,33.3333%,4,2,6,0,0,4,2
0x4c647e,50%,4,4,8,0,0,4,4
0x412108,99.952%,4,8324,8328,8324,4,0,0
0x5de97f,33.3333%,4,2,6,2,4,0,0
0x4d09c2,80.9524%,4,17,21,0,0,4,17
0x457730,97.2789%,4,143,147,143,4,0,0
0x5deee5,91.1111%,4,41,45,0,3,1,41
0x4b3b0b,96.0784%,4,98,102,0,0,4,98
0x4b3b14,96.0784%,4,98,102,98,4,0,0
0x41adae,99.3769%,4,638,642,638,4,0,0
0x5f30dc,99.8496%,4,2655,2659,0,0,4,2655
0x40174f,99.4543%,4,729,733,0,0,4,729
0x4bc1cc,99.811%,4,2112,2116,0,0,4,2112
0x5f1d37,99.8653%,4,2966,2970,0,0,4,2966
0x4bf6f8,71.4286%,4,10,14,2,0,4,8
0x41bbc3,99.431%,4,699,703,0,0,4,699
0x41b04b,99.8021%,4,2017,2021,0,0,4,2017
0x48c3c8,97.8836%,4,185,189,0,0,4,185
0x4192ac,90.6977%,4,39,43,39,4,0,0
0x479b65,99.957%,4,9305,9309,9305,4,0,0
0x45dad6,94.9367%,4,75,79,0,0,4,75
0x4db246,99.9805%,4,20463,20467,0,0,4,20463
0x62101d,42.8571%,4,3,7,3,4,0,0
0x4ca7a9,99.679%,4,1242,1246,1242,3,1,0
0x4631c0,95.8333%,4,92,96,0,0,4,92
0x4bbe73,98.1132%,4,208,212,208,4,0,0
0x609e65,73.3333%,4,11,15,0,0,4,11
0x5df2cd,33.3333%,4,2,6,0,0,4,2
0x464fbb,96.5517%,4,112,116,48,4,0,64
0x45b091,55.5556%,4,5,9,5,4,0,0
0x5ef130,99.7529%,4,1615,1619,0,0,4,1615
0x47a11a,97.5155%,4,157,161,0,0,4,157
0x4bea6b,96.1905%,4,101,105,101,2,2,0
0x49f45e,94.1176%,4,64,68,33,1,3,31
0x4699a2,96.6667%,4,116,120,28,4,0,88
0x4a663c,88.2353%,4,30,34,0,0,4,30
0x50f885,78.9474%,4,15,19,0,3,1,15
0x4281f7,73.3333%,4,11,15,0,3,1,11
0x49a1d9,88.8889%,4,32,36,0,0,4,32
0x47a292,99.5772%,4,942,946,937,3,1,5
0x45a074,77.7778%,4,14,18,2,1,3,12
0x4ba27f,99.8686%,4,3041,3045,3041,4,0,0
0x5f2e06,99.8653%,4,2966,2970,0,0,4,2966
0x47c63b,60%,4,6,10,0,0,4,6
0x47c6d3,99.9318%,4,5858,5862,5858,4,0,0
0x6098fc,96.0784%,4,98,102,0,2,2,98
0x4d05f5,99.9269%,4,5469,5473,5469,4,0,0
0x5f3098,99.8496%,4,2655,2659,0,0,4,2655
0x469c74,96.6667%,4,116,120,0,0,4,116
0x4ba86b,99.9905%,4,42305,42309,0,0,4,42305
0x469ca3,96.6667%,4,116,120,0,0,4,116
0x4d9006,99.8171%,4,2183,2187,0,0,4,2183
0x47b3e2,99.9609%,4,10216,10220,0,0,4,10216
0x46ee5e,99.1903%,4,490,494,85,4,0,405
0x60af7e,94.3662%,4,67,71,67,4,0,0
0x4765e1,99.8894%,4,3613,3617,3613,4,0,0
0x4cfc30,99.9531%,4,8533,8537,8533,4,0,0
0x6097cc,95.1807%,4,79,83,3,1,3,76
0x47ba93,20%,4,1,5,1,4,0,0
0x5eb5a5,33.3333%,4,2,6,2,4,0,0
0x609cb7,83.3333%,4,20,24,0,0,4,20
0x4b475f,94.1176%,4,64,68,0,0,4,64
0x477d7d,99.7365%,4,1514,1518,1514,4,0,0
0x4650dd,99.1786%,4,483,487,0,0,4,483
0x5fa40f,71.4286%,4,10,14,1,3,1,9
0x47707b,99.9857%,4,27987,27991,0,0,4,27987
0x427953,98.5348%,4,269,273,0,0,4,269
0x45de3c,98.7055%,4,305,309,305,4,0,0
0x48cdd1,98.8201%,4,335,339,333,3,1,2
0x458a9b,92.5926%,4,50,54,0,0,4,50
0x4cbc8d,99.8932%,4,3742,3746,0,1,3,3742
0x63387f,92.9825%,4,53,57,3,3,1,50
0x47a0ca,97.5155%,4,157,161,157,4,0,0
0x4a5c88,88.2353%,4,30,34,15,2,2,15
0x47032c,99.1453%,4,464,468,0,0,4,464
0x4d1be4,88.8889%,4,32,36,32,4,0,0
0x609db6,86.2069%,4,25,29,0,0,4,25
0x44321e,99.1453%,4,464,468,464,4,0,0
0x420bfa,99.6967%,4,1315,1319,1315,4,0,0
0x427db0,94.1176%,4,64,68,33,1,3,31
0x60b70c,63.6364%,4,7,11,7,0,4,0
0x41c69a,71.4286%,4,10,14,10,4,0,0
0x40742b,99.9729%,4,14756,14760,14756,4,0,0
0x4d1122,33.3333%,4,2,6,2,4,0,0
0x47c2ba,86.6667%,4,26,30,0,0,4,26
0x4d5d31,94.2029%,4,65,69,5,1,3,60
0x478b02,99.8144%,4,2151,2155,2143,1,3,8
0x47af5c,99.8411%,4,2513,2517,2513,3,1,0
0x4bc7dc,99.875%,4,3195,3199,3195,4,0,0
0x48acac,90.4762%,4,38,42,19,2,2,19
0x40740d,99.9454%,4,7320,7324,0,0,4,7320
0x4784cf,98.7692%,4,321,325,0,0,4,321
0x457249,99.7508%,4,1601,1605,1601,4,0,0
0x407c35,93.5484%,4,58,62,58,4,0,0
0x4593a5,73.3333%,4,11,15,3,0,4,8
0x4ddd6f,0%,4,0,4,0,4,0,0
0x608d7a,50%,4,4,8,0,0,4,4
0x45ab4b,98.4127%,4,248,252,0,0,4,248
0x4a880d,96%,4,96,100,0,0,4,96
0x4a884c,94.0299%,4,63,67,0,0,4,63
0x608c35,98.0952%,4,206,210,0,0,4,206
0x4594d1,73.3333%,4,11,15,11,4,0,0
0x419044,99.9665%,4,11934,11938,11934,4,0,0
0x49ad39,88.8889%,4,32,36,32,4,0,0
0x45fe44,99.9387%,4,6522,6526,6522,1,3,0
0x476ae2,99.8607%,4,2868,2872,2868,4,0,0
0x408d34,99.7116%,4,1383,1387,0,0,4,1383
0x498b7b,82.6087%,4,19,23,0,3,1,19
0x47bb3d,96.1165%,4,99,103,0,0,4,99
0x606954,91.3043%,4,42,46,0,3,1,42
0x41129e,99.5726%,4,932,936,0,0,4,932
0x4770b0,66.6667%,4,8,12,2,0,4,6
0x478d3f,96.5812%,4,113,117,0,0,4,113
0x4195fe,99.7347%,4,1504,1508,0,0,4,1504
0x4786d0,33.3333%,4,2,6,2,4,0,0
0x5d8850,33.3333%,4,2,6,0,0,4,2
0x6068ae,99.7781%,4,1799,1803,0,0,4,1799
0x5ee8f3,97.9167%,4,188,192,0,0,4,188
0x4b8e13,75%,4,12,16,12,4,0,0
0x443381,99.1453%,4,464,468,464,4,0,0
0x45846e,63.6364%,4,7,11,0,0,4,7
0x4df8a1,93.6508%,4,59,63,0,0,4,59
0x4d3f73,85.1852%,4,23,27,0,0,4,23
0x60a8ee,90.6977%,4,39,43,39,4,0,0
0x476158,99.9881%,4,33547,33551,33547,4,0,0
0x4df3ba,80.9524%,4,17,21,15,3,1,2
0x4cd238,99.0676%,4,425,429,425,4,0,0
0x4ca93b,99.8268%,4,2305,2309,2305,4,0,0
0x49edcd,88.2353%,4,30,34,30,4,0,0
0x4bbda1,99.8168%,4,2180,2184,2180,4,0,0
0x47bb29,96.1165%,4,99,103,0,0,4,99
0x417f1b,99.9867%,4,30002,30006,30002,4,0,0
0x5deec8,91.6667%,4,44,48,2,1,3,42
0x633960,33.3333%,4,2,6,0,0,4,2
0x462dc6,98.7879%,4,326,330,0,0,4,326
0x4d3dda,93.6508%,4,59,63,0,0,4,59
0x4c5bfc,99.9916%,4,47639,47643,47541,3,1,98
0x4189da,96.9466%,4,127,131,127,4,0,0
0x5fa3ab,69.2308%,4,9,13,0,3,1,9
0x47820b,99.4688%,4,749,753,0,0,4,749
0x509556,86.6667%,4,26,30,0,0,4,26
0x4a86c5,97.4522%,4,153,157,153,4,0,0
0x40a597,98.9011%,4,360,364,360,4,0,0
0x48ba99,98.8201%,4,335,339,0,0,4,335
0x476e8b,99.91%,4,4438,4442,0,0,4,4438
0x47383b,99.1379%,4,460,464,460,4,0,0
0x4cbd2c,91.3043%,4,42,46,0,0,4,42
0x4192a0,90.6977%,4,39,43,0,0,4,39
0x4d3ee6,85.1852%,4,23,27,0,0,4,23
0x457261,99.7508%,4,1601,1605,1601,4,0,0
0x4d26f9,96.6102%,4,114,118,0,0,4,114
0x47c913,99.7783%,4,1800,1804,1800,4,0,0
0x445a9a,99.1453%,4,464,468,0,0,4,464
0x5f1737,98.0488%,4,201,205,0,0,4,201
0x4bda8d,99.8718%,4,3115,3119,0,3,1,3115
0x459c76,97.5309%,4,158,162,137,4,0,21
0x47d3c9,99.9772%,4,17538,17542,0,0,4,17538
0x464b66,73.3333%,4,11,15,0,0,4,11
0x47a031,97.5155%,4,157,161,0,0,4,157
0x49c1bb,88.8889%,4,32,36,32,4,0,0
0x608d04,98.0296%,4,199,203,0,0,4,199
0x4e0eea,87.8788%,4,29,33,16,2,2,13
0x4cd509,99.6251%,4,1063,1067,1063,4,0,0
0x49a1de,88.8889%,4,32,36,32,4,0,0
0x4e0b42,87.8788%,4,29,33,0,0,4,29
0x418b96,99.2248%,4,512,516,512,4,0,0
0x4e2aef,94.4444%,4,68,72,68,4,0,0
0x5df34b,33.3333%,4,2,6,0,0,4,2
0x478be6,99.8134%,4,2140,2144,0,0,4,2140
0x47aa5b,89.4737%,4,34,38,34,4,0,0
0x5f0b60,90%,4,36,40,0,0,4,36
0x463c3a,99.841%,4,2512,2516,2512,4,0,0
0x4d212f,73.3333%,4,11,15,11,4,0,0
0x4d404b,97.1631%,4,137,141,0,0,4,137
0x45de0c,98.7055%,4,305,309,305,4,0,0
0x408b6c,20%,4,1,5,0,0,4,1
0x4c8913,81.8182%,4,18,22,12,3,1,6
0x506016,33.3333%,4,2,6,0,0,4,2
0x4a28d1,95.1807%,4,79,83,79,4,0,0
0x462db1,98.7879%,4,326,330,326,4,0,0
0x4a6faa,97.3856%,4,149,153,0,0,4,149
0x418f96,93.75%,4,60,64,60,4,0,0
0x4a28aa,95.1807%,4,79,83,79,4,0,0
0x4a2548,87.8788%,4,29,33,29,4,0,0
0x4790fd,99.9522%,4,8365,8369,8365,4,0,0
0x450053,55.5556%,4,5,9,0,0,4,5
0x47a06d,97.5155%,4,157,161,0,0,4,157
0x6099ec,93.1034%,4,54,58,0,0,4,54
0x419425,99.9854%,4,27438,27442,27438,4,0,0
0x470326,99.1453%,4,464,468,0,0,4,464
0x47a87d,98.1567%,4,213,217,213,4,0,0
0x46c7bb,99.5863%,4,963,967,963,4,0,0
0x4c6c4b,77.7778%,4,14,18,0,0,4,14
0x5d874b,33.3333%,4,2,6,2,4,0,0
0x411948,99.0991%,4,440,444,440,4,0,0
0x4136e2,89.1892%,4,33,37,0,0,4,33
0x4deaa6,85.1852%,4,23,27,0,0,4,23
0x41b15f,99.8021%,4,2017,2021,2017,4,0,0
0x4baff0,95.3488%,4,82,86,0,0,4,82
0x4a3985,76.4706%,4,13,17,13,4,0,0
0x48c46b,99.0338%,4,410,414,223,2,2,187
0x4c89c1,76.4706%,4,13,17,3,1,3,10
0x4015bf,99.4543%,4,729,733,729,4,0,0
0x5f2d2e,99.8653%,4,2966,2970,0,0,4,2966
0x45a52f,73.3333%,4,11,15,11,4,0,0
0x4d8b27,99.6044%,4,1007,1011,1007,4,0,0
0x41a51c,99.9218%,4,5113,5117,0,0,4,5113
0x609ebb,94.0299%,4,63,67,0,0,4,63
0x48cb94,96.6387%,4,115,119,110,0,4,5
0x4a51a2,89.1892%,4,33,37,33,4,0,0
0x4b0b77,93.9394%,4,62,66,29,4,0,33
0x45842c,0%,4,0,4,0,4,0,0
0x4a5983,96.6667%,4,116,120,116,4,0,0
0x50f845,78.9474%,4,15,19,15,4,0,0
0x4acd5c,92.1569%,4,47,51,30,4,0,17
0x4120da,99.0991%,4,440,444,440,4,0,0
0x466cf2,99.1853%,4,487,491,487,4,0,0
0x50f954,78.9474%,4,15,19,0,0,4,15
0x47c46c,98.1481%,4,212,216,208,3,1,4
0x60a6ee,66.6667%,4,8,12,8,4,0,0
0x5f2c33,99.9616%,4,10422,10426,0,0,4,10422
0x5f261b,99.9492%,4,7877,7881,0,0,4,7877
0x45f185,50%,4,4,8,4,4,0,0
0x47bd07,99.7414%,4,1543,1547,1543,4,0,0
0x49e7fa,87.8788%,4,29,33,29,4,0,0
0x47a56b,97.3333%,4,146,150,140,4,0,6
0x41a4d7,99.9447%,4,7225,7229,7225,4,0,0
0x462b57,66.6667%,4,8,12,0,0,4,8
0x5deef1,90.4762%,4,38,42,38,4,0,0
0x408be6,98.7382%,4,313,317,313,4,0,0
0x46f2d9,87.0968%,4,27,31,27,4,0,0
0x418d59,99.8197%,4,2214,2218,2214,4,0,0
0x4a8aba,88.2353%,4,30,34,0,0,4,30
0x47dd5d,99.8333%,4,2395,2399,0,0,4,2395
0x46317c,95.8333%,4,92,96,0,0,4,92
0x4b5a0e,76.4706%,4,13,17,0,0,4,13
0x47db1e,99.8585%,4,2822,2826,0,0,4,2822
0x4a6400,78.9474%,4,15,19,0,0,4,15
0x4c75c8,98.6111%,4,284,288,284,4,0,0
0x49b774,88.8889%,4,32,36,0,0,4,32
0x5f2dfd,99.8653%,4,2966,2970,0,0,4,2966
0x463387,95.8333%,4,92,96,92,4,0,0
0x46354e,95.8333%,4,92,96,92,4,0,0
0x45acd9,98.4127%,4,248,252,238,1,3,10
0x418c9a,99.682%,4,1254,1258,0,0,4,1254
0x49ce63,99.8335%,4,2398,2402,135,4,0,2263
0x4c6200,99.8405%,4,2504,2508,2504,4,0,0
0x459fe8,77.7778%,4,14,18,0,0,4,14
0x424726,50%,4,4,8,4,4,0,0
0x4d10f0,99.022%,4,405,409,405,4,0,0
0x4b24d2,76.4706%,4,13,17,0,0,4,13
0x4d0a25,80.9524%,4,17,21,17,4,0,0
0x479bf2,99.9666%,4,11966,11970,0,0,4,11966
0x4abde4,80%,4,16,20,0,0,4,16
0x5ef15b,75%,4,12,16,0,0,4,12
0x45921d,76.4706%,4,13,17,13,4,0,0
0x47c898,71.4286%,4,10,14,10,4,0,0
0x47c892,71.4286%,4,10,14,0,0,4,10
0x47850e,98.7692%,4,321,325,0,0,4,321
0x467ba8,86.6667%,4,26,30,26,4,0,0
0x45a7cf,95.0617%,4,77,81,0,0,4,77
0x4c6562,0%,4,0,4,0,4,0,0
0x47643c,99.9696%,4,13152,13156,13152,4,0,0
0x45aba9,98.4127%,4,248,252,0,0,4,248
0x5ef52a,99.6183%,4,1044,1048,0,0,4,1044
0x42797b,98.5348%,4,269,273,0,0,4,269
0x523c67,33.3333%,4,2,6,2,4,0,0
0x48c47e,97.8836%,4,185,189,185,4,0,0
0x4b231c,33.3333%,4,2,6,2,4,0,0
0x4bea33,96.1905%,4,101,105,101,4,0,0
0x4d1082,99.022%,4,405,409,405,4,0,0
0x428540,73.3333%,4,11,15,0,3,1,11
0x4c3a60,99.6716%,4,1214,1218,1214,4,0,0
0x466d30,98.3471%,4,238,242,0,0,4,238
0x4c3d1f,99.6716%,4,1214,1218,0,0,4,1214
0x4a8563,97.9275%,4,189,193,189,4,0,0
0x4cb2dc,99.9198%,4,4982,4986,4982,4,0,0
0x45c28e,94.2029%,4,65,69,0,0,4,65
0x4da8d7,99.9465%,4,7475,7479,0,0,4,7475
0x443805,99.1453%,4,464,468,464,4,0,0
0x45905a,55.5556%,4,5,9,0,4,0,5
0x48c837,99.8841%,4,3447,3451,0,0,4,3447
0x4a4368,89.1892%,4,33,37,0,0,4,33
0x47bae5,84.6154%,4,22,26,0,0,4,22
0x478268,99.4688%,4,749,753,0,0,4,749
0x5f2e1b,99.8653%,4,2966,2970,0,0,4,2966
0x41af6d,95.5056%,4,85,89,0,0,4,85
0x5ef122,99.7529%,4,1615,1619,0,0,4,1615
0x48d6b1,55.5556%,4,5,9,0,0,4,5
0x45b0d9,55.5556%,4,5,9,4,3,1,1
0x46c622,91.6667%,4,44,48,44,4,0,0
0x464ba3,73.3333%,4,11,15,11,4,0,0
0x4c4eb4,99.734%,4,1500,1504,1500,4,0,0
0x45b1bd,99.1111%,4,446,450,446,4,0,0
0x4b9cb7,99.2661%,4,541,545,541,4,0,0
0x47c0f4,98.2379%,4,223,227,213,2,2,10
0x5ef229,99.7529%,4,1615,1619,1615,4,0,0
0x479ee5,95.0617%,4,77,81,77,4,0,0
0x4d1fc7,73.3333%,4,11,15,0,0,4,11
0x477fb6,99.7722%,4,1752,1756,1752,4,0,0
0x4192ce,90.6977%,4,39,43,39,4,0,0
0x4dcdcb,98.8796%,4,353,357,353,4,0,0
0x4cd169,99.6251%,4,1063,1067,1063,4,0,0
0x47d27a,99.9191%,4,4943,4947,4943,4,0,0
0x50fc6d,96.3964%,4,107,111,1,2,2,106
0x4c3db7,85.1852%,4,23,27,0,0,4,23
0x4d1ca7,98.4496%,4,254,258,254,4,0,0
0x4282e0,73.3333%,4,11,15,7,2,2,4
0x49a2e7,88.8889%,4,32,36,32,4,0,0
0x49a669,88.8889%,4,32,36,32,4,0,0
0x4c7a75,99.2844%,4,555,559,101,1,3,454
0x45aa18,95.0617%,4,77,81,77,4,0,0
0x4994b4,99.3641%,4,625,629,0,0,4,625
0x47d0bf,77.7778%,4,14,18,14,1,3,0
0x4bc21a,97.7901%,4,177,181,177,2,2,0
0x4d079e,97.4026%,4,150,154,0,0,4,150
0x608e06,97.9487%,4,191,195,0,0,4,191
0x46d754,99.5152%,4,821,825,821,4,0,0
0x4acbce,92.1569%,4,47,51,30,4,0,17
0x469eed,84%,4,21,25,0,0,4,21
0x498c95,99.67%,4,1208,1212,0,0,4,1208
0x463a97,99.4937%,4,786,790,0,0,4,786
0x49eed7,98.3333%,4,236,240,118,2,2,118
0x60a123,84.6154%,4,22,26,0,0,4,22
0x4c6541,0%,4,0,4,0,4,0,0
0x459fd1,77.7778%,4,14,18,14,4,0,0
0x50f7f7,71.4286%,4,10,14,10,4,0,0
0x49c2ab,88.8889%,4,32,36,32,4,0,0
0x4761a7,99.9087%,4,4377,4381,0,0,4,4377
0x5ebf0a,33.3333%,4,2,6,2,4,0,0
0x4782b1,99.4688%,4,749,753,749,4,0,0
0x463064,95.8333%,4,92,96,92,4,0,0
0x5de9e3,33.3333%,4,2,6,2,4,0,0
0x4ad2d1,88.2353%,4,30,34,17,0,4,13
0x4ac0b7,80%,4,16,20,16,1,3,0
0x4a4297,80%,4,16,20,0,0,4,16
0x5f7c1a,80.9524%,4,17,21,0,0,4,17
0x49bebe,88.8889%,4,32,36,0,0,4,32
0x44feb5,55.5556%,4,5,9,0,0,4,5
0x609f88,69.2308%,4,9,13,0,0,4,9
0x4699df,95.4545%,4,84,88,84,4,0,0
0x420a4e,99.6833%,4,1259,1263,0,0,4,1259
0x408c3d,97.7401%,4,173,177,173,4,0,0
0x4b0476,88.2353%,4,30,34,0,0,4,30
0x5f04d5,99.9475%,4,7622,7626,0,0,4,7622
0x406ba8,92.5926%,4,50,54,0,0,4,50
0x418826,90.6977%,4,39,43,0,0,4,39
0x4ba679,77.7778%,4,14,18,14,4,0,0
0x4d5f1f,99.945%,4,7270,7274,0,0,4,7270
0x46eda8,99.1952%,4,493,497,493,4,0,0
0x4bc2b7,99.8102%,4,2104,2108,2104,1,3,0
0x4a4d81,80%,4,16,20,16,4,0,0
0x498a90,80%,4,16,20,16,4,0,0
0x45de61,98.7055%,4,305,309,0,0,4,305
0x459f4d,77.7778%,4,14,18,14,4,0,0
0x6098bd,98.1735%,4,215,219,0,0,4,215
0x40a5b0,98.9011%,4,360,364,360,4,0,0
0x464531,98.9664%,4,383,387,383,4,0,0
0x60a157,96.1905%,4,101,105,101,4,0,0
0x49c800,88.2353%,4,30,34,0,0,4,30
0x49ed82,88.2353%,4,30,34,30,4,0,0
0x457ce5,90.4762%,4,38,42,38,4,0,0
0x49ca99,99.297%,4,565,569,0,0,4,565
0x41abad,90.6977%,4,39,43,0,0,4,39
0x47c56d,99.9354%,4,6192,6196,0,0,4,6192
0x48c964,99.8841%,4,3447,3451,0,0,4,3447
0x4649ca,73.3333%,4,11,15,0,0,4,11
0x4b9a0a,99.4543%,4,729,733,729,4,0,0
0x4c3b0a,99.6691%,4,1205,1209,0,0,4,1205
0x463ab5,99.4937%,4,786,790,0,0,4,786
0x4d79ce,90%,4,36,40,0,0,4,36
0x4a8a0d,88.8889%,4,32,36,32,4,0,0
0x4b99fe,99.4543%,4,729,733,0,0,4,729
0x46980a,99.0676%,4,425,429,0,0,4,425
0x4a2503,94%,3,47,50,47,3,0,0
0x4cfc0f,99.9649%,3,8534,8537,0,0,3,8534
0x41490f,0%,3,0,3,0,0,3,0
0x5ef151,81.25%,3,13,16,0,0,3,13
0x46d67a,99.0196%,3,303,306,303,3,0,0
0x4ac9e3,91.1765%,3,31,34,0,0,3,31
0x4a8ae2,91.1765%,3,31,34,0,0,3,31
0x4b214d,82.3529%,3,14,17,14,3,0,0
0x48d33d,0%,3,0,3,0,0,3,0
0x6331e7,0%,3,0,3,0,0,3,0
0x48ac89,92.8571%,3,39,42,39,3,0,0
0x465825,50%,3,3,6,0,0,3,3
0x4dde47,25%,3,1,4,1,2,1,0
0x4145dd,0%,3,0,3,0,3,0,0
0x523c8f,0%,3,0,3,0,3,0,0
0x48d778,99.115%,3,336,339,334,3,0,2
0x4adc12,97%,3,97,100,97,3,0,0
0x424066,75%,3,9,12,9,3,0,0
0x48abf2,92.8571%,3,39,42,39,3,0,0
0x4c4df2,92.6829%,3,38,41,38,3,0,0
0x4c9fda,99.9796%,3,14680,14683,14680,3,0,0
0x4cce62,99.8332%,3,1796,1799,0,0,3,1796
0x4d3ede,88.8889%,3,24,27,0,0,3,24
0x4a840a,98.0892%,3,154,157,0,0,3,154
0x49cf9c,99.5231%,3,626,629,626,3,0,0
0x5dee7a,0%,3,0,3,0,0,3,0
0x48ab31,95.2381%,3,60,63,19,2,1,41
0x506041,50%,3,3,6,0,0,3,3
0x4535d6,66.6667%,3,6,9,6,3,0,0
0x46cdfa,96.0526%,3,73,76,73,3,0,0
0x5de7e4,0%,3,0,3,0,3,0,0
0x4ac39a,99.6732%,3,915,918,915,3,0,0
0x4cd22e,99.3007%,3,426,429,0,0,3,426
0x4214f3,84.2105%,3,16,19,0,0,3,16
0x49aa09,91.6667%,3,33,36,33,3,0,0
0x45f2c4,62.5%,3,5,8,0,0,3,5
0x4cb989,93.617%,3,44,47,44,3,0,0
0x5d8d12,50%,3,3,6,0,0,3,3
0x4a426c,91.8919%,3,34,37,17,3,0,17
0x4792e8,99.7547%,3,1220,1223,1220,3,0,0
0x4437de,99.359%,3,465,468,0,0,3,465
0x4dd451,50%,3,3,6,3,3,0,0
0x464508,99.2248%,3,384,387,384,3,0,0
0x478f35,99.6753%,3,921,924,0,0,3,921
0x5fad0d,0%,3,0,3,0,3,0,0
0x5f317a,99.8872%,3,2656,2659,0,0,3,2656
0x4655be,98.8806%,3,265,268,265,3,0,0
0x4d80a0,99.359%,3,465,468,0,0,3,465
0x443823,99.359%,3,465,468,465,3,0,0
0x4699d9,98.2955%,3,173,176,86,2,1,87
0x4d1431,50%,3,3,6,3,3,0,0
0x41b63b,40%,3,2,5,0,0,3,2
0x41b487,40%,3,2,5,2,3,0,0
0x4bf778,75%,3,9,12,0,0,3,9
0x478f56,99.6753%,3,921,924,921,0,3,0
0x46222b,50%,3,3,6,0,0,3,3
0x4beb8d,97.0874%,3,100,103,0,0,3,100
0x4a39d3,91.1765%,3,31,34,0,0,3,31
0x4de90a,0%,3,0,3,0,3,0,0
0x44383c,99.359%,3,465,468,0,0,3,465
0x4cb584,97.1154%,3,101,104,101,3,0,0
0x5ef50a,99.7137%,3,1045,1048,0,0,3,1045
0x60aece,25%,3,1,4,1,3,0,0
0x478f2e,99.6764%,3,924,927,0,3,0,924
0x4192a4,93.0233%,3,40,43,0,0,3,40
0x5deb08,50%,3,3,6,0,0,3,3
0x60a9ec,40%,3,2,5,2,2,1,0
0x420aa8,99.7625%,3,1260,1263,0,0,3,1260
0x4d4029,50%,3,3,6,3,3,0,0
0x5f07cb,97.6378%,3,124,127,0,0,3,124
0x465555,66.6667%,3,6,9,6,2,1,0
0x5eefd5,99.9759%,3,12448,12451,0,0,3,12448
0x4b003d,94.2308%,3,49,52,0,0,3,49
0x4cab8e,97.4359%,3,114,117,114,3,0,0
0x4a3acc,82.3529%,3,14,17,0,0,3,14
0x5dd900,66.6667%,3,6,9,6,3,0,0
0x5df773,0%,3,0,3,0,0,3,0
0x4c64b0,99.9975%,3,121174,121177,0,0,3,121174
0x465068,99.384%,3,484,487,484,3,0,0
0x48aa99,85.7143%,3,18,21,18,3,0,0
0x5ddec7,0%,3,0,3,0,3,0,0
0x47de83,0%,3,0,3,0,3,0,0
0x4534e2,66.6667%,3,6,9,6,3,0,0
0x426995,40%,3,2,5,0,0,3,2
0x47873e,50%,3,3,6,0,0,3,3
0x5d8b3a,50%,3,3,6,3,3,0,0
0x4b3980,97.0588%,3,99,102,99,3,0,0
0x4b8a28,94.2308%,3,49,52,49,3,0,0
0x5ef008,99.9723%,3,10829,10832,0,0,3,10829
0x4d5cde,95.6522%,3,66,69,66,3,0,0
0x487c77,92.8571%,3,39,42,0,0,3,39
0x49a19b,91.6667%,3,33,36,33,3,0,0
0x4df9ba,95.2381%,3,60,63,60,3,0,0
0x418e77,99.5334%,3,640,643,640,3,0,0
0x45da8e,96.2025%,3,76,79,76,3,0,0
0x48af9d,85.7143%,3,18,21,0,0,3,18
0x49ee2d,91.6667%,3,33,36,33,3,0,0
0x4d5edb,99.9588%,3,7271,7274,7271,3,0,0
0x4a75b6,91.1765%,3,31,34,31,3,0,0
0x464927,80%,3,12,15,0,0,3,12
0x45e03f,25%,3,1,4,0,0,3,1
0x4a132a,81.25%,3,13,16,13,3,0,0
0x4a5efb,82.3529%,3,14,17,14,3,0,0
0x49a134,91.6667%,3,33,36,33,3,0,0
0x4b9b80,98.125%,3,157,160,157,3,0,0
0x4631d0,96.875%,3,93,96,93,3,0,0
0x45e0ce,25%,3,1,4,0,0,3,1
0x4c6004,66.6667%,3,6,9,0,0,3,6
0x45e0fd,25%,3,1,4,1,1,2,0
0x45e3eb,25%,3,1,4,1,3,0,0
0x45e3fc,25%,3,1,4,0,0,3,1
0x457c08,0%,3,0,3,0,3,0,0
0x5f3103,99.8872%,3,2656,2659,0,0,3,2656
0x49a16b,91.6667%,3,33,36,33,3,0,0
0x4c231b,99.3964%,3,494,497,0,0,3,494
0x46ccf2,0%,3,0,3,0,3,0,0
0x44a4c3,90.9091%,3,30,33,0,0,3,30
0x45b7a1,99.6599%,3,879,882,879,3,0,0
0x473a86,99.3534%,3,461,464,461,3,0,0
0x4792a7,99.7547%,3,1220,1223,0,0,3,1220
0x4a8aef,91.1765%,3,31,34,0,0,3,31
0x4ccb1b,99.3007%,3,426,429,0,0,3,426
0x49ea00,91.1765%,3,31,34,31,3,0,0
0x4cf769,99.742%,3,1160,1163,0,0,3,1160
0x420921,99.7625%,3,1260,1263,0,0,3,1260
0x4d7f05,99.3631%,3,468,471,468,3,0,0
0x4a355f,90.9091%,3,30,33,0,0,3,30
0x47d267,99.9394%,3,4944,4947,0,0,3,4944
0x4b96e4,99.9173%,3,3624,3627,3624,3,0,0
0x4beb9d,97.0874%,3,100,103,0,0,3,100
0x4191ba,93.0233%,3,40,43,40,3,0,0
0x48cd7f,99.4371%,3,530,533,0,0,3,530
0x41465e,0%,3,0,3,0,0,3,0
0x4cfcad,91.4286%,3,32,35,32,3,0,0
0x4bbd55,99.8558%,3,2077,2080,2077,3,0,0
0x4b19a4,92.1053%,3,35,38,0,0,3,35
0x48bc3a,99.4329%,3,526,529,526,3,0,0
0x4b6bcf,82.3529%,3,14,17,14,3,0,0
0x4a7a78,91.1765%,3,31,34,0,0,3,31
0x608cc5,98.5222%,3,200,203,0,0,3,200
0x463cd6,99.3151%,3,435,438,435,3,0,0
0x5de913,50%,3,3,6,0,0,3,3
0x457ba1,0%,3,0,3,0,0,3,0
0x476d0a,99.9306%,3,4317,4320,0,0,3,4317
0x47bb4f,25%,3,1,4,1,3,0,0
0x465652,50%,3,3,6,3,3,0,0
0x60a98e,25%,3,1,4,1,3,0,0
0x46d95c,99.7366%,3,1136,1139,1136,3,0,0
0x45f02e,62.5%,3,5,8,5,3,0,0
0x45ec70,82.3529%,3,14,17,14,3,0,0
0x410e1d,0%,3,0,3,0,3,0,0
0x46af3e,80%,3,12,15,0,0,3,12
0x60a83e,81.25%,3,13,16,13,3,0,0
0x4d90c3,96.875%,3,93,96,0,0,3,93
0x4ca8d0,99.8879%,3,2674,2677,2674,3,0,0
0x4925d3,0%,3,0,3,0,3,0,0
0x4dc1a6,96.9072%,3,94,97,94,2,1,0
0x45b710,99.6644%,3,891,894,0,0,3,891
0x60ae2e,94.7368%,3,54,57,54,3,0,0
0x49f110,97.7444%,3,130,133,130,3,0,0
0x5f311f,99.8872%,3,2656,2659,0,0,3,2656
0x46ff70,81.25%,3,13,16,0,0,3,13
0x5f2e12,99.899%,3,2967,2970,0,0,3,2967
0x49f58e,91.1765%,3,31,34,0,0,3,31
0x46c8aa,99.7804%,3,1363,1366,0,0,3,1363
0x4b19bd,84.2105%,3,16,19,16,3,0,0
0x4abea4,96.5116%,3,83,86,18,2,1,65
0x47ded5,0%,3,0,3,0,0,3,0
0x5ddf53,0%,3,0,3,0,3,0,0
0x479944,83.3333%,3,15,18,0,0,3,15
0x45d96a,88.8889%,3,24,27,0,0,3,24
0x412e2f,91.6667%,3,33,36,33,3,0,0
0x49d021,95.5882%,3,65,68,65,3,0,0
0x460214,0%,3,0,3,0,3,0,0
0x4d6f31,0%,3,0,3,0,3,0,0
0x4a5b52,0%,3,0,3,0,3,0,0
0x4a3e04,81.25%,3,13,16,13,3,0,0
0x4de2be,0%,3,0,3,0,0,3,0
0x414a24,91.8919%,3,34,37,34,3,0,0
0x419941,95.3125%,3,61,64,61,3,0,0
0x41d365,81.25%,3,13,16,0,0,3,13
0x4cb3f9,99.8644%,3,2209,2212,2209,3,0,0
0x48e380,89.6552%,3,26,29,0,0,3,26
0x4d6f19,0%,3,0,3,0,0,3,0
0x4574a7,92.3077%,3,36,39,36,3,0,0
0x49c1e0,91.6667%,3,33,36,33,3,0,0
0x50fbaf,99.5769%,3,706,709,706,3,0,0
0x4acee1,91.1765%,3,31,34,31,3,0,0
0x48d4b0,99.1176%,3,337,340,334,3,0,3
0x46f4cb,81.25%,3,13,16,0,0,3,13
0x46c31e,66.6667%,3,6,9,6,3,0,0
0x4de2ac,0%,3,0,3,0,3,0,0
0x51236c,96.25%,3,77,80,77,3,0,0
0x422249,57.1429%,3,4,7,4,3,0,0
0x49c768,0%,3,0,3,0,0,3,0
0x484287,92.8571%,3,39,42,0,0,3,39
0x46f140,81.25%,3,13,16,0,0,3,13
0x445b06,99.359%,3,465,468,0,0,3,465
0x46f220,90.3226%,3,28,31,0,0,3,28
0x47d749,62.5%,3,5,8,5,3,0,0
0x609ab4,93.0233%,3,40,43,0,0,3,40
0x476d95,99.9289%,3,4217,4220,0,0,3,4217
0x417fd1,99.8957%,3,2873,2876,0,2,1,2873
0x4ad25a,82.3529%,3,14,17,14,3,0,0
0x4a2731,90.9091%,3,30,33,0,0,3,30
0x46cdba,0%,3,0,3,0,0,3,0
0x4840ca,85.7143%,3,18,21,0,0,3,18
0x46c2ff,66.6667%,3,6,9,6,3,0,0
0x4698f6,99.5231%,3,626,629,0,0,3,626
0x47019d,99.359%,3,465,468,465,3,0,0
0x5fa3c4,86.3636%,3,19,22,0,0,3,19
0x5f305f,99.8872%,3,2656,2659,0,0,3,2656
0x445d53,99.7976%,3,1479,1482,0,0,3,1479
0x465882,96.4706%,3,82,85,0,0,3,82
0x4ada0f,95.9459%,3,71,74,0,0,3,71
0x4acfed,82.3529%,3,14,17,14,3,0,0
0x4a707a,91.1765%,3,31,34,31,3,0,0
0x47ab0c,99.9774%,3,13288,13291,0,0,3,13288
0x408e9b,87.5%,3,21,24,21,3,0,0
0x4d3e12,91.6667%,3,33,36,24,3,0,9
0x47b475,96.9697%,3,96,99,96,3,0,0
0x4a2b07,96.3855%,3,80,83,80,3,0,0
0x5de99e,50%,3,3,6,0,3,0,3
0x428aa4,99.359%,3,465,468,0,0,3,465
0x478b6c,99.8007%,3,1502,1505,1502,3,0,0
0x4198f1,95.3125%,3,61,64,0,2,1,61
0x60a0c8,94.1176%,3,48,51,0,0,3,48
0x48c100,97.0874%,3,100,103,100,3,0,0
0x4a24f2,99.1329%,3,343,346,343,3,0,0
0x4b95d1,99.509%,3,608,611,608,3,0,0
0x4c3ed8,97.1963%,3,104,107,104,3,0,0
0x479fff,98.1366%,3,158,161,158,3,0,0
0x4a44b5,82.3529%,3,14,17,0,0,3,14
0x47b6b9,99.8954%,3,2866,2869,0,0,3,2866
0x609ee7,96.9388%,3,95,98,0,0,3,95
0x4c4b2a,99.9977%,3,132605,132608,132605,3,0,0
0x4a871b,98.0892%,3,154,157,154,3,0,0
0x4d0be4,90%,3,27,30,27,3,0,0
0x478515,99.0769%,3,322,325,322,3,0,0
0x4d2907,97.4576%,3,115,118,0,0,3,115
0x4cb65b,99.3243%,3,441,444,0,0,3,441
0x4df828,66.6667%,3,6,9,6,3,0,0
0x47bc9a,99.8061%,3,1544,1547,0,0,3,1544
0x4573cf,97.3684%,3,111,114,111,3,0,0
0x5dda02,93.75%,3,45,48,45,3,0,0
0x47aa36,99.9882%,3,25421,25424,25421,3,0,0
0x45ab54,98.8095%,3,249,252,249,3,0,0
0x420bce,99.7726%,3,1316,1319,0,0,3,1316
0x4df214,93.75%,3,45,48,0,0,3,45
0x4115c1,0%,3,0,3,0,0,3,0
0x4b6d31,82.3529%,3,14,17,14,3,0,0
0x476201,99.9897%,3,29153,29156,0,0,3,29153
0x476127,99.9464%,3,5599,5602,0,0,3,5599
0x5ef0f7,99.8147%,3,1616,1619,1616,3,0,0
0x4b6c55,82.3529%,3,14,17,14,3,0,0
0x45769d,97.9592%,3,144,147,0,0,3,144
0x463de1,99.3151%,3,435,438,184,2,1,251
0x45005b,66.6667%,3,6,9,0,0,3,6
0x4c7861,99.4633%,3,556,559,556,1,2,0
0x4c54c1,99.9975%,3,121447,121450,0,0,3,121447
0x49bc83,0%,3,0,3,0,3,0,0
0x4d79e5,62.5%,3,5,8,5,3,0,0
0x457769,97.9592%,3,144,147,144,3,0,0
0x47b08d,62.5%,3,5,8,0,0,3,5
0x4ace4f,91.1765%,3,31,34,0,0,3,31
0x4d632a,99.7649%,3,1273,1276,0,0,3,1273
0x465842,50%,3,3,6,0,0,3,3
0x5df35a,50%,3,3,6,3,3,0,0
0x47df10,0%,3,0,3,0,3,0,0
0x4a77ea,97.1963%,3,104,107,0,0,3,104
0x5f7c15,85.7143%,3,18,21,0,0,3,18
0x609d0b,62.5%,3,5,8,0,0,3,5
0x5f7c48,85.7143%,3,18,21,18,3,0,0
0x4a2eca,90.9091%,3,30,33,0,0,3,30
0x4cd4a3,99.8094%,3,1571,1574,1571,3,0,0
0x4acf8f,91.1765%,3,31,34,31,3,0,0
0x5f9417,85.7143%,3,18,21,0,0,3,18
0x49cc08,99.4728%,3,566,569,0,0,3,566
0x498ca2,99.7569%,3,1231,1234,0,0,3,1231
0x5f312c,99.8872%,3,2656,2659,2656,3,0,0
0x5f7bf3,85.7143%,3,18,21,0,0,3,18
0x4d9766,99.9857%,3,21036,21039,0,0,3,21036
0x4df45a,85.7143%,3,18,21,18,3,0,0
0x459192,83.3333%,3,15,18,0,0,3,15
0x5ddbb7,50%,3,3,6,3,3,0,0
0x45d922,88.8889%,3,24,27,24,3,0,0
0x47d962,99.3151%,3,435,438,435,3,0,0
0x523cdc,50%,3,3,6,1,2,1,2
0x609b37,93.75%,3,45,48,0,0,3,45
0x4d8f77,99.8696%,3,2297,2300,2297,3,0,0
0x41b670,97.619%,3,123,126,123,3,0,0
0x48be7a,97.0874%,3,100,103,100,3,0,0
0x4a2ffd,81.25%,3,13,16,0,0,3,13
0x4768d5,99.5106%,3,610,613,610,3,0,0
0x4a898e,95.7143%,3,67,70,0,0,3,67
0x462aa4,75%,3,9,12,9,3,0,0
0x463b1e,66.6667%,3,6,9,0,0,3,6
0x4d2590,97.4576%,3,115,118,0,0,3,115
0x497aa6,0%,3,0,3,0,3,0,0
0x4b3e8c,91.1765%,3,31,34,31,3,0,0
0x46d6db,97.6378%,3,124,127,124,3,0,0
0x46ca8e,96.0526%,3,73,76,73,3,0,0
0x5f1d6e,99.899%,3,2967,2970,0,0,3,2967
0x47620f,99.9772%,3,13178,13181,13178,3,0,0
0x46476e,80%,3,12,15,12,3,0,0
0x41ae1a,80%,3,12,15,12,3,0,0
0x49833e,0%,3,0,3,0,0,3,0
0x46991f,98.8722%,3,263,266,263,3,0,0
0x5f7898,0%,3,0,3,0,0,3,0
0x459474,0%,3,0,3,0,0,3,0
0x6332bf,50%,3,3,6,3,3,0,0
0x4a8659,98.0892%,3,154,157,0,0,3,154
0x4c63b6,99.7255%,3,1090,1093,0,0,3,1090
0x464df9,98.1481%,3,159,162,0,0,3,159
0x4bdeec,81.25%,3,13,16,0,0,3,13
0x4a63cd,84.2105%,3,16,19,16,3,0,0
0x49e9aa,91.1765%,3,31,34,31,3,0,0
0x478b92,99.8601%,3,2141,2144,0,3,0,2141
0x49b794,91.6667%,3,33,36,17,0,3,16
0x4c593e,99.4545%,3,547,550,547,1,2,0
0x5de553,0%,3,0,3,0,3,0,0
0x4a457b,91.8919%,3,34,37,0,0,3,34
0x4cbd28,93.617%,3,44,47,0,1,2,44
0x49b93b,84.2105%,3,16,19,0,0,3,16
0x4b9668,97.6562%,3,125,128,62,2,1,63
0x45fce6,0%,3,0,3,0,3,0,0
0x45fe6b,0%,3,0,3,0,3,0,0
0x4a52c3,97.5%,3,117,120,117,3,0,0
0x4d0d42,90%,3,27,30,27,3,0,0
0x4bb032,99.6337%,3,816,819,9,3,0,807
0x4679a3,90%,3,27,30,27,3,0,0
0x4c651a,99.9735%,3,11337,11340,11337,3,0,0
0x459c3f,98.1481%,3,159,162,0,0,3,159
0x41920f,88%,3,22,25,22,0,3,0
0x4ce2ae,99.9985%,3,205286,205289,205286,3,0,0
0x49bbeb,0%,3,0,3,0,3,0,0
0x46747e,96.7033%,3,88,91,88,3,0,0
0x47c99b,99.9212%,3,3805,3808,0,0,3,3805
0x4a4b38,91.8919%,3,34,37,20,0,3,14
0x4a4c11,91.8919%,3,34,37,19,1,2,15
0x4a506c,85%,3,17,20,16,1,2,1
0x4a4565,91.8919%,3,34,37,17,0,3,17
0x4a629b,98.4211%,3,187,190,170,3,0,17
0x497b2e,0%,3,0,3,0,3,0,0
0x46f168,81.25%,3,13,16,13,3,0,0
0x49c738,95.6522%,3,66,69,48,2,1,18
0x49942f,99.6094%,3,765,768,765,3,0,0
0x47d5ae,66.6667%,3,6,9,6,3,0,0
0x48e599,62.5%,3,5,8,0,0,3,5
0x4bac0f,99.824%,3,1702,1705,0,0,3,1702
0x4d6f5a,0%,3,0,3,0,0,3,0
0x49ac48,85%,3,17,20,0,0,3,17
0x4cd1b0,99.7188%,3,1064,1067,0,0,3,1064
0x458e17,85%,3,17,20,0,0,3,17
0x4a242b,0%,3,0,3,0,0,3,0
0x47c3e7,98.6111%,3,213,216,213,3,0,0
0x47b3dd,99.9706%,3,10217,10220,0,0,3,10217
0x46e4f1,0%,3,0,3,0,0,3,0
0x457b1e,0%,3,0,3,0,3,0,0
0x45da37,88.8889%,3,24,27,24,3,0,0
0x4284e1,80%,3,12,15,0,0,3,12
0x4b8c2a,97.8571%,3,137,140,0,0,3,137
0x4baf81,90.9091%,3,30,33,30,3,0,0
0x5dd91b,0%,3,0,3,0,0,3,0
0x47cbc5,99.8556%,3,2074,2077,2074,3,0,0
0x49caa9,99.4728%,3,566,569,566,3,0,0
0x609b8b,57.1429%,3,4,7,0,1,2,4
0x45ff1f,0%,3,0,3,0,3,0,0
0x4c4386,99.9595%,3,7408,7411,1,3,0,7407
0x4ddae2,83.3333%,3,15,18,0,0,3,15
0x4b5ffd,82.3529%,3,14,17,14,3,0,0
0x609f66,80%,3,12,15,0,2,1,12
0x40286d,99.8742%,3,2382,2385,0,0,3,2382
0x458d4f,89.6552%,3,26,29,26,3,0,0
0x4aca92,50%,3,3,6,3,3,0,0
0x6331ab,66.6667%,3,6,9,2,1,2,4
0x524855,0%,3,0,3,0,0,3,0
0x4d15d5,50%,3,3,6,3,3,0,0
0x4c4b20,99.9977%,3,132605,132608,0,0,3,132605
0x4c59a7,99.9937%,3,47640,47643,0,0,3,47640
0x4c8cdd,97.5806%,3,121,124,121,3,0,0
0x419ae9,97.973%,3,145,148,145,3,0,0
0x457d11,92.8571%,3,39,42,39,3,0,0
0x49bea2,84.2105%,3,16,19,0,3,0,16
0x47b249,99.9736%,3,11351,11354,0,0,3,11351
0x4ca1b1,99.9531%,3,6391,6394,6391,3,0,0
0x4ca3ee,99.9984%,3,187981,187984,187981,3,0,0
0x459df2,98%,3,147,150,15,0,3,132
0x49d316,91.1765%,3,31,34,0,0,3,31
0x4dfaf4,95.2381%,3,60,63,0,0,3,60
0x4ddbc5,83.3333%,3,15,18,15,3,0,0
0x4d2e6a,85%,3,17,20,17,3,0,0
0x4d2fa5,85%,3,17,20,17,3,0,0
0x4ac061,85%,3,17,20,17,3,0,0
0x4cd7b7,99.1597%,3,354,357,354,3,0,0
0x4840ff,85.7143%,3,18,21,0,0,3,18
0x4b77a8,82.3529%,3,14,17,14,3,0,0
0x4a6399,97.2477%,3,106,109,18,1,2,88
0x49c205,91.6667%,3,33,36,33,3,0,0
0x4a516f,85%,3,17,20,17,3,0,0
0x4149a3,0%,3,0,3,0,3,0,0
0x4ddb8f,83.3333%,3,15,18,0,0,3,15
0x42088e,99.7625%,3,1260,1263,1260,3,0,0
0x4c3d77,75%,3,9,12,9,3,0,0
0x408df6,87.5%,3,21,24,0,0,3,21
0x4cc72b,99.9725%,3,10924,10927,10924,3,0,0
0x5dde7b,50%,3,3,6,0,3,0,3
0x4073d2,90.9091%,3,30,33,0,0,3,30
0x4b2498,91.1765%,3,31,34,17,0,3,14
0x5df420,91.6667%,3,33,36,33,0,3,0
0x47a1dc,98.913%,3,273,276,273,3,0,0
0x632e5f,66.6667%,3,6,9,6,3,0,0
0x608bf6,98.5714%,3,207,210,0,0,3,207
0x4117d8,99.3243%,3,441,444,441,3,0,0
0x6094f3,0%,3,0,3,0,0,3,0
0x46782a,95.082%,3,58,61,0,0,3,58
0x4a799d,97.1963%,3,104,107,104,3,0,0
0x41203f,99.3243%,3,441,444,0,0,3,441
0x4bc1e4,99.8582%,3,2113,2116,0,0,3,2113
0x48d734,99.1404%,3,346,349,343,3,0,3
0x5f2635,99.9619%,3,7878,7881,0,0,3,7878
0x5df8d1,80%,3,12,15,0,0,3,12
0x4a11e0,91.4286%,3,32,35,0,0,3,32
0x478bc2,0%,3,0,3,0,0,3,0
0x477f1f,99.9415%,3,5123,5126,0,0,3,5123
0x47a749,97.7612%,3,131,134,131,3,0,0
0x4649fb,80%,3,12,15,12,3,0,0
0x477e5d,98.0892%,3,154,157,0,0,3,154
0x41b297,97.619%,3,123,126,123,3,0,0
0x47befd,98.5849%,3,209,212,0,0,3,209
0x4d8a9f,99.983%,3,17614,17617,0,0,3,17614
0x41b2e6,97.619%,3,123,126,123,3,0,0
0x45f9e8,0%,3,0,3,0,0,3,0
0x478df5,97.4359%,3,114,117,114,3,0,0
0x5df5c7,0%,3,0,3,0,3,0,0
0x4bc255,93.617%,3,44,47,44,3,0,0
0x406f74,72.7273%,3,8,11,0,0,3,8
0x478b9a,99.8599%,3,2138,2141,2138,3,0,0
0x523d0e,50%,3,3,6,3,3,0,0
0x6334f6,0%,3,0,3,0,0,3,0
0x5df5a7,0%,3,0,3,0,0,3,0
0x49f006,97%,3,97,100,80,3,0,17
0x4d61e5,99.3684%,3,472,475,0,0,3,472
0x47b7aa,99.8954%,3,2866,2869,0,0,3,2866
0x4cd524,99.7188%,3,1064,1067,0,0,3,1064
0x460775,0%,3,0,3,0,0,3,0
0x47b22d,99.975%,3,11981,11984,0,0,3,11981
0x4b0b9a,90.9091%,3,30,33,30,3,0,0
0x4770a0,75%,3,9,12,9,3,0,0
0x4b69ec,82.3529%,3,14,17,14,3,0,0
0x4b8b7b,99.98%,3,14966,14969,0,0,3,14966
0x4699bc,96.5909%,3,85,88,0,0,3,85
0x4925bd,0%,3,0,3,0,0,3,0
0x428544,75%,3,9,12,0,0,3,9
0x4c48d0,99.542%,3,652,655,652,3,0,0
0x469e7c,88%,3,22,25,0,0,3,22
0x457167,99.9377%,3,4811,4814,4811,3,0,0
0x412103,99.964%,3,8325,8328,0,0,3,8325
0x4190e5,0%,3,0,3,0,3,0,0
0x478497,96.3415%,3,79,82,79,3,0,0
0x4581bb,99.5192%,3,621,624,621,3,0,0
0x5dcc44,50%,3,3,6,3,3,0,0
0x4a4290,82.3529%,3,14,17,14,3,0,0
0x4a63ed,84.2105%,3,16,19,0,0,3,16
0x5f0ccc,99.572%,3,698,701,0,0,3,698
0x4190b4,93.0233%,3,40,43,40,3,0,0
0x63387a,94.7368%,3,54,57,0,0,3,54
0x4cc719,99.9833%,3,18011,18014,0,0,3,18011
0x45b892,99.6644%,3,891,894,0,0,3,891
0x45fcc9,0%,3,0,3,0,0,3,0
0x477117,75%,3,9,12,0,0,3,9
0x46081b,0%,3,0,3,0,3,0,0
0x41214e,99.3243%,3,441,444,441,3,0,0
0x473adb,99.3534%,3,461,464,461,3,0,0
0x406d72,70%,3,7,10,7,3,0,0
0x46d950,99.7366%,3,1136,1139,0,0,3,1136
0x4993d8,99.6094%,3,765,768,765,3,0,0
0x5ed2e4,50%,3,3,6,0,0,3,3
0x478271,99.6016%,3,750,753,750,3,0,0
0x60b85c,40%,3,2,5,2,3,0,0
0x4e2c34,88.8889%,3,24,27,0,0,3,24
0x410db5,0%,3,0,3,0,3,0,0
0x47d98a,99.3151%,3,435,438,0,0,3,435
0x48bacb,99.115%,3,336,339,0,0,3,336
0x4e1024,90.9091%,3,30,33,0,0,3,30
0x4a6661,91.1765%,3,31,34,14,2,1,17
0x60b0ce,88.8889%,3,24,27,24,3,0,0
0x473907,99.3534%,3,461,464,0,0,3,461
0x5de9ba,93.3333%,3,42,45,42,0,3,0
0x426ce9,62.5%,3,5,8,5,3,0,0
0x5facab,50%,3,3,6,2,2,1,1
0x427a6b,88.8889%,3,24,27,0,0,3,24
0x5ded6c,50%,3,3,6,3,3,0,0
0x45abe9,98.8095%,3,249,252,0,3,0,249
0x4e17ad,90.9091%,3,30,33,30,3,0,0
0x4a498c,0%,3,0,3,0,0,3,0
0x4e0f07,80%,3,12,15,11,1,2,1
0x46e9ce,99.3103%,3,432,435,432,3,0,0
0x428c73,99.359%,3,465,468,465,3,0,0
0x5faca4,50%,3,3,6,1,1,2,2
0x5de979,50%,3,3,6,0,0,3,3
0x4d4023,97.8723%,3,138,141,132,3,0,6
0x4136a0,95%,2,38,40,0,0,2,38
0x5df29d,33.3333%,2,1,3,1,2,0,0
0x49bb5a,94.4444%,2,34,36,0,0,2,34
0x4c6bef,99.9351%,2,3078,3080,2976,0,2,102
0x4cb1b5,99.9134%,2,2307,2309,0,0,2,2307
0x45dffa,50%,2,2,4,0,0,2,2
0x45b778,99.7763%,2,892,894,0,0,2,892
0x47aa19,99.9871%,2,15496,15498,15496,2,0,0
0x462a90,83.3333%,2,10,12,3,0,2,7
0x4ad35a,90%,2,18,20,18,2,0,0
0x443775,99.7151%,2,700,702,700,2,0,0
0x443625,99.5726%,2,466,468,0,0,2,466
0x4d7d37,97.7011%,2,85,87,85,1,1,0
0x47b6f7,99.9303%,2,2867,2869,0,0,2,2867
0x4bc620,99.2933%,2,281,283,281,2,0,0
0x4bbd2a,99.9166%,2,2396,2398,0,2,0,2396
0x4703cd,99.5726%,2,466,468,466,2,0,0
0x4bf730,83.3333%,2,10,12,1,2,0,9
0x4a469b,94.5946%,2,35,37,35,2,0,0
0x4739f6,99.569%,2,462,464,0,0,2,462
0x4ba5f0,98.3607%,2,120,122,120,2,0,0
0x478327,99.7344%,2,751,753,0,0,2,751
0x5eecb8,71.4286%,2,5,7,0,0,2,5
0x4a4669,90%,2,18,20,18,2,0,0
0x4d2126,86.6667%,2,13,15,0,0,2,13
0x4d80b7,99.5726%,2,466,468,466,2,0,0
0x4783b8,99.7344%,2,751,753,751,2,0,0
0x420d3c,96.3636%,2,53,55,53,2,0,0
0x4ca621,99.9826%,2,11481,11483,11481,2,0,0
0x41d380,87.5%,2,14,16,0,0,2,14
0x5ef0c2,99.8765%,2,1617,1619,0,0,2,1617
0x4bf835,80%,2,8,10,6,2,0,2
0x467548,96.7213%,2,59,61,0,0,2,59
0x476866,99.8516%,2,1346,1348,0,0,2,1346
0x413202,95%,2,38,40,38,2,0,0
0x4d80a7,99.5726%,2,466,468,0,0,2,466
0x46d9b4,99.8244%,2,1137,1139,0,0,2,1137
0x406b8f,96.2963%,2,52,54,52,2,0,0
0x608e8a,98.9744%,2,193,195,0,0,2,193
0x427961,99.2674%,2,271,273,0,0,2,271
0x473a09,99.569%,2,462,464,0,0,2,462
0x413693,95%,2,38,40,0,0,2,38
0x60b16e,66.6667%,2,4,6,4,2,0,0
0x4a8ad2,94.1176%,2,32,34,32,2,0,0
0x49c941,99.9167%,2,2400,2402,2400,2,0,0
0x47b659,99.9303%,2,2867,2869,0,0,2,2867
0x46778b,96.7213%,2,59,61,59,2,0,0
0x45a788,97.5309%,2,79,81,79,2,0,0
0x48d0b1,99.4269%,2,347,349,347,2,0,0
0x45c2ff,99.3243%,2,294,296,294,2,0,0
0x4a2400,88.2353%,2,15,17,0,0,2,15
0x48c1b9,99.5816%,2,476,478,476,2,0,0
0x4c26a8,99.966%,2,5878,5880,5878,2,0,0
0x4cb5f9,66.6667%,2,4,6,4,2,0,0
0x5fa354,90.4762%,2,19,21,0,0,2,19
0x4bf88f,75%,2,6,8,0,0,2,6
0x512382,97.5%,2,78,80,0,0,2,78
0x4d8d30,90%,2,18,20,0,0,2,18
0x45a876,97.5%,2,78,80,78,0,2,0
0x405606,77.7778%,2,7,9,7,2,0,0
0x4be574,99.6753%,2,614,616,583,2,0,31
0x4a2b7f,95%,2,38,40,37,0,2,1
0x478bdb,99.9067%,2,2142,2144,0,0,2,2142
0x4cc745,77.7778%,2,7,9,0,0,2,7
0x467a6b,93.3333%,2,28,30,28,2,0,0
0x4c3e1f,83.3333%,2,10,12,10,2,0,0
0x428207,83.3333%,2,10,12,10,2,0,0
0x4d0697,93.3333%,2,28,30,28,2,0,0
0x4d9619,92.3077%,2,24,26,0,0,2,24
0x4268ec,98.7013%,2,152,154,0,0,2,152
0x5dea3a,66.6667%,2,4,6,4,2,0,0
0x4b0013,96.1538%,2,50,52,50,2,0,0
0x45da0a,60%,2,3,5,0,0,2,3
0x41103b,33.3333%,2,1,3,1,2,0,0
0x46af24,86.6667%,2,13,15,0,0,2,13
0x4d17bc,99.3528%,2,307,309,0,0,2,307
0x4781e8,90.4762%,2,19,21,0,0,2,19
0x4df13c,91.6667%,2,22,24,22,2,0,0
0x4a448d,94.5946%,2,35,37,0,0,2,35
0x4111d0,33.3333%,2,1,3,0,0,2,1
0x47b61a,99.8663%,2,1494,1496,1494,2,0,0
0x49849e,85.7143%,2,12,14,12,0,2,0
0x4a7bef,97.7778%,2,88,90,53,0,2,35
0x4570e0,99.5614%,2,454,456,454,2,0,0
0x4bd3ba,99.888%,2,1783,1785,0,0,2,1783
0x477db9,99.8677%,2,1510,1512,0,0,2,1510
0x4c893e,97.5904%,2,81,83,80,2,0,1
0x4a3df7,97.0149%,2,65,67,0,0,2,65
0x4d1616,66.6667%,2,4,6,4,2,0,0
0x4c4392,99.973%,2,7405,7407,7405,2,0,0
0x46224d,66.6667%,2,4,6,0,0,2,4
0x406f7b,81.8182%,2,9,11,0,0,2,9
0x4c3c44,92.5926%,2,25,27,25,2,0,0
0x4d73aa,0%,2,0,2,0,0,2,0
0x460ef8,96.875%,2,62,64,0,0,2,62
0x49b8ca,88.2353%,2,15,17,15,2,0,0
0x5def7b,33.3333%,2,1,3,0,0,2,1
0x428508,83.3333%,2,10,12,10,2,0,0
0x5fa454,33.3333%,2,1,3,1,0,2,0
0x466c89,99.5927%,2,489,491,489,2,0,0
0x4cc926,99.8536%,2,1364,1366,1364,2,0,0
0x4284f0,86.6667%,2,13,15,0,0,2,13
0x50b099,0%,2,0,2,0,2,0,0
0x4dca0c,33.3333%,2,1,3,1,2,0,0
0x4210cc,92.8571%,2,26,28,0,0,2,26
0x4d8ebb,99.9867%,2,15032,15034,15032,2,0,0
0x419345,99.9871%,2,15502,15504,0,0,2,15502
0x4bc35e,99.8963%,2,1927,1929,1927,2,0,0
0x48c44d,98.9418%,2,187,189,0,0,2,187
0x41ab79,95.3488%,2,41,43,0,0,2,41
0x411338,99.5726%,2,466,468,0,0,2,466
0x498d25,99.835%,2,1210,1212,1210,2,0,0
0x49a430,94.4444%,2,34,36,34,2,0,0
0x5f0559,99.9395%,2,3303,3305,3303,2,0,0
0x4027f1,99.9161%,2,2383,2385,2383,2,0,0
0x48c25d,99.5816%,2,476,478,0,0,2,476
0x4645c2,99.0385%,2,206,208,206,2,0,0
0x4acd7b,66.6667%,2,4,6,3,0,2,1
0x45e288,0%,2,0,2,0,2,0,0
0x60ac8c,71.4286%,2,5,7,4,0,2,1
0x4ccaef,99.5338%,2,427,429,0,0,2,427
0x476762,33.3333%,2,1,3,0,0,2,1
0x498c09,99.8397%,2,1246,1248,1232,2,0,14
0x523cf2,66.6667%,2,4,6,0,0,2,4
0x4e2c3a,92.5926%,2,25,27,25,2,0,0
0x60953b,97.619%,2,82,84,0,0,2,82
0x41389d,33.3333%,2,1,3,1,2,0,0
0x4bc5eb,99.9774%,2,8842,8844,0,0,2,8842
0x47b8c8,99.8886%,2,1794,1796,1794,2,0,0
0x46cce8,33.3333%,2,1,3,0,0,2,1
0x477ec2,98.7261%,2,155,157,155,2,0,0
0x478605,99.4832%,2,385,387,385,2,0,0
0x4a782d,98.1308%,2,105,107,0,0,2,105
0x4c7963,0%,2,0,2,0,2,0,0
0x4b2f25,97.0588%,2,66,68,0,0,2,66
0x413bd6,33.3333%,2,1,3,0,0,2,1
0x48c5f1,99.6575%,2,582,584,0,2,0,582
0x5ef17a,0%,2,0,2,0,2,0,0
0x479a35,88.8889%,2,16,18,16,2,0,0
0x411597,33.3333%,2,1,3,1,2,0,0
0x47677a,33.3333%,2,1,3,0,0,2,1
0x401759,99.7271%,2,731,733,0,0,2,731
0x45e98e,88.2353%,2,15,17,0,0,2,15
0x478b4e,99.934%,2,3028,3030,0,0,2,3028
0x45dc7c,75%,2,6,8,6,2,0,0
0x4c60da,77.7778%,2,7,9,0,0,2,7
0x5f2627,99.9746%,2,7879,7881,0,0,2,7879
0x4182fd,0%,2,0,2,0,0,2,0
0x4d6610,99.8024%,2,1010,1012,1010,2,0,0
0x406c30,81.8182%,2,9,11,9,2,0,0
0x50f503,99.9327%,2,2968,2970,2968,2,0,0
0x4842d1,95.2381%,2,40,42,0,0,2,40
0x5f046a,99.9839%,2,12459,12461,0,0,2,12459
0x4acfac,66.6667%,2,4,6,0,0,2,4
0x4ad9fb,97.2973%,2,72,74,0,0,2,72
0x608cda,99.0148%,2,201,203,0,0,2,201
0x41b450,60%,2,3,5,0,0,2,3
0x45ebf3,88.2353%,2,15,17,0,0,2,15
0x4b03b4,98.0769%,2,102,104,0,0,2,102
0x4bce14,99.893%,2,1867,1869,0,0,2,1867
0x4acd93,33.3333%,2,1,3,1,2,0,0
0x410f4c,33.3333%,2,1,3,0,0,2,1
0x47ce88,99.9596%,2,4945,4947,0,0,2,4945
0x419166,95.3488%,2,41,43,41,2,0,0
0x47ab7f,99.095%,2,219,221,219,2,0,0
0x4d26e4,98.1651%,2,107,109,107,2,0,0
0x47d6cf,75%,2,6,8,0,0,2,6
0x4dfa9c,96.8254%,2,61,63,61,2,0,0
0x420b1e,99.8484%,2,1317,1319,0,0,2,1317
0x41117e,33.3333%,2,1,3,0,0,2,1
0x4d65f4,99.8024%,2,1010,1012,0,0,2,1010
0x4784f6,99.3846%,2,323,325,323,2,0,0
0x4d61dc,50%,2,2,4,1,0,2,1
0x4b85fa,98.0769%,2,102,104,102,2,0,0
0x4dc0ed,97.9381%,2,95,97,0,0,2,95
0x5de53b,33.3333%,2,1,3,0,0,2,1
0x46d93c,99.8244%,2,1137,1139,1137,2,0,0
0x4d6f07,33.3333%,2,1,3,1,2,0,0
0x408ba4,33.3333%,2,1,3,0,0,2,1
0x4925ca,33.3333%,2,1,3,0,0,2,1
0x4601cc,33.3333%,2,1,3,0,0,2,1
0x477095,83.3333%,2,10,12,0,0,2,10
0x47a020,98.7578%,2,159,161,159,2,0,0
0x408b26,60%,2,3,5,3,2,0,0
0x478215,99.7344%,2,751,753,751,2,0,0
0x408b58,60%,2,3,5,3,2,0,0
0x5f2d93,99.9327%,2,2968,2970,0,0,2,2968
0x470091,99.9539%,2,4340,4342,842,0,2,3498
0x5f1d87,99.8978%,2,1954,1956,0,0,2,1954
0x40272c,99.2063%,2,250,252,250,2,0,0
0x4df91f,77.7778%,2,7,9,7,2,0,0
0x608c50,99.005%,2,199,201,0,0,2,199
0x46ca04,99.866%,2,1490,1492,0,0,2,1490
0x460281,33.3333%,2,1,3,1,2,0,0
0x5d8842,66.6667%,2,4,6,0,0,2,4
0x41a55d,99.9582%,2,4781,4783,0,0,2,4781
0x5f2d40,99.9327%,2,2968,2970,0,0,2,2968
0x427acc,66.6667%,2,4,6,4,2,0,0
0x4cf712,99.988%,2,16643,16645,0,0,2,16643
0x48d7d4,0%,2,0,2,0,2,0,0
0x49cc14,99.6485%,2,567,569,567,2,0,0
0x47d860,75%,2,6,8,6,2,0,0
0x4ad2ed,94.1176%,2,32,34,0,0,2,32
0x4782f1,99.7344%,2,751,753,751,2,0,0
0x499fce,94.4444%,2,34,36,34,2,0,0
0x46f2ba,95.7447%,2,45,47,14,2,0,31
0x4cf86d,99.2754%,2,274,276,0,0,2,274
0x4b34e7,97.0588%,2,66,68,66,2,0,0
0x470077,99.9539%,2,4340,4342,0,0,2,4340
0x463d23,99.5434%,2,436,438,436,2,0,0
0x428080,86.6667%,2,13,15,13,2,0,0
0x49a44b,94.4444%,2,34,36,34,2,0,0
0x4697cd,99.5338%,2,427,429,0,0,2,427
0x478a56,66.6667%,2,4,6,4,2,0,0
0x402509,99.5434%,2,436,438,436,2,0,0
0x4b6e75,88.2353%,2,15,17,0,0,2,15
0x4137b0,33.3333%,2,1,3,1,2,0,0
0x458c72,90%,2,18,20,18,2,0,0
0x45a41a,86.6667%,2,13,15,0,0,2,13
0x424015,83.3333%,2,10,12,0,0,2,10
0x4ce13e,99.591%,2,487,489,487,2,0,0
0x608f47,98.9744%,2,193,195,0,0,2,193
0x47d801,75%,2,6,8,6,2,0,0
0x4cc762,90%,2,18,20,0,0,2,18
0x608e5a,98.9744%,2,193,195,0,0,2,193
0x4d0547,99.9176%,2,2424,2426,0,0,2,2424
0x4597f6,97.9381%,2,95,97,0,0,2,95
0x60b94e,80%,2,8,10,8,2,0,0
0x4c73d5,99.9237%,2,2619,2621,645,0,2,1974
0x458e4b,88.8889%,2,16,18,0,0,2,16
0x410efb,33.3333%,2,1,3,1,2,0,0
0x4208fa,99.8416%,2,1261,1263,0,0,2,1261
0x420935,99.8416%,2,1261,1263,0,0,2,1261
0x5efae3,99.8765%,2,1617,1619,1617,2,0,0
0x4ddaf2,88.8889%,2,16,18,0,0,2,16
0x47baf6,92.3077%,2,24,26,0,0,2,24
0x402577,99.5434%,2,436,438,184,2,0,252
0x4654bb,88.2353%,2,15,17,6,2,0,9
0x49cca3,99.9116%,2,2261,2263,0,0,2,2261
0x4791ed,99.7195%,2,711,713,711,2,0,0
0x5eefcd,99.9839%,2,12449,12451,0,0,2,12449
0x473c06,99.569%,2,462,464,0,0,2,462
0x4bbdc7,99.9084%,2,2182,2184,2182,2,0,0
0x4c1cfc,99.9105%,2,2233,2235,2233,2,0,0
0x4786ac,66.6667%,2,4,6,0,0,2,4
0x4a3eb9,87.5%,2,14,16,0,0,2,14
0x408b99,60%,2,3,5,0,2,0,3
0x60688f,66.6667%,2,4,6,2,2,0,2
0x4d2df6,96.5517%,2,56,58,0,0,2,56
0x4a62ef,95.8333%,2,46,48,46,2,0,0
0x457e1b,99.2157%,2,253,255,0,0,2,253
0x499692,99.682%,2,627,629,0,0,2,627
0x6073bd,83.3333%,2,10,12,0,0,2,10
0x479659,95.5556%,2,43,45,43,2,0,0
0x5fa536,97.9798%,2,97,99,0,0,2,97
0x4a57b9,88.2353%,2,15,17,0,0,2,15
0x4decae,86.6667%,2,13,15,0,0,2,13
0x4b9595,99.9739%,2,7656,7658,0,0,2,7656
0x459c89,90.4762%,2,19,21,0,0,2,19
0x47ab03,99.985%,2,13289,13291,0,0,2,13289
0x48424f,95.2381%,2,40,42,40,2,0,0
0x4d8828,0%,2,0,2,0,2,0,0
0x49c909,99.9167%,2,2400,2402,0,0,2,2400
0x484330,95.2381%,2,40,42,40,2,0,0
0x48c2ba,98.9418%,2,187,189,187,2,0,0
0x5f2d68,99.9327%,2,2968,2970,0,0,2,2968
0x418588,0%,2,0,2,0,0,2,0
0x4ccace,99.5338%,2,427,429,0,0,2,427
0x4054cf,77.7778%,2,7,9,0,0,2,7
0x4e2894,97.2222%,2,70,72,0,0,2,70
0x4e0e28,66.6667%,2,4,6,0,0,2,4
0x47cee4,94.8718%,2,37,39,37,2,0,0
0x4c63cb,99.9983%,2,121175,121177,121175,2,0,0
0x465832,66.6667%,2,4,6,0,0,2,4
0x4bace2,99.974%,2,7689,7691,0,0,2,7689
0x426cd4,75%,2,6,8,6,2,0,0
0x426e37,87.5%,2,14,16,14,2,0,0
0x48aff9,90.4762%,2,19,21,19,2,0,0
0x48ae23,90.4762%,2,19,21,0,0,2,19
0x47bb0f,98.0583%,2,101,103,101,2,0,0
0x45b60a,92.3077%,2,24,26,24,2,0,0
0x41b324,60%,2,3,5,3,2,0,0
0x4701c9,99.5726%,2,466,468,0,0,2,466
0x418250,0%,2,0,2,0,2,0,0
0x469c6a,98.3333%,2,118,120,0,0,2,118
0x50b006,98.1982%,2,109,111,0,0,2,109
0x4dfb96,33.3333%,2,1,3,0,0,2,1
0x4bc1e8,99.9055%,2,2114,2116,0,0,2,2114
0x4bbae9,98.2143%,2,110,112,110,2,0,0
0x4d1c12,94.4444%,2,34,36,0,0,2,34
0x45ee59,90.4762%,2,19,21,19,2,0,0
0x44329a,99.5726%,2,466,468,0,0,2,466
0x47b007,75%,2,6,8,6,2,0,0
0x41502c,99.5338%,2,427,429,427,2,0,0
0x4decba,86.6667%,2,13,15,13,2,0,0
0x4beb2c,98.0952%,2,103,105,2,0,2,101
0x50b0af,0%,2,0,2,0,0,2,0
0x4e0aac,88.8889%,2,16,18,16,2,0,0
0x4458e3,99.5726%,2,466,468,466,2,0,0
0x445a82,99.5726%,2,466,468,0,0,2,466
0x464ece,97.8723%,2,92,94,0,0,2,92
0x45e514,50%,2,2,4,2,0,2,0
0x4c4fee,99.9478%,2,3826,3828,3826,2,0,0
0x46986c,98.8764%,2,176,178,0,0,2,176
0x4a72ed,97.8723%,2,92,94,0,0,2,92
0x4b9976,98.7342%,2,156,158,0,0,2,156
0x407967,80%,2,8,10,8,2,0,0
0x467233,98.5612%,2,137,139,0,0,2,137
0x45e01c,50%,2,2,4,2,2,0,0
0x4bac2c,99.8825%,2,1700,1702,0,0,2,1700
0x608cef,99.0148%,2,201,203,0,0,2,201
0x45e046,50%,2,2,4,0,0,2,2
0x4c493d,99.7122%,2,693,695,0,0,2,693
0x469742,98.8764%,2,176,178,176,2,0,0
0x48d890,0%,2,0,2,0,0,2,0
0x50b0c2,0%,2,0,2,0,0,2,0
0x497a30,33.3333%,2,1,3,0,0,2,1
0x60af2c,66.6667%,2,4,6,3,1,1,1
0x40a64a,99.9679%,2,6224,6226,6224,2,0,0
0x45e652,0%,2,0,2,0,0,2,0
0x4a1353,87.5%,2,14,16,14,2,0,0
0x4c238b,99.8497%,2,1329,1331,0,0,2,1329
0x45e5ee,0%,2,0,2,0,2,0,0
0x45ac2f,33.3333%,2,1,3,0,0,2,1
0x4a0894,94.4444%,2,34,36,0,0,2,34
0x4df39a,90.4762%,2,19,21,0,0,2,19
0x4d90d1,99.9176%,2,2426,2428,0,0,2,2426
0x4a4c34,88.2353%,2,15,17,15,2,0,0
0x4dd355,99.3958%,2,329,331,329,2,0,0
0x4d8e98,0%,2,0,2,0,0,2,0
0x45f30d,75%,2,6,8,0,0,2,6
0x467563,96.7213%,2,59,61,59,2,0,0
0x4192c8,95.3488%,2,41,43,0,0,2,41
0x4996ca,99.682%,2,627,629,0,0,2,627
0x4bac56,99.776%,2,891,893,891,2,0,0
0x41132f,99.5726%,2,466,468,0,0,2,466
0x608e30,98.9744%,2,193,195,0,0,2,193
0x5de693,66.6667%,2,4,6,4,2,0,0
0x41b06a,96.9697%,2,64,66,64,2,0,0
0x4deacd,92.5926%,2,25,27,25,2,0,0
0x49ac44,90%,2,18,20,0,0,2,18
0x41bcbb,99.7155%,2,701,703,701,2,0,0
0x417393,98.5075%,2,132,134,132,2,0,0
0x420ceb,96.3636%,2,53,55,53,2,0,0
0x457761,98.6395%,2,145,147,0,0,2,145
0x49c7e4,89.4737%,2,17,19,17,2,0,0
0x46d6ba,99.1632%,2,237,239,0,0,2,237
0x4cabbd,33.3333%,2,1,3,1,2,0,0
0x4d7ef8,99.5754%,2,469,471,0,0,2,469
0x6333c5,77.7778%,2,7,9,7,2,0,0
0x4b5a52,94.1176%,2,32,34,32,2,0,0
0x5dd25f,66.6667%,2,4,6,4,2,0,0
0x47b883,99.9303%,2,2867,2869,2867,2,0,0
0x5df4ad,33.3333%,2,1,3,1,2,0,0
0x459727,98.0392%,2,100,102,100,2,0,0
0x45b8af,99.7763%,2,892,894,892,2,0,0
0x428640,97.0588%,2,66,68,0,0,2,66
0x4b186a,97.0588%,2,66,68,66,2,0,0
0x4d64e9,99.8008%,2,1002,1004,1002,2,0,0
0x5df8b0,66.6667%,2,4,6,0,0,2,4
0x5d8b1f,66.6667%,2,4,6,4,2,0,0
0x5f1db3,94.2857%,2,33,35,0,0,2,33
0x5fa479,0%,2,0,2,0,1,1,0
0x5dd3d8,66.6667%,2,4,6,0,0,2,4
0x4b0860,94.1176%,2,32,34,0,0,2,32
0x5dd1f4,66.6667%,2,4,6,4,2,0,0
0x5de767,33.3333%,2,1,3,0,0,2,1
0x46d65b,99.3464%,2,304,306,0,0,2,304
0x408b17,60%,2,3,5,0,0,2,3
0x5de7ac,66.6667%,2,4,6,3,0,2,1
0x4a7bbf,96.2264%,2,51,53,0,0,2,51
0x5de942,33.3333%,2,1,3,1,2,0,0
0x5dead5,66.6667%,2,4,6,0,0,2,4
0x41858e,0%,2,0,2,0,0,2,0
0x426f6e,75%,2,6,8,6,2,0,0
0x46c918,99.8922%,2,1853,1855,0,0,2,1853
0x5def2d,66.6667%,2,4,6,4,2,0,0
0x4600ce,99.9693%,2,6515,6517,0,0,2,6515
0x47c0c5,99.1342%,2,229,231,0,0,2,229
0x45fcdf,33.3333%,2,1,3,0,0,2,1
0x4d57c8,99.9929%,2,28271,28273,0,0,2,28271
0x5dec09,66.6667%,2,4,6,0,0,2,4
0x4cd25d,99.5338%,2,427,429,0,0,2,427
0x4a3002,87.5%,2,14,16,14,2,0,0
0x4790af,99.0476%,2,208,210,208,2,0,0
0x47ad15,99.095%,2,219,221,219,2,0,0
0x60b40e,71.4286%,2,5,7,5,2,0,0
0x5dd8e6,95.8333%,2,46,48,46,2,0,0
0x5de808,33.3333%,2,1,3,1,2,0,0
0x5face9,33.3333%,2,1,3,1,2,0,0
0x47c94d,92.8571%,2,26,28,0,0,2,26
0x5de5fe,66.6667%,2,4,6,0,0,2,4
0x49ee8d,93.75%,2,30,32,14,2,0,16
0x41afbf,97.7528%,2,87,89,87,2,0,0
0x4a8517,98.9637%,2,191,193,191,2,0,0
0x5dde88,33.3333%,2,1,3,1,2,0,0
0x48aa78,90.4762%,2,19,21,19,2,0,0
0x523c2c,66.6667%,2,4,6,0,0,2,4
0x467bf1,96.7213%,2,59,61,59,2,0,0
0x4a136c,87.5%,2,14,16,14,2,0,0
0x48acd2,90.4762%,2,19,21,0,0,2,19
0x499441,98.5612%,2,137,139,0,0,2,137
0x498bd2,85.7143%,2,12,14,12,2,0,0
0x4574cf,94.8718%,2,37,39,37,2,0,0
0x41224b,99.5434%,2,436,438,436,2,0,0
0x406c14,83.3333%,2,10,12,10,2,0,0
0x4bb909,97.2222%,2,70,72,70,2,0,0
0x4b90a9,99.9896%,2,19286,19288,19286,2,0,0
0x49ce80,99.5349%,2,428,430,0,0,2,428
0x4ad1da,88.2353%,2,15,17,0,0,2,15
0x4bb944,0%,2,0,2,0,2,0,0
0x4d5fb3,99.9382%,2,3232,3234,3232,2,0,0
0x5ee889,98.7013%,2,152,154,0,0,2,152
0x5fa435,66.6667%,2,4,6,0,2,0,4
0x478d60,98.2906%,2,115,117,0,0,2,115
0x41133e,99.5726%,2,466,468,0,0,2,466
0x411479,99.5726%,2,466,468,466,2,0,0
0x41c654,99.787%,2,937,939,937,2,0,0
0x4182c7,96.9231%,2,63,65,0,0,2,63
0x427444,86.6667%,2,13,15,13,2,0,0
0x445dca,99.5726%,2,466,468,466,2,0,0
0x5eecd1,71.4286%,2,5,7,0,0,2,5
0x4d139f,66.6667%,2,4,6,4,2,0,0
0x5dee81,33.3333%,2,1,3,0,0,2,1
0x4cc76a,90%,2,18,20,0,0,2,18
0x4675ab,96.7213%,2,59,61,0,0,2,59
0x60694a,95.6522%,2,44,46,0,0,2,44
0x4d2db9,93.3333%,2,28,30,28,2,0,0
0x45b0e8,0%,2,0,2,0,2,0,0
0x4ba502,99.969%,2,6446,6448,0,0,2,6446
0x47a3e4,99.7872%,2,938,940,0,0,2,938
0x4534b6,77.7778%,2,7,9,0,0,2,7
0x45b87d,99.7763%,2,892,894,892,2,0,0
0x4182c1,96.9697%,2,64,66,0,1,1,64
0x5f08b8,94.8718%,2,37,39,37,2,0,0
0x459f69,88.8889%,2,16,18,0,0,2,16
0x5f1721,99.0244%,2,203,205,0,0,2,203
0x41803a,96.9697%,2,64,66,64,1,1,0
0x5ef819,0%,2,0,2,0,0,2,0
0x45fa73,33.3333%,2,1,3,1,2,0,0
0x407bf6,99.9838%,2,12355,12357,0,0,2,12355
0x47c788,99.9659%,2,5860,5862,0,0,2,5860
0x4a3f9f,97.5904%,2,81,83,81,2,0,0
0x5d8d70,66.6667%,2,4,6,0,0,2,4
0x49ac54,94.4444%,2,34,36,34,2,0,0
0x49a9d6,94.4444%,2,34,36,18,1,1,16
0x49e9e6,94.1176%,2,32,34,32,2,0,0
0x4a752c,94.1176%,2,32,34,32,2,0,0
0x5f07af,97.8495%,2,91,93,91,2,0,0
0x4ad27e,88.2353%,2,15,17,15,2,0,0
0x41b216,60%,2,3,5,3,2,0,0
0x476e48,99.955%,2,4440,4442,0,0,2,4440
0x457dcc,99.2157%,2,253,255,0,0,2,253
0x473c10,99.569%,2,462,464,462,2,0,0
0x4baadb,99.9683%,2,6299,6301,0,0,2,6299
0x4b6587,88.2353%,2,15,17,15,2,0,0
0x4ddbec,88.8889%,2,16,18,0,0,2,16
0x45e95f,88.2353%,2,15,17,0,0,2,15
0x4abe34,97.6744%,2,84,86,0,0,2,84
0x479bb3,99.9833%,2,11968,11970,11968,2,0,0
0x45eff1,75%,2,6,8,6,2,0,0
0x4abe1c,97.6744%,2,84,86,0,0,2,84
0x4d76b2,99.9496%,2,3967,3969,0,0,2,3967
0x48e395,93.1034%,2,27,29,0,0,2,27
0x4beaf9,0%,2,0,2,0,2,0,0
0x46ca53,97.3684%,2,74,76,0,0,2,74
0x4bf858,0%,2,0,2,0,0,2,0
0x46f2c7,93.5484%,2,29,31,0,0,2,29
0x4a4372,94.5946%,2,35,37,0,0,2,35
0x49f0bf,97.5904%,2,81,83,81,2,0,0
0x4d1100,66.6667%,2,4,6,4,2,0,0
0x49d2f4,94.1176%,2,32,34,0,0,2,32
0x5dcd03,66.6667%,2,4,6,4,2,0,0
0x4b3266,94.1176%,2,32,34,32,2,0,0
0x498a84,90%,2,18,20,0,0,2,18
0x4b597e,88.2353%,2,15,17,15,2,0,0
0x4b23f9,88.2353%,2,15,17,0,0,2,15
0x4434d1,99.5726%,2,466,468,466,2,0,0
0x4de854,33.3333%,2,1,3,1,2,0,0
0x498a50,90%,2,18,20,0,0,2,18
0x476c68,99.0991%,2,220,222,0,0,2,220
0x4b07f9,94.1176%,2,32,34,0,0,2,32
0x4a3588,87.5%,2,14,16,0,0,2,14
0x49c270,94.4444%,2,34,36,34,2,0,0
0x47c5f3,99.4012%,2,332,334,332,2,0,0
0x45f054,75%,2,6,8,6,2,0,0
0x4a896a,94.4444%,2,34,36,0,0,2,34
0x49b81f,94.4444%,2,34,36,34,2,0,0
0x46adb6,86.6667%,2,13,15,13,2,0,0
0x60a31b,96%,2,48,50,0,0,2,48
0x4de277,93.1034%,2,27,29,27,2,0,0
0x4a5884,94.1176%,2,32,34,32,2,0,0
0x49c781,89.4737%,2,17,19,0,0,2,17
0x47cbbc,99.9037%,2,2075,2077,0,0,2,2075
0x47688c,0%,2,0,2,0,2,0,0
0x4beab3,0%,2,0,2,0,2,0,0
0x47936e,96.2963%,2,52,54,52,2,0,0
0x4c0335,97.7273%,2,86,88,0,1,1,86
0x40a629,99.9679%,2,6224,6226,6224,2,0,0
0x49bb34,94.4444%,2,34,36,34,2,0,0
0x52484c,33.3333%,2,1,3,0,0,2,1
0x479093,99.0476%,2,208,210,0,0,2,208
0x5ef185,99.8765%,2,1617,1619,0,0,2,1617
0x4acdfc,66.6667%,2,4,6,3,0,2,1
0x4a723d,94.5946%,2,35,37,0,0,2,35
0x4a3fbc,97.5904%,2,81,83,0,0,2,81
0x48d9fc,0%,2,0,2,0,2,0,0
0x41a474,99.9034%,2,2068,2070,2068,2,0,0
0x4b24a8,88.2353%,2,15,17,15,2,0,0
0x4c2757,99.966%,2,5878,5880,0,0,2,5878
0x60b36e,96.4912%,2,55,57,55,2,0,0
0x420bee,99.8484%,2,1317,1319,0,0,2,1317
0x49ea65,96%,2,48,50,48,2,0,0
0x41d385,87.5%,2,14,16,0,0,2,14
0x48acd7,90.4762%,2,19,21,0,0,2,19
0x50f9a4,89.4737%,2,17,19,0,0,2,17
0x4137a3,33.3333%,2,1,3,0,0,2,1
0x608edb,98.9744%,2,193,195,0,0,2,193
0x50b00b,98.1982%,2,109,111,0,0,2,109
0x4be9ff,99.9791%,2,9587,9589,0,2,0,9587
0x49f517,94.1176%,2,32,34,32,2,0,0
0x4d9663,92.3077%,2,24,26,0,0,2,24
0x427bc1,86.6667%,2,13,15,0,0,2,13
0x49b967,89.4737%,2,17,19,17,2,0,0
0x48bdde,97.1831%,2,69,71,0,0,2,69
0x49f022,97.5904%,2,81,83,81,2,0,0
0x4a5e65,88.2353%,2,15,17,0,0,2,15
0x48dc27,99.4065%,2,335,337,1,2,0,334
0x49b7a6,89.4737%,2,17,19,17,2,0,0
0x4a24ed,96%,2,48,50,48,2,0,0
0x4c4cd0,99.9857%,2,13968,13970,13968,2,0,0
0x4a8ac8,94.1176%,2,32,34,0,0,2,32
0x4c2408,75%,2,6,8,1,1,1,5
0x41b468,60%,2,3,5,3,2,0,0
0x47c0e7,99.1342%,2,229,231,4,0,2,225
0x4c7775,99.9774%,2,8859,8861,8859,2,0,0
0x47c481,99.0741%,2,214,216,214,2,0,0
0x4cc6a1,99.9526%,2,4218,4220,0,0,2,4218
0x467676,96.7213%,2,59,61,28,2,0,31
0x4acbf2,94.1176%,2,32,34,32,2,0,0
0x47dd9c,83.3333%,2,10,12,0,0,2,10
0x479ce8,91.6667%,2,22,24,22,2,0,0
0x608fe3,97.7273%,2,86,88,0,0,2,86
0x48c5d7,99.6564%,2,580,582,0,0,2,580
0x4cfad9,99.828%,2,1161,1163,1161,2,0,0
0x4c57e4,99.9953%,2,42544,42546,0,0,2,42544
0x47decc,33.3333%,2,1,3,0,0,2,1
0x4b9685,97.3684%,2,74,76,0,0,2,74
0x466cba,99.5927%,2,489,491,0,0,2,489
0x465851,66.6667%,2,4,6,4,2,0,0
0x450115,77.7778%,2,7,9,0,0,2,7
0x4d79de,75%,2,6,8,0,0,2,6
0x45347f,77.7778%,2,7,9,7,2,0,0
0x4a2f8d,93.9394%,2,31,33,0,0,2,31
0x4b3b59,97.0588%,2,66,68,66,2,0,0
0x4d861b,0%,2,0,2,0,2,0,0
0x4a3085,93.9394%,2,31,33,31,2,0,0
0x47d5fd,77.7778%,2,7,9,7,2,0,0
0x4d865b,0%,2,0,2,0,0,2,0
0x4d8675,0%,2,0,2,0,2,0,0
0x4023e1,98.4733%,2,129,131,129,2,0,0
0x4c24a9,96.0784%,2,49,51,49,2,0,0
0x48bfe8,98.0583%,2,101,103,0,0,2,101
0x4c60c1,77.7778%,2,7,9,0,0,2,7
0x4d8d81,90%,2,18,20,0,0,2,18
0x4d739a,0%,2,0,2,0,0,2,0
0x4ba461,98.3607%,2,120,122,120,2,0,0
0x427498,33.3333%,2,1,3,0,0,2,1
0x41a78f,99.681%,2,625,627,625,2,0,0
0x47a0ad,98.7578%,2,159,161,0,0,2,159
0x4cc846,92.8571%,2,26,28,0,0,2,26
0x402801,99.9161%,2,2383,2385,2383,2,0,0
0x459770,98.0392%,2,100,102,95,2,0,5
0x458fb3,77.7778%,2,7,9,7,2,0,0
0x4597e2,98.0392%,2,100,102,3,2,0,97
0x49e6eb,94.1176%,2,32,34,0,0,2,32
0x49f414,99.0099%,2,200,202,134,0,2,66
0x4c5b76,99.9957%,2,46852,46854,0,0,2,46852
0x4aca1a,94.1176%,2,32,34,32,2,0,0
0x401874,94.1176%,2,32,34,0,0,2,32
0x4d0a04,90.4762%,2,19,21,19,2,0,0
0x46227f,66.6667%,2,4,6,3,0,2,1
0x4a3dc0,97.0149%,2,65,67,65,2,0,0
0x4c6618,50%,2,2,4,2,2,0,0
0x60ac2e,50%,2,2,4,2,2,0,0
0x4d6d54,99.8497%,2,1329,1331,1329,2,0,0
0x464ed6,97.8723%,2,92,94,0,0,2,92
0x41ae34,86.6667%,2,13,15,0,0,2,13
0x46cdc2,97.3684%,2,74,76,74,2,0,0
0x4ba64e,88.8889%,2,16,18,16,2,0,0
0x4a8851,97.0149%,2,65,67,65,2,0,0
0x497aa4,33.3333%,2,1,3,0,0,2,1
0x443681,99.5726%,2,466,468,466,2,0,0
0x608f62,98.9744%,2,193,195,193,2,0,0
0x4a63a2,97.7778%,2,88,90,88,2,0,0
0x4a1392,96.1538%,2,50,52,50,2,0,0
0x48e3a1,93.1034%,2,27,29,0,0,2,27
0x457d30,95.2381%,2,40,42,40,2,0,0
0x4459da,99.5726%,2,466,468,0,0,2,466
0x4d0a6b,90.4762%,2,19,21,19,2,0,0
0x4b317c,94.1176%,2,32,34,32,2,0,0
0x4d0a20,90.4762%,2,19,21,0,0,2,19
0x4d09d4,90.4762%,2,19,21,19,2,0,0
0x4112e4,99.5726%,2,466,468,0,0,2,466
0x4a50bc,90%,2,18,20,0,0,2,18
0x4a23ed,97.1831%,2,69,71,16,1,1,53
0x5f0b9e,94.4444%,2,34,36,0,0,2,34
0x45947e,33.3333%,2,1,3,0,0,2,1
0x4b43ec,94.1176%,2,32,34,0,0,2,32
0x4ba70e,50%,2,2,4,0,0,2,2
0x4b5969,94.1176%,2,32,34,17,0,2,15
0x4a5234,96.2963%,2,52,54,0,0,2,52
0x47cb90,99.9596%,2,4954,4956,0,0,2,4954
0x45a7fb,97.5309%,2,79,81,79,2,0,0
0x609ef5,97.9592%,2,96,98,0,0,2,96
0x47c9b3,99.9475%,2,3806,3808,0,0,2,3806
0x457f80,88.8889%,2,16,18,16,2,0,0
0x4b17f1,97.0588%,2,66,68,66,2,0,0
0x45b08c,98.0198%,2,99,101,99,2,0,0
0x4b43f9,97.0588%,1,33,34,0,0,1,33
0x4c52c9,0%,1,0,1,0,0,1,0
0x427a45,98.4848%,1,65,66,0,0,1,65
0x4c268d,99.983%,1,5879,5880,5879,1,0,0
0x4a4938,66.6667%,1,2,3,0,0,1,2
0x49a881,97.2222%,1,35,36,35,1,0,0
0x49b66f,97.2222%,1,35,36,0,0,1,35
0x4db250,99.9951%,1,20466,20467,0,0,1,20466
0x497c6e,66.6667%,1,2,3,2,1,0,0
0x5f2082,0%,1,0,1,0,0,1,0
0x4a798b,99.0654%,1,106,107,0,0,1,106
0x45de7c,99.6885%,1,320,321,320,1,0,0
0x410f7d,66.6667%,1,2,3,2,1,0,0
0x418146,0%,1,0,1,0,0,1,0
0x4a74f8,94.1176%,1,16,17,0,0,1,16
0x45a0bd,94.4444%,1,17,18,17,1,0,0
0x4a79e7,99.0654%,1,106,107,0,0,1,106
0x5f14d4,75%,1,3,4,3,1,0,0
0x45d9c5,80%,1,4,5,4,1,0,0
0x4c58c5,99.9977%,1,43051,43052,0,0,1,43051
0x4b9249,93.75%,1,15,16,0,0,1,15
0x4d6f4a,66.6667%,1,2,3,0,0,1,2
0x5df4ba,66.6667%,1,2,3,2,1,0,0
0x40a524,99.7253%,1,363,364,0,0,1,363
0x408c09,99.6774%,1,309,310,0,0,1,309
0x46cea2,95.8333%,1,23,24,23,1,0,0
0x4629fe,0%,1,0,1,0,1,0,0
0x49ec66,98%,1,49,50,49,1,0,0
0x60acde,97.7778%,1,44,45,44,1,0,0
0x5f1f7a,0%,1,0,1,0,0,1,0
0x5ed2b6,83.3333%,1,5,6,5,1,0,0
0x41b1e9,99.2063%,1,125,126,0,0,1,125
0x4a4410,97.2973%,1,36,37,0,0,1,36
0x4ddab6,94.4444%,1,17,18,17,1,0,0
0x4a52ea,94.1176%,1,16,17,0,0,1,16
0x4bdd9a,99.9337%,1,1508,1509,0,0,1,1508
0x412ed0,97.2222%,1,35,36,0,0,1,35
0x458314,97.4359%,1,38,39,38,1,0,0
0x4d749f,50%,1,1,2,1,1,0,0
0x48d8ee,50%,1,1,2,0,0,1,1
0x47d178,99.6283%,1,268,269,268,1,0,0
0x5fa464,50%,1,1,2,0,0,1,1
0x46572e,99.5192%,1,207,208,207,1,0,0
0x48d888,50%,1,1,2,0,0,1,1
0x469732,99.4382%,1,177,178,177,1,0,0
0x4761f7,99.9966%,1,29155,29156,0,0,1,29155
0x41371a,75%,1,3,4,3,1,0,0
0x492607,66.6667%,1,2,3,0,0,1,2
0x4c5b0a,99.3103%,1,144,145,144,1,0,0
0x45a180,93.3333%,1,14,15,0,0,1,14
0x47c3c9,99.537%,1,215,216,0,0,1,215
0x4ddad2,94.4444%,1,17,18,17,1,0,0
0x4b0a13,99.5146%,1,205,206,205,1,0,0
0x4b8b08,98.0769%,1,51,52,51,1,0,0
0x462f0d,98.9583%,1,95,96,95,1,0,0
0x4d59fc,87.5%,1,7,8,0,0,1,7
0x48d6ea,99.984%,1,6252,6253,6252,1,0,0
0x4cbcc6,99.7748%,1,443,444,0,0,1,443
0x478fa2,97.561%,1,40,41,0,0,1,40
0x4767f3,66.6667%,1,2,3,0,0,1,2
0x4767b6,66.6667%,1,2,3,0,0,1,2
0x4cfa5d,99.9015%,1,1014,1015,1014,1,0,0
0x4a3f71,98.7952%,1,82,83,82,1,0,0
0x4cc7fd,95%,1,19,20,0,0,1,19
0x4cba6f,97.8723%,1,46,47,46,1,0,0
0x492612,66.6667%,1,2,3,2,1,0,0
0x45f945,66.6667%,1,2,3,0,0,1,2
0x4a3fd2,96.9697%,1,32,33,32,1,0,0
0x4a7039,97.0588%,1,33,34,0,0,1,33
0x4a26a9,96.9697%,1,32,33,0,0,1,32
0x4a7020,97.0588%,1,33,34,0,0,1,33
0x4b99ba,99.8363%,1,610,611,610,1,0,0
0x4b958e,99.8363%,1,610,611,610,1,0,0
0x4d8d6d,95%,1,19,20,0,0,1,19
0x4c40df,99.9107%,1,1119,1120,1119,1,0,0
0x420917,99.9208%,1,1262,1263,0,0,1,1262
0x4118d0,99.7748%,1,443,444,443,1,0,0
0x4a4949,66.6667%,1,2,3,2,1,0,0
0x47a3e8,99.8936%,1,939,940,0,0,1,939
0x50fafd,99.6904%,1,322,323,322,1,0,0
0x48d365,66.6667%,1,2,3,2,1,0,0
0x45c2dd,99.7423%,1,387,388,0,0,1,387
0x463ae9,99.8733%,1,788,789,788,1,0,0
0x4d1d6b,93.3333%,1,14,15,14,1,0,0
0x4434be,99.7863%,1,467,468,0,0,1,467
0x478f1e,99.8964%,1,964,965,0,0,1,964
0x478f0b,99.8964%,1,964,965,0,0,1,964
0x414f95,99.9443%,1,1794,1795,1794,1,0,0
0x469a1c,98.8636%,1,87,88,0,0,1,87
0x45a039,94.4444%,1,17,18,9,0,1,8
0x4cf5b9,99.4382%,1,177,178,177,1,0,0
0x4275e2,91.6667%,1,11,12,11,1,0,0
0x45ec15,94.1176%,1,16,17,0,0,1,16
0x4dafc5,99.9951%,1,20466,20467,20466,1,0,0
0x4d5c94,95%,1,19,20,0,0,1,19
0x4a3ba1,99.4681%,1,187,188,0,0,1,187
0x47a576,83.3333%,1,5,6,5,1,0,0
0x4657a4,99.5192%,1,207,208,207,1,0,0
0x4926ed,66.6667%,1,2,3,0,0,1,2
0x4c587f,99.5726%,1,233,234,0,0,1,233
0x60b75e,92.3077%,1,12,13,12,1,0,0
0x4d7d47,0%,1,0,1,0,0,1,0
0x4d1c65,96%,1,24,25,0,0,1,24
0x4185b7,50%,1,1,2,1,1,0,0
0x4abf52,95%,1,19,20,19,1,0,0
0x5f0a76,99.949%,1,1961,1962,0,0,1,1961
0x609c37,95.4545%,1,21,22,0,0,1,21
0x46d96c,99.9122%,1,1138,1139,1138,1,0,0
0x457fb0,94.4444%,1,17,18,17,1,0,0
0x4aca74,97.5%,1,39,40,33,1,0,6
0x4d9236,96.1538%,1,25,26,0,0,1,25
0x47ae62,0%,1,0,1,0,1,0,0
0x458af4,91.6667%,1,11,12,11,1,0,0
0x4b098b,99.7573%,1,411,412,0,0,1,411
0x4c6404,99.9992%,1,121176,121177,121176,1,0,0
0x4ccb4c,99.7669%,1,428,429,428,1,0,0
0x4b4434,97.0588%,1,33,34,0,0,1,33
0x4bac24,98.5075%,1,66,67,3,0,1,63
0x4199cd,50%,1,1,2,1,1,0,0
0x609ba6,98.9362%,1,93,94,0,0,1,93
0x45e401,75%,1,3,4,3,1,0,0
0x47cabd,99.9737%,1,3807,3808,0,0,1,3807
0x49a3cd,97.2222%,1,35,36,35,1,0,0
0x426d25,87.5%,1,7,8,7,1,0,0
0x4ba72f,75%,1,3,4,3,1,0,0
0x46023f,66.6667%,1,2,3,0,0,1,2
0x4a5b74,66.6667%,1,2,3,0,0,1,2
0x4925ac,66.6667%,1,2,3,0,0,1,2
0x46cbd5,98.6842%,1,75,76,75,1,0,0
0x4a3a78,94.1176%,1,16,17,16,1,0,0
0x47b19e,99.9906%,1,10585,10586,0,0,1,10585
0x4afff1,98.0769%,1,51,52,0,0,1,51
0x4ccb10,99.7669%,1,428,429,0,0,1,428
0x48ae1f,95.2381%,1,20,21,0,0,1,20
0x4dc975,66.6667%,1,2,3,2,1,0,0
0x415023,99.7669%,1,428,429,0,0,1,428
0x50fcb2,99.926%,1,1351,1352,0,0,1,1351
0x4b9c36,99.4949%,1,197,198,0,0,1,197
0x459050,88.8889%,1,8,9,0,0,1,8
0x4b59a3,94.1176%,1,16,17,0,0,1,16
0x487b71,97.619%,1,41,42,41,1,0,0
0x487b9c,97.619%,1,41,42,41,1,0,0
0x49ae77,98.2143%,1,55,56,55,1,0,0
0x4b6fb5,94.1176%,1,16,17,16,1,0,0
0x45ac1b,92.3077%,1,12,13,0,0,1,12
0x479860,99.8549%,1,688,689,688,1,0,0
0x45a796,98.7654%,1,80,81,80,1,0,0
0x47c64c,90%,1,9,10,0,0,1,9
0x479416,97.7778%,1,44,45,44,1,0,0
0x4dcbe0,99.9854%,1,6852,6853,6852,1,0,0
0x427ec8,93.3333%,1,14,15,14,1,0,0
0x4b76cf,94.1176%,1,16,17,0,0,1,16
0x4b6e93,94.1176%,1,16,17,16,1,0,0
0x460744,66.6667%,1,2,3,2,1,0,0
0x4b1245,99.5146%,1,205,206,205,1,0,0
0x4acfdf,97.0588%,1,33,34,16,1,0,17
0x4b6a7a,94.1176%,1,16,17,16,1,0,0
0x4bc220,50%,1,1,2,0,0,1,1
0x4c52c2,0%,1,0,1,0,0,1,0
0x4765d3,99.9724%,1,3616,3617,0,0,1,3616
0x4b6a55,94.1176%,1,16,17,16,1,0,0
0x4d73dc,50%,1,1,2,1,1,0,0
0x405557,88.8889%,1,8,9,8,1,0,0
0x4d9265,96.1538%,1,25,26,0,0,1,25
0x4a5c9b,94.1176%,1,16,17,0,0,1,16
0x4638e1,98.9583%,1,95,96,95,1,0,0
0x458aab,98.1481%,1,53,54,53,1,0,0
0x4df717,88.8889%,1,8,9,0,0,1,8
0x5f086d,97.4359%,1,38,39,38,1,0,0
0x46cc76,98.6842%,1,75,76,0,0,1,75
0x47c72a,99.9829%,1,5861,5862,0,0,1,5861
0x4792ad,99.9182%,1,1222,1223,1222,1,0,0
0x445b79,99.5726%,1,233,234,233,1,0,0
0x4d7a83,0%,1,0,1,0,1,0,0
0x4a50e1,95%,1,19,20,19,1,0,0
0x465696,99.5192%,1,207,208,207,1,0,0
0x4d5df4,99.9692%,1,3245,3246,0,0,1,3245
0x4a70c3,97.0588%,1,33,34,0,0,1,33
0x476bd6,99.5495%,1,221,222,0,0,1,221
0x4a5e73,94.1176%,1,16,17,0,0,1,16
0x49ef6a,96.9697%,1,32,33,32,1,0,0
0x4d1fc1,93.3333%,1,14,15,0,0,1,14
0x476538,98.7342%,1,78,79,0,0,1,78
0x476648,99.9912%,1,11304,11305,11304,1,0,0
0x4b9996,99.3671%,1,157,158,0,0,1,157
0x4149bf,66.6667%,1,2,3,0,0,1,2
0x4615f3,99.8435%,1,638,639,638,1,0,0
0x4caaed,99.9567%,1,2308,2309,2308,1,0,0
0x5f0acd,99.9869%,1,7625,7626,7625,1,0,0
0x4b8ae6,98.4848%,1,65,66,65,1,0,0
0x621021,85.7143%,1,6,7,0,0,1,6
0x4438f0,99.7863%,1,467,468,467,1,0,0
0x47ca8a,99.9737%,1,3807,3808,0,0,1,3807
0x4bee8b,99.9992%,1,124161,124162,0,0,1,124161
0x46020c,66.6667%,1,2,3,0,0,1,2
0x5de4d4,66.6667%,1,2,3,0,0,1,2
0x49eb62,99%,1,99,100,99,1,0,0
0x45f955,66.6667%,1,2,3,2,1,0,0
0x464b18,93.3333%,1,14,15,14,1,0,0
0x4a8466,94.4444%,1,17,18,0,0,1,17
0x4b5b32,97.0588%,1,33,34,17,0,1,16
0x49946e,99.841%,1,628,629,0,0,1,628
0x4b5b19,97.0588%,1,33,34,33,1,0,0
0x4b3541,97.0588%,1,33,34,33,1,0,0
0x4180b9,0%,1,0,1,0,0,1,0
0x4b3168,97.0588%,1,33,34,0,0,1,33
0x49f43f,98.5294%,1,67,68,0,0,1,67
0x45feda,99.9847%,1,6522,6523,6522,1,0,0
0x4ba82d,99.8927%,1,931,932,0,0,1,931
0x461640,99.8405%,1,626,627,0,0,1,626
0x41175e,99.7748%,1,443,444,0,0,1,443
0x4ad1fb,94.1176%,1,16,17,16,1,0,0
0x4117ad,99.7748%,1,443,444,443,1,0,0
0x4790a1,99.5238%,1,209,210,0,0,1,209
0x4acbaa,98.0392%,1,50,51,50,1,0,0
0x4c786a,50%,1,1,2,0,0,1,1
0x4b2f8e,97.0588%,1,33,34,33,1,0,0
0x49f5bd,97.0588%,1,33,34,0,0,1,33
0x4a3ad6,94.1176%,1,16,17,0,0,1,16
0x49ed42,97.0588%,1,33,34,0,0,1,33
0x464f18,98.8235%,1,84,85,84,1,0,0
0x5ef047,99.9908%,1,10831,10832,0,0,1,10831
0x4182dc,50%,1,1,2,0,0,1,1
0x4a4908,66.6667%,1,2,3,0,0,1,2
0x49f147,96.9697%,1,32,33,32,1,0,0
0x4dc464,0%,1,0,1,0,1,0,0
0x41850b,98.2759%,1,57,58,0,0,1,57
0x5ef1a3,99.7758%,1,445,446,0,0,1,445
0x4ad296,94.1176%,1,16,17,16,1,0,0
0x4703c9,99.7863%,1,467,468,0,0,1,467
0x417ff2,99.9652%,1,2873,2874,0,0,1,2873
0x48d145,66.6667%,1,2,3,2,1,0,0
0x459d97,99.3333%,1,149,150,149,1,0,0
0x420a86,99.9208%,1,1262,1263,0,0,1,1262
0x5df2e0,83.3333%,1,5,6,5,1,0,0
0x4435f2,99.7863%,1,467,468,0,0,1,467
0x46d897,99.9122%,1,1138,1139,0,0,1,1138
0x6091a7,66.6667%,1,2,3,2,1,0,0
0x428aaa,99.7863%,1,467,468,0,0,1,467
0x4a8b95,97.2222%,1,35,36,0,0,1,35
0x428a63,99.7863%,1,467,468,0,0,1,467
0x47d1d8,99.9798%,1,4946,4947,0,0,1,4946
0x4a0899,97.2222%,1,35,36,35,1,0,0
0x4bbd96,99.9542%,1,2183,2184,0,0,1,2183
0x457f49,95.8333%,1,23,24,23,1,0,0
0x4d1c46,96%,1,24,25,0,0,1,24
0x5f1d77,99.9663%,1,2969,2970,0,0,1,2969
0x457efb,95.8333%,1,23,24,0,0,1,23
0x45b082,99.2063%,1,125,126,125,1,0,0
0x4d79d8,87.5%,1,7,8,0,0,1,7
0x407994,90%,1,9,10,0,0,1,9
0x4c529e,0%,1,0,1,0,0,1,0
0x48c349,99.4709%,1,188,189,188,1,0,0
0x50f9cf,94.7368%,1,18,19,18,1,0,0
0x48d4bd,66.6667%,1,2,3,2,1,0,0
0x478a2a,83.3333%,1,5,6,5,1,0,0
0x4789af,83.3333%,1,5,6,5,1,0,0
0x478994,83.3333%,1,5,6,0,0,1,5
0x609e46,93.3333%,1,14,15,0,0,1,14
0x450165,88.8889%,1,8,9,0,0,1,8
0x5f2dcd,99.9663%,1,2969,2970,0,0,1,2969
0x44fea4,88.8889%,1,8,9,0,0,1,8
0x50aff9,99.9982%,1,56993,56994,0,0,1,56993
0x478ce9,99.9407%,1,1686,1687,0,0,1,1686
0x5ef029,99.9908%,1,10831,10832,10831,1,0,0
0x5f1d4d,99.9663%,1,2969,2970,0,0,1,2969
0x5eecc6,85.7143%,1,6,7,0,0,1,6
0x4bd3fd,97.561%,1,40,41,0,0,1,40
0x5d8b35,83.3333%,1,5,6,0,0,1,5
0x4a28ec,98.7952%,1,82,83,0,0,1,82
0x5de91d,83.3333%,1,5,6,3,0,1,2
0x45a5f9,98.7654%,1,80,81,80,1,0,0
0x4d0ae1,95.2381%,1,20,21,20,1,0,0
0x4a8977,97.2222%,1,35,36,0,0,1,35
0x49944a,99.2806%,1,138,139,0,0,1,138
0x4a305f,96.9697%,1,32,33,0,0,1,32
0x4be450,99.0291%,1,102,103,0,0,1,102
0x4650e8,99.7947%,1,486,487,486,1,0,0
0x4b98c0,99.0291%,1,102,103,0,0,1,102
0x4a5261,97.0588%,1,33,34,0,0,1,33
0x45a685,98.7654%,1,80,81,80,1,0,0
0x418789,0%,1,0,1,0,0,1,0
0x4a27aa,96.9697%,1,32,33,0,0,1,32
0x5ef1e3,99.9382%,1,1618,1619,0,0,1,1618
0x478ae8,99.9807%,1,5184,5185,5184,1,0,0
0x4b7720,94.1176%,1,16,17,16,1,0,0
0x473c49,99.7845%,1,463,464,463,1,0,0
0x4bb011,91.6667%,1,11,12,11,1,0,0
0x4739c3,99.7845%,1,463,464,463,1,0,0
0x4c528c,0%,1,0,1,0,0,1,0
0x46ca14,99.933%,1,1491,1492,1491,1,0,0
0x4bd46b,99.9699%,1,3326,3327,0,0,1,3326
0x4bb008,91.6667%,1,11,12,0,0,1,11
0x47cced,97.4359%,1,38,39,38,1,0,0
0x5e22bd,83.3333%,1,5,6,0,0,1,5
0x4b657b,94.1176%,1,16,17,0,0,1,16
0x465139,99.7947%,1,486,487,0,0,1,486
0x47c8d5,66.6667%,1,2,3,2,1,0,0
0x464e35,99.3827%,1,161,162,161,1,0,0
0x48bcd9,99.811%,1,528,529,528,1,0,0
0x458c83,95%,1,19,20,19,1,0,0
0x41170b,99.7748%,1,443,444,0,0,1,443
0x464ff5,99.8141%,1,537,538,0,0,1,537
0x49271d,66.6667%,1,2,3,0,0,1,2
0x47cd5f,99.9798%,1,4955,4956,0,0,1,4955
0x45a820,98.7654%,1,80,81,0,1,0,80
0x470702,0%,1,0,1,0,0,1,0
0x48afc3,95.2381%,1,20,21,20,1,0,0
0x4b8f6e,99.9896%,1,9643,9644,0,0,1,9643
0x45e124,50%,1,1,2,1,1,0,0
0x48ccf4,99.6914%,1,323,324,0,0,1,323
0x4703f3,99.7863%,1,467,468,467,1,0,0
0x47035e,99.7863%,1,467,468,0,0,1,467
0x4ce43b,0%,1,0,1,0,0,1,0
0x4023d1,99.2366%,1,130,131,130,1,0,0
0x45d9a5,95.4545%,1,21,22,21,1,0,0
0x45e565,75%,1,3,4,1,1,0,2
0x48d6a0,88.8889%,1,8,9,8,1,0,0
0x48dc40,66.6667%,1,2,3,0,0,1,2
0x4458fd,99.7863%,1,467,468,0,0,1,467
0x445889,99.7863%,1,467,468,0,0,1,467
0x44599d,99.7863%,1,467,468,0,0,1,467
0x462b76,91.6667%,1,11,12,0,0,1,11
0x411474,99.7863%,1,467,468,0,0,1,467
0x411344,99.7863%,1,467,468,0,0,1,467
0x4c52b5,0%,1,0,1,0,0,1,0
0x4982ec,66.6667%,1,2,3,2,1,0,0
0x498334,66.6667%,1,2,3,0,0,1,2
0x4079c9,90%,1,9,10,6,0,1,3
0x5de74e,83.3333%,1,5,6,2,1,0,3
0x5d862c,83.3333%,1,5,6,0,0,1,5
0x476194,87.5%,1,7,8,7,1,0,0
0x45dbd2,87.5%,1,7,8,7,1,0,0
0x5f0b77,97.5%,1,39,40,0,0,1,39
0x457abc,99.3197%,1,146,147,146,1,0,0
0x46f54a,93.75%,1,15,16,0,0,1,15
0x4d0ad7,95.2381%,1,20,21,0,0,1,20
0x445b74,99.5726%,1,233,234,0,0,1,233
0x4d5cb4,95%,1,19,20,0,0,1,19
0x445b6f,99.5726%,1,233,234,0,0,1,233
0x4d5b5c,99.6154%,1,259,260,259,1,0,0
0x4df6bd,95.2381%,1,20,21,0,0,1,20
0x42152d,87.5%,1,7,8,0,0,1,7
0x44607d,99.7863%,1,467,468,0,0,1,467
0x4d8d38,95%,1,19,20,0,0,1,19
0x445af9,99.7863%,1,467,468,0,0,1,467
0x458e99,80%,1,4,5,4,1,0,0
0x4c52e0,0%,1,0,1,0,1,0,0
0x47a08a,99.3789%,1,160,161,0,0,1,160
0x5ef7a4,87.5%,1,7,8,0,0,1,7
0x47a09b,99.3789%,1,160,161,0,0,1,160
0x5f155e,96.875%,1,31,32,0,0,1,31
0x4187c7,0%,1,0,1,0,1,0,0
0x490edc,0%,1,0,1,0,1,0,0
0x49cb9b,99.7674%,1,429,430,429,1,0,0
0x5decdc,83.3333%,1,5,6,0,0,1,5
0x5dec6d,83.3333%,1,5,6,5,1,0,0
0x45e554,50%,1,1,2,1,1,0,0
0x608bb1,99.6764%,1,308,309,0,0,1,308
0x457bab,66.6667%,1,2,3,2,1,0,0
0x45fa1d,66.6667%,1,2,3,2,1,0,0
0x5deb16,83.3333%,1,5,6,0,0,1,5
0x5fa2d7,95.6522%,1,22,23,0,0,1,22
0x5de9b3,97.619%,1,41,42,0,0,1,41
0x5de956,66.6667%,1,2,3,2,1,0,0
0x5d8635,83.3333%,1,5,6,0,0,1,5
0x5de908,83.3333%,1,5,6,0,0,1,5
0x4d8561,50%,1,1,2,0,0,1,1
0x445d6c,99.8575%,1,701,702,701,1,0,0
0x5d8937,83.3333%,1,5,6,0,0,1,5
0x63350e,66.6667%,1,2,3,0,0,1,2
0x633501,66.6667%,1,2,3,0,0,1,2
0x5ddf86,66.6667%,1,2,3,2,1,0,0
0x4df6d9,95.2381%,1,20,21,0,0,1,20
0x4d5e53,94.4444%,1,17,18,0,0,1,17
0x4a70d5,97.0588%,1,33,34,0,0,1,33
0x4d7d80,0%,1,0,1,0,1,0,0
0x4e0e12,97.4359%,1,38,39,33,0,1,5
0x4a28a1,98.7952%,1,82,83,0,0,1,82
0x5dee8f,66.6667%,1,2,3,0,0,1,2
0x4e0b52,96.9697%,1,32,33,32,1,0,0
0x4b3343,98.5294%,1,67,68,67,1,0,0
0x41bbde,99.8578%,1,702,703,0,0,1,702
0x4deca3,93.3333%,1,14,15,0,0,1,14
0x5ded63,83.3333%,1,5,6,0,0,1,5
0x5d8d41,83.3333%,1,5,6,0,0,1,5
0x4ace31,97.0588%,1,33,34,0,0,1,33
0x45e490,75%,1,3,4,3,1,0,0
0x4e14a5,94.4444%,1,17,18,0,0,1,17
0x5dd24c,83.3333%,1,5,6,0,0,1,5
0x4e2b65,66.6667%,1,2,3,0,0,1,2
0x5facd4,66.6667%,1,2,3,0,0,1,2
0x4a25d8,98.0769%,1,51,52,51,1,0,0
0x47c193,99.5671%,1,230,231,226,1,0,4
0x49ed23,97.0588%,1,33,34,33,1,0,0
0x4d921c,96.1538%,1,25,26,0,0,1,25
0x46504e,99.7947%,1,486,487,486,1,0,0
0x4d740b,50%,1,1,2,1,1,0,0
0x4d8a3c,96.1538%,1,25,26,0,0,1,25
0x4282f0,83.3333%,1,5,6,5,1,0,0
0x4d7401,50%,1,1,2,0,0,1,1
0x4a46ce,97.2973%,1,36,37,20,0,1,16
0x5dcf35,83.3333%,1,5,6,0,0,1,5
0x421535,87.5%,1,7,8,7,1,0,0
0x45e237,50%,1,1,2,1,1,0,0
0x4a2df2,94.7368%,1,18,19,18,1,0,0
0x4a2e52,94.7368%,1,18,19,0,0,1,18
0x45e445,75%,1,3,4,3,1,0,0
0x45e416,75%,1,3,4,3,1,0,0
0x4a88f7,98.5714%,1,69,70,0,0,1,69
0x45e337,75%,1,3,4,3,1,0,0
0x45e1ab,75%,1,3,4,2,0,1,1
0x4beb5a,50%,1,1,2,1,1,0,0
0x5dd982,88.8889%,1,8,9,5,1,0,3
0x478732,83.3333%,1,5,6,0,0,1,5
0x4b040a,99.7925%,1,481,482,0,0,1,481
0x41b305,99.2063%,1,125,126,0,0,1,125
0x4671f3,99.0099%,1,100,101,0,0,1,100
0x418087,0%,1,0,1,0,0,1,0
0x5ef430,99.9046%,1,1047,1048,1047,1,0,0
0x5ef445,99.9046%,1,1047,1048,0,0,1,1047
0x4b8bea,99.2857%,1,139,140,0,0,1,139
0x497c86,66.6667%,1,2,3,0,0,1,2
0x4a8bee,97.2222%,1,35,36,0,0,1,35
0x42414b,91.6667%,1,11,12,0,0,1,11
0x4c77df,99.8211%,1,558,559,558,1,0,0
0x4240f1,91.6667%,1,11,12,11,1,0,0
0x4240ce,91.6667%,1,11,12,0,0,1,11
0x45ab94,99.6032%,1,251,252,251,1,0,0
0x4d89c9,99.9952%,1,21038,21039,0,0,1,21038
0x4d70ae,0%,1,0,1,0,0,1,0
0x49c36b,97.2222%,1,35,36,32,1,0,3
0x457ebf,91.6667%,1,11,12,0,0,1,11
0x421562,98.8372%,1,85,86,0,0,1,85
0x413653,97.5%,1,39,40,0,0,1,39
0x4459f1,99.7863%,1,467,468,467,1,0,0
0x49c167,97.2222%,1,35,36,20,0,1,15
0x49c1a1,97.2222%,1,35,36,18,1,0,17
0x49f5a6,97.0588%,1,33,34,33,1,0,0
0x4989e4,97.2222%,1,35,36,35,1,0,0
0x41b1d4,99.2063%,1,125,126,0,0,1,125
0x4a8424,97.2222%,1,35,36,35,1,0,0
0x4d7df8,98.8372%,1,85,86,0,0,1,85
0x49be0c,97.2222%,1,35,36,35,1,0,0
0x45f317,87.5%,1,7,8,7,1,0,0
0x49f554,97.0588%,1,33,34,0,0,1,33
0x5de936,66.6667%,1,2,3,0,0,1,2
0x45f001,87.5%,1,7,8,7,1,0,0
0x45dd16,87.5%,1,7,8,0,0,1,7
0x50f7d0,92.8571%,1,13,14,0,0,1,13
0x45dd38,87.5%,1,7,8,7,1,0,0
0x420fc8,50%,1,1,2,0,1,0,1
0x4d8870,50%,1,1,2,1,1,0,0
0x49bc72,66.6667%,1,2,3,0,0,1,2
0x4a89aa,98.5714%,1,69,70,0,0,1,69
0x443632,99.7863%,1,467,468,0,0,1,467
0x45e095,75%,1,3,4,0,0,1,3
0x45e075,75%,1,3,4,0,0,1,3
0x4d7995,97.5%,1,39,40,38,1,0,1
0x49bb87,97.2222%,1,35,36,0,0,1,35
0x4a650d,94.7368%,1,18,19,18,1,0,0
0x4761ed,83.3333%,1,5,6,0,0,1,5
0x443883,99.7863%,1,467,468,467,1,0,0
0x41934b,99.9936%,1,15503,15504,15503,1,0,0
0x50ff74,0%,1,0,1,0,0,1,0
0x47bfd2,75%,1,3,4,3,1,0,0
0x4abe5d,98.8372%,1,85,86,0,0,1,85
0x4abf08,95%,1,19,20,0,0,1,19
0x467b3a,96.6667%,1,29,30,0,0,1,29
0x4770c9,75%,1,3,4,1,1,0,2
0x4bdfc3,0%,1,0,1,0,1,0,0
0x4ac01f,95%,1,19,20,0,0,1,19
0x467a0c,96.6667%,1,29,30,29,1,0,0
0x41809d,50%,1,1,2,0,1,0,1
0x46d848,99.9122%,1,1138,1139,0,0,1,1138
0x4ba3f2,99.9911%,1,11266,11267,0,0,1,11266
0x4c603b,88.8889%,1,8,9,8,1,0,0
0x4be8e0,99.9902%,1,10169,10170,0,0,1,10169
0x479923,94.4444%,1,17,18,0,0,1,17
0x4783e9,99.8672%,1,752,753,752,1,0,0
0x4be498,98.9691%,1,96,97,96,1,0,0
0x4be68d,50%,1,1,2,1,1,0,0
0x4ce624,99.9909%,1,10962,10963,10962,1,0,0
0x47ae50,0%,1,0,1,0,0,1,0
0x4bbd89,99.9542%,1,2183,2184,0,0,1,2183
0x49bbc6,66.6667%,1,2,3,2,1,0,0
0x443649,99.7863%,1,467,468,0,0,1,467
0x46cc22,98.6842%,1,75,76,0,0,1,75
0x4699fe,98.8636%,1,87,88,87,1,0,0
0x4beb83,99.0476%,1,104,105,104,1,0,0
0x4bc7b7,99.0291%,1,102,103,0,0,1,102
0x4bbcde,66.6667%,1,2,3,2,1,0,0
0x490f1c,0%,1,0,1,0,1,0,0
0x5fa556,0%,1,0,1,0,0,1,0
0x5fa48e,0%,1,0,1,0,1,0,0
0x4a8451,99.4819%,1,192,193,0,0,1,192
0x4d813b,99.7863%,1,467,468,0,0,1,467
0x421afb,99.9199%,1,1247,1248,0,0,1,1247
0x60b55e,66.6667%,1,2,3,2,1,0,0
0x4185a9,50%,1,1,2,0,0,1,1
0x459396,93.3333%,1,14,15,0,0,1,14
0x4cd883,99.7669%,1,428,429,428,1,0,0
0x48b900,97.619%,1,41,42,41,1,0,0
0x5ef827,50%,1,1,2,0,0,1,1
0x5f14bb,75%,1,3,4,0,0,1,3
0x5fa4d8,0%,1,0,1,0,0,1,0
0x45fbf9,66.6667%,1,2,3,0,0,1,2
0x45fbdd,66.6667%,1,2,3,0,0,1,2
0x4b6e82,94.1176%,1,16,17,0,0,1,16
0x411749,99.7748%,1,443,444,0,0,1,443
0x50b0d9,50%,1,1,2,0,0,1,1
0x4e099d,98.0392%,1,50,51,0,0,1,50
0x4d5839,99.9861%,1,7187,7188,0,1,0,7187
0x4b2362,83.3333%,1,5,6,0,0,1,5
0x4c276d,99.983%,1,5879,5880,5879,1,0,0
0x608f2c,99.4872%,1,194,195,0,0,1,194
0x49ee5f,97.2222%,1,35,36,0,0,1,35
0x4584a0,90.9091%,1,10,11,0,0,1,10
0x487b4c,97.619%,1,41,42,0,0,1,41
0x4ce32e,99.9875%,1,8027,8028,8027,1,0,0
0x5ddc3f,83.3333%,1,5,6,5,1,0,0
0x445bf8,99.5726%,1,233,234,0,0,1,233
0x4d1c29,97.2222%,1,35,36,0,0,1,35
0x45b493,96.5517%,1,28,29,28,1,0,0
0x417fd9,99.9652%,1,2873,2874,0,0,1,2873
0x608df1,99.4872%,1,194,195,0,0,1,194
0x60b7fe,80%,1,4,5,4,1,0,0
0x41b968,80%,1,4,5,2,0,1,2
0x40a518,99.7253%,1,363,364,0,0,1,363
0x46f249,93.75%,1,15,16,0,0,1,15
0x5f2089,0%,1,0,1,0,0,1,0
0x4ba016,99.8782%,1,820,821,820,1,0,0
0x4bd486,99.9699%,1,3326,3327,3326,1,0,0
0x46f47f,93.75%,1,15,16,15,1,0,0
0x4a63b6,94.7368%,1,18,19,0,0,1,18
0x48aac7,95.2381%,1,20,21,20,1,0,0
0x4d91e9,96.1538%,1,25,26,0,0,1,25
0x459f26,94.4444%,1,17,18,17,1,0,0
0x4bdf48,50%,1,1,2,1,0,1,0
0x5f1ddb,66.6667%,1,2,3,0,1,0,2
0x479ede,98.7654%,1,80,81,0,0,1,80
0x47b6ef,99.9651%,1,2868,2869,0,0,1,2868
0x46f214,97.8723%,1,46,47,0,0,1,46
0x4761b6,99.9545%,1,2199,2200,2199,1,0,0
0x4c79bd,99.8205%,1,556,557,556,1,0,0
0x4cb4d7,99.9837%,1,6149,6150,6149,1,0,0
0x4c4e5e,99.9581%,1,2385,2386,0,0,1,2385
0x4a126d,93.75%,1,15,16,15,1,0,0
0x5ef1ad,99.7758%,1,445,446,0,0,1,445
0x422a74,0%,1,0,1,0,0,1,0
0x420f5a,0%,1,0,1,0,0,1,0
0x5d8691,83.3333%,1,5,6,5,1,0,0
0x4ce4b6,0%,1,0,1,0,1,0,0
0x4438e7,99.7863%,1,467,468,0,0,1,467
0x41890d,0%,1,0,1,0,1,0,0
0x5f3073,99.9624%,1,2658,2659,0,0,1,2658
0x4073a7,96.9697%,1,32,33,32,1,0,0
0x4d0799,99.3506%,1,153,154,0,0,1,153
0x45f16f,87.5%,1,7,8,7,1,0,0
0x47056a,0%,1,0,1,0,0,1,0
0x4bdf80,0%,1,0,1,0,1,0,0
0x4d29bf,99.1525%,1,117,118,117,1,0,0
0x421309,0%,1,0,1,0,0,1,0
0x4a2abb,98.7952%,1,82,83,82,1,0,0
0x4212b4,0%,1,0,1,0,0,1,0
0x4dec09,66.6667%,1,2,3,2,1,0,0
0x4ccee0,0%,1,0,1,0,0,1,0
0x45a094,94.4444%,1,17,18,0,0,1,17
0x4d70bd,0%,1,0,1,0,0,1,0
0x4c52a6,0%,1,0,1,0,0,1,0
0x4c5269,0%,1,0,1,0,0,1,0
0x459eef,94.4444%,1,17,18,0,0,1,17
0x4c795c,50%,1,1,2,0,0,1,1
0x459d53,99.3333%,1,149,150,149,1,0,0
0x4cceec,0%,1,0,1,0,0,1,0
0x418121,0%,1,0,1,0,0,1,0
0x608ec0,99.4872%,1,194,195,0,0,1,194
0x422ed1,0%,1,0,1,0,1,0,0
0x4591a1,94.4444%,1,17,18,0,1,0,17
0x4b5ada,97.0588%,1,33,34,33,1,0,0
0x608c20,99.5238%,1,209,210,0,0,1,209
0x422bea,0%,1,0,1,0,1,0,0
0x422ad2,0%,1,0,1,0,0,1,0
0x4d73c3,50%,1,1,2,1,1,0,0
0x4d967e,96.1538%,1,25,26,0,0,1,25
0x5fa4e9,0%,1,0,1,0,1,0,0
0x4a3963,94.1176%,1,16,17,16,1,0,0
0x458f1c,94.4444%,1,17,18,0,0,1,17
0x427943,99.6337%,1,272,273,272,1,0,0
0x4abff3,95%,1,19,20,19,1,0,0
0x470548,0%,1,0,1,0,0,1,0
0x470504,0%,1,0,1,0,0,1,0
0x470448,0%,1,0,1,0,1,0,0
0x428645,98.5294%,1,67,68,67,1,0,0
0x4d1e07,99.6124%,1,257,258,257,1,0,0
0x40184e,97.0588%,1,33,34,0,0,1,33
0x48a95d,97.619%,1,41,42,20,1,0,21
0x45f2ce,87.5%,1,7,8,7,1,0,0
0x470552,0%,1,0,1,0,1,0,0
0x50f88c,93.75%,1,15,16,15,1,0,0
0x48c9ea,99.908%,1,1086,1087,0,0,1,1086
0x4706f8,0%,1,0,1,0,0,1,0
0x50fd30,0%,1,0,1,0,0,1,0
0x5de512,66.6667%,1,2,3,0,0,1,2
0x4d70ee,0%,1,0,1,0,1,0,0
0x414fe4,99.7669%,1,428,429,0,0,1,428
0x478b29,99.8762%,1,807,808,807,1,0,0
0x4d70d7,0%,1,0,1,0,1,0,0
0x47658e,99.6047%,1,252,253,252,1,0,0
0x47657f,99.7738%,1,441,442,0,0,1,441
0x45aab8,99.6032%,1,251,252,251,1,0,0
0x422eb8,0%,1,0,1,0,1,0,0
0x505f7c,83.3333%,1,5,6,5,1,0,0
0x4c6441,87.5%,1,7,8,7,1,0,0
0x4650aa,99.7947%,1,486,487,486,1,0,0
0x4be719,99.9902%,1,10173,10174,0,0,1,10173
0x498cc2,99.9165%,1,1197,1198,0,0,1,1197
0x60988b,66.6667%,1,2,3,0,0,1,2
0x4dde6c,0%,1,0,1,0,0,1,0
0x498c9b,99.919%,1,1233,1234,0,0,1,1233
0x47b415,99.9902%,1,10219,10220,0,0,1,10219
0x4190c7,97.6744%,1,42,43,0,0,1,42
0x4dc1c3,0%,1,0,1,0,0,1,0
0x412149,99.7748%,1,443,444,0,0,1,443
0x4c9683,99.9824%,1,5695,5696,5695,1,0,0
0x50fd87,50%,1,1,2,1,1,0,0
0x47ac82,99.987%,1,7688,7689,0,0,1,7688
0x413904,66.6667%,1,2,3,2,1,0,0
0x4be4fc,99.0476%,1,104,105,104,1,0,0
0x47d0b9,94.4444%,1,17,18,0,0,1,17
0x46c9e3,99.6516%,1,286,287,0,0,1,286
0x4274cd,91.6667%,1,11,12,0,0,1,11
0x458cc0,96.5517%,1,28,29,28,1,0,0
0x52485e,66.6667%,1,2,3,0,0,1,2
0x4184bd,97.9167%,1,47,48,1,1,0,46
0x47da48,92.8571%,1,13,14,13,1,0,0
0x608e1b,99.4872%,1,194,195,0,0,1,194
0x477f5b,99.6914%,1,323,324,323,1,0,0
0x4a2727,96.9697%,1,32,33,0,0,1,32
0x41ab5b,97.6744%,1,42,43,42,1,0,0
0x45922a,94.4444%,1,17,18,17,1,0,0
0x49af1e,66.6667%,1,2,3,2,1,0,0
0x458e2a,95%,1,19,20,2,0,1,17
0x45ee0c,95.2381%,1,20,21,20,1,0,0
0x4b5afb,97.0588%,1,33,34,33,1,0,0
0x4cbd20,97.9167%,1,47,48,1,0,1,46
0x47def0,66.6667%,1,2,3,2,1,0,0
0x45847a,90.9091%,1,10,11,0,0,1,10
0x4b16f7,93.75%,1,15,16,15,1,0,0
0x632e15,66.6667%,1,2,3,0,0,1,2
0x408b4e,80%,1,4,5,0,0,1,4
0x4c5c53,99.9793%,1,4838,4839,4838,1,0,0
0x45a2d9,93.3333%,1,14,15,14,1,0,0
0x44febe,88.8889%,1,8,9,0,0,1,8
0x46d7e1,91.6667%,1,11,12,0,0,1,11
0x45b06f,99.2063%,1,125,126,0,0,1,125
0x47b5c7,99.9651%,1,2868,2869,0,0,1,2868
0x462dd4,99.697%,1,329,330,329,1,0,0
0x46302c,98.9583%,1,95,96,0,0,1,95
0x41913f,97.6744%,1,42,43,42,1,0,0
0x4d3f84,83.3333%,1,5,6,0,0,1,5
0x412f50,99.2188%,1,127,128,127,1,0,0
0x523d2e,83.3333%,1,5,6,2,1,0,3
0x465161,99.7947%,1,486,487,486,1,0,0
0x45ac39,99.5763%,1,235,236,235,1,0,0
0x41328e,85.7143%,1,6,7,3,0,1,3
0x4137d4,66.6667%,1,2,3,0,0,1,2
0x4cc9ef,99.9995%,1,199328,199329,199328,1,0,0
0x40189e,99.9871%,1,7751,7752,7751,1,0,0
0x4d1402,99.7674%,1,429,430,0,0,1,429
0x417426,97.8261%,1,45,46,45,1,0,0
0x4a5bd3,94.1176%,1,16,17,16,1,0,0
0x41878d,0%,1,0,1,0,1,0,0
0x4bd463,99.9699%,1,3326,3327,0,0,1,3326
0x4a2f1f,96.9697%,1,32,33,32,1,0,0
0x4c9ef0,99.9958%,1,24076,24077,24076,1,0,0
0x5e48e2,83.3333%,1,5,6,0,0,1,5
0x4d6ff8,66.6667%,1,2,3,2,1,0,0
0x4a3df0,98.5075%,1,66,67,0,0,1,66
0x45a817,100%,0,81,81,0,0,0,81
0x4137cb,100%,0,3,3,0,0,0,3
0x45eb9a,100%,0,17,17,17,0,0,0
0x45eb95,100%,0,17,17,0,0,0,17
0x4d7072,100%,0,1,1,0,0,0,1
0x40228e,100%,0,351,351,351,0,0,0
0x46e544,100%,0,3,3,0,0,0,3
0x4840d7,100%,0,21,21,21,0,0,0
0x4a3a9e,100%,0,17,17,17,0,0,0
0x608c65,100%,0,201,201,0,0,0,201
0x4022d1,100%,0,351,351,0,0,0,351
0x5dcc6d,100%,0,6,6,0,0,0,6
0x445b17,100%,0,468,468,468,0,0,0
0x413a5c,100%,0,3,3,0,0,0,3
0x428556,100%,0,12,12,12,0,0,0
0x608e6f,100%,0,195,195,0,0,0,195
0x4708d9,100%,0,1,1,0,0,0,1
0x49ee49,100%,0,36,36,0,0,0,36
0x4187a9,100%,0,1,1,1,0,0,0
0x44578c,100%,0,468,468,468,0,0,0
0x4accfa,100%,0,17,17,17,0,0,0
0x411324,100%,0,468,468,0,0,0,468
0x470358,100%,0,468,468,0,0,0,468
0x4b171c,100%,0,16,16,0,0,0,16
0x5de62f,100%,0,3,3,0,0,0,3
0x463013,100%,0,96,96,0,0,0,96
0x4b7716,100%,0,17,17,0,0,0,17
0x4d8abf,100%,0,468,468,0,0,0,468
0x45e1e5,100%,0,2,2,0,0,0,2
0x418161,100%,0,1,1,1,0,0,0
0x445947,100%,0,468,468,468,0,0,0
0x443919,100%,0,468,468,468,0,0,0
0x4a30d3,100%,0,17,17,17,0,0,0
0x4018ac,100%,0,4,4,4,0,0,0
0x45ebf8,100%,0,17,17,17,0,0,0
0x4701e7,100%,0,468,468,0,0,0,468
0x48afd3,100%,0,21,21,21,0,0,0
0x413858,100%,0,3,3,3,0,0,0
0x4cd5c1,100%,0,4,4,4,0,0,0
0x426fa6,100%,0,8,8,8,0,0,0
0x406bde,100%,0,54,54,0,0,0,54
0x457eec,100%,0,24,24,0,0,0,24
0x47050b,100%,0,1,1,1,0,0,0
0x473a5a,100%,0,464,464,464,0,0,0
0x4283cd,100%,0,15,15,15,0,0,0
0x47a297,100%,0,6,6,0,0,0,6
0x45db0e,100%,0,79,79,0,0,0,79
0x47a556,100%,0,6,6,0,0,0,6
0x426e8c,100%,0,16,16,0,0,0,16
0x608f11,100%,0,195,195,0,0,0,195
0x47dd8c,100%,0,12,12,12,0,0,0
0x467575,100%,0,61,61,61,0,0,0
0x4d7da2,100%,0,1,1,1,0,0,0
0x4b4417,100%,0,34,34,0,0,0,34
0x60b01e,100%,0,5,5,5,0,0,0
0x46798e,100%,0,30,30,0,0,0,30
0x49ad18,100%,0,36,36,36,0,0,0
0x4770d3,100%,0,2,2,2,0,0,0
0x60a0b7,100%,0,51,51,0,0,0,51
0x4707e8,100%,0,1,1,0,0,0,1
0x5ef103,100%,0,1619,1619,0,0,0,1619
0x464681,100%,0,208,208,208,0,0,0
0x4707d4,100%,0,1,1,1,0,0,0
0x47072c,100%,0,1,1,1,0,0,0
0x484b8a,100%,0,42,42,0,0,0,42
0x47d6fd,100%,0,8,8,8,0,0,0
0x4b6dc8,100%,0,17,17,17,0,0,0
0x608ea5,100%,0,195,195,0,0,0,195
0x47089a,100%,0,1,1,1,0,0,0
0x49c80a,100%,0,34,34,0,0,0,34
0x45dc03,100%,0,8,8,8,0,0,0
0x426cbe,100%,0,8,8,0,0,0,8
0x426d08,100%,0,8,8,0,0,0,8
0x5fa546,100%,0,1,1,1,0,0,0
0x48b92d,100%,0,42,42,42,0,0,0
0x427d97,100%,0,68,68,68,0,0,0
0x470711,100%,0,1,1,0,0,0,1
0x4180a1,100%,0,1,1,0,0,0,1
0x4d7d61,100%,0,1,1,0,0,0,1
0x5deada,100%,0,6,6,6,0,0,0
0x45ece8,100%,0,17,17,0,0,0,17
0x47a8ce,100%,0,217,217,0,0,0,217
0x47a825,100%,0,4,4,0,0,0,4
0x5df63e,100%,0,6,6,6,0,0,0
0x460eb1,100%,0,64,64,64,0,0,0
0x4d7d50,100%,0,1,1,1,0,0,0
0x45a340,100%,0,15,15,0,0,0,15
0x5dec01,100%,0,6,6,0,0,0,6
0x419244,100%,0,3,3,0,0,0,3
0x47877b,100%,0,6,6,0,0,0,6
0x450121,100%,0,9,9,0,0,0,9
0x464f24,100%,0,9,9,0,0,0,9
0x453562,100%,0,9,9,0,0,0,9
0x422aae,100%,0,1,1,0,0,0,1
0x5ddaa4,100%,0,6,6,6,0,0,0
0x453508,100%,0,9,9,0,0,0,9
0x422aa3,100%,0,1,1,0,0,0,1
0x4708cf,100%,0,1,1,0,0,0,1
0x45b3b0,100%,0,4,4,0,0,0,4
0x421e92,100%,0,7,7,7,0,0,0
0x463b44,100%,0,9,9,9,0,0,0
0x4ac9cb,100%,0,34,34,0,0,0,34
0x633539,100%,0,3,3,3,0,0,0
0x5df5f3,100%,0,3,3,0,0,0,3
0x49bc41,100%,0,3,3,0,0,0,3
0x408af8,100%,0,3,3,0,0,0,3
0x50fd53,100%,0,16,16,0,0,0,16
0x5df7e4,100%,0,3,3,0,0,0,3
0x5facfc,100%,0,3,3,3,0,0,0
0x5de754,100%,0,3,3,3,0,0,0
0x4acf54,100%,0,34,34,0,0,0,34
0x45ab7e,100%,0,252,252,0,0,0,252
0x5de8db,100%,0,6,6,0,0,0,6
0x492729,100%,0,3,3,3,0,0,0
0x408bb0,100%,0,3,3,3,0,0,0
0x5de960,100%,0,3,3,3,0,0,0
0x498bcd,100%,0,14,14,0,0,0,14
0x45a20f,100%,0,15,15,15,0,0,0
0x42131b,100%,0,1,1,0,0,0,1
0x5def08,100%,0,3,3,0,0,0,3
0x5de9c7,100%,0,3,3,0,0,0,3
0x48ab84,100%,0,42,42,42,0,0,0
0x46e70f,100%,0,3,3,3,0,0,0
0x421371,100%,0,1,1,0,0,0,1
0x4d7a9a,100%,0,1,1,0,0,0,1
0x4dde73,100%,0,1,1,1,0,0,0
0x408c9c,100%,0,98,98,0,0,0,98
0x418114,100%,0,1,1,0,0,0,1
0x478699,100%,0,6,6,0,0,0,6
0x42130f,100%,0,1,1,0,0,0,1
0x47c078,100%,0,30,30,0,0,0,30
0x463188,100%,0,96,96,96,0,0,0
0x407bd5,100%,0,10,10,0,0,0,10
0x45835d,100%,0,39,39,39,0,0,0
0x4dc4c9,100%,0,96,96,96,0,0,0
0x4d3e09,100%,0,36,36,36,0,0,0
0x457478,100%,0,39,39,39,0,0,0
0x41d391,100%,0,16,16,0,0,0,16
0x48a9d9,100%,0,21,21,0,0,0,21
0x5fad26,100%,0,3,3,3,0,0,0
0x41b9c8,100%,0,5,5,0,0,0,5
0x422a64,100%,0,1,1,0,0,0,1
0x420fe0,100%,0,1,1,1,0,0,0
0x420fd7,100%,0,1,1,0,0,0,1
0x478f6a,100%,0,3,3,3,0,0,0
0x5d8d84,100%,0,6,6,0,0,0,6
0x41815a,100%,0,1,1,0,0,0,1
0x4181f2,100%,0,1,1,0,0,0,1
0x4dc1ba,100%,0,1,1,0,0,0,1
0x4bc2cc,100%,0,1929,1929,1929,0,0,0
0x48c1f8,100%,0,478,478,478,0,0,0
0x632df4,100%,0,3,3,3,0,0,0
0x5de523,100%,0,3,3,0,0,0,3
0x5de7d8,100%,0,3,3,0,0,0,3
0x4534c2,100%,0,9,9,9,0,0,0
0x47b0e2,100%,0,1,1,1,0,0,0
0x41892b,100%,0,1,1,0,0,0,1
0x462fbc,100%,0,96,96,0,0,0,96
0x4acb33,100%,0,34,34,0,0,0,34
0x505ed2,100%,0,6,6,0,0,0,6
0x505eb0,100%,0,6,6,6,0,0,0
0x505e90,100%,0,6,6,6,0,0,0
0x41b64f,100%,0,126,126,0,0,0,126
0x4ad630,100%,0,34,34,0,0,0,34
0x427dd6,100%,0,34,34,34,0,0,0
0x4ad64a,100%,0,34,34,34,0,0,0
0x4ad6bb,100%,0,34,34,34,0,0,0
0x5f2078,100%,0,1,1,0,0,0,1
0x408b21,100%,0,5,5,0,0,0,5
0x419288,100%,0,43,43,43,0,0,0
0x4d8bbd,100%,0,3,3,3,0,0,0
0x46f794,100%,0,16,16,16,0,0,0
0x418216,100%,0,1,1,0,0,0,1
0x4b5d86,100%,0,34,34,34,0,0,0
0x4b5f2f,100%,0,34,34,0,0,0,34
0x4a5e7f,100%,0,17,17,17,0,0,0
0x46f557,100%,0,16,16,0,0,0,16
0x4b047a,100%,0,34,34,34,0,0,0
0x46f75f,100%,0,16,16,16,0,0,0
0x419222,100%,0,3,3,3,0,0,0
0x49d26e,100%,0,68,68,0,0,0,68
0x4a70f8,100%,0,34,34,34,0,0,0
0x4be5cb,100%,0,8,8,0,0,0,8
0x4a2ff8,100%,0,33,33,17,0,0,16
0x608d89,100%,0,8,8,0,0,0,8
0x4b2f34,100%,0,68,68,0,0,0,68
0x4b5f76,100%,0,17,17,17,0,0,0
0x46efcb,100%,0,16,16,0,0,0,16
0x41b4a5,100%,0,5,5,5,0,0,0
0x48d432,100%,0,3,3,3,0,0,0
0x4b3082,100%,0,68,68,68,0,0,0
0x4be482,100%,0,103,103,0,0,0,103
0x4a2984,100%,0,83,83,0,0,0,83
0x4bc7aa,100%,0,103,103,0,0,0,103
0x4bbd03,100%,0,3,3,3,0,0,0
0x4ad2ad,100%,0,17,17,17,0,0,0
0x4ad233,100%,0,17,17,0,0,0,17
0x47a7dd,100%,0,134,134,134,0,0,0
0x4acb54,100%,0,17,17,17,0,0,0
0x4b2177,100%,0,17,17,0,0,0,17
0x46f31a,100%,0,31,31,31,0,0,0
0x458484,100%,0,11,11,11,0,0,0
0x4a5c70,100%,0,34,34,34,0,0,0
0x4a5c4c,100%,0,34,34,0,0,0,34
0x49f538,100%,0,34,34,0,0,0,34
0x45a24a,100%,0,15,15,0,0,0,15
0x4b23cf,100%,0,17,17,17,0,0,0
0x47dec1,100%,0,3,3,0,0,0,3
0x41804a,100%,0,1,1,0,0,0,1
0x459e0a,100%,0,15,15,0,0,0,15
0x4acb90,100%,0,17,17,0,0,0,17
0x47b34f,100%,0,76,76,0,0,0,76
0x46e557,100%,0,3,3,3,0,0,0
0x463172,100%,0,96,96,0,0,0,96
0x4d1f1e,100%,0,15,15,0,0,0,15
0x4acbfd,100%,0,17,17,17,0,0,0
0x4ad134,100%,0,17,17,0,0,0,17
0x4cf5d9,100%,0,178,178,0,0,0,178
0x478f79,100%,0,3,3,3,0,0,0
0x4b080c,100%,0,34,34,34,0,0,0
0x4b0965,100%,0,34,34,34,0,0,0
0x4a26c8,100%,0,33,33,0,0,0,33
0x46f438,100%,0,16,16,16,0,0,0
0x46ca63,100%,0,76,76,76,0,0,0
0x46ca75,100%,0,76,76,76,0,0,0
0x4acb14,100%,0,34,34,34,0,0,0
0x41b643,100%,0,5,5,0,0,0,5
0x47a7b4,100%,0,134,134,134,0,0,0
0x4bea13,100%,0,10172,10172,10172,0,0,0
0x46ff6b,100%,0,16,16,0,0,0,16
0x46cbcb,100%,0,76,76,0,0,0,76
0x46ff66,100%,0,16,16,0,0,0,16
0x46f25c,100%,0,16,16,0,0,0,16
0x46cbe6,100%,0,76,76,76,0,0,0
0x47ae0d,100%,0,221,221,221,0,0,0
0x4a5d96,100%,0,34,34,0,0,0,34
0x47de94,100%,0,3,3,0,0,0,3
0x46cc1a,100%,0,76,76,0,0,0,76
0x49a9bf,100%,0,36,36,36,0,0,0
0x428a86,100%,0,468,468,0,0,0,468
0x45a83d,100%,0,80,80,0,0,0,80
0x45e065,100%,0,4,4,0,0,0,4
0x608ddc,100%,0,195,195,0,0,0,195
0x4a1360,100%,0,16,16,0,0,0,16
0x49ef9d,100%,0,133,133,0,0,0,133
0x4dde93,100%,0,3,3,0,0,0,3
0x45e11a,100%,0,4,4,2,0,0,2
0x45a6ee,100%,0,81,81,81,0,0,0
0x4c649f,100%,0,16,16,8,0,0,8
0x45e9b6,100%,0,17,17,0,0,0,17
0x4b6a42,100%,0,17,17,0,0,0,17
0x4d3e20,100%,0,9,9,9,0,0,0
0x4629f4,100%,0,1,1,0,0,0,1
0x46022c,100%,0,3,3,0,0,0,3
0x428205,100%,0,12,12,0,0,0,12
0x45a6a8,100%,0,81,81,81,0,0,0
0x45e65d,100%,0,2,2,2,0,0,0
0x45e1ba,100%,0,2,2,0,0,0,2
0x4b16cb,100%,0,32,32,32,0,0,0
0x4679b3,100%,0,30,30,30,0,0,0
0x609feb,100%,0,1,1,0,0,0,1
0x4a35a3,100%,0,16,16,0,0,0,16
0x4a39c7,100%,0,34,34,0,0,0,34
0x467af6,100%,0,30,30,0,0,0,30
0x4a3596,100%,0,16,16,0,0,0,16
0x49b535,100%,0,36,36,36,0,0,0
0x45dff5,100%,0,4,4,0,0,0,4
0x4a123e,100%,0,16,16,0,0,0,16
0x45b46b,100%,0,29,29,0,0,0,29
0x467b93,100%,0,30,30,0,0,0,30
0x50b0b9,100%,0,2,2,0,0,0,2
0x49ac20,100%,0,36,36,0,0,0,36
0x4be85e,100%,0,12,12,12,0,0,0
0x5ddf4d,100%,0,3,3,0,0,0,3
0x413bd1,100%,0,3,3,0,0,0,3
0x41b958,100%,0,5,5,0,0,0,5
0x413be2,100%,0,3,3,0,0,0,3
0x608d2e,100%,0,203,203,0,0,0,203
0x45b299,100%,0,33,33,0,0,0,33
0x459742,100%,0,102,102,102,0,0,0
0x4b042d,100%,0,34,34,34,0,0,0
0x4274df,100%,0,12,12,12,0,0,0
0x47c1a1,100%,0,4,4,1,0,0,3
0x4a8542,100%,0,32,32,32,0,0,0
0x4d2e61,100%,0,20,20,0,0,0,20
0x41329f,100%,0,4,4,0,0,0,4
0x4c4954,100%,0,695,695,0,0,0,695
0x4a3dfe,100%,0,67,67,67,0,0,0
0x45a5bf,100%,0,81,81,81,0,0,0
0x4a35ad,100%,0,33,33,0,0,0,33
0x427e06,100%,0,34,34,0,0,0,34
0x42407b,100%,0,12,12,0,0,0,12
0x4be851,100%,0,10158,10158,10146,0,0,12
0x4c52cf,100%,0,1,1,0,0,0,1
0x4054ad,100%,0,9,9,9,0,0,0
0x4beb42,100%,0,2,2,0,0,0,2
0x458578,100%,0,11,11,11,0,0,0
0x4b16e7,100%,0,32,32,16,0,0,16
0x4d738e,100%,0,2,2,0,0,0,2
0x45b43d,100%,0,29,29,29,0,0,0
0x45b84a,100%,0,12,12,12,0,0,0
0x45db22,100%,0,49,49,0,0,0,49
0x45e25b,100%,0,2,2,0,0,0,2
0x4d85a7,100%,0,2,2,2,0,0,0
0x4d85f2,100%,0,2,2,2,0,0,0
0x428076,100%,0,15,15,0,0,0,15
0x48d930,100%,0,2,2,0,0,0,2
0x4d8692,100%,0,2,2,2,0,0,0
0x4ad14c,100%,0,17,17,17,0,0,0
0x4d73ba,100%,0,2,2,2,0,0,0
0x608d43,100%,0,203,203,0,0,0,203
0x427ef3,100%,0,15,15,15,0,0,0
0x49a75f,100%,0,36,36,36,0,0,0
0x45e8ad,100%,0,17,17,17,0,0,0
0x45ace2,100%,0,13,13,0,0,0,13
0x45e625,100%,0,2,2,2,0,0,0
0x48d8c6,100%,0,2,2,0,0,0,2
0x505edc,100%,0,6,6,6,0,0,0
0x414ffc,100%,0,429,429,0,0,0,429
0x462244,100%,0,6,6,0,0,0,6
0x4795a0,100%,0,630,630,630,0,0,0
0x4c6749,100%,0,246,246,0,0,0,246
0x4c58e7,100%,0,43052,43052,0,0,0,43052
0x4d06d9,100%,0,30,30,30,0,0,0
0x4c4073,100%,0,1111,1111,0,0,0,1111
0x4431fd,100%,0,468,468,468,0,0,0
0x4434f1,100%,0,468,468,468,0,0,0
0x45b7f0,100%,0,12,12,12,0,0,0
0x4a2bcd,100%,0,20,20,0,0,0,20
0x45ec2a,100%,0,17,17,0,0,0,17
0x46cc30,100%,0,76,76,76,0,0,0
0x46ff96,100%,0,16,16,16,0,0,0
0x49f68d,100%,0,202,202,202,0,0,0
0x410f8a,100%,0,3,3,3,0,0,0
0x421a8e,100%,0,7,7,0,0,0,7
0x457425,100%,0,39,39,39,0,0,0
0x4b6bb0,100%,0,17,17,0,0,0,17
0x5f2d72,100%,0,2970,2970,0,0,0,2970
0x4d7c45,100%,0,87,87,0,0,0,87
0x4b08f4,100%,0,378,378,0,0,0,378
0x401f34,100%,0,6,6,0,0,0,6
0x4d7084,100%,0,1,1,1,0,0,0
0x609bf0,100%,0,1,1,0,0,0,1
0x42747f,100%,0,3,3,0,0,0,3
0x478cf4,100%,0,1687,1687,0,0,0,1687
0x4dde3d,100%,0,4,4,0,0,0,4
0x4ac9c6,100%,0,34,34,0,0,0,34
0x4b9d3a,100%,0,733,733,733,0,0,0
0x46f17e,100%,0,16,16,0,0,0,16
0x478c54,100%,0,2144,2144,2144,0,0,0
0x608e45,100%,0,195,195,0,0,0,195
0x427e00,100%,0,34,34,0,0,0,34
0x4ba52f,100%,0,5057,5057,5057,0,0,0
0x4d9302,100%,0,18,18,18,0,0,0
0x48ddf2,100%,0,2,2,2,0,0,0
0x4dde53,100%,0,1,1,0,0,0,1
0x4d7d78,100%,0,1,1,0,0,0,1
0x4704f3,100%,0,1,1,1,0,0,0
0x4b9131,100%,0,9644,9644,0,0,0,9644
0x4a49cf,100%,0,3,3,3,0,0,0
0x4dc2e1,100%,0,96,96,0,0,0,96
0x4a3b15,100%,0,3,3,0,0,0,3
0x4707ed,100%,0,1,1,1,0,0,0
0x4658e4,100%,0,85,85,0,0,0,85
0x413a69,100%,0,3,3,3,0,0,0
0x46ccc4,100%,0,76,76,0,0,0,76
0x41a45a,100%,0,6853,6853,0,0,0,6853
0x47711c,100%,0,12,12,12,0,0,0
0x476bef,100%,0,222,222,222,0,0,0
0x47b3f1,100%,0,10220,10220,10220,0,0,0
0x5de5f1,100%,0,6,6,0,0,0,6
0x424099,100%,0,12,12,0,0,0,12
0x40258e,100%,0,252,252,252,0,0,0
0x4b999e,100%,0,158,158,0,0,0,158
0x4021d0,100%,0,468,468,468,0,0,0
0x499715,100%,0,36,36,36,0,0,0
0x47b1c5,100%,0,175,175,175,0,0,0
0x46165a,100%,0,12,12,12,0,0,0
0x4c1d43,100%,0,2235,2235,0,0,0,2235
0x6332f1,100%,0,6,6,6,0,0,0
0x49bbaf,100%,0,19,19,16,0,0,3
0x411a39,100%,0,3,3,3,0,0,0
0x470886,100%,0,1,1,0,0,0,1
0x4a2439,100%,0,3,3,0,0,0,3
0x4dc1cc,100%,0,1,1,1,0,0,0
0x4a2d95,100%,0,19,19,0,0,0,19
0x41148d,100%,0,468,468,0,0,0,468
0x4d1c59,100%,0,25,25,0,0,0,25
0x4a71e0,100%,0,153,153,0,0,0,153
0x461068,100%,0,32,32,32,0,0,0
0x45ec34,100%,0,17,17,17,0,0,0
0x49bcdb,100%,0,3,3,0,0,0,3
0x46ce62,100%,0,24,24,0,0,0,24
0x4a46de,100%,0,17,17,17,0,0,0
0x4d620f,100%,0,301,301,301,0,0,0
0x4c57ef,100%,0,42546,42546,0,0,0,42546
0x4ba642,100%,0,1070,1070,1070,0,0,0
0x60a130,100%,0,26,26,0,0,0,26
0x6331f4,100%,0,9,9,9,0,0,0
0x478bef,100%,0,2144,2144,2144,0,0,0
0x4a52f4,100%,0,17,17,0,0,0,17
0x47c984,100%,0,3808,3808,0,0,0,3808
0x4a1231,100%,0,19,19,19,0,0,0
0x608ef6,100%,0,195,195,0,0,0,195
0x5de625,100%,0,6,6,3,0,0,3
0x4b5fef,100%,0,17,17,0,0,0,17
0x4a2686,100%,0,33,33,33,0,0,0
0x4bc28c,100%,0,2108,2108,2108,0,0,0
0x4d5c9c,100%,0,20,20,0,0,0,20
0x402449,100%,0,131,131,0,0,0,131
0x4abf45,100%,0,20,20,0,0,0,20
0x45e21e,100%,0,2,2,2,0,0,0
0x427aa6,100%,0,6,6,0,0,0,6
0x4a5f0f,100%,0,17,17,17,0,0,0
0x4ddafd,100%,0,18,18,0,0,0,18
0x4c3b13,100%,0,1209,1209,1209,0,0,0
0x4ddb77,100%,0,18,18,0,0,0,18
0x4d7e53,100%,0,471,471,0,0,0,471
0x4cc766,100%,0,20,20,0,0,0,20
0x47874d,100%,0,6,6,0,0,0,6
0x608d58,100%,0,203,203,0,0,0,203
0x41807b,100%,0,1,1,0,0,0,1
0x4d9285,100%,0,26,26,26,0,0,0
0x4a4309,100%,0,37,37,0,0,0,37
0x4cec5e,100%,0,1366,1366,1366,0,0,0
0x45c27b,100%,0,25,25,25,0,0,0
0x4d064e,100%,0,5869,5869,5869,0,0,0
0x427ab7,100%,0,6,6,0,0,0,6
0x473a14,100%,0,464,464,464,0,0,0
0x4deaee,100%,0,27,27,0,0,0,27
0x47dd68,100%,0,2399,2399,0,0,0,2399
0x4d8e4e,100%,0,20,20,20,0,0,0
0x47aaf6,100%,0,13291,13291,0,0,0,13291
0x4c6ba5,100%,0,132608,132608,0,0,0,132608
0x418b72,100%,0,24590,24590,24590,0,0,0
0x4c9e74,100%,0,13302,13302,13302,0,0,0
0x4bb49d,100%,0,6,6,6,0,0,0
0x5fa2b8,100%,0,23,23,23,0,0,0
0x46742b,100%,0,91,91,91,0,0,0
0x4b95a5,100%,0,7401,7401,7401,0,0,0
0x5df623,100%,0,6,6,6,0,0,0
0x490ebc,100%,0,1,1,1,0,0,0
0x40702a,100%,0,10,10,0,0,0,10
0x4d9241,100%,0,26,26,26,0,0,0
0x418201,100%,0,1,1,0,0,0,1
0x4a7be9,100%,0,17,17,17,0,0,0
0x5de442,100%,0,3,3,0,0,0,3
0x464888,100%,0,15,15,15,0,0,0
0x460740,100%,0,3,3,0,0,0,3
0x4a3ec9,100%,0,16,16,16,0,0,0
0x4a5ef1,100%,0,17,17,0,0,0,17
0x4dca07,100%,0,3,3,0,0,0,3
0x46d0cc,100%,0,1477,1477,0,0,0,1477
0x4c4e52,100%,0,2054,2054,0,0,0,2054
0x5de4b6,100%,0,3,3,0,0,0,3
0x4458bc,100%,0,468,468,468,0,0,0
0x469789,100%,0,429,429,429,0,0,0
0x4df90c,100%,0,3,3,3,0,0,0
0x459ca6,100%,0,33,33,0,0,0,33
0x4ac84c,100%,0,50,50,50,0,0,0
0x4994a2,100%,0,629,629,0,0,0,629
0x408eee,100%,0,24,24,24,0,0,0
0x49eeb8,100%,0,16,16,0,0,0,16
0x49f507,100%,0,34,34,0,0,0,34
0x457484,100%,0,39,39,39,0,0,0
0x45b5ad,100%,0,21,21,0,0,0,21
0x421315,100%,0,1,1,0,0,0,1
0x633886,100%,0,51,51,0,0,0,51
0x41d36d,100%,0,16,16,0,0,0,16
0x465718,100%,0,208,208,208,0,0,0
0x419933,100%,0,64,64,0,0,0,64
0x50955d,100%,0,30,30,0,0,0,30
0x5debb5,100%,0,6,6,6,0,0,0
0x60aade,100%,0,9,9,9,0,0,0
0x5dd9a1,100%,0,6,6,0,0,0,6
0x4438cc,100%,0,468,468,0,0,0,468
0x45a048,100%,0,9,9,9,0,0,0
0x5fa4d2,100%,0,1,1,0,0,0,1
0x47ddac,100%,0,2399,2399,2399,0,0,0
0x4b5ff8,100%,0,17,17,0,0,0,17
0x4840d0,100%,0,21,21,0,0,0,21
0x4d2e0a,100%,0,3,3,0,0,0,3
0x460e4b,100%,0,32,32,0,0,0,32
0x47876e,100%,0,6,6,0,0,0,6
0x4131d3,100%,0,36,36,0,0,0,36
0x4d63cc,100%,0,125,125,125,0,0,0
0x4c5260,100%,0,1,1,0,0,0,1
0x4c766a,100%,0,94,94,0,0,0,94
0x462faa,100%,0,96,96,0,0,0,96
0x406ca8,100%,0,11,11,0,0,0,11
0x49f43a,100%,0,68,68,0,0,0,68
0x4982d4,100%,0,3,3,0,0,0,3
0x4a30ba,100%,0,33,33,0,0,0,33
0x46c619,100%,0,14,14,14,0,0,0
0x45d9e0,100%,0,5,5,5,0,0,0
0x4ddb9e,100%,0,18,18,0,0,0,18
0x523a65,100%,0,3,3,3,0,0,0
0x608d9e,100%,0,8,8,0,0,0,8
0x478f14,100%,0,965,965,0,0,0,965
0x426967,100%,0,5,5,5,0,0,0
0x4de302,100%,0,3,3,0,0,0,3
0x4a57c3,100%,0,17,17,0,0,0,17
0x46d6d5,100%,0,127,127,0,0,0,127
0x45f14f,100%,0,8,8,8,0,0,0
0x4b0512,100%,0,106,106,0,0,0,106
0x5d8793,100%,0,6,6,6,0,0,0
0x47c57b,100%,0,138,138,0,0,0,138
0x48c0ed,100%,0,103,103,0,0,0,103
0x45e528,100%,0,2,2,2,0,0,0
0x4babab,100%,0,6301,6301,6301,0,0,0
0x4a2443,100%,0,3,3,3,0,0,0
0x47c9bb,100%,0,3808,3808,0,0,0,3808
0x4baafa,100%,0,6301,6301,0,0,0,6301
0x4d87fb,100%,0,2,2,2,0,0,0
0x4b6e44,100%,0,17,17,17,0,0,0
0x41500b,100%,0,429,429,0,0,0,429
0x4c38f2,100%,0,600546,600546,0,0,0,600546
0x406f59,100%,0,11,11,11,0,0,0
0x4d59ec,100%,0,8,8,0,0,0,8
0x41808e,100%,0,1,1,1,0,0,0
0x4212c4,100%,0,1,1,1,0,0,0
0x4ccb29,100%,0,429,429,429,0,0,0
0x4630d9,100%,0,96,96,0,0,0,96
0x414993,100%,0,3,3,0,0,0,3
0x49efca,100%,0,100,100,100,0,0,0
0x4ad32e,100%,0,34,34,34,0,0,0
0x46105e,100%,0,32,32,32,0,0,0
0x4789e8,100%,0,6,6,6,0,0,0
0x47c689,100%,0,10,10,10,0,0,0
0x5decb3,100%,0,6,6,0,0,0,6
0x60ad7e,100%,0,35,35,35,0,0,0
0x50b0cf,100%,0,2,2,0,0,0,2
0x4a1252,100%,0,16,16,0,0,0,16
0x46552d,100%,0,9,9,9,0,0,0
0x45e5e4,100%,0,2,2,0,0,0,2
0x42090a,100%,0,1263,1263,0,0,0,1263
0x47955b,100%,0,630,630,630,0,0,0
0x45c289,100%,0,69,69,0,0,0,69
0x4a2fb3,100%,0,33,33,33,0,0,0
0x4bb962,100%,0,70,70,70,0,0,0
0x45a00a,100%,0,18,18,18,0,0,0
0x4706ef,100%,0,1,1,0,0,0,1
0x408edf,100%,0,24,24,24,0,0,0
0x46cc80,100%,0,76,76,76,0,0,0
0x4c7a94,100%,0,559,559,0,0,0,559
0x4d7d69,100%,0,1,1,0,0,0,1
0x4a2465,100%,0,3,3,3,0,0,0
0x4181fb,100%,0,1,1,0,0,0,1
0x47cab5,100%,0,3808,3808,0,0,0,3808
0x426f5a,100%,0,8,8,8,0,0,0
0x6090e7,100%,0,3,3,3,0,0,0
0x4c787c,100%,0,2,2,2,0,0,0
0x465506,100%,0,9,9,9,0,0,0
0x4214fc,100%,0,19,19,19,0,0,0
0x460e58,100%,0,32,32,0,0,0,32
0x48e38b,100%,0,29,29,0,0,0,29
0x4c4b25,100%,0,132608,132608,0,0,0,132608
0x4b8daf,100%,0,14300,14300,0,0,0,14300
0x4b9da1,100%,0,3209,3209,3209,0,0,0
0x4b95c5,100%,0,122,122,122,0,0,0
0x47c2a8,100%,0,30,30,0,0,0,30
0x5de4c6,100%,0,3,3,0,0,0,3
0x47b3bc,100%,0,7628,7628,0,0,0,7628
0x4c3f15,100%,0,107,107,107,0,0,0
0x49ee99,100%,0,16,16,16,0,0,0
0x4583f6,100%,0,9,9,4,0,0,5
0x4a44c8,100%,0,17,17,17,0,0,0
0x45fe64,100%,0,3,3,0,0,0,3
0x609c0b,100%,0,7,7,0,0,0,7
0x497b38,100%,0,3,3,3,0,0,0
0x47cfb7,100%,0,9,9,9,0,0,0
0x4ba6b6,100%,0,18,18,0,0,0,18
0x50f7c6,100%,0,14,14,0,0,0,14
0x5f05a4,100%,0,121,121,0,0,0,121
0x459794,100%,0,5,5,5,0,0,0
0x4deb8c,100%,0,12,12,12,0,0,0
0x40798c,100%,0,10,10,0,0,0,10
0x4c3ad5,100%,0,1209,1209,1209,0,0,0
0x4ca7c8,100%,0,1246,1246,0,0,0,1246
0x418ee9,100%,0,26,26,0,0,0,26
0x60a017,100%,0,27,27,0,0,0,27
0x49c3bb,100%,0,33,33,33,0,0,0
0x45fe54,100%,0,3,3,0,0,0,3
0x424704,100%,0,8,8,0,0,0,8
0x4a526f,100%,0,34,34,34,0,0,0
0x4d8aef,100%,0,20,20,20,0,0,0
0x4d8e3c,100%,0,20,20,0,0,0,20
0x609a8b,100%,0,3,3,0,0,0,3
0x49c1f0,100%,0,36,36,36,0,0,0
0x47a05f,100%,0,161,161,0,0,0,161
0x4bea7a,100%,0,2,2,0,0,0,2
0x4abfd5,100%,0,20,20,20,0,0,0
0x42748f,100%,0,3,3,0,0,0,3
0x4274a8,100%,0,3,3,3,0,0,0
0x459808,100%,0,1,1,0,0,0,1
0x45a1b9,100%,0,15,15,15,0,0,0
0x4696f6,100%,0,178,178,0,0,0,178
0x4a658d,100%,0,19,19,19,0,0,0
0x4a2de3,100%,0,19,19,19,0,0,0
0x466d1b,100%,0,491,491,0,0,0,491
0x49c749,100%,0,19,19,0,0,0,19
0x4d814b,100%,0,468,468,0,0,0,468
0x4a6fb7,100%,0,153,153,0,0,0,153
0x4055eb,100%,0,9,9,0,0,0,9
0x4a8ba6,100%,0,36,36,0,0,0,36
0x4a8be0,100%,0,36,36,0,0,0,36
0x476880,100%,0,2,2,0,0,0,2
0x413ae9,100%,0,3,3,3,0,0,0
0x4ac86c,100%,0,100,100,50,0,0,50
0x44365b,100%,0,468,468,0,0,0,468
0x49b8ec,100%,0,19,19,0,0,0,19
0x50f873,100%,0,19,19,19,0,0,0
0x49bb61,100%,0,36,36,36,0,0,0
0x48bf19,100%,0,103,103,103,0,0,0
0x49bcc6,100%,0,3,3,0,0,0,3
0x4ad737,100%,0,34,34,34,0,0,0
0x45a1f3,100%,0,15,15,15,0,0,0
0x4a7b0e,100%,0,54,54,0,0,0,54
0x5f1e02,100%,0,105,105,105,0,0,0
0x4abf22,100%,0,20,20,20,0,0,0
0x420d33,100%,0,55,55,0,0,0,55
0x49bd49,100%,0,3,3,3,0,0,0
0x48cab2,100%,0,1087,1087,0,0,0,1087
0x49c1c5,100%,0,36,36,36,0,0,0
0x4a5912,100%,0,17,17,17,0,0,0
0x48e40d,100%,0,29,29,0,0,0,29
0x49c370,100%,0,3,3,3,0,0,0
0x4d7d72,100%,0,1,1,0,0,0,1
0x5ebf29,100%,0,6,6,6,0,0,0
0x4e1571,100%,0,33,33,0,0,0,33
0x4dfb3e,100%,0,3,3,3,0,0,0
0x6097bb,100%,0,4,4,0,0,0,4
0x4d1197,100%,0,430,430,430,0,0,0
0x47df00,100%,0,3,3,0,0,0,3
0x49ce90,100%,0,430,430,430,0,0,0
0x45f932,100%,0,3,3,3,0,0,0
0x45fa42,100%,0,3,3,3,0,0,0
0x45fbfd,100%,0,3,3,3,0,0,0
0x45e2e2,100%,0,2,2,0,0,0,2
0x45fc8f,100%,0,3,3,0,0,0,3
0x411583,100%,0,3,3,3,0,0,0
0x418644,100%,0,23,23,0,0,0,23
0x5f1569,100%,0,32,32,0,0,0,32
0x469e97,100%,0,25,25,0,0,0,25
0x4e14ae,100%,0,18,18,18,0,0,0
0x5d8615,100%,0,6,6,6,0,0,0
0x4bdf39,100%,0,2,2,0,0,0,2
0x5d863f,100%,0,6,6,0,0,0,6
0x46f475,100%,0,16,16,0,0,0,16
0x5d880f,100%,0,6,6,0,0,0,6
0x5d8826,100%,0,6,6,0,0,0,6
0x5d8834,100%,0,6,6,0,0,0,6
0x463136,100%,0,96,96,0,0,0,96
0x4d3eef,100%,0,27,27,27,0,0,0
0x5dcf3d,100%,0,6,6,6,0,0,0
0x5ddd5f,100%,0,6,6,0,0,0,6
0x634512,100%,0,6,6,6,0,0,0
0x5deb73,100%,0,3,3,3,0,0,0
0x5df57c,100%,0,33,33,33,0,0,0
0x458eed,100%,0,18,18,0,0,0,18
0x48c009,100%,0,103,103,0,0,0,103
0x48c0bb,100%,0,103,103,0,0,0,103
0x497a3d,100%,0,3,3,0,0,0,3
0x46971b,100%,0,356,356,178,0,0,178
0x497a53,100%,0,3,3,3,0,0,0
0x469723,100%,0,178,178,178,0,0,0
0x460d40,100%,0,32,32,0,0,0,32
0x422d73,100%,0,1,1,1,0,0,0
0x497ad4,100%,0,3,3,3,0,0,0
0x47deb7,100%,0,3,3,0,0,0,3
0x497d1a,100%,0,3,3,3,0,0,0
0x469858,100%,0,178,178,0,0,0,178
0x5de92e,100%,0,3,3,0,0,0,3
0x498474,100%,0,3,3,1,0,0,2
0x498163,100%,0,3,3,3,0,0,0
0x428500,100%,0,3,3,3,0,0,0
0x5de40e,100%,0,3,3,0,0,0,3
0x5ef82e,100%,0,2,2,0,0,0,2
0x45f3c1,100%,0,8,8,8,0,0,0
0x5facd9,100%,0,3,3,0,0,0,3
0x4a3ae8,100%,0,17,17,17,0,0,0
0x4e0727,100%,0,3,3,3,0,0,0
0x4e0f1b,100%,0,3,3,3,0,0,0
0x4e2c9d,100%,0,27,27,27,0,0,0
0x4b3b73,100%,0,68,68,68,0,0,0
0x4df132,100%,0,24,24,0,0,0,24
0x4d70a6,100%,0,1,1,0,0,0,1
0x4e06a4,100%,0,51,51,51,0,0,0
0x4e09a3,100%,0,51,51,0,0,0,51
0x462d65,100%,0,136,136,0,0,0,136
0x466caa,100%,0,491,491,0,0,0,491
0x422ab8,100%,0,1,1,0,0,0,1
0x47d098,100%,0,9,9,0,0,0,9
0x45ecb4,100%,0,17,17,0,0,0,17
0x4d6207,100%,0,301,301,0,0,0,301
0x47af68,100%,0,1,1,1,0,0,0
0x60a0a6,100%,0,51,51,0,0,0,51
0x49b679,100%,0,36,36,0,0,0,36
0x401d95,100%,0,272,272,0,0,0,272
0x47ca7e,100%,0,3808,3808,3808,0,0,0
0x4434e3,100%,0,468,468,0,0,0,468
0x4d65fe,100%,0,1012,1012,0,0,0,1012
0x50fba8,100%,0,709,709,0,0,0,709
0x41814e,100%,0,1,1,0,0,0,1
0x427a91,100%,0,6,6,0,0,0,6
0x445ab1,100%,0,468,468,0,0,0,468
0x40275e,100%,0,252,252,0,0,0,252
0x45a309,100%,0,15,15,15,0,0,0
0x49f476,100%,0,34,34,34,0,0,0
0x45a34d,100%,0,15,15,0,0,0,15
0x4d926f,100%,0,26,26,26,0,0,0
0x401d9e,100%,0,272,272,272,0,0,0
0x4b16a1,100%,0,104,104,0,0,0,104
0x5d8757,100%,0,6,6,6,0,0,0
0x4d6374,100%,0,260,260,260,0,0,0
0x4282ee,100%,0,6,6,0,0,0,6
0x411769,100%,0,444,444,444,0,0,0
0x467685,100%,0,31,31,31,0,0,0
0x4a2979,100%,0,83,83,0,0,0,83
0x463e2e,100%,0,252,252,0,0,0,252
0x4149e1,100%,0,3,3,3,0,0,0
0x463146,100%,0,96,96,96,0,0,0
0x4cb4ce,100%,0,6150,6150,0,0,0,6150
0x478711,100%,0,6,6,0,0,0,6
0x497aea,100%,0,3,3,3,0,0,0
0x4c3ec7,100%,0,107,107,0,0,0,107
0x4015b3,100%,0,733,733,0,0,0,733
0x4111a5,100%,0,3,3,0,0,0,3
0x4786b9,100%,0,6,6,0,0,0,6
0x426cc5,100%,0,8,8,0,0,0,8
0x477166,100%,0,12,12,12,0,0,0
0x47bcb7,100%,0,1547,1547,0,0,0,1547
0x5df5bc,100%,0,3,3,0,0,0,3
0x4a574c,100%,0,34,34,0,0,0,34
0x418073,100%,0,1,1,0,0,0,1
0x4180c4,100%,0,1,1,0,0,0,1
0x47a093,100%,0,161,161,0,0,0,161
0x5df5b6,100%,0,3,3,0,0,0,3
0x45774a,100%,0,147,147,0,0,0,147
0x5df81c,100%,0,3,3,3,0,0,0
0x445941,100%,0,468,468,0,0,0,468
0x49f012,100%,0,17,17,17,0,0,0
0x46584a,100%,0,6,6,0,0,0,6
0x469a08,100%,0,88,88,0,0,0,88
0x4c6e9b,100%,0,94,94,94,0,0,0
0x48ba93,100%,0,339,339,0,0,0,339
0x4df3d3,100%,0,3,3,3,0,0,0
0x50fda9,100%,0,16,16,16,0,0,0
0x4796fa,100%,0,54,54,0,0,0,54
0x47a3d1,100%,0,940,940,0,0,0,940
0x46cecc,100%,0,24,24,0,0,0,24
0x47ccd2,100%,0,39,39,0,0,0,39
0x4583e6,100%,0,9,9,9,0,0,0
0x479617,100%,0,630,630,630,0,0,0
0x4c244a,100%,0,2,2,2,0,0,0
0x4112ac,100%,0,468,468,468,0,0,0
0x47c9e4,100%,0,3808,3808,0,0,0,3808
0x45e926,100%,0,17,17,0,0,0,17
0x49c89f,100%,0,768,768,0,0,0,768
0x45fa38,100%,0,3,3,0,0,0,3
0x459f76,100%,0,18,18,18,0,0,0
0x4b5b3e,100%,0,17,17,17,0,0,0
0x4dc436,100%,0,1,1,0,0,0,1
0x49af76,100%,0,20,20,20,0,0,0
0x478724,100%,0,6,6,0,0,0,6
0x4c4d9c,100%,0,87,87,0,0,0,87
0x4c2765,100%,0,5880,5880,0,0,0,5880
0x609fd0,100%,0,1,1,0,0,0,1
0x46d78d,100%,0,8,8,8,0,0,0
0x4cac99,100%,0,119,119,119,0,0,0
0x419232,100%,0,43,43,40,0,0,3
0x4d7020,100%,0,3,3,3,0,0,0
0x4bf878,100%,0,10,10,2,0,0,8
0x45fd20,100%,0,3,3,3,0,0,0
0x4d9258,100%,0,26,26,0,0,0,26
0x458e55,100%,0,18,18,0,0,0,18
0x4d9620,100%,0,26,26,26,0,0,0
0x4a4506,100%,0,20,20,20,0,0,0
0x4a4656,100%,0,20,20,0,0,0,20
0x60b4be,100%,0,26,26,26,0,0,0
0x4a49a1,100%,0,3,3,0,0,0,3
0x4a7bf7,100%,0,37,37,37,0,0,0
0x4a5213,100%,0,20,20,20,0,0,0
0x4aca82,100%,0,6,6,0,0,0,6
0x4cb97a,100%,0,47,47,0,0,0,47
0x478ff0,100%,0,44,44,3,0,0,41
0x48db97,100%,0,2,2,2,0,0,0
0x4ada13,100%,0,74,74,74,0,0,0
0x497a99,100%,0,3,3,0,0,0,3
0x428a94,100%,0,468,468,0,0,0,468
0x462b7b,100%,0,12,12,0,0,0,12
0x47823e,100%,0,21,21,0,0,0,21
0x4de288,100%,0,29,29,29,0,0,0
0x4d1fcd,100%,0,15,15,0,0,0,15
0x4799c3,100%,0,18,18,18,0,0,0
0x469bb1,100%,0,120,120,120,0,0,0
0x4a3e25,100%,0,83,83,83,0,0,0
0x45e57a,100%,0,2,2,2,0,0,0
0x5df438,100%,0,3,3,3,0,0,0
0x459485,100%,0,3,3,3,0,0,0
0x4b76d9,100%,0,17,17,0,0,0,17
0x4bdd68,100%,0,579,579,0,0,0,579
0x4ac994,100%,0,34,34,0,0,0,34
0x4c7f70,100%,0,288,288,288,0,0,0
0x45e3bb,100%,0,4,4,4,0,0,0
0x4799e8,100%,0,18,18,18,0,0,0
0x48c3eb,100%,0,189,189,189,0,0,0
0x523b09,100%,0,3,3,3,0,0,0
0x45b3d9,100%,0,138,138,0,0,0,138
0x4b59e3,100%,0,17,17,0,0,0,17
0x4786c6,100%,0,6,6,0,0,0,6
0x46cccc,100%,0,76,76,0,0,0,76
0x5de704,100%,0,6,6,0,0,0,6
