Branch PC,Accuracy,Mispredictions,Correct Predictions,Total,dir_t_pred_t,dir_t_pred_nt,dir_nt_pred_t,dir_nt_pred_nt
aggregate,98.7365%,299078,23370798,23669876,10713048,143022,156056,12657750
0x4bedf9,88.2183%,42685,319614,362299,224002,14010,28675,95612
0x4c8761,94.514%,10158,175004,185162,37927,2797,7361,137077
0x4c5c06,79.2309%,9895,37748,47643,25397,4331,5564,12351
0x50fc12,96.7361%,5877,174183,180060,668,5243,634,173515
0x4bf7d5,97.6369%,4231,174814,179045,110,4105,126,174704
0x4c5c31,77.497%,3776,13004,16780,10792,894,2882,2212
0x4be97a,63.2986%,3734,6440,10174,2842,2068,1666,3598
0x418a69,92.5171%,3732,46142,49874,43991,1163,2569,2151
0x418b3c,88.9672%,3646,29401,33047,23483,1107,2539,5918
0x4bd2f8,87.834%,3315,23933,27248,644,2930,385,23289
0x60a1b6,84.5368%,3253,17784,21037,4738,1768,1485,13046
0x407405,78.7534%,3136,11624,14760,6208,1228,1908,5416
0x4bedd7,99.1417%,3136,362237,365373,1,3073,63,362236
0x4c2680,86.1453%,2305,14332,16637,9897,860,1445,4435
0x4c6bb0,98.2987%,2256,130352,132608,308,2126,130,130044
0x4bf8b4,98.7812%,2182,176844,179026,175723,206,1976,1121
0x4cc5de,99.2255%,2026,259556,261582,19097,1049,977,240459
0x4d61ab,87.2399%,1864,12744,14608,5621,1011,853,7123
0x407c1b,86.8799%,1854,12277,14131,12169,188,1666,108
0x479c65,85.0292%,1792,10178,11970,887,1405,387,9291
0x50feb6,90.561%,1760,16886,18646,7239,1253,507,9647
0x47700b,95.0477%,1740,33395,35135,16857,869,871,16538
0x50fcd4,94.6667%,1645,29199,30844,196,1377,268,29003
0x4d89f3,93.5392%,1611,23324,24935,16815,802,809,6509
0x4600f2,97.6139%,1581,64678,66259,53563,487,1094,11115
0x460104,97.6592%,1551,64708,66259,59394,348,1203,5314
0x4cc720,91.6731%,1500,16514,18014,6370,717,783,10144
0x5f04b5,86.7226%,1439,9399,10838,2380,832,607,7019
0x475f65,97.3911%,1403,52375,53778,48793,463,940,3582
0x50fc1e,99.2024%,1389,172760,174149,172731,158,1231,29
0x4ba40c,87.6897%,1387,9880,11267,8561,213,1174,1319
0x4c9fcb,94.4054%,1347,22730,24077,8501,893,454,14229
0x4bf7d9,99.2804%,1258,173572,174830,173568,76,1182,4
0x5ef06f,88.4047%,1256,9576,10832,1770,721,535,7806
0x47b38c,89.5861%,1248,10736,11984,882,882,366,9854
0x4ca08a,99.6417%,1191,331240,332431,183767,590,601,147473
0x4cd45f,91.6777%,1190,13109,14299,8204,482,708,4905
0x418b12,96.1098%,1179,29128,30307,1225,696,483,27903
0x4b8dbd,92.1538%,1122,13178,14300,7563,501,621,5615
0x50fcff,96.3506%,1112,29359,30471,29274,218,894,85
0x4d62f0,93.0324%,1028,13726,14754,8959,485,543,4767
0x4c39de,99.866%,1013,755100,756113,3010,606,407,752090
0x4d7566,89.4561%,1008,8552,9560,1808,579,429,6744
0x4cc5f3,99.592%,985,240451,241436,206172,483,502,34279
0x46ffa3,96.456%,977,26591,27568,15689,341,636,10902
0x418bc7,78.4876%,953,3477,4430,1090,488,465,2387
0x477016,94.6235%,936,16473,17409,10064,392,544,6409
0x4195f8,69.657%,920,2112,3032,1040,484,436,1072
0x5f0a7e,75.3117%,911,2779,3690,1528,434,477,1251
0x4cfc07,93.7526%,900,13506,14406,5336,533,367,8170
0x4c6bb9,99.3102%,898,129276,130174,129219,63,835,57
0x4cd289,99.667%,871,260711,261582,40039,468,403,220672
0x41a557,90.2154%,854,7874,8728,3503,442,412,4371
0x4d8a24,95.1808%,849,16768,17617,13723,374,475,3045
0x4c64da,99.306%,841,120336,121177,63448,393,448,56888
0x419ace,51.7898%,835,897,1732,394,453,382,503
0x4be9c1,82.028%,833,3802,4635,3759,88,745,43
0x4be9b3,85.4197%,806,4722,5528,277,616,190,4445
0x606824,88.8966%,798,6389,7187,2747,419,379,3642
0x47aacd,96.9318%,787,24863,25650,11903,456,331,12960
0x4d8ed3,94.8384%,776,14258,15034,3322,378,398,10936
0x419b44,55.254%,775,957,1732,139,481,294,818
0x4c5c1f,95.6719%,764,16888,17652,247,625,139,16641
0x50fe02,97.2704%,752,26798,27550,26771,124,628,27
0x5eefe5,93.9925%,748,11703,12451,1194,425,323,10509
0x4cc906,96.0242%,717,17317,18034,5405,381,336,11912
0x419aa8,59.6591%,710,1050,1760,179,469,241,871
0x4761b1,83.8165%,709,3672,4381,1957,224,485,1715
0x4c9ecc,97.3783%,705,26186,26891,13777,443,262,12409
0x479190,92.5302%,692,8572,9264,5466,292,400,3106
0x5f052a,85.1997%,682,3926,4608,950,353,329,2976
0x5f0495,94.567%,677,11784,12461,1238,385,292,10546
0x50fcf7,80.0653%,672,2699,3371,1832,339,333,867
0x4dab43,91.0817%,667,6812,7479,99,469,198,6713
0x419006,97.5986%,659,26783,27442,11489,449,210,15294
0x402047,90.1145%,656,5980,6636,3103,411,245,2877
0x47ac7e,93.6558%,648,9566,10214,2189,336,312,7377
0x476206,97.7843%,646,28510,29156,15797,178,468,12713
0x60683a,91.2342%,630,6557,7187,2638,280,350,3919
0x47aa0d,97.5653%,619,24805,25424,9573,353,266,15232
0x428f7c,92.9899%,596,7906,8502,4117,329,267,3789
0x4c02ce,80.8393%,589,2485,3074,471,358,231,2014
0x46ff02,97.7999%,584,25960,26544,14672,318,266,11288
0x4c4988,92.9051%,581,7608,8189,1964,507,74,5644
0x41b031,84.8436%,567,3174,3741,2658,260,307,516
0x4cbcb0,88.1695%,561,4181,4742,3070,297,264,1111
0x50f593,97.6353%,560,23122,23682,12942,314,246,10180
0x5f06a5,91.4735%,559,5997,6556,998,355,204,4999
0x41b00a,67.3784%,550,1136,1686,543,320,230,593
0x47abc7,95.5579%,549,11810,12359,9888,326,223,1922
0x4ba510,91.5633%,544,5904,6448,951,337,207,4953
0x4ca0c8,99.6353%,540,147534,148074,136810,211,329,10724
0x428f58,94.1249%,527,8443,8970,3804,252,275,4639
0x5f1d80,82.4916%,520,2450,2970,789,225,295,1661
0x50fb20,94.4671%,515,8793,9308,1812,265,250,6981
0x41a45f,92.485%,515,6338,6853,4611,172,343,1727
0x4d5830,95.1601%,505,9929,10434,3021,225,280,6908
0x4cb63f,93.3154%,496,6924,7420,3430,189,307,3494
0x50fdec,98.1976%,493,26859,27352,26845,67,426,14
0x5ee959,84.7114%,490,2715,3205,203,331,159,2512
0x5f0a87,72.1644%,481,1247,1728,1127,186,295,120
0x60a172,97.3671%,475,17566,18041,14527,304,171,3039
0x418c0d,83.7696%,465,2400,2865,103,199,266,2297
0x50fde6,98.3423%,460,27290,27750,24,374,86,27266
0x6067e7,93.9873%,453,7081,7534,1695,154,299,5386
0x4c9e62,98.3191%,452,26439,26891,13226,251,201,13213
0x4babeb,92.8265%,452,5849,6301,4281,207,245,1568
0x4bdcfc,96.6365%,449,12900,13349,12618,92,357,282
0x6068d8,92.7276%,441,5623,6064,1054,242,199,4569
0x60a1c2,96.9789%,439,14092,14531,13502,186,253,590
0x4d5777,98.4933%,426,27847,28273,26883,193,233,964
0x4cbcea,93.8175%,412,6252,6664,97,289,123,6155
0x412145,95.1129%,407,7921,8328,7770,114,293,151
0x418b5c,95.2229%,404,8053,8457,7739,202,202,314
0x4c7ef0,91.5587%,404,4382,4786,4177,69,335,205
0x4d0761,94.8955%,403,7492,7895,635,185,218,6857
0x41afe5,80.2078%,400,1621,2021,1596,90,310,25
0x428f9b,95.3187%,398,8104,8502,3360,228,170,4744
0x5f06dc,78.3306%,392,1417,1809,601,212,180,816
0x476f4a,95.0324%,391,7480,7871,3714,211,180,3766
0x47aa7a,98.5055%,382,25178,25560,5526,199,183,19652
0x5fabf2,97.9311%,377,17845,18222,13355,186,191,4490
0x4ba887,99.1089%,377,41932,42309,41857,34,343,75
0x476d30,95.9226%,373,8775,9148,4629,199,174,4146
0x418c7c,87.0157%,372,2493,2865,473,173,199,2020
0x4d89f8,94.9713%,368,6950,7318,2097,203,165,4853
0x5ee8c8,76.2338%,366,1174,1540,336,198,168,838
0x4c4ccb,97.8662%,361,16557,16918,2795,153,208,13762
0x417f93,98.7432%,361,28362,28723,25625,113,248,2737
0x50fb1a,96.7026%,358,10499,10857,1342,207,151,9157
0x4d8eb3,97.858%,353,16127,16480,1250,196,157,14877
0x445d65,76.1808%,353,1129,1482,604,176,177,525
0x4d63d9,95.8704%,353,8195,8548,313,181,172,7882
0x417f89,98.8302%,351,29655,30006,1061,222,129,28594
0x4b9426,96.3708%,350,9294,9644,8300,148,202,994
0x4d645b,92.6953%,345,4378,4723,1161,215,130,3217
0x606813,95.2692%,340,6847,7187,6505,162,178,342
0x418e6b,84.716%,339,1879,2218,1437,138,201,442
0x6067ec,95.4223%,329,6858,7187,6310,156,173,548
0x4d8fbe,98.6806%,329,24606,24935,20885,154,175,3721
0x4195eb,85.2518%,328,1896,2224,252,168,160,1644
0x4cb4c0,86.3248%,320,2020,2340,1403,128,192,617
0x4d8ee8,92.7969%,316,4071,4387,561,169,147,3510
0x48c6e2,96.6667%,315,9135,9450,5601,139,176,3534
0x477f52,62.8099%,315,532,847,395,128,187,137
0x4791db,79.1777%,314,1194,1508,665,130,184,529
0x4cd43d,97.811%,313,13986,14299,12957,144,169,1029
0x4b93e3,96.8063%,308,9336,9644,5640,158,150,3696
0x5f1efa,76.8462%,301,999,1300,655,139,162,344
0x47702b,98.2768%,300,17109,17409,15648,124,176,1461
0x4d3169,94.9147%,295,5506,5801,3036,78,217,2470
0x5f06fa,94.1305%,295,4731,5026,4578,154,141,153
0x4c4407,97.6997%,294,12487,12781,10231,115,179,2256
0x4bf6d4,98.4633%,293,18774,19067,18759,50,243,15
0x50fac9,97.4314%,290,11000,11290,10659,198,92,341
0x4c5c18,98.4092%,285,17630,17915,19,244,41,17611
0x4c4e24,97.9814%,282,13688,13970,9887,136,146,3801
0x606902,94.1065%,281,4487,4768,4169,92,189,318
0x479314,77.1055%,280,943,1223,390,120,160,553
0x5ee980,91.3885%,276,2929,3205,2900,87,189,29
0x479c1f,97.6654%,276,11546,11822,9795,140,136,1751
0x4cc33d,99.9202%,274,342942,343216,342916,271,3,26
0x4b8d89,98.1762%,273,14696,14969,530,139,134,14166
0x4bb1ce,93.0028%,271,3602,3873,2313,123,148,1289
0x418c07,82.9531%,269,1309,1578,1033,117,152,276
0x47c85c,92.9359%,269,3539,3808,1693,114,155,1846
0x4ba4e7,96.4703%,266,7270,7536,925,163,103,6345
0x4c50c6,97.8298%,265,11946,12211,5508,191,74,6438
0x5fac65,66.582%,263,524,787,73,153,110,451
0x5f1eda,86.4062%,261,1659,1920,504,116,145,1155
0x5ef191,83.8789%,261,1358,1619,1051,122,139,307
0x4d64d3,98.2979%,261,15073,15334,14178,152,109,895
0x4b96a4,92.8591%,259,3368,3627,1849,185,74,1519
0x6067fc,96.4241%,257,6930,7187,6850,72,185,80
0x5ee9ce,91.9813%,257,2948,3205,30,162,95,2918
0x47b8b8,91.0422%,257,2612,2869,944,129,128,1668
0x4c4d6e,97.8948%,257,11951,12208,9010,169,88,2941
0x4700d9,99.0338%,256,26240,26496,14880,94,162,11360
0x47af30,97.4936%,256,9958,10214,7565,124,132,2393
0x4bac3a,84.9589%,256,1446,1702,703,106,150,743
0x4cf579,98.7653%,254,20317,20571,18617,107,147,1700
0x45718a,94.786%,251,4563,4814,2693,160,91,1870
0x4c4d5b,98.517%,250,16608,16858,4490,160,90,12118
0x4790c8,97.2388%,250,8804,9054,8280,89,161,524
0x4ac30a,78.6942%,248,916,1164,792,102,146,124
0x50fc56,89.9675%,247,2215,2462,2133,67,180,82
0x418936,99.1885%,247,30191,30438,30061,128,119,130
0x60a1d1,98.7818%,246,19948,20194,89,147,99,19859
0x4c5c38,95.2101%,244,4850,5094,124,131,113,4726
0x4cbe7f,96.3566%,244,6453,6697,432,155,89,6021
0x4d61bf,96.9534%,243,7733,7976,7291,114,129,442
0x47d3d4,98.6205%,242,17300,17542,17153,110,132,147
0x4c230d,83.1342%,240,1183,1423,803,123,117,380
0x4cb3a1,98.6072%,239,16921,17160,14062,119,120,2859
0x46d169,87.4054%,233,1617,1850,987,152,81,630
0x48c7c6,97.1237%,232,7834,8066,3313,138,94,4521
0x476601,93.6411%,230,3387,3617,2453,98,132,934
0x4bd3e6,99.1037%,229,25321,25550,25305,68,161,16
0x477fad,92.9599%,225,2971,3196,1327,113,112,1644
0x4196a3,68.7151%,224,492,716,284,136,88,208
0x45737a,84.5726%,222,1217,1439,371,119,103,846
0x478067,93.5474%,219,3175,3394,522,130,89,2653
0x4d816c,79.2972%,218,835,1053,642,99,119,193
0x4b93f0,94.3318%,218,3628,3846,1780,121,97,1848
0x4c5929,99.5448%,218,47673,47891,47252,80,138,421
0x476006,98.7395%,217,16998,17215,6830,117,100,10168
0x4d9118,94.5153%,215,3705,3920,400,132,83,3305
0x47b198,98.2482%,213,11946,12159,1458,115,98,10488
0x50fec1,97.9023%,213,9941,10154,1880,128,85,8061
0x41bb29,97.8335%,210,9483,9693,8868,122,88,615
0x4b9b6a,98.3663%,210,12644,12854,12598,31,179,46
0x4c7d82,97.9044%,210,9811,10021,3507,120,90,6304
0x47d3f9,98.8086%,209,17333,17542,12549,59,150,4784
0x4d8ee0,98.1736%,207,11127,11334,6867,80,127,4260
0x4ca304,99.8755%,206,165314,165520,165213,74,132,101
0x45714e,95.7416%,205,4609,4814,3739,51,154,870
0x4b98d4,98.0607%,205,10366,10571,10269,41,164,97
0x60a17c,98.8698%,205,17934,18139,16478,85,120,1456
0x445db4,86.2348%,204,1278,1482,914,100,104,364
0x47600c,98.0425%,201,10067,10268,8117,63,138,1950
0x50fce2,94.6314%,201,3543,3744,253,120,81,3290
0x5fac08,95.7488%,199,4482,4681,3320,109,90,1162
0x476199,99.4097%,198,33345,33543,29104,52,146,4241
0x4d63ee,98.0466%,198,9938,10136,9873,93,105,65
0x4c584e,96.2838%,198,5130,5328,64,141,57,5066
0x4766bb,98.2731%,195,11097,11292,9611,108,87,1486
0x4a7a6d,68.5155%,193,420,613,327,96,97,93
0x4d57e3,93.5984%,190,2778,2968,1895,92,98,883
0x476ea6,95.668%,190,4196,4386,3415,69,121,781
0x4b9579,97.7425%,189,8183,8372,613,101,88,7570
0x47ce2b,96.2066%,188,4768,4956,4618,69,119,150
0x4c4416,92.3203%,187,2248,2435,1690,93,94,558
0x4bbd18,95.0477%,187,3589,3776,1248,130,57,2341
0x419636,87.7953%,186,1338,1524,1134,94,92,204
0x4d3138,96.7937%,186,5615,5801,5190,92,94,425
0x4bddbd,99.0025%,184,18262,18446,18255,48,136,7
0x4d63ae,98.0834%,181,9263,9444,701,70,111,8562
0x4572c3,88.785%,180,1425,1605,505,62,118,920
0x46c2b9,96.3297%,179,4698,4877,4163,80,99,535
0x458198,71.3141%,179,445,624,60,96,83,385
0x4c466b,99.9001%,177,177086,177263,1828,106,71,175258
0x48c8e1,97.5644%,176,7050,7226,2513,98,78,4537
0x4d5f70,98.8653%,174,15160,15334,14784,78,96,376
0x4766f0,91.229%,172,1789,1961,1270,78,94,519
0x50b030,99.7011%,170,56713,56883,5,152,18,56708
0x41afd0,92.9907%,165,2189,2354,217,116,49,1972
0x5ef1f8,89.8703%,164,1455,1619,1258,87,77,197
0x4d5a25,95.9123%,164,3848,4012,2237,54,110,1611
0x4cc600,99.5285%,164,34617,34781,33860,74,90,757
0x4d8ff1,99.3488%,163,24868,25031,3401,83,80,21467
0x4d6e33,88.0499%,163,1201,1364,793,82,81,408
0x609759,96.2835%,161,4171,4332,3542,37,124,629
0x606918,91.1259%,160,1643,1803,1409,90,70,234
0x4bbab8,95.7668%,159,3597,3756,3418,138,21,179
0x4d6491,98.9696%,158,15176,15334,14140,63,95,1036
0x479ad8,98.5282%,157,10510,10667,9229,80,77,1281
0x5f06ed,96.9597%,157,5007,5164,43,95,62,4964
0x4b9488,86.3002%,157,989,1146,587,63,94,402
0x48c9a1,98.0784%,155,7911,8066,1811,43,112,6100
0x401d01,94.7458%,155,2795,2950,2184,84,71,611
0x46d62a,86.5672%,153,986,1139,233,81,72,753
0x5f0c78,88.3473%,153,1160,1313,615,86,67,545
0x4d58be,98.5321%,152,10203,10355,6905,59,93,3298
0x47668f,98.6555%,152,11153,11305,10401,69,83,752
0x50fd04,84.5761%,151,828,979,805,38,113,23
0x40224a,67.735%,151,317,468,300,51,100,17
0x608b6e,99.4243%,150,25903,26053,717,65,85,25186
0x47907c,98.6168%,149,10623,10772,1412,96,53,9211
0x4d9013,93.2327%,148,2039,2187,1598,81,67,441
0x49cf89,93.8385%,148,2254,2402,1575,59,89,679
0x4bb2db,96.2303%,146,3727,3873,287,72,74,3440
0x4bb1b2,98.1017%,146,7545,7691,3810,8,138,3735
0x4a2534,65.2278%,145,272,417,89,71,74,183
0x443770,90.2159%,145,1337,1482,716,64,81,621
0x5f31a4,94.5283%,145,2505,2650,2158,67,78,347
0x4d5e08,95.5164%,145,3089,3234,1615,84,61,1474
0x4cd061,99.9284%,144,200980,201124,638,80,64,200342
0x5f1ea7,92.556%,143,1778,1921,0,0,143,1778
0x478b1d,95.2805%,143,2887,3030,2160,62,81,727
0x418f89,93.6429%,141,2077,2218,2070,84,57,7
0x4d57d9,96.5174%,140,3880,4020,976,76,64,2904
0x478f00,97.3232%,137,4981,5118,4079,74,63,902
0x4cc552,99.4994%,136,27033,27169,2242,55,81,24791
0x4b8de2,97.8191%,136,6100,6236,4566,74,62,1534
0x47b5d0,95.2945%,135,2734,2869,1428,68,67,1306
0x4c4ce1,97.4686%,135,5198,5333,3778,50,85,1420
0x5eea0b,91.2338%,135,1405,1540,1360,26,109,45
0x5f06d7,97.4053%,135,5068,5203,3324,70,65,1744
0x5fabec,99.2951%,134,18875,19009,682,105,29,18193
0x477f29,97.3859%,134,4992,5126,4193,66,68,799
0x4cb57a,98.3229%,134,7856,7990,7856,20,114,0
0x476172,99.6036%,133,33418,33551,0,0,133,33418
0x4d8154,71.5812%,133,335,468,68,88,45,267
0x412f44,97.7993%,132,5866,5998,5847,23,109,19
0x47c572,97.8696%,132,6064,6196,6018,40,92,46
0x50afff,99.7702%,131,56863,56994,56849,34,97,14
0x4cf853,99.219%,130,16515,16645,16334,35,95,181
0x476824,93.3707%,130,1831,1961,1260,88,42,571
0x479acf,98.939%,127,11843,11970,1262,41,86,10581
0x4d63c0,97.907%,126,5894,6020,5840,55,71,54
0x48c6c4,98.4503%,125,7941,8066,1251,90,35,6690
0x478c91,97.5892%,125,5060,5185,3420,78,47,1640
0x4bf7b0,99.3443%,125,18940,19065,18759,59,66,181
0x4dadbb,92.9754%,123,1628,1751,1158,52,71,470
0x5f1f0f,75.8893%,122,384,506,307,40,82,77
0x47c4cc,98.031%,122,6074,6196,0,0,122,6074
0x4bc161,86.9099%,122,810,932,714,94,28,96
0x419b51,93.1818%,120,1640,1760,1637,59,61,3
0x476da2,97.1801%,119,4101,4220,3873,37,82,228
0x47b23e,99.0154%,118,11866,11984,556,74,44,11310
0x4c96ce,97.9284%,118,5578,5696,662,63,55,4916
0x4b945f,90.1338%,118,1078,1196,636,64,54,442
0x4ca8cb,97.6534%,117,4869,4986,2274,35,82,2595
0x4d5cbd,99.253%,117,15546,15663,15281,53,64,265
0x48c9a6,98.1165%,117,6095,6212,5052,73,44,1043
0x5f1d93,94.0184%,117,1839,1956,1816,47,70,23
0x4be64b,98.7889%,117,9544,9661,4,99,18,9540
0x60a165,99.0001%,117,11584,11701,10823,38,79,761
0x476575,97.1422%,116,3943,4059,3593,24,92,350
0x4d64a8,99.2435%,116,15218,15334,13993,39,77,1225
0x5f0510,97.6008%,116,4719,4835,154,73,43,4565
0x4adb91,79.3907%,115,443,558,345,29,86,98
0x419607,92.4403%,114,1394,1508,761,55,59,633
0x46c43a,96.9314%,114,3601,3715,0,0,114,3601
0x4d619e,99.2329%,114,14748,14862,214,40,74,14534
0x46d0ba,95.1565%,113,2220,2333,487,82,31,1733
0x478145,95.8789%,113,2629,2742,1053,70,43,1576
0x46526b,99.4922%,112,21946,22058,21941,26,86,5
0x465998,98.9309%,112,10364,10476,10363,37,75,1
0x50feaa,99.4091%,111,18674,18785,69,70,41,18605
0x5fac8e,87.8022%,111,799,910,298,51,60,501
0x46598d,98.9644%,110,10512,10622,72,74,36,10440
0x4437d7,92.5776%,110,1372,1482,964,50,60,408
0x4d6300,97.9473%,109,5201,5310,866,51,58,4335
0x4bb042,86.6171%,108,699,807,602,51,57,97
0x4ac305,91.7431%,108,1200,1308,68,76,32,1132
0x477f3a,97.4642%,108,4151,4259,3365,44,64,786
0x5ef4fe,93.3292%,108,1511,1619,497,74,34,1014
0x42108b,87.9733%,108,790,898,790,108,0,0
0x4a72b5,66.9782%,106,215,321,35,60,46,180
0x4d90de,95.6343%,106,2322,2428,448,76,30,1874
0x4d0758,98.7641%,106,8471,8577,632,50,56,7839
0x4cb46c,99.069%,105,11173,11278,93,66,39,11080
0x4bc125,93.6747%,105,1555,1660,897,35,70,658
0x476d41,97.7448%,105,4551,4656,364,72,33,4187
0x47b4ea,98.9922%,103,10117,10220,1166,58,45,8951
0x465263,99.5394%,102,22041,22143,2,83,19,22039
0x476bbd,97.676%,102,4287,4389,4144,23,79,143
0x60a278,88.019%,101,742,843,38,64,37,704
0x47c860,95.0025%,100,1901,2001,1847,63,37,54
0x4ba3b8,74.8744%,100,298,398,137,55,45,161
0x49ca8b,95.8368%,100,2302,2402,1775,58,42,527
0x5f0c64,92.46%,99,1214,1313,1042,39,60,172
0x418c92,95.5385%,99,2120,2219,921,40,59,1199
0x476e01,98.8712%,98,8584,8682,4505,50,48,4079
0x421026,98.4486%,98,6219,6317,1340,12,86,4879
0x4ac923,88.6047%,98,762,860,161,41,57,601
0x50fb99,95.1629%,98,1928,2026,1256,61,37,672
0x5f0837,87.9459%,98,715,813,517,62,36,198
0x4079ac,99.3034%,98,13971,14069,13971,13,85,0
0x4c4e38,97.5424%,97,3850,3947,3128,45,52,722
0x5f1df2,90.7619%,97,953,1050,898,47,50,55
0x46d63d,88.3636%,96,729,825,144,53,43,585
0x4d5847,98.64%,96,6963,7059,5609,40,56,1354
0x4cb570,98.8686%,95,8302,8397,347,60,35,7955
0x49ef26,73.8292%,95,268,363,82,38,57,186
0x47b1b7,99.2187%,95,12064,12159,11923,61,34,141
0x408da2,93.1507%,95,1292,1387,1292,19,76,0
0x4bbd47,96.0768%,94,2302,2396,274,42,52,2028
0x476ac7,97.9811%,94,4562,4656,1716,68,26,2846
0x4c3a08,99.9876%,94,756019,756113,0,0,94,756019
0x4d7510,99.0272%,93,9467,9560,2018,69,24,7449
0x417fc1,99.6977%,92,30346,30438,27510,52,40,2836
0x4a23d1,73.639%,92,257,349,241,37,55,16
0x469919,89.8324%,91,804,895,583,46,45,221
0x4b9ca6,87.5853%,91,642,733,149,39,52,493
0x476158,99.7318%,90,33461,33551,33461,90,0,0
0x46c9d5,95.2022%,89,1766,1855,1543,25,64,223
0x50fe76,91.2698%,88,920,1008,361,49,39,559
0x4d90a8,97.6885%,88,3719,3807,2372,56,32,1347
0x4b9f2e,97.11%,88,2957,3045,841,37,51,2116
0x41a678,98.7827%,88,7141,7229,333,43,45,6808
0x4d8a6c,97.4072%,88,3306,3394,3285,51,37,21
0x4bc11c,96.3272%,88,2308,2396,2092,24,64,216
0x4a239e,78.8969%,88,329,417,321,62,26,8
0x4571f6,95.5125%,88,1873,1961,271,51,37,1602
0x48cb3f,95.5748%,87,1879,1966,958,40,47,921
0x5f05b2,61.674%,87,140,227,22,51,36,118
0x4b96f9,97.6289%,86,3541,3627,1685,48,38,1856
0x476530,97.9217%,86,4052,4138,4017,42,44,35
0x47be60,94.5055%,85,1462,1547,85,31,54,1377
0x476f1f,98.062%,85,4301,4386,412,28,57,3889
0x4be9ca,89.2132%,85,703,788,562,54,31,141
0x4d5ab3,99.6294%,85,22852,22937,7224,50,35,15628
0x418972,99.7228%,84,30223,30307,25550,37,47,4673
0x5f31d0,79.9043%,84,334,418,104,30,54,230
0x46feb4,99.6835%,84,26460,26544,20316,30,54,6144
0x4d0e42,91.5479%,83,899,982,123,14,69,776
0x462da2,82.1888%,83,383,466,98,38,45,285
0x48bbef,96.8667%,83,2566,2649,1658,31,52,908
0x48c702,97.7628%,83,3627,3710,2701,24,59,926
0x47a1c0,99.2402%,82,10711,10793,10416,50,32,295
0x4ba395,99.3147%,81,11738,11819,11552,61,20,186
0x4015a1,97.0111%,81,2629,2710,1932,45,36,697
0x4c4439,87.5767%,81,571,652,152,25,56,419
0x47af39,96.7921%,81,2444,2525,2,6,75,2442
0x4cb476,99.2715%,81,11038,11119,2298,42,39,8740
0x4da8d7,98.917%,81,7398,7479,0,0,81,7398
0x609a2a,71.0623%,79,194,273,55,14,65,139
0x476752,95.9714%,79,1882,1961,1880,78,1,2
0x4210ae,91.2027%,79,819,898,452,44,35,367
0x4c4e7e,98.392%,79,4834,4913,2282,64,15,2552
0x477fa8,97.7119%,78,3331,3409,164,49,29,3167
0x4571ec,96.0224%,78,1883,1961,1784,16,62,99
0x47c5df,98.7411%,78,6118,6196,5833,29,49,285
0x46c841,95.7951%,78,1777,1855,1312,54,24,465
0x419ade,91.1864%,78,807,885,723,14,64,84
0x4c57c3,87.0647%,78,525,603,514,24,54,11
0x4adbb0,57.6087%,78,106,184,68,24,54,38
0x4a7a5c,88.4558%,77,590,667,8,46,31,582
0x48c981,98.3077%,77,4473,4550,1049,50,27,3424
0x46d0c4,95.6349%,77,1687,1764,249,38,39,1438
0x50fc4e,97.3133%,77,2789,2866,369,35,42,2420
0x479006,98.515%,76,5042,5118,5015,53,23,27
0x48d722,98.7877%,76,6193,6269,5911,18,58,282
0x4d10ec,88.774%,76,601,677,221,47,29,380
0x4b959e,99.0076%,76,7582,7658,212,45,31,7370
0x4d1063,81.4181%,76,333,409,200,40,36,133
0x4bace2,99.0118%,76,7615,7691,0,0,76,7615
0x6068a7,95.8897%,76,1773,1849,16,30,46,1757
0x5f1f24,52.2013%,76,83,159,42,29,47,41
0x60a222,68.2203%,75,161,236,78,24,51,83
0x401fff,97.8849%,75,3471,3546,7,25,50,3464
0x46ff45,99.7281%,75,27509,27584,22656,42,33,4853
0x4a116f,86.4376%,75,478,553,31,52,23,447
0x6098ad,96.5863%,75,2122,2197,1952,26,49,170
0x4d634d,94%,75,1175,1250,28,42,33,1147
0x4d765e,99.2155%,75,9485,9560,9485,75,0,0
0x4a77fb,29.9065%,75,32,107,0,0,75,32
0x4c4d21,99.5567%,75,16843,16918,36,24,51,16807
0x4c38f2,99.9877%,74,600472,600546,0,0,74,600472
0x4572d5,92.8709%,74,964,1038,874,26,48,90
0x50fb28,98.9766%,74,7157,7231,171,24,50,6986
0x47b906,97.4207%,74,2795,2869,2558,65,9,237
0x5f096d,95.7176%,74,1654,1728,1635,32,42,19
0x47b59a,97.4556%,73,2796,2869,222,7,66,2574
0x4ca5cd,99.3643%,73,11410,11483,11410,73,0,0
0x4d76c5,98.1607%,73,3896,3969,458,48,25,3438
0x479089,99.212%,73,9191,9264,9005,49,24,186
0x476b41,98.4321%,73,4583,4656,223,44,29,4360
0x4ca559,97.9873%,73,3554,3627,3554,73,0,0
0x479c8c,99.2457%,73,9605,9678,9259,22,51,346
0x4c6e4e,99.0279%,72,7335,7407,4745,41,31,2590
0x4cc637,99.9725%,72,261510,261582,0,0,72,261510
0x401aa0,97.5593%,72,2878,2950,2878,72,0,0
0x4c4593,98.9352%,72,6690,6762,657,70,2,6033
0x4da9e9,99.0373%,72,7407,7479,133,17,55,7274
0x50fb5d,95.3186%,72,1466,1538,939,33,39,527
0x4bdca4,99.618%,71,18515,18586,13317,32,39,5198
0x4c6bc5,97.8653%,71,3255,3326,1,41,30,3254
0x4a72a3,85.0211%,71,403,474,75,41,30,328
0x479072,99.3442%,71,10755,10826,27,27,44,10728
0x48cb24,97.319%,70,2541,2611,939,45,25,1602
0x4c9e66,99.4782%,70,13344,13414,67,45,25,13277
0x4cb64b,98.1584%,70,3731,3801,3475,22,48,256
0x4d8a4c,98.0114%,70,3450,3520,3369,25,45,81
0x418a04,99.7685%,69,29741,29810,1213,38,31,28528
0x4ca138,98.8999%,69,6203,6272,6160,60,9,43
0x4cbe76,98.9758%,69,6668,6737,2,38,31,6666
0x4c6bd4,97.8989%,69,3215,3284,173,31,38,3042
0x479e45,99.2974%,68,9610,9678,8438,63,5,1172
0x4b9568,99.1951%,68,8380,8448,45,31,37,8335
0x4c5c5b,99.8421%,68,42984,43052,42473,29,39,511
0x467cbe,66.8293%,68,137,205,88,26,42,49
0x427a0e,75.0916%,68,205,273,3,45,23,202
0x417f16,99.7804%,67,30437,30504,448,50,17,29989
0x5f070b,77.2109%,67,227,294,117,22,45,110
0x49eed7,72.0833%,67,173,240,89,31,36,84
0x608c9e,76.9759%,67,224,291,36,52,15,188
0x4d9092,98.5242%,67,4473,4540,683,50,17,3790
0x401652,90.8595%,67,666,733,497,25,42,169
0x4cc57c,99.9697%,67,221037,221104,221037,67,0,0
0x4c9ed8,99.4791%,66,12605,12671,430,27,39,12175
0x4bac04,96.3596%,66,1747,1813,79,29,37,1668
0x4cbcf6,98.9487%,66,6212,6278,6187,33,33,25
0x609a08,96.2585%,66,1698,1764,944,34,32,754
0x4ce2ae,99.9679%,66,205223,205289,205223,66,0,0
0x60974b,97.4249%,66,2497,2563,1877,30,36,620
0x4c4ee3,97.586%,66,2668,2734,2334,51,15,334
0x47bd53,95.7337%,66,1481,1547,172,40,26,1309
0x5ee997,69.7248%,66,152,218,0,0,66,152
0x47628b,99.4983%,66,13090,13156,13090,66,0,0
0x478b61,97.8218%,66,2964,3030,1484,41,25,1480
0x408c29,79.1798%,66,251,317,99,41,25,152
0x50f5d9,97.5555%,65,2594,2659,0,0,65,2594
0x4adc06,66.1458%,65,127,192,56,36,29,71
0x467253,91.6667%,64,704,768,536,57,7,168
0x476922,95.2452%,64,1282,1346,1211,15,49,71
0x4c57d6,99.8665%,64,47884,47948,5380,22,42,42504
0x46d182,94.4688%,63,1076,1139,1076,63,0,0
0x476fc9,99.8207%,63,35072,35135,35072,63,0,0
0x4a24c6,86.5096%,63,404,467,18,53,10,386
0x4ca086,99.981%,63,332368,332431,0,0,63,332368
0x609731,98.6154%,63,4487,4550,3808,27,36,679
0x4bb83a,82.6923%,63,301,364,98,24,39,203
0x47a1fb,99.4174%,63,10751,10814,22,43,20,10729
0x4655a9,83.7209%,63,324,387,205,48,15,119
0x4cf5b0,99.6937%,63,20508,20571,20374,19,44,134
0x4b0996,84.9515%,62,350,412,177,29,33,173
0x47980d,98.7886%,62,5056,5118,653,36,26,4403
0x418b8d,99.757%,61,25045,25106,24573,17,44,472
0x4ca12c,99.046%,61,6333,6394,84,38,23,6249
0x47697e,96.8846%,61,1897,1958,74,36,25,1823
0x479e08,99.3697%,61,9617,9678,348,49,12,9269
0x4adccb,83.6898%,61,313,374,46,60,1,267
0x47643c,99.5363%,61,13095,13156,13095,61,0,0
0x4a7aa2,90.0489%,61,552,613,203,50,11,349
0x48cad1,96.575%,61,1720,1781,659,35,26,1061
0x4c7adc,98.0775%,61,3112,3173,1856,37,24,1256
0x4c5985,99.8726%,61,47830,47891,217,24,37,47613
0x5f0b00,73.5683%,60,167,227,147,28,32,20
0x417f3a,99.8%,60,29946,30006,191,31,29,29755
0x46d646,90.4459%,60,568,628,219,20,40,349
0x420831,65.3179%,60,113,173,113,59,1,0
0x4d0831,98.5965%,60,4215,4275,0,0,60,4215
0x46d6cd,82.1429%,60,276,336,182,27,33,94
0x609928,98.2261%,59,3267,3326,2881,20,39,386
0x4bbd7c,97.5376%,59,2337,2396,198,14,45,2139
0x49f6fe,78.4672%,59,215,274,213,27,32,2
0x4b8bd8,99.6125%,58,14911,14969,14786,43,15,125
0x5fa266,83.0904%,58,285,343,61,38,20,224
0x45c2f1,85.0515%,58,330,388,58,34,24,272
0x4c77ef,89.6243%,58,501,559,81,21,37,420
0x476727,97.0423%,58,1903,1961,1845,49,9,58
0x5f0726,62.5806%,58,97,155,35,22,36,62
0x4ac918,93.7768%,58,874,932,32,40,18,842
0x4d6e82,93.3714%,58,817,875,0,4,54,817
0x5f0ce9,91.7261%,58,643,701,133,47,11,510
0x4bee01,99.9533%,58,124229,124287,87,33,25,124142
0x45734a,84.2391%,58,310,368,220,10,48,90
0x41a563,98.5298%,58,3887,3945,3668,27,31,219
0x4cc596,99.9738%,58,221046,221104,27,2,56,221019
0x4bd359,98.3095%,58,3373,3431,3152,38,20,221
0x49ef53,75.8333%,58,182,240,142,32,26,40
0x46d198,94.9956%,57,1082,1139,0,0,57,1082
0x47b39e,99.4423%,57,10163,10220,2564,28,29,7599
0x45fef5,99.1262%,57,6466,6523,14,26,31,6452
0x6099ad,95.3202%,57,1161,1218,984,28,29,177
0x4d58e4,94.9868%,57,1080,1137,839,43,14,241
0x408a71,82.0189%,57,260,317,0,0,57,260
0x42080d,67.052%,57,116,173,107,25,32,9
0x48bbcb,98.0924%,57,2931,2988,297,42,15,2634
0x478cfa,96.6805%,56,1631,1687,103,14,42,1528
0x4abeeb,61.6438%,56,90,146,57,23,33,33
0x466caa,88.5947%,56,435,491,0,0,56,435
0x4d115e,86.3081%,56,353,409,167,33,23,186
0x4ac310,79.2593%,56,214,270,42,26,30,172
0x5f07d4,74.5455%,56,164,220,92,35,21,72
0x47695b,95.8457%,56,1292,1348,202,32,24,1090
0x465256,76.3713%,56,181,237,33,28,28,148
0x464977,73.8095%,55,155,210,26,26,29,129
0x47afce,99.2847%,55,7634,7689,352,52,3,7282
0x4cc832,99.4967%,55,10872,10927,10870,29,26,2
0x4c5bfc,99.8846%,55,47588,47643,47490,54,1,98
0x4760f5,99.0182%,55,5547,5602,5547,55,0,0
0x460125,99.1572%,55,6471,6526,2,1,54,6469
0x4d318d,99.0519%,55,5746,5801,3005,41,14,2741
0x5f0936,96.0089%,54,1299,1353,195,32,22,1104
0x4b9e76,98.3172%,54,3155,3209,125,39,15,3030
0x41b15f,97.3281%,54,1967,2021,1967,54,0,0
0x48c9b9,98.1639%,54,2887,2941,1826,28,26,1061
0x4b3152,20.5882%,54,14,68,8,26,28,6
0x4196ac,81.7568%,54,242,296,242,54,0,0
0x41af5b,97.706%,54,2300,2354,2224,41,13,76
0x4d642e,99.4672%,54,10082,10136,762,9,45,9320
0x4ca3ee,99.9713%,54,187930,187984,187930,54,0,0
0x60a376,89.2%,54,446,500,435,15,39,11
0x4d091b,98.7602%,53,4222,4275,4222,53,0,0
0x4ba80d,99.8767%,53,42926,42979,42016,31,22,910
0x4be9ad,99.048%,53,5514,5567,3,36,17,5511
0x414f89,97.0474%,53,1742,1795,0,0,53,1742
0x49eb49,47%,53,47,100,12,38,15,35
0x476589,88.009%,53,389,442,151,38,15,238
0x45afda,88.3002%,53,400,453,5,1,52,395
0x46c4aa,98.6003%,52,3663,3715,3663,46,6,0
0x50fbd9,92.6657%,52,657,709,656,28,24,1
0x4c456f,99.176%,52,6259,6311,62,28,24,6197
0x6097dd,97.7032%,52,2212,2264,1845,25,27,367
0x477f0f,98.9979%,52,5137,5189,42,21,31,5095
0x4781d5,93.0943%,52,701,753,685,47,5,16
0x4d052f,99.3417%,52,7847,7899,5455,18,34,2392
0x4b9585,92.7171%,52,662,714,78,25,27,584
0x4d76f0,98.6898%,52,3917,3969,2301,23,29,1616
0x4ba518,98.9922%,52,5108,5160,71,32,20,5037
0x5ef1c3,88.565%,51,395,446,383,29,22,12
0x4d61fd,89.2632%,51,424,475,141,33,18,283
0x41ada6,93.2271%,51,702,753,70,41,10,632
0x4c6ab0,99.5503%,51,11289,11340,3471,35,16,7818
0x47c8bb,73.7113%,51,143,194,96,9,42,47
0x463966,93.5361%,51,738,789,738,51,0,0
0x4a1192,88.2488%,51,383,434,364,18,33,19
0x4c492b,92.2137%,51,604,655,550,29,22,54
0x47aa76,99.8051%,50,25600,25650,60,30,20,25540
0x4df1f5,68.5535%,50,109,159,43,29,21,66
0x48c543,97.8223%,50,2246,2296,307,32,18,1939
0x5f0741,69.3252%,50,113,163,72,21,29,41
0x4b2f82,26.4706%,50,18,68,13,21,29,5
0x4c4eaf,97.7054%,50,2129,2179,654,21,29,1475
0x4bb6c9,86.2637%,50,314,364,314,50,0,0
0x49efa6,62.406%,50,83,133,19,31,19,64
0x408c5d,71.7514%,50,127,177,58,42,8,69
0x4c7b00,99.5804%,50,11866,11916,10473,16,34,1393
0x4cb4a0,99.4305%,50,8729,8779,7508,27,23,1221
0x4cd42c,99.6503%,50,14249,14299,0,0,50,14249
0x4cfc30,99.4143%,50,8487,8537,8487,50,0,0
0x46751f,75.6098%,50,155,205,101,13,37,54
0x4a734e,67.3203%,50,103,153,103,50,0,0
0x5f06b9,99.039%,50,5153,5203,0,0,50,5153
0x476c8a,77.9279%,49,173,222,50,19,30,123
0x4ac92b,92.5532%,49,609,658,72,28,21,537
0x5fac9a,99.6381%,49,13492,13541,13412,8,41,80
0x47bd73,96.3296%,49,1286,1335,1286,49,0,0
0x4571fb,97.0104%,49,1590,1639,23,11,38,1567
0x46b156,95.8369%,49,1128,1177,53,24,25,1075
0x49e988,27.9412%,49,19,68,7,27,22,12
0x4d8f30,99.6741%,49,14985,15034,10572,32,17,4413
0x421013,99.2377%,49,6379,6428,82,29,20,6297
0x4c4e8e,98.1301%,48,2519,2567,592,19,29,1927
0x4bd321,98.6219%,48,3435,3483,32,20,28,3403
0x47b659,98.3269%,48,2821,2869,0,0,48,2821
0x475fca,99.7212%,48,17167,17215,1030,37,11,16137
0x49ec1a,52%,48,52,100,35,15,33,17
0x4a7334,69.281%,47,106,153,74,42,5,32
0x4c5829,99.902%,47,47901,47948,42577,36,11,5324
0x47bdf8,77.8302%,47,165,212,15,35,12,150
0x4d65ec,99.7951%,47,22890,22937,21911,14,33,979
0x4ba981,99.2189%,47,5970,6017,5948,15,32,22
0x48bc1b,95.3327%,47,960,1007,451,27,20,509
0x4c4858,99.3728%,47,7447,7494,7447,47,0,0
0x4d0701,99.1951%,47,5792,5839,18,22,25,5774
0x46983b,89.0443%,47,382,429,308,26,21,74
0x4bdccf,99.1025%,47,5190,5237,2803,34,13,2387
0x4cfc22,99.6737%,47,14359,14406,5833,36,11,8526
0x45b59a,99.3694%,47,7406,7453,7389,43,4,17
0x4a32ab,80.2521%,47,191,238,79,22,25,112
0x465677,87.8553%,47,340,387,133,46,1,207
0x4a7afe,56.0748%,47,60,107,19,35,12,41
0x4c2330,90.5433%,47,450,497,448,41,6,2
0x463368,52.0833%,46,50,96,16,20,26,34
0x47b5b4,98.3967%,46,2823,2869,2823,46,0,0
0x60a592,83.9161%,46,240,286,237,10,36,3
0x4d575a,99.8373%,46,28227,28273,28227,46,0,0
0x5ee8f3,76.0417%,46,146,192,0,0,46,146
0x4a618a,86.7435%,46,301,347,29,25,21,272
0x4990c0,94.1406%,45,723,768,723,45,0,0
0x4d6e1b,96.7009%,45,1319,1364,1307,24,21,12
0x4cf769,96.1307%,45,1118,1163,0,0,45,1118
0x479e14,99.535%,45,9633,9678,26,33,12,9607
0x46570c,74.8603%,45,134,179,0,0,45,134
0x4189fd,99.8515%,45,30262,30307,468,29,16,29794
0x4cbcbc,96.7273%,45,1330,1375,973,24,21,357
0x40288a,98.1132%,45,2340,2385,0,6,39,2340
0x46c8aa,96.7057%,45,1321,1366,0,0,45,1321
0x5f0c6e,80.6034%,45,187,232,177,28,17,10
0x4a6219,76.3158%,45,145,190,126,10,35,19
0x4d8f71,99.7741%,45,19872,19917,17607,10,35,2265
0x4d5c54,99.3814%,45,7229,7274,7027,32,13,202
0x4a1177,90.6383%,44,426,470,9,27,17,417
0x4a3bb1,71.4286%,44,110,154,102,18,26,8
0x46719b,94.2708%,44,724,768,724,44,0,0
0x401895,99.4661%,44,8198,8242,457,33,11,7741
0x49e975,83.9416%,44,230,274,194,12,32,36
0x47006d,99.8339%,44,26453,26497,22128,27,17,4325
0x4cf8e4,99.7386%,43,16409,16452,79,19,24,16330
0x4baf12,99.4409%,43,7648,7691,186,32,11,7462
0x475f73,99.92%,43,53735,53778,53735,43,0,0
0x479fb5,96.735%,43,1274,1317,1128,28,15,146
0x49f4dd,84.1912%,43,229,272,227,11,32,2
0x4a3ba9,77.1277%,43,145,188,6,28,15,139
0x4a61aa,89.6882%,43,374,417,345,18,25,29
0x479cbd,89.1688%,43,354,397,209,40,3,145
0x4bee38,99.9654%,43,124124,124167,121649,30,13,2475
0x419616,93.7861%,43,649,692,0,0,43,649
0x4c43f7,99.6648%,43,12786,12829,28,20,23,12758
0x4cd169,96.0637%,42,1025,1067,1025,42,0,0
0x46c530,99.355%,42,6470,6512,74,27,15,6396
0x49ce6d,98.1441%,42,2221,2263,1807,26,16,414
0x466d2c,91.446%,42,449,491,216,33,9,233
0x4a6352,67.1875%,42,86,128,86,42,0,0
0x4d078c,99.4586%,42,7715,7757,7589,14,28,126
0x4d0e1b,95.723%,42,940,982,721,24,18,219
0x4cb612,98.9329%,42,3894,3936,0,13,29,3894
0x4d07d4,99.4586%,42,7715,7757,659,23,19,7056
0x50fc5b,83.9695%,42,220,262,91,21,21,129
0x4a6f8c,77.5401%,42,145,187,23,11,31,122
0x4ad342,43.2432%,42,32,74,11,26,16,21
0x419436,99.8469%,42,27400,27442,19,19,23,27381
0x46d16f,94.0928%,42,669,711,669,42,0,0
0x48cb7e,97.8637%,42,1924,1966,1303,11,31,621
0x479c02,99.6491%,42,11928,11970,11810,12,30,118
0x4c7d71,98.842%,42,3585,3627,0,0,42,3585
0x4027f1,98.239%,42,2343,2385,2343,42,0,0
0x4c9683,99.2626%,42,5654,5696,5654,42,0,0
0x49ed13,38.2353%,42,26,68,14,20,22,12
0x4b8ea0,99.5645%,42,9602,9644,0,0,42,9602
0x4d1a7b,86.7314%,41,268,309,8,28,13,260
0x608b68,99.8445%,41,26321,26362,296,13,28,26025
0x4d7df1,52.8736%,41,46,87,1,0,41,45
0x49ea37,85.0365%,41,233,274,197,11,30,36
0x4acd5c,19.6078%,41,10,51,4,30,11,6
0x476f1a,98.0288%,41,2039,2080,1164,14,27,875
0x40743c,99.7222%,41,14719,14760,14719,18,23,0
0x4cf88d,99.7537%,41,16604,16645,173,20,21,16431
0x4d2590,65.2542%,41,77,118,0,0,41,77
0x4cfc97,99.5197%,41,8496,8537,8483,19,22,13
0x478f0b,95.7513%,41,924,965,0,0,41,924
0x50fb33,99.4173%,41,6995,7036,6954,22,19,41
0x4cfad9,96.4746%,41,1122,1163,1122,41,0,0
0x48ca02,97.7886%,41,1813,1854,1259,13,28,554
0x4d970c,99.8051%,41,20998,21039,20998,41,0,0
0x408d0a,71.4286%,40,100,140,52,12,28,48
0x4d62e1,99.7308%,40,14819,14859,87,18,22,14732
0x4a2b73,85.6115%,40,238,278,219,19,21,19
0x4ba4f3,99.3797%,40,6408,6448,0,0,40,6408
0x4a7855,62.6168%,40,67,107,22,31,9,45
0x41a4f4,99.4467%,40,7189,7229,7166,21,19,23
0x4b95ba,84.4358%,40,217,257,106,29,11,111
0x45b1ea,91.1111%,40,410,450,52,11,29,358
0x463b97,98.4102%,40,2476,2516,2209,31,9,267
0x476de2,87.9154%,40,291,331,17,4,36,274
0x4b94ea,94.382%,40,672,712,651,17,23,21
0x4cc4cc,99.859%,40,28321,28361,28321,40,0,0
0x418edf,98.1966%,40,2178,2218,2176,16,24,2
0x48cb6b,97.5415%,40,1587,1627,629,30,10,958
0x4c2360,97.1731%,40,1375,1415,0,33,7,1375
0x4be9e1,99.2123%,39,4912,4951,277,26,13,4635
0x41a520,99.2378%,39,5078,5117,60,24,15,5018
0x4a72a8,89.1061%,39,319,358,1,36,3,318
0x4c6cc7,68.5484%,39,85,124,22,27,12,63
0x5f0cf6,94.4365%,39,662,701,649,17,22,13
0x467538,57.1429%,39,52,91,2,28,11,50
0x49d29f,42.6471%,39,29,68,17,17,22,12
0x4be704,99.2439%,39,5119,5158,219,29,10,4900
0x47819d,94.8207%,39,714,753,57,12,27,657
0x4bd988,98.842%,39,3329,3368,3103,16,23,226
0x5ef09e,99.64%,39,10793,10832,2485,6,33,8308
0x4c642b,99.9678%,39,121138,121177,121133,36,3,5
0x4baf43,95.1911%,39,772,811,757,19,20,15
0x4c73d5,98.512%,39,2582,2621,611,34,5,1971
0x4ca52d,99.9793%,39,187945,187984,184331,26,13,3614
0x4a2b5f,53.012%,39,44,83,32,18,21,12
0x4d0e4b,95.3846%,39,806,845,387,22,17,419
0x48c27b,97.0046%,39,1263,1302,815,9,30,448
0x5f0b2a,42.6471%,39,29,68,23,5,34,6
0x4761f7,99.8662%,39,29117,29156,0,0,39,29117
0x4a8901,45.7143%,38,32,70,0,0,38,32
0x463c1b,98.4897%,38,2478,2516,116,15,23,2362
0x5114de,99.9798%,38,188075,188113,188075,38,0,0
0x4ba84d,99.9116%,38,42942,42980,655,16,22,42287
0x4d8ea9,99.7694%,38,16442,16480,0,0,38,16442
0x417fa0,99.8754%,38,30466,30504,50,16,22,30416
0x47a230,96.7128%,38,1118,1156,1118,38,0,0
0x4210c4,89.7574%,38,333,371,326,17,21,7
0x476e94,99.1445%,38,4404,4442,36,20,18,4368
0x4d5cc6,88.4498%,38,291,329,246,14,24,45
0x48deb2,89.1117%,38,311,349,308,38,0,3
0x401d28,98.7119%,38,2912,2950,258,14,24,2654
0x60a2c0,62.7451%,38,64,102,45,5,33,19
0x40208c,98.9186%,38,3476,3514,3368,22,16,108
0x49ea57,62%,38,62,100,30,20,18,32
0x4c6bef,98.7662%,38,3042,3080,2955,21,17,87
0x49efee,62%,38,62,100,53,30,8,9
0x4196ce,98.2914%,38,2186,2224,2186,38,0,0
0x418c1c,98.5174%,38,2525,2563,2525,38,0,0
0x476de7,99.0995%,38,4182,4220,59,34,4,4123
0x47abcf,98.2284%,38,2107,2145,2053,27,11,54
0x479eb6,84.2975%,38,204,242,57,24,14,147
0x4da95d,99.4919%,38,7441,7479,54,24,14,7387
0x60a94a,80.7292%,37,155,192,22,21,16,133
0x46e965,96.03%,37,895,932,0,0,37,895
0x478475,88.6154%,37,288,325,61,21,16,227
0x46c9fb,97.6403%,37,1531,1568,58,18,19,1473
0x50fa46,80.4233%,37,152,189,152,18,19,0
0x4d8fc6,99.0503%,37,3859,3896,0,0,37,3859
0x4c4d8c,98.7748%,37,2983,3020,2812,20,17,171
0x48cb0b,98.7419%,37,2904,2941,297,33,4,2607
0x45c284,91.9037%,37,420,457,372,16,21,48
0x462db1,88.7879%,37,293,330,293,37,0,0
0x4c4e5e,98.4493%,37,2349,2386,0,0,37,2349
0x4a23ed,47.8873%,37,34,71,16,1,36,18
0x4d583e,99.4852%,37,7150,7187,115,13,24,7035
0x60903d,94.8611%,37,683,720,613,19,18,70
0x4a84ca,80.829%,37,156,193,156,37,0,0
0x4baaa5,99.4261%,37,6410,6447,1684,31,6,4726
0x4b3539,45.5882%,37,31,68,1,33,4,30
0x47bb0f,64.0777%,37,66,103,66,37,0,0
0x4670fc,95.1823%,37,731,768,127,12,25,604
0x4b3b47,63.7255%,37,65,102,6,28,9,59
0x4c6cb6,99.368%,36,5660,5696,5566,6,30,94
0x4d0813,99.1579%,36,4239,4275,4226,28,8,13
0x4a72e2,88.785%,36,285,321,216,11,25,69
0x50f4f9,98.8068%,36,2981,3017,14,33,3,2967
0x464e9f,82.8571%,36,174,210,106,10,26,68
0x460166,99.4484%,36,6490,6526,6490,36,0,0
0x5f0844,84.6154%,36,198,234,175,20,16,23
0x4c260b,99.7836%,36,16601,16637,16601,15,21,0
0x45b040,84.7458%,36,200,236,143,3,33,57
0x4c256d,99.6267%,36,9608,9644,9561,23,13,47
0x4d74e3,99.6234%,36,9524,9560,0,6,30,9524
0x4ce624,99.6716%,36,10927,10963,10927,36,0,0
0x4bdd04,98.9643%,36,3440,3476,1822,5,31,1618
0x420813,12.1951%,36,5,41,0,0,36,5
0x4cc712,99.8059%,35,17999,18034,0,20,15,17999
0x4d8fd4,99.1016%,35,3861,3896,0,0,35,3861
0x479b08,99.7076%,35,11935,11970,11812,10,25,123
0x4c54f1,99.6926%,35,11351,11386,8436,22,13,2915
0x40187d,99.5756%,35,8211,8246,0,4,31,8211
0x476131,99.3752%,35,5567,5602,137,24,11,5430
0x5f3098,98.6837%,35,2624,2659,0,0,35,2624
0x4d902e,93.1102%,35,473,508,473,35,0,0
0x4cc870,99.8057%,35,17979,18014,0,0,35,17979
0x412f33,99.42%,35,5999,6034,9,27,8,5990
0x4a7a73,81.5789%,35,155,190,135,21,14,20
0x460065,99.4637%,35,6491,6526,2,7,28,6489
0x60ae8a,64.2857%,35,63,98,39,18,17,24
0x41893c,86.3454%,34,215,249,110,21,13,105
0x4a1fed,92.1659%,34,400,434,399,18,16,1
0x50fc40,96.5412%,34,949,983,552,6,28,397
0x45b1bd,92.4444%,34,416,450,416,34,0,0
0x47baae,84.2593%,34,182,216,75,30,4,107
0x4a777f,88.9968%,34,275,309,201,5,29,74
0x4cf5a3,99.8347%,34,20537,20571,0,0,34,20537
0x49e8a0,83.6538%,34,174,208,163,11,23,11
0x4bedac,98.9372%,34,3165,3199,3145,10,24,20
0x428065,52.7778%,34,38,72,33,9,25,5
0x4ca09e,99.977%,34,148040,148074,148038,26,8,2
0x4ac32f,96.4286%,34,918,952,18,16,18,900
0x498cb7,97.2447%,34,1200,1234,23,13,21,1177
0x4bc1ff,98.3886%,34,2076,2110,169,12,22,1907
0x4d58d1,84.4037%,34,184,218,114,15,19,70
0x4affbe,67.3077%,34,70,104,28,24,10,42
0x47a292,96.4059%,34,912,946,906,34,0,6
0x4ca7d9,99.0516%,34,3551,3585,2070,17,17,1481
0x4c7a75,93.9177%,34,525,559,99,3,31,426
0x4d0570,99.5658%,34,7797,7831,7770,21,13,27
0x50fad3,92.1478%,34,399,433,12,3,31,387
0x4acb44,0%,34,0,34,0,17,17,0
0x4ca634,99.7039%,34,11449,11483,2363,18,16,9086
0x50f601,98.7213%,34,2625,2659,2625,34,0,0
0x4d050f,99.5841%,33,7901,7934,21,14,19,7880
0x49cfff,87.9562%,33,241,274,54,18,15,187
0x4baffb,61.6279%,33,53,86,51,23,10,2
0x47c563,99.4674%,33,6163,6196,0,0,33,6163
0x417e2b,99.8918%,33,30471,30504,0,0,33,30471
0x464965,91.4729%,33,354,387,15,0,33,339
0x4cc719,99.8168%,33,17981,18014,0,0,33,17981
0x4e2668,65.2632%,33,62,95,47,15,18,15
0x4ba3d8,99.7208%,33,11786,11819,528,24,9,11258
0x4c3715,99.9824%,33,187951,187984,187951,33,0,0
0x50fb69,94.1696%,33,533,566,58,20,13,475
0x4bdc8e,88.3392%,33,250,283,0,0,33,250
0x4ca756,99.0795%,33,3552,3585,2314,25,8,1238
0x46c918,98.221%,33,1822,1855,0,0,33,1822
0x49f680,83.6634%,33,169,202,0,0,33,169
0x41a4ce,99.5435%,33,7196,7229,0,0,33,7196
0x49a4c8,8.33333%,33,3,36,3,33,0,0
0x50fa38,82.5397%,33,156,189,6,22,11,150
0x4d29bf,72.0339%,33,85,118,85,33,0,0
0x4d8b96,73.8095%,33,93,126,16,14,19,77
0x4600ce,99.4936%,33,6484,6517,0,0,33,6484
0x5fa256,90.9836%,33,333,366,3,20,13,330
0x49e7ec,51.5152%,32,34,66,27,6,26,7
0x4cebb6,97.5739%,32,1287,1319,1287,32,0,0
0x4a73a8,79.085%,32,121,153,101,15,17,20
0x4d5c8e,99.7957%,32,15631,15663,15630,13,19,1
0x4a7ba4,64.4444%,32,58,90,40,13,19,18
0x4d59e2,99.204%,32,3988,4020,3986,26,6,2
0x479eac,97.5702%,32,1285,1317,1062,13,19,223
0x445a82,93.1624%,32,436,468,0,0,32,436
0x5ef074,99.6164%,32,8309,8341,7406,12,20,903
0x4a575a,5.88235%,32,2,34,2,15,17,0
0x4d6337,97.4922%,32,1244,1276,0,17,15,1244
0x60a4e2,68.6275%,32,70,102,33,6,26,37
0x47bb03,68.932%,32,71,103,0,0,32,71
0x4a62da,83.1579%,32,158,190,111,31,1,47
0x4ca84d,97.8638%,32,1466,1498,382,9,23,1084
0x46e9e2,96.5665%,32,900,932,412,23,9,488
0x4a7313,79.7386%,31,122,153,109,7,24,13
0x4bee73,99.975%,31,124135,124166,4,0,31,124131
0x47b935,87.3984%,31,215,246,18,12,19,197
0x4a73b1,16.2162%,31,6,37,4,13,18,2
0x5f078d,77.6978%,31,108,139,57,8,23,51
0x4a2a79,62.6506%,31,52,83,9,8,23,43
0x4b94c8,95.6461%,31,681,712,0,0,31,681
0x427bd6,26.1905%,31,11,42,4,11,20,7
0x49ee1d,56.9444%,31,41,72,22,14,17,19
0x4bb8fa,74.5902%,31,91,122,43,7,24,48
0x469643,95.0715%,31,598,629,178,22,9,420
0x4ac7df,69%,31,69,100,31,19,12,38
0x467be0,65.9341%,31,60,91,19,11,20,41
0x49f3f5,88.6861%,31,243,274,43,29,2,200
0x50f5d4,98.8341%,31,2628,2659,0,0,31,2628
0x5f1da1,66.6667%,31,62,93,43,15,16,19
0x4d3768,98.9459%,31,2910,2941,2910,31,0,0
0x60abea,79.0541%,31,117,148,21,18,13,96
0x47a2c8,96.723%,31,915,946,915,31,0,0
0x46568e,92.2481%,30,357,387,176,3,27,181
0x47c88b,84.5361%,30,164,194,163,17,13,1
0x46ce49,93.9516%,30,466,496,451,21,9,15
0x41740d,77.6119%,30,104,134,75,13,17,29
0x4c7d5b,99.1729%,30,3597,3627,0,0,30,3597
0x4adc4e,91.9786%,30,344,374,0,0,30,344
0x41add7,72.973%,30,81,111,81,30,0,0
0x4c519f,98.6831%,30,2248,2278,217,20,10,2031
0x5fa2fe,69.0722%,30,67,97,10,17,13,57
0x4c6e83,98.9754%,30,2898,2928,81,13,17,2817
0x4a0856,84.2105%,30,160,190,142,12,18,18
0x418b53,99.9092%,30,33017,33047,24564,26,4,8453
0x4a7a53,95.8333%,30,690,720,26,27,3,664
0x4d7526,99.6862%,30,9530,9560,9530,30,0,0
0x4a84fa,84.456%,30,163,193,156,5,25,7
0x4a895c,57.1429%,30,40,70,15,19,11,25
0x46c781,98.3827%,30,1825,1855,877,11,19,948
0x609828,97.2527%,30,1062,1092,518,17,13,544
0x418a0e,99.895%,30,28529,28559,25574,12,18,2955
0x45734f,97.1098%,30,1008,1038,72,17,13,936
0x4b23bf,11.7647%,30,4,34,3,14,16,1
0x5f0593,86.7841%,30,197,227,87,19,11,110
0x4cfb06,99.8315%,30,17778,17808,17705,5,25,73
0x4bdd0e,98.1807%,30,1619,1649,62,16,14,1557
0x41ae06,73.8739%,29,82,111,68,28,1,14
0x5f1e02,72.381%,29,76,105,76,29,0,0
0x4d2dd7,99.6855%,29,9192,9221,0,0,29,9192
0x5ef13a,98.2088%,29,1590,1619,1590,13,16,0
0x4b8a60,72.1154%,29,75,104,56,10,19,19
0x609ed6,76.8%,29,96,125,20,7,22,76
0x4d96f7,99.8622%,29,21010,21039,0,0,29,21010
0x49ecab,71%,29,71,100,31,3,26,40
0x40a563,92.033%,29,335,364,0,0,29,335
0x4d7bb1,38.2979%,29,18,47,13,15,14,5
0x4cce6e,98.388%,29,1770,1799,128,14,15,1642
0x459c9d,82.0988%,29,133,162,112,17,12,21
0x4a3fc9,65.0602%,29,54,83,40,10,19,14
0x4a441f,21.6216%,29,8,37,4,16,13,4
0x49942f,96.224%,29,739,768,739,29,0,0
0x4cf6de,99.8258%,29,16616,16645,16616,29,0,0
0x4d5a6f,99.8736%,29,22908,22937,22908,29,0,0
0x4d404b,79.4326%,29,112,141,0,0,29,112
0x45c273,93.9834%,29,453,482,444,13,16,9
0x427a34,86.1905%,29,181,210,129,15,14,52
0x466cf2,94.0937%,29,462,491,462,29,0,0
0x4a2489,93.7901%,29,438,467,438,29,0,0
0x4a7ab1,91.9444%,29,331,360,262,13,16,69
0x478f29,96.9948%,29,936,965,22,16,13,914
0x48cd11,97.8244%,28,1259,1287,958,5,23,301
0x4d7c29,94.964%,28,528,556,0,0,28,528
0x459c76,82.716%,28,134,162,115,26,2,19
0x4b1631,73.0769%,28,76,104,76,28,0,0
0x46d848,97.5417%,28,1111,1139,0,0,28,1111
0x4ac7ba,92.5134%,28,346,374,87,13,15,259
0x464531,92.7649%,28,359,387,359,28,0,0
0x4699fe,68.1818%,28,60,88,60,28,0,0
0x4d61cc,95.0963%,28,543,571,541,26,2,2
0x4a7238,81.6993%,28,125,153,106,10,18,19
0x4a8922,60%,28,42,70,20,16,12,22
0x60a7fa,87.4439%,28,195,223,47,15,13,148
0x4c4eaa,98.892%,28,2499,2527,336,12,16,2163
0x476059,99.8187%,28,15419,15447,15419,28,0,0
0x5f046a,99.7753%,28,12433,12461,0,0,28,12433
0x4671cc,96.3542%,28,740,768,619,10,18,121
0x5f07d6,69.8925%,28,65,93,17,22,6,48
0x47618c,99.9165%,28,33523,33551,33522,21,7,1
0x4d9754,99.8669%,28,21011,21039,0,0,28,21011
0x4a629b,85.2632%,28,162,190,156,17,11,6
0x4b9ff0,96.8109%,28,850,878,814,7,21,36
0x4ca7f4,98.1308%,28,1470,1498,1081,22,6,389
0x46761c,54.0984%,28,33,61,33,28,0,0
0x4c4522,98.9168%,28,2557,2585,2557,28,0,0
0x47c7f7,99.2647%,28,3780,3808,0,0,28,3780
0x4b5afb,17.6471%,28,6,34,6,28,0,0
0x4cc858,99.7438%,28,10899,10927,0,17,11,10899
0x609720,89.272%,28,233,261,197,1,27,36
0x4e2448,61.1111%,28,44,72,32,16,12,12
0x47b63e,99.0241%,28,2841,2869,2841,28,0,0
0x420a39,97.7831%,28,1235,1263,1235,28,0,0
0x4bc24b,78.2258%,27,97,124,61,16,11,36
0x478497,67.0732%,27,55,82,55,27,0,0
0x4c7a83,94.0919%,27,430,457,208,6,21,222
0x4c457c,99.566%,27,6194,6221,0,0,27,6194
0x60afda,92.8382%,27,350,377,61,10,17,289
0x45a5bf,66.6667%,27,54,81,54,27,0,0
0x40205a,99.1352%,27,3095,3122,0,0,27,3095
0x4b64e2,60.2941%,27,41,68,30,4,23,11
0x47d16e,99.4542%,27,4920,4947,4673,5,22,247
0x4a79f7,74.7664%,27,80,107,40,14,13,40
0x4ba427,98.917%,27,2466,2493,2465,11,16,1
0x4d1fad,90.1099%,27,246,273,243,15,12,3
0x49cbf7,98.8759%,27,2375,2402,1832,1,26,543
0x47bad7,73.7864%,27,76,103,2,24,3,74
0x46d706,91.9643%,27,309,336,89,8,19,220
0x4b96e4,99.2556%,27,3600,3627,3600,27,0,0
0x50fae3,93.5407%,27,391,418,19,10,17,372
0x41b056,98.664%,27,1994,2021,1951,4,23,43
0x47c940,98.5033%,27,1777,1804,1769,7,20,8
0x4b5b32,20.5882%,27,7,34,3,14,13,4
0x4bac1a,98.4164%,27,1678,1705,1621,17,10,57
0x47da2b,99.0493%,27,2813,2840,2813,13,14,0
0x401759,96.3165%,27,706,733,0,0,27,706
0x4d7947,99.6581%,27,7869,7896,7777,16,11,92
0x4d90b8,98.0421%,27,1352,1379,1275,8,19,77
0x47ba0e,87.5%,27,189,216,0,0,27,189
0x4b17f1,60.2941%,27,41,68,41,27,0,0
0x4d631d,97.9118%,27,1266,1293,2,15,12,1264
0x408c01,91.4826%,27,290,317,3,4,23,287
0x4bbd89,98.8095%,26,2158,2184,0,0,26,2158
0x4bafec,97.0885%,26,867,893,795,12,14,72
0x49ed72,61.7647%,26,42,68,17,17,9,25
0x46496e,93.0108%,26,346,372,160,2,24,186
0x47a3fc,97.234%,26,914,940,129,15,11,785
0x49e969,60.6061%,26,40,66,7,26,0,33
0x4996fe,95.7447%,26,585,611,575,18,8,10
0x47bb47,74.7573%,26,77,103,74,25,1,3
0x459cc6,83.6478%,26,133,159,116,13,13,17
0x47bc5d,89.2562%,26,216,242,10,20,6,206
0x49c8a5,96.6146%,26,742,768,135,4,22,607
0x4c5157,99.5268%,26,5468,5494,11,11,15,5457
0x4d587d,98.7524%,26,2058,2084,2058,26,0,0
0x475ed5,99.8472%,26,16985,17011,16985,26,0,0
0x4b8b01,75%,26,78,104,38,14,12,40
0x50fafd,91.9505%,26,297,323,297,26,0,0
0x418eae,98.3492%,26,1549,1575,1548,10,16,1
0x49f414,87.1287%,26,176,202,119,15,11,57
0x476bef,88.2883%,26,196,222,196,26,0,0
0x4b324f,61.7647%,26,42,68,16,18,8,26
0x469bb1,78.3333%,26,94,120,94,26,0,0
0x49c738,62.3188%,26,43,69,25,25,1,18
0x49aef2,50.9434%,26,27,53,19,17,9,8
0x4d6344,97.9349%,26,1233,1259,1,8,18,1232
0x459431,95.4466%,26,545,571,545,26,0,0
0x4bae61,99.6619%,26,7665,7691,0,0,26,7665
0x4c2592,76.7857%,26,86,112,47,5,21,39
0x469a5b,78.3333%,26,94,120,0,0,26,94
0x419044,99.7822%,26,11912,11938,11912,26,0,0
0x4d2de2,99.7289%,25,9196,9221,9152,11,14,44
0x463bae,90.942%,25,251,276,251,25,0,0
0x4c651a,99.7795%,25,11315,11340,11315,25,0,0
0x47b3dd,99.7554%,25,10195,10220,0,0,25,10195
0x479b0f,83.1081%,25,123,148,121,13,12,2
0x476516,99.3958%,25,4113,4138,0,0,25,4113
0x4d0cfa,16.6667%,25,5,30,5,25,0,0
0x401717,88.1517%,25,186,211,186,25,0,0
0x498bb5,97.9968%,25,1223,1248,1222,12,13,1
0x479645,96.0317%,25,605,630,573,12,13,32
0x4996e8,96.0254%,25,604,629,8,10,15,596
0x4bb361,93.1319%,25,339,364,339,25,0,0
0x49cb53,98.9592%,25,2377,2402,122,17,8,2255
0x47bc1c,89.6694%,25,217,242,217,25,0,0
0x4a845e,87.0466%,25,168,193,153,22,3,15
0x4c9ef0,99.8962%,25,24052,24077,24052,25,0,0
0x4d0d42,16.6667%,25,5,30,5,25,0,0
0x4b34d8,85.2941%,25,145,170,101,1,24,44
0x4d079e,83.7662%,25,129,154,0,0,25,129
0x48be1d,97.1751%,25,860,885,345,13,12,515
0x4bbacc,86.5591%,25,161,186,53,21,4,108
0x4dafc5,99.8779%,25,20442,20467,20442,25,0,0
0x60b90a,84.7561%,25,139,164,30,13,12,109
0x477089,99.9107%,25,27966,27991,27965,14,11,1
0x60ad3a,85.7143%,25,150,175,26,19,6,124
0x46d1a0,97.8051%,25,1114,1139,452,11,14,662
0x50fb8e,98.7963%,25,2052,2077,44,7,18,2008
0x4baff0,70.9302%,25,61,86,0,0,25,61
0x4b07f9,26.4706%,25,9,34,0,0,25,9
0x47a6c4,99.9034%,25,25846,25871,0,0,25,25846
0x40a696,99.5985%,25,6201,6226,5898,3,22,303
0x46e96b,97.3176%,25,907,932,907,25,0,0
0x475fa6,99.8548%,25,17190,17215,17190,25,0,0
0x46e9ce,94.4828%,24,411,435,411,24,0,0
0x49f0e8,81.9549%,24,109,133,109,24,0,0
0x4c4658,99.9865%,24,177239,177263,0,0,24,177239
0x4c49a6,99.7292%,24,8837,8861,8837,24,0,0
0x47658e,90.5138%,24,229,253,229,24,0,0
0x443768,98.3806%,24,1458,1482,0,0,24,1458
0x47931d,98.4085%,24,1484,1508,1484,24,0,0
0x4a89e0,65.7143%,24,46,70,17,19,5,29
0x427c86,91.2088%,24,249,273,249,24,0,0
0x418b1b,99.9155%,24,28362,28386,3272,8,16,25090
0x46012c,99.6321%,24,6499,6523,6485,13,11,14
0x45b1f9,93.7984%,24,363,387,43,12,12,320
0x47d2e5,99.5149%,24,4923,4947,4908,12,12,15
0x4a4c11,35.1351%,24,13,37,7,13,11,6
0x4a626c,87.3684%,24,166,190,0,0,24,166
0x4dafac,99.8827%,24,20443,20467,0,0,24,20443
0x4d0c02,20%,24,6,30,0,0,24,6
0x47bea2,98.3229%,24,1407,1431,1314,21,3,93
0x4a7637,92.233%,24,285,309,285,24,0,0
0x463c54,99.0461%,24,2492,2516,2241,2,22,251
0x4cb6e7,99.3593%,24,3722,3746,3722,24,0,0
0x41c685,82.2222%,24,111,135,102,19,5,9
0x48bc10,98.1524%,24,1275,1299,272,20,4,1003
0x4a6178,93.0836%,24,323,347,312,1,23,11
0x4d0569,99.6935%,24,7807,7831,0,0,24,7807
0x47bb3d,76.699%,24,79,103,0,0,24,79
0x4c3ad5,98.0149%,24,1185,1209,1185,24,0,0
0x470057,99.9095%,24,26488,26512,0,15,9,26488
0x467744,60.6557%,24,37,61,37,24,0,0
0x4cc9ef,99.988%,24,199305,199329,199305,24,0,0
0x4a853a,87.5648%,24,169,193,158,3,21,11
0x4a5e54,80%,24,96,120,87,16,8,9
0x4210bc,94.0299%,24,378,402,14,17,7,364
0x5efae3,98.5176%,24,1595,1619,1595,24,0,0
0x4bb962,65.7143%,24,46,70,46,24,0,0
0x41a682,99.6644%,23,6830,6853,6830,23,0,0
0x420822,86.7052%,23,150,173,0,0,23,150
0x464573,94.0568%,23,364,387,190,17,6,174
0x462dc6,93.0303%,23,307,330,0,0,23,307
0x4b362a,77.451%,23,79,102,67,1,22,12
0x50fe11,96.467%,23,628,651,627,11,12,1
0x4be006,77.6699%,23,80,103,74,15,8,6
0x4cf893,99.8602%,23,16429,16452,16429,23,0,0
0x49cc91,99.0425%,23,2379,2402,122,17,6,2257
0x467216,83.4532%,23,116,139,107,18,5,9
0x47b6ef,99.1983%,23,2846,2869,0,0,23,2846
0x467980,23.3333%,23,7,30,0,0,23,7
0x4d6403,86.4706%,23,147,170,147,23,0,0
0x4b96d6,99.3659%,23,3604,3627,0,0,23,3604
0x4acbce,54.902%,23,28,51,13,21,2,15
0x4d405d,83.6879%,23,118,141,118,23,0,0
0x42088e,98.1789%,23,1240,1263,1240,23,0,0
0x50fe07,96.4885%,23,632,655,1,3,20,631
0x5ee9b3,89.4495%,23,195,218,193,16,7,2
0x476488,99.8252%,23,13133,13156,560,9,14,12573
0x4b9c5b,99.8207%,23,12804,12827,12804,6,17,0
0x4d630d,99.4764%,23,4370,4393,3084,16,7,1286
0x427965,91.5751%,23,250,273,246,12,11,4
0x4a72ed,75.5319%,23,71,94,0,0,23,71
0x49aa2b,36.1111%,23,13,36,13,23,0,0
0x421524,73.2558%,23,63,86,57,21,2,6
0x4ca848,96.6715%,23,668,691,289,7,16,379
0x49f68d,88.6139%,23,179,202,179,23,0,0
0x4c4152,97.9464%,23,1097,1120,2,15,8,1095
0x4d8b55,95.7643%,23,520,543,3,16,7,517
0x4d7ddf,73.5632%,23,64,87,0,0,23,64
0x49cc7b,99.0425%,23,2379,2402,1825,8,15,554
0x60b3ca,73.8636%,23,65,88,42,15,8,23
0x45dddb,92.8349%,23,298,321,9,3,20,289
0x476182,99.9314%,23,33528,33551,0,0,23,33528
0x4d8a2b,99.3466%,23,3497,3520,3480,14,9,17
0x60a4e8,63.4921%,23,40,63,0,0,23,40
0x4c4e9e,96.2357%,23,588,611,386,2,21,202
0x4b8fec,99.7615%,23,9621,9644,0,0,23,9621
0x60aa9a,89.0995%,23,188,211,33,13,10,155
0x4a7524,84.9673%,23,130,153,111,8,15,19
0x478ead,99.5701%,22,5096,5118,5096,22,0,0
0x5fa313,68.5714%,22,48,70,5,14,8,43
0x465696,89.4231%,22,186,208,186,22,0,0
0x4a7be2,79.4393%,22,85,107,82,8,14,3
0x45b10e,90.3084%,22,205,227,205,22,0,0
0x4a7b9f,79.4393%,22,85,107,1,16,6,84
0x4d5b5c,91.5385%,22,238,260,238,22,0,0
0x5ef0ce,98.6411%,22,1597,1619,1031,17,5,566
0x4672e2,97.1354%,22,746,768,746,22,0,0
0x408cd4,77.551%,22,76,98,76,22,0,0
0x4d2e24,99.76%,22,9144,9166,9144,22,0,0
0x48c964,99.3625%,22,3429,3451,0,0,22,3429
0x4a8836,78%,22,78,100,53,14,8,25
0x4b9910,91.5709%,22,239,261,239,22,0,0
0x476137,99.5957%,22,5419,5441,5364,13,9,55
0x4cb4d7,99.6423%,22,6128,6150,6128,22,0,0
0x418d59,99.0081%,22,2196,2218,2196,22,0,0
0x47a10f,86.3354%,22,139,161,0,0,22,139
0x465568,94.3152%,22,365,387,0,0,22,365
0x4bb47c,93.956%,22,342,364,287,2,20,55
0x4d8a5f,82.5397%,22,104,126,0,0,22,104
0x48c46b,94.686%,22,392,414,212,13,9,180
0x47b18a,99.8191%,22,12137,12159,0,0,22,12137
0x4184ec,62.069%,22,36,58,33,8,14,3
0x4a2ba2,45%,22,18,40,3,17,5,15
0x4cf5d9,87.6404%,22,156,178,0,0,22,156
0x4d5c60,89.7674%,22,193,215,193,22,0,0
0x45a5a2,72.8395%,22,59,81,0,0,22,59
0x60addc,68.1159%,22,47,69,20,15,7,27
0x49a510,38.8889%,22,14,36,14,22,0,0
0x49a859,38.8889%,22,14,36,14,22,0,0
0x4c3c24,98.2172%,22,1212,1234,1198,9,13,14
0x4c7b0b,98.4583%,22,1405,1427,323,9,13,1082
0x4437de,95.2991%,22,446,468,0,0,22,446
0x445af0,96.8661%,22,680,702,222,12,10,458
0x4d5747,99.9222%,22,28251,28273,0,0,22,28251
0x41d359,99.5497%,22,4864,4886,4864,6,16,0
0x47c4f4,99.6449%,22,6174,6196,6174,22,0,0
0x4ac96b,96.0573%,22,536,558,18,22,0,518
0x45b065,90.3084%,22,205,227,97,4,18,108
0x5f056d,99.8309%,21,12401,12422,0,0,21,12401
0x473b94,95.4741%,21,443,464,443,21,0,0
0x4c3b51,98.2982%,21,1213,1234,1213,21,0,0
0x41b17e,98.9609%,21,2000,2021,0,0,21,2000
0x4cfa32,98.1943%,21,1142,1163,130,18,3,1012
0x49d302,38.2353%,21,13,34,1,16,5,12
0x4bac0f,98.7683%,21,1684,1705,0,0,21,1684
0x467784,65.5738%,21,40,61,0,0,21,40
0x4a7820,80.3738%,21,86,107,0,0,21,86
0x4bb93b,70.8333%,21,51,72,49,21,0,2
0x4b213d,38.2353%,21,13,34,12,5,16,1
0x4c484f,99.7193%,21,7460,7481,0,0,21,7460
0x4a72c0,89.9522%,21,188,209,136,6,15,52
0x48c5d7,96.3918%,21,561,582,0,0,21,561
0x5ef1a3,95.2915%,21,425,446,0,0,21,425
0x4bdd83,98.6633%,21,1550,1571,56,6,15,1494
0x48d67a,99.6637%,21,6223,6244,6223,21,0,0
0x4b94a9,98.2441%,21,1175,1196,467,17,4,708
0x45c298,69.5652%,21,48,69,7,9,12,41
0x47a9a0,99.9174%,21,25403,25424,25403,21,0,0
0x47b680,99.268%,21,2848,2869,2848,21,0,0
0x49e94c,93.4375%,21,299,320,284,3,18,15
0x4ac86c,79%,21,79,100,45,5,16,34
0x50faee,94.6015%,21,368,389,57,9,12,311
0x464ff5,96.0967%,21,517,538,0,0,21,517
0x4675ec,65.5738%,21,40,61,15,15,6,25
0x50fe81,96.4883%,21,577,598,132,18,3,445
0x4b8d62,85%,21,119,140,119,21,0,0
0x50fd0e,84.5588%,21,115,136,114,21,0,1
0x45b339,92.6573%,21,265,286,3,17,4,262
0x4c5861,99.5906%,21,5109,5130,4882,14,7,227
0x4bce14,98.8764%,21,1848,1869,0,0,21,1848
0x60b51a,58%,21,29,50,8,18,3,21
0x49a19b,41.6667%,21,15,36,15,21,0,0
0x4c40d3,98.3133%,21,1224,1245,114,11,10,1110
0x41a34d,94.2308%,21,343,364,340,19,2,3
0x4c499a,99.7709%,21,9147,9168,290,17,4,8857
0x4abe76,75.5814%,21,65,86,2,18,3,63
0x4a6fc8,86.2745%,21,132,153,0,0,21,132
0x41a451,99.7095%,21,7208,7229,365,11,10,6843
0x4c5993,99.9559%,21,47611,47632,1,6,15,47610
0x49eda1,41.1765%,20,14,34,0,0,20,14
0x4c5afd,99.9573%,20,46816,46836,46671,20,0,145
0x427992,92.674%,20,253,273,253,20,0,0
0x499765,44.4444%,20,16,36,16,20,0,0
0x4766a1,99.8231%,20,11285,11305,1,12,8,11284
0x479aaf,99.8329%,20,11950,11970,11950,17,3,0
0x4ca175,91.0314%,20,203,223,37,12,8,166
0x478aa9,99.6143%,20,5165,5185,5154,12,8,11
0x46727e,97.3958%,20,748,768,748,20,0,0
0x4a5903,41.1765%,20,14,34,11,6,14,3
0x4b85fa,80.7692%,20,84,104,84,20,0,0
0x60b27a,96.5753%,20,564,584,85,9,11,479
0x47c46c,90.7407%,20,196,216,194,17,3,2
0x47af45,99.2054%,20,2497,2517,0,0,20,2497
0x4bb04c,87.013%,20,134,154,1,5,15,133
0x4b8a17,80.7692%,20,84,104,52,0,20,32
0x465230,95.8932%,20,467,487,467,7,13,0
0x4a4d73,45.9459%,20,17,37,2,15,5,15
0x60a59f,48.7179%,20,19,39,17,2,18,2
0x4df8d9,73.3333%,20,55,75,48,15,5,7
0x478ce9,98.8145%,20,1667,1687,0,0,20,1667
0x49c728,80.5825%,20,83,103,31,3,17,52
0x49f43a,70.5882%,20,48,68,0,0,20,48
0x4d6e0d,98.4974%,20,1311,1331,825,10,10,486
0x4782f1,97.344%,20,733,753,733,20,0,0
0x479860,97.0972%,20,669,689,669,20,0,0
0x465276,91.5612%,20,217,237,150,12,8,67
0x47af53,99.2054%,20,2497,2517,0,0,20,2497
0x47ce3c,99.5964%,20,4936,4956,2,7,13,4934
0x4214cd,76.7442%,20,66,86,0,0,20,66
0x60a79e,67.7419%,20,42,62,42,20,0,0
0x4b08dc,95.1456%,20,392,412,0,0,20,392
0x4b098b,95.1456%,20,392,412,0,0,20,392
0x4792a7,98.3647%,20,1203,1223,0,0,20,1203
0x4baf23,99.7324%,20,7453,7473,6651,11,9,802
0x49ef5c,69.697%,20,46,66,17,16,4,29
0x418be7,99.2987%,20,2832,2852,0,0,20,2832
0x50fb51,98.7088%,20,1529,1549,5,6,14,1524
0x465718,90.3846%,20,188,208,188,20,0,0
0x4c57e4,99.953%,20,42526,42546,0,0,20,42526
0x46fe86,99.9247%,20,26524,26544,26524,20,0,0
0x478076,99.2706%,20,2722,2742,4,14,6,2718
0x4cc73a,99.817%,20,10907,10927,10907,11,9,0
0x5f2c2a,99.8082%,20,10406,10426,0,0,20,10406
0x5fa328,60.7843%,20,31,51,6,9,11,25
0x4e2b22,72.2222%,20,52,72,3,10,10,49
0x47a3d1,97.8723%,20,920,940,0,0,20,920
0x464762,94.832%,20,367,387,356,16,4,11
0x40a5f9,94.5055%,20,344,364,39,0,20,305
0x4d8ffa,99.9072%,20,21527,21547,19350,10,10,2177
0x420bf5,98.5595%,19,1300,1319,0,0,19,1300
0x49c205,47.2222%,19,17,36,17,19,0,0
0x4c23a2,98.607%,19,1345,1364,1345,15,4,0
0x50fc64,87.3333%,19,131,150,36,3,16,95
0x46162f,97.0266%,19,620,639,0,12,7,620
0x4ca369,99.9899%,19,187965,187984,187965,19,0,0
0x421a84,98.4861%,19,1236,1255,1234,14,5,2
0x4a0a06,90%,19,171,190,171,19,0,0
0x4ba96b,99.6842%,19,5998,6017,0,0,19,5998
0x4172d7,85.8209%,19,115,134,38,4,15,77
0x606859,99.5549%,19,4250,4269,0,0,19,4250
0x4d1c9e,93.0403%,19,254,273,3,12,7,251
0x47dd71,99.208%,19,2380,2399,2377,10,9,3
0x417305,85.8209%,19,115,134,115,19,0,0
0x4bdd9a,98.7409%,19,1490,1509,0,0,19,1490
0x459df2,87.3333%,19,131,150,8,7,12,123
0x4cc72b,99.8261%,19,10908,10927,10908,19,0,0
0x4d7553,99.8013%,19,9541,9560,0,0,19,9541
0x47cbd7,99.34%,19,2860,2879,22,17,2,2838
0x4d1c46,24%,19,6,25,0,0,19,6
0x48c837,99.4494%,19,3432,3451,0,0,19,3432
0x464eb9,79.7872%,19,75,94,0,0,19,75
0x48d0ec,94.5559%,19,330,349,1,2,17,329
0x60a2c6,63.4615%,19,33,52,23,4,15,10
0x4cd431,99.8671%,19,14280,14299,0,0,19,14280
0x4699d9,89.2045%,19,157,176,69,19,0,88
0x479ec6,76.5432%,19,62,81,57,19,0,5
0x464980,87.9747%,19,139,158,139,19,0,0
0x5eefb9,99.8474%,19,12432,12451,0,0,19,12432
0x4cf56f,99.9076%,19,20552,20571,0,0,19,20552
0x4cdf27,99.8559%,19,13163,13182,13163,19,0,0
0x4be5b4,99.8151%,19,10258,10277,600,16,3,9658
0x458c01,34.4828%,19,10,29,8,1,18,2
0x4ccb1b,95.5711%,19,410,429,0,0,19,410
0x4ac982,96.332%,19,499,518,474,10,9,25
0x4e2c9d,29.6296%,19,8,27,8,19,0,0
0x4cd1bd,98.2193%,19,1048,1067,0,0,19,1048
0x4d5e7b,91.1628%,19,196,215,196,19,0,0
0x5f2635,99.7589%,19,7862,7881,0,0,19,7862
0x609918,97.9657%,19,915,934,784,12,7,131
0x4bb84a,92.1488%,19,223,242,10,16,3,213
0x4e05fb,73.6111%,19,53,72,53,19,0,0
0x4570c6,98.1922%,19,1032,1051,887,1,18,145
0x45b60a,26.9231%,19,7,26,7,19,0,0
0x47b263,89.7143%,18,157,175,58,18,0,99
0x46c84c,96.319%,18,471,489,119,13,5,352
0x427a5a,72.7273%,18,48,66,33,6,12,15
0x49a456,50%,18,18,36,18,18,0,0
0x4d256c,84.7458%,18,100,118,100,18,0,0
0x427d97,73.5294%,18,50,68,50,18,0,0
0x476866,98.6647%,18,1330,1348,0,0,18,1330
0x4a32b9,86.8613%,18,119,137,115,6,12,4
0x45d96a,33.3333%,18,9,27,0,0,18,9
0x4c598e,99.9622%,18,47632,47650,13,5,13,47619
0x4d8d95,10%,18,2,20,2,18,0,0
0x477ef3,99.6531%,18,5171,5189,5171,18,0,0
0x464b8f,69.4915%,18,41,59,39,5,13,2
0x45ac0a,92.7711%,18,231,249,222,14,4,9
0x4ad1bd,86.7647%,18,118,136,118,1,17,0
0x5ef0a3,99.7842%,18,8323,8341,7404,14,4,919
0x4ce32e,99.7758%,18,8010,8028,8010,18,0,0
0x50f7da,94.3218%,18,299,317,299,4,14,0
0x4a6223,66.6667%,18,36,54,32,2,16,4
0x5f30e8,99.3231%,18,2641,2659,0,0,18,2641
0x4adbee,90.625%,18,174,192,170,5,13,4
0x4d5cde,73.913%,18,51,69,51,18,0,0
0x48d778,94.6903%,18,321,339,321,16,2,0
0x4a72f4,92.0705%,18,209,227,0,17,1,209
0x47a1cc,93.662%,18,266,284,1,7,11,265
0x4d0686,99.6933%,18,5851,5869,5693,16,2,158
0x60a89c,87.0504%,18,121,139,7,9,9,114
0x4c4598,99.7017%,18,6017,6035,5938,10,8,79
0x4c5754,99.5703%,18,4171,4189,4171,18,0,0
0x4cab35,99.2204%,18,2291,2309,104,13,5,2187
0x415018,95.8042%,18,411,429,0,0,18,411
0x459c3f,88.8889%,18,144,162,0,0,18,144
0x4d3754,99.388%,18,2923,2941,2911,14,4,12
0x4df205,76%,18,57,75,18,9,9,39
0x4a24ab,96.1456%,18,449,467,432,1,17,17
0x420a86,98.5748%,18,1245,1263,0,0,18,1245
0x60a383,64%,18,32,50,22,3,15,10
0x406fa6,99.2211%,18,2293,2311,2293,7,11,0
0x4a11c1,65.3846%,18,34,52,34,18,0,0
0x4a3ba1,90.4255%,18,170,188,0,0,18,170
0x4d5c94,10%,18,2,20,0,0,18,2
0x4a46ce,51.3514%,18,19,37,2,18,0,17
0x4b3a57,82.3529%,18,84,102,84,18,0,0
0x464583,95.3488%,18,369,387,175,4,14,194
0x4c3e99,98.5542%,18,1227,1245,18,9,9,1209
0x4a8402,90.6736%,18,175,193,20,16,2,155
0x46986c,89.8876%,18,160,178,0,0,18,160
0x46971b,94.9438%,18,338,356,160,18,0,178
0x45b32a,94.6588%,18,319,337,41,10,8,278
0x46cea2,25%,18,6,24,6,18,0,0
0x4a86b9,88.535%,18,139,157,123,16,2,16
0x48cb87,97.2393%,18,634,652,517,16,2,117
0x479fff,88.8199%,18,143,161,143,18,0,0
0x4a871b,88.535%,18,139,157,139,18,0,0
0x49ce63,99.2506%,18,2384,2402,121,18,0,2263
0x45822d,97.3875%,18,671,689,18,2,16,653
0x499fce,50%,18,18,36,18,18,0,0
0x4daee9,99.9121%,18,20449,20467,0,0,18,20449
0x457e7c,50%,18,18,36,12,0,18,6
0x418cb5,98.5692%,18,1240,1258,1240,17,1,0
0x47a1c7,94.8276%,18,330,348,51,13,5,279
0x5f0698,99.6419%,18,5008,5026,0,0,18,5008
0x4bc28c,99.1461%,18,2090,2108,2090,18,0,0
0x4d8ae6,10%,18,2,20,0,0,18,2
0x5f2d37,99.3939%,18,2952,2970,2952,18,0,0
0x45fea2,99.7241%,18,6505,6523,18,7,11,6487
0x50fb76,96.3115%,18,470,488,469,17,1,1
0x47c4ea,99.7095%,18,6178,6196,0,0,18,6178
0x465195,96.3039%,18,469,487,0,0,18,469
0x5f25db,99.7716%,18,7863,7881,7863,18,0,0
0x4c3b8e,98.5413%,18,1216,1234,1216,18,0,0
0x4c0311,99.1946%,18,2217,2235,2147,1,17,70
0x49e9ce,47.0588%,18,16,34,16,18,0,0
0x4791ed,97.4755%,18,695,713,695,18,0,0
0x408be6,94.3218%,18,299,317,299,18,0,0
0x46759f,70.4918%,18,43,61,0,0,18,43
0x4dcbe0,99.7519%,17,6836,6853,6836,17,0,0
0x4ca5f9,99.852%,17,11466,11483,11466,17,0,0
0x4d0b3d,99.1752%,17,2044,2061,0,0,17,2044
0x4adba1,90.7609%,17,167,184,56,12,5,111
0x4bd3a3,99.5045%,17,3414,3431,1644,2,15,1770
0x609a16,97.8372%,17,769,786,443,9,8,326
0x47a3e8,98.1915%,17,923,940,0,0,17,923
0x45feda,99.7394%,17,6506,6523,6506,17,0,0
0x4c3af8,98.5939%,17,1192,1209,0,0,17,1192
0x467563,72.1311%,17,44,61,44,17,0,0
0x4bb06c,88.5135%,17,131,148,19,15,2,112
0x49943c,97.7865%,17,751,768,628,1,16,123
0x4b5ffd,0%,17,0,17,0,17,0,0
0x48c4a7,98.3118%,17,990,1007,953,7,10,37
0x47649e,99.8649%,17,12570,12587,12570,5,12,0
0x4a44b0,54.0541%,17,20,37,17,3,14,3
0x4c4392,99.7705%,17,7390,7407,7390,17,0,0
0x45aa80,93.254%,17,235,252,22,7,10,213
0x4bc255,63.8298%,17,30,47,30,17,0,0
0x4b95a5,99.7703%,17,7384,7401,7384,17,0,0
0x4c6e8b,99.4001%,17,2817,2834,2817,17,0,0
0x5f0c45,98.7053%,17,1296,1313,0,0,17,1296
0x4d6276,96.4211%,17,458,475,458,17,0,0
0x46cbe6,77.6316%,17,59,76,59,17,0,0
0x4adc12,83%,17,83,100,83,17,0,0
0x5f04c7,99.7771%,17,7609,7626,7609,17,0,0
0x49f139,87.218%,17,116,133,100,0,17,16
0x4c4163,98.4587%,17,1086,1103,1086,13,4,0
0x45c24d,96.473%,17,465,482,0,0,17,465
0x4c8925,94.0972%,17,271,288,271,4,13,0
0x46cdc2,77.6316%,17,59,76,59,17,0,0
0x4d8e8a,99.8968%,17,16463,16480,16463,15,2,0
0x4a469b,54.0541%,17,20,37,20,17,0,0
0x4ddbec,5.55556%,17,1,18,0,0,17,1
0x47936e,68.5185%,17,37,54,37,17,0,0
0x48cbbe,98.7062%,17,1297,1314,982,8,9,315
0x4d0a04,19.0476%,17,4,21,4,17,0,0
0x4be7ce,99.8328%,17,10153,10170,10151,7,10,2
0x45b05c,92.7966%,17,219,236,0,9,8,219
0x47cbb2,99.657%,17,4939,4956,2872,7,10,2067
0x60b36e,70.1754%,17,40,57,40,17,0,0
0x4bea6b,83.8095%,17,88,105,86,17,0,2
0x48cc1c,94.7531%,17,307,324,0,0,17,307
0x4a72bb,92.4779%,17,209,226,0,17,0,209
0x499715,52.7778%,17,19,36,19,17,0,0
0x4d3222,99.7069%,17,5784,5801,5784,17,0,0
0x4c238b,98.7228%,17,1314,1331,0,0,17,1314
0x4573f8,85.0877%,17,97,114,48,15,2,49
0x4c9fda,99.8842%,17,14666,14683,14666,17,0,0
0x6098eb,93.2%,17,233,250,142,6,11,91
0x49c1c5,52.7778%,17,19,36,19,17,0,0
0x478f4e,98.1602%,17,907,924,2,1,16,905
0x4d18cb,94.4984%,17,292,309,0,0,17,292
0x46d67a,94.4444%,17,289,306,289,17,0,0
0x45938a,97.099%,17,569,586,565,6,11,4
0x47d3ad,99.6564%,17,4930,4947,5,8,9,4925
0x41bc97,97.5818%,17,686,703,0,0,17,686
0x401847,99.7938%,17,8229,8246,8198,14,3,31
0x4d0e24,92.827%,17,220,237,212,12,5,8
0x4d8aef,15%,17,3,20,3,17,0,0
0x4280a5,61.9048%,16,26,42,20,4,12,6
0x4639b7,97.9721%,16,773,789,773,16,0,0
0x4dc0fc,83.5052%,16,81,97,81,16,0,0
0x462fbc,83.3333%,16,80,96,0,0,16,80
0x4b04f4,96.6805%,16,466,482,0,0,16,466
0x418bf5,99.439%,16,2836,2852,2836,16,0,0
0x4b5f6b,52.9412%,16,18,34,7,10,6,11
0x4d644e,99.6612%,16,4707,4723,0,0,16,4707
0x4cfc0f,99.8126%,16,8521,8537,0,0,16,8521
0x4d5e00,99.5071%,16,3230,3246,0,12,4,3230
0x4d57c8,99.9434%,16,28257,28273,0,0,16,28257
0x4657a4,92.3077%,16,192,208,192,16,0,0
0x411a33,96.3964%,16,428,444,428,13,3,0
0x47c5f3,95.2096%,16,318,334,318,16,0,0
0x47a81d,92.7602%,16,205,221,0,0,16,205
0x4cd568,98.5005%,16,1051,1067,1051,16,0,0
0x4c3d31,98.6864%,16,1202,1218,1202,16,0,0
0x4abea4,81.3953%,16,70,86,4,16,0,66
0x46c5fa,84.1584%,16,85,101,0,0,16,85
0x4acce2,52.9412%,16,18,34,15,2,14,3
0x50fd73,94.822%,16,293,309,7,9,7,286
0x467676,73.7705%,16,45,61,22,8,8,23
0x427bbb,94.1392%,16,257,273,256,2,14,1
0x47bebe,92.4528%,16,196,212,196,16,0,0
0x402062,99.4875%,16,3106,3122,3100,10,6,6
0x4cd5b7,98.5005%,16,1051,1067,1048,15,1,3
0x46776c,73.7705%,16,45,61,19,12,4,26
0x4ba27f,99.4745%,16,3029,3045,3029,16,0,0
0x45fcb2,75.7576%,16,50,66,2,10,6,48
0x4d5bff,99.78%,16,7258,7274,7258,16,0,0
0x4a6242,91.5789%,16,174,190,0,0,16,174
0x469948,97.4563%,16,613,629,0,0,16,613
0x4a86d1,89.8089%,16,141,157,71,6,10,70
0x4abfd5,20%,16,4,20,4,16,0,0
0x4a7318,56.7568%,16,21,37,1,16,0,20
0x4b5969,52.9412%,16,18,34,16,1,15,2
0x4d8d81,20%,16,4,20,0,0,16,4
0x4d8a9f,99.9092%,16,17601,17617,0,0,16,17601
0x4d63b7,99.8155%,16,8657,8673,2642,11,5,6015
0x4c6ba5,99.9879%,16,132592,132608,0,0,16,132592
0x4b8c34,88.5714%,16,124,140,112,4,12,12
0x4b963d,78.9474%,16,60,76,3,9,7,57
0x4d751b,99.7859%,16,7457,7473,0,0,16,7457
0x413202,60%,16,24,40,24,16,0,0
0x498bf5,98.7179%,16,1232,1248,0,0,16,1232
0x4c5a6a,99.9659%,16,46838,46854,46820,16,0,18
0x4df6f7,77.7778%,16,56,72,53,10,6,3
0x4a2727,51.5152%,16,17,33,0,0,16,17
0x45fe21,99.7548%,16,6510,6526,6495,6,10,15
0x4b6bcf,5.88235%,16,1,17,1,16,0,0
0x458e0f,44.8276%,16,13,29,9,0,16,4
0x60a1b8,99.8899%,16,14515,14531,0,0,16,14515
0x418e6d,97.5117%,16,627,643,0,0,16,627
0x4570d0,98.4776%,16,1035,1051,582,13,3,453
0x46ee82,96.7611%,16,478,494,478,16,0,0
0x4d90fd,99.1597%,16,1888,1904,0,0,16,1888
0x420921,98.7332%,16,1247,1263,0,0,16,1247
0x4dfe67,74.6032%,16,47,63,47,16,0,0
0x4a399a,92.7928%,16,206,222,172,16,0,34
0x4a7ad6,93.6759%,16,237,253,173,12,4,64
0x476e8b,99.6398%,16,4426,4442,0,0,16,4426
0x477060,99.9428%,16,27975,27991,27975,16,0,0
0x5f0b9e,55.5556%,16,20,36,0,0,16,20
0x4d5866,99.2352%,16,2076,2092,2,6,10,2074
0x4d1082,96.088%,16,393,409,393,16,0,0
0x4ba642,98.5047%,16,1054,1070,1054,16,0,0
0x465a0e,89.0411%,16,130,146,130,14,2,0
0x4dcb01,99.7665%,16,6837,6853,0,0,16,6837
0x4a84a6,91.7098%,16,177,193,86,8,8,91
0x4ddad2,11.1111%,16,2,18,2,16,0,0
0x4c5c53,99.6694%,16,4823,4839,4823,16,0,0
0x45a764,80.2469%,16,65,81,65,16,0,0
0x5f304f,99.3983%,16,2643,2659,0,0,16,2643
0x5f2e1b,99.4613%,16,2954,2970,0,0,16,2954
0x49f554,52.9412%,16,18,34,0,0,16,18
0x4cfc77,99.8126%,16,8521,8537,8521,16,0,0
0x5ef0c2,99.0735%,15,1604,1619,0,0,15,1604
0x4a880d,85%,15,85,100,0,0,15,85
0x4d568f,99.3865%,15,2430,2445,2430,15,0,0
0x4b9131,99.8445%,15,9629,9644,0,0,15,9629
0x4d107d,96.3325%,15,394,409,0,0,15,394
0x4d314a,99.7414%,15,5786,5801,0,0,15,5786
0x4ca67d,99.8352%,15,9087,9102,0,0,15,9087
0x49a9ee,58.3333%,15,21,36,0,0,15,21
0x4b76d9,11.7647%,15,2,17,0,0,15,2
0x457730,89.7959%,15,132,147,132,15,0,0
0x4a3130,11.7647%,15,2,17,2,15,0,0
0x4cb584,85.5769%,15,89,104,89,15,0,0
0x427a1f,93.3333%,15,210,225,2,13,2,208
0x4a2fb3,54.5455%,15,18,33,18,15,0,0
0x50fadd,96.4115%,15,403,418,0,0,15,403
0x60ba5a,96.6814%,15,437,452,88,7,8,349
0x4780cf,99.4493%,15,2709,2724,2702,8,7,7
0x4cd606,96.5358%,15,418,433,0,4,11,418
0x48c5f1,97.4315%,15,569,584,0,2,13,569
0x4d89c9,99.9287%,15,21024,21039,0,0,15,21024
0x445dca,96.7949%,15,453,468,453,15,0,0
0x47bb29,85.4369%,15,88,103,0,0,15,88
0x4655b7,88.2812%,15,113,128,103,10,5,10
0x42806a,50%,15,15,30,2,13,2,13
0x418fdf,99.3237%,15,2203,2218,0,3,12,2203
0x4c02dd,99.3318%,15,2230,2245,1,9,6,2229
0x4a3070,54.5455%,15,18,33,0,0,15,18
0x419425,99.9453%,15,27427,27442,27427,15,0,0
0x4a8ac8,55.8824%,15,19,34,0,0,15,19
0x45afe9,96.6443%,15,432,447,0,6,9,432
0x4992a4,98.0469%,15,753,768,753,15,0,0
0x4bc1f0,99.2911%,15,2101,2116,5,1,14,2096
0x476127,99.7322%,15,5587,5602,0,0,15,5587
0x4d1c40,58.3333%,15,21,36,0,11,4,21
0x49c89f,98.0469%,15,753,768,0,0,15,753
0x4b9b79,93.3333%,15,210,225,56,9,6,154
0x4b214d,11.7647%,15,2,17,2,15,0,0
0x4b2498,55.8824%,15,19,34,9,8,7,10
0x467575,75.4098%,15,46,61,46,15,0,0
0x4a785f,72.2222%,15,39,54,6,14,1,33
0x47ab7f,93.2127%,15,206,221,206,15,0,0
0x5eefcd,99.8795%,15,12436,12451,0,0,15,12436
0x4ad737,55.8824%,15,19,34,19,15,0,0
0x45b13c,93.3921%,15,212,227,212,15,0,0
0x4b59a3,11.7647%,15,2,17,0,0,15,2
0x445d53,98.9879%,15,1467,1482,0,0,15,1467
0x49cb85,99.3372%,15,2248,2263,1825,8,7,423
0x46febf,99.758%,15,6183,6198,945,11,4,5238
0x47c5bb,99.7579%,15,6181,6196,6150,13,2,31
0x458c4c,48.2759%,15,14,29,8,1,14,6
0x407c2a,99.1545%,15,1759,1774,1711,1,14,48
0x407c43,99.8939%,15,14116,14131,14116,5,10,0
0x49cb9b,96.5116%,15,415,430,415,15,0,0
0x4c5c90,97.331%,15,547,562,3,9,6,544
0x464f18,82.3529%,15,70,85,70,15,0,0
0x469d64,87.5%,15,105,120,19,6,9,86
0x478afb,99.7107%,15,5170,5185,3025,5,10,2145
0x4a7323,88.9706%,15,121,136,5,15,0,116
0x401d95,94.4853%,15,257,272,0,0,15,257
0x4a8bcb,58.3333%,15,21,36,21,15,0,0
0x4a2df2,21.0526%,15,4,19,4,15,0,0
0x4c6c28,75%,15,45,60,8,10,5,37
0x420cd8,86.3636%,15,95,110,40,15,0,55
0x4c237b,98.3259%,15,881,896,44,7,8,837
0x4cfbf9,99.8959%,15,14391,14406,14391,15,0,0
0x4c54c1,99.9876%,15,121435,121450,0,0,15,121435
0x45abe9,94.0476%,15,237,252,0,3,12,237
0x4c4806,99.643%,15,4187,4202,0,12,3,4187
0x4dfad8,76.1905%,15,48,63,48,15,0,0
0x45c2e7,96.134%,15,373,388,0,0,15,373
0x4d1d6b,0%,15,0,15,0,15,0,0
0x4cfcad,57.1429%,15,20,35,20,15,0,0
0x5f3184,99.4359%,15,2644,2659,0,9,6,2644
0x4b8b08,73.0769%,14,38,52,38,14,0,0
0x459ca6,57.5758%,14,19,33,0,0,14,19
0x4e2be1,80.5556%,14,58,72,58,14,0,0
0x4b9668,89.0625%,14,114,128,64,0,14,50
0x47a87d,93.5484%,14,203,217,203,14,0,0
0x46798e,53.3333%,14,16,30,0,0,14,16
0x413261,65%,14,26,40,1,6,8,25
0x4b8f6e,99.8548%,14,9630,9644,0,0,14,9630
0x478268,98.1408%,14,739,753,0,0,14,739
0x411311,98.5043%,14,922,936,459,9,5,463
0x4ca314,93.9914%,14,219,233,112,9,5,107
0x48cdd1,95.8702%,14,325,339,324,12,2,1
0x4a868e,91.0828%,14,143,157,0,0,14,143
0x4cbd04,70.2128%,14,33,47,0,0,14,33
0x4d79d2,65%,14,26,40,19,13,1,7
0x4a3dfe,79.1045%,14,53,67,53,14,0,0
0x4214b2,83.7209%,14,72,86,72,14,0,0
0x5f0b77,65%,14,26,40,0,0,14,26
0x4d2fa5,30%,14,6,20,6,14,0,0
0x4bc2cc,99.2742%,14,1915,1929,1915,14,0,0
0x45b892,98.434%,14,880,894,0,0,14,880
0x4de319,51.7241%,14,15,29,15,14,0,0
0x498c09,98.8782%,14,1234,1248,1225,9,5,9
0x466cdb,97.1487%,14,477,491,477,14,0,0
0x413693,65%,14,26,40,0,0,14,26
0x457abc,90.4762%,14,133,147,133,14,0,0
0x49a9bf,61.1111%,14,22,36,22,14,0,0
0x4acfdf,58.8235%,14,20,34,5,12,2,15
0x4b08ef,96.6019%,14,398,412,20,14,0,378
0x47afe6,99.8179%,14,7675,7689,7654,7,7,21
0x4d068b,91.25%,14,146,160,123,7,7,23
0x4ca813,97.974%,14,677,691,239,3,11,438
0x47c632,95.8084%,14,320,334,319,5,9,1
0x5f1d77,99.5286%,14,2956,2970,0,0,14,2956
0x4b69c6,17.6471%,14,3,17,3,14,0,0
0x4a26a9,57.5758%,14,19,33,0,0,14,19
0x4cd7b7,96.0784%,14,343,357,343,14,0,0
0x4ad35a,30%,14,6,20,6,14,0,0
0x4c5937,97.4955%,14,545,559,4,5,9,541
0x477178,99.95%,14,27977,27991,27977,14,0,0
0x4a7328,87.931%,14,102,116,102,14,0,0
0x4c57ef,99.9671%,14,42532,42546,0,0,14,42532
0x4d7739,99.6473%,14,3955,3969,3955,14,0,0
0x4bb2f8,99.6976%,14,4615,4629,4615,14,0,0
0x49969a,97.7742%,14,615,629,0,0,14,615
0x4acbe6,72.549%,14,37,51,3,14,0,34
0x4d4101,90.0709%,14,127,141,108,12,2,19
0x418b72,99.9431%,14,24576,24590,24576,14,0,0
0x4bbda1,99.359%,14,2170,2184,2170,14,0,0
0x463013,85.4167%,14,82,96,0,0,14,82
0x40a518,96.1538%,14,350,364,0,0,14,350
0x40742b,99.9051%,14,14746,14760,14746,14,0,0
0x4d1df7,94.8718%,14,259,273,3,12,2,256
0x4a2d80,73.0769%,14,38,52,22,11,3,16
0x4a884c,79.1045%,14,53,67,0,0,14,53
0x49cb8f,96.7442%,14,416,430,0,0,14,416
0x4bf7ee,99.7408%,14,5387,5401,5372,2,12,15
0x4b15a1,86.5385%,14,90,104,0,0,14,90
0x4a89f5,80%,14,56,70,3,14,0,53
0x47b274,85.8586%,14,85,99,64,12,2,21
0x46d7d4,95.4248%,14,292,306,291,3,11,1
0x4b2fee,79.4118%,14,54,68,29,5,9,25
0x419209,67.4419%,14,29,43,7,11,3,22
0x49bb9b,61.1111%,14,22,36,3,14,0,19
0x60694a,69.5652%,14,32,46,0,0,14,32
0x459192,22.2222%,14,4,18,0,0,14,4
0x4697cd,96.7366%,14,415,429,0,0,14,415
0x4764f3,99.6617%,14,4124,4138,4124,14,0,0
0x41803a,78.7879%,14,52,66,52,13,1,0
0x428c73,97.0085%,14,454,468,454,14,0,0
0x463188,85.4167%,14,82,96,82,14,0,0
0x4a5866,17.6471%,14,3,17,3,14,0,0
0x46ceb8,41.6667%,14,10,24,0,0,14,10
0x4da9f2,99.809%,14,7315,7329,2,9,5,7313
0x4a2e4d,73.0769%,14,38,52,20,13,1,18
0x5ee92d,99.5632%,14,3191,3205,3191,5,9,0
0x45abd4,94.4444%,14,238,252,238,14,0,0
0x47a020,91.3043%,14,147,161,147,14,0,0
0x60ad7e,60%,14,21,35,21,14,0,0
0x60a83e,12.5%,14,2,16,2,14,0,0
0x47a18f,91.3043%,14,147,161,133,7,7,14
0x5fa270,94.2623%,14,230,244,162,5,9,68
0x4b9bf8,93.1373%,14,190,204,0,0,14,190
0x46ccda,81.5789%,14,62,76,62,11,3,0
0x40289c,99.4115%,14,2365,2379,2233,7,7,132
0x5f2c33,99.8657%,14,10412,10426,0,0,14,10412
0x47a11a,91.3043%,14,147,161,0,0,14,147
0x4a2ff8,60.6061%,13,20,33,4,13,0,16
0x406bec,75.9259%,13,41,54,4,7,6,37
0x4a7b21,87.8505%,13,94,107,7,10,3,87
0x411852,97.0721%,13,431,444,0,0,13,431
0x49d140,90.2985%,13,121,134,121,13,0,0
0x4c228f,99.3194%,13,1897,1910,1413,10,3,484
0x4b8e0d,99.1855%,13,1583,1596,1579,1,12,4
0x49b8ca,23.5294%,13,4,17,4,13,0,0
0x4e2955,81.1594%,13,56,69,52,10,3,4
0x458c12,55.1724%,13,16,29,16,13,0,0
0x47b9d2,93.9815%,13,203,216,0,5,8,203
0x41c69a,7.14286%,13,1,14,1,13,0,0
0x402509,97.032%,13,425,438,425,13,0,0
0x406c00,69.7674%,13,30,43,22,9,4,8
0x4ca852,98.8257%,13,1094,1107,998,5,8,96
0x4ba639,98.8051%,13,1075,1088,5,13,0,1070
0x4a3985,23.5294%,13,4,17,4,13,0,0
0x4d3dd4,81.9444%,13,59,72,9,0,13,50
0x4dc1a6,86.5979%,13,84,97,83,13,0,1
0x4a3df0,80.597%,13,54,67,0,0,13,54
0x46d653,95.8599%,13,301,314,3,5,8,298
0x411948,97.0721%,13,431,444,431,13,0,0
0x60b0ce,51.8519%,13,14,27,14,13,0,0
0x49f006,87%,13,87,100,81,2,11,6
0x60a0c8,74.5098%,13,38,51,0,0,13,38
0x4a51bb,64.8649%,13,24,37,18,2,11,6
0x4a24e4,96.7172%,13,383,396,344,2,11,39
0x4a4b50,23.5294%,13,4,17,4,13,0,0
0x427be8,51.8519%,13,14,27,14,13,0,0
0x464f05,86.1702%,13,81,94,5,4,9,76
0x4bbac1,93.5%,13,187,200,3,11,2,184
0x459727,87.2549%,13,89,102,89,13,0,0
0x5f2e06,99.5623%,13,2957,2970,0,0,13,2957
0x4a5337,23.5294%,13,4,17,0,0,13,4
0x408aa1,95.8991%,13,304,317,0,7,6,304
0x5f1dd2,62.8571%,13,22,35,20,12,1,2
0x476201,99.9554%,13,29143,29156,0,0,13,29143
0x417417,71.7391%,13,33,46,33,13,0,0
0x421afb,98.9583%,13,1235,1248,0,0,13,1235
0x46ee5e,97.3684%,13,481,494,86,3,10,395
0x47b6b9,99.5469%,13,2856,2869,0,0,13,2856
0x46edc6,97.3843%,13,484,497,89,0,13,395
0x5ef01a,99.88%,13,10819,10832,0,0,13,10819
0x4bdd44,99.1725%,13,1558,1571,985,7,6,573
0x4d04c4,99.8361%,13,7921,7934,7921,13,0,0
0x45a5d3,83.9506%,13,68,81,68,13,0,0
0x49f45e,80.8824%,13,55,68,30,4,9,25
0x4daf45,99.9365%,13,20454,20467,0,0,13,20454
0x4696e2,93.5%,13,187,200,15,7,6,172
0x4bf7fd,51.8519%,13,14,27,7,10,3,7
0x427ec8,13.3333%,13,2,15,2,13,0,0
0x5f05a4,89.2562%,13,108,121,0,0,13,108
0x5fac9f,89.2562%,13,108,121,105,10,3,3
0x47707b,99.9536%,13,27978,27991,0,0,13,27978
0x4da998,99.8262%,13,7466,7479,1,11,2,7465
0x4a4b38,64.8649%,13,24,37,20,0,13,4
0x45ab94,94.8413%,13,239,252,239,13,0,0
0x477e3a,91.7197%,13,144,157,144,13,0,0
0x5f1737,93.6585%,13,192,205,0,0,13,192
0x4bd46b,99.6093%,13,3314,3327,0,0,13,3314
0x4c4d97,93.0851%,13,175,188,92,9,4,83
0x49b610,63.8889%,13,23,36,0,0,13,23
0x4131d3,63.8889%,13,23,36,0,0,13,23
0x45a842,83.75%,13,67,80,67,13,0,0
0x477f9e,99.6187%,13,3396,3409,0,0,13,3396
0x4574cf,66.6667%,13,26,39,26,13,0,0
0x4c43e3,99.8987%,13,12816,12829,0,0,13,12816
0x498a90,35%,13,7,20,7,13,0,0
0x4c63cb,99.9893%,13,121164,121177,121164,13,0,0
0x49c167,63.8889%,13,23,36,7,13,0,16
0x498a84,35%,13,7,20,0,0,13,7
0x4a5bd3,23.5294%,13,4,17,4,13,0,0
0x457420,88.5965%,13,101,114,65,10,3,36
0x479fa6,83.9506%,13,68,81,68,1,12,0
0x4c63e6,99.9893%,13,121164,121177,121164,13,0,0
0x4643f5,96.6408%,13,374,387,351,8,5,23
0x4a6399,88.0734%,13,96,109,6,13,0,90
0x4d3180,99.7759%,13,5788,5801,0,0,13,5788
0x4a8a03,75.4717%,13,40,53,17,0,13,23
0x4c8cdd,89.5161%,13,111,124,111,13,0,0
0x4a7bef,85.5556%,13,77,90,45,8,5,32
0x4a426c,64.8649%,13,24,37,20,0,13,4
0x467a6b,56.6667%,13,17,30,17,13,0,0
0x47cee4,66.6667%,13,26,39,26,13,0,0
0x4a7be9,23.5294%,13,4,17,4,13,0,0
0x47ac12,80%,13,52,65,52,13,0,0
0x4a4565,64.8649%,13,24,37,4,13,0,20
0x5f0b0a,75%,13,39,52,3,9,4,36
0x46c9e3,95.4704%,13,274,287,0,0,13,274
0x408cfc,86.7347%,13,85,98,14,7,6,71
0x4b3980,87.2549%,13,89,102,89,13,0,0
0x4a464d,64.8649%,13,24,37,6,11,2,18
0x47c505,99.8063%,12,6184,6196,6184,12,0,0
0x469c74,90%,12,108,120,0,0,12,108
0x47aa7e,99.9395%,12,19823,19835,0,0,12,19823
0x476648,99.8939%,12,11293,11305,11293,12,0,0
0x459f4d,33.3333%,12,6,18,6,12,0,0
0x4d76f7,99.2705%,12,1633,1645,1633,12,0,0
0x4079ba,99.9147%,12,14057,14069,14057,2,10,0
0x40740d,99.8362%,12,7312,7324,0,0,12,7312
0x4d04d9,99.8488%,12,7922,7934,7826,5,7,96
0x4be9a0,99.7844%,12,5555,5567,0,0,12,5555
0x4b3526,82.3529%,12,56,68,0,0,12,56
0x4c4dca,80%,12,48,60,14,5,7,34
0x49c1e0,66.6667%,12,24,36,24,12,0,0
0x46c539,99.8128%,12,6399,6411,6399,12,0,0
0x46b0c1,98.9805%,12,1165,1177,1159,3,9,6
0x423fe9,0%,12,0,12,0,12,0,0
0x4bea13,99.882%,12,10160,10172,10160,12,0,0
0x401dc3,99.5932%,12,2938,2950,2938,12,0,0
0x4c4eb4,99.2021%,12,1492,1504,1492,12,0,0
0x408dad,96.2145%,12,305,317,305,12,0,0
0x4d0be4,60%,12,18,30,18,12,0,0
0x5f0b35,70%,12,28,40,5,11,1,23
0x424024,0%,12,0,12,0,12,0,0
0x4e298b,83.3333%,12,60,72,4,5,7,56
0x4285b7,20%,12,3,15,3,12,0,0
0x41bbd9,98.293%,12,691,703,0,0,12,691
0x4decba,20%,12,3,15,3,12,0,0
0x4a121f,76.4706%,12,39,51,11,5,7,28
0x4c9e74,99.9098%,12,13290,13302,13290,12,0,0
0x49ecdc,95.6204%,12,262,274,24,10,2,238
0x4b07f0,97.0874%,12,400,412,374,4,8,26
0x401eee,66.6667%,12,24,36,20,10,2,4
0x4a2de3,36.8421%,12,7,19,7,12,0,0
0x4c9e23,99.9554%,12,26879,26891,26879,12,0,0
0x476a73,99.3881%,12,1949,1961,1949,12,0,0
0x4028cb,99.4956%,12,2367,2379,2367,12,0,0
0x4cd25d,97.2028%,12,417,429,0,0,12,417
0x60b12a,72.7273%,12,32,44,19,8,4,13
0x4c4d83,99.6038%,12,3017,3029,3,6,6,3014
0x457c6a,71.4286%,12,30,42,30,12,0,0
0x4c6200,99.5215%,12,2496,2508,2496,12,0,0
0x4be654,99.8821%,12,10162,10174,10162,10,2,0
0x4ba86b,99.9716%,12,42297,42309,0,0,12,42297
0x45a2d9,20%,12,3,15,3,12,0,0
0x460f07,81.25%,12,52,64,29,3,9,23
0x4d263d,89.8305%,12,106,118,105,4,8,1
0x47ab38,99.9041%,12,12503,12515,12503,12,0,0
0x49e7db,95.6204%,12,262,274,207,1,11,55
0x4dcd8c,96.6387%,12,345,357,0,0,12,345
0x476e73,99.7299%,12,4430,4442,4430,12,0,0
0x49cf95,98.4375%,12,756,768,139,0,12,617
0x4790fd,99.8566%,12,8357,8369,8357,12,0,0
0x49c198,66.6667%,12,24,36,6,11,1,18
0x4a24ed,76%,12,38,50,38,12,0,0
0x4a251b,97.1223%,12,405,417,381,2,10,24
0x463b17,98.4791%,12,777,789,773,7,5,4
0x4a5e73,29.4118%,12,5,17,0,0,12,5
0x50fc6d,89.1892%,12,99,111,2,1,11,97
0x5f1ebd,99.3753%,12,1909,1921,0,1,11,1909
0x4b08b7,64.7059%,12,22,34,22,12,0,0
0x4bd312,99.6642%,12,3562,3574,81,10,2,3481
0x4a088f,93.6842%,12,178,190,152,2,10,26
0x4cab42,99.4526%,12,2180,2192,114,5,7,2066
0x4131c2,99.8011%,12,6022,6034,5995,3,9,27
0x4a087b,93.6842%,12,178,190,178,12,0,0
0x4d8b48,98.8131%,12,999,1011,465,3,9,534
0x4afff1,76.9231%,12,40,52,0,0,12,40
0x46165a,0%,12,0,12,0,12,0,0
0x4b6562,64.7059%,12,22,34,15,2,10,7
0x478c96,99.2887%,12,1675,1687,1675,12,0,0
0x5fa536,87.8788%,12,87,99,0,0,12,87
0x48a95d,71.4286%,12,30,42,12,9,3,18
0x47916d,99.8675%,12,9042,9054,9042,12,0,0
0x4a84ae,87.8788%,12,87,99,7,12,0,80
0x4ad296,29.4118%,12,5,17,5,12,0,0
0x49b774,66.6667%,12,24,36,0,0,12,24
0x45b810,98.6395%,12,870,882,870,12,0,0
0x4192c8,72.093%,12,31,43,0,0,12,31
0x47c984,99.6849%,12,3796,3808,0,0,12,3796
0x609ee7,87.7551%,12,86,98,0,0,12,86
0x49edcd,64.7059%,12,22,34,22,12,0,0
0x4db294,99.9414%,12,20455,20467,20455,12,0,0
0x4bc2b7,99.4307%,12,2096,2108,2096,9,3,0
0x4678f5,60%,12,18,30,18,0,12,0
0x4b905a,99.9378%,12,19276,19288,9639,5,7,9637
0x60a0a6,76.4706%,12,39,51,0,0,12,39
0x445b17,97.6496%,11,457,468,457,11,0,0
0x49bb34,69.4444%,11,25,36,25,11,0,0
0x60b1cc,57.6923%,11,15,26,2,4,7,13
0x4c7ae1,99.1406%,11,1269,1280,1269,11,0,0
0x49aecc,80.3571%,11,45,56,43,10,1,2
0x4240ce,8.33333%,11,1,12,0,0,11,1
0x48d734,96.8481%,11,338,349,337,9,2,1
0x4a3963,35.2941%,11,6,17,6,11,0,0
0x48c2ba,94.1799%,11,178,189,178,11,0,0
0x420a1a,99.1291%,11,1252,1263,1252,11,0,0
0x465161,97.7413%,11,476,487,476,11,0,0
0x4a3ad6,35.2941%,11,6,17,0,0,11,6
0x4a7bbf,79.2453%,11,42,53,0,0,11,42
0x402466,91.6031%,11,120,131,46,6,5,74
0x45b748,98.7696%,11,883,894,883,11,0,0
0x47ba87,94.9074%,11,205,216,205,6,5,0
0x4ad32e,67.6471%,11,23,34,23,11,0,0
0x4c2371,99.2041%,11,1371,1382,486,0,11,885
0x479e90,99.1648%,11,1306,1317,1306,11,0,0
0x5f2e12,99.6296%,11,2959,2970,0,0,11,2959
0x4e2682,66.6667%,11,22,33,0,0,11,22
0x49843b,87.2093%,11,75,86,16,5,6,59
0x4b6fb5,35.2941%,11,6,17,6,11,0,0
0x5f3087,99.5863%,11,2648,2659,2648,11,0,0
0x4b186a,83.8235%,11,57,68,57,11,0,0
0x48d48e,96.8481%,11,338,349,1,8,3,337
0x5f2c4c,99.8945%,11,10415,10426,10415,11,0,0
0x4172c4,91.791%,11,123,134,88,4,7,35
0x47831f,98.5392%,11,742,753,0,0,11,742
0x4a7b13,79.6296%,11,43,54,17,0,11,26
0x4e09a3,78.4314%,11,40,51,0,0,11,40
0x5f25b3,99.8604%,11,7870,7881,0,0,11,7870
0x41ac53,90.0901%,11,100,111,0,0,11,100
0x4a8be0,69.4444%,11,25,36,0,0,11,25
0x4b2310,8.33333%,11,1,12,0,6,5,1
0x4be574,98.2143%,11,605,616,575,10,1,30
0x5f260c,99.8604%,11,7870,7881,7870,11,0,0
0x4ace31,67.6471%,11,23,34,0,0,11,23
0x473c10,97.6293%,11,453,464,453,11,0,0
0x4df31c,85.3333%,11,64,75,0,3,8,64
0x608bdf,96.4052%,11,295,306,286,5,6,9
0x49ac60,69.4444%,11,25,36,25,11,0,0
0x4dfb07,82.5397%,11,52,63,46,5,6,6
0x4e0eea,66.6667%,11,22,33,8,10,1,14
0x4ba461,90.9836%,11,111,122,111,11,0,0
0x41913f,74.4186%,11,32,43,32,11,0,0
0x4abe97,87.2093%,11,75,86,66,0,11,9
0x459770,89.2157%,11,91,102,86,11,0,5
0x6097fb,96.3934%,11,294,305,262,6,5,32
0x4d3eef,59.2593%,11,16,27,16,11,0,0
0x4df21d,77.0833%,11,37,48,37,11,0,0
0x49ec2a,78%,11,39,50,39,11,0,0
0x4131dc,69.4444%,11,25,36,0,0,11,25
0x46ada4,99%,11,1089,1100,0,0,11,1089
0x41203f,97.5225%,11,433,444,0,0,11,433
0x49a440,69.4444%,11,25,36,11,8,3,14
0x608bf6,94.7619%,11,199,210,0,0,11,199
0x60b7ba,62.069%,11,18,29,7,6,5,11
0x4c2832,99.8129%,11,5869,5880,5869,11,0,0
0x4659c5,92.4658%,11,135,146,135,11,0,0
0x47b1c5,93.7143%,11,164,175,164,11,0,0
0x47dd53,99.5415%,11,2388,2399,0,0,11,2388
0x499441,92.0863%,11,128,139,0,0,11,128
0x4a0899,69.4444%,11,25,36,25,11,0,0
0x4c9f19,99.9543%,11,24066,24077,24066,11,0,0
0x4d2dec,81.0345%,11,47,58,0,0,11,47
0x4762c0,99.9164%,11,13145,13156,13145,11,0,0
0x45a180,26.6667%,11,4,15,0,0,11,4
0x4cf5e5,93.8202%,11,167,178,161,8,3,6
0x4b8d78,99.9265%,11,14958,14969,0,0,11,14958
0x411868,97.5225%,11,433,444,433,11,0,0
0x45d944,59.2593%,11,16,27,14,4,7,2
0x4435f2,97.6496%,11,457,468,0,0,11,457
0x48d74a,96.8481%,11,338,349,0,10,1,338
0x4782b1,98.5392%,11,742,753,742,11,0,0
0x50fe6a,98.9152%,11,1003,1014,0,6,5,1003
0x47d0d5,38.8889%,11,7,18,3,6,5,4
0x4c4188,92.4658%,11,135,146,135,11,0,0
0x47a98e,99.9567%,11,25413,25424,25413,11,0,0
0x4c6658,95.5645%,11,237,248,237,11,0,0
0x4c89c1,35.2941%,11,6,17,4,0,11,2
0x42102e,99.7784%,11,4954,4965,0,0,11,4954
0x46d07f,99.5285%,11,2322,2333,2322,11,0,0
0x47b3f1,99.8924%,11,10209,10220,10209,11,0,0
0x477db9,99.2725%,11,1501,1512,0,0,11,1501
0x4bb032,98.6569%,11,808,819,3,9,2,805
0x479ebd,93.1677%,11,150,161,150,11,0,0
0x4ce13e,97.7505%,11,478,489,478,11,0,0
0x50fdf1,97.5%,11,429,440,427,3,8,2
0x40200f,99.687%,11,3503,3514,0,0,11,3503
0x4d2077,33.3333%,10,5,15,5,10,0,0
0x473bc5,97.8448%,10,454,464,454,10,0,0
0x47c898,28.5714%,10,4,14,4,10,0,0
0x463086,89.5833%,10,86,96,86,10,0,0
0x4bd388,95.8506%,10,231,241,0,0,10,231
0x463a9d,98.7342%,10,780,790,779,8,2,1
0x4993d8,98.6979%,10,758,768,758,10,0,0
0x4df330,86.1111%,10,62,72,43,8,2,19
0x47b706,99.6514%,10,2859,2869,2856,5,5,3
0x4dec00,33.3333%,10,5,15,4,8,2,1
0x4a5d96,70.5882%,10,24,34,0,0,10,24
0x4be6c7,99.9017%,10,10164,10174,10164,10,0,0
0x4d61e5,97.8947%,10,465,475,0,0,10,465
0x4b9996,93.6709%,10,148,158,0,0,10,148
0x463de1,97.7169%,10,428,438,176,10,0,252
0x4c6269,99.4213%,10,1718,1728,1718,10,0,0
0x477095,16.6667%,10,2,12,0,0,10,2
0x4a6304,79.1667%,10,38,48,14,2,8,24
0x4bae6a,99.87%,10,7681,7691,7681,10,0,0
0x479c60,99.9165%,10,11960,11970,0,0,10,11960
0x4beb8d,90.2913%,10,93,103,0,0,10,93
0x4d1f1e,33.3333%,10,5,15,0,0,10,5
0x41a507,99.8609%,10,7177,7187,2063,7,3,5114
0x4195fe,99.3369%,10,1498,1508,0,0,10,1498
0x4dec97,62.963%,10,17,27,9,3,7,8
0x478be6,99.5336%,10,2134,2144,0,0,10,2134
0x4be8e0,99.9017%,10,10160,10170,0,0,10,10160
0x467a0c,66.6667%,10,20,30,20,10,0,0
0x4214d6,88.3721%,10,76,86,76,10,0,0
0x47955b,98.4127%,10,620,630,620,10,0,0
0x4be6f2,99.8061%,10,5148,5158,0,0,10,5148
0x402577,97.7169%,10,428,438,179,7,3,249
0x42743c,33.3333%,10,5,15,0,0,10,5
0x412235,97.7477%,10,434,444,1,5,5,433
0x45979c,89.6907%,10,87,97,0,0,10,87
0x478d3f,91.453%,10,107,117,0,0,10,107
0x47da5e,99.6461%,10,2816,2826,2816,10,0,0
0x4dfbc4,84.127%,10,53,63,53,10,0,0
0x463ae0,98.7342%,10,780,790,0,1,9,780
0x420d3c,81.8182%,10,45,55,45,10,0,0
0x417e61,99.9672%,10,30492,30502,30492,10,0,0
0x4d2da1,66.6667%,10,20,30,0,0,10,20
0x60b9ac,76.7442%,10,33,43,6,4,6,27
0x4d61f0,97.8947%,10,465,475,0,0,10,465
0x427db0,85.2941%,10,58,68,31,3,7,27
0x4a52ea,41.1765%,10,7,17,0,0,10,7
0x477daa,99.3412%,10,1508,1518,3,3,7,1505
0x60ab3c,64.2857%,10,18,28,0,9,1,18
0x4a782d,90.6542%,10,97,107,0,0,10,97
0x4da8dc,99.8663%,10,7469,7479,7469,10,0,0
0x479b22,99.9154%,10,11812,11822,0,2,8,11812
0x5ef151,37.5%,10,6,16,0,0,10,6
0x50fbaf,98.5896%,10,699,709,699,10,0,0
0x4a63a2,88.8889%,10,80,90,80,10,0,0
0x4ac9f8,94.1176%,10,160,170,29,5,5,131
0x406cf3,76.7442%,10,33,43,0,10,0,33
0x4a7b03,81.1321%,10,43,53,43,10,0,0
0x4b9957,96.1686%,10,251,261,102,1,9,149
0x46af24,33.3333%,10,5,15,0,0,10,5
0x4d3e12,72.2222%,10,26,36,23,4,6,3
0x406d72,0%,10,0,10,0,10,0,0
0x4df3ba,52.381%,10,11,21,11,7,3,0
0x60b07a,37.5%,10,6,16,0,5,5,6
0x48d651,99.8405%,10,6259,6269,6246,7,3,13
0x49a16b,72.2222%,10,26,36,26,10,0,0
0x4b6587,41.1765%,10,7,17,7,10,0,0
0x47a0ca,93.7888%,10,151,161,151,10,0,0
0x469b96,91.6667%,10,110,120,0,0,10,110
0x476969,99.4901%,10,1951,1961,0,3,7,1951
0x4c45c8,98.7715%,10,804,814,726,5,5,78
0x609aa6,84.375%,10,54,64,13,8,2,41
0x4b6a55,41.1765%,10,7,17,7,10,0,0
0x5f0c2b,99.2384%,10,1303,1313,0,0,10,1303
0x4a2e52,47.3684%,10,9,19,0,0,10,9
0x50f80d,96.6997%,10,293,303,293,10,0,0
0x4ac326,99.2355%,10,1298,1308,356,0,10,942
0x462ec2,89.5833%,10,86,96,86,10,0,0
0x49ac24,72.2222%,10,26,36,17,3,7,9
0x63387f,82.4561%,10,47,57,3,3,7,44
0x4c7aab,98.2111%,10,549,559,546,1,9,3
0x478605,97.416%,10,377,387,377,10,0,0
0x47619e,99.7721%,10,4377,4387,1,5,5,4376
0x46eda8,97.9879%,10,487,497,487,10,0,0
0x4192ce,76.7442%,10,33,43,33,10,0,0
0x48abf2,76.1905%,10,32,42,32,10,0,0
0x4a6f9d,93.4641%,10,143,153,0,0,10,143
0x47d9db,99.6479%,10,2830,2840,0,0,10,2830
0x5eefc3,99.9197%,10,12441,12451,0,0,10,12441
0x60b4be,61.5385%,10,16,26,16,10,0,0
0x463064,89.5833%,10,86,96,86,10,0,0
0x4cd4f2,99.0628%,10,1057,1067,1057,10,0,0
0x4ad6bb,70.5882%,10,24,34,24,10,0,0
0x48ca37,98.2818%,10,572,582,0,0,10,572
0x4cf69a,99.9514%,10,20561,20571,20561,10,0,0
0x479ccf,93.2432%,10,138,148,0,3,7,138
0x48c12a,97.9079%,10,468,478,468,10,0,0
0x5fa403,54.5455%,10,12,22,3,5,5,9
0x4d2db9,66.6667%,10,20,30,20,10,0,0
0x4ad31b,70.5882%,10,24,34,16,1,9,8
0x60a74c,28.5714%,10,4,14,2,10,0,2
0x4dc4c9,89.5833%,10,86,96,86,10,0,0
0x4ad2d1,70.5882%,10,24,34,7,10,0,17
0x4793ff,81.4815%,10,44,54,3,6,4,41
0x5f2dfd,99.6633%,10,2960,2970,0,0,10,2960
0x457478,74.359%,10,29,39,29,10,0,0
0x4c6ca5,99.8245%,10,5689,5699,0,3,7,5689
0x407967,0%,10,0,10,0,10,0,0
0x4a6273,94.7368%,10,180,190,172,1,9,8
0x4b3541,70.5882%,10,24,34,24,10,0,0
0x419254,76.7442%,10,33,43,33,10,0,0
0x401ad0,99.661%,10,2940,2950,2940,10,0,0
0x4abf9d,50%,10,10,20,10,10,0,0
0x40798c,0%,10,0,10,0,0,10,0
0x4c3e77,62.963%,10,17,27,0,0,10,17
0x417ffd,99.6521%,10,2864,2874,0,0,10,2864
0x49944a,92.8058%,10,129,139,0,0,10,129
0x418f35,99.5491%,10,2208,2218,2208,10,0,0
0x47b475,89.899%,10,89,99,89,10,0,0
0x4de2d7,65.5172%,10,19,29,19,10,0,0
0x4649fb,33.3333%,10,5,15,5,10,0,0
0x46feca,99.9609%,10,25578,25588,25578,10,0,0
0x45b3ca,92.7536%,10,128,138,0,0,10,128
0x47b249,99.9119%,10,11344,11354,0,0,10,11344
0x408a20,69.697%,10,23,33,20,9,1,3
0x45acd9,96.4286%,9,243,252,234,5,4,9
0x467261,94.8571%,9,166,175,166,9,0,0
0x4a4309,75.6757%,9,28,37,0,0,9,28
0x47972b,99.8242%,9,5109,5118,5109,9,0,0
0x46c2f9,98.6003%,9,634,643,632,2,7,2
0x408af0,97.1609%,9,308,317,308,6,3,0
0x4d6d4b,99.3402%,9,1355,1364,32,1,8,1323
0x4b43f9,73.5294%,9,25,34,0,0,9,25
0x4cf86d,96.7391%,9,267,276,0,0,9,267
0x4cd17e,99.1565%,9,1058,1067,1058,9,0,0
0x420a0b,99.2874%,9,1254,1263,0,0,9,1254
0x4d3eea,66.6667%,9,18,27,0,0,9,18
0x469c6a,92.5%,9,111,120,0,0,9,111
0x49ef32,96.2963%,9,234,243,234,9,0,0
0x4abf52,55%,9,11,20,11,9,0,0
0x4a79e7,91.5888%,9,98,107,0,0,9,98
0x5ef1cc,73.5294%,9,25,34,4,4,5,21
0x46d9b4,99.2098%,9,1130,1139,0,0,9,1130
0x47a821,95.9276%,9,212,221,210,7,2,2
0x464681,95.6731%,9,199,208,199,9,0,0
0x47c913,99.5011%,9,1795,1804,1795,9,0,0
0x4ccaef,97.9021%,9,420,429,0,0,9,420
0x479817,99.7968%,9,4420,4429,0,0,9,4420
0x464417,97.6744%,9,378,387,0,0,9,378
0x4a355f,72.7273%,9,24,33,0,0,9,24
0x4b1908,95%,9,171,180,0,0,9,171
0x60acde,80%,9,36,45,36,9,0,0
0x46d238,99.2098%,9,1130,1139,1130,9,0,0
0x4a86dd,94.2675%,9,148,157,148,9,0,0
0x4d579c,99.9682%,9,28264,28273,28264,9,0,0
0x498cc2,99.2487%,9,1189,1198,0,0,9,1189
0x48cda1,98.9819%,9,875,884,344,7,2,531
0x4e0a9c,50%,9,9,18,9,9,0,0
0x476d95,99.7867%,9,4211,4220,0,0,9,4211
0x40a5b0,97.5275%,9,355,364,355,9,0,0
0x4daf36,99.956%,9,20458,20467,0,0,9,20458
0x47a3c8,99.0486%,9,937,946,0,6,3,937
0x428207,25%,9,3,12,3,9,0,0
0x473b09,98.0603%,9,455,464,455,9,0,0
0x407bf6,99.9272%,9,12348,12357,0,0,9,12348
0x5f0c4f,99.3145%,9,1304,1313,0,0,9,1304
0x5f30b1,99.6615%,9,2650,2659,2650,9,0,0
0x476b5b,99.7949%,9,4380,4389,4380,9,0,0
0x50fbf3,64%,9,16,25,14,4,5,2
0x46552d,0%,9,0,9,0,9,0,0
0x40550a,0%,9,0,9,0,9,0,0
0x4c3ebe,99.2611%,9,1209,1218,1111,0,9,98
0x60aade,0%,9,0,9,0,9,0,0
0x4a7b55,91.5888%,9,98,107,0,0,9,98
0x4c4b2a,99.9932%,9,132599,132608,132599,9,0,0
0x4281f7,40%,9,6,15,0,3,6,6
0x45db13,88.6076%,9,70,79,24,6,3,46
0x48d4b0,97.3529%,9,331,340,330,7,2,1
0x420bce,99.3177%,9,1310,1319,0,0,9,1310
0x41531c,97.9021%,9,420,429,420,9,0,0
0x478234,98.8048%,9,744,753,730,2,7,14
0x46c604,91.0891%,9,92,101,31,8,1,61
0x459e62,25%,9,3,12,3,9,0,0
0x478f56,99.026%,9,915,924,912,9,0,3
0x477f94,86.3636%,9,57,66,34,2,7,23
0x4b99ac,99.914%,9,10459,10468,10459,9,0,0
0x4015b3,98.7722%,9,724,733,0,0,9,724
0x4ac84c,82%,9,41,50,41,9,0,0
0x6099db,97.7778%,9,396,405,338,9,0,58
0x4d3f73,66.6667%,9,18,27,0,0,9,18
0x48cb94,92.437%,9,110,119,110,0,9,0
0x460110,99.8621%,9,6517,6526,0,3,6,6517
0x4a5c88,73.5294%,9,25,34,8,9,0,17
0x4c89fb,30.7692%,9,4,13,4,9,0,0
0x465506,0%,9,0,9,0,9,0,0
0x49aead,83.9286%,9,47,56,0,0,9,47
0x4591a1,50%,9,9,18,1,0,9,8
0x48d675,99.8561%,9,6244,6253,3,6,3,6241
0x608bd2,97.0874%,9,300,309,3,0,9,297
0x417e3a,99.9705%,9,30495,30504,0,0,9,30495
0x45b39d,93.4783%,9,129,138,125,9,0,4
0x4aca74,77.5%,9,31,40,25,9,0,6
0x4cf6c8,99.9562%,9,20562,20571,0,0,9,20562
0x60b66a,74.2857%,9,26,35,16,7,2,10
0x4e06ea,76.9231%,9,30,39,30,9,0,0
0x427ff6,50%,9,9,18,9,9,0,0
0x46c8b7,99.3411%,9,1357,1366,0,0,9,1357
0x4a4368,75.6757%,9,28,37,0,0,9,28
0x46f2ba,80.8511%,9,38,47,7,9,0,31
0x4d64be,99.3088%,9,1293,1302,1293,9,0,0
0x4be9ff,99.9061%,9,9580,9589,0,2,7,9580
0x4bd998,96.3855%,9,240,249,0,0,9,240
0x49c36b,75%,9,27,36,26,7,2,1
0x4df12a,66.6667%,9,18,27,3,0,9,15
0x4ad64a,73.5294%,9,25,34,25,9,0,0
0x49f58e,73.5294%,9,25,34,0,0,9,25
0x4989e4,75%,9,27,36,27,9,0,0
0x4654d8,0%,9,0,9,0,0,9,0
0x45b091,0%,9,0,9,0,9,0,0
0x4700d0,99.966%,9,26488,26497,12,4,5,26476
0x5f0b3e,62.5%,9,15,24,14,2,7,1
0x47b661,99.6863%,9,2860,2869,0,0,9,2860
0x405557,0%,9,0,9,0,9,0,0
0x4ac395,99.0196%,9,909,918,0,0,9,909
0x467b3a,70%,9,21,30,0,0,9,21
0x41132f,98.0769%,9,459,468,0,0,9,459
0x4184ab,86.3636%,9,57,66,12,6,3,45
0x411324,98.0769%,9,459,468,0,0,9,459
0x476874,99.3323%,9,1339,1348,1338,8,1,1
0x4a667c,73.5294%,9,25,34,0,3,6,25
0x407bd5,10%,9,1,10,0,0,9,1
0x4aca0f,93.3824%,9,127,136,100,2,7,27
0x4e0aac,50%,9,9,18,9,9,0,0
0x524813,92.3077%,9,108,117,107,1,8,1
0x418826,79.0698%,9,34,43,0,0,9,34
0x4a8851,86.5672%,9,58,67,58,9,0,0
0x5dd8f3,84.2105%,9,48,57,43,5,4,5
0x4190d2,79.0698%,9,34,43,34,6,3,0
0x4111f9,75%,9,27,36,27,6,3,0
0x608c3f,95.7143%,9,201,210,5,4,5,196
0x47d5fd,0%,9,0,9,0,9,0,0
0x4590ad,0%,9,0,9,0,9,0,0
0x4c22be,98.152%,9,478,487,478,9,0,0
0x4d7c39,98.3813%,9,547,556,464,5,4,83
0x4d3e04,87.5%,9,63,72,33,3,6,30
0x428a86,98.0769%,9,459,468,0,0,9,459
0x418ec1,47.0588%,9,8,17,8,9,0,0
0x4b33f1,86.7647%,9,59,68,0,0,9,59
0x4b047a,73.5294%,9,25,34,25,9,0,0
0x60999c,94.2308%,9,147,156,21,4,5,126
0x4ad34d,78.3784%,8,29,37,9,8,0,20
0x4023d1,93.8931%,8,123,131,123,8,0,0
0x47d27a,99.8383%,8,4939,4947,4939,8,0,0
0x478f2e,99.137%,8,919,927,0,3,5,919
0x46efcb,50%,8,8,16,0,0,8,8
0x4282e0,46.6667%,8,7,15,5,4,4,2
0x418245,87.8788%,8,58,66,56,8,0,2
0x4cd4a3,99.4917%,8,1566,1574,1566,8,0,0
0x4ad1fb,52.9412%,8,9,17,9,8,0,0
0x445b0b,98.2906%,8,460,468,0,0,8,460
0x4d1d7e,97.0696%,8,265,273,265,8,0,0
0x457425,79.4872%,8,31,39,31,8,0,0
0x4c3d1f,99.3432%,8,1210,1218,0,0,8,1210
0x4ac9de,92.1569%,8,94,102,68,0,8,26
0x4be635,96.3303%,8,210,218,210,6,2,0
0x50f7f7,42.8571%,8,6,14,6,8,0,0
0x5fa41b,20%,8,2,10,1,3,5,1
0x4b90f8,99.9585%,8,19280,19288,9642,2,6,9638
0x46747e,91.2088%,8,83,91,83,8,0,0
0x46d18e,98.8748%,8,703,711,703,8,0,0
0x47b6f7,99.7212%,8,2861,2869,0,0,8,2861
0x445a6a,98.2906%,8,460,468,0,0,8,460
0x4b9bd6,96.4286%,8,216,224,12,8,0,204
0x4b5a82,76.4706%,8,26,34,26,8,0,0
0x4bee58,99.6806%,8,2497,2505,12,5,3,2485
0x4d314f,99.8621%,8,5793,5801,5793,8,0,0
0x4699a2,93.3333%,8,112,120,25,7,1,87
0x445941,98.2906%,8,460,468,0,0,8,460
0x60a13d,69.2308%,8,18,26,0,0,8,18
0x4208fa,99.3666%,8,1255,1263,0,0,8,1255
0x479ee5,90.1235%,8,73,81,73,8,0,0
0x465593,97.9328%,8,379,387,379,8,0,0
0x4b99ba,98.6907%,8,603,611,603,8,0,0
0x4d9610,69.2308%,8,18,26,0,0,8,18
0x50aff9,99.986%,8,56986,56994,0,0,8,56986
0x48bcd9,98.4877%,8,521,529,521,8,0,0
0x47d0bf,55.5556%,8,10,18,7,8,0,3
0x4b5f27,76.4706%,8,26,34,0,0,8,26
0x4b5f2f,76.4706%,8,26,34,0,0,8,26
0x41a406,99.8893%,8,7221,7229,7221,8,0,0
0x457484,79.4872%,8,31,39,31,8,0,0
0x401d2c,99.7013%,8,2670,2678,2670,8,0,0
0x5ee898,94.8052%,8,146,154,146,8,0,0
0x49c755,57.8947%,8,11,19,9,7,1,2
0x5ded41,46.6667%,8,7,15,4,8,0,3
0x46cbcb,89.4737%,8,68,76,0,0,8,68
0x476526,99.8067%,8,4130,4138,0,0,8,4130
0x463a97,98.9873%,8,782,790,0,0,8,782
0x4654bb,52.9412%,8,9,17,8,0,8,1
0x445bf8,96.5812%,8,226,234,0,0,8,226
0x4deaa6,70.3704%,8,19,27,0,0,8,19
0x5df8eb,46.6667%,8,7,15,7,2,6,0
0x46fedd,99.1632%,8,948,956,948,8,0,0
0x459050,11.1111%,8,1,9,0,0,8,1
0x469a08,90.9091%,8,80,88,0,0,8,80
0x45721e,97.5155%,8,314,322,0,0,8,314
0x46317c,91.6667%,8,88,96,0,0,8,88
0x4df13c,66.6667%,8,16,24,16,8,0,0
0x4a5912,52.9412%,8,9,17,9,8,0,0
0x5f2603,99.8985%,8,7873,7881,0,0,8,7873
0x5ef445,99.2366%,8,1040,1048,0,0,8,1040
0x478b9a,99.6263%,8,2133,2141,2133,8,0,0
0x4bcf6a,50%,8,8,16,8,8,0,0
0x48dc27,97.6261%,8,329,337,0,3,5,329
0x464888,46.6667%,8,7,15,7,8,0,0
0x46af32,46.6667%,8,7,15,0,0,8,7
0x478b92,99.6269%,8,2136,2144,0,3,5,2136
0x4d26e4,92.6606%,8,101,109,101,8,0,0
0x459e42,33.3333%,8,4,12,4,8,0,0
0x5ee9bc,11.1111%,8,1,9,0,7,1,1
0x418a19,99.8305%,8,4713,4721,0,1,7,4713
0x46504e,98.3573%,8,479,487,479,8,0,0
0x45b79d,99.1051%,8,886,894,8,4,4,878
0x46e8df,98.3903%,8,489,497,489,8,0,0
0x4cc9af,99.864%,8,5875,5883,0,0,8,5875
0x4bc21a,95.5801%,8,173,181,172,7,1,1
0x47ddac,99.6665%,8,2391,2399,2391,8,0,0
0x4baf69,77.1429%,8,27,35,0,2,6,27
0x4e14a5,55.5556%,8,10,18,0,0,8,10
0x4b8c43,66.6667%,8,16,24,16,8,0,0
0x4b9d3a,98.9086%,8,725,733,725,8,0,0
0x41883e,81.3953%,8,35,43,35,8,0,0
0x401f48,93.0435%,8,107,115,107,8,0,0
0x41b30c,93.6508%,8,118,126,116,5,3,2
0x46c619,42.8571%,8,6,14,6,8,0,0
0x4c611d,55.5556%,8,10,18,5,4,4,5
0x462b57,33.3333%,8,4,12,0,0,8,4
0x47bd07,99.4829%,8,1539,1547,1539,8,0,0
0x4b19e2,57.8947%,8,11,19,0,0,8,11
0x4c2342,99.1361%,8,918,926,0,4,4,918
0x4c75c8,97.2222%,8,280,288,280,8,0,0
0x401b40,99.7288%,8,2942,2950,2942,8,0,0
0x4671ea,94.2446%,8,131,139,35,3,5,96
0x458fb3,11.1111%,8,1,9,1,8,0,0
0x412230,98.1982%,8,436,444,0,0,8,436
0x4cbd20,83.3333%,8,40,48,0,1,7,40
0x47bacc,92.7928%,8,103,111,0,8,0,103
0x4597e2,92.1569%,8,94,102,4,1,7,90
0x4765d3,99.7788%,8,3609,3617,0,0,8,3609
0x4c893a,90.6977%,8,78,86,0,3,5,78
0x4770b5,20%,8,2,10,1,1,7,1
0x45daf9,89.8734%,8,71,79,71,8,0,0
0x45ee59,61.9048%,8,13,21,13,8,0,0
0x457261,99.5016%,8,1597,1605,1597,8,0,0
0x41a4d7,99.8893%,8,7221,7229,7221,8,0,0
0x41adea,92.7928%,8,103,111,103,8,0,0
0x402518,98.1735%,8,430,438,430,8,0,0
0x4e069b,88.8889%,8,64,72,18,3,5,46
0x465981,96.5066%,8,221,229,0,7,1,221
0x426e87,50%,8,8,16,0,0,8,8
0x4d17b0,97.411%,8,301,309,0,0,8,301
0x47cbbc,99.6148%,8,2069,2077,0,0,8,2069
0x4d1ddb,97.0696%,8,265,273,0,0,8,265
0x4696f6,95.5056%,8,170,178,0,0,8,170
0x4df1dc,89.3333%,8,67,75,0,0,8,67
0x47c64c,20%,8,2,10,0,0,8,2
0x608d04,96.0591%,8,195,203,0,0,8,195
0x4d63e5,99.9022%,8,8171,8179,0,3,5,8171
0x478f35,99.1342%,8,916,924,0,0,8,916
0x5f1dbd,77.1429%,8,27,35,0,0,8,27
0x4c649f,50%,8,8,16,5,3,5,3
0x49a3f8,77.7778%,8,28,36,28,8,0,0
0x4b317c,76.4706%,8,26,34,26,8,0,0
0x47ab03,99.9398%,8,13283,13291,0,0,8,13283
0x46f28f,82.9787%,8,39,47,0,0,8,39
0x4c8913,63.6364%,8,14,22,11,4,4,3
0x60686a,99.5673%,8,1841,1849,1841,6,2,0
0x4b0b77,89.3939%,7,59,66,30,3,4,29
0x609d0b,12.5%,7,1,8,0,0,7,1
0x477e81,95.5414%,7,150,157,150,7,0,0
0x4d7995,82.5%,7,33,40,33,6,1,0
0x41abb6,83.7209%,7,36,43,0,0,7,36
0x4cab55,99.6623%,7,2066,2073,0,3,4,2066
0x445b79,97.0085%,7,227,234,227,7,0,0
0x4d5839,99.9026%,7,7181,7188,0,1,6,7181
0x4184bd,85.4167%,7,41,48,2,0,7,39
0x4274d6,41.6667%,7,5,12,0,0,7,5
0x420848,95.9538%,7,166,173,166,7,0,0
0x5ef229,99.5676%,7,1612,1619,1612,7,0,0
0x47c72a,99.8806%,7,5855,5862,0,0,7,5855
0x4ba5f0,94.2623%,7,115,122,115,7,0,0
0x48be5a,97.6027%,7,285,292,184,5,2,101
0x49c78c,63.1579%,7,12,19,0,0,7,12
0x4be616,96.875%,7,217,224,0,6,1,217
0x4abf22,65%,7,13,20,13,7,0,0
0x5ef099,99.9354%,7,10825,10832,0,0,7,10825
0x4deb18,74.0741%,7,20,27,12,0,7,8
0x49ce80,98.3721%,7,423,430,0,0,7,423
0x4bd486,99.7896%,7,3320,3327,3320,7,0,0
0x450115,22.2222%,7,2,9,0,0,7,2
0x458e67,61.1111%,7,11,18,0,0,7,11
0x48ae12,83.3333%,7,35,42,15,6,1,20
0x4b9054,99.9637%,7,19281,19288,0,0,7,19281
0x479cd5,95.1724%,7,138,145,114,7,0,24
0x479976,61.1111%,7,11,18,11,7,0,0
0x47b4e2,99.9315%,7,10213,10220,0,0,7,10213
0x4b597e,58.8235%,7,10,17,10,7,0,0
0x467ba8,76.6667%,7,23,30,23,7,0,0
0x4d5abb,99.9553%,7,15656,15663,15656,7,0,0
0x60b21e,92.5532%,7,87,94,87,7,0,0
0x46ff24,99.9394%,7,11547,11554,0,0,7,11547
0x4d7681,99.9268%,7,9553,9560,9553,7,0,0
0x475fd4,99.9567%,7,16141,16148,16141,7,0,0
0x4790af,96.6667%,7,203,210,203,7,0,0
0x4c64b0,99.9942%,7,121170,121177,0,0,7,121170
0x4b1477,98.301%,7,405,412,374,4,3,31
0x458cbc,75.8621%,7,22,29,0,0,7,22
0x47d426,99.8585%,7,4940,4947,4940,7,0,0
0x47ce88,99.8585%,7,4940,4947,0,0,7,4940
0x47da24,99.7535%,7,2833,2840,0,0,7,2833
0x45ac02,97.2222%,7,245,252,0,3,4,245
0x4be719,99.9312%,7,10167,10174,0,0,7,10167
0x45d974,74.0741%,7,20,27,20,7,0,0
0x49c24d,80.5556%,7,29,36,29,7,0,0
0x49bebe,80.5556%,7,29,36,0,0,7,29
0x5f1d87,99.6421%,7,1949,1956,0,0,7,1949
0x4dcb10,99.8979%,7,6846,6853,0,0,7,6846
0x458306,82.0513%,7,32,39,32,7,0,0
0x47bbe9,95.1049%,7,136,143,0,0,7,136
0x4c59a7,99.9853%,7,47636,47643,0,0,7,47636
0x4b19ad,81.5789%,7,31,38,16,3,4,15
0x4655b2,94.7761%,7,127,134,3,3,4,124
0x4192a4,83.7209%,7,36,43,0,0,7,36
0x4d632a,99.4514%,7,1269,1276,0,0,7,1269
0x60b2be,0%,7,0,7,0,7,0,0
0x45afad,98.4547%,7,446,453,446,7,0,0
0x49b8bf,80.5556%,7,29,36,16,1,6,13
0x412ed0,80.5556%,7,29,36,0,0,7,29
0x4ac9c6,79.4118%,7,27,34,0,0,7,27
0x45a039,61.1111%,7,11,18,2,7,0,9
0x4bab7f,99.8889%,7,6294,6301,6294,7,0,0
0x5f0b8b,82.5%,7,33,40,0,4,3,33
0x4d2597,94.0678%,7,111,118,111,7,0,0
0x5f0b81,82.5%,7,33,40,31,1,6,2
0x465068,98.5626%,7,480,487,480,7,0,0
0x428f61,99.8575%,7,4907,4914,0,0,7,4907
0x469bfc,94.1667%,7,113,120,0,0,7,113
0x428f82,99.8274%,7,4049,4056,4049,7,0,0
0x45a41a,53.3333%,7,8,15,0,0,7,8
0x4a2b7f,82.5%,7,33,40,31,6,1,2
0x412e12,82.5%,7,33,40,0,4,3,33
0x41adae,98.9097%,7,635,642,635,7,0,0
0x4ac316,96.5347%,7,195,202,0,0,7,195
0x47a94e,75%,7,21,28,21,7,0,0
0x45dab0,91.1392%,7,72,79,72,7,0,0
0x4bc5eb,99.9209%,7,8837,8844,0,0,7,8837
0x47be38,99.4757%,7,1328,1335,1328,7,0,0
0x4d09c2,66.6667%,7,14,21,0,0,7,14
0x4b8b7b,99.9532%,7,14962,14969,0,0,7,14962
0x49b679,80.5556%,7,29,36,0,0,7,29
0x4576d6,95.2381%,7,140,147,140,7,0,0
0x4112a7,99.2521%,7,929,936,462,6,1,467
0x60b46c,50%,7,7,14,0,7,0,7
0x4ca7c8,99.4382%,7,1239,1246,0,0,7,1239
0x49c781,63.1579%,7,12,19,0,0,7,12
0x4b0a13,96.6019%,7,199,206,199,7,0,0
0x45a1b9,53.3333%,7,8,15,8,7,0,0
0x4214e7,91.8605%,7,79,86,62,5,2,17
0x4b3b0b,93.1373%,7,95,102,0,0,7,95
0x4c3d77,41.6667%,7,5,12,5,7,0,0
0x4c6749,97.1545%,7,239,246,0,0,7,239
0x47b7aa,99.756%,7,2862,2869,0,0,7,2862
0x50f7d0,50%,7,7,14,0,0,7,7
0x4c4b25,99.9947%,7,132601,132608,0,0,7,132601
0x417fd1,99.7566%,7,2869,2876,0,2,5,2869
0x4cb989,85.1064%,7,40,47,40,7,0,0
0x41ab4d,83.7209%,7,36,43,0,0,7,36
0x47c193,96.9697%,7,224,231,224,3,4,0
0x459ce7,76.6667%,7,23,30,14,7,0,9
0x4ce027,99.895%,7,6658,6665,6658,7,0,0
0x60a26e,99.1696%,7,836,843,0,0,7,836
0x47b3e2,99.9315%,7,10213,10220,0,0,7,10213
0x427444,53.3333%,7,8,15,8,7,0,0
0x4638e1,92.7083%,7,89,96,89,7,0,0
0x478b02,99.6752%,7,2148,2155,2137,7,0,11
0x47a08a,95.6522%,7,154,161,0,0,7,154
0x4a8517,96.3731%,7,186,193,186,7,0,0
0x4d096c,99.8363%,7,4268,4275,4268,7,0,0
0x4a6393,94.5312%,7,121,128,13,6,1,108
0x4c268d,99.881%,7,5873,5880,5873,7,0,0
0x4a2fd0,78.7879%,7,26,33,11,6,1,15
0x4d63f8,95.8824%,7,163,170,0,0,7,163
0x6097cc,91.5663%,7,76,83,0,4,3,76
0x4d212f,53.3333%,7,8,15,8,7,0,0
0x424704,12.5%,7,1,8,0,0,7,1
0x476cae,99.838%,7,4313,4320,0,0,7,4313
0x476b84,99.8405%,7,4382,4389,4382,7,0,0
0x459cb9,95.679%,7,155,162,1,2,5,154
0x47ab0c,99.9473%,7,13284,13291,0,0,7,13284
0x4c26a8,99.881%,7,5873,5880,5873,7,0,0
0x5f3165,99.7367%,7,2652,2659,0,0,7,2652
0x5f7838,91.4634%,7,75,82,0,0,7,75
0x4e2bed,90.2778%,7,65,72,65,7,0,0
0x49a3e0,80.5556%,7,29,36,0,0,7,29
0x4a3596,56.25%,7,9,16,0,0,7,9
0x46c615,88.7097%,7,55,62,41,7,0,14
0x4535cc,22.2222%,7,2,9,0,0,7,2
0x45a7cf,91.358%,7,74,81,0,0,7,74
0x4abff3,65%,7,13,20,13,7,0,0
0x4a4290,58.8235%,7,10,17,10,7,0,0
0x609ca6,78.125%,7,25,32,8,0,7,17
0x46783b,88.5246%,7,54,61,54,7,0,0
0x45fe44,99.8927%,7,6519,6526,6519,4,3,0
0x47661d,99.3433%,7,1059,1066,0,0,7,1059
0x48cdc7,97.9351%,7,332,339,332,7,0,0
0x4274df,41.6667%,7,5,12,5,7,0,0
0x401b09,99.7627%,7,2943,2950,2943,7,0,0
0x4a752c,79.4118%,7,27,34,27,7,0,0
0x49c291,80.5556%,7,29,36,29,7,0,0
0x445b6f,97.0085%,7,227,234,0,0,7,227
0x4d3248,99.8793%,7,5794,5801,5794,7,0,0
0x5f25ec,99.9112%,7,7874,7881,0,0,7,7874
0x4c6103,61.1111%,7,11,18,4,5,2,7
0x5de9b3,83.3333%,7,35,42,0,0,7,35
0x4597d5,93.1373%,7,95,102,95,7,0,0
0x4d2702,94.0678%,7,111,118,111,7,0,0
0x47abdc,89.2308%,7,58,65,58,3,4,0
0x463cd6,98.4018%,7,431,438,431,7,0,0
0x4d9766,99.9667%,7,21032,21039,0,0,7,21032
0x60b75e,46.1538%,7,6,13,6,7,0,0
0x5ef430,99.3321%,7,1041,1048,1041,7,0,0
0x4df1fd,91.954%,7,80,87,80,4,3,0
0x4d2e00,87.931%,7,51,58,48,7,0,3
0x4c3e1f,41.6667%,7,5,12,5,7,0,0
0x4d4023,95.0355%,7,134,141,132,3,4,2
0x60a0b7,86.2745%,7,44,51,0,0,7,44
0x498c22,50%,7,7,14,7,7,0,0
0x50f503,99.7643%,7,2963,2970,2963,7,0,0
0x4c79bd,98.9228%,6,551,557,551,6,0,0
0x4d16e0,98.0583%,6,303,309,0,0,6,303
0x45aaf8,97.619%,6,246,252,246,6,0,0
0x478b6c,99.6013%,6,1499,1505,1499,6,0,0
0x467134,99.2188%,6,762,768,0,0,6,762
0x49b794,83.3333%,6,30,36,16,1,5,14
0x4c2757,99.898%,6,5874,5880,0,0,6,5874
0x4b8c2a,95.7143%,6,134,140,0,0,6,134
0x4a5234,88.8889%,6,48,54,0,0,6,48
0x5ef0f7,99.6294%,6,1613,1619,1613,6,0,0
0x470326,98.7179%,6,462,468,0,0,6,462
0x4d92f3,76.9231%,6,20,26,4,4,2,16
0x4b9cb7,98.8991%,6,539,545,539,6,0,0
0x4d814b,98.7179%,6,462,468,0,0,6,462
0x49c749,68.4211%,6,13,19,0,0,6,13
0x458231,99.1031%,6,663,669,663,6,0,0
0x49849e,57.1429%,6,8,14,8,4,2,0
0x45a788,92.5926%,6,75,81,75,6,0,0
0x418cf6,99.7295%,6,2212,2218,2212,6,0,0
0x4bea33,94.2857%,6,99,105,99,6,0,0
0x47cbc5,99.7111%,6,2071,2077,2071,6,0,0
0x479ea1,99.5444%,6,1311,1317,1311,6,0,0
0x4be5c0,99.9379%,6,9655,9661,9650,3,3,5
0x6331ca,33.3333%,6,3,9,3,3,3,0
0x4e14ae,66.6667%,6,12,18,12,6,0,0
0x479576,99.0476%,6,624,630,624,6,0,0
0x421b08,99.5192%,6,1242,1248,0,0,6,1242
0x4bd2ba,99.68%,6,1869,1875,0,0,6,1869
0x4cba6f,87.234%,6,41,47,41,6,0,0
0x4d78c1,99.924%,6,7890,7896,7890,6,0,0
0x4ba016,99.2692%,6,815,821,815,6,0,0
0x4458bc,98.7179%,6,462,468,462,6,0,0
0x462a90,50%,6,6,12,0,3,3,6
0x4a8ae2,82.3529%,6,28,34,0,0,6,28
0x4079c9,40%,6,4,10,0,6,0,4
0x427acc,0%,6,0,6,0,6,0,0
0x4789e8,0%,6,0,6,0,6,0,0
0x4d1e07,97.6744%,6,252,258,252,6,0,0
0x48d639,99.9043%,6,6263,6269,0,0,6,6263
0x45010c,33.3333%,6,3,9,0,0,6,3
0x4789af,0%,6,0,6,0,6,0,0
0x4e2950,91.6667%,6,66,72,0,3,3,66
0x47d221,99.8787%,6,4941,4947,4941,6,0,0
0x47aaf6,99.9549%,6,13285,13291,0,0,6,13285
0x4118d0,98.6486%,6,438,444,438,6,0,0
0x478a56,0%,6,0,6,0,6,0,0
0x4022d1,98.2906%,6,345,351,0,0,6,345
0x5ef171,62.5%,6,10,16,9,5,1,1
0x47b883,99.7909%,6,2863,2869,2863,6,0,0
0x49bb5a,83.3333%,6,30,36,0,0,6,30
0x523c76,0%,6,0,6,0,3,3,0
0x47a56b,96%,6,144,150,144,0,6,0
0x4458fd,98.7179%,6,462,468,0,0,6,462
0x4dc2f4,93.75%,6,90,96,90,6,0,0
0x4d1668,71.4286%,6,15,21,15,0,6,0
0x4dadd5,98.8909%,6,535,541,535,6,0,0
0x47873e,0%,6,0,6,0,0,6,0
0x4e0a92,88.2353%,6,45,51,27,6,0,18
0x47a1f0,99.9445%,6,10808,10814,10808,6,0,0
0x5de7ac,0%,6,0,6,0,3,3,0
0x4df6d9,71.4286%,6,15,21,0,0,6,15
0x461068,81.25%,6,26,32,26,6,0,0
0x4534e2,33.3333%,6,3,9,3,6,0,0
0x4a506c,70%,6,14,20,14,3,3,0
0x5de9ba,86.6667%,6,39,45,39,3,3,0
0x465040,98.8848%,6,532,538,51,0,6,481
0x462dd4,98.1818%,6,324,330,324,6,0,0
0x49d018,97.0297%,6,196,202,133,1,5,63
0x49a9d6,83.3333%,6,30,36,16,3,3,14
0x418b96,98.8372%,6,510,516,510,6,0,0
0x460e58,81.25%,6,26,32,0,0,6,26
0x49a461,83.3333%,6,30,36,13,6,0,17
0x5ded35,60%,6,9,15,0,6,0,9
0x4d7df8,93.0233%,6,80,86,0,0,6,80
0x4a11e0,82.8571%,6,29,35,0,0,6,29
0x4d8ba3,93.75%,6,90,96,0,0,6,90
0x4a663c,82.3529%,6,28,34,0,0,6,28
0x463172,93.75%,6,90,96,0,0,6,90
0x4d139f,0%,6,0,6,0,6,0,0
0x477f3f,99.2941%,6,844,850,0,3,3,844
0x49e9e6,82.3529%,6,28,34,28,6,0,0
0x4275e2,50%,6,6,12,6,6,0,0
0x5f1d6e,99.798%,6,2964,2970,0,0,6,2964
0x46ad98,99.4545%,6,1094,1100,0,0,6,1094
0x5dd8df,89.4737%,6,51,57,3,6,0,48
0x478ff0,86.3636%,6,38,44,0,3,3,38
0x5f2630,99.9239%,6,7875,7881,0,0,6,7875
0x401f7c,94.7826%,6,109,115,108,1,5,1
0x48c8c4,99.87%,6,4609,4615,0,0,6,4609
0x418521,64.7059%,6,11,17,9,3,3,2
0x479416,86.6667%,6,39,45,39,6,0,0
0x45db0e,92.4051%,6,73,79,0,0,6,73
0x46f249,62.5%,6,10,16,0,0,6,10
0x478306,99.2032%,6,747,753,0,0,6,747
0x4d374d,99.796%,6,2935,2941,0,0,6,2935
0x4acb14,82.3529%,6,28,34,28,6,0,0
0x477f31,99.308%,6,861,867,861,6,0,0
0x47db1e,99.7877%,6,2820,2826,0,0,6,2820
0x465652,0%,6,0,6,0,6,0,0
0x4c51bd,99.7366%,6,2272,2278,2272,6,0,0
0x5f0acd,99.9213%,6,7620,7626,7620,6,0,0
0x4644cd,98.4496%,6,381,387,381,6,0,0
0x498a44,83.3333%,6,30,36,14,2,4,16
0x5eecd1,14.2857%,6,1,7,0,0,6,1
0x5f053e,99.8185%,6,3299,3305,0,0,6,3299
0x4cd405,99.8931%,6,5607,5613,0,0,6,5607
0x4b9da1,99.813%,6,3203,3209,3203,6,0,0
0x48d68f,33.3333%,6,3,9,0,0,6,3
0x465555,33.3333%,6,3,9,2,6,0,1
0x49cf9c,99.0461%,6,623,629,623,6,0,0
0x5f2dee,99.798%,6,2964,2970,2964,6,0,0
0x609f66,60%,6,9,15,2,0,6,7
0x4c603b,33.3333%,6,3,9,3,6,0,0
0x46995c,99.0461%,6,623,629,0,0,6,623
0x4c3b0a,99.5037%,6,1203,1209,0,0,6,1203
0x49ef0e,98.3471%,6,357,363,357,6,0,0
0x4bbd2a,99.7498%,6,2392,2398,0,2,4,2392
0x428538,66.6667%,6,12,18,0,3,3,12
0x47d749,25%,6,2,8,2,6,0,0
0x46f1a6,62.5%,6,10,16,0,0,6,10
0x5ef047,99.9446%,6,10826,10832,0,0,6,10826
0x4182c1,90.9091%,6,60,66,0,1,5,60
0x465825,0%,6,0,6,0,0,6,0
0x609bb7,93.617%,6,88,94,0,0,6,88
0x5fa3ab,53.8462%,6,7,13,0,3,3,7
0x4cd84c,98.6014%,6,423,429,423,6,0,0
0x4c89bc,72.7273%,6,16,22,2,3,3,14
0x4d912b,99.8229%,6,3382,3388,3382,6,0,0
0x4a45b5,83.7838%,6,31,37,31,6,0,0
0x464ba3,60%,6,9,15,9,6,0,0
0x5dead5,0%,6,0,6,0,0,6,0
0x464b87,89.8305%,6,53,59,0,0,6,53
0x60b6ae,14.2857%,6,1,7,1,6,0,0
0x47c8cc,99.668%,6,1801,1807,1801,3,3,0
0x427953,97.8022%,6,267,273,0,0,6,267
0x4cd161,99.4377%,6,1061,1067,0,0,6,1061
0x47a576,0%,6,0,6,0,6,0,0
0x4786f6,0%,6,0,6,0,0,6,0
0x47c947,78.5714%,6,22,28,0,0,6,22
0x50f907,68.4211%,6,13,19,13,6,0,0
0x4de288,79.3103%,6,23,29,23,6,0,0
0x4246c2,25%,6,2,8,2,6,0,0
0x47c11c,97.4026%,6,225,231,0,0,6,225
0x4c5b76,99.9872%,6,46848,46854,0,0,6,46848
0x5ddf81,84.6154%,6,33,39,33,3,3,0
0x426f1f,62.5%,6,10,16,5,3,3,5
0x47c56d,99.9032%,6,6190,6196,0,0,6,6190
0x4b9b80,96.25%,6,154,160,154,6,0,0
0x4b6b27,64.7059%,6,11,17,11,6,0,0
0x427a80,77.7778%,6,21,27,15,6,0,6
0x4de2a5,79.3103%,6,23,29,23,3,3,0
0x47b08d,25%,6,2,8,0,0,6,2
0x41b1ff,95.2381%,6,120,126,120,1,5,0
0x46c7d2,99.3795%,6,961,967,961,6,0,0
0x46796f,80%,6,24,30,24,6,0,0
0x4de2f8,79.3103%,6,23,29,23,3,3,0
0x4182d1,90.7692%,6,59,65,58,6,0,1
0x4c6404,99.995%,6,121171,121177,121171,6,0,0
0x4c234d,99.3492%,6,916,922,0,0,6,916
0x621030,14.2857%,6,1,7,1,6,0,0
0x4e1024,81.8182%,6,27,33,0,0,6,27
0x479b97,99.9499%,6,11964,11970,0,0,6,11964
0x47bd69,99.5506%,6,1329,1335,0,0,6,1329
0x4994c7,99.0461%,6,623,629,373,0,6,250
0x5f31ba,98.5882%,6,419,425,3,4,2,416
0x5f2d2e,99.798%,6,2964,2970,0,0,6,2964
0x4c48d0,99.084%,6,649,655,649,6,0,0
0x41ae34,60%,6,9,15,0,0,6,9
0x4769bb,99.6936%,6,1952,1958,1952,6,0,0
0x47711c,50%,6,6,12,6,6,0,0
0x4c8881,72.7273%,6,16,22,16,6,0,0
0x41214e,98.6486%,6,438,444,438,6,0,0
0x62101d,14.2857%,6,1,7,1,6,0,0
0x41920f,76%,6,19,25,17,5,1,2
0x49a881,83.3333%,6,30,36,30,6,0,0
0x4607b9,72.7273%,6,16,22,16,3,3,0
0x49a134,83.3333%,6,30,36,30,6,0,0
0x4dca3e,99.9124%,6,6847,6853,0,0,6,6847
0x4d0e54,98.6239%,6,430,436,1,5,1,429
0x41a36d,98.3287%,6,353,359,353,6,0,0
0x406df9,81.8182%,6,27,33,0,0,6,27
0x4199b6,90.625%,6,58,64,56,6,0,2
0x4ce366,99.9253%,6,8022,8028,8022,6,0,0
0x5eefd5,99.9518%,6,12445,12451,0,0,6,12445
0x4d5f86,98.7288%,6,466,472,0,0,6,466
0x5de60c,0%,6,0,6,0,0,6,0
0x49c1ab,83.3333%,6,30,36,15,4,2,15
0x49c1cf,83.3333%,6,30,36,30,6,0,0
0x5f25c7,99.9239%,6,7875,7881,0,0,6,7875
0x477f48,99.2916%,6,841,847,0,0,6,841
0x49ca7a,99.7502%,6,2396,2402,2396,6,0,0
0x5fa341,83.3333%,6,30,36,7,4,2,23
0x5dd238,0%,6,0,6,0,0,6,0
0x5fa34e,76%,6,19,25,0,4,2,19
0x45a074,66.6667%,6,12,18,0,3,3,12
0x419018,99.9613%,6,15498,15504,15498,6,0,0
0x4bee8b,99.9952%,6,124156,124162,0,0,6,124156
0x458c72,70%,6,14,20,14,6,0,0
0x45946b,66.6667%,5,10,15,9,3,2,1
0x41bbde,99.2888%,5,698,703,0,0,5,698
0x4e09d6,93.0556%,5,67,72,48,3,2,19
0x4cb32e,99.8997%,5,4981,4986,4981,5,0,0
0x4a3085,84.8485%,5,28,33,28,5,0,0
0x47a749,96.2687%,5,129,134,129,5,0,0
0x48d979,98.5163%,5,332,337,332,5,0,0
0x458e81,44.4444%,5,4,9,2,2,3,2
0x41224b,98.8584%,5,433,438,433,5,0,0
0x48bd44,99.0548%,5,524,529,68,3,2,456
0x5f312c,99.812%,5,2654,2659,2654,5,0,0
0x4b9685,93.4211%,5,71,76,0,0,5,71
0x49b7a6,73.6842%,5,14,19,14,5,0,0
0x4b59b4,70.5882%,5,12,17,12,5,0,0
0x4ac345,99.4553%,5,913,918,913,5,0,0
0x4cbd28,89.3617%,5,42,47,0,1,4,42
0x4d5a14,37.5%,5,3,8,3,5,0,0
0x4daef9,99.9756%,5,20462,20467,0,0,5,20462
0x608cab,97.5369%,5,198,203,192,3,2,6
0x4703f3,98.9316%,5,463,468,463,5,0,0
0x5f30dc,99.812%,5,2654,2659,0,0,5,2654
0x477fb6,99.7153%,5,1751,1756,1751,5,0,0
0x45d922,81.4815%,5,22,27,22,5,0,0
0x4ccf04,99.7221%,5,1794,1799,1794,1,4,0
0x5ef50a,99.5229%,5,1043,1048,0,0,5,1043
0x47904d,99.9538%,5,10821,10826,0,0,5,10821
0x41bbc3,99.2888%,5,698,703,0,0,5,698
0x40248c,93.6709%,5,74,79,74,5,0,0
0x428544,58.3333%,5,7,12,0,0,5,7
0x608e30,97.4359%,5,190,195,0,0,5,190
0x50f7c6,64.2857%,5,9,14,0,0,5,9
0x4ac0b7,75%,5,15,20,15,2,3,0
0x4be48b,95.1456%,5,98,103,1,5,0,97
0x60b01e,0%,5,0,5,0,5,0,0
0x47805d,99.8527%,5,3389,3394,0,0,5,3389
0x46105e,84.375%,5,27,32,27,5,0,0
0x4a75b6,85.2941%,5,29,34,29,5,0,0
0x5f7bf3,76.1905%,5,16,21,0,0,5,16
0x4b08f4,98.6772%,5,373,378,0,0,5,373
0x4ac061,75%,5,15,20,15,5,0,0
0x4b6a7a,70.5882%,5,12,17,12,5,0,0
0x4136d4,87.5%,5,35,40,0,3,2,35
0x4697e0,98.8345%,5,424,429,424,5,0,0
0x47c4da,99.9193%,5,6191,6196,0,0,5,6191
0x4cb10b,99.7835%,5,2304,2309,2304,5,0,0
0x60980c,86.4865%,5,32,37,0,0,5,32
0x4c60c1,44.4444%,5,4,9,0,0,5,4
0x4c5832,99.9063%,5,5330,5335,3,4,1,5327
0x4ddab6,72.2222%,5,13,18,13,5,0,0
0x6332bf,16.6667%,5,1,6,1,5,0,0
0x420aa8,99.6041%,5,1258,1263,0,0,5,1258
0x420b2e,99.6209%,5,1314,1319,0,1,4,1314
0x4d3082,99.6669%,5,1496,1501,1496,5,0,0
0x50f4f4,99.8343%,5,3012,3017,0,0,5,3012
0x6331ab,44.4444%,5,4,9,3,0,5,1
0x44febe,44.4444%,5,4,9,0,0,5,4
0x4b6d31,70.5882%,5,12,17,12,5,0,0
0x60b16e,16.6667%,5,1,6,1,5,0,0
0x4b4434,85.2941%,5,29,34,0,0,5,29
0x4c3aa4,81.4815%,5,22,27,11,1,4,11
0x4b9a0a,99.3179%,5,728,733,728,5,0,0
0x4a3152,70.5882%,5,12,17,12,5,0,0
0x426e8c,68.75%,5,11,16,0,0,5,11
0x45b06f,96.0317%,5,121,126,0,0,5,121
0x47b5c7,99.8257%,5,2864,2869,0,0,5,2864
0x4a4506,75%,5,15,20,15,5,0,0
0x48d6a0,44.4444%,5,4,9,4,5,0,0
0x60b70c,54.5455%,5,6,11,2,5,0,4
0x473a14,98.9224%,5,459,464,459,5,0,0
0x47ac82,99.935%,5,7684,7689,0,0,5,7684
0x4bb2c6,99.8709%,5,3868,3873,3868,5,0,0
0x4a50bc,75%,5,15,20,0,0,5,15
0x4a2558,98.2014%,5,273,278,273,5,0,0
0x4bf6e9,98.062%,5,253,258,244,0,5,9
0x4b958e,99.1817%,5,606,611,606,5,0,0
0x4073a7,84.8485%,5,28,33,28,5,0,0
0x478b4e,99.835%,5,3025,3030,0,0,5,3025
0x47cfb7,44.4444%,5,4,9,4,5,0,0
0x4073da,84.8485%,5,28,33,9,1,4,19
0x457efb,79.1667%,5,19,24,0,0,5,19
0x49a2e7,86.1111%,5,31,36,31,5,0,0
0x4c24e6,99.9482%,5,9639,9644,9639,5,0,0
0x457f1e,79.1667%,5,19,24,19,5,0,0
0x4a2dae,73.6842%,5,14,19,1,2,3,13
0x49c91e,99.7918%,5,2397,2402,2397,5,0,0
0x5fa3c4,77.2727%,5,17,22,0,0,5,17
0x45de02,98.3819%,5,304,309,0,0,5,304
0x4a2f1f,84.8485%,5,28,33,28,5,0,0
0x5f2dcd,99.8316%,5,2965,2970,0,0,5,2965
0x4a4c34,70.5882%,5,12,17,12,5,0,0
0x4b9607,93.4211%,5,71,76,0,0,5,71
0x4d8f0f,99.7826%,5,2295,2300,2295,5,0,0
0x4d600f,99.8454%,5,3229,3234,3229,5,0,0
0x48c009,95.1456%,5,98,103,0,0,5,98
0x48ccf4,98.4568%,5,319,324,0,0,5,319
0x4b2177,70.5882%,5,12,17,0,0,5,12
0x4ca1b1,99.9218%,5,6389,6394,6389,5,0,0
0x45dde6,98.3819%,5,304,309,304,5,0,0
0x48c71a,99.785%,5,2321,2326,2321,5,0,0
0x457d30,88.0952%,5,37,42,37,5,0,0
0x473a86,98.9224%,5,459,464,459,5,0,0
0x4aca92,16.6667%,5,1,6,1,5,0,0
0x50fd7b,98.2935%,5,288,293,288,3,2,0
0x4cb3d4,99.9709%,5,17155,17160,0,0,5,17155
0x458314,87.1795%,5,34,39,34,5,0,0
0x47c9e4,99.8687%,5,3803,3808,0,0,5,3803
0x4c4b20,99.9962%,5,132603,132608,0,0,5,132603
0x45ab54,98.0159%,5,247,252,247,5,0,0
0x427476,66.6667%,5,10,15,7,5,0,3
0x457d11,88.0952%,5,37,42,37,5,0,0
0x5fa368,76.1905%,5,16,21,0,2,3,16
0x47ba93,0%,5,0,5,0,5,0,0
0x4b8eb9,99.9482%,5,9639,9644,9639,5,0,0
0x4d8b27,99.5054%,5,1006,1011,1006,5,0,0
0x5dd972,44.4444%,5,4,9,0,0,5,4
0x469a6e,95.8333%,5,115,120,0,0,5,115
0x4dac7e,99.1197%,5,563,568,0,0,5,563
0x422249,28.5714%,5,2,7,2,5,0,0
0x473c06,98.9224%,5,459,464,0,0,5,459
0x41b216,0%,5,0,5,0,5,0,0
0x47d851,37.5%,5,3,8,0,0,5,3
0x487c77,88.0952%,5,37,42,0,0,5,37
0x5deee5,88.8889%,5,40,45,0,3,2,40
0x4615f3,99.2175%,5,634,639,634,5,0,0
0x4b3343,92.6471%,5,63,68,63,5,0,0
0x60b60e,78.2609%,5,18,23,18,5,0,0
0x5f07af,94.6237%,5,88,93,88,5,0,0
0x4c6ac5,99.9362%,5,7829,7834,38,2,3,7791
0x5eeff7,99.9538%,5,10827,10832,0,0,5,10827
0x4282ce,66.6667%,5,10,15,0,0,5,10
0x428540,66.6667%,5,10,15,0,3,2,10
0x428598,58.3333%,5,7,12,7,5,0,0
0x60954d,94.0476%,5,79,84,79,2,3,0
0x4abee1,96.5753%,5,141,146,0,0,5,141
0x46c33c,99.2114%,5,629,634,0,0,5,629
0x47d860,37.5%,5,3,8,3,5,0,0
0x47d6cf,37.5%,5,3,8,0,0,5,3
0x420c3f,90.9091%,5,50,55,50,5,0,0
0x4be851,99.9508%,5,10153,10158,10144,2,3,9
0x45fcc4,92.4242%,5,61,66,61,2,3,0
0x47ca8a,99.8687%,5,3803,3808,0,0,5,3803
0x41a474,99.7585%,5,2065,2070,2065,5,0,0
0x402449,96.1832%,5,126,131,0,0,5,126
0x4840d7,76.1905%,5,16,21,16,5,0,0
0x48aff9,76.1905%,5,16,21,16,5,0,0
0x4bac24,92.5373%,5,62,67,3,0,5,59
0x4d8f77,99.7826%,5,2295,2300,2295,5,0,0
0x48c65b,99.83%,5,2936,2941,0,0,5,2936
0x47cd70,99.8991%,5,4951,4956,4951,5,0,0
0x46ff5a,99.8977%,5,4881,4886,4869,1,4,12
0x49ccfb,99.7791%,5,2258,2263,2258,5,0,0
0x4b22ff,58.3333%,5,7,12,2,4,1,5
0x48acac,88.0952%,5,37,42,16,5,0,21
0x4d8ebb,99.9667%,5,15029,15034,15029,5,0,0
0x45c222,98.9627%,5,477,482,477,5,0,0
0x48ab31,92.0635%,5,58,63,16,5,0,42
0x40a597,98.6264%,5,359,364,359,5,0,0
0x47adba,97.7376%,5,216,221,216,5,0,0
0x4cf582,99.7293%,5,1842,1847,1842,5,0,0
0x47a8ed,97.7376%,5,216,221,216,5,0,0
0x465639,95.7983%,5,114,119,1,5,0,113
0x4d6e3b,98.9775%,5,484,489,484,5,0,0
0x47b153,99.9589%,5,12154,12159,12154,5,0,0
0x418bcd,99.8247%,5,2847,2852,0,0,5,2847
0x4da987,99.9331%,5,7474,7479,0,0,5,7474
0x4b9c17,97.7679%,5,219,224,22,4,1,197
0x47bcb7,99.6768%,5,1542,1547,0,0,5,1542
0x47d3c9,99.9715%,5,17537,17542,0,0,5,17537
0x45dae0,93.6709%,5,74,79,74,5,0,0
0x4d5d31,92.7536%,5,64,69,3,3,2,61
0x4a6661,85.2941%,5,29,34,11,5,0,18
0x4652c5,93.3333%,5,70,75,70,5,0,0
0x48c9ea,99.54%,5,1082,1087,0,0,5,1082
0x4bb1e2,99.6521%,5,1432,1437,1432,5,0,0
0x47c9bb,99.8687%,5,3803,3808,0,0,5,3803
0x477e2a,96.8153%,5,152,157,0,0,5,152
0x478e9c,99.9023%,5,5113,5118,5113,5,0,0
0x50fc03,99.9303%,5,7166,7171,0,0,5,7166
0x401fb3,99.859%,5,3541,3546,3541,5,0,0
0x417e51,99.9836%,5,30499,30504,0,2,3,30499
0x4d80a7,98.9316%,5,463,468,0,0,5,463
0x4282ee,16.6667%,5,1,6,0,0,5,1
0x4cc762,75%,5,15,20,0,0,5,15
0x4e28ae,93.0556%,5,67,72,1,4,1,66
0x4214fc,73.6842%,5,14,19,14,5,0,0
0x48acdc,76.1905%,5,16,21,16,5,0,0
0x4d1674,98.7952%,5,410,415,0,0,5,410
0x46c31e,44.4444%,5,4,9,4,5,0,0
0x41897e,99.8941%,5,4715,4720,4715,5,0,0
0x46d1c3,99.561%,5,1134,1139,0,0,5,1134
0x5ef0a7,99.4583%,5,918,923,0,0,5,918
0x417f1b,99.9833%,5,30001,30006,30001,5,0,0
0x4b0013,90.3846%,5,47,52,47,5,0,0
0x45da8e,93.6709%,5,74,79,74,5,0,0
0x47af5c,99.8014%,5,2512,2517,2512,4,1,0
0x47b61a,99.6658%,5,1491,1496,1491,5,0,0
0x47802f,99.8527%,5,3389,3394,3389,5,0,0
0x4534c2,44.4444%,5,4,9,4,5,0,0
0x411479,98.9316%,5,463,468,463,5,0,0
0x50fba8,99.2948%,5,704,709,0,0,5,704
0x419232,88.3721%,5,38,43,36,4,1,2
0x457167,99.8961%,5,4809,4814,4809,5,0,0
0x5df2e0,16.6667%,5,1,6,1,5,0,0
0x49ed23,85.2941%,5,29,34,29,5,0,0
0x4b0417,98.9627%,5,477,482,445,3,2,32
0x41343b,87.5%,5,35,40,35,5,0,0
0x4d5d48,92.7536%,5,64,69,61,2,3,3
0x608fe3,95.4545%,4,84,88,0,0,4,84
0x4beb2c,96.1905%,4,101,105,0,2,2,101
0x464fbb,96.5517%,4,112,116,48,4,0,64
0x473907,99.1379%,4,460,464,0,0,4,460
0x4207f5,97.6879%,4,169,173,0,0,4,169
0x462aa4,66.6667%,4,8,12,8,4,0,0
0x609cb7,83.3333%,4,20,24,0,0,4,20
0x49ac1c,88.8889%,4,32,36,0,0,4,32
0x47c0e7,98.2684%,4,227,231,3,1,3,224
0x4d5803,99.9005%,4,4016,4020,4016,4,0,0
0x4c587f,98.2906%,4,230,234,0,0,4,230
0x41d385,75%,4,12,16,0,0,4,12
0x5df420,88.8889%,4,32,36,32,1,3,0
0x49c7e4,78.9474%,4,15,19,15,4,0,0
0x49c1a1,88.8889%,4,32,36,16,3,1,16
0x4db250,99.9805%,4,20463,20467,0,0,4,20463
0x45a796,95.0617%,4,77,81,77,4,0,0
0x47b22d,99.9666%,4,11980,11984,0,0,4,11980
0x479a35,77.7778%,4,14,18,14,4,0,0
0x46ff6b,75%,4,12,16,0,0,4,12
0x499692,99.3641%,4,625,629,0,0,4,625
0x49f0bf,95.1807%,4,79,83,79,4,0,0
0x48bf19,96.1165%,4,99,103,99,4,0,0
0x5de8db,33.3333%,4,2,6,0,0,4,2
0x4bc206,99.7926%,4,1925,1929,1925,4,0,0
0x4adaea,99.2832%,4,554,558,554,4,0,0
0x609b26,94.2857%,4,66,70,21,1,3,45
0x5fa435,33.3333%,4,2,6,2,0,4,0
0x4d1122,33.3333%,4,2,6,2,4,0,0
0x4ca8d0,99.8506%,4,2673,2677,2673,4,0,0
0x4db26b,99.9805%,4,20463,20467,0,0,4,20463
0x4d5f1f,99.945%,4,7270,7274,0,0,4,7270
0x4018ac,0%,4,0,4,0,4,0,0
0x487b93,90.4762%,4,38,42,0,0,4,38
0x424099,66.6667%,4,8,12,0,0,4,8
0x4117d8,99.0991%,4,440,444,440,4,0,0
0x4d1ca7,98.4496%,4,254,258,254,4,0,0
0x4d9006,99.8171%,4,2183,2187,0,0,4,2183
0x4ccb29,99.0676%,4,425,429,425,4,0,0
0x473c49,99.1379%,4,460,464,460,4,0,0
0x401f34,33.3333%,4,2,6,0,0,4,2
0x45f2ce,50%,4,4,8,4,4,0,0
0x4dcd98,98.8796%,4,353,357,353,4,0,0
0x5dde7b,33.3333%,4,2,6,2,1,3,0
0x634512,33.3333%,4,2,6,2,4,0,0
0x608d19,98.0296%,4,199,203,0,0,4,199
0x4c4cd0,99.9714%,4,13966,13970,13966,4,0,0
0x4ddd6f,0%,4,0,4,0,4,0,0
0x4ca7a9,99.679%,4,1242,1246,1242,3,1,0
0x47c671,60%,4,6,10,6,4,0,0
0x50fb0d,99.9632%,4,10853,10857,0,0,4,10853
0x47ae02,98.19%,4,217,221,0,4,0,217
0x4285f1,97.4522%,4,153,157,0,0,4,153
0x5f1d37,99.8653%,4,2966,2970,0,0,4,2966
0x4b35aa,96.0784%,4,98,102,98,4,0,0
0x4d1c12,88.8889%,4,32,36,0,0,4,32
0x4cd52f,99.6251%,4,1063,1067,0,0,4,1063
0x4a5983,96.6667%,4,116,120,116,4,0,0
0x49be80,88.8889%,4,32,36,15,2,2,17
0x45de7c,98.7539%,4,317,321,317,4,0,0
0x487b4c,90.4762%,4,38,42,0,0,4,38
0x4bf758,85.1852%,4,23,27,18,0,4,5
0x42090a,99.6833%,4,1259,1263,0,0,4,1259
0x5ddf68,89.7436%,4,35,39,0,3,1,35
0x445ab1,99.1453%,4,464,468,0,0,4,464
0x4d5716,99.8364%,4,2441,2445,0,0,4,2441
0x443649,99.1453%,4,464,468,0,0,4,464
0x47d69a,50%,4,4,8,0,0,4,4
0x48d0c9,98.8539%,4,345,349,0,0,4,345
0x5dd8e6,91.6667%,4,44,48,44,4,0,0
0x477d7d,99.7365%,4,1514,1518,1514,4,0,0
0x41a45a,99.9416%,4,6849,6853,0,0,4,6849
0x47b718,50%,4,4,8,4,4,0,0
0x45f185,50%,4,4,8,4,4,0,0
0x5d8826,33.3333%,4,2,6,0,0,4,2
0x418d2b,99.8197%,4,2214,2218,2214,4,0,0
0x4a7701,98.7055%,4,305,309,305,4,0,0
0x5de9bf,33.3333%,4,2,6,0,3,1,2
0x459e0a,73.3333%,4,11,15,0,0,4,11
0x60b85c,20%,4,1,5,1,4,0,0
0x4bf6f8,71.4286%,4,10,14,0,2,2,10
0x406b8f,92.5926%,4,50,54,50,4,0,0
0x445d6c,99.4302%,4,698,702,698,4,0,0
0x445c03,98.2906%,4,230,234,230,4,0,0
0x4acd7b,33.3333%,4,2,6,0,3,1,2
0x4d0a20,80.9524%,4,17,21,0,0,4,17
0x4b0866,88.2353%,4,30,34,30,4,0,0
0x49b8c4,78.9474%,4,15,19,15,4,0,0
0x5ddaa4,33.3333%,4,2,6,2,4,0,0
0x4d1c65,84%,4,21,25,0,0,4,21
0x4daa08,99.9453%,4,7314,7318,7314,4,0,0
0x60b31c,93.2203%,4,55,59,6,1,3,49
0x41882b,90.6977%,4,39,43,0,0,4,39
0x498ca2,99.6759%,4,1230,1234,0,0,4,1230
0x4dcb19,99.9416%,4,6849,6853,6849,4,0,0
0x421005,99.9378%,4,6424,6428,0,0,4,6424
0x4ba679,77.7778%,4,14,18,14,4,0,0
0x5f3110,99.8496%,4,2655,2659,2655,4,0,0
0x523d0e,33.3333%,4,2,6,2,4,0,0
0x4a3e94,94.0299%,4,63,67,47,4,0,16
0x4a8451,97.9275%,4,189,193,0,0,4,189
0x46cdfa,94.7368%,4,72,76,72,4,0,0
0x4d7ef2,99.1507%,4,467,471,0,0,4,467
0x41d365,75%,4,12,16,0,0,4,12
0x5f784b,95.122%,4,78,82,0,3,1,78
0x4c60da,55.5556%,4,5,9,0,0,4,5
0x5d880f,33.3333%,4,2,6,0,0,4,2
0x4c601a,55.5556%,4,5,9,5,4,0,0
0x50f885,78.9474%,4,15,19,0,3,1,15
0x4d1197,99.0698%,4,426,430,426,4,0,0
0x46227f,33.3333%,4,2,6,2,1,3,0
0x46222b,33.3333%,4,2,6,0,0,4,2
0x4d3dda,93.6508%,4,59,63,0,0,4,59
0x47aa5b,89.4737%,4,34,38,34,4,0,0
0x4deb80,66.6667%,4,8,12,0,0,4,8
0x5dda73,33.3333%,4,2,6,0,0,4,2
0x60af2c,33.3333%,4,2,6,0,4,0,2
0x426f5a,50%,4,4,8,4,4,0,0
0x6068ae,99.7781%,4,1799,1803,0,0,4,1799
0x5f14bb,0%,4,0,4,0,0,4,0
0x608e8a,97.9487%,4,191,195,0,0,4,191
0x457ebf,66.6667%,4,8,12,0,0,4,8
0x5fa37d,78.9474%,4,15,19,1,3,1,14
0x46adb6,73.3333%,4,11,15,11,4,0,0
0x4a8542,87.5%,4,28,32,28,4,0,0
0x40a629,99.9358%,4,6222,6226,6222,4,0,0
0x4434d1,99.1453%,4,464,468,464,4,0,0
0x459d6a,97.3333%,4,146,150,11,4,0,135
0x469c2e,96.6667%,4,116,120,0,0,4,116
0x4d5df4,99.8768%,4,3242,3246,0,0,4,3242
0x5deb16,33.3333%,4,2,6,0,0,4,2
0x60a123,84.6154%,4,22,26,0,0,4,22
0x412149,99.0991%,4,440,444,0,0,4,440
0x5dec19,33.3333%,4,2,6,0,0,4,2
0x5f317a,99.8496%,4,2655,2659,0,0,4,2655
0x4655be,98.5075%,4,264,268,264,4,0,0
0x46ff70,75%,4,12,16,0,0,4,12
0x42414b,66.6667%,4,8,12,0,0,4,8
0x46476e,73.3333%,4,11,15,11,4,0,0
0x4baf81,87.8788%,4,29,33,29,4,0,0
0x60aece,0%,4,0,4,0,4,0,0
0x609b8b,42.8571%,4,3,7,1,0,4,2
0x4e2b59,94.4444%,4,68,72,68,1,3,0
0x4655ff,98.5075%,4,264,268,264,4,0,0
0x4840d0,80.9524%,4,17,21,0,0,4,17
0x6099bb,98.0583%,4,202,206,0,0,4,202
0x44578c,99.1453%,4,464,468,464,4,0,0
0x49d021,94.1176%,4,64,68,64,4,0,0
0x470364,99.1453%,4,464,468,464,4,0,0
0x47aa36,99.9843%,4,25420,25424,25420,4,0,0
0x45b0d9,55.5556%,4,5,9,4,3,1,1
0x4a8ba6,88.8889%,4,32,36,0,0,4,32
0x46c79b,99.5863%,4,963,967,0,0,4,963
0x4434ea,99.1453%,4,464,468,0,0,4,464
0x45b84a,66.6667%,4,8,12,8,4,0,0
0x412f40,99.9333%,4,5994,5998,0,0,4,5994
0x4c7861,99.2844%,4,555,559,555,2,2,0
0x4abeb6,93.9394%,4,62,66,0,0,4,62
0x4284fe,73.3333%,4,11,15,11,1,3,0
0x4acdfc,33.3333%,4,2,6,1,2,2,1
0x408d34,99.7116%,4,1383,1387,0,0,4,1383
0x4d10f0,99.022%,4,405,409,405,4,0,0
0x4a46de,76.4706%,4,13,17,13,4,0,0
0x4a71f2,97.3856%,4,149,153,149,4,0,0
0x41502c,99.0676%,4,425,429,425,4,0,0
0x45d990,85.1852%,4,23,27,18,4,0,5
0x4a2400,76.4706%,4,13,17,0,0,4,13
0x46d78d,50%,4,4,8,4,4,0,0
0x4a707a,88.2353%,4,30,34,30,4,0,0
0x4ddafd,77.7778%,4,14,18,0,0,4,14
0x5deec1,92.1569%,4,47,51,0,3,1,47
0x4701e7,99.1453%,4,464,468,0,0,4,464
0x47b415,99.9609%,4,10216,10220,0,0,4,10216
0x47b73f,99.8606%,4,2865,2869,2865,4,0,0
0x4bdf2b,96.1905%,4,101,105,0,2,2,101
0x469742,97.7528%,4,174,178,174,4,0,0
0x47db28,99.8585%,4,2822,2826,2822,4,0,0
0x4adbca,97.9167%,4,188,192,188,4,0,0
0x4bda8d,99.8718%,4,3115,3119,0,3,1,3115
0x47650c,99.9033%,4,4134,4138,0,0,4,4134
0x47035e,99.1453%,4,464,468,0,0,4,464
0x4a5340,76.4706%,4,13,17,0,0,4,13
0x41af6d,95.5056%,4,85,89,0,0,4,85
0x4190c7,90.6977%,4,39,43,0,0,4,39
0x4b9249,75%,4,12,16,0,0,4,12
0x4c48c4,99.4003%,4,663,667,8,4,0,655
0x467c2e,95.6044%,4,87,91,87,4,0,0
0x4d16c5,98.7055%,4,305,309,305,4,0,0
0x412f50,96.875%,4,124,128,124,4,0,0
0x464f24,55.5556%,4,5,9,0,0,4,5
0x60688f,33.3333%,4,2,6,2,2,2,0
0x4a11d0,92.3077%,4,48,52,16,1,3,32
0x4a119d,92.3077%,4,48,52,48,4,0,0
0x5dd982,55.5556%,4,5,9,2,4,0,3
0x4d16ea,98.7055%,4,305,309,305,4,0,0
0x413707,89.1892%,4,33,37,32,1,3,1
0x463a71,99.493%,4,785,789,785,4,0,0
0x4e0f07,73.3333%,4,11,15,11,1,3,0
0x4d17c7,98.7055%,4,305,309,305,4,0,0
0x4e2c3a,85.1852%,4,23,27,23,4,0,0
0x408acb,98.7382%,4,313,317,313,1,3,0
0x46354e,95.8333%,4,92,96,92,4,0,0
0x5dcf35,33.3333%,4,2,6,0,0,4,2
0x47aa19,99.9742%,4,15494,15498,15494,4,0,0
0x49eeea,98.8981%,4,359,363,359,4,0,0
0x4631d0,95.8333%,4,92,96,92,4,0,0
0x424726,50%,4,4,8,4,4,0,0
0x4cb2dc,99.9198%,4,4982,4986,4982,4,0,0
0x4a516f,80%,4,16,20,16,4,0,0
0x50f3fc,99.9492%,4,7877,7881,7877,4,0,0
0x5facab,33.3333%,4,2,6,2,2,2,0
0x4bc1e8,99.811%,4,2112,2116,0,0,4,2112
0x41ac7c,96.3964%,4,107,111,107,4,0,0
0x4cd1b0,99.6251%,4,1063,1067,0,0,4,1063
0x47ccdd,89.7436%,4,35,39,35,4,0,0
0x4a4410,89.1892%,4,33,37,0,0,4,33
0x469e52,84%,4,21,25,21,4,0,0
0x478271,99.4688%,4,749,753,749,4,0,0
0x446099,99.1453%,4,464,468,464,4,0,0
0x4115e9,99.9282%,4,5568,5572,5568,1,3,0
0x49ad39,88.8889%,4,32,36,32,4,0,0
0x45a340,73.3333%,4,11,15,0,0,4,11
0x4ada0f,94.5946%,4,70,74,0,0,4,70
0x41b305,96.8254%,4,122,126,0,0,4,122
0x48c47e,97.8836%,4,185,189,185,4,0,0
0x5ef008,99.9631%,4,10828,10832,0,0,4,10828
0x4d8baa,95.8333%,4,92,96,92,1,3,0
0x47657f,99.095%,4,438,442,0,0,4,438
0x4786ac,33.3333%,4,2,6,0,0,4,2
0x478b29,99.505%,4,804,808,804,4,0,0
0x4bb48f,94.6667%,4,71,75,68,1,3,3
0x4bb81a,98.9011%,4,360,364,0,0,4,360
0x48de7f,98.8201%,4,335,339,335,4,0,0
0x4a6246,97.8947%,4,186,190,186,4,0,0
0x4babab,99.9365%,4,6297,6301,6297,4,0,0
0x41b324,20%,4,1,5,1,4,0,0
0x4a650d,78.9474%,4,15,19,15,4,0,0
0x498435,95.4023%,4,83,87,0,1,3,83
0x5f2627,99.9492%,4,7877,7881,0,0,4,7877
0x4accfa,76.4706%,4,13,17,13,4,0,0
0x4df828,55.5556%,4,5,9,5,4,0,0
0x5f2c43,99.9616%,4,10422,10426,0,0,4,10422
0x49ec80,92%,4,46,50,46,4,0,0
0x413455,42.8571%,4,3,7,0,0,4,3
0x4dde47,0%,4,0,4,0,3,1,0
0x4d7a7e,90%,4,36,40,36,3,1,0
0x45aab8,98.4127%,4,248,252,248,4,0,0
0x5ee90a,97.9167%,4,188,192,188,4,0,0
0x47a8ce,98.1567%,4,213,217,0,0,4,213
0x408e2c,83.3333%,4,20,24,20,4,0,0
0x4c4e52,99.8053%,4,2050,2054,0,0,4,2050
0x426f6e,50%,4,4,8,4,4,0,0
0x4a7a78,88.2353%,4,30,34,0,0,4,30
0x48d0b1,98.8539%,4,345,349,345,4,0,0
0x5fa2b8,82.6087%,4,19,23,19,4,0,0
0x60b7fe,20%,4,1,5,1,4,0,0
0x4c276d,99.932%,4,5876,5880,5876,4,0,0
0x476d8b,99.9052%,4,4216,4220,4216,4,0,0
0x41b450,20%,4,1,5,0,0,4,1
0x47c3e7,98.1481%,4,212,216,212,4,0,0
0x458284,80%,4,16,20,16,4,0,0
0x5d8757,33.3333%,4,2,6,2,4,0,0
0x48c1f8,99.1632%,4,474,478,474,4,0,0
0x5de6d8,33.3333%,4,2,6,0,0,4,2
0x4abf45,80%,4,16,20,0,0,4,16
0x632e5f,55.5556%,4,5,9,5,4,0,0
0x4ba502,99.938%,4,6444,6448,0,0,4,6444
0x60ac8c,42.8571%,4,3,7,0,4,0,3
0x49c941,99.8335%,4,2398,2402,2398,4,0,0
0x457f80,77.7778%,4,14,18,14,4,0,0
0x420d0a,92.7273%,4,51,55,51,4,0,0
0x4b3d2a,94.1176%,4,64,68,64,4,0,0
0x4581bb,99.359%,4,620,624,620,4,0,0
0x41934b,99.9742%,4,15500,15504,15500,4,0,0
0x5f2da0,99.8653%,4,2966,2970,2966,4,0,0
0x4b003d,92.3077%,4,48,52,0,0,4,48
0x49c909,99.8335%,4,2398,2402,0,0,4,2398
0x470091,99.9079%,4,4338,4342,839,3,1,3499
0x4c6441,50%,4,4,8,4,4,0,0
0x48bdeb,99.2439%,4,525,529,1,1,3,524
0x4b96b8,99.7489%,4,1589,1593,0,0,4,1589
0x4a5884,88.2353%,4,30,34,30,4,0,0
0x4ac974,99.2278%,4,514,518,0,0,4,514
0x48c44d,97.8836%,4,185,189,0,0,4,185
0x41b487,20%,4,1,5,1,4,0,0
0x4d7c45,95.4023%,4,83,87,0,0,4,83
0x426cd4,50%,4,4,8,4,4,0,0
0x49f022,95.1807%,4,79,83,79,4,0,0
0x443625,99.1453%,4,464,468,0,0,4,464
0x401fc3,99.8872%,4,3542,3546,3542,4,0,0
0x4d1431,33.3333%,4,2,6,2,4,0,0
0x5f2d5e,99.8653%,4,2966,2970,0,0,4,2966
0x46d36d,99.6488%,4,1135,1139,0,0,4,1135
0x47a031,97.5155%,4,157,161,0,0,4,157
0x5de754,0%,3,0,3,0,3,0,0
0x5dde88,0%,3,0,3,0,3,0,0
0x5facd9,0%,3,0,3,0,0,3,0
0x4d7d37,96.5517%,3,84,87,84,2,1,0
0x4b8baa,99.98%,3,14966,14969,14966,3,0,0
0x4e14d9,50%,3,3,6,0,0,3,3
0x4b23f9,82.3529%,3,14,17,0,0,3,14
0x4d91e9,88.4615%,3,23,26,0,0,3,23
0x4bc1cc,99.8582%,3,2113,2116,0,0,3,2113
0x4d2580,97.4576%,3,115,118,0,0,3,115
0x5de99e,50%,3,3,6,0,3,0,3
0x4b5feb,82.3529%,3,14,17,0,0,3,14
0x4dfb1f,75%,3,9,12,6,3,0,3
0x45fbf9,0%,3,0,3,0,0,3,0
0x4e0e12,92.3077%,3,36,39,33,0,3,3
0x4673bb,96.7033%,3,88,91,88,3,0,0
0x4274a8,0%,3,0,3,0,3,0,0
0x4cb3f9,99.8644%,3,2209,2212,2209,3,0,0
0x4e281a,95.8333%,3,69,72,69,3,0,0
0x4145dd,0%,3,0,3,0,3,0,0
0x4b22e1,75%,3,9,12,9,3,0,0
0x48d2fc,99.1404%,3,346,349,0,3,0,346
0x633501,0%,3,0,3,0,0,3,0
0x413a69,0%,3,0,3,0,3,0,0
0x5d8834,50%,3,3,6,0,0,3,3
0x4017af,99.9636%,3,8243,8246,8243,3,0,0
0x5dd3d8,50%,3,3,6,0,0,3,3
0x467bf1,95.082%,3,58,61,58,3,0,0
0x633539,0%,3,0,3,0,3,0,0
0x45a7b0,96.2963%,3,78,81,0,0,3,78
0x42748f,0%,3,0,3,0,0,3,0
0x445af9,99.359%,3,465,468,0,0,3,465
0x5df5c7,0%,3,0,3,0,3,0,0
0x4a2465,0%,3,0,3,0,3,0,0
0x4658e4,96.4706%,3,82,85,0,0,3,82
0x5df573,91.6667%,3,33,36,0,3,0,33
0x4e2720,95.8333%,3,69,72,0,0,3,69
0x4ca621,99.9739%,3,11480,11483,11480,3,0,0
0x42791b,98.9011%,3,270,273,0,0,3,270
0x458ad6,94.4444%,3,51,54,9,3,0,42
0x5f1721,98.5366%,3,202,205,0,0,3,202
0x4c229e,99.384%,3,484,487,484,3,0,0
0x46f475,81.25%,3,13,16,0,0,3,13
0x4dd38e,98.4375%,3,189,192,189,3,0,0
0x445d7a,99.6154%,3,777,780,777,3,0,0
0x460080,99.954%,3,6514,6517,6514,3,0,0
0x5fa2e5,86.9565%,3,20,23,0,1,2,20
0x45e98e,82.3529%,3,14,17,0,0,3,14
0x4c45ec,91.4286%,3,32,35,0,3,0,32
0x4b950d,93.1818%,3,41,44,41,3,0,0
0x49eeb8,81.25%,3,13,16,0,0,3,13
0x443381,99.359%,3,465,468,465,3,0,0
0x5facfc,0%,3,0,3,0,3,0,0
0x498163,0%,3,0,3,0,3,0,0
0x49ecec,98.75%,3,237,240,0,0,3,237
0x5f311f,99.8872%,3,2656,2659,0,0,3,2656
0x5de523,0%,3,0,3,0,0,3,0
0x419345,99.9807%,3,15501,15504,0,0,3,15501
0x5de74e,50%,3,3,6,0,3,0,3
0x4b8e5b,81.25%,3,13,16,13,3,0,0
0x5ddc3f,50%,3,3,6,3,3,0,0
0x47df00,0%,3,0,3,0,0,3,0
0x5deec8,93.75%,3,45,48,0,3,0,45
0x49ce90,99.3023%,3,427,430,427,3,0,0
0x45f932,0%,3,0,3,0,3,0,0
0x4df33a,85.7143%,3,18,21,18,3,0,0
0x4a7069,91.1765%,3,31,34,0,0,3,31
0x5d8d12,50%,3,3,6,0,0,3,3
0x5d876e,50%,3,3,6,0,0,3,3
0x45f317,62.5%,3,5,8,5,3,0,0
0x41b691,97.619%,3,123,126,123,3,0,0
0x45f02e,62.5%,3,5,8,5,3,0,0
0x47ded5,0%,3,0,3,0,0,3,0
0x5fa289,96.1039%,3,74,77,0,2,1,74
0x5d8d84,50%,3,3,6,0,0,3,3
0x5ddec7,0%,3,0,3,0,3,0,0
0x5fa40f,78.5714%,3,11,14,2,2,1,9
0x497d1a,0%,3,0,3,0,3,0,0
0x4b9976,98.1013%,3,155,158,0,0,3,155
0x49f507,91.1765%,3,31,34,0,0,3,31
0x4cb3a6,99.8993%,3,2976,2979,2976,3,0,0
0x4dec09,0%,3,0,3,0,3,0,0
0x497a53,0%,3,0,3,0,3,0,0
0x497a3d,0%,3,0,3,0,0,3,0
0x4a51a2,91.8919%,3,34,37,34,3,0,0
0x5ddf86,0%,3,0,3,0,3,0,0
0x4982ec,0%,3,0,3,0,3,0,0
0x632df4,0%,3,0,3,0,3,0,0
0x47dd2d,99.8749%,3,2396,2399,0,0,3,2396
0x4d1616,50%,3,3,6,3,3,0,0
0x5faca4,50%,3,3,6,1,1,2,2
0x4a63ed,84.2105%,3,16,19,0,0,3,16
0x50f5be,99.8872%,3,2656,2659,2656,3,0,0
0x5de956,0%,3,0,3,0,3,0,0
0x4d8106,99.359%,3,465,468,465,3,0,0
0x46447c,99.2248%,3,384,387,0,0,3,384
0x462cd0,91.6667%,3,33,36,0,0,3,33
0x4e2014,75%,3,9,12,3,3,0,6
0x460740,0%,3,0,3,0,0,3,0
0x4073eb,86.9565%,3,20,23,0,0,3,20
0x523a65,0%,3,0,3,0,3,0,0
0x469e7c,88%,3,22,25,0,0,3,22
0x418e77,99.5334%,3,640,643,640,3,0,0
0x4e2c23,96%,3,72,75,72,0,3,0
0x606954,93.4783%,3,43,46,0,3,0,43
0x45b0b0,66.6667%,3,6,9,0,3,0,6
0x47c2ba,90%,3,27,30,0,0,3,27
0x5ebf29,50%,3,3,6,3,3,0,0
0x49af03,91.6667%,3,33,36,0,0,3,33
0x4ba3f2,99.9734%,3,11264,11267,0,0,3,11264
0x45fbfd,0%,3,0,3,0,3,0,0
0x4925d3,0%,3,0,3,0,3,0,0
0x450158,66.6667%,3,6,9,0,0,3,6
0x45fa1d,0%,3,0,3,0,3,0,0
0x407c35,95.1613%,3,59,62,59,3,0,0
0x498c91,99.7525%,3,1209,1212,0,0,3,1209
0x47d9ef,99.8944%,3,2837,2840,2837,3,0,0
0x4a3002,81.25%,3,13,16,13,3,0,0
0x608cef,98.5222%,3,200,203,0,0,3,200
0x46d95c,99.7366%,3,1136,1139,1136,3,0,0
0x45f2c4,62.5%,3,5,8,0,0,3,5
0x4d1a84,98.9011%,3,270,273,270,3,0,0
0x4decae,80%,3,12,15,0,0,3,12
0x5dee81,0%,3,0,3,0,0,3,0
0x4d5edb,99.9588%,3,7271,7274,7271,3,0,0
0x4bbd55,99.8558%,3,2077,2080,2077,3,0,0
0x5def08,0%,3,0,3,0,0,3,0
0x459fd1,83.3333%,3,15,18,15,3,0,0
0x5ef08f,99.9723%,3,10829,10832,10829,3,0,0
0x4e0f1b,0%,3,0,3,0,3,0,0
0x46c312,99.5268%,3,631,634,631,3,0,0
0x4137d4,0%,3,0,3,0,0,3,0
0x48afc3,85.7143%,3,18,21,18,3,0,0
0x49bbaf,84.2105%,3,16,19,15,1,2,1
0x52485e,0%,3,0,3,0,0,3,0
0x49271d,0%,3,0,3,0,0,3,0
0x523c8f,0%,3,0,3,0,3,0,0
0x523d2e,50%,3,3,6,0,3,0,3
0x4cf712,99.982%,3,16642,16645,0,0,3,16642
0x413be2,0%,3,0,3,0,0,3,0
0x46ca14,99.7989%,3,1489,1492,1489,3,0,0
0x4b040a,99.3776%,3,479,482,0,0,3,479
0x41117e,0%,3,0,3,0,0,3,0
0x4d2907,97.4576%,3,115,118,0,0,3,115
0x4137cb,0%,3,0,3,0,0,3,0
0x4137b0,0%,3,0,3,0,3,0,0
0x4e0e07,92.3077%,3,36,39,0,0,3,36
0x49bcdb,0%,3,0,3,0,0,3,0
0x45ec34,82.3529%,3,14,17,14,3,0,0
0x5df4ba,0%,3,0,3,0,3,0,0
0x50fc7e,99.7807%,3,1365,1368,13,3,0,1352
0x45905a,66.6667%,3,6,9,1,3,0,5
0x497c86,0%,3,0,3,0,0,3,0
0x5f06c6,99.9423%,3,5200,5203,0,0,3,5200
0x469a7e,97.5%,3,117,120,117,3,0,0
0x411597,0%,3,0,3,0,3,0,0
0x46cce8,0%,3,0,3,0,0,3,0
0x49f714,98.9051%,3,271,274,271,3,0,0
0x41b968,40%,3,2,5,2,0,3,0
0x46e70f,0%,3,0,3,0,3,0,0
0x46e544,0%,3,0,3,0,0,3,0
0x418f96,95.3125%,3,61,64,61,3,0,0
0x4d6f31,0%,3,0,3,0,3,0,0
0x4d6f07,0%,3,0,3,0,3,0,0
0x412103,99.964%,3,8325,8328,0,0,3,8325
0x47ae44,99.9706%,3,10211,10214,10211,2,1,0
0x5df29d,0%,3,0,3,0,3,0,0
0x4df16e,88.8889%,3,24,27,0,0,3,24
0x47bf15,98.5849%,3,209,212,209,3,0,0
0x47def0,0%,3,0,3,0,3,0,0
0x47dec1,0%,3,0,3,0,0,3,0
0x4c5b0a,97.931%,3,142,145,142,3,0,0
0x47d440,99.9394%,3,4944,4947,4944,3,0,0
0x4d8bbd,0%,3,0,3,0,3,0,0
0x4591e6,82.3529%,3,14,17,14,3,0,0
0x5df35a,50%,3,3,6,3,3,0,0
0x419a8b,95.3125%,3,61,64,0,0,3,61
0x4a85a6,98.0892%,3,154,157,154,3,0,0
0x459d97,98%,3,147,150,147,3,0,0
0x478f98,92.6829%,3,38,41,38,3,0,0
0x45a309,80%,3,12,15,12,3,0,0
0x4d9619,88.4615%,3,23,26,0,0,3,23
0x4c4b09,99.9977%,3,132605,132608,0,0,3,132605
0x4bb49d,50%,3,3,6,3,3,0,0
0x6091a7,0%,3,0,3,0,3,0,0
0x4a7b3c,97.1963%,3,104,107,104,3,0,0
0x45fe6b,0%,3,0,3,0,3,0,0
0x428a63,99.359%,3,465,468,0,0,3,465
0x46e4f1,0%,3,0,3,0,0,3,0
0x4d7020,0%,3,0,3,0,3,0,0
0x4111d0,0%,3,0,3,0,0,3,0
0x46224d,50%,3,3,6,0,0,3,3
0x48baaa,99.115%,3,336,339,336,0,3,0
0x49ac48,85%,3,17,20,0,0,3,17
0x4282f0,50%,3,3,6,3,3,0,0
0x458d45,89.6552%,3,26,29,0,0,3,26
0x49c8cc,99.6094%,3,765,768,0,0,3,765
0x457eec,87.5%,3,21,24,0,0,3,21
0x40174f,99.5907%,3,730,733,0,0,3,730
0x465139,99.384%,3,484,487,0,0,3,484
0x4c892f,96.6292%,3,86,89,0,3,0,86
0x4a7bf7,91.8919%,3,34,37,34,3,0,0
0x4a49a1,0%,3,0,3,0,0,3,0
0x4bd3ba,99.8319%,3,1782,1785,0,0,3,1782
0x457b1e,0%,3,0,3,0,3,0,0
0x4631c0,96.875%,3,93,96,0,0,3,93
0x408d74,99.7837%,3,1384,1387,1384,3,0,0
0x463b44,66.6667%,3,6,9,6,3,0,0
0x4b231c,50%,3,3,6,3,3,0,0
0x4c4386,99.9595%,3,7408,7411,3,1,2,7405
0x492729,0%,3,0,3,0,3,0,0
0x46ccf2,0%,3,0,3,0,3,0,0
0x47a06d,98.1366%,3,158,161,0,0,3,158
0x450104,66.6667%,3,6,9,0,0,3,6
0x4d4029,50%,3,3,6,3,3,0,0
0x411a39,0%,3,0,3,0,3,0,0
0x4dafa3,99.9853%,3,20464,20467,0,0,3,20464
0x478f6a,0%,3,0,3,0,3,0,0
0x41103b,0%,3,0,3,0,3,0,0
0x4d3f7f,88.8889%,3,24,27,21,0,3,3
0x45835d,92.3077%,3,36,39,36,3,0,0
0x4cbd8c,93.617%,3,44,47,0,0,3,44
0x460214,0%,3,0,3,0,3,0,0
0x4ad51e,95.9459%,3,71,74,71,3,0,0
0x45ecb4,82.3529%,3,14,17,0,0,3,14
0x5fa392,80%,3,12,15,0,2,1,12
0x4149e1,0%,3,0,3,0,3,0,0
0x60b55e,0%,3,0,3,0,3,0,0
0x4bbcd0,97.3214%,3,109,112,108,1,2,1
0x47d801,62.5%,3,5,8,5,3,0,0
0x457c08,0%,3,0,3,0,3,0,0
0x4ce0a7,99.6809%,3,937,940,937,3,0,0
0x49cb5e,99.8674%,3,2260,2263,2260,3,0,0
0x479944,83.3333%,3,15,18,0,0,3,15
0x50b006,97.2973%,3,108,111,0,0,3,108
0x60ac2e,25%,3,1,4,1,3,0,0
0x45b46b,89.6552%,3,26,29,0,0,3,26
0x41b670,97.619%,3,123,126,123,3,0,0
0x4cc926,99.7804%,3,1363,1366,1363,3,0,0
0x4b2f8e,91.1765%,3,31,34,31,3,0,0
0x523cdc,50%,3,3,6,0,3,0,3
0x4b3639,91.1765%,3,31,34,31,3,0,0
0x4bf730,75%,3,9,12,1,2,1,8
0x5dcc6d,50%,3,3,6,0,0,3,3
0x498be4,78.5714%,3,11,14,0,0,3,11
0x4b19bd,84.2105%,3,16,19,16,3,0,0
0x4cbc8d,99.9199%,3,3743,3746,0,1,2,3743
0x5d8d70,50%,3,3,6,0,0,3,3
0x4c6618,25%,3,1,4,1,3,0,0
0x45a6c9,96.2963%,3,78,81,78,3,0,0
0x49a669,91.6667%,3,33,36,33,3,0,0
0x49ef42,97.5%,3,117,120,117,3,0,0
0x4d770e,99.9244%,3,3966,3969,3966,3,0,0
0x4593a5,80%,3,12,15,0,3,0,12
0x4bc233,97.5806%,3,121,124,0,0,3,121
0x4a5e7f,82.3529%,3,14,17,14,3,0,0
0x4b1245,98.5437%,3,203,206,203,3,0,0
0x45ece8,82.3529%,3,14,17,0,0,3,14
0x47bfba,99.8856%,3,2620,2623,2620,3,0,0
0x458a1e,92.5%,3,37,40,0,0,3,37
0x50f5ad,99.8872%,3,2656,2659,0,0,3,2656
0x5248c3,87.5%,3,21,24,21,0,3,0
0x477f01,99.9422%,3,5186,5189,0,0,3,5186
0x4de2e9,89.6552%,3,26,29,0,0,3,26
0x458af4,75%,3,9,12,9,3,0,0
0x4b03f8,99.3776%,3,479,482,0,0,3,479
0x467685,90.3226%,3,28,31,28,3,0,0
0x457dd1,98.8235%,3,252,255,252,3,0,0
0x49af0b,91.6667%,3,33,36,32,1,2,1
0x41bb1f,99.969%,3,9690,9693,0,0,3,9690
0x4d7b8f,93.617%,3,44,47,44,3,0,0
0x418f70,99.8647%,3,2215,2218,2215,3,0,0
0x4cd238,99.3007%,3,426,429,426,3,0,0
0x4acfac,50%,3,3,6,0,0,3,3
0x4a44b5,82.3529%,3,14,17,0,0,3,14
0x50fcb2,99.7781%,3,1349,1352,0,0,3,1349
0x60ab8e,92.3077%,3,36,39,36,3,0,0
0x479baa,99.9749%,3,11967,11970,0,0,3,11967
0x4c3ed8,97.1963%,3,104,107,104,3,0,0
0x4786b9,50%,3,3,6,0,0,3,3
0x417393,97.7612%,3,131,134,131,3,0,0
0x406c30,72.7273%,3,8,11,8,3,0,0
0x47b19e,99.9717%,3,10583,10586,0,0,3,10583
0x5ef1e3,99.8147%,3,1616,1619,0,0,3,1616
0x46020c,0%,3,0,3,0,0,3,0
0x4acd93,0%,3,0,3,0,3,0,0
0x608cc5,98.5222%,3,200,203,0,0,3,200
0x608f2c,98.4615%,3,192,195,0,0,3,192
0x46d754,99.6364%,3,822,825,822,3,0,0
0x4a3a78,82.3529%,3,14,17,14,3,0,0
0x49a1d9,91.6667%,3,33,36,0,0,3,33
0x41ab79,93.0233%,3,40,43,0,0,3,40
0x46081b,0%,3,0,3,0,3,0,0
0x45ec15,82.3529%,3,14,17,0,0,3,14
0x45ebf8,82.3529%,3,14,17,14,3,0,0
0x45e9c6,82.3529%,3,14,17,14,3,0,0
0x48c1d5,99.3724%,3,475,478,0,0,3,475
0x4995d9,99.5231%,3,626,629,626,3,0,0
0x49ac2c,81.25%,3,13,16,13,3,0,0
0x4574a3,92.3077%,3,36,39,0,0,3,36
0x4bc7c0,97.0874%,3,100,103,94,3,0,6
0x45e8ad,82.3529%,3,14,17,14,3,0,0
0x45fd20,0%,3,0,3,0,3,0,0
0x4bbcde,0%,3,0,3,0,3,0,0
0x5fa354,85.7143%,3,18,21,0,0,3,18
0x48d432,0%,3,0,3,0,3,0,0
0x5f0559,99.9092%,3,3302,3305,3302,3,0,0
0x45ace2,76.9231%,3,10,13,0,0,3,10
0x45ac1b,76.9231%,3,10,13,0,0,3,10
0x4bbe73,98.5849%,3,209,212,209,3,0,0
0x4d2fdb,99.8001%,3,1498,1501,1498,3,0,0
0x4659eb,97.9452%,3,143,146,143,3,0,0
0x5f0533,99.9092%,3,3302,3305,0,0,3,3302
0x49c370,0%,3,0,3,0,3,0,0
0x4ccace,99.3007%,3,426,429,0,0,3,426
0x4583f6,66.6667%,3,6,9,2,2,1,4
0x4acb54,82.3529%,3,14,17,14,3,0,0
0x49bea2,84.2105%,3,16,19,0,3,0,16
0x4b300c,91.1765%,3,31,34,0,0,3,31
0x5ef130,99.8147%,3,1616,1619,0,0,3,1616
0x40189e,99.9613%,3,7749,7752,7749,3,0,0
0x6090e7,0%,3,0,3,0,3,0,0
0x4ac095,85%,3,17,20,16,1,2,1
0x5debb5,50%,3,3,6,3,3,0,0
0x4a8424,91.6667%,3,33,36,33,3,0,0
0x41490f,0%,3,0,3,0,0,3,0
0x4b5f34,91.1765%,3,31,34,31,3,0,0
0x4bac2c,99.8237%,3,1699,1702,0,0,3,1699
0x45ff1f,0%,3,0,3,0,3,0,0
0x4df90c,0%,3,0,3,0,3,0,0
0x41bcbb,99.5733%,3,700,703,700,3,0,0
0x4b6e93,82.3529%,3,14,17,14,3,0,0
0x4434f1,99.359%,3,465,468,465,3,0,0
0x50fa56,84.2105%,3,16,19,0,3,0,16
0x4d6d54,99.7746%,3,1328,1331,1328,3,0,0
0x50fa94,99.9734%,3,11287,11290,0,0,3,11287
0x4770a0,75%,3,9,12,9,3,0,0
0x49ea65,94%,3,47,50,47,3,0,0
0x609ba6,96.8085%,3,91,94,0,0,3,91
0x49bbeb,0%,3,0,3,0,3,0,0
0x4ad630,91.1765%,3,31,34,0,0,3,31
0x4ceb84,99.7726%,3,1316,1319,1316,3,0,0
0x60b5bc,50%,3,3,6,0,3,0,3
0x42747f,0%,3,0,3,0,0,3,0
0x47c63b,70%,3,7,10,0,0,3,7
0x4c5503,99.8975%,3,2925,2928,2925,3,0,0
0x4770c9,25%,3,1,4,1,1,2,0
0x4b6c06,82.3529%,3,14,17,14,3,0,0
0x4ccb4c,99.3007%,3,426,429,426,3,0,0
0x40258e,98.8095%,3,249,252,249,3,0,0
0x49d1c8,97.7612%,3,131,134,0,0,3,131
0x459c89,85.7143%,3,18,21,0,0,3,18
0x45a048,66.6667%,3,6,9,6,3,0,0
0x4d1047,97.8102%,3,134,137,0,0,3,134
0x45ee0c,85.7143%,3,18,21,18,3,0,0
0x459d53,98%,3,147,150,147,3,0,0
0x479ce8,87.5%,3,21,24,21,3,0,0
0x47c1a1,25%,3,1,4,0,1,2,1
0x41b04b,99.8516%,3,2018,2021,0,0,3,2018
0x420bfa,99.7726%,3,1316,1319,1316,3,0,0
0x4c2408,62.5%,3,5,8,0,2,1,5
0x4bc16e,97.5806%,3,121,124,121,3,0,0
0x498403,96.6667%,3,87,90,0,3,0,87
0x498b7b,86.9565%,3,20,23,0,3,0,20
0x459742,97.0588%,3,99,102,99,3,0,0
0x609d26,94.6429%,3,53,56,3,1,2,50
0x4c766a,96.8085%,3,91,94,0,0,3,91
0x4ca93b,99.8701%,3,2306,2309,2306,3,0,0
0x457fb0,83.3333%,3,15,18,15,3,0,0
0x4bd9a5,98.7952%,3,246,249,246,3,0,0
0x609f88,76.9231%,3,10,13,0,0,3,10
0x4a86c5,98.0892%,3,154,157,154,3,0,0
0x497aa4,0%,3,0,3,0,0,3,0
0x4aca04,97.7941%,3,133,136,31,3,0,102
0x4ac9e3,91.1765%,3,31,34,0,0,3,31
0x609ab4,93.0233%,3,40,43,0,0,3,40
0x45a876,96.25%,3,77,80,77,1,2,0
0x459794,40%,3,2,5,2,3,0,0
0x45da0a,40%,3,2,5,0,0,3,2
0x4b8a28,94.2308%,3,49,52,49,3,0,0
0x4795a0,99.5238%,3,627,630,627,3,0,0
0x45d9c5,40%,3,2,5,2,3,0,0
0x4c3e7f,88.8889%,3,24,27,16,2,1,8
0x418ee9,88.4615%,3,23,26,0,0,3,23
0x46f168,81.25%,3,13,16,13,3,0,0
0x47bab6,97.2973%,3,108,111,0,0,3,108
0x428500,0%,3,0,3,0,3,0,0
0x4c893e,96.3855%,3,80,83,80,2,1,0
0x48d4bd,0%,3,0,3,0,3,0,0
0x4b16e7,90.625%,3,29,32,15,1,2,14
0x476231,99.9805%,3,15365,15368,0,0,3,15365
0x4c4eee,99.1404%,3,346,349,346,2,1,0
0x4c3e43,88.8889%,3,24,27,24,3,0,0
0x4b5a0e,82.3529%,3,14,17,0,0,3,14
0x408b6c,40%,3,2,5,0,0,3,2
0x4a2731,90.9091%,3,30,33,0,0,3,30
0x4a35ad,90.9091%,3,30,33,0,0,3,30
0x479bb3,99.9749%,3,11967,11970,11967,3,0,0
0x427aa6,50%,3,3,6,0,0,3,3
0x50f845,84.2105%,3,16,19,16,3,0,0
0x49b967,84.2105%,3,16,19,16,3,0,0
0x4115c1,0%,3,0,3,0,0,3,0
0x5ef029,99.9723%,3,10829,10832,10829,3,0,0
0x4de2ac,0%,3,0,3,0,3,0,0
0x5de625,50%,3,3,6,0,3,0,3
0x4a5efb,82.3529%,3,14,17,14,3,0,0
0x4c593e,99.4545%,3,547,550,547,1,2,0
0x632e15,0%,3,0,3,0,0,3,0
0x4be498,97.9381%,2,95,97,95,2,0,0
0x45e1ab,50%,2,2,4,1,1,1,1
0x469daf,97.8947%,2,93,95,93,2,0,0
0x42842a,86.6667%,2,13,15,13,2,0,0
0x418329,85.7143%,2,12,14,12,0,2,0
0x4b43ec,94.1176%,2,32,34,0,0,2,32
0x60a8ee,95.3488%,2,41,43,41,2,0,0
0x419244,33.3333%,2,1,3,0,0,2,1
0x4136e2,94.5946%,2,35,37,0,0,2,35
0x45e337,50%,2,2,4,2,2,0,0
0x60ae2e,96.4912%,2,55,57,55,2,0,0
0x5deada,66.6667%,2,4,6,4,2,0,0
0x4926ed,33.3333%,2,1,3,0,0,2,1
0x4187f8,95.3488%,2,41,43,41,2,0,0
0x459d21,98.6667%,2,148,150,148,2,0,0
0x46d868,99.8244%,2,1137,1139,0,0,2,1137
0x4283c2,86.6667%,2,13,15,0,0,2,13
0x4a2b07,97.5904%,2,81,83,81,2,0,0
0x4a8a0d,94.4444%,2,34,36,34,2,0,0
0x4c623d,99.8%,2,998,1000,998,2,0,0
0x458b1a,96.2963%,2,52,54,52,2,0,0
0x47cf7f,77.7778%,2,7,9,7,2,0,0
0x45e95f,88.2353%,2,15,17,0,0,2,15
0x505ed2,66.6667%,2,4,6,0,0,2,4
0x46ca75,97.3684%,2,74,76,74,2,0,0
0x427bed,99.2674%,2,271,273,271,2,0,0
0x4645c2,99.0385%,2,206,208,206,2,0,0
0x4ada0b,97.2973%,2,72,74,0,0,2,72
0x609ef5,97.9592%,2,96,98,0,0,2,96
0x47a3da,99.7872%,2,938,940,0,0,2,938
0x408c3d,98.8701%,2,175,177,175,2,0,0
0x406ca8,81.8182%,2,9,11,0,0,2,9
0x45e554,0%,2,0,2,0,2,0,0
0x4bdf48,0%,2,0,2,0,1,1,0
0x45ec70,88.2353%,2,15,17,15,2,0,0
0x45b7a1,99.7732%,2,880,882,880,2,0,0
0x41c654,99.787%,2,937,939,937,2,0,0
0x5face9,33.3333%,2,1,3,1,2,0,0
0x427e10,97.0588%,2,66,68,66,2,0,0
0x4a3571,93.9394%,2,31,33,16,1,1,15
0x5def2d,66.6667%,2,4,6,4,2,0,0
0x4aff2c,99.0099%,2,200,202,200,2,0,0
0x4cfa5d,99.803%,2,1013,1015,1013,2,0,0
0x4054ad,77.7778%,2,7,9,7,2,0,0
0x45e0fd,50%,2,2,4,1,1,1,1
0x45b2fd,99.4065%,2,335,337,335,2,0,0
0x457f49,91.6667%,2,22,24,22,2,0,0
0x45a817,97.5309%,2,79,81,0,0,2,79
0x4b8a6b,94.7368%,2,36,38,36,2,0,0
0x4240f1,83.3333%,2,10,12,10,2,0,0
0x50b0c2,0%,2,0,2,0,0,2,0
0x4b5ff8,88.2353%,2,15,17,0,0,2,15
0x4a3f67,97.5904%,2,81,83,0,0,2,81
0x5df5f3,33.3333%,2,1,3,0,0,2,1
0x49c92d,99.9167%,2,2400,2402,2400,2,0,0
0x46e557,33.3333%,2,1,3,1,2,0,0
0x49a44b,94.4444%,2,34,36,34,2,0,0
0x4770d3,0%,2,0,2,0,2,0,0
0x4b5ada,94.1176%,2,32,34,32,2,0,0
0x63350e,33.3333%,2,1,3,0,0,2,1
0x4b8d2f,98.5714%,2,138,140,138,2,0,0
0x633881,96.0784%,2,49,51,0,0,2,49
0x4c77d1,99.6422%,2,557,559,557,2,0,0
0x4208c9,99.8416%,2,1261,1263,0,0,2,1261
0x5f1730,99.0244%,2,203,205,0,0,2,203
0x4a3f71,97.5904%,2,81,83,81,2,0,0
0x4589eb,95%,2,38,40,0,0,2,38
0x47a738,98.5075%,2,132,134,132,2,0,0
0x459717,98.0392%,2,100,102,0,0,2,100
0x4458e3,99.5726%,2,466,468,466,2,0,0
0x4a242b,33.3333%,2,1,3,0,0,2,1
0x5deb73,33.3333%,2,1,3,1,2,0,0
0x4a64a7,98.4375%,2,126,128,126,2,0,0
0x49eb9b,98%,2,98,100,98,2,0,0
0x48d9fc,0%,2,0,2,0,2,0,0
0x45d9e0,60%,2,3,5,3,2,0,0
0x5de960,33.3333%,2,1,3,1,2,0,0
0x45e3fc,50%,2,2,4,0,0,2,2
0x4b3770,97.0588%,2,66,68,66,2,0,0
0x45b43d,93.1034%,2,27,29,27,2,0,0
0x420807,98.8439%,2,171,173,0,0,2,171
0x4c500a,99.9364%,2,3141,3143,3141,2,0,0
0x460794,90.9091%,2,20,22,20,1,1,0
0x4b22ee,83.3333%,2,10,12,10,2,0,0
0x4a3e84,97.5904%,2,81,83,15,1,1,66
0x4b3168,94.1176%,2,32,34,0,0,2,32
0x418250,0%,2,0,2,0,2,0,0
0x4baadb,99.9683%,2,6299,6301,0,0,2,6299
0x4b19a4,94.7368%,2,36,38,0,0,2,36
0x4c4621,99.1632%,2,237,239,9,0,2,228
0x4ac407,99.7821%,2,916,918,0,0,2,916
0x420841,98.8439%,2,171,173,0,0,2,171
0x4ac39a,99.7821%,2,916,918,916,2,0,0
0x60a130,92.3077%,2,24,26,0,0,2,24
0x44321e,99.5726%,2,466,468,466,2,0,0
0x45e25b,0%,2,0,2,0,0,2,0
0x4aff7e,98.0769%,2,102,104,0,0,2,102
0x4ac3e7,99.7821%,2,916,918,916,2,0,0
0x40226f,99.4302%,2,349,351,349,2,0,0
0x419621,99.8674%,2,1506,1508,1506,2,0,0
0x469732,98.8764%,2,176,178,176,2,0,0
0x4199cd,0%,2,0,2,0,2,0,0
0x4e00e9,97.2222%,2,70,72,70,2,0,0
0x4a2ebf,93.9394%,2,31,33,0,0,2,31
0x4c891d,99.3103%,2,288,290,0,2,0,288
0x46013d,92%,2,23,25,23,2,0,0
0x49c1f0,94.4444%,2,34,36,34,2,0,0
0x49a3cd,94.4444%,2,34,36,34,2,0,0
0x4cc6a1,99.9526%,2,4218,4220,0,0,2,4218
0x426fa6,75%,2,6,8,6,2,0,0
0x47d178,99.2565%,2,267,269,267,2,0,0
0x46572e,99.0385%,2,206,208,206,2,0,0
0x47c717,99.9659%,2,5860,5862,0,0,2,5860
0x48d888,0%,2,0,2,0,0,2,0
0x4a4949,33.3333%,2,1,3,1,2,0,0
0x4b6dc8,88.2353%,2,15,17,15,2,0,0
0x6098fc,98.0392%,2,100,102,1,1,1,99
0x46991f,99.2481%,2,264,266,264,2,0,0
0x458eed,88.8889%,2,16,18,0,0,2,16
0x428645,97.0588%,2,66,68,66,2,0,0
0x419288,95.3488%,2,41,43,41,2,0,0
0x4bf878,80%,2,8,10,0,2,0,8
0x5ef82e,0%,2,0,2,0,0,2,0
0x46ff0f,99.9827%,2,11552,11554,0,0,2,11552
0x478f79,33.3333%,2,1,3,1,2,0,0
0x4c40df,99.8214%,2,1118,1120,1118,2,0,0
0x47de94,33.3333%,2,1,3,0,0,2,1
0x47c689,80%,2,8,10,8,2,0,0
0x4c480f,99.9523%,2,4188,4190,4188,1,1,0
0x5ef7ab,75%,2,6,8,0,0,2,6
0x46d7db,83.3333%,2,10,12,0,0,2,10
0x41371a,50%,2,2,4,2,2,0,0
0x4dc180,97.9381%,2,95,97,95,2,0,0
0x45dc03,75%,2,6,8,6,2,0,0
0x4d17bc,99.3528%,2,307,309,0,0,2,307
0x420b1e,99.8484%,2,1317,1319,0,0,2,1317
0x457ba1,33.3333%,2,1,3,0,0,2,1
0x4a5e65,88.2353%,2,15,17,0,0,2,15
0x6332f1,66.6667%,2,4,6,4,2,0,0
0x41328e,71.4286%,2,5,7,3,0,2,2
0x477e5d,98.7261%,2,155,157,0,0,2,155
0x478df5,98.2906%,2,115,117,115,2,0,0
0x609e57,86.6667%,2,13,15,0,0,2,13
0x4ac7ed,96%,2,48,50,48,2,0,0
0x60b8ae,95.3488%,2,41,43,41,2,0,0
0x5dd91b,33.3333%,2,1,3,0,0,2,1
0x413904,33.3333%,2,1,3,1,2,0,0
0x48aa78,90.4762%,2,19,21,19,2,0,0
0x4deb8c,83.3333%,2,10,12,10,2,0,0
0x47cf9e,77.7778%,2,7,9,7,2,0,0
0x4d585a,88.8889%,2,16,18,16,2,0,0
0x45b0e8,0%,2,0,2,0,2,0,0
0x457c7a,95.2381%,2,40,42,40,2,0,0
0x462e41,98.5294%,2,134,136,134,2,0,0
0x469789,99.5338%,2,427,429,427,2,0,0
0x4c58c5,99.9954%,2,43050,43052,0,0,2,43050
0x4b5d86,94.1176%,2,32,34,32,2,0,0
0x467b93,93.3333%,2,28,30,0,0,2,28
0x47c86d,97.8022%,2,89,91,88,1,1,1
0x4bf858,0%,2,0,2,0,0,2,0
0x5f08b8,94.8718%,2,37,39,37,2,0,0
0x47a7b4,98.5075%,2,132,134,132,2,0,0
0x4b080c,94.1176%,2,32,34,32,2,0,0
0x45c27b,92%,2,23,25,23,2,0,0
0x5ef103,99.8765%,2,1617,1619,0,0,2,1617
0x5ef114,99.8765%,2,1617,1619,0,0,2,1617
0x4afeab,99.6416%,2,556,558,0,0,2,556
0x48afd3,90.4762%,2,19,21,19,2,0,0
0x4a28aa,97.5904%,2,81,83,81,2,0,0
0x4a5b52,33.3333%,2,1,3,1,2,0,0
0x4a62ef,95.8333%,2,46,48,46,2,0,0
0x5eecc6,71.4286%,2,5,7,0,0,2,5
0x48424f,95.2381%,2,40,42,40,2,0,0
0x484330,95.2381%,2,40,42,40,2,0,0
0x48b8f0,95.2381%,2,40,42,40,2,0,0
0x407bee,99.9838%,2,12355,12357,0,0,2,12355
0x42862f,97.0588%,2,66,68,66,2,0,0
0x4b9e84,99.9343%,2,3043,3045,3043,2,0,0
0x48b92d,95.2381%,2,40,42,40,2,0,0
0x420a5a,99.8416%,2,1261,1263,1261,2,0,0
0x479c3a,99.894%,2,1885,1887,1885,2,0,0
0x487b71,95.2381%,2,40,42,40,2,0,0
0x479bf2,99.9833%,2,11968,11970,0,0,2,11968
0x427dd6,94.1176%,2,32,34,32,2,0,0
0x5f0ab4,98.5507%,2,136,138,0,0,2,136
0x4191ba,95.3488%,2,41,43,41,2,0,0
0x42797b,99.2674%,2,271,273,0,0,2,271
0x4beab3,0%,2,0,2,0,2,0,0
0x498d25,99.835%,2,1210,1212,1210,2,0,0
0x4c3a60,99.8358%,2,1216,1218,1216,2,0,0
0x4bb867,99.0741%,2,214,216,214,2,0,0
0x4d6ff8,33.3333%,2,1,3,1,2,0,0
0x5ef517,99.8092%,2,1046,1048,1046,2,0,0
0x4ad14c,88.2353%,2,15,17,15,2,0,0
0x4a8a6f,94.1176%,2,32,34,0,0,2,32
0x4c6c6a,88.8889%,2,16,18,16,2,0,0
0x4a8ad2,94.1176%,2,32,34,32,2,0,0
0x4beaf9,0%,2,0,2,0,2,0,0
0x458a9b,96.2963%,2,52,54,0,0,2,52
0x4b3266,94.1176%,2,32,34,32,2,0,0
0x46023f,33.3333%,2,1,3,0,0,2,1
0x4a2548,93.9394%,2,31,33,31,2,0,0
0x608d70,99.0148%,2,201,203,195,0,2,6
0x60a9ec,60%,2,3,5,3,1,1,0
0x608e5a,98.9744%,2,193,195,0,0,2,193
0x4c6c4b,88.8889%,2,16,18,0,0,2,16
0x4c6728,99.1935%,2,246,248,0,2,0,246
0x45b8af,99.7763%,2,892,894,892,2,0,0
0x5d8d96,66.6667%,2,4,6,4,2,0,0
0x4459da,99.5726%,2,466,468,0,0,2,466
0x48aa99,90.4762%,2,19,21,19,2,0,0
0x47d267,99.9596%,2,4945,4947,0,0,2,4945
0x4c244a,0%,2,0,2,0,2,0,0
0x4dcdb7,99.4398%,2,355,357,355,2,0,0
0x4b04c8,94.1176%,2,32,34,32,2,0,0
0x5f30f1,99.9248%,2,2657,2659,2657,2,0,0
0x47cd4e,99.9596%,2,4954,4956,4954,2,0,0
0x49a568,94.4444%,2,34,36,34,2,0,0
0x4a6400,89.4737%,2,17,19,0,0,2,17
0x421a8e,71.4286%,2,5,7,0,0,2,5
0x4a2443,33.3333%,2,1,3,1,2,0,0
0x4d381c,99.932%,2,2939,2941,2939,2,0,0
0x457769,98.6395%,2,145,147,145,2,0,0
0x4baafa,99.9683%,2,6299,6301,0,0,2,6299
0x46d93c,99.8244%,2,1137,1139,1137,2,0,0
0x497ad4,33.3333%,2,1,3,1,2,0,0
0x5f1ed1,99.8958%,2,1918,1920,0,0,2,1918
0x4a896a,94.4444%,2,34,36,0,0,2,34
0x4c9601,98.3871%,2,122,124,122,2,0,0
0x41858e,0%,2,0,2,0,0,2,0
0x5fa23f,99.4536%,2,364,366,0,0,2,364
0x4c579f,99.6694%,2,603,605,1,1,1,602
0x5de9e3,66.6667%,2,4,6,4,2,0,0
0x4d1100,66.6667%,2,4,6,4,2,0,0
0x41a51c,99.9609%,2,5115,5117,0,0,2,5115
0x4ba6ff,88.8889%,2,16,18,13,1,1,3
0x4ba6b6,88.8889%,2,16,18,0,0,2,16
0x4c58e7,99.9954%,2,43050,43052,0,0,2,43050
0x4b3b73,97.0588%,2,66,68,66,2,0,0
0x461640,99.681%,2,625,627,0,0,2,625
0x4ba64e,88.8889%,2,16,18,16,2,0,0
0x406f59,81.8182%,2,9,11,9,2,0,0
0x4c6e9b,97.8723%,2,92,94,92,2,0,0
0x608c35,99.0476%,2,208,210,0,0,2,208
0x46d950,99.8244%,2,1137,1139,0,0,2,1137
0x4a4908,33.3333%,2,1,3,0,0,2,1
0x463d23,99.5434%,2,436,438,436,2,0,0
0x458e2a,90%,2,18,20,0,2,0,18
0x49bbc6,33.3333%,2,1,3,1,2,0,0
0x470036,99.9827%,2,11536,11538,0,0,2,11536
0x4182dc,0%,2,0,2,0,0,2,0
0x473adb,99.569%,2,462,464,462,2,0,0
0x6098bd,99.0868%,2,217,219,0,0,2,217
0x4a7365,98.6928%,2,151,153,0,0,2,151
0x41170b,99.5495%,2,442,444,0,0,2,442
0x609e46,86.6667%,2,13,15,0,0,2,13
0x4784f6,99.3846%,2,323,325,323,2,0,0
0x5de91d,66.6667%,2,4,6,3,0,2,1
0x479b47,99.9785%,2,9307,9309,9307,2,0,0
0x49cc14,99.6485%,2,567,569,567,2,0,0
0x4acf8f,94.1176%,2,32,34,32,2,0,0
0x4bbbd8,98.2143%,2,110,112,110,2,0,0
0x4e2869,97.2222%,2,70,72,70,2,0,0
0x4bbba6,98.2143%,2,110,112,0,0,2,110
0x4594d1,86.6667%,2,13,15,13,2,0,0
0x4bbb88,98.2143%,2,110,112,0,0,2,110
0x5f0c87,99.6732%,2,610,612,0,0,2,610
0x6097bb,50%,2,2,4,0,0,2,2
0x4d8e98,0%,2,0,2,0,0,2,0
0x458aab,96.2963%,2,52,54,52,2,0,0
0x47620f,99.9848%,2,13179,13181,13179,2,0,0
0x41b2e6,98.4127%,2,124,126,124,2,0,0
0x5ddbb7,66.6667%,2,4,6,4,2,0,0
0x49bc83,33.3333%,2,1,3,1,2,0,0
0x457249,99.8754%,2,1603,1605,1603,2,0,0
0x4bc2c1,99.8963%,2,1927,1929,0,0,2,1927
0x427f9f,93.9394%,2,31,33,31,2,0,0
0x4abe1c,97.6744%,2,84,86,0,0,2,84
0x49f5a6,94.1176%,2,32,34,32,2,0,0
0x4cb65b,99.5495%,2,442,444,0,0,2,442
0x41ae1a,86.6667%,2,13,15,13,2,0,0
0x4ac94f,99.6416%,2,556,558,0,0,2,556
0x4df6bd,90.4762%,2,19,21,0,0,2,19
0x476b9e,99.9544%,2,4387,4389,0,0,2,4387
0x48db97,0%,2,0,2,0,2,0,0
0x48ab6c,95.2381%,2,40,42,40,2,0,0
0x4786d0,66.6667%,2,4,6,4,2,0,0
0x47d098,77.7778%,2,7,9,0,0,2,7
0x47d98a,99.5434%,2,436,438,0,0,2,436
0x417426,95.6522%,2,44,46,44,2,0,0
0x5f2d72,99.9327%,2,2968,2970,0,0,2,2968
0x4995cb,99.682%,2,627,629,0,0,2,627
0x4e05dd,97.2222%,2,70,72,0,0,2,70
0x4799aa,88.8889%,2,16,18,0,0,2,16
0x476ae2,99.9304%,2,2870,2872,2870,2,0,0
0x4a840a,98.7261%,2,155,157,0,0,2,155
0x402801,99.9161%,2,2383,2385,2383,2,0,0
0x45ac39,99.1525%,2,234,236,234,2,0,0
0x5f04d5,99.9738%,2,7624,7626,0,0,2,7624
0x4a6697,93.5484%,2,29,31,15,0,2,14
0x4198f1,96.875%,2,62,64,0,2,0,62
0x4a4d81,90%,2,18,20,18,2,0,0
0x4a200a,99.4269%,2,347,349,347,2,0,0
0x4b7720,88.2353%,2,15,17,15,2,0,0
0x4a61ce,98.8439%,2,171,173,0,0,2,171
0x4a3de5,97.0149%,2,65,67,0,0,2,65
0x47b007,75%,2,6,8,6,2,0,0
0x60a157,98.0952%,2,103,105,103,2,0,0
0x50f8fb,89.4737%,2,17,19,0,0,2,17
0x4d6374,99.2308%,2,258,260,258,2,0,0
0x41bbe6,99.7155%,2,701,703,701,2,0,0
0x47ca7e,99.9475%,2,3806,3808,3806,2,0,0
0x4bda9e,99.9358%,2,3114,3116,3114,2,0,0
0x46c384,99.959%,2,4875,4877,0,0,2,4875
0x4c4fee,99.9478%,2,3826,3828,3826,2,0,0
0x45b89b,99.7763%,2,892,894,892,2,0,0
0x4535ae,77.7778%,2,7,9,7,2,0,0
0x4b95d1,99.6727%,2,609,611,609,2,0,0
0x45a7fb,97.5309%,2,79,81,79,2,0,0
0x418a3a,99.9576%,2,4718,4720,0,0,2,4718
0x49bb61,94.4444%,2,34,36,34,2,0,0
0x4d5fb3,99.9382%,2,3232,3234,3232,2,0,0
0x478ae8,99.9614%,2,5183,5185,5183,2,0,0
0x4dad19,99.8858%,2,1749,1751,1749,2,0,0
0x406c14,83.3333%,2,10,12,10,2,0,0
0x46f17e,87.5%,2,14,16,0,0,2,14
0x5f7c15,90.4762%,2,19,21,0,0,2,19
0x4792e8,99.8365%,2,1221,1223,1221,2,0,0
0x4d05f5,99.9635%,2,5471,5473,5471,2,0,0
0x41adc5,98.1982%,2,109,111,0,0,2,109
0x45b04a,97.7778%,2,88,90,0,0,2,88
0x4bd463,99.9399%,2,3325,3327,0,0,2,3325
0x45718f,99.898%,2,1959,1961,1959,2,0,0
0x6332e2,66.6667%,2,4,6,0,0,2,4
0x4a4669,90%,2,18,20,18,2,0,0
0x4a2b1c,97.5904%,2,81,83,0,0,2,81
0x45e64b,50%,2,2,4,2,0,2,0
0x4bc620,99.2933%,2,281,283,281,2,0,0
0x4de277,93.1034%,2,27,29,27,2,0,0
0x5de5f1,66.6667%,2,4,6,0,0,2,4
0x4dfaf4,96.8254%,2,61,63,0,0,2,61
0x4d64e9,99.8008%,2,1002,1004,1002,2,0,0
0x47b5fc,99.8663%,2,1494,1496,1494,2,0,0
0x4d9302,88.8889%,2,16,18,16,2,0,0
0x48d6b1,77.7778%,2,7,9,0,0,2,7
0x45b87d,99.7763%,2,892,894,892,2,0,0
0x4bc35e,99.8963%,2,1927,1929,1927,2,0,0
0x47c90a,99.8891%,2,1802,1804,0,0,2,1802
0x45ee34,90.4762%,2,19,21,19,2,0,0
0x47807e,99.9266%,2,2722,2724,2722,2,0,0
0x459f69,88.8889%,2,16,18,0,0,2,16
0x4650dd,99.5893%,2,485,487,0,0,2,485
0x5d8850,66.6667%,2,4,6,0,0,2,4
0x5df623,66.6667%,2,4,6,4,2,0,0
0x4190b4,95.3488%,2,41,43,41,2,0,0
0x459fff,88.8889%,2,16,18,0,0,2,16
0x5dda02,95.8333%,2,46,48,46,2,0,0
0x418644,91.3043%,2,21,23,0,0,2,21
0x47a0ad,98.7578%,2,159,161,0,0,2,159
0x4ba52f,99.9605%,2,5055,5057,5055,2,0,0
0x45e565,50%,2,2,4,0,2,0,2
0x417fd9,99.9304%,2,2872,2874,0,0,2,2872
0x45b778,99.7763%,2,892,894,0,0,2,892
0x4996fa,99.6727%,2,609,611,0,0,2,609
0x4a1392,96.1538%,2,50,52,50,2,0,0
0x4ccf1f,99.8536%,2,1364,1366,1364,2,0,0
0x60989c,92.8571%,2,26,28,1,1,1,25
0x445800,99.5726%,2,466,468,466,2,0,0
0x469e97,92%,2,23,25,0,0,2,23
0x48d694,77.7778%,2,7,9,0,0,2,7
0x4d73dc,0%,2,0,2,0,2,0,0
0x47657a,99.5475%,2,440,442,0,0,2,440
0x5f2dbc,99.9327%,2,2968,2970,2968,2,0,0
0x4d1be4,94.4444%,2,34,36,34,2,0,0
0x4a1223,94.2857%,2,33,35,16,0,2,17
0x411583,33.3333%,2,1,3,1,2,0,0
0x4b6e82,88.2353%,2,15,17,0,0,2,15
0x4e299b,96.8254%,2,61,63,61,2,0,0
0x466c89,99.5927%,2,489,491,489,2,0,0
0x4c5978,99.6422%,2,557,559,4,2,0,553
0x45c28e,97.1014%,2,67,69,0,0,2,67
0x4d921c,92.3077%,2,24,26,0,0,2,24
0x5ef17a,0%,2,0,2,0,2,0,0
0x408b17,60%,2,3,5,0,0,2,3
0x47c0f4,99.1189%,2,225,227,215,0,2,10
0x4b657b,88.2353%,2,15,17,0,0,2,15
0x4b3421,99.4118%,1,169,170,169,1,0,0
0x41b1d4,99.2063%,1,125,126,0,0,1,125
0x4b988d,99.0291%,1,102,103,102,1,0,0
0x4d861b,50%,1,1,2,1,1,0,0
0x418c9a,99.9205%,1,1257,1258,0,0,1,1257
0x4190e5,66.6667%,1,2,3,2,1,0,0
0x4a136c,93.75%,1,15,16,15,1,0,0
0x4d8163,99.905%,1,1052,1053,0,0,1,1052
0x50fd87,50%,1,1,2,1,1,0,0
0x5ebf0a,83.3333%,1,5,6,5,1,0,0
0x47a093,99.3789%,1,160,161,0,0,1,160
0x427dba,97.0588%,1,33,34,0,0,1,33
0x4d63cc,99.2%,1,124,125,124,1,0,0
0x4d7d47,0%,1,0,1,0,0,1,0
0x505eb0,83.3333%,1,5,6,5,1,0,0
0x4b98c0,99.0291%,1,102,103,0,0,1,102
0x4d8692,50%,1,1,2,1,1,0,0
0x4d8675,50%,1,1,2,1,1,0,0
0x45fe54,66.6667%,1,2,3,0,0,1,2
0x47da48,92.8571%,1,13,14,13,1,0,0
0x4a2bcd,95%,1,19,20,0,0,1,19
0x4699df,98.8636%,1,87,88,87,1,0,0
0x48dec3,99.711%,1,345,346,345,1,0,0
0x469a1c,98.8636%,1,87,88,0,0,1,87
0x60b94e,90%,1,9,10,9,1,0,0
0x499f7c,97.2222%,1,35,36,35,1,0,0
0x5d8691,83.3333%,1,5,6,5,1,0,0
0x45b3d9,99.2754%,1,137,138,0,0,1,137
0x4761a7,99.9772%,1,4380,4381,0,0,1,4380
0x4c787c,50%,1,1,2,1,1,0,0
0x60aa3e,97.8261%,1,45,46,45,1,0,0
0x49c218,97.2222%,1,35,36,15,1,0,20
0x4ddb9e,94.4444%,1,17,18,0,0,1,17
0x48be7a,99.0291%,1,102,103,102,1,0,0
0x49c22a,97.2222%,1,35,36,35,1,0,0
0x47ae0d,99.5475%,1,220,221,220,1,0,0
0x4459f1,99.7863%,1,467,468,467,1,0,0
0x45e237,50%,1,1,2,1,1,0,0
0x47a7dd,99.2537%,1,133,134,133,1,0,0
0x4cd63f,99.7691%,1,432,433,432,1,0,0
0x410db5,66.6667%,1,2,3,2,1,0,0
0x4a50e1,95%,1,19,20,19,1,0,0
0x4bbdc7,99.9542%,1,2183,2184,2183,1,0,0
0x45b08c,99.0099%,1,100,101,100,1,0,0
0x47ad15,99.5475%,1,220,221,220,1,0,0
0x46ca63,98.6842%,1,75,76,75,1,0,0
0x4172e9,99.2537%,1,133,134,133,1,0,0
0x506036,83.3333%,1,5,6,0,0,1,5
0x608f47,99.4872%,1,194,195,0,0,1,194
0x45a43d,93.3333%,1,14,15,0,0,1,14
0x4b5a52,97.0588%,1,33,34,33,1,0,0
0x46ff96,93.75%,1,15,16,15,1,0,0
0x47aff1,96.4286%,1,27,28,27,1,0,0
0x45e57a,50%,1,1,2,1,1,0,0
0x49b81f,97.2222%,1,35,36,35,1,0,0
0x4d85f2,50%,1,1,2,1,1,0,0
0x4d85a7,50%,1,1,2,1,1,0,0
0x4181fb,0%,1,0,1,0,0,1,0
0x46c622,97.9167%,1,47,48,47,1,0,0
0x45e5ee,50%,1,1,2,1,1,0,0
0x4a39d3,97.0588%,1,33,34,0,0,1,33
0x4acb75,94.1176%,1,16,17,0,0,1,16
0x478515,99.6923%,1,324,325,324,1,0,0
0x478f1e,99.8964%,1,964,965,0,0,1,964
0x424066,91.6667%,1,11,12,11,1,0,0
0x46f438,93.75%,1,15,16,15,1,0,0
0x4d5cb4,95%,1,19,20,0,0,1,19
0x45db5a,98.7342%,1,78,79,78,1,0,0
0x49ae77,98.2143%,1,55,56,55,1,0,0
0x476d0a,99.9769%,1,4319,4320,0,0,1,4319
0x5ed2e4,83.3333%,1,5,6,0,0,1,5
0x4cd509,99.9063%,1,1066,1067,1066,1,0,0
0x46f145,93.75%,1,15,16,15,1,0,0
0x60902b,99.8611%,1,719,720,0,0,1,719
0x4c1d43,99.9553%,1,2234,2235,0,0,1,2234
0x477166,91.6667%,1,11,12,11,1,0,0
0x4021d0,99.7863%,1,467,468,467,1,0,0
0x4180c4,0%,1,0,1,0,0,1,0
0x4792ad,99.9182%,1,1222,1223,1222,1,0,0
0x41a78f,99.8405%,1,626,627,626,1,0,0
0x4c7775,99.9887%,1,8860,8861,8860,1,0,0
0x609b37,97.9167%,1,47,48,0,0,1,47
0x5f0986,98.3607%,1,60,61,60,1,0,0
0x418eed,96.1538%,1,25,26,0,0,1,25
0x4b999e,99.3671%,1,157,158,0,0,1,157
0x476194,87.5%,1,7,8,7,1,0,0
0x4d7f05,99.7877%,1,470,471,470,1,0,0
0x46e91a,99.7988%,1,496,497,0,0,1,496
0x476c19,99.5495%,1,221,222,221,1,0,0
0x4d0a6b,95.2381%,1,20,21,20,1,0,0
0x459e99,99.3827%,1,161,162,161,1,0,0
0x405496,88.8889%,1,8,9,0,0,1,8
0x4d09d4,95.2381%,1,20,21,20,1,0,0
0x4a57b9,94.1176%,1,16,17,0,0,1,16
0x4dae15,99.8675%,1,754,755,754,1,0,0
0x46f31a,96.7742%,1,30,31,30,1,0,0
0x4d79de,87.5%,1,7,8,0,0,1,7
0x459485,66.6667%,1,2,3,2,1,0,0
0x45e514,75%,1,3,4,2,0,1,1
0x49af1e,66.6667%,1,2,3,2,1,0,0
0x45922a,94.4444%,1,17,18,17,1,0,0
0x45a0bd,94.4444%,1,17,18,17,1,0,0
0x621021,85.7143%,1,6,7,0,0,1,6
0x4d79e5,87.5%,1,7,8,7,1,0,0
0x46cc76,98.6842%,1,75,76,0,0,1,75
0x46d860,99.9122%,1,1138,1139,0,0,1,1138
0x49ad18,97.2222%,1,35,36,35,1,0,0
0x459d36,99.3333%,1,149,150,0,0,1,149
0x41afbf,98.8764%,1,88,89,88,1,0,0
0x4d9241,96.1538%,1,25,26,25,1,0,0
0x5ee9c6,99.9688%,1,3204,3205,0,0,1,3204
0x4d06d9,96.6667%,1,29,30,29,1,0,0
0x464447,99.7416%,1,386,387,0,0,1,386
0x4a2eca,96.9697%,1,32,33,0,0,1,32
0x464508,99.7416%,1,386,387,386,1,0,0
0x4739c3,99.7845%,1,463,464,463,1,0,0
0x4aca1a,97.0588%,1,33,34,33,1,0,0
0x4c52e0,0%,1,0,1,0,1,0,0
0x49ce37,99.9584%,1,2401,2402,2401,1,0,0
0x464b18,93.3333%,1,14,15,14,1,0,0
0x48c3eb,99.4709%,1,188,189,188,1,0,0
0x45e625,50%,1,1,2,1,1,0,0
0x5f2078,0%,1,0,1,0,0,1,0
0x462cb0,97.2222%,1,35,36,35,1,0,0
0x4cab8e,99.1453%,1,116,117,116,1,0,0
0x4a0894,97.2222%,1,35,36,0,0,1,35
0x5f2089,0%,1,0,1,0,0,1,0
0x49ba40,97.2222%,1,35,36,35,1,0,0
0x4e2c0b,98.6111%,1,71,72,0,0,1,71
0x47d962,99.7717%,1,437,438,437,1,0,0
0x4246fb,87.5%,1,7,8,0,0,1,7
0x4b042d,97.0588%,1,33,34,33,1,0,0
0x4180b9,0%,1,0,1,0,0,1,0
0x46d6db,99.2126%,1,126,127,126,1,0,0
0x45e3bb,75%,1,3,4,3,1,0,0
0x4d8d38,95%,1,19,20,0,0,1,19
0x469c18,99.1667%,1,119,120,11,1,0,108
0x4a614d,99.7118%,1,346,347,0,0,1,346
0x4d8870,50%,1,1,2,1,1,0,0
0x4d2e61,95%,1,19,20,0,0,1,19
0x4be4fc,99.0476%,1,104,105,104,1,0,0
0x60af7e,98.5915%,1,70,71,70,1,0,0
0x469c50,99.1667%,1,119,120,0,0,1,119
0x5f0ccc,99.8573%,1,700,701,0,0,1,700
0x420fc8,50%,1,1,2,1,0,1,0
0x45ab33,99.6032%,1,251,252,0,0,1,251
0x484b8a,97.619%,1,41,42,0,0,1,41
0x426967,80%,1,4,5,4,1,0,0
0x458cc0,96.5517%,1,28,29,28,1,0,0
0x4bb944,50%,1,1,2,1,1,0,0
0x4a3036,94.1176%,1,16,17,16,1,0,0
0x509549,96.6667%,1,29,30,0,0,1,29
0x4a4656,95%,1,19,20,0,0,1,19
0x463ab5,99.8734%,1,789,790,0,0,1,789
0x4015bf,99.8636%,1,732,733,732,1,0,0
0x48cab2,99.908%,1,1086,1087,0,0,1,1086
0x410e1d,66.6667%,1,2,3,2,1,0,0
0x492612,66.6667%,1,2,3,2,1,0,0
0x4a62ba,99.4737%,1,189,190,189,1,0,0
0x47688c,50%,1,1,2,1,1,0,0
0x413858,66.6667%,1,2,3,2,1,0,0
0x4d92e9,96.1538%,1,25,26,0,0,1,25
0x4d79ce,97.5%,1,39,40,0,0,1,39
0x47d5ae,88.8889%,1,8,9,8,1,0,0
0x459cd0,96.6667%,1,29,30,0,0,1,29
0x4767f3,66.6667%,1,2,3,0,0,1,2
0x4a5b93,95%,1,19,20,19,1,0,0
0x4d0547,99.9588%,1,2425,2426,0,0,1,2425
0x523c67,83.3333%,1,5,6,5,1,0,0
0x460cfa,96.875%,1,31,32,0,0,1,31
0x4b16f7,93.75%,1,15,16,15,1,0,0
0x4b76f0,94.1176%,1,16,17,16,1,0,0
0x4d76b2,99.9748%,1,3968,3969,0,0,1,3968
0x499298,99.8698%,1,767,768,0,0,1,767
0x5ef185,99.9382%,1,1618,1619,0,0,1,1618
0x408c09,99.6774%,1,309,310,0,0,1,309
0x4a8482,99.4819%,1,192,193,192,1,0,0
0x48ba99,99.705%,1,338,339,0,0,1,338
0x413bd6,66.6667%,1,2,3,0,0,1,2
0x49ec4e,98%,1,49,50,49,1,0,0
0x52484c,66.6667%,1,2,3,0,0,1,2
0x4c6541,75%,1,3,4,3,1,0,0
0x45fce6,66.6667%,1,2,3,2,1,0,0
0x4d9285,96.1538%,1,25,26,25,1,0,0
0x4131f3,97.5%,1,39,40,0,0,1,39
0x4a2439,66.6667%,1,2,3,0,0,1,2
0x49e75f,99.635%,1,273,274,273,1,0,0
0x4a2d95,94.7368%,1,18,19,0,0,1,18
0x48c7ea,99.9783%,1,4614,4615,0,0,1,4614
0x457ce5,97.619%,1,41,42,41,1,0,0
0x4c5c72,99.8182%,1,549,550,0,0,1,549
0x4a3dbc,98.7952%,1,82,83,15,1,0,67
0x50b099,50%,1,1,2,1,1,0,0
0x4a6ff0,99.3464%,1,152,153,152,1,0,0
0x4055eb,88.8889%,1,8,9,0,0,1,8
0x45a685,98.7654%,1,80,81,80,1,0,0
0x4cec5e,99.9268%,1,1365,1366,1365,1,0,0
0x4d064e,99.983%,1,5868,5869,5868,1,0,0
0x4de854,66.6667%,1,2,3,2,1,0,0
0x4120da,99.7748%,1,443,444,443,1,0,0
0x4a25d8,98.0769%,1,51,52,51,1,0,0
0x45e21e,50%,1,1,2,1,1,0,0
0x497b2e,66.6667%,1,2,3,2,1,0,0
0x470702,0%,1,0,1,0,0,1,0
0x45a820,98.7654%,1,80,81,0,1,0,80
0x4a5213,95%,1,19,20,19,1,0,0
0x4a457b,97.2973%,1,36,37,0,0,1,36
0x608cda,99.5074%,1,202,203,0,0,1,202
0x4c3c44,96.2963%,1,26,27,26,1,0,0
0x4679a3,96.6667%,1,29,30,29,1,0,0
0x4d80b7,99.7863%,1,467,468,467,1,0,0
0x46d897,99.9122%,1,1138,1139,0,0,1,1138
0x4d73aa,50%,1,1,2,0,0,1,1
0x5f2e20,99.9663%,1,2969,2970,0,0,1,2969
0x4c63b6,99.9085%,1,1092,1093,0,0,1,1092
0x478699,83.3333%,1,5,6,0,0,1,5
0x4cac99,99.1597%,1,118,119,118,1,0,0
0x609fd0,0%,1,0,1,0,0,1,0
0x47d1d8,99.9798%,1,4946,4947,0,0,1,4946
0x4a7039,97.0588%,1,33,34,0,0,1,33
0x49d316,97.0588%,1,33,34,0,0,1,33
0x463e4b,99.7717%,1,437,438,437,1,0,0
0x4c7f70,99.6528%,1,287,288,287,1,0,0
0x408b26,80%,1,4,5,4,1,0,0
0x405606,88.8889%,1,8,9,8,1,0,0
0x4c2765,99.983%,1,5879,5880,0,0,1,5879
0x46c2ff,88.8889%,1,8,9,8,1,0,0
0x4bf835,90%,1,9,10,7,1,0,2
0x4b77a8,94.1176%,1,16,17,16,1,0,0
0x4dc1cc,0%,1,0,1,0,1,0,0
0x4c8a17,94.1176%,1,16,17,16,1,0,0
0x4112ac,99.7863%,1,467,468,467,1,0,0
0x4c6562,75%,1,3,4,3,1,0,0
0x478a2a,83.3333%,1,5,6,5,1,0,0
0x459f76,94.4444%,1,17,18,17,1,0,0
0x4597f6,98.9691%,1,96,97,0,0,1,96
0x41af76,98.8764%,1,88,89,88,1,0,0
0x40275e,99.6032%,1,251,252,0,0,1,251
0x47c99b,99.9737%,1,3807,3808,0,0,1,3807
0x463ae9,99.8733%,1,788,789,788,1,0,0
0x443530,99.7863%,1,467,468,467,1,0,0
0x4db246,99.9951%,1,20466,20467,0,0,1,20466
0x426ce9,87.5%,1,7,8,7,1,0,0
0x4635ed,98.9583%,1,95,96,95,1,0,0
0x4dd2c1,99.6979%,1,330,331,330,1,0,0
0x5dea3a,83.3333%,1,5,6,5,1,0,0
0x462f0d,98.9583%,1,95,96,95,1,0,0
0x45da37,96.2963%,1,26,27,26,1,0,0
0x458c83,95%,1,19,20,19,1,0,0
0x4d9620,96.1538%,1,25,26,25,1,0,0
0x469932,99.841%,1,628,629,628,1,0,0
0x4699bc,98.8636%,1,87,88,0,0,1,87
0x4cbcc6,99.7748%,1,443,444,0,0,1,443
0x4d2d97,96.6667%,1,29,30,0,0,1,29
0x45c2a2,98.1132%,1,52,53,52,1,0,0
0x484b9f,97.619%,1,41,42,41,1,0,0
0x47a2be,99.8943%,1,945,946,0,0,1,945
0x48c1b9,99.7908%,1,477,478,477,1,0,0
0x443823,99.7863%,1,467,468,467,1,0,0
0x4bf778,91.6667%,1,11,12,0,0,1,11
0x5ef0eb,99.9382%,1,1618,1619,0,0,1,1618
0x4cb97a,97.8723%,1,46,47,0,0,1,46
0x477117,91.6667%,1,11,12,0,0,1,11
0x458494,90.9091%,1,10,11,0,0,1,10
0x47c9b3,99.9737%,1,3807,3808,0,0,1,3807
0x47cabd,99.9737%,1,3807,3808,0,0,1,3807
0x4bc220,50%,1,1,2,0,0,1,1
0x47c3c9,99.537%,1,215,216,0,0,1,215
0x460281,66.6667%,1,2,3,2,1,0,0
0x5ee9a1,99.5413%,1,217,218,0,0,1,217
0x4dde3d,75%,1,3,4,0,0,1,3
0x479e6d,99.9241%,1,1316,1317,1316,1,0,0
0x457e1b,99.6078%,1,254,255,0,0,1,254
0x4a3b15,66.6667%,1,2,3,0,0,1,2
0x4770b0,91.6667%,1,11,12,1,1,0,10
0x4a24f2,99.711%,1,345,346,345,1,0,0
0x4a5b74,66.6667%,1,2,3,0,0,1,2
0x4d2df6,98.2759%,1,57,58,0,0,1,57
0x4a3dc0,98.5075%,1,66,67,66,1,0,0
0x4a658d,94.7368%,1,18,19,18,1,0,0
0x5f2d93,99.9663%,1,2969,2970,0,0,1,2969
0x4cfa83,99.3243%,1,147,148,147,1,0,0
0x4a6502,94.7368%,1,18,19,0,0,1,18
0x49bb87,97.2222%,1,35,36,0,0,1,35
0x4ac888,98%,1,49,50,49,1,0,0
0x4d3e00,98.6111%,1,71,72,0,0,1,71
0x49ba4b,97.2222%,1,35,36,35,1,0,0
0x408b99,80%,1,4,5,1,1,0,3
0x49ef6a,96.9697%,1,32,33,32,1,0,0
0x4d0ae1,95.2381%,1,20,21,20,1,0,0
0x4c4df2,97.561%,1,40,41,40,1,0,0
0x4acfed,94.1176%,1,16,17,16,1,0,0
0x48c294,99.7908%,1,477,478,0,0,1,477
0x46353f,98.9583%,1,95,96,95,1,0,0
0x49be0c,97.2222%,1,35,36,35,1,0,0
0x47c57b,99.2754%,1,137,138,0,0,1,137
0x476b09,99.9652%,1,2871,2872,2871,1,0,0
0x49aebe,98.2143%,1,55,56,0,0,1,55
0x426d25,87.5%,1,7,8,7,1,0,0
0x4840ff,95.2381%,1,20,21,0,0,1,20
0x4c7963,50%,1,1,2,1,1,0,0
0x5de704,83.3333%,1,5,6,0,0,1,5
0x45f955,66.6667%,1,2,3,2,1,0,0
0x4d2e6a,95%,1,19,20,19,1,0,0
0x4d9106,99.9745%,1,3919,3920,0,0,1,3919
0x458267,99.8505%,1,668,669,668,1,0,0
0x46c7fc,99.8966%,1,966,967,0,0,1,966
0x49e8eb,96.9697%,1,32,33,32,1,0,0
0x4d7084,0%,1,0,1,0,1,0,0
0x49ee8d,96.875%,1,31,32,16,0,1,15
0x5deef1,97.619%,1,41,42,41,1,0,0
0x4abe7c,98.4848%,1,65,66,65,1,0,0
0x46cbd5,98.6842%,1,75,76,75,1,0,0
0x4abe34,98.8372%,1,85,86,0,0,1,85
0x458578,90.9091%,1,10,11,10,1,0,0
0x47cb90,99.9798%,1,4955,4956,0,0,1,4955
0x478cf4,99.9407%,1,1686,1687,0,0,1,1686
0x427ab7,83.3333%,1,5,6,0,0,1,5
0x4a89aa,98.5714%,1,69,70,0,0,1,69
0x422d73,0%,1,0,1,0,1,0,0
0x49b93b,94.7368%,1,18,19,0,0,1,18
0x460d40,96.875%,1,31,32,0,0,1,31
0x48bdde,98.5915%,1,70,71,0,0,1,70
0x419222,66.6667%,1,2,3,2,1,0,0
0x50fe20,99.8817%,1,844,845,844,1,0,0
0x41b1e9,99.2063%,1,125,126,0,0,1,125
0x419166,97.6744%,1,42,43,42,1,0,0
0x45e124,50%,1,1,2,1,1,0,0
0x4a26c8,96.9697%,1,32,33,0,0,1,32
0x6331f4,88.8889%,1,8,9,8,1,0,0
0x4ddbc5,94.4444%,1,17,18,17,1,0,0
0x608e1b,99.4872%,1,194,195,0,0,1,194
0x412108,99.988%,1,8327,8328,8327,1,0,0
0x4a8981,98.5714%,1,69,70,0,0,1,69
0x419ae9,99.3243%,1,147,148,147,1,0,0
0x47d5e5,88.8889%,1,8,9,0,0,1,8
0x4a28d1,98.7952%,1,82,83,82,1,0,0
0x418789,0%,1,0,1,0,0,1,0
0x4c0335,98.8636%,1,87,88,0,1,0,87
0x47c481,99.537%,1,215,216,215,1,0,0
0x4d749f,50%,1,1,2,1,1,0,0
0x476880,50%,1,1,2,0,0,1,1
0x4a2405,94.1176%,1,16,17,16,1,0,0
0x4650e8,99.7947%,1,486,487,486,1,0,0
0x47cd5f,99.9798%,1,4955,4956,0,0,1,4955
0x4ad1e8,94.1176%,1,16,17,16,1,0,0
0x4768d5,99.8369%,1,612,613,612,1,0,0
0x4b5ab9,97.0588%,1,33,34,33,1,0,0
0x4180a1,0%,1,0,1,0,0,1,0
0x47b940,99.537%,1,215,216,215,1,0,0
0x464f3b,88.8889%,1,8,9,8,1,0,0
0x4d90d1,99.9588%,1,2427,2428,0,0,1,2427
0x4d7a24,97.5%,1,39,40,39,1,0,0
0x47820b,99.8672%,1,752,753,0,0,1,752
0x4137a3,66.6667%,1,2,3,0,0,1,2
0x4c3b13,99.9173%,1,1208,1209,1208,1,0,0
0x4594e5,93.3333%,1,14,15,14,1,0,0
0x4708cf,0%,1,0,1,0,0,1,0
0x49ca99,99.8243%,1,568,569,0,0,1,568
0x40a64a,99.9839%,1,6225,6226,6225,1,0,0
0x41b468,80%,1,4,5,4,1,0,0
0x4769d7,99.949%,1,1960,1961,0,0,1,1960
0x46f75f,93.75%,1,15,16,15,1,0,0
0x4a3a9e,94.1176%,1,16,17,16,1,0,0
0x5ef122,99.9382%,1,1618,1619,0,0,1,1618
0x45de61,99.6764%,1,308,309,0,0,1,308
0x4dd355,99.6979%,1,330,331,330,1,0,0
0x41abad,97.6744%,1,42,43,0,0,1,42
0x410f8a,66.6667%,1,2,3,2,1,0,0
0x49946e,99.841%,1,628,629,0,0,1,628
0x469858,99.4382%,1,177,178,0,0,1,177
0x46ca8e,98.6842%,1,75,76,75,1,0,0
0x466cba,99.7963%,1,490,491,0,0,1,490
0x4d61dc,75%,1,3,4,1,0,1,2
0x4285a0,91.6667%,1,11,12,11,1,0,0
0x420a4e,99.9208%,1,1262,1263,0,0,1,1262
0x45fc8f,66.6667%,1,2,3,0,0,1,2
0x428556,91.6667%,1,11,12,11,1,0,0
0x4574a7,97.4359%,1,38,39,38,1,0,0
0x5f7898,66.6667%,1,2,3,0,0,1,2
0x4783e9,99.8672%,1,752,753,752,1,0,0
0x45e65d,50%,1,1,2,1,1,0,0
0x4d813b,99.7863%,1,467,468,0,0,1,467
0x4b95c5,99.1803%,1,121,122,121,1,0,0
0x41b64f,99.2063%,1,125,126,0,0,1,125
0x4ce4b6,0%,1,0,1,0,1,0,0
0x46782e,98.3607%,1,60,61,60,1,0,0
0x498474,66.6667%,1,2,3,0,1,0,2
0x45ab17,99.6032%,1,251,252,251,1,0,0
0x50fd30,0%,1,0,1,0,0,1,0
0x4284f0,93.3333%,1,14,15,0,0,1,14
0x479923,94.4444%,1,17,18,0,0,1,17
0x5fa454,66.6667%,1,2,3,0,1,0,2
0x45e490,75%,1,3,4,3,1,0,0
0x42131b,0%,1,0,1,0,0,1,0
0x470552,0%,1,0,1,0,1,0,0
0x4b3b59,98.5294%,1,67,68,67,1,0,0
0x45a00a,94.4444%,1,17,18,17,1,0,0
0x41890d,0%,1,0,1,0,1,0,0
0x46cecc,95.8333%,1,23,24,0,0,1,23
0x45fa73,66.6667%,1,2,3,2,1,0,0
0x4650aa,99.7947%,1,486,487,486,1,0,0
0x4a8aa5,97.0588%,1,33,34,33,1,0,0
0x5fa48e,0%,1,0,1,0,1,0,0
0x45e2e2,50%,1,1,2,0,0,1,1
0x420bee,99.9242%,1,1318,1319,0,0,1,1318
0x60b9fe,98.9474%,1,94,95,94,1,0,0
0x5f261b,99.9873%,1,7880,7881,0,0,1,7880
0x5decb3,83.3333%,1,5,6,0,0,1,5
0x4a24d6,99.7475%,1,395,396,0,0,1,395
0x4d6207,99.6678%,1,300,301,0,0,1,300
0x467409,98.9011%,1,90,91,90,1,0,0
0x4d6610,99.9012%,1,1011,1012,1011,1,0,0
0x427943,99.6337%,1,272,273,272,1,0,0
0x426e37,93.75%,1,15,16,15,1,0,0
0x422aa3,0%,1,0,1,0,0,1,0
0x4ca1dc,99.9932%,1,14676,14677,14676,1,0,0
0x5f155e,96.875%,1,31,32,0,0,1,31
0x460cff,96.875%,1,31,32,0,0,1,31
0x5de942,66.6667%,1,2,3,2,1,0,0
0x460e82,98.4375%,1,63,64,0,0,1,63
0x40a4f4,99.7253%,1,363,364,363,1,0,0
0x4bac56,99.888%,1,892,893,892,1,0,0
0x45f001,87.5%,1,7,8,7,1,0,0
0x4c52b5,0%,1,0,1,0,0,1,0
0x49a2dc,97.2222%,1,35,36,0,0,1,35
0x50fda9,93.75%,1,15,16,15,1,0,0
0x4e2aef,98.6111%,1,71,72,71,1,0,0
0x47089a,0%,1,0,1,0,1,0,0
0x50b0b9,50%,1,1,2,0,0,1,1
0x458f1c,94.4444%,1,17,18,0,0,1,17
0x461617,99.8435%,1,638,639,638,1,0,0
0x4e2894,98.6111%,1,71,72,0,0,1,71
0x4b2362,83.3333%,1,5,6,0,0,1,5
0x49ee2d,97.2222%,1,35,36,35,1,0,0
0x5ddf4d,66.6667%,1,2,3,0,0,1,2
0x4a291a,98.7952%,1,82,83,0,0,1,82
0x420fd7,0%,1,0,1,0,0,1,0
0x420b47,99.9241%,1,1317,1318,0,0,1,1317
0x420fe0,0%,1,0,1,0,1,0,0
0x40188a,99.9879%,1,8241,8242,0,0,1,8241
0x5de97f,83.3333%,1,5,6,5,1,0,0
0x422a64,0%,1,0,1,0,0,1,0
0x4054cf,88.8889%,1,8,9,0,0,1,8
0x4e28fc,98.6111%,1,71,72,71,1,0,0
0x4d29e0,99.1525%,1,117,118,0,0,1,117
0x4185d8,95.6522%,1,22,23,22,1,0,0
0x4acee1,97.0588%,1,33,34,33,1,0,0
0x4b2f25,98.5294%,1,67,68,0,0,1,67
0x4d70d7,0%,1,0,1,0,1,0,0
0x4b9b9a,98.4615%,1,64,65,0,1,0,64
0x5ddf53,66.6667%,1,2,3,2,1,0,0
0x4187a9,0%,1,0,1,0,1,0,0
0x4701f4,99.7863%,1,467,468,467,1,0,0
0x45f3c1,87.5%,1,7,8,7,1,0,0
0x46d6ba,99.5816%,1,238,239,0,0,1,238
0x5f1ddb,66.6667%,1,2,3,1,0,1,1
0x479ede,98.7654%,1,80,81,0,0,1,80
0x4d0e6b,99.7674%,1,429,430,429,1,0,0
0x5f2f6b,99.9663%,1,2969,2970,2969,1,0,0
0x60b40e,85.7143%,1,6,7,6,1,0,0
0x48d955,99.7033%,1,336,337,336,1,0,0
0x4b0b9a,96.9697%,1,32,33,32,1,0,0
0x4187c7,0%,1,0,1,0,1,0,0
0x5eb6f0,91.6667%,1,11,12,11,1,0,0
0x49b9e3,97.2222%,1,35,36,35,1,0,0
0x41a3df,99.9862%,1,7228,7229,7228,1,0,0
0x40228e,99.7151%,1,350,351,350,1,0,0
0x418161,0%,1,0,1,0,1,0,0
0x422ab8,0%,1,0,1,0,0,1,0
0x4a51c6,95%,1,19,20,19,1,0,0
0x5fad0d,66.6667%,1,2,3,2,1,0,0
0x49efca,99%,1,99,100,99,1,0,0
0x464b66,93.3333%,1,14,15,0,0,1,14
0x48c7c1,99.9876%,1,8065,8066,0,0,1,8065
0x46c7bb,99.8966%,1,966,967,966,1,0,0
0x490f1c,0%,1,0,1,0,1,0,0
0x4b40b2,98.5294%,1,67,68,67,1,0,0
0x457e81,95.8333%,1,23,24,23,1,0,0
0x4629f4,0%,1,0,1,0,0,1,0
0x459f26,94.4444%,1,17,18,17,1,0,0
0x426ce3,87.5%,1,7,8,0,0,1,7
0x4cc76a,95%,1,19,20,0,0,1,19
0x4d70ee,0%,1,0,1,0,1,0,0
0x5df5b6,66.6667%,1,2,3,0,0,1,2
0x490edc,0%,1,0,1,0,1,0,0
0x49aa09,97.2222%,1,35,36,35,1,0,0
0x44a4c3,96.9697%,1,32,33,0,0,1,32
0x47df10,66.6667%,1,2,3,2,1,0,0
0x421309,0%,1,0,1,0,0,1,0
0x609c26,97.619%,1,41,42,19,1,0,22
0x4761b6,99.9545%,1,2199,2200,2199,1,0,0
0x5dec2b,83.3333%,1,5,6,5,1,0,0
0x479659,97.7778%,1,44,45,44,1,0,0
0x4df39a,95.2381%,1,20,21,0,0,1,20
0x4a2979,98.7952%,1,82,83,0,0,1,82
0x45fa42,66.6667%,1,2,3,2,1,0,0
0x4a3ec9,93.75%,1,15,16,15,1,0,0
0x49b535,97.2222%,1,35,36,35,1,0,0
0x49b66f,97.2222%,1,35,36,0,0,1,35
0x4cd19c,99.9063%,1,1066,1067,0,0,1,1066
0x4185b7,50%,1,1,2,1,1,0,0
0x5fa479,50%,1,1,2,1,0,1,0
0x5f7c48,95.2381%,1,20,21,20,1,0,0
0x411295,99.8932%,1,935,936,0,0,1,935
0x4d9663,96.1538%,1,25,26,0,0,1,25
0x5decdc,83.3333%,1,5,6,0,0,1,5
0x4df91f,88.8889%,1,8,9,8,1,0,0
0x4630d9,98.9583%,1,95,96,0,0,1,95
0x4bacf7,99.987%,1,7690,7691,7690,1,0,0
0x4c231b,99.7988%,1,496,497,0,0,1,496
0x5f07cb,99.2126%,1,126,127,0,0,1,126
0x45ff74,99.9847%,1,6525,6526,6525,1,0,0
0x445d5c,99.9325%,1,1481,1482,0,0,1,1481
0x457bab,66.6667%,1,2,3,2,1,0,0
0x5f1569,96.875%,1,31,32,0,0,1,31
0x4212b4,0%,1,0,1,0,0,1,0
0x459da8,99.3333%,1,149,150,149,1,0,0
0x47b3bc,99.9869%,1,7627,7628,0,0,1,7627
0x4601cc,66.6667%,1,2,3,0,0,1,2
0x44607d,99.7863%,1,467,468,0,0,1,467
0x5f2082,0%,1,0,1,0,0,1,0
0x609c37,95.4545%,1,21,22,0,0,1,21
0x5f305f,99.9624%,1,2658,2659,0,0,1,2658
0x50f88c,93.75%,1,15,16,15,1,0,0
0x5f14d4,75%,1,3,4,3,1,0,0
0x4affca,98.0769%,1,51,52,51,1,0,0
0x41809d,50%,1,1,2,0,1,0,1
0x46cc80,98.6842%,1,75,76,75,1,0,0
0x45e01c,75%,1,3,4,3,1,0,0
0x4994a2,99.841%,1,628,629,0,0,1,628
0x48b900,97.619%,1,41,42,41,1,0,0
0x4dda94,94.4444%,1,17,18,17,1,0,0
0x478215,99.8672%,1,752,753,752,1,0,0
0x4707d4,0%,1,0,1,0,1,0,0
0x47072c,0%,1,0,1,0,1,0,0
0x49a1de,97.2222%,1,35,36,35,1,0,0
0x4dc464,0%,1,0,1,0,1,0,0
0x478327,99.8672%,1,752,753,0,0,1,752
0x4707ed,0%,1,0,1,0,1,0,0
0x6331e7,66.6667%,1,2,3,0,0,1,2
0x4014e2,99.9631%,1,2709,2710,2709,1,0,0
0x47b34f,98.6842%,1,75,76,0,0,1,75
0x4dfb3e,66.6667%,1,2,3,2,1,0,0
0x4bdf80,0%,1,0,1,0,1,0,0
0x45aca8,99.6032%,1,251,252,251,1,0,0
0x50ff74,0%,1,0,1,0,0,1,0
0x418de6,99.8452%,1,645,646,0,0,1,645
0x45c2ff,99.6622%,1,295,296,295,1,0,0
0x49f5d6,98.6111%,1,71,72,71,1,0,0
0x50fd53,93.75%,1,15,16,0,0,1,15
0x5dd1f4,83.3333%,1,5,6,5,1,0,0
0x49a46c,97.2222%,1,35,36,35,1,0,0
0x4d7da2,0%,1,0,1,0,1,0,0
0x464ed6,98.9362%,1,93,94,0,0,1,93
0x5f3073,99.9624%,1,2658,2659,0,0,1,2658
0x41b591,80%,1,4,5,4,1,0,0
0x401d9e,99.6324%,1,271,272,271,1,0,0
0x5dcc44,83.3333%,1,5,6,5,1,0,0
0x45b299,96.9697%,1,32,33,0,0,1,32
0x4c40b8,99.91%,1,1110,1111,0,0,1,1110
0x4a49cf,66.6667%,1,2,3,2,1,0,0
0x4d0697,96.6667%,1,29,30,29,1,0,0
0x4cb1b5,99.9567%,1,2308,2309,0,0,1,2308
0x45b28a,96.9697%,1,32,33,0,0,1,32
0x47050b,0%,1,0,1,0,1,0,0
0x4bc7aa,99.0291%,1,102,103,0,0,1,102
0x41850b,98.2759%,1,57,58,0,0,1,57
0x5df438,66.6667%,1,2,3,2,1,0,0
0x4c24a9,98.0392%,1,50,51,50,1,0,0
0x4a799d,99.0654%,1,106,107,106,1,0,0
0x4cd5c1,75%,1,3,4,3,1,0,0
0x477154,91.6667%,1,11,12,11,1,0,0
0x5fa4d8,0%,1,0,1,0,0,1,0
0x47ae50,0%,1,0,1,0,0,1,0
0x4020a1,99.9715%,1,3513,3514,0,0,1,3513
0x4cf5b9,99.4382%,1,177,178,177,1,0,0
0x4a3e25,98.7952%,1,82,83,82,1,0,0
0x608d9e,87.5%,1,7,8,0,0,1,7
0x4189da,99.2366%,1,130,131,130,1,0,0
0x4bbd03,66.6667%,1,2,3,2,1,0,0
0x45e11a,75%,1,3,4,2,0,1,1
0x4a126d,93.75%,1,15,16,15,1,0,0
0x4a498c,66.6667%,1,2,3,0,0,1,2
0x4b85e7,99.0385%,1,103,104,103,1,0,0
0x5d8937,83.3333%,1,5,6,0,0,1,5
0x463c3a,99.9603%,1,2515,2516,2515,1,0,0
0x5df57c,96.9697%,1,32,33,32,1,0,0
0x4783b8,99.8672%,1,752,753,752,1,0,0
0x426995,80%,1,4,5,0,0,1,4
0x5eb5a5,83.3333%,1,5,6,5,1,0,0
0x4212c4,0%,1,0,1,0,1,0,0
0x5de553,66.6667%,1,2,3,2,1,0,0
0x45f054,87.5%,1,7,8,7,1,0,0
0x49a430,97.2222%,1,35,36,35,1,0,0
0x5d8b1f,83.3333%,1,5,6,5,1,0,0
0x5d8b3a,83.3333%,1,5,6,5,1,0,0
0x6333ec,88.8889%,1,8,9,8,1,0,0
0x51236c,98.75%,1,79,80,79,1,0,0
0x477f1f,99.9805%,1,5125,5126,0,0,1,5125
0x41b297,99.2063%,1,125,126,125,1,0,0
0x4699f2,98.8636%,1,87,88,87,1,0,0
0x4a5ea1,99.0291%,1,102,103,102,1,0,0
0x459800,98.9691%,1,96,97,96,0,1,0
0x5d8635,83.3333%,1,5,6,0,0,1,5
0x47bfd2,75%,1,3,4,3,1,0,0
0x47b8c8,99.9443%,1,1795,1796,1795,1,0,0
0x45e288,50%,1,1,2,1,1,0,0
0x46c328,99.8423%,1,633,634,0,0,1,633
0x47c6d3,99.9829%,1,5861,5862,5861,1,0,0
0x459819,99.0196%,1,101,102,101,1,0,0
0x4679b3,96.6667%,1,29,30,29,1,0,0
0x49ee5f,97.2222%,1,35,36,0,0,1,35
0x4765e1,99.9724%,1,3616,3617,3616,1,0,0
0x408e9b,95.8333%,1,23,24,23,1,0,0
0x4cb5ee,99.9746%,1,3929,3930,0,0,1,3929
0x45fbdd,66.6667%,1,2,3,0,0,1,2
0x4117ad,99.7748%,1,443,444,443,1,0,0
0x4ad3f1,98.6486%,1,73,74,73,1,0,0
0x4d87fb,50%,1,1,2,1,1,0,0
0x47d6d4,87.5%,1,7,8,0,0,1,7
0x4b15ad,99.0385%,1,103,104,103,1,0,0
0x45feff,99.9846%,1,6482,6483,6482,1,0,0
0x4d605b,94.4444%,1,17,18,17,1,0,0
0x46c2d2,99.8423%,1,633,634,0,0,1,633
0x45c269,99.7925%,1,481,482,0,0,1,481
0x465851,83.3333%,1,5,6,5,1,0,0
0x45ed50,94.1176%,1,16,17,16,1,0,0
0x5f0738,99.3865%,1,162,163,0,0,1,162
0x4a1353,93.75%,1,15,16,15,1,0,0
0x4023e1,99.2366%,1,130,131,130,1,0,0
0x4e0727,66.6667%,1,2,3,2,1,0,0
0x467b4b,96.6667%,1,29,30,29,1,0,0
0x45e528,50%,1,1,2,1,1,0,0
0x5d8793,83.3333%,1,5,6,5,1,0,0
0x6333c5,88.8889%,1,8,9,8,1,0,0
0x4e2b65,66.6667%,1,2,3,0,0,1,2
0x4a2abb,98.7952%,1,82,83,82,1,0,0
0x467b12,96.6667%,1,29,30,29,1,0,0
0x479b65,99.9893%,1,9308,9309,9308,1,0,0
0x46f2d9,96.7742%,1,30,31,30,1,0,0
0x422bea,0%,1,0,1,0,1,0,0
0x422ed1,0%,1,0,1,0,1,0,0
0x45e416,75%,1,3,4,3,1,0,0
0x46ce89,95.8333%,1,23,24,23,1,0,0
0x47befd,99.5283%,1,211,212,0,0,1,211
0x4bdf39,50%,1,1,2,0,0,1,1
0x41175e,99.7748%,1,443,444,0,0,1,443
0x45dff5,75%,1,3,4,0,0,1,3
0x4d7d50,0%,1,0,1,0,1,0,0
0x420ceb,98.1818%,1,54,55,54,1,0,0
0x4d8828,50%,1,1,2,1,1,0,0
0x4d5e35,100%,0,18,18,0,0,0,18
0x47c732,100%,0,5862,5862,0,0,0,5862
0x45a34d,100%,0,15,15,0,0,0,15
0x470548,100%,0,1,1,0,0,0,1
0x4d7072,100%,0,1,1,0,0,0,1
0x418e1c,100%,0,516,516,0,0,0,516
0x49c1bb,100%,0,36,36,36,0,0,0
0x47d0b9,100%,0,18,18,0,0,0,18
0x5fa556,100%,0,1,1,0,0,0,1
0x4707e8,100%,0,1,1,0,0,0,1
0x4dde6c,100%,0,1,1,0,0,0,1
0x4d926f,100%,0,26,26,26,0,0,0
0x4708d9,100%,0,1,1,0,0,0,1
0x428080,100%,0,15,15,15,0,0,0
0x479617,100%,0,630,630,630,0,0,0
0x4c2610,100%,0,21,21,21,0,0,0
0x4a7810,100%,0,107,107,0,0,0,107
0x4bea7a,100%,0,2,2,0,0,0,2
0x4d620f,100%,0,301,301,301,0,0,0
0x47dd9c,100%,0,12,12,0,0,0,12
0x49d2cf,100%,0,34,34,0,0,0,34
0x45846e,100%,0,11,11,0,0,0,11
0x49f43f,100%,0,68,68,0,0,0,68
0x470504,100%,0,1,1,0,0,0,1
0x406f74,100%,0,11,11,0,0,0,11
0x524855,100%,0,3,3,0,0,0,3
0x4dca0c,100%,0,3,3,3,0,0,0
0x5fa4e9,100%,0,1,1,1,0,0,0
0x470711,100%,0,1,1,0,0,0,1
0x458d4f,100%,0,29,29,29,0,0,0
0x5fa464,100%,0,2,2,0,0,0,2
0x46993e,100%,0,266,266,266,0,0,0
0x48cc86,100%,0,533,533,0,0,0,533
0x4ca17a,100%,0,174,174,0,0,0,174
0x45947e,100%,0,3,3,0,0,0,3
0x46d82d,100%,0,1139,1139,0,0,0,1139
0x49a75f,100%,0,36,36,36,0,0,0
0x4adc20,100%,0,92,92,92,0,0,0
0x608ddc,100%,0,195,195,0,0,0,195
0x419157,100%,0,43,43,0,0,0,43
0x478bef,100%,0,2144,2144,2144,0,0,0
0x40a602,100%,0,325,325,0,0,0,325
0x4ad2ed,100%,0,34,34,0,0,0,34
0x5f0b60,100%,0,40,40,0,0,0,40
0x4d7d61,100%,0,1,1,0,0,0,1
0x45a52f,100%,0,15,15,15,0,0,0
0x4149a3,100%,0,3,3,3,0,0,0
0x4a71e0,100%,0,153,153,0,0,0,153
0x4a3e04,100%,0,16,16,16,0,0,0
0x4ad3e8,100%,0,74,74,0,0,0,74
0x45a20f,100%,0,15,15,15,0,0,0
0x46723d,100%,0,139,139,0,0,0,139
0x49af76,100%,0,20,20,20,0,0,0
0x4c77df,100%,0,559,559,559,0,0,0
0x4bf88f,100%,0,8,8,0,0,0,8
0x478724,100%,0,6,6,0,0,0,6
0x47850e,100%,0,325,325,0,0,0,325
0x4c3db7,100%,0,27,27,0,0,0,27
0x4a5b7c,100%,0,20,20,20,0,0,0
0x4d9686,100%,0,26,26,0,0,0,26
0x466d30,100%,0,242,242,0,0,0,242
0x4ccee0,100%,0,1,1,0,0,0,1
0x4a6156,100%,0,347,347,347,0,0,0
0x47a3e4,100%,0,940,940,0,0,0,940
0x4dc436,100%,0,1,1,0,0,0,1
0x47cced,100%,0,39,39,39,0,0,0
0x4a8563,100%,0,193,193,193,0,0,0
0x4d9265,100%,0,26,26,0,0,0,26
0x46d7e1,100%,0,12,12,0,0,0,12
0x427eb5,100%,0,15,15,0,0,0,15
0x49f517,100%,0,34,34,34,0,0,0
0x46302c,100%,0,96,96,0,0,0,96
0x466d1b,100%,0,491,491,0,0,0,491
0x4a52c3,100%,0,120,120,120,0,0,0
0x45921d,100%,0,17,17,17,0,0,0
0x422ad2,100%,0,1,1,0,0,0,1
0x5ef52a,100%,0,1048,1048,0,0,0,1048
0x4c4d9c,100%,0,87,87,0,0,0,87
0x45e926,100%,0,17,17,0,0,0,17
0x4c52c9,100%,0,1,1,0,0,0,1
0x4d8d6d,100%,0,20,20,0,0,0,20
0x478115,100%,0,2742,2742,2742,0,0,0
0x4c52a6,100%,0,1,1,0,0,0,1
0x48c349,100%,0,189,189,189,0,0,0
0x45b082,100%,0,126,126,126,0,0,0
0x41814e,100%,0,1,1,0,0,0,1
0x41148d,100%,0,468,468,0,0,0,468
0x4c5269,100%,0,1,1,0,0,0,1
0x410f7d,100%,0,3,3,3,0,0,0
0x4dcdcb,100%,0,357,357,357,0,0,0
0x4b5b3e,100%,0,17,17,17,0,0,0
0x408af8,100%,0,3,3,0,0,0,3
0x408b21,100%,0,5,5,0,0,0,5
0x422aae,100%,0,1,1,0,0,0,1
0x4a798b,100%,0,107,107,0,0,0,107
0x48ab66,100%,0,42,42,0,0,0,42
0x4d1c59,100%,0,25,25,0,0,0,25
0x408b4e,100%,0,5,5,0,0,0,5
0x4cceec,100%,0,1,1,0,0,0,1
0x427a91,100%,0,6,6,0,0,0,6
0x4a4938,100%,0,3,3,0,0,0,3
0x408ba4,100%,0,3,3,0,0,0,3
0x4a42e4,100%,0,37,37,37,0,0,0
0x408bb0,100%,0,3,3,3,0,0,0
0x498bcd,100%,0,14,14,0,0,0,14
0x4925bd,100%,0,3,3,0,0,0,3
0x506016,100%,0,6,6,0,0,0,6
0x44581c,100%,0,468,468,0,0,0,468
0x4c40c5,100%,0,1245,1245,0,0,0,1245
0x4192a0,100%,0,43,43,0,0,0,43
0x42130f,100%,0,1,1,0,0,0,1
0x46ce62,100%,0,24,24,0,0,0,24
0x49ac54,100%,0,36,36,36,0,0,0
0x4137ef,100%,0,33,33,33,0,0,0
0x49caa9,100%,0,569,569,569,0,0,0
0x48e40d,100%,0,29,29,0,0,0,29
0x41bcf4,100%,0,6,6,0,0,0,6
0x4457d2,100%,0,468,468,0,0,0,468
0x49ec66,100%,0,50,50,50,0,0,0
0x60953b,100%,0,84,84,0,0,0,84
0x49c965,100%,0,2402,2402,2402,0,0,0
0x49ac44,100%,0,20,20,0,0,0,20
0x49ac20,100%,0,36,36,0,0,0,36
0x4a74f8,100%,0,17,17,0,0,0,17
0x5f1f7a,100%,0,1,1,0,0,0,1
0x410efb,100%,0,3,3,3,0,0,0
0x459fe8,100%,0,18,18,0,0,0,18
0x609feb,100%,0,1,1,0,0,0,1
0x60a006,100%,0,27,27,0,0,0,27
0x41389d,100%,0,3,3,3,0,0,0
0x497b38,100%,0,3,3,3,0,0,0
0x459fa1,100%,0,18,18,0,0,0,18
0x478732,100%,0,6,6,0,0,0,6
0x413bd1,100%,0,3,3,0,0,0,3
0x41b958,100%,0,5,5,0,0,0,5
0x5df8d1,100%,0,15,15,0,0,0,15
0x418121,100%,0,1,1,0,0,0,1
0x4b24d2,100%,0,17,17,0,0,0,17
0x47da36,100%,0,14,14,0,0,0,14
0x4d65fe,100%,0,1012,1012,0,0,0,1012
0x499322,100%,0,768,768,768,0,0,0
0x60a6ee,100%,0,12,12,12,0,0,0
0x4c52c2,100%,0,1,1,0,0,0,1
0x4d6f5a,100%,0,3,3,0,0,0,3
0x463387,100%,0,96,96,96,0,0,0
0x48d365,100%,0,3,3,3,0,0,0
0x45c2dd,100%,0,388,388,0,0,0,388
0x463509,100%,0,96,96,0,0,0,96
0x418146,100%,0,1,1,0,0,0,1
0x422a74,100%,0,1,1,0,0,0,1
0x40286d,100%,0,2385,2385,0,0,0,2385
0x5e22bd,100%,0,6,6,0,0,0,6
0x49ee49,100%,0,36,36,0,0,0,36
0x427a45,100%,0,66,66,0,0,0,66
0x4d3f84,100%,0,6,6,0,0,0,6
0x48acd7,100%,0,21,21,0,0,0,21
0x40a524,100%,0,364,364,0,0,0,364
0x4284e1,100%,0,15,15,0,0,0,15
0x420f5a,100%,0,1,1,0,0,0,1
0x47d73f,100%,0,8,8,0,0,0,8
0x4181f2,100%,0,1,1,0,0,0,1
0x47b0e2,100%,0,1,1,1,0,0,0
0x418087,100%,0,1,1,0,0,0,1
0x464e35,100%,0,162,162,162,0,0,0
0x4671dd,100%,0,139,139,0,0,0,139
0x4671f3,100%,0,101,101,0,0,0,101
0x45fa38,100%,0,3,3,0,0,0,3
0x41892b,100%,0,1,1,0,0,0,1
0x467548,100%,0,61,61,0,0,0,61
0x49f476,100%,0,34,34,34,0,0,0
0x4d15d5,100%,0,6,6,6,0,0,0
0x421371,100%,0,1,1,0,0,0,1
0x4d7a9a,100%,0,1,1,0,0,0,1
0x469e8f,100%,0,25,25,0,0,0,25
0x427bc1,100%,0,15,15,0,0,0,15
0x47c788,100%,0,5862,5862,0,0,0,5862
0x4df3d3,100%,0,3,3,3,0,0,0
0x47bc9a,100%,0,1547,1547,0,0,0,1547
0x473a5a,100%,0,464,464,464,0,0,0
0x487b9c,100%,0,42,42,42,0,0,0
0x4842d1,100%,0,42,42,0,0,0,42
0x4c4954,100%,0,695,695,0,0,0,695
0x46f214,100%,0,47,47,0,0,0,47
0x4d1fc7,100%,0,15,15,0,0,0,15
0x46f140,100%,0,16,16,0,0,0,16
0x47823e,100%,0,21,21,0,0,0,21
0x45fe34,100%,0,6526,6526,0,0,0,6526
0x427ef3,100%,0,15,15,15,0,0,0
0x4796fa,100%,0,54,54,0,0,0,54
0x428076,100%,0,15,15,0,0,0,15
0x428625,100%,0,68,68,0,0,0,68
0x418073,100%,0,1,1,0,0,0,1
0x4ac994,100%,0,34,34,0,0,0,34
0x5f086d,100%,0,39,39,39,0,0,0
0x46ff66,100%,0,16,16,0,0,0,16
0x41d380,100%,0,16,16,0,0,0,16
0x46f25c,100%,0,16,16,0,0,0,16
0x45005b,100%,0,9,9,0,0,0,9
0x464ece,100%,0,94,94,0,0,0,94
0x4e0b11,100%,0,72,72,0,0,0,72
0x4438f0,100%,0,468,468,468,0,0,0
0x523cf2,100%,0,6,6,0,0,0,6
0x4bf78f,100%,0,12,12,0,0,0,12
0x470077,100%,0,4342,4342,0,0,0,4342
0x4ddaf2,100%,0,18,18,0,0,0,18
0x4a574c,100%,0,34,34,0,0,0,34
0x46f220,100%,0,31,31,0,0,0,31
0x4d1fcd,100%,0,15,15,0,0,0,15
0x4cb526,100%,0,521,521,521,0,0,0
0x505edc,100%,0,6,6,6,0,0,0
0x4ba82d,100%,0,932,932,0,0,0,932
0x4283cd,100%,0,15,15,15,0,0,0
0x608d43,100%,0,203,203,0,0,0,203
0x4dc975,100%,0,3,3,3,0,0,0
0x428508,100%,0,12,12,12,0,0,0
0x5f076b,100%,0,139,139,0,0,0,139
0x497a99,100%,0,3,3,0,0,0,3
0x48d930,100%,0,2,2,0,0,0,2
0x48ae2b,100%,0,21,21,21,0,0,0
0x463a88,100%,0,789,789,0,0,0,789
0x48ae23,100%,0,21,21,0,0,0,21
0x4ada13,100%,0,74,74,74,0,0,0
0x4d1fc1,100%,0,15,15,0,0,0,15
0x470358,100%,0,468,468,0,0,0,468
0x48ae1f,100%,0,21,21,0,0,0,21
0x4a448d,100%,0,37,37,0,0,0,37
0x484287,100%,0,42,42,0,0,0,42
0x608d89,100%,0,8,8,0,0,0,8
0x428205,100%,0,12,12,0,0,0,12
0x48d7d4,100%,0,2,2,2,0,0,0
0x47d6fd,100%,0,8,8,8,0,0,0
0x45a238,100%,0,15,15,0,0,0,15
0x41329f,100%,0,4,4,0,0,0,4
0x4842a6,100%,0,42,42,0,0,0,42
0x4268ec,100%,0,154,154,0,0,0,154
0x477ec2,100%,0,157,157,157,0,0,0
0x4b3418,100%,0,170,170,0,0,0,170
0x608c50,100%,0,201,201,0,0,0,201
0x46007c,100%,0,6517,6517,0,0,0,6517
0x48d8c6,100%,0,2,2,0,0,0,2
0x4799e8,100%,0,18,18,18,0,0,0
0x4840ca,100%,0,21,21,0,0,0,21
0x4cd80f,100%,0,429,429,0,0,0,429
0x48c664,100%,0,2941,2941,0,0,0,2941
0x4b8e13,100%,0,16,16,16,0,0,0
0x47baf6,100%,0,26,26,0,0,0,26
0x463146,100%,0,96,96,96,0,0,0
0x49c366,100%,0,36,36,0,0,0,36
0x46c7e8,100%,0,967,967,0,0,0,967
0x4bc7b7,100%,0,103,103,0,0,0,103
0x505e90,100%,0,6,6,6,0,0,0
0x47807a,100%,0,2724,2724,0,0,0,2724
0x47aa99,100%,0,90,90,90,0,0,0
0x45e9b6,100%,0,17,17,0,0,0,17
0x4a1360,100%,0,16,16,0,0,0,16
0x4bc1e4,100%,0,2116,2116,0,0,0,2116
0x46f794,100%,0,16,16,16,0,0,0
0x4be482,100%,0,103,103,0,0,0,103
0x459474,100%,0,3,3,0,0,0,3
0x46f569,100%,0,16,16,16,0,0,0
0x469ca3,100%,0,120,120,0,0,0,120
0x505f7c,100%,0,6,6,6,0,0,0
0x46cc91,100%,0,76,76,0,0,0,76
0x4a4416,100%,0,37,37,0,0,0,37
0x4cb5f9,100%,0,6,6,6,0,0,0
0x467258,100%,0,175,175,0,0,0,175
0x46cc1a,100%,0,76,76,0,0,0,76
0x4b9f3d,100%,0,2167,2167,2167,0,0,0
0x506041,100%,0,6,6,0,0,0,6
0x45774a,100%,0,147,147,0,0,0,147
0x46f557,100%,0,16,16,0,0,0,16
0x505f0a,100%,0,6,6,6,0,0,0
0x5d8842,100%,0,6,6,0,0,0,6
0x46ca53,100%,0,76,76,0,0,0,76
0x505efb,100%,0,6,6,6,0,0,0
0x5df81c,100%,0,3,3,3,0,0,0
0x45b25d,100%,0,33,33,33,0,0,0
0x4d5e26,100%,0,18,18,0,0,0,18
0x4a2681,100%,0,33,33,0,0,0,33
0x458d80,100%,0,29,29,0,0,0,29
0x46584a,100%,0,6,6,0,0,0,6
0x420902,100%,0,1263,1263,0,0,0,1263
0x46f4d4,100%,0,16,16,0,0,0,16
0x4beb42,100%,0,2,2,0,0,0,2
0x46f47f,100%,0,16,16,16,0,0,0
0x45ed85,100%,0,17,17,17,0,0,0
0x463b1e,100%,0,9,9,0,0,0,9
0x49f012,100%,0,17,17,17,0,0,0
0x47a297,100%,0,6,6,0,0,0,6
0x47a556,100%,0,6,6,0,0,0,6
0x4bdd68,100%,0,579,579,0,0,0,579
0x4799c3,100%,0,18,18,18,0,0,0
0x4a4b47,100%,0,17,17,0,0,0,17
0x46782a,100%,0,61,61,0,0,0,61
0x60a31b,100%,0,50,50,0,0,0,50
0x46022c,100%,0,3,3,0,0,0,3
0x4df717,100%,0,9,9,0,0,0,9
0x406bde,100%,0,54,54,0,0,0,54
0x49f147,100%,0,33,33,33,0,0,0
0x4beb83,100%,0,105,105,105,0,0,0
0x427e06,100%,0,34,34,0,0,0,34
0x4be5cb,100%,0,8,8,0,0,0,8
0x45eb95,100%,0,17,17,0,0,0,17
0x45eb9a,100%,0,17,17,17,0,0,0
0x4cd524,100%,0,1067,1067,0,0,0,1067
0x4b2346,100%,0,6,6,0,0,0,6
0x4aca82,100%,0,6,6,0,0,0,6
0x4dde73,100%,0,1,1,1,0,0,0
0x419941,100%,0,64,64,64,0,0,0
0x4b475f,100%,0,68,68,0,0,0,68
0x476bd6,100%,0,222,222,0,0,0,222
0x4dfa9c,100%,0,63,63,63,0,0,0
0x4be68d,100%,0,2,2,2,0,0,0
0x4ad9fb,100%,0,74,74,0,0,0,74
0x4aca6f,100%,0,40,40,0,0,0,40
0x45de3c,100%,0,309,309,309,0,0,0
0x458484,100%,0,11,11,11,0,0,0
0x45847a,100%,0,11,11,0,0,0,11
0x5f2d40,100%,0,2970,2970,0,0,0,2970
0x6073bd,100%,0,12,12,0,0,0,12
0x4d65f4,100%,0,1012,1012,0,0,0,1012
0x4d9236,100%,0,26,26,0,0,0,26
0x4d5c9c,100%,0,20,20,0,0,0,20
0x462d65,100%,0,136,136,0,0,0,136
0x4be85e,100%,0,12,12,12,0,0,0
0x47af68,100%,0,1,1,1,0,0,0
0x4d70a6,100%,0,1,1,0,0,0,1
0x47ae62,100%,0,1,1,1,0,0,0
0x458e4b,100%,0,18,18,0,0,0,18
0x4b0781,100%,0,378,378,378,0,0,0
0x50b0af,100%,0,2,2,0,0,0,2
0x4a3fd2,100%,0,33,33,33,0,0,0
0x4dde93,100%,0,3,3,0,0,0,3
0x5de913,100%,0,6,6,0,0,0,6
0x5fa546,100%,0,1,1,1,0,0,0
0x41822c,100%,0,66,66,0,0,0,66
0x4182fd,100%,0,2,2,0,0,0,2
0x4790a1,100%,0,210,210,0,0,0,210
0x49c768,100%,0,3,3,0,0,0,3
0x4caaed,100%,0,2309,2309,2309,0,0,0
0x47de83,100%,0,3,3,3,0,0,0
0x473a09,100%,0,464,464,0,0,0,464
0x4a8466,100%,0,18,18,0,0,0,18
0x4644de,100%,0,387,387,0,0,0,387
0x4c647e,100%,0,8,8,0,0,0,8
0x463e2e,100%,0,252,252,0,0,0,252
0x4ace4f,100%,0,34,34,0,0,0,34
0x45842c,100%,0,4,4,4,0,0,0
0x4dd451,100%,0,6,6,6,0,0,0
0x4dc1ba,100%,0,1,1,0,0,0,1
0x4a1231,100%,0,19,19,19,0,0,0
0x478bdb,100%,0,2144,2144,0,0,0,2144
0x4b16a1,100%,0,104,104,0,0,0,104
0x478bc2,100%,0,3,3,0,0,0,3
0x4ba70e,100%,0,4,4,0,0,0,4
0x41ab5b,100%,0,43,43,43,0,0,0
0x4c493d,100%,0,695,695,0,0,0,695
0x5de40e,100%,0,3,3,0,0,0,3
0x40184e,100%,0,34,34,0,0,0,34
0x633960,100%,0,6,6,0,0,0,6
0x47deb7,100%,0,3,3,0,0,0,3
0x4a52f4,100%,0,17,17,0,0,0,17
0x470448,100%,0,1,1,1,0,0,0
0x4b34e7,100%,0,68,68,68,0,0,0
0x469723,100%,0,178,178,178,0,0,0
0x4434e3,100%,0,468,468,0,0,0,468
0x4a2ffd,100%,0,16,16,0,0,0,16
0x41b643,100%,0,5,5,0,0,0,5
0x41b4a5,100%,0,5,5,5,0,0,0
0x4c1cfc,100%,0,2235,2235,2235,0,0,0
0x4a2686,100%,0,33,33,33,0,0,0
0x6099ec,100%,0,58,58,0,0,0,58
0x411769,100%,0,444,444,444,0,0,0
0x4b16cb,100%,0,32,32,32,0,0,0
0x4a123e,100%,0,16,16,0,0,0,16
0x4739f6,100%,0,464,464,0,0,0,464
0x4192ac,100%,0,43,43,43,0,0,0
0x4b5fef,100%,0,17,17,0,0,0,17
0x4b6c55,100%,0,17,17,17,0,0,0
0x608ef6,100%,0,195,195,0,0,0,195
0x450053,100%,0,9,9,0,0,0,9
0x4a35a3,100%,0,16,16,0,0,0,16
0x460744,100%,0,3,3,3,0,0,0
0x4a8659,100%,0,157,157,0,0,0,157
0x4d2126,100%,0,15,15,0,0,0,15
0x48a9d9,100%,0,21,21,0,0,0,21
0x5de4d4,100%,0,3,3,0,0,0,3
0x5ef15b,100%,0,16,16,0,0,0,16
0x48e395,100%,0,29,29,0,0,0,29
0x5f0a76,100%,0,1962,1962,0,0,0,1962
0x478711,100%,0,6,6,0,0,0,6
0x608f11,100%,0,195,195,0,0,0,195
0x4a5261,100%,0,34,34,0,0,0,34
0x608ea5,100%,0,195,195,0,0,0,195
0x427bb3,100%,0,273,273,0,0,0,273
0x608e6f,100%,0,195,195,0,0,0,195
0x48e3a1,100%,0,29,29,0,0,0,29
0x46d96c,100%,0,1139,1139,1139,0,0,0
0x4c786a,100%,0,2,2,0,0,0,2
0x460eb1,100%,0,64,64,64,0,0,0
0x47ac5a,100%,0,221,221,0,0,0,221
0x4111a5,100%,0,3,3,0,0,0,3
0x426cc5,100%,0,8,8,0,0,0,8
0x48acd2,100%,0,21,21,0,0,0,21
0x523b09,100%,0,3,3,3,0,0,0
0x4bb011,100%,0,12,12,12,0,0,0
0x608d2e,100%,0,203,203,0,0,0,203
0x45db22,100%,0,49,49,0,0,0,49
0x476538,100%,0,79,79,0,0,0,79
0x45dad6,100%,0,79,79,0,0,0,79
0x609d37,100%,0,52,52,0,0,0,52
0x48ab84,100%,0,42,42,42,0,0,0
0x49cc08,100%,0,569,569,0,0,0,569
0x5de62f,100%,0,3,3,0,0,0,3
0x4570e0,100%,0,456,456,456,0,0,0
0x4675ab,100%,0,61,61,0,0,0,61
0x497aea,100%,0,3,3,3,0,0,0
0x48c100,100%,0,103,103,103,0,0,0
0x45e401,100%,0,4,4,4,0,0,0
0x5ef827,100%,0,2,2,0,0,0,2
0x46cccc,100%,0,76,76,0,0,0,76
0x41b9c4,100%,0,5,5,0,0,0,5
0x49d2af,100%,0,34,34,34,0,0,0
0x45b3b0,100%,0,4,4,0,0,0,4
0x421e92,100%,0,7,7,7,0,0,0
0x46d65b,100%,0,306,306,0,0,0,306
0x60a028,100%,0,27,27,0,0,0,27
0x428640,100%,0,68,68,0,0,0,68
0x428aa4,100%,0,468,468,0,0,0,468
0x4d3ee6,100%,0,27,27,0,0,0,27
0x45e1e5,100%,0,2,2,0,0,0,2
0x4d6f19,100%,0,3,3,0,0,0,3
0x459cf1,100%,0,129,129,0,0,0,129
0x4a8977,100%,0,36,36,0,0,0,36
0x4185a9,100%,0,2,2,0,0,0,2
0x4a51ea,100%,0,20,20,20,0,0,0
0x4cb4ce,100%,0,6150,6150,0,0,0,6150
0x608df1,100%,0,195,195,0,0,0,195
0x60a98e,100%,0,4,4,4,0,0,0
0x5f0979,100%,0,61,61,0,0,0,61
0x47ccd2,100%,0,39,39,0,0,0,39
0x45ab7e,100%,0,252,252,0,0,0,252
0x49eb62,100%,0,100,100,100,0,0,0
0x49edbf,100%,0,34,34,0,0,0,34
0x48d890,100%,0,2,2,0,0,0,2
0x49cca3,100%,0,2263,2263,0,0,0,2263
0x4b59e3,100%,0,17,17,0,0,0,17
0x49bc41,100%,0,3,3,0,0,0,3
0x45dc7c,100%,0,8,8,8,0,0,0
0x48c25d,100%,0,478,478,0,0,0,478
0x4786c6,100%,0,6,6,0,0,0,6
0x41b9c8,100%,0,5,5,0,0,0,5
0x497aa6,100%,0,3,3,3,0,0,0
0x4bdfc3,100%,0,1,1,1,0,0,0
0x467af6,100%,0,30,30,0,0,0,30
0x45f14f,100%,0,8,8,8,0,0,0
0x4584a0,100%,0,11,11,0,0,0,11
0x4cc346,100%,0,29,29,29,0,0,0
0x45e5e4,100%,0,2,2,0,0,0,2
0x467900,100%,0,12,12,12,0,0,0
0x41465e,100%,0,3,3,0,0,0,3
0x4dc0ed,100%,0,97,97,0,0,0,97
0x4b4417,100%,0,34,34,0,0,0,34
0x4d3ede,100%,0,27,27,0,0,0,27
0x411338,100%,0,468,468,0,0,0,468
0x45f30d,100%,0,8,8,0,0,0,8
0x4b3e8c,100%,0,34,34,34,0,0,0
0x4beb9d,100%,0,103,103,0,0,0,103
0x45dd16,100%,0,8,8,0,0,0,8
0x4b08f9,100%,0,378,378,378,0,0,0
0x4d91fa,100%,0,26,26,0,0,0,26
0x418201,100%,0,1,1,0,0,0,1
0x414fe4,100%,0,429,429,0,0,0,429
0x4ace6b,100%,0,34,34,34,0,0,0
0x4a1252,100%,0,16,16,0,0,0,16
0x45dd38,100%,0,8,8,8,0,0,0
0x4172d1,100%,0,134,134,0,0,0,134
0x40272c,100%,0,252,252,252,0,0,0
0x45b493,100%,0,29,29,29,0,0,0
0x41a55d,100%,0,4783,4783,0,0,0,4783
0x469686,100%,0,429,429,0,0,0,429
0x45de0c,100%,0,309,309,309,0,0,0
0x4996ae,100%,0,629,629,0,0,0,629
0x4d90c3,100%,0,96,96,0,0,0,96
0x48dc40,100%,0,3,3,0,0,0,3
0x5ded22,100%,0,12,12,0,0,0,12
0x4073d2,100%,0,33,33,0,0,0,33
0x4d1c29,100%,0,36,36,0,0,0,36
0x46d140,100%,0,1139,1139,0,0,0,1139
0x48c0bb,100%,0,103,103,0,0,0,103
0x467b8b,100%,0,30,30,0,0,0,30
0x50b0d9,100%,0,2,2,0,0,0,2
0x427e00,100%,0,34,34,0,0,0,34
0x462b76,100%,0,12,12,0,0,0,12
0x4214ef,100%,0,19,19,0,0,0,19
0x497a30,100%,0,3,3,0,0,0,3
0x46d6d5,100%,0,127,127,0,0,0,127
0x420c71,100%,0,55,55,0,0,0,55
0x4bbbc0,100%,0,112,112,0,0,0,112
0x420935,100%,0,1263,1263,0,0,0,1263
0x4deb1d,100%,0,15,15,15,0,0,0
0x5f7bfd,100%,0,21,21,0,0,0,21
0x4210cc,100%,0,28,28,0,0,0,28
0x498c95,100%,0,1212,1212,0,0,0,1212
0x498c5c,100%,0,1212,1212,0,0,0,1212
0x5d862c,100%,0,6,6,0,0,0,6
0x60988b,100%,0,3,3,0,0,0,3
0x498c9b,100%,0,1234,1234,0,0,0,1234
0x47ceb8,100%,0,39,39,39,0,0,0
0x5f9417,100%,0,21,21,0,0,0,21
0x4cabbd,100%,0,3,3,3,0,0,0
0x4deacd,100%,0,27,27,27,0,0,0
0x4df45a,100%,0,21,21,21,0,0,0
0x4a5ef1,100%,0,17,17,0,0,0,17
0x445b74,100%,0,234,234,0,0,0,234
0x4b6a39,100%,0,17,17,0,0,0,17
0x4df8a1,100%,0,63,63,0,0,0,63
0x424015,100%,0,12,12,0,0,0,12
0x445b06,100%,0,468,468,0,0,0,468
0x4a70d5,100%,0,34,34,0,0,0,34
0x445a9a,100%,0,468,468,0,0,0,468
0x60a218,100%,0,236,236,0,0,0,236
0x46529f,100%,0,75,75,75,0,0,0
0x426cbe,100%,0,8,8,0,0,0,8
0x426e27,100%,0,16,16,0,0,0,16
0x498334,100%,0,3,3,0,0,0,3
0x426d08,100%,0,8,8,0,0,0,8
0x4de90a,100%,0,3,3,3,0,0,0
0x5de53b,100%,0,3,3,0,0,0,3
0x49833e,100%,0,3,3,0,0,0,3
0x50b0cf,100%,0,2,2,0,0,0,2
0x422eb8,100%,0,1,1,1,0,0,0
0x5de92e,100%,0,3,3,0,0,0,3
0x5de512,100%,0,3,3,0,0,0,3
0x420b0f,100%,0,1319,1319,0,0,0,1319
0x4761ed,100%,0,6,6,0,0,0,6
0x47c0c5,100%,0,231,231,0,0,0,231
0x45fcdf,100%,0,3,3,0,0,0,3
0x410f4c,100%,0,3,3,0,0,0,3
0x5de6e8,100%,0,6,6,0,0,0,6
0x428a7b,100%,0,468,468,0,0,0,468
0x49c80a,100%,0,34,34,0,0,0,34
0x5de442,100%,0,3,3,0,0,0,3
0x45dbd2,100%,0,8,8,8,0,0,0
0x4e099d,100%,0,51,51,0,0,0,51
0x41b63b,100%,0,5,5,0,0,0,5
0x5ef1ad,100%,0,446,446,0,0,0,446
0x412e23,100%,0,36,36,0,0,0,36
0x427fe5,100%,0,18,18,0,0,0,18
0x4cc846,100%,0,28,28,0,0,0,28
0x48d33d,100%,0,3,3,0,0,0,3
0x5ee889,100%,0,154,154,0,0,0,154
0x4d73c3,100%,0,2,2,2,0,0,0
0x4d740b,100%,0,2,2,2,0,0,0
0x45ab4b,100%,0,252,252,0,0,0,252
0x4d0799,100%,0,154,154,0,0,0,154
0x4d7401,100%,0,2,2,0,0,0,2
0x4b9580,100%,0,7658,7658,7658,0,0,0
0x458e99,100%,0,5,5,5,0,0,0
0x4d73ba,100%,0,2,2,2,0,0,0
0x4d739a,100%,0,2,2,0,0,0,2
0x462faa,100%,0,96,96,0,0,0,96
0x478c54,100%,0,2144,2144,2144,0,0,0
0x4d738e,100%,0,2,2,0,0,0,2
0x4c44ee,100%,0,2585,2585,2585,0,0,0
0x4d865b,100%,0,2,2,0,0,0,2
0x479fc4,100%,0,161,161,0,0,0,161
0x47a05f,100%,0,161,161,0,0,0,161
0x4a4297,100%,0,20,20,0,0,0,20
0x5ef7a4,100%,0,8,8,0,0,0,8
0x42152d,100%,0,8,8,0,0,0,8
0x4b8c1a,100%,0,140,140,0,0,0,140
0x4b8bea,100%,0,140,140,0,0,0,140
0x5fa4d2,100%,0,1,1,0,0,0,1
0x4d0ad7,100%,0,21,21,0,0,0,21
0x47b068,100%,0,8,8,0,0,0,8
0x42407b,100%,0,12,12,0,0,0,12
0x608ec0,100%,0,195,195,0,0,0,195
0x4a526f,100%,0,34,34,34,0,0,0
0x47decc,100%,0,3,3,0,0,0,3
0x4a8503,100%,0,32,32,0,0,0,32
0x4d6d76,100%,0,33,33,33,0,0,0
0x47a09b,100%,0,161,161,0,0,0,161
0x4acbf2,100%,0,34,34,34,0,0,0
0x60a53b,100%,0,39,39,0,0,0,39
0x608c20,100%,0,210,210,0,0,0,210
0x457761,100%,0,147,147,0,0,0,147
0x460e4b,100%,0,32,32,0,0,0,32
0x4d8e3c,100%,0,20,20,0,0,0,20
0x4d8e45,100%,0,20,20,0,0,0,20
0x47876e,100%,0,6,6,0,0,0,6
0x609a8b,100%,0,3,3,0,0,0,3
0x4ad1da,100%,0,17,17,0,0,0,17
0x4b0860,100%,0,34,34,0,0,0,34
0x45e0ce,100%,0,4,4,0,0,0,4
0x45e095,100%,0,4,4,0,0,0,4
0x406f7b,100%,0,11,11,0,0,0,11
0x45e075,100%,0,4,4,0,0,0,4
0x45e065,100%,0,4,4,0,0,0,4
0x4ba002,100%,0,57,57,0,0,0,57
0x45ac2f,100%,0,3,3,0,0,0,3
0x45e046,100%,0,4,4,0,0,0,4
0x45d9a5,100%,0,22,22,22,0,0,0
0x4704f3,100%,0,1,1,1,0,0,0
0x460d1a,100%,0,32,32,0,0,0,32
0x46778b,100%,0,61,61,61,0,0,0
0x4dde53,100%,0,1,1,0,0,0,1
0x48ddf2,100%,0,2,2,2,0,0,0
0x4de302,100%,0,3,3,0,0,0,3
0x5f1db3,100%,0,35,35,0,0,0,35
0x45f16f,100%,0,8,8,8,0,0,0
0x45e03f,100%,0,4,4,0,0,0,4
0x47056a,100%,0,1,1,0,0,0,1
0x47829b,100%,0,753,753,0,0,0,753
0x478250,100%,0,753,753,0,0,0,753
0x6094f3,100%,0,3,3,0,0,0,3
0x4b6e75,100%,0,17,17,0,0,0,17
0x45e1ba,100%,0,2,2,0,0,0,2
0x4982d4,100%,0,3,3,0,0,0,3
0x47933a,100%,0,1508,1508,0,0,0,1508
0x427498,100%,0,3,3,0,0,0,3
0x4a30ba,100%,0,33,33,0,0,0,33
0x5f315c,100%,0,2659,2659,0,0,0,2659
0x4534b6,100%,0,9,9,0,0,0,9
0x459808,100%,0,1,1,0,0,0,1
0x5f3103,100%,0,2659,2659,0,0,0,2659
0x4437fc,100%,0,468,468,0,0,0,468
0x4438e7,100%,0,468,468,0,0,0,468
0x5e48e2,100%,0,6,6,0,0,0,6
0x46cdba,100%,0,3,3,0,0,0,3
0x4b9732,100%,0,103,103,103,0,0,0
0x45e652,100%,0,2,2,0,0,0,2
0x45e445,100%,0,4,4,4,0,0,0
0x45e3eb,100%,0,4,4,4,0,0,0
0x4d3e20,100%,0,9,9,9,0,0,0
0x4a3acc,100%,0,17,17,0,0,0,17
0x4cbd2c,100%,0,46,46,0,0,0,46
0x443632,100%,0,468,468,0,0,0,468
0x478f14,100%,0,965,965,0,0,0,965
0x4a883b,100%,0,33,33,0,0,0,33
0x45f9e8,100%,0,3,3,0,0,0,3
0x45b710,100%,0,894,894,0,0,0,894
0x608bb1,100%,0,309,309,0,0,0,309
0x608c0b,100%,0,210,210,0,0,0,210
0x419933,100%,0,64,64,0,0,0,64
0x5facd4,100%,0,3,3,0,0,0,3
0x4d403b,100%,0,141,141,0,0,0,141
0x47dd5d,100%,0,2399,2399,0,0,0,2399
0x4c3f15,100%,0,107,107,107,0,0,0
0x4706f8,100%,0,1,1,0,0,0,1
0x45c289,100%,0,69,69,0,0,0,69
0x5dec6d,100%,0,6,6,6,0,0,0
0x41d36d,100%,0,16,16,0,0,0,16
0x4593be,100%,0,15,15,0,0,0,15
0x5dec09,100%,0,6,6,0,0,0,6
0x5dec01,100%,0,6,6,0,0,0,6
0x5df63e,100%,0,6,6,6,0,0,0
0x47a825,100%,0,4,4,0,0,0,4
0x47019d,100%,0,468,468,468,0,0,0
0x427ec3,100%,0,15,15,0,0,0,15
0x5deb08,100%,0,6,6,0,0,0,6
0x5de4c6,100%,0,3,3,0,0,0,3
0x47bb4f,100%,0,4,4,4,0,0,0
0x465882,100%,0,85,85,0,0,0,85
0x421315,100%,0,1,1,0,0,0,1
0x469876,100%,0,200,200,200,0,0,0
0x41815a,100%,0,1,1,0,0,0,1
0x46cc22,100%,0,76,76,0,0,0,76
0x4ad21c,100%,0,17,17,0,0,0,17
0x5d8d41,100%,0,6,6,0,0,0,6
0x4a4372,100%,0,37,37,0,0,0,37
0x48bc3a,100%,0,529,529,529,0,0,0
0x45b5ad,100%,0,21,21,0,0,0,21
0x5fa2d7,100%,0,23,23,0,0,0,23
0x476c68,100%,0,222,222,0,0,0,222
0x5dd25f,100%,0,6,6,6,0,0,0
0x47c2a8,100%,0,30,30,0,0,0,30
0x5dd24c,100%,0,6,6,0,0,0,6
0x633886,100%,0,51,51,0,0,0,51
0x458a36,100%,0,40,40,0,0,0,40
0x4b9b4f,100%,0,44,44,0,0,0,44
0x4d7ef8,100%,0,471,471,0,0,0,471
0x5df8b0,100%,0,6,6,0,0,0,6
0x5df2cd,100%,0,6,6,0,0,0,6
0x5fad26,100%,0,3,3,3,0,0,0
0x479093,100%,0,210,210,0,0,0,210
0x49ee99,100%,0,16,16,16,0,0,0
0x4ac9cb,100%,0,34,34,0,0,0,34
0x5de5fe,100%,0,6,6,0,0,0,6
0x633429,100%,0,9,9,9,0,0,0
0x5d863f,100%,0,6,6,0,0,0,6
0x6073e1,100%,0,12,12,0,0,0,12
0x5df7e4,100%,0,3,3,0,0,0,3
0x408edf,100%,0,24,24,24,0,0,0
0x459396,100%,0,15,15,0,0,0,15
0x45a01f,100%,0,18,18,0,0,0,18
0x5df4ad,100%,0,3,3,3,0,0,0
0x4c7a94,100%,0,559,559,0,0,0,559
0x63387a,100%,0,57,57,0,0,0,57
0x4706ef,100%,0,1,1,0,0,0,1
0x463136,100%,0,96,96,0,0,0,96
0x4d0e39,100%,0,982,982,0,0,0,982
0x411749,100%,0,444,444,0,0,0,444
0x4d7d69,100%,0,1,1,0,0,0,1
0x6334f6,100%,0,3,3,0,0,0,3
0x47cab5,100%,0,3808,3808,0,0,0,3808
0x5dcf3d,100%,0,6,6,6,0,0,0
0x47673a,100%,0,67,67,0,0,0,67
0x48c3c8,100%,0,189,189,0,0,0,189
0x462fed,100%,0,96,96,0,0,0,96
0x5ddd5f,100%,0,6,6,0,0,0,6
0x406ba8,100%,0,54,54,0,0,0,54
0x48cd7f,100%,0,533,533,0,0,0,533
0x45fcc9,100%,0,3,3,0,0,0,3
0x48e574,100%,0,8,8,0,0,0,8
0x5ded6c,100%,0,6,6,6,0,0,0
0x4b69ec,100%,0,17,17,17,0,0,0
0x4a8707,100%,0,157,157,0,0,0,157
0x4ba7d1,100%,0,1088,1088,0,0,0,1088
0x4182c7,100%,0,65,65,0,0,0,65
0x5de979,100%,0,6,6,0,0,0,6
0x5f154f,100%,0,32,32,0,0,0,32
0x4b8daf,100%,0,14300,14300,0,0,0,14300
0x41b69e,100%,0,126,126,126,0,0,0
0x5de908,100%,0,6,6,0,0,0,6
0x4698f6,100%,0,629,629,0,0,0,629
0x48e38b,100%,0,29,29,0,0,0,29
0x4acf54,100%,0,34,34,0,0,0,34
0x606939,100%,0,46,46,0,0,0,46
0x4ba35a,100%,0,3045,3045,0,0,0,3045
0x5df5a7,100%,0,3,3,0,0,0,3
0x5de808,100%,0,3,3,3,0,0,0
0x5d8615,100%,0,6,6,6,0,0,0
0x4d8561,100%,0,2,2,0,0,0,2
0x4a3ae8,100%,0,17,17,17,0,0,0
0x4112c1,100%,0,468,468,468,0,0,0
0x46d66d,100%,0,306,306,0,0,0,306
0x4bc7dc,100%,0,3199,3199,3199,0,0,0
0x41129e,100%,0,936,936,0,0,0,936
0x4a2ab1,100%,0,83,83,0,0,0,83
0x45aba9,100%,0,252,252,0,0,0,252
0x5de4b6,100%,0,3,3,0,0,0,3
0x4a28a1,100%,0,83,83,0,0,0,83
0x4784cf,100%,0,325,325,0,0,0,325
0x4bb909,100%,0,72,72,72,0,0,0
0x48e380,100%,0,29,29,0,0,0,29
0x4214f3,100%,0,19,19,0,0,0,19
0x41d391,100%,0,16,16,0,0,0,16
0x4d3e09,100%,0,36,36,36,0,0,0
0x4bb501,100%,0,289,289,289,0,0,0
0x523c2c,100%,0,6,6,0,0,0,6
0x608d7a,100%,0,8,8,0,0,0,8
0x46f4cb,100%,0,16,16,0,0,0,16
0x427961,100%,0,273,273,0,0,0,273
0x4b90a9,100%,0,19288,19288,19288,0,0,0
0x5ef819,100%,0,2,2,0,0,0,2
0x4658f7,100%,0,85,85,85,0,0,0
0x5df34b,100%,0,6,6,0,0,0,6
0x445947,100%,0,468,468,468,0,0,0
0x47383b,100%,0,464,464,464,0,0,0
0x44329a,100%,0,468,468,0,0,0,468
0x4dca4c,100%,0,6853,6853,6853,0,0,0
0x44599d,100%,0,468,468,0,0,0,468
0x4d7d80,100%,0,1,1,1,0,0,0
0x47032c,100%,0,468,468,0,0,0,468
0x4dca07,100%,0,3,3,0,0,0,3
0x4ce43b,100%,0,1,1,0,0,0,1
0x4dff55,100%,0,72,72,72,0,0,0
0x408b58,100%,0,5,5,5,0,0,0
0x4701c9,100%,0,468,468,0,0,0,468
0x48af9d,100%,0,21,21,0,0,0,21
0x46d0cc,100%,0,1477,1477,0,0,0,1477
0x4cce62,100%,0,1799,1799,0,0,0,1799
0x445889,100%,0,468,468,0,0,0,468
0x4c4e46,100%,0,2054,2054,0,0,0,2054
0x411474,100%,0,468,468,0,0,0,468
0x411344,100%,0,468,468,0,0,0,468
0x4e0e28,100%,0,6,6,0,0,0,6
0x41133e,100%,0,468,468,0,0,0,468
0x4a3a46,100%,0,34,34,0,0,0,34
0x414993,100%,0,3,3,0,0,0,3
0x5dd900,100%,0,9,9,9,0,0,0
0x5de7e4,100%,0,3,3,3,0,0,0
0x4deca3,100%,0,15,15,0,0,0,15
0x457206,100%,0,1605,1605,0,0,0,1605
0x5de7d8,100%,0,3,3,0,0,0,3
0x4df132,100%,0,24,24,0,0,0,24
0x47bae5,100%,0,26,26,0,0,0,26
0x5ded63,100%,0,6,6,0,0,0,6
0x4d26f9,100%,0,118,118,0,0,0,118
0x4e06a4,100%,0,51,51,51,0,0,0
0x4e0fbf,100%,0,18,18,18,0,0,0
0x4b6e44,100%,0,17,17,17,0,0,0
0x4994b4,100%,0,629,629,0,0,0,629
0x5de767,100%,0,3,3,0,0,0,3
0x4d967e,100%,0,26,26,0,0,0,26
0x5df773,100%,0,3,3,0,0,0,3
0x49c361,100%,0,36,36,0,0,0,36
0x4e1571,100%,0,33,33,0,0,0,33
0x4c6004,100%,0,9,9,0,0,0,9
0x4bbae9,100%,0,112,112,112,0,0,0
0x4cd883,100%,0,429,429,429,0,0,0
0x4dfb96,100%,0,3,3,0,0,0,3
0x4d8b80,100%,0,126,126,126,0,0,0
0x40702a,100%,0,10,10,0,0,0,10
0x48aac7,100%,0,21,21,21,0,0,0
0x4df9ba,100%,0,63,63,63,0,0,0
0x418588,100%,0,2,2,0,0,0,2
0x47c078,100%,0,30,30,0,0,0,30
0x4781e8,100%,0,21,21,0,0,0,21
0x4a63b6,100%,0,19,19,0,0,0,19
0x4e0b42,100%,0,33,33,0,0,0,33
0x408c9c,100%,0,98,98,0,0,0,98
0x4e0b52,100%,0,33,33,33,0,0,0
0x4abde4,100%,0,20,20,0,0,0,20
0x4d59ec,100%,0,8,8,0,0,0,8
0x48429f,100%,0,42,42,0,0,0,42
0x4e17a8,100%,0,33,33,0,0,0,33
0x4e17ad,100%,0,33,33,33,0,0,0
0x4d5e53,100%,0,18,18,0,0,0,18
0x4e2c34,100%,0,27,27,0,0,0,27
0x5de9c7,100%,0,3,3,0,0,0,3
0x4a2503,100%,0,50,50,50,0,0,0
0x5dee8f,100%,0,3,3,0,0,0,3
0x408eee,100%,0,24,24,24,0,0,0
0x4dac96,100%,0,568,568,568,0,0,0
0x5dee7a,100%,0,3,3,0,0,0,3
0x412e2f,100%,0,36,36,36,0,0,0
0x4d79d8,100%,0,8,8,0,0,0,8
0x4a3fbc,100%,0,83,83,0,0,0,83
0x414a24,100%,0,37,37,37,0,0,0
0x41497d,100%,0,40,40,0,0,0,40
0x4a723d,100%,0,37,37,0,0,0,37
0x4136a0,100%,0,40,40,0,0,0,40
0x4b99fe,100%,0,733,733,0,0,0,733
0x457dcc,100%,0,255,255,0,0,0,255
0x490ebc,100%,0,1,1,1,0,0,0
0x4a88f7,100%,0,70,70,0,0,0,70
0x420917,100%,0,1263,1263,0,0,0,1263
0x4c52cf,100%,0,1,1,0,0,0,1
0x476e48,100%,0,4442,4442,0,0,0,4442
0x44384f,100%,0,468,468,468,0,0,0
0x412e0a,100%,0,40,40,0,0,0,40
0x4a305f,100%,0,33,33,0,0,0,33
0x4a2f8d,100%,0,33,33,0,0,0,33
0x4a4530,100%,0,17,17,0,0,0,17
0x4be450,100%,0,103,103,0,0,0,103
0x48bd24,100%,0,529,529,0,0,0,529
0x4beb5a,100%,0,2,2,2,0,0,0
0x4a8bee,100%,0,36,36,0,0,0,36
0x413ae9,100%,0,3,3,3,0,0,0
0x45a6ee,100%,0,81,81,81,0,0,0
0x4c3ec7,100%,0,107,107,0,0,0,107
0x47dd68,100%,0,2399,2399,0,0,0,2399
0x45aa18,100%,0,81,81,81,0,0,0
0x512382,100%,0,80,80,0,0,0,80
0x4deaee,100%,0,27,27,0,0,0,27
0x5f1d4d,100%,0,2970,2970,0,0,0,2970
0x463a6a,100%,0,789,789,0,0,0,789
0x45a86d,100%,0,80,80,0,0,0,80
0x45a83d,100%,0,80,80,0,0,0,80
0x4a3eb9,100%,0,16,16,0,0,0,16
0x465842,100%,0,6,6,0,0,0,6
0x4a2984,100%,0,83,83,0,0,0,83
0x48e599,100%,0,8,8,0,0,0,8
0x4996d6,100%,0,629,629,0,0,0,629
0x44fea4,100%,0,9,9,0,0,0,9
0x45a6a8,100%,0,81,81,81,0,0,0
0x45a5f9,100%,0,81,81,81,0,0,0
0x4ca82c,100%,0,691,691,0,0,0,691
0x4a6faa,100%,0,153,153,0,0,0,153
0x4a6fb7,100%,0,153,153,0,0,0,153
0x4a3df7,100%,0,67,67,0,0,0,67
0x4a3de9,100%,0,67,67,0,0,0,67
0x46980a,100%,0,429,429,0,0,0,429
0x50f9cf,100%,0,19,19,19,0,0,0
0x4a8a80,100%,0,34,34,0,0,0,34
0x4d7e53,100%,0,471,471,0,0,0,471
0x49b8ec,100%,0,19,19,0,0,0,19
0x4dda87,100%,0,18,18,0,0,0,18
0x4c529e,100%,0,1,1,0,0,0,1
0x408df6,100%,0,24,24,0,0,0,24
0x4c528c,100%,0,1,1,0,0,0,1
0x4a5c70,100%,0,34,34,34,0,0,0
0x609bf0,100%,0,1,1,0,0,0,1
0x4a5c4c,100%,0,34,34,0,0,0,34
0x4ddae2,100%,0,18,18,0,0,0,18
0x50f868,100%,0,19,19,0,0,0,19
0x4b6bb0,100%,0,17,17,0,0,0,17
0x4a8aba,100%,0,34,34,0,0,0,34
0x4bdeec,100%,0,16,16,0,0,0,16
0x50f873,100%,0,19,19,19,0,0,0
0x407994,100%,0,10,10,0,0,0,10
0x45a24a,100%,0,15,15,0,0,0,15
0x4a39c7,100%,0,34,34,0,0,0,34
0x4d7a83,100%,0,1,1,1,0,0,0
0x48d8ee,100%,0,2,2,0,0,0,2
0x4a30d3,100%,0,17,17,17,0,0,0
0x41807b,100%,0,1,1,0,0,0,1
0x608d58,100%,0,203,203,0,0,0,203
0x4a28ec,100%,0,83,83,0,0,0,83
0x44feb5,100%,0,9,9,0,0,0,9
0x4d6f4a,100%,0,3,3,0,0,0,3
0x608edb,100%,0,195,195,0,0,0,195
0x5f7c1a,100%,0,21,21,0,0,0,21
0x4a27aa,100%,0,33,33,0,0,0,33
0x47874d,100%,0,6,6,0,0,0,6
0x5ef796,100%,0,8,8,0,0,0,8
0x4a89bb,100%,0,70,70,0,0,0,70
0x4a63cd,100%,0,19,19,19,0,0,0
0x47c8d5,100%,0,3,3,3,0,0,0
0x4629fe,100%,0,1,1,1,0,0,0
0x4ddb8f,100%,0,18,18,0,0,0,18
0x4cc766,100%,0,20,20,0,0,0,20
0x44365b,100%,0,468,468,0,0,0,468
0x4a8aef,100%,0,34,34,0,0,0,34
0x46f2c7,100%,0,31,31,0,0,0,31
0x4ddb77,100%,0,18,18,0,0,0,18
0x49e9aa,100%,0,34,34,34,0,0,0
0x5ed2b6,100%,0,6,6,6,0,0,0
0x4a3588,100%,0,16,16,0,0,0,16
0x4cc7fd,100%,0,20,20,0,0,0,20
0x46742b,100%,0,91,91,91,0,0,0
0x4d80a0,100%,0,468,468,0,0,0,468
0x462b7b,100%,0,12,12,0,0,0,12
0x45f945,100%,0,3,3,0,0,0,3
0x428a94,100%,0,468,468,0,0,0,468
0x4b171c,100%,0,16,16,0,0,0,16
0x4d8abf,100%,0,468,468,0,0,0,468
0x4b03b4,100%,0,104,104,0,0,0,104
0x4782c6,100%,0,753,753,0,0,0,753
0x443919,100%,0,468,468,468,0,0,0
0x41a48f,100%,0,7229,7229,0,0,0,7229
0x5eecb8,100%,0,7,7,0,0,0,7
0x44383c,100%,0,468,468,0,0,0,468
0x40a570,100%,0,364,364,0,0,0,364
0x458d36,100%,0,29,29,29,0,0,0
0x478fc7,100%,0,44,44,44,0,0,0
0x478fb7,100%,0,44,44,0,0,0,44
0x478fa2,100%,0,41,41,0,0,0,41
0x509556,100%,0,30,30,0,0,0,30
0x609dc7,100%,0,29,29,0,0,0,29
0x443805,100%,0,468,468,468,0,0,0
0x4d9258,100%,0,26,26,0,0,0,26
0x460775,100%,0,3,3,0,0,0,3
0x470886,100%,0,1,1,0,0,0,1
0x4c8c03,100%,0,17,17,17,0,0,0
0x478994,100%,0,6,6,0,0,0,6
0x47877b,100%,0,6,6,0,0,0,6
0x450121,100%,0,9,9,0,0,0,9
0x633416,100%,0,9,9,0,0,0,9
0x4673c6,100%,0,91,91,91,0,0,0
0x45aaee,100%,0,252,252,0,0,0,252
0x4d0a25,100%,0,21,21,21,0,0,0
0x47ac62,100%,0,221,221,0,0,0,221
0x4d70ae,100%,0,1,1,0,0,0,1
0x4535d6,100%,0,9,9,9,0,0,0
0x4d9605,100%,0,26,26,0,0,0,26
0x4bbd96,100%,0,2184,2184,0,0,0,2184
0x453583,100%,0,9,9,0,0,0,9
0x4c663c,100%,0,248,248,248,0,0,0
0x453562,100%,0,9,9,0,0,0,9
0x4a7020,100%,0,34,34,0,0,0,34
0x453508,100%,0,9,9,0,0,0,9
0x44feac,100%,0,9,9,0,0,0,9
0x421535,100%,0,8,8,8,0,0,0
0x4583e6,100%,0,9,9,9,0,0,0
0x418114,100%,0,1,1,0,0,0,1
0x4d8e4e,100%,0,20,20,20,0,0,0
0x4703c9,100%,0,468,468,0,0,0,468
0x4a8b95,100%,0,36,36,0,0,0,36
0x48ba93,100%,0,339,339,0,0,0,339
0x460ef8,100%,0,64,64,0,0,0,64
0x413a5c,100%,0,3,3,0,0,0,3
0x4d59fc,100%,0,8,8,0,0,0,8
0x48d6ea,100%,0,6253,6253,6253,0,0,0
0x5d8b35,100%,0,6,6,0,0,0,6
0x457f17,100%,0,24,24,0,0,0,24
0x49b844,100%,0,36,36,36,0,0,0
0x45dffa,100%,0,4,4,0,0,0,4
0x47c892,100%,0,14,14,0,0,0,14
0x450165,100%,0,9,9,0,0,0,9
0x406cf7,100%,0,33,33,33,0,0,0
0x4767b6,100%,0,3,3,0,0,0,3
0x47677a,100%,0,3,3,0,0,0,3
0x5df5bc,100%,0,3,3,0,0,0,3
0x476762,100%,0,3,3,0,0,0,3
0x4bb008,100%,0,12,12,0,0,0,12
0x47dd8c,100%,0,12,12,12,0,0,0
0x40174a,100%,0,733,733,0,0,0,733
0x4bd3fd,100%,0,41,41,0,0,0,41
0x4d8a3c,100%,0,26,26,0,0,0,26
0x458e55,100%,0,18,18,0,0,0,18
0x443775,100%,0,702,702,702,0,0,0
0x48d145,100%,0,3,3,3,0,0,0
0x4435ea,100%,0,468,468,0,0,0,468
0x48be36,100%,0,529,529,0,0,0,529
0x5d874b,100%,0,6,6,6,0,0,0
0x46cf19,100%,0,496,496,0,0,0,496
0x50fa20,100%,0,19,19,0,0,0,19
0x5dcd03,100%,0,6,6,6,0,0,0
0x50b00b,100%,0,111,111,0,0,0,111
0x48bb72,100%,0,339,339,0,0,0,339
0x476840,100%,0,613,613,0,0,0,613
0x428aaa,100%,0,468,468,0,0,0,468
0x4cc745,100%,0,9,9,0,0,0,9
0x4e2b97,100%,0,72,72,72,0,0,0
0x417ff2,100%,0,2874,2874,0,0,0,2874
0x608c65,100%,0,201,201,0,0,0,201
0x4d8d30,100%,0,20,20,0,0,0,20
0x4703cd,100%,0,468,468,468,0,0,0
0x48bacb,100%,0,339,339,0,0,0,339
0x49f56a,100%,0,34,34,34,0,0,0
0x458e17,100%,0,20,20,0,0,0,20
0x50fc92,100%,0,1352,1352,0,0,0,1352
0x609c0b,100%,0,7,7,0,0,0,7
0x49e6eb,100%,0,34,34,0,0,0,34
0x499f6f,100%,0,36,36,0,0,0,36
0x49e6de,100%,0,34,34,0,0,0,34
0x418216,100%,0,1,1,0,0,0,1
0x4acb33,100%,0,34,34,0,0,0,34
0x4ad7f7,100%,0,34,34,34,0,0,0
0x464df9,100%,0,162,162,0,0,0,162
0x4649ca,100%,0,15,15,0,0,0,15
0x464927,100%,0,15,15,0,0,0,15
0x498a74,100%,0,23,23,0,0,0,23
0x4dc1c3,100%,0,1,1,0,0,0,1
0x45b7f0,100%,0,12,12,12,0,0,0
0x5de936,100%,0,3,3,0,0,0,3
0x4431fd,100%,0,468,468,468,0,0,0
0x4996ca,100%,0,629,629,0,0,0,629
0x608e06,100%,0,195,195,0,0,0,195
0x609f77,100%,0,13,13,0,0,0,13
0x4c4073,100%,0,1111,1111,0,0,0,1111
0x4274cd,100%,0,12,12,0,0,0,12
0x4b5b19,100%,0,34,34,34,0,0,0
0x4a57c3,100%,0,17,17,0,0,0,17
0x465832,100%,0,6,6,0,0,0,6
0x4b0476,100%,0,34,34,0,0,0,34
0x4573cf,100%,0,114,114,114,0,0,0
0x4d7d72,100%,0,1,1,0,0,0,1
0x412b5d,100%,0,43,43,0,0,0,43
0x49c2ab,100%,0,36,36,36,0,0,0
0x46af3e,100%,0,15,15,0,0,0,15
0x4b8ae6,100%,0,66,66,66,0,0,0
0x41878d,100%,0,1,1,1,0,0,0
0x4b0965,100%,0,34,34,34,0,0,0
0x50955d,100%,0,30,30,0,0,0,30
0x498a50,100%,0,20,20,0,0,0,20
0x4a898e,100%,0,70,70,0,0,0,70
0x46ca04,100%,0,1492,1492,0,0,0,1492
0x49ed82,100%,0,34,34,34,0,0,0
0x46cc30,100%,0,76,76,76,0,0,0
0x443681,100%,0,468,468,468,0,0,0
0x609ebb,100%,0,67,67,0,0,0,67
0x4b16de,100%,0,32,32,0,0,0,32
0x5deb1e,100%,0,6,6,6,0,0,0
0x421562,100%,0,86,86,0,0,0,86
0x467233,100%,0,139,139,0,0,0,139
0x45fe64,100%,0,3,3,0,0,0,3
0x4d18db,100%,0,309,309,0,0,0,309
0x4a44c8,100%,0,17,17,17,0,0,0
0x5f0b56,100%,0,40,40,0,0,0,40
0x49c3bb,100%,0,33,33,33,0,0,0
0x49d26e,100%,0,68,68,0,0,0,68
0x45ebf3,100%,0,17,17,0,0,0,17
0x49d008,100%,0,202,202,0,0,0,202
0x4a8803,100%,0,100,100,0,0,0,100
0x45a094,100%,0,18,18,0,0,0,18
0x5dd9a1,100%,0,6,6,0,0,0,6
0x45769d,100%,0,147,147,0,0,0,147
0x4d70bd,100%,0,1,1,0,0,0,1
0x4b9595,100%,0,7658,7658,0,0,0,7658
0x4b2f34,100%,0,68,68,0,0,0,68
0x4d2565,100%,0,118,118,0,0,0,118
0x4438cc,100%,0,468,468,0,0,0,468
0x46efc5,100%,0,16,16,0,0,0,16
0x4112e4,100%,0,468,468,0,0,0,468
0x4a77ea,100%,0,107,107,0,0,0,107
0x5f2d68,100%,0,2970,2970,0,0,0,2970
0x459eef,100%,0,18,18,0,0,0,18
0x4d5e44,100%,0,18,18,0,0,0,18
0x46f54a,100%,0,16,16,0,0,0,16
0x4c795c,100%,0,2,2,0,0,0,2
0x5def7b,100%,0,3,3,0,0,0,3
0x45d995,100%,0,5,5,5,0,0,0
0x4b4403,100%,0,34,34,0,0,0,34
0x609db6,100%,0,29,29,0,0,0,29
0x4ba769,100%,0,14,14,0,0,0,14
0x4de2be,100%,0,3,3,0,0,0,3
0x4b352e,100%,0,68,68,0,0,0,68
0x4b3b14,100%,0,102,102,102,0,0,0
0x4ba792,100%,0,14,14,0,0,0,14
0x45ed27,100%,0,17,17,17,0,0,0
0x401874,100%,0,34,34,0,0,0,34
0x462244,100%,0,6,6,0,0,0,6
0x497c6e,100%,0,3,3,3,0,0,0
0x414f95,100%,0,1795,1795,1795,0,0,0
0x4c5260,100%,0,1,1,0,0,0,1
0x477f5b,100%,0,324,324,324,0,0,0
0x4df214,100%,0,48,48,0,0,0,48
0x4b3082,100%,0,68,68,68,0,0,0
0x4a7517,100%,0,153,153,153,0,0,0
0x45a0eb,100%,0,18,18,18,0,0,0
0x4d2e0a,100%,0,3,3,0,0,0,3
0x60a017,100%,0,27,27,0,0,0,27
0x45347f,100%,0,9,9,9,0,0,0
0x5ee8e9,100%,0,192,192,0,0,0,192
0x4d0adc,100%,0,21,21,0,0,0,21
0x458c68,100%,0,20,20,0,0,0,20
0x49e7fa,100%,0,33,33,33,0,0,0
0x4b7716,100%,0,17,17,0,0,0,17
0x4d7d78,100%,0,1,1,0,0,0,1
0x4b76cf,100%,0,17,17,0,0,0,17
0x49bc72,100%,0,3,3,0,0,0,3
0x47a1dc,100%,0,276,276,276,0,0,0
0x4ba72f,100%,0,4,4,4,0,0,0
0x49bcc6,100%,0,3,3,0,0,0,3
0x608e45,100%,0,195,195,0,0,0,195
0x609e65,100%,0,15,15,0,0,0,15
0x4dc2e1,100%,0,96,96,0,0,0,96
0x47c94d,100%,0,28,28,0,0,0,28
0x4925ac,100%,0,3,3,0,0,0,3
0x427a6b,100%,0,27,27,0,0,0,27
0x45eff1,100%,0,8,8,8,0,0,0
0x4b6a42,100%,0,17,17,0,0,0,17
0x4abe5d,100%,0,86,86,0,0,0,86
0x4abf08,100%,0,20,20,0,0,0,20
0x45a1f3,100%,0,15,15,15,0,0,0
0x5f1d55,100%,0,2970,2970,0,0,0,2970
0x4a7b0e,100%,0,54,54,0,0,0,54
0x4a5c9b,100%,0,17,17,0,0,0,17
0x49f110,100%,0,133,133,133,0,0,0
0x4a5e78,100%,0,17,17,0,0,0,17
0x45ec2a,100%,0,17,17,0,0,0,17
0x50f954,100%,0,19,19,0,0,0,19
0x5de693,100%,0,6,6,6,0,0,0
0x50f963,100%,0,19,19,0,0,0,19
0x608f62,100%,0,195,195,195,0,0,0
0x50f9a4,100%,0,19,19,0,0,0,19
0x492607,100%,0,3,3,0,0,0,3
0x4a5f0f,100%,0,17,17,17,0,0,0
0x49efb3,100%,0,83,83,0,0,0,83
0x4c3c10,100%,0,1234,1234,0,0,0,1234
0x4cd22e,100%,0,429,429,0,0,0,429
0x49ef9d,100%,0,133,133,0,0,0,133
0x49ef77,100%,0,33,33,0,0,0,33
0x4b24a8,100%,0,17,17,17,0,0,0
0x46ccc4,100%,0,76,76,0,0,0,76
0x4149bf,100%,0,3,3,0,0,0,3
0x478d60,100%,0,117,117,0,0,0,117
0x498bd2,100%,0,14,14,14,0,0,0
0x4a6628,100%,0,34,34,0,0,0,34
0x443883,100%,0,468,468,468,0,0,0
0x4a285d,100%,0,83,83,0,0,0,83
0x49ed42,100%,0,34,34,0,0,0,34
0x41b06a,100%,0,66,66,66,0,0,0
0x4acbfd,100%,0,17,17,17,0,0,0
0x4acbaa,100%,0,51,51,51,0,0,0
0x4acb90,100%,0,17,17,0,0,0,17
0x4b23cf,100%,0,17,17,17,0,0,0
0x414ffc,100%,0,429,429,0,0,0,429
0x48bfe8,100%,0,103,103,0,0,0,103
0x49f5bd,100%,0,34,34,0,0,0,34
0x413653,100%,0,40,40,0,0,0,40
0x48ac89,100%,0,42,42,42,0,0,0
0x49f538,100%,0,34,34,0,0,0,34
0x4ad134,100%,0,17,17,0,0,0,17
0x4434be,100%,0,468,468,0,0,0,468
0x49c800,100%,0,34,34,0,0,0,34
0x4a3f9f,100%,0,83,83,83,0,0,0
0x4b3259,100%,0,34,34,0,0,0,34
0x4c4e94,100%,0,2304,2304,2304,0,0,0
0x4d1402,100%,0,430,430,0,0,0,430
0x49d2f4,100%,0,34,34,0,0,0,34
0x469eed,100%,0,25,25,0,0,0,25
0x49c270,100%,0,36,36,36,0,0,0
0x41804a,100%,0,1,1,0,0,0,1
0x4b5f76,100%,0,17,17,17,0,0,0
0x4ac01f,100%,0,20,20,0,0,0,20
0x4a70f8,100%,0,34,34,34,0,0,0
0x4a70c3,100%,0,34,34,0,0,0,34
0x420d33,100%,0,55,55,0,0,0,55
0x4ccb10,100%,0,429,429,0,0,0,429
0x4ccaf9,100%,0,429,429,0,0,0,429
0x4b0512,100%,0,106,106,0,0,0,106
0x4b5fe6,100%,0,17,17,0,0,0,17
0x41808e,100%,0,1,1,1,0,0,0
0x484421,100%,0,42,42,0,0,0,42
0x415023,100%,0,429,429,0,0,0,429
0x4925ca,100%,0,3,3,0,0,0,3
0x4b9c36,100%,0,198,198,0,0,0,198
0x49ea00,100%,0,34,34,34,0,0,0
0x41500b,100%,0,429,429,0,0,0,429
0x4ad2ad,100%,0,17,17,17,0,0,0
0x4ad27e,100%,0,17,17,17,0,0,0
0x4a132a,100%,0,16,16,16,0,0,0
0x4ad25a,100%,0,17,17,17,0,0,0
0x4ad233,100%,0,17,17,0,0,0,17
0x48c0ed,100%,0,103,103,0,0,0,103
0x49bd49,100%,0,3,3,3,0,0,0
