Branch PC,Accuracy,Mispredictions,Correct Predictions,Total,dir_t_pred_t,dir_t_pred_nt,dir_nt_pred_t,dir_nt_pred_nt
aggregate,99.2674%,208784,28289824,28498608,23883081,56943,151841,4406743
0x8e36ee,99.1239%,4758,538310,543068,494014,282,4476,44296
0x848698,86.3889%,3113,19758,22871,19758,254,2859,0
0x86de67,98.2243%,1772,98020,99792,74222,1105,667,23798
0x78afb8,96.7998%,1659,50181,51840,48943,594,1065,1238
0x86da87,98.3566%,1640,98152,99792,74887,1073,567,23265
0x8e376d,96.7973%,1562,47210,48772,47210,192,1370,0
0x87a868,94.0856%,1533,24387,25920,18575,839,694,5812
0x8739c4,94.9074%,1320,24600,25920,22355,614,706,2245
0x873b44,94.946%,1310,24610,25920,2259,692,618,22351
0x873ae4,95.027%,1289,24631,25920,22384,585,704,2247
0x873a36,95.0424%,1285,24635,25920,22344,625,660,2291
0x873bc4,95.1235%,1264,24656,25920,2292,659,605,22364
0x873b84,95.1659%,1253,24667,25920,2274,677,576,22393
0x873961,95.2469%,1232,24688,25920,21445,604,628,3243
0x87dd1c,95.1614%,1226,24112,25338,6296,468,758,17816
0x96b86e,99.4901%,1212,236478,237690,224785,308,904,11693
0x64aa77,97.9377%,1191,56559,57750,56531,64,1127,28
0x77e124,97.7552%,1151,50124,51275,14721,314,837,35403
0x8e3686,97.6769%,1133,47639,48772,16369,619,514,31270
0x64a9c3,98.0814%,1108,56642,57750,12540,372,736,44102
0x77b113,97.8391%,1108,50167,51275,35423,817,291,14744
0x86de8c,98.9428%,1055,98737,99792,97816,128,927,921
0x64a181,97.8482%,1014,46110,47124,46108,92,922,2
0x77e3c3,98.0594%,1006,50834,51840,36166,639,367,14668
0x77dc80,98.0671%,1002,50838,51840,50838,42,960,0
0x64a9f8,98.3065%,978,56772,57750,19402,476,502,37370
0x77af30,98.1481%,960,50880,51840,50880,0,960,0
0x86dab6,99.038%,960,98832,99792,97812,132,828,1020
0x77f6df,98.1442%,946,50030,50976,50030,2,944,0
0x77f761,98.1462%,945,50031,50976,50031,1,944,0
0x77e313,98.2234%,921,50919,51840,36194,611,310,14725
0x77e136,98.2465%,909,50931,51840,50838,42,867,93
0x77e263,98.2639%,900,50940,51840,36201,604,296,14739
0x77e1b3,98.2967%,883,50957,51840,36204,601,282,14753
0x77b127,98.3005%,881,50959,51840,50855,25,856,104
0x825e01,85.7167%,857,5143,6000,5143,107,750,0
0x7a8a67,97.4387%,852,32412,33264,7818,337,515,24594
0x7803bc,88.8452%,852,6786,7638,6204,314,538,582
0x8e40ab,98.506%,843,55584,56427,0,766,77,55584
0x873c1c,96.7747%,836,25084,25920,24763,174,662,321
0x794f89,97.472%,830,32002,32832,24460,473,357,7542
0x825cf1,86.3333%,820,5180,6000,5180,70,750,0
0x7a89a7,97.5469%,816,32448,33264,7827,328,488,24621
0x7863fa,97.542%,807,32025,32832,24216,510,297,7809
0x831aa3,97.607%,796,32468,33264,7641,303,493,24827
0x8273e8,86.75%,795,5205,6000,5205,45,750,0
0x831b34,97.613%,794,32470,33264,24835,485,309,7635
0x825e86,86.8%,792,5208,6000,5208,42,750,0
0x825d76,86.8667%,788,5212,6000,5212,38,750,0
0x65f976,97.6431%,784,32480,33264,24638,471,313,7842
0x831b93,97.6431%,784,32480,33264,7600,344,440,24880
0x827543,86.9601%,782,5215,5997,5215,33,749,0
0x8276a1,86.966%,781,5211,5992,5211,32,749,0
0x65f876,97.6581%,779,32485,33264,24610,499,280,7875
0x8e3f1f,99.785%,779,361625,362404,361625,61,718,0
0x7d4f49,97.6671%,776,32488,33264,24620,489,287,7868
0x827707,87.233%,765,5227,5992,5227,16,749,0
0x64ebc7,97.6759%,753,31647,32400,23988,468,285,7659
0x64b3a7,97.7814%,738,32526,33264,25052,475,263,7474
0x65f8f7,97.7844%,737,32527,33264,24649,460,277,7878
0x831c24,97.7874%,736,32528,33264,7684,260,476,24844
0x795199,97.7583%,736,32096,32832,24256,470,266,7840
0x7a89d7,97.8295%,722,32542,33264,32509,139,583,33
0x873168,97.3305%,715,26069,26784,8361,222,493,17708
0x848168,86.7504%,707,4629,5336,4629,40,667,0
0x780794,97.3635%,672,24816,25488,17618,475,197,7198
0x780705,97.3909%,665,24823,25488,17641,452,213,7182
0x7eed97,97.7386%,646,27921,28567,20505,423,223,7416
0x64a0fa,98.6461%,638,46486,47124,7142,172,466,39344
0x831bea,98.1%,632,32632,33264,32582,66,566,50
0x780874,97.5361%,628,24860,25488,7203,192,436,17657
0x873825,97.5887%,625,25295,25920,24376,255,370,919
0x780378,97.5557%,623,24865,25488,17423,427,196,7442
0x873664,97.6042%,621,25299,25920,24373,258,363,926
0x873883,97.608%,620,25300,25920,937,352,268,24363
0x873783,97.6157%,618,25302,25920,926,363,255,24376
0x7db02b,97.6196%,617,25303,25920,17869,413,204,7434
0x873905,97.6235%,616,25304,25920,24370,261,355,934
0x7a8a9b,98.1512%,615,32649,33264,32580,68,547,69
0x8736e4,97.6427%,611,25309,25920,24357,274,337,952
0x78b037,98.8214%,611,51229,51840,50816,64,547,413
0x780a17,97.5876%,609,24636,25245,17422,428,181,7214
0x831afa,98.1722%,608,32656,33264,32591,57,551,65
0x7d4e91,92.6916%,596,7559,8155,89,501,95,7470
0x780689,97.6391%,596,24649,25245,17427,423,173,7222
0x7950b3,98.1847%,596,32236,32832,32108,116,480,128
0x795091,92.7585%,587,7519,8106,111,473,114,7408
0x7a3de4,97.7009%,586,24902,25488,17464,386,200,7438
0x87beec,97.7126%,583,24905,25488,7469,169,414,17436
0x794f11,92.632%,582,7317,7899,137,431,151,7180
0x87da65,97.7244%,580,24908,25488,17443,407,173,7465
0x831b5a,98.2624%,578,32686,33264,32581,67,511,105
0x780814,97.7362%,577,24911,25488,17682,411,166,7229
0x794fac,98.2822%,564,32268,32832,32104,120,444,164
0x786423,98.2852%,563,32269,32832,32168,56,507,101
0x65f914,98.3225%,558,32706,33264,32603,45,513,103
0x7a1c86,97.8107%,558,24930,25488,17472,378,180,7458
0x786342,93.1285%,557,7549,8106,84,500,57,7465
0x7a3b44,97.8147%,557,24931,25488,17472,378,179,7459
0x87daf4,97.8225%,555,24933,25488,17460,390,165,7473
0x7d4f73,98.3526%,548,32716,33264,32587,61,487,129
0x831c4c,98.3586%,546,32718,33264,32612,36,510,106
0x64ebec,98.3272%,542,31858,32400,31728,72,470,130
0x77ee48,97.8853%,539,24949,25488,20204,212,327,4745
0x87b673,97.9321%,536,25384,25920,7495,143,393,17889
0x7db0eb,97.9398%,534,25386,25920,17762,358,176,7624
0x794f2c,98.3827%,531,32301,32832,32087,137,394,214
0x7d4eb3,98.4067%,530,32734,33264,32571,77,453,163
0x65f893,98.4157%,527,32737,33264,32590,58,469,147
0x87db73,97.952%,522,24966,25488,17495,355,167,7471
0x64b3e3,98.4307%,522,32742,33264,32562,86,436,180
0x7eee57,98.1762%,521,28046,28567,27956,72,449,90
0x77e1da,99.0066%,515,51325,51840,50868,12,503,457
0x878016,97.9873%,513,24975,25488,17516,334,179,7459
0x786364,98.4375%,513,32319,32832,32154,70,443,165
0x64a9da,99.1117%,513,57237,57750,4967,151,362,52270
0x7951c4,98.4558%,507,32325,32832,32164,60,447,161
0x65f993,98.4758%,507,32757,33264,32603,45,462,154
0x7a3a65,98.0187%,505,24983,25488,17523,327,178,7460
0x879bd6,98.0826%,497,25423,25920,7662,138,359,17761
0x7a3cf5,98.054%,496,24992,25488,17513,337,159,7479
0x87397c,85.7887%,491,2964,3455,2808,143,348,156
0x87a963,98.0564%,487,24569,25056,24569,23,464,0
0x87317c,98.1818%,487,26297,26784,26267,21,466,30
0x77e961,98.1443%,481,25439,25920,25439,1,480,0
0x87dd41,98.1246%,478,25010,25488,25009,7,471,1
0x77ef4f,98.1325%,476,25012,25488,25012,4,472,0
0x77efd1,98.1481%,472,25016,25488,25016,0,472,0
0x5e9603,99.8549%,470,323530,324000,323174,76,394,356
0x780749,98.156%,470,25018,25488,24995,21,449,23
0x87bf24,98.1717%,466,25022,25488,24997,19,447,25
0x78072c,93.739%,463,6932,7395,5764,206,257,1168
0x780a34,98.1913%,461,25027,25488,25014,2,459,13
0x7806b7,98.1992%,459,25029,25488,25013,3,456,16
0x7db095,94.1538%,456,7344,7800,127,416,40,7217
0x87bfc7,98.2423%,448,25040,25488,17996,310,138,7044
0x7803ec,98.258%,444,25044,25488,24958,58,386,86
0x65037b,98.5617%,443,30357,30800,30104,80,363,253
0x77e3ea,99.1512%,440,51400,51840,50851,29,411,549
0x873993,98.314%,437,25483,25920,25419,21,416,64
0x780884,98.2933%,435,25053,25488,25008,8,427,45
0x650352,98.5909%,434,30366,30800,25227,281,153,5139
0x87a886,98.3488%,428,25492,25920,25410,30,398,82
0x7dafd5,94.4488%,424,7214,7638,132,400,24,7082
0x7db33f,96.5083%,419,11581,12000,2576,184,235,9005
0x77e28a,99.1917%,419,51421,51840,50845,35,384,576
0x7a1c0e,94.5405%,417,7221,7638,7049,57,360,172
0x8277ee,87.0958%,415,2801,3216,2801,13,402,0
0x7807cd,98.4346%,399,25089,25488,25000,16,383,89
0x77e33a,99.2438%,392,51448,51840,50860,20,372,588
0x873b99,98.5378%,379,25541,25920,25425,15,364,116
0x873b59,98.5455%,377,25543,25920,25428,12,365,115
0x873bd9,98.5494%,376,25544,25920,25434,6,370,110
0x825cda,99.7698%,373,161627,162000,155872,128,245,5755
0x8739fb,98.5687%,371,25549,25920,25411,29,342,138
0x7db11a,98.5995%,363,25557,25920,25407,33,330,150
0x7db0ba,98.6034%,362,25558,25920,25414,26,336,144
0x873a98,98.615%,359,25561,25920,25424,16,343,137
0x87dab3,98.5993%,357,25131,25488,25002,14,343,129
0x873b16,98.6535%,349,25571,25920,25431,9,340,140
0x78082e,98.6347%,348,25140,25488,25009,7,341,131
0x7db313,97.1167%,346,11654,12000,944,256,90,10710
0x797ae7,97.7597%,345,15055,15400,12514,240,105,2541
0x7a1cb7,98.6543%,343,25145,25488,24994,22,321,151
0x7db329,97.1417%,343,11657,12000,1459,221,122,10198
0x650f72,97.7857%,341,15059,15400,15020,72,269,39
0x7a3d19,98.6621%,341,25147,25488,24982,34,307,165
0x7a3a89,98.666%,340,25148,25488,24973,43,297,175
0x7a1c37,98.6817%,336,25152,25488,24983,33,303,169
0x7db051,98.7114%,334,25586,25920,25422,18,316,164
0x795089,98.9857%,333,32499,32832,24620,106,227,7879
0x7daff1,98.723%,331,25589,25920,25426,14,317,163
0x87b69c,98.7346%,328,25592,25920,25439,1,327,153
0x879e4f,98.75%,324,25596,25920,15993,207,117,9603
0x8737cc,98.7539%,323,25597,25920,25432,8,315,165
0x7a3e06,98.7445%,320,25168,25488,24976,40,280,192
0x7973b6,97.9351%,318,15082,15400,15049,43,275,33
0x78633a,99.0528%,311,32521,32832,24654,72,239,7867
0x879c03,98.8079%,309,25611,25920,25428,12,297,183
0x797b16,98%,308,15092,15400,15054,38,270,38
0x8736a0,76.3382%,305,984,1289,838,142,163,146
0x7a3b66,98.8151%,302,25186,25488,24977,39,263,209
0x8738c8,98.8426%,300,25620,25920,25430,10,290,190
0x87db1e,98.823%,300,25188,25488,24990,26,274,198
0x873c45,98.8657%,294,25626,25920,25420,20,274,206
0x7a8922,84.0909%,294,1554,1848,1554,63,231,0
0x848682,99.953%,290,617220,617510,594564,75,215,22656
0x7d4e89,99.1282%,290,32974,33264,25041,68,222,7933
0x650f37,98.1558%,284,15116,15400,2550,96,188,12566
0x87bfe0,98.8897%,283,25205,25488,24997,19,264,208
0x7955da,98.1513%,281,14919,15200,14866,30,251,53
0x87db91,98.9171%,276,25212,25488,24995,21,255,217
0x873974,92.8701%,276,3595,3871,225,191,85,3370
0x797387,98.2143%,275,15125,15400,12573,181,94,2552
0x794f09,99.1715%,272,32560,32832,24850,83,189,7710
0x77eeb4,98.9368%,271,25217,25488,25005,11,260,212
0x795588,98.2434%,267,14933,15200,12445,182,85,2488
0x78fdcc,83.396%,265,1331,1596,1331,37,228,0
0x872bff,85.9307%,260,1588,1848,1588,29,231,0
0x8736b9,99.0008%,259,25661,25920,25419,21,238,242
0x872a04,98.6271%,257,18463,18720,12792,168,89,5671
0x87391b,99.0201%,254,25666,25920,25430,10,244,236
0x8e4018,88.1941%,253,1890,2143,582,184,69,1308
0x65e724,86.3095%,253,1595,1848,1595,22,231,0
0x78e597,86.3487%,249,1575,1824,1575,21,228,0
0x78e631,86.4035%,248,1576,1824,1576,20,228,0
0x65ec04,86.6342%,247,1601,1848,1601,16,231,0
0x64b892,85.9954%,242,1486,1728,1486,26,216,0
0x65dcd4,87.0671%,239,1609,1848,1609,8,231,0
0x64bfb6,86.8969%,239,1585,1824,1585,11,228,0
0x87383b,99.0818%,238,25682,25920,25427,13,225,255
0x65f3a3,87.1753%,237,1611,1848,1611,6,231,0
0x78f3b1,99.5003%,237,47187,47424,45547,53,184,1640
0x7d56bf,87.2294%,236,1612,1848,1612,5,231,0
0x64b76d,86.4583%,234,1494,1728,1494,18,216,0
0x64bf30,87.2259%,233,1591,1824,1591,5,228,0
0x873732,99.1011%,233,25687,25920,25435,5,228,252
0x82777e,87.3904%,230,1594,1824,1594,2,228,0
0x7a22d3,84.2514%,223,1193,1416,1193,46,177,0
0x7db3b8,98.15%,222,11778,12000,11747,13,209,31
0x878033,99.129%,222,25266,25488,25009,7,215,257
0x650e70,98.54%,219,14781,15000,14650,50,169,131
0x64f7d8,98.7253%,212,16420,16632,15952,64,148,468
0x7dc317,98.2583%,209,11791,12000,9255,155,54,2536
0x8767e4,99.2091%,205,25715,25920,25454,34,171,261
0x64ffe2,83.6039%,202,1030,1232,1030,48,154,0
0x872894,99.4605%,202,37238,37440,37223,25,177,15
0x7dbbe7,98.3333%,200,11800,12000,9264,146,54,2536
0x64b748,99.5799%,196,46460,46656,44888,40,156,1572
0x7a1c06,99.231%,196,25292,25488,17798,52,144,7494
0x78b587,99.6296%,192,51648,51840,50862,18,174,786
0x8278b4,86.7361%,191,1249,1440,1249,11,180,0
0x7dafcb,99.267%,190,25730,25920,18242,40,150,7488
0x827b21,86.9444%,188,1252,1440,1252,8,180,0
0x7a2473,84.8265%,188,1051,1239,1051,11,177,0
0x78e571,99.6203%,187,49061,49248,47397,27,160,1664
0x87a918,99.2577%,186,24870,25056,8,154,32,24862
0x795265,98.8731%,185,16231,16416,15764,44,141,467
0x78c1b3,99.2901%,184,25736,25920,25727,31,153,9
0x78dc25,99.4276%,183,31785,31968,30752,32,151,1033
0x78d1c0,98.8852%,183,16233,16416,15768,40,143,465
0x830a21,98.9057%,182,16450,16632,15987,29,153,463
0x78e2d8,98.7329%,182,14182,14364,13789,43,139,393
0x77bf29,99.6449%,181,50795,50976,50570,82,99,225
0x827c81,87.5%,180,1260,1440,1260,0,180,0
0x7db08b,99.3171%,177,25743,25920,18072,48,129,7671
0x87c900,87.5%,177,1239,1416,1239,0,177,0
0x64adb8,84.7619%,176,979,1155,898,26,150,81
0x78c123,99.3326%,173,25747,25920,25732,26,147,15
0x77c5e7,99.6645%,171,50805,50976,50572,80,91,233
0x8482b6,99.501%,166,33098,33264,32643,5,161,455
0x780908,99.3487%,166,25322,25488,25321,5,161,1
0x7975c5,99.0019%,166,16466,16632,16001,15,151,465
0x87da95,97.8267%,166,7472,7638,6955,83,83,517
0x8e40b6,99.7119%,163,56418,56581,56418,9,154,0
0x797717,99.026%,162,16470,16632,15975,41,121,495
0x848152,99.8889%,160,143912,144072,138705,31,129,5207
0x8728bd,99.5753%,159,37281,37440,36712,8,151,569
0x87a920,99.3613%,159,24735,24894,24713,19,140,22
0x78dc8d,86.9088%,155,1029,1184,1029,7,148,0
0x8740ad,99.7035%,155,52117,52272,51626,13,142,491
0x64a264,83.4416%,153,771,924,660,33,120,111
0x78dd64,87.1622%,152,1032,1184,1032,4,148,0
0x77ee52,97.082%,148,4924,5072,4828,69,79,96
0x77ca44,99.7097%,148,50828,50976,50756,54,94,72
0x830703,86.3971%,148,940,1088,940,12,136,0
0x797bea,99.1101%,148,16484,16632,15993,23,125,491
0x77cb44,99.7097%,148,50828,50976,50759,51,97,69
0x65dcc7,99.7054%,147,49749,49896,48021,27,120,1728
0x665738,99.1162%,147,16485,16632,16003,13,134,482
0x77cf88,84.5339%,146,798,944,797,29,117,1
0x77c774,99.7156%,145,50831,50976,50767,43,102,64
0x77c8b4,99.7156%,145,50831,50976,50765,45,100,66
0x77cba3,99.7156%,145,50831,50976,50754,56,89,77
0x7aa46c,99.1228%,144,16272,16416,15780,28,116,492
0x879e98,99.4444%,144,25776,25920,25424,16,128,352
0x77cdf6,99.7175%,144,50832,50976,50758,52,92,74
0x77cd35,99.7175%,144,50832,50976,50759,51,93,73
0x77c924,99.7175%,144,50832,50976,50774,36,108,58
0x77dc17,85.1042%,143,817,960,815,25,118,2
0x77cb14,84.8517%,143,801,944,800,26,117,1
0x77cae4,99.7195%,143,50833,50976,50758,52,91,75
0x77c4d3,99.7214%,142,50834,50976,50772,46,96,62
0x77cf33,99.7214%,142,50834,50976,50774,36,106,60
0x7d6645,99.3689%,142,22358,22500,21567,33,109,791
0x77c814,99.7214%,142,50834,50976,50761,49,93,73
0x7db348,98.825%,141,11859,12000,9363,100,41,2496
0x78f181,99.1179%,141,15843,15984,15377,15,126,466
0x64a0dc,99.7029%,140,46984,47124,9076,62,78,37908
0x77ae8d,99.7299%,140,51700,51840,51287,72,68,413
0x7d504e,99.1582%,140,16492,16632,15991,25,115,501
0x7d9111,99.4637%,139,25781,25920,25440,0,139,341
0x8306f7,99.7634%,139,58613,58752,57638,26,113,975
0x77f438,99.4546%,139,25349,25488,25282,59,80,67
0x77c2d4,99.7273%,139,50837,50976,50769,49,90,68
0x7da414,99.7319%,139,51701,51840,51292,70,69,409
0x872bec,99.7234%,138,49758,49896,47999,49,89,1759
0x77cea3,99.7293%,138,50838,50976,50766,44,94,72
0x827525,99.9154%,137,161782,161919,155885,37,100,5897
0x77c165,99.7312%,137,50839,50976,50765,53,84,74
0x7da3b9,99.7377%,136,51704,51840,51287,75,61,417
0x77c290,85.5932%,136,808,944,808,18,118,0
0x872a4a,99.2735%,136,18584,18720,18358,2,134,226
0x7a890c,99.7294%,135,49761,49896,48020,28,107,1741
0x7da484,99.7415%,134,51706,51840,51295,67,67,411
0x64add3,41.9913%,134,97,231,97,57,77,0
0x77db05,99.7434%,133,51707,51840,51301,58,75,406
0x77d9a5,99.7454%,132,51708,51840,51294,65,67,414
0x77c0c4,99.7411%,132,50844,50976,50769,49,83,75
0x7da5b5,99.7454%,132,51708,51840,51296,66,66,412
0x78e0b8,99.1713%,131,15677,15808,15167,33,98,510
0x77da55,99.7473%,131,51709,51840,51295,64,67,414
0x7da514,99.7473%,131,51709,51840,51296,66,65,413
0x873f2f,99.5146%,130,26654,26784,26281,47,83,373
0x77b109,99.7512%,129,51711,51840,511,54,75,51200
0x77c374,99.7469%,129,50847,50976,50762,56,73,85
0x77c563,99.7469%,129,50847,50976,50766,52,77,81
0x7da654,99.7531%,128,51712,51840,51289,73,55,423
0x77c436,99.7509%,127,50849,50976,50778,40,87,71
0x77d963,86.7708%,127,833,960,827,13,114,6
0x79184e,85.8108%,126,762,888,620,46,80,142
0x664600,99.2424%,126,16506,16632,15998,18,108,508
0x77c957,86.6525%,126,818,944,818,8,118,0
0x77c226,99.7528%,126,50850,50976,50765,53,73,85
0x77dd09,86.875%,126,834,960,834,6,120,0
0x65ebf7,99.7475%,126,49770,49896,48021,27,99,1749
0x77def2,86.875%,126,834,960,834,6,120,0
0x77caa3,86.7585%,125,819,944,819,7,118,0
0x77afae,86.9792%,125,835,960,835,5,120,0
0x64e9a5,99.2284%,125,16075,16200,15578,22,103,497
0x77aee9,99.7589%,125,51715,51840,434,47,78,51281
0x873ec2,87.1901%,124,844,968,844,3,121,0
0x7d8f21,99.5216%,124,25796,25920,25437,3,121,359
0x65e717,99.7515%,124,49772,49896,48025,23,101,1747
0x8277d0,99.8572%,124,86708,86832,83588,28,96,3120
0x77e0df,87.0833%,124,836,960,836,4,120,0
0x7da794,99.7608%,124,51716,51840,51291,71,53,425
0x78b59e,87.0833%,124,836,960,833,7,117,3
0x77dc9a,87.1875%,123,837,960,836,4,119,1
0x77b00e,87.1875%,123,837,960,837,3,120,0
0x77da08,87.1875%,123,837,960,836,4,119,1
0x7da465,87.1875%,123,837,960,837,3,120,0
0x87de24,99.5174%,123,25365,25488,25273,53,70,92
0x77e119,99.7627%,123,51717,51840,515,50,73,51202
0x64f858,99.2605%,123,16509,16632,16004,12,111,505
0x77cb75,86.9703%,123,821,944,820,6,117,1
0x848205,99.6302%,123,33141,33264,32637,11,112,504
0x7da75e,87.2917%,122,838,960,838,2,120,0
0x77dfe2,87.2917%,122,838,960,838,2,120,0
0x7da6f4,99.7647%,122,51718,51840,51292,70,52,426
0x64b211,99.2665%,122,16510,16632,15972,44,78,538
0x78b60e,87.2917%,122,838,960,838,2,120,0
0x77de01,87.2917%,122,838,960,838,2,120,0
0x78fdef,46.9298%,121,107,228,107,45,76,0
0x77dc49,99.7666%,121,51719,51840,441,40,81,51278
0x7da578,87.3958%,121,839,960,838,2,119,1
0x77c9a4,99.7626%,121,50855,50976,50771,39,82,84
0x77bf78,87.1822%,121,823,944,822,4,117,1
0x7868a3,87.3958%,121,839,960,839,1,120,0
0x77b07b,87.3958%,121,839,960,839,1,120,0
0x78add4,87.5%,120,840,960,840,0,120,0
0x78be6a,87.5%,120,840,960,840,0,120,0
0x78bd34,87.5%,120,840,960,840,0,120,0
0x7dc347,99%,120,11880,12000,11748,12,108,132
0x78c1c9,99.537%,120,25800,25920,25419,21,99,381
0x77cbe0,87.2881%,120,824,944,824,2,118,0
0x77d9eb,99.7685%,120,51720,51840,50869,11,109,851
0x77dab8,87.5%,120,840,960,840,0,120,0
0x77b0de,87.5%,120,840,960,840,0,120,0
0x830811,87.6042%,119,841,960,840,0,119,1
0x7dbc17,99.0083%,119,11881,12000,11749,11,108,132
0x77c325,87.3941%,119,825,944,825,1,118,0
0x77dbb5,99.7704%,119,51721,51840,51295,64,55,426
0x77c5bd,87.3941%,119,825,944,825,1,118,0
0x77c9f2,87.3941%,119,825,944,825,1,118,0
0x77f7c4,87.3941%,119,825,944,825,1,118,0
0x77cefd,87.3941%,119,825,944,825,1,118,0
0x77c116,87.3941%,119,825,944,825,1,118,0
0x77aec4,87.6042%,119,841,960,838,2,117,3
0x77d92d,99.7704%,119,51721,51840,51299,60,59,422
0x77ce67,87.3941%,119,825,944,825,1,118,0
0x77c873,87.5%,118,826,944,826,0,118,0
0x7da3e4,87.7083%,118,842,960,838,2,116,4
0x77f814,87.5%,118,826,944,826,0,118,0
0x87dd6d,99.537%,118,25370,25488,25274,52,66,96
0x8767fa,99.5448%,118,25802,25920,25431,9,109,371
0x77c3dd,87.5%,118,826,944,826,0,118,0
0x77cda9,87.5%,118,826,944,825,1,117,1
0x77c8e5,87.5%,118,826,944,826,0,118,0
0x77f864,87.5%,118,826,944,826,0,118,0
0x77f704,87.5%,118,826,944,825,1,117,1
0x77c1ce,87.6059%,117,827,944,825,1,116,2
0x7da4db,87.8125%,117,843,960,840,0,117,3
0x7da6c1,87.8125%,117,843,960,840,0,117,3
0x77d04b,0.847458%,117,1,118,0,59,58,1
0x795f3e,98.5324%,116,7788,7904,7265,31,85,523
0x65dce4,49.7835%,116,115,231,111,43,73,4
0x7da621,87.9167%,116,844,960,840,0,116,4
0x77f775,87.7119%,116,828,944,826,0,116,2
0x825d66,99.9302%,113,161887,162000,155981,19,94,5906
0x78fd81,99.7378%,113,42979,43092,41468,28,85,1511
0x65f38c,99.7755%,112,49784,49896,48041,7,105,1743
0x64ea54,99.3086%,112,16088,16200,15593,7,105,495
0x64b130,99.3266%,112,16520,16632,16006,10,102,514
0x7d689d,87.7778%,110,790,900,621,54,56,169
0x87de8e,99.5723%,109,25379,25488,25283,43,66,96
0x794d0d,99.212%,109,13723,13832,13263,37,72,460
0x64ff62,53.2468%,108,123,231,0,77,31,123
0x794881,53.0702%,107,121,228,119,33,74,2
0x78c139,99.5872%,107,25813,25920,25433,7,100,380
0x780584,99.5841%,106,25382,25488,25272,54,52,110
0x793ce7,99.7613%,106,44294,44400,43490,22,84,804
0x7d8bb3,99.591%,106,25814,25920,25554,54,52,260
0x78fab9,99.269%,105,14259,14364,13820,12,93,439
0x6636b8,99.3687%,105,16527,16632,16010,6,99,517
0x78d996,99.3431%,105,15879,15984,15383,9,96,496
0x77e735,99.5988%,104,25816,25920,25437,3,101,379
0x77c0ea,99.7979%,103,50873,50976,50026,6,97,847
0x796e72,83.4416%,102,514,616,512,27,75,2
0x780921,99.5998%,102,25386,25488,25016,0,102,370
0x77e885,99.6065%,102,25818,25920,25708,50,52,110
0x78050c,99.6037%,101,25387,25488,25032,51,50,355
0x77db4b,99.8052%,101,51739,51840,50876,4,97,863
0x7d560c,99.7898%,101,47947,48048,46193,7,94,1754
0x77b0b4,99.8052%,101,51739,51840,51733,23,78,6
0x663722,83.6039%,101,515,616,515,24,77,0
0x65106f,99.3927%,101,16531,16632,15987,29,72,544
0x64b85a,99.7835%,101,46555,46656,44923,5,96,1632
0x827679,99.9382%,100,161684,161784,155764,28,72,5920
0x77e724,99.6142%,100,25820,25920,25704,54,46,116
0x77b06c,99.8071%,100,51740,51840,50879,1,99,861
0x873ffd,99.6304%,99,26685,26784,26284,4,95,401
0x7da74e,99.809%,99,51741,51840,50878,2,97,863
0x77c60f,99.8058%,99,50877,50976,50028,4,95,849
0x77cd78,99.8078%,98,50878,50976,50027,5,93,851
0x64c42e,57.5758%,98,133,231,133,21,77,0
0x77da9b,99.811%,98,51742,51840,50879,1,97,863
0x64b299,99.4108%,98,16534,16632,15999,17,81,535
0x7d9003,99.6219%,98,25822,25920,25433,7,91,389
0x7d905e,99.6219%,98,25822,25920,25439,1,97,383
0x7952f5,99.4091%,97,16319,16416,15797,11,86,522
0x77cf6a,99.8097%,97,50879,50976,50028,4,93,851
0x7805d4,99.6194%,97,25391,25488,25281,45,52,110
0x78ec6d,99.3927%,96,15712,15808,15186,14,82,526
0x7d8e13,99.6296%,96,25824,25920,25428,12,84,396
0x78d1d6,84.375%,95,513,608,513,19,76,0
0x77dd65,99.8167%,95,51745,51840,51742,14,81,3
0x7aa47c,84.375%,95,513,608,513,19,76,0
0x77e825,99.6335%,95,25825,25920,25714,44,51,111
0x77af64,99.8167%,95,51745,51840,51734,22,73,11
0x78bf71,21.6667%,94,26,120,26,34,60,0
0x7d8e6e,99.6373%,94,25826,25920,25434,6,88,392
0x7da4ce,99.8187%,94,51746,51840,50878,2,92,868
0x8482c9,84.7403%,94,522,616,522,17,77,0
0x87dc98,99.6351%,93,25395,25488,25130,46,47,265
0x7d8dd4,99.6412%,93,25827,25920,25561,47,46,266
0x77f976,99.6412%,93,25827,25920,25727,31,62,100
0x664be0,99.4408%,93,16539,16632,16007,9,84,532
0x77de55,99.8206%,93,51747,51840,51743,13,80,4
0x7da568,99.8206%,93,51747,51840,50872,8,85,875
0x77f9c2,99.6412%,93,25827,25920,25724,34,59,103
0x77afe4,99.8206%,93,51747,51840,51744,12,81,3
0x7da611,99.8206%,93,51747,51840,50876,4,89,871
0x797a11,84.9026%,93,523,616,523,16,77,0
0x874166,99.8221%,93,52179,52272,51300,4,89,879
0x77e8d4,99.6451%,92,25828,25920,25715,43,49,113
0x7d9c78,99.639%,92,25396,25488,25200,44,48,196
0x7da7f2,99.8225%,92,51748,51840,50874,6,86,874
0x77e764,99.6489%,91,25829,25920,25722,36,55,107
0x64ab5a,92.1212%,91,1064,1155,918,6,85,146
0x795621,70.0658%,91,213,304,204,24,67,9
0x797a04,99.4529%,91,16541,16632,16013,3,88,528
0x78e2ec,82.8947%,91,441,532,441,15,76,0
0x87a94a,71.9136%,91,233,324,28,57,34,205
0x7da6b1,99.8264%,90,51750,51840,50876,4,86,874
0x7d8e44,99.6528%,90,25830,25920,25560,48,42,270
0x791594,99.5946%,90,22110,22200,21294,18,72,816
0x77dbfb,99.8264%,90,51750,51840,50877,3,87,873
0x77dcc4,99.8264%,90,51750,51840,51746,10,80,4
0x7d9144,99.6566%,89,25831,25920,25564,44,45,267
0x664c09,85.5519%,89,527,616,527,12,77,0
0x77e045,99.8283%,89,51751,51840,51751,5,84,0
0x64f7f5,85.5519%,89,527,616,527,12,77,0
0x64b2b7,85.5519%,89,527,616,527,12,77,0
0x77df45,99.8283%,89,51751,51840,51747,9,80,4
0x7d7918,99.8022%,89,44911,45000,44083,17,72,828
0x797f90,99.4649%,89,16543,16632,15999,17,72,544
0x77e7b4,99.6566%,89,25831,25920,25721,37,52,110
0x7807b2,98.7965%,89,7306,7395,16,62,27,7290
0x7d8c43,99.6566%,89,25831,25920,25562,46,43,269
0x77c59a,99.8274%,88,50888,50976,50028,4,84,860
0x77ded0,99.8302%,88,51752,51840,50876,4,84,876
0x7d9d92,99.6547%,88,25400,25488,25014,2,86,386
0x831942,97.8836%,88,4070,4158,4069,12,76,1
0x77c5fe,72.8395%,88,236,324,114,52,36,122
0x873c9c,99.321%,88,12872,12960,12475,5,83,397
0x64e571,99.2674%,88,11924,12012,11542,8,80,382
0x77c9c6,99.8293%,87,50889,50976,50030,2,85,859
0x795fe9,85.6908%,87,521,608,521,11,76,0
0x77e778,99.6644%,87,25833,25920,25433,7,80,400
0x7964f9,85.8766%,87,529,616,529,10,77,0
0x77cb5f,99.8293%,87,50889,50976,50028,4,83,861
0x87292b,87.9167%,87,633,720,596,4,83,37
0x827a2d,99.7762%,87,38793,38880,37431,9,78,1362
0x7805e5,99.6626%,86,25402,25488,25010,6,80,392
0x87dea3,99.6626%,86,25402,25488,25005,11,75,397
0x77affe,99.8341%,86,51754,51840,50878,2,84,876
0x795313,85.8553%,86,522,608,522,10,76,0
0x795283,85.8553%,86,522,608,522,10,76,0
0x7d91db,99.6682%,86,25834,25920,25438,2,84,396
0x797724,86.039%,86,530,616,530,9,77,0
0x7d91b3,99.6721%,85,25835,25920,25565,43,42,270
0x77e894,99.6721%,85,25835,25920,25439,1,84,396
0x77c471,99.8333%,85,50891,50976,50030,2,83,861
0x78fb16,84.0226%,85,447,532,447,9,76,0
0x794eb3,84.0226%,85,447,532,447,9,76,0
0x7d9d29,99.6665%,85,25403,25488,25012,4,81,391
0x77af9f,99.836%,85,51755,51840,50876,4,81,879
0x651091,86.2013%,85,531,616,529,10,75,2
0x7d9034,99.6721%,85,25835,25920,25561,47,38,274
0x77b034,99.838%,84,51756,51840,51753,3,81,3
0x78f1ad,85.8108%,84,508,592,508,10,74,0
0x64ea71,86%,84,516,600,516,9,75,0
0x6639b8,99.4949%,84,16548,16632,16007,9,75,541
0x7d8ed3,99.6759%,84,25836,25920,278,34,50,25558
0x77f6b8,99.8352%,84,50892,50976,40,45,39,50852
0x87ddb0,99.6704%,84,25404,25488,25012,4,80,392
0x8276f0,99.9481%,84,161700,161784,155772,20,64,5928
0x878104,99.3409%,84,12660,12744,12258,14,70,402
0x77eaf5,99.6759%,84,25836,25920,25815,26,58,21
0x797dbd,86.3636%,84,532,616,532,7,77,0
0x64ffce,99.7475%,84,33180,33264,32003,29,55,1177
0x78e11f,86.3487%,83,525,608,525,7,76,0
0x78f49f,95.4496%,83,1741,1824,1569,27,56,172
0x848218,86.526%,83,533,616,533,6,77,0
0x797db0,99.501%,83,16549,16632,15987,29,54,562
0x77cbca,99.8372%,83,50893,50976,50029,3,80,864
0x64fa02,86.526%,83,533,616,533,6,77,0
0x7d8f54,99.6798%,83,25837,25920,25566,42,41,271
0x77c3aa,99.8372%,83,50893,50976,50031,1,82,862
0x7d5064,86.526%,83,533,616,533,6,77,0
0x77ceda,99.8372%,83,50893,50976,50028,4,79,865
0x7938de,99.6261%,83,22117,22200,21293,19,64,824
0x7d59e4,99.8099%,83,43576,43659,42032,10,73,1544
0x77f9e6,99.6798%,83,25837,25920,25436,4,79,401
0x86deb0,95.5628%,82,1766,1848,1603,14,68,163
0x77c260,99.8391%,82,50894,50976,50028,4,78,866
0x77e0bf,99.8418%,82,51758,51840,50880,0,82,878
0x77bf3f,74.6914%,82,242,324,128,30,52,114
0x830a38,86.6883%,82,534,616,534,5,77,0
0x77c50a,99.8391%,82,50894,50976,50032,0,82,862
0x77c2f9,99.8391%,82,50894,50976,50031,1,81,863
0x796a09,86.6883%,82,534,616,534,5,77,0
0x831a02,98.0279%,82,4076,4158,4075,6,76,1
0x92a67d,98.6106%,82,5820,5902,20,61,21,5800
0x86dae3,95.5628%,82,1766,1848,1601,16,66,165
0x77c796,99.8391%,82,50894,50976,50030,2,80,864
0x64b22f,86.8506%,81,535,616,535,4,77,0
0x77ce39,99.8411%,81,50895,50976,50031,1,80,864
0x77c846,99.8411%,81,50895,50976,50029,3,78,866
0x64b14e,86.8506%,81,535,616,535,4,77,0
0x77dcf3,99.8438%,81,51759,51840,50876,4,77,883
0x7da451,99.8438%,81,51759,51840,50876,4,77,883
0x77dddf,99.8438%,81,51759,51840,50877,3,78,882
0x797162,86.8506%,81,535,616,535,4,77,0
0x872fa0,99.4048%,81,13527,13608,13081,23,58,446
0x7d90c3,99.6875%,81,25839,25920,278,34,47,25561
0x64f876,86.8506%,81,535,616,535,4,77,0
0x7975d2,86.8506%,81,535,616,535,4,77,0
0x78b5d8,99.8457%,80,51760,51840,62,42,38,51698
0x77dfc0,99.8457%,80,51760,51840,50877,3,77,883
0x831912,98.076%,80,4078,4158,4072,9,71,6
0x7d9c1b,99.6861%,80,25408,25488,25016,0,80,392
0x663a22,87.013%,80,536,616,536,3,77,0
0x77c93f,99.8431%,80,50896,50976,50031,1,79,865
0x786297,86.8421%,80,528,608,528,4,76,0
0x78ee80,86.8421%,80,528,608,528,4,76,0
0x650e47,99.4667%,80,14920,15000,14917,18,62,3
0x64bf18,99.8376%,80,49168,49248,47410,14,66,1758
0x77ca76,99.8431%,80,50896,50976,50027,5,75,869
0x796fc4,87.1753%,79,537,616,537,2,77,0
0x797c05,87.1753%,79,537,616,537,2,77,0
0x650d0b,87.0066%,79,529,608,529,3,76,0
0x65008e,99.7625%,79,33185,33264,32019,13,66,1166
0x825dea,99.9512%,79,161921,162000,155981,19,60,5940
0x77c8d2,99.847%,78,50898,50976,50031,1,77,867
0x77ef28,99.694%,78,25410,25488,36,43,35,25374
0x77c19b,99.847%,78,50898,50976,50030,2,76,868
0x77dc58,99.8481%,78,51281,51359,51253,22,56,28
0x78067d,99.694%,78,25410,25488,212,31,47,25198
0x87dd0e,99.694%,78,25410,25488,110,40,38,25300
0x7f974b,93.2292%,78,1074,1152,988,20,58,86
0x77e6d4,99.7029%,77,25843,25920,25561,38,39,282
0x7d8c4d,75.3205%,77,235,312,118,32,45,117
0x7d9ca9,99.6979%,77,25411,25488,25015,1,76,396
0x66574e,87.5%,77,539,616,539,0,77,0
0x78da1b,86.9932%,77,515,592,515,3,74,0
0x664629,87.5%,77,539,616,539,0,77,0
0x7d8fc4,99.7029%,77,25843,25920,25567,41,36,276
0x64e74c,83.3333%,77,385,462,384,1,76,1
0x87de5f,99.7018%,76,25412,25488,25009,7,69,403
0x847ff6,97.9342%,76,3603,3679,761,60,16,2842
0x7d8f82,99.7068%,76,25844,25920,25436,4,72,408
0x7d7965,91.5556%,76,824,900,669,6,70,155
0x797155,99.543%,76,16556,16632,16007,9,67,549
0x77d947,99.8534%,76,51764,51840,50875,5,71,889
0x7d8c6f,99.7068%,76,25844,25920,25435,5,71,409
0x77ea41,99.7106%,75,25845,25920,25436,4,71,409
0x7d9d6f,99.7057%,75,25413,25488,25214,30,45,199
0x7d9172,99.7106%,75,25845,25920,25436,4,71,409
0x7db9d2,84.375%,75,405,480,405,15,60,0
0x64e9df,87.5%,75,525,600,525,0,75,0
0x78b051,92.1875%,75,885,960,832,8,67,53
0x77f07b,99.7057%,75,25413,25488,25011,5,70,402
0x7d8bdc,99.7106%,75,25845,25920,25435,5,70,410
0x7d9bf2,99.7057%,75,25413,25488,25207,37,38,206
0x77efa1,99.7057%,75,25413,25488,49,30,45,25364
0x77f731,99.8548%,74,50902,50976,35,50,24,50867
0x831a32,98.2203%,74,4084,4158,4074,7,67,10
0x7951a1,99.0871%,74,8032,8106,2761,40,34,5271
0x77e9d4,99.7145%,74,25846,25920,25814,27,47,32
0x786402,99.0871%,74,8032,8106,2756,45,29,5276
0x7d4f51,99.0926%,74,8081,8155,2774,48,26,5307
0x650cf4,99.5492%,74,16342,16416,15768,40,34,574
0x77ea95,99.7184%,73,25847,25920,25813,28,45,34
0x77aef8,99.8579%,73,51286,51359,51247,28,45,39
0x8273d8,99.9549%,73,161927,162000,155990,10,63,5937
0x87601f,99.7175%,72,25416,25488,25015,1,71,401
0x77ea24,99.7222%,72,25848,25920,25814,27,45,34
0x77eaa1,99.7222%,72,25848,25920,25428,12,60,420
0x77e9e8,99.7222%,72,25848,25920,25440,0,72,408
0x7a1e29,82.5666%,72,341,413,341,13,59,0
0x7a1d49,99.4133%,72,12200,12272,11795,5,67,405
0x77cb02,99.8607%,71,50905,50976,50029,3,68,876
0x77f850,99.8607%,71,50905,50976,50031,1,70,874
0x797f9d,88.474%,71,545,616,532,7,64,13
0x7d8bbd,77.5641%,70,242,312,126,36,34,116
0x77e93a,99.7254%,70,25418,25488,25317,36,34,101
0x77e994,99.7299%,70,25850,25920,25816,25,45,34
0x7a34ac,83.0508%,70,343,413,343,11,59,0
0x780a13,99.7293%,69,25419,25488,214,29,40,25205
0x7d59ff,95.7328%,69,1548,1617,1377,9,60,171
0x7dc251,85.625%,69,411,480,411,9,60,0
0x797b28,77.5974%,69,239,308,211,20,49,28
0x77f4a4,99.7293%,69,25419,25488,25015,1,68,404
0x77e9a5,99.7377%,68,25852,25920,25438,2,66,414
0x77bf5f,99.8686%,67,50909,50976,50022,10,57,887
0x7d9cf8,99.7371%,67,25421,25488,25213,31,36,208
0x7a3f30,86.0417%,67,413,480,413,7,60,0
0x7a3799,85.8051%,67,405,472,405,8,59,0
0x78059e,99.7371%,67,25421,25488,25010,6,61,411
0x7db0f5,99.141%,67,7733,7800,2596,44,23,5137
0x7da3d7,99.8727%,66,51774,51840,50875,5,61,899
0x78c1e0,86.25%,66,414,480,411,9,57,3
0x7d8f2d,86.25%,66,414,480,414,6,60,0
0x77f5e3,99.7411%,66,25422,25488,25394,30,36,28
0x780514,83.7037%,66,339,405,214,29,37,125
0x7a3161,86.0169%,66,406,472,406,7,59,0
0x827896,99.8302%,66,38814,38880,37433,7,59,1381
0x7d911d,86.25%,66,414,480,414,6,60,0
0x8485fd,99.7114%,66,22804,22870,7557,41,25,15247
0x827760,99.866%,66,49182,49248,47406,18,48,1776
0x87967d,86.0169%,66,406,472,406,7,59,0
0x77e6dd,79.4393%,66,255,321,124,38,28,131
0x64b1c6,89.4481%,65,551,616,529,10,55,22
0x87b49d,86.2288%,65,407,472,407,6,59,0
0x831972,98.4367%,65,4093,4158,4074,7,58,19
0x7d7439,99.7111%,65,22435,22500,21588,12,53,847
0x7a58e3,86.2288%,65,407,472,407,6,59,0
0x64ad0a,99.7749%,65,28810,28875,27697,23,42,1113
0x78b568,99.8746%,65,51775,51840,62,42,23,51713
0x87988a,86.6667%,64,416,480,416,4,60,0
0x77b0ce,99.8765%,64,51776,51840,50878,2,62,898
0x77aeab,99.8765%,64,51776,51840,50878,2,62,898
0x7d91bd,79.4872%,64,248,312,129,21,43,119
0x7d91f2,86.6667%,64,416,480,414,6,58,2
0x87bc48,99.4978%,64,12680,12744,12266,6,58,414
0x87dd26,99.0538%,64,6700,6764,138,24,40,6562
0x7daf89,84.7619%,64,356,420,356,4,60,0
0x78c15a,86.6667%,64,416,480,411,9,55,5
0x77f508,99.7489%,64,25424,25488,25396,28,36,28
0x873376,86.4407%,64,408,472,408,5,59,0
0x7a28f5,86.4407%,64,408,472,408,5,59,0
0x7a1576,86.4407%,64,408,472,408,5,59,0
0x64bae0,95.1389%,63,1233,1296,1233,15,48,0
0x77f8b6,99.7528%,63,25425,25488,25014,2,61,411
0x87a979,86.875%,63,417,480,415,5,58,2
0x7dc79d,86.875%,63,417,480,417,3,60,0
0x873489,99.5056%,63,12681,12744,12264,8,55,417
0x780562,86.6525%,63,409,472,409,4,59,0
0x7a1d8e,86.6525%,63,409,472,409,4,59,0
0x77e7e4,86.875%,63,417,480,417,3,60,0
0x827b04,99.838%,63,38817,38880,37432,8,55,1385
0x87363f,86.875%,63,417,480,417,3,60,0
0x873aac,86.875%,63,417,480,407,13,50,10
0x872fb7,87.5%,63,441,504,441,0,63,0
0x7a3718,86.6525%,63,409,472,409,4,59,0
0x7d9d4f,86.6525%,63,409,472,407,6,57,2
0x873c61,86.875%,63,417,480,412,8,55,5
0x7dbe22,87.0833%,62,418,480,418,2,60,0
0x878a10,86.8644%,62,410,472,410,3,59,0
0x64a0c4,99.8684%,62,47062,47124,7901,37,25,39161
0x77f668,86.8644%,62,410,472,407,6,56,3
0x87be3b,86.8644%,62,410,472,410,3,59,0
0x77f08c,86.8644%,62,410,472,410,3,59,0
0x77f02d,99.7567%,62,25426,25488,25015,1,61,411
0x77eb04,99.7608%,62,25858,25920,25440,0,62,418
0x8749fe,87.0833%,62,418,480,418,2,60,0
0x7972b1,89.9351%,62,554,616,536,3,59,18
0x7d9da8,86.8644%,62,410,472,410,3,59,0
0x77e845,87.0833%,62,418,480,418,2,60,0
0x877691,86.8644%,62,410,472,410,3,59,0
0x87aa93,87.0833%,62,418,480,418,2,60,0
0x87dcd7,87.0763%,61,411,472,409,4,57,2
0x7a5b03,87.0763%,61,411,472,411,2,59,0
0x8736cd,87.2917%,61,419,480,411,9,52,8
0x7db834,87.2917%,61,419,480,419,1,60,0
0x77ef73,87.0763%,61,411,472,411,2,59,0
0x87373f,87.2917%,61,419,480,418,2,59,1
0x8756cc,87.2917%,61,419,480,419,1,60,0
0x873933,87.2917%,61,419,480,417,3,58,2
0x7dc102,87.2917%,61,419,480,419,1,60,0
0x7dbf64,87.2917%,61,419,480,419,1,60,0
0x77f62b,99.7607%,61,25427,25488,25012,4,57,415
0x87a76e,87.2917%,61,419,480,419,1,60,0
0x7a1ba6,87.0763%,61,411,472,411,2,59,0
0x877b63,87.0763%,61,411,472,411,2,59,0
0x87b389,87.2917%,61,419,480,419,1,60,0
0x77e7d1,99.7647%,61,25859,25920,25439,1,60,420
0x877773,87.0763%,61,411,472,411,2,59,0
0x7a1236,87.2881%,60,412,472,412,1,59,0
0x877c72,87.2881%,60,412,472,412,1,59,0
0x780223,87.2881%,60,412,472,412,1,59,0
0x77f9f6,87.5%,60,420,480,420,0,60,0
0x8754b1,87.5%,60,420,480,420,0,60,0
0x7d9ccc,87.2881%,60,412,472,412,1,59,0
0x77f8cd,87.2881%,60,412,472,412,1,59,0
0x7d8e22,87.5%,60,420,480,420,0,60,0
0x7db1f8,87.5%,60,420,480,420,0,60,0
0x77f9aa,87.5%,60,420,480,420,0,60,0
0x77f4cd,87.2881%,60,412,472,412,1,59,0
0x876806,87.5%,60,420,480,419,1,59,1
0x875213,87.5%,60,420,480,420,0,60,0
0x77f800,99.8823%,60,50916,50976,50030,2,58,886
0x7805b5,87.2881%,60,412,472,412,1,59,0
0x87664c,87.5%,60,420,480,420,0,60,0
0x77f7b1,99.8823%,60,50916,50976,50029,3,57,887
0x875b48,99.7646%,60,25428,25488,25015,1,59,413
0x830802,99.8843%,60,51780,51840,50868,12,48,912
0x7a2c5d,87.2881%,60,412,472,412,1,59,0
0x87bc64,87.2881%,60,412,472,412,1,59,0
0x77eab5,87.5%,60,420,480,420,0,60,0
0x77e8af,87.5%,60,420,480,420,0,60,0
0x77e74a,87.5%,60,420,480,420,0,60,0
0x77e78c,87.5%,60,420,480,420,0,60,0
0x876135,87.5%,60,420,480,419,1,59,1
0x7d9017,87.5%,60,420,480,418,2,58,2
0x7d9068,87.5%,60,420,480,420,0,60,0
0x876efe,87.2881%,60,412,472,412,1,59,0
0x77e975,87.5%,60,420,480,420,0,60,0
0x7db6f2,87.5%,60,420,480,420,0,60,0
0x77e9b9,87.5%,60,420,480,420,0,60,0
0x77e8f5,87.5%,60,420,480,420,0,60,0
0x77e9fc,87.5%,60,420,480,420,0,60,0
0x77ea54,87.5%,60,420,480,420,0,60,0
0x735c50,85.4722%,60,353,413,353,1,59,0
0x7d9181,87.5%,60,420,480,420,0,60,0
0x77eb18,87.5%,60,420,480,420,0,60,0
0x87b419,87.5%,60,420,480,420,0,60,0
0x7d8f8c,87.5%,60,420,480,420,0,60,0
0x77f0c8,99.7646%,60,25428,25488,25012,4,56,416
0x7dc5dd,87.5%,60,420,480,420,0,60,0
0x7dbb21,87.5%,60,420,480,420,0,60,0
0x7dc435,87.5%,60,420,480,420,0,60,0
0x7a5d23,87.2881%,60,412,472,412,1,59,0
0x7a1886,87.2881%,60,412,472,412,1,59,0
0x7f938c,90.3846%,60,564,624,525,21,39,39
0x77f181,99.7685%,59,25429,25488,25014,2,57,415
0x7d8e78,87.7083%,59,421,480,419,1,58,2
0x735e2d,85.7143%,59,354,413,354,0,59,0
0x77c585,62.6582%,59,99,158,35,34,25,64
0x877f8c,87.5%,59,413,472,413,0,59,0
0x77f1f8,87.5%,59,413,472,413,0,59,0
0x876f7c,87.5%,59,413,472,413,0,59,0
0x87de7b,87.5%,59,413,472,413,0,59,0
0x8789f2,99.7685%,59,25429,25488,25009,7,52,420
0x77f195,87.5%,59,413,472,413,0,59,0
0x77efe0,87.5%,59,413,472,413,0,59,0
0x7d9c38,87.5%,59,413,472,413,0,59,0
0x7d9d79,75.8197%,59,185,244,50,32,27,135
0x87663c,99.5448%,59,12901,12960,12471,9,50,430
0x87740c,85.7143%,59,354,413,354,0,59,0
0x77f039,87.5%,59,413,472,413,0,59,0
0x827c55,99.8483%,59,38821,38880,37436,4,55,1385
0x77f0d5,87.5%,59,413,472,413,0,59,0
0x82798d,99.8483%,59,38821,38880,37428,12,47,1393
0x77f135,87.5%,59,413,472,413,0,59,0
0x8777c5,87.5%,59,413,472,413,0,59,0
0x77f58f,87.5%,59,413,472,413,0,59,0
0x875b6b,87.5%,59,413,472,413,0,59,0
0x8319a2,98.6051%,58,4100,4158,4081,0,58,19
0x77c4f5,63.2911%,58,100,158,34,31,27,66
0x7972a4,99.6513%,58,16574,16632,16008,8,50,566
0x78b5f7,99.8881%,58,51782,51840,50878,2,56,904
0x780938,87.7119%,58,414,472,413,0,58,1
0x87deb0,87.7119%,58,414,472,413,0,58,1
0x9773cc,99.9897%,57,550939,550996,550659,30,27,280
0x7a1c8e,99.2537%,57,7581,7638,5037,15,42,2544
0x8737d8,88.125%,57,423,480,418,2,55,5
0x796fb7,99.6633%,56,16576,16632,16011,5,51,565
0x78e610,99.8863%,56,49192,49248,47422,2,54,1770
0x825e76,99.966%,55,161945,162000,155987,13,42,5958
0x8e4008,94.0217%,55,865,920,752,14,41,113
0x827a58,96.1806%,55,1385,1440,1260,0,55,125
0x7930d7,99.7523%,55,22145,22200,21300,12,43,845
0x77e8e8,99.7878%,55,25865,25920,25440,0,55,425
0x87966d,99.5684%,55,12689,12744,12262,10,45,427
0x87362b,99.7878%,55,25865,25920,25435,5,50,430
0x87384c,88.5417%,55,425,480,418,2,53,7
0x8279b6,96.1806%,55,1385,1440,1258,2,53,127
0x87dcc3,99.7881%,54,25434,25488,25011,5,49,423
0x9774b8,99.8899%,54,49002,49056,6969,39,15,42033
0x8738d4,88.75%,54,426,480,420,0,54,6
0x831b64,91.2338%,54,562,616,533,6,48,29
0x77f8a0,99.7881%,54,25434,25488,25404,20,34,30
0x873b6d,88.9583%,53,427,480,417,3,50,10
0x87abb6,99.592%,52,12692,12744,12266,6,46,426
0x87d934,98.3679%,52,3134,3186,3122,5,47,12
0x873360,99.592%,52,12692,12744,12271,1,51,421
0x77f9cb,68.5185%,51,111,162,59,20,31,52
0x86d9a7,96.0648%,51,1245,1296,783,27,24,462
0x873bad,89.375%,51,429,480,414,6,45,15
0x77e831,99.8032%,51,25869,25920,25439,1,50,430
0x791a26,95.8333%,50,1150,1200,1150,26,24,0
0x7a36a1,99.6077%,50,12694,12744,12267,5,45,427
0x7d9c82,79.5082%,50,194,244,54,28,22,140
0x7db18b,99.6142%,50,12910,12960,12478,2,48,432
0x77f1e4,99.8038%,50,25438,25488,25015,1,49,423
0x8726e7,73.9583%,50,142,192,123,13,37,19
0x735be2,99.5437%,49,10689,10738,10321,4,45,368
0x875b27,99.8078%,49,25439,25488,25301,25,24,138
0x64bf9c,99.9005%,49,49199,49248,47418,6,43,1781
0x87b890,99.6219%,49,12911,12960,12469,11,38,442
0x77f97f,69.7531%,49,113,162,58,25,24,55
0x873565,89.6186%,49,423,472,413,0,49,10
0x827bc4,99.874%,49,38831,38880,37435,5,44,1396
0x77b137,95%,48,912,960,840,0,48,72
0x831a62,98.8456%,48,4110,4158,4074,7,41,36
0x8749ea,99.8148%,48,25872,25920,25434,6,42,438
0x64b1a8,99.7114%,48,16584,16632,16011,5,43,573
0x77e14a,95%,48,912,960,839,1,47,73
0x7dc41a,99.6373%,47,12913,12960,12475,5,42,438
0x873d26,90.2083%,47,433,480,416,4,43,17
0x97a6e8,98.7757%,47,3792,3839,1720,25,22,2072
0x78dd0c,99.853%,47,31921,31968,30772,12,35,1149
0x77f564,99.8156%,47,25441,25488,25015,1,46,426
0x64bb88,96.3735%,47,1249,1296,1229,19,28,20
0x8747a8,99.8187%,47,25873,25920,25463,25,22,410
0x77f99a,99.8187%,47,25873,25920,25434,6,41,439
0x78054b,99.8195%,46,25442,25488,25015,1,45,427
0x64f9a8,99.7234%,46,16586,16632,16006,10,36,580
0x7d9bfc,81.1475%,46,198,244,146,16,30,52
0x796e65,99.7234%,46,16586,16632,16009,7,39,577
0x7a2f2a,99.6252%,46,12226,12272,11791,9,37,435
0x65f9b1,92.5325%,46,570,616,537,2,44,33
0x77cec5,72.8916%,45,121,166,116,9,36,5
0x7a378a,99.6469%,45,12699,12744,12263,9,36,436
0x977487,99.401%,45,7468,7513,482,23,22,6986
0x7db827,99.6528%,45,12915,12960,12472,8,37,443
0x65f932,92.8571%,44,572,616,536,3,41,36
0x64b95d,97.4537%,44,1684,1728,1502,10,34,182
0x787c0f,95.4167%,44,916,960,840,0,44,76
0x77e6f0,99.8302%,44,25876,25920,25434,6,38,442
0x7a58cc,99.6547%,44,12700,12744,12265,7,37,435
0x78620e,99.4433%,44,7860,7904,7293,3,41,567
0x873b2a,90.8333%,44,436,480,418,2,42,18
0x7978b5,99.7354%,44,16588,16632,16005,11,33,583
0x78a9a4,99.8341%,43,25877,25920,24950,10,33,927
0x7d6a4a,96.4167%,43,1157,1200,1157,19,24,0
0x7a5ad1,99.6626%,43,12701,12744,12266,6,37,435
0x873a11,91.0417%,43,437,480,415,5,38,22
0x87a758,99.6682%,43,12917,12960,12464,16,27,453
0x77e6fd,91.0417%,43,437,480,419,1,42,18
0x831c56,93.0195%,43,573,616,532,7,36,41
0x8e35c6,96.8613%,43,1327,1370,520,28,15,807
0x8756c0,99.6682%,43,12917,12960,12476,4,39,441
0x77f121,99.8352%,42,25446,25488,25016,0,42,430
0x794f4a,93.0921%,42,566,608,523,9,33,43
0x7db035,99.4501%,42,7596,7638,2556,30,12,5040
0x77e413,95.625%,42,918,960,839,1,41,79
0x82770c,94.3925%,42,707,749,496,25,17,211
0x877668,99.6704%,42,12702,12744,12267,5,37,435
0x77e943,69.6296%,41,94,135,64,15,26,30
0x77e363,95.7292%,41,919,960,840,0,41,79
0x7950d4,93.2566%,41,567,608,523,9,32,44
0x7db35a,98.3839%,41,2496,2537,116,25,16,2380
0x79644e,99.488%,41,7967,8008,7384,8,33,583
0x875ede,99.8391%,41,25447,25488,25297,29,12,150
0x87aa7e,99.6914%,40,12920,12960,12477,3,37,443
0x8307cd,95.4649%,40,842,882,431,19,21,411
0x7a3f15,99.6914%,40,12920,12960,12471,9,31,449
0x7951e5,93.4211%,40,568,608,520,12,28,48
0x876122,99.8457%,40,25880,25920,25436,4,36,444
0x64b401,93.5065%,40,576,616,535,4,36,41
0x78637e,93.4211%,40,568,608,525,7,33,43
0x7eee6b,92.5788%,40,499,539,453,9,31,46
0x77c52d,95.7627%,40,904,944,826,0,40,78
0x64ec11,93.3333%,40,560,600,515,10,30,45
0x87604f,91.7373%,39,433,472,411,2,37,22
0x87b373,99.6991%,39,12921,12960,12475,5,34,446
0x7a11fd,99.694%,39,12705,12744,12271,1,38,434
0x87bea3,99.8509%,38,25450,25488,149,16,22,25301
0x8760d2,99.8534%,38,25882,25920,25738,17,21,144
0x77f871,67.7966%,38,80,118,40,19,19,40
0x77c49f,95.9746%,38,906,944,826,0,38,80
0x8739a7,92.0833%,38,442,480,414,6,32,28
0x7f93f2,99.3146%,38,5506,5544,5457,15,23,49
0x877391,99.6461%,38,10700,10738,10322,3,35,378
0x873540,99.7018%,38,12706,12744,12266,6,32,440
0x873e21,99.8546%,38,26098,26136,25164,4,34,934
0x876eed,99.7018%,38,12706,12744,12271,1,37,435
0x7a89e4,93.9935%,37,579,616,536,3,34,43
0x87ddc3,92.161%,37,435,472,412,1,36,23
0x7f946a,93.5764%,37,539,576,523,17,20,16
0x77e203,96.1458%,37,923,960,840,0,37,83
0x65f8b1,93.9935%,37,579,616,539,0,37,40
0x78afbe,98.3934%,37,2266,2303,2266,13,24,0
0x64ba38,97.1451%,37,1259,1296,1244,4,33,15
0x8751fc,99.7145%,37,12923,12960,12474,6,31,449
0x7a5efa,99.7097%,37,12707,12744,12270,2,35,437
0x831b04,93.9935%,37,579,616,534,5,32,45
0x78880b,96.1458%,37,923,960,840,0,37,83
0x8307bd,99.9286%,37,51803,51840,50938,20,17,865
0x7d93e4,91.6667%,36,396,432,260,10,26,136
0x77fd0e,92.5%,36,444,480,420,0,36,24
0x7a1e0c,99.6772%,36,11115,11151,10734,4,32,381
0x873beb,92.5%,36,444,480,416,4,32,28
0x7f965a,96.875%,36,1116,1152,1098,18,18,18
0x7f9372,98.1996%,35,1909,1944,1902,6,29,7
0x7f994e,98.1061%,35,1813,1848,1383,3,32,430
0x7a5da0,99.7254%,35,12709,12744,12267,5,30,442
0x77db68,96.3542%,35,925,960,840,0,35,85
0x7d4ecd,94.3182%,35,581,616,530,9,26,51
0x9773dc,99.9936%,35,550961,550996,550685,4,31,276
0x650e8d,88.3333%,35,265,300,219,6,29,46
0x831bf4,94.3182%,35,581,616,534,5,30,47
0x7978c2,94.4805%,34,582,616,538,1,33,44
0x786876,99.9344%,34,51806,51840,50879,1,33,927
0x7dbc29,85.8333%,34,206,240,175,5,29,31
0x78adc4,99.8688%,34,25886,25920,24955,5,29,931
0x8734ad,92.7966%,34,438,472,408,5,29,30
0x873ea4,99.935%,34,52238,52272,51298,6,28,940
0x86d9c0,97.3765%,34,1262,1296,1262,10,24,0
0x87b615,98.9328%,34,3152,3186,3125,2,32,27
0x77c645,99.4664%,34,6338,6372,6248,6,28,90
0x64b938,99.9293%,33,46623,46656,44921,7,26,1702
0x877f68,99.7411%,33,12711,12744,12270,2,31,441
0x873d08,99.7454%,33,12927,12960,12474,6,27,453
0x77d167,92.3611%,33,399,432,257,13,20,142
0x7a5e8d,99.7411%,33,12711,12744,12266,6,27,445
0x7a5cf0,99.7411%,33,12711,12744,12268,4,29,443
0x77f455,77.551%,33,114,147,52,11,22,62
0x872ddf,92.3611%,33,399,432,399,17,16,0
0x78643d,94.5724%,33,575,608,529,3,30,46
0x7a244c,99.9014%,33,33420,33453,32208,6,27,1212
0x77af47,96.5625%,33,927,960,840,0,33,87
0x7a8aa8,94.6429%,33,583,616,533,6,27,50
0x7d9663,92.5926%,32,400,432,150,12,20,250
0x7f956f,99.4228%,32,5512,5544,3688,8,24,1824
0x7a5ea2,93.2203%,32,440,472,413,0,32,27
0x77bf95,99.4978%,32,6340,6372,6251,3,29,89
0x7f975e,99.4228%,32,5512,5544,3680,16,16,1832
0x7f955c,94.4444%,32,544,576,492,12,20,52
0x7806cb,93.2203%,32,440,472,400,13,19,40
0x78020c,99.7489%,32,12712,12744,12264,8,24,448
0x7803ff,93.4322%,31,441,472,409,4,27,32
0x64a457,99.7204%,31,11057,11088,10157,7,24,900
0x827be2,97.8472%,31,1409,1440,1260,0,31,149
0x7f9230,99.4838%,31,5975,6006,5919,9,22,56
0x77d217,92.8241%,31,401,432,260,10,21,141
0x7a3814,99.027%,31,3155,3186,3125,2,29,30
0x78a9b4,96.7708%,31,929,960,836,4,27,93
0x78ad74,99.8804%,31,25889,25920,24952,8,23,937
0x87c4eb,95.216%,31,617,648,612,12,19,5
0x7d879a,98.3854%,31,1889,1920,1671,9,22,218
0x87513d,95.216%,31,617,648,617,7,24,0
0x7d96e4,92.8241%,31,401,432,255,15,16,146
0x7973c8,89.9351%,31,277,308,217,14,17,60
0x87318f,93.75%,31,465,496,434,0,31,31
0x8e3508,98.8686%,31,2709,2740,1369,1,30,1340
0x7f939f,99.5005%,30,5976,6006,4145,13,17,1831
0x77ee68,82.8571%,30,145,175,84,12,18,61
0x87b3fb,99.8843%,30,25890,25920,25437,3,27,453
0x7d853a,98.4375%,30,1890,1920,1677,3,27,213
0x7d9534,93.0556%,30,402,432,256,14,16,146
0x8319d2,99.2785%,30,4128,4158,4077,4,26,51
0x77c6e7,99.5292%,30,6342,6372,6251,3,27,91
0x77cced,99.5292%,30,6342,6372,6250,4,26,92
0x87da13,99.0584%,30,3156,3186,3121,6,24,35
0x7a1b6c,99.7646%,30,12714,12744,12267,5,25,447
0x7a223e,99.9185%,30,36786,36816,35393,7,23,1393
0x7807e0,93.8559%,29,443,472,413,0,29,30
0x780846,93.8559%,29,443,472,410,3,26,33
0x77cc85,99.5449%,29,6343,6372,6251,3,26,92
0x7db1eb,99.7762%,29,12931,12960,12479,1,28,452
0x7a3599,99.7724%,29,12715,12744,12267,5,24,448
0x77c627,96.928%,29,915,944,820,6,23,95
0x78e668,87.2807%,29,199,228,151,1,28,48
0x876f6c,99.7724%,29,12715,12744,12272,0,29,443
0x7d99ee,93.287%,29,403,432,259,11,18,144
0x97a6f6,98.6151%,29,2065,2094,1732,13,16,333
0x7dc790,99.784%,28,12932,12960,12480,0,28,452
0x735dc3,99.7392%,28,10710,10738,10322,3,25,388
0x7dc244,99.784%,28,12932,12960,12477,3,25,455
0x77bfb7,99.5606%,28,6344,6372,6252,2,26,92
0x87a89c,94.1667%,28,452,480,419,1,27,33
0x7928a8,99.8739%,28,22172,22200,21308,4,24,864
0x877b54,99.7803%,28,12716,12744,12270,2,26,446
0x87da33,99.1212%,28,3158,3186,3123,4,24,35
0x7f95e6,99.4949%,28,5516,5544,5394,6,22,122
0x7a37f3,99.1212%,28,3158,3186,3125,2,26,33
0x87b487,99.8901%,28,25460,25488,25010,6,22,450
0x7a184d,99.7803%,28,12716,12744,12272,0,28,444
0x780897,94.0678%,28,444,472,413,0,28,31
0x8fa5ea,93.5185%,28,404,432,269,13,15,135
0x7da006,93.5185%,28,404,432,258,12,16,146
0x7d56fb,88.3117%,27,204,231,153,1,26,51
0x7dbe15,99.7917%,27,12933,12960,12480,0,27,453
0x64bd19,95.8333%,27,621,648,620,4,23,1
0x87dac6,94.2797%,27,445,472,413,0,27,32
0x87c8ce,99.9294%,27,38205,38232,36807,9,18,1398
0x77cf55,83.7349%,27,139,166,139,3,24,0
0x877766,99.7881%,27,12717,12744,12271,1,26,446
0x7a1cce,94.2797%,27,445,472,411,2,25,34
0x7db6e5,99.7917%,27,12933,12960,12479,1,26,454
0x787b43,99.7837%,27,12453,12480,11517,3,24,936
0x7a346b,99.7579%,27,11124,11151,10737,1,26,387
0x77c6a7,99.5763%,27,6345,6372,6254,0,27,91
0x7a3b79,94.2797%,27,445,472,411,2,25,34
0x65f0e0,95.8333%,27,621,648,619,5,22,2
0x7d9454,93.75%,27,405,432,260,10,17,145
0x7daffe,94.375%,27,453,480,420,0,27,33
0x7da691,94.3515%,27,451,478,440,8,19,11
0x793365,96.9595%,27,861,888,665,1,26,196
0x87dd5c,94.2797%,27,445,472,413,0,27,32
0x7daded,99.7527%,27,10893,10920,10500,0,27,393
0x77ccc5,99.5763%,27,6345,6372,6254,0,27,91
0x7dc5d0,99.7917%,27,12933,12960,12480,0,27,453
0x7dbf57,99.7917%,27,12933,12960,12480,0,27,453
0x96b7cc,99.9618%,26,68119,68145,12584,13,13,55535
0x7f929a,95.8333%,26,598,624,578,10,16,20
0x7d4f8d,95.7792%,26,590,616,537,2,24,53
0x87b89d,94.5833%,26,454,480,419,1,25,35
0x87d995,99.1839%,26,3160,3186,3126,1,25,34
0x7dc359,89.1667%,26,214,240,180,0,26,34
0x77faa7,93.9815%,26,406,432,154,8,18,252
0x87267c,95.8333%,26,598,624,179,13,13,419
0x8777b8,99.796%,26,12718,12744,12272,0,26,446
0x77c037,99.592%,26,6346,6372,6246,8,18,100
0x7a28aa,99.796%,26,12718,12744,12270,2,24,448
0x87d955,99.1839%,26,3160,3186,3126,1,25,34
0x77cc67,99.592%,26,6346,6372,6254,0,26,92
0x780762,94.4915%,26,446,472,412,1,25,34
0x87bffe,94.4915%,26,446,472,408,5,21,38
0x7a3895,99.1839%,26,3160,3186,3126,1,25,34
0x7a3a9c,94.7034%,25,447,472,409,4,21,38
0x793d18,97.1847%,25,863,888,665,1,24,198
0x87d973,99.2153%,25,3161,3186,3126,1,24,35
0x78c003,99.2284%,25,3215,3240,3177,3,22,38
0x7a3d2c,94.7034%,25,447,472,406,7,18,41
0x78bfd4,99.2284%,25,3215,3240,3175,5,20,40
0x7db05e,94.7917%,25,455,480,420,0,25,35
0x7d9604,94.213%,25,407,432,260,10,15,147
0x7a3854,99.2153%,25,3161,3186,3126,1,24,35
0x7a5dbe,94.7034%,25,447,472,413,0,25,34
0x77fcd9,99.5994%,25,6215,6240,5757,3,22,458
0x78c0a2,99.2284%,25,3215,3240,3178,2,23,37
0x7d5a22,89.1775%,25,206,231,142,12,13,64
0x7d8cf5,99.2593%,24,3216,3240,3177,3,21,39
0x77c685,99.6234%,24,6348,6372,6254,0,24,94
0x87986c,99.8148%,24,12936,12960,12477,3,21,459
0x7d9594,94.4444%,24,408,432,259,11,13,149
0x7d94b3,94.4444%,24,408,432,152,10,14,256
0x77c07c,99.6234%,24,6348,6372,6254,0,24,94
0x87b525,99.2467%,24,3162,3186,3115,12,12,47
0x7a38b2,99.2467%,24,3162,3186,3127,0,24,35
0x7a153d,99.8117%,24,12720,12744,12269,3,21,451
0x7da802,97.5%,24,936,960,838,2,22,98
0x793b22,97.2973%,24,864,888,660,6,18,204
0x7db0c7,95%,24,456,480,418,2,22,38
0x87886c,99.9058%,24,25464,25488,25306,17,7,158
0x78c0d2,99.2593%,24,3216,3240,3177,3,21,39
0x77bff7,99.6234%,24,6348,6372,6253,1,23,95
0x78be48,99.9074%,24,25896,25920,24957,3,21,939
0x95faeb,96.8421%,24,736,760,674,10,14,62
0x77fa3d,94.4444%,24,408,432,258,12,12,150
0x872ad4,93.6111%,23,337,360,300,0,23,37
0x7a1c53,95.1271%,23,449,472,412,1,22,37
0x87b585,99.2781%,23,3163,3186,3126,1,22,37
0x7a3e19,95.1271%,23,449,472,409,4,19,40
0x77bfd5,99.639%,23,6349,6372,6252,2,21,97
0x87d9c3,99.2781%,23,3163,3186,3126,1,22,37
0x77cca7,99.639%,23,6349,6372,6254,0,23,95
0x87b6b9,95.2083%,23,457,480,416,4,19,41
0x77c705,99.639%,23,6349,6372,6254,0,23,95
0x77c667,99.639%,23,6349,6372,6254,0,23,95
0x7d8cd7,99.2901%,23,3217,3240,3179,1,22,38
0x7db36a,99.0934%,23,2514,2537,2470,13,10,44
0x7db127,95.2083%,23,457,480,413,7,16,44
0x77cc45,99.639%,23,6349,6372,6250,4,19,99
0x7dbb14,99.8225%,23,12937,12960,12477,3,20,460
0x87b4c5,99.3095%,22,3164,3186,3124,3,19,40
0x7a35c1,95.339%,22,450,472,413,0,22,37
0x7d9b01,94.9074%,22,410,432,152,10,12,258
0x794fca,96.3816%,22,586,608,528,4,18,58
0x7dc0f5,99.8302%,22,12938,12960,12478,2,20,460
0x877c5b,99.9137%,22,25466,25488,25013,3,19,453
0x7d8bff,95.4167%,22,458,480,417,3,19,41
0x87dba5,95.339%,22,450,472,413,0,22,37
0x77c7c2,97.6695%,22,922,944,825,1,21,97
0x878050,95.339%,22,450,472,410,3,19,40
0x7da5f1,95.3975%,22,456,478,441,7,15,15
0x7da81f,81.6667%,22,98,120,55,5,17,43
0x7d8d85,99.321%,22,3218,3240,3179,1,21,39
0x7a471c,96.1199%,22,545,567,545,1,21,0
0x96b845,99.8333%,21,12576,12597,0,0,21,12576
0x77cc27,99.6704%,21,6351,6372,6251,3,18,100
0x87be25,99.8352%,21,12723,12744,12271,1,20,452
0x9773c7,99.9962%,21,551480,551501,7497,16,5,543983
0x780a55,95.5508%,21,451,472,413,0,21,38
0x7a8939,90.9091%,21,210,231,139,15,6,71
0x9773f3,99.9962%,21,550975,550996,550218,12,9,757
0x87b5b5,99.3409%,21,3165,3186,3126,1,20,39
0x7a3f98,95.1389%,21,411,432,154,8,13,257
0x794f91,99.7341%,21,7878,7899,2712,14,7,5166
0x77c6c5,99.6704%,21,6351,6372,6253,1,20,98
0x7db9c5,99.838%,21,12939,12960,12480,0,21,459
0x77ee84,73.4177%,21,58,79,8,17,4,50
0x64bc58,96.7593%,21,627,648,623,1,20,4
0x77facb,95.1389%,21,411,432,411,13,8,0
0x77b61e,98.9062%,21,1899,1920,1675,5,16,224
0x7a3873,99.3409%,21,3165,3186,3121,6,15,44
0x87d9e5,99.3723%,20,3166,3186,3126,1,19,40
0x7d9a5c,95.3704%,20,412,432,261,9,11,151
0x7d8c8f,95.8333%,20,460,480,419,1,19,41
0x77c055,99.6861%,20,6352,6372,6252,2,18,100
0x7db198,95.8333%,20,460,480,419,1,19,41
0x7a38d2,99.3723%,20,3166,3186,3126,1,19,40
0x7a5f09,95.7627%,20,452,472,413,0,20,39
0x87b4f5,99.3723%,20,3166,3186,3126,1,19,40
0x78b971,99.8397%,20,12460,12480,11520,0,20,940
0x78b024,99.9614%,20,51796,51816,49533,4,16,2263
0x8726c0,89.5833%,20,172,192,172,4,16,0
0x7d8cb5,99.3827%,20,3220,3240,3180,0,20,40
0x873e46,97.9339%,20,948,968,847,0,20,101
0x7d8d45,99.4136%,19,3221,3240,3180,0,19,41
0x87b555,99.4036%,19,3167,3186,3125,2,17,42
0x7d8da5,99.4136%,19,3221,3240,3180,0,19,41
0x9600c5,98.3493%,19,1132,1151,220,11,8,912
0x7d8d17,99.4136%,19,3221,3240,3175,5,14,46
0x77c72c,99.7018%,19,6353,6372,6254,0,19,99
0x650f9b,93.8312%,19,289,308,227,4,15,62
0x77f472,77.381%,19,65,84,15,3,16,50
0x872796,96.9551%,19,605,624,605,7,12,0
0x64a52c,97.9437%,19,905,924,692,1,18,213
0x79695e,99.7627%,19,7989,8008,7389,3,16,600
0x64bdd8,97.0679%,19,629,648,624,0,19,5
0x7d9faa,95.6019%,19,413,432,258,12,7,155
0x7f9542,99.0226%,19,1925,1944,1908,0,19,17
0x64bb03,62.5%,18,30,48,30,12,6,0
0x87bf4a,96.1864%,18,454,472,413,0,18,41
0x78bcf8,99.9306%,18,25902,25920,24959,1,17,943
0x7a3832,99.435%,18,3168,3186,3126,1,17,42
0x8741a1,98.1405%,18,950,968,846,1,17,104
0x78bfa2,99.4444%,18,3222,3240,3180,0,18,42
0x7a44fe,97.1154%,18,606,624,596,4,14,10
0x788786,99.8558%,18,12462,12480,11518,2,16,944
0x78ad89,98.125%,18,942,960,840,0,18,102
0x8481f0,99.9459%,18,33246,33264,32828,4,14,418
0x878128,96.1864%,18,454,472,411,2,16,43
0x8754a4,99.8611%,18,12942,12960,12478,2,16,464
0x7d8993,95.8333%,18,414,432,156,6,12,258
0x77cc05,99.7175%,18,6354,6372,6250,4,14,104
0x86e0d4,92.6407%,17,214,231,146,8,9,68
0x84802b,99.5177%,17,3508,3525,2855,3,14,653
0x7d98f1,96.0648%,17,415,432,260,10,7,155
0x87abcc,96.3983%,17,455,472,413,0,17,42
0x64bea0,97.3765%,17,631,648,621,3,14,10
0x830966,92.1296%,17,199,216,199,9,8,0
0x879c21,96.4583%,17,463,480,420,0,17,43
0x5416b1,96.5217%,16,444,460,0,0,16,444
0x87db28,96.6102%,16,456,472,413,0,16,43
0x7f9730,99.177%,16,1928,1944,1905,3,13,23
0x7a2c1b,99.8745%,16,12728,12744,12270,2,14,458
0x77d247,96.2963%,16,416,432,416,8,8,0
0x977404,99.9971%,16,550980,550996,7612,9,7,543368
0x8745a0,96.2963%,16,416,432,416,8,8,0
0x7a24f7,90.9605%,16,161,177,115,3,13,46
0x64575a,99.5277%,16,3372,3388,2533,8,8,839
0x77eeda,96.6102%,16,456,472,410,3,13,46
0x77b3ed,87.5%,15,105,120,56,4,11,49
0x8e3edb,99.656%,15,4346,4361,3640,3,12,706
0x87620f,96.5278%,15,417,432,417,7,8,0
0x64b629,93.5065%,15,216,231,4,11,4,212
0x78c084,99.537%,15,3225,3240,3176,4,11,49
0x97741a,99.9973%,15,550981,550996,543371,4,11,7610
0x77e42f,87.5%,15,105,120,58,2,13,47
0x7d9b14,96.5278%,15,417,432,417,7,8,0
0x7d8d67,99.537%,15,3225,3240,3180,0,15,45
0x7d9fdf,96.5278%,15,417,432,417,7,8,0
0x7805f2,96.822%,15,457,472,411,2,13,46
0x7da061,96.5278%,15,417,432,260,10,5,157
0x7d947d,96.7593%,14,418,432,418,6,8,0
0x77e934,99.946%,14,25906,25920,431,1,13,25475
0x872a22,99.7569%,14,5746,5760,5557,10,4,189
0x872c12,93.9394%,14,217,231,154,0,14,63
0x7d942a,96.7593%,14,418,432,418,6,8,0
0x791a7e,41.6667%,14,10,24,7,11,3,3
0x78c034,99.5679%,14,3226,3240,3178,2,12,48
0x77e2b3,98.5417%,14,946,960,840,0,14,106
0x7a3fd9,91.358%,14,148,162,108,0,14,40
0x7db3da,94.1667%,14,226,240,180,0,14,46
0x7da0c8,96.7593%,14,418,432,418,6,8,0
0x8480cd,99.7376%,14,5322,5336,25,7,7,5297
0x77b39e,99.3229%,13,1907,1920,1676,4,9,231
0x8757a3,93.9815%,13,203,216,203,5,8,0
0x77c015,99.796%,13,6359,6372,6251,3,10,108
0x64bbad,72.9167%,13,35,48,35,7,6,0
0x7f92d3,99.3313%,13,1931,1944,1931,1,12,0
0x830e44,93.9815%,13,203,216,203,5,8,0
0x874039,97.379%,13,483,496,429,5,8,54
0x7d95d9,96.9907%,13,419,432,419,5,8,0
0x77ebd4,96.9907%,13,419,432,261,9,4,158
0x7d9a88,96.9907%,13,419,432,419,5,8,0
0x879ccc,93.9815%,13,203,216,203,5,8,0
0x7d8924,87.5%,13,91,104,91,5,8,0
0x6456c6,98.5832%,12,835,847,0,0,12,835
0x87c7ec,99.1525%,12,1404,1416,0,0,12,1404
0x87b5e5,99.6234%,12,3174,3186,3124,3,9,50
0x8e3503,99.562%,12,2728,2740,1368,2,10,1360
0x7d883c,94.4444%,12,204,216,202,6,6,2
0x87a902,97.5%,12,468,480,11,5,7,457
0x65ec14,94.8052%,12,219,231,148,6,6,71
0x9617da,96.0784%,12,294,306,71,5,7,223
0x879475,94.4444%,12,204,216,204,4,8,0
0x876303,94.4444%,12,204,216,204,4,8,0
0x8e3e3b,99.562%,12,2728,2740,1369,1,11,1359
0x77eb50,97.2222%,12,420,432,420,4,8,0
0x8482a1,99.9639%,12,33252,33264,32825,7,5,427
0x7d96b3,97.2222%,12,420,432,420,4,8,0
0x6500a2,99.026%,12,1220,1232,1077,1,11,143
0x8d0316,95.6204%,12,262,274,0,0,12,262
0x875984,97.2222%,12,420,432,420,4,8,0
0x8e38e1,99.1241%,12,1358,1370,544,4,8,814
0x78b9bc,98.8542%,11,949,960,840,0,11,109
0x92a7cb,99.811%,11,5810,5821,0,0,11,5810
0x665038,94.9074%,11,205,216,205,3,8,0
0x7a3fb8,93.2099%,11,151,162,151,0,11,0
0x797363,96.4286%,11,297,308,0,0,11,297
0x872717,94.2708%,11,181,192,181,11,0,0
0x874234,94.9074%,11,205,216,205,3,8,0
0x77e580,89.4231%,11,93,104,93,3,8,0
0x7d89a6,97.4537%,11,421,432,421,3,8,0
0x7d88e5,94.9074%,11,205,216,204,4,7,1
0x7d5cb2,95.2381%,11,220,231,2,4,7,218
0x95faa6,85.5263%,11,65,76,0,0,11,65
0x91f820,97.6546%,11,458,469,0,0,11,458
0x78019c,94.9074%,11,205,216,205,3,8,0
0x77d19a,97.4537%,11,421,432,421,3,8,0
0x77f91f,97.4537%,11,421,432,421,3,8,0
0x7a40b9,94.7115%,11,197,208,197,3,8,0
0x77fdc8,31.25%,11,5,16,0,3,8,5
0x8e3e07,99.1971%,11,1359,1370,0,0,11,1359
0x962817,95.6522%,10,220,230,0,0,10,220
0x8e33f6,99.2701%,10,1360,1370,0,0,10,1360
0x92a7fe,87.6543%,10,71,81,71,3,7,0
0x7a401d,97.6852%,10,422,432,422,2,8,0
0x87464b,97.6852%,10,422,432,422,2,8,0
0x7d9503,97.6852%,10,422,432,422,2,8,0
0x8794c4,95.3704%,10,206,216,206,2,8,0
0x8740bc,98.4202%,10,623,633,613,7,3,10
0x961692,95.6522%,10,220,230,150,4,6,70
0x7a5267,95.1923%,10,198,208,198,2,8,0
0x7d9de5,97.6852%,10,422,432,0,0,10,422
0x879302,95.3704%,10,206,216,206,2,8,0
0x77fab6,96.2963%,10,260,270,0,0,10,260
0x8fa5e6,97.6852%,10,422,432,0,0,10,422
0x7a57ca,94.709%,10,179,189,179,3,7,0
0x879250,95.3704%,10,206,216,206,2,8,0
0x873cb8,97.9167%,10,470,480,419,1,9,51
0x64b97c,33.3333%,10,5,15,5,4,6,0
0x77b66d,91.6667%,10,110,120,60,0,10,50
0x873242,95.3704%,10,206,216,206,2,8,0
0x77fdb0,90.3846%,10,94,104,94,2,8,0
0x65f3ba,95.671%,10,221,231,154,0,10,67
0x77ec13,97.6852%,10,422,432,422,2,8,0
0x876432,97.6852%,10,422,432,422,2,8,0
0x873ed1,91.7355%,10,111,121,59,0,10,52
0x87514d,58.3333%,10,14,24,14,7,3,0
0x7a416c,94.709%,10,179,189,179,3,7,0
0x843062,99.8789%,10,8250,8260,0,0,10,8250
0x7da032,97.6852%,10,422,432,422,2,8,0
0x8277f3,98.7984%,9,740,749,567,2,7,173
0x7a4b69,95.8333%,9,207,216,203,5,4,4
0x7d962d,97.9167%,9,423,432,423,1,8,0
0x83073b,91.3462%,9,95,104,92,4,5,3
0x77fafe,97.9167%,9,423,432,423,1,8,0
0x785ac1,91.3462%,9,95,104,95,1,8,0
0x872a33,95.3368%,9,184,193,93,4,5,91
0x77ef38,88.6076%,9,70,79,0,0,9,70
0x86d97f,96.1039%,9,222,231,222,6,3,0
0x96028d,96.1039%,9,222,231,0,0,9,222
0x77f74c,89.4118%,9,76,85,0,2,7,76
0x91fdf1,98.0263%,9,447,456,183,3,6,264
0x7d9ac2,91.3462%,9,95,104,95,1,8,0
0x77fa61,97.9167%,9,423,432,423,1,8,0
0x8fa329,98.081%,9,460,469,460,9,0,0
0x78b8b8,92.5%,9,111,120,111,9,0,0
0x7886d2,99.0625%,9,951,960,0,0,9,951
0x785ece,91.3462%,9,95,104,95,1,8,0
0x876505,91.3462%,9,95,104,95,1,8,0
0x7d9a35,97.9167%,9,423,432,423,1,8,0
0x77b34b,92.5%,9,111,120,0,0,9,111
0x7d9715,97.9167%,9,423,432,423,1,8,0
0x7db4ab,85%,9,51,60,0,0,9,51
0x7f91c5,98.0519%,9,453,462,0,0,9,453
0x874511,97.9167%,9,423,432,423,1,8,0
0x8e5f17,98.5413%,9,608,617,0,0,9,608
0x77b14a,92.5%,9,111,120,58,2,7,53
0x78c57e,62.5%,9,15,24,15,6,3,0
0x77efbc,89.8734%,8,71,79,0,0,8,71
0x64ff7b,94.8052%,8,146,154,0,0,8,146
0x7aa434,89.6104%,8,69,77,1,0,8,68
0x7d9df2,98.1481%,8,424,432,424,0,8,0
0x961684,96.5217%,8,222,230,0,0,8,222
0x7d9976,98.1481%,8,424,432,424,0,8,0
0x92a7d1,99.8626%,8,5813,5821,0,0,8,5813
0x7a4ab5,0%,8,0,8,0,0,8,0
0x785bb3,0%,8,0,8,0,0,8,0
0x797404,89.6104%,8,69,77,0,0,8,69
0x87888f,95.1515%,8,157,165,0,3,5,157
0x7a536e,0%,8,0,8,0,0,8,0
0x876226,0%,8,0,8,0,7,1,0
0x7d4dd8,66.6667%,8,16,24,16,5,3,0
0x97ae52,99.7804%,8,3635,3643,1892,6,2,1743
0x77f845,99.9843%,8,50968,50976,50968,6,2,0
0x663527,89.6104%,8,69,77,0,0,8,69
0x7d81ce,96.5368%,8,223,231,153,1,7,70
0x961595,99.1304%,8,912,920,73,4,4,839
0x7d7667,99.1111%,8,892,900,675,0,8,217
0x97748e,99.8858%,8,7000,7008,0,0,8,7000
0x7d9565,98.1481%,8,424,432,424,0,8,0
0x77b37d,96.6667%,8,232,240,0,0,8,232
0x786266,99.3421%,8,1208,1216,607,1,7,601
0x7d9254,98.1481%,8,424,432,424,0,8,0
0x77e3a3,99.1667%,8,952,960,0,0,8,952
0x8fa052,99.8645%,8,5894,5902,5894,8,0,0
0x87cf32,98.1481%,8,424,432,424,0,8,0
0x977439,99.895%,8,7613,7621,0,0,8,7613
0x8e3ef6,98.8858%,8,710,718,0,0,8,710
0x645684,99.0555%,8,839,847,0,0,8,839
0x64ba4f,83.3333%,8,40,48,40,2,6,0
0x7a4f1a,96.2963%,8,208,216,208,0,8,0
0x77b5db,96.6667%,8,232,240,0,0,8,232
0x9636a7,99.3043%,8,1142,1150,0,0,8,1142
0x7a5a6a,98.3051%,8,464,472,0,0,8,464
0x7d893e,50%,8,8,16,7,1,7,1
0x796809,98.7013%,8,608,616,0,0,8,608
0x7a23d0,99.435%,7,1232,1239,0,0,7,1232
0x963d23,99.3918%,7,1144,1151,0,0,7,1144
0x87c800,99.5056%,7,1409,1416,0,0,7,1409
0x78b519,94.1667%,7,113,120,0,0,7,113
0x875824,96.7593%,7,209,216,208,0,7,1
0x7d876b,97.0833%,7,233,240,0,0,7,233
0x79647b,98.8636%,7,609,616,0,0,7,609
0x77fcfd,99.2708%,7,953,960,475,5,2,478
0x8732f9,88.3333%,7,53,60,0,1,6,53
0x9600e8,99.2391%,7,913,920,0,0,7,913
0x979848,99.8395%,7,4354,4361,0,0,7,4354
0x8730fd,99.9739%,7,26777,26784,26777,7,0,0
0x77e2f3,99.2708%,7,953,960,0,0,7,953
0x91f7c2,98.5075%,7,462,469,452,4,3,10
0x7de787,98.1818%,7,378,385,0,0,7,378
0x665f8c,90.9091%,7,70,77,70,5,2,0
0x961785,98.694%,7,529,536,230,0,7,299
0x960283,96.9697%,7,224,231,0,0,7,224
0x7d8577,94.1667%,7,113,120,60,0,7,53
0x86daf1,96.9697%,7,224,231,224,7,0,0
0x87639d,98.3796%,7,425,432,425,7,0,0
0x66497c,90.9091%,7,70,77,0,0,7,70
0x77ee63,96%,7,168,175,0,0,7,168
0x77b5cb,94.1667%,7,113,120,0,0,7,113
0x960202,96.9697%,7,224,231,0,0,7,224
0x97a439,95.4545%,7,147,154,0,0,7,147
0x7d9a42,12.5%,7,1,8,0,7,0,1
0x8e3ee3,99.0251%,7,711,718,578,3,4,133
0x91fa6f,98.5075%,7,462,469,0,0,7,462
0x77b3c7,97.0833%,7,233,240,120,0,7,113
0x64a4c4,99.6212%,7,1841,1848,923,1,6,918
0x7d8551,97.0833%,7,233,240,120,0,7,113
0x92a7e0,99.8814%,7,5895,5902,0,0,7,5895
0x7f92dd,50%,6,6,12,0,6,0,6
0x66368a,99.026%,6,610,616,0,0,6,610
0x786155,99.0132%,6,602,608,0,0,6,602
0x87c7fb,99.5763%,6,1410,1416,0,0,6,1410
0x92a64f,99.8983%,6,5896,5902,0,0,6,5896
0x961575,99.4783%,6,1144,1150,228,2,4,916
0x7db474,90%,6,54,60,0,0,6,54
0x977534,98.8119%,6,499,505,0,0,6,499
0x8e3404,99.562%,6,1364,1370,0,0,6,1364
0x78bc83,99.375%,6,954,960,0,0,6,954
0x7db3ff,90%,6,54,60,0,0,6,54
0x79562e,92.1053%,6,70,76,0,0,6,70
0x92a998,14.2857%,6,1,7,0,0,6,1
0x77b599,90%,6,54,60,0,0,6,54
0x7a2b79,98.7288%,6,466,472,0,0,6,466
0x9600fa,99.3478%,6,914,920,0,0,6,914
0x795412,92.1053%,6,70,76,0,0,6,70
0x796c41,92.2078%,6,71,77,0,0,6,71
0x8729dd,98.3333%,6,354,360,0,0,6,354
0x91f8bd,98.7207%,6,463,469,1,5,1,462
0x77f403,94.9153%,6,112,118,59,0,6,53
0x8fa609,96%,6,144,150,144,6,0,0
0x7d9e03,25%,6,2,8,2,5,1,0
0x792ed8,99.3243%,6,882,888,0,0,6,882
0x786163,99.0132%,6,602,608,0,0,6,602
0x91d7ea,98.7207%,6,463,469,0,0,6,463
0x827783,99.1989%,6,743,749,342,5,1,401
0x87c456,75%,6,18,24,0,0,6,18
0x785aef,62.5%,6,10,16,5,3,3,5
0x7d9247,98.6111%,6,426,432,0,0,6,426
0x7963a4,99.026%,6,610,616,0,0,6,610
0x7a21de,99.5763%,6,1410,1416,1410,6,0,0
0x831dc1,25%,6,2,8,0,0,6,2
0x87a020,98.75%,6,474,480,420,0,6,54
0x7d9c88,96.2963%,6,156,162,0,0,6,156
0x831e93,97.2222%,6,210,216,208,0,6,2
0x7d6a60,75%,6,18,24,18,0,6,0
0x792b07,99.3243%,6,882,888,666,0,6,216
0x77fddb,62.5%,6,10,16,6,2,4,4
0x960525,97.4026%,6,225,231,0,0,6,225
0x879d6b,88.8889%,6,48,54,48,5,1,0
0x77c5f0,98.1481%,6,318,324,0,0,6,318
0x8731ae,90.3226%,6,56,62,56,5,1,0
0x8773cb,98.5472%,6,407,413,0,0,6,407
0x8e3edf,99.1643%,6,712,718,0,0,6,712
0x7a2805,98.7288%,6,466,472,0,0,6,466
0x91fb1b,98.6842%,6,450,456,0,0,6,450
0x7d850b,97.5%,6,234,240,0,0,6,234
0x64bec5,97.3684%,6,222,228,0,0,6,222
0x8795d3,90%,6,54,60,0,1,5,54
0x78ef9b,97.3684%,6,222,228,150,2,4,72
0x8e340d,99.562%,6,1364,1370,0,0,6,1364
0x64aca1,99.4805%,6,1149,1155,0,0,6,1149
0x878957,96.2963%,6,156,162,0,0,6,156
0x87c7f6,99.5763%,6,1410,1416,0,0,6,1410
0x77f6c8,92.9412%,6,79,85,0,2,4,79
0x788793,99.375%,6,954,960,0,0,6,954
0x77f519,90.625%,6,58,64,0,0,6,58
0x865065,98.6957%,6,454,460,0,0,6,454
0x87a0f7,91.6667%,5,55,60,55,5,0,0
0x8e5eea,99.1896%,5,612,617,0,0,5,612
0x87a8a5,91.6667%,5,55,60,0,0,5,55
0x8d0348,98.1752%,5,269,274,137,0,5,132
0x785e98,37.5%,5,3,8,0,0,5,3
0x7d87b0,97.9167%,5,235,240,120,0,5,115
0x791990,79.1667%,5,19,24,0,0,5,19
0x87bbe7,91.5254%,5,54,59,0,0,5,54
0x80dec2,93.4211%,5,71,76,64,3,2,7
0x95f969,93.4211%,5,71,76,0,0,5,71
0x78b946,99.4792%,5,955,960,0,0,5,955
0x77f449,96.5986%,5,142,147,0,0,5,142
0x78b979,99.4792%,5,955,960,0,0,5,955
0x8797c4,91.6667%,5,55,60,0,0,5,55
0x9636e3,99.5652%,5,1145,1150,0,0,5,1145
0x91d945,98.9339%,5,464,469,464,5,0,0
0x787a2a,99.4792%,5,955,960,0,0,5,955
0x786190,99.1776%,5,603,608,0,0,5,603
0x78bdce,99.4792%,5,955,960,0,0,5,955
0x825bfe,99.3333%,5,745,750,745,5,0,0
0x780434,91.5254%,5,54,59,54,4,1,0
0x795e94,99.1776%,5,603,608,0,0,5,603
0x78f4f3,97.807%,5,223,228,152,0,5,71
0x796ca5,93.5065%,5,72,77,0,0,5,72
0x7987b1,97.8355%,5,226,231,153,1,4,73
0x87b7ef,91.6667%,5,55,60,0,0,5,55
0x963707,99.5652%,5,1145,1150,0,0,5,1145
0x876f07,91.5254%,5,54,59,0,0,5,54
0x77faf1,98.8426%,5,427,432,0,0,5,427
0x650296,97.8355%,5,226,231,72,5,0,154
0x645813,99.4097%,5,842,847,0,0,5,842
0x77bf31,98.4568%,5,319,324,0,0,5,319
0x86d9dd,79.1667%,5,19,24,18,3,2,1
0x7a4e5e,37.5%,5,3,8,0,0,5,3
0x91f7fa,98.9339%,5,464,469,0,0,5,464
0x77eb43,98.8426%,5,427,432,0,0,5,427
0x8e7b75,99.5948%,5,1229,1234,617,0,5,612
0x7a14a8,98.9407%,5,467,472,0,0,5,467
0x7d97e1,90.7407%,5,49,54,49,4,1,0
0x872880,99.3056%,5,715,720,0,0,5,715
0x9615b5,99.4069%,5,838,843,0,0,5,838
0x864fde,98.913%,5,455,460,0,0,5,455
0x8cff5d,99.4565%,5,915,920,0,0,5,915
0x83074e,68.75%,5,11,16,6,2,3,5
0x9600a3,99.5656%,5,1146,1151,0,0,5,1146
0x791898,16.6667%,5,1,6,0,0,5,1
0x86ebd5,91.6667%,5,55,60,55,4,1,0
0x7d5cd2,97.7778%,5,220,225,0,0,5,220
0x7dbb48,91.6667%,5,55,60,0,0,5,55
0x7d92fd,90.7407%,5,49,54,49,4,1,0
0x879d89,90.7407%,5,49,54,49,4,1,0
0x8e5f02,99.1896%,5,612,617,0,0,5,612
0x7a5423,37.5%,5,3,8,0,0,5,3
0x875ac8,91.5254%,5,54,59,0,0,5,54
0x785f26,68.75%,5,11,16,5,3,2,6
0x7dc60f,91.6667%,5,55,60,0,0,5,55
0x785bf2,95.1923%,5,99,104,92,4,1,7
0x65f0f6,79.1667%,5,19,24,19,2,3,0
0x77f175,99.9804%,5,25483,25488,25483,5,0,0
0x96186d,97.8261%,5,225,230,0,0,5,225
0x77b35b,97.9167%,5,235,240,0,0,5,235
0x7a4562,79.1667%,5,19,24,0,0,5,19
0x7f9323,58.3333%,5,7,12,0,0,5,7
0x785f75,93.4211%,5,71,76,0,0,5,71
0x796bbb,93.5065%,5,72,77,0,0,5,72
0x8cff47,99.4565%,5,915,920,0,0,5,915
0x78c396,37.5%,5,3,8,0,0,5,3
0x785833,37.5%,5,3,8,0,0,5,3
0x8e3593,99.635%,5,1365,1370,1365,5,0,0
0x9636fb,99.5652%,5,1145,1150,0,0,5,1145
0x875177,91.6667%,5,55,60,0,0,5,55
0x797416,93.5065%,5,72,77,0,0,5,72
0x876445,37.5%,5,3,8,3,4,1,0
0x78d1e2,93.4211%,5,71,76,0,2,3,71
0x960127,99.4565%,5,915,920,0,0,5,915
0x7d9875,90.7407%,5,49,54,49,4,1,0
0x879d2b,92.5926%,4,50,54,50,3,1,0
0x77e208,96.6667%,4,116,120,0,0,4,116
0x7a281b,99.1525%,4,468,472,0,0,4,468
0x879ebc,99.1667%,4,476,480,418,2,2,58
0x65150d,94.8052%,4,73,77,73,4,0,0
0x7a4743,80.9524%,4,17,21,17,1,3,0
0x790f67,98.2456%,4,224,228,2,4,0,222
0x78c0f6,93.3333%,4,56,60,0,0,4,56
0x8e3f16,99.9989%,4,361682,361686,0,0,4,361682
0x64bd43,83.3333%,4,20,24,20,1,3,0
0x77f7f5,99.9922%,4,50972,50976,50972,2,2,0
0x7d7465,99.5556%,4,896,900,896,4,0,0
0x7db209,93.3333%,4,56,60,0,0,4,56
0x7d92d7,92.5926%,4,50,54,50,3,1,0
0x780696,99.9459%,4,7391,7395,7391,4,0,0
0x64ef54,94.8052%,4,73,77,1,0,4,72
0x6510a3,94.8052%,4,73,77,0,0,4,73
0x7a2b6e,99.1525%,4,468,472,0,0,4,468
0x7963ad,99.3506%,4,612,616,0,0,4,612
0x962810,98.2609%,4,226,230,0,0,4,226
0x7d983e,92.5926%,4,50,54,50,3,1,0
0x7a30f3,99.1525%,4,468,472,0,0,4,468
0x80c6c4,94.7368%,4,72,76,64,3,1,8
0x86506f,99.1304%,4,456,460,0,0,4,456
0x7d96bd,50%,4,4,8,4,3,1,0
0x7a459c,83.3333%,4,20,24,20,1,3,0
0x7a3061,99.1525%,4,468,472,468,4,0,0
0x7a4e69,50%,4,4,8,0,0,4,4
0x7a3054,99.1525%,4,468,472,0,0,4,468
0x7d9ad3,75%,4,12,16,8,0,4,4
0x7a8a0f,94.8052%,4,73,77,0,0,4,73
0x7da3c1,99.1632%,4,474,478,474,4,0,0
0x8e5f2a,99.3517%,4,613,617,0,0,4,613
0x77fae2,50%,4,4,8,4,3,1,0
0x9600b5,99.6525%,4,1147,1151,0,0,4,1147
0x961d25,98.2609%,4,226,230,0,0,4,226
0x66383e,94.8052%,4,73,77,0,0,4,73
0x7a5748,42.8571%,4,3,7,3,4,0,0
0x77af01,95.2381%,4,80,84,0,0,4,80
0x77eb61,50%,4,4,8,4,3,1,0
0x95f9a8,99.4737%,4,756,760,72,4,0,684
0x7a1b0a,99.1525%,4,468,472,468,4,0,0
0x8d02e0,97.0803%,4,133,137,0,0,4,133
0x7f9777,99.7835%,4,1844,1848,1844,4,0,0
0x77d22a,97.5309%,4,158,162,0,0,4,158
0x64a3c1,99.5671%,4,920,924,0,0,4,920
0x78dd97,97.2973%,4,144,148,74,0,4,70
0x876530,75%,4,12,16,8,0,4,4
0x64beb7,83.3333%,4,20,24,20,1,3,0
0x7a220c,99.7175%,4,1412,1416,0,0,4,1412
0x876310,50%,4,4,8,4,3,1,0
0x8d02f7,97.0803%,4,133,137,0,0,4,133
0x64b5bd,98.2684%,4,227,231,0,0,4,227
0x7968b4,99.3506%,4,612,616,0,0,4,612
0x796582,94.8052%,4,73,77,0,0,4,73
0x97a68d,97.0803%,4,133,137,0,0,4,133
0x960bc3,98.2684%,4,227,231,227,4,0,0
0x80db69,94.8052%,4,73,77,73,4,0,0
0x97ae5c,99.8902%,4,3639,3643,3639,3,1,0
0x7f9599,99.7835%,4,1844,1848,0,0,4,1844
0x9600d7,99.5652%,4,916,920,0,0,4,916
0x8fa048,99.9322%,4,5898,5902,0,0,4,5898
0x64bbbc,55.5556%,4,5,9,5,1,3,0
0x64a113,99.9915%,4,47120,47124,47120,4,0,0
0x87c518,83.3333%,4,20,24,20,1,3,0
0x864e46,99.1304%,4,456,460,0,0,4,456
0x95f978,94.7368%,4,72,76,72,4,0,0
0x8e3b9f,99.708%,4,1366,1370,0,0,4,1366
0x874056,96.6942%,4,117,121,0,0,4,117
0x77fe3c,98.1481%,4,212,216,207,1,3,5
0x8cff4c,99.5652%,4,916,920,0,0,4,916
0x7a1aee,99.1525%,4,468,472,0,0,4,468
0x9617cd,98.6928%,4,302,306,0,0,4,302
0x877ba9,93.2203%,4,55,59,0,0,4,55
0x78881f,96.6667%,4,116,120,116,2,2,0
0x79236d,98.1982%,4,218,222,0,0,4,218
0x7a14b3,99.1525%,4,468,472,0,0,4,468
0x790f9c,98.1982%,4,218,222,0,0,4,218
0x77d938,99.1684%,4,477,481,477,4,0,0
0x7d87d6,96.6667%,4,116,120,60,0,4,56
0x786963,93.3333%,4,56,60,56,3,1,0
0x91f886,99.1471%,4,465,469,465,4,0,0
0x80dc6d,94.8052%,4,73,77,0,0,4,73
0x86d6b7,94.8052%,4,73,77,0,2,2,73
0x7db4fe,93.3333%,4,56,60,0,0,4,56
0x663899,94.8052%,4,73,77,0,0,4,73
0x7db466,93.3333%,4,56,60,0,0,4,56
0x785850,50%,4,4,8,4,3,1,0
0x77f794,99.9941%,3,50973,50976,50973,1,2,0
0x785f57,62.5%,3,5,8,5,2,1,0
0x77e44c,95%,3,57,60,57,2,1,0
0x77f0b4,99.9882%,3,25485,25488,25485,3,0,0
0x7dc45e,95%,3,57,60,0,0,3,57
0x97a69b,97.8102%,3,134,137,0,0,3,134
0x7969e3,99.7565%,3,1229,1232,613,3,0,616
0x77ef2a,99.9882%,3,25406,25409,25406,3,0,0
0x7d690e,50%,3,3,6,0,0,3,3
0x77ebd8,98.1481%,3,159,162,0,0,3,159
0x875831,62.5%,3,5,8,5,2,1,0
0x785e50,62.5%,3,5,8,0,0,3,5
0x8309c7,96.1039%,3,74,77,0,0,3,74
0x7dbbdb,98.75%,3,237,240,0,0,3,237
0x961613,96.1039%,3,74,77,0,0,3,74
0x87c949,98.3051%,3,174,177,174,0,3,0
0x7d8778,99.8438%,3,1917,1920,0,0,3,1917
0x795e9d,99.5066%,3,605,608,0,0,3,605
0x79267a,99.6622%,3,885,888,0,0,3,885
0x879dab,94.4444%,3,51,54,51,2,1,0
0x785bc6,62.5%,3,5,8,0,0,3,5
0x7a23e8,99.7579%,3,1236,1239,1236,3,0,0
0x77f8a4,95.3125%,3,61,64,61,2,1,0
0x9601a2,98.7013%,3,228,231,0,0,3,228
0x8777db,94.9153%,3,56,59,56,3,0,0
0x7a5838,95%,3,57,60,0,1,2,57
0x865027,99.3478%,3,457,460,0,0,3,457
0x78e30f,96.0526%,3,73,76,0,2,1,73
0x5e95e6,99.6%,3,747,750,0,0,3,747
0x785bfa,62.5%,3,5,8,0,0,3,5
0x7d84e6,97.5%,3,117,120,0,0,3,117
0x87cf03,99.3056%,3,429,432,429,3,0,0
0x795c1f,96.0526%,3,73,76,0,0,3,73
0x8129e0,99.9234%,3,3913,3916,426,0,3,3487
0x65039e,99.513%,3,613,616,461,1,2,152
0x7a2810,99.3644%,3,469,472,0,0,3,469
0x77e23e,97.5%,3,117,120,0,0,3,117
0x86d9fa,98.7013%,3,228,231,0,0,3,228
0x91faea,99.3603%,3,466,469,0,0,3,466
0x77e185,97.5%,3,117,120,0,0,3,117
0x7d92b8,94.4444%,3,51,54,51,2,1,0
0x877f9a,94.9153%,3,56,59,0,0,3,56
0x87db53,99.3644%,3,469,472,0,0,3,469
0x79682c,99.513%,3,613,616,0,0,3,613
0x7a40fd,62.5%,3,5,8,5,2,1,0
0x78c561,87.5%,3,21,24,0,0,3,21
0x78c557,0%,3,0,3,0,0,3,0
0x87b6fd,95%,3,57,60,0,0,3,57
0x78c2fc,95%,3,57,60,57,2,1,0
0x91f7df,99.3603%,3,466,469,0,0,3,466
0x7a5729,57.1429%,3,4,7,0,0,3,4
0x879ce5,62.5%,3,5,8,5,2,1,0
0x87293c,97.5%,3,117,120,117,1,2,0
0x960099,99.7394%,3,1148,1151,0,0,3,1148
0x84801b,99.9185%,3,3676,3679,0,0,3,3676
0x874244,62.5%,3,5,8,5,2,1,0
0x7d9265,62.5%,3,5,8,5,2,1,0
0x786442,96.0526%,3,73,76,73,2,1,0
0x879d49,94.4444%,3,51,54,51,2,1,0
0x9617a6,99.0196%,3,303,306,0,0,3,303
0x7d68f2,50%,3,3,6,0,0,3,3
0x961778,99.0196%,3,303,306,0,0,3,303
0x831c60,96.1039%,3,74,77,74,2,1,0
0x664ebc,96.1039%,3,74,77,0,0,3,74
0x91fead,98.8889%,3,267,270,0,0,3,267
0x91fb29,99.3421%,3,453,456,453,3,0,0
0x91fb45,99.3421%,3,453,456,453,3,0,0
0x91f919,99.3603%,3,466,469,456,0,3,10
0x91f837,99.3603%,3,466,469,0,0,3,466
0x7d9487,62.5%,3,5,8,5,2,1,0
0x912898,57.1429%,3,4,7,4,3,0,0
0x792eaa,99.6622%,3,885,888,0,0,3,885
0x87c554,0%,3,0,3,0,0,3,0
0x87b41f,95%,3,57,60,0,1,2,57
0x8e3efe,99.5822%,3,715,718,0,0,3,715
0x7a46b3,85.7143%,3,18,21,18,3,0,0
0x77f733,99.9941%,3,50888,50891,50888,3,0,0
0x77fc92,95%,3,57,60,0,0,3,57
0x7d4dfc,0%,3,0,3,0,2,1,0
0x9601ae,98.7013%,3,228,231,228,3,0,0
0x7db4f0,95%,3,57,60,0,0,3,57
0x7d9221,95%,3,57,60,57,2,1,0
0x64bdfd,87.5%,3,21,24,21,0,3,0
0x788600,97.5%,3,117,120,0,0,3,117
0x6f4655,96.1039%,3,74,77,74,3,0,0
0x879dee,94.4444%,3,51,54,51,2,1,0
0x879dc9,94.4444%,3,51,54,51,2,1,0
0x87a046,95%,3,57,60,57,2,1,0
0x787bce,99.8438%,3,1917,1920,960,0,3,957
0x878ab3,94.9153%,3,56,59,56,2,1,0
0x64a46a,99.6753%,3,921,924,0,0,3,921
0x7a21f9,99.7881%,3,1413,1416,0,0,3,1413
0x7d9d7f,98.1481%,3,159,162,0,0,3,159
0x7a4691,85.7143%,3,18,21,0,0,3,18
0x77fa78,62.5%,3,5,8,5,2,1,0
0x831de1,62.5%,3,5,8,5,3,0,0
0x7a17b8,99.3644%,3,469,472,0,0,3,469
0x77b5fd,98.75%,3,237,240,0,0,3,237
0x79698b,99.513%,3,613,616,0,0,3,613
0x7d728b,99.6667%,3,897,900,0,0,3,897
0x64f4e7,96.1039%,3,74,77,74,3,0,0
0x795fc3,99.7533%,3,1213,1216,608,0,3,605
0x64bc6f,87.5%,3,21,24,21,0,3,0
0x87b8dd,95%,3,57,60,57,2,1,0
0x78051e,98.1481%,3,159,162,0,0,3,159
0x6500d4,98.7013%,3,228,231,77,0,3,151
0x787af0,99.6875%,3,957,960,0,0,3,957
0x7f94a3,99.8457%,3,1941,1944,1941,3,0,0
0x7d4dbd,0%,3,0,3,0,0,3,0
0x64be3c,0%,3,0,3,0,0,3,0
0x87b6cf,95%,3,57,60,0,0,3,57
0x7db41a,96.6667%,2,58,60,0,0,2,58
0x797c1c,97.4026%,2,75,77,0,0,2,75
0x7a4f5d,75%,2,6,8,6,1,1,0
0x7d9f30,96.2963%,2,52,54,52,1,1,0
0x785afe,75%,2,6,8,6,1,1,0
0x7d9353,96.2963%,2,52,54,52,1,1,0
0x7da0d5,75%,2,6,8,6,1,1,0
0x65f10d,33.3333%,2,1,3,1,1,1,0
0x791363,99.7748%,2,886,888,0,0,2,886
0x91f814,99.5736%,2,467,469,0,0,2,467
0x7d932c,96.2963%,2,52,54,52,1,1,0
0x87515d,33.3333%,2,1,3,1,1,1,0
0x66500a,75%,2,6,8,0,0,2,6
0x864fe8,99.5652%,2,458,460,0,0,2,458
0x650f1b,99.3506%,2,306,308,0,0,2,306
0x78ddad,97.3684%,2,74,76,0,0,2,74
0x872308,0%,2,0,2,0,1,1,0
0x785900,75%,2,6,8,6,1,1,0
0x785993,75%,2,6,8,0,0,2,6
0x7d9eb4,96.2963%,2,52,54,52,1,1,0
0x7dbc78,96.6667%,2,58,60,0,0,2,58
0x78f11f,99.6622%,2,590,592,0,0,2,590
0x7a47c7,33.3333%,2,1,3,1,1,1,0
0x7d985d,96.2963%,2,52,54,52,1,1,0
0x78efb0,97.3684%,2,74,76,0,2,0,74
0x7a4189,71.4286%,2,5,7,5,1,1,0
0x7d9e95,96.2963%,2,52,54,52,1,1,0
0x87c805,99.8588%,2,1414,1416,1414,2,0,0
0x7a44b4,91.6667%,2,22,24,0,0,2,22
0x7d9e57,96.2963%,2,52,54,52,1,1,0
0x77fdf9,75%,2,6,8,6,1,1,0
0x7d85a1,96.6667%,2,58,60,58,1,1,0
0x8fa059,99.9661%,2,5900,5902,5894,1,1,6
0x78c59c,33.3333%,2,1,3,1,1,1,0
0x77ae97,99.5842%,2,479,481,0,0,2,479
0x78c449,75%,2,6,8,0,0,2,6
0x7d9800,96.2963%,2,52,54,52,1,1,0
0x962801,99.1304%,2,228,230,0,0,2,228
0x78c189,96.6667%,2,58,60,0,0,2,58
0x795571,99.3421%,2,302,304,0,0,2,302
0x787cdb,0%,2,0,2,0,1,1,0
0x787ca3,98.3333%,2,118,120,118,0,2,0
0x7805f8,96.6102%,2,57,59,57,1,1,0
0x7a33d9,99.5157%,2,411,413,0,0,2,411
0x795e0c,99.6711%,2,606,608,0,0,2,606
0x77fcb6,99.5833%,2,478,480,0,0,2,478
0x77fd32,96.6667%,2,58,60,58,1,1,0
0x77f5ec,96.875%,2,62,64,62,2,0,0
0x77fca3,99.5833%,2,478,480,0,0,2,478
0x87ce40,33.3333%,2,1,3,0,2,0,1
0x7d956f,75%,2,6,8,6,1,1,0
0x665fa6,0%,2,0,2,0,0,2,0
0x8727a3,83.3333%,2,10,12,10,0,2,0
0x77fab8,99.2593%,2,268,270,268,2,0,0
0x64e904,97.4026%,2,75,77,0,2,0,75
0x87b9d6,0%,2,0,2,0,2,0,0
0x665f99,0%,2,0,2,0,0,2,0
0x86e3e3,0%,2,0,2,0,2,0,0
0x66df59,0%,2,0,2,0,2,0,0
0x786903,98.3333%,2,118,120,59,1,1,59
0x7d8b41,96.6667%,2,58,60,1,0,2,57
0x874735,96.6667%,2,58,60,0,0,2,58
0x796570,97.4026%,2,75,77,0,0,2,75
0x7a1175,99.5763%,2,470,472,0,0,2,470
0x8794db,75%,2,6,8,6,1,1,0
0x7926c3,99.7748%,2,886,888,0,0,2,886
0x87948b,75%,2,6,8,6,1,1,0
0x7a3672,99.5763%,2,470,472,470,2,0,0
0x78a3d6,96.6667%,2,58,60,58,1,1,0
0x83097a,75%,2,6,8,6,1,1,0
0x83075e,75%,2,6,8,6,1,1,0
0x7d8710,96.6667%,2,58,60,0,0,2,58
0x78c062,99.9383%,2,3238,3240,3180,0,2,58
0x77b41d,96.6667%,2,58,60,58,1,1,0
0x77e5a7,87.5%,2,14,16,7,1,1,7
0x7d93bb,96.2963%,2,52,54,52,1,1,0
0x793b4f,99.0991%,2,220,222,0,0,2,220
0x66df51,0%,2,0,2,0,0,2,0
0x8480e2,99.9623%,2,5302,5304,5302,2,0,0
0x87893d,98.7654%,2,160,162,0,0,2,160
0x91fb15,99.5614%,2,454,456,0,0,2,454
0x77dc63,97.619%,2,82,84,82,2,0,0
0x876144,96.6667%,2,58,60,58,1,1,0
0x8306a1,98.5401%,2,135,137,0,1,1,135
0x7dc278,96.6667%,2,58,60,0,0,2,58
0x9128c4,71.4286%,2,5,7,5,2,0,0
0x911306,71.4286%,2,5,7,0,0,2,5
0x664545,99.6753%,2,614,616,614,2,0,0
0x97752a,99.604%,2,503,505,0,0,2,503
0x9615f0,99.3485%,2,305,307,228,2,0,77
0x65e734,99.1342%,2,229,231,154,0,2,75
0x663594,97.4026%,2,75,77,0,0,2,75
0x7d9fec,75%,2,6,8,6,1,1,0
0x7a4030,75%,2,6,8,6,1,1,0
0x7db428,96.6667%,2,58,60,0,0,2,58
0x78da44,97.2973%,2,72,74,0,0,2,72
0x7a570f,71.4286%,2,5,7,0,0,2,5
0x785f9b,97.3684%,2,74,76,0,0,2,74
0x9602c3,99.1342%,2,229,231,0,0,2,229
0x9636bb,99.8261%,2,1148,1150,1148,2,0,0
0x8756f4,96.6667%,2,58,60,58,1,1,0
0x7a116a,99.5763%,2,470,472,0,0,2,470
0x7a8963,97.4026%,2,75,77,0,0,2,75
0x961799,99.3464%,2,304,306,0,0,2,304
0x7d7850,99.7778%,2,898,900,0,0,2,898
0x842368,99.9142%,2,2328,2330,2328,2,0,0
0x8e36a3,99.9959%,2,48770,48772,0,0,2,48770
0x796044,97.4026%,2,75,77,0,0,2,75
0x875997,75%,2,6,8,6,1,1,0
0x787af8,99.7917%,2,958,960,0,0,2,958
0x80dea0,97.4026%,2,75,77,1,0,2,74
0x7984ea,99.1342%,2,229,231,229,2,0,0
0x6650fc,97.4026%,2,75,77,0,0,2,75
0x8fa2d6,99.5736%,2,467,469,0,0,2,467
0x796bf7,97.4026%,2,75,77,0,0,2,75
0x960265,99.1342%,2,229,231,0,0,2,229
0x5416e1,99.5652%,2,458,460,0,0,2,458
0x64be31,99.1342%,2,229,231,228,0,2,1
0x91daf8,99.5736%,2,467,469,0,0,2,467
0x80c510,97.4026%,2,75,77,0,0,2,75
0x9636cc,99.8261%,2,1148,1150,0,0,2,1148
0x831f0b,97.4026%,2,75,77,75,2,0,0
0x873d73,96.6667%,2,58,60,58,1,1,0
0x96160a,97.4026%,2,75,77,0,0,2,75
0x827a69,99.733%,2,747,749,569,0,2,178
0x812a38,88.2353%,2,15,17,1,0,2,14
0x864e4b,99.5652%,2,458,460,0,0,2,458
0x7f91fa,99.8918%,2,1846,1848,0,0,2,1846
0x79132a,99.7748%,2,886,888,0,0,2,886
0x793c5d,99.7748%,2,886,888,0,0,2,886
0x64ea9d,97.3333%,2,73,75,73,2,0,0
0x8fa2e0,99.5736%,2,467,469,467,2,0,0
0x7968bd,99.6753%,2,614,616,0,0,2,614
0x87609d,96.6102%,2,57,59,57,1,1,0
0x960271,99.1342%,2,229,231,0,0,2,229
0x7879f3,99.7917%,2,958,960,0,0,2,958
0x872dec,87.5%,2,14,16,14,0,2,0
0x848222,97.4026%,2,75,77,0,0,2,75
0x64ae4c,97.4026%,2,75,77,75,2,0,0
0x64f884,97.4026%,2,75,77,0,0,2,75
0x65002d,98.7013%,2,152,154,0,0,2,152
0x665b36,97.4026%,2,75,77,75,2,0,0
0x7d645e,99.7778%,2,898,900,0,0,2,898
0x665ba0,97.4026%,2,75,77,75,2,0,0
0x7d939b,96.2963%,2,52,54,52,1,1,0
0x7a3037,99.5763%,2,470,472,0,0,2,470
0x960179,99.7826%,2,918,920,0,0,2,918
0x796b92,97.4026%,2,75,77,0,0,2,75
0x650d19,97.3684%,2,74,76,74,0,2,0
0x86e3b7,97.4026%,2,75,77,75,0,2,0
0x879ff0,96.6667%,2,58,60,0,0,2,58
0x78b99e,99.8958%,2,1918,1920,959,1,1,959
0x961be0,99.1304%,2,228,230,228,2,0,0
0x7d7987,99.1342%,2,229,231,0,0,2,229
0x847f6e,99.9456%,2,3677,3679,3677,2,0,0
0x79631c,99.6753%,2,614,616,0,0,2,614
0x663f9c,97.4026%,2,75,77,0,0,2,75
0x7a886f,97.4026%,2,75,77,75,2,0,0
0x879274,75%,2,6,8,6,1,1,0
0x96154a,99.8261%,2,1148,1150,0,0,2,1148
0x77f004,99.9922%,2,25486,25488,25486,2,0,0
0x7a1ade,99.5763%,2,470,472,0,0,2,470
0x7936da,99.7748%,2,886,888,0,0,2,886
0x650b62,97.4026%,2,75,77,75,2,0,0
0x96060a,99.1342%,2,229,231,0,0,2,229
0x7de78f,99.4805%,2,383,385,383,2,0,0
0x64ef5e,98.6842%,1,75,76,0,0,1,75
0x796060,98.7013%,1,76,77,0,0,1,76
0x87680e,98.3333%,1,59,60,59,0,1,0
0x8765e8,98.3333%,1,59,60,0,0,1,59
0x785776,0%,1,0,1,0,0,1,0
0x6656bf,98.7013%,1,76,77,0,0,1,76
0x872aeb,98.3333%,1,59,60,59,0,1,0
0x7d9ed3,98.1481%,1,53,54,53,0,1,0
0x87653d,87.5%,1,7,8,7,0,1,0
0x87dec7,98.3051%,1,58,59,58,0,1,0
0x7a571e,85.7143%,1,6,7,0,0,1,6
0x7da72e,99.7908%,1,477,478,477,1,0,0
0x879ee9,0%,1,0,1,0,0,1,0
0x87b78d,98.3333%,1,59,60,0,0,1,59
0x797df9,98.7013%,1,76,77,0,0,1,76
0x6502de,99.3506%,1,153,154,0,0,1,153
0x780163,98.3051%,1,58,59,58,0,1,0
0x64e5b5,99.7835%,1,461,462,461,1,0,0
0x64d7ce,98.7013%,1,76,77,0,0,1,76
0x961b5e,99.5652%,1,229,230,0,0,1,229
0x87294f,50%,1,1,2,1,0,1,0
0x83081a,99.1667%,1,119,120,119,0,1,0
0x831eb5,87.5%,1,7,8,7,0,1,0
0x87aaa3,98.3333%,1,59,60,0,1,0,59
0x812a47,93.75%,1,15,16,15,1,0,0
0x77e368,99.1667%,1,119,120,0,0,1,119
0x7d88fd,87.5%,1,7,8,7,0,1,0
0x77ffbb,0%,1,0,1,0,0,1,0
0x66377c,98.7013%,1,76,77,76,1,0,0
0x7800ac,0%,1,0,1,0,1,0,0
0x796bad,98.7013%,1,76,77,0,0,1,76
0x8e35e6,99.927%,1,1369,1370,0,0,1,1369
0x78adec,99.1667%,1,119,120,0,0,1,119
0x8773f7,99.7579%,1,412,413,0,0,1,412
0x65f06b,0%,1,0,1,0,0,1,0
0x8773e1,99.7579%,1,412,413,0,0,1,412
0x77d268,87.5%,1,7,8,7,0,1,0
0x8e3ff6,99.8913%,1,919,920,919,1,0,0
0x77d113,98.3051%,1,58,59,58,0,1,0
0x8e5f11,99.8379%,1,616,617,0,0,1,616
0x87acaa,98.3333%,1,59,60,59,1,0,0
0x77b69d,98.3333%,1,59,60,59,0,1,0
0x780a6d,98.3051%,1,58,59,58,0,1,0
0x77b647,99.5833%,1,239,240,120,0,1,119
0x78c322,0%,1,0,1,0,0,1,0
0x64f239,98.7013%,1,76,77,76,1,0,0
0x8e38d6,99.9979%,1,48771,48772,0,0,1,48771
0x78c3b3,87.5%,1,7,8,7,0,1,0
0x796642,98.7013%,1,76,77,0,0,1,76
0x96017e,99.8913%,1,919,920,919,1,0,0
0x77fe4c,87.5%,1,7,8,7,0,1,0
0x6650a2,87.5%,1,7,8,7,0,1,0
0x7869ae,0%,1,0,1,0,1,0,0
0x7a2292,99.9294%,1,1415,1416,0,0,1,1415
0x786da4,0%,1,0,1,0,0,1,0
0x78708e,0%,1,0,1,0,1,0,0
0x77fe55,0%,1,0,1,0,0,1,0
0x87ba34,0%,1,0,1,0,0,1,0
0x78c103,99.7917%,1,479,480,0,0,1,479
0x9774f8,99.9857%,1,7007,7008,7007,1,0,0
0x9601f4,99.5671%,1,230,231,0,0,1,230
0x87324f,87.5%,1,7,8,7,0,1,0
0x77d1b1,87.5%,1,7,8,7,0,1,0
0x7869ea,0%,1,0,1,0,0,1,0
0x650407,99.5671%,1,230,231,154,0,1,76
0x7d9987,87.5%,1,7,8,7,0,1,0
0x797ac3,99.6753%,1,307,308,0,0,1,307
0x97acf7,0%,1,0,1,0,0,1,0
0x7801b3,87.5%,1,7,8,7,0,1,0
0x84306a,99.9879%,1,8259,8260,8259,1,0,0
0x6510ba,98.7013%,1,76,77,0,0,1,76
0x7808b4,98.3051%,1,58,59,58,0,1,0
0x7887da,99.9479%,1,1919,1920,960,0,1,959
0x7da08d,99.3827%,1,161,162,161,1,0,0
0x8cff6b,99.8913%,1,919,920,0,0,1,919
0x78c3d5,0%,1,0,1,0,0,1,0
0x97984e,99.9771%,1,4360,4361,0,0,1,4360
0x8745cd,87.5%,1,7,8,7,0,1,0
0x87ba71,0%,1,0,1,0,0,1,0
0x786cf9,0%,1,0,1,0,0,1,0
0x7d9b2b,87.5%,1,7,8,7,0,1,0
0x87dd1e,99.9946%,1,18573,18574,18573,1,0,0
0x7da871,98.3333%,1,59,60,59,0,1,0
0x7da03c,87.5%,1,7,8,7,0,1,0
0x7a33bf,99.7579%,1,412,413,0,0,1,412
0x7a5489,87.5%,1,7,8,7,0,1,0
0x7d9ef2,98.1481%,1,53,54,53,0,1,0
0x7db535,98.3333%,1,59,60,0,0,1,59
0x6504c9,98.7013%,1,76,77,76,0,1,0
0x87db42,98.3051%,1,58,59,0,0,1,58
0x8e3459,99.927%,1,1369,1370,0,0,1,1369
0x77cbba,99.3976%,1,165,166,165,1,0,0
0x65f811,0%,1,0,1,0,0,1,0
0x7d9dbf,98.3051%,1,58,59,58,0,1,0
0x7a4bb5,87.5%,1,7,8,7,0,1,0
0x7d9ae3,87.5%,1,7,8,7,0,1,0
0x77f53a,0%,1,0,1,0,0,1,0
0x80dcc3,98.7013%,1,76,77,76,1,0,0
0x7a580c,85.7143%,1,6,7,6,0,1,0
0x7d98b8,98.1481%,1,53,54,53,0,1,0
0x961d44,99.5652%,1,229,230,0,0,1,229
0x848612,99.9935%,1,15271,15272,15271,1,0,0
0x7d981f,98.1481%,1,53,54,53,0,1,0
0x65032b,99.8377%,1,615,616,0,0,1,615
0x7d971f,87.5%,1,7,8,6,1,0,1
0x7d9f11,98.1481%,1,53,54,53,0,1,0
0x7d9637,87.5%,1,7,8,7,0,1,0
0x7a5383,87.5%,1,7,8,0,0,1,7
0x77f9fe,98.3333%,1,59,60,59,0,1,0
0x7f92e3,83.3333%,1,5,6,5,1,0,0
0x9600ad,99.9131%,1,1150,1151,0,0,1,1150
0x7a17df,99.7881%,1,471,472,471,1,0,0
0x7a17c3,99.7881%,1,471,472,0,0,1,471
0x80c6d6,90%,1,9,10,9,1,0,0
0x77ec38,87.5%,1,7,8,7,0,1,0
0x7a5a84,99.7881%,1,471,472,471,1,0,0
0x7d894d,87.5%,1,7,8,7,0,1,0
0x7d91c3,99.3827%,1,161,162,0,0,1,161
0x831c72,0%,1,0,1,0,0,1,0
0x80ded4,90%,1,9,10,9,1,0,0
0x796554,98.7013%,1,76,77,0,0,1,76
0x7d937b,98.1481%,1,53,54,53,0,1,0
0x7d950d,87.5%,1,7,8,7,0,1,0
0x796132,98.7013%,1,76,77,0,0,1,76
0x7a4e74,87.5%,1,7,8,0,0,1,7
0x65f05e,98.7013%,1,76,77,76,0,1,0
0x7a4acb,87.5%,1,7,8,0,0,1,7
0x7a2ba3,99.7881%,1,471,472,471,1,0,0
0x796072,98.7013%,1,76,77,0,0,1,76
0x7dc621,98.3333%,1,59,60,0,0,1,59
0x78807e,0%,1,0,1,0,1,0,0
0x7a3f3a,98.3333%,1,59,60,59,0,1,0
0x97ae37,93.75%,1,15,16,15,1,0,0
0x97ace6,94.1176%,1,16,17,16,0,1,0
0x86ed3e,98.3333%,1,59,60,59,0,1,0
0x872141,50%,1,1,2,1,0,1,0
0x7a5388,87.5%,1,7,8,7,1,0,0
0x963d13,99.9131%,1,1150,1151,0,0,1,1150
0x8728af,99.4792%,1,191,192,191,1,0,0
0x7a33f8,99.7579%,1,412,413,412,1,0,0
0x91fae2,99.7868%,1,468,469,0,0,1,468
0x87dbe2,98.3051%,1,58,59,58,0,1,0
0x86ec95,98.3333%,1,59,60,59,0,1,0
0x7d8862,0%,1,0,1,0,0,1,0
0x78c466,87.5%,1,7,8,7,0,1,0
0x7d8800,98.3333%,1,59,60,59,0,1,0
0x7d9e76,98.1481%,1,53,54,53,0,1,0
0x8723c9,0%,1,0,1,0,1,0,0
0x830e05,98.7013%,1,76,77,76,0,1,0
0x879295,0%,1,0,1,0,0,1,0
0x7db2c2,99.5833%,1,239,240,0,0,1,239
0x796178,98.7013%,1,76,77,0,0,1,76
0x7d8518,99.9479%,1,1919,1920,0,0,1,1919
0x7d884c,87.5%,1,7,8,7,0,1,0
0x878ac0,0%,1,0,1,0,1,0,0
0x64f89b,98.7013%,1,76,77,0,0,1,76
0x796b58,0%,1,0,1,0,0,1,0
0x788312,0%,1,0,1,0,0,1,0
0x796b4a,0%,1,0,1,0,0,1,0
0x796aac,0%,1,0,1,0,0,1,0
0x650c22,98.7013%,1,76,77,76,0,1,0
0x963693,99.913%,1,1149,1150,0,0,1,1149
0x7a8886,98.7013%,1,76,77,76,0,1,0
0x78052a,99.3827%,1,161,162,161,1,0,0
0x8e4020,99.9533%,1,2142,2143,2142,1,0,0
0x796c05,98.7013%,1,76,77,0,0,1,76
0x788869,50%,1,1,2,1,0,1,0
0x7d9434,87.5%,1,7,8,6,1,0,1
0x8757b0,87.5%,1,7,8,7,0,1,0
0x5416d7,99.7826%,1,459,460,0,0,1,459
0x66564c,98.7013%,1,76,77,0,0,1,76
0x65e13e,98.7013%,1,76,77,76,0,1,0
0x665fb3,50%,1,1,2,0,0,1,1
0x96164d,99.913%,1,1149,1150,0,0,1,1149
0x7964d3,99.9188%,1,1231,1232,616,0,1,615
0x8750d2,98.3333%,1,59,60,59,0,1,0
0x77b16b,98.3333%,1,59,60,59,0,1,0
0x847fff,99.965%,1,2857,2858,2857,1,0,0
0x97a411,98.7013%,1,76,77,0,0,1,76
0x87cf4a,87.5%,1,7,8,7,0,1,0
0x872b36,98.7013%,1,76,77,0,0,1,76
0x91fb37,99.7807%,1,455,456,455,1,0,0
0x7d4da0,66.6667%,1,2,3,0,0,1,2
0x96184b,99.5652%,1,229,230,0,0,1,229
0x7d89bd,87.5%,1,7,8,7,0,1,0
0x80c628,98.7013%,1,76,77,76,0,1,0
0x87930f,87.5%,1,7,8,7,0,1,0
0x78b05f,99.1667%,1,119,120,119,1,0,0
0x7d95e3,87.5%,1,7,8,7,0,1,0
0x787938,99.1667%,1,119,120,0,0,1,119
0x78699d,0%,1,0,1,0,0,1,0
0x7869a3,0%,1,0,1,0,0,1,0
0x7869a8,0%,1,0,1,0,0,1,0
0x77f8f7,98.3051%,1,58,59,58,0,1,0
0x7a44af,95.8333%,1,23,24,0,0,1,23
0x786d31,0%,1,0,1,0,0,1,0
0x7d9a92,87.5%,1,7,8,7,0,1,0
0x786a4f,0%,1,0,1,0,0,1,0
0x879c32,98.3333%,1,59,60,58,1,0,1
0x786a61,0%,1,0,1,0,0,1,0
0x7861d8,99.8355%,1,607,608,607,1,0,0
0x78645f,0%,1,0,1,0,0,1,0
0x64e2ca,99.7835%,1,461,462,0,0,1,461
0x77e5c4,87.5%,1,7,8,7,0,1,0
0x86ebf8,0%,1,0,1,0,0,1,0
0x77fb0e,87.5%,1,7,8,7,0,1,0
0x780948,98.3051%,1,58,59,58,0,1,0
0x879d09,98.1481%,1,53,54,53,0,1,0
0x7d988d,98.1481%,1,53,54,53,0,1,0
0x77f51d,98.4375%,1,63,64,63,0,1,0
0x7d5d02,99.5556%,1,224,225,0,0,1,224
0x797e0b,98.7013%,1,76,77,0,0,1,76
0x7a469b,95.2381%,1,20,21,0,0,1,20
0x665157,98.7013%,1,76,77,76,1,0,0
0x8723c0,50%,1,1,2,0,1,0,1
0x785a83,87.5%,1,7,8,0,0,1,7
0x87c451,95.8333%,1,23,24,0,0,1,23
0x77f6ba,99.998%,1,50890,50891,50890,1,0,0
0x785ef1,87.5%,1,7,8,0,0,1,7
0x92a9a2,85.7143%,1,6,7,6,1,0,0
0x874658,87.5%,1,7,8,7,0,1,0
0x7a23c6,99.9193%,1,1238,1239,0,0,1,1238
0x785c36,0%,1,0,1,0,0,1,0
0x830e54,87.5%,1,7,8,7,0,1,0
0x960109,99.8913%,1,919,920,919,1,0,0
0x77b1c6,0%,1,0,1,0,0,1,0
0x7d84b3,98.3333%,1,59,60,0,0,1,59
0x786a01,0%,1,0,1,0,0,1,0
0x785c1e,93.75%,1,15,16,8,0,1,7
0x874535,87.5%,1,7,8,7,0,1,0
0x77fa4c,99.3827%,1,161,162,161,1,0,0
0x785c55,0%,1,0,1,0,0,1,0
0x80dc46,98.7013%,1,76,77,0,0,1,76
0x6660c7,50%,1,1,2,1,1,0,0
0x77f930,87.5%,1,7,8,7,0,1,0
0x649b38,99.5671%,1,230,231,0,0,1,230
0x7dc81c,98.3333%,1,59,60,59,0,1,0
0x77eb21,98.3333%,1,59,60,59,0,1,0
0x664f11,98.7013%,1,76,77,0,0,1,76
0x7a44c7,95.8333%,1,23,24,0,0,1,23
0x80c4fe,98.7013%,1,76,77,0,0,1,76
0x65f7fd,98.7013%,1,76,77,76,0,1,0
0x790fae,99.5495%,1,221,222,0,0,1,221
0x786d36,0%,1,0,1,0,1,0,0
0x77e14f,99.1667%,1,119,120,0,0,1,119
0x7d8357,0%,1,0,1,0,0,1,0
0x79370d,99.8874%,1,887,888,0,0,1,887
0x7a3059,99.7881%,1,471,472,0,0,1,471
0x77b319,98.3333%,1,59,60,0,0,1,59
0x796a83,98.7013%,1,76,77,76,0,1,0
0x877419,98.3051%,1,58,59,58,1,0,0
0x7f93bc,99.9459%,1,1847,1848,0,0,1,1847
0x7d85c8,0%,1,0,1,0,0,1,0
0x664f1f,98.7013%,1,76,77,76,0,1,0
0x79826b,99.5671%,1,230,231,230,1,0,0
0x786d2b,0%,1,0,1,0,0,1,0
0x78ddaf,98.6842%,1,75,76,0,0,1,75
0x7a5f61,98.3333%,1,59,60,59,0,1,0
0x78c5a5,0%,1,0,1,0,0,1,0
0x77fba2,0%,1,0,1,0,0,1,0
0x650555,98.7013%,1,76,77,0,0,1,76
0x786cee,0%,1,0,1,0,0,1,0
0x77f21b,98.3051%,1,58,59,58,0,1,0
0x795327,98.6842%,1,75,76,75,1,0,0
0x963715,99.913%,1,1149,1150,0,0,1,1149
0x960210,99.5671%,1,230,231,0,0,1,230
0x7a33ce,99.7579%,1,412,413,0,0,1,412
0x785872,0%,1,0,1,0,0,1,0
0x785764,98.6842%,1,75,76,75,0,1,0
0x77b43c,0%,1,0,1,0,0,1,0
0x785c2d,87.5%,1,7,8,7,0,1,0
0x786231,99.8355%,1,607,608,0,0,1,607
0x872477,0%,1,0,1,0,0,1,0
0x795b32,98.6842%,1,75,76,0,0,1,75
0x787b78,99.8958%,1,959,960,0,0,1,959
0x7859b0,87.5%,1,7,8,7,0,1,0
0x78dd2c,99.9155%,1,1183,1184,1183,1,0,0
0x64f419,98.7013%,1,76,77,0,0,1,76
0x786d26,0%,1,0,1,0,0,1,0
0x7db432,98.3333%,1,59,60,59,0,1,0
0x879ecf,98.3333%,1,59,60,59,0,1,0
0x78b933,99.8958%,1,959,960,0,0,1,959
0x77ebda,99.3827%,1,161,162,161,1,0,0
0x65f807,0%,1,0,1,0,0,1,0
0x87c035,98.3051%,1,58,59,58,0,1,0
0x92a806,85.7143%,1,6,7,6,1,0,0
0x663539,98.7013%,1,76,77,0,0,1,76
0x7d4cbf,98.7013%,1,76,77,76,0,1,0
0x796af4,100%,0,1,1,0,0,0,1
0x77efa3,100%,0,25409,25409,25409,0,0,0
0x8e5f08,100%,0,617,617,0,0,0,617
0x65f7f3,100%,0,77,77,0,0,0,77
0x664cd5,100%,0,77,77,77,0,0,0
0x665d87,100%,0,77,77,77,0,0,0
0x64a39a,100%,0,924,924,0,0,0,924
0x64fa3b,100%,0,77,77,77,0,0,0
0x79602a,100%,0,77,77,77,0,0,0
0x64d834,100%,0,77,77,77,0,0,0
0x8742aa,100%,0,1,1,1,0,0,0
0x7da0af,100%,0,162,162,162,0,0,0
0x96b7d2,100%,0,55548,55548,55548,0,0,0
0x961a16,100%,0,230,230,230,0,0,0
0x64e291,100%,0,462,462,0,0,0,462
0x785e23,100%,0,8,8,0,0,0,8
0x65f3c3,100%,0,77,77,77,0,0,0
0x91fb59,100%,0,456,456,456,0,0,0
0x91fef8,100%,0,456,456,456,0,0,0
0x7d8746,100%,0,120,120,0,0,0,120
0x963d2c,100%,0,1151,1151,1151,0,0,0
0x9602d8,100%,0,231,231,0,0,0,231
0x96014f,100%,0,920,920,920,0,0,0
0x6516bf,100%,0,77,77,77,0,0,0
0x961d4e,100%,0,230,230,230,0,0,0
0x7938fa,100%,0,888,888,888,0,0,0
0x7d6669,100%,0,900,900,900,0,0,0
0x649f9f,100%,0,924,924,0,0,0,924
0x66398a,100%,0,616,616,0,0,0,616
0x787cf0,100%,0,1,1,1,0,0,0
0x796b02,100%,0,1,1,0,0,0,1
0x91fd88,100%,0,456,456,456,0,0,0
0x651107,100%,0,77,77,0,0,0,77
0x79489d,100%,0,76,76,0,0,0,76
0x865095,100%,0,460,460,460,0,0,0
0x664b39,100%,0,616,616,616,0,0,0
0x64f9ca,100%,0,616,616,616,0,0,0
0x65dcf5,100%,0,77,77,77,0,0,0
0x650429,100%,0,77,77,77,0,0,0
0x64f59f,100%,0,77,77,77,0,0,0
0x664c74,100%,0,77,77,77,0,0,0
0x7d7edd,100%,0,231,231,231,0,0,0
0x7d9730,100%,0,1,1,1,0,0,0
0x873f39,100%,0,456,456,456,0,0,0
0x8e7ae3,100%,0,617,617,0,0,0,617
0x86ebeb,100%,0,1,1,0,0,0,1
0x878ee7,100%,0,1,1,0,0,0,1
0x64ac7a,100%,0,1155,1155,0,0,0,1155
0x796a4a,100%,0,77,77,77,0,0,0
0x793390,100%,0,222,222,222,0,0,0
0x6994fb,100%,0,77,77,77,0,0,0
0x77fce3,100%,0,480,480,0,0,0,480
0x8e3843,100%,0,48772,48772,0,0,0,48772
0x9601d7,100%,0,231,231,231,0,0,0
0x6651b8,100%,0,77,77,77,0,0,0
0x8e7b61,100%,0,617,617,0,0,0,617
0x785741,100%,0,76,76,76,0,0,0
0x7858e3,100%,0,8,8,0,0,0,8
0x7a87da,100%,0,76,76,75,0,0,1
0x7a87b1,100%,0,76,76,76,0,0,0
0x960510,100%,0,231,231,231,0,0,0
0x86ed59,100%,0,76,76,76,0,0,0
0x86505b,100%,0,460,460,0,0,0,460
0x9601cb,100%,0,231,231,0,0,0,231
0x6637dd,100%,0,77,77,77,0,0,0
0x8e7b7a,100%,0,617,617,617,0,0,0
0x7a4e93,100%,0,8,8,8,0,0,0
0x796cb7,100%,0,77,77,0,0,0,77
0x95faae,100%,0,76,76,0,0,0,76
0x6456f3,100%,0,847,847,0,0,0,847
0x8e35a8,100%,0,1370,1370,1370,0,0,0
0x7859d5,100%,0,1,1,1,0,0,0
0x961dac,100%,0,230,230,0,0,0,230
0x91fb53,100%,0,456,456,0,0,0,456
0x6508ff,100%,0,77,77,77,0,0,0
0x78e67d,100%,0,76,76,76,0,0,0
0x872957,100%,0,1,1,0,0,0,1
0x7a2b84,100%,0,472,472,0,0,0,472
0x7a283a,100%,0,472,472,472,0,0,0
0x8d02cb,100%,0,137,137,0,0,0,137
0x78dc4e,100%,0,1184,1184,1184,0,0,0
0x8e5f37,100%,0,617,617,617,0,0,0
0x78644f,100%,0,1,1,0,0,0,1
0x7a37b3,100%,0,59,59,59,0,0,0
0x7a36c1,100%,0,472,472,472,0,0,0
0x831dd1,100%,0,8,8,0,0,0,8
0x961dd6,100%,0,230,230,230,0,0,0
0x796a64,100%,0,77,77,0,0,0,77
0x7a5f21,100%,0,59,59,59,0,0,0
0x6650d8,100%,0,1,1,1,0,0,0
0x786992,100%,0,1,1,0,0,0,1
0x8e5f24,100%,0,617,617,0,0,0,617
0x7a5c8b,100%,0,472,472,0,0,0,472
0x7db4b9,100%,0,60,60,0,0,0,60
0x65074f,100%,0,77,77,77,0,0,0
0x872231,100%,0,1,1,1,0,0,0
0x7857c7,100%,0,1,1,0,0,0,1
0x65f11a,100%,0,1,1,1,0,0,0
0x64a55e,100%,0,231,231,0,0,0,231
0x848176,100%,0,77,77,0,0,0,77
0x786cf3,100%,0,1,1,0,0,0,1
0x7da7d2,100%,0,478,478,478,0,0,0
0x8129f1,100%,0,3490,3490,3490,0,0,0
0x64a8a2,100%,0,1155,1155,0,0,0,1155
0x7962f9,100%,0,616,616,0,0,0,616
0x80c578,100%,0,77,77,77,0,0,0
0x64ab79,100%,0,231,231,231,0,0,0
0x650014,100%,0,231,231,77,0,0,154
0x665848,100%,0,77,77,77,0,0,0
0x95fa60,100%,0,76,76,76,0,0,0
0x66539c,100%,0,77,77,77,0,0,0
0x8e35cf,100%,0,1370,1370,1370,0,0,0
0x64fb35,100%,0,231,231,231,0,0,0
0x961d0b,100%,0,230,230,0,0,0,230
0x831ef0,100%,0,1,1,1,0,0,0
0x95fa0d,100%,0,76,76,76,0,0,0
0x9617b7,100%,0,306,306,306,0,0,0
0x9605f7,100%,0,231,231,231,0,0,0
0x7915b0,100%,0,888,888,888,0,0,0
0x96021a,100%,0,231,231,231,0,0,0
0x830a55,100%,0,77,77,77,0,0,0
0x87214d,100%,0,1,1,0,0,0,1
0x9605de,100%,0,231,231,0,0,0,231
0x7dc38d,100%,0,60,60,60,0,0,0
0x663b3e,100%,0,77,77,77,0,0,0
0x664ec6,100%,0,77,77,76,0,0,1
0x961bad,100%,0,843,843,843,0,0,0
0x7dc306,100%,0,240,240,0,0,0,240
0x7a5ca4,100%,0,472,472,472,0,0,0
0x6456ad,100%,0,847,847,0,0,0,847
0x97ad08,100%,0,1,1,0,0,0,1
0x64a271,100%,0,231,231,231,0,0,0
0x872155,100%,0,1,1,1,0,0,0
0x78f138,100%,0,592,592,592,0,0,0
0x86e157,100%,0,77,77,77,0,0,0
0x663303,100%,0,77,77,77,0,0,0
0x785b1b,100%,0,1,1,0,0,0,1
0x7db547,100%,0,60,60,0,0,0,60
0x864f86,100%,0,460,460,460,0,0,0
0x86eb31,100%,0,1,1,0,0,0,1
0x796c4f,100%,0,77,77,0,0,0,77
0x78c488,100%,0,1,1,0,0,0,1
0x665acc,100%,0,77,77,77,0,0,0
0x87895e,100%,0,162,162,0,0,0,162
0x664559,100%,0,616,616,616,0,0,0
0x665a62,100%,0,77,77,77,0,0,0
0x6510f0,100%,0,77,77,0,0,0,77
0x87c45b,100%,0,24,24,24,0,0,0
0x78bc96,100%,0,960,960,960,0,0,0
0x8e3874,100%,0,48772,48772,48772,0,0,0
0x6640ad,100%,0,77,77,77,0,0,0
0x8e4041,100%,0,920,920,920,0,0,0
0x9774e2,100%,0,42048,42048,42048,0,0,0
0x92a996,100%,0,7,7,0,0,0,7
0x96161e,100%,0,77,77,0,0,0,77
0x792b2a,100%,0,222,222,0,0,0,222
0x786998,100%,0,1,1,0,0,0,1
0x664052,100%,0,77,77,77,0,0,0
0x7a14cf,100%,0,472,472,472,0,0,0
0x64e75e,100%,0,77,77,77,0,0,0
0x8309b4,100%,0,77,77,0,0,0,77
0x8fa07a,100%,0,7,7,0,0,0,7
0x650eae,100%,0,77,77,0,0,0,77
0x64f586,100%,0,77,77,77,0,0,0
0x797a3d,100%,0,77,77,0,0,0,77
0x9602a3,100%,0,231,231,231,0,0,0
0x86ecb0,100%,0,1,1,0,0,0,1
0x7d6add,100%,0,225,225,0,0,0,225
0x872310,100%,0,1,1,1,0,0,0
0x651135,100%,0,77,77,77,0,0,0
0x65ec25,100%,0,77,77,77,0,0,0
0x830e90,100%,0,77,77,77,0,0,0
0x78c193,100%,0,480,480,0,0,0,480
0x7869f8,100%,0,1,1,0,0,0,1
0x65186f,100%,0,77,77,77,0,0,0
0x963710,100%,0,1150,1150,0,0,0,1150
0x97ae45,100%,0,16,16,16,0,0,0
0x5416a7,100%,0,460,460,0,0,0,460
0x663d7c,100%,0,77,77,77,0,0,0
0x7d8c53,100%,0,162,162,0,0,0,162
0x8e408e,100%,0,920,920,0,0,0,920
0x9601e3,100%,0,231,231,0,0,0,231
0x663a56,100%,0,77,77,77,0,0,0
0x8761c6,100%,0,1,1,0,0,0,1
0x79653a,100%,0,77,77,77,0,0,0
0x786a66,100%,0,1,1,1,0,0,0
0x7d7c2a,100%,0,231,231,231,0,0,0
0x7dbc66,100%,0,60,60,0,0,0,60
0x64ad15,100%,0,1155,1155,1155,0,0,0
0x86eca3,100%,0,1,1,0,0,0,1
0x8e4077,100%,0,920,920,0,0,0,920
0x78dbfa,100%,0,1184,1184,1184,0,0,0
0x66439c,100%,0,77,77,0,0,0,77
0x663ff7,100%,0,77,77,77,0,0,0
0x8fa083,100%,0,7,7,0,0,0,7
0x879c47,100%,0,1,1,0,0,0,1
0x95fa39,100%,0,76,76,76,0,0,0
0x65056c,100%,0,77,77,0,0,0,77
0x650a92,100%,0,77,77,77,0,0,0
0x865100,100%,0,460,460,460,0,0,0
0x786d56,100%,0,1,1,1,0,0,0
0x80c636,100%,0,1,1,1,0,0,0
0x6500ed,100%,0,154,154,0,0,0,154
0x786da9,100%,0,1,1,1,0,0,0
0x65059d,100%,0,77,77,77,0,0,0
0x663a7c,100%,0,77,77,77,0,0,0
0x7972dd,100%,0,77,77,0,0,0,77
0x650da4,100%,0,75,75,75,0,0,0
0x786cfe,100%,0,1,1,1,0,0,0
0x65131d,100%,0,77,77,77,0,0,0
0x797c2e,100%,0,77,77,0,0,0,77
0x786e03,100%,0,1,1,1,0,0,0
0x7886b3,100%,0,960,960,0,0,0,960
0x65e742,100%,0,77,77,77,0,0,0
0x87b72b,100%,0,60,60,0,0,0,60
0x797b5b,100%,0,77,77,77,0,0,0
0x785ac9,100%,0,8,8,0,0,0,8
0x66468c,100%,0,77,77,77,0,0,0
0x64f8c4,100%,0,77,77,0,0,0,77
0x663add,100%,0,77,77,77,0,0,0
0x78b618,100%,0,120,120,120,0,0,0
0x64f8df,100%,0,77,77,0,0,0,77
0x9636ec,100%,0,1150,1150,1150,0,0,0
0x795c65,100%,0,76,76,0,0,0,76
0x78bde6,100%,0,960,960,960,0,0,0
0x879f05,100%,0,1,1,0,0,0,1
0x8e3541,100%,0,47402,47402,47402,0,0,0
0x649be2,100%,0,231,231,0,0,0,231
0x8e40eb,100%,0,920,920,920,0,0,0
0x7d4ce3,100%,0,1,1,0,0,0,1
0x7a1191,100%,0,472,472,472,0,0,0
0x664b25,100%,0,616,616,616,0,0,0
0x7928cc,100%,0,888,888,888,0,0,0
0x78a9be,100%,0,120,120,120,0,0,0
0x78a6b5,100%,0,120,120,120,0,0,0
0x797ff7,100%,0,231,231,231,0,0,0
0x80c527,100%,0,77,77,0,0,0,77
0x78dce3,100%,0,1184,1184,1184,0,0,0
0x64f986,100%,0,616,616,616,0,0,0
0x879f24,100%,0,1,1,0,0,0,1
0x9605ea,100%,0,231,231,0,0,0,231
0x87a008,100%,0,480,480,0,0,0,480
0x785922,100%,0,1,1,0,0,0,1
0x872c1b,100%,0,77,77,0,0,0,77
0x9617eb,100%,0,230,230,230,0,0,0
0x872d09,100%,0,77,77,77,0,0,0
0x65e16a,100%,0,77,77,77,0,0,0
0x79591b,100%,0,76,76,76,0,0,0
0x7a4aea,100%,0,8,8,8,0,0,0
0x795b4d,100%,0,76,76,0,0,0,76
0x795b5f,100%,0,76,76,0,0,0,76
0x64ec1a,100%,0,75,75,75,0,0,0
0x7f92fd,100%,0,12,12,12,0,0,0
0x872c2d,100%,0,77,77,77,0,0,0
0x7869ef,100%,0,1,1,0,0,0,1
0x77e2e0,100%,0,120,120,0,0,0,120
0x64aa17,100%,0,57750,57750,57750,0,0,0
0x796a72,100%,0,77,77,0,0,0,77
0x795de9,100%,0,608,608,0,0,0,608
0x6502af,100%,0,154,154,0,0,0,154
0x878c17,100%,0,1,1,1,0,0,0
0x7f9694,100%,0,1944,1944,1944,0,0,0
0x651a1f,100%,0,77,77,77,0,0,0
0x649c56,100%,0,231,231,0,0,0,231
0x96b87a,100%,0,55548,55548,55548,0,0,0
0x795f6b,100%,0,608,608,0,0,0,608
0x663756,100%,0,77,77,77,0,0,0
0x6ef395,100%,0,77,77,77,0,0,0
0x91fc44,100%,0,456,456,456,0,0,0
0x77f1d5,100%,0,25488,25488,25488,0,0,0
0x7d50dd,100%,0,231,231,231,0,0,0
0x64a281,100%,0,231,231,0,0,0,231
0x64e12e,100%,0,77,77,0,0,0,77
0x97744a,100%,0,7513,7513,7513,0,0,0
0x7a519c,100%,0,8,8,8,0,0,0
0x65f7ea,100%,0,77,77,0,0,0,77
0x77f054,100%,0,25488,25488,25488,0,0,0
0x8e378f,100%,0,1370,1370,1370,0,0,0
0x872223,100%,0,1,1,0,0,0,1
0x7a4ac0,100%,0,8,8,0,0,0,8
0x960309,100%,0,231,231,231,0,0,0
0x64e9ec,100%,0,75,75,0,0,0,75
0x664667,100%,0,77,77,77,0,0,0
0x961d2f,100%,0,230,230,0,0,0,230
0x650e2b,100%,0,300,300,0,0,0,300
0x9615a7,100%,0,843,843,843,0,0,0
0x7930f3,100%,0,888,888,888,0,0,0
0x64d7f9,100%,0,77,77,77,0,0,0
0x78871b,100%,0,960,960,960,0,0,0
0x7d79a9,100%,0,231,231,231,0,0,0
0x796688,100%,0,77,77,0,0,0,77
0x864eb1,100%,0,460,460,460,0,0,0
0x961a4d,100%,0,230,230,230,0,0,0
0x96016f,100%,0,920,920,920,0,0,0
0x87746e,100%,0,59,59,59,0,0,0
0x864f59,100%,0,460,460,0,0,0,460
0x6509c0,100%,0,77,77,77,0,0,0
0x77f104,100%,0,25488,25488,25488,0,0,0
0x665fc1,100%,0,2,2,2,0,0,0
0x961dc9,100%,0,230,230,230,0,0,0
0x8e7b12,100%,0,617,617,0,0,0,617
0x5416bf,100%,0,460,460,460,0,0,0
0x7a8853,100%,0,77,77,0,0,0,77
0x87681e,100%,0,1,1,1,0,0,0
0x77af16,100%,0,84,84,84,0,0,0
0x64ab67,100%,0,231,231,231,0,0,0
0x8e3717,100%,0,48772,48772,48772,0,0,0
0x7dc44c,100%,0,60,60,0,0,0,60
0x8262a7,100%,0,750,750,0,0,0,750
0x86e44c,100%,0,2,2,0,0,0,2
0x961639,100%,0,77,77,77,0,0,0
0x7d6aa7,100%,0,225,225,225,0,0,0
0x5416ef,100%,0,460,460,460,0,0,0
0x977519,100%,0,505,505,0,0,0,505
0x963d0a,100%,0,1151,1151,0,0,0,1151
0x961d58,100%,0,230,230,230,0,0,0
0x97a5f8,100%,0,137,137,137,0,0,0
0x664c47,100%,0,77,77,77,0,0,0
0x7a8956,100%,0,77,77,0,0,0,77
0x879686,100%,0,59,59,59,0,0,0
0x649a95,100%,0,231,231,0,0,0,231
0x80dc7f,100%,0,77,77,77,0,0,0
0x77f912,100%,0,432,432,0,0,0,432
0x87cf53,100%,0,1,1,1,0,0,0
0x872c9b,100%,0,77,77,77,0,0,0
0x796a9e,100%,0,1,1,0,0,0,1
0x878f08,100%,0,1,1,1,0,0,0
0x7a8a1c,100%,0,77,77,0,0,0,77
0x961b67,100%,0,230,230,230,0,0,0
0x878059,100%,0,59,59,0,0,0,59
0x7d76b3,100%,0,225,225,225,0,0,0
0x961673,100%,0,230,230,0,0,0,230
0x8d034a,100%,0,137,137,137,0,0,0
0x80c6a2,100%,0,77,77,1,0,0,76
0x86eb24,100%,0,1,1,0,0,0,1
0x785a96,100%,0,8,8,0,0,0,8
0x6656b2,100%,0,77,77,0,0,0,77
