Branch PC,Accuracy,Mispredictions,Correct Predictions,Total,dir_t_pred_t,dir_t_pred_nt,dir_nt_pred_t,dir_nt_pred_nt
aggregate,99.2822%,1049,145099,146148,67661,574,475,77438
0x89deb6,99.3925%,355,58080,58435,58080,3,352,0
0x47e645,96.8374%,92,2817,2909,471,34,58,2346
0xa79c2f,86.1423%,37,230,267,21,37,0,209
0x47e641,99.0776%,29,3115,3144,206,29,0,2909
0xa79c8a,66.6667%,27,54,81,26,22,5,28
0xa7ae40,77.8947%,21,74,95,56,6,15,18
0xa79c34,93.3014%,14,195,209,26,8,6,169
0xa79c88,89.4737%,10,85,95,5,9,1,80
0xa6463b,91.1765%,9,93,102,42,6,3,51
0xa64628,93.5185%,7,101,108,0,6,1,101
0xa79cd1,50%,7,7,14,6,4,3,1
0xa8aa06,83.3333%,6,30,36,18,4,2,12
0xa79c62,97.1429%,5,170,175,170,2,3,0
0x47e0a4,91.8033%,5,56,61,15,4,1,41
0x435808,99.0421%,5,517,522,302,4,1,215
0xa7a79a,42.8571%,4,3,7,2,3,1,1
0xa8caf8,63.6364%,4,7,11,2,1,3,5
0xa8aa5f,71.4286%,4,10,14,10,2,2,0
0xa67336,77.7778%,4,14,18,0,4,0,14
0xa646e4,50%,3,3,6,0,3,0,3
0xa61d3d,84.2105%,3,16,19,0,3,0,16
0x8d42d5,99.1228%,3,339,342,339,0,3,0
0xa66d27,91.6667%,3,33,36,15,3,0,18
0xa8cb0c,62.5%,3,5,8,0,3,0,5
0x89dfc0,99.1477%,3,349,352,349,1,2,0
0xa67346,78.5714%,3,11,14,11,1,2,0
0xa66ead,91.6667%,3,33,36,17,1,2,16
0x47e061,89.4737%,2,17,19,17,2,0,0
0xa66d77,94.4444%,2,34,36,16,2,0,18
0xa66c4f,94.4444%,2,34,36,16,2,0,18
0x435822,99.0741%,2,214,216,16,2,0,198
0xa7a8ba,77.7778%,2,7,9,7,2,0,0
0xa7ad3a,75%,2,6,8,6,2,0,0
0xa7ac1a,87.5%,2,14,16,14,2,0,0
0xa7a9da,77.7778%,2,7,9,7,2,0,0
0xa66f20,88.8889%,2,16,18,16,2,0,0
0xa7a55a,80%,2,8,10,8,2,0,0
0xa7a67a,71.4286%,2,5,7,5,2,0,0
0x4d9a9e,88.8889%,2,16,18,16,1,1,0
0xa7aafa,81.8182%,2,9,11,9,2,0,0
0x435839,99.6032%,2,502,504,502,2,0,0
0xa67398,50%,2,2,4,2,1,1,0
0xa8cbeb,90.9091%,2,20,22,18,1,1,2
0x4d95ca,0%,1,0,1,0,1,0,0
0x8890eb,0%,1,0,1,0,1,0,0
0x8899a9,0%,1,0,1,0,1,0,0
0x4d7f27,0%,1,0,1,0,1,0,0
0xa64724,66.6667%,1,2,3,2,1,0,0
0x889655,0%,1,0,1,0,1,0,0
0x888b32,0%,1,0,1,0,1,0,0
0x4d994b,0%,1,0,1,0,1,0,0
0x483b9b,0%,1,0,1,0,0,1,0
0x888c66,0%,1,0,1,0,1,0,0
0x4785b9,0%,1,0,1,0,1,0,0
0x888e81,0%,1,0,1,0,1,0,0
0x889874,0%,1,0,1,0,1,0,0
0x889608,0%,1,0,1,0,1,0,0
0x8890c4,0%,1,0,1,0,1,0,0
0x47856a,0%,1,0,1,0,1,0,0
0xa8cb34,75%,1,3,4,3,1,0,0
0x888e34,0%,1,0,1,0,1,0,0
0x4d9861,0%,1,0,1,0,1,0,0
0x8b9362,0%,1,0,1,0,1,0,0
0x888de7,0%,1,0,1,0,1,0,0
0x4da1a1,0%,1,0,1,0,1,0,0
0x8891d2,0%,1,0,1,0,1,0,0
0x88995c,0%,1,0,1,0,1,0,0
0xa8cae4,91.6667%,1,11,12,0,1,0,11
0x4d7ed1,0%,1,0,1,0,1,0,0
0xa5bf94,97.2222%,1,35,36,35,1,0,0
0x889185,0%,1,0,1,0,1,0,0
0x4da043,0%,1,0,1,0,1,0,0
0xa7a43a,50%,1,1,2,1,1,0,0
0x888d4d,0%,1,0,1,0,1,0,0
0x88904f,0%,1,0,1,0,1,0,0
0x888f1b,0%,1,0,1,0,1,0,0
0x4d968d,0%,1,0,1,0,1,0,0
0x47e0c4,94.7368%,1,18,19,18,1,0,0
0xa5bfc3,97.2222%,1,35,36,35,1,0,0
0x441fca,0%,1,0,1,0,1,0,0
0x889827,0%,1,0,1,0,1,0,0
0x88a5dd,0%,1,0,1,0,1,0,0
0x477bfe,0%,1,0,1,0,1,0,0
0x888fb5,0%,1,0,1,0,1,0,0
0x4d9e51,0%,1,0,1,0,1,0,0
0x4d9ec6,0%,1,0,1,0,1,0,0
0x4d9f14,0%,1,0,1,0,1,0,0
0x88967c,0%,1,0,1,0,1,0,0
0x4d963f,0%,1,0,1,0,1,0,0
0x4c70e7,50%,1,1,2,1,1,0,0
0xa5f52c,97.2222%,1,35,36,35,1,0,0
0x4d9924,0%,1,0,1,0,1,0,0
0x88a255,0%,1,0,1,0,1,0,0
0x889ddf,0%,1,0,1,0,1,0,0
0xa673a0,0%,1,0,1,0,1,0,0
0x88a1c9,0%,1,0,1,0,1,0,0
0x441f20,0%,1,0,1,0,1,0,0
0x889a90,0%,1,0,1,0,1,0,0
0x889add,0%,1,0,1,0,1,0,0
0x88b3ca,0%,1,0,1,0,1,0,0
0x889002,0%,1,0,1,0,1,0,0
0xa738dc,0%,1,0,1,0,1,0,0
0x4d98fd,0%,1,0,1,0,1,0,0
0x888c19,0%,1,0,1,0,1,0,0
0x889138,0%,1,0,1,0,1,0,0
0x980487,0%,1,0,1,0,1,0,0
0x8893ed,0%,1,0,1,0,1,0,0
0x888cb3,0%,1,0,1,0,1,0,0
0x8d42fd,66.6667%,1,2,3,2,0,1,0
0x88b882,0%,1,0,1,0,1,0,0
0x88a885,0%,1,0,1,0,1,0,0
0x88943a,0%,1,0,1,0,1,0,0
0x88956e,0%,1,0,1,0,1,0,0
0x88909d,0%,1,0,1,0,1,0,0
0x88a687,0%,1,0,1,0,1,0,0
0x441e72,0%,1,0,1,0,1,0,0
0x88afbc,0%,1,0,1,0,1,0,0
0x888d9a,0%,1,0,1,0,1,0,0
0x88b34b,0%,1,0,1,0,1,0,0
0x4c6f9e,50%,1,1,2,1,1,0,0
0x441f85,0%,1,0,1,0,1,0,0
0x889d92,0%,1,0,1,0,1,0,0
0x4d9702,0%,1,0,1,0,1,0,0
0x8894d4,0%,1,0,1,0,1,0,0
0x441db9,0%,1,0,1,0,1,0,0
0x88b0fa,0%,1,0,1,0,1,0,0
0x47875a,0%,1,0,1,0,1,0,0
0x477d8a,0%,1,0,1,0,1,0,0
0x888d00,0%,1,0,1,0,1,0,0
0x88af69,0%,1,0,1,0,1,0,0
0x88b234,0%,1,0,1,0,1,0,0
0x889a43,0%,1,0,1,0,1,0,0
0xa8aaaf,50%,1,1,2,1,1,0,0
0x48cb0f,50%,1,1,2,1,1,0,0
0xa61f2f,66.6667%,1,2,3,2,1,0,0
0x441bce,0%,1,0,1,0,1,0,0
0x4d98af,0%,1,0,1,0,1,0,0
0xa66c67,97.2222%,1,35,36,35,1,0,0
0x889076,0%,1,0,1,0,1,0,0
0x88a108,0%,1,0,1,0,1,0,0
0x4c6f5c,50%,1,1,2,1,1,0,0
0xa5d3e7,97.2222%,1,35,36,35,1,0,0
0x4d957c,0%,1,0,1,0,1,0,0
0x88b922,0%,1,0,1,0,1,0,0
0xa5f4fb,97.2222%,1,35,36,35,1,0,0
0xa66f00,94.4444%,1,17,18,17,1,0,0
0x889e2c,0%,1,0,1,0,1,0,0
0x88bc50,0%,1,0,1,0,1,0,0
0x888f68,0%,1,0,1,0,1,0,0
0x4da1c5,0%,1,0,1,0,1,0,0
0x477d0d,0%,1,0,1,0,1,0,0
0xa66ec1,94.4444%,1,17,18,17,1,0,0
0x889fad,0%,1,0,1,0,1,0,0
0x4da16c,0%,1,0,1,0,1,0,0
0x9804b8,0%,1,0,1,0,1,0,0
0xa66d35,94.4444%,1,17,18,17,1,0,0
0xa5bf49,97.2222%,1,35,36,35,1,0,0
0x4d9c7d,0%,1,0,1,0,1,0,0
0x4d7ee9,0%,1,0,1,0,1,0,0
0x889487,0%,1,0,1,0,1,0,0
0x4d9d8e,0%,1,0,1,0,1,0,0
0xa8cb20,80%,1,4,5,0,1,0,4
0xa66f40,94.4444%,1,17,18,17,1,0,0
0xa66f93,94.4444%,1,17,18,17,1,0,0
0x94caaf,94.4444%,1,17,18,17,1,0,0
0x441e4a,0%,1,0,1,0,1,0,0
0x47e0af,97.619%,1,41,42,41,1,0,0
0xa5bfaf,97.2222%,1,35,36,35,1,0,0
0x4d9c08,0%,1,0,1,0,1,0,0
0xa66d86,94.4444%,1,17,18,17,1,0,0
0x889766,0%,1,0,1,0,1,0,0
0x88aa55,0%,1,0,1,0,1,0,0
0xa8aa91,50%,1,1,2,0,0,1,1
0x88a786,0%,1,0,1,0,1,0,0
0x88b832,0%,1,0,1,0,1,0,0
0xa5fb6c,97.2222%,1,35,36,35,1,0,0
0x4d7ca8,0%,1,0,1,0,1,0,0
0x4358bf,94.4444%,1,17,18,17,1,0,0
0x8896ca,0%,1,0,1,0,1,0,0
0x47e651,99.9584%,1,2403,2404,2403,1,0,0
0x889521,0%,1,0,1,0,1,0,0
0x88b0d3,0%,1,0,1,0,1,0,0
0x94ca73,94.4444%,1,17,18,0,0,1,17
0x888a98,0%,1,0,1,0,1,0,0
0x88926c,0%,1,0,1,0,1,0,0
0x88bc29,0%,1,0,1,0,1,0,0
0x88b6e2,0%,1,0,1,0,1,0,0
0x4da00b,0%,1,0,1,0,1,0,0
0x888ece,0%,1,0,1,0,1,0,0
0x4d9c2f,0%,1,0,1,0,1,0,0
0x889ffa,0%,1,0,1,0,1,0,0
0x88b8d2,0%,1,0,1,0,1,0,0
0x4d9888,0%,1,0,1,0,1,0,0
0x88a094,0%,1,0,1,0,1,0,0
0x4d97c5,0%,1,0,1,0,1,0,0
0x889c5e,0%,1,0,1,0,1,0,0
0x8897da,0%,1,0,1,0,1,0,0
0x88a632,0%,1,0,1,0,1,0,0
0x4787a9,0%,1,0,1,0,1,0,0
0x441efc,0%,1,0,1,0,1,0,0
0x88b68a,0%,1,0,1,0,1,0,0
0x888a4b,0%,1,0,1,0,1,0,0
0x88a12f,0%,1,0,1,0,1,0,0
0x888bcc,0%,1,0,1,0,1,0,0
0x8893a0,0%,1,0,1,0,1,0,0
0x88a17c,0%,1,0,1,0,1,0,0
0x4da076,0%,1,0,1,0,1,0,0
0x4d7c75,0%,1,0,1,0,1,0,0
0x4d9ddc,0%,1,0,1,0,1,0,0
0x4d7ffa,0%,1,0,1,0,1,0,0
0x4d9be1,0%,1,0,1,0,1,0,0
0x88a271,0%,1,0,1,0,0,1,0
0xa66f7b,94.4444%,1,17,18,17,1,0,0
0xa5d9ed,97.2222%,1,35,36,35,1,0,0
0x889b2a,0%,1,0,1,0,1,0,0
0xa66cb2,94.4444%,1,17,18,17,1,0,0
0x4d9813,0%,1,0,1,0,1,0,0
0x88ab74,0%,1,0,1,0,1,0,0
0x4c6f7d,50%,1,1,2,1,1,0,0
0xa673b7,66.6667%,1,2,3,2,1,0,0
0x888b7f,0%,1,0,1,0,1,0,0
0x4d9ca4,0%,1,0,1,0,1,0,0
0x4da0a1,0%,1,0,1,0,1,0,0
0x88a731,0%,1,0,1,0,1,0,0
0x889353,0%,1,0,1,0,1,0,0
0x4d9a3f,94.4444%,1,17,18,17,1,0,0
0x8895bb,0%,1,0,1,0,1,0,0
0x888ae5,0%,1,0,1,0,1,0,0
0x8892b9,0%,1,0,1,0,1,0,0
0x889306,0%,1,0,1,0,1,0,0
0x4d9d40,0%,1,0,1,0,1,0,0
0x88921f,0%,1,0,1,0,1,0,0
0x88bbaa,0%,1,0,1,0,1,0,0
0x483b39,0%,1,0,1,0,1,0,0
0x4d9618,0%,1,0,1,0,1,0,0
0x4d9666,0%,1,0,1,0,1,0,0
0x4d96b4,0%,1,0,1,0,1,0,0
0x4d9729,0%,1,0,1,0,1,0,0
0x4d9750,0%,1,0,1,0,1,0,0
0x4d9777,0%,1,0,1,0,1,0,0
0x4d979e,0%,1,0,1,0,1,0,0
0x4d97ec,0%,1,0,1,0,1,0,0
0x4d983a,0%,1,0,1,0,1,0,0
0x4d98d6,0%,1,0,1,0,1,0,0
0x4d7be2,0%,1,0,1,0,1,0,0
0x48bf5e,0%,1,0,1,0,1,0,0
0x88b00c,0%,1,0,1,0,1,0,0
0x4d95a3,0%,1,0,1,0,1,0,0
0x483b6e,50%,1,1,2,0,1,0,1
0x483b76,0%,1,0,1,0,1,0,0
0x88aaca,0%,1,0,1,0,1,0,0
0x88a8da,0%,1,0,1,0,1,0,0
0xa738cc,0%,1,0,1,0,1,0,0
0x88ae69,0%,1,0,1,0,1,0,0
0xa738f3,0%,1,0,1,0,1,0,0
0x4d7ce7,0%,1,0,1,0,1,0,0
0x4d7d68,0%,1,0,1,0,1,0,0
0x4d7da4,0%,1,0,1,0,1,0,0
0x88adbf,0%,1,0,1,0,1,0,0
0x4d7de0,0%,1,0,1,0,1,0,0
0x4d7e1c,0%,1,0,1,0,1,0,0
0x48cafa,66.6667%,1,2,3,0,1,0,2
0x4d7e58,0%,1,0,1,0,1,0,0
0x88a7db,0%,1,0,1,0,1,0,0
0x4d7f70,0%,1,0,1,0,1,0,0
0x88aebe,0%,1,0,1,0,1,0,0
0x4d95f1,0%,1,0,1,0,1,0,0
0x48c8d8,80%,1,4,5,1,1,0,3
0xa7a31a,50%,1,1,2,1,1,0,0
0x437184,0%,1,0,1,0,1,0,0
0x88b9c2,0%,1,0,1,0,1,0,0
0x48c9fe,66.6667%,1,2,3,0,0,1,2
0x88bd2f,0%,1,0,1,0,1,0,0
0x89dffc,50%,1,1,2,1,1,0,0
0x88b284,0%,1,0,1,0,1,0,0
0x4d7e82,0%,1,0,1,0,1,0,0
0xa79d10,75%,1,3,4,3,1,0,0
0xa7a800,50%,1,1,2,1,1,0,0
0x489490,50%,1,1,2,1,1,0,0
0x4d96db,0%,1,0,1,0,1,0,0
0x4c6fcf,50%,1,1,2,1,1,0,0
0x4d7ae3,0%,1,0,1,0,1,0,0
0x4da0d6,0%,1,0,1,0,1,0,0
0x4da10b,0%,1,0,1,0,1,0,0
0x4da137,0%,1,0,1,0,1,0,0
0x4d9555,0%,1,0,1,0,1,0,0
0x88a434,0%,1,0,1,0,1,0,0
0x88b4d2,0%,1,0,1,0,1,0,0
0x88b582,0%,1,0,1,0,1,0,0
0x88b05c,0%,1,0,1,0,1,0,0
0x88b0ac,0%,1,0,1,0,1,0,0
0x88b121,0%,1,0,1,0,1,0,0
0x88b148,0%,1,0,1,0,1,0,0
0x88b16f,0%,1,0,1,0,1,0,0
0x88b196,0%,1,0,1,0,1,0,0
0x88b1e4,0%,1,0,1,0,1,0,0
0x88b324,0%,1,0,1,0,1,0,0
0x88b372,0%,1,0,1,0,1,0,0
0x88b422,0%,1,0,1,0,1,0,0
0x88b47a,0%,1,0,1,0,1,0,0
0x88b52a,0%,1,0,1,0,1,0,0
0x88bd79,0%,1,0,1,0,1,0,0
0x88ae14,0%,1,0,1,0,1,0,0
0x88b5da,0%,1,0,1,0,1,0,0
0x88b73a,0%,1,0,1,0,1,0,0
0x88b792,0%,1,0,1,0,1,0,0
0x88b7e2,0%,1,0,1,0,1,0,0
0x88b972,0%,1,0,1,0,1,0,0
0x88ba12,0%,1,0,1,0,1,0,0
0x88ba62,0%,1,0,1,0,1,0,0
0x88bab2,0%,1,0,1,0,1,0,0
0x88bb02,0%,1,0,1,0,1,0,0
0x88bb52,0%,1,0,1,0,1,0,0
0x88bc02,0%,1,0,1,0,1,0,0
0x88bca8,0%,1,0,1,0,1,0,0
0x88a6dc,0%,1,0,1,0,1,0,0
0x4d7ea4,0%,1,0,1,0,1,0,0
0x4d7fb5,0%,1,0,1,0,1,0,0
0x4d803f,0%,1,0,1,0,1,0,0
0x4d7efb,0%,1,0,1,0,1,0,0
0x88af16,0%,1,0,1,0,1,0,0
0x4d8084,0%,1,0,1,0,1,0,0
0x88a38f,0%,1,0,1,0,1,0,0
0x88a3e4,0%,1,0,1,0,1,0,0
0x88b1bd,0%,1,0,1,0,1,0,0
0x88a489,0%,1,0,1,0,1,0,0
0x88a4de,0%,1,0,1,0,1,0,0
0x88a533,0%,1,0,1,0,1,0,0
0x88a588,0%,1,0,1,0,1,0,0
0x8896f1,0%,1,0,1,0,1,0,0
0x88a830,0%,1,0,1,0,1,0,0
0x88a984,0%,1,0,1,0,1,0,0
0x88a9d9,0%,1,0,1,0,1,0,0
0x88aa2e,0%,1,0,1,0,1,0,0
0x88aaa3,0%,1,0,1,0,1,0,0
0x88ab1f,0%,1,0,1,0,1,0,0
0x88abc9,0%,1,0,1,0,1,0,0
0x88ac1e,0%,1,0,1,0,1,0,0
0x88ac73,0%,1,0,1,0,1,0,0
0x88acc8,0%,1,0,1,0,1,0,0
0x88ad15,0%,1,0,1,0,1,0,0
0x88ad6a,0%,1,0,1,0,1,0,0
0x4d9ccb,0%,1,0,1,0,1,0,0
0x8899f6,0%,1,0,1,0,1,0,0
0x4d7a79,0%,1,0,1,0,1,0,0
0x88a92f,0%,1,0,1,0,1,0,0
0x889cf8,0%,1,0,1,0,1,0,0
0x8898e8,0%,1,0,1,0,1,0,0
0x889e79,0%,1,0,1,0,1,0,0
0x889ec6,0%,1,0,1,0,1,0,0
0x889f60,0%,1,0,1,0,1,0,0
0x88a047,0%,1,0,1,0,1,0,0
0x88aa7c,0%,1,0,1,0,1,0,0
0x88990f,0%,1,0,1,0,1,0,0
0x4d7b8f,0%,1,0,1,0,1,0,0
0x4d9cf2,0%,1,0,1,0,1,0,0
0x4d9d19,0%,1,0,1,0,1,0,0
0x4d9d67,0%,1,0,1,0,1,0,0
0x4d9db5,0%,1,0,1,0,1,0,0
0x4d9e03,0%,1,0,1,0,1,0,0
0x4d9e2a,0%,1,0,1,0,1,0,0
0x4d9e78,0%,1,0,1,0,1,0,0
0x4d9e9f,0%,1,0,1,0,1,0,0
0x4d9eed,0%,1,0,1,0,1,0,0
0x88978d,0%,1,0,1,0,1,0,0
0xa67350,50%,1,1,2,1,1,0,0
0x889718,0%,1,0,1,0,1,0,0
0x4c7080,50%,1,1,2,1,1,0,0
0x88a0e1,0%,1,0,1,0,1,0,0
0x88973f,0%,1,0,1,0,1,0,0
0x889f13,0%,1,0,1,0,1,0,0
0x889bc4,0%,1,0,1,0,1,0,0
0x88bd00,0%,1,0,1,0,1,0,0
0x889d45,0%,1,0,1,0,1,0,0
0x88b632,0%,1,0,1,0,1,0,0
0x88a217,0%,1,0,1,0,1,0,0
0x4d9c56,0%,1,0,1,0,1,0,0
0x889b77,0%,1,0,1,0,1,0,0
0x4d7ebf,0%,1,0,1,0,1,0,0
0x477bd1,0%,1,0,1,0,1,0,0
0x889c11,0%,1,0,1,0,1,0,0
0x88a1f0,0%,1,0,1,0,1,0,0
0x43e53b,0%,1,0,1,0,1,0,0
0x8898c1,0%,1,0,1,0,1,0,0
0x889cab,0%,1,0,1,0,1,0,0
0x4d7d2e,0%,1,0,1,0,1,0,0
0x4d9fb0,0%,1,0,1,0,1,0,0
0x4d9f62,0%,1,0,1,0,1,0,0
0x4d9f3b,0%,1,0,1,0,1,0,0
0x4d9fda,0%,1,0,1,0,1,0,0
0x4d9f89,0%,1,0,1,0,1,0,0
0x48c830,100%,0,5,5,0,0,0,5
0xa8aa87,100%,0,2,2,0,0,0,2
0x435719,100%,0,19,19,0,0,0,19
0xa8c7d7,100%,0,1,1,0,0,0,1
0x4357b9,100%,0,18,18,0,0,0,18
0xa8cbc3,100%,0,22,22,0,0,0,22
0x483adc,100%,0,1,1,0,0,0,1
0xa8aaa5,100%,0,2,2,0,0,0,2
0xa8cbe1,100%,0,22,22,0,0,0,22
0xa8cb74,100%,0,22,22,0,0,0,22
0x47e470,100%,0,18,18,0,0,0,18
0x9e7190,100%,0,341,341,341,0,0,0
0x47e467,100%,0,18,18,0,0,0,18
0xa1cf45,100%,0,683,683,0,0,0,683
0x436c1f,100%,0,512,512,0,0,0,512
0x48c81b,100%,0,5,5,0,0,0,5
0x48c806,100%,0,5,5,0,0,0,5
0xa73939,100%,0,1,1,0,0,0,1
0x47b9ca,100%,0,738,738,0,0,0,738
0x47b9cf,100%,0,738,738,0,0,0,738
0x48c7b2,100%,0,5,5,0,0,0,5
0xa5d3d5,100%,0,36,36,0,0,0,36
0x48c96b,100%,0,3,3,0,0,0,3
0xa7391a,100%,0,1,1,0,0,0,1
0x48c773,100%,0,5,5,0,0,0,5
0xa8cbaf,100%,0,22,22,0,0,0,22
0xa8aa73,100%,0,2,2,0,0,0,2
0x48c75e,100%,0,5,5,0,0,0,5
0x435727,100%,0,19,19,0,0,0,19
0xa1cf5a,100%,0,683,683,0,0,0,683
0xa5f50c,100%,0,36,36,0,0,0,36
0x4d7e51,100%,0,1,1,0,0,0,1
0x43e5be,100%,0,1,1,0,0,0,1
0xa5d38a,100%,0,36,36,0,0,0,36
0xa5d3b5,100%,0,36,36,0,0,0,36
0x48c845,100%,0,5,5,0,0,0,5
0x47e042,100%,0,2,2,0,0,0,2
0xa5fb53,100%,0,36,36,0,0,0,36
0xa5d48d,100%,0,36,36,0,0,0,36
0xa7a7d4,100%,0,2,2,0,0,0,2
0xa5f523,100%,0,36,36,0,0,0,36
0xa5d3f5,100%,0,36,36,0,0,0,36
0x47e41e,100%,0,18,18,0,0,0,18
0xa64688,100%,0,48,48,0,0,0,48
0x47e030,100%,0,2,2,0,0,0,2
0xa5f53b,100%,0,36,36,0,0,0,36
0x48ca13,100%,0,3,3,0,0,0,3
0x4357c2,100%,0,18,18,0,0,0,18
0xa5f547,100%,0,36,36,0,0,0,36
0x43899c,100%,0,512,512,0,0,0,512
0xa8caee,100%,0,11,11,0,0,0,11
0xa5f550,100%,0,36,36,0,0,0,36
0xa5f555,100%,0,36,36,0,0,0,36
0x478750,100%,0,1,1,0,0,0,1
0x483aff,100%,0,1,1,0,0,0,1
0x48c70a,100%,0,5,5,0,0,0,5
0x47e072,100%,0,19,19,0,0,0,19
0x88c6b7,100%,0,353,353,0,0,0,353
0x48c71f,100%,0,5,5,0,0,0,5
0xa8c7b5,100%,0,19,19,0,0,0,19
0x4d9a3d,100%,0,18,18,0,0,0,18
0x47e094,100%,0,61,61,0,0,0,61
0xa8aa0f,100%,0,14,14,0,0,0,14
0xa8cbf5,100%,0,3,3,0,0,0,3
0xa1ce37,100%,0,682,682,0,0,0,682
0xa66e48,100%,0,18,18,0,0,0,18
0xa8aa19,100%,0,14,14,0,0,0,14
0x48c6f5,100%,0,5,5,0,0,0,5
0x4357dd,100%,0,18,18,0,0,0,18
0xa8cb02,100%,0,8,8,0,0,0,8
0x48c7dc,100%,0,5,5,0,0,0,5
0xa8aa37,100%,0,14,14,0,0,0,14
0x47e07b,100%,0,19,19,0,0,0,19
0xa8cb7d,100%,0,22,22,0,0,0,22
0xa8aa41,100%,0,14,14,0,0,0,14
0xa8cb87,100%,0,22,22,0,0,0,22
0xa8cb2a,100%,0,4,4,0,0,0,4
0x436889,100%,0,18,18,0,0,0,18
0xa66c93,100%,0,18,18,0,0,0,18
0xa8cba5,100%,0,22,22,0,0,0,22
0xa8aa69,100%,0,2,2,0,0,0,2
0x88bdc7,100%,0,1,1,0,0,0,1
0xa8aa4b,100%,0,14,14,0,0,0,14
0x48c79d,100%,0,5,5,0,0,0,5
0xa8c837,100%,0,1,1,0,0,0,1
0x48c6e0,100%,0,5,5,0,0,0,5
0xa5bf3a,100%,0,36,36,0,0,0,36
0x477cf3,100%,0,1,1,0,0,0,1
0x438998,100%,0,512,512,0,0,0,512
0x88c995,100%,0,58436,58436,0,0,0,58436
0xa5bed9,100%,0,36,36,0,0,0,36
0x48c749,100%,0,5,5,0,0,0,5
0xa8cbcd,100%,0,22,22,0,0,0,22
0x48c734,100%,0,5,5,0,0,0,5
0xa5bee3,100%,0,36,36,0,0,0,36
0xa5bfbe,100%,0,36,36,0,0,0,36
0xa8cbd7,100%,0,22,22,0,0,0,22
0xa8aa9b,100%,0,2,2,0,0,0,2
0x88b2d4,100%,0,1,1,1,0,0,0
0xa5bf05,100%,0,36,36,0,0,0,36
0xa5bf17,100%,0,36,36,0,0,0,36
0xa5fb63,100%,0,36,36,0,0,0,36
0xa66c31,100%,0,18,18,0,0,0,18
0x8d431d,100%,0,1,1,0,0,0,1
0xa8c7f7,100%,0,3,3,0,0,0,3
0xa1cf4b,100%,0,683,683,0,0,0,683
0x9e6f98,100%,0,683,683,0,0,0,683
0xa5bf67,100%,0,36,36,0,0,0,36
0x4d7dd9,100%,0,1,1,0,0,0,1
0x48c788,100%,0,5,5,0,0,0,5
0xa5bfb9,100%,0,36,36,0,0,0,36
0x436867,100%,0,18,18,0,0,0,18
0xa8aa2d,100%,0,14,14,0,0,0,14
0x94ca8c,100%,0,18,18,0,0,0,18
0x477cc7,100%,0,1,1,0,0,0,1
0x48c9bf,100%,0,3,3,0,0,0,3
0x8d39d4,100%,0,342,342,342,0,0,0
0x4d7ac4,100%,0,1,1,0,0,0,1
0xa1e9c5,100%,0,341,341,0,0,0,341
0x8d1502,100%,0,341,341,0,0,0,341
0xa1ce08,100%,0,682,682,0,0,0,682
0xa8cb9b,100%,0,22,22,0,0,0,22
0x48c980,100%,0,3,3,0,0,0,3
0x4785b0,100%,0,1,1,0,0,0,1
0x48c92c,100%,0,3,3,0,0,0,3
0x8cff5b,100%,0,341,341,341,0,0,0
0x43e5a2,100%,0,1,1,1,0,0,0
0x43e5b9,100%,0,1,1,0,0,0,1
0xa7b138,100%,0,18,18,0,0,0,18
0x48c956,100%,0,3,3,0,0,0,3
0x43686f,100%,0,18,18,0,0,0,18
0x47e025,100%,0,2,2,0,0,0,2
0xa1eaf4,100%,0,341,341,0,0,0,341
0x4d7e15,100%,0,1,1,0,0,0,1
0xa8aa7d,100%,0,2,2,0,0,0,2
0xa8cbb9,100%,0,22,22,0,0,0,22
0x48c995,100%,0,3,3,0,0,0,3
0x48c917,100%,0,3,3,0,0,0,3
0xa66c26,100%,0,18,18,0,0,0,18
0xa8c817,100%,0,3,3,0,0,0,3
0x477ba0,100%,0,1,1,0,0,0,1
0x8bbaf8,100%,0,2,2,0,0,0,2
0x48c902,100%,0,3,3,0,0,0,3
0x48c8ed,100%,0,3,3,0,0,0,3
0x477bc9,100%,0,1,1,0,0,0,1
0xa1e9cb,100%,0,341,341,0,0,0,341
0xa1e6cf,100%,0,341,341,341,0,0,0
0x48c9e9,100%,0,3,3,0,0,0,3
0x477b97,100%,0,1,1,0,0,0,1
0x478560,100%,0,1,1,0,0,0,1
0x477d56,100%,0,1,1,0,0,0,1
0x441ef0,100%,0,1,1,0,0,0,1
0x8d12c4,100%,0,341,341,341,0,0,0
0x477d09,100%,0,1,1,0,0,0,1
0x88a296,100%,0,1,1,0,0,0,1
0x48ca52,100%,0,3,3,0,0,0,3
0x9e7186,100%,0,341,341,0,0,0,341
0xa5bef5,100%,0,36,36,0,0,0,36
0x48ca7c,100%,0,3,3,0,0,0,3
0x8bbd92,100%,0,341,341,0,0,0,341
0xa8c859,100%,0,4,4,0,0,0,4
0x47e3c8,100%,0,18,18,0,0,0,18
0x48c9d4,100%,0,3,3,0,0,0,3
0x48ca91,100%,0,3,3,0,0,0,3
0x48c7f1,100%,0,5,5,0,0,0,5
0x8896a3,100%,0,1,1,1,0,0,0
0x48cabb,100%,0,3,3,0,0,0,3
0x48cad0,100%,0,3,3,0,0,0,3
0x441da9,100%,0,1,1,0,0,0,1
0x48cae5,100%,0,3,3,0,0,0,3
0xa8aa23,100%,0,14,14,0,0,0,14
0x48c9aa,100%,0,3,3,0,0,0,3
0x4787a0,100%,0,1,1,0,0,0,1
0x48c941,100%,0,3,3,0,0,0,3
0xa7b13e,100%,0,18,18,0,0,0,18
0xa66dd1,100%,0,18,18,0,0,0,18
0x48c7c7,100%,0,5,5,0,0,0,5
0xa5fb4a,100%,0,36,36,0,0,0,36
0xa6731f,100%,0,18,18,0,0,0,18
0x483b1b,100%,0,1,1,0,0,0,1
0xa8a9fc,100%,0,36,36,0,0,0,36
0x88c5ef,100%,0,3,3,0,0,0,3
0xa8cb91,100%,0,22,22,0,0,0,22
0x4d7d9d,100%,0,1,1,0,0,0,1
0xa5beed,100%,0,36,36,0,0,0,36
0xa8aa55,100%,0,14,14,0,0,0,14
0xa8c4f9,100%,0,2,2,0,0,0,2
0xa67616,100%,0,12,12,12,0,0,0
0xa5bf8f,100%,0,36,36,0,0,0,36
0x9e6fa2,100%,0,683,683,683,0,0,0
0xa66e51,100%,0,18,18,0,0,0,18
0x4357ca,100%,0,18,18,0,0,0,18
0xa66e75,100%,0,18,18,0,0,0,18
0x48c85a,100%,0,5,5,0,0,0,5
0xa5f4d3,100%,0,36,36,0,0,0,36
0xa66e7d,100%,0,18,18,0,0,0,18
0x9e6fa9,100%,0,683,683,683,0,0,0
0x441ee1,100%,0,1,1,0,0,0,1
0xa66ea0,100%,0,18,18,0,0,0,18
0x48c86f,100%,0,5,5,0,0,0,5
0xa1e9d9,100%,0,341,341,341,0,0,0
0xa73904,100%,0,1,1,0,0,0,1
0xa8cb16,100%,0,5,5,0,0,0,5
0xa66c8d,100%,0,18,18,0,0,0,18
0x48c8c3,100%,0,5,5,0,0,0,5
0x48caa6,100%,0,3,3,0,0,0,3
0xa5bf28,100%,0,36,36,0,0,0,36
0x48c8ae,100%,0,5,5,0,0,0,5
0x4d7c4d,100%,0,1,1,0,0,0,1
0x47e029,100%,0,2,2,0,0,0,2
0x483ae8,100%,0,1,1,0,0,0,1
0x48ca28,100%,0,3,3,0,0,0,3
0xa66c73,100%,0,18,18,0,0,0,18
0x483b2e,100%,0,1,1,0,0,0,1
0x48ca3d,100%,0,3,3,0,0,0,3
0x47e419,100%,0,18,18,0,0,0,18
0x436c17,100%,0,512,512,0,0,0,512
0x48c899,100%,0,5,5,0,0,0,5
0x48ca67,100%,0,3,3,0,0,0,3
0x9e71d9,100%,0,341,341,341,0,0,0
0x4d7d61,100%,0,1,1,0,0,0,1
0x4d9a24,100%,0,1,1,0,0,0,1
0xa5f4e7,100%,0,36,36,0,0,0,36
0x483b87,100%,0,1,1,0,0,0,1
0x483b90,100%,0,1,1,0,0,0,1
0x43717a,100%,0,1,1,0,0,0,1
0xa738c7,100%,0,1,1,0,0,0,1
0xa61d61,100%,0,16,16,0,0,0,16
0x48c884,100%,0,5,5,0,0,0,5
0x441bb5,100%,0,1,1,0,0,0,1
