Branch PC,Accuracy,Mispredictions,Correct Predictions,Total,dir_t_pred_t,dir_t_pred_nt,dir_nt_pred_t,dir_nt_pred_nt
aggregate,98.4686%,120559,7752081,7872640,4653834,60129,60430,3098247
0x445632,94.0935%,9588,152742,162330,128814,3831,5757,23928
0x445604,95.7361%,9346,209842,219188,49945,6913,2433,159897
0x445611,96.0371%,6433,155897,162330,52083,4775,1658,103814
0x4455bf,96.0109%,4739,114061,118800,6226,2980,1759,107835
0x41e591,85.7787%,4666,28144,32810,23685,1522,3144,4459
0x429ab4,91.3493%,3762,39726,43488,1061,2669,1093,38665
0x429b8e,75.1082%,3393,10238,13631,2795,2230,1163,7443
0x45ed2a,80.461%,3170,13054,16224,12770,328,2842,284
0x41e5cf,90.9631%,2965,29845,32810,29746,263,2702,99
0x429c2f,91.3213%,2603,27390,29993,2141,1679,924,25249
0x429c82,91.4047%,2578,27415,29993,2019,1623,955,25396
0x402828,95.9157%,2434,57160,59594,28146,1328,1106,29014
0x429dc2,85.0305%,2358,13394,15752,4075,1387,971,9319
0x445f99,73.8328%,2225,6278,8503,3762,1180,1045,2516
0x429ac2,95.4097%,1825,37933,39758,36853,398,1427,1080
0x445d65,91.7919%,1715,19179,20894,15580,741,974,3599
0x429be2,95.1014%,1662,32266,33928,1199,1092,570,31067
0x429bfc,95.8655%,1308,30328,31636,789,854,454,29539
0x463702,57.859%,1303,1789,3092,391,836,467,1398
0x426ca7,50.7446%,1290,1329,2619,901,546,744,428
0x426c80,53.4555%,1219,1400,2619,925,519,700,475
0x426cce,54.5628%,1190,1429,2619,987,503,687,442
0x43a53a,72.5894%,1157,3064,4221,1741,337,820,1323
0x4636c8,89.4566%,1137,9647,10784,7211,481,656,2436
0x426c57,57.0829%,1124,1495,2619,1188,423,701,307
0x463a56,75.467%,1077,3313,4390,510,622,455,2803
0x45efeb,75.1479%,1008,3048,4056,2883,159,849,165
0x445d6f,80.9972%,869,3704,4573,1744,457,412,1960
0x446034,90.7209%,789,7714,8503,7243,165,624,471
0x446639,89.2467%,768,6374,7142,6194,171,597,180
0x44b95b,88.348%,742,5626,6368,5262,227,515,364
0x429d35,97.9374%,710,33713,34423,25400,418,292,8313
0x463da2,60.3194%,646,982,1628,542,343,303,440
0x463c2c,81.1896%,623,2689,3312,291,366,257,2398
0x45da5f,58.6441%,610,865,1475,677,280,330,188
0x429aeb,94.4628%,602,10270,10872,7900,254,348,2370
0x41e67e,85.82%,575,3480,4055,3456,92,483,24
0x463745,94.8349%,557,10227,10784,9992,118,439,235
0x45edad,96.6716%,540,15684,16224,11999,169,371,3685
0x429a78,98.5986%,517,36374,36891,943,403,114,35431
0x433027,64.7917%,507,933,1440,878,129,378,55
0x429c34,98.1278%,490,25683,26173,18547,231,259,7136
0x45db5e,67.6312%,481,1005,1486,489,254,227,516
0x45faf4,83.7782%,474,2448,2922,2441,48,426,7
0x44ac5d,93.0108%,445,5922,6367,5889,84,361,33
0x429bc6,98.7073%,445,33979,34424,215,281,164,33764
0x4482a9,93.1993%,433,5934,6367,286,245,188,5648
0x45fb49,84.7646%,424,2359,2783,2326,93,331,33
0x4634d7,80.5874%,423,1756,2179,1731,84,339,25
0x463dec,68.9946%,404,899,1303,840,68,336,59
0x45d172,60.7495%,398,616,1014,123,233,165,493
0x463b73,88.0435%,396,2916,3312,2881,99,297,35
0x42897a,71.828%,393,1002,1395,416,178,215,586
0x46336c,52.0885%,390,424,814,156,233,157,268
0x429b06,85.7248%,388,2330,2718,1203,156,232,1127
0x446186,93.9846%,383,5984,6367,4805,203,180,1179
0x46334e,54.5455%,370,444,814,268,190,180,176
0x427c15,94.9355%,369,6917,7286,1660,284,85,5257
0x463a91,88.9503%,360,2898,3258,2467,134,226,431
0x46349a,52.5828%,358,397,755,232,159,199,165
0x427b51,67.3694%,356,735,1091,74,244,112,661
0x45f97b,65.286%,352,662,1014,526,148,204,136
0x4456c4,98.8271%,347,29237,29584,337,213,134,28900
0x4279e5,91.6058%,345,3765,4110,3476,111,234,289
0x45ef35,91.6174%,340,3716,4056,555,221,119,3161
0x44605b,69.6804%,332,763,1095,525,190,142,238
0x4152f0,76.0118%,326,1033,1359,296,193,133,737
0x45fbaa,87.7226%,324,2315,2639,2315,21,303,0
0x45fbfc,87.4154%,316,2195,2511,2189,46,270,6
0x45ff50,57.0839%,312,415,727,220,162,150,195
0x428f02,72.5966%,305,808,1113,442,152,153,366
0x444b92,88.5855%,301,2336,2637,518,153,148,1818
0x428700,74.1514%,297,852,1149,461,138,159,391
0x429e05,97.1152%,295,9931,10226,95,225,70,9836
0x4279ae,92.8063%,293,3780,4073,8,222,71,3772
0x463754,61.457%,291,464,755,122,144,147,342
0x427b5d,62.3545%,291,482,773,60,192,99,422
0x463415,67.5978%,290,605,895,386,125,165,219
0x429d4f,97.8723%,290,13340,13630,10138,85,205,3202
0x42a620,78.6299%,287,1056,1343,613,134,153,443
0x429ad3,99.3423%,286,43202,43488,32550,66,220,10652
0x463477,62.5166%,283,472,755,48,176,107,424
0x404f3c,99.9212%,279,353593,353872,353593,7,272,0
0x434e92,80.9028%,275,1165,1440,428,112,163,737
0x4289da,67.0412%,264,537,801,337,119,145,200
0x429a91,99.2713%,259,35286,35545,417,188,71,34869
0x45dcf3,77.9675%,258,913,1171,315,79,179,598
0x42a125,93.8224%,256,3888,4144,3869,16,240,19
0x45f036,66.6667%,248,496,744,472,71,177,24
0x428ab6,69.5381%,244,557,801,238,109,135,319
0x45fd61,69.6629%,243,558,801,47,169,74,511
0x45d1f1,63.5258%,240,418,658,180,126,114,238
0x42a014,93.9347%,236,3655,3891,130,149,87,3525
0x45f00c,68.6828%,233,511,744,477,81,152,34
0x429eb7,97.7608%,229,9998,10227,159,155,74,9839
0x401a1b,88.5656%,224,1735,1959,1469,101,123,266
0x463798,54.1922%,224,265,489,51,142,82,214
0x4290da,72.75%,218,582,800,341,103,115,241
0x429a5e,99.4175%,217,37034,37251,217,143,74,36817
0x434e9b,76.2222%,214,686,900,131,99,115,555
0x4279e1,95.0318%,211,4036,4247,11,126,85,4025
0x4293c3,73.875%,209,591,800,329,109,100,262
0x45d2a8,70.7386%,206,498,704,26,130,76,472
0x45f064,72.9839%,201,543,744,485,74,127,58
0x463dbd,65.2249%,201,377,578,36,147,54,341
0x42907a,86.0832%,194,1200,1394,447,147,47,753
0x45d341,64.781%,193,355,548,318,99,94,37
0x42a031,94.6567%,193,3419,3612,122,115,78,3297
0x45d437,73.2955%,188,516,704,312,40,148,204
0x45effd,81.5582%,187,827,1014,158,112,75,669
0x428c9f,77.2784%,182,619,801,346,79,103,273
0x45f095,75.672%,181,563,744,465,78,103,98
0x463db7,75.9085%,179,564,743,14,151,28,550
0x4291cb,78.375%,173,627,800,267,87,86,360
0x42a0d2,95.3488%,168,3444,3612,129,109,59,3315
0x429c94,99.3625%,168,26183,26351,18777,85,83,7406
0x4279f5,82.9699%,164,799,963,17,108,56,782
0x429e21,98.3646%,162,9744,9906,36,126,36,9708
0x42a62b,73.1544%,160,436,596,47,102,58,389
0x401cc6,97.4454%,159,6065,6224,5829,6,153,236
0x463809,68.0982%,156,333,489,104,69,87,229
0x45fc3a,93.5726%,154,2242,2396,1938,39,115,304
0x41560a,89.7917%,147,1293,1440,730,84,63,563
0x45f989,57.0588%,146,194,340,68,72,74,126
0x427a07,82.6969%,145,693,838,374,66,79,319
0x427b45,88.0169%,142,1043,1185,5,89,53,1038
0x429ed7,98.5877%,140,9773,9913,89,82,58,9684
0x45ed6b,95.6174%,137,2989,3126,279,101,36,2710
0x444b1d,97.4208%,136,5137,5273,4106,47,89,1031
0x402ac0,99.952%,134,279236,279370,249209,41,93,30027
0x434eb7,80%,134,536,670,27,78,56,509
0x44a9d7,87.9452%,132,963,1095,465,61,71,498
0x429de5,98.7366%,130,10160,10290,5,59,71,10155
0x4482ae,97.7896%,129,5707,5836,225,65,64,5482
0x428da3,90.2588%,128,1186,1314,1127,47,81,59
0x45d1c4,81.459%,122,536,658,18,83,39,518
0x43c33f,62.6543%,121,203,324,85,65,56,118
0x413c34,91.4371%,115,1228,1343,6,75,40,1222
0x45f2a3,91.1265%,115,1181,1296,1175,23,92,6
0x45fb19,73.6721%,114,319,433,91,48,66,228
0x43a589,89.8165%,111,979,1090,970,38,73,9
0x429fec,97.3158%,110,3988,4098,76,47,63,3912
0x45ddc3,90.4218%,109,1029,1138,541,24,85,488
0x45fbcf,64.3564%,108,195,303,84,44,64,111
0x426d24,96.7771%,107,3213,3320,3143,36,71,70
0x463650,69.8864%,106,246,352,234,34,72,12
0x413b39,92.3529%,104,1256,1360,3,78,26,1253
0x45f96d,90.5023%,104,991,1095,15,66,38,976
0x45f2f8,92.0525%,103,1193,1296,1193,22,81,0
0x45fdaf,82.5641%,102,483,585,6,68,34,477
0x45d6d2,93.2032%,101,1385,1486,85,77,24,1300
0x42869e,92.6652%,101,1276,1377,2,79,22,1274
0x45dc08,84.4376%,101,548,649,9,25,76,539
0x45d940,93.2705%,100,1386,1486,1375,28,72,11
0x43a554,97.6309%,100,4121,4221,3108,18,82,1013
0x41511d,93.2639%,97,1343,1440,9,72,25,1334
0x42a547,93.7743%,96,1446,1542,1355,48,48,91
0x413bcc,93.0007%,94,1249,1343,4,76,18,1245
0x4634f2,88.4768%,87,668,755,651,23,64,17
0x45d759,98.3573%,87,5209,5296,5209,1,86,0
0x445907,99.9608%,86,219102,219188,109554,40,46,109548
0x463b98,74.0964%,86,246,332,231,34,52,15
0x4152f6,90.1149%,86,784,870,112,73,13,672
0x434ec0,84.9558%,85,480,565,473,22,63,7
0x42a00a,97.9119%,83,3892,3975,32,52,31,3860
0x405f19,99.9301%,83,118717,118800,117293,22,61,1424
0x463ae2,95.4164%,82,1707,1789,1706,29,53,1
0x45fc21,71.7391%,78,198,276,79,36,42,119
0x4c9657,99.7657%,72,30657,30729,1247,42,30,29410
0x45dd9f,90.7336%,72,705,777,5,28,44,700
0x44591d,99.9402%,71,118729,118800,117302,13,58,1427
0x429e92,99.3197%,70,10220,10290,17,46,24,10203
0x46e32e,95.205%,69,1370,1439,683,36,33,687
0x41e79e,58.6826%,69,98,167,40,32,37,58
0x4298e5,96.55%,69,1931,2000,1725,25,44,206
0x41e724,59.3939%,67,98,165,81,20,47,17
0x4278b5,58.3333%,65,91,156,38,36,29,53
0x4456a4,99.7844%,64,29621,29685,1,58,6,29620
0x463450,91.5232%,64,691,755,652,22,42,39
0x45dc75,89.9187%,62,553,615,4,38,24,549
0x45d7c0,98.8293%,62,5234,5296,3960,12,50,1274
0x45fb71,83.2418%,61,303,364,200,20,41,103
0x40d054,99.9323%,60,88580,88640,83057,43,17,5523
0x403b2e,99.6518%,57,16311,16368,14303,19,38,2008
0x4286e2,95.3809%,57,1177,1234,49,36,21,1128
0x428ee6,95.23%,56,1118,1174,37,24,32,1081
0x416dd4,58.8235%,56,80,136,69,16,40,11
0x429f3a,99.6508%,55,15697,15752,11793,21,34,3904
0x463428,85.9375%,54,330,384,110,30,24,220
0x429856,97.5746%,52,2092,2144,1868,8,44,224
0x42a378,93.7346%,51,763,814,713,38,13,50
0x4456af,99.8279%,51,29575,29626,2,40,11,29573
0x45fdba,90.2153%,50,461,511,459,19,31,2
0x463263,94.4134%,50,845,895,35,46,4,810
0x4286a9,96.2191%,49,1247,1296,30,32,17,1217
0x427bf2,97.5726%,46,1849,1895,7,29,17,1842
0x460d6e,94.9721%,45,850,895,50,31,14,800
0x434ef4,96.9444%,44,1396,1440,1082,13,31,314
0x427bb5,82.1862%,44,203,247,80,19,25,123
0x445f60,99.4943%,43,8460,8503,7392,16,27,1068
0x42799e,98.9533%,43,4065,4108,1,34,9,4064
0x40f74f,99.329%,43,6365,6408,5566,41,2,799
0x4bda62,96.3235%,40,1048,1088,505,39,1,543
0x427a33,99.0268%,40,4070,4110,96,29,11,3974
0x40e51e,99.9072%,39,42009,42048,39388,32,7,2621
0x427be6,98.0229%,38,1884,1922,0,27,11,1884
0x45d136,96.621%,37,1058,1095,51,30,7,1007
0x445944,97.5084%,37,1448,1485,1448,4,33,0
0x429fc7,99.1313%,36,4108,4144,24,22,14,4084
0x45f2d2,63.2653%,36,62,98,12,21,15,50
0x444970,99.3361%,35,5237,5272,31,33,2,5206
0x463bb5,65.3061%,34,64,98,12,19,15,52
0x427bda,98.251%,34,1910,1944,4,18,16,1906
0x4c9717,97.3623%,34,1255,1289,99,23,11,1156
0x4442bf,98.7481%,33,2603,2636,0,33,0,2603
0x402a19,99.9576%,32,75378,75410,1044,12,20,74334
0x42947c,97.7044%,32,1362,1394,1362,15,17,0
0x42a3ee,96.0688%,32,782,814,725,13,19,57
0x4bdafe,98.4283%,32,2004,2036,1996,8,24,8
0x4613df,61.7284%,31,50,81,35,7,24,15
0x42a551,76.5152%,31,101,132,85,10,21,16
0x41e741,65.9091%,30,58,88,9,15,15,49
0x402d24,99.9016%,29,29445,29474,29445,29,0,0
0x46e619,97.9861%,29,1411,1440,66,15,14,1345
0x428fa4,97.5298%,29,1145,1174,46,15,14,1099
0x45d8b4,95.679%,28,620,648,468,18,10,152
0x463605,65.4321%,28,53,81,48,11,17,5
0x414288,98.125%,27,1413,1440,1333,10,17,80
0x415337,98.125%,27,1413,1440,489,22,5,924
0x414319,98.125%,27,1413,1440,1338,5,22,75
0x4288a2,81.8182%,26,117,143,1,17,9,116
0x41e86a,98.2895%,26,1494,1520,1494,16,10,0
0x4540cd,98.1944%,26,1414,1440,1414,8,18,0
0x41b2f6,99.8208%,25,13927,13952,10447,17,8,3480
0x413bf3,98.1618%,25,1335,1360,0,17,8,1335
0x463845,94.8875%,25,464,489,464,14,11,0
0x403b0e,99.9809%,25,130919,130944,114553,23,2,16366
0x463692,92.8977%,25,327,352,327,3,22,0
0x42a500,98.3787%,25,1517,1542,1446,9,16,71
0x414b10,98.2079%,25,1370,1395,0,18,7,1370
0x427871,84.5679%,25,137,162,0,0,25,137
0x4c9694,99.9214%,24,30513,30537,26200,17,7,4313
0x413d32,98.3333%,24,1416,1440,1415,7,17,1
0x40fd91,99.9957%,24,553576,553600,415177,23,1,138399
0x42980d,98.8801%,24,2119,2143,5,12,12,2114
0x4c9788,97.9434%,24,1143,1167,1094,3,21,49
0x41447d,98.3333%,24,1416,1440,1415,7,17,1
0x426639,99.9303%,24,34427,34451,0,0,24,34427
0x460bec,98.3333%,24,1416,1440,1415,7,17,1
0x4638a7,72.7273%,24,64,88,60,13,11,4
0x40a62b,98.3477%,23,1369,1392,1214,4,19,155
0x418c49,54.902%,23,28,51,26,8,15,2
0x42bc4f,97.7583%,23,1003,1026,1003,9,14,0
0x426641,99.9332%,23,34428,34451,0,0,23,34428
0x42a556,37.8378%,23,14,37,9,13,10,5
0x45fcb0,97.1286%,23,778,801,778,5,18,0
0x445fa8,99.3541%,23,3538,3561,0,9,14,3538
0x42797e,99.4663%,22,4100,4122,4,6,16,4096
0x46e5bd,98.4722%,22,1418,1440,685,14,8,733
0x46e354,98.4722%,22,1418,1440,888,7,15,530
0x45d14f,97.8304%,22,992,1014,0,0,22,992
0x402a92,99.9975%,21,828683,828704,623674,14,7,205009
0x41e601,99.2503%,21,2780,2801,2780,6,15,0
0x413a4a,98.6111%,20,1420,1440,0,18,2,1420
0x41434f,98.6111%,20,1420,1440,1419,3,17,1
0x4288ff,86.014%,20,123,143,3,15,5,120
0x4633b5,97.7654%,20,875,895,875,20,0,0
0x445bfb,99.6859%,20,6347,6367,1075,20,0,5272
0x45f9e1,97.8836%,20,925,945,925,20,0,0
0x428b7f,97.5031%,20,781,801,329,18,2,452
0x404f4f,92.6471%,20,252,272,0,0,20,252
0x4c9772,99.3389%,19,2855,2874,1737,6,13,1118
0x4298b4,99.0471%,19,1975,1994,12,5,14,1963
0x44187c,99.4477%,19,3421,3440,26,17,2,3395
0x41e61f,99.318%,19,2767,2786,2767,7,12,0
0x46e18e,98.6815%,19,1422,1441,1419,3,16,3
0x4c96aa,99.9378%,19,30518,30537,2870,10,9,27648
0x45f23e,98.6111%,18,1278,1296,1278,18,0,0
0x427923,79.7753%,18,71,89,6,10,8,65
0x433305,98.75%,18,1422,1440,1,17,1,1421
0x416bc5,64.7059%,18,33,51,33,1,17,0
0x4056c0,93.3824%,18,254,272,254,1,17,0
0x44594f,48.4848%,17,16,33,7,6,11,9
0x463d02,79.0123%,17,64,81,0,17,0,64
0x41e6ae,96.6469%,17,490,507,490,15,2,0
0x41696d,0%,17,0,17,0,17,0,0
0x4155d4,98.8194%,17,1423,1440,1353,6,11,70
0x40e59c,99.9596%,17,42031,42048,39405,15,2,2626
0x405f53,0%,17,0,17,0,17,0,0
0x45f302,79.0123%,17,64,81,13,9,8,51
0x42bc2c,98.4405%,16,1010,1026,1,9,7,1009
0x45f88c,98.5388%,16,1079,1095,1010,4,12,69
0x472137,5.88235%,16,1,17,1,16,0,0
0x42bd4a,98.5388%,16,1079,1095,0,15,1,1079
0x4146e5,99.6528%,15,4305,4320,4305,15,0,0
0x4289d2,98.1273%,15,786,801,0,0,15,786
0x42a60d,98.9583%,15,1425,1440,7,11,4,1418
0x4335ac,98.9583%,15,1425,1440,1425,15,0,0
0x4c9748,99.4845%,15,2895,2910,24,12,3,2871
0x40d805,99.9967%,15,459785,459800,402316,9,6,57469
0x463c80,81.4815%,15,66,81,66,15,0,0
0x411b3f,99.8457%,15,9705,9720,8492,13,2,1213
0x429823,99.3415%,14,2112,2126,2,10,4,2110
0x45ecc0,99.9137%,14,16210,16224,16210,14,0,0
0x428670,98.9964%,14,1381,1395,12,6,8,1369
0x4613aa,82.716%,14,67,81,0,0,14,67
0x42bbee,98.7215%,14,1081,1095,0,11,3,1081
0x45ec68,99.9199%,13,16211,16224,16211,13,0,0
0x463553,98.0712%,13,661,674,661,13,0,0
0x4292a1,98.375%,13,787,800,351,3,10,436
0x43c357,95.9877%,13,311,324,239,4,9,72
0x416de1,74.5098%,13,38,51,38,13,0,0
0x46e61d,99.0434%,13,1346,1359,861,9,4,485
0x45d6e2,99.7545%,13,5283,5296,0,0,13,5283
0x41a64f,92.4419%,13,159,172,158,5,8,1
0x4638e2,86.3636%,12,76,88,76,1,11,0
0x4278a4,92.5926%,12,150,162,0,6,6,150
0x4155f9,99.1667%,12,1428,1440,0,0,12,1428
0x416fa3,76.4706%,12,39,51,39,12,0,0
0x471efa,33.3333%,12,6,18,0,0,12,6
0x45f968,98.9041%,12,1083,1095,0,0,12,1083
0x45da77,97.6834%,12,506,518,35,7,5,471
0x45d85d,98.1481%,12,636,648,636,2,10,0
0x42a54c,91.3669%,12,127,139,1,6,6,126
0x45d94f,85.5422%,12,71,83,71,1,11,0
0x43ff40,42.8571%,12,9,21,7,6,6,2
0x461284,86.4198%,11,70,81,70,11,0,0
0x4028ea,99.9961%,11,279359,279370,203957,3,8,75402
0x427938,93.5673%,11,160,171,0,10,1,160
0x427916,88.8889%,11,88,99,1,9,2,87
0x428dcb,92.1429%,11,129,140,1,5,6,128
0x413f33,99.2361%,11,1429,1440,1429,11,0,0
0x44aeed,99.8526%,11,7451,7462,7451,11,0,0
0x42a3fd,86.4865%,10,64,74,2,9,1,62
0x444b75,99.8104%,10,5263,5273,2632,4,6,2631
0x43fddf,68.75%,10,22,32,16,5,5,6
0x4024e3,99.6815%,10,3130,3140,1565,5,5,1565
0x41e6cc,98.0198%,10,495,505,495,6,4,0
0x40e61c,99.9762%,10,42038,42048,39414,6,4,2624
0x4c9683,99.9673%,10,30527,30537,27651,4,6,2876
0x461406,74.359%,10,29,39,17,3,7,12
0x46e567,99.3056%,10,1430,1440,1356,3,7,74
0x404ad3,99.6528%,10,2870,2880,0,0,10,2870
0x4278d0,93.8272%,10,152,162,81,9,1,71
0x45fe5b,69.697%,10,23,33,23,8,2,0
0x4353b9,99.1781%,9,1086,1095,1086,9,0,0
0x401baf,99.8554%,9,6215,6224,6215,9,0,0
0x46e954,99.375%,9,1431,1440,1431,9,0,0
0x429284,98.875%,9,791,800,0,0,9,791
0x428fc0,99.1914%,9,1104,1113,586,8,1,518
0x416b22,82.3529%,9,42,51,42,9,0,0
0x45f977,99.1124%,9,1005,1014,0,0,9,1005
0x42798e,99.7811%,9,4103,4112,0,4,5,4103
0x42989e,99.55%,9,1991,2000,2,4,5,1989
0x45d962,27.2727%,8,3,11,2,4,4,1
0x41e834,95.2096%,8,159,167,0,2,6,159
0x4457d9,98.7711%,8,643,651,53,6,2,590
0x405189,99.9818%,8,44056,44064,43787,5,3,269
0x46e20a,99.4444%,8,1432,1440,1432,8,0,0
0x46e638,99.4444%,8,1432,1440,1352,7,1,80
0x4540d7,55.5556%,8,10,18,10,8,0,0
0x44a97c,99.8744%,8,6359,6367,5272,0,8,1087
0x43ee15,99.6966%,8,2629,2637,2604,0,8,25
0x42795e,99.8059%,8,4114,4122,0,0,8,4114
0x4457f0,98.6486%,8,584,592,28,4,4,556
0x44584d,98.752%,8,633,641,548,5,3,85
0x4153b8,99.4444%,8,1432,1440,1359,0,8,73
0x4c96c9,99.9711%,8,27649,27657,0,0,8,27649
0x414520,99.4444%,8,1432,1440,1432,8,0,0
0x4278fd,95.3216%,8,163,171,80,8,0,83
0x44578a,98.7711%,8,643,651,41,3,5,602
0x44ac8b,99.9062%,7,7455,7462,6366,1,6,1089
0x40283b,99.9768%,7,30113,30120,0,0,7,30113
0x45fd13,99.1261%,7,794,801,794,7,0,0
0x4291ae,99.125%,7,793,800,0,0,7,793
0x472006,58.8235%,7,10,17,0,0,7,10
0x401a30,98.2005%,7,382,389,0,0,7,382
0x45f955,99.3607%,7,1088,1095,0,0,7,1088
0x46e594,99.4849%,7,1352,1359,811,3,4,541
0x401aeb,99.8875%,7,6217,6224,0,0,7,6217
0x445890,98.9247%,7,644,651,54,5,2,590
0x405608,99.9682%,7,22025,22032,21756,4,3,269
0x42a4b8,36.3636%,7,4,11,2,4,3,2
0x4151b0,99.5139%,7,1433,1440,1433,7,0,0
0x45d7e2,98.9198%,7,641,648,0,0,7,641
0x415406,91.358%,7,74,81,74,7,0,0
0x4287a2,99.5138%,6,1228,1234,81,4,2,1147
0x428e26,95.7143%,6,134,140,2,4,2,132
0x4c965c,99.9804%,6,30531,30537,26215,2,4,4316
0x402406,99.6178%,6,1564,1570,0,0,6,1564
0x45dc93,98.9529%,6,567,573,0,0,6,567
0x404c03,99.9346%,6,9173,9179,0,0,6,9173
0x4186af,97.0588%,6,198,204,149,4,2,49
0x4335dc,99.5833%,6,1434,1440,4,1,5,1430
0x45fdfd,81.8182%,6,27,33,27,2,4,0
0x45e38a,92.5926%,6,75,81,75,6,0,0
0x415183,99.5585%,6,1353,1359,1353,6,0,0
0x45ef1a,99.8521%,6,4050,4056,0,0,6,4050
0x40e6a0,99.9857%,6,42042,42048,39416,4,2,2626
0x463977,99.774%,6,2649,2655,2649,6,0,0
0x416f4b,62.5%,6,10,16,10,3,3,0
0x402a52,99.9971%,6,205010,205016,0,0,6,205010
0x44b24c,99.9058%,6,6361,6367,0,0,6,6361
0x4287be,99.4778%,6,1143,1149,596,3,3,547
0x4449b0,99.8862%,6,5266,5272,60,6,0,5206
0x43fe46,45.4545%,6,5,11,2,2,4,3
0x4c966c,99.9836%,5,30532,30537,30532,5,0,0
0x445e7b,99.9761%,5,20889,20894,15620,2,3,5269
0x444b83,99.8104%,5,2632,2637,0,0,5,2632
0x45feb7,84.8485%,5,28,33,28,2,3,0
0x46e0fb,99.653%,5,1436,1441,1436,5,0,0
0x428d41,99.6413%,5,1389,1394,79,1,4,1310
0x44549a,84.8485%,5,28,33,16,4,1,12
0x407ee5,99.9396%,5,8267,8272,7235,3,2,1032
0x463bbb,98.494%,5,327,332,0,0,5,327
0x42a56f,16.6667%,5,1,6,1,5,0,0
0x414b4c,99.6416%,5,1390,1395,78,2,3,1312
0x43fee7,75%,5,15,20,4,4,1,11
0x4482ca,99.6561%,5,1449,1454,0,0,5,1449
0x42bb8c,99.5434%,5,1090,1095,1090,5,0,0
0x46e8f0,99.6528%,5,1435,1440,1435,5,0,0
0x414fca,99.6528%,5,1435,1440,1435,5,0,0
0x42794e,99.8787%,5,4117,4122,0,0,5,4117
0x41a4f8,50%,5,5,10,3,3,2,2
0x41e8b6,50%,5,5,10,5,5,0,0
0x41237a,99.5069%,5,1009,1014,1009,5,0,0
0x416c56,90.1961%,5,46,51,0,0,5,46
0x460c0c,99.6528%,5,1435,1440,1356,4,1,79
0x413a95,99.6484%,5,1417,1422,77,3,2,1340
0x414840,99.8843%,5,4315,4320,1438,2,3,2877
0x435406,99.6347%,4,1091,1095,0,0,4,1091
0x4c96da,99.6897%,4,1285,1289,1285,4,0,0
0x4451ae,99.8483%,4,2633,2637,139,4,0,2494
0x439320,99.6055%,4,1010,1014,1010,4,0,0
0x427b86,95.9596%,4,95,99,0,1,3,95
0x415622,99.361%,4,622,626,622,4,0,0
0x404c1d,99.9564%,4,9175,9179,0,0,4,9175
0x441875,99.8864%,4,3516,3520,79,1,3,3437
0x4029b1,99.9947%,4,75406,75410,75406,4,0,0
0x4152e9,99.7222%,4,1436,1440,79,2,2,1357
0x401f3b,99.7452%,4,1566,1570,1566,4,0,0
0x413aed,99.7222%,4,1436,1440,79,1,3,1357
0x46e1f3,99.7222%,4,1436,1440,0,0,4,1436
0x42796e,99.903%,4,4118,4122,0,0,4,4118
0x43320c,99.7222%,4,1436,1440,0,0,4,1436
0x44b97a,99.5449%,4,875,879,0,0,4,875
0x41e6f3,0%,4,0,4,0,0,4,0
0x42bb4d,99.6347%,4,1091,1095,1091,4,0,0
0x4291c3,99.5%,4,796,800,0,0,4,796
0x45f918,99.6347%,4,1091,1095,0,0,4,1091
0x414b92,99.7222%,4,1436,1440,77,4,0,1359
0x405631,98.5294%,4,268,272,268,4,0,0
0x413b8c,99.7059%,4,1356,1360,17,0,4,1339
0x463467,95.0617%,4,77,81,77,2,2,0
0x45ec36,99.9014%,4,4052,4056,0,0,4,4052
0x471f9a,76.4706%,4,13,17,13,4,0,0
0x46a116,33.3333%,4,2,6,0,1,3,2
0x428eb1,99.6593%,4,1170,1174,1170,4,0,0
0x41e7f5,95.7895%,4,91,95,91,3,1,0
0x414b58,99.6958%,4,1311,1315,1311,4,0,0
0x401b77,99.9357%,4,6220,6224,0,0,4,6220
0x439311,99.6347%,4,1091,1095,78,3,1,1013
0x426fae,94.9367%,4,75,79,75,4,0,0
0x428094,77.7778%,4,14,18,14,4,0,0
0x413b2d,99.7059%,4,1356,1360,0,0,4,1356
0x45e15c,99.7222%,4,1436,1440,1436,4,0,0
0x414f5f,99.7222%,4,1436,1440,1436,4,0,0
0x439932,99.7222%,4,1436,1440,344,1,3,1092
0x45f76e,94.9367%,4,75,79,53,4,0,22
0x4336e3,99.7917%,3,1437,1440,1437,3,0,0
0x45e1b3,99.7917%,3,1437,1440,0,0,3,1437
0x439471,99.7917%,3,1437,1440,1437,3,0,0
0x43eb32,90.3226%,3,28,31,0,0,3,28
0x441886,99.9117%,3,3394,3397,41,2,1,3353
0x428b77,99.6255%,3,798,801,0,0,3,798
0x46e326,99.7917%,3,1437,1440,1,0,3,1436
0x43a56f,99.726%,3,1092,1095,4,1,2,1088
0x4289bc,99.6255%,3,798,801,0,0,3,798
0x441838,99.9167%,3,3597,3600,0,0,3,3597
0x413ca0,99.7917%,3,1437,1440,1359,1,2,78
0x42bbcc,99.726%,3,1092,1095,0,0,3,1092
0x4331e9,99.7917%,3,1437,1440,1437,3,0,0
0x43504a,99.726%,3,1092,1095,0,0,3,1092
0x415042,99.7917%,3,1437,1440,1437,3,0,0
0x4417f4,99.9177%,3,3642,3645,42,3,0,3600
0x42bc0d,99.726%,3,1092,1095,68,1,2,1024
0x460d64,99.6648%,3,892,895,0,0,3,892
0x43365e,99.7917%,3,1437,1440,1437,3,0,0
0x44af3d,99.9598%,3,7459,7462,1092,3,0,6367
0x44013f,99.9167%,3,3597,3600,3597,2,1,0
0x44583d,99.5392%,3,648,651,8,2,1,640
0x414120,99.7917%,3,1437,1440,1437,3,0,0
0x44a96e,99.9598%,3,7459,7462,1094,1,2,6365
0x4142bf,99.7917%,3,1437,1440,1357,3,0,80
0x4186c5,94.1176%,3,48,51,48,3,0,0
0x4442c3,99.8847%,3,2600,2603,76,3,0,2524
0x4029fb,99.996%,3,75407,75410,0,0,3,75407
0x414980,99.7917%,3,1437,1440,0,0,3,1437
0x44afc4,99.9529%,3,6364,6367,0,0,3,6364
0x416e2a,94.1176%,3,48,51,46,2,1,2
0x44b48a,99.9529%,3,6364,6367,1092,3,0,5272
0x45d4f6,99.7981%,3,1483,1486,1483,3,0,0
0x415504,99.7792%,3,1356,1359,1356,3,0,0
0x46e1dc,99.7917%,3,1437,1440,0,0,3,1437
0x415364,99.7917%,3,1437,1440,0,0,3,1437
0x427b39,99.7468%,3,1182,1185,0,0,3,1182
0x471eca,83.3333%,3,15,18,0,0,3,15
0x4290d2,99.625%,3,797,800,0,0,3,797
0x4278f2,98.2558%,3,169,172,0,1,2,169
0x41513f,99.7917%,3,1437,1440,1437,3,0,0
0x427860,98.1481%,3,159,162,0,0,3,159
0x4024ef,99.8089%,3,1567,1570,1567,3,0,0
0x428c97,99.6255%,3,798,801,0,0,3,798
0x45e3ed,99.1304%,3,342,345,342,3,0,0
0x413f81,99.7917%,3,1437,1440,0,0,3,1437
0x46a131,40%,3,2,5,1,2,1,1
0x429497,82.3529%,3,14,17,14,3,0,0
0x441869,99.9167%,3,3597,3600,78,2,1,3519
0x46e5a5,99.7917%,3,1437,1440,0,0,3,1437
0x42a3ab,99.6314%,3,811,814,811,3,0,0
0x413c3f,99.7623%,3,1259,1262,0,0,3,1259
0x4297f8,99.8601%,3,2141,2144,0,1,2,2141
0x43c29d,99.0741%,3,321,324,321,3,0,0
0x45f715,96.2963%,3,78,81,0,2,1,78
0x4412b3,25%,3,1,4,0,1,2,1
0x46351d,96.2963%,3,78,81,0,2,1,78
0x427b7a,96.9697%,3,96,99,0,0,3,96
0x4279bf,99.9219%,3,3840,3843,0,0,3,3840
0x4bdb0a,99.4485%,3,541,544,541,3,0,0
0x429299,99.625%,3,797,800,0,0,3,797
0x42a3f3,97.3684%,2,74,76,0,2,0,74
0x46e880,99.8611%,2,1438,1440,1359,0,2,79
0x404bd7,99.9306%,2,2878,2880,2878,2,0,0
0x44acbb,99.9686%,2,6365,6367,0,0,2,6365
0x402acb,99.9934%,2,30118,30120,30118,2,0,0
0x413ecb,99.8594%,2,1420,1422,0,0,2,1420
0x46e585,99.8528%,2,1357,1359,0,0,2,1357
0x43999b,99.8611%,2,1438,1440,1438,2,0,0
0x46124d,97.5309%,2,79,81,79,2,0,0
0x413a84,99.8594%,2,1420,1422,0,0,2,1420
0x44afb7,99.9686%,2,6365,6367,0,0,2,6365
0x404ca2,99.9782%,2,9177,9179,0,0,2,9177
0x4bda5c,99.8214%,2,1118,1120,32,0,2,1086
0x402844,99.9934%,2,30118,30120,0,0,2,30118
0x4443f7,99.9241%,2,2634,2636,2572,0,2,62
0x414e00,99.8528%,2,1357,1359,0,0,2,1357
0x44665e,99.7426%,2,775,777,0,2,0,775
0x46e34f,99.8611%,2,1438,1440,0,0,2,1438
0x429965,99.9816%,2,10870,10872,10870,2,0,0
0x44a8eb,99.9732%,2,7460,7462,7460,2,0,0
0x4418cb,95.5556%,2,43,45,43,1,1,0
0x441406,50%,2,2,4,2,1,1,0
0x415179,99.8611%,2,1438,1440,79,2,0,1359
0x4458aa,99.6622%,2,590,592,549,1,1,41
0x414441,99.8611%,2,1438,1440,1359,1,1,79
0x401cd1,99.4859%,2,387,389,387,2,0,0
0x45ff10,93.9394%,2,31,33,31,0,2,0
0x445a80,99.9444%,2,3598,3600,3598,1,1,0
0x471d7e,89.4737%,2,17,19,0,1,1,17
0x45fca5,99.7503%,2,799,801,0,0,2,799
0x471fdc,88.2353%,2,15,17,15,2,0,0
0x4401c4,95.122%,2,39,41,39,1,1,0
0x4392f5,99.8174%,2,1093,1095,1093,2,0,0
0x4290bc,99.75%,2,798,800,0,0,2,798
0x403439,99.9022%,2,2044,2046,0,0,2,2044
0x404f97,99.2647%,2,270,272,270,2,0,0
0x440825,94.5946%,2,35,37,35,1,1,0
0x40602a,88.2353%,2,15,17,15,2,0,0
0x417182,88.2353%,2,15,17,15,2,0,0
0x412306,99.8028%,2,1012,1014,1012,2,0,0
0x46e651,97.5309%,2,79,81,79,2,0,0
0x413c28,99.8511%,2,1341,1343,0,0,2,1341
0x45eff4,99.8028%,2,1012,1014,0,0,2,1012
0x41e898,80%,2,8,10,8,2,0,0
0x460f54,97.5309%,2,79,81,79,2,0,0
0x428d98,99.8478%,2,1312,1314,0,0,2,1312
0x428fb8,99.8203%,2,1111,1113,0,0,2,1111
0x429888,99.9%,2,1998,2000,0,0,2,1998
0x42a411,0%,2,0,2,0,2,0,0
0x42bb75,99.8174%,2,1093,1095,0,0,2,1093
0x460c9c,99.7765%,2,893,895,893,2,0,0
0x415340,99.7847%,2,927,929,0,0,2,927
0x42a368,99.7543%,2,812,814,0,0,2,812
0x42a3a6,99.7543%,2,812,814,0,0,2,812
0x433199,99.8611%,2,1438,1440,1438,2,0,0
0x428b62,99.7503%,2,799,801,0,0,2,799
0x4332a3,99.8611%,2,1438,1440,0,0,2,1438
0x463c6f,97.5309%,2,79,81,79,2,0,0
0x42784f,98.7654%,2,160,162,0,0,2,160
0x46e398,99.7765%,2,893,895,0,0,2,893
0x40297d,99.9973%,2,75408,75410,0,0,2,75408
0x4351c2,99.8174%,2,1093,1095,0,0,2,1093
0x46e648,97.5309%,2,79,81,0,0,2,79
0x414b1f,99.8548%,2,1375,1377,1375,2,0,0
0x438adb,99.8174%,2,1093,1095,0,0,2,1093
0x4286f7,99.8259%,2,1147,1149,0,0,2,1147
0x404ca7,99.9782%,2,9177,9179,9177,2,0,0
0x428aae,99.7503%,2,799,801,0,0,2,799
0x46a0e5,33.3333%,2,1,3,1,1,1,0
0x46e50a,99.8611%,2,1438,1440,1438,2,0,0
0x404bce,99.9653%,2,5758,5760,2879,1,1,2879
0x427bc5,98.6486%,2,146,148,146,2,0,0
0x41488e,99.9306%,2,2878,2880,0,0,2,2878
0x418726,96.0784%,2,49,51,46,2,0,3
0x405ec7,99.9327%,1,1484,1485,0,0,1,1484
0x44492c,99.981%,1,5271,5272,0,0,1,5271
0x471cb2,0%,1,0,1,0,0,1,0
0x46d3e3,0%,1,0,1,0,1,0,0
0x46d2ac,0%,1,0,1,0,1,0,0
0x41378b,0%,1,0,1,0,0,1,0
0x46cd43,0%,1,0,1,0,1,0,0
0x485a0c,50%,1,1,2,1,1,0,0
0x46c9e0,0%,1,0,1,0,1,0,0
0x47cdc8,50%,1,1,2,0,0,1,1
0x46c55e,0%,1,0,1,0,1,0,0
0x453d11,0%,1,0,1,0,1,0,0
0x46c461,0%,1,0,1,0,1,0,0
0x46c2f0,0%,1,0,1,0,1,0,0
0x46c162,0%,1,0,1,0,1,0,0
0x41388e,0%,1,0,1,0,0,1,0
0x41e524,91.6667%,1,11,12,11,0,1,0
0x44aff2,99.9843%,1,6366,6367,1094,1,0,5272
0x413707,0%,1,0,1,0,0,1,0
0x413aab,99.9255%,1,1341,1342,0,0,1,1341
0x445d0f,99.981%,1,5271,5272,0,0,1,5271
0x461d03,99.8771%,1,813,814,0,0,1,813
0x460cf9,99.8883%,1,894,895,894,1,0,0
0x41482c,99.9769%,1,4319,4320,0,0,1,4319
0x45f992,99.5%,1,199,200,0,0,1,199
0x42a618,99.9297%,1,1421,1422,79,0,1,1342
0x445783,99.8464%,1,650,651,0,0,1,650
0x46ca3a,0%,1,0,1,0,0,1,0
0x46a509,0%,1,0,1,0,1,0,0
0x4454d4,96.9697%,1,32,33,0,0,1,32
0x46d44b,0%,1,0,1,0,0,1,0
0x46dd46,0%,1,0,1,0,1,0,0
0x46c01d,0%,1,0,1,0,1,0,0
0x45299e,0%,1,0,1,0,1,0,0
0x46d8b7,0%,1,0,1,0,1,0,0
0x414ba9,99.9264%,1,1358,1359,1358,1,0,0
0x46d7fa,0%,1,0,1,0,0,1,0
0x42bb7e,99.9087%,1,1094,1095,0,0,1,1094
0x46d7ea,0%,1,0,1,0,0,1,0
0x461d12,99.8771%,1,813,814,813,1,0,0
0x46d49b,0%,1,0,1,0,1,0,0
0x44004d,0%,1,0,1,0,0,1,0
0x438ae7,99.9087%,1,1094,1095,0,0,1,1094
0x452d04,0%,1,0,1,0,1,0,0
0x46a30f,0%,1,0,1,0,1,0,0
0x440235,0%,1,0,1,0,1,0,0
0x456bcb,0%,1,0,1,0,1,0,0
0x472707,66.6667%,1,2,3,2,0,1,0
0x46a92c,0%,1,0,1,0,1,0,0
0x435275,99.9087%,1,1094,1095,0,0,1,1094
0x453031,0%,1,0,1,0,1,0,0
0x46bfde,0%,1,0,1,0,1,0,0
0x4135de,0%,1,0,1,0,0,1,0
0x472025,94.1176%,1,16,17,16,1,0,0
0x440d61,75%,1,3,4,3,1,0,0
0x44ad5e,99.9843%,1,6366,6367,6366,1,0,0
0x441791,0%,1,0,1,0,0,1,0
0x4352fb,99.9087%,1,1094,1095,1094,1,0,0
0x43a59e,98.8506%,1,86,87,86,1,0,0
0x4028fc,99.9987%,1,75409,75410,0,0,1,75409
0x46b309,0%,1,0,1,0,1,0,0
0x46b4f9,0%,1,0,1,0,0,1,0
0x485955,50%,1,1,2,1,1,0,0
0x4412ed,66.6667%,1,2,3,2,1,0,0
0x46b6f6,0%,1,0,1,0,0,1,0
0x453b7e,0%,1,0,1,0,1,0,0
0x4135b0,0%,1,0,1,0,0,1,0
0x453b72,0%,1,0,1,0,0,1,0
0x46b7c0,0%,1,0,1,0,0,1,0
0x453aef,0%,1,0,1,0,1,0,0
0x471cc2,0%,1,0,1,0,1,0,0
0x471c40,0%,1,0,1,0,0,1,0
0x471b14,0%,1,0,1,0,0,1,0
0x46b88b,0%,1,0,1,0,1,0,0
0x471ae3,0%,1,0,1,0,1,0,0
0x461387,98.7654%,1,80,81,0,0,1,80
0x46b6de,0%,1,0,1,0,0,1,0
0x4846f2,0%,1,0,1,0,1,0,0
0x44afd1,99.9843%,1,6366,6367,0,0,1,6366
0x46b404,0%,1,0,1,0,1,0,0
0x46b2f1,0%,1,0,1,0,0,1,0
0x46b2de,0%,1,0,1,0,1,0,0
0x46b22c,0%,1,0,1,0,1,0,0
0x441594,0%,1,0,1,0,1,0,0
0x471b9f,0%,1,0,1,0,0,1,0
0x453fce,0%,1,0,1,0,1,0,0
0x45e546,99.9014%,1,1013,1014,0,0,1,1013
0x41789d,98.0392%,1,50,51,50,1,0,0
0x405247,99.6324%,1,271,272,271,1,0,0
0x445959,95%,1,19,20,19,1,0,0
0x405227,99.6324%,1,271,272,0,0,1,271
0x40354c,99.9939%,1,16367,16368,16367,1,0,0
0x40344b,99.9511%,1,2045,2046,0,0,1,2045
0x46fff4,0%,1,0,1,0,1,0,0
0x416f5a,66.6667%,1,2,3,2,1,0,0
0x416e33,66.6667%,1,2,3,0,0,1,2
0x4129a4,99.9014%,1,1013,1014,0,0,1,1013
0x416931,94.1176%,1,16,17,0,0,1,16
0x41776b,94.1176%,1,16,17,0,0,1,16
0x471f34,94.1176%,1,16,17,0,0,1,16
0x46ccd3,0%,1,0,1,0,0,1,0
0x45e0c4,99.9306%,1,1439,1440,1439,1,0,0
0x4482b3,99.982%,1,5545,5546,4913,0,1,632
0x46a13e,0%,1,0,1,0,1,0,0
0x453c38,0%,1,0,1,0,1,0,0
0x43950f,99.9306%,1,1439,1440,1439,1,0,0
0x4394fe,99.9306%,1,1439,1440,0,0,1,1439
0x43c3a7,99.9306%,1,1439,1440,0,0,1,1439
0x445797,99.8353%,1,606,607,0,0,1,606
0x43c173,98.7654%,1,80,81,80,1,0,0
0x46a08c,0%,1,0,1,0,0,1,0
0x4155ff,99.9306%,1,1439,1440,0,0,1,1439
0x46b086,0%,1,0,1,0,1,0,0
0x47268b,0%,1,0,1,0,1,0,0
0x41e4c3,96.4286%,1,27,28,27,0,1,0
0x428efa,99.9102%,1,1112,1113,0,0,1,1112
0x471d75,94.7368%,1,18,19,0,0,1,18
0x40519a,99.6324%,1,271,272,271,1,0,0
0x4293a7,99.875%,1,799,800,0,0,1,799
0x46cc79,0%,1,0,1,0,0,1,0
0x46c008,0%,1,0,1,0,0,1,0
0x43c12f,98.7654%,1,80,81,80,1,0,0
0x46e339,99.8611%,1,719,720,0,0,1,719
0x45f852,50%,1,1,2,1,1,0,0
0x46a1d6,0%,1,0,1,0,1,0,0
0x4330ba,99.9306%,1,1439,1440,1439,1,0,0
0x44003b,0%,1,0,1,0,0,1,0
0x45f104,98.7654%,1,80,81,80,1,0,0
0x427c25,99.9813%,1,5341,5342,5341,1,0,0
0x45e56c,99.9014%,1,1013,1014,1013,1,0,0
0x47261d,0%,1,0,1,0,0,1,0
0x440e30,75%,1,3,4,3,0,1,0
0x42a569,85.7143%,1,6,7,1,0,1,5
0x46dc56,0%,1,0,1,0,1,0,0
0x46c611,0%,1,0,1,0,1,0,0
0x434f0e,99.7101%,1,344,345,0,0,1,344
0x41377a,0%,1,0,1,0,0,1,0
0x4338a5,99.9306%,1,1439,1440,0,0,1,1439
0x441131,0%,1,0,1,0,0,1,0
0x46a07a,0%,1,0,1,0,0,1,0
0x43350d,99.9306%,1,1439,1440,1439,1,0,0
0x45d35d,99.2366%,1,130,131,0,0,1,130
0x405f8f,94.1176%,1,16,17,0,0,1,16
0x471dbf,94.4444%,1,17,18,0,0,1,17
0x433194,99.9306%,1,1439,1440,0,0,1,1439
0x46dea9,0%,1,0,1,0,0,1,0
0x433131,99.9306%,1,1439,1440,0,0,1,1439
0x41474d,99.9769%,1,4319,4320,4319,1,0,0
0x4330da,99.9306%,1,1439,1440,1439,1,0,0
0x433011,99.9306%,1,1439,1440,0,0,1,1439
0x46e6b0,99.8771%,1,813,814,813,1,0,0
0x454b83,99.9306%,1,1439,1440,0,0,1,1439
0x413797,0%,1,0,1,0,1,0,0
0x4129ae,99.9014%,1,1013,1014,0,0,1,1013
0x438d8c,99.9087%,1,1094,1095,1094,1,0,0
0x445f80,99.9087%,1,1094,1095,0,0,1,1094
0x46d5df,0%,1,0,1,0,1,0,0
0x43a4cb,99.9763%,1,4220,4221,4220,1,0,0
0x428985,99.8752%,1,800,801,0,0,1,800
0x43a3f6,99.9087%,1,1094,1095,1094,1,0,0
0x4029a0,99.9987%,1,75409,75410,0,0,1,75409
0x471bd1,0%,1,0,1,0,1,0,0
0x43ff7f,75%,1,3,4,3,1,0,0
0x438ace,99.9087%,1,1094,1095,0,0,1,1094
0x453e42,0%,1,0,1,0,1,0,0
0x456c45,0%,1,0,1,0,1,0,0
0x440d47,75%,1,3,4,3,1,0,0
0x441168,0%,1,0,1,0,0,1,0
0x453e56,0%,1,0,1,0,1,0,0
0x445833,99.8464%,1,650,651,0,0,1,650
0x41e7d0,98.9474%,1,94,95,94,1,0,0
0x46c3d3,0%,1,0,1,0,1,0,0
0x46c73e,0%,1,0,1,0,1,0,0
0x42bd95,99.9087%,1,1094,1095,0,0,1,1094
0x4278c7,98.7805%,1,81,82,0,0,1,81
0x441455,0%,1,0,1,0,0,1,0
0x412950,99.9014%,1,1013,1014,1013,1,0,0
0x440dfb,0%,1,0,1,0,1,0,0
0x453cc2,0%,1,0,1,0,1,0,0
0x4457e6,99.8311%,1,591,592,0,0,1,591
0x413bf8,99.9255%,1,1342,1343,0,0,1,1342
0x440eb9,0%,1,0,1,0,0,1,0
0x46b3a8,0%,1,0,1,0,0,1,0
0x445838,99.8464%,1,650,651,0,0,1,650
0x469e8f,0%,1,0,1,0,1,0,0
0x484a59,0%,1,0,1,0,1,0,0
0x453117,0%,1,0,1,0,1,0,0
0x469ea3,0%,1,0,1,0,1,0,0
0x44485c,99.9621%,1,2635,2636,2635,0,1,0
0x404008,99.9963%,1,27255,27256,23848,1,0,3407
0x441112,0%,1,0,1,0,0,1,0
0x440e1d,0%,1,0,1,0,0,1,0
0x46b7ca,0%,1,0,1,0,1,0,0
0x46c705,0%,1,0,1,0,0,1,0
0x43c942,99.9014%,1,1013,1014,0,0,1,1013
0x402a96,99.9995%,1,205015,205016,205015,1,0,0
0x46a2b2,0%,1,0,1,0,0,1,0
0x440e50,0%,1,0,1,0,0,1,0
0x440d94,75%,1,3,4,3,1,0,0
0x484b74,0%,1,0,1,0,1,0,0
0x404aed,99.9653%,1,2879,2880,0,0,1,2879
0x4331dc,99.9306%,1,1439,1440,0,0,1,1439
0x441450,0%,1,0,1,0,0,1,0
0x4410ea,0%,1,0,1,0,0,1,0
0x41498d,99.9769%,1,4319,4320,4319,1,0,0
0x440dc6,75%,1,3,4,0,1,0,3
0x44128f,75%,1,3,4,3,1,0,0
0x43ee2a,96.9697%,1,32,33,32,0,1,0
0x46cea8,0%,1,0,1,0,0,1,0
0x414516,99.9306%,1,1439,1440,0,0,1,1439
0x41a688,0%,1,0,1,0,0,1,0
0x441702,0%,1,0,1,0,1,0,0
0x4459a9,0%,1,0,1,0,1,0,0
0x433335,94.4444%,1,17,18,17,1,0,0
0x440ff2,0%,1,0,1,0,1,0,0
0x453be6,0%,1,0,1,0,1,0,0
0x46a2d0,0%,1,0,1,0,0,1,0
0x4c97a9,99.1803%,1,121,122,0,0,1,121
0x43c94b,99.9014%,1,1013,1014,0,0,1,1013
0x44b6e0,99.9843%,1,6366,6367,1094,1,0,5272
0x445995,0%,1,0,1,0,0,1,0
0x472670,75%,1,3,4,3,0,1,0
0x471baf,0%,1,0,1,0,0,1,0
0x43fdc9,96.9697%,1,32,33,0,1,0,32
0x453bd5,0%,1,0,1,0,0,1,0
0x45f357,98.7654%,1,80,81,80,1,0,0
0x46ded6,0%,1,0,1,0,1,0,0
0x47267d,0%,1,0,1,0,0,1,0
0x46e198,94.7368%,1,18,19,0,0,1,18
0x441326,0%,1,0,1,0,1,0,0
0x453da0,0%,1,0,1,0,0,1,0
0x43fde4,91.6667%,1,11,12,0,1,0,11
0x4418a6,99.5935%,1,245,246,245,1,0,0
0x453496,0%,1,0,1,0,1,0,0
0x427c02,99.9462%,1,1858,1859,0,0,1,1858
0x46ca43,0%,1,0,1,0,0,1,0
0x4189a1,98.0392%,1,50,51,50,1,0,0
0x439940,99.9087%,1,1094,1095,1094,1,0,0
0x484e28,0%,1,0,1,0,1,0,0
0x46cc9f,0%,1,0,1,0,1,0,0
0x441201,0%,1,0,1,0,1,0,0
0x46aa8b,0%,1,0,1,0,1,0,0
0x452a21,0%,1,0,1,0,1,0,0
0x428450,94.4444%,1,17,18,0,0,1,17
0x484a75,0%,1,0,1,0,1,0,0
0x46ce66,0%,1,0,1,0,0,1,0
0x46cf1f,0%,1,0,1,0,1,0,0
0x43a3c1,99.9087%,1,1094,1095,1094,1,0,0
0x43511e,99.9087%,1,1094,1095,1094,1,0,0
0x413892,0%,1,0,1,0,0,1,0
0x46a1f7,0%,1,0,1,0,0,1,0
0x444bb7,100%,0,770,770,770,0,0,0
0x46b547,100%,0,1,1,1,0,0,0
0x471dd2,100%,0,18,18,0,0,0,18
0x471dc7,100%,0,18,18,0,0,0,18
0x4bdad5,100%,0,32,32,0,0,0,32
0x46d300,100%,0,1,1,1,0,0,0
0x414e0d,100%,0,1359,1359,0,0,0,1359
0x445ed6,100%,0,1095,1095,0,0,0,1095
0x43df39,100%,0,1,1,1,0,0,0
0x441338,100%,0,1,1,1,0,0,0
0x46ffe1,100%,0,1,1,0,0,0,1
0x441561,100%,0,1,1,0,0,0,1
0x445162,100%,0,2637,2637,0,0,0,2637
0x413bd7,100%,0,1263,1263,0,0,0,1263
0x46a208,100%,0,1,1,1,0,0,0
0x4288b3,100%,0,125,125,0,0,0,125
0x4c97ba,100%,0,122,122,0,0,0,122
0x4278d9,100%,0,72,72,0,0,0,72
0x4411f9,100%,0,1,1,0,0,0,1
0x4155a6,100%,0,1440,1440,0,0,0,1440
0x446691,100%,0,775,775,775,0,0,0
0x4352a7,100%,0,1095,1095,0,0,0,1095
0x4c97c4,100%,0,122,122,0,0,0,122
0x4129b6,100%,0,1014,1014,0,0,0,1014
0x41e643,100%,0,12,12,0,0,0,12
0x44b300,100%,0,6367,6367,6367,0,0,0
0x471f01,100%,0,18,18,0,0,0,18
0x46e31d,100%,0,1440,1440,0,0,0,1440
0x43ee59,100%,0,1,1,0,0,0,1
0x46a2f6,100%,0,1,1,1,0,0,0
0x440f56,100%,0,1,1,0,0,0,1
0x42a40b,100%,0,2,2,0,0,0,2
0x401a27,100%,0,389,389,0,0,0,389
0x4449ed,100%,0,5272,5272,5272,0,0,0
0x401b9e,100%,0,6224,6224,0,0,0,6224
0x484a67,100%,0,1,1,1,0,0,0
0x46db0a,100%,0,1,1,0,0,0,1
0x401afc,100%,0,6224,6224,0,0,0,6224
0x4449d7,100%,0,5272,5272,64,0,0,5208
0x47cd41,100%,0,2,2,0,0,0,2
0x46b72f,100%,0,1,1,1,0,0,0
0x42bc7a,100%,0,1095,1095,0,0,0,1095
0x46d5b2,100%,0,1,1,1,0,0,0
0x43edb1,100%,0,32,32,0,0,0,32
0x453b3f,100%,0,1,1,0,0,0,1
0x404f72,100%,0,272,272,0,0,0,272
0x45d2cc,100%,0,548,548,548,0,0,0
0x4332aa,100%,0,1440,1440,1440,0,0,0
0x46dd83,100%,0,1,1,0,0,0,1
0x46e024,100%,0,814,814,814,0,0,0
0x4574e9,100%,0,1,1,1,0,0,0
0x401c1e,100%,0,6224,6224,0,0,0,6224
0x428e3b,100%,0,134,134,0,0,0,134
0x46c0a9,100%,0,1,1,1,0,0,0
0x4338b2,100%,0,1440,1440,1440,0,0,0
0x46a5d5,100%,0,1,1,1,0,0,0
0x440159,100%,0,1,1,0,0,0,1
0x46c087,100%,0,1,1,1,0,0,0
0x4c971e,100%,0,1167,1167,0,0,0,1167
0x46c192,100%,0,1,1,1,0,0,0
0x42890f,100%,0,125,125,0,0,0,125
0x427882,100%,0,162,162,0,0,0,162
0x453c2b,100%,0,1,1,0,0,0,1
0x427893,100%,0,162,162,0,0,0,162
0x406007,100%,0,17,17,0,0,0,17
0x43e024,100%,0,1,1,1,0,0,0
0x405216,100%,0,272,272,0,0,0,272
0x46ffcc,100%,0,1,1,0,0,0,1
0x4726a5,100%,0,1,1,0,0,0,1
0x404da7,100%,0,17,17,0,0,0,17
0x429376,100%,0,800,800,0,0,0,800
0x47cd46,100%,0,2,2,0,0,0,2
0x441004,100%,0,1,1,1,0,0,0
0x44afde,100%,0,6367,6367,0,0,0,6367
0x444d81,100%,0,2637,2637,2637,0,0,0
0x4293bb,100%,0,800,800,0,0,0,800
0x440e8a,100%,0,1,1,0,0,0,1
0x439995,100%,0,1440,1440,0,0,0,1440
0x440e84,100%,0,1,1,0,0,0,1
0x44ac6d,100%,0,394,394,0,0,0,394
0x405f63,100%,0,17,17,0,0,0,17
0x452e5f,100%,0,1,1,1,0,0,0
0x471f2d,100%,0,17,17,0,0,0,17
0x444b9c,100%,0,1966,1966,1867,0,0,99
0x445895,100%,0,592,592,0,0,0,592
0x413b44,100%,0,1279,1279,0,0,0,1279
0x45fedc,100%,0,3,3,0,0,0,3
0x416922,100%,0,17,17,0,0,0,17
0x4859a3,100%,0,2,2,0,0,0,2
0x484cb8,100%,0,1,1,1,0,0,0
0x416b38,100%,0,51,51,51,0,0,0
0x4bda78,100%,0,544,544,0,0,0,544
0x4450f7,100%,0,2637,2637,0,0,0,2637
0x4129a9,100%,0,1014,1014,0,0,0,1014
0x413afd,100%,0,1360,1360,0,0,0,1360
0x4129bf,100%,0,1014,1014,0,0,0,1014
0x46b4b0,100%,0,1,1,0,0,0,1
0x405205,100%,0,272,272,0,0,0,272
0x47001f,100%,0,1,1,0,0,0,1
0x44b0b9,100%,0,6367,6367,6367,0,0,0
0x418580,100%,0,51,51,0,0,0,51
0x452ea5,100%,0,1,1,1,0,0,0
0x4287b6,100%,0,1149,1149,0,0,0,1149
0x47cd58,100%,0,2,2,0,0,0,2
0x46123c,100%,0,81,81,0,0,0,81
0x413b90,100%,0,1343,1343,0,0,0,1343
0x4416f4,100%,0,1,1,0,0,0,1
0x428c83,100%,0,801,801,0,0,0,801
0x43ee92,100%,0,32,32,32,0,0,0
0x45f89d,100%,0,81,81,81,0,0,0
0x428a99,100%,0,801,801,0,0,0,801
0x43942d,100%,0,1095,1095,0,0,0,1095
0x471d48,100%,0,19,19,19,0,0,0
0x44b6e5,100%,0,5272,5272,5272,0,0,0
0x44b48f,100%,0,5272,5272,5272,0,0,0
0x46e561,100%,0,1440,1440,0,0,0,1440
0x43a563,100%,0,1095,1095,1095,0,0,0
0x429085,100%,0,800,800,0,0,0,800
0x43a598,100%,0,87,87,0,0,0,87
0x45e6f3,100%,0,1014,1014,1014,0,0,0
0x43ed7e,100%,0,32,32,32,0,0,0
0x45d8bc,100%,0,1486,1486,0,0,0,1486
0x43c14c,100%,0,81,81,0,0,0,81
0x440ddc,100%,0,3,3,0,0,0,3
0x413bc0,100%,0,1343,1343,0,0,0,1343
0x445156,100%,0,2637,2637,0,0,0,2637
0x452f9d,100%,0,1,1,1,0,0,0
0x402426,100%,0,1570,1570,0,0,0,1570
0x4442d3,100%,0,2524,2524,31,0,0,2493
0x470024,100%,0,1,1,1,0,0,0
0x453b4c,100%,0,1,1,0,0,0,1
0x445a03,100%,0,3600,3600,0,0,0,3600
0x46c4b5,100%,0,1,1,1,0,0,0
0x43df78,100%,0,1,1,1,0,0,0
0x46db77,100%,0,1,1,1,0,0,0
0x46a02d,100%,0,1,1,0,0,0,1
0x47ca06,100%,0,1,1,0,0,0,1
0x484a4b,100%,0,1,1,0,0,0,1
0x416e79,100%,0,3,3,0,0,0,3
0x46a0a2,100%,0,3,3,0,0,0,3
0x46dfd4,100%,0,1,1,0,0,0,1
0x46b639,100%,0,1,1,1,0,0,0
0x46b4a2,100%,0,1,1,0,0,0,1
0x46b3d4,100%,0,1,1,0,0,0,1
0x43c954,100%,0,1014,1014,0,0,0,1014
0x471b1a,100%,0,1,1,1,0,0,0
0x453988,100%,0,1,1,1,0,0,0
0x45fe80,100%,0,2,2,0,0,0,2
0x46b2c1,100%,0,1,1,0,0,0,1
0x4442f8,100%,0,143,143,0,0,0,143
0x4135e9,100%,0,1,1,1,0,0,0
0x44465e,100%,0,2636,2636,2636,0,0,0
0x46c29c,100%,0,1,1,1,0,0,0
0x46a2c2,100%,0,1,1,0,0,0,1
0x46c046,100%,0,1,1,1,0,0,0
0x4137ee,100%,0,1,1,0,0,0,1
0x44af2e,100%,0,7462,7462,0,0,0,7462
0x41a666,100%,0,1,1,0,0,0,1
0x46b46c,100%,0,1,1,0,0,0,1
0x413702,100%,0,1,1,0,0,0,1
0x4136a6,100%,0,1,1,0,0,0,1
0x47ca10,100%,0,1,1,1,0,0,0
0x469ed1,100%,0,1,1,1,0,0,0
0x439437,100%,0,1095,1095,1095,0,0,0
0x46cce1,100%,0,1,1,0,0,0,1
0x46b7f8,100%,0,1,1,0,0,0,1
0x453ce3,100%,0,1,1,0,0,0,1
0x46b3f4,100%,0,1,1,0,0,0,1
0x403f48,100%,0,3407,3407,0,0,0,3407
0x43eb3c,100%,0,31,31,31,0,0,0
0x453ab4,100%,0,1,1,0,0,0,1
0x4414d9,100%,0,1,1,1,0,0,0
0x41e813,100%,0,1,1,0,0,0,1
0x440150,100%,0,1,1,0,0,0,1
0x44b54d,100%,0,6367,6367,6367,0,0,0
0x440068,100%,0,1,1,0,0,0,1
0x471f65,100%,0,17,17,0,0,0,17
0x46b07d,100%,0,1,1,0,0,0,1
0x404f83,100%,0,272,272,0,0,0,272
0x440179,100%,0,41,41,0,0,0,41
0x4400c2,100%,0,3600,3600,0,0,0,3600
0x43fe52,100%,0,7,7,0,0,0,7
0x4407fc,100%,0,1,1,0,0,0,1
0x440cb9,100%,0,4,4,4,0,0,0
0x47ca59,100%,0,1,1,1,0,0,0
0x4414cf,100%,0,1,1,0,0,0,1
0x44002b,100%,0,1,1,0,0,0,1
0x43feb6,100%,0,7,7,0,0,0,7
0x46b8a2,100%,0,1,1,1,0,0,0
0x452cec,100%,0,1,1,0,0,0,1
0x44589b,100%,0,592,592,0,0,0,592
0x452d1c,100%,0,1,1,0,0,0,1
0x44bc2a,100%,0,1095,1095,0,0,0,1095
0x452ecc,100%,0,1,1,0,0,0,1
0x43fff1,100%,0,12,12,12,0,0,0
0x46ddde,100%,0,1,1,1,0,0,0
0x453e7b,100%,0,1,1,1,0,0,0
0x46e838,100%,0,1440,1440,0,0,0,1440
0x4574dc,100%,0,1,1,1,0,0,0
0x4410e1,100%,0,1,1,0,0,0,1
0x44125c,100%,0,1,1,0,0,0,1
0x444991,100%,0,5272,5272,0,0,0,5272
0x46d38e,100%,0,1,1,1,0,0,0
0x484a45,100%,0,1,1,0,0,0,1
0x46c77e,100%,0,1,1,1,0,0,0
0x46d249,100%,0,1,1,0,0,0,1
0x45fe24,100%,0,4,4,0,0,0,4
0x441896,100%,0,246,246,0,0,0,246
0x46be59,100%,0,1,1,0,0,0,1
0x401bfb,100%,0,6224,6224,0,0,0,6224
0x46a25f,100%,0,1,1,1,0,0,0
0x44016b,100%,0,1,1,0,0,0,1
0x484a89,100%,0,1,1,0,0,0,1
0x46dcef,100%,0,1,1,1,0,0,0
0x414210,100%,0,1440,1440,0,0,0,1440
0x414936,100%,0,1440,1440,1440,0,0,0
0x445c2c,100%,0,5272,5272,0,0,0,5272
0x453ab8,100%,0,1,1,0,0,0,1
0x440e17,100%,0,1,1,0,0,0,1
0x4147da,100%,0,4320,4320,4320,0,0,0
0x433699,100%,0,1440,1440,1440,0,0,0
0x445402,100%,0,33,33,0,0,0,33
0x4442e5,100%,0,2493,2493,0,0,0,2493
0x484a83,100%,0,1,1,0,0,0,1
0x4335e5,100%,0,1435,1435,1435,0,0,0
0x413ed8,100%,0,1440,1440,1440,0,0,0
0x4412db,100%,0,3,3,3,0,0,0
0x46d420,100%,0,1,1,0,0,0,1
0x4138a8,100%,0,1,1,0,0,0,1
0x404ec7,100%,0,272,272,0,0,0,272
0x444355,100%,0,2636,2636,2636,0,0,0
0x413e59,100%,0,1422,1422,0,0,0,1422
0x4410cc,100%,0,1,1,0,0,0,1
0x44558a,100%,0,1485,1485,0,0,0,1485
0x4457ec,100%,0,592,592,0,0,0,592
0x4461e7,100%,0,6367,6367,0,0,0,6367
0x41567a,100%,0,814,814,814,0,0,0
0x413871,100%,0,1,1,1,0,0,0
0x4331e4,100%,0,1440,1440,0,0,0,1440
0x45ff3b,100%,0,2,2,0,0,0,2
0x416c13,100%,0,51,51,0,0,0,51
0x444514,100%,0,2636,2636,0,0,0,2636
0x4338ce,100%,0,1440,1440,1440,0,0,0
0x43dffd,100%,0,1,1,0,0,0,1
0x41442b,100%,0,1440,1440,0,0,0,1440
0x46dbcf,100%,0,1,1,1,0,0,0
0x46cf5c,100%,0,1,1,1,0,0,0
0x46b80b,100%,0,1,1,1,0,0,0
0x4145f4,100%,0,1440,1440,0,0,0,1440
0x43300c,100%,0,1440,1440,0,0,0,1440
0x428c57,100%,0,801,801,0,0,0,801
0x4444f2,100%,0,2636,2636,2636,0,0,0
0x46db18,100%,0,1,1,0,0,0,1
0x44b7a2,100%,0,6368,6368,6368,0,0,0
0x46ca69,100%,0,1,1,1,0,0,0
0x469d08,100%,0,1,1,1,0,0,0
0x46d46d,100%,0,1,1,1,0,0,0
0x456bc9,100%,0,1,1,0,0,0,1
0x4726d5,100%,0,1,1,0,0,0,1
0x46d24d,100%,0,1,1,0,0,0,1
0x46d239,100%,0,1,1,0,0,0,1
0x46cd90,100%,0,1,1,1,0,0,0
0x44affd,100%,0,5272,5272,5272,0,0,0
0x46ca9d,100%,0,1,1,1,0,0,0
0x428ddb,100%,0,134,134,0,0,0,134
0x41a636,100%,0,9,9,0,0,0,9
0x440e91,100%,0,1,1,0,0,0,1
0x485ac9,100%,0,2,2,2,0,0,0
0x439937,100%,0,1095,1095,0,0,0,1095
0x46c6fd,100%,0,1,1,0,0,0,1
0x440e38,100%,0,1,1,1,0,0,0
0x46c521,100%,0,1,1,1,0,0,0
0x46a6de,100%,0,1,1,1,0,0,0
0x438cf2,100%,0,1095,1095,1095,0,0,0
0x46c37f,100%,0,1,1,1,0,0,0
0x46dc90,100%,0,1,1,0,0,0,1
0x441182,100%,0,1,1,0,0,0,1
0x41e00e,100%,0,1,1,1,0,0,0
0x412292,100%,0,1014,1014,1014,0,0,0
0x46c8ea,100%,0,1,1,1,0,0,0
0x44aa89,100%,0,6367,6367,0,0,0,6367
0x46de6c,100%,0,1,1,1,0,0,0
0x4459c1,100%,0,1,1,0,0,0,1
0x46ce18,100%,0,1,1,1,0,0,0
0x469f2b,100%,0,1,1,0,0,0,1
0x427b65,100%,0,521,521,521,0,0,0
0x434f43,100%,0,345,345,0,0,0,345
0x409f51,100%,0,1029,1029,0,0,0,1029
0x4351d1,100%,0,1095,1095,1095,0,0,0
0x46b848,100%,0,1,1,0,0,0,1
0x46d883,100%,0,1,1,1,0,0,0
0x46d808,100%,0,1,1,1,0,0,0
0x44182b,100%,0,3600,3600,0,0,0,3600
0x452aa2,100%,0,1,1,1,0,0,0
0x46ced1,100%,0,1,1,1,0,0,0
