Branch PC,Accuracy,Mispredictions,Correct Predictions,Total,dir_t_pred_t,dir_t_pred_nt,dir_nt_pred_t,dir_nt_pred_nt
aggregate,99.8179%,10024,5493903,5503927,3943208,3842,6182,1550695
0x402828,96.2991%,2156,56100,58256,27502,1141,1015,28598
0x445d65,93.2053%,1610,22085,23695,18311,621,989,3774
0x445d6f,76.2335%,1132,3631,4763,2174,427,705,1457
0x45fd61,83.1689%,580,2866,3446,2864,12,568,2
0x44b95b,92.7644%,446,5718,6164,5648,37,409,70
0x426ca7,50.1695%,294,296,590,211,100,194,85
0x426c80,50.1695%,294,296,590,210,110,184,86
0x402ac0,99.8773%,292,237662,237954,208096,245,47,29566
0x426cce,50.8475%,290,300,590,234,90,200,66
0x426c57,63.0508%,218,372,590,360,18,200,12
0x433027,88.3949%,201,1531,1732,1530,1,200,1
0x446639,96.9915%,192,6190,6382,6188,10,182,2
0x446186,97.3056%,167,6031,6198,5046,68,99,985
0x444b92,87.2656%,163,1117,1280,142,79,84,975
0x444b1d,97.6136%,147,6013,6160,4884,59,88,1129
0x44ac5d,97.9348%,128,6070,6198,6066,21,107,4
0x46e32e,93.1333%,119,1614,1733,823,57,62,791
0x44508f,98.3398%,81,4798,4879,280,75,6,4518
0x4482a9,98.7899%,75,6123,6198,24,47,28,6099
0x445e7b,99.7215%,66,23629,23695,17519,19,47,6110
0x4482ae,99.1187%,54,6073,6127,106,41,13,5967
0x402a92,99.9947%,51,965493,965544,727809,37,14,237684
0x44e6e6,98.6944%,47,3553,3600,3553,2,45,0
0x4442bf,99.2213%,38,4842,4880,32,29,9,4810
0x43ee15,99.3236%,33,4846,4879,4818,1,32,28
0x45fbaa,99.5806%,29,6886,6915,6886,0,29,0
0x40583b,99.9878%,28,230372,230400,230040,0,28,332
0x444b75,99.5779%,26,6134,6160,1269,11,15,4865
0x444970,99.6266%,23,6137,6160,59,18,5,6078
0x45fbfc,99.6673%,23,6891,6914,6891,1,22,0
0x413bf3,98.6721%,23,1709,1732,2,20,3,1707
0x45d2a8,39.4737%,23,15,38,5,13,10,10
0x4449b0,99.6284%,22,5898,5920,60,14,8,5838
0x41e5cf,98.8959%,21,1881,1902,1874,4,17,7
0x45faf4,99.6966%,21,6900,6921,6900,0,21,0
0x40d805,99.9962%,20,524516,524536,458960,9,11,65556
0x43a53a,73.6842%,20,56,76,32,6,14,24
0x4bdb49,37.931%,18,11,29,4,6,12,7
0x43de79,99.5278%,17,3583,3600,3553,2,15,30
0x4443f7,99.6721%,16,4864,4880,4755,3,13,109
0x45fb49,99.7832%,15,6903,6918,6903,0,15,0
0x45ed2a,95.0658%,15,289,304,289,0,15,0
0x4bdb6c,51.7241%,14,15,29,12,5,9,3
0x404008,99.97%,13,43347,43360,37937,3,10,5410
0x45ff50,99.6215%,13,3422,3435,1715,6,7,1707
0x45fdaf,97.7193%,13,557,570,1,10,3,556
0x402a52,99.995%,12,237686,237698,0,0,12,237686
0x4f34f5,52.1739%,11,12,23,7,5,6,5
0x41e591,99.4217%,11,1891,1902,1862,4,7,29
0x4bdb59,62.069%,11,18,29,11,5,6,7
0x45efeb,85.5263%,11,65,76,54,3,8,11
0x4540cd,99.3653%,11,1722,1733,1710,1,10,12
0x43ee92,85.2941%,10,58,68,33,4,6,25
0x45edad,97.0395%,9,295,304,223,5,4,72
0x444b83,99.8361%,8,4872,4880,3598,2,6,1274
0x411724,99.9931%,8,115192,115200,107999,1,7,7193
0x42aaf4,99.5961%,7,1726,1733,0,7,0,1726
0x45d341,65%,7,13,20,5,5,2,8
0x4442d3,99.8734%,6,4734,4740,58,2,4,4676
0x41e86a,99.6538%,6,1727,1733,1727,2,4,0
0x445c2c,99.9026%,6,6154,6160,0,3,3,6154
0x4c9980,99.8569%,6,4186,4192,4186,3,3,0
0x4442c3,99.8755%,6,4813,4819,77,2,4,4736
0x45f968,68.4211%,6,13,19,11,4,2,2
0x445f99,98.2456%,6,336,342,336,0,6,0
0x45d437,84.2105%,6,32,38,16,3,3,16
0x45effd,68.4211%,6,13,19,13,0,6,0
0x4c9717,99.6737%,6,1833,1839,743,2,4,1090
0x4451ae,99.877%,6,4873,4879,353,2,4,4520
0x444514,99.877%,6,4874,4880,3598,2,4,1276
0x444b9c,99.4334%,6,1053,1059,983,2,4,70
0x43f4b8,72.2222%,5,13,18,2,1,4,11
0x44485c,99.6094%,5,1275,1280,930,1,4,345
0x4442e5,99.8932%,5,4675,4680,155,1,4,4520
0x40bab7,99.8975%,5,4875,4880,0,0,5,4875
0x4a23f1,0%,5,0,5,0,4,1,0
0x45fb19,76.1905%,5,16,21,1,2,3,15
0x41560a,99.7115%,5,1728,1733,0,4,1,1728
0x426d24,66.6667%,5,10,15,8,3,2,2
0x4013a3,97.2222%,5,175,180,175,2,3,0
0x4340a0,86.8421%,5,33,38,17,2,3,16
0x4028ea,99.9983%,4,237950,237954,237694,4,0,256
0x434369,0%,4,0,4,0,1,3,0
0x444991,99.9351%,4,6156,6160,239,1,3,5917
0x44605b,89.4737%,4,34,38,34,1,3,0
0x463798,55.5556%,4,5,9,4,2,2,1
0x43f33b,69.2308%,4,9,13,9,3,1,0
0x4449d7,99.9324%,4,5916,5920,74,0,4,5842
0x43f3f3,63.6364%,4,7,11,7,2,2,0
0x4c96aa,99.9438%,3,5336,5339,3464,1,2,1872
0x419b3f,25%,3,1,4,0,0,3,1
0x4ac776,89.6552%,3,26,29,0,1,2,26
0x4c9772,99.9717%,3,10585,10588,9491,3,0,1094
0x43f4fe,80%,3,12,15,8,1,2,4
0x40fd91,99.9995%,3,657681,657684,493260,3,0,164421
0x4a58dd,0%,3,0,3,0,2,1,0
0x444bb7,98.9831%,3,292,295,292,3,0,0
0x440bf8,92.6829%,3,38,41,38,2,1,0
0x419c89,99.1667%,3,357,360,356,0,3,1
0x43ee2a,95%,3,57,60,57,2,1,0
0x460e0e,76.9231%,3,10,13,0,2,1,10
0x4bdf6d,99.85%,3,1997,2000,1997,2,1,0
0x4c97ba,99.5973%,3,742,745,2,1,2,740
0x402844,99.9899%,3,29610,29613,0,0,3,29610
0x445bfb,99.9516%,3,6195,6198,38,0,3,6157
0x4450f7,99.9385%,3,4876,4879,3599,1,2,1277
0x4409c4,0%,3,0,3,0,1,2,0
0x49be7f,0%,3,0,3,0,3,0,0
0x4bdafe,96.875%,3,93,96,93,0,3,0
0x47cbac,33.3333%,2,1,3,0,0,2,1
0x49f994,81.8182%,2,9,11,9,2,0,0
0x43ec6a,0%,2,0,2,0,1,1,0
0x49bef2,0%,2,0,2,0,0,2,0
0x4a716a,33.3333%,2,1,3,0,0,2,1
0x444355,99.959%,2,4878,4880,4878,2,0,0
0x43ec0b,0%,2,0,2,0,2,0,0
0x46f666,87.5%,2,14,16,14,1,1,0
0x440a42,0%,2,0,2,0,1,1,0
0x403b0e,99.9996%,2,447998,448000,391998,2,0,56000
0x49c5e7,81.8182%,2,9,11,1,1,1,8
0x4c965c,99.9625%,2,5337,5339,142,0,2,5195
0x44091f,0%,2,0,2,0,0,2,0
0x46f5e2,50%,2,2,4,2,1,1,0
0x49c663,81.8182%,2,9,11,9,2,0,0
0x46334e,84.6154%,2,11,13,11,0,2,0
0x40283b,99.9932%,2,29611,29613,0,0,2,29611
0x444e53,99.959%,2,4878,4880,4878,2,0,0
0x4278b5,0%,2,0,2,0,1,1,0
0x41e67e,80%,2,8,10,8,1,1,0
0x4278d0,0%,2,0,2,0,2,0,0
0x4a1631,84.6154%,2,11,13,11,1,1,0
0x45feb7,0%,2,0,2,0,0,2,0
0x4f103a,60%,2,3,5,0,0,2,3
0x46e34f,99.8846%,2,1731,1733,1718,2,0,13
0x44a96e,99.9678%,2,6200,6202,4,0,2,6196
0x461ceb,75%,2,6,8,2,2,0,4
0x43eb32,97.1014%,2,67,69,0,2,0,67
0x4452b8,50%,2,2,4,2,2,0,0
0x40a62b,99.9949%,2,39038,39040,34159,1,1,4879
0x4f0be9,0%,2,0,2,0,2,0,0
0x45fc3a,99.9711%,2,6911,6913,5188,0,2,1723
0x44a8eb,99.9678%,2,6200,6202,6200,2,0,0
0x444d81,99.959%,2,4878,4880,0,0,2,4878
0x440bd7,95.122%,2,39,41,37,0,2,2
0x404c1d,99.9831%,2,11808,11810,0,0,2,11808
0x434269,89.4737%,2,17,19,15,0,2,2
0x4bdb44,93.3333%,2,28,30,0,2,0,28
0x4409de,0%,2,0,2,0,1,1,0
0x404ca2,99.9831%,2,11808,11810,0,0,2,11808
0x45fb71,86.6667%,2,13,15,12,0,2,1
0x4a71a1,33.3333%,2,1,3,1,2,0,0
0x49c47e,81.8182%,2,9,11,9,2,0,0
0x43ebbb,0%,2,0,2,0,1,1,0
0x438406,89.4737%,2,17,19,0,2,0,17
0x49c7fd,0%,2,0,2,0,0,2,0
0x4a0f8f,60%,2,3,5,3,2,0,0
0x45510a,0%,2,0,2,0,1,1,0
0x45fdba,99.6422%,2,557,559,557,0,2,0
0x44492c,99.9675%,2,6158,6160,0,0,2,6158
0x44aff2,99.9676%,2,6162,6164,4,0,2,6158
0x4bdb7d,93.1034%,2,27,29,27,1,1,0
0x43840f,88.2353%,2,15,17,15,0,2,0
0x49fa32,81.8182%,2,9,11,1,1,1,8
0x44b48a,99.9676%,2,6162,6164,4,0,2,6158
0x44a97c,99.9677%,2,6196,6198,6158,2,0,38
0x43f06c,95.122%,2,39,41,39,1,1,0
0x4bde60,99.9512%,2,4094,4096,4094,1,1,0
0x460e1e,84.6154%,2,11,13,2,2,0,9
0x45f9a2,86.6667%,2,13,15,9,0,2,4
0x4015fc,98.8889%,2,178,180,178,1,1,0
0x43de8a,95.5556%,2,43,45,43,1,1,0
0x463428,84.6154%,2,11,13,2,2,0,9
0x49fe26,81.8182%,2,9,11,9,2,0,0
0x4634d7,77.7778%,2,7,9,6,1,1,1
0x4f096b,60%,2,3,5,0,0,2,3
0x46349a,77.7778%,2,7,9,6,1,1,1
0x4013af,33.3333%,2,1,3,1,2,0,0
0x46f417,80%,2,8,10,8,1,1,0
0x460206,96.875%,2,62,64,62,1,1,0
0x4a0693,81.8182%,2,9,11,9,2,0,0
0x43eeaa,93.5484%,2,29,31,0,0,2,29
0x4ac4ae,50%,2,2,4,1,2,0,1
0x49c4c6,81.8182%,2,9,11,9,2,0,0
0x4245d7,98.4496%,2,127,129,127,1,1,0
0x46f857,0%,1,0,1,0,1,0,0
0x49c49f,90.9091%,1,10,11,10,1,0,0
0x49bee4,50%,1,1,2,0,0,1,1
0x427923,50%,1,1,2,0,1,0,1
0x49c5f0,88.8889%,1,8,9,8,1,0,0
0x49be43,66.6667%,1,2,3,2,1,0,0
0x49fa3f,88.8889%,1,8,9,8,1,0,0
0x413aab,99.9416%,1,1710,1711,0,0,1,1710
0x41e9b5,0%,1,0,1,0,1,0,0
0x403ca8,99.9965%,1,28335,28336,26564,1,0,1771
0x460046,93.75%,1,15,16,15,0,1,0
0x455165,0%,1,0,1,0,1,0,0
0x45fe5b,50%,1,1,2,1,1,0,0
0x4245e6,0%,1,0,1,0,1,0,0
0x4f0bac,50%,1,1,2,1,1,0,0
0x4a231d,0%,1,0,1,0,1,0,0
0x44e6f4,97.7778%,1,44,45,44,0,1,0
0x4f061f,80%,1,4,5,4,1,0,0
0x4245a3,99.2248%,1,128,129,128,1,0,0
0x4a08a4,0%,1,0,1,0,1,0,0
0x4f0aa2,0%,1,0,1,0,0,1,0
0x40144f,0%,1,0,1,0,0,1,0
0x4a25dd,0%,1,0,1,0,1,0,0
0x4ae431,0%,1,0,1,0,1,0,0
0x4a1154,0%,1,0,1,0,1,0,0
0x440aeb,0%,1,0,1,0,1,0,0
0x46e8f0,99.9423%,1,1732,1733,1732,1,0,0
0x4a1267,0%,1,0,1,0,1,0,0
0x4155f9,99.9423%,1,1732,1733,0,0,1,1732
0x49c76d,50%,1,1,2,0,0,1,1
0x4129b6,99.9429%,1,1751,1752,2,0,1,1749
0x4a1577,0%,1,0,1,0,1,0,0
0x4a1603,0%,1,0,1,0,1,0,0
0x46f353,0%,1,0,1,0,1,0,0
0x4f05b4,0%,1,0,1,0,1,0,0
0x440ada,0%,1,0,1,0,0,1,0
0x4a1f8b,0%,1,0,1,0,0,1,0
0x45ef1a,98.6842%,1,75,76,0,0,1,75
0x46f6c9,93.75%,1,15,16,15,0,1,0
0x46f05a,0%,1,0,1,0,1,0,0
0x4ae63f,0%,1,0,1,0,1,0,0
0x400656,0%,1,0,1,0,1,0,0
0x4f0a7f,0%,1,0,1,0,1,0,0
0x4f3444,90.9091%,1,10,11,10,1,0,0
0x4017d5,50%,1,1,2,1,0,1,0
0x4f09b4,80%,1,4,5,4,1,0,0
0x49c7e0,50%,1,1,2,0,1,0,1
0x427871,50%,1,1,2,0,0,1,1
0x4a20ea,0%,1,0,1,0,1,0,0
0x49bd4f,66.6667%,1,2,3,2,1,0,0
0x4a1d43,0%,1,0,1,0,1,0,0
0x4a1e5c,50%,1,1,2,1,0,1,0
0x43f23e,0%,1,0,1,0,1,0,0
0x44affd,99.9838%,1,6159,6160,6159,1,0,0
0x46ebd6,0%,1,0,1,0,1,0,0
0x440c07,0%,1,0,1,0,1,0,0
0x4ac79b,96.4286%,1,27,28,0,0,1,27
0x4bdb96,96.5517%,1,28,29,28,1,0,0
0x41eaf5,0%,1,0,1,0,1,0,0
0x49fa0a,90.9091%,1,10,11,10,1,0,0
0x4a1538,0%,1,0,1,0,1,0,0
0x4a241c,0%,1,0,1,0,1,0,0
0x4699d0,0%,1,0,1,0,1,0,0
0x4ca22d,94.1176%,1,16,17,0,0,1,16
0x445122,99.9722%,1,3599,3600,245,1,0,3354
0x45fc21,95.4545%,1,21,22,0,1,0,21
0x4bdc52,50%,1,1,2,1,0,1,0
0x49c5a9,90.9091%,1,10,11,10,1,0,0
0x4a2f81,80%,1,4,5,0,0,1,4
0x46e1f3,99.9423%,1,1732,1733,0,0,1,1732
0x4278fd,50%,1,1,2,0,1,0,1
0x469af6,0%,1,0,1,0,1,0,0
0x4a1b84,0%,1,0,1,0,1,0,0
0x4a749d,0%,1,0,1,0,0,1,0
0x43ec1a,50%,1,1,2,0,1,0,1
0x46188f,87.5%,1,7,8,4,0,1,3
0x44b54d,99.9838%,1,6163,6164,6163,1,0,0
0x46ecac,0%,1,0,1,0,0,1,0
0x4117ac,99.9983%,1,57599,57600,50399,1,0,7200
0x4a0fb0,80%,1,4,5,4,1,0,0
0x46f130,0%,1,0,1,0,1,0,0
0x413b90,99.9416%,1,1710,1711,0,0,1,1710
0x4a297d,0%,1,0,1,0,0,1,0
0x45fbcf,96.5517%,1,28,29,0,1,0,28
0x46fdc5,0%,1,0,1,0,1,0,0
0x4a74c1,0%,1,0,1,0,1,0,0
0x46fd6d,0%,1,0,1,0,0,1,0
0x49bdfb,66.6667%,1,2,3,2,1,0,0
0x46fd45,0%,1,0,1,0,1,0,0
0x4a1af2,0%,1,0,1,0,0,1,0
0x4c9657,99.9859%,1,7100,7101,1838,1,0,5262
0x46969a,0%,1,0,1,0,1,0,0
0x49c716,90.9091%,1,10,11,10,1,0,0
0x4168bc,0%,1,0,1,0,1,0,0
0x4a206f,0%,1,0,1,0,1,0,0
0x416723,0%,1,0,1,0,1,0,0
0x4f1cd2,0%,1,0,1,0,1,0,0
0x49c567,90.9091%,1,10,11,1,1,0,9
0x402acb,99.9966%,1,29612,29613,29612,1,0,0
0x46ed26,0%,1,0,1,0,1,0,0
0x45ecc0,99.6711%,1,303,304,303,1,0,0
0x454f99,0%,1,0,1,0,1,0,0
0x472006,95.4545%,1,21,22,0,0,1,21
0x472137,95.4545%,1,21,22,21,1,0,0
0x4a1cae,0%,1,0,1,0,1,0,0
0x413bcc,99.9416%,1,1710,1711,0,0,1,1710
0x46e954,99.9423%,1,1732,1733,1732,0,1,0
0x47b3ac,0%,1,0,1,0,1,0,0
0x49c82a,50%,1,1,2,1,1,0,0
0x43c80a,75%,1,3,4,2,0,1,1
0x454fde,0%,1,0,1,0,1,0,0
0x4c980a,66.6667%,1,2,3,2,1,0,0
0x41eab4,0%,1,0,1,0,1,0,0
0x4a06e8,90.9091%,1,10,11,6,1,0,4
0x44afc4,99.9838%,1,6163,6164,0,0,1,6163
0x4f098a,80%,1,4,5,0,0,1,4
0x4152e9,99.9423%,1,1732,1733,0,0,1,1732
0x4f0b85,50%,1,1,2,1,1,0,0
0x43a554,98.6842%,1,75,76,57,0,1,18
0x49c446,92.8571%,1,13,14,1,1,0,12
0x4a030d,0%,1,0,1,0,1,0,0
0x46efce,0%,1,0,1,0,0,1,0
0x426639,99.9964%,1,27979,27980,0,0,1,27979
0x401459,0%,1,0,1,0,1,0,0
0x471dbf,95.4545%,1,21,22,0,1,0,21
0x4a71b4,66.6667%,1,2,3,0,0,1,2
0x49bed6,66.6667%,1,2,3,0,1,0,2
0x4ae41c,0%,1,0,1,0,0,1,0
0x4a03b3,0%,1,0,1,0,1,0,0
0x463809,88.8889%,1,8,9,2,0,1,6
0x46ed54,0%,1,0,1,0,1,0,0
0x4a031d,0%,1,0,1,0,0,1,0
0x469dd6,0%,1,0,1,0,1,0,0
0x4a1f05,66.6667%,1,2,3,2,0,1,0
0x4697a1,0%,1,0,1,0,1,0,0
0x4482b3,99.9833%,1,5979,5980,5944,1,0,35
0x4a1dfe,0%,1,0,1,0,1,0,0
0x4a1d88,0%,1,0,1,0,0,1,0
0x4a202f,0%,1,0,1,0,1,0,0
0x49c787,50%,1,1,2,1,1,0,0
0x49bd7d,66.6667%,1,2,3,0,0,1,2
0x463da2,87.5%,1,7,8,7,1,0,0
0x46336c,92.3077%,1,12,13,3,1,0,9
0x49f9fd,90.9091%,1,10,11,10,1,0,0
0x42794e,99.0196%,1,101,102,0,0,1,101
0x445156,99.9795%,1,4878,4879,0,0,1,4878
0x471fdc,95.4545%,1,21,22,21,0,1,0
0x41e948,0%,1,0,1,0,1,0,0
0x41682a,0%,1,0,1,0,0,1,0
0x49bda4,66.6667%,1,2,3,2,1,0,0
0x45dc08,90%,1,9,10,0,1,0,9
0x4a02f4,0%,1,0,1,0,0,1,0
0x43eb3c,98.5075%,1,66,67,66,1,0,0
0x4a22c9,0%,1,0,1,0,0,1,0
0x4a1f0e,0%,1,0,1,0,1,0,0
0x46f467,88.8889%,1,8,9,8,0,1,0
0x4c97c4,99.8652%,1,741,742,0,1,0,741
0x46fd27,0%,1,0,1,0,1,0,0
0x4725fa,0%,1,0,1,0,0,1,0
0x4a23e5,80%,1,4,5,0,1,0,4
0x4168a2,0%,1,0,1,0,1,0,0
0x41685b,0%,1,0,1,0,1,0,0
0x45579a,0%,1,0,1,0,0,1,0
0x416810,0%,1,0,1,0,1,0,0
0x416771,0%,1,0,1,0,1,0,0
0x41a6ec,0%,1,0,1,0,0,1,0
0x472025,95.4545%,1,21,22,21,1,0,0
0x41a6a0,0%,1,0,1,0,0,1,0
0x469e53,0%,1,0,1,0,1,0,0
0x47b06e,0%,1,0,1,0,1,0,0
0x47af53,0%,1,0,1,0,1,0,0
0x47aee8,0%,1,0,1,0,1,0,0
0x4a218a,0%,1,0,1,0,1,0,0
0x4a21b8,0%,1,0,1,0,0,1,0
0x4a21c6,0%,1,0,1,0,0,1,0
0x43ec81,50%,1,1,2,0,1,0,1
0x43f03a,0%,1,0,1,0,0,1,0
0x44b6e0,99.9838%,1,6163,6164,4,0,1,6159
0x4a1618,92.3077%,1,12,13,0,1,0,12
0x440abf,0%,1,0,1,0,1,0,0
0x440ab2,0%,1,0,1,0,0,1,0
0x469cef,0%,1,0,1,0,0,1,0
0x44e594,99.9722%,1,3599,3600,3599,1,0,0
0x4ae573,0%,1,0,1,0,1,0,0
0x4a2265,0%,1,0,1,0,1,0,0
0x40171a,80%,1,4,5,4,0,1,0
0x413bf8,99.9415%,1,1709,1710,0,0,1,1709
0x41a2d4,75%,1,3,4,3,0,1,0
0x40585a,99.7222%,1,359,360,359,0,1,0
0x4bdbf7,50%,1,1,2,0,1,0,1
0x43de05,0%,1,0,1,0,0,1,0
0x469d9d,0%,1,0,1,0,1,0,0
0x469c8d,0%,1,0,1,0,1,0,0
0x473fb4,0%,1,0,1,0,0,1,0
0x4a7193,66.6667%,1,2,3,0,0,1,2
0x45509f,0%,1,0,1,0,1,0,0
0x4bdad5,66.6667%,1,2,3,0,0,1,2
0x473f55,0%,1,0,1,0,1,0,0
0x47b317,0%,1,0,1,0,1,0,0
0x47b2d5,0%,1,0,1,0,0,1,0
0x47b2a5,0%,1,0,1,0,1,0,0
0x4a7523,0%,1,0,1,0,1,0,0
0x4551ba,0%,1,0,1,0,0,1,0
0x4ac4b7,0%,1,0,1,0,1,0,0
0x4a7518,0%,1,0,1,0,1,0,0
0x47b207,0%,1,0,1,0,0,1,0
0x4558ce,0%,1,0,1,0,1,0,0
0x460053,0%,1,0,1,0,1,0,0
0x4bdbfe,0%,1,0,1,0,0,1,0
0x4a74f9,0%,1,0,1,0,0,1,0
0x46f7c8,0%,1,0,1,0,1,0,0
0x46fc12,0%,1,0,1,0,1,0,0
0x4c99ae,66.6667%,1,2,3,0,0,1,2
0x4c9927,99.9761%,1,4191,4192,0,0,1,4191
0x4a2cee,0%,1,0,1,0,1,0,0
0x4ac553,0%,1,0,1,0,1,0,0
0x4dfe76,0%,1,0,1,0,0,1,0
0x4a22db,0%,1,0,1,0,1,0,0
0x49be14,66.6667%,1,2,3,2,1,0,0
0x440867,0%,1,0,1,0,0,1,0
0x4a2f9b,80%,1,4,5,4,0,1,0
0x40143a,0%,1,0,1,0,0,1,0
0x4408ba,0%,1,0,1,0,0,1,0
0x4a2a0a,0%,1,0,1,0,1,0,0
0x4a090f,0%,1,0,1,0,1,0,0
0x4ac4e0,0%,1,0,1,0,1,0,0
0x4ac4c3,0%,1,0,1,0,0,1,0
0x49c1cf,50%,1,1,2,1,1,0,0
0x49be8e,66.6667%,1,2,3,0,0,1,2
0x4bdc89,0%,1,0,1,0,0,1,0
0x4a2824,0%,1,0,1,0,0,1,0
0x440a2c,50%,1,1,2,1,1,0,0
0x455427,0%,1,0,1,0,1,0,0
0x444f0b,99.9795%,1,4879,4880,0,0,1,4879
0x440a52,0%,1,0,1,0,1,0,0
0x47253f,0%,1,0,1,0,1,0,0
0x4ac60b,0%,1,0,1,0,1,0,0
0x4409fc,0%,1,0,1,0,0,1,0
0x44092d,50%,1,1,2,0,0,1,1
0x43ecb7,50%,1,1,2,0,0,1,1
0x4452fe,75%,1,3,4,3,1,0,0
0x44b6e5,99.9838%,1,6159,6160,6159,1,0,0
0x44b48f,99.9838%,1,6159,6160,6159,1,0,0
0x4a1ca1,0%,1,0,1,0,0,1,0
0x43dffd,0%,1,0,1,0,0,1,0
0x4449ed,99.9831%,1,5919,5920,5919,1,0,0
0x445370,75%,1,3,4,0,0,1,3
0x43f1af,0%,1,0,1,0,1,0,0
0x44465e,99.9219%,1,1279,1280,1279,1,0,0
0x43f52f,91.6667%,1,11,12,11,1,0,0
0x402a96,99.9996%,1,237697,237698,237697,1,0,0
0x40d054,100%,0,752,752,705,0,0,47
0x4f1041,100%,0,5,5,0,0,0,5
0x4bdcea,100%,0,1,1,1,0,0,0
0x45d2cc,100%,0,20,20,20,0,0,0
0x40171e,100%,0,1,1,0,0,0,1
0x439940,100%,0,19,19,19,0,0,0
0x4bde07,100%,0,4096,4096,0,0,0,4096
0x43459c,100%,0,19,19,0,0,0,19
0x4450b2,100%,0,4524,4524,0,0,0,4524
0x44e6ac,100%,0,3600,3600,0,0,0,3600
0x44665e,100%,0,184,184,0,0,0,184
0x4bde84,100%,0,1,1,1,0,0,0
0x446691,100%,0,184,184,184,0,0,0
0x4dfe67,100%,0,1,1,0,0,0,1
0x413c34,100%,0,1710,1710,0,0,0,1710
0x471dc7,100%,0,21,21,0,0,0,21
0x471efa,100%,0,22,22,22,0,0,0
0x433dca,100%,0,38,38,0,0,0,38
0x4ac486,100%,0,3,3,0,0,0,3
0x471f34,100%,0,22,22,22,0,0,0
0x402a19,100%,0,256,256,0,0,0,256
0x4540d7,100%,0,22,22,22,0,0,0
0x463754,100%,0,9,9,0,0,0,9
0x4ac492,100%,0,3,3,0,0,0,3
0x4f103f,100%,0,5,5,0,0,0,5
0x4a717d,100%,0,3,3,0,0,0,3
0x433335,100%,0,21,21,21,0,0,0
0x47afbd,100%,0,1,1,0,0,0,1
0x471dd2,100%,0,21,21,0,0,0,21
0x4a1022,100%,0,5,5,0,0,0,5
0x45f918,100%,0,19,19,0,0,0,19
0x471f9a,100%,0,22,22,22,0,0,0
0x4ab8b1,100%,0,1,1,1,0,0,0
0x43f279,100%,0,1,1,0,0,0,1
0x4ab88d,100%,0,1,1,0,0,0,1
0x4a1d98,100%,0,1,1,0,0,0,1
0x4a1c0c,100%,0,1,1,0,0,0,1
0x4ab89b,100%,0,1,1,0,0,0,1
0x4a2880,100%,0,1,1,1,0,0,0
0x42a3ee,100%,0,4,4,4,0,0,0
0x49bfe7,100%,0,14,14,0,0,0,14
0x4ab8a6,100%,0,1,1,0,0,0,1
0x4a1b76,100%,0,1,1,0,0,0,1
0x4029a0,100%,0,256,256,0,0,0,256
0x4a1eb8,100%,0,1,1,0,0,0,1
0x44b0b9,100%,0,6164,6164,6164,0,0,0
0x44b24c,100%,0,6164,6164,0,0,0,6164
0x44b300,100%,0,6164,6164,6164,0,0,0
0x413bc0,100%,0,1711,1711,0,0,0,1711
0x4a2413,100%,0,1,1,0,0,0,1
0x445d0f,100%,0,6157,6157,0,0,0,6157
0x4c966c,100%,0,5339,5339,5339,0,0,0
0x4f05d5,100%,0,1,1,0,0,0,1
0x42a8e5,100%,0,3465,3465,1732,0,0,1733
0x44afb7,100%,0,6164,6164,0,0,0,6164
0x4bdf88,100%,0,1,1,0,0,0,1
0x4f09a7,100%,0,5,5,0,0,0,5
0x44b97a,100%,0,479,479,0,0,0,479
0x4a2819,100%,0,1,1,0,0,0,1
0x434059,100%,0,38,38,0,0,0,38
0x4ae51c,100%,0,1,1,1,0,0,0
0x44afde,100%,0,6164,6164,0,0,0,6164
0x4c97a9,100%,0,745,745,0,0,0,745
0x44bc2a,100%,0,4,4,0,0,0,4
0x4ae52d,100%,0,1,1,0,0,0,1
0x4146e5,100%,0,5196,5196,5196,0,0,0
0x46ed3d,100%,0,1,1,0,0,0,1
0x49c5a0,100%,0,11,11,11,0,0,0
0x4ae53e,100%,0,1,1,0,0,0,1
0x4a74fe,100%,0,1,1,1,0,0,0
0x47401e,100%,0,1,1,0,0,0,1
0x45dc75,100%,0,9,9,0,0,0,9
0x4028fc,100%,0,256,256,0,0,0,256
0x41474d,100%,0,5196,5196,5196,0,0,0
0x43f285,100%,0,1,1,0,0,0,1
0x4ae54a,100%,0,1,1,1,0,0,0
0x41482c,100%,0,5196,5196,0,0,0,5196
0x413f81,100%,0,1732,1732,0,0,0,1732
0x413bd7,100%,0,1711,1711,0,0,0,1711
0x4a74d4,100%,0,1,1,0,0,0,1
0x4a1636,100%,0,1,1,1,0,0,0
0x463553,100%,0,9,9,9,0,0,0
0x43f1a6,100%,0,1,1,0,0,0,1
0x433131,100%,0,1732,1732,0,0,0,1732
0x415340,100%,0,1733,1733,0,0,0,1733
0x4a7215,100%,0,3,3,0,0,0,3
0x439471,100%,0,1733,1733,1733,0,0,0
0x4a1f31,100%,0,2,2,2,0,0,0
0x4bdc28,100%,0,2,2,0,0,0,2
0x414840,100%,0,5196,5196,1732,0,0,3464
0x414288,100%,0,3464,3464,3422,0,0,42
0x46e838,100%,0,1733,1733,1733,0,0,0
0x433199,100%,0,1732,1732,1732,0,0,0
0x40141d,100%,0,1,1,0,0,0,1
0x403439,100%,0,7000,7000,0,0,0,7000
0x414999,100%,0,5196,5196,0,0,0,5196
0x41f832,100%,0,1,1,0,0,0,1
0x4a7206,100%,0,3,3,3,0,0,0
0x4a204e,100%,0,1,1,0,0,0,1
0x46e561,100%,0,1733,1733,0,0,0,1733
0x44a9d7,100%,0,38,38,35,0,0,3
0x46e198,100%,0,21,21,0,0,0,21
0x41f87d,100%,0,1,1,0,0,0,1
0x439932,100%,0,1733,1733,0,0,0,1733
0x49bce5,100%,0,3,3,0,0,0,3
0x46fd94,100%,0,1,1,1,0,0,0
0x46fdbb,100%,0,1,1,0,0,0,1
0x412306,100%,0,2,2,2,0,0,0
0x41442b,100%,0,3464,3464,0,0,0,3464
0x47b214,100%,0,1,1,0,0,0,1
0x44ac6d,100%,0,111,111,0,0,0,111
0x403b2e,100%,0,56000,56000,49000,0,0,7000
0x4a748a,100%,0,1,1,0,0,0,1
0x4a74b3,100%,0,1,1,0,0,0,1
0x402426,100%,0,4,4,0,0,0,4
0x463263,100%,0,13,13,0,0,0,13
0x4a0fcb,100%,0,5,5,0,0,0,5
0x4a75ac,100%,0,1,1,0,0,0,1
0x4615ee,100%,0,4,4,4,0,0,0
0x4a06df,100%,0,11,11,0,0,0,11
0x46f6d5,100%,0,1,1,1,0,0,0
0x45f064,100%,0,6,6,6,0,0,0
0x45d136,100%,0,19,19,0,0,0,19
0x4a1e94,100%,0,1,1,0,0,0,1
0x4a759f,100%,0,1,1,1,0,0,0
0x45d14f,100%,0,19,19,0,0,0,19
0x415179,100%,0,1733,1733,0,0,0,1733
0x47b245,100%,0,1,1,0,0,0,1
0x4a1fb8,100%,0,1,1,0,0,0,1
0x42a71d,100%,0,3464,3464,3420,0,0,44
0x45d1c4,100%,0,19,19,0,0,0,19
0x44e69f,100%,0,3600,3600,0,0,0,3600
0x4029fb,100%,0,256,256,0,0,0,256
0x43f05c,100%,0,41,41,0,0,0,41
0x4a750a,100%,0,1,1,0,0,0,1
0x414936,100%,0,1732,1732,1732,0,0,0
0x44e4e5,100%,0,3600,3600,3600,0,0,0
0x404ad3,100%,0,3465,3465,0,0,0,3465
0x46e61d,100%,0,1733,1733,1733,0,0,0
0x41459a,100%,0,1732,1732,1711,0,0,21
0x43804e,100%,0,19,19,19,0,0,0
0x4bdc63,100%,0,1,1,1,0,0,0
0x43818a,100%,0,19,19,19,0,0,0
0x41288d,100%,0,2,2,2,0,0,0
0x47b2c3,100%,0,1,1,0,0,0,1
0x45e56c,100%,0,19,19,19,0,0,0
0x40bac3,100%,0,4880,4880,0,0,0,4880
0x446034,100%,0,342,342,304,0,0,38
0x45e6f3,100%,0,19,19,19,0,0,0
0x45ec36,100%,0,76,76,0,0,0,76
0x401768,100%,0,2,2,0,0,0,2
0x45ec68,100%,0,304,304,304,0,0,0
0x463415,100%,0,13,13,0,0,0,13
0x4a1123,100%,0,1,1,0,0,0,1
0x41488e,100%,0,3464,3464,0,0,0,3464
0x42a368,100%,0,4,4,0,0,0,4
0x49bf00,100%,0,2,2,0,0,0,2
0x41e915,100%,0,1,1,0,0,0,1
0x43c7ef,100%,0,4,4,0,0,0,4
0x49c3c2,100%,0,14,14,0,0,0,14
0x401614,100%,0,1,1,1,0,0,0
0x40571f,100%,0,1,1,0,0,0,1
0x43f28e,100%,0,1,1,0,0,0,1
0x40572b,100%,0,1,1,0,0,0,1
0x46e962,100%,0,1,1,0,0,0,1
0x46976b,100%,0,1,1,0,0,0,1
0x419af3,100%,0,4,4,0,0,0,4
0x433a3e,100%,0,1714,1714,0,0,0,1714
0x4016ce,100%,0,1,1,0,0,0,1
0x45d1f1,100%,0,19,19,0,0,0,19
0x46983b,100%,0,1,1,1,0,0,0
0x42458a,100%,0,1,1,0,0,0,1
0x46efc2,100%,0,1,1,0,0,0,1
0x401707,100%,0,25,25,20,0,0,5
0x469c78,100%,0,1,1,1,0,0,0
0x469e24,100%,0,1,1,0,0,0,1
0x4a08e8,100%,0,1,1,0,0,0,1
0x469c21,100%,0,1,1,0,0,0,1
0x44aa89,100%,0,6198,6198,0,0,0,6198
0x412292,100%,0,2,2,2,0,0,0
0x43f428,100%,0,9,9,0,0,0,9
0x469c3b,100%,0,1,1,0,0,0,1
0x469c4a,100%,0,1,1,1,0,0,0
0x469dfb,100%,0,1,1,0,0,0,1
0x41a688,100%,0,1,1,0,0,0,1
0x41e898,100%,0,4,4,4,0,0,0
0x45fca5,100%,0,3446,3446,3446,0,0,0
0x41e8b6,100%,0,4,4,4,0,0,0
0x427916,100%,0,2,2,0,0,0,2
0x43eeaf,100%,0,31,31,0,0,0,31
0x41563e,100%,0,1729,1729,1729,0,0,0
0x469d6d,100%,0,1,1,1,0,0,0
0x43f298,100%,0,1,1,0,0,0,1
0x45d172,100%,0,19,19,0,0,0,19
0x49c547,100%,0,11,11,0,0,0,11
0x41ab47,100%,0,1,1,1,0,0,0
0x4636c8,100%,0,144,144,144,0,0,0
0x49bebf,100%,0,3,3,0,0,0,3
0x4a0c59,100%,0,11,11,11,0,0,0
0x4a21ce,100%,0,1,1,1,0,0,0
0x433ab3,100%,0,1714,1714,0,0,0,1714
0x43f211,100%,0,1,1,0,0,0,1
0x440c53,100%,0,1,1,0,0,0,1
0x440c59,100%,0,1,1,1,0,0,0
0x4724fb,100%,0,1,1,1,0,0,0
0x4a140f,100%,0,1,1,0,0,0,1
0x43efe2,100%,0,1,1,0,0,0,1
0x43efe8,100%,0,1,1,0,0,0,1
0x413f33,100%,0,1732,1732,1732,0,0,0
0x4a1032,100%,0,5,5,0,0,0,5
0x45f00c,100%,0,6,6,6,0,0,0
0x43f02a,100%,0,1,1,0,0,0,1
0x4442f8,100%,0,356,356,0,0,0,356
0x43f152,100%,0,1,1,0,0,0,1
0x47c818,100%,0,3,3,0,0,0,3
0x41a666,100%,0,1,1,0,0,0,1
0x49bcc5,100%,0,3,3,3,0,0,0
0x433699,100%,0,1732,1732,0,0,0,1732
0x46e18e,100%,0,1732,1732,1711,0,0,21
0x4a1db4,100%,0,1,1,0,0,0,1
0x43edb1,100%,0,61,61,0,0,0,61
0x40179e,100%,0,2,2,0,0,0,2
0x49bcdc,100%,0,3,3,0,0,0,3
0x49bcef,100%,0,3,3,0,0,0,3
0x41e6ae,100%,0,1,1,1,0,0,0
0x4ca251,100%,0,17,17,0,0,0,17
0x44dfd3,100%,0,1,1,1,0,0,0
0x49bdb5,100%,0,3,3,0,0,0,3
0x4ac78a,100%,0,28,28,0,0,0,28
0x44e157,100%,0,1,1,1,0,0,0
0x414210,100%,0,1732,1732,0,0,0,1732
0x4f1046,100%,0,5,5,0,0,0,5
0x44e457,100%,0,45,45,0,0,0,45
0x44e498,100%,0,3600,3600,3600,0,0,0
0x42a378,100%,0,4,4,4,0,0,0
0x469716,100%,0,1,1,0,0,0,1
0x49c819,100%,0,2,2,0,0,0,2
0x460cf9,100%,0,13,13,0,0,0,13
0x4a1abe,100%,0,1,1,0,0,0,1
0x4c96c9,100%,0,1874,1874,0,0,0,1874
0x460cfe,100%,0,13,13,13,0,0,0
0x4c97e9,100%,0,3,3,0,0,0,3
0x4a71f5,100%,0,3,3,0,0,0,3
0x4611d4,100%,0,4,4,4,0,0,0
0x460c9c,100%,0,13,13,13,0,0,0
0x42a3a6,100%,0,4,4,0,0,0,4
0x42a3ab,100%,0,4,4,4,0,0,0
0x41a6cb,100%,0,1,1,0,0,0,1
0x473fe9,100%,0,1,1,0,0,0,1
0x437d69,100%,0,19,19,0,0,0,19
0x4a1e88,100%,0,1,1,0,0,0,1
0x4ac7a9,100%,0,28,28,0,0,0,28
0x4a2093,100%,0,1,1,1,0,0,0
0x4016e3,100%,0,5,5,0,0,0,5
0x43ed7e,100%,0,61,61,0,0,0,61
0x44b7a2,100%,0,6164,6164,6164,0,0,0
0x4ab9b4,100%,0,1,1,0,0,0,1
0x49be07,100%,0,3,3,0,0,0,3
0x4ab9c5,100%,0,1,1,0,0,0,1
0x439d36,100%,0,4,4,4,0,0,0
0x49fa24,100%,0,11,11,0,0,0,11
0x43c7f8,100%,0,4,4,0,0,0,4
0x433fda,100%,0,38,38,38,0,0,0
0x4444f2,100%,0,4880,4880,4880,0,0,0
0x4f0ab1,100%,0,1,1,1,0,0,0
0x4c99a4,100%,0,3,3,0,0,0,3
0x45f095,100%,0,6,6,6,0,0,0
0x4a15fd,100%,0,1,1,0,0,0,1
0x43c801,100%,0,4,4,0,0,0,4
0x401a1b,100%,0,4,4,4,0,0,0
0x4a71e8,100%,0,3,3,0,0,0,3
0x43ed4a,100%,0,2,2,0,0,0,2
0x4024e3,100%,0,8,8,4,0,0,4
0x45f96d,100%,0,4,4,4,0,0,0
0x463977,100%,0,10,10,10,0,0,0
0x469c0b,100%,0,1,1,0,0,0,1
0x4634f2,100%,0,9,9,9,0,0,0
0x41434f,100%,0,3464,3464,3422,0,0,42
0x49c6c5,100%,0,11,11,0,0,0,11
0x47c829,100%,0,3,3,3,0,0,0
0x4012d4,100%,0,3,3,0,0,0,3
0x4012f0,100%,0,3,3,0,0,0,3
0x47cd41,100%,0,2,2,0,0,0,2
0x469d7a,100%,0,1,1,0,0,0,1
0x43ec96,100%,0,2,2,0,0,0,2
0x43df39,100%,0,1,1,1,0,0,0
0x416875,100%,0,1,1,0,0,0,1
0x463a91,100%,0,10,10,10,0,0,0
0x437d55,100%,0,19,19,0,0,0,19
0x402406,100%,0,4,4,0,0,0,4
0x49c6f9,100%,0,11,11,0,0,0,11
0x4ac4d0,100%,0,1,1,0,0,0,1
0x49c434,100%,0,14,14,0,0,0,14
0x463b73,100%,0,10,10,10,0,0,0
0x47cd58,100%,0,2,2,0,0,0,2
0x47af0e,100%,0,1,1,0,0,0,1
0x47b020,100%,0,1,1,1,0,0,0
0x43ee59,100%,0,1,1,1,0,0,0
0x4a0bd7,100%,0,11,11,11,0,0,0
0x469e05,100%,0,1,1,1,0,0,0
0x427b39,100%,0,19,19,0,0,0,19
0x469733,100%,0,1,1,0,0,0,1
0x45dc93,100%,0,9,9,0,0,0,9
0x4ae543,100%,0,1,1,0,0,0,1
0x4a1b66,100%,0,1,1,0,0,0,1
0x4a12ef,100%,0,1,1,1,0,0,0
0x469b9b,100%,0,1,1,1,0,0,0
0x45dd9f,100%,0,9,9,0,0,0,9
0x45d35d,100%,0,10,10,0,0,0,10
0x4461e7,100%,0,6198,6198,0,0,0,6198
0x4332a3,100%,0,1732,1732,1732,0,0,0
0x47cd46,100%,0,2,2,0,0,0,2
0x469bef,100%,0,1,1,0,0,0,1
0x463477,100%,0,9,9,0,0,0,9
0x45ddc3,100%,0,9,9,0,0,0,9
0x49c783,100%,0,2,2,0,0,0,2
0x46e5bd,100%,0,1733,1733,1724,0,0,9
0x4555bc,100%,0,1,1,0,0,0,1
0x4c9683,100%,0,5339,5339,1875,0,0,3464
0x40e51e,100%,0,1264,1264,1185,0,0,79
0x47af10,100%,0,1,1,1,0,0,0
0x44af3d,100%,0,6202,6202,38,0,0,6164
0x411b3f,100%,0,304,304,266,0,0,38
0x40354c,100%,0,56000,56000,56000,0,0,0
0x4551cb,100%,0,1,1,1,0,0,0
0x40e6a0,100%,0,1264,1264,1185,0,0,79
0x43c3a7,100%,0,1733,1733,0,0,0,1733
0x41237a,100%,0,2,2,2,0,0,0
0x49bd41,100%,0,3,3,0,0,0,3
0x4129bf,100%,0,1750,1750,1748,0,0,2
0x46980d,100%,0,1,1,0,0,0,1
0x433a7e,100%,0,1714,1714,0,0,0,1714
0x42bb8c,100%,0,38,38,19,0,0,19
0x427b65,100%,0,19,19,19,0,0,0
0x445f60,100%,0,342,342,304,0,0,38
0x427b51,100%,0,19,19,0,0,0,19
0x44ac8b,100%,0,6202,6202,6198,0,0,4
0x40f74f,100%,0,27568,27568,24122,0,0,3446
0x427b5d,100%,0,19,19,0,0,0,19
0x46187b,100%,0,8,8,0,0,0,8
0x4556c2,100%,0,1,1,0,0,0,1
0x42bd95,100%,0,38,38,0,0,0,38
0x41e61f,100%,0,24,24,24,0,0,0
0x46e5a5,100%,0,1733,1733,0,0,0,1733
0x409f51,100%,0,19,19,0,0,0,19
0x413afd,100%,0,1732,1732,0,0,0,1732
0x43a563,100%,0,19,19,0,0,0,19
0x49fd0b,100%,0,11,11,11,0,0,0
0x4633b5,100%,0,13,13,13,0,0,0
0x433a76,100%,0,1714,1714,0,0,0,1714
0x46f5f4,100%,0,1,1,0,0,0,1
0x413b8c,100%,0,1732,1732,21,0,0,1711
0x42bb75,100%,0,38,38,0,0,0,38
0x445162,100%,0,4879,4879,0,0,0,4879
0x401f3b,100%,0,4,4,4,0,0,0
0x46e31d,100%,0,1733,1733,0,0,0,1733
0x445fa8,100%,0,6,6,0,0,0,6
0x46123c,100%,0,4,4,0,0,0,4
0x45dcf3,100%,0,9,9,0,0,0,9
0x46e1dc,100%,0,1733,1733,0,0,0,1733
0x471eca,100%,0,21,21,0,0,0,21
0x433f80,100%,0,38,38,0,0,0,38
0x43f011,100%,0,1,1,0,0,0,1
0x463745,100%,0,144,144,135,0,0,9
0x44acbb,100%,0,6198,6198,0,0,0,6198
0x413aed,100%,0,1732,1732,0,0,0,1732
0x469c74,100%,0,1,1,0,0,0,1
0x4024ef,100%,0,4,4,4,0,0,0
0x44ad5e,100%,0,6198,6198,6198,0,0,0
0x44aeed,100%,0,6202,6202,6202,0,0,0
0x427938,100%,0,2,2,0,0,0,2
0x45f88c,100%,0,19,19,19,0,0,0
0x4725e9,100%,0,1,1,0,0,0,1
0x413a84,100%,0,1711,1711,0,0,0,1711
0x4c9748,100%,0,10588,10588,0,0,0,10588
0x46e594,100%,0,1733,1733,4,0,0,1729
0x4129a9,100%,0,1752,1752,0,0,0,1752
0x46f0f0,100%,0,1,1,0,0,0,1
0x45ff10,100%,0,2,2,2,0,0,0
0x42bc0d,100%,0,38,38,0,0,0,38
0x4129a4,100%,0,1752,1752,0,0,0,1752
0x41e601,100%,0,24,24,24,0,0,0
0x46e024,100%,0,4,4,4,0,0,0
0x4339a3,100%,0,1733,1733,0,0,0,1733
0x414319,100%,0,3464,3464,3420,0,0,44
0x42799e,100%,0,102,102,0,0,0,102
0x43e024,100%,0,1,1,1,0,0,0
0x45e15c,100%,0,1733,1733,1733,0,0,0
0x45ef35,100%,0,76,76,0,0,0,76
0x44e538,100%,0,3600,3600,3600,0,0,0
0x43950f,100%,0,1733,1733,1733,0,0,0
0x42bb7e,100%,0,38,38,0,0,0,38
0x46e326,100%,0,1733,1733,0,0,0,1733
0x413ecb,100%,0,3422,3422,1711,0,0,1711
0x4a03a3,100%,0,1,1,0,0,0,1
0x46ec49,100%,0,1,1,0,0,0,1
0x404c03,100%,0,11810,11810,0,0,0,11810
0x4151b0,100%,0,1733,1733,1733,0,0,0
0x43365e,100%,0,1732,1732,1732,0,0,0
0x4340ca,100%,0,38,38,19,0,0,19
0x4482ca,100%,0,253,253,0,0,0,253
0x46e6b0,100%,0,4,4,4,0,0,0
0x433011,100%,0,1732,1732,0,0,0,1732
0x414980,100%,0,1732,1732,0,0,0,1732
0x41567a,100%,0,4,4,0,0,0,4
0x460bec,100%,0,1733,1733,1712,0,0,21
0x412609,100%,0,1748,1748,1748,0,0,0
0x4279e5,100%,0,102,102,102,0,0,0
0x433fd0,100%,0,38,38,0,0,0,38
0x42bc2c,100%,0,38,38,0,0,0,38
0x45eff4,100%,0,19,19,0,0,0,19
0x4a1fc3,100%,0,1,1,1,0,0,0
0x460e48,100%,0,4,4,4,0,0,0
0x43320c,100%,0,1732,1732,0,0,0,1732
0x4335dc,100%,0,1732,1732,0,0,0,1732
0x43de16,100%,0,1,1,0,0,0,1
0x4156bb,100%,0,13,13,0,0,0,13
0x4331e9,100%,0,1732,1732,1732,0,0,0
0x413ca0,100%,0,1732,1732,1732,0,0,0
0x40344b,100%,0,7000,7000,0,0,0,7000
0x4331e4,100%,0,1732,1732,0,0,0,1732
0x41498d,100%,0,5196,5196,0,0,0,5196
0x4409a5,100%,0,2,2,0,0,0,2
0x4331dc,100%,0,1732,1732,0,0,0,1732
0x46e50a,100%,0,1733,1733,1733,0,0,0
0x427a33,100%,0,102,102,0,0,0,102
0x43999b,100%,0,1733,1733,1733,0,0,0
0x433b71,100%,0,19,19,0,0,0,19
0x433194,100%,0,1732,1732,0,0,0,1732
0x4330da,100%,0,1732,1732,1732,0,0,0
0x47b2d1,100%,0,1,1,0,0,0,1
0x4278c7,100%,0,1,1,0,0,0,1
0x4278a4,100%,0,2,2,0,0,0,2
0x433ba4,100%,0,19,19,0,0,0,19
0x427882,100%,0,2,2,0,0,0,2
0x4152f0,100%,0,1733,1733,0,0,0,1733
0x427860,100%,0,2,2,0,0,0,2
0x463c2c,100%,0,10,10,0,0,0,10
0x43380b,100%,0,1732,1732,1732,0,0,0
0x42784f,100%,0,2,2,0,0,0,2
0x433a2d,100%,0,1733,1733,19,0,0,1714
0x4278f2,100%,0,2,2,0,0,0,2
0x42bc4f,100%,0,38,38,38,0,0,0
0x4381b9,100%,0,19,19,19,0,0,0
0x437d44,100%,0,19,19,0,0,0,19
0x42795e,100%,0,102,102,0,0,0,102
0x4156c1,100%,0,13,13,4,0,0,9
0x4279ae,100%,0,102,102,0,0,0,102
0x41513f,100%,0,1733,1733,1733,0,0,0
0x4394fe,100%,0,1733,1733,0,0,0,1733
0x42a77f,100%,0,3464,3464,0,0,0,3464
0x40b89d,100%,0,4880,4880,0,0,0,4880
0x4a1e17,100%,0,1,1,0,0,0,1
0x49c420,100%,0,14,14,0,0,0,14
0x469885,100%,0,1,1,0,0,0,1
0x471d75,100%,0,22,22,0,0,0,22
0x4ba80b,100%,0,1,1,0,0,0,1
0x415622,100%,0,1729,1729,0,0,0,1729
0x42a755,100%,0,3464,3464,0,0,0,3464
0x42bbcc,100%,0,38,38,0,0,0,38
0x414120,100%,0,1732,1732,1732,0,0,0
0x42bd4a,100%,0,38,38,0,0,0,38
0x433305,100%,0,1732,1732,21,0,0,1711
0x42bbee,100%,0,38,38,0,0,0,38
0x469789,100%,0,1,1,0,0,0,1
0x439d28,100%,0,19,19,15,0,0,4
0x45f9e1,100%,0,1733,1733,0,0,0,1733
0x47b250,100%,0,1,1,0,0,0,1
0x445ed6,100%,0,38,38,0,0,0,38
0x45555c,100%,0,1,1,0,0,0,1
0x40297d,100%,0,256,256,0,0,0,256
0x40b9bc,100%,0,4880,4880,0,0,0,4880
0x46fd8b,100%,0,1,1,0,0,0,1
0x404aed,100%,0,3465,3465,0,0,0,3465
0x42a500,100%,0,38,38,38,0,0,0
0x440877,100%,0,1,1,0,0,0,1
0x44af2e,100%,0,6202,6202,0,0,0,6202
0x45e503,100%,0,1714,1714,1714,0,0,0
0x471d7e,100%,0,22,22,0,0,0,22
0x43300c,100%,0,1732,1732,0,0,0,1732
0x471d48,100%,0,22,22,0,0,0,22
0x43350d,100%,0,1732,1732,0,0,0,1732
0x42bb4d,100%,0,38,38,0,0,0,38
0x407ee5,100%,0,152,152,133,0,0,19
0x4a1c03,100%,0,1,1,0,0,0,1
0x454b83,100%,0,1732,1732,0,0,0,1732
0x4bdcc9,100%,0,1,1,0,0,0,1
0x46e567,100%,0,1733,1733,1733,0,0,0
0x4ae423,100%,0,1,1,0,0,0,1
0x4a0fa3,100%,0,5,5,0,0,0,5
0x419c91,100%,0,4,4,4,0,0,0
0x455330,100%,0,1,1,0,0,0,1
0x414516,100%,0,3464,3464,1732,0,0,1732
0x41447d,100%,0,3464,3464,3422,0,0,42
0x4339c6,100%,0,1733,1733,1733,0,0,0
0x42bb5d,100%,0,38,38,0,0,0,38
0x414441,100%,0,3464,3464,3464,0,0,0
0x42798e,100%,0,102,102,0,0,0,102
0x413a95,100%,0,1711,1711,0,0,0,1711
0x47cbbe,100%,0,3,3,0,0,0,3
0x4452b1,100%,0,4,4,0,0,0,4
0x4a0a88,100%,0,1,1,0,0,0,1
0x4c96da,100%,0,1839,1839,1839,0,0,0
0x42796e,100%,0,102,102,0,0,0,102
0x4155d4,100%,0,1733,1733,1733,0,0,0
0x4343ef,100%,0,19,19,19,0,0,0
0x49bd93,100%,0,3,3,0,0,0,3
0x4c9694,100%,0,5339,5339,143,0,0,5196
0x43369f,100%,0,1732,1732,1732,0,0,0
0x43ebfa,100%,0,2,2,0,0,0,2
0x4029b1,100%,0,256,256,256,0,0,0
0x4149fb,100%,0,3464,3464,0,0,0,3464
0x47cbdc,100%,0,3,3,0,0,0,3
0x47cccf,100%,0,3,3,3,0,0,0
0x47b2ef,100%,0,1,1,0,0,0,1
0x46e0fb,100%,0,1732,1732,1732,0,0,0
0x45537f,100%,0,1,1,0,0,0,1
0x413e59,100%,0,1711,1711,0,0,0,1711
0x4ac7d4,100%,0,28,28,0,0,0,28
0x4156b5,100%,0,1733,1733,1720,0,0,13
0x43a589,100%,0,19,19,19,0,0,0
0x45554e,100%,0,1,1,0,0,0,1
0x43ed04,100%,0,2,2,2,0,0,0
0x4149ad,100%,0,5196,5196,1732,0,0,3464
0x4017a3,100%,0,2,2,2,0,0,0
0x43a56f,100%,0,19,19,0,0,0,19
0x401554,100%,0,1,1,0,0,0,1
0x49c3f1,100%,0,14,14,0,0,0,14
0x415042,100%,0,1733,1733,1733,0,0,0
0x455114,100%,0,1,1,1,0,0,0
0x45e0c4,100%,0,1733,1733,1733,0,0,0
0x455156,100%,0,1,1,1,0,0,0
0x41511d,100%,0,1733,1733,0,0,0,1733
0x41e970,100%,0,1,1,1,0,0,0
0x463450,100%,0,9,9,9,0,0,0
0x4551ac,100%,0,1,1,0,0,0,1
0x415183,100%,0,1733,1733,1733,0,0,0
0x415337,100%,0,1733,1733,0,0,0,1733
0x4145f4,100%,0,1732,1732,1732,0,0,0
0x413a4a,100%,0,1732,1732,21,0,0,1711
0x43c7e6,100%,0,4,4,0,0,0,4
0x4147da,100%,0,5196,5196,5196,0,0,0
0x4335e5,100%,0,1732,1732,1732,0,0,0
0x427b45,100%,0,19,19,0,0,0,19
0x4339b4,100%,0,1733,1733,0,0,0,1733
0x45ed6b,100%,0,15,15,0,0,0,15
0x42ac82,100%,0,1733,1733,0,0,0,1733
0x40e59c,100%,0,1264,1264,1185,0,0,79
0x45f036,100%,0,6,6,6,0,0,0
0x4ac744,100%,0,1,1,0,0,0,1
0x454f94,100%,0,1,1,0,0,0,1
0x445f80,100%,0,38,38,0,0,0,38
0x46f7a9,100%,0,1,1,0,0,0,1
0x4c9788,100%,0,1094,1094,76,0,0,1018
0x44afd1,100%,0,6164,6164,0,0,0,6164
0x4279bf,100%,0,102,102,0,0,0,102
0x4330ba,100%,0,1732,1732,1732,0,0,0
0x4c971e,100%,0,1094,1094,0,0,0,1094
0x4bdc9a,100%,0,1,1,1,0,0,0
0x424551,100%,0,1,1,0,0,0,1
0x46e339,100%,0,853,853,0,0,0,853
0x460df8,100%,0,13,13,13,0,0,0
0x4129ae,100%,0,1752,1752,0,0,0,1752
0x413b2d,100%,0,1732,1732,0,0,0,1732
0x42a547,100%,0,38,38,38,0,0,0
0x4145cc,100%,0,1732,1732,1732,0,0,0
0x4152f6,100%,0,1733,1733,9,0,0,1724
0x46fec5,100%,0,1,1,1,0,0,0
0x414f5f,100%,0,1733,1733,1733,0,0,0
0x455578,100%,0,1,1,0,0,0,1
0x43a3f6,100%,0,19,19,19,0,0,0
0x455663,100%,0,1,1,0,0,0,1
0x4556fd,100%,0,1,1,0,0,0,1
0x46e619,100%,0,1733,1733,0,0,0,1733
0x46e354,100%,0,13,13,13,0,0,0
0x460e13,100%,0,11,11,11,0,0,0
0x4557d7,100%,0,1,1,1,0,0,0
0x433a04,100%,0,1733,1733,0,0,0,1733
0x46e638,100%,0,1733,1733,1733,0,0,0
0x45ff8b,100%,0,1,1,1,0,0,0
0x4bda5c,100%,0,3,3,3,0,0,0
0x4a7226,100%,0,3,3,3,0,0,0
0x469dca,100%,0,1,1,0,0,0,1
0x413c3f,100%,0,1710,1710,0,0,0,1710
0x4279e1,100%,0,102,102,0,0,0,102
0x44e685,100%,0,3600,3600,0,0,0,3600
0x42bc7a,100%,0,38,38,0,0,0,38
0x4bdbc5,100%,0,2,2,2,0,0,0
0x41ea86,100%,0,1,1,0,0,0,1
0x454f7f,100%,0,1,1,0,0,0,1
0x46e20a,100%,0,1733,1733,1733,0,0,0
0x4a22b1,100%,0,1,1,0,0,0,1
0x43a3c1,100%,0,19,19,19,0,0,0
0x40e61c,100%,0,1264,1264,1185,0,0,79
0x42ab02,100%,0,1726,1726,1726,0,0,0
0x44528d,100%,0,4,4,0,0,0,4
0x403f48,100%,0,5420,5420,0,0,0,5420
0x402d24,100%,0,28643,28643,28643,0,0,0
0x463a56,100%,0,10,10,0,0,0,10
0x4383fd,100%,0,19,19,0,0,0,19
0x4142bf,100%,0,3464,3464,3464,0,0,0
0x461723,100%,0,4,4,4,0,0,0
0x43f4c9,100%,0,15,15,0,0,0,15
0x460df3,100%,0,13,13,0,0,0,13
0x42abad,100%,0,1733,1733,1733,0,0,0
0x4a22b9,100%,0,1,1,0,0,0,1
0x460c0c,100%,0,1733,1733,1733,0,0,0
0x41455f,100%,0,1732,1732,0,0,0,1732
0x45e546,100%,0,19,19,0,0,0,19
0x41e6cc,100%,0,1,1,1,0,0,0
0x4a2029,100%,0,1,1,0,0,0,1
0x439995,100%,0,1733,1733,0,0,0,1733
0x427893,100%,0,2,2,0,0,0,2
0x44e428,100%,0,1,1,0,0,0,1
0x43c813,100%,0,2,2,0,0,0,2
0x42aac6,100%,0,1733,1733,1733,0,0,0
0x413d32,100%,0,1732,1732,1711,0,0,21
0x46e585,100%,0,1733,1733,0,0,0,1733
0x413c28,100%,0,1710,1710,0,0,0,1710
0x4340a4,100%,0,19,19,19,0,0,0
0x43eb8a,100%,0,2,2,2,0,0,0
0x49c570,100%,0,9,9,9,0,0,0
0x415364,100%,0,1733,1733,0,0,0,1733
0x45f955,100%,0,19,19,0,0,0,19
0x4344f3,100%,0,19,19,19,0,0,0
0x437f49,100%,0,19,19,19,0,0,0
0x414ab2,100%,0,1732,1732,0,0,0,1732
0x413b39,100%,0,1732,1732,0,0,0,1732
0x4a238c,100%,0,1,1,0,0,0,1
0x4a2185,100%,0,1,1,0,0,0,1
0x47c822,100%,0,3,3,3,0,0,0
0x4a152b,100%,0,1,1,0,0,0,1
0x4153b8,100%,0,1733,1733,1733,0,0,0
0x460e01,100%,0,13,13,0,0,0,13
0x413ed8,100%,0,1732,1732,1732,0,0,0
0x42a8fe,100%,0,1733,1733,1733,0,0,0
0x42454a,100%,0,1,1,0,0,0,1
0x433aba,100%,0,1714,1714,1714,0,0,0
0x415504,100%,0,1733,1733,0,0,0,1733
0x412950,100%,0,1752,1752,1752,0,0,0
0x41f885,100%,0,1,1,1,0,0,0
0x414520,100%,0,1732,1732,0,0,0,1732
0x433e78,100%,0,38,38,38,0,0,0
0x46e398,100%,0,13,13,0,0,0,13
0x43df78,100%,0,1,1,1,0,0,0
0x404bd7,100%,0,3465,3465,3465,0,0,0
0x414fca,100%,0,1733,1733,1733,0,0,0
0x49c1e5,100%,0,2,2,0,0,0,2
0x439937,100%,0,1733,1733,1714,0,0,19
0x4125ef,100%,0,1748,1748,1748,0,0,0
0x460de6,100%,0,13,13,0,0,0,13
0x44094e,100%,0,2,2,2,0,0,0
0x45fedc,100%,0,2,2,0,0,0,2
0x45e1b3,100%,0,1733,1733,0,0,0,1733
0x49be9c,100%,0,3,3,3,0,0,0
0x4a2cd3,100%,0,1,1,1,0,0,0
0x4155ff,100%,0,1733,1733,0,0,0,1733
0x403b58,100%,0,1771,1771,0,0,0,1771
0x455091,100%,0,1,1,0,0,0,1
0x42797e,100%,0,102,102,0,0,0,102
0x433770,100%,0,1732,1732,1732,0,0,0
0x4155a6,100%,0,1733,1733,0,0,0,1733
0x4ba7f8,100%,0,1,1,0,0,0,1
0x43a4cb,100%,0,76,76,76,0,0,0
0x404ca7,100%,0,11810,11810,11810,0,0,0
0x42a660,100%,0,1732,1732,0,0,0,1732
0x4a2363,100%,0,1,1,0,0,0,1
0x4a23d2,100%,0,4,4,0,0,0,4
0x4a2990,100%,0,1,1,1,0,0,0
0x40ba9d,100%,0,4880,4880,0,0,0,4880
0x404bce,100%,0,6930,6930,3465,0,0,3465
0x4a2f60,100%,0,1,1,0,0,0,1
0x413b44,100%,0,1732,1732,0,0,0,1732
0x4a29fb,100%,0,1,1,0,0,0,1
0x426641,100%,0,27980,27980,0,0,0,27980
0x49c1ea,100%,0,2,2,2,0,0,0
0x461120,100%,0,4,4,4,0,0,0
0x4f0bd6,100%,0,2,2,0,0,0,2
0x4bdea7,100%,0,1,1,0,0,0,1
0x45fdfd,100%,0,2,2,2,0,0,0
0x42a653,100%,0,1732,1732,0,0,0,1732
0x4a08fc,100%,0,1,1,0,0,0,1
0x463845,100%,0,9,9,9,0,0,0
