Branch PC,Accuracy,Mispredictions,Correct Predictions,Total,dir_t_pred_t,dir_t_pred_nt,dir_nt_pred_t,dir_nt_pred_nt
aggregate,98.2106%,123723,6790594,6914317,3954184,60097,63626,2836410
0x41e591,85.105%,8892,50806,59698,41151,2997,5895,9655
0x41e5cf,90.1906%,5856,53842,59698,53612,457,5399,230
0x429c82,90.4894%,4619,43948,48567,4545,2921,1698,39403
0x429c2f,90.5738%,4578,43989,48567,4679,2931,1647,39310
0x429be2,92.9246%,4188,55003,59191,4179,2508,1680,50824
0x429b8e,82.1912%,3685,17007,20692,2741,2405,1280,14266
0x463a56,70.3175%,3328,7884,11212,1536,2167,1161,6348
0x45ed2a,79.3187%,2902,11130,14032,9976,691,2211,1154
0x429bfc,94.669%,2799,49705,52504,2188,1749,1050,47517
0x429ab4,85.4238%,2710,15882,18592,2055,1673,1037,13827
0x445f99,79.948%,2621,10450,13071,3270,1610,1011,7180
0x429dc2,88.9326%,2449,19679,22128,3969,1365,1084,15710
0x429bc6,96.438%,2215,59969,62184,1502,1491,724,58467
0x463c2c,72.1459%,2108,5460,7568,2272,947,1161,3188
0x463b73,73.6258%,1996,5572,7568,4753,686,1310,819
0x463702,63.1965%,1506,2586,4092,264,1103,403,2322
0x429a26,96.9619%,1504,48000,49504,626,1096,408,47374
0x427c15,86.4463%,1304,8317,9621,1987,941,363,6330
0x463a91,82.9405%,1281,6228,7509,3746,544,737,2482
0x446639,67.1734%,1274,2607,3881,660,883,391,1947
0x41e67e,85.4071%,1242,7269,8511,7211,225,1017,58
0x43a53a,73.8272%,1127,3179,4306,1588,414,713,1591
0x4636c8,88.9479%,1061,8539,9600,5024,484,577,3515
0x463bb5,65.8912%,997,1926,2923,1616,286,711,310
0x429ac2,93.3262%,992,13872,14864,13186,290,702,686
0x426cce,48.1582%,957,889,1846,540,464,493,349
0x426ca7,48.6999%,947,899,1846,470,474,473,429
0x426c80,49.1333%,939,907,1846,537,425,514,370
0x45edad,93.5647%,903,13129,14032,10168,356,547,2961
0x446034,93.1375%,897,12174,13071,11233,274,623,941
0x426c57,52.3294%,880,966,1846,533,424,456,433
0x463b98,58.8539%,876,1253,2129,649,459,417,604
0x4279f5,73.4607%,875,2422,3297,239,582,293,2183
0x402828,93.9379%,837,12970,13807,7783,455,382,5187
0x429a34,98.2734%,825,46957,47782,46367,264,561,590
0x42a014,90.7434%,782,7666,8448,659,479,303,7007
0x45efeb,78.1072%,768,2740,3508,2486,145,623,254
0x433027,68.7767%,730,1608,2338,1451,218,512,157
0x4279ae,79.2913%,713,2730,3443,90,520,193,2640
0x429d35,98.9386%,660,61524,62184,46349,289,371,15175
0x4279e1,86.074%,636,3931,4567,111,482,154,3820
0x429b06,85.0799%,635,3621,4256,1871,257,378,1750
0x45f2a3,81.5179%,621,2739,3360,2444,210,411,295
0x463650,61.0332%,611,957,1568,605,277,334,352
0x463da2,65.8493%,571,1101,1672,415,314,257,686
0x44ac5d,63.6189%,569,995,1564,569,302,267,426
0x463745,94.1354%,563,9037,9600,8930,70,493,107
0x429aeb,96.8633%,534,16490,17024,12587,181,353,3903
0x404f3c,99.92%,516,644780,645296,644780,20,496,0
0x45db5e,51.2695%,499,525,1024,216,296,203,309
0x45faf4,92.3137%,491,5897,6388,5840,85,406,57
0x429d4f,97.7093%,474,20218,20692,15416,103,371,4802
0x45da5f,53.4908%,453,521,974,341,208,245,180
0x446186,71.3555%,448,1116,1564,664,253,195,452
0x4634d7,80.857%,411,1736,2147,1710,78,333,26
0x427bb5,78.9851%,410,1541,1951,629,162,248,912
0x42a125,95.6078%,409,8903,9312,8692,38,371,211
0x45d2a8,64.5833%,408,744,1152,490,154,254,254
0x428700,80.7544%,398,1670,2068,1179,176,222,491
0x42a031,94.5828%,396,6914,7310,517,254,142,6397
0x45fb49,93.6108%,396,5802,6198,5700,138,258,102
0x4340a0,59.9581%,382,572,954,291,186,196,281
0x428f02,81.3235%,381,1659,2040,1111,238,143,548
0x463db7,59.7031%,380,563,943,191,233,147,372
0x401a1b,76.2087%,374,1198,1572,579,194,180,619
0x4279e5,90.614%,373,3601,3974,2461,138,235,1140
0x463dec,64.7399%,366,672,1038,611,100,266,61
0x44b95b,66.3904%,365,721,1086,188,222,143,533
0x46334e,57.2954%,360,483,843,337,229,131,146
0x402ac0,99.5977%,359,88881,89240,83634,37,322,5247
0x429e05,97.8839%,353,16329,16682,104,277,76,16225
0x46349a,58.1481%,339,471,810,305,146,193,166
0x42a0d2,95.4172%,335,6975,7310,366,197,138,6609
0x46336c,61.3286%,326,517,843,309,202,124,208
0x42a755,90.1116%,319,2907,3226,259,182,137,2648
0x463477,60.7407%,318,492,810,80,193,125,412
0x4299e6,99.3009%,317,45028,45345,679,226,91,44349
0x45fbaa,94.8167%,311,5689,6000,5655,42,269,34
0x427a07,87.5202%,309,2167,2476,1782,140,169,385
0x429985,99.3395%,308,46323,46631,574,226,82,45749
0x42a547,84.2857%,308,1652,1960,1125,162,146,527
0x45fd61,88.0591%,307,2264,2571,2138,119,188,126
0x42aaf4,80.875%,306,1294,1600,220,156,150,1074
0x463754,62.963%,300,510,810,158,166,134,352
0x44605b,80.9463%,298,1266,1564,331,212,86,935
0x463415,72.1747%,293,760,1053,470,125,168,290
0x429c34,99.3041%,285,40672,40957,2043,160,125,38629
0x427bf2,89.4639%,283,2403,2686,48,202,81,2355
0x4152f0,86.9831%,277,1851,2128,340,157,120,1511
0x41e741,56.8966%,275,363,638,235,115,160,128
0x45fbfc,95.4017%,269,5581,5850,5546,67,202,35
0x4290da,88.0984%,266,1969,2235,1516,113,153,453
0x4289da,88.1879%,264,1971,2235,1495,142,122,476
0x429eb7,98.4181%,264,16425,16689,209,165,99,16216
0x4482a9,83.1841%,263,1301,1564,852,70,193,449
0x429e21,98.4479%,253,16048,16301,84,187,66,15964
0x45f00c,54.0835%,253,298,551,197,114,139,101
0x426d24,94.1925%,251,4071,4322,1535,122,129,2536
0x42a54c,62.7043%,251,422,673,229,101,150,193
0x45d437,78.6458%,246,906,1152,514,62,184,392
0x429ad3,98.6822%,245,18347,18592,13877,67,178,4470
0x429ed7,98.5106%,243,16072,16315,116,161,82,15956
0x429fec,97.3949%,238,8898,9136,311,120,118,8587
0x45ed6b,92.9569%,237,3128,3365,821,161,76,2307
0x42a77f,91.526%,236,2549,2785,194,156,80,2355
0x45f036,58.8022%,227,324,551,195,90,137,129
0x43c33f,72.9665%,226,610,836,313,106,120,297
0x43a589,79.3928%,224,863,1087,788,87,137,75
0x463798,53.9095%,224,262,486,59,129,95,203
0x427b51,73.317%,218,599,817,31,150,68,568
0x45f064,60.7985%,216,335,551,188,103,113,147
0x428c9f,90.5145%,212,2023,2235,1530,108,104,493
0x45d759,91.2252%,212,2204,2416,2187,36,176,17
0x41511d,91.018%,210,2128,2338,77,133,77,2051
0x45d940,79.4922%,210,814,1024,783,63,147,31
0x45d341,59.252%,207,301,508,221,123,84,80
0x42799e,94.3858%,202,3396,3598,6,149,53,3390
0x428ab6,91.0067%,201,2034,2235,1476,84,117,558
0x428da3,91.4224%,199,2121,2320,1938,102,97,183
0x41e79e,64.4928%,196,356,552,76,114,82,280
0x42869e,91.7722%,195,2175,2370,103,107,88,2072
0x45f2d2,72.3796%,195,511,706,383,102,93,128
0x429de5,98.8508%,193,16601,16794,9,103,90,16592
0x413c34,91.3863%,192,2037,2229,69,111,81,1968
0x4634f2,76.5432%,190,620,810,517,83,107,103
0x45ef35,94.6693%,187,3321,3508,924,102,85,2397
0x427be6,93.5143%,184,2653,2837,10,141,43,2643
0x429fc7,98.067%,180,9132,9312,63,113,67,9069
0x429a06,99.595%,180,44260,44440,336,112,68,43924
0x427b5d,71.8553%,179,457,636,31,114,65,426
0x45f2f8,94.7024%,178,3182,3360,3131,19,159,51
0x42a620,75.419%,176,540,716,136,86,90,404
0x413b39,92.2055%,176,2082,2258,82,98,78,2000
0x4291cb,92.17%,175,2060,2235,1481,67,108,579
0x42897a,92.8333%,172,2228,2400,66,99,73,2162
0x41e724,62.8319%,168,284,452,88,76,92,196
0x401cc6,98.6937%,167,12617,12784,11979,6,161,638
0x42a00a,98.093%,166,8539,8705,150,107,59,8389
0x413bcc,92.5976%,165,2064,2229,75,105,60,1989
0x4293c3,92.6174%,165,2070,2235,1536,93,72,534
0x44a9d7,89.7698%,160,1404,1564,209,82,78,1195
0x463809,67.6955%,157,329,486,75,79,78,254
0x463dbd,69.9422%,156,363,519,95,97,59,268
0x45d1f1,82.3462%,155,723,878,218,84,71,505
0x429f3a,99.3131%,152,21976,22128,16557,39,113,5419
0x429c94,99.6326%,151,40950,41101,2089,80,71,38861
0x45ff50,94.0943%,149,2374,2523,1166,107,42,1208
0x460e13,65.0943%,148,276,424,49,84,64,227
0x45d1c4,83.2574%,147,731,878,24,94,53,707
0x4299c7,99.6808%,146,45592,45738,291,102,44,45301
0x45f095,73.5027%,146,405,551,218,77,69,187
0x45f96d,85.9768%,145,889,1034,476,92,53,413
0x45fbcf,54.4554%,138,165,303,87,63,75,78
0x45d6d2,86.6211%,137,887,1024,321,99,38,566
0x42a551,62.9738%,127,216,343,76,65,62,140
0x4278b5,66.129%,126,246,372,149,74,52,97
0x429a78,99.0652%,125,13247,13372,160,96,29,13087
0x45dc08,78.9474%,124,465,589,323,35,89,142
0x41560a,94.6963%,124,2214,2338,737,54,70,1477
0x4638a7,66.8478%,122,246,368,203,60,62,43
0x4299a1,99.7404%,119,45712,45831,23,59,60,45689
0x42797e,96.8725%,116,3593,3709,5,81,35,3588
0x45d7c0,95.2401%,115,2301,2416,1777,35,80,524
0x434e92,84.4138%,113,612,725,77,70,43,535
0x42a62b,77.1255%,113,381,494,20,78,35,361
0x461ceb,84.2179%,113,603,716,269,89,24,334
0x45effd,87.1152%,113,764,877,266,60,53,498
0x45fc3a,98.0769%,110,5610,5720,4398,24,86,1212
0x434e9b,80.9689%,110,468,578,24,74,36,444
0x463692,92.9847%,110,1458,1568,1458,12,98,0
0x438406,74.2243%,108,311,419,277,41,67,34
0x42a3ee,87.5598%,104,732,836,695,37,67,37
0x427916,79.8839%,104,413,517,13,67,37,400
0x429e92,99.3867%,103,16691,16794,43,62,41,16648
0x42ab02,91.9118%,99,1125,1224,957,55,44,168
0x45dcf3,76.9953%,98,328,426,83,48,50,245
0x427bda,96.653%,98,2830,2928,35,56,42,2795
0x460df8,77.6256%,98,340,438,50,63,35,290
0x463263,90.7882%,97,956,1053,142,68,29,814
0x42a556,51.9802%,97,105,202,94,36,61,11
0x42a833,72.5714%,96,254,350,55,60,36,199
0x463605,56.6667%,91,119,210,46,66,25,73
0x460e48,78.487%,91,332,423,307,51,40,25
0x4278d0,78.7589%,89,330,419,179,51,38,151
0x46e32e,96.2773%,87,2250,2337,1157,54,33,1093
0x46188f,87.8492%,87,629,716,263,50,37,366
0x439d28,82.1803%,85,392,477,66,53,32,326
0x463ae2,98.7865%,84,6838,6922,6838,25,59,0
0x434eb7,82.7083%,83,397,480,5,53,30,392
0x45fb71,77.7778%,80,280,360,121,41,39,159
0x4129b6,96.8675%,78,2412,2490,619,43,35,1793
0x45f97b,83.2618%,78,388,466,367,16,62,21
0x429a5e,99.4286%,77,13399,13476,54,50,27,13345
0x4c9657,99.687%,75,23886,23961,4533,44,31,19353
0x42a8e5,97.6751%,75,3151,3226,1594,19,56,1557
0x4611d4,79.3296%,74,284,358,249,64,10,35
0x415337,96.8349%,74,2264,2338,550,45,29,1714
0x45f968,93.2904%,73,1015,1088,2,52,21,1013
0x427b45,91.8699%,70,791,861,3,41,29,788
0x4482ae,89.2523%,69,573,642,115,50,19,458
0x460e1e,85.4737%,69,406,475,399,24,45,7
0x463845,86.0082%,68,418,486,414,26,42,4
0x40fd91,99.9829%,66,385694,385760,289283,37,29,96411
0x45d85d,96.0714%,66,1614,1680,1606,16,50,8
0x463d02,68.5714%,66,144,210,7,49,17,137
0x4383fd,86.1635%,66,411,477,2,56,10,409
0x434ec0,84.5972%,65,357,422,355,16,49,2
0x42947c,97.2917%,65,2335,2400,2335,35,30,0
0x45fb19,85.9611%,65,398,463,144,46,19,254
0x45fdaf,79.2994%,65,249,314,5,43,22,244
0x445f60,99.5104%,64,13007,13071,11482,25,39,1525
0x42a844,44.3478%,64,51,115,36,40,24,15
0x43c801,82.4022%,63,295,358,10,35,28,285
0x414319,98.4308%,62,3889,3951,3719,24,38,170
0x460df3,87.1579%,61,414,475,1,36,25,413
0x4278f2,87.976%,60,439,499,3,35,25,436
0x46e5bd,97.5192%,58,2280,2338,1531,34,24,749
0x4286a9,97.3148%,58,2102,2160,52,40,18,2050
0x40d054,99.9689%,58,186726,186784,175061,49,9,11665
0x45fc21,76.3713%,56,181,237,89,41,15,92
0x463428,87.7729%,56,402,458,212,31,25,190
0x41e834,89.8551%,56,496,552,68,32,24,428
0x40583b,99.9766%,54,230346,230400,230038,2,52,308
0x4613df,74.7619%,53,157,210,77,9,44,80
0x45fcb0,80.9353%,53,225,278,174,20,33,51
0x41e601,99.0762%,52,5577,5629,5577,24,28,0
0x460e0e,88.6957%,52,408,460,4,32,20,404
0x463450,93.9506%,49,761,810,589,11,38,172
0x42a3f3,52.8846%,49,55,104,9,29,20,46
0x463bbb,97.6984%,49,2080,2129,2,26,23,2078
0x45d94f,72.4719%,49,129,178,122,6,43,7
0x4638e2,86.9565%,48,320,368,319,3,45,1
0x434369,89.9787%,47,422,469,420,13,34,2
0x461406,62.0968%,47,77,124,15,30,17,62
0x40f74f,99.7764%,46,20522,20568,17955,42,4,2567
0x426641,99.8999%,46,45906,45952,0,0,46,45906
0x43c80a,85.3035%,46,267,313,259,17,29,8
0x427923,89.4737%,46,391,437,214,13,33,177
0x4bda62,97.7789%,43,1893,1936,932,36,7,961
0x42907a,98.2083%,43,2357,2400,129,36,7,2228
0x4c9772,99.7419%,42,16230,16272,12709,11,31,3521
0x429a46,99.9152%,42,49462,49504,37123,5,37,12339
0x43840f,59.4059%,41,60,101,38,21,20,22
0x4298e5,99.1515%,41,4791,4832,4200,28,13,591
0x402d24,99.5023%,41,8197,8238,8197,41,0,0
0x42796e,98.9285%,40,3693,3733,2,22,18,3691
0x403b2e,99.9343%,40,60824,60864,53247,9,31,7577
0x41e61f,99.2858%,40,5561,5601,5561,10,30,0
0x429a91,99.7027%,39,13077,13116,58,21,18,13019
0x42a3fd,42.4242%,38,28,66,10,24,14,18
0x4278a4,90.3797%,38,357,395,3,20,18,354
0x42bb8c,97.5703%,38,1526,1564,1076,11,27,450
0x414288,99.0382%,38,3913,3951,3728,14,24,185
0x44665e,98.4175%,37,2301,2338,0,21,16,2301
0x4540cd,98.4175%,37,2301,2338,2301,7,30,0
0x413bf3,98.4057%,36,2222,2258,0,29,7,2222
0x45f9a2,33.3333%,36,18,54,16,36,0,2
0x42798e,99.0063%,36,3587,3623,0,25,11,3587
0x45f989,57.8313%,35,48,83,39,11,24,9
0x413b8c,98.4942%,34,2224,2258,0,29,5,2224
0x460bec,98.5458%,34,2304,2338,2304,4,30,0
0x427b86,95.7016%,34,757,791,2,25,9,755
0x45d8b4,97.9762%,34,1646,1680,1252,8,26,394
0x42a71d,98.9771%,33,3193,3226,3021,7,26,172
0x45ddc3,92.1615%,33,388,421,176,14,19,212
0x41b2f6,99.8591%,33,23391,23424,17541,27,6,5850
0x4c9717,99.3009%,32,4545,4577,940,21,11,3605
0x42a8fe,98.0161%,32,1581,1613,1571,29,3,10
0x4292a1,98.5682%,32,2203,2235,1520,28,4,683
0x45d14f,96.4652%,31,846,877,0,0,31,846
0x418c49,65.5556%,31,59,90,59,1,30,0
0x4056c0,93.75%,31,465,496,465,1,30,0
0x416bc5,64.3678%,31,56,87,55,3,28,1
0x41e6cc,97.191%,30,1038,1068,1038,25,5,0
0x45d136,97.2401%,30,1057,1087,188,22,8,869
0x4064db,99.9463%,30,55810,55840,51073,5,25,4737
0x46e619,98.7169%,30,2308,2338,188,22,8,2120
0x406370,99.9499%,28,55812,55840,20348,4,24,35464
0x41e86a,98.9007%,28,2519,2547,2519,17,11,0
0x4152f6,98.2833%,28,1603,1631,77,26,2,1526
0x44e6e6,99.2222%,28,3572,3600,3554,1,27,18
0x4299bb,99.941%,27,45722,45749,4,7,20,45718
0x42bb5d,97.1698%,27,927,954,182,16,11,745
0x42a500,98.6735%,26,1934,1960,1905,13,13,29
0x40e51e,99.9702%,26,87094,87120,81652,23,3,5442
0x46e34f,98.8879%,26,2312,2338,1123,14,12,1189
0x415406,87.619%,26,184,210,130,15,11,54
0x416dd4,89.2116%,26,215,241,139,12,14,76
0x427938,94.577%,25,436,461,61,19,6,375
0x45f302,88.0952%,25,185,210,87,11,14,98
0x403b0e,99.9951%,24,486888,486912,426033,15,9,60855
0x416de1,73.3333%,24,66,90,65,23,1,1
0x42a378,97.2488%,23,813,836,801,12,11,12
0x402a19,99.9742%,23,89217,89240,2162,14,9,87055
0x433305,99.0163%,23,2315,2338,11,19,4,2304
0x4129bf,98.7965%,22,1806,1828,1262,10,12,544
0x41447d,99.4432%,22,3929,3951,3887,13,9,42
0x463553,96.5%,21,579,600,579,21,0,0
0x46e18e,99.1018%,21,2317,2338,2305,3,18,12
0x46e61d,99.0132%,21,2107,2128,1616,15,6,491
0x42b3ae,74.3902%,21,61,82,59,10,11,2
0x414516,99.4938%,20,3931,3951,1599,14,6,2332
0x44a8eb,99.2453%,20,2630,2650,2630,20,0,0
0x45f88c,98.1601%,20,1067,1087,868,9,11,199
0x413d32,99.1873%,19,2319,2338,2305,3,16,14
0x46e880,99.1873%,19,2319,2338,2119,9,10,200
0x43a554,99.5588%,19,4287,4306,3210,9,10,1077
0x41696d,36.6667%,19,11,30,10,19,0,1
0x44ac8b,99.283%,19,2631,2650,1560,4,15,1071
0x40e61c,99.9793%,18,87102,87120,81658,17,1,5444
0x427882,95.6522%,18,396,414,0,15,3,396
0x4278fd,96.0954%,18,443,461,153,18,0,290
0x401aeb,99.867%,17,12767,12784,0,0,17,12767
0x4c9748,99.8959%,17,16319,16336,50,14,3,16269
0x428670,99.2917%,17,2383,2400,17,13,4,2366
0x414b10,99.2917%,17,2383,2400,15,15,2,2368
0x42a4b8,50%,17,17,34,8,12,5,9
0x428fa4,99.1667%,17,2023,2040,0,0,17,2023
0x414b92,99.2729%,17,2321,2338,193,17,0,2128
0x41e6ae,98.4186%,17,1058,1075,1058,10,7,0
0x445bfb,98.977%,16,1548,1564,1548,16,0,0
0x413a4a,99.3157%,16,2322,2338,16,14,2,2306
0x429965,99.906%,16,17008,17024,4644,4,12,12364
0x4156b5,99.0074%,16,1596,1612,1135,2,14,461
0x416e2a,82.2222%,16,74,90,72,15,1,2
0x40a62b,99.5652%,16,3664,3680,3216,4,12,448
0x415183,99.2951%,15,2113,2128,2113,15,0,0
0x41434f,99.6203%,15,3936,3951,3891,9,6,45
0x40e6a0,99.9828%,15,87105,87120,81660,15,0,5445
0x4bdb49,50%,15,15,30,2,8,7,13
0x4156c1,96.8421%,15,460,475,419,4,11,41
0x46e354,98.751%,15,1186,1201,1042,11,4,144
0x4c9683,99.9315%,15,21888,21903,17215,12,3,4673
0x42989e,99.6881%,15,4795,4810,13,13,2,4782
0x411b3f,99.8855%,15,13083,13098,11448,12,3,1635
0x4bdb6c,53.3333%,14,16,30,12,3,11,4
0x404f4f,97.1774%,14,482,496,0,0,14,482
0x404ad3,99.7006%,14,4662,4676,0,0,14,4662
0x405f53,53.3333%,14,16,30,15,14,0,1
0x471efa,53.3333%,14,16,30,0,0,14,16
0x429856,99.6875%,14,4466,4480,3915,5,9,551
0x4146e5,99.8004%,14,7000,7014,7000,14,0,0
0x4c965c,99.9361%,14,21889,21903,14875,13,1,7014
0x42abad,99.1321%,14,1599,1613,1599,14,0,0
0x4bdb59,53.3333%,14,16,30,16,2,12,0
0x4153b8,99.4012%,14,2324,2338,2126,2,12,198
0x433a2d,99.1315%,14,1598,1612,471,6,8,1127
0x46e1f3,99.444%,13,2325,2338,0,0,13,2325
0x44aeed,99.5094%,13,2637,2650,2637,13,0,0
0x42b7d0,90%,13,117,130,117,6,7,0
0x4151b0,99.444%,13,2325,2338,2325,13,0,0
0x411724,99.9896%,12,115188,115200,107998,2,10,7190
0x434269,97.4843%,12,465,477,0,8,4,465
0x42794e,99.6797%,12,3734,3746,0,8,4,3734
0x4297f8,99.7321%,12,4468,4480,2,5,7,4466
0x45ef1a,99.6579%,12,3496,3508,0,0,12,3496
0x4145cc,99.256%,12,1601,1613,1521,12,0,80
0x45f76e,94.0887%,12,191,203,94,11,1,97
0x4f34f5,62.5%,12,20,32,17,4,8,3
0x428ddb,95.7143%,12,268,280,0,0,12,268
0x429823,99.7314%,12,4455,4467,6,6,6,4449
0x42ab0a,94.8113%,11,201,212,79,3,8,122
0x45d962,78%,11,39,50,1,8,3,38
0x42bc4f,99.2829%,11,1523,1534,1523,2,9,0
0x45f918,98.989%,11,1077,1088,0,0,11,1077
0x40e59c,99.9874%,11,87109,87120,81664,11,0,5445
0x407ee5,99.874%,11,8717,8728,7627,10,1,1090
0x4298b4,99.7701%,11,4773,4784,8,6,5,4765
0x4613aa,94.7619%,11,199,210,1,1,10,198
0x429888,99.7724%,11,4821,4832,14,8,3,4807
0x4186af,97.043%,11,361,372,277,5,6,84
0x427b7a,98.7358%,10,781,791,0,0,10,781
0x416fa3,88.8889%,10,80,90,79,8,2,1
0x4353b9,98.3607%,10,600,610,600,10,0,0
0x40625a,99.9821%,10,55830,55840,0,0,10,55830
0x404bce,99.8931%,10,9342,9352,4666,10,0,4676
0x46351d,95.2381%,10,200,210,0,7,3,200
0x45d4f6,99.0234%,10,1014,1024,1014,10,0,0
0x428d41,99.5833%,10,2390,2400,77,3,7,2313
0x45dd9f,96.6102%,10,285,295,0,5,5,285
0x413ecb,99.7436%,10,3890,3900,1586,6,4,2304
0x43320c,99.6151%,9,2329,2338,0,0,9,2329
0x433770,99.442%,9,1604,1613,1604,9,0,0
0x427871,97.852%,9,410,419,0,5,4,410
0x42b3c4,30.7692%,9,4,13,3,2,7,1
0x427a33,99.7735%,9,3965,3974,818,3,6,3147
0x42795e,99.7592%,9,3729,3738,0,5,4,3729
0x43511e,98.5246%,9,601,610,601,9,0,0
0x45fdba,96.6165%,9,257,266,257,2,7,0
0x41e8b6,18.1818%,9,2,11,1,9,0,1
0x43de79,99.75%,9,3591,3600,3552,3,6,39
0x439471,99.6149%,9,2328,2337,2328,9,0,0
0x42bd4a,99.4246%,9,1555,1564,0,9,0,1555
0x42980d,99.7988%,9,4464,4473,0,6,3,4464
0x4c96c9,99.9478%,9,17217,17226,0,0,9,17217
0x4bda5c,99.5361%,9,1931,1940,2,2,7,1929
0x45f715,96.1905%,8,202,210,0,7,1,202
0x43c29d,99.0431%,8,828,836,828,8,0,0
0x426639,99.9826%,8,45944,45952,0,0,8,45944
0x460d6e,98.6159%,8,570,578,140,5,3,430
0x42bc2c,99.4785%,8,1526,1534,0,6,2,1526
0x46e567,99.6578%,8,2330,2338,2123,5,3,207
0x439932,99.6577%,8,2329,2337,115,0,8,2214
0x427893,97.995%,8,391,399,0,4,4,391
0x45ecc0,99.943%,8,14024,14032,14024,8,0,0
0x404f97,98.3871%,8,488,496,488,8,0,0
0x428a99,99.6421%,8,2227,2235,0,0,8,2227
0x405216,98.3871%,8,488,496,0,0,8,488
0x4c96aa,99.9635%,8,21895,21903,4676,1,7,17219
0x45ec68,99.943%,8,14024,14032,14024,8,0,0
0x4029a0,99.991%,8,89232,89240,0,0,8,89232
0x471f9a,73.3333%,8,22,30,22,8,0,0
0x405608,99.9801%,8,40168,40176,39673,7,1,495
0x429376,99.6868%,7,2228,2235,0,0,7,2228
0x404ca7,99.9267%,7,9539,9546,9539,7,0,0
0x4bdafe,94.3089%,7,116,123,116,3,4,0
0x42ab4c,96.6981%,7,205,212,0,0,7,205
0x46e594,99.6711%,7,2121,2128,791,0,7,1330
0x4332a3,99.7006%,7,2331,2338,1606,7,0,725
0x4335ac,99.0345%,7,718,725,718,7,0,0
0x4287be,99.6615%,7,2061,2068,1351,4,3,710
0x433335,76.6667%,7,23,30,23,7,0,0
0x42b586,56.25%,7,9,16,1,7,0,8
0x4343ef,98.7421%,6,471,477,471,6,0,0
0x45e56c,99.3158%,6,871,877,871,6,0,0
0x4155f9,99.7434%,6,2332,2338,0,0,6,2332
0x4062ba,99.9893%,6,55834,55840,0,0,6,55834
0x427b39,99.3031%,6,855,861,0,0,6,855
0x4c9694,99.9726%,6,21897,21903,14888,1,5,7009
0x42b3e0,25%,6,2,8,2,6,0,0
0x40297d,99.9933%,6,89234,89240,0,0,6,89234
0x41237a,98.9209%,6,550,556,550,6,0,0
0x402a52,99.7243%,6,2170,2176,0,0,6,2170
0x4330ba,99.7434%,6,2332,2338,2332,6,0,0
0x41e7d0,98.3425%,6,356,362,356,3,3,0
0x46e638,99.7434%,6,2332,2338,2123,5,1,209
0x42b799,95.3846%,6,124,130,124,6,0,0
0x41563e,99.5215%,6,1248,1254,1248,6,0,0
0x46e1dc,99.7434%,6,2332,2338,0,0,6,2332
0x42bbee,99.6164%,6,1558,1564,0,6,0,1558
0x414b4c,99.75%,6,2394,2400,78,2,4,2316
0x401a30,99.2491%,6,793,799,0,0,6,793
0x414441,99.8481%,6,3945,3951,3785,6,0,160
0x43504a,99.0164%,6,604,610,0,0,6,604
0x4028fc,99.9933%,6,89234,89240,0,0,6,89234
0x404bd7,99.8717%,6,4670,4676,4670,6,0,0
0x4013a3,97.2222%,5,175,180,175,2,3,0
0x445fa8,99.939%,5,8186,8191,0,1,4,8186
0x41e7f5,98.6072%,5,354,359,354,3,2,0
0x439937,99.775%,5,2217,2222,1131,4,1,1086
0x41459a,99.69%,5,1608,1613,1590,2,3,18
0x4c97ba,99.4797%,5,956,961,1,2,3,955
0x46e20a,99.7861%,5,2333,2338,2333,5,0,0
0x45e503,99.5595%,5,1130,1135,1130,5,0,0
0x402acb,99.9102%,5,5564,5569,5564,5,0,0
0x43380b,99.69%,5,1608,1613,1608,5,0,0
0x427c25,99.9253%,5,6688,6693,6688,5,0,0
0x418726,94.4444%,5,85,90,85,2,3,0
0x404c1d,99.9476%,5,9541,9546,0,0,5,9541
0x434ef4,99.3103%,5,720,725,609,1,4,111
0x45fd13,98.2014%,5,273,278,273,5,0,0
0x4381b9,98.9518%,5,472,477,472,5,0,0
0x460e01,98.9474%,5,470,475,10,5,0,460
0x461216,88.8889%,5,40,45,40,5,0,0
0x4335dc,99.7861%,5,2333,2338,3,2,3,2330
0x4029fb,99.9944%,5,89235,89240,0,0,5,89235
0x414ab2,99.69%,5,1608,1613,0,0,5,1608
0x460c0c,99.7861%,5,2333,2338,2255,3,2,78
0x4540d7,83.3333%,5,25,30,25,5,0,0
0x4170ec,68.75%,5,11,16,11,2,3,0
0x433a76,99.5595%,5,1130,1135,0,0,5,1130
0x46e954,99.7861%,5,2333,2338,2333,4,1,0
0x45d7e2,99.7024%,5,1675,1680,0,0,5,1675
0x401afc,99.9609%,5,12779,12784,0,0,5,12779
0x433e78,99.5807%,4,950,954,950,4,0,0
0x428dcb,98.5714%,4,276,280,0,0,4,276
0x4c966c,99.9817%,4,21899,21903,21899,4,0,0
0x428b7f,99.821%,4,2231,2235,1560,0,4,671
0x41498d,99.943%,4,7010,7014,2173,2,2,4837
0x46e326,99.8289%,4,2334,2338,0,1,3,2334
0x4186c5,95.5556%,4,86,90,86,4,0,0
0x42ab7b,98.1132%,4,208,212,80,2,2,128
0x4142bf,99.8988%,4,3947,3951,3789,2,2,158
0x4117ac,99.9931%,4,57596,57600,50398,2,2,7198
0x42b7e5,42.8571%,4,3,7,3,1,3,0
0x42a56f,98.7879%,4,326,330,311,4,0,15
0x429284,99.821%,4,2231,2235,0,0,4,2231
0x414840,99.943%,4,7010,7014,2338,0,4,4672
0x433131,99.8289%,4,2334,2338,0,0,4,2334
0x43a56f,99.632%,4,1083,1087,0,0,4,1083
0x41e6f3,20%,4,1,5,0,0,4,1
0x45f9e1,99.7966%,4,1963,1967,354,0,4,1609
0x42bc0d,99.7442%,4,1560,1564,28,2,2,1532
0x460cf9,99.6201%,4,1049,1053,575,3,1,474
0x4291ae,99.821%,4,2231,2235,0,0,4,2231
0x4029b1,99.9955%,4,89236,89240,89236,4,0,0
0x4633b5,99.6201%,4,1049,1053,1049,4,0,0
0x4bdb7d,86.6667%,4,26,30,26,2,2,0
0x439d36,98.8827%,4,354,358,354,4,0,0
0x4028ea,99.9955%,4,89236,89240,0,0,4,89236
0x41513f,99.8289%,4,2334,2338,2334,4,0,0
0x416f4b,75%,4,12,16,12,1,3,0
0x46e8f0,99.8289%,4,2334,2338,2334,4,0,0
0x416e20,0%,4,0,4,0,2,2,0
0x4f096b,20%,4,1,5,1,0,4,0
0x419c89,98.8889%,4,356,360,355,1,3,1
0x42a411,89.4737%,4,34,38,29,2,2,5
0x46e6b0,99.4943%,4,787,791,787,4,0,0
0x45f955,99.6324%,4,1084,1088,0,0,4,1084
0x4c9980,99.9417%,4,6860,6864,6860,1,3,0
0x413aed,99.8289%,4,2334,2338,78,2,2,2256
0x43365e,99.8717%,3,2335,2338,2335,3,0,0
0x4129a4,99.8795%,3,2487,2490,0,0,3,2487
0x4149ad,99.938%,3,4836,4839,1613,0,3,3223
0x4289d2,99.8658%,3,2232,2235,0,0,3,2232
0x401b9e,99.9765%,3,12781,12784,0,0,3,12781
0x47cbbe,0%,3,0,3,0,0,3,0
0x427c02,99.8768%,3,2433,2436,0,0,3,2433
0x433fd0,99.6855%,3,951,954,0,0,3,951
0x433b71,99.3711%,3,474,477,0,0,3,474
0x46e648,98.5714%,3,207,210,0,0,3,207
0x45ec36,99.9145%,3,3505,3508,0,0,3,3505
0x429299,99.8658%,3,2232,2235,0,0,3,2232
0x4155d4,99.8717%,3,2335,2338,2126,2,1,209
0x463977,99.931%,3,4346,4349,4346,3,0,0
0x429497,90%,3,27,30,27,3,0,0
0x42bb4d,99.8082%,3,1561,1564,609,1,2,952
0x461120,99.162%,3,355,358,355,3,0,0
0x45ff10,57.1429%,3,4,7,4,1,2,0
0x414999,99.938%,3,4836,4839,0,0,3,4836
0x4289bc,99.8658%,3,2232,2235,0,0,3,2232
0x42b818,0%,3,0,3,0,3,0,0
0x428fb8,99.8529%,3,2037,2040,0,0,3,2037
0x461723,99.162%,3,355,358,355,3,0,0
0x463467,98.5714%,3,207,210,207,0,3,0
0x415622,99.8061%,3,1544,1547,292,1,2,1252
0x49f994,72.7273%,3,8,11,8,3,0,0
0x49c6c5,72.7273%,3,8,11,0,0,3,8
0x4293a7,99.8658%,3,2232,2235,0,0,3,2232
0x41a4f8,25%,3,1,4,1,2,1,0
0x414e0d,99.859%,3,2125,2128,1545,2,1,580
0x42aac6,99.8125%,3,1597,1600,1597,3,0,0
0x413ca0,99.8717%,3,2335,2338,2256,2,1,79
0x4331e9,99.8717%,3,2335,2338,2335,3,0,0
0x42bd95,99.8082%,3,1561,1564,75,2,1,1486
0x401b77,99.9765%,3,12781,12784,0,0,3,12781
0x40344b,99.9606%,3,7605,7608,0,0,3,7605
0x42b59d,57.1429%,3,4,7,4,3,0,0
0x44e6f4,93.3333%,3,42,45,42,2,1,0
0x42b54d,62.5%,3,5,8,0,0,3,5
0x4245a3,99.9887%,3,26599,26602,26599,2,1,0
0x49c47e,72.7273%,3,8,11,8,3,0,0
0x42a569,99.0909%,3,327,330,0,0,3,327
0x414120,99.8717%,3,2335,2338,2335,3,0,0
0x4340ca,99.6855%,3,951,954,475,2,1,476
0x433194,99.8717%,3,2335,2338,0,0,3,2335
0x471f65,90%,3,27,30,0,0,3,27
0x4bdb96,90%,3,27,30,27,2,1,0
0x46a131,50%,3,3,6,0,3,0,3
0x401baf,99.9765%,3,12781,12784,12781,3,0,0
0x40171a,40%,3,2,5,2,2,1,0
0x472006,90%,3,27,30,0,0,3,27
0x42a660,99.814%,3,1610,1613,0,0,3,1610
0x404c03,99.9686%,3,9543,9546,0,0,3,9543
0x401707,88%,3,22,25,20,0,3,2
0x433699,99.8717%,3,2335,2338,725,0,3,1610
0x42a3a6,99.6411%,3,833,836,0,0,3,833
0x414fca,99.8717%,3,2335,2338,2335,3,0,0
0x416c56,96.6667%,3,87,90,0,0,3,87
0x4290d2,99.9105%,2,2233,2235,0,0,2,2233
0x4bdbc5,33.3333%,2,1,3,1,2,0,0
0x4ac4ae,50%,2,2,4,1,2,0,1
0x41a2d4,50%,2,2,4,2,1,1,0
0x46a0e5,50%,2,2,4,2,1,1,0
0x4a748a,33.3333%,2,1,3,0,0,2,1
0x4bdc9a,33.3333%,2,1,3,1,1,1,0
0x47c822,33.3333%,2,1,3,1,2,0,0
0x4a58dd,33.3333%,2,1,3,0,2,0,1
0x4552a6,99.5556%,2,448,450,448,1,1,0
0x44a97c,99.8721%,2,1562,1564,0,0,2,1562
0x4a7518,33.3333%,2,1,3,1,2,0,0
0x4a759f,33.3333%,2,1,3,1,2,0,0
0x4a75ac,33.3333%,2,1,3,0,0,2,1
0x428c97,99.9105%,2,2233,2235,0,0,2,2233
0x49c49f,81.8182%,2,9,11,9,2,0,0
0x437d55,99.5807%,2,475,477,0,0,2,475
0x4015fc,98.8889%,2,178,180,178,1,1,0
0x41a6a0,0%,2,0,2,0,0,2,0
0x49fa0a,81.8182%,2,9,11,9,2,0,0
0x4f1041,60%,2,3,5,0,0,2,3
0x43de8a,95.5556%,2,43,45,43,1,1,0
0x4a0693,81.8182%,2,9,11,9,2,0,0
0x49fa32,81.8182%,2,9,11,0,1,1,9
0x4a74c1,33.3333%,2,1,3,1,2,0,0
0x4f0bd6,0%,2,0,2,0,0,2,0
0x4a0fcb,60%,2,3,5,1,1,1,2
0x412306,99.6403%,2,554,556,554,2,0,0
0x4c9788,99.9447%,2,3614,3616,2518,0,2,1096
0x47c829,33.3333%,2,1,3,1,2,0,0
0x49c787,0%,2,0,2,0,2,0,0
0x416a04,33.3333%,2,1,3,1,2,0,0
0x413ed8,99.9145%,2,2336,2338,2336,2,0,0
0x416aa5,33.3333%,2,1,3,1,1,1,0
0x44e498,99.9444%,2,3598,3600,3598,2,0,0
0x49c663,81.8182%,2,9,11,9,2,0,0
0x41567a,99.7472%,2,789,791,433,0,2,356
0x460206,96.875%,2,62,64,62,1,1,0
0x412609,99.8428%,2,1270,1272,1270,2,0,0
0x413bc0,99.9103%,2,2227,2229,0,0,2,2227
0x433aba,99.8238%,2,1133,1135,1133,2,0,0
0x42b9ac,66.6667%,2,4,6,1,2,0,3
0x43350d,99.9145%,2,2336,2338,725,0,2,1611
0x45fdfd,71.4286%,2,5,7,5,0,2,0
0x49c446,85.7143%,2,12,14,0,2,0,12
0x419b3f,50%,2,2,4,0,0,2,2
0x4a2f9b,60%,2,3,5,3,1,1,0
0x4a23f1,60%,2,3,5,3,1,1,0
0x437f49,99.5807%,2,475,477,475,2,0,0
0x46e0fb,99.9145%,2,2336,2338,2336,2,0,0
0x46f666,87.5%,2,14,16,14,1,1,0
0x44b48a,99.8158%,2,1084,1086,1084,2,0,0
0x4ac776,93.5484%,2,29,31,0,1,1,29
0x415504,99.906%,2,2126,2128,580,1,1,1546
0x47cbac,33.3333%,2,1,3,0,0,2,1
0x4a7523,33.3333%,2,1,3,1,2,0,0
0x49bed6,33.3333%,2,1,3,0,1,1,1
0x4a1f05,33.3333%,2,1,3,1,1,1,0
0x4286f7,99.9033%,2,2066,2068,0,0,2,2066
0x42b58b,75%,2,6,8,0,1,1,6
0x439995,99.9144%,2,2335,2337,0,0,2,2335
0x4339c6,99.876%,2,1611,1613,1611,2,0,0
0x49be07,33.3333%,2,1,3,0,0,2,1
0x4f0bac,0%,2,0,2,0,2,0,0
0x4339b4,99.876%,2,1611,1613,0,0,2,1611
0x417182,93.3333%,2,28,30,28,1,1,0
0x428eb1,99.902%,2,2038,2040,2038,2,0,0
0x4245d7,99.9925%,2,26600,26602,26600,1,1,0
0x47cccf,33.3333%,2,1,3,1,2,0,0
0x403f48,99.9214%,2,2542,2544,2542,2,0,0
0x40354c,99.9967%,2,60862,60864,60862,2,0,0
0x4149fb,99.938%,2,3224,3226,0,0,2,3224
0x49c3f1,85.7143%,2,12,14,0,0,2,12
0x45f977,99.5708%,2,464,466,0,0,2,464
0x46124d,99.0476%,2,208,210,208,2,0,0
0x435406,99.6721%,2,608,610,0,0,2,608
0x471eca,93.1034%,2,27,29,0,0,2,27
0x42784f,99.5227%,2,417,419,0,0,2,417
0x4a06e8,81.8182%,2,9,11,5,2,0,4
0x433011,99.9145%,2,2336,2338,0,0,2,2336
0x4145f4,99.9145%,2,2336,2338,1611,2,0,725
0x405227,99.5968%,2,494,496,0,0,2,494
0x415364,99.9145%,2,2336,2338,0,0,2,2336
0x4290bc,99.9105%,2,2233,2235,0,0,2,2233
0x427bc5,99.8276%,2,1158,1160,1158,2,0,0
0x40585a,99.4444%,2,358,360,358,1,1,0
0x45fca5,99.9222%,2,2569,2571,2291,2,0,278
0x4ac79b,93.3333%,2,28,30,0,0,2,28
0x401bfb,99.9844%,2,12782,12784,0,0,2,12782
0x46a236,0%,2,0,2,0,1,1,0
0x49be14,33.3333%,2,1,3,1,2,0,0
0x42a653,99.876%,2,1611,1613,0,0,2,1611
0x41482c,99.9715%,2,7012,7014,0,0,2,7012
0x45d2cc,99.6063%,2,506,508,506,2,0,0
0x413c28,99.9103%,2,2227,2229,0,0,2,2227
0x4f0b85,0%,2,0,2,0,2,0,0
0x402406,99.7413%,2,771,773,0,0,2,771
0x445ed6,99.8721%,2,1562,1564,0,0,2,1562
0x42bb75,99.8721%,2,1562,1564,0,0,2,1562
0x49bda4,33.3333%,2,1,3,1,2,0,0
0x4a71b4,33.3333%,2,1,3,0,0,2,1
0x43c357,99.7608%,2,834,836,626,0,2,208
0x4bde07,99.9429%,2,3502,3504,0,1,1,3502
0x404aed,99.9572%,2,4674,4676,0,0,2,4674
0x41e4c3,92.8571%,2,26,28,26,1,1,0
0x4bde60,99.9429%,2,3501,3503,3501,1,1,0
0x40144f,0%,1,0,1,0,0,1,0
0x4bde89,50%,1,1,2,0,1,0,1
0x46a02d,0%,1,0,1,0,0,1,0
0x403b58,99.9549%,1,2217,2218,2217,1,0,0
0x49c420,92.8571%,1,13,14,0,0,1,13
0x433a3e,99.9119%,1,1134,1135,0,0,1,1134
0x46e024,99.8736%,1,790,791,790,1,0,0
0x415179,99.9572%,1,2337,2338,210,0,1,2127
0x4c99a4,66.6667%,1,2,3,0,0,1,2
0x4a1b84,0%,1,0,1,0,1,0,0
0x4c9927,99.9854%,1,6863,6864,0,0,1,6863
0x44afc4,99.9079%,1,1085,1086,0,0,1,1085
0x46c461,0%,1,0,1,0,1,0,0
0x46f747,0%,1,0,1,0,1,0,0
0x4bdcea,50%,1,1,2,1,1,0,0
0x4a20ea,0%,1,0,1,0,1,0,0
0x433dca,99.8952%,1,953,954,0,0,1,953
0x433ba4,99.7904%,1,476,477,0,0,1,476
0x416810,0%,1,0,1,0,1,0,0
0x4a2029,0%,1,0,1,0,0,1,0
0x46cf82,0%,1,0,1,0,1,0,0
0x46db77,0%,1,0,1,0,1,0,0
0x45fe5b,85.7143%,1,6,7,6,0,1,0
0x4f061f,80%,1,4,5,4,1,0,0
0x429085,99.9553%,1,2234,2235,0,0,1,2234
0x4a7206,66.6667%,1,2,3,2,1,0,0
0x43459c,99.7904%,1,476,477,0,0,1,476
0x45ff8b,0%,1,0,1,0,1,0,0
0x4ae54a,0%,1,0,1,0,1,0,0
0x4a1577,0%,1,0,1,0,1,0,0
0x469dca,0%,1,0,1,0,0,1,0
0x4a1ca1,0%,1,0,1,0,0,1,0
0x46b3a8,0%,1,0,1,0,0,1,0
0x45e0c4,99.9572%,1,2336,2337,2336,1,0,0
0x413871,0%,1,0,1,0,0,1,0
0x4a23e5,80%,1,4,5,0,1,0,4
0x405189,99.9988%,1,80351,80352,79855,1,0,496
0x47af53,0%,1,0,1,0,1,0,0
0x46c01d,0%,1,0,1,0,1,0,0
0x463c80,99.5238%,1,209,210,209,1,0,0
0x43c954,99.7849%,1,464,465,0,0,1,464
0x4bdbf7,66.6667%,1,2,3,2,1,0,0
0x46b88b,0%,1,0,1,0,1,0,0
0x439437,99.8361%,1,609,610,609,1,0,0
0x4a2f81,80%,1,4,5,0,0,1,4
0x45e15c,99.9572%,1,2336,2337,2336,1,0,0
0x47cbdc,66.6667%,1,2,3,0,0,1,2
0x4a1fc3,0%,1,0,1,0,1,0,0
0x413bf8,99.9551%,1,2228,2229,0,0,1,2228
0x47af0e,0%,1,0,1,0,0,1,0
0x44a96e,99.9623%,1,2649,2650,1086,0,1,1563
0x413702,0%,1,0,1,0,0,1,0
0x46983b,0%,1,0,1,0,1,0,0
0x452ea5,0%,1,0,1,0,1,0,0
0x4ca22d,94.1176%,1,16,17,0,0,1,16
0x4a241c,0%,1,0,1,0,1,0,0
0x471d75,96.7742%,1,30,31,0,0,1,30
0x4c97c4,99.8956%,1,957,958,0,1,0,957
0x4f098a,80%,1,4,5,1,1,0,3
0x4557d7,0%,1,0,1,0,1,0,0
0x46c611,0%,1,0,1,0,1,0,0
0x4f09b4,80%,1,4,5,4,1,0,0
0x472137,96.6667%,1,29,30,29,1,0,0
0x46d8b7,0%,1,0,1,0,1,0,0
0x46c55e,0%,1,0,1,0,1,0,0
0x4170fa,66.6667%,1,2,3,2,1,0,0
0x46aa8b,0%,1,0,1,0,1,0,0
0x4482ca,99.9361%,1,1563,1564,0,0,1,1563
0x4699d0,0%,1,0,1,0,1,0,0
0x4a1603,0%,1,0,1,0,1,0,0
0x46ecac,0%,1,0,1,0,0,1,0
0x46f6d5,0%,1,0,1,0,0,1,0
0x41369c,0%,1,0,1,0,0,1,0
0x44aa89,99.9361%,1,1563,1564,0,0,1,1563
0x45579a,0%,1,0,1,0,0,1,0
0x46c8ea,0%,1,0,1,0,1,0,0
0x4a1f8b,0%,1,0,1,0,0,1,0
0x46c2f0,0%,1,0,1,0,1,0,0
0x44e538,99.9722%,1,3599,3600,3599,1,0,0
0x4a1e5c,50%,1,1,2,0,1,0,1
0x47b207,0%,1,0,1,0,0,1,0
0x44e685,99.9722%,1,3599,3600,0,0,1,3599
0x4f3444,90.9091%,1,10,11,10,1,0,0
0x49c4c6,90.9091%,1,10,11,10,1,0,0
0x4a1e17,0%,1,0,1,0,0,1,0
0x43369f,99.938%,1,1612,1613,1612,1,0,0
0x413f81,99.9572%,1,2337,2338,0,0,1,2337
0x4293bb,99.9553%,1,2234,2235,0,0,1,2234
0x469bc5,0%,1,0,1,0,0,1,0
0x4ae431,0%,1,0,1,0,1,0,0
0x413b90,99.9551%,1,2228,2229,0,0,1,2228
0x454f7f,0%,1,0,1,0,0,1,0
0x47b317,0%,1,0,1,0,1,0,0
0x473f55,0%,1,0,1,0,1,0,0
0x46f754,0%,1,0,1,0,0,1,0
0x42b376,98.7805%,1,81,82,81,1,0,0
0x4ac553,0%,1,0,1,0,1,0,0
0x4189a1,98.8889%,1,89,90,87,0,1,2
0x4a1154,0%,1,0,1,0,1,0,0
0x46e651,99.5238%,1,209,210,209,1,0,0
0x4a1267,0%,1,0,1,0,1,0,0
0x4a02f4,0%,1,0,1,0,0,1,0
0x454f94,0%,1,0,1,0,1,0,0
0x46ed3d,0%,1,0,1,0,0,1,0
0x428b62,99.9553%,1,2234,2235,0,0,1,2234
0x4ba7f8,0%,1,0,1,0,0,1,0
0x414520,99.9572%,1,2337,2338,725,0,1,1612
0x4a1538,0%,1,0,1,0,1,0,0
0x4bdbb9,50%,1,1,2,1,0,1,0
0x46f7a9,0%,1,0,1,0,1,0,0
0x46fc12,0%,1,0,1,0,1,0,0
0x49c7e0,50%,1,1,2,0,1,0,1
0x46f78a,0%,1,0,1,0,1,0,0
0x471f34,96.6667%,1,29,30,0,0,1,29
0x4155ff,99.9572%,1,2337,2338,0,0,1,2337
0x46fdbb,0%,1,0,1,0,0,1,0
0x4a03b3,0%,1,0,1,0,1,0,0
0x471f2d,96.6667%,1,29,30,0,0,1,29
0x471b9f,0%,1,0,1,0,1,0,0
0x428e3b,99.6429%,1,279,280,0,0,1,279
0x47b3ac,0%,1,0,1,0,1,0,0
0x4a717d,66.6667%,1,2,3,0,0,1,2
0x47b245,0%,1,0,1,0,0,1,0
0x49c5a0,90.9091%,1,10,11,10,1,0,0
0x49c567,90.9091%,1,10,11,0,1,0,10
0x46c3d3,0%,1,0,1,0,1,0,0
0x40283b,99.982%,1,5568,5569,0,0,1,5568
0x47b2a5,0%,1,0,1,0,1,0,0
0x46cc79,0%,1,0,1,0,0,1,0
0x46f77f,0%,1,0,1,0,0,1,0
0x452d1c,0%,1,0,1,0,0,1,0
0x46a5d5,0%,1,0,1,0,1,0,0
0x49f9fd,90.9091%,1,10,11,10,1,0,0
0x428ee6,99.951%,1,2039,2040,0,0,1,2039
0x4a1618,92.3077%,1,12,13,0,1,0,12
0x4136a6,0%,1,0,1,0,1,0,0
0x4ac4e0,0%,1,0,1,0,1,0,0
0x4a1abe,0%,1,0,1,0,0,1,0
0x4287a2,99.9516%,1,2067,2068,0,0,1,2067
0x49c1ea,50%,1,1,2,1,1,0,0
0x4a1631,92.3077%,1,12,13,12,0,1,0
0x4a1cae,0%,1,0,1,0,1,0,0
0x4ae53e,0%,1,0,1,0,0,1,0
0x47401e,0%,1,0,1,0,0,1,0
0x46ffe1,0%,1,0,1,0,0,1,0
0x46ed26,0%,1,0,1,0,1,0,0
0x428985,99.9553%,1,2234,2235,0,0,1,2234
0x4a090f,0%,1,0,1,0,1,0,0
0x46f769,0%,1,0,1,0,1,0,0
0x45f23e,99.9702%,1,3359,3360,3359,1,0,0
0x4157e1,0%,1,0,1,0,0,1,0
0x4168bc,0%,1,0,1,0,1,0,0
0x414b58,99.9569%,1,2319,2320,2319,1,0,0
0x4ab8b1,0%,1,0,1,0,1,0,0
0x46ddde,0%,1,0,1,0,1,0,0
0x41789d,98.8889%,1,89,90,89,1,0,0
0x46db0a,0%,1,0,1,0,0,1,0
0x41eaf5,0%,1,0,1,0,1,0,0
0x4f05b4,0%,1,0,1,0,1,0,0
0x41e9b5,0%,1,0,1,0,1,0,0
0x4a2824,0%,1,0,1,0,0,1,0
0x4a7193,66.6667%,1,2,3,0,0,1,2
0x4a1af2,0%,1,0,1,0,0,1,0
0x4ca251,94.1176%,1,16,17,0,0,1,16
0x49bcef,66.6667%,1,2,3,0,0,1,2
0x414980,99.9572%,1,2337,2338,0,0,1,2337
0x41e524,91.6667%,1,11,12,11,0,1,0
0x49be43,66.6667%,1,2,3,2,1,0,0
0x49bd4f,66.6667%,1,2,3,2,1,0,0
0x413e59,99.9567%,1,2307,2308,0,0,1,2307
0x46dc90,0%,1,0,1,0,0,1,0
0x45f357,99.5238%,1,209,210,209,1,0,0
0x454fde,0%,1,0,1,0,1,0,0
0x46a1d6,0%,1,0,1,0,1,0,0
0x46f6c9,93.75%,1,15,16,15,0,1,0
0x4ac744,0%,1,0,1,0,0,1,0
0x4bdb0a,99.8967%,1,967,968,967,1,0,0
0x413797,0%,1,0,1,0,1,0,0
0x49bcc5,66.6667%,1,2,3,2,1,0,0
0x41a666,0%,1,0,1,0,1,0,0
0x46f05a,0%,1,0,1,0,1,0,0
0x4339a3,99.938%,1,1612,1613,0,0,1,1612
0x469c78,0%,1,0,1,0,1,0,0
0x4ac4b7,0%,1,0,1,0,1,0,0
0x4a21ce,0%,1,0,1,0,1,0,0
0x45555c,0%,1,0,1,0,1,0,0
0x453083,0%,1,0,1,0,1,0,0
0x470024,0%,1,0,1,0,1,0,0
0x471d7e,96.7742%,1,30,31,0,1,0,30
0x413c3f,99.9512%,1,2048,2049,0,0,1,2048
0x469c21,0%,1,0,1,0,0,1,0
0x41361e,0%,1,0,1,0,0,1,0
0x46a116,85.7143%,1,6,7,0,1,0,6
0x415899,0%,1,0,1,0,1,0,0
0x413afd,99.9557%,1,2257,2258,0,0,1,2257
0x4551ba,0%,1,0,1,0,0,1,0
0x46a0a2,75%,1,3,4,0,1,0,3
0x46a08c,0%,1,0,1,0,0,1,0
0x43818a,99.7904%,1,476,477,476,1,0,0
0x4551d9,0%,1,0,1,0,0,1,0
0x485955,0%,1,0,1,0,1,0,0
0x46ca69,0%,1,0,1,0,1,0,0
0x401cd1,99.8748%,1,798,799,798,1,0,0
0x46ebd6,0%,1,0,1,0,1,0,0
0x401459,0%,1,0,1,0,1,0,0
0x415340,99.9426%,1,1742,1743,0,0,1,1742
0x4a1db4,0%,1,0,1,0,0,1,0
0x460cfe,99.7895%,1,474,475,474,1,0,0
0x45520d,0%,1,0,1,0,0,1,0
0x446691,99.9568%,1,2316,2317,2316,1,0,0
0x46ca05,0%,1,0,1,0,1,0,0
0x49c570,90%,1,9,10,9,1,0,0
0x4615ee,99.7207%,1,357,358,357,1,0,0
0x49be8e,66.6667%,1,2,3,0,0,1,2
0x41776b,96.6667%,1,29,30,0,0,1,29
0x4168a2,0%,1,0,1,0,1,0,0
0x49c1e5,50%,1,1,2,0,0,1,1
0x49fa24,90.9091%,1,10,11,0,0,1,10
0x46f417,90%,1,9,10,9,0,1,0
0x4245e6,0%,1,0,1,0,1,0,0
0x41366b,0%,1,0,1,0,1,0,0
0x4a7226,66.6667%,1,2,3,2,1,0,0
0x41f885,0%,1,0,1,0,1,0,0
0x45f852,85.7143%,1,6,7,6,1,0,0
0x460c9c,99.905%,1,1052,1053,1052,1,0,0
0x4a2880,0%,1,0,1,0,1,0,0
0x469d9d,0%,1,0,1,0,1,0,0
0x46fd27,0%,1,0,1,0,1,0,0
0x469c8d,0%,1,0,1,0,1,0,0
0x45509f,0%,1,0,1,0,1,0,0
0x46ed54,0%,1,0,1,0,1,0,0
0x47aee8,0%,1,0,1,0,1,0,0
0x45510a,50%,1,1,2,0,1,0,1
0x455156,0%,1,0,1,0,1,0,0
0x455091,0%,1,0,1,0,0,1,0
0x43a3c1,99.908%,1,1086,1087,1086,1,0,0
0x452aa2,0%,1,0,1,0,1,0,0
0x45299e,0%,1,0,1,0,1,0,0
0x46a92c,0%,1,0,1,0,1,0,0
0x44e457,97.7778%,1,44,45,0,0,1,44
0x4724fb,0%,1,0,1,0,1,0,0
0x42a3ab,99.8804%,1,835,836,835,1,0,0
0x4344f3,99.7904%,1,476,477,476,1,0,0
0x41455f,99.938%,1,1612,1613,0,0,1,1612
0x434f43,99.1304%,1,114,115,0,0,1,114
0x49c5e7,90.9091%,1,10,11,0,1,0,10
0x47b2d5,0%,1,0,1,0,0,1,0
0x46e838,99.9572%,1,2337,2338,0,0,1,2337
0x4a2f60,0%,1,0,1,0,0,1,0
0x4bdb44,96.875%,1,31,32,2,1,0,29
0x46e31d,99.9572%,1,2337,2338,0,0,1,2337
0x4a25dd,0%,1,0,1,0,1,0,0
0x44bc2a,99.9079%,1,1085,1086,0,0,1,1085
0x49be7f,66.6667%,1,2,3,2,1,0,0
0x46123c,99.8239%,1,567,568,0,0,1,567
0x4a1e94,0%,1,0,1,0,0,1,0
0x42b731,92.8571%,1,13,14,6,1,0,7
0x427b65,99.7963%,1,490,491,490,1,0,0
0x44dfd3,0%,1,0,1,0,1,0,0
0x43804e,99.7904%,1,476,477,476,1,0,0
0x4157cb,0%,1,0,1,0,1,0,0
0x4394fe,99.9572%,1,2336,2337,0,0,1,2336
0x44b54d,99.9079%,1,1085,1086,1085,1,0,0
0x4ac7a9,96.6667%,1,29,30,0,0,1,29
0x46ffcc,0%,1,0,1,0,0,1,0
0x401554,0%,1,0,1,0,0,1,0
0x4a206f,0%,1,0,1,0,1,0,0
0x413b44,99.9519%,1,2077,2078,0,0,1,2077
0x42b31d,98.7805%,1,81,82,0,0,1,81
0x469ed1,0%,1,0,1,0,1,0,0
0x4a2413,0%,1,0,1,0,0,1,0
0x4a22c9,0%,1,0,1,0,0,1,0
0x46f5e2,75%,1,3,4,3,0,1,0
0x4147da,99.9857%,1,7013,7014,7013,1,0,0
0x42a368,99.8804%,1,835,836,0,0,1,835
0x42bc7a,99.9361%,1,1563,1564,0,0,1,1563
0x4287b6,99.9516%,1,2067,2068,0,0,1,2067
0x42ab11,99.2308%,1,129,130,0,0,1,129
0x49fe26,90.9091%,1,10,11,10,1,0,0
0x49c82a,50%,1,1,2,1,1,0,0
0x41a64f,50%,1,1,2,1,0,1,0
0x46a2b2,0%,1,0,1,0,1,0,0
0x460046,93.75%,1,15,16,15,0,1,0
0x471dbf,96.6667%,1,29,30,0,1,0,29
0x461d03,99.7691%,1,432,433,0,0,1,432
0x46c008,0%,1,0,1,0,0,1,0
0x42ab84,99.2308%,1,129,130,129,1,0,0
0x4a1f31,50%,1,1,2,1,1,0,0
0x428fc0,99.951%,1,2039,2040,1348,1,0,691
0x4a74fe,66.6667%,1,2,3,2,1,0,0
0x4f0a7f,0%,1,0,1,0,1,0,0
0x469b0c,0%,1,0,1,0,1,0,0
0x41e948,0%,1,0,1,0,1,0,0
0x47b06e,0%,1,0,1,0,1,0,0
0x4f1cd2,0%,1,0,1,0,1,0,0
0x46b4a2,0%,1,0,1,0,1,0,0
0x4a218a,0%,1,0,1,0,1,0,0
0x46b309,0%,1,0,1,0,1,0,0
0x45d35d,99.3902%,1,163,164,0,0,1,163
0x4a030d,0%,1,0,1,0,1,0,0
0x415906,0%,1,0,1,0,0,1,0
0x4158d0,0%,1,0,1,0,0,1,0
0x46dd46,0%,1,0,1,0,1,0,0
0x469e53,0%,1,0,1,0,1,0,0
0x45dc75,99.5671%,1,230,231,0,0,1,230
0x401f3b,99.8706%,1,772,773,772,1,0,0
0x414f5f,99.9572%,1,2337,2338,2337,1,0,0
0x426fae,99.5074%,1,202,203,202,1,0,0
0x41eab4,0%,1,0,1,0,1,0,0
0x4a21c6,0%,1,0,1,0,0,1,0
0x469b87,0%,1,0,1,0,1,0,0
0x4a2265,0%,1,0,1,0,1,0,0
0x40141d,0%,1,0,1,0,0,1,0
0x41387b,0%,1,0,1,0,1,0,0
0x45d6e2,99.9586%,1,2415,2416,0,0,1,2415
0x41a6ec,50%,1,1,2,0,0,1,1
0x4a2cee,0%,1,0,1,0,1,0,0
0x46b80b,0%,1,0,1,0,1,0,0
0x455427,0%,1,0,1,0,1,0,0
0x46fd45,0%,1,0,1,0,1,0,0
0x460f54,99.5238%,1,209,210,209,1,0,0
0x4135f6,0%,1,0,1,0,0,1,0
0x4552ae,0%,1,0,1,0,1,0,0
0x46f857,0%,1,0,1,0,1,0,0
0x46b7f8,0%,1,0,1,0,0,1,0
0x47b020,0%,1,0,1,0,1,0,0
0x4c97a9,99.8959%,1,960,961,0,0,1,960
0x46b7ca,0%,1,0,1,0,0,1,0
0x4551cb,0%,1,0,1,0,0,1,0
0x4558ce,0%,1,0,1,0,1,0,0
0x416723,0%,1,0,1,0,1,0,0
0x40143a,0%,1,0,1,0,0,1,0
0x469e05,0%,1,0,1,0,1,0,0
0x43a563,99.908%,1,1086,1087,610,0,1,476
0x46f467,88.8889%,1,8,9,8,0,1,0
0x4017d5,50%,1,1,2,0,1,0,1
0x46f130,0%,1,0,1,0,1,0,0
0x4ae63f,0%,1,0,1,0,1,0,0
0x49c5f0,90%,1,9,10,9,1,0,0
0x471b30,0%,1,0,1,0,0,1,0
0x469dd6,0%,1,0,1,0,1,0,0
0x471b1a,0%,1,0,1,0,0,1,0
0x45323b,0%,1,0,1,0,0,1,0
0x453241,0%,1,0,1,0,0,1,0
0x433a04,99.938%,1,1612,1613,0,0,1,1612
0x4012f0,66.6667%,1,2,3,0,0,1,2
0x402844,99.982%,1,5568,5569,0,0,1,5568
0x4697a1,0%,1,0,1,0,1,0,0
0x4a1b66,0%,1,0,1,0,0,1,0
0x4a0f8f,80%,1,4,5,4,1,0,0
0x46b086,0%,1,0,1,0,1,0,0
0x433fda,99.8952%,1,953,954,953,1,0,0
0x49bdfb,66.6667%,1,2,3,2,1,0,0
0x4013af,66.6667%,1,2,3,2,1,0,0
0x469dfb,0%,1,0,1,0,0,1,0
0x454b83,99.9572%,1,2337,2338,0,0,1,2337
0x419c91,75%,1,3,4,3,1,0,0
0x455330,0%,1,0,1,0,0,1,0
0x46b22c,0%,1,0,1,0,1,0,0
0x4c99ae,66.6667%,1,2,3,0,0,1,2
0x4a2a0a,0%,1,0,1,0,1,0,0
0x49c1cf,50%,1,1,2,1,1,0,0
0x4530ae,0%,1,0,1,0,1,0,0
0x4ba80b,0%,1,0,1,0,0,1,0
0x41685b,0%,1,0,1,0,1,0,0
0x413892,0%,1,0,1,0,1,0,0
0x485ac9,0%,1,0,1,0,1,0,0
0x4a1d43,0%,1,0,1,0,1,0,0
0x4a031d,0%,1,0,1,0,0,1,0
0x416771,0%,1,0,1,0,1,0,0
0x471fdc,96.6667%,1,29,30,29,0,1,0
0x41582d,0%,1,0,1,0,0,1,0
0x41682a,0%,1,0,1,0,0,1,0
0x46b2de,0%,1,0,1,0,0,1,0
0x4a22db,0%,1,0,1,0,1,0,0
0x415762,0%,1,0,1,0,0,1,0
0x41a636,0%,1,0,1,0,0,1,0
0x46dbcf,0%,1,0,1,0,0,1,0
0x400656,0%,1,0,1,0,1,0,0
0x452ecc,0%,1,0,1,0,1,0,0
0x46f725,100%,0,1,1,1,0,0,0
0x46fd94,100%,0,1,1,1,0,0,0
0x44b7a2,100%,0,1086,1086,1086,0,0,0
0x4556fd,100%,0,1,1,0,0,0,1
0x46f75e,100%,0,1,1,0,0,0,1
0x4a7215,100%,0,3,3,0,0,0,3
0x4061cb,100%,0,4762,4762,0,0,0,4762
0x46b72f,100%,0,1,1,1,0,0,0
0x4bdc9f,100%,0,1,1,0,0,0,1
0x401614,100%,0,1,1,1,0,0,0
0x46f75a,100%,0,1,1,0,0,0,1
0x4859a3,100%,0,1,1,0,0,0,1
0x45530e,100%,0,1,1,1,0,0,0
0x4125ef,100%,0,1272,1272,1272,0,0,0
0x4a06df,100%,0,11,11,0,0,0,11
0x4ae41c,100%,0,1,1,0,0,0,1
0x452e5f,100%,0,1,1,1,0,0,0
0x437d44,100%,0,477,477,0,0,0,477
0x473fb4,100%,0,1,1,0,0,0,1
0x469f2b,100%,0,1,1,0,0,0,1
0x433a7e,100%,0,1135,1135,0,0,0,1135
0x45537f,100%,0,1,1,1,0,0,0
0x460053,100%,0,1,1,1,0,0,0
0x4135de,100%,0,1,1,0,0,0,1
0x4bdc89,100%,0,3,3,0,0,0,3
0x46f77b,100%,0,1,1,0,0,0,1
0x4a2cd3,100%,0,1,1,1,0,0,0
0x412292,100%,0,556,556,556,0,0,0
0x413aab,100%,0,2098,2098,0,0,0,2098
0x469c4a,100%,0,1,1,1,0,0,0
0x41e8d3,100%,0,1,1,0,0,0,1
0x469c3b,100%,0,1,1,0,0,0,1
0x413637,100%,0,1,1,0,0,0,1
0x4129ae,100%,0,2490,2490,0,0,0,2490
0x49be9c,100%,0,3,3,3,0,0,0
0x469d7a,100%,0,1,1,0,0,0,1
0x4530d7,100%,0,1,1,1,0,0,0
0x453276,100%,0,1,1,0,0,0,1
0x45329c,100%,0,1,1,1,0,0,0
0x4533ef,100%,0,1,1,1,0,0,0
0x485a0c,100%,0,1,1,1,0,0,0
0x4012d4,100%,0,3,3,0,0,0,3
0x4ab89b,100%,0,1,1,0,0,0,1
0x453031,100%,0,1,1,0,0,0,1
0x471ae3,100%,0,1,1,1,0,0,0
0x41579b,100%,0,1,1,0,0,0,1
0x469c0b,100%,0,1,1,0,0,0,1
0x415808,100%,0,1,1,1,0,0,0
0x4024e3,100%,0,1546,1546,773,0,0,773
0x4158ac,100%,0,1,1,1,0,0,0
0x46b2f1,100%,0,1,1,0,0,0,1
0x46b3f4,100%,0,1,1,0,0,0,1
0x43c7ef,100%,0,358,358,0,0,0,358
0x4135b0,100%,0,1,1,0,0,0,1
0x413659,100%,0,1,1,0,0,0,1
0x41378b,100%,0,1,1,0,0,0,1
0x46d239,100%,0,1,1,0,0,0,1
0x419af3,100%,0,4,4,0,0,0,4
0x44e428,100%,0,1,1,0,0,0,1
0x44e157,100%,0,1,1,1,0,0,0
0x40179e,100%,0,2,2,0,0,0,2
0x4016ce,100%,0,1,1,0,0,0,1
0x44e594,100%,0,3600,3600,3600,0,0,0
0x401a27,100%,0,799,799,0,0,0,799
0x46c705,100%,0,1,1,0,0,0,1
0x41ab47,100%,0,1,1,1,0,0,0
0x469cef,100%,0,1,1,1,0,0,0
0x469e8f,100%,0,1,1,1,0,0,0
0x471d48,100%,0,31,31,31,0,0,0
0x469ea3,100%,0,1,1,1,0,0,0
0x46fff4,100%,0,1,1,0,0,0,1
0x413707,100%,0,1,1,0,0,0,1
0x47001b,100%,0,1,1,0,0,0,1
0x40572b,100%,0,1,1,0,0,0,1
0x40571f,100%,0,1,1,0,0,0,1
0x416b22,100%,0,87,87,87,0,0,0
0x404f83,100%,0,496,496,0,0,0,496
0x46a0c0,100%,0,1,1,0,0,0,1
0x46a1f7,100%,0,1,1,0,0,0,1
0x45feb7,100%,0,7,7,7,0,0,0
0x452a21,100%,0,1,1,1,0,0,0
0x452cec,100%,0,1,1,1,0,0,0
0x43de16,100%,0,1,1,0,0,0,1
0x43de05,100%,0,1,1,0,0,0,1
0x452f9d,100%,0,1,1,1,0,0,0
0x4ac486,100%,0,3,3,0,0,0,3
0x4dfe76,100%,0,1,1,0,0,0,1
0x4a202f,100%,0,1,1,1,0,0,0
0x46d883,100%,0,1,1,1,0,0,0
0x4ae423,100%,0,1,1,0,0,0,1
0x4ab8a6,100%,0,1,1,0,0,0,1
0x4ab88d,100%,0,1,1,0,0,0,1
0x46dea9,100%,0,1,1,0,0,0,1
0x46b404,100%,0,1,1,1,0,0,0
0x4ae51c,100%,0,1,1,1,0,0,0
0x46d24d,100%,0,1,1,1,0,0,0
0x46ded6,100%,0,1,1,1,0,0,0
0x4ac4c3,100%,0,1,1,0,0,0,1
0x4ac492,100%,0,3,3,0,0,0,3
0x46d7fa,100%,0,1,1,0,0,0,1
0x41e00e,100%,0,1,1,1,0,0,0
0x44b6e0,100%,0,1086,1086,1086,0,0,0
0x46de6c,100%,0,1,1,1,0,0,0
0x47afbd,100%,0,1,1,0,0,0,1
0x46c192,100%,0,1,1,1,0,0,0
0x46dfd4,100%,0,1,1,0,0,0,1
0x4a716a,100%,0,3,3,0,0,0,3
0x47b2d1,100%,0,1,1,0,0,0,1
0x47b2c3,100%,0,1,1,0,0,0,1
0x46b7c0,100%,0,1,1,0,0,0,1
0x4bde84,100%,0,2,2,0,0,0,2
0x47b214,100%,0,1,1,0,0,0,1
0x41f87d,100%,0,1,1,0,0,0,1
0x46c77e,100%,0,1,1,1,0,0,0
0x46b8a2,100%,0,1,1,1,0,0,0
0x46c046,100%,0,1,1,1,0,0,0
0x41388e,100%,0,1,1,0,0,0,1
0x46c162,100%,0,1,1,1,0,0,0
0x46c29c,100%,0,1,1,1,0,0,0
0x42890f,100%,0,302,302,0,0,0,302
0x46c37f,100%,0,1,1,1,0,0,0
0x46c4b5,100%,0,1,1,1,0,0,0
0x4bdcc9,100%,0,2,2,0,0,0,2
0x46c521,100%,0,1,1,1,0,0,0
0x473fe9,100%,0,1,1,0,0,0,1
0x41a6cb,100%,0,2,2,0,0,0,2
0x4a71f5,100%,0,3,3,0,0,0,3
0x41f832,100%,0,1,1,0,0,0,1
0x4a71e8,100%,0,3,3,0,0,0,3
0x4f0be9,100%,0,2,2,2,0,0,0
0x46c9e0,100%,0,1,1,0,0,0,1
0x46cc9f,100%,0,1,1,1,0,0,0
0x46f79c,100%,0,1,1,0,0,0,1
0x4c97e9,100%,0,3,3,0,0,0,3
0x4bdad5,100%,0,4,4,0,0,0,4
0x4ac60b,100%,0,1,1,1,0,0,0
0x4ab9c5,100%,0,1,1,0,0,0,1
0x46cfb6,100%,0,1,1,1,0,0,0
0x4ab9b4,100%,0,1,1,0,0,0,1
0x46d249,100%,0,1,1,0,0,0,1
0x49bf00,100%,0,2,2,0,0,0,2
0x4a231d,100%,0,1,1,1,0,0,0
0x4a238c,100%,0,1,1,0,0,0,1
0x4135e9,100%,0,1,1,0,0,0,1
0x46cf5c,100%,0,1,1,0,0,0,1
0x47001f,100%,0,1,1,0,0,0,1
0x42a60d,100%,0,725,725,9,0,0,716
0x44b0b9,100%,0,1086,1086,1086,0,0,0
0x4dfe67,100%,0,1,1,0,0,0,1
0x428450,100%,0,30,30,0,0,0,30
0x418580,100%,0,90,90,0,0,0,90
0x46b7cf,100%,0,1,1,1,0,0,0
0x4245ad,100%,0,1,1,1,0,0,0
0x4a1c03,100%,0,1,1,0,0,0,1
0x469e24,100%,0,1,1,0,0,0,1
0x4a1c0c,100%,0,1,1,0,0,0,1
0x402a92,100%,0,4352,4352,2176,0,0,2176
0x4152e9,100%,0,2338,2338,210,0,0,2128
0x4a0c59,100%,0,11,11,11,0,0,0
0x41488e,100%,0,4676,4676,0,0,0,4676
0x46b07d,100%,0,1,1,0,0,0,1
0x46976b,100%,0,1,1,0,0,0,1
0x4338ce,100%,0,725,725,725,0,0,0
0x416c13,100%,0,90,90,0,0,0,90
0x4335e5,100%,0,2333,2333,2333,0,0,0
0x49bef2,100%,0,2,2,0,0,0,2
0x428e26,100%,0,280,280,0,0,0,280
0x438cf2,100%,0,610,610,610,0,0,0
0x46fdc5,100%,0,1,1,1,0,0,0
0x44b300,100%,0,1086,1086,1086,0,0,0
0x460d64,100%,0,578,578,0,0,0,578
0x4f103f,100%,0,5,5,0,0,0,5
0x44aff2,100%,0,1086,1086,1086,0,0,0
0x44afde,100%,0,1086,1086,0,0,0,1086
0x43c12f,100%,0,210,210,210,0,0,0
0x4351d1,100%,0,610,610,610,0,0,0
0x44afd1,100%,0,1086,1086,0,0,0,1086
0x445f80,100%,0,1564,1564,0,0,0,1564
0x438d8c,100%,0,610,610,610,0,0,0
0x42ac82,100%,0,1613,1613,0,0,0,1613
0x4c971e,100%,0,3616,3616,0,0,0,3616
0x4a1e88,100%,0,1,1,0,0,0,1
0x437d69,100%,0,477,477,0,0,0,477
0x413a95,100%,0,2308,2308,210,0,0,2098
0x46db18,100%,0,1,1,0,0,0,1
0x49bebf,100%,0,3,3,0,0,0,3
0x49c547,100%,0,11,11,0,0,0,11
0x46fec5,100%,0,1,1,1,0,0,0
0x43942d,100%,0,610,610,0,0,0,610
0x438ace,100%,0,610,610,0,0,0,610
0x415042,100%,0,2338,2338,2338,0,0,0
0x4338a5,100%,0,725,725,0,0,0,725
0x414e00,100%,0,2128,2128,0,0,0,2128
0x4c96da,100%,0,4577,4577,4577,0,0,0
0x4461e7,100%,0,1564,1564,0,0,0,1564
0x471cb2,100%,0,1,1,0,0,0,1
0x43c94b,100%,0,465,465,0,0,0,465
0x46fd8b,100%,0,1,1,0,0,0,1
0x46e585,100%,0,2128,2128,0,0,0,2128
0x45da77,100%,0,425,425,0,0,0,425
0x42bb7e,100%,0,1564,1564,0,0,0,1564
0x439311,100%,0,610,610,145,0,0,465
0x46e962,100%,0,1,1,0,0,0,1
0x45dc93,100%,0,231,231,0,0,0,231
0x469733,100%,0,1,1,0,0,0,1
0x43a59e,100%,0,212,212,212,0,0,0
0x461d12,100%,0,433,433,433,0,0,0
0x405205,100%,0,496,496,0,0,0,496
0x402426,100%,0,773,773,0,0,0,773
0x46e561,100%,0,2338,2338,0,0,0,2338
0x435275,100%,0,610,610,0,0,0,610
0x413a84,100%,0,2308,2308,0,0,0,2308
0x433ab3,100%,0,1135,1135,0,0,0,1135
0x44e4e5,100%,0,3600,3600,3600,0,0,0
0x45fe24,100%,0,2,2,0,0,0,2
0x428b77,100%,0,2235,2235,0,0,0,2235
0x416fac,100%,0,3,3,0,0,0,3
0x414ba9,100%,0,2128,2128,2128,0,0,0
0x46d808,100%,0,1,1,1,0,0,0
0x405f63,100%,0,30,30,0,0,0,30
0x43a3f6,100%,0,1087,1087,1087,0,0,0
0x45d8bc,100%,0,1024,1024,0,0,0,1024
0x43a4cb,100%,0,4306,4306,4306,0,0,0
0x46e5a5,100%,0,2338,2338,0,0,0,2338
0x4556c2,100%,0,1,1,0,0,0,1
0x47b250,100%,0,1,1,0,0,0,1
0x427860,100%,0,419,419,0,0,0,419
0x416922,100%,0,30,30,0,0,0,30
0x41e970,100%,0,1,1,1,0,0,0
0x405f8f,100%,0,30,30,0,0,0,30
0x41442b,100%,0,3951,3951,0,0,0,3951
0x416b38,100%,0,87,87,87,0,0,0
0x41e643,100%,0,30,30,0,0,0,30
0x401c1e,100%,0,12784,12784,0,0,0,12784
0x44ac6d,100%,0,693,693,0,0,0,693
0x439940,100%,0,1087,1087,1087,0,0,0
0x40171e,100%,0,1,1,0,0,0,1
0x44b97a,100%,0,676,676,0,0,0,676
0x46c087,100%,0,1,1,1,0,0,0
0x405247,100%,0,496,496,496,0,0,0
0x40519a,100%,0,496,496,496,0,0,0
0x404ec7,100%,0,496,496,0,0,0,496
0x402a96,100%,0,2176,2176,2176,0,0,0
0x43a598,100%,0,212,212,0,0,0,212
0x4a1f0e,100%,0,1,1,1,0,0,0
0x416931,100%,0,30,30,0,0,0,30
0x49c783,100%,0,2,2,0,0,0,2
0x469d6d,100%,0,1,1,1,0,0,0
0x46ca9d,100%,0,1,1,1,0,0,0
0x44e6ac,100%,0,3600,3600,0,0,0,3600
0x4286e2,100%,0,2068,2068,0,0,0,2068
0x41ea86,100%,0,1,1,0,0,0,1
0x455165,100%,0,1,1,1,0,0,0
0x428d98,100%,0,2320,2320,0,0,0,2320
0x460de6,100%,0,475,475,0,0,0,475
0x42b80e,100%,0,3,3,0,0,0,3
0x416f5a,100%,0,3,3,3,0,0,0
0x416e79,100%,0,3,3,0,0,0,3
0x416e33,100%,0,3,3,0,0,0,3
0x42b9e1,100%,0,130,130,0,0,0,130
0x42b739,100%,0,82,82,0,0,0,82
0x42a416,100%,0,7,7,0,0,0,7
0x4156bb,100%,0,475,475,0,0,0,475
0x46187b,100%,0,716,716,0,0,0,716
0x42b982,100%,0,3,3,0,0,0,3
0x428c83,100%,0,2235,2235,0,0,0,2235
0x41288d,100%,0,662,662,662,0,0,0
0x43c7f8,100%,0,358,358,0,0,0,358
0x43c7e6,100%,0,358,358,0,0,0,358
0x461284,100%,0,210,210,210,0,0,0
0x463c6f,100%,0,210,210,210,0,0,0
0x45f89d,100%,0,210,210,210,0,0,0
0x4a22b1,100%,0,1,1,0,0,0,1
0x45e38a,100%,0,210,210,210,0,0,0
0x46c6fd,100%,0,1,1,0,0,0,1
0x43c14c,100%,0,210,210,0,0,0,210
0x46b848,100%,0,1,1,0,0,0,1
0x46f706,100%,0,1,1,0,0,0,1
0x4279bf,100%,0,2833,2833,0,0,0,2833
0x401768,100%,0,2,2,0,0,0,2
0x45e6f3,100%,0,877,877,877,0,0,0
0x4c980a,100%,0,3,3,3,0,0,0
0x44e69f,100%,0,3600,3600,0,0,0,3600
0x403439,100%,0,7608,7608,0,0,0,7608
0x413b2d,100%,0,2258,2258,0,0,0,2258
0x4a2819,100%,0,1,1,0,0,0,1
0x4340a4,100%,0,477,477,477,0,0,0
0x45e3ed,100%,0,115,115,115,0,0,0
0x4a204e,100%,0,1,1,0,0,0,1
0x412950,100%,0,2490,2490,2490,0,0,0
0x43999b,100%,0,2337,2337,2337,0,0,0
0x46a13e,100%,0,1,1,1,0,0,0
0x43950f,100%,0,2337,2337,2337,0,0,0
0x46b3d4,100%,0,1,1,0,0,0,1
0x4a12ef,100%,0,1,1,1,0,0,0
0x43c942,100%,0,465,465,0,0,0,465
0x406007,100%,0,30,30,0,0,0,30
0x4392f5,100%,0,610,610,610,0,0,0
0x4017a3,100%,0,2,2,2,0,0,0
0x413876,100%,0,1,1,0,0,0,1
0x45f104,100%,0,210,210,210,0,0,0
0x471dc7,100%,0,29,29,0,0,0,29
0x433f80,100%,0,954,954,0,0,0,954
0x42b805,100%,0,3,3,0,0,0,3
0x471b34,100%,0,1,1,1,0,0,0
0x4338b2,100%,0,725,725,725,0,0,0
0x41377a,100%,0,1,1,0,0,0,1
0x46c0a9,100%,0,1,1,1,0,0,0
0x42a575,100%,0,15,15,0,0,0,15
0x42a40b,100%,0,38,38,0,0,0,38
0x45fe80,100%,0,1,1,0,0,0,1
0x428094,100%,0,30,30,30,0,0,0
0x471f01,100%,0,30,30,0,0,0,30
0x4a152b,100%,0,1,1,0,0,0,1
0x471dd2,100%,0,29,29,0,0,0,29
0x45f992,100%,0,33,33,0,0,0,33
0x42a618,100%,0,716,716,0,0,0,716
0x4278c7,100%,0,149,149,0,0,0,149
0x47cdc8,100%,0,1,1,0,0,0,1
0x49bcdc,100%,0,3,3,0,0,0,3
0x45d172,100%,0,877,877,0,0,0,877
0x4a0bd7,100%,0,11,11,11,0,0,0
0x47c818,100%,0,3,3,0,0,0,3
0x49bd41,100%,0,3,3,0,0,0,3
0x49bd7d,100%,0,3,3,0,0,0,3
0x49bdb5,100%,0,3,3,0,0,0,3
0x4ac78a,100%,0,30,30,0,0,0,30
0x4137ee,100%,0,1,1,0,0,0,1
0x49bee4,100%,0,2,2,0,0,0,2
0x49bfe7,100%,0,14,14,0,0,0,14
0x4129a9,100%,0,2490,2490,0,0,0,2490
0x4a140f,100%,0,1,1,0,0,0,1
0x4016e3,100%,0,5,5,0,0,0,5
0x46ccd3,100%,0,1,1,1,0,0,0
0x46a6de,100%,0,1,1,1,0,0,0
0x4a749d,100%,0,3,3,0,0,0,3
0x49fd0b,100%,0,11,11,11,0,0,0
0x49c5a9,100%,0,11,11,11,0,0,0
0x49c3c2,100%,0,14,14,0,0,0,14
0x49c434,100%,0,14,14,0,0,0,14
0x49bd93,100%,0,3,3,0,0,0,3
0x4ac4d0,100%,0,1,1,0,0,0,1
0x49c76d,100%,0,2,2,0,0,0,2
0x46be59,100%,0,1,1,0,0,0,1
0x44af2e,100%,0,2650,2650,0,0,0,2650
0x4169ef,100%,0,3,3,0,0,0,3
0x417007,100%,0,3,3,0,0,0,3
0x45554e,100%,0,1,1,0,0,0,1
0x4291c3,100%,0,2235,2235,0,0,0,2235
0x46a22e,100%,0,2,2,0,0,0,2
0x46969a,100%,0,1,1,1,0,0,0
0x49c716,100%,0,11,11,11,0,0,0
0x452d04,100%,0,1,1,1,0,0,0
0x469716,100%,0,1,1,0,0,0,1
0x469789,100%,0,1,1,0,0,0,1
0x46bfde,100%,0,1,1,1,0,0,0
0x46980d,100%,0,1,1,0,0,0,1
0x42454a,100%,0,1,1,0,0,0,1
0x424551,100%,0,1,1,0,0,0,1
0x46f716,100%,0,1,1,0,0,0,1
0x469885,100%,0,1,1,0,0,0,1
0x46e339,100%,0,1126,1126,0,0,0,1126
0x46efc2,100%,0,1,1,0,0,0,1
0x46efce,100%,0,1,1,0,0,0,1
0x409f51,100%,0,1142,1142,0,0,0,1142
0x42b706,100%,0,7,7,0,0,0,7
0x46b46c,100%,0,1,1,0,0,0,1
0x4a08e8,100%,0,1,1,0,0,0,1
0x4f09a7,100%,0,3,3,0,0,0,3
0x4f103a,100%,0,5,5,0,0,0,5
0x49c6f9,100%,0,11,11,0,0,0,11
0x4a1eb8,100%,0,1,1,0,0,0,1
0x43c173,100%,0,210,210,210,0,0,0
0x4a1fb8,100%,0,1,1,0,0,0,1
0x4a21b8,100%,0,1,1,0,0,0,1
0x4a22b9,100%,0,1,1,0,0,0,1
0x4a2363,100%,0,1,1,0,0,0,1
0x4a23d2,100%,0,4,4,0,0,0,4
0x42bbcc,100%,0,1564,1564,0,0,0,1564
0x439320,100%,0,465,465,465,0,0,0
0x455114,100%,0,1,1,1,0,0,0
0x4551ac,100%,0,1,1,0,0,0,1
0x4551f4,100%,0,1,1,0,0,0,1
0x45521c,100%,0,1,1,0,0,0,1
0x4a297d,100%,0,1,1,0,0,0,1
0x4a74b3,100%,0,3,3,0,0,0,3
0x4a74d4,100%,0,3,3,0,0,0,3
0x4a74f9,100%,0,3,3,0,0,0,3
0x4a750a,100%,0,3,3,0,0,0,3
0x4ae543,100%,0,1,1,0,0,0,1
0x49c7fd,100%,0,2,2,0,0,0,2
0x49c819,100%,0,2,2,0,0,0,2
0x4a03a3,100%,0,1,1,0,0,0,1
0x44ad5e,100%,0,1564,1564,1564,0,0,0
0x4a0a88,100%,0,1,1,0,0,0,1
0x4a1123,100%,0,1,1,0,0,0,1
0x469bef,100%,0,1,1,0,0,0,1
0x4f0aa2,100%,0,1,1,0,0,0,1
0x46dcef,100%,0,1,1,1,0,0,0
0x4f0ab1,100%,0,1,1,1,0,0,0
0x46ec49,100%,0,1,1,0,0,0,1
0x4a2093,100%,0,1,1,1,0,0,0
0x4a1636,100%,0,1,1,1,0,0,0
0x4a15fd,100%,0,1,1,0,0,0,1
0x4f05d5,100%,0,1,1,0,0,0,1
0x4a1b76,100%,0,1,1,0,0,0,1
0x44b24c,100%,0,1086,1086,0,0,0,1086
0x4a1d88,100%,0,1,1,0,0,0,1
0x4a1d98,100%,0,1,1,0,0,0,1
0x4a0fa3,100%,0,5,5,0,0,0,5
0x4a0fb0,100%,0,5,5,5,0,0,0
0x46e398,100%,0,1053,1053,0,0,0,1053
0x4a1032,100%,0,5,5,0,0,0,5
0x472025,100%,0,30,30,30,0,0,0
0x4a2990,100%,0,1,1,1,0,0,0
0x4278d9,100%,0,189,189,0,0,0,189
0x414b1f,100%,0,2370,2370,2370,0,0,0
0x414936,100%,0,2338,2338,2338,0,0,0
0x49bce5,100%,0,3,3,0,0,0,3
0x414210,100%,0,2338,2338,0,0,0,2338
0x4f1046,100%,0,5,5,0,0,0,5
0x4bda78,100%,0,968,968,0,0,0,968
0x453236,100%,0,1,1,0,0,0,1
0x413f33,100%,0,2338,2338,2338,0,0,0
0x428efa,100%,0,2040,2040,0,0,0,2040
0x47b2ef,100%,0,1,1,0,0,0,1
0x43300c,100%,0,2338,2338,0,0,0,2338
0x428aae,100%,0,2235,2235,0,0,0,2235
0x4330da,100%,0,2338,2338,2338,0,0,0
0x46e50a,100%,0,2338,2338,2338,0,0,0
0x4331dc,100%,0,2338,2338,0,0,0,2338
0x4331e4,100%,0,2338,2338,0,0,0,2338
0x45ff3b,100%,0,2,2,0,0,0,2
0x404f72,100%,0,496,496,0,0,0,496
0x41474d,100%,0,7014,7014,7014,0,0,0
0x46c73e,100%,0,1,1,1,0,0,0
0x433199,100%,0,2338,2338,2338,0,0,0
0x45e546,100%,0,877,877,0,0,0,877
0x4a71a1,100%,0,3,3,3,0,0,0
0x469af6,100%,0,1,1,0,0,0,1
0x416875,100%,0,1,1,0,0,0,1
0x404ca2,100%,0,9546,9546,0,0,0,9546
0x4ae52d,100%,0,1,1,0,0,0,1
0x40602a,100%,0,30,30,30,0,0,0
0x46fd6d,100%,0,1,1,0,0,0,1
0x46a07a,100%,0,1,1,0,0,0,1
0x44acbb,100%,0,1564,1564,0,0,0,1564
0x469c74,100%,0,1,1,0,0,0,1
0x471cc2,100%,0,1,1,1,0,0,0
0x4a08a4,100%,0,1,1,1,0,0,0
0x4ae573,100%,0,1,1,1,0,0,0
0x4332aa,100%,0,725,725,725,0,0,0
0x46e198,100%,0,30,30,0,0,0,30
0x43c813,100%,0,37,37,0,0,0,37
0x461387,100%,0,210,210,0,0,0,210
0x4a1022,100%,0,5,5,0,0,0,5
0x4288a2,100%,0,302,302,0,0,0,302
0x46f353,100%,0,1,1,1,0,0,0
0x4024ef,100%,0,773,773,773,0,0,0
0x4351c2,100%,0,610,610,0,0,0,610
0x46f0f0,100%,0,1,1,0,0,0,1
0x4352fb,100%,0,610,610,610,0,0,0
0x438adb,100%,0,610,610,0,0,0,610
0x4138a8,100%,0,1,1,1,0,0,0
0x4a08fc,100%,0,1,1,0,0,0,1
0x438ae7,100%,0,610,610,0,0,0,610
0x44afb7,100%,0,1086,1086,0,0,0,1086
0x434059,100%,0,954,954,0,0,0,954
0x4352a7,100%,0,610,610,0,0,0,610
0x4ac7d4,100%,0,30,30,0,0,0,30
0x4288b3,100%,0,302,302,0,0,0,302
0x4288ff,100%,0,302,302,0,0,0,302
0x41e898,100%,0,11,11,11,0,0,0
0x428c57,100%,0,2235,2235,0,0,0,2235
0x4a29fb,100%,0,1,1,0,0,0,1
0x46dc56,100%,0,1,1,1,0,0,0
0x41e813,100%,0,2,2,0,0,0,2
0x41e915,100%,0,1,1,0,0,0,1
0x49fa3f,100%,0,10,10,10,0,0,0
0x4a2185,100%,0,1,1,0,0,0,1
0x4155a6,100%,0,2338,2338,0,0,0,2338
0x45eff4,100%,0,877,877,0,0,0,877
0x43c3a7,100%,0,2337,2337,0,0,0,2337
0x405631,100%,0,496,496,496,0,0,0
0x4336e3,100%,0,725,725,725,0,0,0
0x4a1dfe,100%,0,1,1,1,0,0,0
0x471b14,100%,0,1,1,0,0,0,1
0x45e1b3,100%,0,2337,2337,0,0,0,2337
0x4552e6,100%,0,1,1,0,0,0,1
0x434f0e,100%,0,115,115,0,0,0,115
0x46b2c1,100%,0,1,1,0,0,0,1
0x4482b3,100%,0,477,477,0,0,0,477
0x42458a,100%,0,1,1,0,0,0,1
0x413bd7,100%,0,2049,2049,0,0,0,2049
0x46a208,100%,0,1,1,0,0,0,1
0x44af3d,100%,0,2650,2650,1564,0,0,1086
0x404da7,100%,0,30,30,0,0,0,30
0x4158ed,100%,0,1,1,0,0,0,1
0x46dd83,100%,0,1,1,0,0,0,1
0x47af10,100%,0,1,1,1,0,0,0
0x46f5f4,100%,0,1,1,0,0,0,1
